# Iterations: 1371 of 10000
# Total Energy: -6.431e+05
#    Kinetic Energy: 7.019e+05
#    Potential Energy: -1.345e+06
# Current Time: 2018-05-09 15:02:01.319622
# Elapsed Time: 3:25:17.682492
# 
# Med. Times for Sections
#    Force Computation:		7.073153
#        [7.0596367.0623777.0702657.0680147.0788187.0925537.0410617.0760417.1060147.171119]
#    Gather Particles:		0.000125
#        [0.0001280.0001250.0001310.0001300.0001150.0001250.0001220.0001150.0001290.000124]
#    Overall:		8.965514
#        [8.9687658.9444929.0001878.9318279.0079468.9622648.9160398.9707398.9569759.050035]
#    Scatter Particles:		0.002330
#        [0.0022580.0015720.0024020.0027530.0023090.0034500.0023290.0021820.0023310.003528]
#    Time Integration:		0.000120
#        [0.0001600.0001340.0001120.0001570.0001280.0001210.0001120.0001090.0001130.000119]
#    Tree Broadcast:		0.904666
#        [0.9151760.9092320.9262930.8936250.9263610.9001000.8880070.9108120.8926260.882779]
#    Tree Construction:		0.982892
#        [0.9913460.9709921.0009300.9670891.0001570.9658510.9843540.9814290.9557030.992304]
# 
# x	y	z	vx	vy	vz
# 
 -3.9282	 -2.5135	 -2.1270	 +3.2369	 +1.6635	 +0.6115
-14.3840	+24.7563	 +5.3166	 -1.5098	 +0.4632	 -0.0004
 +7.3506	 +8.3523	 -1.7629	 +0.1860	 -0.3006	 +3.0084
-31.0842	 -0.3827	+11.1967	 +1.3009	 -2.5881	 +0.3355
 -8.7445	+14.7582	 +0.2611	 -2.3739	 +0.6195	 -0.5862
-12.7610	 -4.6371	 +5.3493	 -0.4146	 -0.1710	 -2.9640
 -0.5049	+11.3492	 +7.2915	 +1.9276	 -0.0708	 +0.9814
 -6.2584	-11.2717	 +5.3383	 +2.4738	 +1.6750	 -1.1716
 +3.3554	+17.0925	 +6.1281	 +0.0560	 +4.2724	 +3.0055
-26.4208	 -4.4765	 +2.2346	 +1.7849	 -2.6891	 -0.5637
 +9.7036	 -9.8275	-15.0791	 -0.6706	 -3.5593	 -1.9351
 -3.3631	 +2.6772	 -1.3377	 +2.1320	 +1.3166	 -3.7768
 +3.0654	 -4.7729	 +4.5736	 +4.7237	 -1.4221	 -1.2307
 -3.6218	+15.0008	-23.2628	 -2.7977	 -0.9199	 +2.2683
 +2.8539	 -1.5565	 -2.4817	 +0.8879	 +1.7324	 -1.0177
 -7.1305	 +7.2777	 +3.9646	 +3.0515	 +1.9648	 +0.3477
 +8.3957	 +6.2609	 +0.7235	 -2.1217	 +2.5001	 -3.7157
 +7.6298	 -6.5380	 +8.3729	 +1.3998	 -1.3512	 -0.3780
 -8.1611	+14.5257	 -2.9854	 +1.2841	 -0.7052	 +2.0642
+85.5255	-39.0871	+79.8625	 -1.6179	 -0.7495	 -0.0078
 -4.7264	 +0.2375	 +3.1938	 -2.2233	 -4.3389	 -3.7406
 -3.5069	 +6.2368	-10.6686	 +0.0613	 -1.9614	 -2.2818
 +2.1399	 -0.2718	 -8.5542	 +1.9526	 +4.2259	 -1.0454
 +4.8777	 -8.0931	-11.8218	 +0.5767	 -1.4848	 -0.3813
 -7.2294	 -3.4527	 -0.0580	 +3.7170	 +2.3742	 -2.0747
-51.0143	+42.3913	-15.7820	 -0.5923	 +1.1863	 -1.0912
 -0.1607	 +6.7913	 -3.2209	 -0.6169	 -2.6271	 -1.3566
-13.7147	+13.6891	-18.1602	 +2.0330	 +0.2653	 -1.0659
-12.6303	-15.8226	 -9.9088	 -3.5270	 +1.0870	 +1.0048
+17.2104	+29.3065	+12.1683	 +0.2859	 +2.0190	 +0.9264
+26.6236	 +2.1271	 -6.4795	 -0.6796	 +1.3262	 +1.4947
-57.1379	+31.6130	+21.8998	 +0.5660	 +1.4942	 +1.4802
 +1.6028	 +9.2502	+18.7347	 +2.2624	 +0.2809	 -1.1589
 +4.7153	+12.3337	 -7.6494	 +0.2689	 -2.7646	 +1.7190
 -1.5156	 +3.9813	-17.4330	 -0.9708	 +2.0626	 -4.1898
 +4.9751	 +1.7406	 +4.2026	 -1.2649	 +0.0492	 +0.8204
 +5.4915	 +7.6931	 -7.0711	 +0.6864	 -2.2795	 +0.1198
 -9.7585	 +6.0272	 -4.7308	 -0.5582	 +1.9805	 +4.3874
 +4.2769	-14.3051	 +1.7413	 +1.4167	 +0.1156	 -0.0675
 -0.6697	-12.8514	 +1.2020	 +1.5070	 +0.0444	 +2.2822
+21.9021	-36.5055	 +4.2738	 -0.3232	 -0.5443	 -0.8549
 -0.3271	 +2.0313	 -2.1223	 -3.8503	 +3.0286	 -4.4551
 +0.4227	-11.0344	 -3.0133	 -2.1704	 +0.3811	 -2.4238
 -3.9987	 -2.9730	 -0.8652	 +0.6808	 -3.0243	 -2.8402
 -0.9226	-11.0346	 +8.0708	 -4.2580	 -2.5716	 +0.4377
 +2.5193	 +3.1462	 -1.3805	 -2.5736	 -0.9652	 +3.1424
 -4.3783	 -9.0286	 +1.4465	 -3.0605	 -2.2055	 -4.0978
 +7.1504	-11.4116	-14.1011	 -4.4907	 +1.3228	 +0.2638
 +5.9440	 +2.0881	 -0.7609	 +1.9869	 +0.5739	 -0.4523
-10.6035	 -5.0633	 -7.0582	 -2.3909	 +2.1696	 -2.9132
-15.7838	-46.7850	-13.5451	 +1.6489	 +1.4776	 +2.1084
 -1.5505	 -2.7465	 -4.3844	 -1.3739	 +1.9763	 -2.8054
-10.8318	+24.4593	+23.5909	 -2.4212	 +1.4817	 -0.9776
-10.4457	-14.3464	-12.8239	 -1.7153	 +2.9912	 -0.8752
+10.2791	+24.4395	+68.4955	 +0.2925	 +2.0359	 +0.5558
 -8.4852	 +3.5101	 -2.3707	 +6.6072	 +0.2689	 +0.3222
-24.8872	 -3.9419	 +1.0614	 -2.9353	 -1.0350	 +1.1838
 -9.2458	 +5.7007	 +1.5693	 -2.6980	 +0.5231	 -2.3222
 -3.4379	 -3.3497	 -6.2238	 +0.3186	 -6.0685	 +0.7169
-11.1031	+23.1508	-10.9744	 +2.6404	 +2.0754	 -1.6554
-20.5992	 +5.6873	-19.0606	 +2.5232	 -0.3676	 -1.0976
 -1.6166	+34.4990	-12.0475	 +0.8266	 +0.4667	 +1.8200
 -1.3400	-10.7496	 -4.7212	 +2.0523	 -2.3247	 -1.7256
 -2.2665	 +4.3200	 -9.0919	 -1.8451	 -4.1375	 -2.4027
 -3.7148	 +0.2492	 +4.2928	 -0.6872	 +0.2552	 +2.7704
 +8.0338	+11.9393	 +4.0051	 +0.4217	 +1.9483	 -0.1146
-10.2612	 -7.4516	-21.9872	 -0.8829	 -1.9297	 -1.6786
-35.4318	-29.0812	+17.6829	 -0.7408	 -0.4885	 -1.4652
 +0.8842	+22.5310	 +9.6714	 -0.1098	 +1.1790	 -0.6303
 -2.4504	 -0.4942	 -8.0364	 -1.8178	 +5.7740	 +1.0805
 -6.9186	 -1.2482	 -4.7243	 -1.9383	 +2.2892	 +0.3271
 +8.5203	+17.5126	 -2.9027	 -1.2070	 -1.1232	 -0.8725
 -6.5016	 +2.9373	 -4.0354	 -0.8179	 +0.7444	 -4.2740
+10.1974	+14.8368	-109.4535	 +1.9270	 -0.0692	 -0.8872
 -9.7034	 +6.8302	 +3.0922	 -5.6108	 +0.1148	 +1.1540
+11.3715	-19.7021	+13.5053	 +2.6975	 +1.0566	 +0.4935
 -5.0096	 +5.3107	 -3.8527	 +2.1595	 +2.7704	 +0.4764
 +3.1755	+12.2598	-14.2885	 +2.8215	 +2.3662	 +1.9497
 -6.1025	 +1.3346	 -6.5607	 -0.2512	 +5.6875	 -0.4121
+20.4181	+13.1681	 -2.2157	 -2.8639	 +1.5465	 +0.4336
 -2.7081	 -2.7818	 +0.6809	 -1.4992	 -2.4069	 -1.2111
 +0.6173	-16.4673	 +4.5930	 +1.7379	 -2.0800	 +0.7738
 -1.8582	 -0.6174	 -9.4650	 +0.3049	 -0.1238	 +2.5975
-17.1818	 +9.1823	+46.1622	 -0.0483	 -1.6572	 +1.1711
+17.5738	+19.0755	+23.1274	 -1.1373	 -0.0787	 +0.3218
 +4.2892	-10.6911	-20.0142	 +1.8829	 +1.2728	 +0.1825
 +8.8460	 -1.6738	 +7.7104	 -1.6846	 -1.3573	 +2.1175
 -5.4605	 +9.3543	 -1.9277	 +1.5986	 -5.5227	 -1.5660
+12.5789	 -5.2567	-11.9208	 -0.9411	 +4.6168	 -0.5803
 +0.0887	 +0.7473	 -1.4521	 +1.7306	 -6.3061	 +0.3559
 -5.1107	 -5.2237	 -8.1001	 -3.7410	 +0.4168	 -0.0328
 -1.2403	 -2.1569	 -0.1883	 -1.0544	 +1.0407	 -2.2206
-20.8708	-32.3958	-45.2247	 -0.2802	 -0.0168	 +0.8628
-22.8147	-11.9724	+16.5104	 +0.3020	 -0.1803	 -0.4803
 +0.6536	 +4.8821	 -2.2168	 +2.3038	 +4.3074	 -1.1341
 -8.0485	 +2.9886	 -4.1195	 +2.3631	 -3.0151	 +3.0137
 -2.7019	 -1.0042	+10.9190	 +1.9213	 -5.7888	 -0.9085
 +7.5656	 +2.2670	-16.3625	 +3.5845	 +1.0280	 -1.3571
+16.0687	 -6.4673	 +0.0622	 -0.4221	 +1.9237	 +1.1149
 +9.9114	+11.1753	+16.0482	 -1.9455	 -0.0565	 +3.4762
-17.8776	 +1.5751	 +1.7753	 +2.2070	 +2.8306	 -0.4881
 +7.8209	 +0.2328	+11.4051	 -2.1075	 -0.5484	 -1.0763
 -3.6057	 -0.2071	 -3.2203	 +1.8508	 +2.5736	 -3.8997
 -2.7851	 -5.2433	 +8.7004	 -1.0329	 -3.1886	 -2.6151
 -0.2615	 -0.5671	 +3.9712	 +0.7413	 +1.0639	 -0.2301
 +0.5930	 -0.0608	 -8.4787	 -3.5861	 -2.5124	 +3.2626
 +8.6141	+10.6637	-15.3815	 -2.4087	 +3.4973	 -2.3608
+12.7204	 +5.2123	 -3.2406	 -1.6972	 -2.3305	 +0.2538
+22.2398	+23.8604	 +3.4207	 -1.7252	 -0.1389	 -1.6842
-10.0589	 +0.8087	+12.4164	 -0.1067	 +0.3987	 +0.4121
-11.7791	 -4.6343	 +0.5300	 -2.9470	 +1.7578	 -1.2026
+470.9319	+396.6713	-223.2022	 -0.2881	 +0.6660	 +0.3191
-140.1264	+113.9547	+205.3375	 -0.0699	 +1.1049	 +0.3806
+27.9879	 -9.7326	 -3.6473	 -1.1123	 +0.3270	 -1.5232
 +2.4872	 +5.1200	-16.3770	 +3.0089	 +2.1311	 -0.2837
 -0.7895	-13.5649	 +6.5726	 +1.3330	 +0.8371	 +3.2972
 -3.8182	 +7.8478	 +4.3745	 +3.2075	 +1.9838	 +1.3505
-48.1677	-11.7110	-18.8475	 +2.6485	 +0.5051	 -0.4528
 -5.6769	 +1.8668	 -2.7504	 +3.1991	 +0.0787	 +0.0178
+47.2351	-28.7027	-36.0876	 -0.3278	 -0.2446	 +0.9390
 +7.5533	 -0.1188	+18.6937	 -0.8485	 +1.5706	 +1.5364
 -2.5158	 +2.5525	 +0.4981	 -3.1253	 +3.9795	 +0.1202
 -1.3271	 -5.8651	 +1.2693	 +0.6125	 +1.6358	 -0.5351
 +8.8780	 -1.2418	 -3.3701	 +1.0373	 -4.0830	 +0.1921
 +0.3127	+12.7011	 -0.4710	 +1.2806	 +3.2044	 -0.4436
 -0.4058	 -0.7878	 +9.7096	 -0.8586	 +1.8267	 +0.8681
 +3.8562	 -3.2003	+15.1809	 -2.5946	 -0.2934	 +0.7899
 -5.6596	 -0.7549	 -1.8025	 -5.7053	 -0.9976	 +0.4559
 -2.6436	 -5.1385	 -8.1559	 -2.0248	 +2.1054	 -0.2337
 -1.4167	+13.4930	+12.1315	 +1.7564	 -0.7637	 +0.7278
+14.7222	+16.8398	-178.9134	 +0.0513	 -1.1864	 -1.1204
-10.9769	 -8.2472	 +2.5409	 +1.3959	 -1.4948	 +2.6381
 +6.5849	 -3.9687	 -3.3314	 +2.8288	 +2.7588	 -2.4831
 +9.5273	 -3.3229	 -0.9806	 -1.7044	 -2.1573	 +0.8971
 -3.0018	 -5.8298	 -2.7384	 +0.4740	 -2.1028	 +1.0506
-10.9481	 -0.9939	 -7.4236	 +3.3540	 -2.8752	 +4.8334
 +1.1879	+17.9715	 +7.3531	 -3.1917	 -0.6904	 +0.6916
 -4.3042	-32.6283	+16.0349	 -2.1296	 +0.2587	 -0.9560
 -2.8130	 +0.7613	 +6.8920	 +2.4788	 -2.4858	 +0.3519
-13.4725	+22.7231	 +8.6971	 +0.3336	 +1.2176	 -0.2899
 -6.4784	 -3.6860	 -3.3663	 +1.7804	 -0.1178	 +4.3277
-16.3729	+10.8098	-12.0228	 +2.1537	 +1.1739	 -2.4133
 -2.9534	 +2.4875	 +2.9111	 -1.9001	 +0.1080	 -1.9275
 +3.0116	+27.1249	-23.2739	 +2.9886	 +0.5979	 +2.3651
+57.6827	-19.0684	+15.3919	 -0.6574	 -1.7687	 -0.6070
 +5.6591	 +1.8056	+11.7444	 -0.1381	 +0.1789	 -1.7882
-43.7274	-54.8302	+56.1629	 -1.0154	 +1.4643	 +0.5711
 +2.6921	 -9.3337	 -3.4040	 +1.5592	 +2.6380	 -1.1151
-11.5862	 -8.6868	-13.6365	 -3.0473	 +0.1433	 +3.3107
 -6.8027	 -3.4709	 -0.2871	 -3.7947	 -4.4545	 -0.7950
 -7.7596	 -5.3320	-15.1748	 +0.0593	 -1.3973	 +2.8056
 -6.0624	 +2.1523	 -1.8098	 -2.4579	 -5.3513	 +1.5910
 +2.9465	 -3.2253	 -1.3562	 +3.2232	 -5.5639	 +0.1475
 -2.1107	 +2.8212	 +0.3043	 -2.2869	 +3.6221	 -4.9090
 -5.4463	+12.6851	 -1.5598	 +1.1534	 +0.1967	 -1.1254
+13.4404	 -8.2925	 +4.3913	 -0.1510	 -0.4456	 -2.1102
 +7.2512	 -7.5128	 +0.5806	 -4.2359	 +0.5941	 +3.1011
-24.7578	+10.1179	+10.0101	 -1.1224	 -0.3286	 -3.3740
 -4.7051	 +1.3268	 -5.8840	 -3.6055	 +2.3050	 -4.2067
 +0.2102	 -1.8501	 -2.5236	 -0.8847	 -1.2108	 +1.2849
 +7.6285	 +1.8690	 -8.4526	 +0.1201	 +2.2507	 -0.1302
+27.3270	+10.2237	-25.2239	 +0.9575	 +1.3614	 -1.3024
 +0.6327	 +3.2153	 -2.5031	 -2.6737	 -0.5157	 +0.3785
 -6.2783	-16.7736	 -4.0365	 +1.7407	 +0.0518	 +0.1549
 -4.8931	 +0.7015	 -7.8222	 -3.5128	 -4.7069	 -0.6574
 +7.0293	 +0.6665	 -4.7498	 +3.5318	 -1.5649	 +2.9392
 -1.0884	 -1.9055	 -1.3652	 -0.6797	 +3.9265	 -2.6333
+18.0569	 +7.9334	 +9.9237	 +1.1952	 +2.5812	 -1.5005
 -7.4072	 +1.3237	 -1.6654	 -1.2551	 -0.2175	 +1.6870
-13.3642	 +6.9819	 -2.8393	 +0.2752	 -0.1347	 -2.8532
 +1.0291	 +4.9231	+13.1041	 -1.2777	 +2.6405	 +2.6840
 -3.1952	 +0.1802	 +0.6902	 +1.1267	 +0.0355	 -3.1761
 -0.6732	 +2.3407	 +9.5790	 -0.6336	 +1.5460	 +4.1403
 +3.1610	 -7.5607	 +2.7165	 -4.4630	 +2.7597	 -3.9947
+20.1774	-13.1348	-35.8360	 +0.8621	 -1.3952	 -1.1463
+21.1813	+34.2223	-24.1779	 -3.0941	 -0.0177	 +0.5850
 +1.2775	+14.3551	-10.6545	 +3.7689	 -0.6885	 +1.9804
 -2.7828	+28.4153	 -0.9083	 -1.2877	 +1.9109	 -0.7280
 -0.1562	 -4.7173	 +3.2371	 +0.9873	 +0.7240	 +3.3465
 -1.5046	 -2.8393	 -1.2451	 +1.7597	 -2.4846	 -3.4795
 +7.2367	 +3.8462	 +1.9691	 -1.8026	 +1.8831	 -0.6305
 +4.1806	 +1.5663	 -5.5744	 -0.1319	 +4.5182	 -1.2301
 +4.6297	 +1.3722	 +3.6181	 -0.0663	 +1.5441	 -0.3371
 -3.1413	+17.1966	-21.7029	 -1.7091	 -1.8814	 +1.7328
-12.5583	 +9.1355	-19.5014	 -1.8148	 -1.3084	 +1.8131
 +1.0852	 -3.6638	 -2.9157	 -3.4858	 -0.1928	 -1.6033
 -3.3095	 +8.5789	 -8.9248	 -0.2422	 +4.1749	 +1.0377
 -2.4358	 +3.6265	 -2.1245	 -0.4537	 -0.2671	 +2.5242
 +6.6628	 +1.4570	 +2.4571	 +3.3626	 -2.0096	 +3.1429
 -3.6638	 +2.9833	 -6.3278	 +1.7308	 +1.5812	 +1.1187
 -8.6033	-23.3281	 +8.3426	 +0.5663	 +1.6993	 -0.9876
 +5.6073	 +0.0606	 -5.4434	 +0.8789	 +1.9809	 +2.2056
-18.0218	 +6.3347	-39.9276	 -0.8645	 -1.9095	 +0.6026
 -4.4162	 -8.2261	 -8.7976	 +1.6350	 -1.7459	 +1.4172
 -8.3633	 -6.3660	 -9.4838	 +0.1781	 +4.0886	 +1.1944
 -3.7979	 -0.0680	 +1.7009	 -1.2804	 -1.0868	 -1.8901
 -2.0778	 -7.6463	 -5.7889	 +4.7250	 -0.5585	 +2.1516
+13.2863	-95.7192	-22.7765	 -1.4426	 +0.6726	 +1.1034
 -1.1487	-10.3775	-10.8282	 -2.2891	 +0.6526	 -2.3846
+11.7012	 +3.6982	+19.9552	 -1.0416	 -1.6094	 +0.3010
 -9.0776	 -0.3744	+17.7467	 +2.1668	 +4.0245	 +0.9740
-19.2088	-10.3397	 -1.3419	 -1.1733	 -3.1363	 +1.6668
 -3.8927	+10.0108	 -3.5897	 -1.1940	 +1.6630	 +2.4812
 +7.4377	 -6.8842	 -0.2425	 -0.8769	 +0.5754	 +1.2262
 +4.5988	+10.9392	-17.2823	 -2.2450	 +0.1803	 -0.9814
 -3.6706	 -0.3109	 -0.1056	 +2.4885	 -4.4671	 -0.5594
 -7.7068	 -0.3294	 -4.2840	 +1.6257	 +1.6549	 -1.5619
-21.1554	-10.7211	+24.7934	 +1.4324	 -2.6463	 +1.0422
-21.1892	+52.3726	-16.5366	 -1.8490	 -0.5039	 +1.7650
 -7.8565	 +2.4530	-10.0505	 +1.4502	 +0.8817	 +1.4970
 -4.3756	 +7.0175	 +4.0606	 +3.0648	 +1.4227	 -2.7647
 +9.0247	 +6.3855	 +2.1320	 -0.2958	 -3.5186	 +1.1237
 +6.2516	-11.4391	 +5.7008	 +2.3449	 +1.4848	 -1.5736
-23.6991	 -2.3143	 +1.6335	 +1.9541	 +0.0336	 +0.7990
 -6.9077	 +2.7450	 -1.2743	 -2.0831	 +2.1885	 +6.7217
+121.5188	 +6.9106	-33.8765	 -0.0142	 +0.1342	 +0.7884
 -1.9946	-14.8471	-29.7210	 -2.4405	 -1.7568	 +0.7771
 +4.8867	 -2.7602	 +0.3792	 +3.6938	 +0.7109	 -1.2138
 -2.8937	 +4.7230	 -7.7428	 +4.7104	 -0.7651	 +2.6425
 +1.8575	 -7.1734	 -3.1632	 -1.1467	 +0.4609	 +0.6574
 +9.2874	-17.0201	 -9.9555	 -3.2500	 +3.1073	 +0.3826
 -9.6877	 -9.6812	 -6.6838	 -0.1612	 +0.5165	 +0.0827
 +8.0876	 -1.1132	 +9.3131	 -1.3974	 -1.8387	 +0.8565
 +7.8417	 -4.6565	 -0.7188	 +2.4442	 +0.8381	 -3.5585
 -5.4340	 -3.1179	 +5.1101	 +1.2544	 -0.7509	 -3.4832
 -0.2696	 +1.7549	 -2.0334	 -1.5886	 +2.4850	 -1.3143
 -1.0173	 -3.1460	-10.8185	 +1.8506	 +1.3934	 -1.1552
 +3.9856	 +3.7380	 +3.9159	 -0.5061	 -0.5455	 -1.0497
 +6.2477	 +0.9808	 +0.7101	 +0.9623	 -0.3823	 +0.3927
 +0.8408	 +1.4779	 +1.0321	 -5.8376	 +1.7996	 +0.8013
 -1.1472	 -1.1923	 -2.1313	 +2.0795	 +0.5606	 +0.0538
 +2.1302	 +0.8698	 -7.1080	 +1.9600	 -0.5190	 -0.8298
 -9.1284	 -4.2654	 -9.1002	 +2.9120	 +1.7369	 -2.2759
 +0.1976	 -3.8127	 -2.6310	 -4.9392	 -3.5467	 +1.0296
 +1.5705	 +2.6568	 -8.2830	 -1.4514	 -4.7867	 -2.1176
 +7.7922	 -7.8703	-16.8668	 -0.9750	 -1.2852	 +2.1927
 -2.9089	 +6.8086	+14.5068	 +0.6529	 -0.8237	 +2.6112
+15.5624	-23.0300	 -1.6112	 +0.1451	 +1.1631	 -2.5312
 -0.6107	 -1.1728	 -7.8770	 +2.3466	 +2.7015	 +2.5228
 -3.0856	 +3.7663	 -0.3898	 -0.5229	 +1.2892	 +0.0569
-63.6380	-11.9360	 +4.9583	 -0.3688	 -1.4427	 +0.3415
 +0.7415	 -2.3207	 +7.9075	 +0.4350	 -1.8688	 +1.2166
 -4.6232	 +1.5418	 -9.3018	 -0.0713	 -5.0613	 +3.2445
-10.2388	 +7.4012	 -2.3951	 -2.3100	 +3.1869	 -0.8947
 -2.8060	 -2.3325	 -0.8749	 +0.2511	 -2.3570	 +5.2961
 +5.5143	-13.4752	 -9.3496	 -1.2107	 +0.1402	 +0.1305
-20.2918	 +5.8929	+23.4814	 +1.8020	 +1.0395	 -2.7267
 +4.3637	 +0.6243	 -5.4673	 +5.8010	 +1.3572	 -0.3225
 +5.4349	 +2.0197	 +0.3205	 -2.0417	 -4.6050	 +2.4060
 -6.3981	-12.8274	 +0.9364	 +4.3473	 +4.1403	 +2.1159
+12.8586	+14.8644	 +4.3105	 +1.7201	 -3.6464	 -1.0265
+21.2431	 +0.4558	+16.9117	 +0.4722	 +2.1333	 +0.2057
 -3.5428	 +5.4261	 +2.0635	 +2.8779	 -3.2581	 +0.5409
 -8.5006	 +1.5920	 -6.4409	 -2.1241	 -0.9956	 -3.9518
+1873.9310	-33.6427	+791.0650	 +0.2200	 -0.2337	 +0.0656
 -6.7388	 +7.4542	 +1.4733	 -0.3011	 +2.2387	 -1.5995
 -8.0195	 -0.9309	 -0.3739	 +0.1708	 -5.4990	 -1.9276
 +6.1721	 +3.0728	-12.5508	 +1.6625	 +1.3760	 +0.1736
-16.3507	+11.0499	 -1.8278	 -1.3390	 +3.0077	 -1.9213
 +2.3479	 -3.8103	 -5.5233	 -3.3141	 -3.4473	 +3.0319
-64.9929	-63.0285	-70.9424	 -0.6327	 -1.0791	 +0.0156
 -8.0056	 +7.6702	+31.0005	 -0.9899	 -1.4531	 +3.1827
-16.5862	 -4.7927	-20.1085	 -0.8230	 -3.8557	 -2.3842
+13.6344	 -3.2383	 +5.5489	 -3.2331	 +3.2503	 -1.5550
-10.0271	 -4.0210	 -4.1014	 +0.6654	 -0.5820	 +0.0734
 -9.1380	-16.2935	 +3.9705	 -4.5627	 -0.0704	 +0.5501
 +4.4774	-16.0571	 -2.2731	 +0.6543	 -0.3305	 +0.9331
 +2.3119	 -3.0071	 -1.4612	 +2.2981	 -2.2707	 -2.0238
-13.4164	-15.8979	-10.1389	 -1.1578	 +0.5779	 +0.8769
 +0.9468	-15.1607	 -1.1428	 -0.4741	 +3.3658	 +2.6233
 -4.5925	+13.3251	-11.4188	 -1.9262	 -2.0939	 -1.1605
 +3.1985	 +1.3872	 -5.9715	 -0.3335	 +1.8558	 +0.2363
 -4.4076	 -3.0991	 -8.0056	 +4.6678	 -2.7458	 -1.6520
 -7.2575	 +5.3339	 -7.3012	 -0.7385	 +0.8560	 +3.7916
 -3.2346	 -2.2944	 -1.9680	 +3.0907	 +3.3893	 +1.8109
 -9.3102	-11.6047	+15.2289	 +1.2664	 -2.8871	 +2.6359
 -8.9384	 +2.1624	 -5.2165	 +2.0467	 +1.7208	 +1.6396
 -2.5391	 -2.8017	 +0.5873	 +0.2119	 -1.5448	 +4.8205
 +1.6588	 -8.6006	-27.2436	 -0.1511	 -3.4100	 +0.1381
 +2.4801	 -2.7878	 -4.6768	 +3.5525	 -1.1655	 -3.6081
 -4.8471	 -3.0052	 +0.9084	 +0.6509	 -2.4430	 +3.0565
 -6.2855	 +5.9215	 +2.5523	 -0.5893	 +2.0877	 +3.5491
 +4.3883	 +8.6191	 -4.1985	 -3.2060	 +1.3570	 -0.2030
-14.1653	 +8.7038	 -0.6882	 +1.0278	 -1.3043	 +0.6119
 -1.0368	 +7.8623	 +4.0585	 +1.1317	 +0.9081	 -0.4864
 -9.3556	 -1.4442	 -1.3101	 +1.6628	 +1.4399	 -1.2187
 -7.2452	 -2.7477	+15.3804	 +4.0134	 -1.4491	 +0.6110
-15.3573	 -6.5088	-23.2850	 +2.6512	 +0.9007	 -0.7967
 -1.0009	-14.4107	 -9.0168	 -0.9242	 +0.9278	 +1.7926
-125.0490	-53.6602	+79.7052	 +0.8368	 -0.8874	 +0.5929
 -2.7706	 -0.3812	 -0.7799	 +1.5709	 +2.4828	 -3.6336
 +4.4449	 -1.8989	 +1.8794	 -1.0366	 -4.8518	 +0.6421
 +8.5204	 +6.5125	-16.6731	 -2.5527	 +1.2518	 +0.3797
 +7.7035	 -7.5789	 -1.5774	 -3.1723	 +0.6507	 +3.4150
 +8.7588	 -6.7778	 +0.0008	 +3.6577	 -0.4958	 -1.7986
-10.0975	 -4.7987	 -8.4190	 +3.6543	 -3.0643	 +0.7020
 -1.7696	+13.3401	 +4.9044	 -1.0319	 +0.2114	 -1.8927
-108.4606	-107.1470	+99.7630	 +0.4760	 -0.1818	 -0.1918
 +9.2368	+35.7794	 +0.0000	 +2.1461	 -1.1728	 -2.3984
-25.9002	 -8.6348	+26.9830	 +0.6163	 +2.2209	 +0.5793
 +0.8774	 +1.9475	-39.2464	 +2.8398	 -0.8140	 +0.3363
-11.5295	 +3.6969	 -4.7775	 +4.6035	 +3.3779	 +1.5134
 +0.1320	 +0.2384	 -6.9173	 -2.3753	 +0.7936	 -2.3100
 +0.7606	 -4.0903	 +5.5939	 +1.1521	 -0.2902	 -1.8722
 -5.7867	 -0.3791	 -0.3112	 -4.4245	 +3.8685	 -2.5411
 -7.0602	 +4.5241	 -2.7228	 +2.3013	 -4.1134	 +2.1074
+23.9209	 +2.5116	 +0.9282	 +2.8576	 -0.4891	 +1.4353
+10.6395	 +2.9733	 -9.3391	 -0.9726	 +4.6120	 +0.3258
 +9.2721	-78.4978	 +5.5097	 -1.0800	 +1.8490	 -1.2766
 +3.6821	 -2.0001	 -2.8781	 +5.8739	 +0.4872	 -2.4481
 -2.2376	 -0.2643	 -6.7575	 +0.5900	 +2.0990	 +1.7086
 -0.1380	 +1.6603	 -0.3720	 -0.7078	 +2.7116	 +0.6841
 -1.0055	 +3.4333	 -0.7255	 +0.1217	 -2.4668	 -5.6439
 +6.5331	 -2.8767	 -6.9740	 -0.5175	 +1.9291	 -0.1389
 +4.3982	 -0.2359	-22.2480	 +0.3485	 +2.6223	 -1.9481
 -4.4691	 +7.1720	-24.5729	 +0.3467	 +0.7201	 -0.7390
+11.6933	-20.5470	-27.5188	 -0.1516	 -1.8540	 +0.1707
 -4.3828	 -1.7707	 -1.8711	 +2.5560	 -2.8481	 +4.0539
 -7.3609	+10.1115	 -8.8751	 +0.5514	 +3.1165	 -1.6646
 -4.2037	 -4.8409	 +0.1367	 +1.7107	 -2.2891	 -3.2335
 -3.5906	 +2.8968	 -0.0308	 -3.4775	 -1.9850	 +0.4539
+22.8891	+23.6463	 +0.1844	 +2.9988	 +0.2127	 -0.7436
 -1.1255	+15.2933	-16.4574	 +0.3344	 -0.7313	 +2.5475
 -3.7171	 +1.9507	-11.0014	 -0.3651	 -0.2297	 -3.3408
 +3.9545	 +1.8701	 -1.3852	 -0.6353	 +3.1753	 -1.0171
-13.9083	 -6.0201	 -6.3648	 -0.3434	 +2.2687	 +1.9570
-149.2431	-61.2664	+204.8738	 +0.5703	 -0.6644	 +0.1694
 -1.5263	 -2.0758	 +1.9398	 -0.8761	 +2.8668	 -2.7732
 -5.0875	 +2.0407	 -8.9981	 +2.5589	 -2.2518	 +0.3425
 -6.1388	 -5.6942	 -8.2405	 +3.7126	 +1.9017	 +0.9964
 -0.9951	-16.3455	 +3.0195	 +0.6462	 -2.8417	 -2.8733
 -4.1671	 +1.1905	 +6.7572	 +0.4193	 -0.2176	 -1.5359
+15.2413	+52.4345	-24.9035	 -1.6380	 +0.3275	 -1.6100
 -1.3179	 -5.6104	 -3.3767	 -2.5222	 +3.2499	 +5.0617
-14.3558	 +3.2210	 -1.9656	 +0.1195	 -1.9627	 +3.0779
 -3.0361	 -5.3554	+22.0055	 -2.3181	 -0.4683	 +0.6881
 -0.7246	 +2.1543	 -5.7813	 +1.6681	 -2.0097	 -4.5778
 -8.4735	 -3.0762	 +1.9975	 +0.0340	 -0.6863	 -2.1521
 +5.2595	 +0.0314	 -2.2142	 -2.0856	 +4.0240	 +2.7433
 -3.3113	 -0.1056	 -2.0378	 -1.4423	 -0.4397	 +3.5849
 +4.5049	 +7.5922	 +3.0643	 -2.8508	 -2.0600	 -2.0088
 -2.5117	 -0.8452	 -0.3591	 -1.2251	 -1.9247	 +6.5517
-11.6149	 +0.4743	-18.6190	 +2.3348	 -0.3157	 -0.3437
 -9.5289	 -8.0753	+12.4504	 -1.3723	 -1.1248	 +3.3913
 -2.6048	 -6.5289	 -5.3592	 +1.7608	 -2.2252	 +1.9114
 +2.2548	 +6.7083	 -7.4491	 -0.2625	 +2.8523	 -1.2513
 -2.3856	 -3.3705	 +0.1343	 -0.5723	 +1.9887	 +3.1550
+11.4309	+12.5927	+35.5511	 +2.0266	 +1.9979	 -0.3541
 -3.5528	 +2.1069	 -1.6217	 -1.0890	 -0.5146	 -0.8398
 +0.0745	+10.1535	 -7.6986	 +2.8392	 -1.9074	 -0.5298
 +3.0856	 -3.2610	 -8.1340	 -3.5802	 -2.6631	 +0.9649
+14.9513	-13.3147	-20.3793	 -0.7548	 -0.8432	 +0.0251
 +1.4587	 -4.2548	 +1.0370	 +3.0539	 +2.2927	 +0.5443
 -7.2310	 +3.8969	 +2.1318	 -1.2132	 +3.0454	 -5.0505
 -3.4254	-14.6118	+10.4361	 -1.0886	 +1.6436	 -0.3448
 -4.9353	+25.3886	-48.9702	 +0.8699	 -0.6317	 +0.3686
 +4.1929	 +3.3739	-28.9610	 -0.7103	 +1.1946	 +3.5212
 +5.9153	 -0.4549	 +0.1734	 +1.6574	 +1.3097	 +2.2974
 +5.2819	 -2.5533	 +0.5557	 +2.0477	 +5.4531	 +2.6889
 -2.8088	 -1.0068	 -4.3168	 +1.3247	 -0.9015	 -1.3040
+20.9435	+14.3240	 +5.0091	 +0.3831	 -0.9670	 +0.0306
 -1.3139	-53.7542	-11.6610	 +1.4154	 +2.0780	 -0.5590
 +2.1136	 +8.1040	 -1.9949	 -0.2213	 -0.6716	 +4.3986
 -2.5352	 +5.5140	 -6.3463	 +3.8935	 +2.5513	 -1.6129
-24.7327	+11.6788	-12.5395	 -2.2295	 +0.2937	 +2.5972
 +3.8738	-28.4939	+19.4554	 -0.8658	 -1.7509	 +0.0956
 -5.9625	 +4.9357	+12.4701	 -0.0199	 +0.9309	 -2.4294
 -5.5859	 -3.2384	 -1.6511	 -1.1727	 +2.2868	 -4.8617
 +7.7286	 -5.1753	 +0.5347	 -0.4074	 +1.3762	 +0.8680
 -4.4480	 -8.4765	-11.2004	 +0.5721	 -0.1089	 -2.4637
 +0.7770	 +3.1554	 -6.5157	 -3.1913	 -0.8350	 +1.1566
 +4.9780	+17.2201	 -2.7654	 +1.2847	 +1.8717	 -3.2823
 -2.2624	 -1.4345	 +2.3420	 +3.7615	 +2.3367	 -0.9281
-13.7442	-10.5265	-13.2995	 +0.5675	 +1.6424	 +1.1140
-44.2941	+11.7076	-21.4830	 +1.9924	 +1.1108	 -0.5148
 +3.5502	 +4.7093	 +2.6192	 +2.6939	 +1.2696	 -0.5076
 -3.9934	 -3.5410	 -4.0231	 +2.8174	 +3.6100	 -0.3830
 -6.5067	 -4.5446	 -5.2006	 +4.7698	 -1.6722	 +0.3109
 -0.3899	 -2.1691	 -6.0066	 +0.3789	 -4.1176	 +1.7065
+11.1912	+12.9664	 +5.0549	 -2.1581	 -1.2210	 +2.8925
 -9.9781	 +5.0111	+28.5720	 -1.2706	 -0.5353	 +1.7503
 +9.5422	-12.2592	 +7.1367	 +0.3306	 +0.0339	 -3.6723
 +3.1931	 -3.8777	+12.6298	 -4.2083	 +0.5377	 +0.5627
 -7.8401	 +9.9419	 -1.9384	 +1.4640	 +1.1175	 -1.4160
 -4.9766	 +1.1719	-10.7085	 +0.2667	 +4.2463	 +4.8569
 +1.7127	 -8.6634	 +0.1020	 +3.1388	 -1.3919	 -5.1741
 -3.0550	 +0.5617	 +2.9920	 +4.6530	 +2.2979	 -0.1482
 +2.3786	 +4.9398	 +6.5658	 -0.5057	 -1.1256	 +4.1901
 -1.3410	+12.4512	-11.3590	 -1.0754	 +2.7779	 -1.4858
 -2.5667	 +6.3931	 +0.2929	 -1.6982	 +3.2255	 -4.3875
 -0.0069	 -0.1865	 +0.4459	 +2.0034	 +0.4670	 +6.3818
 -2.4813	 +0.7927	+15.3074	 +3.0517	 +0.2472	 -1.2182
 -6.6906	-11.6018	 -0.3344	 -0.3669	 +1.2307	 +1.6888
+22.6970	 +1.9556	 +8.5414	 -3.0818	 -0.6516	 -0.4180
+10.7168	-11.3839	-12.0987	 +0.2794	 -0.5560	 -3.5546
 -1.6464	 -0.6897	 +1.3358	 +1.5129	 +2.6982	 +0.8986
-10.1219	-34.0946	-27.6742	 -1.0893	 +0.2125	 +0.3498
-13.0521	+14.8010	+13.6617	 +0.7126	 -1.4738	 +0.8344
 -4.6094	 +3.2197	 +8.1365	 +3.1363	 +0.6290	 -0.9270
+23.3283	 -4.3010	+11.6166	 +3.7761	 -1.2969	 -2.3576
 -1.4851	 +7.3879	 +2.0861	 -2.1139	 +2.7168	 -0.2013
 -5.1527	 +3.7863	 -5.5584	 +3.5612	 +0.7209	 +4.1052
-10.4392	 +6.1173	 -1.1083	 +1.0819	 +2.6196	 +1.4635
 +2.9084	+11.8754	-10.9848	 -0.3393	 +3.1675	 -2.0872
 -4.1963	 +8.3557	 +3.0470	 -3.6266	 -1.7209	 +1.8306
 -7.5183	 +7.5610	 +2.1255	 -5.1952	 +0.4808	 +0.0779
 -4.5796	 -4.4549	 -5.0306	 -6.4736	 +0.0168	 -1.1762
+14.4292	-12.9063	 +0.4550	 -3.5747	 -0.8107	 +1.6913
 -5.7325	+24.8937	+18.9969	 +1.8912	 +1.0412	 -1.5087
+27.6472	-30.9487	+70.6174	 -0.4096	 -1.6306	 -0.1393
-18.0489	 -1.4034	 -0.5624	 +0.7393	 +1.3301	 +0.7675
 -7.4344	 +7.0419	 +6.7822	 -0.6776	 -3.6779	 -0.1068
 -3.2310	 +2.2257	 -3.3859	 -0.1437	 -0.6816	 -2.2382
+14.1380	 -0.8283	+15.0924	 -0.2708	 +0.9156	 +0.1652
 -5.6863	 -4.3512	 -6.3026	 -2.6011	 -3.2057	 -0.4641
+21.2391	 -4.0372	-20.3800	 -2.3778	 -0.4091	 -0.0061
+15.9655	 +7.3952	 -6.1409	 +1.3439	 -2.4128	 -1.0553
-23.0449	+25.3677	-27.6682	 +0.2220	 -0.1687	 -0.1037
-25.9029	-11.8147	+15.8467	 -0.0649	 +2.1115	 -0.6330
 -4.4120	 +4.1481	 +4.5566	 +1.8217	 -0.8328	 +0.9936
 -5.6556	 -3.2858	 +3.0669	 -4.5186	 +3.9527	 -1.2603
 -9.9418	 +7.0913	-12.1597	 -2.6364	 -0.8189	 -0.6076
 +1.8322	 -3.0074	 +0.4155	 +1.7780	 +1.4641	 +3.0016
 +3.2859	 -2.9436	 +3.0244	 +0.8843	 -5.1849	 +2.2045
 -7.4706	 -1.0635	 -3.7658	 +1.6475	 +0.5850	 -1.8336
 +8.6472	 +9.0448	 +5.5325	 +1.0213	 +1.1655	 +1.5312
 +4.0460	+12.8911	 +2.7977	 +1.0549	 +0.1794	 -1.9743
 -2.0889	-15.7124	+13.3208	 -1.2747	 +0.0834	 -3.7128
 +2.1942	 +0.3338	 -4.1303	 -4.3638	 -3.0121	 +0.0492
 -0.9203	 -8.3187	 -6.7227	 -2.4740	 +1.5877	 -5.0930
 +0.8099	 +0.8198	 -5.1233	 -0.4712	 +0.4735	 -1.6732
+11.7170	 -7.5255	-36.0269	 +0.2655	 -0.2605	 -1.6656
 +5.7641	 -1.4600	 -5.5778	 -1.6480	 -0.7906	 +2.3020
 -2.0920	 -3.2329	 -4.3497	 -2.3998	 +1.2499	 +0.7232
 -1.4668	 -5.9371	 -2.2950	 -6.3752	 +1.4203	 +3.8634
-32.9766	 -0.6875	-20.6096	 -0.7098	 -1.1987	 +1.8404
 +2.3334	 +1.5528	 +3.8283	 -3.2711	 -0.6889	 -0.7821
 -4.6416	 -4.2414	 -9.2452	 +3.5160	 -1.2178	 -0.5212
 +1.7980	-11.9531	 -5.6906	 -0.3876	 -2.9610	 -0.9012
 -5.5723	 -2.6756	 +8.4225	 -1.6841	 +2.6553	 -1.7519
 -1.7314	 +0.2068	 -5.1483	 +1.4669	 +6.0626	 +1.9908
-24.9326	-19.9158	 +7.0116	 -0.3764	 -0.3475	 +0.9795
-20.7662	 -7.5596	-18.6892	 -0.6280	 -1.5218	 -2.0452
 -2.7964	 -1.6154	 -6.4362	 -1.2185	 -0.1657	 -1.9197
 +6.4400	 +4.8425	 +5.5284	 -1.8515	 +0.2020	 -0.2525
 -0.3688	 -0.7913	 -1.9625	 -1.3759	 +0.7252	 +2.2586
 -2.9883	-10.8440	-13.1308	 +0.0916	 +3.8026	 -1.0462
+10.2408	-44.5459	-21.0893	 -0.7832	 +2.1374	 +1.2719
 -2.5621	 +0.5308	-18.3761	 +0.4834	 +3.5129	 -0.0346
 +5.5744	 -3.7722	 -4.4184	 +1.1362	 -0.5729	 +0.8243
 -1.2953	 -0.2646	 -7.2226	 +1.8114	 -0.8775	 +1.0376
 -4.2747	 -6.2281	-11.3576	 +0.9051	 -4.4477	 -3.5889
 -7.6662	+13.5520	 +3.9981	 -0.4207	 +1.4712	 +1.4188
 -1.1968	 -1.6628	 +9.2070	 -1.0619	 +0.7420	 +3.4293
-24.7807	+17.6610	-10.0309	 -4.3339	 +2.1442	 +0.4825
 +0.5733	 -5.8506	 +4.0294	 -2.6456	 -0.6427	 +1.8726
-61.8214	-39.0299	+33.3354	 +1.0846	 +1.6414	 +0.2620
 -2.2567	 +3.1652	 +1.4220	 -2.9367	 -3.4621	 -4.4368
+40.3641	+23.6055	+34.1992	 -1.9442	 -1.7458	 -0.9131
 +9.6118	-12.1673	 -2.5794	 -0.3460	 +2.8150	 -1.7919
 -1.1544	 +8.6580	 -0.6030	 +1.3914	 -3.7226	 +1.1131
-114.2922	+60.6899	-17.8183	 -0.2120	 +0.6133	 +0.3214
 +4.1169	 +7.5219	+12.4293	 +1.4340	 -0.5530	 -2.3871
 -8.8477	 -2.8231	 -4.0317	 +2.7182	 +3.1787	 +1.0794
 +3.5438	 -5.4300	+12.9739	 +2.1056	 +0.1618	 -0.7496
 -0.3076	 +2.8003	 -3.0965	 +3.8199	 +3.7518	 -1.1335
 -3.0214	 +2.5663	 -3.5505	 +0.3566	 +2.9330	 -2.0539
 +4.5449	 -8.7687	 +0.1195	 -4.1979	 -2.9786	 +0.3038
 +0.3355	 +0.0159	 -0.4276	 +4.0109	 +3.6603	 +0.9265
 -5.2448	 +4.6287	 -3.0828	 -5.2897	 +0.2228	 +2.4588
 -1.6447	+33.2775	 +2.9083	 +0.6681	 -0.6719	 +1.4740
 -7.0713	-10.5672	 +3.1990	 +1.3449	 +2.6637	 -1.3891
 -5.2826	 -2.5872	 +0.2490	 -0.1434	 -3.1056	 -2.5552
 +7.9849	 -2.9288	 -6.6743	 +1.1609	 +2.0238	 -1.6368
 +2.0284	 +3.0295	 -4.9549	 +3.0596	 -1.4674	 +2.7476
-33.6815	+17.7352	+11.2144	 +1.2676	 -0.0985	 -0.6553
+20.2595	+10.1311	-21.9281	 -0.2826	 -1.5253	 -1.6985
-13.9044	-41.0265	+15.3023	 -0.5221	 -0.6540	 -0.2521
 +5.0506	 +4.7774	 -8.4811	 -3.4869	 -0.6609	 -3.6852
 -6.5358	 +5.1093	 -4.5336	 -1.7521	 +3.4497	 -0.5711
-11.4165	+13.6125	-31.1881	 -1.4877	 -1.1173	 +1.0623
 -3.8508	 +8.9804	 -7.1940	 +2.9758	 +1.7455	 -1.8638
 +0.0733	-10.9329	+16.8733	 -1.0201	 -0.3794	 -0.0767
 -3.2841	 +3.7979	 -7.7761	 +2.4208	 +4.6300	 +2.7960
 +1.1590	 +2.2283	 +9.5476	 +2.0366	 -2.1309	 +1.8165
 -2.5362	 +1.6214	 -0.9082	 -3.7482	 +1.5716	 +4.2227
+14.9530	 -6.1947	 -6.4270	 +0.0335	 -0.7990	 +1.2266
-63.7668	+26.7274	+13.5129	 -0.8598	 +1.0412	 +0.6101
 -2.5165	 -2.5408	 +0.1548	 -0.2289	 -1.2269	 -0.3190
-24.7866	+56.9052	 +5.5178	 +0.7349	 +2.6902	 -0.4757
+11.6079	+13.0757	-10.0122	 -0.8018	 -1.0405	 +1.0164
 +0.1416	 +6.9618	 -2.0074	 -2.5742	 +0.6500	 -4.5176
 +3.5212	 -3.5486	 +2.1442	 +1.6514	 -2.1967	 +0.1231
+10.3924	-43.2305	+38.1774	 +1.9497	 +1.1862	 -0.0094
 -3.5100	 +7.6369	 +0.0834	 -3.6746	 +2.8685	 -0.5666
-14.8962	 +6.4086	-15.0684	 +0.0861	 -0.2308	 -2.5428
-10.0399	 -5.9212	 +0.8874	 +2.4518	 -2.2260	 -4.7757
 -1.4584	 +2.1199	 -3.7092	 -1.5754	 -6.6579	 -3.3633
 -1.4938	 +0.1411	 -0.9936	 -3.2937	 +3.3807	 -4.5588
 +1.2585	 +1.7226	 +2.4492	 +1.6942	 -1.0556	 +0.2268
 +0.6127	 -4.5179	-10.9036	 -2.9166	 -2.4938	 -0.1317
 +2.2397	 -3.8577	 -1.5348	 +0.2601	 -2.0646	 -0.1579
 -3.2393	 +9.3051	 +0.4737	 +0.4073	 +3.4451	 +2.4159
 -1.2094	 +2.6613	 +0.0479	 -1.5210	 +4.3407	 -3.4463
 -0.0456	-18.9719	 -5.4671	 -2.2499	 -1.2024	 -3.8916
 -5.2727	 -2.2314	 -2.2423	 -0.6041	 -1.5421	 +2.9085
 +1.6141	 +0.4904	 -1.5751	 +0.0181	 +0.0912	 -1.9165
-21.0056	 +1.4438	 -3.1733	 -1.8966	 +2.8549	 -0.4365
 -5.1076	 +1.9561	 +8.5068	 -2.0211	 -1.1772	 -3.7643
 +4.9252	+10.8291	-20.1894	 +0.6508	 +0.3411	 +1.7709
 -5.9047	 -0.6314	 +3.0363	 -1.0042	 -2.3768	 -1.1573
 -8.7314	-12.2218	 -8.7853	 +3.3160	 -2.0723	 -0.0337
 -0.3006	 -8.7735	 -7.7661	 -3.1286	 +3.9285	 +0.5871
-44.0593	-68.1251	-65.3743	 -4.8103	 -6.1639	 -6.2117
 -1.8771	-18.2014	 +0.8004	 +1.5402	 -1.9035	 -1.4605
 -3.6247	+11.8823	 -2.0464	 +3.3702	 +1.0377	 -0.8554
 -1.6842	 -5.5673	 -3.9552	 -3.3877	 +3.7758	 +0.3954
 +4.3474	 +0.7523	-11.0010	 +0.8980	 -1.3763	 -0.6531
 +9.4087	 -0.3461	-10.6122	 +4.8447	 +1.9019	 -1.4302
 -7.2920	 +3.4242	+45.0911	 -1.1317	 +0.9958	 -0.6007
 +0.2172	 -5.8734	 +2.1365	 -0.8237	 -2.1965	 -3.5898
 +8.4543	 -6.8693	 -2.7258	 -1.7345	 -4.4260	 -0.9121
 -1.4118	 +1.9955	 +3.0711	 -2.5563	 -2.0472	 +0.9989
-23.5537	 +5.3043	 -8.0377	 -1.0184	 -0.0784	 +0.5207
 -3.9611	 -1.6463	 -4.7228	 +3.3887	 -2.5154	 -1.7907
 -1.5980	+25.0313	+14.6086	 -0.3390	 -1.2812	 +1.8010
 +5.7656	 +3.8444	 -6.3972	 -0.8582	 -2.6312	 -3.3962
 -2.9183	 -8.6119	-38.8000	 +1.8349	 -0.8546	 +1.5835
 -6.6277	 -2.8986	+13.6853	 -1.6198	 -1.7260	 -4.5638
 +1.1346	 +1.2438	 +2.1011	 -3.8186	 -0.4060	 +0.4758
 -1.2097	 +7.8322	 +0.5238	 -1.2047	 +0.0603	 -0.2222
+11.1515	-15.0194	-17.8986	 +2.3936	 -1.8333	 +0.5280
 -3.2648	 +4.4855	 -1.1203	 -1.8828	 -3.3534	 -3.7520
 -0.6316	 +7.0230	 +3.8320	 -2.3899	 -1.0250	 -0.0768
 +5.9961	 -7.5446	 -7.2615	 +4.0039	 -2.7501	 +1.0992
 -2.9611	 -6.8163	 +5.9240	 +2.2224	 -0.4393	 -3.0717
 -5.3091	 +9.1392	 -1.7252	 -3.1852	 +0.3946	 +3.3442
 -0.5356	 -0.0742	 -6.8589	 -3.7178	 -0.7405	 +1.9613
 -5.5030	 +1.7025	 -5.0047	 +2.8137	 +0.8403	 -4.4294
+19.2461	-12.1062	+23.1853	 +0.4112	 -2.2569	 +1.7109
 +0.3652	 +0.7548	-11.6727	 -3.9201	 -2.2098	 +1.6588
 +0.9427	 -1.9174	 -7.0786	 -2.3529	 +1.0378	 -1.0010
 -8.8755	 -5.1195	 -2.3952	 -0.6403	 +2.1566	 -2.5949
 +0.1111	 -0.8511	 +0.1695	 -0.3361	 -1.4935	 -3.7693
 -0.0322	 +0.0083	 -2.9868	 +0.8825	 -3.7876	 -0.2630
 +8.5191	 -0.7822	 +6.8267	 -4.8400	 +1.8368	 -1.6842
+20.1204	-12.7785	+11.7716	 +5.9594	 -1.5945	 +3.7179
 -6.1058	 +2.7033	 +3.3597	 -3.3604	 -1.7259	 -0.9942
 +1.4245	 +7.5265	 -3.0177	 -0.4016	 +0.8344	 -3.9220
+20.2006	 +3.3159	-10.3546	 +1.5600	 -1.0402	 +0.4053
-10.0660	 -8.4608	+14.4717	 -4.2371	 +0.0590	 -0.4950
 +5.2249	+11.9486	 -3.7075	 -3.5278	 -2.3730	 +0.8045
-14.8945	 +7.5356	+10.6958	 -3.9719	 +2.6160	 -0.5940
-21.2919	 -5.6333	 +8.6627	 +1.4227	 +1.7602	 -0.2404
 -6.0431	 -0.8599	 -1.1418	 +1.9382	 -0.1476	 +3.5026
 +1.3481	 -5.1930	 -4.7657	 -0.5067	 +1.3845	 -1.4868
-14.6371	 -9.8186	 -2.2532	 -0.8854	 -4.4589	 -0.0471
-22.4042	+18.7382	 -5.9186	 +0.4905	 +1.5314	 +2.3560
 +0.5524	+13.1202	-14.2635	 +1.5172	 -0.7905	 +2.7961
-18.8767	 -1.5317	 -2.3553	 -3.0625	 -2.0605	 -0.7083
 +4.4966	+11.1424	 +0.9504	 -2.1621	 +1.6652	 -0.4635
 -3.1746	 +4.6804	 +3.6430	 +3.3516	 +2.6819	 -0.8041
+39.0065	+19.9844	+33.7873	 +2.4561	 +0.9252	 +3.2973
 -0.9286	 +4.4271	 -8.0703	 -4.0919	 -2.1563	 +1.9497
 +5.3878	 +2.6881	 +1.8955	 +0.9074	 -3.9314	 +4.8603
-39.2414	+24.7200	 +6.8452	 +0.4822	 +1.9402	 +0.8209
 +0.0003	 -1.6075	 +1.2643	 +0.4262	 +0.7964	 +6.4906
 -2.6051	 -2.6409	 -1.1096	 -1.3667	 -3.3139	 +2.1986
 +0.6129	 -8.2183	 -4.3724	 +1.0244	 -2.6854	 +5.8533
 -2.2612	 +3.3206	 -3.5672	 +3.9674	 +2.3532	 +3.5768
 -8.2270	+10.9032	-37.1629	 +0.5773	 -0.6199	 +2.2180
 -8.1200	-13.0812	 -1.0311	 +0.1300	 -2.8499	 +0.0186
 +5.9101	 -8.9660	 -6.7475	 -3.3531	 +0.9384	 +3.6404
 -8.1744	 +3.0552	 -5.9559	 -3.8284	 +0.1633	 +2.7549
 +5.8240	 +6.6837	+20.7867	 +0.3544	 -3.6665	 +1.2125
 +0.7234	 -3.8611	 +0.1469	 -1.3591	 -4.3633	 -3.9760
 -7.2261	 +0.2215	 +3.7819	 +0.4746	 -2.7257	 -1.1645
 +4.5224	 -1.0614	 +0.3113	 +2.8834	 +0.1566	 -5.3543
 +2.0518	 -1.2147	+10.5432	 -2.2624	 -0.2579	 +0.3283
 +0.4154	+17.6971	 -2.5536	 -0.9430	 -0.4174	 +0.2168
+16.2584	-11.1208	-18.5689	 -0.9834	 -3.4862	 +0.9475
 -2.6632	 -1.3208	 +2.0678	 -0.2854	 -0.6173	 +0.9195
 -5.3537	-14.0938	 +5.5040	 +1.0125	 -0.6529	 +2.4750
 +3.1802	+10.8724	 -9.2901	 -1.3178	 -3.4037	 -1.4471
 +7.4945	 +1.4189	-13.7773	 +2.0990	 -1.4115	 +1.1658
 -0.7364	 +2.5217	 -4.5435	 +1.3815	 +1.7330	 +1.3570
 +5.0604	 +6.3350	 -7.9342	 +0.9724	 +1.4402	 -1.3011
 +9.4530	 +5.4903	 -2.6807	 +1.6908	 +1.7692	 +0.1749
 +8.0997	+15.2300	-17.2783	 +2.4673	 -1.0032	 -0.9984
 -5.9064	 +6.1886	 -1.8418	 -1.4974	 +1.3624	 +1.6707
 -3.1944	 +1.0851	 +1.0069	 +1.1508	 +1.6497	 +1.1196
 -6.1347	 +3.0113	 -4.5251	 +1.4062	 +2.5523	 -1.2653
 +0.4132	 +7.6012	 +3.9408	 +1.1985	 +1.0051	 +1.5158
 -4.0984	 -7.1569	 +2.0965	 +0.7209	 -1.0038	 +2.5750
-10.0040	 +2.5241	 +4.3783	 +3.6652	 -0.7569	 -0.0760
+18.0750	-21.0946	 -1.1548	 +0.7906	 -0.6320	 +0.1381
 +4.1073	 +0.4184	+14.6640	 -1.0486	 -1.5842	 -1.7599
 +5.5563	 +5.9362	 -2.5239	 +4.0889	 -2.0242	 -1.0636
 -2.7046	 +0.5566	 +1.8808	 +2.1855	 -1.4670	 +1.5496
 -2.5850	 -0.0546	-10.5857	 -1.3067	 -1.8126	 -2.7017
+14.6864	 -1.5604	-23.5989	 +3.6088	 -0.4084	 +0.6574
-21.2183	 -4.0186	+31.7556	 -0.4616	 -1.0194	 -0.0602
 -3.4346	 +0.9135	 -2.9731	 -0.8976	 -0.4045	 -1.3606
 -3.2282	 -2.5423	 -2.0702	 -1.9411	 -0.3646	 +2.1518
-11.8938	 -2.8854	 -6.7497	 +1.3406	 +2.0147	 -0.7296
 +2.8040	 -2.4360	 +6.3784	 +1.2650	 -4.2911	 +0.9565
-30.4735	+12.4854	 -4.5851	 -1.2629	 +2.4647	 +1.3763
 -0.1270	 +4.7131	 +0.6202	 +1.6014	 +3.0699	 +0.7562
 -6.8126	-46.2514	+58.6624	 -0.3308	 -0.5839	 -0.3748
 -2.9570	 -2.1814	 -3.3939	 -1.6917	 +0.2492	 -3.1146
 +4.7629	 +9.2887	-13.4752	 -3.9051	 -3.6240	 +2.9539
+10.9197	 +3.9254	 -2.5974	 +0.7880	 -0.3402	 +0.6398
 -2.6531	 -4.8087	 -0.7092	 -1.8368	 -1.4293	 -0.8379
+39.9971	 -0.7036	-19.4751	 -1.7874	 -0.1729	 +2.4119
+19.9943	-49.0320	+37.7950	 +2.4105	 -0.6581	 +0.3259
+102.4569	+47.0819	 -5.9655	 -0.3197	 -0.9801	 -1.6276
+14.0141	-12.0254	 +0.2780	 -2.5823	 -3.9118	 -1.4876
+36.4004	+56.7973	-31.3157	 +0.7573	 -1.1528	 +0.4002
 -2.2814	 -0.6037	 -7.0908	 -2.5988	 -1.9910	 +4.5435
 +4.6940	-15.1945	 +1.5498	 +3.7966	 +1.1262	 -1.8342
-24.4591	 -5.1033	+43.5027	 +0.1794	 -0.3136	 +2.4050
+18.5150	+57.9210	-38.8541	 +0.3655	 +1.7713	 +1.1540
+16.9695	 +3.4394	 +9.3139	 -0.9757	 +1.1684	 -4.5258
-14.6328	-13.1219	-11.4963	 +1.3763	 -2.3347	 -1.5901
 -9.5910	 +5.9249	 -4.9929	 +0.1278	 -1.6627	 -2.1773
 -6.1184	+15.6023	 +5.4741	 +2.0382	 -1.5747	 -1.4072
 -3.3545	 -0.2464	+10.8096	 +2.5781	 -0.7314	 +0.6563
 +8.0677	 -7.7890	-12.8066	 +0.7805	 -2.5079	 -0.8790
 +6.2626	 -2.1997	 -3.1058	 -4.6291	 -0.5540	 -1.0813
 -4.2656	 -5.4432	 -7.1318	 -0.1413	 -1.7932	 -1.9561
 +3.9465	-15.8228	-18.2314	 +1.1754	 +0.4099	 -1.6590
 -1.9077	-10.9182	 +0.9738	 +1.4204	 -2.1170	 -3.6339
 -1.3221	 -9.0042	+10.9959	 +3.0367	 -2.6298	 +2.9627
 +3.8952	-12.2883	 +0.3874	 +0.8799	 -2.0748	 +0.4807
-14.0401	+16.2779	 +8.3170	 -0.8808	 +1.8887	 +2.5595
 -5.6019	 +6.0236	 +6.1571	 +1.7074	 +0.1270	 +0.6712
 -0.4128	 -0.5285	 -5.2721	 -0.9443	 -2.3779	 -1.9691
-14.6142	+13.1460	 +0.2983	 +0.3247	 -1.0320	 -0.1201
-13.8592	 +2.7276	+22.2738	 -0.3427	 +0.7406	 -0.7733
 -7.2238	+11.2153	+11.0593	 +1.6617	 -0.0271	 -3.0556
 -2.1576	+11.2085	 +4.2276	 +0.6048	 +2.1895	 -1.4620
 +2.6452	 -4.7088	 +5.5665	 +0.4805	 -0.7809	 -0.7160
-11.2667	+28.3122	+11.0669	 +1.7178	 -1.3004	 -0.4743
 +8.5133	 +4.9821	 +1.6655	 +2.5728	 -1.7957	 +2.7641
 +8.6261	 +0.5826	 -2.0642	 +1.4075	 +4.9108	 +1.4711
+23.8171	 -6.5290	 +2.6473	 -1.9153	 -1.2880	 -1.2860
 +7.2793	 +3.3537	-11.5935	 -1.2434	 +1.8084	 -0.9206
 +9.8849	+36.0577	+30.0121	 -0.1276	 +3.1700	 +2.0483
 -4.2967	+63.3882	+35.0929	 +0.8424	 -0.6773	 +0.8184
-13.2003	 +3.8665	 -4.3571	 -3.6980	 -2.5966	 +2.2196
 -9.3811	+12.0549	 -4.9566	 -1.1784	 +2.1812	 +0.4476
-18.3708	-15.5926	+30.4133	 +0.1070	 +2.1487	 -0.7350
-15.8816	+23.0122	+10.9656	 +2.8132	 -2.0345	 -1.8198
 -2.3506	 -3.3640	 -1.2039	 -1.7608	 +1.9088	 -1.5721
 -1.4632	+17.9182	 +0.8334	 -3.4169	 +0.7701	 -1.5226
-17.0201	 -6.8271	 -6.8707	 +2.8840	 -1.9980	 -2.1251
+17.5558	-26.0642	+18.2705	 +0.5872	 +0.2555	 +0.2899
-11.1778	 +1.5641	 +2.4064	 -0.8629	 -0.2265	 +2.6230
 -0.7044	 -8.0075	 -4.9609	 -6.1143	 +1.3273	 -1.5840
 +0.1973	-51.2737	+115.4457	 -0.3117	 -1.3270	 +0.1934
+23.1082	 -1.8384	 -1.9767	 +2.1371	 +2.4329	 -0.3557
 +3.8303	 +8.8700	 +0.2287	 -4.6015	 -0.4284	 +3.3585
 -3.5707	 -5.0725	 +1.6124	 -0.0821	 -2.1083	 -2.9345
-28.8835	 +9.1134	+23.9092	 -0.7228	 +1.2797	 +1.3251
+15.7690	 +5.8556	+13.5914	 +1.0602	 -0.7298	 -1.1105
 -5.1165	 +4.4424	 +0.7719	 -1.1284	 -4.0833	 +3.9086
 +0.5792	 -3.5253	+20.0871	 -2.4867	 +2.3003	 -3.5738
+15.9836	+16.0259	 -4.8422	 -0.4743	 +1.5583	 +3.1730
 -3.7809	 +7.7982	 +7.5033	 -0.0922	 -2.2888	 +0.2901
 +0.4820	-12.2383	 +4.9194	 +2.6811	 -2.3712	 +1.6248
 +4.3215	 -2.5557	-13.3624	 +3.7107	 -3.8840	 +0.9980
-16.6992	 +5.4319	 -3.9767	 +0.6157	 -3.4561	 -1.4042
-22.4460	 -0.3233	 -8.1538	 -1.3610	 +2.6634	 +1.7886
-28.7623	 +4.0834	-16.5232	 -0.1258	 +0.2400	 +0.0169
 -2.7543	 +9.7175	-11.7040	 +0.3571	 -3.9630	 -3.4638
 -8.4182	-22.7937	+22.1350	 -0.7690	 +1.5612	 +1.7445
 -4.0002	 +3.4697	 +6.7017	 +1.6840	 -1.4202	 +0.1485
 -4.0429	 -0.9942	 +4.8310	 -0.1977	 -0.3964	 -0.3216
+11.1696	 -7.6891	 +8.2596	 -0.9772	 -0.3433	 -0.2122
+10.9214	 -9.5917	-12.0433	 -2.5332	 +0.2413	 +0.6193
 +0.5174	 +7.2146	 -5.7389	 +0.9305	 +2.3289	 +1.1703
+33.0502	 -0.4967	-18.4931	 +1.1526	 -0.5310	 -3.1178
 -7.4832	 -4.8874	-12.6334	 +0.2095	 -2.3197	 +2.3105
 -0.4010	 +1.4921	 -2.5008	 +1.8380	 +2.3926	 -0.2278
 +8.6115	 +0.0320	 -8.3701	 -3.4764	 -2.3245	 +0.9770
 +3.8321	 +4.1987	 +4.6737	 +2.0093	 -0.3786	 +0.3521
 -3.2995	 +7.7923	 -3.3692	 -3.6314	 -5.7199	 +1.1321
 -1.5071	 -6.9094	 +2.0442	 +0.9852	 -0.1610	 +2.4984
-16.2650	 -7.4293	 -4.3668	 -1.0740	 -4.4270	 +1.1534
 +6.5516	 -5.7733	 +2.1658	 -1.5120	 -1.3302	 -1.9291
 -1.8289	 +1.6575	 -9.1529	 +1.6255	 -1.7331	 -0.1934
 +4.3286	-10.6681	+23.8527	 -1.4427	 +1.4568	 +0.7802
 +2.9946	 +2.0800	 +7.7768	 -0.6838	 -1.9479	 -1.8018
 -1.7266	-36.0223	-16.3702	 +0.5221	 +0.8670	 -1.3176
 +8.8379	-21.3542	 +2.2099	 -0.9840	 +0.0073	 +1.9907
 -9.6565	 -4.6556	 -4.0779	 -1.7564	 +1.3274	 +0.7929
-33.8586	 -6.7851	+10.0418	 +0.3839	 +0.7672	 -1.3870
 +2.5507	 +0.9482	 -4.3978	 +5.3796	 -3.1531	 +2.9017
 +5.6769	 +4.4998	 -1.4921	 +1.0290	 +4.0859	 -4.0451
-12.9610	-27.1766	 +1.6301	 -2.1668	 -1.2730	 -0.9388
 +0.8443	-11.3302	 -5.9137	 -2.5952	 -2.8699	 -2.9032
 -2.8781	 +7.4413	-14.8276	 +2.3387	 -1.7373	 +1.9214
 -9.5943	+12.5217	-14.7521	 +0.6167	 -0.0344	 -2.5573
 -4.5310	-10.4192	 +0.4965	 +3.7642	 +1.5299	 +0.2040
 +2.0704	+40.3810	+16.0047	 -0.5558	 -1.1358	 +2.0881
 +0.0772	 -4.5553	 -2.4073	 +0.0653	 +2.7312	 +4.6449
 +2.9976	 +5.7243	 -2.0141	 -3.1602	 +4.1337	 +0.0043
 -2.5130	 +0.1438	 -7.7161	 -0.9509	 -3.5997	 -0.3923
+85.9568	-40.3623	+32.5176	 -0.3008	 -0.7501	 -1.5818
 +6.2240	 -6.2888	+16.2168	 +1.9334	 +2.4635	 +0.8865
 -6.3013	 +4.6426	 -6.6055	 +0.6341	 -2.5501	 -2.2834
 +3.5345	 +5.2905	 +3.3366	 -1.3366	 +1.5604	 -0.3397
 +0.9633	-13.9506	 +1.2368	 +0.8897	 +0.4230	 -2.3494
 +1.3289	 -1.9127	 -1.9258	 -5.8877	 -0.8727	 +3.4029
 +0.8035	 +4.0067	 +2.8574	 +1.2422	 +4.2305	 -0.6261
 +8.1536	 +6.5157	 -1.7852	 +1.2179	 -1.7170	 -2.4382
+13.7219	 -7.0294	 +3.1191	 -1.0921	 +0.6495	 -4.2546
 -9.4423	 +7.6774	-18.2367	 +2.2182	 -1.9504	 -0.7894
 +8.9073	+17.5747	+55.4659	 +0.1779	 -0.1537	 +1.4122
 -4.6472	 -2.5654	 -7.1021	 -2.1133	 -2.9313	 -5.6266
 +7.9838	 +5.9473	 -4.7667	 +0.7551	 +2.5664	 -0.9790
-11.0039	 +1.2551	-23.6715	 -1.9411	 -0.7568	 -0.7846
+13.0245	 +6.2256	-17.2599	 +1.6240	 +2.0647	 +1.6062
+25.8484	 -2.0068	 -4.0923	 +0.6530	 -0.7123	 -2.4455
 +0.4795	 +1.0681	 +1.0523	 +1.8406	 -0.1150	 +3.9276
-70.9190	+34.6925	-13.3345	 -1.6241	 +0.7083	 -0.9067
 +0.0452	 -8.8924	 +1.9302	 -0.2469	 +5.3214	 -0.4894
+36.7015	 -8.3066	 +1.9315	 +1.5689	 -2.3793	 -0.7675
-24.7766	 -1.5541	 -2.5355	 +0.2616	 +0.3157	 +1.0232
-13.0859	 +2.2980	 -5.2568	 -0.0604	 +0.3384	 +2.7686
 -1.5784	+15.8018	-12.2994	 +1.2102	 +0.3322	 -1.6820
 +5.0379	 -3.8862	 +0.7999	 -3.2833	 -3.0137	 -2.0439
 -7.8571	 -2.0595	 -2.0619	 +2.2106	 +2.8850	 +3.1694
-77.3364	-169.0099	+24.6687	 +1.1635	 +0.1464	 -0.1183
 +1.1677	 +1.6307	 +2.5108	 +3.0480	 +4.8870	 +2.8612
 +6.2393	 -8.4050	 -3.9460	 -1.4959	 -2.9394	 +1.2480
 -0.3977	 -7.4518	 -4.1566	 +1.2084	 +2.5539	 +0.8541
+16.0726	-10.6501	 +6.0985	 -0.1388	 +1.6166	 -2.7755
 +9.0024	 +2.6547	+22.8083	 +1.7563	 +0.2831	 -1.5517
 -1.8567	 -2.5013	 -2.6694	 -0.5697	 +2.4617	 +2.6527
 +3.1651	 -5.0545	 -2.5460	 -2.2417	 -0.6449	 -4.3574
+12.9595	-20.1993	-14.3864	 +1.4108	 +2.2885	 -2.9981
 +9.3746	 -1.2941	 -0.0454	 +2.0003	 +1.2380	 +1.6800
 -2.2273	 -2.4475	 -4.9480	 -2.7932	 -1.2370	 +1.5929
 -1.8633	 +0.5608	 -8.8831	 +2.5974	 -4.5208	 +2.5619
 +0.3403	 -4.2244	 -6.2735	 +2.9168	 -4.7735	 -1.9481
-10.8640	 -5.3398	 +0.5078	 +1.1415	 -1.1574	 +0.3724
 +8.9303	 -3.8207	 -6.6733	 -0.0187	 +1.5363	 +2.8945
 -7.0895	+14.8082	+19.5475	 +0.2759	 -2.7842	 +0.3052
-13.1566	 +6.8635	 -5.5777	 +3.1473	 +0.3885	 -1.0733
 -6.2898	 -5.2208	+13.0272	 -0.8032	 +0.3382	 -1.7038
 -4.3773	-21.5274	 +8.3369	 -0.7781	 -4.3425	 +0.3650
 -0.4615	 +4.8426	-11.3924	 -2.1668	 +3.6772	 -5.5151
-21.9791	+12.7682	 +9.9027	 -2.4095	 -1.0027	 +2.6052
 +2.9818	 -2.7822	-23.6633	 +1.5149	 +0.9010	 +0.8491
 +3.7554	 +3.8911	 +8.9776	 +1.8159	 +0.9815	 +3.4034
+13.5980	 -2.2235	 -7.2897	 +2.6606	 +2.3554	 -1.9335
 +4.2943	 -2.8729	-23.7288	 +2.6248	 -2.0292	 -2.5965
-31.1438	+44.2020	-71.8444	 +1.3344	 +1.6237	 +0.5956
 +0.3341	 -5.5000	 -3.1244	 +4.9244	 +2.7070	 +1.2624
-20.2938	+13.8121	 -5.6095	 -0.2050	 -0.5585	 -0.5200
 +1.2865	-14.7119	+10.6837	 -0.1841	 -1.6354	 +1.3055
+15.4241	 -6.1019	 +1.5311	 +2.3421	 -2.6209	 +0.0123
 +6.5900	 -5.9286	-10.7056	 -0.1013	 +1.8207	 +1.6501
 +0.0266	 -0.4716	 -1.6409	 +0.1231	 -1.0724	 -0.6725
 +1.7144	+19.0577	+13.1859	 -0.3469	 +0.1115	 +4.1574
-17.3283	 -7.5381	 -7.2757	 -2.2145	 +1.5727	 -0.0351
 -7.1944	 +2.9294	 +0.6072	 +0.2765	 +0.4120	 +0.0707
 -1.7840	 +1.4690	 +6.2460	 -3.7851	 +0.2921	 +1.2737
 -6.6639	 -3.2709	 +6.5062	 -0.4525	 +0.0384	 +6.5311
+14.1193	+30.9190	+79.0801	 -1.2456	 -0.8847	 +0.4340
 +1.2173	 -0.6644	+11.7135	 +2.9420	 +4.2379	 +1.2201
+14.4050	 +7.3004	 +6.1442	 -1.7984	 +0.6253	 -3.1143
 -5.4111	 -1.2467	 -3.1758	 -1.2643	 -1.9307	 -3.3001
-14.5773	 -5.6124	-13.7553	 -0.6346	 +1.2287	 +1.1801
+55.1874	+29.0457	+40.8829	 -1.3542	 -0.1222	 +0.2379
 +2.7198	 -9.8889	 -1.9964	 +0.6130	 +0.9249	 -2.1954
 -1.2551	 +8.6980	 -0.9303	 -0.5189	 +0.9894	 +5.1653
+12.4570	 +3.0257	 +8.0487	 -1.2323	 -1.9494	 +2.2662
 +2.8803	 -6.8002	 -0.6752	 -1.9530	 -0.8674	 +0.7734
 -8.3346	 -6.0427	+21.4264	 +3.9686	 -0.9970	 -1.0982
 +0.6958	-10.8239	 +4.5985	 +0.2498	 -1.5093	 -0.4946
 -2.5667	 -4.4283	 +2.2119	 +1.0122	 -3.1648	 +3.5947
 +2.1492	+17.2040	 -3.6654	 -1.4439	 -2.8469	 +0.1175
 -0.2784	 +0.2127	-21.4775	 -2.6967	 +0.6729	 -3.1061
 +4.4221	 +8.7185	 -7.5408	 -0.7165	 +2.2449	 +4.0719
+20.4448	 -5.2076	 -5.3495	 -0.9835	 +1.9989	 +0.1690
 -3.7765	 +9.6077	 -6.0984	 +1.7638	 -2.0326	 +2.8821
-24.5125	 +2.5673	-25.4643	 -0.0571	 +2.1832	 -0.8140
 +1.9179	 +4.9586	 -9.2754	 -0.4411	 -2.9454	 +3.3952
-18.5034	+40.9947	-11.1729	 -1.3163	 +1.1600	 +1.9962
 -5.6136	 +4.1214	-12.1937	 -2.1620	 -0.3349	 -1.2436
 +2.1126	 -1.7390	 -6.6385	 +5.3323	 +2.6953	 -0.3253
-12.3496	 -4.4023	 +4.7015	 +0.0911	 +0.8227	 +1.5533
 -0.1057	+18.7472	 -4.2734	 -0.3623	 +0.3774	 -3.1155
 -3.9216	+16.7922	+12.0745	 -2.5587	 +0.9989	 -0.9450
 -2.9033	 -2.2302	 -0.6211	 +3.8796	 -2.3976	 -1.4765
 +2.1887	 +2.9407	 +2.5740	 -2.7848	 -4.6264	 +2.2465
-11.8592	 -8.7844	 +2.6626	 -0.9375	 +1.4915	 +4.7683
 -4.8048	 -5.5940	 -3.5333	 +0.2382	 -5.3904	 -1.0614
 +6.4490	 -3.1891	 +7.5555	 +0.6669	 +2.7760	 +1.9634
 -2.1333	 +2.9341	 -1.9354	 -0.1500	 -0.9152	 -2.8417
-22.5907	-15.7724	+10.2556	 +1.3520	 -1.1056	 +3.4429
 -3.9193	 -4.5094	 +3.0485	 +1.4653	 +1.3095	 -0.5016
+30.4642	 +9.3287	 +4.5272	 -1.2045	 -0.6410	 -0.3737
 +0.0655	 +5.4565	 -4.4151	 +2.4857	 +1.7323	 +4.1225
 +2.5193	 +6.8767	 -1.2162	 +2.4196	 -0.7866	 +4.0638
 +4.8289	-14.1655	 -9.5381	 +1.1532	 -3.4836	 -0.9544
 -1.8457	 +0.7575	 +2.1538	 -0.2253	 +2.1690	 +0.3790
+12.7510	 -4.8219	 -8.8058	 +1.2123	 -1.2590	 +3.8594
 -5.8371	 +6.4277	 -9.3124	 +0.4090	 -1.6866	 -0.0145
 -2.2108	 -0.4873	 -3.8103	 -4.4924	 +3.2724	 -0.9623
 +0.4363	 +0.7942	 -4.1754	 +0.3092	 +0.6064	 -5.2155
-21.7493	 -3.7431	 -3.2395	 -2.5561	 +3.4514	 -0.1958
-78.9278	+42.3563	+31.5762	 +0.6594	 -0.1890	 +0.4093
+12.7751	 +5.5657	-15.7766	 -1.9779	 -2.3088	 -1.3676
 -4.3051	 -5.4263	 -3.0167	 -3.6437	 +1.8942	 -3.4528
 +7.3874	 +1.5903	 -8.8921	 -0.6204	 +3.7151	 +0.0078
 -4.3230	 -6.8055	 +5.3086	 +0.5851	 -0.2854	 +0.9429
+25.1433	 -6.9324	 +2.3907	 +1.2033	 +0.4840	 +1.2723
 +4.2665	+26.0626	-37.0199	 +0.8579	 +0.1550	 +0.7709
 +5.4473	 -3.4885	+18.0275	 +1.9519	 +3.2390	 -1.3602
 -7.0114	 +3.7982	 -3.3658	 +2.5638	 +1.0366	 +1.9721
 -3.5357	 -3.8451	+14.4972	 +0.1002	 +1.2660	 +2.4439
 +2.6172	 +0.8981	 -1.3893	 +0.0595	 -0.3981	 +2.9135
 +3.5621	 -0.6551	 -6.9443	 -2.4137	 +0.0820	 -1.1531
 +6.8876	 -1.9608	 +5.4253	 +3.3390	 -3.3849	 -1.1588
 -5.6836	 -3.8041	 +0.8182	 -6.1775	 +0.7943	 -0.7355
 -0.0341	 +1.2765	 +6.6209	 -0.1123	 +1.1884	 -0.5665
-12.4116	-11.1451	 +2.3844	 -3.1910	 -0.7313	 -4.4597
 +8.8081	-15.7153	 +3.2030	 -2.8396	 +1.8201	 +1.5279
 -1.7121	 +3.3305	 +7.7294	 -2.6004	 -2.4078	 +1.4136
-10.1335	 +4.6783	 +3.1974	 -1.5879	 +0.6374	 +1.1374
-19.6440	 +2.8011	 -0.7444	 -4.1447	 +1.3738	 +0.2841
-10.0661	 -1.3793	-15.7009	 -1.4999	 +0.7668	 +3.0843
 +4.2537	+12.2775	 +3.4435	 +1.9380	 -2.7732	 +0.1391
 -2.2290	+10.5761	 -4.4939	 +4.1517	 +2.0760	 +1.7509
 +0.4554	 +4.1530	 -1.6447	 -0.1208	 +0.6395	 -4.3351
 -9.0332	 -9.2469	 +7.5057	 +3.0133	 -2.4396	 +0.6667
-16.1894	-10.4709	 +5.7382	 -2.6354	 +3.2566	 +0.4171
-14.9538	 -4.7579	-24.7933	 +3.8308	 +1.7844	 -1.8515
-13.2976	 +2.9924	 -8.2432	 -3.3291	 +0.1489	 +2.9489
-12.8792	-27.2453	-25.2846	 -1.2544	 -1.6424	 -0.4848
 +8.0575	 +4.0553	 +8.4600	 -2.5111	 -3.0187	 +0.3061
-12.4635	 +8.6457	 -6.5158	 -2.6021	 -3.4244	 -1.2806
 +5.5302	 +9.1515	 -8.0035	 -1.5536	 -0.4482	 -1.8854
-35.6604	+29.0501	+35.0543	 +0.8509	 -0.1457	 -0.6623
+15.2888	 -2.9248	-14.2473	 -3.1279	 +0.1014	 -0.3025
 +8.1069	 -4.2877	 -5.7798	 +0.2923	 -1.3184	 +1.8560
 -2.5662	-10.4336	 -1.7315	 +2.6612	 +0.0674	 -4.3156
 +1.6123	 +8.9722	 -0.3030	 -1.6090	 +1.0912	 +2.2788
+10.3548	+11.7970	+10.8303	 -0.0279	 -2.0879	 -1.8133
+11.6545	 -5.0983	 -6.4881	 -5.5394	 -0.5984	 +1.5579
 -0.0665	 +4.3046	 -0.6727	 -1.1128	 +3.9159	 -1.9659
 +3.4198	-11.2632	-13.6413	 +3.2464	 -1.3543	 +0.0713
-10.1685	 -6.8506	-17.3127	 +1.4098	 +2.1645	 -0.3795
 +2.1032	 +1.0250	 +6.4270	 -2.6634	 +5.4056	 +3.2122
 -2.6828	 -7.0062	 -2.0390	 -0.6465	 +4.0092	 -2.0708
 +3.3866	 -1.4559	 +4.0626	 +4.8171	 -2.8528	 +0.5781
-82.1238	-29.7263	+67.1546	 +1.6768	 +0.2633	 -1.4751
 -5.2075	 -4.6004	+10.4087	 -2.6153	 +3.7790	 -0.4452
 -5.9136	 +4.2806	+40.9544	 -1.4563	 +3.5790	 +0.8637
 +3.0061	 +1.9448	-13.2493	 -1.8269	 +4.3038	 +2.9646
 -6.3064	 -2.6861	 -2.4154	 -1.5643	 -2.3948	 -0.9945
-10.6164	 +5.5506	 +2.6491	 -0.1338	 -1.5130	 -1.2401
 -6.9509	 +8.0487	 -0.1518	 +1.4633	 +3.5380	 -2.9290
-11.8636	 -0.1008	 -5.3474	 +2.8993	 -1.9350	 +0.6419
 +1.6020	 -9.8126	 -1.4261	 -1.2981	 -0.7337	 -3.6928
+16.7378	 -2.5555	 -8.0828	 +1.1218	 -2.1582	 +0.1823
-12.4277	+16.0091	+13.2120	 -1.0337	 +0.6857	 +2.6034
 +0.9018	 -2.7233	 +3.3660	 +2.3775	 +1.6696	 -3.3126
+14.9674	 +1.4671	 -2.2806	 +1.6432	 +0.5087	 +0.5905
 -1.6852	+11.8931	 -6.1770	 +0.1993	 +0.8617	 +0.5553
-15.6981	-18.5398	-35.4770	 -0.0614	 -0.1976	 -1.0648
 -0.8299	 -0.7383	 -0.4868	 -3.2304	 +1.9291	 +1.0697
 -5.9621	 -6.9881	-24.8584	 +1.4629	 +2.0293	 +1.1795
-43.5801	+10.5013	+35.4700	 +2.0694	 -1.0875	 -1.5565
-32.1686	-13.7500	 +8.2737	 +3.0702	 +1.9524	 -1.1051
 +0.0516	 -5.3166	-18.0715	 -1.1136	 -2.5020	 +0.1754
 -2.6004	 -0.4063	 -3.2072	 +1.2146	 -2.6434	 +3.4990
-68.4683	-123.8058	+117.5360	 +0.7255	 +0.1688	 -0.1927
 +3.9606	-10.9767	 -1.8745	 +0.7885	 +4.2551	 +0.6693
 +6.0247	 -4.5979	 +7.0819	 +1.5231	 +4.0284	 +2.5744
 -4.2116	 -3.5333	 -0.5730	 -1.8015	 -2.9512	 +2.8579
-10.8083	-24.5922	-23.5284	 +3.5834	 +1.1229	 +0.0349
+16.8114	 -2.5035	 +2.8233	 -0.2590	 +0.4112	 -0.6951
 -5.4989	 +1.1834	+16.2398	 -0.0826	 -0.1989	 -1.1774
+21.9702	 +3.1846	+45.1409	 +0.6423	 +2.8318	 -0.2476
 +3.1363	 -1.4296	+11.7162	 -2.5800	 +1.0818	 +0.3566
 +9.1719	 +0.0466	 -4.1351	 -1.8223	 -2.1176	 +2.5417
 -9.3085	-12.2137	+28.2818	 -0.7168	 -0.0170	 +1.7572
+10.6742	-12.9520	-12.1325	 -1.1020	 +2.2955	 -3.1366
-25.5491	 +0.2188	+22.8206	 +0.6456	 -1.2486	 -1.3787
-18.4319	 -5.0426	-13.3109	 +0.0201	 +2.6392	 -2.0421
 -0.0088	 -1.8948	 -6.6642	 +2.3042	 -1.5981	 +0.5023
 +4.2673	 -9.9946	 -5.3629	 -4.2186	 +1.1560	 +0.0720
 -5.4219	 +5.1928	 +4.0249	 -0.7208	 -0.9793	 -4.8048
 +8.2157	+11.9012	 +7.9334	 +1.5286	 +1.6567	 +0.5564
 -4.6309	 +1.1793	 +8.4156	 +0.4200	 -2.5994	 -2.5064
 +8.7741	 +3.4019	-11.0098	 +4.9311	 -0.6598	 -1.4514
 +4.4557	+10.6516	 +4.0948	 -1.4695	 +2.3299	 -2.3671
 -7.1312	 +0.2265	 -4.0957	 -2.3568	 +3.0784	 -3.4702
 -9.2256	 +9.0229	-10.8698	 +4.9337	 -2.4774	 -0.8856
 -4.8797	 -7.5977	 -4.4291	 -1.7059	 -1.1789	 +1.3146
 -3.6946	 +0.5335	-17.5172	 -1.7480	 -1.6245	 -2.2414
 -4.6462	 -4.0611	-14.2956	 +2.1166	 +2.0024	 -1.3650
 -4.1702	-10.6036	-14.4085	 +2.2022	 +1.3368	 +2.1200
-22.8968	+17.6447	-61.8913	 +0.7388	 -1.7244	 +1.5032
-13.2431	 +7.4965	 +9.0625	 -0.2308	 -4.3991	 +0.0904
-39.7374	+64.8042	-47.4932	 -1.9189	 -1.1854	 +0.5403
 +4.8051	+14.0962	 -3.3332	 -1.9651	 +0.1116	 -0.5786
 +6.1798	+16.5199	 -7.9902	 -1.2458	 +0.8309	 -2.7459
 -7.0591	+10.7914	 +9.6177	 -0.0096	 -3.7460	 -1.0020
 +2.8165	 -8.1843	-29.3053	 -1.2252	 -0.9565	 -0.2303
 +6.8391	 +3.0805	-11.3918	 -2.6294	 +0.7320	 -3.4982
-10.2405	 -1.1791	 -8.2255	 +1.1745	 +2.0428	 +4.4547
 -5.5553	 -3.6835	 -4.0631	 +3.8975	 -0.6902	 -3.7203
 +2.8625	 -2.1550	 +3.6684	 -1.4283	 -0.0495	 +0.8615
 -4.9399	-15.8981	 -3.1899	 +0.9319	 +1.9326	 +2.7273
 +3.4028	 -9.7195	 +3.4703	 -3.8176	 -0.3746	 +0.7973
 +0.2908	 -7.8369	 +5.2371	 +2.7987	 +1.2467	 -3.8545
-21.6385	-15.4519	 -8.7819	 +0.9105	 -0.3448	 -1.8060
-14.2139	+16.2888	 +2.7164	 +1.9423	 +3.8473	 -1.3544
 -2.7102	 +3.8715	 -9.8762	 -4.0652	 +1.6187	 -2.1253
 -7.9500	 -5.0915	-11.3363	 -2.1830	 -0.2994	 +1.1906
 +1.5271	-15.0271	 -1.0210	 +2.6911	 -0.6221	 +0.9231
 -7.7070	-11.3321	 -4.1196	 -2.9641	 +0.2379	 +2.2244
-138.3965	-166.9052	+114.9677	 +0.4241	 +0.9472	 +0.0472
-10.8459	 +3.4943	 +1.9107	 +2.4370	 -3.9442	 +1.0790
-18.7006	+12.3323	+35.3055	 +0.2517	 -3.1200	 -1.6720
-10.6394	 +2.6269	+16.8929	 +0.8784	 +0.6330	 -1.6855
 +7.9356	+72.6189	-76.4665	 +0.0353	 -0.3311	 +0.6893
 -5.8948	-10.8449	+12.4845	 +0.5347	 +3.5224	 +0.3800
 -1.9683	 -0.2996	 +4.2311	 -4.8157	 +1.3019	 +1.3194
 +7.9273	 +3.2027	 -5.8982	 -0.2914	 -4.5288	 +4.4847
+28.7338	+13.1904	-11.3323	 +1.6792	 -0.1872	 -1.0505
 -8.6013	+17.8377	 -5.5034	 +3.2428	 +0.6121	 +0.8589
 +5.6151	 +3.6808	 -5.9559	 -1.8744	 +3.1255	 -0.5944
 +1.4161	 +7.1090	-13.0278	 -0.4432	 -1.1157	 -1.3743
 -6.1794	 -0.4424	 -1.5557	 +0.5050	 -0.3549	 +1.4572
 -3.0572	 +2.2747	 +5.0748	 +1.0490	 -1.8404	 -1.4904
 -5.5178	 -6.8648	 -4.4941	 +5.9299	 -0.8279	 +0.9656
 -8.7003	 +4.3197	 -5.4565	 +4.1756	 -3.7104	 +0.1581
+15.7798	-14.1355	 -5.1575	 +3.1782	 -1.1300	 -0.3137
 +3.6283	 +5.8981	-25.5816	 -0.0646	 +0.1661	 +2.4848
-10.7733	 -2.4411	 -8.1856	 -2.1868	 -3.5465	 +3.0040
 +1.7528	 +1.0786	 +7.7789	 -2.4401	 -4.7525	 +0.7380
 -9.7502	 +1.2766	+14.1464	 +1.0937	 +1.1152	 -1.8143
-29.9077	 +2.8183	+25.6570	 +0.2790	 +1.1503	 +0.9673
 -4.4029	 -8.0372	 +3.4244	 +2.8979	 -0.2418	 +1.0685
 -9.6161	 +1.9979	 -8.3540	 -2.0131	 +4.2684	 -1.4955
 -0.0143	+11.5211	 -3.6335	 -0.5057	 +0.3153	 -0.0655
 -3.3961	 -8.8810	-11.2656	 +0.8633	 -2.7613	 +1.7201
 -4.1048	+14.6327	-10.8977	 +0.3904	 +3.9201	 +1.3460
-12.9054	-14.3278	 -9.1746	 +2.1583	 -0.8469	 +0.2673
 -8.4550	 +9.6969	 +4.7129	 +1.8262	 +1.1713	 +2.4917
+17.1139	 -1.1659	-13.6418	 -1.1746	 +0.3875	 -0.6053
 +2.3533	 -2.7719	 -0.8048	 +6.0319	 -1.3552	 +1.3798
 +3.6846	-12.5965	-12.2904	 +1.9257	 -0.5184	 -0.6446
+15.0465	 +6.6927	 -5.5008	 -1.0241	 +2.5491	 -1.7508
 -1.9679	-13.0114	-10.5998	 +0.4478	 +0.8144	 +1.4497
 +0.1396	 -7.2744	-13.3110	 +0.4216	 +1.4764	 +0.3966
 +7.9463	+13.4489	 +1.3795	 -1.2941	 -3.3130	 -4.0325
 +5.8445	 +5.1839	 -7.6135	 -3.0281	 -2.1241	 +1.0252
+11.0715	 -9.7567	 +3.1146	 +1.0620	 +2.2044	 -0.4935
+36.6075	 +0.4557	-18.8678	 -0.5447	 +1.3271	 -1.9265
 -7.1087	 +3.1804	 -6.1043	 -2.0696	 +3.6450	 +1.4068
 +0.7675	 +2.4832	 +4.2540	 -2.0323	 -3.0009	 +0.5128
 -5.9374	 -4.3640	 +5.0010	 -0.8510	 -1.5645	 +2.6339
+10.4399	 +2.9396	 -5.3423	 -1.5323	 +0.5588	 -1.2702
+18.2659	 -5.7795	 +8.1996	 +3.3052	 +0.2917	 -0.4486
 +1.4914	+11.6760	 +3.6233	 +1.3585	 +1.7796	 -1.4053
-25.4074	 +7.5227	 +2.4669	 -2.5374	 +1.6575	 -1.4365
 -4.1059	 +1.3287	 -4.1366	 -2.4828	 -0.4128	 -2.4275
 -3.5891	 -0.0046	 +2.7458	 -2.8465	 -0.8304	 +1.0003
-17.4455	 -9.3523	+15.7103	 -1.3869	 -0.0505	 +1.7838
 +8.6639	+41.2452	 -7.9013	 +1.8606	 -1.0512	 +0.5116
 -0.1869	 +0.8722	 -3.5125	 +3.0820	 -1.6723	 -2.5719
 +9.0339	 -0.5124	 -3.8135	 -1.4250	 +1.8172	 +5.2212
 +3.1220	-17.2538	-19.5620	 +2.3676	 +2.0203	 -1.3686
-13.6110	+15.6897	 -0.2206	 +0.0791	 +1.1114	 -0.3134
 -4.8119	 +6.7156	 -0.8786	 +4.6662	 +4.4938	 -1.4623
 +2.1094	 -3.8732	 +8.2767	 +0.1709	 -0.8817	 +1.8369
 -1.8637	 -0.4841	 -8.8319	 +4.4227	 +2.7306	 -3.6867
 -0.8761	 -8.4152	+10.6492	 -1.1082	 -3.3084	 -0.8762
+17.3407	-12.7870	 -8.3734	 +2.8663	 +1.6788	 -1.4014
-16.9759	 -2.9350	+18.4848	 -1.1217	 -0.5676	 +0.4789
 -6.3388	 -6.1487	 +1.1182	 +0.5793	 -1.0065	 +1.2938
 +2.2975	 -2.0803	+30.1560	 -1.3945	 -0.6632	 -2.4664
 -7.1245	 -2.7094	 -3.9907	 +2.2778	 -0.1797	 -1.5466
 -0.5616	 -9.0861	 -2.0471	 +2.4775	 +1.1139	 +3.4844
 +2.1361	-24.4769	-11.0446	 -1.6883	 -1.0863	 -1.7773
 +2.2685	 -7.1343	 +0.1131	 -2.6969	 +1.8365	 +0.8457
 +1.2485	 +6.3902	+10.5949	 -1.3846	 +3.0295	 +0.2791
 +9.0447	 -4.0875	 -5.8737	 +3.0589	 +2.4617	 +2.6586
 +0.8156	 +7.2421	 -2.6952	 -0.6657	 +1.2228	 +2.5740
-60.7346	-13.7109	-23.4061	 +0.6150	 +0.4860	 +0.4120
 -2.9214	 +5.1745	 -1.0457	 -0.1805	 -2.4772	 +3.2151
 +3.5024	 +0.3946	 -7.0129	 +1.4675	 -0.4964	 +4.7676
 +5.0170	 +0.0160	 -5.1784	 +2.4821	 -3.5618	 +1.2875
