# Iterations: 581 of 10000
# Total Energy: -6.512e+05
#    Kinetic Energy: 6.644e+05
#    Potential Energy: -1.316e+06
# Current Time: 2018-05-09 13:02:38.487499
# Elapsed Time: 1:25:54.850368
# 
# Med. Times for Sections
#    Force Computation:		7.907136
#        [10.8212517.9162657.9547287.8980067.7262697.9710457.7131357.7612287.8836037.992046]
#    Gather Particles:		0.000118
#        [0.0001110.0001340.0001220.0001140.0001270.0001210.0001290.0001130.0001130.000113]
#    Overall:		9.749152
#        [12.6759149.7437709.7831179.7545349.5663199.8072209.5899659.5939649.7374379.835448]
#    Scatter Particles:		0.002570
#        [0.0021730.0030970.0025870.0027110.0025540.0026400.0022270.0025330.0021190.002610]
#    Time Integration:		0.000108
#        [0.0001100.0001150.0001090.0001030.0001090.0001090.0001080.0001040.0001020.000103]
#    Tree Broadcast:		0.879091
#        [0.8866440.8763800.8568050.8828950.8648560.8800370.8958000.8776060.8781450.883912]
#    Tree Construction:		0.967139
#        [0.9655700.9477190.9687080.9706480.9723410.9532080.9785080.9523280.9733000.956609]
# 
# x	y	z	vx	vy	vz
# 
 +6.9141	 +3.2787	 +0.1024	 +0.6346	 -0.2215	 -0.2909
 +2.8664	 +2.4641	 +1.1048	 -2.2459	 +6.4530	 +1.9339
 -8.1195	 -8.5084	 +3.3895	 +0.1126	 +1.2489	 -3.3996
-32.0935	+18.2463	 +5.2492	 -0.9548	 -1.9189	 +1.0999
 +4.1405	-15.6497	 -2.6491	 +1.3694	 +2.8093	 +0.9660
 +6.3409	 +1.6679	 -3.8869	 -0.6456	 -0.3531	 +5.5729
 +2.4532	-12.7898	 -9.9280	 -2.9814	 +2.3806	 +0.7808
 -7.1525	 -2.8302	 -0.5455	 -3.3209	 -3.8878	 +2.2092
-14.7799	-23.5520	-10.8567	 +2.7405	 +2.9835	 +0.3488
-26.1347	+15.6968	 +3.7058	 -1.5649	 -2.0235	 +0.1360
 -8.7113	+13.2137	+11.5124	 +3.6482	 -0.3640	 -2.2018
 +3.2494	 +3.1367	 -5.1644	 +1.8078	 -1.7755	 +1.2163
-12.0579	 +8.6057	-10.1437	 -1.7781	 +0.1462	 +1.6035
+16.7203	+16.0314	-30.5344	 -2.1406	 +0.4765	 -0.1324
 +0.2418	 +2.9944	 -2.6457	 -2.9081	 +1.5151	 +1.1299
 +8.7741	 -6.1081	 -8.5888	 -3.4320	 -1.2928	 -0.4218
 -1.1100	-12.5922	 +9.2436	 +2.6826	 +0.5267	 +2.0627
 -9.7286	 +3.1833	-15.9667	 -0.0716	 +0.4591	 +2.6297
 +0.0452	 -4.3815	 -4.9762	 -3.5745	 +3.5541	 -3.1470
+97.7012	-32.9206	+79.3846	 -1.4650	 -0.8086	 +0.1257
 +8.2989	 +9.3095	 -1.8515	 +0.5018	 +1.3610	 +2.5390
 +1.0561	 -9.2433	 +4.6774	 +0.4094	 +1.5551	 +1.8403
 -7.7197	 +1.1318	 +6.4286	 -1.7930	 -2.6218	 +1.3532
 -8.2064	 +2.7916	+10.5250	 +0.6577	 +1.2245	 -1.0074
 +0.4643	 +1.2736	 -1.7727	 -4.4808	 -3.8760	 +2.5793
-43.7920	+30.8940	 -6.5349	 -1.2970	 +1.7635	 -1.2461
 -3.3848	-10.5744	 -4.3199	 +0.8046	 +1.5946	 +1.8602
-15.3379	 +1.3212	 +0.3810	 -2.8213	 +2.6873	 -2.9892
+14.3189	 -4.7119	 -6.2732	 -1.5448	 -3.6175	 -2.2972
 +5.9461	 +2.8953	 -0.3530	 +4.1565	 +5.5915	 +2.3336
+17.9058	 -6.9771	-13.0969	 +2.9397	 +0.6845	 -0.0929
-58.9749	+18.3964	 +9.0967	 -0.1799	 +1.8536	 +1.7654
-12.9209	 +0.1930	 +9.7558	 +0.4807	 +1.7483	 +3.7783
 -3.5446	 +7.9620	 -7.7663	 +0.7597	 +4.0829	 -1.8908
 -6.1610	 -5.3990	+20.2636	 +1.1351	 -0.1105	 -1.7598
 -9.8166	 -1.2339	 -4.6947	 -0.7332	 -0.3964	 -1.6632
 -5.0691	 -7.7151	 +3.3363	 -1.2863	 +3.0764	 -0.4282
+10.9827	 -8.8862	 -6.1021	 -0.5522	 -0.0218	 -3.1006
 -5.9084	+16.7344	 -6.5200	 -0.2610	 -4.3205	 +1.3407
 -2.0012	+10.5125	 +0.6186	 -0.9814	 -0.8610	 -2.2911
+20.4462	-26.3367	 +9.7027	 +0.7832	 -2.1038	 -0.4431
 +0.1974	 -6.0151	 +3.4030	 +1.6240	 -2.6274	 +2.7862
 -3.3064	+10.6291	 +0.7931	 +2.1104	 -0.9161	 +2.5647
 -2.0376	 -5.1858	 -4.9723	 +3.6856	 +0.7822	 +0.1822
 +6.6541	+17.0809	-12.8430	 +2.0522	 -2.2306	 +2.4012
 -9.0945	 -2.8374	 +4.4640	 +0.1806	 +0.0449	 -1.4455
 +7.1093	+14.7141	 -2.5371	 +0.7922	 -0.1140	 +2.8110
+30.8232	-11.2560	 -6.6092	 -1.5994	 -0.8244	 -1.5015
 -1.3456	 -1.0386	 -5.0439	 -3.9831	 -2.0851	 -0.3096
 +9.0445	 +7.6887	 +3.7097	 +1.0200	 -1.4343	 +1.0469
-27.4073	-54.7287	-28.9842	 +1.3096	 +0.6225	 +1.7960
 -4.0050	 -0.3675	 -9.5568	 +1.2734	 +3.0204	 +1.6573
 +8.8634	 +6.5861	+22.3363	 -2.2500	 +2.9562	 +1.5903
 +5.7103	-13.4037	 +3.5426	 -1.4197	 -3.5809	 -2.2853
 +7.5704	 +7.6774	+61.5869	 +0.3968	 +2.1931	 +1.2337
-31.0873	 -3.1586	 -4.5381	 +0.5536	 +0.8919	 +0.1133
+18.3269	 +0.4559	 -2.1114	 -4.2409	 +0.6230	 -1.3137
 +3.1242	 -6.5948	 -9.7843	 +2.0551	 -1.3211	 +0.5485
 +4.2274	+13.2842	 +5.5498	 -0.7252	 +2.2999	 -1.3863
-16.8961	 -6.4194	 +4.7873	 -2.2521	 +4.2706	 -1.6759
-28.2395	 +5.1706	 -3.5117	 -0.7792	 +0.4663	 -2.4902
 -7.4903	+22.2303	-22.4946	 +0.5343	 +2.6121	 +0.6347
 -0.7147	+11.9992	 -1.1346	 -1.4249	 +1.2579	 +0.8582
 +1.6256	 -2.1297	+10.8559	 +1.0824	 +3.1937	 +0.8902
 -2.5341	 +0.2154	 +1.5008	 +1.0664	 +0.0971	 -3.9716
-11.7090	-10.6379	 -9.1365	 +0.8351	 +0.4597	 +1.8393
 +5.0821	 +3.6069	+12.2329	 -0.8246	 +0.7198	 -3.7783
-25.8042	-21.8020	+26.5569	 -1.7080	 -1.3620	 -0.6701
 -0.1141	 -3.9506	 -1.8434	 +0.5889	 +3.8886	 +5.6422
 +2.6215	 -9.6956	 +6.0566	 +1.0429	 -2.9818	 -1.4623
 -1.2138	 +4.0580	 +0.2072	 +1.9052	 +1.6855	 +1.6221
 +4.8779	 +5.5300	 +2.4741	 +2.6782	 +4.6095	 +0.2994
 +6.2558	 -1.6740	 -3.2237	 +2.5517	 -1.4193	 +2.5472
 -5.1037	+15.2249	-101.2586	 +1.9398	 -0.0274	 -1.1965
+22.6783	-16.6104	 -9.6329	 -1.3976	 +2.6614	 +1.0783
-12.1482	-13.1706	 +0.9096	 +2.2596	 -3.2591	 +2.6783
 +3.8859	 -1.2498	 -0.2616	 -0.6657	 -3.2036	 +1.8542
-12.7242	-11.7975	 -3.0176	 -0.4036	 +1.5190	 -3.7578
 +6.3627	 -5.7688	 +7.9990	 -0.3902	 -3.1678	 -0.2736
+29.6177	 -3.7178	 -5.0676	 +0.4660	 +2.3278	 +0.2617
 -0.6490	 -1.9828	 -1.9897	 +0.7091	 +0.1449	 -2.8625
 +3.5872	+14.5359	 -9.0873	 -2.2208	 -1.0174	 +0.9518
 +1.4463	 -0.1406	 +9.6177	 -0.5368	 +0.2363	 -1.0732
-15.0886	+20.7043	+31.8226	 -0.5117	 -1.1475	 +2.4988
+21.1562	+14.9034	+14.6263	 +0.3778	 +1.1792	 +1.8558
 -9.2835	 -5.5993	 -1.9890	 -0.1238	 -3.5714	 -4.4886
 -9.4327	 +1.6947	-11.4069	 +3.9342	 +1.3322	 -0.5872
 -4.7502	+24.8886	 +9.3311	 -0.5610	 +0.2212	 -0.7288
 +5.9462	-28.2129	 +0.2019	 +1.8118	 +1.0641	 -1.8912
 -6.2011	 +5.9095	 -4.4074	 -1.0248	 +4.3188	 -0.5627
 -1.9475	 +8.1042	 +8.6250	 +3.4091	 -0.2394	 -0.2422
 -0.3967	 +0.2395	 -4.4530	 -1.1419	 +0.4878	 -1.8127
-17.4404	-30.1705	-49.0468	 -0.5744	 -0.5356	 +0.0997
-16.6229	 -5.8864	+12.5573	 -2.2023	 -1.4779	 +1.7408
 -3.8150	 -6.9326	 -1.6686	 -2.6987	 -3.1515	 +0.8439
 +3.7819	 +4.6094	-14.6865	 -2.6917	 +2.2631	 -1.0954
 -9.3286	+28.6539	 -5.4748	 -0.0566	 -1.7089	 +2.7669
 -8.4422	 -3.6749	+15.4691	 -1.3597	 +0.1452	 -2.4000
 -2.6270	 -4.9667	 -5.5449	 +4.3903	 -3.9947	 -0.8297
 +5.7595	 +0.5223	-17.6091	 +3.2566	 +2.5774	 +2.9330
-13.5984	-15.1834	 -0.8633	 -2.9525	 +0.5976	 +0.7974
 +3.1369	 +0.5956	 -0.9061	 +4.4437	 +0.8687	 +4.1479
 +2.6350	 +0.7407	 -4.6026	 +1.8799	 +0.4573	 +3.0357
 +2.3951	+11.4279	 -4.3936	 +0.4558	 +1.1932	 +3.8044
 -2.1073	 -0.9438	 +0.7354	 -0.1712	 +0.6567	 -2.3808
+11.7913	 +9.3182	 +0.9230	 +1.5622	 +0.1110	 -2.8623
 +2.1282	-15.7740	+12.6750	 +3.3835	 +1.4104	 -2.7588
 +1.3112	 +7.0529	 -2.9320	 +3.8602	 +3.0547	 -0.5147
+29.0230	+18.9777	+14.3894	 -0.0365	 +1.2442	 -1.0380
 +6.0723	 -0.6772	-12.6464	 -0.9439	 -0.4476	 +2.1807
 +8.3474	+10.0025	 -4.7620	 +1.0483	 -1.6326	 +0.6820
+473.1847	+391.3907	-225.7123	 -0.2822	 +0.6709	 +0.3163
-139.4787	+105.1479	+202.1883	 -0.0944	 +1.1247	 +0.4170
+25.3171	 -8.2809	 +7.7058	 +1.7864	 -0.6435	 -1.1396
 -4.6506	 -4.9368	+14.2893	 -2.0158	 -0.9870	 -3.1611
 -2.7366	 +8.5773	 -8.9302	 -0.7458	 -3.5202	 -2.4456
 +4.6838	-10.5751	 -9.0419	 -2.3132	 -1.3748	 -0.2309
-65.3957	-14.7479	-14.1736	 +1.7733	 +0.2829	 -0.6845
 +2.1579	 +1.2988	 -4.0318	 +3.0286	 -1.5293	 +1.3783
+47.6782	-25.5333	-41.8975	 +0.2065	 -0.5473	 +0.5276
 -3.2622	 -2.2101	-10.9939	 +3.9892	 -2.3345	 +2.1970
 -3.8226	 +1.6270	 -2.8886	 +1.5812	 -3.9330	 -0.2433
 +4.8852	 +8.3241	 -7.5389	 -2.5128	 +0.4382	 -0.0929
-15.2730	 +1.9069	 -0.8543	 +0.4495	 +2.9766	 -0.3871
 +1.3364	 -0.5180	 -2.6780	 -2.0003	 +1.7357	 -2.3783
 -6.2476	 +4.5730	 -8.7977	 +0.7680	 -1.6814	 -1.9543
 +1.7021	 +0.2409	-10.2661	 +4.6370	 -0.4283	 +2.1946
 +1.1054	 +0.0506	 -0.8410	 +4.2508	 +0.6848	 -1.7315
 -4.9168	 +4.1837	 +4.3197	 +3.1135	 -1.2848	 +1.5456
 -4.3897	 -1.8458	 -7.7684	 -3.1900	 +4.4571	 +1.7078
+14.2757	+26.1634	-169.6205	 +0.0620	 -1.1726	 -1.2340
 +7.9844	 +7.6888	 -4.4983	 -2.6323	 +0.5761	 -2.6115
 -8.3878	 +7.2904	 +0.4470	 -1.8273	 -1.2758	 +2.9159
-11.2650	 +1.9986	 -2.8852	 +2.4434	 +1.9270	 -1.2950
 +0.8463	 -2.1391	 -0.8358	 -0.0466	 +3.6925	 +0.4616
-19.1457	+17.2358	-29.7737	 +0.0059	 -1.7399	 +1.5959
+14.7209	 +5.0147	 -4.9375	 +0.9637	 +3.3717	 +1.8761
+11.9574	-27.1778	+19.2250	 -1.8227	 -1.6090	 +0.2099
 +3.3566	 -7.3264	 -6.8823	 -1.3727	 +2.2923	 -2.0210
 -5.0382	 +0.3929	 +2.6132	 -3.5334	 +4.7852	 +3.1719
 +3.3739	 +3.1516	 +1.8899	 -1.0958	 +1.3959	 -4.6030
-11.2136	 -5.9595	 +9.2939	 -3.5909	 +2.0382	 -1.5878
 -3.6307	 +0.5767	 -2.9658	 -0.9676	 -1.9217	 -2.1922
-19.7974	+16.1149	-35.6248	 +2.5913	 +1.9626	 +0.7710
+59.9324	 -4.3926	+19.2913	 +0.0909	 -1.9161	 -0.3733
 -3.5356	 -0.9723	 -5.4599	 -0.1983	 -1.5728	 +4.4239
-34.9800	-65.3081	+50.6265	 -1.1929	 +1.1800	 +0.8267
 -4.2689	 +9.0768	 +0.1269	 -1.4516	 -3.3181	 +1.6907
+14.5242	 -0.2292	-18.2170	 -2.3807	 -1.6228	 -1.8351
+13.6819	 +9.4259	 -4.4368	 +0.8067	 +0.7971	 +0.4761
 -0.2874	 +6.9235	-11.0756	 -1.3015	 -0.5749	 -4.2314
+12.8333	 +7.6701	 -7.8058	 -0.4957	 +2.1671	 -0.7503
-16.6447	 +8.9811	 -0.6658	 -0.7615	 +0.9804	 +0.3100
 +3.0580	 -5.3583	 -1.6152	 +2.3843	 -3.5636	 +3.1015
 +1.1928	-11.7452	 -5.6032	 -2.3202	 +0.9557	 +2.2168
 -6.0775	 +3.5831	 +0.6102	 +3.2006	 -0.7434	 +4.6200
+14.2000	 +1.8579	-19.0251	 +1.2807	 -1.5273	 +0.7377
 -7.3873	 +8.1300	+28.4114	 -2.8442	 +0.7606	 -1.0450
 +4.9610	 -7.3779	+11.5258	 +1.2982	 -0.6726	 +0.7784
 +3.4296	 -2.9670	 -1.7695	 -1.9966	 -0.3236	 +0.5478
 -9.3211	 +1.4501	 +5.5998	 +0.1724	 -2.2794	 -0.1017
 +9.5917	 -2.8951	 -7.3594	 +4.5262	 +1.7709	 -3.7173
-11.0181	 -2.3518	 +0.2518	 +0.4168	 -1.3849	 -0.3596
 -0.1569	 +7.7367	 +0.4924	 -4.2635	 -2.9157	 -1.2643
 +8.9963	 +2.8770	 +8.0341	 +1.6613	 +2.2719	 -0.4375
-16.6286	 -0.9762	 +2.5747	 -0.7805	 +0.9936	 -2.1912
 +2.8710	 +5.4204	 -6.7209	 -0.5148	 -0.5653	 +1.3211
 -6.1528	-11.4395	 +3.6335	 +3.6384	 +0.4109	 +4.0065
 -2.2242	 -0.1300	 +2.5223	 +3.8034	 -1.0611	 -0.6592
 +7.6929	 -5.8751	 -1.7245	 -1.7770	 +1.1673	 +3.7065
 -9.1160	 -3.7196	-18.9449	 +2.2825	 -0.8506	 +1.1591
 -3.0772	 -0.1229	 -4.1130	 +0.7985	 +0.0826	 -2.4615
 -4.0022	 -1.0425	-20.9352	 +0.4825	 -0.3812	 +0.2328
+24.1574	-14.5582	+20.7228	 -1.4903	 +0.0246	 -1.2747
 +7.8668	 -0.0185	-18.3314	 +2.7191	 -1.6119	 -3.5224
+42.7257	+31.0904	-26.5123	 -2.3602	 +0.7180	 +0.0561
-21.1512	 +0.3170	-10.0145	 +0.7926	 +3.0032	 -1.8140
 +2.5628	 -7.5338	 -0.0500	 +1.6216	 +6.0253	 +1.9153
 -1.8060	 +3.1268	 +1.3341	 -1.3048	 +3.0541	 -2.4882
 -0.3008	 -2.5190	 -6.8052	 -0.2579	 +3.9385	 +0.1454
-11.8932	 -0.5371	 -3.7199	 +1.3173	 -2.1049	 +0.6238
 -7.1188	 +3.1518	 +2.7381	 -0.6522	 -3.6751	 +1.4844
 -5.2787	 -0.6988	 -7.1301	 -2.7571	 -0.7231	 -1.4480
 +9.5332	+23.1487	-26.5345	 -1.3358	 +0.1586	 -0.3230
 +5.9150	+11.0751	-17.4851	 -2.1083	 +0.9598	 -2.4480
 -5.4470	 +0.7103	 -6.6422	 -0.7031	 +2.4090	 +2.1334
 -3.6718	 -3.6266	 +4.9987	 -0.6957	 -3.1637	 +0.3245
 -2.7229	 +0.6124	 +1.3643	 +0.1098	 -2.3119	 +0.4926
-18.2080	 -6.5072	 -9.8678	 +0.2895	 +1.5126	 -0.9005
 +2.7050	 -0.0589	 -0.1690	 -0.3380	 -2.7757	 +3.5685
 -9.0545	-24.9137	+10.9979	 -0.4284	 -1.2159	 +0.3276
 -3.6190	 +2.7367	 +3.8219	 -2.5776	 -0.2960	 +0.9514
 -8.6170	+19.6977	-38.5232	 -1.4372	 -1.3824	 -0.9440
 -1.6869	 +8.5858	 +7.0744	 -0.9664	 +1.1408	 -2.5930
 +0.4154	-12.1302	 -2.9931	 -1.4197	 -3.3713	 -2.0745
 -5.8104	 -1.5231	 -5.0477	 +0.2088	 -2.7141	 -0.3359
-10.0931	+11.1310	 -0.1965	 -2.8041	 -1.2776	 -2.1320
+24.4430	-99.7832	-31.1754	 -1.3784	 +0.3658	 +1.0216
 -0.9174	+10.7662	 +8.0101	 +1.9440	 -2.1632	 +0.7240
 +9.1378	+10.2396	 +3.6032	 +2.3089	 +0.6741	 +3.8666
-14.6731	-22.7425	 -4.3353	 -0.6806	 +1.1041	 +3.5448
+13.4064	 +9.7090	 -3.4238	 -4.1994	 +0.2888	 -1.8345
 -2.1479	 -9.4425	 +2.9104	 +1.6445	 -1.4512	 -2.2246
-13.2348	 +7.7856	 -1.0053	 +0.8748	 -0.9878	 +0.2531
 +0.5169	 -4.2303	 +3.4326	 +5.2774	 +1.9485	 -2.1133
 +2.4895	 -3.8058	 -4.4598	 -1.8872	 +2.6457	 -0.2361
 +5.1796	 +1.1482	 -5.4413	 +1.4955	 -0.1607	 +0.5887
-24.6642	+11.2120	 +9.2706	 -0.8434	 -2.5124	 +2.8502
 -5.6147	+52.8564	-29.2187	 -2.0498	 +0.3706	 +1.4179
 +6.3197	 -0.7768	 +5.3733	 -1.7442	 -1.1692	 -0.2542
 +5.1361	 -7.1445	 -3.7004	 -4.1701	 -1.6681	 +1.2719
 -6.6134	 +4.4551	 -7.1149	 +1.8924	 +4.6258	 -0.5551
 -9.4469	 +3.1429	 -2.8532	 -1.6310	 -3.7665	 +3.3217
-21.1146	 -0.9893	 -6.2543	 -2.7903	 -0.4710	 +0.8359
+14.6912	-10.4250	-22.0080	 -1.7216	 +0.6134	 +0.1876
+120.8251	 +5.8102	-39.8755	 +0.1892	 +0.1441	 +0.7289
+15.2691	 +3.0347	-23.9309	 -1.5292	 -2.4149	 -2.3868
 -3.2069	 +3.7125	 -5.5095	 -3.6965	 +1.1941	 -0.6842
-15.8262	 -3.0350	 -4.1203	 -1.8476	 +0.8428	 -2.2723
 -7.7001	 +7.2542	 -2.0251	 +0.0068	 +1.0771	 +0.4735
+27.2117	-30.6155	 -8.8227	 -1.5283	 +0.8100	 -0.4359
 +5.2759	 +9.5512	 +1.6497	 -1.0738	 -1.3410	 -0.6235
 -9.3011	 -0.0698	-10.0540	 +3.3794	 +2.5062	 +0.2385
 -6.3914	 +4.0946	 -7.7209	 -2.8702	 -0.9546	 +2.3769
 +2.0776	 -0.7055	 -8.9343	 -1.1153	 +1.6502	 +4.2079
 -1.4800	 +1.8899	 -5.9658	 -2.2753	 +0.0942	 +1.4365
 +3.5266	 +4.6619	 +8.9297	 -1.5402	 -0.4161	 +1.4434
 -5.8238	 -8.2664	-11.1989	 -0.3670	 +0.9143	 +0.5083
 -8.4705	 -3.9102	 -5.9618	 -2.5669	 -0.2105	 -0.0936
 +2.4995	 -4.5089	 -5.8092	 +4.5949	 -1.1368	 -0.5105
 +4.6142	 -4.4250	 +1.4355	 +0.4376	 +0.6699	 +1.4086
 -1.2455	 -3.8918	 -1.7487	 -1.0088	 -2.9980	 +1.3722
 +2.2300	 +2.6724	 +4.6584	 -4.1525	 -2.1643	 +2.1137
 +6.6723	+13.2259	 +0.1292	 +1.8526	 +0.9562	 -0.5386
 -2.7904	 +1.5471	+10.9273	 +1.1845	 +3.4695	 +0.7046
 +4.8507	 +5.4517	-14.4328	 +1.7613	 -1.2152	 -3.0546
 +0.7616	-13.1804	 -8.8487	 -0.9006	 +2.2282	 -0.8259
 +8.1196	-20.8841	+15.4843	 +1.4240	 -1.5422	 -1.4091
 -2.7473	 +2.6964	 +3.9123	 -2.4572	 -3.2750	 -0.4048
 -1.6856	 +1.8992	 -4.2616	 -1.3204	 -1.3236	 +1.1039
-57.2887	 -0.0625	 +1.9560	 -1.2811	 -1.5410	 +0.4171
 -3.4911	 -3.5088	 -7.3751	 -1.3313	 +0.7759	 -3.3494
 +1.4353	+18.5407	 -8.2398	 -0.7578	 +0.7252	 -1.8214
+16.0510	-12.6061	 -1.0534	 -0.8760	 +0.1562	 +0.4883
 -0.2016	 -0.0772	 +1.3261	 +1.1828	 +4.2272	 -2.7729
 -5.5635	 +6.8589	 +2.2986	 +3.6955	 -2.2227	 -1.1866
-29.6466	 -3.4484	+37.9597	 +0.6869	 +1.1999	 -1.1171
-18.1959	 -0.6550	 +7.1682	 -1.2801	 -0.2336	 -0.8105
 -2.9605	 +8.3358	 -9.6281	 +2.0244	 +2.8267	 -1.4529
-30.1134	-28.4838	-15.5552	 +2.1479	 +0.9108	 +1.8281
 -7.7670	+27.5341	 +7.0955	 +2.7370	 +0.3182	 +0.1404
 +4.1721	-12.3594	 +4.5419	 +4.0002	 +0.1268	 +3.2286
 +1.4456	 -5.0003	 -3.9390	 -4.0509	 +2.5498	 -1.2217
+11.2675	 -8.5487	 +5.8582	 +0.5001	 +0.9148	 +1.2338
+1872.1901	-31.7963	+790.5452	 +0.2208	 -0.2337	 +0.0660
 +2.7915	 -3.6022	 -8.9485	 +1.5646	 -1.6410	 +0.3851
 +9.6876	 +9.9563	 +0.1136	 -1.3353	 +2.5536	 +1.2227
 -7.1602	 +0.2434	+11.9647	 -0.5861	 -0.7808	 -1.3423
+16.2821	-13.6110	 -5.1463	 -2.9447	 +1.3139	 +2.1281
 +7.2147	+12.5589	 -3.2696	 +1.3718	 +0.8159	 -2.0127
-59.3674	-53.9004	-70.3637	 -0.7943	 -1.2342	 -0.1688
 +1.3986	 +8.2195	 -8.1265	 -1.2820	 +3.1236	 +5.6841
 +6.1049	+13.3323	+10.4345	 -3.6456	 +0.9742	 -3.4862
+22.9915	-22.3732	+10.8117	 +0.0883	 +1.5565	 -0.0829
 +6.3855	 +1.2818	 +1.1984	 +1.5213	 +0.6843	 +0.0184
+17.4938	 +9.9352	 -6.0988	 -0.2985	 -4.2118	 +1.1138
 -7.6871	+14.2440	 +0.5408	 +0.8700	 -3.2772	 -0.9958
 -1.3505	 -0.4835	 -2.8326	 -2.6339	 +4.5116	 +0.3459
 +2.7383	 +1.3637	 -1.1145	 -0.2881	 -4.4452	 -3.1475
 +2.4691	-16.9484	-14.8277	 +0.2302	 -2.1514	 +0.5500
 -0.2671	 -4.0164	 -0.2697	 +0.0602	 +1.7621	 -6.0556
 -3.4008	 +4.6633	 +1.9024	 -2.8781	 -1.4608	 +1.7760
 -1.9577	 +7.6012	 +8.7757	 -3.1328	 +0.9792	 +0.6378
+10.0946	 -8.7099	 -5.6945	 -0.6869	 +1.1549	 -3.3528
 +5.7184	 +4.3231	 +1.0852	 -1.8321	 -1.1144	 -1.2954
 +4.5857	+12.9777	-16.2544	 -3.7978	 -1.1919	 +2.6504
 +4.3771	 +0.5145	 +4.8748	 -0.6503	 -2.7731	 -1.7817
 -2.1595	 -4.1954	 +1.2969	 +2.7589	 +1.3837	 -1.4950
 +0.6207	+16.5071	-10.8111	 +0.3986	 -1.7493	 -4.3777
-10.0805	 +7.4260	 +7.9320	 -1.2062	 +0.1245	 +1.4319
 +8.9592	 +3.2322	 -5.3100	 +1.2061	 +1.2387	 -2.1493
 +5.8150	 -8.1200	 +0.1988	 +1.0388	 -2.0356	 -1.6518
 -7.2299	 -9.5932	 +0.6359	 +3.5830	 -0.1888	 +0.2716
 +2.6948	 -2.4003	 -2.6266	 -4.5882	 +4.1887	 +0.0837
 -0.4576	 -8.3444	 -9.6101	 +0.1339	 -1.6721	 -0.6507
 +6.5580	 +6.4778	 -6.3495	 -0.0361	 -1.9739	 -0.1731
-23.0584	 +8.2970	 -3.6834	 -0.1011	 -0.7421	 +3.1661
-28.3402	 -8.1315	 -7.7748	 +0.2278	 -0.3289	 -2.7677
 -1.1690	 +1.4508	 -3.5382	 +2.7062	 -3.5846	 -4.7471
-131.2074	-46.4698	+74.7426	 +0.7211	 -0.9319	 +0.6628
 +0.9989	 +2.9958	 -5.2640	 +0.7579	 +0.3721	 +1.0893
-12.2912	 +6.2623	 -6.2640	 +0.6867	 +2.8967	 -0.0261
+12.3163	 -6.3755	 -3.0996	 +2.1357	 +1.1181	 -3.3799
 +9.1183	 +1.7356	-16.2569	 +2.0632	 -1.6943	 -0.2380
-16.8326	+11.0052	 -9.2912	 +0.2408	 -0.8508	 +2.0037
 -8.9624	+13.7345	 -0.0112	 -3.0838	 +0.2200	 -1.3406
 -0.6540	 -8.7311	 -6.8028	 +1.4307	 +1.2982	 +3.7093
-111.9721	-105.4692	+101.0506	 +0.4129	 -0.2425	 -0.1342
 -8.8041	+37.2787	+17.4314	 +2.2610	 +0.7077	 -1.8870
-25.3341	-23.0672	+16.8831	 -0.7515	 +1.3168	 +1.8782
-20.3753	 +7.6085	-33.5367	 +2.3404	 -0.5903	 -1.7193
-20.1184	-19.4583	 -9.2050	 -0.9252	 +1.7994	 -0.1338
 -2.8664	 +1.8092	 -4.1710	 -1.9461	 +0.7478	 +2.9272
 +1.4248	 -2.0518	 -5.0487	 +0.3872	 +1.8518	 -2.9183
+13.0900	 -2.5976	 -3.1274	 +1.4229	 -1.7366	 +1.1594
 -6.3231	 +6.2439	-10.2403	 -1.7812	 +3.0292	 -1.2813
-16.3418	 -1.1642	 -4.2396	 +3.6501	 +1.2299	 -1.2390
 -5.8847	-18.7380	 +2.0028	 +3.0455	 -0.3617	 -2.0901
+17.5051	-91.2651	+15.3701	 -1.0033	 +1.4092	 -1.2166
-19.5781	 +5.2485	 +6.6514	 -0.3029	 -0.4846	 +0.4242
 -0.0111	 +5.7895	 +5.3918	 -0.7545	 -0.1893	 +0.5907
 -0.4491	 +1.8682	 -0.6575	 -2.0809	 -0.3489	 +0.3076
 -0.3367	 -0.9795	+10.2743	 -0.4408	 +1.5621	 +2.9159
 -8.3687	 +6.2611	 -0.5697	 +1.4070	 -2.2441	 +2.5194
 -5.8235	 -3.2374	+11.6051	 +1.4839	 -3.1968	 -3.4215
 +0.5741	 -3.4827	 +5.8878	 -2.3951	 +0.4006	 -5.3763
 +8.1217	 +0.2062	-18.8508	 +1.1828	 -3.5822	 -3.5511
 +0.8429	 -3.7062	 +1.7917	 +0.7664	 +1.7074	 +0.1870
 +9.9123	-11.9341	 +7.0030	 -1.6837	 -0.0781	 -0.0400
 +2.3396	 -1.2589	 -8.5891	 +1.2595	 +3.3355	 +0.5808
 -6.4120	 -1.2137	 +0.8940	 +0.7975	 -1.7661	 -1.1774
 -7.9754	 +6.8862	 +2.7079	 +3.9280	 +5.4267	 +1.0818
 -3.3172	 +8.2966	-21.5271	 +0.1243	 +2.1421	 -1.4302
 -0.1337	 -1.4584	 +6.7068	 +0.3753	 -0.1741	 +3.0029
 -4.8104	 +5.1982	 -2.6957	 -2.2067	 -2.1111	 +0.6352
 +4.7146	 -0.0606	 -1.6477	 -0.1290	 -4.5917	 -2.5331
-153.6308	-55.9723	+203.3726	 +0.5404	 -0.6757	 +0.2106
 -5.3166	 +3.6932	 -6.0652	 +0.6095	 -0.1975	 -0.6817
 +4.7201	 -4.4731	 +2.3879	 -3.0844	 +2.3241	 +1.3430
 -8.2006	 -0.6718	 +1.2717	 -3.8412	 -2.5242	 -2.1295
 +0.3238	+14.8060	 -1.3963	 -0.9141	 -0.6862	 +2.5866
 +1.1234	 -1.7343	-12.7367	 +0.2447	 -0.1289	 -0.2375
+26.8029	+46.4880	-11.0069	 -1.2383	 +1.1958	 -1.8794
 +4.8433	 -4.1842	-14.2174	 +0.4211	 -2.3398	 -1.8321
 +6.7948	 +4.0472	 -8.6276	 -2.9255	 +2.2191	 -2.8407
 +6.0683	 +3.3305	 -6.7374	 +2.7164	 -1.1781	 +5.5561
 -1.3589	 -5.2578	 +0.6219	 -1.0812	 -1.2345	 +4.3082
 +3.8648	 -0.1951	 -7.9752	 +1.8636	 +1.3657	 +0.1988
 -4.7282	 -8.0398	 -7.0506	 +2.1110	 -3.0321	 -2.1592
 -2.8976	 -1.5048	 +3.0559	 +0.0332	 +0.2846	 +1.5878
 +5.5739	 +2.4706	 +1.2927	 +3.0233	 +3.2161	 +2.5395
 -1.2546	 +3.0095	 -6.3603	 +0.5726	 +1.8486	 -4.5319
-11.1364	 +0.4731	 +1.4627	 -3.8762	 +0.4692	 -3.6224
 +1.0614	 -1.3658	 -4.0539	 +1.7561	 -3.0377	 -1.6378
 +2.2492	 +5.4178	 +5.2414	 -0.7312	 +2.4602	 -0.5199
 -6.0897	 +0.3371	 +3.0268	 -0.9464	 -2.7279	 +2.5487
 -2.3737	 -0.5511	 +2.9759	 -0.4560	 +1.3221	 +0.1302
 -6.0114	 -4.7554	+30.3811	 +2.2187	 +2.2265	 +1.8530
 -1.0021	 -0.2903	 -4.3498	 +0.8865	 -1.2304	 +1.2880
 -1.7818	 -7.1231	 +2.0545	 -4.0570	 +3.0872	 +0.3498
 -1.5578	 +3.9661	 +4.3487	 +3.7469	 +2.6564	 -0.7102
 +8.1148	 -0.6542	 -9.8978	 +3.2387	 -2.2187	 -3.1187
 +1.3443	 +5.0607	 -0.5424	 -3.1456	 +1.8555	 -2.3497
+11.6763	-12.6594	 +6.3381	 -1.1066	 +0.1194	 +2.3623
 +3.5870	 -4.4146	 -1.8877	 +0.2585	 -4.8674	 +3.2194
-11.3580	+28.2081	-48.0419	 +0.7344	 -0.0743	 -0.5938
 +7.7051	 -6.3680	-46.5571	 -0.2532	 +1.1667	 +1.2808
 -2.5482	 +4.2256	 +2.3861	 -3.2540	 -0.3066	 -0.4976
-17.0716	-11.3350	-13.1473	 +1.3873	 -1.6696	 +0.1310
 -1.6903	 -1.2530	 -5.1322	 +2.9712	 -2.6923	 +1.3538
 +4.3426	+10.4562	 +0.2203	 +4.1097	 +3.1315	 +1.4660
-12.2941	-66.4713	 -6.7267	 +1.3453	 +1.2006	 -0.6693
 -6.5389	 -9.1473	 -2.8161	 +0.2874	 +0.7806	 -3.8644
 +0.3594	-12.6554	 +6.0211	 -2.3367	 -1.2955	 +0.4795
 +2.8247	 +2.9031	-20.7728	 -4.1087	 +1.8228	 -1.3768
 +7.6136	 -5.4083	+10.0407	 +0.5277	 -4.2649	 +3.1123
 +3.1992	 -1.4593	 -1.6613	 -0.4038	 +0.3298	 +6.8418
 +7.4491	 +2.8363	 +1.2224	 +1.4923	 -1.4097	 +3.8880
-12.7480	 +8.2813	 -1.4610	 +1.0991	 -1.2750	 -0.5244
 +4.3702	+11.8077	 +5.0663	 -1.2940	 -0.6319	 +1.1268
 -4.7268	 -4.3704	 +3.9811	 +3.1437	 -0.0573	 -0.9649
 -8.2316	-15.9942	 +1.1791	 +0.5217	 +3.0305	 +3.1244
 +5.3869	 +0.8719	 -4.8405	 -2.2697	 -1.1053	 -1.9309
 -4.6227	 -7.9669	 -7.6255	 -2.9402	 -3.1765	 -3.0909
-55.5784	 +2.0904	-15.6566	 +0.8981	 +1.2763	 -0.9172
 -0.2325	 -0.2385	 -7.7043	 -1.7960	 -1.7533	 -2.5533
 +3.6821	 +4.7742	 -0.6965	 -1.8441	 -2.0031	 +2.6751
 -5.7188	 +9.8822	 -0.6195	 -3.5357	 +0.4395	 +0.2464
 -1.4780	 -3.7902	 +1.4815	 -1.6383	 +3.3570	 +1.7170
+11.5037	 +8.1518	-16.5946	 +1.8981	 +2.1199	 +1.5366
 +2.0310	 +2.6435	 -3.8842	 -0.9316	 +2.9415	 +6.9508
 -1.8080	 -0.8730	+18.6451	 +1.9214	 -2.2065	 +1.1404
+14.1848	 -1.8369	 -8.3891	 +2.1050	 -0.6918	 +2.9041
 +9.5386	 -9.2517	 -4.2401	 -2.2253	 +0.1767	 +1.3623
 -0.8497	-23.5114	-23.4721	 -0.6977	 +1.8943	 -0.1057
-13.5398	+15.9038	+10.0038	 +0.2817	 -2.1054	 +1.4062
 +4.2650	 +0.8229	 -2.4804	 -0.9765	 -1.2969	 -2.2763
 -6.9558	 -9.5462	 -9.3383	 -0.0167	 +0.8400	 -2.6556
 -4.3288	-14.1342	+10.3757	 +0.9778	 +0.5981	 -0.8215
 +2.7864	-14.0960	 -3.9293	 +0.5126	 -1.4192	 +2.2736
-10.1540	 +3.9967	-13.5569	 -0.7520	 -0.4751	 -2.0872
-16.0594	 -2.0118	 +2.9493	 -0.5887	 +0.2515	 +3.7652
 +1.2220	+11.0645	 +0.9195	 -0.1750	 -2.2556	 -2.0844
+35.6624	 +5.6061	 +7.5880	 -0.4497	 -0.3045	 +0.5033
-12.5439	 +9.3655	 +8.1052	 +3.4021	 -2.2665	 +0.7341
 +1.4068	 +3.8073	 +3.3189	 +0.2177	 +1.9261	 -1.3306
 -0.6981	-30.3791	-26.3079	 -1.2364	 -1.1962	 -0.7462
 -6.8897	+11.8239	 -3.5612	 -2.3375	 +3.1819	 +2.7918
 +0.6877	 -3.7284	 -8.5438	 -4.6854	 -1.7817	 +1.1424
-15.4386	 +5.8001	+13.9495	 +4.7490	 -0.7940	 +2.3318
 -4.3940	 -1.7113	 -4.9523	 -0.4871	 -4.6042	 -0.4443
 -3.8720	 -7.1214	 -5.7888	 -3.1578	 +0.0473	 -3.6540
 +8.5216	 -4.4876	 +2.1148	 -0.8533	 -2.2416	 -1.8315
 -9.5919	-13.9067	+10.9095	 +1.4749	 +0.6302	 -0.6605
 +3.7069	 -9.8093	 -6.6930	 +2.8954	 +1.8484	 -1.0911
+11.4231	-13.9623	-10.1725	 +0.7869	 +1.2621	 +0.7275
+15.2265	+10.6811	 +5.4701	 +1.3499	 -2.5693	 +0.8330
+25.3582	 +2.2630	-12.1733	 +0.5172	 -2.2729	 +1.1884
-17.6298	 +9.4298	+23.2184	 +0.9267	 +2.6795	 +0.5463
+30.1475	-17.4323	+69.9918	 -0.2162	 -1.7808	 +0.3081
 +6.3584	 -1.3425	 -3.6121	 -4.1266	 -1.7794	 -2.4702
 +6.3736	 +5.0834	 -6.6086	 -1.2856	 +4.2013	 +1.6470
 -4.2410	 +0.6870	 -4.9260	 -0.9222	 -1.0453	 +1.7511
 -2.4904	 -1.9036	 -4.6640	 +5.0182	 -3.0307	 +4.8146
 +8.2687	 +9.7370	 +5.6099	 +0.1545	 +1.5758	 -0.0611
+30.1918	 +0.1865	-13.5228	 +0.1178	 -0.5905	 -1.5523
-10.4886	 +2.1373	 +2.6196	 +2.5381	 +4.5759	 +0.3964
-20.9386	+22.2606	-22.5389	 -0.8194	 +1.0169	 -1.2251
-18.0496	-22.9451	+15.5969	 -1.7490	 +0.6085	 +0.6959
 +5.2282	 -3.2730	 -4.2542	 +0.2044	 -0.1906	 -1.1531
+19.4076	 -4.0251	 -5.7922	 -0.2931	 -1.9550	 +1.4866
 +6.1283	-11.7635	+11.0238	 +0.7594	 +2.7498	 -1.8150
 -0.9116	 +3.6180	 +2.6786	 -2.3205	 +1.5619	 -1.5785
-11.3211	 +6.9374	-11.0766	 +0.3727	 +2.0256	 -0.3748
 +6.5433	 +1.9984	 -3.9390	 +0.5707	 +0.4233	 +0.7628
 -9.6810	 -9.6554	 -8.9920	 +0.1189	 +0.9291	 -0.3711
 -5.5947	 -4.5459	 +0.5617	 -0.6487	 +3.4486	 +4.2557
 +7.0703	 -7.0007	+29.3809	 -0.9131	 -1.7235	 -0.5694
 -2.4567	 +2.2812	 +0.8126	 +4.0972	 +3.0931	 +0.1910
 +4.0083	 +6.1049	+15.3718	 +0.8277	 -2.4500	 +0.7488
 -3.8938	 -1.2292	 -2.4030	 -2.2656	 -0.0604	 +4.0333
 +4.4309	 -2.5658	-10.9723	 +2.1858	 -1.2859	 -5.6341
 -9.3491	 +0.9173	 +5.2858	 +1.4859	 +1.0338	 -2.5755
 -5.0412	 +1.7261	 -2.3065	 +0.1940	 +1.4942	 +2.4948
+27.8211	 +1.8333	-18.0436	 -1.8613	 -1.3482	 +0.6536
-20.1872	 +8.2813	-29.3952	 -2.4291	 -0.9754	 +0.2656
 -8.4983	 -1.7483	 -4.9386	 +2.3271	 -0.2516	 -0.1399
 +5.5755	 +1.3833	 +3.1793	 -2.8123	 +1.7546	 +2.1470
 -3.0928	+15.2185	 +3.6197	 -0.0182	 +0.0709	 +0.3815
 +3.5737	 -1.1623	 -7.9889	 +2.6458	 -3.1510	 +2.6567
 -6.6775	-12.9459	 -0.5074	 -0.5882	 -2.1136	 -1.5218
-10.8807	 -7.1487	 -3.0299	 -4.1289	 -3.4465	 +1.3468
 +6.6143	 +4.2145	 +5.5743	 -5.5370	 +0.3825	 -1.4079
 -2.1378	 -0.3347	 +2.7431	 +0.4385	 +1.3587	 +4.8556
-11.7643	 -1.6610	 -9.1774	 +3.0762	 -0.3429	 -0.0902
 -4.4723	 -1.1382	 +0.5552	 -1.8696	 +0.6725	 -0.6143
 +1.9876	-14.2650	 +1.3261	 -0.8938	 -3.2924	 -1.2736
+15.3869	-57.7141	-29.4491	 -0.5391	 +1.2772	 +0.8741
 -2.8077	 -9.9422	 +5.5053	 -0.7378	 -2.7981	 -3.7224
 -4.2486	 +1.9814	 -0.3119	 -2.7708	 -0.0989	 +1.7951
 +4.0816	 -1.8571	 +3.0695	 -0.8620	 +0.1979	 +2.3692
 +4.7846	+16.7851	+21.4145	 -1.4317	 -0.8683	 -2.2808
 +5.2222	-14.1031	 -4.1162	 -0.5711	 +0.6895	 -0.2483
 -3.5560	 +7.2585	-13.1975	 +0.6515	 -0.6909	 -1.4504
 +9.7429	 -9.8570	 +7.8057	 -2.1571	 +2.5606	 -3.7818
 -8.2421	 +2.8246	 -1.4460	 +0.0943	 +2.4705	 -2.5132
-68.9369	-50.9959	+30.5005	 +0.7314	 +1.3919	 +0.4428
 +5.2935	 +1.7386	 +2.3258	 +1.8453	 +2.7903	 +3.5190
+53.5706	+36.0223	+39.6495	 -1.4485	 -1.4216	 -0.5096
 -0.3117	-11.9943	 +6.6735	 +2.3877	 -3.0962	 +0.4280
 -3.4730	 -3.0831	 -2.6743	 -2.8534	 +4.5435	 -1.7051
-111.8744	+55.4543	-20.2391	 -0.4026	 +0.7124	 +0.2903
 -8.0607	 +1.1730	 +7.4201	 +0.5925	 +1.8579	 +4.1752
 +3.2814	 +0.7805	 -2.7030	 -4.0066	 -4.0098	 -1.2272
 -3.3466	 +0.7287	-10.3196	 -2.9856	 -0.7679	 +2.8224
 +1.1965	 +0.6928	 -1.5572	 -0.9491	 -4.0737	 +2.5802
 -2.8518	 +5.1729	 -4.7263	 +1.5690	 -0.9861	 +1.1811
 +5.1476	+16.0969	 -9.0199	 +2.7465	 -0.8859	 +0.1499
 +5.0264	 +4.1739	 -0.7909	 -2.1509	 -2.1827	 -0.4214
+12.4980	 -7.7703	 -2.8748	 +1.4602	 +0.3688	 -1.4394
 -6.1780	+28.0393	 -8.6937	 +0.4012	 +2.0958	 +1.2631
 -3.2643	 -5.2453	 +1.5983	 -2.5451	 -4.3388	 +2.3675
 -2.7867	 -2.3615	 -3.5027	 +2.2311	 -1.2681	 -0.1263
 -6.4460	 +5.9680	 -2.7576	 -2.1832	 -1.1732	 +2.4878
 -1.3675	 -4.9707	 +5.4376	 -3.0331	 -0.1905	 -1.6176
-37.5904	+15.3640	+13.8607	 -0.2620	 +0.6581	 -0.0027
+12.0368	+14.7254	 -1.2714	 +2.8051	 +1.1382	 -3.3777
 -8.0505	-29.8231	+14.6821	 -0.9745	 -2.3357	 +0.5243
 -0.2148	 -3.5076	+14.6077	 +3.5907	 +1.1673	 -0.1370
 +0.2673	 +0.0864	 -0.6388	 +2.0644	 -2.9669	 +3.3084
 +2.0237	+18.0970	-31.1878	 -1.7373	 +0.0039	 -1.0515
 +4.8693	 -7.2281	 -0.3357	 -2.5887	 -2.3288	 +2.2808
 +0.8214	 +2.6333	 -7.2435	 +2.4118	 -1.2373	 +4.9995
 -2.5015	-12.1287	 +0.5394	 -1.9274	 -2.8330	 -1.7198
 -3.0307	 -9.5651	 -9.8574	 -1.7057	 +1.8122	 -1.4087
 +0.9091	 -3.1955	 -3.0547	 +3.1224	 -2.4395	 -3.3539
-10.1084	 +3.5512	 +2.7846	 +3.2633	 +0.4541	 -4.0223
-54.1338	+17.5424	 +8.3061	 -1.6018	 +1.2804	 +0.6982
 -1.4436	 -2.2609	 -3.1135	 +1.8182	 -0.5953	 -0.2168
-28.6544	+31.9399	 +8.6506	 +0.1217	 +3.7164	 -0.2764
 +3.9934	 +5.3504	 -5.9445	 +3.0154	 +3.4309	 -2.9166
 -8.7050	-10.0442	 -5.5504	 +1.7085	 +0.3711	 +0.6847
 +0.8270	 -0.2118	 -4.9042	 +0.0705	 -0.6075	 -0.0268
 -5.2584	-49.9316	+35.9760	 +1.9742	 +0.4963	 +0.5519
 -1.2870	-11.0986	 -4.1363	 +1.9638	 -2.1537	 +0.5263
 +7.2969	 -3.4422	 +5.7966	 -1.7055	 -0.0064	 +1.2219
 -7.8919	+12.6099	+19.2539	 -1.6396	 -1.5165	 -0.2677
 +5.3587	+20.0075	+15.5801	 -0.2894	 +0.1035	 -1.0583
 -1.0907	 -1.4332	 -4.5710	 +0.7168	 -2.7940	 +4.5098
 +3.7254	 -5.5371	 -1.8625	 -0.4876	 -2.3595	 +0.3403
 +0.0664	 +4.2744	 +9.0997	 +1.9312	 +1.6611	 -0.1353
 -0.5926	 -2.6178	 -1.1691	 -3.7947	 +0.1074	 +0.7756
 +9.3167	-18.5149	 -3.6826	 -1.3438	 +0.4395	 -1.2957
 +0.2889	 +1.7176	 -3.1621	 +0.6588	 -4.1939	 +2.4654
 +5.8553	+11.3378	+11.4099	 +1.1297	 -3.6967	 +1.0377
 -0.4109	 -2.2009	 -0.0385	 +2.0611	 +4.5910	 -1.5734
 +2.3894	 -1.1826	 -4.3801	 -1.6994	 -0.0754	 -1.4823
+14.1396	 -1.0834	 -0.7214	 -3.0340	 -3.3531	 +0.3426
 +6.1121	 +1.6426	 +0.9525	 +0.9092	 +1.1767	 +4.8909
 -3.3453	 +0.6229	-15.3357	 +1.1002	 +1.9294	 -3.6740
 -5.1984	 -2.6197	 -4.9640	 +0.8729	 -0.6550	 -2.6199
 -7.7949	+13.4865	 -0.2668	 -3.5420	 -1.9187	 -1.3868
+14.1943	-13.5849	 -1.3428	 -0.1175	 -1.9727	 -1.1775
 -5.0001	-17.3440	-14.4796	 -5.2101	 -7.1683	 -7.0365
 +0.3459	+14.5545	 -5.0694	 -1.5623	 -2.2099	 +2.8417
 +1.0946	-11.7405	 +0.1183	 -3.9993	 +0.4878	 +0.7836
 +9.1964	 +0.5509	 -2.6488	 +2.5006	 -2.6081	 -0.5458
 -4.9615	 -5.6465	 +6.2063	 -0.9563	 +1.1657	 +1.3357
-17.8312	 -0.0675	+12.0279	 +0.4637	 -0.9335	 -0.9029
 +2.0291	 -4.5217	+43.8735	 -1.1865	 +0.9734	 +0.9049
 -3.1320	 +2.3636	 -9.5720	 +0.4511	 +3.5990	 +1.7876
 -6.3175	+17.8086	 +0.2324	 +3.0062	 +0.2628	 -0.1163
 -5.5077	 -1.2502	 -2.0155	 -0.8306	 -1.4820	 -1.1695
 +6.9087	 -1.7237	 -0.0599	 -4.6333	 +2.3056	 -2.6744
 +1.6240	 +0.4513	 -2.2491	 -3.1449	 +3.2639	 +0.0038
 +0.7349	+21.9104	 -4.1049	 -0.1564	 +2.4636	 +2.4953
 -8.4190	 -3.0385	 +5.3834	 +1.5767	 +2.4049	 +2.9691
-16.2653	 -0.5495	-43.9486	 +1.4820	 -1.1174	 -0.1730
 +7.6166	+10.6858	+30.5468	 -1.6379	 -1.4083	 -0.5087
 -7.0419	 +1.2039	 -3.8225	 +0.2792	 -1.2285	 -1.2912
 -6.1771	 -9.1999	 -5.1674	 +1.0176	 -1.4260	 +0.2935
 -9.4668	 +7.6625	 +1.3078	 +0.4131	 -1.6674	 -5.8995
 +4.1751	 -1.6384	 +3.0656	 +1.7102	 +2.4280	 +3.9032
 -8.5715	 -6.0826	 -4.8678	 +2.0320	 -0.3523	 -0.8773
-14.0745	+15.4262	 +7.4017	 -0.1709	 -0.9011	 -1.8935
 -1.6544	 +4.0514	 -5.1188	 -2.2293	 +1.1296	 +5.2970
 +5.4270	-13.4480	 -3.3996	 +1.1519	 +1.2290	 -2.7013
 -3.1944	 +0.2476	 +1.9104	 +3.4713	 +2.7336	 +0.0328
 +5.6246	 -4.5154	 +4.9812	 -1.3607	 -0.5141	 +3.3171
 +3.4295	 +7.2818	 -1.9800	 +4.8581	 -1.2942	 +4.6785
 +5.2985	 +3.7386	 +3.7093	 +3.5026	 +2.1447	 -2.8244
 -6.7058	 +1.8447	 -1.3108	 -0.5160	 +1.3187	 +2.2587
 +3.2959	 +7.1595	 -4.5691	 +1.0804	 -0.4136	 +2.6624
 -0.6346	 -6.1509	 -9.8048	 -0.8755	 +0.9893	 -0.2659
 +0.8271	 -3.2861	 -2.0408	 -2.2079	 -0.4405	 +2.2057
+24.8691	-12.7745	 +9.0111	 -0.3808	 +0.9064	 +0.5656
-15.6441	+12.0800	 -9.9162	 +0.8916	 -2.5351	 +0.1807
 +0.2219	 -4.5334	 -6.1302	 +4.4906	 +0.2712	 +0.6283
 -5.9307	-10.3085	 -5.7526	 -0.4653	 -1.2011	 +3.2059
-10.7586	 +0.9989	 +2.0531	 +3.2444	 +2.9878	 -3.0123
+16.1040	 +2.7071	 -3.8738	 -0.2953	 -2.0835	 +4.0150
+16.0448	+10.4770	 -5.1892	 +0.8615	 +2.1710	 -0.4137
+16.8841	-10.6106	-10.6767	 -1.6856	 +0.6098	 +3.8992
-18.6851	-13.5443	 +4.1061	 -2.1130	 -0.0483	 +1.3145
 +2.6725	 -1.8889	 +4.9633	 +1.5207	 +1.0210	 -1.9639
 -3.2346	 +3.8464	 -2.3120	 -0.5204	 +1.1727	 +1.5034
+16.0476	+12.7053	 -1.0399	 -2.9844	 +0.3295	 -0.1351
-13.6321	 -1.3749	-18.0689	 -2.8622	 +3.0966	 -0.0659
 -9.4252	 +6.2855	-19.5720	 +0.5765	 +2.0994	 -1.5581
+19.1145	 -0.5963	 -3.9317	 -2.1078	 +1.3819	 +0.7986
-13.1529	-10.1544	 -3.7188	 +3.3275	 -0.0478	 +0.6719
 +4.2288	 -3.3133	 -8.0030	 -1.6035	 -3.0786	 -1.3228
+14.4916	+10.0299	 +4.0781	 +4.4398	 +2.1336	 +4.3816
 +5.0187	 +1.3977	 -0.4410	 +4.4047	 +2.0895	 -2.2498
-14.8042	 +5.6125	-18.3516	 +1.9572	 +1.4355	 -0.3732
-37.0116	 +6.4585	 -0.3676	 -1.2356	 +2.6093	 +0.9752
 -7.8852	 +6.5260	-15.4383	 +0.2062	 -0.3005	 -1.7740
 -3.1597	 -2.8256	 +1.8311	 +1.2352	 +3.2547	 -1.8693
 -6.6130	+18.1295	-12.5696	 -0.1118	 -1.5395	 -1.6976
 -2.6667	 -9.7063	 -3.4548	 -3.0405	 -1.4230	 -2.1872
-11.5908	+13.8315	-47.8424	 +0.2879	 -0.1779	 +0.6030
 +9.5347	+14.8941	 -3.3280	 -1.8821	 -0.2556	 +0.0002
+18.5688	 -2.1709	-19.4504	 -0.1782	 -1.7513	 -0.1754
 +7.8055	 -1.7943	 +3.8795	 +2.8824	 +0.5213	 -2.1289
 -1.0206	+23.9520	 -1.7625	 +1.1847	 -0.1202	 +3.7824
 -3.9356	+11.0860	 -0.7596	 +0.5184	 +2.3785	 +2.4041
 +0.7226	 -4.3038	 -8.9750	 +0.9327	 +2.8849	 -0.4735
-17.2768	 -0.4172	 +5.0273	 +0.2068	 +0.3675	 +2.1359
 -6.8250	 -0.3814	 -7.5900	 +2.3914	 +0.1178	 -1.3916
 -2.0266	 -6.8723	 -2.0888	 +2.7594	 +4.3386	 -0.2664
+12.6445	+16.8152	-14.5972	 +1.8579	 -2.7976	 -1.9218
 -2.3947	 -1.3892	 +0.4293	 -0.0249	 +0.8796	 -1.1934
 +5.7108	+12.1641	 -4.6847	 -2.3880	 -1.9132	 -2.0625
 +3.3623	+12.6593	 +6.6574	 +1.1852	 +3.0938	 -1.0853
 -6.8540	 -1.9491	+10.0591	 -1.4246	 +1.9644	 -3.5248
 +0.9891	 +2.8187	 -0.9333	 -1.2609	 -1.4030	 +2.8273
 -5.1366	 -2.7063	 +2.3709	 -1.8559	 -2.3703	 +1.7686
-13.8134	 -2.6553	 -1.2888	 -0.9058	 -1.4404	 -0.3806
-11.4536	 +1.6293	 +2.6797	 +0.3397	 +5.0310	 -2.8672
 -0.1047	 -4.4051	 +1.9065	 +1.7041	 -3.5022	 -0.6389
 -1.3968	 +0.3908	 +2.6408	 +1.4736	 +1.4595	 +0.5268
 +3.3405	 -0.1682	 -1.4487	 +2.1647	 -2.0955	 +2.6428
 -1.6378	 -9.3979	 -4.9130	 -0.1181	 -1.0450	 -0.7558
 +1.0916	 -3.2140	 -0.0459	 +1.9430	 +2.5459	 -1.6023
 -3.6351	 +1.0501	 -5.9379	 -5.5305	 +1.1457	 -0.3624
 -2.1222	 -1.5412	 -0.9644	 +4.1902	 -6.3979	 +0.7930
 +0.4318	 +7.5363	 +3.3367	 +2.5198	 +1.0198	 +4.7951
-10.3130	 -8.2056	 -1.5398	 -2.6102	 +1.5376	 +0.8772
 +0.3190	 -0.5604	 +0.8765	 +1.2614	 -0.3442	 -0.4779
 +0.1792	 -5.3134	 +7.6797	 +0.0121	 +0.8944	 +2.5935
-16.4816	 +1.9020	 -9.6086	 +2.6171	 -0.3302	 -4.6816
-13.5460	 +4.3621	+24.1557	 -1.5521	 -0.9982	 +2.1905
 -4.3480	 +0.5071	 -5.0653	 +0.5194	 -0.9470	 +0.1359
 -4.3789	 -2.4126	 -1.5400	 +0.3658	 -0.0048	 +0.3238
 +8.7168	 +3.7157	 +2.3853	 -1.5419	 -2.9143	 +0.1654
 -8.3449	 +1.6873	-14.8667	 -0.2689	 +1.9331	 -0.0264
 -3.4848	 -8.4640	 -9.6964	 -6.1531	 +1.8172	 -1.2976
 -0.1656	 +1.9174	 -4.5370	 -1.2384	 -3.2825	 -1.1453
 -4.0557	-40.2506	+59.7202	 -0.3643	 -0.9336	 +0.1195
 -3.1694	 -2.7466	 -6.5438	 +1.4067	 +2.8675	 +0.1749
+27.5146	+27.9532	-26.4422	 -2.2339	 -1.6589	 +0.9639
 -8.3094	 -9.0316	 +2.8651	 -1.0064	 +0.2594	 -0.9389
 -3.8089	 -2.6081	 -4.6996	 +0.7150	 +3.6127	 +2.4462
+49.3461	 +0.7010	-36.0452	 -0.7233	 -0.1762	 +1.8194
 +0.0028	-41.2548	+33.1843	 +2.6142	 -1.3561	 +0.8869
+104.0638	+54.3864	 +6.8956	 -0.0908	 -0.8686	 -1.6239
+13.9341	+20.3173	 +6.4330	 +2.0570	 -3.0783	 +0.0103
+29.2653	+64.0590	-33.5437	 +1.0321	 -0.6850	 +0.1655
 +1.5188	 +3.3817	 +0.5614	 +2.4344	 +2.7620	 -4.0069
-18.7743	 +3.2800	 +3.4700	 +0.3799	 -3.7829	 +1.0815
-22.3168	 -1.7472	+18.7104	 -0.9868	 -0.5552	 +4.0684
+14.8619	+41.7864	-46.3023	 +0.5671	 +2.3175	 +0.6914
+14.0391	 -6.6431	+34.5275	 +1.1200	 +1.2120	 -2.0778
 +2.6559	+10.3091	 +4.5817	 -5.4209	 -0.8754	 -0.8214
 +6.3325	 -8.2045	 -2.3201	 -0.2020	 +1.5960	 +1.7343
-14.5181	+10.0959	 +5.8033	 -0.4838	 +2.6016	 +1.3389
 +4.5335	 -2.3022	-12.0757	 -3.0198	 +1.4292	 -0.1143
 -9.4774	 +1.3605	 +8.8503	 +0.1653	 +1.5355	 -0.5968
 +2.1145	 +4.0554	 +1.0273	 +4.7955	 +1.2970	 +0.8738
 +6.7254	 +9.5457	 +6.8618	 -0.1614	 +0.7972	 +0.9413
 -5.0204	 +4.8427	 +6.3613	 -0.4135	 -5.4581	 -1.9584
 -0.0143	+14.6211	 -5.5071	 -0.9010	 -0.1614	 +3.5487
 -1.0654	+13.2604	-21.0406	 -1.9461	 -1.0571	 +2.0877
 -7.8549	+16.6864	 -3.1079	 +0.2286	 -0.6987	 +0.0346
 +8.3252	-12.2915	-13.3160	 -2.7745	 +2.8427	 +0.5917
 +3.8632	 -4.9096	 -6.1811	 +1.0715	 -1.3361	 -0.5158
 -5.4177	 -4.1360	 -3.6940	 -1.0541	 -1.4170	 +2.6124
 +1.8911	 -4.0150	 -2.2463	 -3.4789	 +6.0276	 -0.4987
 -4.7707	 -3.3779	+12.2828	 -1.8653	 +0.5253	 +4.0338
-11.7862	 +2.1793	+18.2563	 -0.4945	 +1.8066	 +1.1558
 -0.7646	 -7.1539	-11.4442	 -0.5789	 -1.6495	 +1.2862
 -4.7449	 +3.4657	-13.4545	 -1.0687	 +0.3575	 -0.3908
-21.3126	+30.3008	+11.3847	 +0.7896	 +0.6450	 +0.3390
-14.1377	 -8.4765	 -7.3070	 -0.0336	 +2.5340	 -1.3953
-16.8309	 -9.4971	 -4.8634	 +1.7529	 -2.2299	 -0.8447
+25.8675	 +4.8645	 +8.3859	 +1.3115	 -1.4373	 -0.1829
-13.0037	 -1.9489	 +5.6378	 +2.4978	 -1.5334	 +1.0668
 +7.6531	 +4.8923	 +7.3439	 +1.4219	 +5.1742	 +4.5954
-10.7966	+66.5421	+27.4712	 +0.7941	 -0.1158	 +1.1009
+20.8399	 +0.5914	 -1.5049	 -1.5901	 +1.5506	 -2.0621
 +7.4576	-15.0455	 +4.1365	 -0.3859	 +0.6953	 -1.3747
-16.5285	-28.9940	+30.7228	 -0.5184	 +1.2361	 +0.5667
-33.0587	+32.6468	+21.4455	 +1.6940	 -0.6618	 -0.9609
 -3.2293	 -2.6658	 -4.9459	 -0.1995	 +2.9364	 -0.9068
+10.6419	 -9.0440	 +2.8114	 +1.7791	 +3.8402	 +1.2759
-13.6468	 +9.3582	 +7.9486	 -3.5346	 -1.0988	 -0.5948
 +7.9163	-20.6225	+10.8665	 +2.1079	 -2.0159	 +1.6580
+14.6854	 -2.4891	 -2.1719	 -0.7225	 +0.3355	 -1.8862
+18.6264	 +4.3892	 +8.0848	 +0.6340	 -2.1898	 -0.7493
 +2.6396	-40.4604	+113.1095	 -0.3058	 -1.4093	 +0.4026
-12.5051	 -6.3416	 -0.8463	 +4.6288	 -2.8971	 +0.5369
+14.8669	 -5.1252	-19.0477	 +1.0164	 +2.1339	 +1.0681
 -1.6579	 -2.7286	 -6.5338	 +2.1162	 +3.0618	 -1.4301
-14.3713	 -3.0004	 +6.5511	 -3.7507	 +1.4473	 +3.6922
 -2.2033	 +1.4180	 +5.1433	 +2.6207	 +2.4849	 +4.8197
 +7.8936	 -0.7980	-14.5289	 -0.5002	 +2.4282	 -1.3367
+17.2843	-18.3801	+35.7295	 -1.7464	 +1.5001	 -1.0115
 +5.4423	 -5.8612	-19.3803	 +2.8654	 +3.0540	 -0.3473
 +0.4664	 -7.6872	 -7.6106	 -0.2961	 +3.5709	 -0.8137
 +1.4001	+13.6554	-10.0487	 -1.9065	 -0.0984	 +0.0666
-19.1225	+12.6190	 +2.9523	 +0.6768	 +0.3446	 -2.9989
 +0.3909	+14.6014	 +4.6859	 -3.4346	 +2.0221	 -0.1907
 +5.3202	-11.4202	 -8.9021	 -3.9678	 -1.5613	 -2.3986
-15.0442	 +1.1780	 -9.6128	 -3.9212	 +0.3627	 -2.0907
 -2.0654	+12.8790	+17.7484	 -0.3658	 +2.0621	 -2.3422
 -0.6267	-25.5389	 +1.9537	 -1.1010	 -1.3053	 +3.1812
 +5.2345	 -6.8254	 -7.3315	 -1.4733	 +0.4665	 -2.1754
 -2.8664	 -1.4065	 -3.7485	 +2.4329	 +0.8589	 -3.8171
 -4.0661	 +2.3931	 -3.8180	 +5.0291	 +0.5430	 +3.3196
+11.7152	 -1.6016	 -4.6148	 +3.0016	 -1.8490	 -2.2835
 -3.1237	 -7.0314	 +2.9992	 -1.2732	 -2.8738	 -0.2332
+11.4005	 +2.7860	 +8.0927	 +5.1961	 -0.1530	 -2.8095
 +0.5776	 +4.8659	 +1.4290	 -0.1136	 +2.7303	 -4.2139
 +3.8808	 +2.9931	 -0.8589	 -0.2217	 +0.2794	 -0.5096
 +5.0588	 +7.6650	 -2.5173	 +3.8242	 +1.4591	 -2.2007
 -0.9113	 -8.1427	 -7.5838	 -2.0238	 -1.0423	 -1.1664
+20.0223	+24.7868	 -6.1298	 -1.9929	 -0.2493	 -0.0635
 +1.8971	 +6.2286	 -3.9446	 -0.4590	 +2.5263	 -2.0013
+14.1187	+13.1164	 -0.7394	 -3.6083	 +1.1629	 -1.7247
-10.3961	 +2.8702	 -7.3821	 +1.2224	 +1.1760	 +2.1693
 +2.9425	 -1.9176	 -0.4178	 +1.1936	 -2.7656	 +2.1128
+10.1251	-13.5444	 +5.3181	 +0.5358	 -1.3898	 +3.7888
 -2.1422	 -3.9474	 -8.8956	 -0.2656	 +3.2039	 +0.6967
 -5.4561	-34.9927	 -3.7735	 +0.3811	 -1.2240	 -1.7900
 +5.0223	 -3.0418	-10.1204	 +2.8925	 -4.6026	 -0.4147
 +3.8631	 +9.9286	 +3.9719	 +1.1668	 -0.3872	 -0.2457
-28.6232	-10.6841	+17.5097	 -1.6637	 +0.1561	 -0.4060
-21.5677	 +5.2432	 -4.4183	 -0.2941	 +0.5073	 -1.3421
-17.1145	-14.4858	 +1.8171	 +1.5705	 -0.2644	 +1.6304
 +5.9536	 +2.4289	 +1.8166	 -0.3866	 -6.6654	 +2.7103
 -6.8670	+17.5782	 +4.1267	 +2.2049	 -0.7851	 +1.0619
-12.2794	 +7.5367	 -8.2492	 -0.5689	 +1.6122	 -3.1730
 +3.9108	-10.0196	 +7.8021	 -2.7676	 +4.2223	 -0.0052
 -8.6754	 +3.1563	 -4.9321	 -3.5700	 -3.6768	 -0.3542
 +5.6903	+43.0654	 -2.2401	 -0.3328	 +0.4798	 +2.4172
 -3.7235	 +1.7286	 -3.4814	 -1.5202	 -1.0277	 -4.9312
 -6.6880	 -9.2276	 -1.1512	 +2.1409	 -3.0531	 -0.2666
 -0.9638	 -9.0174	 +1.4481	 +0.9696	 +1.9325	 +1.0360
+87.2456	-33.9595	+44.5551	 -0.0290	 -0.8659	 -1.4616
 -9.1867	 -5.5055	 -8.9093	 -0.1199	 -3.2350	 +3.5949
 +6.4284	 -8.2277	 -0.7231	 +0.1521	 +1.9361	 +3.0732
 -0.3918	 -0.3633	 -6.9394	 -2.8367	 -1.8548	 -1.7539
 -3.4612	 +8.2879	 -4.6939	 -0.9534	 -1.8272	 +4.1541
+12.1610	 +5.3383	-11.5561	 +1.6885	 -0.4551	 -0.7437
 -0.6615	 +2.8789	 -4.3360	 -1.4294	 -2.5363	 -3.6146
 -6.9743	 -8.5249	 -3.6148	 -1.4488	 +2.4066	 +2.8101
 +5.4470	 -4.7644	+23.2127	 +2.1672	 -0.8985	 -0.6690
-13.7496	+10.1144	 +1.6914	 -1.7270	 +1.8906	 -3.4005
 +6.7555	+17.4206	+40.4791	 +0.3836	 +0.2468	 +2.4669
 +9.9894	 +7.3968	+19.1077	 -0.7983	 -0.0463	 -0.3380
-11.8107	 -1.8992	 -0.5066	 -1.0202	 -1.6878	 +0.3563
 +2.9407	 +0.3323	 +7.4228	 +0.6560	 +2.1281	 -5.1932
 -8.9420	 -8.4754	 -5.3563	 +2.3717	 +0.0250	 -5.0267
 +1.1119	 +2.9379	 +9.9486	 +5.8331	 -0.3431	 +0.7807
-13.7140	 -6.4280	 -9.5186	 -1.2211	 -0.1041	 -1.3339
-55.8224	+27.9778	 -5.8196	 -2.2498	 +1.0212	 -0.9959
 -1.1452	-22.0368	 -0.0673	 +0.3304	 -1.2072	 +0.6074
+12.8320	 +9.2550	 +6.5458	 +4.6440	 -0.3953	 -0.8115
 -2.0131	 -0.3074	 -4.6038	 -7.0445	 -1.3229	 -2.1638
 +5.3229	 -0.2021	 +4.7382	 +0.7064	 -1.0888	 -4.4884
 -0.5892	-12.9833	 +5.1948	 -1.3366	 +3.5399	 -0.7353
 -3.8825	 +7.9423	 -2.0084	 +3.2386	 +2.3477	 +1.4876
 +3.4369	 -2.2389	 -1.8801	 -1.7248	 -3.4955	 -4.4216
-86.3675	-169.8160	+25.5533	 +1.1225	 +0.0586	 -0.1058
 -9.2922	 -3.9840	-10.8757	 -1.4864	 -1.7590	 -1.4392
 -9.8625	 +6.9714	 +1.3414	 +1.5113	 +2.5208	 -1.1226
 +1.1864	 +7.5283	 +1.1347	 -2.3651	 -0.8465	 -0.7641
 +4.8219	-12.3470	+17.7737	 +2.4625	 -1.0038	 +0.1956
 -7.7177	 -0.4720	+19.8934	 +2.0176	 +0.4114	 +2.5143
 -3.8466	 +1.2160	 +2.4963	 +0.6992	 +2.5948	 -0.4759
 -5.0826	 +4.0167	 +1.4830	 +1.1340	 +1.1311	 +4.5181
 -3.4261	-23.5048	+11.6666	 +2.3933	 -1.5042	 -2.9110
-12.8572	 +6.7722	 -0.5735	 -1.2578	 -1.6981	 -1.2428
 -6.8645	 -2.4759	 +0.1326	 +0.3413	 +1.7974	 +1.8261
 -9.9338	+13.1101	 -0.7180	 -0.7694	 +1.8449	 -2.4479
 -7.0568	+14.6494	 +9.7994	 -0.5709	 +0.5945	 -0.2728
+11.4812	 -1.3427	 -1.3956	 -0.7343	 +1.4346	 -0.0985
 -9.6942	 +0.9712	 -0.9362	 +0.8421	 -2.4874	 -3.3123
 -6.3709	+27.0804	 +7.7883	 -0.4685	 -0.1365	 +2.4925
 -7.2117	 -3.8945	 +3.0255	 -4.9770	 +0.8762	 +0.1494
 +2.5391	 +0.9513	 -5.1685	 -0.1914	 -1.2603	 +5.6084
 +1.0679	+19.4086	-14.9843	 +0.0517	 -2.6452	 +3.6794
 +1.5413	-15.1436	+28.2569	 +0.3924	 +1.1450	 -2.9661
 +8.3102	 +0.2086	-11.5671	 -3.5637	 +4.6181	 +0.6700
 -7.1884	 -4.6354	 -7.8415	 +0.1615	 -0.6922	 -5.6096
 -9.2666	 -5.4531	-13.7833	 -0.1804	 +0.0121	 -0.7423
-16.5765	 +6.4557	 +4.7828	 +1.0174	 -2.7225	 +0.2662
 -4.3493	 +1.2617	+17.1176	 -1.5501	 +1.3994	 -3.9117
-41.0112	+30.5880	-75.1284	 +1.1524	 +1.8115	 +0.2334
-13.5529	 +2.1899	 -4.4743	 -2.4842	 -2.0753	 -0.6709
 -1.4947	 +0.7690	 -1.7862	 -5.0815	 +5.2238	 -0.4548
 -3.4460	+13.7644	-12.1157	 +0.3014	 -1.9436	 +1.5840
-21.1149	 +3.3956	 -5.3750	 +2.8590	 +0.9585	 +0.8032
 -2.1905	 +1.5789	 -0.6803	 +0.4405	 -3.6728	 -3.0333
 +0.0073	 -3.5121	 -8.5904	 -0.9588	 -0.6357	 +0.9948
 +0.2701	 -4.9392	-18.3067	 +0.8332	 +4.9778	 +1.2203
 +7.6583	 +8.0066	 +2.3770	 +0.2571	 -3.3917	 -0.5349
 +2.4585	 -2.8636	 -1.5185	 -0.4002	 +2.3465	 -2.8380
 -6.6598	 +0.2830	 -4.3038	 +2.2331	 -0.0399	 -3.9909
+12.1402	 +9.2725	-28.1111	 -1.8091	 -1.4641	 +1.7545
+23.5642	+37.2074	+74.0381	 -1.1389	 -0.7038	 +0.8353
-11.4084	-10.0189	-16.4430	 -0.4482	 -1.7717	 +2.9318
+13.4088	 -2.7745	+20.1278	 +1.5687	 +1.4241	 -0.2582
 -3.5281	 -4.1920	 -6.8981	 +2.2698	 +0.4449	 +0.5043
 +4.8162	 -0.3445	 -1.2521	 -2.6230	 -4.4547	 -3.7286
+64.1563	+29.1930	+37.8447	 -0.9188	 +0.0758	 +0.5178
 -5.1800	 +9.1239	 -5.4791	 +0.3330	 -0.3797	 +2.3652
 -2.7202	-10.4915	 -3.5409	 +0.6484	 -0.8606	 -3.7282
 -3.6944	 +4.0855	-11.7042	 +4.2588	 +2.4184	 +0.1157
-11.0374	 +6.4904	 +1.0344	 -0.5538	 -0.3285	 -1.9737
-32.9137	 +3.9040	+18.8097	 +2.1820	 -1.2827	 +1.2735
 -3.3550	+14.4524	 -8.5892	 +0.2594	 -0.3536	 +1.4991
 +2.3160	+13.8190	-15.6670	 -0.2649	 -0.0698	 -0.3486
 +7.4810	+17.4880	 -1.9413	 +0.1858	 +2.6559	 -0.4052
 +1.6247	 -1.2999	+19.1498	 +2.0165	 -0.2167	 -3.4916
 -3.3907	-13.8353	 -9.3697	 +1.6586	 +0.8308	 -3.1608
+10.7731	-12.6342	 -3.0770	 +3.4180	 -0.7988	 -0.6790
 -3.3322	 -1.3886	 -3.7687	 -3.9279	 +3.0277	 -4.3277
-14.5340	-12.9441	 -9.9596	 -2.9237	 +1.1293	 -3.1515
 -1.1886	 +6.7025	 -7.2297	 +0.5337	 +2.7508	 -3.5064
 -5.8408	+25.5941	-24.4319	 -1.8729	 +2.8871	 +1.1281
 -0.8902	 -7.4077	 +8.9054	 +0.9814	 +0.3116	 +1.2315
-16.8152	 -0.7265	 +8.5239	 -1.3201	 -1.3906	 -0.9211
 +6.2922	 +7.7324	 -8.6767	 -1.1912	 -1.1798	 -1.4237
 -0.0301	 -9.9734	 +6.5552	 +0.9474	 +4.4513	 +2.4781
 +8.3953	 -5.2595	 +0.1704	 +1.5692	 +3.2845	 +4.2756
 +2.9989	 -2.6247	 -6.2647	 +1.5148	 +0.5489	 -0.6605
 +1.0748	 +7.1797	-10.5558	 +2.0602	 +2.8189	 -0.8300
 +9.2082	 +3.2710	-20.1407	 -2.4205	 -2.4621	 -0.0793
 +4.9337	+10.6075	 +2.7826	 -0.2588	 +2.2915	 +0.7070
 -9.6776	 +5.1634	 -7.9335	 -0.2195	 -2.7801	 -1.4518
 -0.8745	 -2.3279	 -8.0173	 +0.8701	 -2.9958	 +1.1464
-19.8297	 -0.4698	-17.6499	 -2.2996	 -2.4915	 +2.8225
 +6.7696	 +6.3759	 -6.1597	 +1.5753	 -0.0527	 -0.9443
+30.7980	+11.2737	 +5.6130	 +1.0936	 +0.1681	 +0.0952
 -3.2544	 -8.4395	 +2.6008	 -1.8001	 -2.5148	 -2.5296
 -8.9732	-10.6491	 -6.9819	 -1.6321	 +1.4648	 -2.2882
-11.2704	+17.6830	 +8.1658	 +1.1880	 -1.5595	 -1.3689
 -0.6558	 +2.4541	 +0.9972	 -0.6561	 +0.2061	 -1.0758
-10.8411	 +6.8050	-14.6509	 +2.8277	 -1.1756	 -2.7859
 +2.9200	 -7.6651	 +1.1462	 -0.1901	 +0.3465	 +0.8146
 -0.7780	 +0.7957	 +2.0444	 +3.4862	 -0.8912	 +3.0290
 -2.3930	 -0.5206	 -2.5746	 -1.9339	 -1.4916	 +5.0510
+14.0935	 -7.3929	 -1.3614	 -3.5584	 -3.2511	 -0.2197
-82.8750	+43.1603	+27.8259	 +0.3414	 -0.0160	 +0.5357
+10.9427	+13.6613	 +2.8735	 +2.5617	 +0.9299	 -2.3664
 +7.2975	 +5.9336	 +4.2902	 +1.9808	 -0.8489	 +2.2455
-11.0373	 +1.4802	 +5.9107	 +0.9596	 -2.9533	 +0.4302
 +3.3244	 +2.6038	 -4.8334	 -0.3185	 +1.5209	 -2.7685
 -5.5983	 -1.8419	 -6.0890	 +6.3203	 -2.9446	 -0.7016
 -3.1299	+21.1162	-37.7549	 +0.9741	 +1.0943	 -0.6355
-11.2567	-20.8320	+11.8580	 +1.7298	 +0.8590	 +2.3313
 +5.0720	 +0.2835	 +5.4352	 -0.2207	 -1.9300	 -1.6375
 +2.9026	 +6.6113	-16.4786	 -0.2289	 -2.4704	 +0.6905
 -2.5173	 -1.2311	 +5.0794	 -1.7020	 -1.3455	 +0.0592
 -9.8758	 +1.1187	 -0.2051	 +1.0383	 +0.4050	 +1.4470
-16.5817	 +5.2081	-12.8598	 +0.0836	 +1.5560	 +2.0901
+11.8224	 +7.9927	 -9.4834	 +1.8147	 -1.0311	 +0.6689
 -4.0527	 +0.9535	 -9.4243	 -0.3231	 -0.3112	 -2.0238
+18.7909	 +8.1809	+14.9681	 -2.9813	 -2.6862	 +0.9359
+18.3451	-12.6420	-12.0146	 +0.4111	 -2.0304	 +1.5535
 -0.2707	 -5.5216	-13.0620	 +2.1955	 +2.0185	 -1.0147
 +8.0314	-11.6706	 -8.8771	 +0.3150	 +0.1914	 -0.1417
+19.4898	 -1.3115	 -0.8366	 -1.8909	 -0.4966	 -0.1844
 +6.5916	 -4.5738	-13.3637	 -1.4813	 -0.3208	 -3.7267
 -5.4867	 -8.2887	 -5.6661	 -1.5622	 +4.2490	 -0.0649
 -7.7583	-17.9450	 -2.6959	 -2.3454	 +1.4847	 -1.4221
 -2.9966	 -1.9278	 -9.3971	 -0.4687	 -2.9061	 +2.0144
 +1.4367	 +6.4643	 -7.6010	 -4.9047	 +1.4832	 +0.6171
+12.7787	-14.3304	 -3.6582	 -2.9589	 -2.5945	 +1.4945
-33.1694	-15.7786	 -1.7270	 +0.9851	 +0.8017	 -3.3378
 +6.1279	 -4.4502	 +8.3248	 +0.1173	 +1.8080	 -3.0650
 -0.5265	 -5.0652	-11.6914	 -1.7970	 -4.4703	 -4.2294
 +7.9901	+12.6494	 -5.8214	 +2.4160	 +1.5636	 +1.8127
+13.0048	 +5.0637	 +5.3881	 -1.0675	 +3.3832	 -0.6169
-11.2982	 -7.4922	 +1.5469	 +2.3941	 +1.2252	 +2.1522
-40.1783	+28.3470	+37.9537	 +0.2996	 +0.3044	 -0.0811
+23.7644	 -1.1495	 -3.0193	 +0.9572	 -0.3302	 -1.8811
 -9.7714	 -1.0870	 +5.2125	 -0.9136	 +1.7841	 -1.3065
 -6.3203	+10.2400	+10.4517	 -1.3414	 -2.3158	 +1.7695
 -8.0744	 -7.1402	 +7.5079	 +0.7073	 -1.3336	 -2.0847
 +2.5770	+16.4514	+13.1094	 +1.6573	 +0.9131	 +1.2507
+37.1378	 +1.5946	-14.1995	 -1.7761	 -0.8205	 +0.6336
 -1.7182	 +2.6026	 -4.0482	 -0.3839	 -3.7971	 +0.2873
 -2.4854	 +9.5883	 +8.4136	 -2.8132	 -0.5854	 -1.8739
 -6.1004	 -9.6951	 +0.8048	 -3.0100	 -2.5720	 -3.1460
 +2.3123	-17.4846	-24.6398	 +0.9580	 +0.1910	 +2.5539
 +1.0113	 +3.2292	 -0.8832	 +1.8860	 -3.9927	 +3.1860
 -9.4226	 -0.4406	-11.7277	 -2.2914	 +0.8985	 -0.4492
-94.6189	-31.5417	+78.1658	 +1.4949	 +0.2002	 -1.3192
 +9.8971	-10.3285	 -6.9573	 +0.1439	 -2.5617	 +2.7916
 +5.6523	-22.6900	+26.6758	 -1.3866	 +2.9712	 +2.7871
 +7.1333	-22.9829	-14.0308	 +0.3919	 +1.5734	 -1.4891
 -3.2520	 -1.8711	 -4.9176	 +2.8699	 +0.6976	 +2.2657
 +4.5459	 -8.4272	 -9.0849	 +1.1614	 +2.3215	 +1.0578
 +8.7302	 -9.8776	 -4.2764	 -1.6241	 -1.9582	 +2.6345
 -3.0899	 +5.2150	 -0.9208	 -4.5223	 +2.5464	 -1.7903
 -6.6527	 +6.8345	 -7.0493	 +0.8902	 +1.2127	 +3.4090
-12.8306	 -1.0932	 +2.6517	 +1.9416	 +2.8416	 -1.8226
 +6.5487	-10.1226	-10.3977	 -2.0544	 +4.3276	 +0.2078
 +1.2796	 +1.4308	 -7.8441	 -1.8965	 +0.1666	 +0.7239
-18.9475	 -5.3565	 +1.7986	 +2.1518	 +0.8398	 -0.8900
 -2.4295	-13.4058	 +5.3804	 +0.0058	 +0.0704	 -1.5894
-11.4926	-12.8465	-19.3982	 -1.2291	 -1.3787	 -3.3773
 -6.8518	 +3.4815	 -0.6849	 +0.7544	 +0.4552	 -1.0553
-13.6032	-16.8984	-21.2329	 +0.3993	 +0.2604	 -1.7958
-57.4244	+18.4308	+45.6188	 +1.4883	 -0.9275	 -1.0579
-50.4137	-26.1847	+15.2558	 +1.7599	 +1.2879	 -0.7109
 +0.1747	 +6.3896	 +8.2845	 +1.7873	 +2.0171	 -3.6778
 +2.2091	 -3.9821	 +4.2138	 +0.1242	 +1.0408	 -1.1668
-74.0592	-124.8665	+118.7970	 +0.6897	 +0.1002	 -0.1269
 -9.0242	-16.2337	 -2.4826	 +1.5406	 -2.3591	 -0.5133
-12.3531	 -2.6234	-16.0590	 +0.9552	 -2.9929	 +0.6287
 -2.0329	 -2.4328	 +1.0769	 +0.5529	 +2.6777	 -0.4011
-35.0683	-27.9565	-19.6821	 +2.5467	 -0.1332	 -0.8979
 -7.3913	 -0.8373	 -2.1457	 +3.8137	 -1.4913	 +2.8406
 -2.4502	 -3.7038	 -2.2685	 -1.6440	 -0.7091	 +6.3122
+14.8162	-18.7289	+42.7082	 +1.1470	 +2.6255	 +0.8849
 -4.7124	 +0.3660	 -8.6864	 +4.4731	 -1.5825	 +0.3012
 -6.2357	 +3.0262	 -2.3893	 +3.0323	 +2.7463	 -3.6929
 -0.2944	 -3.8087	 -0.6539	 -1.8561	 -3.2664	 +6.9212
 +6.3936	-12.7593	+14.3122	 +1.9229	 -2.1314	 -2.2949
-24.6011	 +9.1210	+27.3620	 -0.8204	 -0.9139	 +0.2292
 +1.5471	 -9.3273	 +6.9702	 -4.0599	 -2.9124	 -1.3415
 +0.2964	 -2.3616	 -0.5980	 -0.6569	 +0.8542	 +2.5701
+13.3995	 +0.3520	 -0.2594	 +2.3762	 -2.4906	 -0.6148
 +3.5036	 -1.0762	 +5.6275	 -0.1029	 +1.1714	 +4.5515
 -9.7532	-12.8812	-16.1097	 +0.8181	 +1.5403	 +2.4944
 +2.0493	 +7.7262	 -1.2867	 -0.7312	 +2.8213	 +4.0838
-15.9067	 -6.5760	+15.1838	 -0.1049	 +1.0519	 -2.2623
 -4.8346	-10.6855	 -6.2452	 +2.6549	 -1.1258	 +3.2161
+12.4012	 +0.5915	 +4.8020	 +0.9357	 -1.0790	 +1.4738
-32.4980	+16.1307	 +2.9366	 +1.4679	 +0.0474	 -1.9236
 -3.5914	 +4.8082	 +5.8173	 +1.1891	 +2.0882	 +0.0760
 +0.1106	 -1.9649	+15.5605	 +1.2313	 +2.2891	 -1.7221
 +2.7656	 +3.2304	 +8.9271	 -3.1566	 -2.6525	 +0.0011
-13.1468	 -7.2658	-12.4305	 -0.5139	 -1.8477	 -2.5020
-27.8666	+30.5038	-71.3924	 +0.5352	 -1.5315	 +0.9422
 +0.4789	+26.9438	 +0.6230	 -2.3528	 -0.3416	 +1.4562
-23.9331	+72.8559	-50.8555	 -2.0679	 -0.8506	 +0.3115
 -5.5774	 -6.9089	 -0.4165	 +4.9800	 +1.3471	 +0.2604
 -3.5760	-11.6137	 +5.1540	 +3.1824	 +3.4212	 +1.8761
 -2.3830	+23.5535	 +5.3173	 -0.7985	 +0.3213	 +1.5898
 +7.4235	 +2.1130	-11.6802	 +0.8713	 -1.2783	 -4.6512
 -7.4334	 -6.8143	+13.5353	 +3.6392	 +0.3246	 -0.0878
 -1.9028	 -9.9761	-15.6658	 -1.9713	 -0.3192	 -2.1412
 +2.3237	 +2.4666	 -0.7404	 -2.8405	 +1.8816	 +4.1407
 -5.1384	 +2.4878	 -3.6576	 -1.5926	 +1.0120	 -2.6480
 -6.0145	 -7.9629	-15.3738	 -0.7383	 -3.4805	 -0.6750
 +0.7337	 +8.8645	 -7.2128	 +4.5110	 -1.4108	 +0.0404
-12.4521	 +1.1074	 +8.6926	 -0.4340	 -2.0669	 +2.4361
-13.1562	 -2.9727	 +6.2496	 -3.7109	 -2.9483	 -1.2337
 -7.8832	-18.7410	 +2.9360	 -3.3205	 +2.9970	 +1.4493
 -0.5670	 -4.6470	+12.7717	 +2.1043	 -0.4724	 +0.4979
 +0.5770	 +3.9967	 +9.2649	 +2.1613	 +0.0535	 -2.5363
 -0.8663	+14.7414	 -2.5582	 -2.6822	 -2.0191	 -0.8645
 +8.2728	+10.9900	 -0.7975	 +1.3015	 -2.5289	 -2.4097
-141.6172	-174.2279	+114.4878	 +0.3916	 +0.9069	 +0.0740
 -6.8645	+13.5507	 -8.5794	 -2.4155	 +1.6906	 +0.4349
-18.6426	+34.5707	+43.9214	 -0.1910	 -2.5186	 -0.6334
 -7.8053	 -3.7502	+11.6358	 -1.5719	 +0.5620	 +3.3331
 +7.5436	+74.3974	-81.0361	 +0.0633	 -0.1223	 +0.4696
 -4.1888	-20.5540	 -2.4122	 -0.7447	 -1.3484	 +2.5150
 -3.0534	 +2.2064	 -7.2364	 +3.7345	 -0.1890	 -2.9542
 -4.6790	+23.2799	-23.6592	 +1.9854	 -1.0729	 +0.8049
 +1.4946	 +6.6106	 -0.1434	 +5.8756	 +3.1515	 -1.5735
-19.5242	 -3.0586	 -5.7519	 -1.0475	 +3.4827	 -0.9052
-10.0043	 -0.8050	 +1.8273	 +1.0451	 -3.6127	 +0.4089
 -0.8071	 -9.7081	 +8.9758	 +0.1008	 +1.9935	 +0.1126
 +0.1023	 +0.1861	 +2.8881	 +4.0830	 +0.1673	 -0.8526
 +2.7368	 -6.6578	 -8.8415	 -0.8800	 +0.8588	 -0.9210
-22.8779	 +7.6014	 -3.6137	 -0.8230	 -1.6842	 -0.6522
-16.0055	+15.7595	 +0.5786	 -1.2766	 +0.6608	 -0.9585
-16.4681	+14.2723	 +1.4166	 +2.0614	 -3.3474	 -0.2507
 +1.8730	 +1.8516	-31.7420	 +0.4171	 +0.6931	 -0.7914
+13.3036	+12.6506	 +0.0897	 -1.6429	 +0.4679	 -2.7547
 +0.6819	+14.6220	-17.8616	 +1.0940	 +1.4796	 +2.2291
 -6.5943	 -4.5398	 +6.6887	 -2.1023	 -0.3889	 +4.1389
-24.3726	 -5.8878	+12.4062	 -1.8996	 +0.9064	 +2.4676
 +7.4451	 +5.0541	 -4.1343	 -2.4060	 +0.9327	 -1.3938
+12.1375	 -5.2422	+11.6584	 -0.6555	 -1.6979	 -0.8346
 -3.6627	-11.1668	 -0.5976	 +0.6610	 -0.3914	 -0.1511
 +1.0181	 +6.5718	 +7.5526	 -2.1308	 +1.7238	 -2.8214
 -1.3082	-18.3625	 +9.5570	 +0.9501	 +2.1164	 -1.3013
-10.1068	 +4.5487	 -3.2296	 -3.8476	 -2.2386	 -1.7652
 +1.6898	-10.9751	 -3.2957	 -0.3876	 +0.4232	 -2.1160
 +5.2212	 -2.9389	 +0.2425	 +5.4280	 -0.9218	 -2.5651
-17.0960	+10.1028	 -4.3947	 -1.1466	 -0.0659	 -0.2088
 -4.9640	+12.7534	 +5.9072	 -1.3821	 -2.4954	 -1.0450
 -6.4492	 -9.0628	 +3.9804	 +4.6276	 -0.8711	 +1.0345
 -3.8004	 +4.0968	 -0.2698	 -1.4794	 -3.6169	 -3.7496
 -3.4676	 +5.5089	 +6.5136	 -0.9312	 -3.7124	 -1.3299
 +9.6933	+25.5865	+25.7239	 +0.3278	 -0.4555	 -2.2213
 +2.8374	 -0.9156	 -1.5632	 +4.5950	 +2.6882	 -2.5183
 -8.2684	 +2.2389	 -3.6434	 +0.7158	 -5.2971	 +1.7422
+33.1023	 -9.3355	 -1.4590	 +1.5556	 +1.0277	 -2.3412
 +4.2891	 +1.1480	 +8.0732	 +2.4613	 -1.8974	 -0.0797
 -7.7021	 -6.1811	-10.1065	 +1.0743	 +0.9101	 +1.1985
 +9.3577	 +9.1473	-14.8016	 -0.5663	 -0.0644	 -0.3290
-12.0855	 -0.5789	 -1.7106	 +3.1018	 -0.6171	 +1.2534
-15.2025	 +3.0861	-11.4069	 +1.7840	 -2.1575	 +3.6866
 +1.9300	-12.6174	-12.3536	 -1.2999	 -0.6418	 +2.3214
+11.9856	 -5.2544	 -2.9201	 -3.9568	 -0.1002	 +3.4195
 -3.6041	 -1.1964	 -4.6141	 -1.0004	 +1.9198	 +3.6180
 -2.4738	 +0.2771	 +0.7445	 +1.1005	 +1.0975	 -0.4702
 +6.9610	 +5.3809	-10.2452	 -2.3794	 -3.2455	 +2.1346
 -6.8287	+43.1769	-10.8076	 +1.9587	 +0.5532	 +0.2127
 +3.7242	 -1.8511	 -5.4713	 -0.0547	 -1.4149	 +1.8523
 -0.7803	 -8.1182	-24.2677	 +2.1071	 +0.0795	 +0.0877
-13.4633	-16.8481	 +0.7147	 +1.1287	 -2.4418	 -3.1276
 +8.1567	 -7.7228	 -4.1047	 -4.2753	 +1.4626	 +1.0631
 -5.3642	-22.8545	 -0.0826	 -2.0194	 +1.0620	 +0.6219
 -5.9140	 +3.3837	-11.9271	 -0.0697	 +0.9615	 -1.2586
 -4.4910	 +3.1575	+19.7660	 -1.5451	 -1.2982	 -0.8031
 -1.7387	+11.1905	-13.6573	 +1.1198	 +0.7062	 +3.9596
-13.4772	 -3.1420	 +3.3837	 +2.3537	 -4.9130	 -0.5086
 +4.0981	 +0.5357	 -5.6161	 -2.5917	 +1.6687	 +5.4511
 +4.8567	 +1.7764	 -1.4584	 +1.6867	 +2.3217	 -1.7576
+11.5342	 +3.3503	+40.7721	 -0.9279	 -0.6523	 -0.4309
 +6.1228	 +1.7662	 -4.0537	 +2.1635	 -0.4065	 +0.8800
 -6.3927	 +8.6979	 -3.7749	 -2.0503	 -1.4726	 -3.3574
 +5.0756	 +3.7298	 +4.6503	 +3.0323	 -5.5083	 -0.3747
 -8.9668	 +6.6858	 -0.4532	 +3.2502	 -0.6325	 -1.2778
 -7.3821	 -6.7936	-15.2211	 +2.0944	 -1.9977	 +1.8483
-18.6162	 +0.2914	 -1.4648	 +0.6266	 -2.1998	 -2.4303
 -3.9044	 -5.4299	 +5.9985	 -0.5722	 -1.8596	 -1.3197
-62.7852	-16.8246	-25.5329	 -0.0795	 +0.2998	 +0.1230
 -2.9735	 -8.6453	 +1.0856	 +1.1350	 +1.3186	 -2.8624
 -9.6917	 +0.8644	 -3.1604	 -1.5552	 +1.2484	 -3.8336
 -5.6730	 -1.7821	 +2.4309	 -3.7017	 +2.0879	 -0.7621
