# Iterations: 1421 of 10000
# Total Energy: -6.431e+05
#    Kinetic Energy: 6.957e+05
#    Potential Energy: -1.339e+06
# Current Time: 2018-05-09 15:09:29.085171
# Elapsed Time: 3:32:45.448043
# 
# Med. Times for Sections
#    Force Computation:		7.129590
#        [7.0740987.0971967.1337987.1208507.1390237.1627697.1253817.1387917.1474967.116034]
#    Gather Particles:		0.000123
#        [0.0001220.0001230.0001230.0001120.0001330.0001150.0001140.0001240.0001250.000124]
#    Overall:		9.010479
#        [8.9435088.9462988.9986449.0293049.0109029.0498969.0458408.9908999.0208499.010056]
#    Scatter Particles:		0.002437
#        [0.0027360.0024490.0029120.0023240.0027700.0024080.0022960.0024260.0026420.002321]
#    Time Integration:		0.000113
#        [0.0001130.0001110.0001110.0001110.0001460.0001060.0001560.0001120.0001630.000183]
#    Tree Broadcast:		0.893633
#        [0.8880140.8690060.8963850.9102490.8970400.8908810.9251080.8872230.8787930.903712]
#    Tree Construction:		0.982989
#        [0.9783660.9773600.9652560.9956050.9717280.9935630.9927250.9621590.9915520.987613]
# 
# x	y	z	vx	vy	vz
# 
 -2.0360	 -1.6419	 -1.5653	 +4.4697	 +2.1009	 +1.7984
-15.1121	+24.9376	 +5.3088	 -1.4034	 +0.2668	 -0.0302
 +7.3241	 +8.0608	 -0.2679	 -0.2836	 -0.8790	 +2.9380
-30.3919	 -1.6769	+11.3465	 +1.4657	 -2.5878	 +0.2644
 -9.8724	+14.9553	 -0.0495	 -2.1395	 +0.1842	 -0.6527
-12.7700	 -4.6261	 +3.7805	 +0.2953	 +0.1603	 -3.2289
 +0.4436	+11.2042	 +7.6837	 +1.8627	 -0.4991	 +0.5970
 -4.9631	-10.3117	 +4.6648	 +2.7059	 +2.1729	 -1.5212
 +3.3532	+19.1418	 +7.5924	 -0.0569	 +3.9404	 +2.8567
-25.4500	 -5.7877	 +1.9259	 +2.0715	 -2.5380	 -0.6664
 +9.3131	-11.5600	-15.9672	 -0.8765	 -3.3714	 -1.6215
 -2.1638	 +3.1516	 -3.2205	 +2.6050	 +0.5055	 -3.7694
 +5.2875	 -5.3568	 +3.8259	 +4.1493	 -0.9357	 -1.7592
 -5.0106	+14.5079	-22.0685	 -2.7537	 -1.0507	 +2.5071
 +3.1198	 -0.6639	 -2.9644	 +0.2173	 +1.8255	 -0.9276
 -5.4867	 +8.1038	 +4.0039	 +3.5016	 +1.2485	 -0.2114
 +7.1965	 +7.4115	 -1.1660	 -2.6612	 +2.1398	 -3.8213
 +8.2474	 -7.1452	 +8.0892	 +1.0813	 -1.0865	 -0.7449
 -7.4620	+14.0448	 -1.9413	 +1.5098	 -1.2146	 +2.1053
+84.7141	-39.4607	+79.8563	 -1.6276	 -0.7450	 -0.0170
 -5.6423	 -1.9331	 +1.1472	 -1.4786	 -4.2725	 -4.3863
 -3.4439	 +5.1444	-11.6436	 +0.1737	 -2.3842	 -1.6262
 +2.9913	 +1.8337	 -8.8406	 +1.4696	 +4.1496	 -0.1565
 +5.1161	 -8.7653	-11.9159	 +0.3809	 -1.2162	 -0.0131
 -5.0577	 -2.2507	 -1.2404	 +4.9011	 +2.3362	 -2.5438
-51.3015	+42.9768	-16.3249	 -0.5575	 +1.1562	 -1.0807
 -0.4631	 +5.2865	 -3.7910	 -0.6377	 -3.3952	 -0.9416
-12.6607	+13.7780	-18.6439	 +2.1787	 +0.0933	 -0.8715
-14.4104	-15.3253	 -9.5370	 -3.1775	 +0.7460	 +0.4046
+17.3358	+30.2881	+12.6184	 +0.2180	 +1.9106	 +0.8755
+26.2245	 +2.7810	 -5.7211	 -0.9132	 +1.2883	 +1.5368
-56.8455	+32.3545	+22.6356	 +0.6025	 +1.4721	 +1.4635
 +2.7226	 +9.3530	+18.0802	 +2.2138	 +0.1314	 -1.4540
 +4.7793	+10.8193	 -6.7386	 -0.0239	 -3.2945	 +1.9299
 -1.9969	 +4.9798	-19.4105	 -0.9541	 +1.9340	 -3.7401
 +4.1803	 +1.7224	 +4.3809	 -1.8386	 -0.0837	 -0.0607
 +5.7088	 +6.4316	 -6.9610	 +0.1885	 -2.7521	 +0.3237
 -9.8508	 +6.8586	 -2.5668	 +0.1180	 +1.4168	 +4.3571
 +4.9476	-14.1413	 +1.6499	 +1.2526	 +0.5646	 -0.2942
 +0.0916	-12.6762	 +2.2915	 +1.5309	 +0.6436	 +2.0656
+21.7262	-36.7547	 +3.8428	 -0.3792	 -0.4540	 -0.8688
 -2.2216	 +3.2405	 -4.1735	 -3.7978	 +2.0453	 -3.7414
 -0.6768	-10.6407	 -4.1939	 -2.2379	 +1.1852	 -2.2746
 -3.4595	 -4.2467	 -2.2790	 +1.3909	 -2.1234	 -2.7231
 -3.0428	-12.2226	 +8.1956	 -4.2086	 -2.1901	 +0.0830
 +1.0558	 +2.5222	 +0.1433	 -3.2299	 -1.5192	 +2.9242
 -5.8194	 -9.9703	 -0.6494	 -2.7116	 -1.5700	 -4.2358
 +4.8591	-10.6865	-13.8869	 -4.6752	 +1.5423	 +0.6087
 +6.7415	 +2.2922	 -0.9969	 +1.2466	 +0.2536	 -0.5110
-11.6391	 -3.8859	 -8.4363	 -1.7759	 +2.5054	 -2.5506
-14.9531	-46.0268	-12.4863	 +1.6737	 +1.5545	 +2.1263
 -2.3792	 -1.6408	 -5.5950	 -1.8068	 +2.4682	 -1.9414
-12.0317	+25.1745	+23.0753	 -2.3789	 +1.3812	 -1.0816
-11.2654	-12.7795	-13.1998	 -1.5623	 +3.2672	 -0.6303
+10.4238	+25.4543	+68.7644	 +0.2866	 +2.0233	 +0.5208
 -4.8633	 +3.5170	 -2.2335	 +7.7201	 -0.2822	 +0.2572
-26.2880	 -4.4555	 +1.6575	 -2.6610	 -1.0433	 +1.1981
-10.4369	 +5.8665	 +0.3694	 -2.0633	 +0.1611	 -2.4756
 -3.2393	 -6.2192	 -5.6885	 +0.4568	 -5.4002	 +1.3707
 -9.7610	+24.1335	-11.7801	 +2.7240	 +1.8605	 -1.5686
-19.2904	 +5.4897	-19.5666	 +2.7088	 -0.4217	 -0.9271
 -1.2030	+34.6958	-11.1265	 +0.8275	 +0.3231	 +1.8627
 -0.2931	-11.7248	 -5.5204	 +2.1102	 -1.6037	 -1.4710
 -3.1970	 +2.1489	-10.0999	 -1.8372	 -4.5015	 -1.6018
 -3.9307	 +0.3543	 +5.4260	 -0.2063	 +0.2101	 +1.7534
 +8.1688	+12.8195	 +3.9053	 +0.1281	 +1.5776	 -0.2750
-10.6756	 -8.3886	-22.7598	 -0.7789	 -1.8191	 -1.4217
-35.7867	-29.3119	+16.9420	 -0.6801	 -0.4351	 -1.4974
 +0.8219	+23.0561	 +9.3277	 -0.1387	 +0.9272	 -0.7417
 -3.2594	 +2.3154	 -7.0842	 -1.5183	 +5.4361	 +2.3968
 -7.6530	 -0.0490	 -4.3464	 -0.8985	 +2.4365	 +1.0225
 +7.8588	+16.8617	 -3.3336	 -1.4381	 -1.4755	 -0.8523
 -6.7149	 +3.2413	 -6.1066	 -0.1534	 +0.3872	 -3.8932
+11.1604	+14.8016	-109.8925	 +1.9250	 -0.0716	 -0.8694
-12.3633	 +6.7746	 +3.5787	 -5.0445	 -0.2910	 +0.8174
+12.6930	-19.1319	+13.7192	 +2.5897	 +1.2189	 +0.3650
 -3.8580	 +6.4830	 -3.5071	 +2.4313	 +1.9278	 +0.9215
 +4.5467	+13.3617	-13.2322	 +2.6547	 +2.0457	 +2.2645
 -6.0571	 +4.1072	 -6.5787	 +0.3577	 +5.3009	 +0.2660
+18.9267	+13.9042	 -1.9976	 -3.0984	 +1.3981	 +0.4386
 -2.9508	 -3.6840	 -0.2057	 -0.4480	 -1.2890	 -2.2801
 +1.4689	-17.3904	 +4.9282	 +1.6722	 -1.6286	 +0.5782
 -1.6233	 -0.5487	 -7.7893	 +0.5906	 +0.2274	 +3.9918
-17.1993	 +8.3497	+46.7280	 -0.0223	 -1.6726	 +1.0935
+16.9858	+19.0164	+23.2631	 -1.2134	 -0.1565	 +0.2226
 +5.2112	-10.0156	-19.8459	 +1.8042	 +1.4232	 +0.4863
 +7.8628	 -2.3253	 +8.6745	 -2.2681	 -1.2479	 +1.7566
 -4.5648	 +6.3774	 -2.5668	 +1.9795	 -6.3528	 -1.2091
+12.0214	 -2.9202	-12.1399	 -1.2818	 +4.7230	 -0.3026
 +0.6751	 -2.4750	 -1.3447	 +0.5279	 -6.3709	 +0.0562
 -6.8331	 -5.0415	 -7.9420	 -3.1344	 +0.4811	 +0.6297
 -1.9313	 -1.5330	 -1.4646	 -2.1544	 +1.2157	 -3.0056
-21.0052	-32.3949	-44.7809	 -0.2578	 +0.0197	 +0.9113
-22.6323	-12.0409	+16.2404	 +0.4268	 -0.0942	 -0.5973
 +1.6573	 +6.8407	 -2.7672	 +1.6591	 +3.5524	 -1.0508
 -6.6251	 +1.4277	 -2.5886	 +3.2895	 -3.2288	 +3.1190
 -1.7152	 -3.8359	+10.2945	 +2.0228	 -5.5279	 -1.5551
 +9.2987	 +2.7696	-16.9338	 +3.3544	 +0.9847	 -0.9498
+15.7473	 -5.4798	 +0.6349	 -0.8505	 +2.0090	 +1.1562
 +8.9041	+11.1099	+17.7293	 -2.0780	 -0.2009	 +3.2533
-16.6605	 +2.9763	 +1.4943	 +2.6624	 +2.7676	 -0.6323
 +6.6793	 -0.0481	+10.7487	 -2.4543	 -0.5742	 -1.5503
 -2.5423	 +0.8265	 -4.9464	 +2.1863	 +1.6698	 -3.0080
 -3.2749	 -6.7508	 +7.2406	 -0.9216	 -2.8360	 -3.2226
 +0.0454	 -0.0009	 +3.6079	 +0.5456	 +1.2234	 -1.2245
 -1.3162	 -1.2761	 -6.4999	 -3.8802	 -2.2591	 +4.5604
 +7.3572	+12.3568	-16.4969	 -2.6066	 +3.2803	 -2.1086
+11.7155	 +3.9887	 -3.0980	 -2.3400	 -2.5619	 +0.3410
+21.3493	+23.7597	 +2.5684	 -1.8341	 -0.2624	 -1.7219
-10.0309	 +1.0096	+12.5487	 +0.2234	 +0.4144	 +0.1217
-13.0675	 -3.7100	 -0.1076	 -2.2439	 +1.9409	 -1.3381
+470.7877	+397.0043	-223.0426	 -0.2885	 +0.6657	 +0.3193
-140.1609	+114.5068	+205.5272	 -0.0684	 +1.1036	 +0.3783
+27.3812	 -9.5506	 -4.4041	 -1.3111	 +0.3997	 -1.5036
 +3.9617	 +6.1480	-16.3981	 +2.8875	 +1.9841	 +0.1835
 -0.1267	-13.0305	 +8.1420	 +1.3062	 +1.2795	 +2.9852
 -2.1988	 +8.6663	 +4.8938	 +3.2781	 +1.3283	 +0.7546
-46.8251	-11.4536	-19.0671	 +2.7207	 +0.5243	 -0.4258
 -3.8881	 +1.8238	 -2.7008	 +3.9841	 -0.2158	 +0.2050
+47.0620	-28.8194	-35.6116	 -0.3641	 -0.2229	 +0.9645
 +7.0933	 +0.6636	+19.3820	 -0.9847	 +1.5582	 +1.2238
 -3.9342	 +4.3785	 +0.3746	 -2.5396	 +3.2778	 -0.6082
 -1.0387	 -4.8543	 +0.8941	 +0.5189	 +2.3744	 -0.9917
 +9.1981	 -3.2225	 -3.2712	 +0.2515	 -3.8813	 +0.2044
 +0.9308	+14.1419	 -0.7098	 +1.1929	 +2.5813	 -0.5099
 -0.8551	 +0.1142	 +9.9732	 -0.9249	 +1.7666	 +0.2174
 +2.5288	 -3.3225	+15.4574	 -2.7083	 -0.1917	 +0.3234
 -8.2790	 -1.2045	 -1.4614	 -4.7362	 -0.7994	 +0.7158
 -3.6568	 -3.9347	 -8.0933	 -1.9577	 +2.6542	 +0.4550
 -0.5415	+13.0422	+12.4200	 +1.7429	 -1.0349	 +0.4309
+14.7476	+16.2464	-179.4719	 +0.0506	 -1.1871	 -1.1135
-10.1958	 -8.9056	 +3.8100	 +1.7443	 -1.1294	 +2.4321
 +7.8142	 -2.5054	 -4.5456	 +2.1231	 +3.0482	 -2.3472
 +8.4774	 -4.3628	 -0.5650	 -2.4696	 -1.9863	 +0.7486
 -2.4791	 -6.4690	 -2.0182	 +1.3738	 -0.4282	 +1.6382
 -9.0837	 -2.4045	 -4.9409	 +4.0946	 -2.7229	 +5.1210
 -0.4135	+17.5393	 +7.6537	 -3.2123	 -1.0308	 +0.5134
 -5.3657	-32.4668	+15.5405	 -2.1160	 +0.3853	 -1.0204
 -1.5599	 -0.4449	 +6.8476	 +2.5075	 -2.3433	 -0.4957
-13.2851	+23.2831	 +8.5341	 +0.4121	 +1.0222	 -0.3576
 -5.3734	 -3.4980	 -1.1543	 +2.6745	 +0.7919	 +4.5328
-15.2324	+11.3492	-13.1853	 +2.4001	 +0.9862	 -2.2392
 -3.8034	 +2.4008	 +1.7436	 -1.4877	 -0.4314	 -2.7360
 +4.5000	+27.3915	-22.0669	 +2.9644	 +0.4706	 +2.4607
+57.3420	-19.9487	+15.0850	 -0.7044	 -1.7531	 -0.6205
 +5.5196	 +1.8645	+10.7256	 -0.4207	 +0.0572	 -2.2820
-44.2319	-54.0938	+56.4441	 -1.0029	 +1.4806	 +0.5541
 +3.3692	 -7.8663	 -3.8891	 +1.1453	 +3.1933	 -0.8274
-13.0466	 -8.5670	-11.9090	 -2.7956	 +0.3170	 +3.5780
 -8.4962	 -5.4568	 -0.6954	 -2.9845	 -3.6429	 -0.8994
 -7.6739	 -5.9856	-13.6439	 +0.2873	 -1.2121	 +3.3145
 -7.1178	 -0.5974	 -1.0199	 -1.7361	 -5.5924	 +1.6065
 +4.3006	 -5.8440	 -1.2903	 +2.3361	 -4.9463	 +0.1425
 -3.2467	 +4.4096	 -2.2178	 -2.1171	 +2.6923	 -5.1093
 -4.8158	+12.6125	 -2.1252	 +1.3584	 -0.4794	 -1.1267
+13.2686	 -8.4592	 +3.2841	 -0.5397	 -0.2285	 -2.3089
 +5.0186	 -7.0578	 +2.0453	 -4.6811	 +1.2317	 +2.7463
-25.2680	 +9.9359	 +8.3010	 -0.9216	 -0.3992	 -3.4576
 -6.3974	 +2.4590	 -7.7678	 -3.1052	 +2.2455	 -3.3565
 -0.4063	 -2.2975	 -1.7737	 -1.5570	 -0.5140	 +1.6416
 +7.4222	 +2.9532	 -8.5508	 -0.9495	 +2.2481	 -0.1777
+27.7802	+10.8944	-25.8536	 +0.8580	 +1.3218	 -1.2188
 -0.9199	 +2.7612	 -2.3347	 -3.5192	 -1.2832	 +0.1405
 -5.3641	-16.6243	 -3.9349	 +1.9037	 +0.5359	 +0.2460
 -6.4938	 -1.6232	 -7.9570	 -2.8897	 -4.5863	 +0.1048
 +8.6062	 -0.1558	 -3.2277	 +2.7680	 -1.7304	 +3.1497
 -1.4364	 +0.1179	 -2.6785	 -0.7388	 +3.9770	 -2.4687
+18.5925	 +9.1945	 +9.1387	 +0.9538	 +2.4653	 -1.6344
 -7.7262	 +1.1488	 -0.8808	 -0.0021	 -0.5175	 +1.3495
-13.0806	 +6.8359	 -4.2574	 +0.8516	 -0.4412	 -2.8074
 +0.3742	 +6.1948	+14.3219	 -1.3383	 +2.4486	 +2.2098
 -2.5227	 +0.1134	 -1.0161	 +1.5379	 -0.3449	 -3.5461
 -0.9881	 +3.0572	+11.4748	 -0.6240	 +1.3255	 +3.4791
 +0.8228	 -6.0228	 +0.5887	 -4.9171	 +3.3759	 -4.8773
+20.5932	-13.8232	-36.3856	 +0.8027	 -1.3589	 -1.0544
+19.6227	+34.1959	-23.8739	 -3.1394	 -0.0870	 +0.6304
 +3.1386	+13.8936	 -9.6126	 +3.6662	 -1.1469	 +2.1752
 -3.4233	+29.3154	 -1.2722	 -1.2739	 +1.6953	 -0.7269
 +0.3147	 -4.2478	 +4.7431	 +0.9272	 +1.1319	 +2.6858
 -0.7497	 -3.8649	 -2.9551	 +1.3301	 -1.6734	 -3.3469
 +6.1789	 +4.7061	 +1.5898	 -2.4168	 +1.5500	 -0.8680
 +3.9416	 +3.7039	 -6.0996	 -0.7576	 +4.0837	 -0.8952
 +4.4743	 +2.1338	 +3.3866	 -0.5765	 +1.4376	 -0.5854
 -3.9914	+16.2044	-20.7887	 -1.6915	 -2.0866	 +1.9222
-13.4223	 +8.4498	-18.5300	 -1.6425	 -1.4324	 +2.0675
 -0.8051	 -3.6212	 -3.6028	 -4.0145	 +0.3691	 -1.1197
 -3.3947	+10.5247	 -8.2710	 -0.0681	 +3.5980	 +1.5507
 -2.6479	 +3.2592	 -0.8384	 -0.4329	 -0.9811	 +2.5131
 +8.1469	 +0.4337	 +3.9250	 +2.6134	 -2.0791	 +2.7482
 -2.7500	 +3.6345	 -5.6004	 +1.9227	 +0.9913	 +1.7967
 -8.2976	-22.4187	 +7.8246	 +0.6564	 +1.9352	 -1.0828
 +5.7939	 +1.0093	 -4.2778	 +0.0193	 +1.8087	 +2.3983
-18.4418	 +5.3759	-39.5996	 -0.8161	 -1.9247	 +0.7074
 -3.5443	 -8.9416	 -7.9819	 +1.8488	 -1.1149	 +1.8337
 -8.1657	 -4.2133	 -8.7659	 +0.6374	 +4.4699	 +1.6780
 -4.2418	 -0.6245	 +0.5917	 -0.5824	 -1.1701	 -2.5605
 +0.2488	 -7.7370	 -4.5307	 +4.5433	 +0.2050	 +2.7729
+12.5642	-95.3774	-22.2236	 -1.4459	 +0.6942	 +1.1083
 -2.3138	 -9.9349	-11.9162	 -2.3787	 +1.1146	 -1.9711
+11.1395	 +2.8814	+20.0489	 -1.2056	 -1.6557	 +0.0807
 -7.9581	 +1.6371	+18.1420	 +2.3038	 +4.0142	 +0.6127
-19.7161	-11.8587	 -0.5143	 -0.8673	 -2.9446	 +1.6432
 -4.4409	+10.6559	 -2.3072	 -1.0028	 +0.9347	 +2.6315
 +6.8489	 -6.5045	 +0.3371	 -1.5318	 +0.9329	 +1.0750
 +3.4527	+10.9751	-17.6936	 -2.3275	 -0.0330	 -0.6713
 -2.2509	 -2.5642	 -0.5068	 +3.0078	 -4.4932	 -1.0615
 -6.6426	 +0.4690	 -4.9450	 +2.4962	 +1.4791	 -1.0709
-20.4174	-12.0297	+25.2845	 +1.5176	 -2.5886	 +0.9251
-22.1082	+52.1060	-15.6499	 -1.8271	 -0.5613	 +1.7815
 -7.0011	 +2.8465	 -9.1234	 +1.9750	 +0.6886	 +2.2174
 -2.7908	 +7.6004	 +2.5569	 +3.2764	 +0.8900	 -3.2333
 +8.7339	 +4.5092	 +2.6253	 -0.8176	 -3.9806	 +0.8764
 +7.3559	-10.6015	 +4.8426	 +2.0722	 +1.8553	 -1.8509
-22.6499	 -2.2955	 +2.0122	 +2.2428	 +0.0476	 +0.7167
 -7.6977	 +3.7093	 +2.0374	 -1.0982	 +1.6742	 +6.4599
+121.5084	 +6.9775	-33.4814	 -0.0273	 +0.1335	 +0.7919
 -3.2119	-15.7007	-29.2898	 -2.4275	 -1.6590	 +0.9435
 +6.5640	 -2.3047	 -0.2429	 +2.9806	 +1.0192	 -1.3304
 -0.5793	 +4.1414	 -6.2748	 +4.5140	 -1.5064	 +3.2509
 +1.1819	 -6.7644	 -2.7914	 -1.5367	 +1.1766	 +0.8165
 +7.6148	-15.3843	 -9.7318	 -3.4474	 +3.4369	 +0.5137
 -9.6676	 -9.3090	 -6.5934	 +0.2379	 +0.9670	 +0.2773
 +7.2920	 -2.0248	 +9.6085	 -1.7798	 -1.8054	 +0.2958
 +8.8983	 -4.1631	 -2.4914	 +1.7888	 +1.1495	 -3.5310
 -4.6932	 -3.4105	 +3.1743	 +1.7373	 -0.3885	 -4.2804
 -1.2992	 +2.9477	 -2.8843	 -2.5738	 +2.0252	 -1.8875
 -0.1167	 -2.3839	-11.1835	 +1.7311	 +1.6387	 -0.3211
 +3.6054	 +3.3894	 +3.2893	 -1.0262	 -0.8687	 -1.4559
 +6.5063	 +0.7299	 +0.8415	 +0.1128	 -0.7184	 +0.1979
 -2.1774	 +2.1764	 +1.3461	 -6.1894	 +1.0478	 +0.4514
 -0.1216	 -0.9355	 -1.9026	 +2.2834	 -1.1140	 +0.7596
 +2.9889	 +0.5546	 -7.3394	 +1.4485	 -0.7190	 -0.1307
 -7.5552	 -3.3691	-10.0930	 +3.3725	 +1.8286	 -1.6795
 -2.3355	 -5.3929	 -2.0286	 -5.2103	 -2.6895	 +1.3133
 +0.7537	 +0.1811	 -9.1226	 -1.8307	 -5.0390	 -1.2280
 +7.2610	 -8.4810	-15.6786	 -1.1478	 -1.1589	 +2.5560
 -2.5698	 +6.3487	+15.7059	 +0.7037	 -1.0073	 +2.1956
+15.6044	-22.3964	 -2.8749	 +0.0240	 +1.3665	 -2.5211
 +0.4185	 +0.2587	 -6.4204	 +1.6827	 +2.8902	 +3.2383
 -3.1974	 +4.2000	 -0.4355	 +0.0598	 +0.4593	 -0.1242
-63.8095	-12.6547	 +5.1277	 -0.3183	 -1.4324	 +0.3365
 +0.9334	 -3.2010	 +8.3537	 +0.3359	 -1.6484	 +0.5894
 -4.5691	 -0.9548	 -7.4561	 +0.3477	 -4.9548	 +4.1223
-11.2547	 +8.8627	 -2.8334	 -1.7737	 +2.6774	 -0.8544
 -2.2935	 -3.2273	 +1.5776	 +1.1386	 -1.6571	 +4.4269
 +4.8483	-13.3310	 -9.2421	 -1.4233	 +0.4574	 +0.3035
-19.3625	 +6.4019	+22.0820	 +1.9149	 +0.9963	 -2.8698
 +7.1011	 +1.2261	 -5.5003	 +5.1270	 +1.0694	 +0.1834
 +4.2695	 -0.3439	 +1.4549	 -2.6026	 -4.7870	 +2.1204
 -4.1677	-10.5932	 +1.9468	 +4.5657	 +4.7996	 +1.9156
+13.6503	+12.9755	 +3.7757	 +1.4493	 -3.8989	 -1.1113
+21.4355	 +1.5205	+16.9777	 +0.3009	 +2.1245	 +0.0620
 -2.0619	 +3.6293	 +2.2013	 +3.0010	 -3.9213	 -0.0223
 -9.3759	 +1.0848	 -8.2641	 -1.4084	 -1.0495	 -3.3576
+1874.0410	-33.7595	+791.0978	 +0.2199	 -0.2337	 +0.0656
 -6.7830	 +8.4157	 +0.6149	 +0.1379	 +1.6343	 -1.8635
 -7.6495	 -3.6270	 -1.4368	 +1.2643	 -5.2062	 -2.2348
 +6.9022	 +3.7233	-12.2079	 +1.1348	 +1.3176	 +1.1481
-16.9307	+12.4911	 -2.7842	 -0.9975	 +2.7648	 -1.9014
 +0.5286	 -5.4097	 -3.9058	 -3.8964	 -2.9354	 +3.3692
-65.3067	-63.5657	-70.9320	 -0.6228	 -1.0698	 +0.0260
 -8.4947	 +6.9322	+32.5512	 -0.9675	 -1.4960	 +3.0253
-16.9501	 -6.7070	-21.2501	 -0.6396	 -3.7982	 -2.1885
+11.9058	 -1.5998	 +4.7155	 -3.6889	 +3.2991	 -1.7798
 -9.5798	 -4.3973	 -3.8759	 +1.0327	 -0.5870	 +0.8026
-11.3677	-16.2389	 +4.2149	 -4.3596	 +0.2721	 +0.4317
 +4.7540	-16.0940	 -1.7917	 +0.4560	 +0.1741	 +0.9924
 +3.3045	 -4.1004	 -2.4182	 +1.5806	 -2.0703	 -1.8500
-13.8620	-15.3870	 -9.5009	 -1.0325	 +1.5798	 +1.7291
 +0.7664	-13.3247	 +0.1899	 -0.2238	 +3.9625	 +2.7165
 -5.5158	+12.1869	-11.9213	 -1.7731	 -2.4582	 -0.8522
 +2.9135	 +2.2260	 -5.7281	 -0.8192	 +1.5223	 +0.7039
 -2.0509	 -4.4091	 -8.6062	 +4.6454	 -2.5004	 -0.7922
 -7.4894	 +5.5889	 -5.2574	 -0.2164	 +0.1526	 +4.3529
 -1.6771	 -0.7761	 -1.1140	 +3.1198	 +2.6042	 +1.4194
 -8.6461	-12.9973	+16.4820	 +1.3822	 -2.6911	 +2.3863
 -7.6692	 +3.0140	 -4.3535	 +2.9889	 +1.6111	 +1.7921
 -2.6743	 -3.3997	 +2.5399	 -0.3167	 -0.9041	 +3.2890
 +1.5811	-10.2814	-27.1233	 -0.1611	 -3.3120	 +0.3391
 +4.0999	 -3.2738	 -6.3611	 +2.9667	 -0.7783	 -3.1098
 -4.3523	 -4.0908	 +2.2215	 +1.3210	 -1.8762	 +2.2559
 -6.4529	 +6.8533	 +4.2206	 -0.0682	 +1.6984	 +3.1075
 +2.6866	 +9.1448	 -4.2640	 -3.5840	 +0.7538	 -0.0647
-13.5282	 +7.9743	 -0.4031	 +1.5218	 -1.6085	 +0.5311
 -0.4835	 +8.1192	 +3.6781	 +1.0576	 +0.1760	 -1.0073
 -8.2163	 -0.7107	 -1.9440	 +2.9186	 +1.4457	 -1.2494
 -5.1968	 -3.4536	+15.5718	 +4.1762	 -1.3707	 +0.1681
-13.9959	 -6.0358	-23.6304	 +2.7900	 +0.9847	 -0.5860
 -1.4605	-13.8117	 -8.0648	 -0.9046	 +1.4725	 +2.0164
-124.6288	-54.1031	+80.0005	 +0.8439	 -0.8844	 +0.5883
 -1.9293	 +0.7899	 -2.6253	 +1.7231	 +2.1982	 -3.7055
 +3.7578	 -4.3157	 +2.0845	 -1.5764	 -4.9077	 +0.2249
 +7.1904	 +7.0990	-16.3949	 -2.7639	 +1.0935	 +0.7287
 +5.9921	 -7.1047	 +0.1511	 -3.6536	 +1.2621	 +3.4842
+10.4131	 -6.9335	 -0.9246	 +3.0117	 -0.1438	 -1.8819
 -8.1249	 -6.2267	 -7.9756	 +4.2284	 -2.6174	 +1.0587
 -2.2791	+13.2986	 +3.8903	 -0.9995	 -0.3844	 -2.1645
-108.2216	-107.2369	+99.6662	 +0.4800	 -0.1779	 -0.1955
+10.2988	+35.1590	 -1.2005	 +2.1018	 -1.3059	 -2.4030
-25.5684	 -7.5164	+27.2471	 +0.7092	 +2.2516	 +0.4791
 +2.2947	 +1.5381	-39.0417	 +2.8285	 -0.8232	 +0.4796
 -9.0322	 +5.3165	 -3.9856	 +5.3817	 +3.0616	 +1.6299
 -1.1769	 +0.5102	 -7.8450	 -2.7087	 +0.3342	 -1.3751
 +1.2947	 -4.1492	 +4.4674	 +0.9283	 +0.0393	 -2.6082
 -7.7452	 +1.4743	 -1.7429	 -3.4489	 +3.5619	 -2.9610
 -5.7843	 +2.3775	 -1.7896	 +2.8256	 -4.3081	 +1.6596
+25.2837	 +2.2564	 +1.6365	 +2.6017	 -0.5296	 +1.3976
+10.0164	 +5.2300	 -9.1074	 -1.4941	 +4.4030	 +0.5960
 +8.7309	-77.5647	 +4.8706	 -1.0846	 +1.8829	 -1.2797
 +6.4325	 -1.7357	 -4.0650	 +5.1094	 +0.5753	 -2.3952
 -1.8745	 +0.6504	 -5.7776	 +0.8136	 +1.5731	 +2.3097
 -0.6109	 +2.8838	 -0.1300	 -1.1504	 +2.1905	 +0.2950
 -0.8807	 +2.0532	 -3.5669	 +0.5543	 -2.6996	 -5.5017
 +6.1491	 -1.8503	 -6.9073	 -1.0217	 +2.1694	 +0.3942
 +4.5466	 +1.0680	-23.1421	 +0.2495	 +2.5946	 -1.6361
 -4.2851	 +7.5100	-24.8718	 +0.3881	 +0.6328	 -0.4624
+11.6029	-21.4491	-27.4037	 -0.2085	 -1.7561	 +0.2868
 -2.8203	 -3.1801	 +0.0602	 +3.8631	 -2.3942	 +3.6687
 -7.0175	+11.5543	 -9.6322	 +0.8121	 +2.6727	 -1.3763
 -3.1748	 -5.5639	 -1.6007	 +2.3009	 -0.2274	 -3.5839
 -5.0966	 +1.7861	 +0.0856	 -2.5756	 -2.4111	 +0.0471
+24.3565	+23.7235	 -0.1849	 +2.8729	 +0.0995	 -0.7356
 -0.9557	+14.8545	-15.1099	 +0.3443	 -1.0213	 +2.8447
 -3.8588	 +1.7972	-12.4404	 -0.1977	 -0.3632	 -2.4667
 +3.4502	 +3.3503	 -1.9018	 -1.3438	 +2.7329	 -1.0467
-13.9479	 -4.8289	 -5.3516	 +0.1917	 +2.4880	 +2.0855
-148.9575	-61.5984	+204.9579	 +0.5721	 -0.6636	 +0.1668
 -2.0439	 -0.5217	 +0.3579	 -1.1388	 +3.2025	 -3.5142
 -3.6952	 +0.8145	 -8.6304	 +2.9530	 -2.5383	 +1.1833
 -4.1810	 -4.4575	 -7.5803	 +4.0799	 +2.8231	 +1.6268
 -0.6638	-17.6413	 +1.5489	 +0.6723	 -2.3584	 -3.0022
 -3.8483	 +1.0617	 +5.8037	 +0.8486	 -0.3292	 -2.2814
+14.4183	+52.5851	-25.7028	 -1.6537	 +0.2760	 -1.5876
 -2.6169	 -3.7546	 -0.8115	 -2.6385	 +4.1836	 +5.1776
-14.1384	 +2.2166	 -0.4486	 +0.7331	 -2.0492	 +2.9852
 -4.1899	 -5.5719	+22.2746	 -2.2989	 -0.4006	 +0.3941
 +0.0559	 +1.0078	 -7.8669	 +1.4046	 -2.5591	 -3.7463
 -8.2300	 -3.3463	 +0.7864	 +0.9358	 -0.3811	 -2.7810
 +4.0212	 +2.0045	 -0.8442	 -2.8344	 +3.8361	 +2.7049
 -3.8448	 -0.3849	 -0.2565	 -0.7055	 -0.6528	 +3.4818
 +2.9678	 +6.4144	 +1.9760	 -3.3027	 -2.6635	 -2.3307
 -3.0267	 -1.7819	 +2.7438	 -0.5691	 -1.7048	 +5.8138
-10.3969	 +0.3112	-18.7057	 +2.5310	 -0.3342	 -0.0066
-10.1699	 -8.5936	+14.0817	 -1.2107	 -0.9526	 +3.1340
 -1.6905	 -7.4664	 -4.3068	 +1.8237	 -1.4934	 +2.2620
 +2.0654	 +8.0051	 -7.9618	 -0.4911	 +2.3691	 -0.8102
 -2.8172	 -2.1028	 +1.4236	 -0.8649	 +2.6601	 +1.9673
+12.4346	+13.5822	+35.3475	 +1.9885	 +1.9606	 -0.4575
 -3.9137	 +1.7904	 -2.0546	 -0.4355	 -0.7705	 -1.0085
 +1.4713	 +9.0541	 -7.8725	 +2.7527	 -2.4919	 -0.1646
 +1.1821	 -4.4837	 -7.4655	 -4.0127	 -2.2318	 +1.7019
+14.5385	-13.7043	-20.3192	 -0.8931	 -0.7188	 +0.2150
 +2.8720	 -2.9449	 +1.1920	 +2.5827	 +2.8916	 +0.1568
 -7.6606	 +5.3029	 -0.4897	 -0.5188	 +2.5524	 -5.3841
 -3.9483	-13.7065	+10.1953	 -0.9975	 +1.9718	 -0.6195
 -4.4992	+25.0640	-48.7694	 +0.8742	 -0.6663	 +0.4332
 +3.8251	 +3.9631	-27.1364	 -0.7607	 +1.1612	 +3.7778
 +6.5256	 +0.2181	 +1.2659	 +0.7792	 +1.4132	 +2.0803
 +6.0774	 +0.1845	 +1.7745	 +1.2933	 +5.5634	 +2.1759
 -2.1186	 -1.4469	 -4.8079	 +1.3146	 -0.8424	 -0.8438
+21.0845	+13.8078	 +5.0090	 +0.1842	 -1.0951	 -0.0299
 -0.6063	-52.6974	-11.9374	 +1.4148	 +2.1482	 -0.5467
 +1.8945	 +7.5644	 +0.1889	 -0.6484	 -1.4360	 +4.3087
 -0.5952	 +6.5896	 -7.0320	 +3.8369	 +1.7890	 -1.0993
-25.7996	+11.8025	-11.2189	 -2.0421	 +0.2032	 +2.6813
 +3.4351	-29.3387	+19.4809	 -0.8880	 -1.6313	 +0.0090
 -5.9247	 +5.3525	+11.1351	 +0.1709	 +0.7351	 -2.9061
 -5.9835	 -1.9484	 -4.0664	 -0.4341	 +2.7210	 -4.8169
 +7.3552	 -4.4251	 +0.8981	 -1.0800	 +1.6210	 +0.5929
 -4.0925	 -8.4239	-12.3154	 +0.8583	 +0.3254	 -2.0784
 -0.9092	 +2.5732	 -5.7665	 -3.5327	 -1.4596	 +1.8430
 +5.5785	+18.0472	 -4.3994	 +1.1255	 +1.4498	 -3.2467
 -0.4704	 -0.1914	 +1.5761	 +3.3680	 +2.6666	 -1.9216
-13.3876	 -9.6473	-12.6801	 +0.8622	 +1.8844	 +1.3697
-43.2781	+12.2575	-21.7312	 +2.0699	 +1.0889	 -0.4785
 +4.7527	 +5.2331	 +2.3177	 +2.1167	 +0.8299	 -0.7304
 -2.4409	 -1.5934	 -4.1539	 +3.2322	 +3.9529	 -0.2879
 -3.9320	 -5.1369	 -4.9433	 +5.4097	 -0.7394	 +0.7269
 -0.2660	 -4.0635	 -5.0069	 +0.1087	 -3.4868	 +2.3066
+10.0396	+12.2848	 +6.4613	 -2.4465	 -1.5047	 +2.7344
-10.6000	 +4.7374	+29.4048	 -1.2184	 -0.5587	 +1.5855
 +9.6391	-12.1643	 +5.2416	 +0.0537	 +0.3451	 -3.9012
 +1.0620	 -3.5657	+12.7853	 -4.3046	 +0.7188	 +0.0567
 -6.9942	+10.3340	 -2.6262	 +1.9058	 +0.4577	 -1.3128
 -4.7318	 +3.2430	 -8.0326	 +0.6693	 +3.9720	 +5.8044
 +3.2135	 -9.1810	 -2.5357	 +2.8338	 -0.7166	 -5.3860
 -0.7070	 +1.6552	 +2.6380	 +4.6197	 +1.9919	 -1.2052
 +2.0663	 +4.2737	 +8.5107	 -0.7409	 -1.5185	 +3.6040
 -1.8723	+13.7423	-12.0273	 -1.0429	 +2.4014	 -1.2009
 -3.3936	 +7.8320	 -1.9473	 -1.5791	 +2.5725	 -4.5222
 +0.8544	 +0.0742	 +3.4693	 +1.4204	 +0.7029	 +5.7788
 -0.9498	 +0.9037	+14.5695	 +3.0726	 +0.1951	 -1.7313
 -6.7828	-10.8430	 +0.5002	 +0.0052	 +1.8173	 +1.6279
+21.0927	 +1.6231	 +8.3052	 -3.3336	 -0.6774	 -0.5274
+10.7673	-11.6330	-13.8209	 -0.1565	 -0.4752	 -3.3181
 -0.9667	 +0.6260	 +1.6375	 +1.2275	 +2.5366	 +0.4294
-10.6611	-33.9660	-27.4830	 -1.0676	 +0.3003	 +0.4135
-12.6544	+14.0425	+14.0276	 +0.8663	 -1.5675	 +0.6386
 -2.9700	 +3.4361	 +7.4638	 +3.3903	 +0.2061	 -1.7599
+25.1644	 -4.9404	+10.4096	 +3.5735	 -1.2615	 -2.4653
 -2.5391	 +8.5652	 +1.8788	 -2.0531	 +2.0000	 -0.6078
 -3.2918	 +3.9575	 -3.3791	 +3.9333	 -0.0801	 +4.5583
 -9.7359	 +7.3213	 -0.3986	 +1.7044	 +2.1774	 +1.3825
 +2.7003	+13.3606	-11.9521	 -0.4862	 +2.7874	 -1.8003
 -5.9476	 +7.3178	 +3.8819	 -3.4161	 -2.3020	 +1.5440
 -9.9715	 +7.6584	 +2.0872	 -4.6528	 -0.0562	 -0.2176
 -7.6748	 -4.3447	 -5.4749	 -5.8222	 +0.4164	 -0.6607
+12.5443	-13.2082	 +1.2440	 -3.9307	 -0.4551	 +1.4790
 -4.7813	+25.3784	+18.2123	 +1.9136	 +0.8993	 -1.6278
+27.4396	-31.7611	+70.5410	 -0.4205	 -1.6191	 -0.1658
-17.5693	 -0.7261	 -0.1999	 +1.1784	 +1.3756	 +0.6889
 -7.6676	 +5.1212	 +6.5948	 -0.2573	 -3.9838	 -0.6314
 -3.1772	 +1.8145	 -4.3921	 +0.2829	 -1.0420	 -1.7075
+13.9459	 -0.3670	+15.1149	 -0.4939	 +0.9283	 -0.0702
 -6.8190	 -5.8094	 -6.3786	 -1.9609	 -2.6027	 +0.0832
+20.0062	 -4.2344	-20.3466	 -2.5518	 -0.3791	 +0.1383
+16.5210	 +6.1455	 -6.6349	 +0.9044	 -2.5642	 -0.9345
-22.9191	+25.2659	-27.7025	 +0.2799	 -0.2370	 -0.0349
-25.8948	-10.7429	+15.5071	 +0.0943	 +2.1730	 -0.7239
 -3.4219	 +3.6264	 +4.8778	 +2.1162	 -1.2720	 +0.3184
 -7.7156	 -1.2171	 +2.2675	 -3.6559	 +4.2839	 -1.8835
-11.1756	 +6.6265	-12.3667	 -2.3059	 -1.0352	 -0.2371
 +2.5746	 -2.2269	 +1.8059	 +1.1617	 +1.6292	 +2.5762
 +3.6086	 -5.4390	 +3.9722	 +0.4465	 -4.7853	 +1.6282
 -6.4456	 -0.6977	 -4.6864	 +2.3549	 +0.8528	 -1.7208
 +9.0709	 +9.5581	 +6.2335	 +0.6881	 +0.8996	 +1.2820
 +4.5202	+12.8154	 +1.7875	 +0.8162	 -0.4557	 -2.0807
 -2.7217	-15.5970	+11.3959	 -1.2538	 +0.3833	 -3.9834
 -0.1697	 -1.1364	 -4.0156	 -5.0567	 -2.8672	 +0.4409
 -2.0911	 -7.3657	 -9.1244	 -2.2687	 +2.2129	 -4.4701
 +0.0945	 +1.0100	 -5.9208	 -2.2009	 +0.2701	 -1.9603
+11.8369	 -7.6490	-36.8259	 +0.2156	 -0.2340	 -1.5341
 +4.7815	 -1.7674	 -4.3130	 -2.2029	 -0.4615	 +2.7572
 -3.3987	 -2.3312	 -3.9942	 -2.9071	 +2.0568	 +0.5629
 -4.6004	 -5.0039	 -0.3496	 -5.8474	 +2.1735	 +3.9652
-33.2989	 -1.2850	-19.6707	 -0.5814	 -1.1911	 +1.9133
 +0.5308	 +1.1379	 +3.0824	 -3.9172	 -1.4627	 -2.3953
 -2.8288	 -4.7497	 -9.2588	 +3.7093	 -0.7894	 +0.4719
 +1.5455	-13.2640	 -6.0873	 -0.6004	 -2.3137	 -0.6950
 -6.3293	 -1.3187	 +7.3872	 -1.3237	 +2.7660	 -2.3699
 -1.0218	 +3.1463	 -3.9568	 +1.2966	 +5.6704	 +2.7799
-25.0873	-20.0589	 +7.4910	 -0.2451	 -0.2280	 +0.9383
-21.0315	 -8.3009	-19.6732	 -0.4399	 -1.4451	 -1.8951
 -3.2952	 -1.5708	 -7.1705	 -0.7561	 +0.2893	 -1.0459
 +5.3835	 +4.8555	 +5.2820	 -2.3703	 -0.1648	 -0.7400
 -1.1073	 -0.4899	 -0.8899	 -1.6946	 +0.3452	 +1.8840
 -2.9591	 -8.8626	-13.5507	 +0.0011	 +4.0509	 -0.5898
 +9.8440	-43.4579	-20.4450	 -0.8039	 +2.2138	 +1.3046
 -2.3237	 +2.2779	-18.2687	 +0.4820	 +3.4729	 +0.4425
 +6.0002	 -3.9378	 -3.9303	 +0.5694	 -0.0913	 +1.0973
 -0.3982	 -0.6691	 -6.4667	 +1.6615	 -0.8406	 +1.8024
 -3.7927	 -8.3944	-12.9931	 +1.0062	 -4.2718	 -2.9324
 -7.8202	+14.1794	 +4.6607	 -0.1981	 +1.0515	 +1.2335
 -1.7133	 -1.2353	+10.7697	 -1.0234	 +0.9702	 +2.8364
-26.9090	+18.7033	 -9.7750	 -4.1850	 +2.0297	 +0.5377
 -0.7837	 -6.0218	 +4.7920	 -2.7701	 -0.0752	 +1.1715
-61.2726	-38.2050	+33.4627	 +1.1103	 +1.6580	 +0.2475
 -3.7436	 +1.2998	 -1.0110	 -2.9230	 -3.9276	 -5.0854
+39.3806	+22.7217	+33.7344	 -1.9869	 -1.7902	 -0.9427
 +9.3451	-10.6579	 -3.4621	 -0.7267	 +3.2198	 -1.7328
 -0.5837	 +6.6965	 -0.1269	 +1.0355	 -4.2490	 +0.8963
-114.3952	+60.9950	-17.6571	 -0.2004	 +0.6071	 +0.3231
 +4.7867	 +7.1813	+11.1337	 +1.2425	 -0.8094	 -2.7890
 -7.2253	 -1.1631	 -3.4317	 +3.7572	 +3.4430	 +1.2927
 +4.5479	 -5.2838	+12.4886	 +1.9104	 +0.4053	 -1.1827
 +1.4421	 +4.4905	 -3.5116	 +3.0794	 +3.0915	 -0.6198
 -2.8025	 +3.7738	 -4.4062	 +0.5420	 +1.9791	 -1.3902
 +2.3388	-10.0952	 +0.2138	 -4.5819	 -2.3176	 +0.0657
 +2.1496	 +1.7838	 -0.0590	 +3.3202	 +3.3892	 +0.5880
 -7.7565	 +4.5190	 -1.8609	 -4.6506	 -0.5981	 +2.4162
 -1.3108	+32.8976	 +3.6390	 +0.6668	 -0.8444	 +1.4485
 -6.3041	 -9.1047	 +2.4353	 +1.7292	 +3.1889	 -1.6700
 -5.1331	 -4.0171	 -1.1510	 +0.6631	 -2.4341	 -3.0121
 +8.4136	 -1.8947	 -7.3753	 +0.5439	 +2.1265	 -1.1749
 +3.4029	 +2.1601	 -3.5062	 +2.4354	 -1.9472	 +2.9979
-33.0199	+17.6707	+10.8760	 +1.3771	 -0.1588	 -0.6973
+20.0846	 +9.3516	-22.7450	 -0.4139	 -1.5905	 -1.5710
-14.1587	-41.3316	+15.1676	 -0.4954	 -0.5684	 -0.2856
 +3.2258	 +4.3692	-10.1698	 -3.8006	 -0.9710	 -3.0884
 -7.2771	 +6.6278	 -4.7409	 -1.2429	 +2.6427	 -0.2946
-12.1464	+13.0360	-30.6204	 -1.4318	 -1.1874	 +1.2063
 -2.3326	 +9.7095	 -8.0415	 +3.0522	 +1.2053	 -1.5471
 -0.4431	-11.0743	+16.7568	 -1.0439	 -0.1890	 -0.3847
 -1.9726	 +5.9717	 -6.2149	 +2.7456	 +3.9900	 +3.4217
 +2.1305	 +1.1163	+10.2894	 +1.8506	 -2.3006	 +1.1940
 -4.2951	 +2.3458	 +1.1123	 -3.2255	 +1.2923	 +3.7993
+14.8614	 -6.5493	 -5.7907	 -0.3929	 -0.6196	 +1.3147
-64.1864	+27.2439	+13.8158	 -0.8194	 +1.0252	 +0.6018
 -2.8471	 -2.9813	 -0.0497	 -1.1945	 -0.9971	 -0.5960
-24.4140	+58.2374	 +5.2784	 +0.7549	 +2.6398	 -0.4820
+11.1393	+12.4892	 -9.4655	 -1.0708	 -1.3032	 +1.1683
 -1.1299	 +7.0598	 -4.2594	 -2.5279	 -0.2547	 -4.3933
 +4.1907	 -4.4955	 +2.1035	 +0.9377	 -1.4930	 -0.3007
+11.3645	-42.6268	+38.1629	 +1.9387	 +1.2277	 -0.0480
 -5.2795	 +8.8673	 -0.2628	 -3.4166	 +2.0971	 -0.8066
-14.7877	 +6.2668	-16.2773	 +0.3397	 -0.3316	 -2.2999
 -8.6753	 -6.8925	 -1.5383	 +3.0326	 -1.6478	 -4.8896
 -2.2527	 -1.2899	 -5.2746	 -1.6348	 -6.9881	 -2.8760
 -3.1422	 +1.7201	 -3.2680	 -3.2472	 +3.0078	 -4.4960
 +1.6666	 +1.2307	 +2.8639	 +0.2053	 -1.1366	 +0.7407
 -0.8886	 -5.6749	-10.7961	 -3.0727	 -2.1433	 +0.5471
 +2.2594	 -4.6795	 -1.6312	 -0.1817	 -1.3331	 -0.2763
 -2.9994	+10.8121	 +1.6228	 +0.5498	 +2.6244	 +2.1884
 -2.0770	 +4.6418	 -1.7993	 -1.8843	 +3.5185	 -3.8602
 -1.1722	-19.4673	 -7.3881	 -2.2524	 -0.7934	 -3.7911
 -5.3875	 -2.9259	 -0.7819	 +0.1094	 -1.1169	 +2.8715
 +1.4088	 +0.4856	 -2.5225	 -0.7926	 -0.1148	 -1.8695
-21.8570	 +2.8591	 -3.3796	 -1.5243	 +2.8038	 -0.3900
 -5.9783	 +1.3181	 +6.4404	 -1.4643	 -1.3565	 -4.4806
 +5.2242	+10.9569	-19.2209	 +0.5415	 +0.1708	 +2.0994
 -6.1991	 -1.7800	 +2.2817	 -0.2230	 -2.1950	 -1.8595
 -7.0176	-13.1500	 -8.7473	 +3.5303	 -1.6430	 +0.1821
 -1.9771	 -6.6475	 -7.3317	 -3.5000	 +4.5480	 +1.0928
-46.4625	-71.2036	-68.4770	 -4.8025	 -6.1507	 -6.1995
 -1.0962	-19.0292	 +0.0624	 +1.5790	 -1.4192	 -1.4841
 -1.9224	+12.2137	 -2.4715	 +3.4362	 +0.3060	 -0.8444
 -3.3587	 -3.4661	 -3.6094	 -3.2796	 +4.6541	 +0.9043
 +4.7107	 +0.0703	-11.1643	 +0.5589	 -1.3430	 -0.0135
+11.7121	 +0.6136	-11.2315	 +4.3896	 +1.9254	 -1.0793
 -7.8547	 +3.9215	+44.7642	 -1.1192	 +0.9942	 -0.7049
 -0.2497	 -6.7908	 +0.2449	 -0.9678	 -1.4524	 -3.9052
 +7.4395	 -8.9750	 -3.1459	 -2.2947	 -3.9952	 -0.7879
 -2.6934	 +0.8306	 +3.2976	 -2.4501	 -2.5099	 -0.0530
-23.9915	 +5.2467	 -7.7561	 -0.7392	 -0.1511	 +0.6039
 -2.1196	 -2.8197	 -5.3627	 +3.8031	 -2.0069	 -0.7717
 -1.7687	+24.3452	+15.4798	 -0.3442	 -1.4586	 +1.6856
 +5.1708	 +2.4723	 -7.9352	 -1.4683	 -2.8305	 -2.8275
 -1.9990	 -9.0309	-37.9726	 +1.8419	 -0.8214	 +1.7241
 -7.3773	 -3.7456	+11.2947	 -1.3572	 -1.6564	 -5.0095
 -0.8260	 +1.0212	 +2.1598	 -4.0715	 -0.6106	 -0.1797
 -1.8192	 +7.6943	 +0.3198	 -1.1888	 -0.6052	 -0.5439
+12.3141	-15.8898	-17.5884	 +2.2597	 -1.6525	 +0.7053
 -4.0381	 +2.5775	 -2.9646	 -1.2206	 -4.2257	 -3.6294
 -1.8502	 +6.4032	 +3.6533	 -2.4590	 -1.5147	 -0.6723
 +7.8889	 -8.8259	 -6.6239	 +3.5790	 -2.3705	 +1.4212
 -1.8367	 -6.9028	 +4.2253	 +2.2806	 +0.1175	 -3.7304
 -6.8551	 +9.1339	 -0.2031	 -2.9575	 -0.4352	 +2.8555
 -2.4323	 -0.4764	 -5.7862	 -3.7451	 -0.8295	 +2.4794
 -3.9758	 +2.0582	 -7.0895	 +3.2733	 +0.5822	 -3.8508
+19.4273	-13.2196	+24.0107	 +0.3172	 -2.1982	 +1.5942
 -1.6325	 -0.3565	-10.6017	 -4.0325	 -2.2133	 +2.6376
 -0.4035	 -1.2816	 -7.3228	 -3.1049	 +1.4796	 -0.0034
 -9.0137	 -3.8968	 -3.7063	 +0.0136	 +2.6749	 -2.6524
 -0.2481	 -1.5144	 -1.8956	 -1.0922	 -1.0901	 -4.5029
 +0.2436	 -1.8580	 -2.9762	 +0.1863	 -3.6222	 +0.2973
 +5.9703	 +0.1206	 +5.8889	 -5.3483	 +1.7882	 -2.0986
+23.0582	-13.5500	+13.6029	 +5.8000	 -1.4977	 +3.6130
 -7.6177	 +1.7868	 +2.7076	 -2.6896	 -1.9195	 -1.5853
 +1.1080	 +7.7385	 -4.8944	 -0.8423	 +0.1313	 -3.6768
+20.9079	 +2.7819	-10.1233	 +1.2761	 -1.0933	 +0.5168
-12.1246	 -8.3920	+14.1419	 -3.9909	 +0.2086	 -0.8042
 +3.3806	+10.6250	 -3.2875	 -3.8483	 -2.9379	 +0.8660
-16.8096	 +8.8094	+10.3411	 -3.7022	 +2.4823	 -0.8088
-20.5152	 -4.7364	 +8.5072	 +1.6818	 +1.8245	 -0.3809
 -4.8768	 -0.8817	 +0.4307	 +2.7315	 -0.0157	 +2.8744
 +1.0196	 -4.3091	 -5.3412	 -0.8254	 +2.0677	 -0.7775
-14.9876	-11.9713	 -2.2768	 -0.5331	 -4.1579	 -0.0438
-22.1179	+19.4636	 -4.7339	 +0.6509	 +1.3736	 +2.3814
 +1.3028	+12.6424	-12.7789	 +1.4867	 -1.1144	 +3.1387
-20.3047	 -2.5464	 -2.7012	 -2.6718	 -1.9968	 -0.6808
 +3.3416	+11.8375	 +0.7037	 -2.4384	 +1.1252	 -0.5137
 -1.4881	 +5.8863	 +3.0746	 +3.3782	 +2.1915	 -1.4075
+40.2241	+20.4466	+35.4256	 +2.4135	 +0.9252	 +3.2540
 -3.0165	 +3.2329	 -6.8911	 -4.1762	 -2.6387	 +2.7925
 +5.6595	 +0.6631	 +4.2371	 +0.1845	 -4.0974	 +4.4812
-38.9801	+25.6765	 +7.2516	 +0.5611	 +1.8867	 +0.8050
 +0.1011	 -1.1111	 +4.2994	 +0.0517	 +1.2057	 +5.6475
 -3.1779	 -3.9145	 +0.0102	 -0.6384	 -1.6171	 +2.2007
 +1.0779	 -9.3683	 -1.3907	 +0.8761	 -1.9437	 +5.9964
 -0.2975	 +4.2250	 -1.6787	 +3.8028	 +1.3190	 +3.7945
 -7.9321	+10.5827	-36.0191	 +0.6018	 -0.6618	 +2.3558
 -7.9777	-14.3744	 -1.0251	 +0.4201	 -2.3406	 -0.0002
 +4.1354	 -8.3679	 -4.8470	 -3.7647	 +1.4450	 +3.9811
 -9.8336	 +3.0669	 -4.4495	 -2.8247	 -0.0960	 +3.1715
 +5.9809	 +4.8284	+21.3242	 +0.2761	 -3.7504	 +0.9414
 -0.0485	 -5.8428	 -1.9189	 -1.7141	 -3.5683	 -4.2119
 -6.7801	 -1.1503	 +3.0236	 +1.2913	 -2.7644	 -1.9000
 +5.7868	 -0.9794	 -2.3984	 +2.1704	 +0.1842	 -5.4800
 +0.8826	 -1.3136	+10.5728	 -2.3979	 -0.1376	 -0.2122
 -0.0588	+17.3668	 -2.4514	 -0.9546	 -0.9045	 +0.1982
+15.7181	-12.8398	-18.0570	 -1.1753	 -3.3893	 +1.0940
 -2.7004	 -1.5543	 +2.2458	 -0.2456	 -0.4671	 -0.2279
 -4.8095	-14.3064	 +6.6824	 +1.1607	 -0.2103	 +2.2470
 +2.4773	 +9.0566	 -9.9240	 -1.4897	 -3.8569	 -1.0678
 +8.4591	 +0.7199	-13.0704	 +1.7652	 -1.3852	 +1.6403
 -0.1348	 +3.2125	 -3.6861	 +0.9197	 +1.0716	 +2.0264
 +5.4500	 +6.9451	 -8.4625	 +0.5830	 +1.0223	 -0.8183
+10.1328	 +6.2908	 -2.5831	 +1.0379	 +1.4232	 +0.2061
 +9.2972	+14.6729	-17.7253	 +2.3223	 -1.2189	 -0.7929
 -6.5129	 +6.6939	 -1.0204	 -0.9456	 +0.6858	 +1.6004
 -2.5098	 +1.8003	 +1.4143	 +1.5662	 +1.2765	 +0.5553
 -5.3719	 +4.1283	 -5.0307	 +1.7085	 +1.9067	 -0.8208
 +0.9275	 +7.9533	 +4.5658	 +0.8879	 +0.4308	 +0.9804
 -3.6549	 -7.4900	 +3.2932	 +1.0719	 -0.3640	 +2.2299
 -8.0152	 +2.1208	 +4.2036	 +4.2892	 -0.8726	 -0.6377
+18.4268	-21.3688	 -1.0889	 +0.6211	 -0.4678	 +0.1248
 +3.5388	 -0.3841	+13.6556	 -1.2305	 -1.6153	 -2.2751
 +7.4315	 +4.8017	 -3.0132	 +3.4297	 -2.4370	 -0.9206
 -1.5435	 -0.1781	 +2.4574	 +2.4272	 -1.4174	 +0.7203
 -3.1950	 -0.9397	-11.6786	 -1.1348	 -1.7268	 -1.7357
+16.4537	 -1.7623	-23.2194	 +3.4631	 -0.3996	 +0.8543
-21.4326	 -4.5250	+31.6959	 -0.3972	 -1.0062	 -0.1759
 -3.7341	 +0.6331	 -3.6278	 -0.3177	 -0.5828	 -1.2912
 -4.0505	 -2.3956	 -0.9406	 -1.2097	 +0.5248	 +2.2860
-11.0221	 -1.8496	 -7.0554	 +2.1167	 +2.0981	 -0.4498
 +3.3454	 -4.5322	 +6.6870	 +0.9091	 -4.0718	 +0.2946
-31.0613	+13.6992	 -3.8935	 -1.0936	 +2.3918	 +1.3892
 +0.5923	 +6.0664	 +0.8859	 +1.2928	 +2.4071	 +0.3503
 -6.9774	-46.5375	+58.4676	 -0.3282	 -0.5612	 -0.4040
 -3.6329	 -2.0491	 -4.8353	 -0.8378	 +0.2625	 -2.5742
 +2.7581	 +7.4023	-11.8951	 -4.1094	 -3.9277	 +3.3790
+11.1588	 +3.7180	 -2.2866	 +0.1944	 -0.4800	 +0.5850
 -3.5949	 -5.3273	 -1.2142	 -1.9459	 -0.9380	 -1.2610
+39.0733	 -0.7879	-18.2589	 -1.9063	 -0.1638	 +2.4502
+21.1952	-49.3518	+37.9509	 +2.3932	 -0.6221	 +0.2982
+102.2931	+46.5901	 -6.7791	 -0.3350	 -0.9870	 -1.6269
+12.6641	-13.9449	 -0.4282	 -2.8353	 -3.7061	 -1.3516
+36.7737	+56.2133	-31.1117	 +0.7363	 -1.1824	 +0.4155
 -3.4608	 -1.5240	 -4.6191	 -2.0602	 -1.8865	 +5.3278
 +6.5063	-14.4802	 +0.6190	 +3.4583	 +1.6826	 -1.8825
-24.3599	 -5.2575	+44.6864	 +0.2161	 -0.3035	 +2.3317
+18.6948	+58.7979	-38.2714	 +0.3539	 +1.7372	 +1.1763
+16.4045	 +4.0083	 +7.0097	 -1.2843	 +1.1037	 -4.6858
-13.8784	-14.2341	-12.2420	 +1.6279	 -2.1156	 -1.3901
 -9.3876	 +4.9904	 -5.9330	 +0.7540	 -2.0987	 -1.6724
 -5.0714	+14.7039	 +4.7201	 +2.1472	 -2.0177	 -1.6078
 -2.0089	 -0.6328	+10.9637	 +2.8093	 -0.8203	 -0.0477
 +8.3939	 -8.9984	-13.1650	 +0.5344	 -2.3374	 -0.5651
 +3.7593	 -2.3775	 -3.6355	 -5.2958	 -0.1282	 -1.0205
 -4.2901	 -6.1496	 -7.9680	 +0.0659	 -1.0424	 -1.3809
 +4.5154	-15.5717	-19.0152	 +1.1008	 +0.5840	 -1.4919
 -1.1787	-11.7978	 -0.8806	 +1.4960	 -1.4086	 -3.7570
 +0.1960	-10.2164	+12.3333	 +3.0059	 -2.2752	 +2.4476
 +4.2675	-13.1944	 +0.6028	 +0.6228	 -1.5759	 +0.3923
-14.4363	+17.1698	 +9.5649	 -0.7106	 +1.6876	 +2.4354
 -4.6727	 +5.9880	 +6.3369	 +1.9982	 -0.2608	 +0.0747
 -0.9811	 -1.6434	 -6.1435	 -1.3390	 -1.9894	 -1.5568
-14.3720	+12.5588	 +0.2222	 +0.6409	 -1.3133	 -0.1840
-14.0013	 +3.0903	+21.8335	 -0.2275	 +0.7106	 -0.9834
 -6.3548	+11.1152	 +9.4317	 +1.8090	 -0.3752	 -3.4354
 -1.8464	+12.1607	 +3.4228	 +0.6293	 +1.6406	 -1.7424
 +2.8065	 -4.9846	 +5.0303	 +0.1667	 -0.3315	 -1.4000
-10.3949	+27.6187	+10.8115	 +1.7682	 -1.4720	 -0.5467
 +9.6311	 +4.0555	 +2.9885	 +1.8853	 -1.8865	 +2.5136
 +9.1383	 +2.9914	 -1.3534	 +0.6688	 +4.7167	 +1.3791
+22.8110	 -7.1570	 +1.9923	 -2.1218	 -1.2180	 -1.3292
 +6.4717	 +4.1273	-11.9808	 -1.8207	 +1.2674	 -0.7308
 +9.8161	+37.6270	+31.0227	 -0.1469	 +3.1091	 +1.9955
 -3.8752	+63.0406	+35.4970	 +0.8437	 -0.7123	 +0.7983
-14.8762	 +2.5239	 -3.2339	 -3.0315	 -2.7448	 +2.2624
 -9.8898	+13.0294	 -4.6957	 -0.8659	 +1.7309	 +0.5907
-18.3036	-14.5033	+30.0181	 +0.1612	 +2.2076	 -0.8449
-14.4426	+21.9533	+10.0276	 +2.9423	 -2.1975	 -1.9339
 -3.2361	 -2.0797	 -1.8690	 -1.5782	 +2.9663	 -1.1295
 -3.1645	+18.1874	 +0.0547	 -3.3818	 +0.3151	 -1.5873
-15.5112	 -7.8007	 -7.9068	 +3.1816	 -1.8530	 -1.9982
+17.8317	-25.9118	+18.3968	 +0.5177	 +0.3518	 +0.2167
-11.4244	 +1.4545	 +3.6320	 -0.1453	 -0.2243	 +2.2746
 -3.7281	 -7.0861	 -5.7003	 -5.9264	 +2.3195	 -1.2723
 +0.0414	-51.9358	+115.5393	 -0.3119	 -1.3216	 +0.1810
+24.1077	 -0.6207	 -2.1561	 +1.8677	 +2.4355	 -0.3614
 +1.4276	 +8.4966	 +1.8488	 -4.9862	 -1.0668	 +3.0865
 -3.5236	 -5.8827	 -0.0043	 +0.2498	 -1.0993	 -3.5243
-29.2206	 +9.7433	+24.5505	 -0.6283	 +1.2406	 +1.2422
+16.2435	 +5.4700	+12.9850	 +0.8401	 -0.8101	 -1.3091
 -5.5317	 +2.2735	 +2.6007	 -0.5350	 -4.5376	 +3.3613
 -0.6700	 -2.3620	+18.2071	 -2.5076	 +2.3508	 -3.9512
+15.6924	+16.7517	 -3.2468	 -0.6846	 +1.3478	 +3.2049
 -3.8008	 +6.5415	 +7.4989	 +0.0104	 -2.7282	 -0.3082
 +1.7958	-13.2852	 +5.6498	 +2.5661	 -1.8440	 +1.3071
 +6.1134	 -4.4627	-12.7274	 +3.4564	 -3.7447	 +1.5178
-16.2579	 +3.6642	 -4.6582	 +1.1470	 -3.6078	 -1.3172
-23.0457	 +1.0088	 -7.2311	 -1.0457	 +2.6627	 +1.8982
-28.7824	 +4.1971	-16.4924	 +0.0415	 +0.2151	 +0.1045
 -2.5562	 +7.6359	-13.3203	 +0.4463	 -4.3647	 -3.0108
 -8.7937	-21.9835	+22.9771	 -0.7338	 +1.6765	 +1.6257
 -3.1023	 +2.6592	 +6.6152	 +1.8864	 -1.8185	 -0.4727
 -4.0352	 -1.1053	 +4.4354	 +0.2111	 -0.0448	 -1.2265
+10.5968	 -7.8092	 +8.0812	 -1.3138	 -0.1373	 -0.4977
 +9.5755	 -9.4291	-11.6840	 -2.8472	 +0.4189	 +0.8095
 +0.9400	 +8.1986	 -5.0378	 +0.7999	 +1.5568	 +1.6742
+33.6007	 -0.7602	-20.0367	 +1.0534	 -0.5219	 -3.0566
 -7.3170	 -5.9885	-11.3217	 +0.4558	 -2.0598	 +2.9105
 +0.2801	 +2.7456	 -2.4827	 +0.8381	 +2.4717	 +0.0745
 +6.7232	 -1.1187	 -7.7669	 -4.0611	 -2.2938	 +1.4682
 +4.7175	 +3.8961	 +4.6643	 +1.5354	 -0.7928	 -0.3247
 -5.0630	 +4.7249	 -2.7642	 -3.3518	 -6.5396	 +1.2468
 -1.0026	 -6.7858	 +3.1607	 +1.0074	 +0.6187	 +1.9848
-16.6991	 -9.5873	 -3.7843	 -0.6779	 -4.2085	 +1.1805
 +5.6585	 -6.3467	 +1.1018	 -2.0576	 -0.9845	 -2.2951
 -1.0226	 +0.6810	 -8.9939	 +1.6116	 -2.1199	 +0.8325
 +3.5946	 -9.9157	+24.1885	 -1.4915	 +1.5503	 +0.5663
 +2.5428	 +1.0670	 +6.7102	 -1.0951	 -2.0785	 -2.4512
 -1.4651	-35.5578	-17.0169	 +0.5238	 +0.9886	 -1.2698
 +8.3141	-21.2771	 +3.1906	 -1.1085	 +0.2956	 +1.9311
-10.2117	 -3.7026	 -3.7742	 -0.3276	 +2.1449	 +0.4521
-33.6281	 -6.3937	 +9.3360	 +0.5363	 +0.7978	 -1.4346
 +5.0503	 -0.6813	 -2.8982	 +4.6782	 -3.3275	 +3.0492
 +6.0775	 +6.4450	 -3.5397	 +0.6124	 +3.6595	 -4.0968
-14.0232	-27.7654	 +1.1561	 -2.0835	 -1.0881	 -0.9562
 -0.4609	-12.6121	 -7.2801	 -2.6303	 -2.2747	 -2.5762
 -1.6817	 +6.5029	-13.7285	 +2.6706	 -2.0434	 +2.4203
 -9.2448	+12.4419	-15.9659	 +0.7747	 -0.2754	 -2.3037
 -2.6049	 -9.4626	 +0.5657	 +3.9244	 +2.2810	 +0.0578
 +1.7903	+39.7885	+17.0380	 -0.5644	 -1.2324	 +2.0455
 -0.0220	 -2.9681	 -0.1589	 -0.4993	 +3.5076	 +4.3176
 +1.2602	 +7.6364	 -1.9999	 -3.7679	 +3.4472	 +0.0259
 -2.8732	 -1.6208	 -7.8218	 -0.5621	 -3.4048	 +0.2985
+85.8018	-40.7352	+31.7249	 -0.3188	 -0.7417	 -1.5886
 +7.1468	 -5.0190	+16.5752	 +1.7599	 +2.6074	 +0.5540
 -5.8842	 +3.2165	 -7.5557	 +1.0466	 -3.1462	 -1.4736
 +2.7803	 +5.9094	 +3.0312	 -1.6814	 +0.9801	 -0.8780
 +1.3716	-13.5944	 +0.0093	 +0.6440	 +1.0078	 -2.5754
 -1.8227	 -2.2134	 -0.3019	 -6.6775	 -0.3139	 +2.9455
 +1.3551	 +5.9671	 +2.4076	 +0.9754	 +3.6572	 -1.1442
 +8.6220	 +5.5553	 -3.0049	 +0.6584	 -2.1058	 -2.4272
+13.0743	 -6.6672	 +0.9646	 -1.5006	 +0.8027	 -4.3533
 -8.2965	 +6.6682	-18.5479	 +2.3626	 -2.0828	 -0.4576
 +8.9936	+17.4936	+56.1584	 +0.1678	 -0.1701	 +1.3588
 -5.5686	 -3.9880	 -9.7235	 -1.6323	 -2.7475	 -4.8520
 +8.2194	 +7.1247	 -5.2068	 +0.2050	 +2.1484	 -0.7817
-11.9445	 +0.8711	-23.9952	 -1.8226	 -0.7785	 -0.5187
+13.7701	 +7.2207	-16.3871	 +1.3657	 +1.9216	 +1.8627
+26.1094	 -2.3575	 -5.3058	 +0.3984	 -0.6899	 -2.4075
 +1.2483	 +1.0342	 +2.9564	 +1.2557	 -0.0807	 +3.8121
-71.7231	+35.0429	-13.7864	 -1.5931	 +0.6934	 -0.9010
 -0.1059	 -6.0242	 +1.5824	 -0.3591	 +6.1333	 -0.9613
+37.4525	 -9.4887	 +1.5443	 +1.4390	 -2.3490	 -0.7807
-24.5607	 -1.3939	 -2.0196	 +0.5997	 +0.3238	 +1.0334
-12.9478	 +2.4590	 -3.8272	 +0.5843	 +0.2912	 +2.9286
 -0.9707	+15.8660	-13.0809	 +1.2184	 -0.0659	 -1.4507
 +3.2256	 -5.2537	 -0.2883	 -3.9213	 -2.4841	 -2.3029
 -6.4684	 -0.5480	 -0.5337	 +3.2694	 +3.1441	 +2.8163
-76.7540	-168.9352	+24.6094	 +1.1660	 +0.1521	 -0.1191
 +2.9194	 +3.7500	 +3.4662	 +3.4185	 +3.8556	 +1.7002
 +5.3695	 -9.7395	 -3.2837	 -1.9775	 -2.3875	 +1.3962
 +0.1600	 -5.9836	 -3.6636	 +1.0337	 +3.3309	 +1.1250
+15.9260	 -9.7935	 +4.6730	 -0.4484	 +1.8070	 -2.9237
 +9.8545	 +2.7896	+21.9669	 +1.6522	 +0.2566	 -1.8129
 -2.1942	 -1.1328	 -1.2582	 -0.4984	 +2.6659	 +2.6290
 +1.8698	 -5.2087	 -4.6533	 -2.9278	 -0.0016	 -4.0356
+13.6319	-19.0062	-15.8580	 +1.2803	 +2.4794	 -2.8901
+10.1864	 -0.6693	 +0.7454	 +1.2688	 +1.2593	 +1.4886
 -3.4995	 -2.8665	 -3.8233	 -2.0806	 -0.0991	 +2.7890
 -0.5845	 -1.7325	 -7.3453	 +2.5533	 -4.3619	 +3.7120
 +1.7232	 -6.4495	 -7.0660	 +2.6039	 -4.1485	 -1.2647
-10.1131	 -5.8336	 +0.6436	 +1.8439	 -0.8010	 +0.1591
 +8.7641	 -3.0059	 -5.0951	 -0.6434	 +1.7179	 +3.3584
 -6.9380	+13.3813	+19.6465	 +0.3293	 -2.9203	 +0.0928
-11.4509	 +6.9825	 -6.0639	 +3.6531	 +0.0737	 -0.8628
 -6.6460	 -4.9934	+12.0656	 -0.6248	 +0.5753	 -2.1461
 -4.7580	-23.6307	 +8.4897	 -0.7476	 -4.0804	 +0.2519
 -1.5701	 +6.6125	-13.9924	 -2.4881	 +3.4673	 -4.8620
-23.1391	+12.2375	+11.1786	 -2.2353	 -1.1149	 +2.4992
 +3.7427	 -2.3231	-23.1632	 +1.5066	 +0.9353	 +1.1447
 +4.5898	 +4.3162	+10.5432	 +1.5378	 +0.7287	 +2.8850
+14.8094	 -1.0428	 -8.2150	 +2.2044	 +2.3636	 -1.7700
 +5.5675	 -3.8694	-24.9461	 +2.4892	 -1.9608	 -2.2865
-30.4741	+45.0102	-71.5409	 +1.3438	 +1.6096	 +0.6181
 +2.6846	 -3.9482	 -2.4315	 +4.5035	 +3.3716	 +1.5178
-20.3355	+13.4895	 -5.8561	 +0.0338	 -0.7283	 -0.4657
 +1.1740	-15.4494	+11.2678	 -0.2634	 -1.3219	 +1.0381
+16.4898	 -7.3738	 +1.5013	 +1.9247	 -2.4544	 -0.1167
 +6.4521	 -4.9572	 -9.7721	 -0.4522	 +2.0644	 +2.0797
 -0.2767	 -0.9964	 -1.9661	 -1.6008	 +0.2647	 -0.5456
 +1.5293	+19.0593	+15.2176	 -0.3912	 -0.0964	 +3.9740
-18.2996	 -6.6899	 -7.2484	 -1.7224	 +1.7703	 +0.1153
 -6.8950	 +3.0963	 +0.5125	 +0.8790	 +0.2558	 -0.3858
 -3.6819	 +1.5611	 +6.6799	 -3.7706	 +0.0896	 +0.4419
 -6.7706	 -3.1902	 +9.6309	 +0.0003	 +0.2840	 +6.0335
+13.4951	+30.4739	+79.2901	 -1.2511	 -0.8955	 +0.4065
 +2.6648	 +1.4308	+12.1549	 +2.8235	 +4.1276	 +0.5771
+13.4166	 +7.5707	 +4.5487	 -2.1547	 +0.4547	 -3.2642
 -5.8695	 -2.1989	 -4.6957	 -0.6158	 -1.9327	 -2.7252
-14.8153	 -4.9727	-13.0968	 -0.3201	 +1.3259	 +1.4484
+54.5031	+28.9809	+40.9966	 -1.3826	 -0.1367	 +0.2172
 +2.9323	 -9.2383	 -3.0679	 +0.2642	 +1.6950	 -2.0047
 -1.4486	 +8.8388	 +1.7027	 -0.4173	 -0.2120	 +5.1615
+11.7455	 +2.0299	 +9.1148	 -1.6057	 -2.0297	 +1.9965
 +1.7632	 -7.0674	 -0.2956	 -2.4846	 -0.1784	 +0.7191
 -6.3282	 -6.5207	+20.8081	 +4.0558	 -0.9130	 -1.3709
 +0.7999	-11.4553	 +4.2650	 +0.1746	 -1.0063	 -0.8354
 -2.0455	 -5.8510	 +3.8155	 +1.0987	 -2.5830	 +2.8702
 +1.3982	+15.6635	 -3.5882	 -1.5540	 -3.3201	 +0.1905
 -1.6270	 +0.5477	-22.9344	 -2.6941	 +0.6682	 -2.7344
 +3.9967	 +9.7030	 -5.4476	 -1.0169	 +1.7037	 +4.2935
+19.8701	 -4.1897	 -5.2514	 -1.3126	 +2.0692	 +0.2212
 -2.8511	 +8.4177	 -4.5876	 +1.9323	 -2.7343	 +3.1749
-24.5101	 +3.6550	-25.8391	 +0.0638	 +2.1668	 -0.6887
 +1.6298	 +3.3747	 -7.4154	 -0.7211	 -3.3912	 +4.0366
-19.1521	+41.5526	-10.1698	 -1.2795	 +1.0735	 +2.0154
 -6.6199	 +3.8968	-12.6474	 -1.8625	 -0.5474	 -0.5945
 +4.6238	 -0.2971	 -6.6588	 +4.7084	 +2.9948	 +0.2345
-12.2515	 -4.0079	 +5.4107	 +0.3696	 +0.8048	 +1.2192
 -0.2867	+18.8201	 -5.8049	 -0.3655	 -0.0713	 -3.0134
 -5.1881	+17.2247	+11.5485	 -2.5058	 +0.7374	 -1.1526
 -1.2098	 -3.8289	 -1.4386	 +3.1100	 -2.9051	 -1.6710
 +0.5611	 +0.5893	 +3.4911	 -3.3915	 -4.3913	 +1.6084
-12.1913	 -7.9524	 +4.9838	 -0.4350	 +1.8089	 +4.5172
 -4.5370	 -8.0580	 -4.0267	 +0.7380	 -4.5199	 -0.9276
 +6.6872	 -1.7897	 +8.4102	 +0.3220	 +2.7508	 +1.4796
 -2.2118	 +2.3794	 -3.2911	 -0.1356	 -1.1988	 -2.5894
-21.8775	-16.2943	+11.9559	 +1.4961	 -0.9839	 +3.3588
 -3.0914	 -3.7062	 +2.5766	 +1.8460	 +1.9489	 -1.4127
+29.8198	 +8.9950	 +4.3318	 -1.3710	 -0.6931	 -0.4074
 +1.2269	 +6.1682	 -2.2353	 +2.1814	 +1.1872	 +4.4911
 +3.5907	 +6.3362	 +0.7613	 +1.8688	 -1.3424	 +3.8809
 +5.3810	-15.7768	 -9.9603	 +1.0442	 -3.0022	 -0.7500
 -2.0081	 +1.7160	 +2.1854	 -0.2956	 +1.6685	 -0.2399
+13.2454	 -5.4112	 -6.8203	 +0.7755	 -1.1011	 +4.0679
 -5.5486	 +5.4602	 -9.1758	 +0.7392	 -2.1854	 +0.5539
 -4.4047	 +1.3463	 -4.1948	 -4.0199	 +3.9310	 -0.5823
 +0.7745	 +0.9991	 -6.5087	 +0.8840	 +0.1703	 -3.7737
-22.9396	 -1.9963	 -3.3260	 -2.2160	 +3.5282	 -0.1467
-78.5928	+42.2588	+31.7786	 +0.6800	 -0.2004	 +0.4004
+11.7216	 +4.3942	-16.4019	 -2.2335	 -2.3804	 -1.1193
 -5.9956	 -4.2912	 -4.7259	 -3.0641	 +2.6340	 -3.3132
 +7.0692	 +3.4201	 -8.6365	 -0.6414	 +3.4239	 +0.9111
 -3.9484	 -6.8246	 +5.6286	 +0.9004	 +0.1941	 +0.3435
+25.6680	 -6.6723	 +3.0156	 +0.9170	 +0.5494	 +1.2249
 +4.6917	+26.1243	-36.6133	 +0.8430	 +0.0930	 +0.8537
 +6.3877	 -1.8547	+17.2535	 +1.8081	 +3.2904	 -1.7253
 -5.5700	 +4.1616	 -2.2713	 +3.2154	 +0.3169	 +2.3530
 -3.4756	 -3.1815	+15.6001	 +0.1357	 +1.3799	 +1.9820
 +2.4236	 +0.6503	 +0.0167	 -0.7847	 -0.5342	 +2.7086
 +2.2054	 -0.5688	 -7.3150	 -2.9707	 +0.2629	 -0.3570
 +8.4142	 -3.6164	 +4.7547	 +2.7739	 -3.2280	 -1.5129
 -8.5584	 -3.2541	 +0.3077	 -5.3303	 +1.3205	 -1.1266
 -0.1247	 +1.8314	 +6.1448	 -0.2557	 +1.0113	 -1.3356
-13.9149	-11.4202	 +0.1289	 -2.8353	 -0.3888	 -4.5550
 +7.3280	-14.7111	 +3.9317	 -3.0776	 +2.1976	 +1.3779
 -3.0165	 +2.0481	 +8.2351	 -2.6015	 -2.6692	 +0.5871
-10.7789	 +4.9578	 +3.6314	 -1.0042	 +0.4601	 +0.6257
-21.6163	 +3.4659	 -0.6155	 -3.7631	 +1.2890	 +0.2308
-10.7451	 -0.9924	-14.0547	 -1.2103	 +0.7796	 +3.4943
 +5.1195	+10.7583	 +3.4363	 +1.5023	 -3.2670	 -0.1623
 -0.1360	+11.5058	 -3.5714	 +3.7019	 +2.7706	 +1.6435
 +0.2684	 +4.2593	 -3.8104	 -0.5847	 -0.2029	 -4.2550
 -7.4532	-10.3841	 +7.7548	 +3.2947	 -2.1089	 +0.3361
-17.4297	 -8.7936	 +5.9085	 -2.3314	 +3.4426	 +0.2681
-13.0094	 -3.8620	-25.6570	 +3.9421	 +1.8005	 -1.6087
-14.8198	 +3.0376	 -6.6902	 -2.7759	 +0.0407	 +3.2399
-13.4933	-28.0402	-25.5053	 -1.2039	 -1.5411	 -0.4014
 +6.6992	 +2.4996	 +8.5092	 -2.9190	 -3.1989	 -0.1069
-13.6454	 +6.8373	 -7.0876	 -2.1176	 -3.7760	 -1.0089
 +4.6491	 +8.7999	 -8.8490	 -1.9418	 -0.9373	 -1.5079
-35.2254	+28.9688	+34.7130	 +0.8882	 -0.1789	 -0.7025
+13.6524	 -2.8598	-14.3341	 -3.4163	 +0.1587	 -0.0423
 +8.1380	 -4.8284	 -4.7999	 -0.1846	 -0.8649	 +2.0677
 -1.1894	-10.2003	 -3.8789	 +2.8625	 +0.8318	 -4.2693
 +0.7495	 +9.3169	 +0.7896	 -1.8222	 +0.2941	 +2.1041
+10.2840	+10.7002	 +9.8611	 -0.2566	 -2.2934	 -2.0644
 +8.7382	 -5.3227	 -5.6547	 -6.1340	 -0.2697	 +1.8091
 -0.6985	 +6.0428	 -1.7214	 -1.3678	 +3.0778	 -2.1839
 +5.0245	-11.8708	-13.5103	 +3.1735	 -1.0596	 +0.4349
 -9.4159	 -5.7329	-17.4113	 +1.5966	 +2.2995	 -0.0187
 +0.7057	 +3.6764	 +7.8760	 -2.8816	 +5.1669	 +2.5814
 -3.1633	 -4.8446	 -3.2065	 -1.0937	 +4.5680	 -2.3324
 +5.6333	 -2.8710	 +4.1885	 +4.2016	 -2.7728	 -0.0175
-81.2820	-29.5934	+66.4141	 +1.6903	 +0.2682	 -1.4865
 -6.4595	 -2.6603	+10.0527	 -2.4078	 +3.9373	 -0.9990
 -6.6406	 +6.0663	+41.3609	 -1.4515	 +3.5625	 +0.7650
 +2.0470	 +4.0644	-11.6020	 -2.0022	 +4.1582	 +3.6155
 -6.7755	 -3.7669	 -2.8724	 -0.4159	 -1.8825	 -0.8328
-10.4971	 +4.7124	 +1.9785	 +0.5691	 -1.8015	 -1.4447
 -6.0555	 +9.6699	 -1.6082	 +2.0789	 +2.9557	 -2.7937
-10.2027	 -1.0663	 -4.9878	 +3.7619	 -1.9257	 +0.7942
 +0.9238	 -9.9653	 -3.2753	 -1.4217	 +0.1277	 -3.6489
+17.1958	 -3.6232	 -7.9580	 +0.7232	 -2.1078	 +0.3141
-12.9180	+16.2876	+14.4717	 -0.9225	 +0.4464	 +2.4328
 +2.0047	 -1.8161	 +1.5361	 +2.0544	 +1.8850	 -3.9490
+15.6626	 +1.7076	 -1.9872	 +1.1522	 +0.4531	 +0.5835
 -1.5799	+12.1564	 -5.8323	 +0.2293	 +0.2091	 +0.8180
-15.7177	-18.6250	-35.9844	 -0.0179	 -0.1444	 -0.9667
 -2.5054	 +0.1795	 -0.0896	 -3.4338	 +1.6677	 +0.4921
 -5.2178	 -5.9533	-24.1984	 +1.5127	 +2.1074	 +1.4576
-42.5325	 +9.9545	+34.6808	 +2.1201	 -1.0995	 -1.5998
-30.5968	-12.7565	 +7.7112	 +3.2162	 +2.0210	 -1.1446
 -0.5126	 -6.5323	-17.8729	 -1.1412	 -2.3608	 +0.6107
 -1.9572	 -1.7558	 -1.2818	 +1.3561	 -2.3536	 +4.4832
-68.1050	-123.7203	+117.4386	 +0.7278	 +0.1732	 -0.1970
 +4.2304	 -8.6727	 -1.5436	 +0.2703	 +4.9310	 +0.6274
 +6.6962	 -2.4891	 +8.2610	 +1.1884	 +4.4358	 +2.1749
 -4.9121	 -4.7589	 +0.7265	 -1.0235	 -2.0322	 +2.3210
 -9.0066	-24.0017	-23.4856	 +3.6226	 +1.2390	 +0.1365
+16.5788	 -2.2943	 +2.4494	 -0.6654	 +0.4256	 -0.7991
 -5.5132	 +1.0699	+15.5418	 +0.0251	 -0.2527	 -1.6060
+22.2824	 +4.5995	+44.9999	 +0.6072	 +2.8273	 -0.3148
 +1.7775	 -0.8655	+11.7402	 -2.8290	 +1.1689	 -0.2570
 +8.0363	 -1.0451	 -2.7585	 -2.6750	 -2.1260	 +2.8070
 -9.6575	-12.2052	+29.1209	 -0.6803	 +0.0490	 +1.6032
+10.0821	-11.6933	-13.6571	 -1.1809	 +2.7456	 -2.9814
-25.1968	 -0.4052	+22.1037	 +0.7623	 -1.2476	 -1.4874
-18.3452	 -3.7071	-14.2832	 +0.3185	 +2.6969	 -1.8486
 +1.0350	 -2.5535	 -6.2492	 +1.8152	 -1.0667	 +1.1360
 +2.0794	 -9.2612	 -5.2435	 -4.5117	 +1.7847	 +0.4283
 -5.6685	 +4.5906	 +1.4816	 -0.2615	 -1.4645	 -5.3389
 +8.9270	+12.6548	 +8.1479	 +1.3270	 +1.3615	 +0.3069
 -4.3445	 -0.0907	 +6.9544	 +0.7435	 -2.4817	 -3.3455
+11.1151	 +3.0316	-11.6382	 +4.4636	 -0.8051	 -1.0850
 +3.6814	+11.7350	 +2.8247	 -1.6035	 +1.9698	 -2.6880
 -8.0980	 +1.6766	 -5.7279	 -1.4863	 +2.8127	 -3.0293
 -6.6839	 +7.6953	-11.2158	 +5.2242	 -2.8313	 -0.4876
 -5.6009	 -7.9049	 -3.7198	 -1.1222	 -0.1434	 +1.5002
 -4.5319	 -0.2746	-18.5228	 -1.6185	 -1.6056	 -1.7864
 -3.5605	 -3.0270	-14.8253	 +2.2203	 +2.1271	 -0.7640
 -3.0164	 -9.8266	-13.2112	 +2.4118	 +1.8497	 +2.6652
-22.5233	+16.7793	-61.1283	 +0.7550	 -1.7370	 +1.5483
-13.2803	 +5.2587	 +9.0410	 +0.0850	 -4.5434	 -0.1792
-40.6937	+64.2063	-47.2193	 -1.9065	 -1.2060	 +0.5549
 +3.7660	+14.0233	 -3.6087	 -2.1897	 -0.3968	 -0.5211
 +5.5124	+16.8404	 -9.3264	 -1.4177	 +0.4594	 -2.6005
 -7.0143	 +8.8504	 +9.0398	 +0.1968	 -4.0147	 -1.3331
 +2.1932	 -8.6490	-29.3588	 -1.2641	 -0.9046	 +0.0093
 +5.5700	 +3.4824	-13.0876	 -2.4761	 +0.8269	 -3.1669
 -9.5043	 -0.1671	 -5.8438	 +1.8246	 +2.0060	 +5.0214
 -3.4704	 -3.9036	 -5.7954	 +4.3778	 -0.1725	 -3.1468
 +2.0503	 -2.1414	 +3.9252	 -1.8423	 +0.1110	 +0.1677
 -4.4457	-14.8045	 -1.8206	 +1.0509	 +2.4438	 +2.7442
 +1.4233	 -9.7658	 +3.7762	 -4.0780	 +0.1795	 +0.4287
 +1.6462	 -7.0583	 +3.1670	 +2.5904	 +1.8677	 -4.4069
-21.1313	-15.5846	 -9.6679	 +1.1144	 -0.1889	 -1.7379
-13.1888	+18.1390	 +2.0166	 +2.1474	 +3.5570	 -1.4389
 -4.6867	 +4.5840	-10.7213	 -3.8421	 +1.2498	 -1.3352
 -8.9319	 -5.1784	-10.6092	 -1.7301	 -0.0457	 +1.7190
 +2.7921	-15.1791	 -0.5548	 +2.4463	 +0.0012	 +0.9433
 -9.1013	-11.0795	 -2.9838	 -2.6107	 +0.7571	 +2.3071
-138.1839	-166.4310	+114.9909	 +0.4262	 +0.9498	 +0.0454
 -9.4427	 +1.4920	 +2.3856	 +3.1739	 -4.0534	 +0.8005
-18.5627	+10.7631	+34.4444	 +0.2997	 -3.1557	 -1.7713
-10.1505	 +2.9225	+15.9671	 +1.0764	 +0.5508	 -2.0139
 +7.9528	+72.4498	-76.1182	 +0.0334	 -0.3451	 +0.7037
 -5.5972	 -9.0186	+12.5885	 +0.6562	 +3.7751	 +0.0345
 -4.3703	 +0.3865	 +4.6713	 -4.6860	 +1.4069	 +0.6127
 +7.6034	 +0.8707	 -3.6026	 -1.0045	 -4.8013	 +4.6807
+29.5368	+13.0796	-11.8458	 +1.5367	 -0.2538	 -1.0045
 -6.9433	+18.0451	 -5.0523	 +3.3830	 +0.2217	 +0.9434
 +4.5593	 +5.1273	 -6.2620	 -2.3707	 +2.6409	 -0.5414
 +1.1660	 +6.4785	-13.5844	 -0.5548	 -1.3915	 -0.8572
 -5.6893	 -0.7392	 -0.8592	 +1.3063	 -0.6569	 +1.3466
 -2.4881	 +1.2609	 +4.1220	 +1.2080	 -2.2105	 -2.3499
 -2.4608	 -7.0699	 -3.9125	 +6.2273	 +0.0295	 +1.3057
 -6.3827	 +2.3519	 -5.2989	 +5.0775	 -4.0184	 +0.4536
+17.3057	-14.6461	 -5.3029	 +2.9331	 -0.9213	 -0.2694
 +3.5819	 +5.9604	-24.2710	 -0.1212	 +0.0821	 +2.7551
-11.7077	 -4.1592	 -6.5703	 -1.5480	 -3.3206	 +3.3765
 +0.4788	 -1.2876	 +7.9691	 -2.6423	 -4.7017	 +0.0595
 -9.1496	 +1.8145	+13.1330	 +1.2939	 +1.0249	 -2.2375
-29.7431	 +3.3910	+26.1179	 +0.3769	 +1.1406	 +0.8784
 -2.8931	 -7.9736	 +3.8240	 +3.1030	 +0.5106	 +0.5289
-10.4621	 +4.0855	 -8.9620	 -1.4008	 +4.0717	 -0.9697
 -0.3184	+11.4340	 -3.6429	 -0.2003	 -1.7580	 +0.3089
 -2.9541	-10.1370	-10.3047	 +0.9352	 -2.2669	 +2.0904
 -3.8848	+16.4807	-10.1753	 +0.4859	 +3.4929	 +1.5365
-11.7843	-14.6984	 -9.0274	 +2.3101	 -0.6147	 +0.3337
 -7.4551	+10.1636	 +5.8742	 +2.1552	 +0.7139	 +2.1591
+16.4468	 -0.9742	-13.8952	 -1.4872	 +0.3813	 -0.4092
 +5.1868	 -3.4096	 -0.2035	 +5.3294	 -1.1694	 +1.1140
 +4.6221	-12.7549	-12.5498	 +1.8311	 -0.1150	 -0.4110
+14.4544	 +7.9206	 -6.3623	 -1.3514	 +2.3497	 -1.6823
 -1.7328	-12.4814	 -9.7930	 +0.4869	 +1.3021	 +1.7776
 +0.3254	 -6.4650	-12.9745	 +0.3143	 +1.7530	 +0.9478
 +7.2156	+11.6849	 -0.6496	 -1.6351	 -3.7413	 -4.0783
 +4.2020	 +4.0151	 -6.9891	 -3.5100	 -2.5382	 +1.5149
+11.5138	 -8.5779	 +2.8284	 +0.7153	 +2.5006	 -0.6483
+36.3075	 +1.1152	-19.8180	 -0.6538	 +1.3090	 -1.8739
 -8.0016	 +4.8677	 -5.2314	 -1.4514	 +3.1161	 +1.9901
 -0.2910	 +0.8920	 +4.2762	 -2.1765	 -3.3463	 -0.4618
 -6.2420	 -5.0377	 +6.1622	 -0.3914	 -1.1675	 +2.0357
 +9.5061	 +3.1724	 -5.9271	 -2.1841	 +0.3727	 -1.0621
+19.8485	 -5.6151	 +7.9372	 +3.0347	 +0.3632	 -0.5943
 +2.1470	+12.4226	 +2.8529	 +1.2689	 +1.2093	 -1.6699
-26.6143	 +8.3315	 +1.7382	 -2.2978	 +1.5798	 -1.4754
 -5.1901	 +1.0668	 -5.2060	 -1.8363	 -0.6101	 -1.8457
 -4.8709	 -0.4181	 +3.0210	 -2.2841	 -0.8484	 +0.1621
-18.0982	 -9.3537	+16.5598	 -1.2288	 +0.0416	 +1.6184
 +9.5872	+40.6924	 -7.6411	 +1.8324	 -1.1580	 +0.5291
 +1.2317	 -0.0223	 -4.7137	 +2.5259	 -1.8785	 -2.2472
 +8.1330	 +0.4014	 -1.2781	 -2.1828	 +1.7839	 +4.9640
 +4.3014	-16.1824	-20.1822	 +2.3493	 +2.2633	 -1.1030
-13.5114	+16.1634	 -0.3779	 +0.3164	 +0.7935	 -0.3165
 -2.4081	 +8.7534	 -1.6063	 +4.8732	 +3.6026	 -1.4374
 +2.1388	 -4.2316	 +9.0333	 -0.0507	 -0.5580	 +1.2091
 +0.2538	 +0.8659	-10.3898	 +4.0961	 +2.6536	 -2.5729
 -1.4390	-10.0211	+10.1364	 -1.1193	 -3.0742	 -1.2023
+18.7086	-11.9064	 -9.0499	 +2.6123	 +1.8365	 -1.3070
-17.4956	 -3.2119	+18.6757	 -0.9617	 -0.5410	 +0.2895
 -5.8959	 -6.4725	 +1.6715	 +1.1734	 -0.3095	 +0.9141
 +1.5942	 -2.4084	+28.8737	 -1.4177	 -0.6490	 -2.6614
 -5.7594	 -2.6817	 -4.6256	 +3.1454	 +0.4024	 -0.9690
 +0.6764	 -8.3272	 -0.3317	 +2.4577	 +1.9168	 +3.3491
 +1.2859	-24.9583	-11.9106	 -1.7106	 -0.8462	 -1.6882
 +0.8536	 -6.0502	 +0.4689	 -2.9680	 +2.4797	 +0.9691
 +0.5346	 +7.8234	+10.6141	 -1.4638	 +2.7091	 -0.1873
+10.3534	 -2.8000	 -4.5376	 +2.1999	 +2.6481	 +2.7360
 +0.4120	 +7.6284	 -1.4106	 -0.8930	 +0.3308	 +2.5448
-60.4151	-13.4650	-23.1956	 +0.6624	 +0.4973	 +0.4295
 -3.0068	 +3.6036	 +0.4554	 -0.2381	 -3.6608	 +2.6405
 +4.0693	 +0.1241	 -4.4885	 +0.8367	 -0.5856	 +5.2476
 +6.1000	 -1.7304	 -4.4792	 +1.7951	 -3.5067	 +1.6387
