# Iterations: 1431 of 10000
# Total Energy: -6.431e+05
#    Kinetic Energy: 6.942e+05
#    Potential Energy: -1.337e+06
# Current Time: 2018-05-09 15:10:58.679958
# Elapsed Time: 3:34:15.042827
# 
# Med. Times for Sections
#    Force Computation:		7.106437
#        [7.0963257.0823327.1172967.0871517.1165497.1290007.0565707.0949397.1480177.138759]
#    Gather Particles:		0.000123
#        [0.0001220.0001250.0001240.0001130.0001150.0001240.0001150.0001420.0001250.000122]
#    Overall:		8.949624
#        [8.9291208.9521898.9808948.9530738.9470598.9530658.8938858.9043828.9864988.939617]
#    Scatter Particles:		0.002457
#        [0.0030390.0022010.0030980.0022090.0022210.0032170.0021860.0031210.0022560.002658]
#    Time Integration:		0.000128
#        [0.0001160.0001140.0001170.0001700.0001090.0001710.0001590.0001080.0001690.000138]
#    Tree Broadcast:		0.871287
#        [0.8749590.8911040.8944170.8829370.8756700.8668390.8676150.8600630.8618460.855506]
#    Tree Construction:		0.960120
#        [0.9544940.9762540.9657460.9804220.9523400.9536490.9671860.9459470.9740240.942375]
# 
# x	y	z	vx	vy	vz
# 
 -1.6157	 -1.3482	 -1.3648	 +3.9622	 +3.1172	 +1.9661
-15.2512	+24.9621	 +5.3054	 -1.3813	 +0.2283	 -0.0361
 +7.2901	 +7.9673	 +0.0235	 -0.3869	 -0.9785	 +2.8951
-30.2435	 -1.9356	+11.3722	 +1.4989	 -2.5871	 +0.2496
-10.0837	+14.9691	 -0.1154	 -2.0913	 +0.1022	 -0.6637
-12.7345	 -4.6080	 +3.4553	 +0.4035	 +0.1996	 -3.2715
 +0.6290	+11.1496	 +7.7392	 +1.8460	 -0.5840	 +0.5210
 -4.6898	-10.0882	 +4.5086	 +2.7554	 +2.2877	 -1.5968
 +3.3465	+19.5325	 +7.8765	 -0.0753	 +3.8809	 +2.8288
-25.2404	 -6.0399	 +1.8586	 +2.1164	 -2.5106	 -0.6766
 +9.2236	-11.8949	-16.1258	 -0.9094	 -3.3301	 -1.5571
 -1.9016	 +3.1917	 -3.5962	 +2.6360	 +0.3248	 -3.7269
 +5.6957	 -5.4462	 +3.6446	 +4.0287	 -0.8599	 -1.8576
 -5.2853	+14.4013	-21.8150	 -2.7411	 -1.0780	 +2.5568
 +3.1348	 -0.4815	 -3.0565	 +0.0967	 +1.8234	 -0.9180
 -5.1346	 +8.2206	 +3.9782	 +3.5382	 +1.1079	 -0.2940
 +6.9250	 +7.6210	 -1.5476	 -2.7581	 +2.0556	 -3.8139
 +8.3522	 -7.2511	 +8.0108	 +1.0210	 -1.0361	 -0.8160
 -7.3084	+13.9174	 -1.7306	 +1.5572	 -1.3217	 +2.1075
+84.5512	-39.5351	+79.8545	 -1.6296	 -0.7442	 -0.0188
 -5.7808	 -2.3565	 +0.7024	 -1.3064	 -4.2031	 -4.4991
 -3.4258	 +4.9024	-11.7990	 +0.1871	 -2.4476	 -1.4957
 +3.1338	 +2.2467	 -8.8481	 +1.3887	 +4.1131	 -0.0096
 +5.1521	 -8.8842	-11.9136	 +0.3412	 -1.1666	 +0.0532
 -4.5575	 -2.0165	 -1.4927	 +5.0861	 +2.3528	 -2.5013
-51.3569	+43.0921	-16.4329	 -0.5507	 +1.1503	 -1.0785
 -0.5291	 +4.9364	 -3.8815	 -0.6799	 -3.5913	 -0.8787
-12.4413	+13.7854	-18.7289	 +2.2071	 +0.0587	 -0.8315
-14.7189	-15.2482	 -9.4947	 -3.0214	 +0.7947	 +0.4387
+17.3569	+30.4780	+12.7054	 +0.2049	 +1.8895	 +0.8656
+26.1305	 +2.9093	 -5.5670	 -0.9607	 +1.2796	 +1.5445
-56.7849	+32.5015	+22.7818	 +0.6097	 +1.4677	 +1.4602
 +2.9433	 +9.3644	+17.9316	 +2.2015	 +0.1003	 -1.5137
 +4.7729	+10.4837	 -6.5428	 -0.0972	 -3.4059	 +1.9808
 -2.0921	 +5.1718	-19.7799	 -0.9499	 +1.9088	 -3.6572
 +3.9914	 +1.7132	 +4.3671	 -1.9294	 -0.1004	 -0.2003
 +5.7219	 +6.1516	 -6.9256	 +0.0824	 -2.8391	 +0.3798
 -9.8321	 +6.9951	 -2.1305	 +0.2435	 +1.3226	 +4.3688
 +5.0703	-14.0791	 +1.6180	 +1.2043	 +0.6694	 -0.3394
 +0.2447	-12.6050	 +2.4954	 +1.5311	 +0.7668	 +2.0166
+21.6877	-36.7991	 +3.7557	 -0.3903	 -0.4360	 -0.8715
 -2.6024	 +3.4397	 -4.5399	 -3.8156	 +1.9656	 -3.6077
 -0.9032	-10.5089	 -4.4167	 -2.2831	 +1.4591	 -2.1815
 -3.3155	 -4.4516	 -2.5499	 +1.4782	 -1.9873	 -2.7007
 -3.4627	-12.4375	 +8.2006	 -4.1921	 -2.1153	 +0.0229
 +0.7271	 +2.3650	 +0.4324	 -3.3329	 -1.6119	 +2.8637
 -6.0869	-10.1200	 -1.0731	 -2.6454	 -1.4364	 -4.2384
 +4.3906	-10.5305	-13.8217	 -4.6906	 +1.5764	 +0.6875
 +6.8590	 +2.3142	 -1.0489	 +1.1172	 +0.1923	 -0.5275
-11.8103	 -3.6334	 -8.6868	 -1.6593	 +2.5394	 -2.4700
-14.7854	-45.8705	-12.2735	 +1.6787	 +1.5703	 +2.1298
 -2.5506	 -1.3883	 -5.7651	 -1.6365	 +2.5042	 -1.5307
-12.2691	+25.3115	+22.9660	 -2.3701	 +1.3611	 -1.1016
-11.4197	-12.4499	-13.2601	 -1.5282	 +3.3189	 -0.5794
+10.4524	+25.6565	+68.8161	 +0.2855	 +2.0208	 +0.5139
 -4.0854	 +3.4828	 -2.2093	 +7.8263	 -0.3948	 +0.2266
-26.5507	 -4.5599	 +1.7769	 -2.5992	 -1.0432	 +1.1915
-10.6358	 +5.8793	 +0.1203	 -1.9272	 +0.0999	 -2.5038
 -3.1931	 -6.7517	 -5.5462	 +0.4662	 -5.2566	 +1.4626
 -9.4877	+24.3172	-11.9360	 +2.7390	 +1.8182	 -1.5510
-19.0175	 +5.4469	-19.6573	 +2.7465	 -0.4324	 -0.8912
 -1.1203	+34.7266	-10.9398	 +0.8274	 +0.2941	 +1.8708
 -0.0826	-11.8775	 -5.6648	 +2.1002	 -1.4661	 -1.4220
 -3.3791	 +1.6962	-10.2502	 -1.8073	 -4.5474	 -1.4223
 -3.9484	 +0.3793	 +5.5924	 -0.1511	 +0.2876	 +1.5937
 +8.1785	+12.9731	 +3.8763	 +0.0719	 +1.5018	 -0.3034
-10.7524	 -8.5693	-22.8993	 -0.7592	 -1.7960	 -1.3735
-35.8540	-29.3548	+16.7919	 -0.6679	 -0.4245	 -1.5036
 +0.8077	+23.1460	 +9.2523	 -0.1440	 +0.8771	 -0.7634
 -3.4113	 +2.8577	 -6.8333	 -1.5067	 +5.4563	 +2.6506
 -7.7311	 +0.1938	 -4.2410	 -0.6866	 +2.4203	 +1.0794
 +7.7123	+16.7102	 -3.4186	 -1.4858	 -1.5473	 -0.8487
 -6.7218	 +3.2758	 -6.4901	 -0.0003	 +0.3120	 -3.7889
+11.3528	+14.7944	-109.9793	 +1.9245	 -0.0720	 -0.8658
-12.8619	 +6.7423	 +3.6574	 -4.9392	 -0.3476	 +0.7632
+12.9508	-19.0083	+13.7543	 +2.5673	 +1.2500	 +0.3397
 -3.6123	 +6.6659	 -3.4109	 +2.4784	 +1.7481	 +0.9920
 +4.8100	+13.5627	-13.0026	 +2.6143	 +1.9810	 +2.3214
 -6.0162	 +4.6289	 -6.5454	 +0.4522	 +5.1509	 +0.3857
+18.6142	+14.0422	 -1.9536	 -3.1463	 +1.3664	 +0.4395
 -2.9908	 -3.7978	 -0.4334	 -0.3286	 -0.9561	 -2.2726
 +1.6354	-17.5485	 +4.9841	 +1.6598	 -1.5429	 +0.5436
 -1.5627	 -0.5255	 -7.3776	 +0.6168	 +0.2312	 +4.2146
-17.2013	 +8.1823	+46.8365	 -0.0171	 -1.6755	 +1.0780
+16.8636	+18.9998	+23.2842	 -1.2285	 -0.1722	 +0.2025
 +5.3907	 -9.8718	-19.7939	 +1.7865	 +1.4511	 +0.5483
 +7.6276	 -2.4476	 +8.8462	 -2.4239	 -1.1972	 +1.6858
 -4.3615	 +5.7326	 -2.6876	 +2.0767	 -6.5282	 -1.2060
+11.8895	 -2.4469	-12.1672	 -1.3498	 +4.7410	 -0.2472
 +0.7178	 -3.1070	 -1.3413	 +0.3509	 -6.2779	 +0.0186
 -7.1416	 -4.9889	 -7.8730	 -3.0440	 +0.5614	 +0.7381
 -2.1219	 -1.4963	 -1.7545	 -1.6857	 +0.2233	 -2.7268
-21.0308	-32.3925	-44.6892	 -0.2533	 +0.0270	 +0.9210
-22.5882	-12.0493	+16.1794	 +0.4531	 -0.0763	 -0.6207
 +1.8166	 +7.1883	 -2.8692	 +1.5429	 +3.4159	 -0.9993
 -6.2866	 +1.1027	 -2.2755	 +3.4657	 -3.2673	 +3.1390
 -1.5123	 -4.3856	+10.1326	 +2.0355	 -5.4718	 -1.6716
 +9.6318	 +2.8677	-17.0248	 +3.3117	 +0.9776	 -0.8766
+15.6575	 -5.2781	 +0.7501	 -0.9367	 +2.0245	 +1.1480
 +8.6950	+11.0882	+18.0522	 -2.1025	 -0.2286	 +3.2089
-16.3889	 +3.2520	 +1.4295	 +2.7617	 +2.7483	 -0.6609
 +6.4300	 -0.1058	+10.5880	 -2.5239	 -0.5797	 -1.6546
 -2.3215	 +0.9908	 -5.2413	 +2.2339	 +1.6182	 -2.9020
 -3.3656	 -7.0299	 +6.9109	 -0.8961	 -2.7529	 -3.3589
 +0.1065	 +0.1309	 +3.4784	 +0.7546	 +1.4488	 -1.2722
 -1.7018	 -1.5029	 -6.0325	 -3.8470	 -2.2753	 +4.7567
 +7.0947	+12.6824	-16.7051	 -2.6400	 +3.2363	 -2.0599
+11.4733	 +3.7300	 -3.0612	 -2.4883	 -2.6050	 +0.3932
+21.1646	+23.7321	 +2.3958	 -1.8561	 -0.2879	 -1.7278
-10.0046	 +1.0515	+12.5573	 +0.2970	 +0.4235	 +0.0565
-13.2847	 -3.5139	 -0.2426	 -2.1132	 +1.9762	 -1.3603
+470.7589	+397.0708	-223.0106	 -0.2886	 +0.6656	 +0.3193
-140.1678	+114.6172	+205.5650	 -0.0681	 +1.1034	 +0.3779
+27.2479	 -9.5098	 -4.5542	 -1.3516	 +0.4145	 -1.4992
 +4.2490	 +6.3448	-16.3749	 +2.8612	 +1.9539	 +0.2719
 +0.0032	-12.8981	 +8.4370	 +1.2944	 +1.3592	 +2.9217
 -1.8703	 +8.7926	 +4.9630	 +3.2913	 +1.2104	 +0.6415
-46.5522	-11.4009	-19.1093	 +2.7355	 +0.5283	 -0.4201
 -3.4852	 +1.8007	 -2.6787	 +4.0449	 -0.2500	 +0.2252
+47.0251	-28.8415	-35.5148	 -0.3715	 -0.2185	 +0.9697
 +6.9935	 +0.8193	+19.5010	 -1.0086	 +1.5555	 +1.1614
 -4.1825	 +4.6969	 +0.3083	 -2.4405	 +3.1082	 -0.7051
 -0.9888	 -4.6094	 +0.7892	 +0.4818	 +2.5103	 -1.0950
 +9.2145	 -3.6095	 -3.2498	 +0.0884	 -3.8669	 +0.2293
 +1.0491	+14.3935	 -0.7616	 +1.1744	 +2.4619	 -0.5247
 -0.9479	 +0.2895	 +9.9884	 -0.9304	 +1.7412	 +0.0989
 +2.2569	 -3.3404	+15.4846	 -2.7291	 -0.1684	 +0.2287
 -8.7391	 -1.2805	 -1.3932	 -4.4922	 -0.7368	 +0.6627
 -3.8504	 -3.6670	 -8.0368	 -1.9115	 +2.6947	 +0.6616
 -0.3674	+12.9357	+12.4598	 +1.7389	 -1.0898	 +0.3705
+14.7527	+16.1277	-179.5831	 +0.0505	 -1.1872	 -1.1122
-10.0170	 -9.0143	 +4.0505	 +1.8233	 -1.0514	 +2.3832
 +8.0194	 -2.1994	 -4.7774	 +1.9947	 +3.0650	 -2.2899
 +8.2224	 -4.5584	 -0.4914	 -2.6146	 -1.9300	 +0.7264
 -2.3414	 -6.4969	 -1.8542	 +1.3748	 -0.1556	 +1.6397
 -8.6652	 -2.6748	 -4.4250	 +4.2580	 -2.6901	 +5.1910
 -0.7350	+17.4325	 +7.7030	 -3.2154	 -1.0994	 +0.4765
 -5.5772	-32.4268	+15.4378	 -2.1128	 +0.4108	 -1.0333
 -1.3091	 -0.6779	 +6.7891	 +2.5079	 -2.3205	 -0.6584
-13.2431	+23.3830	 +8.4976	 +0.4273	 +0.9795	 -0.3696
 -5.0951	 -3.4110	 -0.7002	 +2.8489	 +0.9574	 +4.5478
-14.9898	+11.4457	-13.4073	 +2.4471	 +0.9477	 -2.2035
 -3.9495	 +2.3526	 +1.4601	 -1.4462	 -0.5209	 -2.9078
 +4.7962	+27.4372	-21.8198	 +2.9588	 +0.4448	 +2.4794
+57.2711	-20.1239	+15.0228	 -0.7138	 -1.7498	 -0.6232
 +5.4743	 +1.8688	+10.4918	 -0.4813	 +0.0307	 -2.3838
-44.3321	-53.9456	+56.4994	 -1.0004	 +1.4839	 +0.5507
 +3.4791	 -7.5425	 -3.9694	 +1.0611	 +3.2708	 -0.7845
-13.3230	 -8.5339	-11.5491	 -2.7363	 +0.3425	 +3.6145
 -8.7867	 -5.8150	 -0.7872	 -2.8397	 -3.5331	 -0.9319
 -7.6423	 -6.1044	-13.3066	 +0.3397	 -1.1683	 +3.4214
 -7.2795	 -1.1556	 -0.8611	 -1.5250	 -5.5678	 +1.5669
 +4.5272	 -6.3328	 -1.2757	 +2.2109	 -4.8424	 +0.1480
 -3.4547	 +4.6678	 -2.7299	 -2.0459	 +2.4860	 -5.1288
 -4.6780	+12.5567	 -2.2375	 +1.3938	 -0.6224	 -1.1193
+13.2099	 -8.4796	 +3.0512	 -0.6271	 -0.1838	 -2.3439
 +4.5458	 -6.9277	 +2.3152	 -4.7670	 +1.3572	 +2.6610
-25.3579	 +9.8951	 +7.9544	 -0.8813	 -0.4143	 -3.4726
 -6.6997	 +2.6835	 -8.0949	 -2.9566	 +2.2414	 -3.2074
 -0.5679	 -2.3398	 -1.6105	 -1.6658	 -0.3563	 +1.6183
 +7.3175	 +3.1815	 -8.5646	 -1.1236	 +2.3098	 -0.1023
+27.8649	+11.0261	-25.9746	 +0.8387	 +1.3138	 -1.2025
 -1.2776	 +2.6294	 -2.3272	 -3.6178	 -1.3456	 +0.0275
 -5.1722	-16.5653	 -3.9095	 +1.9315	 +0.6333	 +0.2612
 -6.7760	 -2.0807	 -7.9385	 -2.7676	 -4.5650	 +0.2506
 +8.8726	 -0.3302	 -2.9115	 +2.5787	 -1.7539	 +3.1685
 -1.5154	 +0.5163	 -2.9226	 -0.8384	 +4.0036	 -2.4249
+18.6853	 +9.4397	 +8.9739	 +0.9069	 +2.4420	 -1.6597
 -7.7154	 +1.0950	 -0.7503	 +0.1994	 -0.5558	 +1.2732
-12.9891	 +6.7884	 -4.5371	 +0.9661	 -0.5016	 -2.7881
 +0.2398	 +6.4375	+14.5381	 -1.3486	 +2.4094	 +2.1238
 -2.3659	 +0.0727	 -1.3706	 +1.5919	 -0.4597	 -3.5425
 -1.0502	 +3.1875	+11.8163	 -0.6194	 +1.2838	 +3.3622
 +0.4424	 -5.7543	 +0.0885	 -3.5625	 +2.5792	 -4.7080
+20.6728	-13.9587	-36.4900	 +0.7911	 -1.3517	 -1.0365
+19.3082	+34.1864	-23.8103	 -3.1484	 -0.1013	 +0.6397
 +3.5035	+13.7741	 -9.3930	 +3.6355	 -1.2336	 +2.2129
 -3.5505	+29.4826	 -1.3448	 -1.2707	 +1.6534	 -0.7264
 +0.4074	 -4.1306	 +5.0030	 +0.9235	 +1.2054	 +2.5280
 -0.6217	 -4.0231	 -3.2905	 +1.2356	 -1.5092	 -3.3513
 +5.9299	 +4.8572	 +1.5010	 -2.5521	 +1.4789	 -0.9032
 +3.8609	 +4.1086	 -6.1885	 -0.8497	 +4.0104	 -0.8895
 +4.4094	 +2.2754	 +3.3248	 -0.7090	 +1.3988	 -0.6468
 -4.1603	+15.9933	-20.5943	 -1.6881	 -2.1297	 +1.9617
-13.5846	 +8.3051	-18.3204	 -1.6066	 -1.4583	 +2.1187
 -1.2083	 -3.5794	 -3.7070	 -4.0365	 +0.4575	 -0.9887
 -3.3992	+10.8780	 -8.1120	 -0.0269	 +3.4807	 +1.6211
 -2.6911	 +3.1558	 -0.5899	 -0.4314	 -1.0784	 +2.4617
 +8.4010	 +0.2253	 +4.1958	 +2.4816	 -2.0881	 +2.6749
 -2.5563	 +3.7250	 -5.4108	 +1.9463	 +0.8323	 +1.9874
 -8.2309	-22.2225	 +7.7153	 +0.6752	 +1.9833	 -1.1020
 +5.7888	 +1.1871	 -4.0356	 -0.1101	 +1.7522	 +2.4418
-18.5228	 +5.1833	-39.5277	 -0.8062	 -1.9275	 +0.7285
 -3.3574	 -9.0457	 -7.7942	 +1.8847	 -0.9811	 +1.9129
 -8.0952	 -3.7639	 -8.5924	 +0.7608	 +4.5132	 +1.7831
 -4.2976	 -0.7437	 +0.3271	 -0.5363	 -1.2052	 -2.6974
 +0.7010	 -7.7078	 -4.2489	 +4.5030	 +0.3620	 +2.8531
+12.4196	-95.3077	-22.1127	 -1.4465	 +0.6986	 +1.1092
 -2.5528	 -9.8180	-12.1097	 -2.3986	 +1.2150	 -1.9113
+11.0170	 +2.7154	+20.0547	 -1.2417	 -1.6635	 +0.0400
 -7.7263	 +2.0381	+18.1993	 +2.3278	 +4.0062	 +0.5397
-19.7997	-12.1511	 -0.3503	 -0.8100	 -2.9072	 +1.6376
 -4.5394	+10.7415	 -2.0431	 -0.9726	 +0.7901	 +2.6471
 +6.6864	 -6.4069	 +0.4432	 -1.7015	 +1.0125	 +1.0501
 +3.2194	+10.9694	-17.7573	 -2.3375	 -0.0761	 -0.6083
 -1.9528	 -3.0051	 -0.6131	 +2.9338	 -4.3423	 -1.0632
 -6.3840	 +0.6151	 -5.0461	 +2.6655	 +1.4499	 -0.9633
-20.2647	-12.2879	+25.3758	 +1.5344	 -2.5766	 +0.9021
-22.2906	+52.0493	-15.4716	 -1.8225	 -0.5728	 +1.7847
 -6.7970	 +2.9128	 -8.8919	 +2.0962	 +0.6389	 +2.4008
 -2.4605	 +7.6837	 +2.2284	 +3.3231	 +0.7886	 -3.3260
 +8.6471	 +4.1075	 +2.7108	 -0.9110	 -4.0444	 +0.8356
 +7.5599	-10.4120	 +4.6546	 +2.0125	 +1.9275	 -1.9042
-22.4222	 -2.2904	 +2.0829	 +2.3041	 +0.0537	 +0.6995
 -7.8000	 +3.8723	 +2.6783	 -0.9639	 +1.5927	 +6.3687
+121.5055	 +6.9909	-33.4022	 -0.0299	 +0.1334	 +0.7925
 -3.4545	-15.8655	-29.1937	 -2.4240	 -1.6391	 +0.9762
 +6.8540	 -2.2014	 -0.3781	 +2.8346	 +1.0421	 -1.3688
 -0.1311	 +3.9835	 -5.9415	 +4.4526	 -1.6373	 +3.4007
 +1.0234	 -6.6377	 -2.7087	 -1.6282	 +1.3411	 +0.8339
 +7.2674	-15.0368	 -9.6789	 -3.4962	 +3.5059	 +0.5425
 -9.6392	 -9.2071	 -6.5634	 +0.3221	 +1.0610	 +0.3181
 +7.1100	 -2.2043	 +9.6294	 -1.8527	 -1.7855	 +0.1353
 +9.0698	 -4.0433	 -2.8459	 +1.6574	 +1.2456	 -3.5653
 -4.5120	 -3.4451	 +2.7358	 +1.8746	 -0.3154	 -4.4709
 -1.5602	 +3.1426	 -3.0742	 -2.6468	 +1.8899	 -1.9217
 +0.0544	 -2.2178	-11.2064	 +1.6940	 +1.6789	 -0.1537
 +3.4958	 +3.3002	 +3.1403	 -1.1445	 -0.9093	 -1.5148
 +6.5097	 +0.6526	 +0.8640	 -0.0281	 -0.8108	 +0.2512
 -2.7975	 +2.2630	 +1.3897	 -6.1544	 +0.7256	 +0.4177
 +0.0591	 -1.0610	 -1.8420	 +1.5719	 -1.2890	 +0.5395
 +3.1270	 +0.4817	 -7.3453	 +1.3265	 -0.7351	 -0.0012
 -7.2130	 -3.1853	-10.2532	 +3.4622	 +1.8460	 -1.5372
 -2.8653	 -5.6520	 -1.8942	 -5.5574	 -2.4564	 +1.3670
 +0.5658	 -0.3219	 -9.2346	 -1.9176	 -5.0203	 -1.0300
 +7.1443	 -8.5955	-15.4189	 -1.1830	 -1.1324	 +2.6314
 -2.4988	 +6.2461	+15.9209	 +0.7146	 -1.0403	 +2.1138
+15.6054	-22.2575	 -3.1268	 -0.0014	 +1.4066	 -2.5174
 +0.5799	 +0.5501	 -6.0902	 +1.5534	 +2.9273	 +3.3441
 -3.1890	 +4.2359	 -0.4507	 +0.1021	 +0.2783	 -0.1779
-63.8408	-12.7978	 +5.1613	 -0.3083	 -1.4302	 +0.3355
 +0.9657	 -3.3631	 +8.4060	 +0.3128	 -1.5971	 +0.4683
 -4.5270	 -1.4497	 -7.0340	 +0.4843	 -4.9424	 +4.3007
-11.4266	 +9.1253	 -2.9181	 -1.6743	 +2.5839	 -0.8409
 -2.1828	 -3.3867	 +2.0129	 +1.0739	 -1.5462	 +4.2959
 +4.7041	-13.2810	 -9.2096	 -1.4567	 +0.5345	 +0.3424
-19.1696	 +6.5010	+21.7934	 +1.9389	 +0.9866	 -2.8996
 +7.6060	 +1.3309	 -5.4780	 +4.9863	 +1.0314	 +0.2540
 +4.0022	 -0.8225	 +1.6632	 -2.7329	 -4.7852	 +2.0521
 -3.7088	-10.1054	 +2.1357	 +4.6072	 +4.9429	 +1.8670
+13.7921	+12.5830	 +3.6636	 +1.3925	 -3.9466	 -1.1286
+21.4637	 +1.7328	+16.9824	 +0.2668	 +2.1219	 +0.0338
 -1.7623	 +3.2286	 +2.1914	 +2.9885	 -4.0805	 -0.1624
 -9.5096	 +0.9791	 -8.5936	 -1.2777	 -1.0625	 -3.2441
+1874.0630	-33.7829	+791.1043	 +0.2199	 -0.2337	 +0.0656
 -6.7645	 +8.5741	 +0.4237	 +0.2173	 +1.5495	 -1.9543
 -7.5129	 -4.1420	 -1.6614	 +1.4461	 -5.1029	 -2.2551
 +7.0074	 +3.8565	-12.0869	 +0.9867	 +1.3365	 +1.2559
-17.0270	+12.7650	 -2.9740	 -0.9361	 +2.7181	 -1.8957
 +0.1402	 -5.7164	 -3.5482	 -3.2661	 -3.3827	 +4.1614
-65.3689	-63.6726	-70.9292	 -0.6208	 -1.0680	 +0.0281
 -8.5913	 +6.7822	+32.8521	 -0.9632	 -1.5033	 +2.9951
-17.0122	 -7.0861	-21.4669	 -0.6059	 -3.7840	 -2.1506
+11.5312	 -1.2696	 +4.5347	 -3.7937	 +3.3055	 -1.8298
 -9.4664	 -4.4468	 -3.7939	 +1.2139	 -0.4211	 +0.8298
-11.8014	-16.2083	 +4.2568	 -4.3184	 +0.3340	 +0.4095
 +4.7973	-16.0710	 -1.6918	 +0.4157	 +0.2768	 +1.0047
 +3.4502	 -4.3005	 -2.6008	 +1.3694	 -1.9390	 -1.8013
-13.9690	-15.2254	 -9.3276	 -1.0902	 +1.6429	 +1.7350
 +0.7465	-12.9230	 +0.4592	 -0.1885	 +4.0661	 +2.6734
 -5.6915	+11.9370	-12.0029	 -1.7430	 -2.5313	 -0.7860
 +2.8255	 +2.3749	 -5.6536	 -0.9320	 +1.4637	 +0.7772
 -1.5890	 -4.6548	 -8.6775	 +4.5955	 -2.4207	 -0.6487
 -7.5071	 +5.5959	 -4.8180	 -0.1493	 +0.0045	 +4.4239
 -1.3669	 -0.5199	 -0.9718	 +3.1152	 +2.5575	 +1.4889
 -8.5068	-13.2644	+16.7181	 +1.4020	 -2.6545	 +2.3397
 -7.3610	 +3.1712	 -4.1724	 +3.1567	 +1.5385	 +1.8278
 -2.7143	 -3.4891	 +2.8532	 -0.4656	 -0.8730	 +2.9628
 +1.5649	-10.6115	-27.0872	 -0.1643	 -3.2907	 +0.3795
 +4.3910	 -3.3475	 -6.6659	 +2.8659	 -0.7045	 -2.9975
 -4.2138	 -4.2699	 +2.4397	 +1.4345	 -1.7170	 +2.1201
 -6.4515	 +7.0213	 +4.5228	 +0.0825	 +1.6628	 +2.9324
 +2.3245	 +9.2133	 -4.2688	 -3.6504	 +0.6267	 -0.0343
-13.3702	 +7.8100	 -0.3508	 +1.6283	 -1.6701	 +0.5164
 -0.3789	 +8.1299	 +3.5718	 +1.0362	 +0.0515	 -1.1106
 -7.9129	 -0.5678	 -2.0667	 +3.1266	 +1.4223	 -1.2169
 -4.7771	 -3.5894	+15.5839	 +4.2145	 -1.3469	 +0.0830
-13.7154	 -5.9365	-23.6866	 +2.8171	 +0.9983	 -0.5423
 -1.5500	-13.6576	 -7.8604	 -0.8862	 +1.5999	 +2.0670
-124.5443	-54.1915	+80.0592	 +0.8454	 -0.8838	 +0.5874
 -1.7568	 +1.0047	 -2.9950	 +1.7270	 +2.0974	 -3.6869
 +3.6033	 -4.8041	 +2.1027	 -1.5318	 -4.8491	 +0.1445
 +6.9116	 +7.2064	-16.3181	 -2.8079	 +1.0589	 +0.8002
 +5.6212	 -6.9702	 +0.4995	 -3.7578	 +1.4195	 +3.4873
+10.7082	 -6.9444	 -1.1131	 +2.9031	 -0.0807	 -1.8873
 -7.6958	 -6.4822	 -7.8650	 +4.3399	 -2.5012	 +1.1466
 -2.3782	+13.2528	 +3.6705	 -0.9820	 -0.5193	 -2.2242
-108.1736	-107.2546	+99.6466	 +0.4808	 -0.1771	 -0.1963
+10.5084	+35.0270	 -1.4408	 +2.0924	 -1.3325	 -2.4035
-25.4964	 -7.2909	+27.2939	 +0.7277	 +2.2574	 +0.4590
 +2.5774	 +1.4557	-38.9922	 +2.8256	 -0.8249	 +0.5083
 -8.4855	 +5.6172	 -3.8221	 +5.5377	 +2.9612	 +1.6386
 -1.4475	 +0.5399	 -7.9724	 -2.7008	 +0.2652	 -1.1900
 +1.3834	 -4.1415	 +4.2002	 +0.8550	 +0.1104	 -2.7232
 -8.0783	 +1.8267	 -2.0384	 -3.2365	 +3.4951	 -2.9541
 -5.4925	 +1.9423	 -1.6256	 +2.9937	 -4.3906	 +1.6233
+25.5412	 +2.2030	 +1.7758	 +2.5526	 -0.5365	 +1.3894
 +9.8617	 +5.6676	 -9.0447	 -1.5904	 +4.3529	 +0.6522
 +8.6224	-77.3760	 +4.7426	 -1.0855	 +1.8898	 -1.2803
 +6.9301	 -1.6783	 -4.3063	 +4.8753	 +0.5640	 -2.4037
 -1.7954	 +0.8044	 -5.5372	 +0.7616	 +1.5216	 +2.4857
 -0.7297	 +3.0967	 -0.1043	 -1.2181	 +2.0797	 +0.2260
 -0.8317	 +1.7826	 -4.1124	 +0.4360	 -2.7180	 -5.4172
 +6.0414	 -1.6306	 -6.8630	 -1.1210	 +2.2207	 +0.4772
 +4.5705	 +1.3272	-23.3023	 +0.2309	 +2.5900	 -1.5750
 -4.2459	 +7.5723	-24.9149	 +0.3962	 +0.6149	 -0.4071
+11.5815	-21.6236	-27.3738	 -0.2196	 -1.7363	 +0.3096
 -2.4414	 -3.4003	 +0.4018	 +3.7333	 -2.1211	 +3.2655
 -6.9336	+11.8170	 -9.7669	 +0.8608	 +2.5899	 -1.3239
 -2.9357	 -5.5744	 -1.9590	 +2.6679	 -0.0674	 -3.5833
 -5.3458	 +1.5415	 +0.0859	 -2.4241	 -2.4761	 -0.0336
+24.6424	+23.7322	 -0.2585	 +2.8478	 +0.0777	 -0.7353
 -0.9212	+14.7491	-14.8218	 +0.3460	 -1.0797	 +2.9117
 -3.8768	 +1.7598	-12.6785	 -0.1653	 -0.3827	 -2.3126
 +3.3086	 +3.6183	 -2.0065	 -1.4736	 +2.6369	 -1.0466
-13.9221	 -4.5778	 -5.1419	 +0.3122	 +2.5283	 +2.1067
-148.9002	-61.6647	+204.9745	 +0.5725	 -0.6635	 +0.1662
 -2.1595	 -0.2018	 -0.0030	 -1.1709	 +3.1913	 -3.6852
 -3.3962	 +0.5597	 -8.5011	 +3.0198	 -2.5569	 +1.3820
 -3.7679	 -4.1680	 -7.4117	 +4.1687	 +2.9581	 +1.7321
 -0.5965	-17.8722	 +1.2474	 +0.6736	 -2.2687	 -3.0253
 -3.7612	 +1.0238	 +5.5666	 +0.8839	 -0.4264	 -2.4410
+14.2527	+52.6122	-25.8613	 -1.6567	 +0.2657	 -1.5831
 -2.8860	 -3.3277	 -0.2838	 -2.7387	 +4.3074	 +5.3659
-14.0585	 +2.0109	 -0.1513	 +0.8533	 -2.0628	 +2.9626
 -4.4197	 -5.6113	+22.3107	 -2.2958	 -0.3891	 +0.3338
 +0.1920	 +0.7480	 -8.2311	 +1.3242	 -2.6269	 -3.5575
 -8.1302	 -3.3793	 +0.5004	 +1.0543	 -0.2894	 -2.9094
 +3.7298	 +2.3850	 -0.5751	 -2.9798	 +3.7768	 +2.6792
 -3.9107	 -0.4531	 +0.0901	 -0.6377	 -0.7153	 +3.4582
 +2.6324	 +6.1415	 +1.7399	 -3.3959	 -2.7789	 -2.3834
 -3.0794	 -1.9491	 +3.3112	 -0.5012	 -1.6488	 +5.5689
-10.1417	 +0.2776	-18.7025	 +2.5690	 -0.3367	 +0.0630
-10.2894	 -8.6870	+14.3920	 -1.1821	 -0.9190	 +3.0768
 -1.5098	 -7.6044	 -4.0758	 +1.7930	 -1.2785	 +2.3510
 +2.0131	 +8.2386	 -8.0380	 -0.5536	 +2.3156	 -0.7200
 -2.9009	 -1.8340	 +1.6142	 -0.8133	 +2.7124	 +1.8616
+12.6330	+13.7779	+35.3006	 +1.9807	 +1.9530	 -0.4778
 -3.9501	 +1.7104	 -2.1627	 -0.2989	 -0.8272	 -1.1342
 +1.7461	 +8.7967	 -7.8849	 +2.7478	 -2.6488	 -0.0935
 +0.7767	 -4.7016	 -7.2869	 -4.0876	 -2.1332	 +1.8551
+14.4477	-13.7749	-20.2954	 -0.9204	 -0.6951	 +0.2553
 +3.1230	 -2.6512	 +1.2055	 +2.4481	 +2.9716	 +0.1174
 -7.7050	 +5.5523	 -1.0307	 -0.3843	 +2.4457	 -5.4293
 -4.0468	-13.5057	+10.1300	 -0.9743	 +2.0385	 -0.6822
 -4.4117	+24.9969	-48.7254	 +0.8751	 -0.6733	 +0.4462
 +3.7484	 +4.0788	-26.7555	 -0.7714	 +1.1531	 +3.8335
 +6.5921	 +0.3631	 +1.4707	 +0.5751	 +1.4820	 +2.0149
 +6.2029	 +0.7400	 +1.9833	 +1.2210	 +5.5365	 +2.0184
 -1.9937	 -1.5290	 -4.8929	 +1.2055	 -0.8054	 -0.8355
+21.1007	+13.6969	 +5.0054	 +0.1437	 -1.1206	 -0.0419
 -0.4649	-52.4818	-11.9919	 +1.4146	 +2.1625	 -0.5441
 +1.8247	 +7.4133	 +0.6183	 -0.7381	 -1.5748	 +4.2806
 -0.2127	 +6.7617	 -7.1351	 +3.8148	 +1.6681	 -0.9767
-26.0018	+11.8218	-10.9499	 -2.0050	 +0.1855	 +2.6966
 +3.3461	-29.5005	+19.4809	 -0.8921	 -1.6076	 -0.0078
 -5.9054	 +5.4236	+10.8390	 +0.2117	 +0.6921	 -3.0058
 -6.0171	 -1.6769	 -4.5490	 -0.2565	 +2.7097	 -4.8192
 +7.2396	 -4.2603	 +0.9541	 -1.2182	 +1.6694	 +0.5327
 -4.0024	 -8.3887	-12.5220	 +0.9348	 +0.3688	 -2.0503
 -1.2658	 +2.4218	 -5.5735	 -3.5927	 -1.5585	 +2.0027
 +5.6895	+18.1877	 -4.7234	 +1.0960	 +1.3689	 -3.2346
 -0.1403	 +0.0783	 +1.3803	 +3.2448	 +2.7154	 -1.9844
-13.2981	 -9.4557	-12.5396	 +0.9213	 +1.9423	 +1.4349
-43.0703	+12.3661	-21.7787	 +2.0855	 +1.0843	 -0.4710
 +4.9581	 +5.3110	 +2.2411	 +2.0036	 +0.7371	 -0.7969
 -2.1177	 -1.1969	 -4.1850	 +3.2308	 +3.9648	 -0.3255
 -3.3865	 -5.2024	 -4.8658	 +5.4875	 -0.5845	 +0.8153
 -0.2580	 -4.4053	 -4.7695	 +0.0578	 -3.3625	 +2.4300
 +9.7916	+12.1311	 +6.7331	 -2.5063	 -1.5628	 +2.7046
-10.7213	 +4.6813	+29.5616	 -1.2081	 -0.5632	 +1.5538
 +9.6411	-12.1262	 +4.8491	 -0.0079	 +0.4116	 -3.9443
 +0.6308	 -3.4916	+12.7849	 -4.3177	 +0.7592	 -0.0525
 -6.7987	+10.3724	 -2.7555	 +1.9959	 +0.3236	 -1.2751
 -4.6623	 +3.6343	 -7.4424	 +0.7174	 +3.8602	 +5.9791
 +3.4883	 -9.2442	 -3.0790	 +2.6660	 -0.5543	 -5.4617
 -0.2485	 +1.8452	 +2.5092	 +4.5573	 +1.8258	 -1.3465
 +1.9895	 +4.1183	 +8.8647	 -0.7909	 -1.5820	 +3.4865
 -1.9760	+13.9786	-12.1446	 -1.0310	 +2.3313	 -1.1499
 -3.5489	 +8.0804	 -2.3993	 -1.5308	 +2.4104	 -4.5174
 +0.9832	 +0.1512	 +4.0367	 +1.1860	 +0.7990	 +5.5749
 -0.6424	 +0.9225	+14.3904	 +3.0742	 +0.1823	 -1.8406
 -6.7780	-10.6542	 +0.6612	 +0.0831	 +1.9454	 +1.5952
+20.7564	 +1.5551	 +8.2511	 -3.3863	 -0.6822	 -0.5513
+10.7444	-11.6779	-14.1494	 -0.2844	 -0.4238	 -3.2606
 -0.8469	 +0.8795	 +1.6819	 +1.1592	 +2.5296	 +0.4617
-10.7676	-33.9350	-27.4410	 -1.0631	 +0.3180	 +0.4262
-12.5663	+13.8843	+14.0894	 +0.8932	 -1.5928	 +0.6010
 -2.6302	 +3.4510	 +7.2788	 +3.4026	 +0.1050	 -1.9234
+25.5196	 -5.0661	+10.1620	 +3.5339	 -1.2545	 -2.4848
 -2.7412	 +8.7563	 +1.8151	 -1.9938	 +1.8385	 -0.6587
 -2.8943	 +3.9397	 -2.9207	 +3.9978	 -0.2509	 +4.5999
 -9.5592	 +7.5333	 -0.2616	 +1.8171	 +2.0725	 +1.3585
 +2.6501	+13.6350	-12.1293	 -0.5134	 +2.7070	 -1.7497
 -6.2873	 +7.0809	 +4.0352	 -3.3869	 -2.4261	 +1.5443
-10.4313	 +7.6477	 +2.0623	 -4.5524	 -0.1472	 -0.2741
 -8.2490	 -4.2978	 -5.5364	 -5.6767	 +0.5122	 -0.5776
+12.1479	-13.2506	 +1.3907	 -3.9912	 -0.3983	 +1.4574
 -4.5897	+25.4668	+18.0482	 +1.9183	 +0.8698	 -1.6521
+27.3974	-31.9229	+70.5241	 -0.4227	 -1.6168	 -0.1710
-17.4463	 -0.5881	 -0.1318	 +1.2726	 +1.3832	 +0.6744
 -7.6885	 +4.7198	 +6.5258	 -0.1684	 -4.0376	 -0.7376
 -3.1456	 +1.7065	 -4.5539	 +0.3436	 -1.1069	 -1.5431
+13.8940	 -0.2741	+15.1053	 -0.5394	 +0.9302	 -0.1173
 -7.0093	 -6.0625	 -6.3665	 -1.8560	 -2.4733	 +0.1500
+19.7490	 -4.2719	-20.3311	 -2.5875	 -0.3721	 +0.1682
+16.6072	 +5.8877	 -6.7273	 +0.8274	 -2.5893	 -0.9154
-22.8905	+25.2415	-27.7052	 +0.2915	 -0.2508	 -0.0210
-25.8836	-10.5249	+15.4337	 +0.1262	 +2.1844	 -0.7425
 -3.2078	 +3.4936	 +4.9025	 +2.1597	 -1.3735	 +0.1886
 -8.0703	 -0.7877	 +2.0738	 -3.4599	 +4.3009	 -1.9817
-11.4026	 +6.5207	-12.3866	 -2.2404	 -1.0768	 -0.1680
 +2.6831	 -2.0614	 +2.0558	 +1.0298	 +1.6735	 +2.4345
 +3.6486	 -5.9119	 +4.1293	 +0.3610	 -4.6812	 +1.5243
 -6.2017	 -0.6117	 -4.8525	 +2.5088	 +0.8636	 -1.6109
 +9.1363	 +9.6454	 +6.3591	 +0.6265	 +0.8513	 +1.2357
 +4.5980	+12.7633	 +1.5781	 +0.7461	 -0.5749	 -2.1039
 -2.8467	-15.5549	+10.9945	 -1.2474	 +0.4519	 -4.0380
 -0.6816	 -1.4220	 -3.9663	 -5.1702	 -2.8470	 +0.5325
 -2.3182	 -7.1382	 -9.5647	 -2.2703	 +2.3247	 -4.3493
 -0.1280	 +1.0313	 -6.1128	 -2.2423	 +0.1662	 -1.8783
+11.8580	 -7.6721	-36.9779	 +0.2059	 -0.2289	 -1.5083
 +4.5553	 -1.8114	 -4.0333	 -2.3118	 -0.4224	 +2.8272
 -3.6847	 -2.1239	 -3.9357	 -2.8164	 +2.1118	 +0.5952
 -5.1768	 -4.7758	 +0.0441	 -5.6937	 +2.3656	 +3.9163
-33.3556	 -1.4040	-19.4786	 -0.5555	 -1.1893	 +1.9275
 +0.1367	 +0.9840	 +2.8384	 -3.9739	 -1.5849	 -2.4795
 -2.4561	 -4.8235	 -9.2010	 +3.7431	 -0.6977	 +0.6626
 +1.4836	-13.4887	 -6.1547	 -0.6350	 -2.1916	 -0.6570
 -6.4565	 -1.0407	 +7.1432	 -1.2275	 +2.7919	 -2.4990
 -0.8960	 +3.7049	 -3.6716	 +1.2243	 +5.5112	 +2.9004
-25.1104	-20.0804	 +7.5843	 -0.2192	 -0.2045	 +0.9297
-21.0735	 -8.4446	-19.8611	 -0.4041	 -1.4301	 -1.8661
 -3.3646	 -1.5399	 -7.2668	 -0.6448	 +0.3171	 -0.8914
 +5.1407	 +4.8339	 +5.2018	 -2.4752	 -0.2599	 -0.8537
 -1.2910	 -0.4634	 -0.7117	 -1.9824	 +0.1826	 +1.6365
 -2.9609	 -8.4554	-13.6012	 -0.0366	 +4.0850	 -0.4339
 +9.7634	-43.2356	-20.3142	 -0.8081	 +2.2296	 +1.3114
 -2.2752	 +2.6247	-18.2194	 +0.4868	 +3.4636	 +0.5333
 +6.0508	 -3.9418	 -3.8183	 +0.4549	 +0.0014	 +1.1367
 -0.2386	 -0.7539	 -6.2803	 +1.5413	 -0.8508	 +1.9143
 -3.6895	 -8.8190	-13.2782	 +1.0614	 -4.2147	 -2.7886
 -7.8376	+14.2801	 +4.7820	 -0.1541	 +0.9700	 +1.1948
 -1.8160	 -1.1303	+11.0471	 -1.0197	 +1.1415	 +2.7129
-27.3259	+18.9051	 -9.7207	 -4.1573	 +2.0085	 +0.5473
 -1.0625	 -6.0243	 +4.9000	 -2.8037	 +0.0147	 +1.0033
-61.1613	-38.0390	+33.4872	 +1.1155	 +1.6614	 +0.2445
 -4.0305	 +0.9044	 -1.5236	 -2.8204	 -3.9690	 -5.1569
+39.1816	+22.5422	+33.6399	 -1.9939	 -1.7984	 -0.9470
 +9.2676	-10.3313	 -3.6345	 -0.8146	 +3.3040	 -1.7161
 -0.4812	 +6.2643	 -0.0401	 +1.0171	 -4.3803	 +0.8444
-114.4151	+61.0556	-17.6248	 -0.1980	 +0.6058	 +0.3235
 +4.9086	 +7.0973	+10.8503	 +1.1994	 -0.8659	 -2.8701
 -6.8393	 -0.8172	 -3.3013	 +3.9425	 +3.4715	 +1.3131
 +4.7367	 -5.2409	+12.3654	 +1.8689	 +0.4485	 -1.2709
 +1.7421	 +4.7932	 -3.5713	 +2.9379	 +2.9743	 -0.5786
 -2.7431	 +3.9582	 -4.5379	 +0.6408	 +1.7151	 -1.2637
 +1.8775	-10.3190	 +0.2179	 -4.6388	 -2.1710	 +0.0195
 +2.4745	 +2.1185	 -0.0024	 +3.1922	 +3.3137	 +0.5469
 -8.2128	 +4.4547	 -1.6195	 -4.4897	 -0.6760	 +2.4119
 -1.2441	+32.8113	 +3.7835	 +0.6662	 -0.8790	 +1.4428
 -6.1266	 -8.7793	 +2.2649	 +1.8138	 +3.3073	 -1.7312
 -5.0589	 -4.2471	 -1.4506	 +0.8132	 -2.2075	 -2.9771
 +8.4606	 -1.6809	 -7.4878	 +0.4108	 +2.1463	 -1.0833
 +3.6392	 +1.9618	 -3.2048	 +2.3049	 -2.0129	 +3.0272
-32.8810	+17.6541	+10.8058	 +1.3994	 -0.1712	 -0.7059
+20.0418	 +9.1918	-22.9007	 -0.4399	 -1.6029	 -1.5450
-14.2079	-41.3875	+15.1387	 -0.4901	 -0.5514	 -0.2922
 +2.8423	 +4.2689	-10.4724	 -3.8636	 -1.0273	 -2.9773
 -7.3965	 +6.8826	 -4.7675	 -1.1543	 +2.4717	 -0.2418
-12.2889	+12.9165	-30.4981	 -1.4198	 -1.2014	 +1.2355
 -2.0272	 +9.8245	 -8.1918	 +3.0560	 +1.1039	 -1.4671
 -0.5477	-11.0911	+16.7149	 -1.0477	 -0.1504	 -0.4474
 -1.6971	 +6.3626	 -5.8661	 +2.7625	 +3.8445	 +3.5429
 +2.3134	 +0.8850	+10.4029	 +1.8113	 -2.3222	 +1.0885
 -4.6079	 +2.4702	 +1.4884	 -3.0344	 +1.1988	 +3.7217
+14.8172	 -6.6091	 -5.6583	 -0.4811	 -0.5803	 +1.3314
-64.2679	+27.3462	+13.8759	 -0.8114	 +1.0220	 +0.6001
 -2.9548	 -3.0982	 -0.1067	 -0.9891	 -1.2369	 -0.6263
-24.3383	+58.5008	 +5.2301	 +0.7588	 +2.6299	 -0.4832
+11.0291	+12.3558	 -9.3469	 -1.1272	 -1.3579	 +1.1996
 -1.3831	 +7.0253	 -4.6952	 -2.5357	 -0.4193	 -4.3279
 +4.2696	 -4.6394	 +2.0691	 +0.6832	 -1.4116	 -0.3767
+11.5583	-42.5036	+38.1576	 +1.9364	 +1.2359	 -0.0558
 -5.6191	 +9.0695	 -0.3453	 -3.3788	 +1.9611	 -0.8395
-14.7510	 +6.2326	-16.5047	 +0.3886	 -0.3492	 -2.2531
 -8.3651	 -7.0499	 -2.0273	 +3.1579	 -1.5144	 -4.8880
 -2.4193	 -1.9873	 -5.5622	 -1.6800	 -6.8795	 -2.8740
 -3.4650	 +2.0185	 -3.7140	 -3.2087	 +2.9564	 -4.4234
 +1.6690	 +1.1094	 +2.9373	 -0.1111	 -1.2653	 +0.7445
 -1.1973	 -5.8853	-10.7337	 -3.0974	 -2.0729	 +0.6877
 +2.2362	 -4.8068	 -1.6598	 -0.2738	 -1.2257	 -0.2904
 -2.9428	+11.0666	 +1.8394	 +0.5791	 +2.4800	 +2.1474
 -2.2663	 +4.9832	 -2.1872	 -1.9008	 +3.3278	 -3.8945
 -1.3973	-19.5424	 -7.7660	 -2.2500	 -0.7158	 -3.7686
 -5.3639	 -3.0371	 -0.5017	 +0.3492	 -1.1173	 +2.7460
 +1.3217	 +0.4718	 -2.7088	 -0.9358	 -0.1559	 -1.8566
-22.0057	 +3.1387	 -3.4181	 -1.4552	 +2.7909	 -0.3811
 -6.1180	 +1.1808	 +5.9844	 -1.3414	 -1.3870	 -4.6250
 +5.2770	+10.9720	-19.0073	 +0.5157	 +0.1351	 +2.1657
 -6.2133	 -1.9958	 +2.0886	 -0.0736	 -2.1260	 -1.9870
 -6.6624	-13.3093	 -8.7267	 +3.5705	 -1.5526	 +0.2259
 -2.3279	 -6.1853	 -7.2160	 -3.5126	 +4.6847	 +1.2095
-46.9427	-71.8185	-69.0968	 -4.8011	 -6.1481	 -6.1972
 -0.9380	-19.1658	 -0.0860	 +1.5841	 -1.3226	 -1.4833
 -1.5779	+12.2363	 -2.5559	 +3.4522	 +0.1605	 -0.8439
 -3.6850	 -2.9795	 -3.5197	 -3.2810	 +5.2316	 +0.8359
 +4.7627	 -0.0634	-11.1586	 +0.4889	 -1.3322	 +0.1131
+12.1465	 +0.8061	-11.3364	 +4.3061	 +1.9243	 -1.0239
 -7.9664	 +4.0209	+44.6926	 -1.1166	 +0.9942	 -0.7256
 -0.3458	 -6.9255	 -0.1479	 -0.9558	 -1.2605	 -3.9474
 +7.2045	 -9.3695	 -3.2238	 -2.3948	 -3.9037	 -0.7703
 -2.9344	 +0.5791	 +3.2846	 -2.3739	 -2.5175	 -0.1916
-24.0623	 +5.2307	 -7.6948	 -0.6839	 -0.1662	 +0.6208
 -1.7409	 -3.0106	 -5.4323	 +3.7726	 -1.8304	 -0.6376
 -1.8032	+24.1974	+15.6471	 -0.3458	 -1.4930	 +1.6622
 +5.0181	 +2.1876	 -8.2121	 -1.5751	 -2.8599	 -2.7203
 -1.8147	 -9.1126	-37.7986	 +1.8429	 -0.8143	 +1.7529
 -7.5089	 -3.9095	+10.7882	 -1.2805	 -1.6212	 -5.1120
 -1.2346	 +0.9554	 +2.1318	 -4.0759	 -0.6950	 -0.3730
 -1.9371	 +7.6258	 +0.2634	 -1.1691	 -0.7510	 -0.5795
+12.5386	-16.0531	-17.5160	 +2.2336	 -1.6172	 +0.7379
 -4.1508	 +2.1459	 -3.3242	 -1.0417	 -4.3825	 -3.5713
 -2.0941	 +6.2451	 +3.5777	 -2.4202	 -1.6302	 -0.8212
 +8.2423	 -9.0587	 -6.4790	 +3.4972	 -2.2933	 +1.4721
 -1.6081	 -6.8821	 +3.8446	 +2.2918	 +0.2839	 -3.8660
 -7.1448	 +9.0815	 +0.0820	 -2.8409	 -0.6022	 +2.8496
 -2.8027	 -0.5636	 -5.5290	 -3.6667	 -0.9087	 +2.6414
 -3.6417	 +2.1162	 -7.4641	 +3.3834	 +0.5793	 -3.6496
+19.4581	-13.4388	+24.1688	 +0.2993	 -2.1866	 +1.5717
 -2.0356	 -0.5772	-10.3272	 -4.0282	 -2.2023	 +2.8340
 -0.7205	 -1.1357	 -7.3095	 -3.2079	 +1.4645	 +0.2442
 -9.0065	 -3.6268	 -3.9707	 +0.1259	 +2.7236	 -2.6345
 -0.3640	 -1.6122	 -2.3429	 -1.2098	 -0.9092	 -4.4301
 +0.2528	 -2.2158	 -2.9412	 +0.0150	 -3.5409	 +0.3919
 +5.4299	 +0.2994	 +5.6724	 -5.4495	 +1.7876	 -2.2239
+23.6366	-13.6988	+13.9632	 +5.7715	 -1.4812	 +3.5945
 -7.8789	 +1.5932	 +2.5439	 -2.5482	 -1.9506	 -1.6784
 +1.0189	 +7.7526	 -5.2583	 -0.9201	 +0.1366	 -3.5920
+21.0324	 +2.6720	-10.0704	 +1.2198	 -1.1028	 +0.5385
-12.5209	 -8.3697	+14.0587	 -3.9416	 +0.2354	 -0.8536
 +2.9920	+10.3239	 -3.2008	 -3.9179	 -3.0720	 +0.8677
-17.1771	 +9.0562	+10.2582	 -3.6531	 +2.4566	 -0.8450
-20.3440	 -4.5533	 +8.4675	 +1.7357	 +1.8363	 -0.4106
 -4.5894	 -0.8807	 +0.7103	 +3.0027	 +0.0387	 +2.7019
 +0.9313	 -4.0972	 -5.4121	 -0.9312	 +2.1598	 -0.6530
-15.0373	-12.3837	 -2.2809	 -0.4688	 -4.0963	 -0.0396
-22.0511	+19.5993	 -4.4955	 +0.6826	 +1.3421	 +2.3859
 +1.4513	+12.5276	-12.4613	 +1.4838	 -1.1757	 +3.2070
-20.5681	 -2.7452	 -2.7690	 -2.6019	 -1.9812	 -0.6767
 +3.0953	+11.9440	 +0.6520	 -2.4835	 +1.0145	 -0.5199
 -1.1521	 +6.1011	 +2.9295	 +3.3446	 +2.1083	 -1.4895
+40.4649	+20.5391	+35.7504	 +2.4035	 +0.9246	 +3.2438
 -3.4339	 +2.9573	 -6.6048	 -4.1714	 -2.9005	 +2.8634
 +5.6713	 +0.2531	 +4.6804	 +0.0640	 -4.1019	 +4.3984
-38.9231	+25.8646	 +7.3320	 +0.5766	 +1.8759	 +0.8017
 +0.1040	 -0.9862	 +4.8536	 +0.0121	 +1.2823	 +5.4556
 -3.2296	 -4.0565	 +0.2155	 -0.4420	 -1.2813	 +1.9488
 +1.1639	 -9.5534	 -0.7915	 +0.8473	 -1.7771	 +5.9886
 +0.0779	 +4.3492	 -1.3020	 +3.7140	 +1.1826	 +3.7457
 -7.8717	+10.5160	-35.7819	 +0.6068	 -0.6706	 +2.3844
 -7.9328	-14.6031	 -1.0254	 +0.4710	 -2.2435	 -0.0067
 +3.7527	 -8.2168	 -4.4436	 -3.8795	 +1.5692	 +4.0816
-10.1065	 +3.0551	 -4.1305	 -2.6512	 -0.1373	 +3.2039
 +6.0077	 +4.4525	+21.4153	 +0.2616	 -3.7654	 +0.8856
 -0.2222	 -6.1908	 -2.3408	 -1.7528	 -3.4058	 -4.2267
 -6.6421	 -1.4260	 +2.8242	 +1.4552	 -2.7483	 -2.0695
 +5.9928	 -0.9600	 -2.9483	 +1.9532	 +0.1985	 -5.4986
 +0.6416	 -1.3260	+10.5454	 -2.4192	 -0.1125	 -0.3253
 -0.1545	+17.2706	 -2.4316	 -0.9578	 -1.0087	 +0.1980
+15.5984	-13.1776	-17.9461	 -1.2144	 -3.3679	 +1.1212
 -2.7254	 -1.6019	 +2.2144	 -0.2495	 -0.4816	 -0.4013
 -4.6918	-14.3226	 +6.9047	 +1.1899	 -0.1225	 +2.2053
 +2.3265	 +8.6657	-10.0255	 -1.5227	 -3.9511	 -0.9706
 +8.6320	 +0.5816	-12.9016	 +1.6982	 -1.3817	 +1.7268
 -0.0523	 +3.3145	 -3.4799	 +0.7482	 +0.9825	 +2.0856
 +5.5036	 +7.0429	 -8.5395	 +0.4973	 +0.9421	 -0.7309
+10.2298	 +6.4288	 -2.5625	 +0.9151	 +1.3454	 +0.2059
 +9.5277	+14.5487	-17.8023	 +2.2904	 -1.2600	 -0.7519
 -6.6021	 +6.7553	 -0.8614	 -0.8501	 +0.5555	 +1.5798
 -2.3484	 +1.9354	 +1.4641	 +1.6028	 +1.4092	 +0.4559
 -5.1958	 +4.3112	 -5.1083	 +1.8036	 +1.7650	 -0.7382
 +1.0134	 +7.9905	 +4.6574	 +0.8365	 +0.3233	 +0.8629
 -3.5428	 -7.5197	 +3.5122	 +1.1628	 -0.2427	 +2.1564
 -7.5790	 +2.0314	 +4.1325	 +4.4203	 -0.9117	 -0.7707
+18.4871	-21.4138	 -1.0766	 +0.5883	 -0.4346	 +0.1216
 +3.4135	 -0.5455	+13.4221	 -1.2712	 -1.6123	 -2.3850
 +7.7691	 +4.5551	 -3.1046	 +3.3318	 -2.4887	 -0.9082
 -1.3004	 -0.3170	 +2.5204	 +2.4309	 -1.3634	 +0.5587
 -3.3066	 -1.1115	-11.8427	 -1.1008	 -1.7101	 -1.5647
+16.7984	 -1.8022	-23.1319	 +3.4337	 -0.3980	 +0.8921
-21.4717	 -4.6255	+31.6771	 -0.3844	 -1.0035	 -0.1991
 -3.7601	 +0.5768	 -3.7537	 -0.2126	 -0.5480	 -1.2308
 -4.1650	 -2.3400	 -0.7147	 -1.0946	 +0.5829	 +2.2330
-10.8024	 -1.6391	 -7.0958	 +2.2618	 +2.1113	 -0.3679
 +3.4325	 -4.9359	 +6.7094	 +0.8387	 -4.0077	 +0.1670
-31.1689	+13.9376	 -3.7545	 -1.0610	 +2.3770	 +1.3913
 +0.7187	 +6.3014	 +0.9175	 +1.2412	 +2.3040	 +0.2887
 -7.0102	-46.5934	+58.4269	 -0.3276	 -0.5566	 -0.4098
 -3.7075	 -2.0159	 -5.0807	 -0.6802	 +0.3752	 -2.3618
 +2.3451	 +7.0058	-11.5517	 -4.1474	 -3.9958	 +3.4808
+11.1722	 +3.6685	 -2.2301	 +0.0828	 -0.5072	 +0.5445
 -3.7809	 -5.4108	 -1.3434	 -1.7917	 -0.7493	 -1.3093
+38.8814	 -0.8042	-18.0135	 -1.9301	 -0.1619	 +2.4566
+21.4343	-49.4136	+37.9804	 +2.3898	 -0.6151	 +0.2928
+102.2595	+46.4913	 -6.9418	 -0.3381	 -0.9884	 -1.6268
+12.3773	-14.3119	 -0.5630	 -2.8937	 -3.6414	 -1.3460
+36.8471	+56.0948	-31.0699	 +0.7321	 -1.1883	 +0.4186
 -3.6599	 -1.7180	 -4.0827	 -1.9378	 -1.9906	 +5.4003
 +6.8484	-14.3068	 +0.4303	 +3.3914	 +1.7750	 -1.8898
-24.3379	 -5.2877	+44.9188	 +0.2231	 -0.3015	 +2.3174
+18.7300	+58.9713	-38.1535	 +0.3516	 +1.7304	 +1.1806
+16.2724	 +4.1178	 +6.5395	 -1.3509	 +1.0877	 -4.7164
-13.7132	-14.4430	-12.3787	 +1.6711	 -2.0674	 -1.3477
 -9.3037	 +4.7763	 -6.0952	 +0.9074	 -2.1743	 -1.5818
 -4.8554	+14.4970	 +4.5570	 +2.1708	 -2.1123	 -1.6503
 -1.7244	 -0.7211	+10.9505	 +2.8626	 -0.9596	 -0.1921
 +8.4447	 -9.2304	-13.2181	 +0.4878	 -2.3045	 -0.5033
 +3.2239	 -2.3869	 -3.7350	 -5.4019	 -0.0692	 -0.9717
 -4.2799	 -6.2466	 -8.0991	 +0.1311	 -0.9136	 -1.2542
 +4.6247	-15.5116	-19.1632	 +1.0868	 +0.6148	 -1.4711
 -1.0281	-11.9306	 -1.2567	 +1.5134	 -1.2629	 -3.7644
 +0.4958	-10.4409	+12.5738	 +2.9919	 -2.2218	 +2.3700
 +4.3273	-13.3470	 +0.6414	 +0.5798	 -1.4854	 +0.3808
-14.5056	+17.3366	 +9.8071	 -0.6786	 +1.6507	 +2.4111
 -4.4698	 +5.9577	 +6.3385	 +2.0540	 -0.3386	 -0.0309
 -1.1232	 -1.8329	 -6.2942	 -1.4875	 -1.8256	 -1.4470
-14.3043	+12.4243	 +0.2031	 +0.7069	 -1.3712	 -0.1969
-14.0227	 +3.1610	+21.7329	 -0.2043	 +0.7044	 -1.0254
 -6.1723	+11.0737	 +9.0842	 +1.8386	 -0.4477	 -3.5071
 -1.7839	+12.3191	 +3.2459	 +0.6208	 +1.5375	 -1.7907
 +2.8197	 -5.0134	 +4.8830	 +0.1029	 -0.2545	 -1.5318
-10.2175	+27.4695	+10.7560	 +1.7780	 -1.5074	 -0.5618
 +9.8117	 +3.8651	 +3.2364	 +1.7431	 -1.9201	 +2.4517
 +9.1978	 +3.4607	 -1.2166	 +0.5362	 +4.6722	 +1.3592
+22.5961	 -7.2778	 +1.8589	 -2.1721	 -1.2009	 -1.3367
 +6.2895	 +4.2485	-12.0506	 -1.8265	 +1.1741	 -0.6633
 +9.8012	+37.9373	+31.2217	 -0.1505	 +3.0973	 +1.9853
 -3.7908	+62.9690	+35.5766	 +0.8439	 -0.7193	 +0.7942
-15.1727	 +2.2487	 -3.0075	 -2.9104	 -2.7569	 +2.2654
 -9.9731	+13.1977	 -4.6352	 -0.8059	 +1.6446	 +0.6169
-18.2869	-14.2819	+29.9323	 +0.1722	 +2.2194	 -0.8680
-14.1469	+21.7318	 +9.8328	 +2.9682	 -2.2295	 -1.9583
 -3.3873	 -1.7803	 -1.9785	 -1.4625	 +3.0151	 -1.0701
 -3.5020	+18.2139	 -0.1046	 -3.3702	 +0.2238	 -1.5975
-15.1889	 -7.9836	 -8.1049	 +3.2586	 -1.8100	 -1.9669
+17.8827	-25.8756	+18.4176	 +0.5038	 +0.3709	 +0.2021
-11.4315	 +1.4317	 +3.8555	 -0.0114	 -0.2325	 +2.2010
 -4.3156	 -6.8437	 -5.8226	 -5.8283	 +2.5034	 -1.1813
 +0.0102	-52.0679	+115.5572	 -0.3120	 -1.3205	 +0.1785
+24.2916	 -0.3772	 -2.1923	 +1.8149	 +2.4347	 -0.3621
 +0.9256	 +8.3824	 +2.1531	 -5.0465	 -1.2045	 +3.0071
 -3.4953	 -5.9797	 -0.3622	 +0.3117	 -0.8660	 -3.6218
-29.2824	 +9.8669	+24.6739	 -0.6100	 +1.2328	 +1.2260
+16.3250	 +5.3882	+12.8519	 +0.7947	 -0.8257	 -1.3475
 -5.5782	 +1.8162	 +2.9293	 -0.4087	 -4.6013	 +3.2250
 -0.9209	 -2.1265	+17.8073	 -2.5104	 +2.3594	 -4.0366
+15.6217	+16.8841	 -2.9261	 -0.7251	 +1.3045	 +3.2091
 -3.7987	 +6.2638	 +7.4609	 +0.0294	 -2.8156	 -0.4406
 +2.0509	-13.4644	 +5.7772	 +2.5388	 -1.7491	 +1.2470
 +6.4560	 -4.8356	-12.5704	 +3.4009	 -3.7148	 +1.6117
-16.1370	 +3.3019	 -4.7888	 +1.2595	 -3.6346	 -1.2968
-23.1469	 +1.2750	 -7.0402	 -0.9837	 +2.6610	 +1.9190
-28.7765	 +4.2183	-16.4810	 +0.0748	 +0.2101	 +0.1220
 -2.5093	 +7.1944	-13.6167	 +0.4898	 -4.4551	 -2.9260
 -8.8667	-21.8146	+23.1383	 -0.7267	 +1.6992	 +1.6015
 -2.9128	 +2.4734	 +6.5607	 +1.9011	 -1.8871	 -0.6072
 -4.0100	 -1.1065	 +4.3029	 +0.2858	 +0.0141	 -1.4053
+10.4614	 -7.8205	 +8.0282	 -1.3866	 -0.0928	 -0.5566
 +9.2872	 -9.3848	-11.6011	 -2.9130	 +0.4620	 +0.8437
 +1.0199	 +8.3386	 -4.8668	 +0.7896	 +1.2860	 +1.7227
+33.7050	 -0.8122	-20.3416	 +1.0347	 -0.5191	 -3.0436
 -7.2682	 -6.1906	-11.0246	 +0.5157	 -1.9885	 +3.0201
 +0.3547	 +2.9888	 -2.4768	 +0.6738	 +2.3992	 +0.0450
 +6.3103	 -1.3481	 -7.6125	 -4.1849	 -2.2936	 +1.6106
 +4.8655	 +3.8137	 +4.6260	 +1.4337	 -0.8491	 -0.4306
 -5.3919	 +4.0602	 -2.6345	 -3.2258	 -6.7231	 +1.3550
 -0.9040	 -6.7160	 +3.3550	 +0.9609	 +0.7598	 +1.9123
-16.7628	-10.0057	 -3.6658	 -0.6042	 -4.1655	 +1.1882
 +5.4474	 -6.4413	 +0.8683	 -2.1515	 -0.9219	 -2.3726
 -0.8621	 +0.4667	 -8.8975	 +1.5982	 -2.1599	 +1.0730
 +3.4450	 -9.7597	+24.2427	 -1.5007	 +1.5684	 +0.5230
 +2.4295	 +0.8581	 +6.4575	 -1.1642	 -2.0978	 -2.5904
 -1.4127	-35.4576	-17.1434	 +0.5240	 +1.0129	 -1.2599
 +8.2019	-21.2444	 +3.3830	 -1.1332	 +0.3535	 +1.9173
-10.2320	 -3.4863	 -3.7284	 -0.1022	 +2.1797	 +0.4620
-33.5727	 -6.3136	 +9.1921	 +0.5677	 +0.8039	 -1.4438
 +5.5149	 -1.0154	 -2.5932	 +4.6394	 -3.3459	 +3.0349
 +6.1335	 +6.8057	 -3.9483	 +0.5159	 +3.5656	 -4.0761
-14.2306	-27.8723	 +1.0603	 -2.0669	 -1.0525	 -0.9591
 -0.7246	-12.8336	 -7.5347	 -2.6432	 -2.1685	 -2.5240
 -1.4132	 +6.3013	-13.4905	 +2.6768	 -2.0167	 +2.4019
 -9.1658	+12.4119	-16.1935	 +0.8039	 -0.3206	 -2.2536
 -2.2109	 -9.2258	 +0.5695	 +3.9518	 +2.4399	 +0.0209
 +1.7337	+39.6642	+17.2420	 -0.5660	 -1.2516	 +2.0367
 -0.0788	 -2.6122	 +0.2666	 -0.6241	 +3.5948	 +4.2038
 +0.8787	 +7.9711	 -1.9965	 -3.8500	 +3.2652	 +0.0435
 -2.9285	 -1.9573	 -7.7770	 -0.5477	 -3.3295	 +0.5698
+85.7697	-40.8093	+31.5660	 -0.3224	 -0.7400	 -1.5899
 +7.3209	 -4.7569	+16.6269	 +1.7242	 +2.6325	 +0.4878
 -5.7750	 +2.8969	 -7.6951	 +1.1267	 -3.2288	 -1.3294
 +2.6076	 +6.0022	 +2.9363	 -1.7658	 +0.8837	 -1.0080
 +1.4321	-13.4852	 -0.2474	 +0.5833	 +1.1580	 -2.5612
 -2.4957	 -2.2455	 -0.0186	 -6.7411	 -0.3304	 +2.7499
 +1.4505	 +6.3274	 +2.2878	 +0.9384	 +3.5573	 -1.2431
 +8.6809	 +5.3405	 -3.2468	 +0.5311	 -2.1830	 -2.4112
+12.9192	 -6.5850	 +0.5285	 -1.5929	 +0.8385	 -4.3669
 -8.0586	 +6.4585	-18.5899	 +2.3917	 -2.1088	 -0.3881
 +9.0103	+17.4764	+56.2937	 +0.1658	 -0.1733	 +1.3483
 -5.7285	 -4.2598	-10.2002	 -1.5739	 -2.6936	 -4.7002
 +8.2340	 +7.3349	 -5.2828	 +0.0990	 +2.0632	 -0.7428
-12.1254	 +0.7930	-24.0443	 -1.7980	 -0.7828	 -0.4678
+13.9040	 +7.4114	-16.1984	 +1.3162	 +1.8952	 +1.9063
+26.1465	 -2.4263	 -5.5461	 +0.3491	 -0.6849	 -2.3989
 +1.3715	 +1.0256	 +3.3282	 +1.2160	 -0.0988	 +3.6166
-71.8821	+35.1121	-13.8765	 -1.5870	 +0.6905	 -0.8999
 -0.1433	 -5.4037	 +1.4788	 -0.3889	 +6.2634	 -1.0999
+37.5950	 -9.7232	 +1.4661	 +1.4138	 -2.3427	 -0.7831
-24.4968	 -1.3615	 -1.9165	 +0.6708	 +0.3255	 +1.0290
-12.8824	 +2.4870	 -3.5334	 +0.7129	 +0.2703	 +2.9463
 -0.8489	+15.8550	-13.2235	 +1.2178	 -0.1465	 -1.4070
 +2.8274	 -5.4967	 -0.5212	 -4.0326	 -2.3837	 -2.3497
 -6.1305	 -0.2355	 -0.2578	 +3.4729	 +3.1048	 +2.7157
-76.6374	-168.9200	+24.5974	 +1.1665	 +0.1533	 -0.1192
 +3.2598	 +4.1290	 +3.6295	 +3.3831	 +3.7368	 +1.5764
 +5.1664	 -9.9711	 -3.1426	 -2.0745	 -2.2579	 +1.4216
 +0.2556	 -5.6217	 -3.5641	 +0.2815	 +4.0622	 +0.4751
+15.8775	 -9.6107	 +4.3790	 -0.5151	 +1.8460	 -2.9537
+10.0185	 +2.8149	+21.7825	 +1.6305	 +0.2501	 -1.8698
 -2.2332	 -0.8748	 -1.0006	 -0.3234	 +2.5437	 +2.5391
 +1.5700	 -5.2022	 -5.0517	 -3.0541	 +0.1204	 -3.9412
+13.7584	-18.7562	-16.1458	 +1.2532	 +2.5180	 -2.8686
+10.3055	 -0.5433	 +0.8922	 +1.1279	 +1.2608	 +1.4522
 -3.6990	 -2.8774	 -3.5392	 -1.8918	 -0.3221	 +2.9354
 -0.3334	 -2.1566	 -6.9621	 +2.4619	 -4.1681	 +3.9255
 +1.9797	 -6.8581	 -7.1860	 +2.5332	 -4.0351	 -1.1464
 -9.9209	 -5.9089	 +0.6567	 +1.9851	 -0.7137	 +0.1078
 +8.6908	 -2.8315	 -4.7548	 -0.8090	 +1.7697	 +3.4370
 -6.9045	+13.0878	+19.6534	 +0.3404	 -2.9472	 +0.0487
-11.0800	 +6.9856	 -6.1472	 +3.7544	 -0.0051	 -0.8083
 -6.7065	 -4.9331	+11.8455	 -0.5883	 +0.6258	 -2.2467
 -4.8325	-24.0360	 +8.5138	 -0.7423	 -4.0308	 +0.2317
 -1.8211	 +6.9520	-14.4619	 -2.5087	 +3.3589	 -4.6114
-23.3608	+12.1249	+11.4273	 -2.2010	 -1.1349	 +2.4776
 +3.8927	 -2.2291	-23.0454	 +1.4942	 +0.9431	 +1.2047
 +4.7408	 +4.3864	+10.8264	 +1.4869	 +0.6810	 +2.7889
+15.0251	 -0.8064	 -8.3902	 +2.1188	 +2.3635	 -1.7376
 +5.8154	 -4.0648	-25.1717	 +2.4702	 -1.9497	 -2.2306
-30.3397	+45.1711	-71.4788	 +1.3457	 +1.6068	 +0.6226
 +3.1324	 -3.6103	 -2.2788	 +4.4434	 +3.3796	 +1.5250
-20.3295	+13.4148	 -5.9020	 +0.0821	 -0.7619	 -0.4536
 +1.1469	-15.5782	+11.3687	 -0.2781	 -1.2597	 +0.9857
+16.6778	 -7.6173	 +1.4889	 +1.8437	 -2.4199	 -0.1306
 +6.4027	 -4.7480	 -9.5592	 -0.5297	 +2.1154	 +2.1695
 -0.4086	 -0.9713	 -2.0058	 -1.2443	 +0.1886	 -0.3466
 +1.4897	+19.0475	+15.6130	 -0.3991	 -0.1347	 +3.9380
-18.4676	 -6.5114	 -7.2356	 -1.6446	 +1.7963	 +0.1377
 -6.7985	 +3.1175	 +0.4702	 +1.0371	 +0.1763	 -0.4536
 -4.0555	 +1.5677	 +6.7135	 -3.7028	 +0.0448	 +0.2509
 -6.7660	 -3.1567	+10.2307	 +0.0739	 +0.3723	 +5.9612
+13.3699	+30.3843	+79.3305	 -1.2522	 -0.8976	 +0.4010
 +2.9452	 +1.8419	+12.2061	 +2.7876	 +4.0971	 +0.4589
+13.1969	 +7.6141	 +4.2207	 -2.2308	 +0.4167	 -3.2933
 -5.9190	 -2.3941	 -4.9564	 -0.3834	 -1.9450	 -2.5125
-14.8437	 -4.8391	-12.9490	 -0.2541	 +1.3442	 +1.5024
+54.3645	+28.9671	+41.0181	 -1.3883	 -0.1397	 +0.2131
 +2.9597	 -9.0607	 -3.2617	 +0.2940	 +1.8334	 -1.8940
 -1.4919	 +8.8087	 +2.2155	 -0.4443	 -0.3725	 +5.0981
+11.5808	 +1.8261	 +9.3112	 -1.6806	 -2.0435	 +1.9380
 +1.5093	 -7.0770	 -0.2254	 -2.5833	 -0.0301	 +0.6863
 -5.9216	 -6.6109	+20.6680	 +4.0736	 -0.8928	 -1.4251
 +0.8165	-11.5497	 +4.1775	 +0.1579	 -0.8928	 -0.9080
 -1.9332	 -6.1059	 +4.0958	 +1.1461	 -2.5267	 +2.7460
 +1.2418	+15.3256	 -3.5682	 -1.5734	 -3.4284	 +0.2074
 -1.8963	 +0.6145	-23.2039	 -2.6913	 +0.6675	 -2.6640
 +3.8907	 +9.8672	 -5.0160	 -1.0959	 +1.5910	 +4.3327
+19.7351	 -3.9821	 -5.2287	 -1.3816	 +2.0814	 +0.2308
 -2.6560	 +8.1352	 -4.2663	 +1.9668	 -2.9008	 +3.2431
-24.5024	 +3.8714	-25.9066	 +0.0876	 +2.1629	 -0.6640
 +1.5538	 +3.0305	 -7.0045	 -0.7926	 -3.4833	 +4.1686
-19.2797	+41.6590	 -9.9681	 -1.2721	 +1.0565	 +2.0190
 -6.8026	 +3.8401	-12.7001	 -1.7984	 -0.5823	 -0.4722
 +5.0883	 +0.0023	 -6.6295	 +4.5929	 +2.9915	 +0.3390
-12.2094	 -3.9260	 +5.5286	 +0.4638	 +0.8309	 +1.1465
 -0.3234	+18.8082	 -6.1051	 -0.3683	 -0.1576	 -2.9928
 -5.4380	+17.2956	+11.4311	 -2.4934	 +0.6857	 -1.1927
 -0.9029	 -4.1102	 -1.6064	 +3.0364	 -2.7418	 -1.6835
 +0.2148	 +0.1429	 +3.6406	 -3.6219	 -4.5619	 +1.3418
-12.2302	 -7.7685	 +5.4327	 -0.3524	 +1.8634	 +4.4646
 -4.4602	 -8.5001	 -4.1172	 +0.7940	 -4.3404	 -0.8868
 +6.7169	 -1.5201	 +8.5535	 +0.2797	 +2.6386	 +1.3941
 -2.2252	 +2.2587	 -3.5479	 -0.1346	 -1.2193	 -2.5494
-21.7264	-16.3914	+12.2908	 +1.5236	 -0.9593	 +3.3412
 -2.8951	 -3.4985	 +2.4285	 +2.0618	 +2.1685	 -1.4978
+29.6808	 +8.9251	 +4.2907	 -1.4051	 -0.7038	 -0.4143
 +1.4401	 +6.2819	 -1.7869	 +2.0875	 +1.0920	 +4.4771
 +3.7708	 +6.1961	 +1.1486	 +1.7445	 -1.4495	 +3.8665
 +5.4842	-16.0724	-10.0333	 +1.0229	 -2.9194	 -0.7146
 -2.0377	 +1.8782	 +2.1503	 -0.2999	 +1.5832	 -0.4444
+13.3183	 -5.5196	 -6.4116	 +0.6908	 -1.0709	 +4.1038
 -5.4711	 +5.2357	 -9.1139	 +0.8038	 -2.2934	 +0.6734
 -4.7979	 +1.7366	 -4.2475	 -3.8588	 +3.8785	 -0.4825
 +0.8538	 +1.0102	 -6.8767	 +0.7250	 +0.0675	 -3.6003
-23.1577	 -1.6429	 -3.3399	 -2.1524	 +3.5376	 -0.1328
-78.5246	+42.2387	+31.8185	 +0.6841	 -0.2026	 +0.3985
+11.4952	 +4.1551	-16.5106	 -2.2883	 -2.3992	 -1.0607
 -6.2947	 -4.0201	 -5.0528	 -2.9308	 +2.7714	 -3.2309
 +7.0028	 +3.7548	 -8.5402	 -0.6863	 +3.2846	 +1.0017
 -3.8550	 -6.8002	 +5.6566	 +0.9626	 +0.2857	 +0.2277
+25.7570	 -6.6167	 +3.1375	 +0.8678	 +0.5604	 +1.2148
 +4.7758	+26.1330	-36.5270	 +0.8400	 +0.0805	 +0.8702
 +6.5668	 -1.5253	+17.0771	 +1.7764	 +3.2970	 -1.7962
 -5.2378	 +4.1865	 -2.0401	 +3.4000	 +0.1904	 +2.2574
 -3.4620	 -3.0426	+15.7933	 +0.1354	 +1.3946	 +1.8915
 +2.3377	 +0.5967	 +0.2851	 -0.9190	 -0.5400	 +2.6636
 +1.9019	 -0.5402	 -7.3426	 -3.0887	 +0.3037	 -0.2094
 +8.6853	 -3.9372	 +4.5995	 +2.6609	 -3.1906	 -1.5822
 -9.0777	 -3.1196	 +0.1948	 -5.0869	 +1.3667	 -1.1442
 -0.1522	 +1.9294	 +6.0023	 -0.2908	 +0.9542	 -1.4994
-14.1948	-11.4558	 -0.3275	 -2.7691	 -0.3292	 -4.5722
 +7.0176	-14.4869	 +4.0674	 -3.1247	 +2.2783	 +1.3390
 -3.2751	 +1.7796	 +8.2838	 -2.5722	 -2.6976	 +0.4069
-10.8730	 +5.0012	 +3.6894	 -0.8903	 +0.4116	 +0.5430
-21.9888	 +3.5940	 -0.5931	 -3.6937	 +1.2732	 +0.2195
-10.8625	 -0.9144	-13.7007	 -1.1439	 +0.7815	 +3.5782
 +5.2657	+10.4271	 +3.4169	 +1.4304	 -3.3494	 -0.2199
 +0.2118	+11.7639	 -3.4140	 +3.4073	 +2.4735	 +1.5628
 +0.2031	 +4.2308	 -4.2310	 -0.7136	 -0.3491	 -4.1615
 -7.1208	-10.5911	 +7.7848	 +3.3470	 -2.0382	 +0.2705
-17.6595	 -8.4475	 +5.9337	 -2.2705	 +3.4753	 +0.2393
-12.6140	 -3.6817	-25.8152	 +3.9627	 +1.8048	 -1.5602
-15.0917	 +3.0407	 -6.3635	 -2.6718	 +0.0233	 +3.2893
-13.6132	-28.1933	-25.5446	 -1.1943	 -1.5221	 -0.3858
 +6.4027	 +2.1778	 +8.4938	 -3.0032	 -3.2339	 -0.1924
-13.8517	 +6.4568	 -7.1857	 -2.0180	 -3.8271	 -0.9588
 +4.4511	 +8.7009	 -8.9956	 -2.0120	 -1.0332	 -1.4311
-35.1362	+28.9505	+34.6423	 +0.8957	 -0.1856	 -0.7106
+13.3074	 -2.8431	-14.3352	 -3.4765	 +0.1726	 +0.0157
 +8.1139	 -4.9108	 -4.5917	 -0.2902	 -0.7905	 +2.0911
 -0.8986	-10.1133	 -4.3066	 +2.9417	 +0.8681	 -4.2897
 +0.5653	 +9.3372	 +0.9984	 -1.8584	 +0.1292	 +2.0743
+10.2556	+10.4686	 +9.6517	 -0.3068	 -2.3332	 -2.1187
 +8.1178	 -5.3446	 -5.4689	 -6.2574	 -0.1747	 +1.9030
 -0.8364	 +6.3419	 -1.9401	 -1.3877	 +2.9194	 -2.1868
 +5.3398	-11.9731	-13.4629	 +3.1345	 -0.9950	 +0.5068
 -9.2542	 -5.5016	-17.4091	 +1.6337	 +2.3239	 +0.0557
 +0.4166	 +4.1896	 +8.1275	 -2.8984	 +5.1028	 +2.4607
 -3.2698	 -4.3774	 -3.4340	 -1.0402	 +4.7542	 -2.2252
 +6.0472	 -3.1466	 +4.1815	 +4.0881	 -2.7409	 -0.1122
-81.1128	-29.5665	+66.2653	 +1.6930	 +0.2691	 -1.4888
 -6.6987	 -2.2695	 +9.9460	 -2.3739	 +3.8838	 -1.1133
 -6.7857	 +6.4223	+41.4364	 -1.4505	 +3.5582	 +0.7456
 +1.8454	 +4.4779	-11.2329	 -2.0256	 +4.1138	 +3.7522
 -6.8081	 -3.9486	 -2.9541	 -0.2559	 -1.7638	 -0.8033
-10.4331	 +4.5298	 +1.8313	 +0.6992	 -1.8468	 -1.4944
 -5.8440	 +9.9580	 -1.8871	 +2.1441	 +2.8217	 -2.7870
 -9.8160	 -1.2580	 -4.9061	 +3.9534	 -1.9098	 +0.8377
 +0.7799	 -9.9437	 -3.6388	 -1.4545	 +0.2888	 -3.6250
+17.2639	 -3.8333	 -7.9251	 +0.6477	 -2.0940	 +0.3408
-13.0089	+16.3301	+14.7130	 -0.8978	 +0.4079	 +2.3968
 +2.2067	 -1.6279	 +1.1384	 +1.9840	 +1.8826	 -3.9962
+15.7726	 +1.7522	 -1.9289	 +1.0571	 +0.4407	 +0.5821
 -1.5564	+12.1702	 -5.7477	 +0.2394	 +0.0802	 +0.8701
-15.7190	-18.6389	-36.0800	 -0.0093	 -0.1340	 -0.9473
 -2.8458	 +0.3402	 -0.0466	 -3.3745	 +1.5552	 +0.3830
 -5.0660	 -5.7418	-24.0495	 +1.5224	 +2.1226	 +1.5155
-42.3200	 +9.8444	+34.5203	 +2.1305	 -1.1019	 -1.6087
-30.2735	-12.5536	 +7.5963	 +3.2470	 +2.0354	 -1.1530
 -0.6270	 -6.7667	-17.8070	 -1.1457	 -2.3303	 +0.6982
 -1.8255	 -1.9693	 -0.8539	 +1.2936	 -2.0432	 +4.2051
-68.0322	-123.7029	+117.4188	 +0.7282	 +0.1741	 -0.1979
 +4.2516	 -8.1729	 -1.4821	 +0.1656	 +5.0541	 +0.6060
 +6.8124	 -2.0384	 +8.4762	 +1.1387	 +4.5699	 +2.1387
 -5.0063	 -4.9534	 +0.9510	 -0.8789	 -1.8720	 +2.1815
 -8.6439	-23.8764	-23.4708	 +3.6303	 +1.2636	 +0.1581
+16.5077	 -2.2516	 +2.3683	 -0.7483	 +0.4284	 -0.8206
 -5.5094	 +1.0441	+15.3765	 +0.0488	 -0.2624	 -1.6926
+22.3428	 +4.8821	+44.9677	 +0.6002	 +2.8262	 -0.3281
 +1.4926	 -0.7482	+11.7074	 -2.8646	 +1.1764	 -0.3864
 +7.7605	 -1.2563	 -2.4788	 -2.8273	 -2.1020	 +2.7887
 -9.7252	-12.1996	+29.2795	 -0.6733	 +0.0616	 +1.5730
 +9.9655	-11.4162	-13.9540	 -1.1590	 +2.7870	 -2.9588
-25.1193	 -0.5300	+21.9537	 +0.7865	 -1.2474	 -1.5097
-18.3101	 -3.4369	-14.4658	 +0.3764	 +2.7055	 -1.8083
 +1.2098	 -2.6561	 -6.1285	 +1.6916	 -0.9936	 +1.2647
 +1.6253	 -9.0751	 -5.1959	 -4.5644	 +1.9235	 +0.5175
 -5.6886	 +4.4373	 +0.9424	 -0.1499	 -1.5899	 -5.4344
 +9.0577	+12.7875	 +8.1757	 +1.2907	 +1.2982	 +0.2537
 -4.2662	 -0.3366	 +6.6096	 +0.8142	 -2.4384	 -3.5333
+11.5570	 +2.9497	-11.7433	 +4.3827	 -0.8309	 -1.0242
 +3.5182	+11.9267	 +2.5527	 -1.6566	 +1.8744	 -2.7468
 -8.2368	 +1.9562	 -6.0253	 -1.3091	 +2.7808	 -2.9291
 -6.1584	 +7.4079	-11.2595	 +5.2790	 -2.9092	 -0.3947
 -5.7065	 -7.9109	 -3.5687	 -1.0046	 +0.0087	 +1.5204
 -4.6927	 -0.4349	-18.6965	 -1.5993	 -1.6020	 -1.6965
 -3.3376	 -2.8131	-14.8950	 +2.2370	 +2.1484	 -0.6420
 -2.7748	 -9.6347	-12.9387	 +2.4158	 +1.9723	 +2.7792
-22.4476	+16.6055	-60.9729	 +0.7583	 -1.7395	 +1.5575
-13.2680	 +4.8030	 +9.0199	 +0.1542	 -4.5685	 -0.2380
-40.8842	+64.0854	-47.1637	 -1.9040	 -1.2102	 +0.5578
 +3.5444	+13.9778	 -3.6600	 -2.2374	 -0.5026	 -0.5064
 +5.3689	+16.8823	 -9.5848	 -1.4502	 +0.3851	 -2.5701
 -6.9920	 +8.4457	 +8.9019	 +0.2453	 -4.0737	 -1.4170
 +2.0664	 -8.7389	-29.3553	 -1.2697	 -0.8945	 +0.0552
 +5.3205	 +3.5643	-13.3975	 -2.5127	 +0.8110	 -3.0454
 -9.3125	 +0.0327	 -5.3368	 +1.9951	 +1.9895	 +5.1080
 -3.0297	 -3.9135	 -6.1022	 +4.4292	 -0.0387	 -3.0060
 +1.8610	 -2.1278	 +3.9343	 -1.9338	 +0.1568	 +0.0293
 -4.3390	-14.5541	 -1.5463	 +1.0796	 +2.5548	 +2.7423
 +1.0135	 -9.7418	 +3.8147	 -4.1145	 +0.2893	 +0.3495
 +1.9019	 -6.8644	 +2.7208	 +2.5302	 +1.9965	 -4.5056
-21.0176	-15.6018	 -9.8409	 +1.1551	 -0.1576	 -1.7230
-12.9721	+18.4914	 +1.8719	 +2.1838	 +3.4977	 -1.4524
 -5.0681	 +4.7054	-10.8475	 -3.7914	 +1.1859	 -1.2010
 -9.0994	 -5.1800	-10.4316	 -1.6286	 +0.0072	 +1.8220
 +3.0353	-15.1724	 -0.4605	 +2.4210	 +0.1203	 +0.9420
 -9.3582	-10.9982	 -2.7525	 -2.5333	 +0.8582	 +2.3160
-138.1412	-166.3360	+114.9954	 +0.4266	 +0.9503	 +0.0451
 -9.1160	 +1.0859	 +2.4616	 +3.3467	 -4.0662	 +0.7255
-18.5322	+10.4472	+34.2661	 +0.3098	 -3.1627	 -1.7919
-10.0406	 +2.9767	+15.7620	 +1.1178	 +0.5341	 -2.0824
 +7.9561	+72.4151	-76.0477	 +0.0330	 -0.3479	 +0.7066
 -5.5301	 -8.6384	+12.5879	 +0.6820	 +3.8241	 -0.0408
 -4.8316	 +0.5264	 +4.7267	 -4.5527	 +1.3923	 +0.5005
 +7.4950	 +0.3876	 -3.1331	 -1.1489	 -4.8542	 +4.7056
+29.6890	+13.0535	-11.9457	 +1.5088	 -0.2666	 -0.9955
 -6.6036	+18.0628	 -4.9570	 +3.4091	 +0.1410	 +0.9595
 +4.3168	 +5.3853	 -6.3132	 -2.4692	 +2.5316	 -0.4869
 +1.1093	 +6.3366	-13.6641	 -0.5775	 -1.4404	 -0.7471
 -5.5514	 -0.8044	 -0.7248	 +1.4440	 -0.6445	 +1.3415
 -2.3665	 +1.0359	 +3.8755	 +1.2203	 -2.2817	 -2.5585
 -1.8347	 -7.0582	 -3.7802	 +6.2887	 +0.1811	 +1.3345
 -5.8672	 +1.9466	 -5.2486	 +5.2234	 -4.0877	 +0.5475
+17.5964	-14.7361	 -5.3293	 +2.8862	 -0.8828	 -0.2610
 +3.5691	 +5.9675	-23.9924	 -0.1336	 +0.0635	 +2.8111
-11.8554	 -4.4883	 -6.2300	 -1.4181	 -3.2670	 +3.4240
 +0.2130	 -1.7567	 +7.9678	 -2.6690	 -4.6810	 -0.0714
 -9.0184	 +1.9155	+12.9046	 +1.3272	 +0.9983	 -2.3215
-29.7043	 +3.5050	+26.2048	 +0.3960	 +1.1386	 +0.8607
 -2.5818	 -7.9133	 +3.8709	 +3.1198	 +0.6797	 +0.4209
-10.5963	 +4.4902	 -9.0541	 -1.2934	 +4.0259	 -0.8804
 -0.3180	+11.2621	 -3.6024	 +0.0557	 -1.7341	 +0.4390
 -2.8594	-10.3579	-10.0920	 +0.9554	 -2.1623	 +2.1586
 -3.8353	+16.8257	-10.0197	 +0.5028	 +3.4133	 +1.5718
-11.5516	-14.7564	 -8.9928	 +2.3408	 -0.5526	 +0.3566
 -7.2364	+10.2302	 +6.0865	 +2.2129	 +0.6269	 +2.0929
+16.2946	 -0.9361	-13.9339	 -1.5499	 +0.3818	 -0.3676
 +5.7128	 -3.5237	 -0.0938	 +5.2046	 -1.1186	 +1.0824
 +4.8044	-12.7617	-12.5888	 +1.8158	 -0.0285	 -0.3728
+14.3152	 +8.1531	 -6.5294	 -1.4249	 +2.3056	 -1.6618
 -1.6838	-12.3456	 -9.6113	 +0.4912	 +1.4045	 +1.8504
 +0.3553	 -6.2868	-12.8733	 +0.2857	 +1.8052	 +1.0649
 +7.0479	+11.3057	 -1.0577	 -1.7123	 -3.8343	 -4.0837
 +3.8453	 +3.7574	 -6.8295	 -3.6135	 -2.6011	 +1.6687
+11.5816	 -8.3249	 +2.7618	 +0.6478	 +2.5542	 -0.6799
+36.2409	 +1.2458	-20.0048	 -0.6762	 +1.3041	 -1.8625
 -8.1379	 +5.1762	 -5.0282	 -1.2864	 +3.0605	 +2.0695
 -0.5080	 +0.5538	 +4.2166	 -2.1600	 -3.4093	 -0.7062
 -6.2765	 -5.1508	 +6.3596	 -0.3074	 -1.1007	 +1.9240
 +9.2807	 +3.2075	 -6.0307	 -2.3116	 +0.3339	 -1.0141
+20.1491	 -5.5780	 +7.8763	 +2.9832	 +0.3766	 -0.6210
 +2.2731	+12.5369	 +2.6830	 +1.2564	 +1.0871	 -1.7239
-26.8415	 +8.4887	 +1.5903	 -2.2519	 +1.5646	 -1.4817
 -5.3669	 +1.0046	 -5.3829	 -1.7175	 -0.6290	 -1.7028
 -5.0925	 -0.5031	 +3.0293	 -2.1606	 -0.8505	 +0.0193
-18.2194	 -9.3486	+16.7199	 -1.1986	 +0.0588	 +1.5860
 +9.7701	+40.5754	 -7.5879	 +1.8264	 -1.1796	 +0.5326
 +1.4765	 -0.2104	 -4.9347	 +2.3835	 -1.8825	 -2.1806
 +7.9062	 +0.5786	 -0.7833	 -2.3379	 +1.7622	 +4.9343
 +4.5360	-15.9533	-20.2889	 +2.3432	 +2.3130	 -1.0360
-13.4771	+16.2393	 -0.4097	 +0.3649	 +0.7319	 -0.3179
 -1.9205	 +9.1041	 -1.7502	 +4.8792	 +3.4309	 -1.4394
 +2.1311	 -4.2839	 +9.1475	 -0.0988	 -0.4934	 +1.0869
 +0.6609	 +1.1295	-10.6362	 +4.0504	 +2.6222	 -2.3784
 -1.5508	-10.3251	+10.0118	 -1.1178	 -3.0118	 -1.2827
+18.9671	-11.7211	 -9.1796	 +2.5628	 +1.8652	 -1.2884
-17.5900	 -3.2657	+18.7026	 -0.9306	 -0.5359	 +0.2524
 -5.7721	 -6.4958	 +1.7583	 +1.2895	 -0.1699	 +0.8296
 +1.4522	 -2.4732	+28.6053	 -1.4221	 -0.6457	 -2.7023
 -5.4416	 -2.6272	 -4.7186	 +3.1923	 +0.6431	 -0.9058
 +0.9208	 -8.1260	 +0.0007	 +2.4298	 +2.0927	 +3.3015
 +1.1147	-25.0404	-12.0784	 -1.7142	 -0.7996	 -1.6701
 +0.4363	 -5.7203	 +0.5711	 -4.4885	 +3.5131	 +0.6734
 +0.3876	 +8.0908	+10.5904	 -1.4761	 +2.6445	 -0.2775
+10.5642	 -2.5342	 -4.2620	 +2.0327	 +2.6647	 +2.7721
 +0.3217	 +7.6523	 -1.1579	 -0.9122	 +0.1662	 +2.5104
-60.3483	-13.4152	-23.1525	 +0.6720	 +0.4996	 +0.4331
 -3.0292	 +3.2304	 +0.7132	 -0.2079	 -3.7962	 +2.5329
 +4.1464	 +0.0640	 -3.9602	 +0.7171	 -0.6140	 +5.3112
 +6.2780	 -2.0778	 -4.3072	 +1.7642	 -3.4388	 +1.7644
