# Iterations: 1001 of 10000
# Total Energy: -6.511e+05
#    Kinetic Energy: 6.989e+05
#    Potential Energy: -1.350e+06
# Current Time: 2018-05-09 14:07:19.097237
# Elapsed Time: 2:30:35.460109
# 
# Med. Times for Sections
#    Force Computation:		6.779630
#        [6.8134216.8149626.8320216.8291996.7616356.7535496.7527336.7919656.7647196.767294]
#    Gather Particles:		0.000117
#        [0.0001150.0001200.0001170.0001060.0001110.0001070.0001180.0001190.0001180.000121]
#    Overall:		8.615135
#        [8.6299628.6553138.6600918.6927958.5794718.5644588.5855998.6003078.5908348.644940]
#    Scatter Particles:		0.002333
#        [0.0016370.0023020.0037070.0022240.0024640.0032200.0021940.0033460.0023640.002181]
#    Time Integration:		0.000105
#        [0.0000870.0001970.0001690.0000860.0000960.0000970.0001900.0001130.0000910.000175]
#    Tree Broadcast:		0.867020
#        [0.8650080.8628830.8694930.8806990.8641400.8398160.8690310.8577080.8738780.894562]
#    Tree Construction:		0.957903
#        [0.9496370.9747990.9545220.9804340.9509650.9676110.9612840.9469980.9496010.980559]
# 
# x	y	z	vx	vy	vz
# 
 -2.6640	 -2.8836	 -2.5237	 -3.5583	 -1.5729	 -0.6655
 -7.4724	+19.9376	 +4.6906	 -2.2412	 +2.2942	 +0.3896
 +0.2688	 +2.5809	 -9.2307	 +3.2966	 +3.1302	 -0.2770
-33.7614	 +8.9800	 +9.1473	 +0.1709	 -2.4261	 +0.7483
 +2.4754	 +4.4263	 +0.7567	 -3.1880	 +5.4926	 +0.3777
 -5.6503	 -2.0766	+10.6370	 -3.1657	 -1.2689	 +0.6053
 -6.3565	 +3.9489	 -0.9562	 +0.4909	 +4.3973	 +3.4095
-11.9214	-12.5227	 +5.8224	 +0.4959	 -0.8508	 +0.7013
 -1.1741	 -5.4209	 -6.6281	 +3.4202	 +6.3618	 +2.5469
-29.5291	 +5.6483	 +3.5828	 +0.0018	 -2.6624	 -0.1972
 +7.0031	 +5.2472	 -3.2424	 +2.8071	 -3.9286	 -4.2940
 -1.1951	 -4.9731	 +3.2869	 -2.6205	 +0.8794	 +0.8461
-12.2960	 +3.6880	 +0.1123	 +1.9120	 -2.1956	 +3.0860
 +6.6133	+16.8442	-28.9748	 -2.6421	 -0.1244	 +0.9205
 -7.1369	 -0.4378	 +0.7894	 +0.8868	 -2.0291	 -0.2252
 -9.0252	 -3.6886	 -2.4546	 -2.6708	 +3.0472	 +2.5473
 +8.6463	 -4.9555	+10.8644	 +1.4843	 +2.9100	 -1.4315
 -2.4425	 +1.2693	 +2.0838	 +3.9706	 -2.0402	 +4.4876
 -9.7212	+11.0029	 -9.0605	 -0.8899	 +2.4095	 +0.6603
+91.3784	-36.2572	+79.7701	 -1.5458	 -0.7795	 +0.0572
 +4.7784	+10.6709	 +6.7346	 -1.9839	 -1.0456	 +1.0233
 -0.7838	 +4.0196	 +3.0313	 -1.2617	 +3.4088	 -3.4540
 -7.4061	 -7.7073	 +2.5882	 +2.1847	 -0.6998	 -2.8659
 -1.1053	 +1.5796	 -2.5017	 +2.4703	 -2.7673	 -5.0212
-12.2605	 -7.0700	 +3.4662	 -0.5925	 -0.2683	 +0.0976
-48.3119	+37.5667	-11.6038	 -0.8784	 +1.4285	 -1.1666
 +0.7956	 +5.4284	 +1.6756	 +0.6077	 +3.3421	 -0.1588
-18.8583	+10.4697	-11.7900	 +0.6059	 +1.4551	 -2.3378
 +1.5343	-15.7325	-11.7297	 -3.9240	 -1.2878	 -0.2748
+14.9645	+20.0744	 +7.9005	 +1.0252	 +3.0595	 +1.4257
+26.0829	 -2.8958	-11.2611	 +1.0368	 +1.2059	 +0.8805
-58.7046	+25.7834	+16.1956	 +0.2732	 +1.6583	 +1.6056
 -6.7760	 +6.5063	+19.1290	 +2.0729	 +1.1783	 +0.8943
 +1.5180	+16.5083	-11.0371	 +1.2341	 +0.2863	 +0.1830
 -0.3575	 -3.4552	 +5.7032	 +1.3948	 +1.4096	 -6.0030
 -1.5691	 -1.3558	 -4.2351	 +3.8846	 +1.1747	 +2.6356
 -0.9136	 +8.4918	 -3.9852	 +2.4929	 +2.2209	 -1.7999
 +1.0645	 -3.6096	-13.2915	 -3.5722	 +2.3129	 +0.0936
 -3.3908	 -7.3634	 +0.3044	 +1.9304	 -4.6499	 +1.1016
 -4.5329	 -4.4708	 -6.5124	 +0.2666	 -4.5889	 +0.5533
+22.2883	-33.2477	 +7.2021	 +0.1285	 -1.2239	 -0.7169
 +3.7638	 -8.8257	 +7.9007	 +0.1885	 +1.1023	 -0.8251
 +4.5405	 -2.1709	 +5.0759	 +0.6122	 -4.2945	 -1.1706
 +3.7966	 +4.5449	 +0.5020	 -2.1080	 +0.7502	 +1.8531
+10.4290	 +3.1196	 +0.4380	 -0.9527	 -4.2704	 +3.3643
 +1.4759	 +1.0663	 -5.8070	 +3.2501	 +1.6231	 -1.9437
 +6.1719	 +4.9852	 +7.0152	 -1.7866	 -3.8513	 +1.1371
+21.1460	-13.3457	-12.1653	 -3.0440	 -0.0885	 -1.0558
 -7.4615	 -2.6289	 -0.8011	 +2.1438	 +1.2909	 +0.9669
 +4.0996	 -2.7458	 +3.2849	 -3.5470	 -3.0262	 -1.5149
-21.5615	-51.3409	-21.0851	 +1.4778	 +1.0100	 +1.9647
 -0.6740	 +1.5878	 +4.2304	 -0.3786	 -2.5787	 +1.7334
 -1.5085	+17.5968	+25.4734	 -2.5631	 +2.2297	 +0.0102
 -2.7638	-20.4451	 -6.8198	 -2.3704	 +0.1886	 -2.1371
 +9.1132	+16.7462	+65.9222	 +0.3388	 +2.1204	 +0.8441
-24.5327	 +0.8437	 -3.6971	 +2.7291	 +0.9251	 +0.3006
 -8.3504	 +0.6316	 -3.8116	 -6.9096	 -1.1285	 +1.2111
 +4.2663	 -2.1612	 +0.2785	 -2.2025	 +3.0170	 +3.3064
 -0.4101	+13.8029	 -1.8639	 -1.2611	 -2.1903	 -1.9211
-18.8509	+12.1153	 -3.7578	 +1.1771	 +3.9477	 -2.2092
-27.3965	 +6.2960	-13.1305	 +1.1152	 +0.0560	 -2.0083
 -4.6016	+30.8709	-18.0752	 +0.7725	 +1.4902	 +1.4056
 -4.7806	 +6.3692	 +1.3095	 -0.1032	 -4.2191	 -0.3658
 +2.7926	 +9.1697	 +4.5182	 -0.6687	 +1.2867	 -3.5934
 +0.8094	 +0.6670	 -9.2658	 -0.5561	 -0.3326	 +0.6074
 -0.0918	 -0.6393	 +1.1540	 +4.2663	 +4.3005	 +2.1741
 -3.9803	 +0.9018	-10.8939	 -3.1355	 -2.2674	 -4.6238
-31.8706	-26.5364	+22.5983	 -1.1852	 -0.8909	 -1.1742
 +0.9325	+14.4435	 +9.9157	 +0.0933	 +3.2731	 +0.6906
 +3.0038	-13.4904	 -3.4133	 -0.8145	 +1.3143	 -2.4377
 +3.6636	 -0.2867	 -0.0461	 -0.9489	 -2.5638	 -2.0333
+10.3183	+17.2384	 +0.3518	 +0.2218	 +1.2285	 -0.8307
 +4.2365	 -2.9069	 +5.1840	 -2.8807	 +0.9456	 +0.2799
 +3.0445	+15.0595	-105.9189	 +1.9381	 -0.0508	 -1.0256
+12.3125	 -3.0089	 -3.8411	 -4.0808	 +3.7800	 +1.8105
 +0.2689	-20.8950	 +9.8801	 +3.2024	 -0.5442	 +1.4871
 -3.7821	 -7.5645	 -0.7925	 -2.2297	 +1.2663	 -1.6755
 -7.4845	 +0.2422	-15.7913	 +2.4564	 +3.8398	 -1.5256
 +0.5337	-12.1672	 +1.0104	 -2.1302	 +0.8343	 -2.3896
+27.9828	 +6.0249	 -3.7218	 -1.2507	 +2.2049	 +0.3741
 -0.4279	 +1.1533	 -5.3329	 -1.4830	 +2.5807	 +2.0695
 -5.0829	 -0.5601	 -1.5350	 -0.0086	 -6.6158	 +2.3263
 -2.0781	 +0.6870	 -5.8631	 -0.5491	 +0.0784	 -4.6606
-16.6483	+15.0502	+40.7414	 -0.2431	 -1.5008	 +1.7660
+20.6946	+18.3365	+20.6333	 -0.5305	 +0.4781	 +1.0217
 -3.2630	-12.8241	-16.7283	 +2.0963	 -0.2558	 -1.9858
 +8.3503	 +3.5792	 -3.8886	 +2.5631	 -0.8776	 +3.7544
 -6.3179	+21.8680	 +4.3837	 -0.2203	 -1.8869	 -1.5729
+12.0504	-19.7073	 -7.5122	 +0.9559	 +3.0383	 -1.6547
 -5.4501	+13.3944	 -3.7475	 +0.9666	 -0.8958	 +0.6146
 +6.4755	 +0.5585	 +0.4287	 -0.7010	 -2.9240	 -3.4755
 -0.7986	 +0.2206	 -0.6721	 +0.3840	 -1.1919	 +1.6223
-19.5514	-31.8600	-47.7634	 -0.4287	 -0.2688	 +0.5092
-22.2262	-10.3230	+16.7290	 -0.6542	 -0.7107	 +0.3739
 -7.8321	-10.2122	 +0.7695	 +0.8314	 +1.5422	 +0.1352
 -8.0288	 +9.7836	-11.7579	 -2.6334	 -0.4800	 +2.1026
 -8.0611	+17.3242	 +6.1552	 +0.7947	 -3.8160	 +2.5600
 -7.3713	 -1.2832	 -2.4135	 +2.8017	 +0.9193	 -6.0323
+12.5622	-11.0557	 -4.0675	 +2.2414	 +0.3035	 +1.0535
+13.9761	 +9.0096	 +0.3535	 +0.1488	 +1.3209	 +4.8138
-20.7926	 -8.4617	 +1.8106	 -0.4963	 +2.3693	 +0.3506
+11.6047	 +1.6228	+10.5186	 +0.0508	 -0.0964	 +1.4051
 -1.7468	 -3.5491	 +6.1476	 -2.2545	 -0.4074	 -0.0019
 +1.3218	 +7.1697	 +9.8166	 -0.9196	 -2.8081	 +1.8740
 -0.3647	 +1.2124	 -5.3953	 -0.0516	 -1.9542	 +0.7476
+10.8874	 +6.9370	-10.5575	 -1.9694	 -1.1838	 -1.7957
+12.6601	 -4.2468	 -2.8472	 +0.8298	 +3.9944	 -4.1994
+13.0026	+10.8674	 -3.8382	 +1.3956	 -0.6452	 +0.0239
+27.0591	+22.9192	 +9.1662	 -0.8976	 +0.6065	 -1.4224
 -4.9918	 -0.9416	 +5.0576	 -3.0292	 +0.6736	 +4.0892
 +4.6384	 -3.0096	 -0.2251	 -3.9508	 -3.5252	 +1.2385
+471.9928	+394.2030	-224.3805	 -0.2854	 +0.6683	 +0.3178
-139.8472	+109.8495	+203.8984	 -0.0812	 +1.1142	 +0.3974
+29.5307	-10.0098	 +2.0310	 +0.2538	 -0.1648	 -1.4951
 -8.0998	 -3.7560	 -6.3646	 +1.6067	 +2.0117	 -5.2518
 -3.9749	 -9.5505	 -7.0554	 +0.3913	 -3.5191	 +3.3518
 -7.1613	 -6.8376	 -4.8773	 -2.1553	 +3.7739	 +2.3104
-57.0898	-13.3494	-16.8799	 +2.1927	 +0.3864	 -0.5965
 -1.9727	 +0.0939	 -1.1756	 -3.9111	 -0.0248	 -1.2027
+47.9666	-27.5154	-39.2117	 -0.0702	 -0.3945	 +0.7490
 +8.1999	 -5.3065	 +8.1245	 +0.7065	 +0.9121	 +4.3038
 +3.9761	 -7.9240	 -3.8105	 +0.2143	 +0.3264	 +0.8995
 -3.1097	 -0.2792	 -1.7868	 -0.5626	 -4.1782	 +1.6846
 -3.8837	 +9.3928	 -3.2401	 +4.5266	 -0.4449	 -0.5140
 -3.6276	 -1.8321	 -4.0843	 +0.1511	 -0.3189	 +3.9268
 +0.3367	 -4.8923	 -3.7470	 +0.9398	 -0.5924	 +4.8391
+10.5530	 -1.4896	 +6.3799	 -0.5919	 -0.3747	 +3.8693
 +8.4730	 +0.2504	 -5.0718	 -0.9151	 -0.0179	 +0.1257
 +4.4880	 -4.9437	 -1.1841	 -0.1719	 -1.6011	 -3.2890
 -7.4157	+12.2917	 +5.6983	 +1.2818	 +1.5629	 +2.7343
+14.5236	+21.2200	-174.6726	 +0.0561	 -1.1809	 -1.1724
 -8.1380	 +1.2706	 -7.8750	 -3.2712	 -3.1087	 +1.9412
 -7.3223	 -3.1477	 +5.8359	 +2.6696	 -2.7407	 -0.7657
 +5.6898	 +3.6792	 -4.3856	 +3.4551	 -1.2537	 +0.5725
 -1.2710	 +6.5840	 -2.4434	 -1.0851	 -1.3541	 -0.9892
-17.5802	 +8.7168	-20.9606	 +0.8608	 -2.3419	 +2.7300
+11.5177	+16.1242	 +2.8918	 -2.1897	 +1.6019	 +1.6404
 +3.5948	-31.9047	+18.6664	 -2.1046	 -0.6417	 -0.4552
 -4.4633	 +5.2959	 -3.3812	 -2.0156	 +1.1594	 +3.8383
-12.9965	+15.4872	 +8.5923	 -0.7586	 +2.5683	 +0.3464
 -5.2420	 +1.3556	-11.6753	 -1.8734	 -1.5790	 -0.2004
-20.0650	 +4.2658	 -1.4882	 -0.3829	 +2.2879	 -3.0413
 +0.3239	 -1.0083	 -1.8059	 +1.2925	 +1.2760	 +3.6617
 -8.0876	+23.3292	-30.6410	 +2.9493	 +1.4107	 +1.6076
+59.4721	-12.3420	+17.4472	 -0.3086	 -1.8607	 -0.5024
 +3.3361	 +0.1797	+12.1440	 +1.2827	 +0.5954	 +1.6784
-39.8055	-60.0167	+53.8216	 -1.1034	 +1.3371	 +0.6939
 -4.3730	 -9.5132	 +1.7202	 +1.5546	 -2.7281	 -1.0233
 +1.3593	 -6.4251	-21.1044	 -3.5812	 -1.2252	 +0.6310
 +9.6419	 +8.6898	 -1.4015	 -2.7656	 -1.3176	 +0.6081
 -5.7979	 +1.0498	-19.9560	 -1.0584	 -1.8236	 -0.2216
 +5.0509	+12.1803	 -7.0913	 -2.7975	 -0.3006	 +0.8348
-12.8675	 +9.0349	 -0.5390	 +2.6331	 -1.1819	 -0.4156
 +4.6111	 -9.2262	 +6.1842	 -1.2088	 +1.2253	 +0.5388
 -8.3373	 +3.1741	 +0.6760	 -0.5707	 +4.9085	 +0.1155
 +9.2858	 -3.3245	 +9.5291	 +2.6578	 -2.0387	 -0.3129
+15.6497	 -4.8404	-11.2325	 -0.7121	 -1.3759	 +2.8509
-18.3439	+10.2973	+20.9376	 -2.2485	 +0.2389	 -2.4681
 +6.7736	 -6.7697	 +7.8969	 -0.8462	 +1.2657	 -2.1166
 -5.5387	 +1.6476	 -1.8167	 +0.8734	 +0.0753	 -0.3070
 +0.6643	 -6.3499	 -3.1325	 +3.4492	 +0.4332	 -3.1996
+22.1554	 +4.6505	-19.0655	 +1.9240	 +1.6548	 -2.0871
 +0.6894	 -1.5553	 -1.9548	 +3.1142	 +1.8338	 -0.3529
 -9.7921	-10.9097	 -3.8062	 -0.0402	 -3.3280	 -0.3175
 +7.8780	 +9.3863	 +0.4751	 -2.1770	 +0.3718	 -2.6362
-10.4612	 +2.9784	 -7.1119	 +3.6912	 +0.6745	 -1.9526
 -1.5360	 -4.3781	 +3.4782	 +0.0584	 -2.7640	 +1.1566
+10.0161	 -2.6298	+12.7878	 +3.1843	 +2.9878	 +0.2587
 +4.0417	 -1.7733	 -4.5044	 -1.8149	 +1.1488	 -1.5684
 -7.4151	 +3.6457	 +5.6111	 -3.4359	 +2.0777	 -0.9980
 +1.6119	 -4.6307	 -5.0376	 +2.0646	 +1.4136	 +5.9352
 +0.5904	 -0.9760	 -0.0453	 -0.9342	 +0.3763	 +3.4014
 -1.2737	 -2.1040	-11.9841	 +0.7536	 -0.0921	 +4.4824
+15.7910	-13.1859	+13.5073	 -2.6078	 +0.7414	 -2.2396
+16.0497	 -7.4623	-30.1360	 +1.4106	 -1.6733	 -1.9979
+31.9973	+33.4740	-25.7903	 -2.7497	 +0.3974	 +0.2991
-12.3993	+11.4217	-14.1968	 +3.1809	 +2.0150	 -0.0493
 +1.9768	+17.6406	 +1.5858	 -1.1972	 +4.1876	 -0.5294
 -4.6623	 +2.1139	 -7.4495	 +0.4706	 -2.7260	 +0.0356
 -3.5556	 +5.9199	 +2.4638	 -0.2260	 -0.5602	 +1.8422
 +3.8424	 -4.0232	 +0.7268	 +3.7738	 +1.4913	 +1.3917
 -1.7700	 -9.0930	 +1.2593	 +2.4285	 -0.3343	 -1.9625
 -4.3527	 -1.9570	 -2.8822	 +3.6305	 -0.2607	 +2.8980
 +3.1880	+21.9316	-25.9383	 -1.6536	 -0.7632	 +0.6292
 -4.2654	+12.1561	-22.6807	 -2.5335	 -0.3303	 -0.1229
 +2.0949	 +2.6291	 +2.1703	 +2.0735	 -1.7981	 +0.3669
 -3.1808	 -8.0749	 -3.9943	 +0.8268	 +2.3965	 -3.0083
 -0.1993	 -3.6965	 -4.5306	 -0.3311	 +1.4018	 -1.3110
-10.1625	 +1.0019	 -9.3308	 +3.7276	 +1.8556	 +1.5830
 -1.5639	 -3.2331	 -1.4719	 -2.6540	 +0.1961	 -2.6724
 -9.7779	-26.8429	+10.8302	 +0.0859	 +0.2633	 -0.3816
 -4.8595	 -2.9517	 -4.5136	 +3.0749	 -1.0513	 -3.5107
-14.2061	+13.1110	-40.7717	 -1.1946	 -1.7330	 -0.1368
 -5.8987	 +3.0892	 -7.2621	 -1.1471	 -3.3035	 -2.4987
 -5.6476	-15.9713	 -9.4934	 -1.2657	 +1.0983	 -0.8287
 +1.9543	 -3.5831	 -1.2696	 +0.6392	 +1.9606	 +1.9444
-13.9500	 +1.0393	 -7.5910	 +1.2145	 -2.9297	 -0.9152
+18.5748	-97.9246	-26.7907	 -1.4151	 +0.5215	 +1.0660
 +5.3106	 -4.8195	 +1.6568	 -0.0999	 -3.9168	 -3.4790
+13.5403	 +8.7379	+15.7433	 +0.1025	 -1.0277	 +1.9617
-14.6182	-13.9004	 +9.9984	 +0.7826	 +3.0636	 +2.9875
 -8.9730	 +3.3039	 -6.9767	 -4.8785	 -3.6883	 +0.9033
 +1.7432	 -3.4668	 -6.5740	 -0.5403	 +4.1161	 -0.6319
 +1.7677	 -2.8127	 -3.2468	 +4.6415	 -2.6818	 -0.2069
+10.4780	 +7.1553	 -9.2690	 -0.5260	 +2.2345	 -3.3713
 -4.7687	 +7.8595	 -0.7817	 -0.8482	 +0.4305	 +0.5010
 -2.2794	 -2.1871	 +1.9142	 -3.8149	 -1.2422	 +0.1358
-25.0423	 -0.3992	+19.3163	 +0.5986	 -2.8804	 +1.9106
-14.0952	+53.4614	-22.8159	 -1.9762	 -0.0855	 +1.6231
 -6.5011	 -1.2869	 -7.2813	 -2.2206	 +0.9235	 -2.9681
 -9.4850	 -3.2873	 +5.4527	 -1.0744	 +2.9601	 +1.7709
 +4.2267	+13.5367	 -3.6838	 +2.4304	 -0.3041	 +1.6337
 -4.5472	-10.9729	 +7.4205	 +2.9536	 -1.8826	 +0.7880
-26.9356	 -2.2960	 -1.9772	 -0.1794	 -0.1146	 +1.0537
 +4.9317	 -5.7096	-17.4459	 -2.9810	 +1.7014	 +2.1350
+121.3939	 +6.4050	-36.7446	 +0.0817	 +0.1391	 +0.7616
 +6.9022	 -7.1855	-30.1588	 -2.3051	 -2.3388	 -0.5832
 -9.5726	 +0.5382	 -1.2230	 +1.5985	 -1.5991	 +1.7878
-15.3660	 +2.0131	-10.6094	 +1.8437	 +1.3659	 -0.6607
 -0.2714	 +0.4547	 -2.2549	 +2.4463	 -4.1428	 -1.2074
+19.3385	-25.5264	-10.1860	 -2.2577	 +1.6771	 -0.1795
 -4.4022	 -4.7233	 -4.1282	 -2.7297	 -3.5075	 -1.6115
 +7.2440	 +4.6957	 +0.4418	 +2.3048	 -0.8185	 +3.7264
 -6.0395	 -2.4208	 +4.9692	 +3.4371	 -1.7125	 +1.8254
 -5.1991	 +0.8400	 +8.8489	 -1.0992	 -0.7122	 +1.4615
 -4.3231	 -2.6359	 +3.6687	 +1.0258	 -0.6270	 +0.5579
 -4.6489	 -0.6691	 +3.1232	 -1.2331	 -2.6642	 -4.6239
 -2.1208	 +0.4441	 -0.7506	 +2.7516	 +2.9122	 +3.0831
 -7.8215	 -0.5632	 -2.1925	 +3.5445	 +1.4235	 +1.4110
+11.1735	 -4.5076	 -4.0511	 -0.2315	 +0.8026	 +1.2365
 -3.8387	 +1.3026	 -1.1934	 -2.1712	 +0.7104	 -1.7787
 -3.4160	 -3.7653	 +0.4665	 -1.1159	 +2.6818	 -0.8980
-12.3373	 -5.3386	 +1.9113	 -1.3490	 -1.0568	 -2.5810
 +9.6320	 +9.9697	 -2.6725	 -0.5224	 -2.5372	 -0.6553
 +2.3636	+11.0867	 +4.4801	 +0.8434	 +0.3008	 -3.2497
 +9.0600	 -1.7251	-20.6053	 +0.3049	 -1.8918	 -0.1253
 -4.1422	 +4.1460	 -1.3938	 -0.3297	 +3.5174	 +5.4367
+13.4268	-24.6922	 +7.3765	 +0.9812	 -0.2251	 -2.2594
 -8.1421	 -6.8660	 -5.7240	 +0.7756	 +0.0108	 -2.5993
 -0.1147	 -3.4888	 -1.3013	 +0.1432	 +0.9844	 -0.1530
-61.5545	 -6.4743	 +3.6273	 -0.7657	 -1.5054	 +0.3779
 -3.1580	 +2.4729	 -5.6416	 +1.0911	 +0.9380	 +4.1780
 -2.0323	+15.1073	-13.2331	 -0.7948	 -2.2945	 -0.3399
 +5.9060	 -7.4137	 -0.1056	 -4.1846	 +2.7351	 +0.0052
 +0.1931	 +6.4519	 -9.1653	 -0.8163	 -1.2035	 -0.6640
 +6.5183	 -8.6390	 -6.7837	 +0.7861	 -2.7423	 -1.6018
-25.7680	 +1.6611	+31.8518	 +1.1936	 +1.2090	 -1.8351
-15.0671	 -1.4136	 +0.9163	 +2.8150	 -0.0142	 -2.1010
 +4.7880	+12.3398	 -8.5283	 +1.4127	 -0.9196	 +1.6055
-19.5707	-22.9758	 -7.2375	 +2.9497	 +1.8320	 +2.1371
 +4.1321	+24.6213	 +6.8578	 +2.7358	 -1.6805	 -0.3747
+16.8336	 -7.1753	+13.9763	 +1.9904	 +1.8693	 +1.3961
 -8.5974	 +8.9734	 -2.0111	 -0.1529	 +1.4221	 +1.7150
 +5.9716	 -1.4812	 +6.5815	 -3.2040	 +2.1825	 -1.2563
+1873.1164	-32.7779	+790.8218	 +0.2203	 -0.2337	 +0.0658
 +0.8902	 -4.3900	 +1.8618	 -2.9960	 +2.6739	 +2.8356
 -0.2750	+13.1591	 +2.9094	 -2.8963	 -1.4572	 -0.0607
 -3.7455	 -2.0230	 -3.8115	 +2.9364	 +0.3090	 -5.7035
 -3.2194	 -2.9625	 +3.1183	 -6.1326	 +4.0805	 +0.2604
 +8.9225	 +9.0689	 -9.1091	 -0.7726	 -2.4361	 -0.6102
-62.5164	-58.9058	-70.8518	 -0.7064	 -1.1502	 -0.0660
 -3.9421	+11.9418	+16.5908	 -1.2366	 -0.6774	 +4.7460
 -9.8907	 +9.1942	 -7.7622	 -3.1025	 -3.2235	 -4.3935
+21.0847	-14.0028	 +9.3621	 -1.0928	 +2.4607	 -0.6383
 -0.0972	 +0.7766	 -1.9173	 -4.8194	 -1.3995	 -1.5317
 +8.5824	 -8.8945	 -0.1451	 -4.1098	 -4.0447	 +1.5452
 -0.6619	 -7.4498	 -4.3252	 +2.0973	 -4.8209	 -0.0971
 -6.5597	 +7.3995	 +0.6169	 +0.6016	 -1.0183	 +0.4628
 -5.9646	-13.8140	-11.0693	 -2.6942	 -1.7889	 -0.5955
 +2.4946	-21.0463	 -9.4371	 -0.2302	 +0.2335	 +1.8813
 -3.1625	+10.3571	-13.2214	 -0.6443	 +2.2514	 -0.5684
 -4.1476	 -3.0058	 +0.9999	 +3.2621	 -0.7883	 -1.9839
-11.3122	 +6.5014	 +3.2820	 -0.9061	 -1.6301	 -2.8120
 +1.4118	 -1.4187	-14.0058	 -3.2314	 +2.0941	 +0.0016
 -6.4708	 -5.1106	 -6.1432	 -1.2214	 -1.3141	 -0.3061
-10.0125	 +1.8612	 +1.1892	 -1.6969	 -4.1124	 +5.1412
 -5.8674	 -3.8523	 -6.2150	 -2.9396	 +1.8179	 -0.4082
 +2.6621	 +5.1016	 -5.2627	 -1.6467	 +0.5451	 -0.5301
 +1.9733	 +4.4975	-24.2454	 +0.0346	 -3.4839	 -1.8844
 -9.5075	 +4.8328	 +7.7131	 +1.5015	 -1.5000	 -1.5368
 +4.7097	 +5.3617	 -8.3708	 -2.8214	 -0.3988	 +0.9871
 +2.8423	 -6.7462	 -6.3846	 -2.4899	 +2.5649	 -0.4969
 +8.1149	 -2.2228	 -1.6902	 +1.6651	 +3.7277	 -0.9472
-12.8422	 +9.5237	 -2.9601	 -1.8613	 +0.8299	 +0.5186
 -2.0054	 -4.6561	 -2.3317	 -0.7010	 +4.2135	 +3.5116
 -2.8823	 -2.8322	 -0.7330	 -4.9012	 -1.4115	 +1.3358
-18.6307	 +3.0085	 +8.9218	 +1.9812	 -1.4606	 +2.6797
-23.8719	 -8.3462	-18.0281	 +1.8473	 +0.2215	 -2.0129
 +1.7536	-12.1042	-12.5279	 -0.4140	 -1.9577	 -0.0546
-128.0471	-50.3364	+77.4498	 +0.7834	 -0.9090	 +0.6262
 -2.2648	 -4.1537	 +3.0437	 -2.0388	 -1.3455	 +1.3307
 -2.8047	+11.2416	 -2.9750	 +3.2414	 -1.0897	 +1.3767
+14.7736	 +0.5058	-14.0731	 -0.7152	 +1.8193	 -1.7079
+13.0285	 -5.3642	-12.0951	 -0.1104	 -1.4183	 +2.0877
 -8.8935	 +2.7012	 +0.6873	 +3.7612	 -3.5873	 +2.4121
-16.1501	 +7.3072	 -6.6333	 -0.1905	 -2.8817	 -1.3561
 +1.7940	 +5.8710	 +7.1684	 -0.7526	 +3.6673	 +1.2891
-110.1672	-106.4209	+100.4228	 +0.4465	 -0.2106	 -0.1647
 +0.8858	+38.3386	 +8.6726	 +2.3214	 -0.2302	 -2.2588
-26.9530	-16.2653	+23.5393	 -0.0324	 +1.8782	 +1.2619
 -9.5628	 +4.8111	-38.5869	 +2.7564	 -0.7307	 -0.6783
-20.6007	 -9.0775	 -8.5103	 +0.8608	 +3.1217	 +0.5181
 -3.3231	 -0.3190	 +4.9695	 +1.3313	 -1.3466	 -0.2088
 -2.9944	 +1.3096	 +0.0286	 -0.3098	 -1.7754	 +4.7089
+10.7750	 -6.5948	 +1.0585	 -2.6161	 -0.1187	 +0.5793
 -9.8772	+12.2459	 -9.1122	 +0.1531	 -0.2283	 +1.5365
 +8.2915	 +3.2397	 -4.5644	 +6.2440	 +0.2713	 +1.2733
 +6.9232	-12.8210	 -6.5215	 +2.5493	 +3.2282	 -1.6017
+13.2038	-84.9096	+10.1871	 -1.0448	 +1.6231	 -1.2508
-14.8092	 +1.5890	 +5.2991	 +2.6818	 -1.2053	 -1.2136
 -2.7331	 -1.8034	 -1.8804	 +0.3152	 -2.6623	 -3.7146
 -3.0403	 -2.8407	 -3.3387	 +0.9227	 -0.0774	 -0.8029
 -1.4765	 +4.8001	+12.5299	 -0.0230	 +0.8557	 -1.5972
 +2.9724	 -5.4980	 -0.5391	 +2.5007	 -1.0444	 -2.2736
 +1.3712	 -8.7195	 -9.7470	 +1.2610	 +1.4461	 -4.9964
 -5.0353	 +3.1736	-17.3991	 -0.1595	 +1.5296	 -3.4956
+11.3763	-12.3832	-26.3849	 +0.3582	 -2.5593	 -0.8413
 -0.7474	 +4.0663	 -6.6667	 -2.0721	 +0.1157	 -1.4157
 -2.0586	 -6.0930	 +1.8901	 -3.7075	 +3.7936	 -3.1720
 -0.6146	 +5.9507	 +2.0704	 -2.2546	 -1.3689	 +2.4174
 +3.8995	 -0.2584	 -3.8961	 +0.8290	 +2.6195	 +0.2017
+10.0563	+20.7400	 +2.8023	 +3.9794	 +1.5592	 -0.5921
 -2.2837	+14.8522	-22.5688	 +0.3223	 +0.8497	 +0.8094
 +0.0270	 -0.2637	 +6.9316	 -0.6947	 +0.9096	 -2.9781
 -2.3075	 -5.9526	 +0.6280	 +2.7793	 -0.9897	 +0.0441
 -7.3463	-10.5100	 -9.3086	 -3.0248	 -0.1936	 -0.5208
-151.3275	-58.7980	+204.2113	 +0.5564	 -0.6698	 +0.1888
 +0.4492	 -4.4281	 +1.3627	 +0.7373	 -1.5030	 +3.2432
 -7.7402	 +5.5113	 -3.4007	 -1.2084	 +0.8072	 -2.6301
-14.3564	 -7.8412	 -6.8462	 +0.6603	 -0.5001	 -1.3757
 -2.5700	 +0.6588	 +8.1674	 +0.2630	 -5.6356	 +1.0189
 -1.2944	 +0.2118	 -0.0690	 -2.0357	 +1.5854	 +5.2788
+21.0442	+50.5021	-18.6639	 -1.4882	 +0.7217	 -1.7576
 +4.0802	 -9.8002	-14.5145	 -0.8737	 -0.3527	 +1.4513
 -7.6977	 +7.7468	-11.4375	 -3.2549	 -0.4452	 +1.4159
 +5.3549	 -2.8026	+15.0561	 -1.9960	 -0.8882	 +3.2536
 -4.0318	 -2.0667	 +9.0593	 +0.0728	 +2.2096	 -1.0565
 +0.5404	 +1.6036	 +1.7452	 -3.5010	 -0.9464	 +2.6788
 +4.5540	-10.6232	 -9.5973	 +1.6336	 +1.3914	 +0.8657
 -0.2401	 +0.2984	 -3.1987	 -0.0003	 -0.3832	 -2.9701
+10.3480	 +9.9369	 +6.4877	 -0.3936	 +0.5164	 +0.0912
 -0.3887	 +4.3062	-13.9774	 -0.2214	 -0.7617	 +0.7059
-17.1346	 +1.2959	-13.0327	 +0.4723	 -0.1605	 -2.5933
 -1.0806	 -5.2819	 -1.8393	 -2.0848	 +2.0396	 +1.9140
 -3.6164	 +6.8735	 -3.1303	 -1.5035	 -2.6490	 -2.6371
 -3.1264	 -6.0284	 +1.7301	 +2.0749	 +0.7428	 -3.2655
 -0.3469	 +1.5623	 -6.1260	 +0.5809	 -2.1419	 -1.9096
 +3.4824	 +4.7462	+35.2868	 +2.2454	 +2.2316	 +0.5385
 -0.0223	 -3.3760	 +1.7472	 -0.2938	 +0.1182	 +0.2975
 -9.0104	 +8.8548	 -2.0571	 +1.1816	 +2.7212	 -2.1951
 +8.9815	 +5.9953	 -4.2994	 +0.6084	 -1.4916	 -2.1338
+15.6894	 -8.6254	-18.1209	 +0.4260	 -1.6662	 -1.2906
 -8.4260	 +0.1437	 -3.5597	 +0.3123	 -3.3509	 +1.0295
 +2.3253	 -7.4407	+11.5087	 -2.8830	 +2.5193	 -0.2045
 +0.8554	-16.2077	 +8.3663	 -1.1163	 -0.8321	 +1.3942
 -8.0746	+27.2546	-49.4789	 +0.8224	 -0.3758	 -0.0905
 +6.2760	 -1.2427	-39.3475	 -0.4396	 +1.2608	 +2.2103
 -7.0033	 -1.0051	 -3.6607	 +2.3615	 -1.4039	 -1.6394
 -7.0972	-13.8880	 -8.9255	 +3.3480	 +0.8142	 +1.8609
 +1.5791	 -0.4813	 +2.8059	 -1.7442	 +1.4487	 +0.2549
+16.8486	+16.0124	 +4.0675	 +1.8662	 +0.1229	 +0.4917
 -6.5272	-60.5704	 -9.4567	 +1.3968	 +1.6220	 -0.6264
 -1.2447	 +1.5006	-12.3552	 +1.5596	 +3.2203	 +0.4726
 -8.3999	 -8.7580	 +3.1141	 -1.1753	 +3.0414	 -1.9688
-13.9174	 +9.1714	-20.2710	 -3.5558	 +1.1033	 +1.3878
 +6.6424	-20.2233	+17.6854	 -0.5914	 -2.7707	 +0.9325
 -3.2142	 +0.7861	+15.1409	 -1.5551	 +0.4581	 +1.3653
 +3.5590	 -2.9296	 +9.0701	 -2.3068	 -1.2792	 -0.2325
 -0.5795	 -3.5383	 -1.4273	 +4.5361	 -3.0263	 +0.4038
 -3.2887	 +1.0551	 +2.6233	 -1.7374	 -4.5444	 -3.0842
 +6.9305	 +0.4290	 -5.3859	 +0.4207	 +1.7842	 -1.9017
 -1.9063	 +3.6664	 +7.5176	 +1.9718	 +5.4175	 -1.2935
 -8.1486	 -3.1133	 -2.8634	 -1.2446	 -0.5191	 +2.3245
-12.7988	-13.5908	-14.4037	 -1.0420	 -0.0527	 -0.5039
-50.6536	 +7.3643	-19.1472	 +1.4534	 +1.2242	 -0.7359
 -6.5373	 -3.6525	 -1.1951	 +0.2316	 +1.3446	 +2.8444
 -7.7724	 -6.4322	 +1.7206	 -1.0290	 -1.5374	 -1.4978
-14.0948	 +3.7565	 -2.2037	 -0.4630	 -2.0933	 -1.2048
 -4.1572	 +7.7224	 -3.0231	 +0.8229	 -0.0348	 -2.4546
+15.3358	+14.1059	 -6.4659	 -0.0717	 +0.5570	 +3.0963
 -4.5618	 +6.4751	+19.2075	 -1.6155	 -0.1949	 +3.5563
 +5.7566	 -9.1284	+17.2503	 +1.5497	 -1.5531	 -1.7004
+14.7597	 -4.1095	 +5.3855	 -1.6696	 -0.2656	 +3.0235
 -6.0077	 -0.7181	 +1.4655	 -3.2523	 +3.8483	 +0.2935
 -3.7284	-12.9497	-21.0762	 -0.6545	 +3.1807	 +1.4344
 -9.0420	 +3.4823	+11.7610	 +1.9592	 -3.7206	 -0.8406
 -8.5731	 -4.7239	 -3.3384	 -1.8792	 -0.2711	 +2.1020
 -2.0151	 +0.1383	-10.4255	 +2.1161	 +3.1448	 +2.6304
 +0.9135	 -4.3220	 +0.2433	 +1.0626	 +4.9795	 -4.0835
 +2.8163	 -9.9523	 +4.9014	 -0.7769	 +3.5044	 +1.3538
 -7.6377	 +0.1383	-15.1347	 +1.7546	 -1.2819	 +1.3505
-12.5121	 -0.2140	+14.6048	 +2.0652	 +0.4301	 +1.5241
 -2.2487	 -7.5175	 -5.4703	 -1.6482	 -3.8604	 +0.5012
+31.2913	 +4.0113	 +8.9867	 -1.6656	 -0.4620	 +0.1318
 +4.6437	 -4.8353	 +2.8939	 +3.6600	 -3.3639	 -3.7874
 -2.4431	 +0.0853	 -5.9041	 -1.5340	 -2.9666	 -0.2299
 -5.8575	-33.7135	-28.0922	 -1.2033	 -0.4187	 -0.1286
-13.2670	+17.8563	 +7.7794	 -0.6920	 +0.0823	 +2.3543
-10.7939	 -1.0139	 +3.8864	 +0.2042	 +1.3666	 +2.8550
 +6.5358	 +0.8774	+17.8286	 +5.2103	 -1.4097	 -0.6631
 +0.0628	 -7.5424	 -2.4438	 +1.5190	 +2.3191	 +1.5704
-11.1443	 -2.2126	-13.4312	 -0.0402	 +1.7419	 +0.3418
 -4.1708	 -5.4026	 -5.6519	 -4.0963	 +2.3161	 -0.0487
 -0.5782	 -5.2004	 +2.0842	 +2.5398	 +4.3973	 -4.1768
 +7.3381	 +3.9707	 -5.7484	 -1.5919	 +3.4585	 +2.0001
 +9.1848	 -3.6055	 -3.7705	 -2.1546	 +3.6548	 +2.3938
+13.1311	 +2.7018	 +2.2936	 -2.2627	 -2.1829	 -1.5343
+23.5849	 -7.1083	 -5.9266	 -1.4296	 -2.0155	 +1.7002
-12.2450	+19.2685	+22.9884	 +1.5746	 +1.9525	 -0.6183
+29.0077	-24.7673	+70.7635	 -0.3242	 -1.7089	 +0.0629
-14.2426	 -4.7014	 -4.3906	 -2.9912	 +0.3147	 +1.1072
 -1.6618	+14.3552	 +2.3882	 -2.0585	 -0.0835	 +2.0731
 +1.7805	 -2.6525	 +1.5499	 -1.2575	 +1.4729	 +0.3765
+12.0431	 -3.7653	+11.1205	 +1.5754	 +0.5854	 +2.0668
 +4.7364	 +9.3982	 +0.5203	 -1.8012	 -2.0035	 -2.0512
+27.8404	 -2.2359	-18.6917	 -1.2102	 -0.5500	 -0.8564
 +5.9263	+12.5000	 -1.1950	 +4.0020	 +0.0472	 -1.4672
-23.0626	+25.0546	-26.3542	 -0.2201	 +0.3436	 -0.6085
-23.8246	-18.4870	+17.0168	 -0.9851	 +1.4732	 -0.0060
 -4.6391	 +1.9501	 -2.9363	 -2.6228	 +2.0109	 +2.0951
+11.4219	 -9.6491	 +0.9160	 -3.5892	 -0.3594	 +1.4624
 +3.0317	 +3.6181	 -2.9672	 -3.5253	 +3.5347	 -4.2966
 -6.1744	 +0.4732	 -6.9134	 +0.5776	 -2.0210	 -0.6267
 -5.1224	+10.2395	 -7.2059	 +2.4302	 -0.9385	 +2.1550
 -2.5647	 -2.2255	 +1.0232	 -3.5942	 -0.4236	 +0.4486
 -1.9171	 +0.1190	 -3.6658	 +4.0056	 +3.6586	 +3.1048
 -2.1114	 +9.9987	 +8.7600	 +1.7795	 +2.3255	 -0.2926
 +2.5628	-13.3150	+23.9087	 -1.1991	 -1.1905	 -2.0709
 +9.1929	 +6.8804	 -1.4412	 +0.4762	 -0.5020	 -1.0003
 +5.1144	 -5.1209	+10.9131	 -0.3324	 -2.4892	 -3.0725
 -3.2483	 -0.5735	 +5.1967	 +2.0884	 +0.4107	 -1.9005
 +9.9078	 -6.1248	-27.8064	 +0.7693	 -0.5170	 -2.8586
 +3.2511	 +2.3052	 -8.1442	 +2.6817	 -0.9396	 -1.6166
 +1.2693	 +1.0811	 +0.3973	 +1.7041	 -2.0422	 -1.7574
+16.7543	 -3.8716	-13.1748	 -3.6226	 -1.2762	 +1.8079
-28.6725	 +3.7334	-26.2774	 -1.5920	 -1.1639	 +1.1898
 +6.1434	 +1.2990	 -0.7838	 +1.1729	 +1.0192	 +2.2258
 -8.8137	 +2.3747	 +0.2625	 -1.9173	 -1.5890	 -3.5874
 +0.2485	 +6.8956	 +1.6000	 +1.3885	 -4.5639	 -1.5508
 +2.4027	 -8.7166	 +6.6560	 -2.1297	 +0.1382	 +2.5914
 -6.0858	-13.9760	 -5.6546	 +0.5433	 +1.5550	 -0.8203
-21.5731	-16.8202	 +2.8145	 -1.5073	 -1.3784	 +1.3001
-14.9504	 -1.0130	 -8.5432	 -2.8694	 -1.9921	 -3.6206
 +0.2563	 +2.4270	 +6.9214	 +0.4993	 -0.1788	 -2.1079
 +6.1183	 +0.8895	 +0.8229	 +2.4312	 +1.8253	 +2.7963
 -0.9522	 +1.1746	 -3.1133	 +2.5937	 -0.0989	 -0.2677
 -2.2381	-19.3348	 -5.6602	 -0.2982	 +0.8414	 -2.5123
+12.8900	-51.5512	-25.3933	 -0.6541	 +1.6731	 +1.0630
 -3.9221	-10.8574	-11.6570	 +0.0852	 +2.2625	 -3.4721
 -4.0973	 +1.8541	 -2.2007	 +2.6079	 -1.0040	 -2.1074
 -3.7729	 +1.4539	 +0.0078	 -1.8353	 -0.0109	 -3.5307
 -1.8323	+10.0307	 +7.6937	 -1.6466	 -2.8188	 -4.5443
 -1.9963	 -0.2098	 -2.5844	 -3.2737	 +5.9005	 +1.3060
 +0.2899	 +0.5101	 -9.6224	 +0.7924	 -2.0902	 +3.7995
 -6.8124	 +7.0597	 -9.1459	 -4.4967	 +3.9913	 -2.2558
 +1.3230	 +3.9494	 -5.6235	 +2.9147	 -2.6587	 +1.5164
-65.5015	-44.8798	+32.1854	 +0.9079	 +1.5214	 +0.3565
 +6.2189	 +7.8719	 +8.7602	 -1.2079	 +0.2228	 -0.0892
+47.0288	+29.7308	+37.1427	 -1.6750	 -1.5771	 -0.6919
 +7.4795	-17.7063	 +3.6273	 +1.2851	 +0.2339	 -1.4005
 -5.3630	+12.4048	 -5.1663	 +0.6870	 +1.3272	 +0.7222
-113.3469	+58.3352	-18.9825	 -0.2996	 +0.6596	 +0.3077
 -2.3920	 +6.8968	+16.0974	 +1.8659	 +0.8096	 +0.3951
-10.8326	 -8.6208	 -6.0053	 -1.3229	 -0.0906	 -0.0645
 -5.0487	 -3.4341	 +8.7202	 +2.0646	 -1.3272	 +3.4177
 -6.1092	 -8.5852	 +1.0835	 -0.6385	 +0.6546	 -0.8797
 +1.4118	 -5.0046	 +2.4140	 -0.8339	 -0.6210	 -0.0057
+12.6273	 +5.3885	 -5.3783	 +0.1838	 -3.9211	 +1.4553
 -8.8124	 -3.8936	 -3.7893	 -0.5481	 -0.9508	 +0.0221
+10.8143	 -2.3387	 -7.2328	 -2.3255	 +1.9182	 -0.2330
 -4.0217	+33.4829	 -2.6996	 +0.5998	 +0.5572	 +1.5191
 -8.6130	-14.6929	 +5.9017	 -0.3362	 -0.3624	 -0.0617
 +2.0838	 +4.3133	 -0.2907	 -1.5229	 +1.0448	 +1.4789
 -2.4105	 -4.8326	 +1.6116	 +3.9841	 -1.8513	 -2.2225
 -8.2020	 +0.8690	 -6.2593	 +0.7091	 +1.8039	 -1.7292
-36.9930	+17.3684	+13.0882	 +0.5376	 +0.2858	 -0.3583
+19.3438	+14.6023	-13.9879	 +0.8385	 -0.8155	 -2.5823
-11.6044	-37.3848	+15.7388	 -0.7233	 -1.3336	 +0.0292
 +9.9075	 +3.0786	 +6.6757	 +0.9072	 +1.4088	 -3.4122
 +2.2670	 -6.6456	 +2.3321	 -1.3018	 +0.4906	 -1.4952
 -5.3706	+16.7986	-33.2523	 -1.7389	 -0.6065	 +0.0607
 -7.7792	 -3.7369	 +2.0890	 -1.8484	 +3.9672	 -1.9260
 +3.2156	 -6.9001	+12.5895	 -0.5507	 -1.8523	 +2.6871
 -7.6055	-11.8661	 -7.7897	 +0.1221	 +2.7508	 -1.8817
 -6.4243	 +2.8747	 -5.2383	 +1.3552	 +2.9931	 +3.7966
 +6.1745	 -4.5778	 -9.6177	 -0.6357	 +0.8667	 +0.2104
 +8.7860	 -0.9834	 -8.8393	 +3.3795	 -1.8447	 -0.3877
-59.9946	+22.6549	+11.1499	 -1.1902	 +1.1594	 +0.6640
 +1.0982	 +2.7201	 -2.3237	 -0.8096	 +1.0126	 +0.6154
-27.1701	+46.2077	 +7.1709	 +0.5361	 +3.1077	 -0.4118
+11.5427	+13.5804	-11.6532	 +0.7723	 +0.7763	 -0.1801
 +2.9175	 +0.3727	 +0.9355	 +1.7617	 +3.7057	 +2.1778
 -4.6395	 +0.0669	 -4.0379	 -0.0450	 +1.0297	 +0.9622
 +3.0811	-47.0475	+37.7003	 +1.9905	 +0.8736	 +0.2648
 +4.4970	 -8.6124	 -0.6321	 +0.1758	 +3.1621	 +1.0714
-10.2966	 +4.8523	 -2.2914	 -3.0812	 +1.3929	 -4.1671
-12.9250	 +3.9237	+13.9063	 -0.5121	 -2.5638	 -2.3462
 +2.9742	+16.4666	 +8.2745	 -0.8754	 -1.9346	 -2.4707
 +3.8518	 -7.2925	 +5.8915	 +0.6065	 +0.5212	 +0.2226
 -3.2579	 -4.0102	 +1.0522	 -0.7500	 +2.4847	 -0.5482
 +6.8278	 +5.2218	 -1.2178	 +0.1927	 -1.5046	 -3.9095
 -6.8351	 +2.2314	 +0.7705	 +1.5609	 +0.7083	 -0.9182
 +0.6050	 -9.6427	 -7.2216	 -2.8427	 +4.1285	 -0.0213
 +1.0460	 -8.7338	 +4.4370	 -0.2104	 +0.4932	 +0.6496
 +6.5693	 -7.6039	 +8.1718	 -0.8809	 -4.8655	 -2.8715
 +2.9122	 +6.4058	 -4.8641	 -1.4895	 -0.9616	 -0.5686
 -5.3329	 -0.7442	 +0.2158	 +0.4445	 +0.2386	 +1.5739
 -7.4972	 -8.3332	 -1.1100	 -5.7729	 +1.4505	 -0.4660
 +2.5618	 +3.8382	+13.1825	 -1.8393	 -0.0627	 +0.7904
 +1.5127	 +7.6887	-22.8703	 +1.1472	 +1.3061	 -0.3157
 +1.4783	 +1.7409	 -2.8500	 -1.0604	 +1.6825	 +3.2372
-16.0619	 -0.1035	 -6.3377	 +0.2643	 -3.8504	 -1.3307
 +9.2288	-16.4441	 -6.2615	 -1.9316	 +0.6204	 -1.0288
-26.1128	-45.0675	-42.1607	 -4.9039	 -6.3249	 -6.3581
 -5.4489	 -3.9443	 +4.5638	 -0.1594	 -6.0056	 +0.1818
-11.3056	 +0.4331	 +0.7815	 -0.2986	 +4.4126	 -0.4181
 +9.8638	 -8.9267	 -4.0767	 -1.7229	 -1.2844	 -0.1643
 -3.6926	 +2.8392	 -0.1364	 +2.2286	 +1.7055	 -4.1498
-10.3632	 -3.3584	 +2.2902	 +3.5082	 -0.3934	 -3.9358
 -2.9849	 -0.3157	+45.9828	 -1.1874	 +1.0180	 +0.1081
 -0.2883	 +5.8282	 +4.2976	 +0.7933	 -2.2996	 +2.5981
 +6.3747	+10.3972	 -0.3271	 +2.3049	 -3.8989	 -0.1082
 +1.5453	 +0.5654	 -4.7993	 +1.6166	 +2.4863	 +1.2942
-15.3663	 +4.5592	 -8.4513	 -3.6778	 +0.4964	 -0.5215
-11.4653	 +4.5112	 -1.2059	 -0.4130	 -0.3626	 -0.6138
 -0.3783	+27.1615	 +6.6174	 -0.3185	 +0.1806	 +2.4580
 +1.8221	 +6.7749	 +6.4920	 +2.7269	 +1.2069	 -2.4938
 -9.5182	 -5.0925	-42.9277	 +1.7154	 -1.0299	 +0.6785
 +0.1425	 +3.9503	+25.4320	 -1.8836	 -1.8040	 -2.0519
 +4.0205	 -0.3861	 -3.3841	 +2.5016	 +1.1115	 +1.7257
 +0.5288	 -3.7603	 -1.3198	 +0.8660	 +4.7756	 +1.1313
 +0.6226	 -5.6320	-16.3339	 +3.2084	 -3.2735	 -1.7175
 +4.2603	 +6.8771	 +7.9612	 -1.2801	 +1.2570	 -0.8541
 +3.7472	 +1.9088	 -2.4953	 +1.0097	 +3.4493	 +2.2414
 -9.9799	 +6.4847	 -2.9640	 +2.7832	 -3.4539	 -3.0000
 -7.4476	 -1.0296	 +9.6233	 +0.1487	 -2.1404	 +0.9736
 +4.9912	 -1.4163	-10.5215	 -1.4153	 +4.0719	 +0.2253
 +7.3219	 +2.6963	 -5.2285	 -0.1861	 -0.6705	 -1.6425
 -4.0260	 -1.7751	 +8.6195	 -2.6480	 +1.2446	 -1.7588
+15.9965	 -2.9354	+14.7960	 +1.4950	 -2.6521	 +2.9763
+10.0281	 +6.4597	 -9.3224	 -0.9525	 -0.7485	 -2.1636
 +0.9145	 -0.5518	 +2.5730	 +2.7552	 -1.4220	 -2.0416
 -0.1350	 -3.0250	 +4.7292	 -2.6155	 -3.2415	 -0.0407
 -2.9592	 +2.4290	 +0.7469	 +0.4774	 +0.9664	 +3.2602
 -5.8436	 +3.6027	 +2.1401	 +0.3871	 +1.3909	 -0.9621
+20.1198	 -7.5360	 +9.8866	 -1.9876	 +1.5775	 -0.2024
 -5.3074	 -2.5151	 -4.0006	 +4.9427	 -3.9780	 +3.1182
 +6.9569	 +2.6793	 +1.5495	 -1.8338	 +1.8379	 +1.6708
 -1.7685	 -4.0300	 +6.1800	 +1.9832	 +3.6451	 +0.8059
 +9.9117	 +6.0143	 -9.5297	 +4.3364	 -0.6209	 -1.3106
 +6.5579	 -6.0248	+11.0398	 -4.1529	 -1.4234	 +2.5713
+14.1998	+15.6749	 -5.4736	 -1.5211	 +0.1569	 +0.1971
 +3.1102	 -3.7802	 +6.7702	 -5.0450	 +3.1327	 +3.5477
-23.4238	-11.0469	 +8.0154	 -0.2210	 +1.1213	 +0.5473
 +0.5554	 +1.3680	 -7.5520	 -3.1721	 +0.0584	 -1.4777
 -1.1774	 -1.4462	 +1.8983	 +1.0745	 -3.0393	 -0.9026
 -2.7286	 +8.1901	 -2.0049	 -5.4598	 -3.5219	 -0.1947
-21.6454	+10.9997	-13.8843	 -0.9769	 +2.6036	 +1.8035
 -5.0690	+12.6780	-20.7669	 +1.4171	 +0.8717	 +0.8381
 +1.0113	 +4.1857	 -0.2242	 -7.1549	 +0.5352	 +0.0758
 +5.0294	 -1.5043	 +0.3665	 +3.0224	 +4.2245	 +1.0100
 -6.8267	 -6.1738	 -3.0467	 -1.8464	 +1.6183	 +3.5001
+29.1750	+16.2142	+20.9744	 +2.9184	 +1.1511	 +3.6661
+10.0575	 +6.1045	 -8.5066	 -1.4464	 +0.9050	 -0.7881
 -3.5167	 +9.3097	-14.2525	 +2.9018	 +0.0955	 +2.8025
-39.8456	+16.8485	 +3.6218	 -0.1838	 +2.3063	 +0.9155
 -4.7913	 +1.4430	-15.8774	 +1.3760	 -1.5849	 +1.8591
 +2.5439	 +5.9775	 -7.4830	 -0.0882	 +0.1719	 -0.3705
 -4.9478	 +6.5589	-15.6784	 +1.2303	 -3.9304	 +0.4620
 -9.5926	 -8.0008	 -9.0075	 -0.1490	 +2.3352	 -0.2651
-10.0695	+12.7040	-43.7471	 +0.4313	 -0.3668	 +1.3766
 -1.8441	 +4.8607	 -1.9973	 -3.6515	 -5.0762	 +0.8628
+14.3498	 -8.3444	-16.6029	 -1.4322	 -0.8668	 +1.7844
 +7.7832	 +1.4292	 -7.2698	 -2.8513	 +0.7994	 -2.0544
 +3.4492	+18.3782	+12.9383	 +0.8866	 -2.4754	 +2.9469
 -0.3180	+10.8322	 +6.0250	 +1.0039	 -2.3259	 +0.4041
 -2.9110	 +6.6873	 +1.1880	 -1.5449	 +0.5816	 +2.7346
-10.0360	 -0.4987	 +9.9107	 +3.2426	 -0.2664	 -0.1334
 +5.6076	 -0.0305	 +1.3737	 +1.2123	 -0.4252	 +4.6493
 +2.8792	+13.4220	 -2.9058	 -0.3695	 +2.8327	 -0.0950
+17.3842	 +2.5657	-19.6375	 +0.3763	 -3.7612	 -0.4097
 -0.2551	 +1.2317	 -4.8226	 +0.0704	 +0.3931	 +0.5988
 -5.7915	 -4.5141	 -5.7027	 -1.2437	 -4.7383	 +3.0523
 +5.7145	+17.9596	 -1.7956	 -0.0661	 -0.4805	 -2.3038
 -3.6170	 +4.3943	-10.1324	 +3.2673	 +0.3154	 -3.4236
 -3.4198	 -4.5904	 -1.0619	 -0.7467	 -0.4798	 -2.3946
 -4.5164	 -3.9334	 +1.1603	 +2.4379	 +1.8560	 -2.3536
 -5.8866	 -4.4085	 -2.9330	 +5.1470	 +1.3234	 -0.7155
 -2.2798	+15.3157	-10.7013	 +2.9519	 +1.1921	 -2.5591
 +2.3499	 -6.2459	 -4.2194	 -1.0669	 +2.5633	 -1.0892
 +0.7596	 -1.5564	 -5.2989	 -1.3636	 -1.2875	 -1.2040
 -0.2790	 -5.0654	 +4.4775	 -2.8267	 +0.3762	 -0.8017
 -3.1969	 -4.5467	 -4.1479	 -0.3673	 +3.6107	 +1.5748
 -0.6614	 +3.8800	 -5.6982	 -1.5853	 -2.0564	 -0.1680
-15.9576	 +3.8969	 +0.6821	 -0.3275	 +0.1361	 +1.6824
+12.5654	-16.5865	 -1.2746	 +2.2716	 -1.7398	 -0.2071
 +6.1763	 +5.3293	+15.5792	 -0.0513	 -0.9858	 +1.1348
-10.8083	 +3.5132	 +0.6194	 +2.6719	 +3.0940	 -0.2575
 -1.8486	 -0.1240	 -6.1434	 -2.3747	 +0.8446	 +0.1381
 +0.6337	 +1.0754	 +6.4802	 +0.3466	 +1.4348	 -3.4904
 -0.3467	 +0.0254	-22.5843	 +4.3644	 -0.4375	 -1.4034
-18.6440	 -0.0981	+30.3363	 -0.9236	 -1.0863	 +0.8514
 +1.7184	 -2.7591	 +1.5546	 +1.8502	 +0.1647	 +0.2178
 +2.4424	 +2.3365	 -2.8023	 +0.2564	 +0.0805	 -0.4273
 -7.7142	 -7.0466	 -1.5302	 -3.3682	 -0.3771	 -1.7009
 -5.3666	 +7.4820	 -6.3498	 +1.8871	 +0.0009	 +3.9061
-22.8998	 +2.4484	 -9.2343	 -3.0085	 +2.9213	 +1.0241
 -4.9187	 -7.1558	 -4.9784	 +0.2081	 +0.7555	 +0.7830
 -5.5547	-43.7841	+59.6421	 -0.3487	 -0.7494	 -0.1520
 +0.9071	 +4.2693	 +2.7786	 -0.6160	 -0.9144	 +1.1397
+16.9555	+19.8073	-21.3199	 -2.8447	 -2.2872	 +1.5489
 -1.2646	 +0.9399	 -3.3820	 +5.0761	 +3.5967	 -1.1006
 +0.7059	 +5.5306	 -0.3092	 +1.1408	 -0.7572	 +0.0055
+45.3934	 -0.0453	-27.8116	 -1.1823	 -0.1788	 +2.1069
+10.8466	-46.0686	+36.1799	 +2.5323	 -0.9530	 +0.5556
+103.4348	+50.6127	 +0.0615	 -0.2095	 -0.9282	 -1.6292
+18.8309	 +4.1409	 +4.7230	 +0.0159	 -4.4288	 -0.8458
+33.3295	+60.6587	-32.5901	 +0.8990	 -0.9337	 +0.2889
 +4.8641	 +5.3135	-12.0569	 -0.9121	 -0.7903	 -0.9865
-10.0639	-11.5671	 +5.7412	 +3.5610	 -2.6820	 -0.3271
-24.5093	 -3.7917	+33.4803	 -0.1847	 -0.4057	 +3.0480
+17.0017	+50.9011	-42.7913	 +0.4542	 +2.0245	 +0.9666
+17.5388	 -1.2789	+23.5844	 +0.4590	 +1.3252	 -3.1952
-14.8501	 -1.5743	 -3.5519	 -1.6841	 -3.7294	 -2.5842
 -4.3691	 +4.2235	 +2.4576	 -3.7129	 +2.3442	 -0.8661
-12.2207	+16.8839	 +8.3995	 +1.3608	 +0.6416	 -0.1184
 -7.8722	 +1.9225	 -0.0908	 -0.9100	 +0.2094	 +4.6292
 -0.1865	 +3.5729	 -2.3260	 +4.0605	 -2.5269	 -5.1457
+13.4879	 +2.0838	 +0.3115	 +0.4491	 -1.1985	 -0.6589
 +1.7618	 +6.7291	 +4.2455	 -2.2399	 -2.3290	 -2.2199
 -1.2435	-13.6122	 -8.9643	 +1.6022	 -1.9483	 -3.3962
 -3.8293	 +3.7881	 +7.5837	 -0.5526	 -4.2288	 +0.9023
 -7.7785	 +4.6496	 -6.3754	 -0.5310	 -3.4827	 +5.3234
 -3.4709	 +4.4273	 -2.1017	 +2.3469	 -5.6338	 +0.6158
 -7.2013	 +5.0380	 -3.1470	 -3.3047	 +4.6316	 +3.5860
 -1.5340	 -0.1168	 -1.3828	 -3.5768	 +3.0546	 +2.6510
 -2.9673	 -0.4715	 +4.1245	 +1.2876	 +2.3901	 -0.5279
-11.3718	+12.7170	 +0.0061	 -1.9454	 +1.3229	 +0.2801
-11.1035	 -0.3069	+22.0666	 -1.1239	 +0.8552	 +0.9688
-11.4211	 +8.7460	+18.3479	 +0.6398	 +1.2004	 -1.0454
 -2.6430	 -3.6180	 +2.0040	 -0.5806	 +4.2138	 +3.6497
 -4.1506	 +3.1535	 -3.8166	 +2.0121	 -1.3334	 +4.5064
-16.8826	+31.1173	+11.9948	 +1.3091	 -0.2722	 -0.0521
 -6.2841	 +4.2274	 -8.6340	 +3.9306	 +2.7688	 +1.6181
 -3.4499	-12.6673	 -6.4414	 +4.0684	 +1.2991	 +0.2662
+27.9084	 -1.4393	 +6.3522	 -0.3344	 -1.4789	 -0.7668
 +3.5121	 -3.5839	 -0.2454	 +3.7213	 +1.0867	 -4.3649
 +9.9835	+23.3087	+21.5098	 +0.1121	 +3.7813	 +2.6168
 -7.3879	+65.4163	+31.8016	 +0.8265	 -0.4178	 +0.9586
 +6.3405	 +6.7577	 -8.2805	 -5.1551	 +1.4247	 -0.5515
 +0.2219	 -3.6648	 -3.6287	 -3.7119	 +5.2351	 -1.7759
-18.1152	-22.7570	+31.8244	 -0.2281	 +1.7252	 -0.0565
-24.9923	+28.8164	+16.6841	 +2.1703	 -1.1992	 -1.3236
 +0.4801	 +2.6451	 +0.3166	 -0.0110	 -1.8380	 +1.5644
 +9.7466	 +8.9760	 +4.7493	 -2.1593	 +3.8937	 -0.4019
-21.9498	 +1.6442	 +1.7160	 -0.1220	 -2.4080	 -2.2264
+14.4217	-25.6109	+16.1741	 +1.1140	 -0.5339	 +0.8559
 +2.1708	 -0.2403	 -7.0297	 -4.8325	 +0.8775	 +0.3249
+15.3968	 -4.9341	 +2.3762	 -2.4719	 -2.0536	 -1.8407
 +1.3469	-46.2903	+114.5569	 -0.3095	 -1.3666	 +0.2882
+10.7213	 -9.8366	 -0.7744	 +4.7568	 +1.4834	 -0.2702
+14.5987	 +4.3936	-11.6017	 -1.3096	 +2.1060	 +2.5775
 +0.1773	 +5.8040	 +0.1120	 -1.6572	 -1.1889	 +2.8281
-24.6958	 +3.8355	+17.7823	 -1.6042	 +1.5661	 +2.0205
 +9.1874	 +7.1666	+14.6873	 +2.4631	 +0.0845	 +0.6015
 +2.6073	 +8.2776	-12.5806	 -2.0013	 +1.3945	 +2.3684
 +9.1532	-11.2871	+29.7883	 -2.1339	 +1.8940	 -1.9086
+14.5187	 +7.5390	-15.2006	 +1.2954	 +2.9472	 +2.1371
 -2.0465	 +9.3876	 +0.0175	 -0.7417	 +1.7689	 +3.2849
 -5.9932	 +4.2742	 -4.6784	 -0.8305	 -4.9088	 +2.7122
-10.4878	 +9.4215	 -9.6708	 +3.5011	 -2.0484	 -2.4625
-12.8678	+15.0426	 +1.3027	 -2.4448	 -1.5071	 -1.2190
-12.8697	 -9.3450	-12.6205	 -3.7940	 +1.9522	 +0.3934
-25.8245	 +2.9370	-15.3243	 -1.5097	 +0.3529	 -0.7179
 -3.1651	+17.4450	 +3.6433	 -0.1093	 -0.2200	 -4.1959
 -5.1175	-26.7859	+14.1579	 -1.0005	 +0.5359	 +2.5477
 -4.8453	 +1.6153	 -4.8356	 -2.0290	 +2.8927	 +4.3177
 +1.4840	 +1.3422	 -5.6669	 -1.5327	 +0.3220	 +3.3569
+11.2287	 -3.7627	 +6.2608	 +1.2173	 -1.7739	 +1.1416
+16.2876	 -8.0945	-11.1947	 -0.4026	 -1.0072	 -0.9180
 -4.7414	 -7.3493	 -2.8904	 +1.0729	 +3.1813	 -1.7756
+26.7324	 +1.3900	 -6.1772	 +2.4259	 -0.4474	 -3.5024
 -4.6198	 +4.2422	-13.7213	 -1.6866	 -2.1095	 -1.7214
 -3.9406	 -3.4159	 -0.9813	 -1.4830	 -1.1602	 -0.6203
+14.1916	 +7.1618	 -8.5681	 +0.3094	 -1.3742	 -0.5392
 -5.5222	 -2.6897	 -4.5209	 +0.5373	 +3.7730	 +3.0635
 +9.4803	+20.6916	 -5.8047	 -3.0525	 -1.8909	 +0.2738
 -1.9192	 +5.0854	 -7.0143	 -1.1461	 -3.2973	 +1.1793
 -4.8768	 +9.0582	 -6.4185	 -4.9186	 -3.3408	 -0.5860
 +3.8503	 +1.6757	 +3.8198	 +2.9422	 -1.8652	 +1.2926
 -2.9645	 -0.1306	 +0.1805	 -2.1079	 +2.0136	 -2.8007
 +8.7615	-14.5445	+18.1640	 -0.8998	 +0.5750	 +2.2805
 +1.1261	 +6.1311	 +5.4712	 +1.2435	 +0.1691	 +2.7766
 -3.6048	-37.5634	-10.9401	 +0.4861	 -0.0447	 -1.5991
+10.6848	-17.4214	 -5.4182	 +0.0861	 -2.1693	 +1.9936
 +2.4957	 +0.1593	 -2.0791	 -2.7252	 -4.0849	 -2.2049
-33.3938	 -9.1991	+14.4733	 -0.6118	 +0.5283	 -0.9963
-15.5261	 +5.8636	 -8.3644	 +3.4120	 -0.1974	 -0.3481
 -5.8128	-10.5500	 +6.3245	 +3.8001	 +2.4627	 +0.1116
 -3.8523	-19.2652	 +4.6013	 -2.7295	 -3.2386	 -0.5472
 +3.4924	 +6.2007	 +4.0639	 +1.9402	 -4.9221	 -1.2054
-10.0430	+10.7957	-16.5704	 +1.4382	 -0.1347	 -0.7740
 -8.1538	 +8.2751	 -1.9906	 -1.7625	 +2.4595	 -4.2566
-13.8427	 -9.0036	 -1.7630	 +1.0122	 -1.9486	 +0.8777
 +3.9892	+43.2378	 +7.7912	 -0.4729	 -0.3924	 +2.3310
 -2.9734	 -6.0130	-12.6943	 +0.9894	 -1.1375	 +0.5935
 +4.2031	-10.2676	 -1.8966	 +2.1489	 +2.5804	 -0.0238
 +1.4637	 +4.9252	 -0.9932	 -0.6194	 +1.8810	 -1.8526
+86.8281	-37.4777	+38.2735	 -0.1706	 -0.8081	 -1.5285
 -2.4796	-12.3941	 +8.3096	 +2.5124	 +0.4777	 +3.4617
 -2.7006	 +4.7545	 +3.8096	 -3.2954	 +2.4809	 -1.8368
 -0.9602	 -4.4539	 -1.7156	 +3.3860	 +1.3641	 +2.8666
 -3.2575	 -8.2196	 +6.6499	 +1.0753	 -3.5338	 -0.1609
+13.3084	 +1.7788	-10.3652	 -1.1528	 -1.0999	 +1.2444
 -4.4757	 -8.3935	 -3.7037	 +0.6172	 +0.3430	 +2.5827
 -2.2010	 +5.6735	 +4.7186	 +3.4817	 +2.5017	 -0.2691
+12.7943	 -7.5677	+16.2149	 +1.1780	 -0.3625	 -2.6772
-15.2689	+12.6274	-11.7030	 +0.8216	 -0.5904	 -2.5956
 +8.0990	+17.8857	+49.4649	 +0.2621	 -0.0053	 +1.8452
 +4.4981	 +5.4150	+12.5242	 -1.6377	 -1.0613	 -3.2014
 -3.7505	 -4.3563	 -0.7826	 +4.9276	 +1.1845	 -0.5727
 -2.3870	 +3.5214	-16.1646	 -2.5489	 -0.3643	 -3.6338
 +4.1861	 -2.1895	-18.7544	 +3.0513	 +2.3217	 -0.9856
+19.6594	 +0.6226	 +4.8614	 +2.7983	 -0.6968	 -2.2489
-11.7037	 -3.8900	-10.2420	 +2.2327	 +1.3023	 +1.1316
-64.4543	+31.8496	 -9.9024	 -1.8795	 +0.8335	 -0.9485
 -0.0815	-21.1237	 +1.9420	 +0.1959	 +1.6674	 +0.2846
+28.7642	 +0.7739	 +4.4865	 +2.8207	 -2.4756	 -0.5999
-21.2396	 -2.4108	 -5.7572	 -2.2626	 +0.0656	 +0.6707
 -4.7614	 -0.3778	-10.2120	 -4.0973	 +0.9862	 -0.6237
 -5.1969	 +7.8197	 -3.0956	 +0.3329	 +4.4094	 -3.2816
 +7.6473	 +7.5524	 +3.4302	 +1.4279	 -2.1313	 +0.5754
 -6.7515	 -7.5407	-10.7218	 -1.9256	 +0.1010	 +0.6178
-81.6064	-169.4738	+25.0953	 +1.1445	 +0.1045	 -0.1123
 -8.8541	 -7.9741	 -9.4997	 +1.5946	 +0.1709	 +2.1126
 +2.7980	 +6.2701	 -5.4979	 +3.3529	 -3.3799	 -0.8569
 -4.6731	 -6.6688	 -4.0352	 +1.0664	 -3.1297	 -0.8967
+13.2833	-14.0088	+14.4745	 +1.4397	 +0.2109	 -1.6321
 +1.5109	 +1.2901	+25.3175	 +2.2238	 +0.4220	 +0.2012
 -0.2715	 +0.3452	 -5.7368	 -0.0407	 -4.2181	 -0.4466
 +3.3470	 +0.8614	 +8.9558	 +1.6547	 -1.8432	 -0.8931
 +6.3075	-25.6029	 -2.1591	 +2.1179	 +0.5611	 -3.4721
 -6.9683	 -1.4791	 -4.8319	 +4.7719	 -1.7501	 -0.2428
 +0.9507	 +3.7157	 -0.2810	 +1.7713	 -0.5159	 -2.0421
 -8.5821	+13.0959	 -8.8380	 +1.1347	 -1.8528	 -1.3894
 -7.1470	+11.4161	 +4.4112	 +0.4386	 -2.2724	 -2.2785
 -3.8688	 +1.6034	 -1.4320	 -5.7739	 -1.6094	 +1.1326
 +2.3355	 -5.8156	-11.1417	 +2.9777	 -0.4740	 -0.5125
 -7.4735	+23.1332	+16.0834	 -0.0565	 -1.6760	 +1.4713
-18.0509	 +2.5993	 -0.4989	 -0.4301	 +1.6225	 -1.3484
 -1.5886	 -4.4709	+13.1924	 -1.5755	 -0.7135	 +1.7652
 -0.4873	 -0.0991	 +3.1422	 -1.1483	 -7.1347	 +3.6413
 +2.8648	 -8.3966	+12.2286	 +0.1693	 +2.3705	 -5.0652
 -9.9812	+13.8343	 -1.2710	 -4.0715	 +0.9784	 +3.4387
 -2.6765	 -5.2172	-22.3167	 +1.5306	 +0.3762	 -1.6207
 -5.3664	 -3.1280	 -8.0498	 +2.1858	 +1.3047	 +3.9096
 -3.7504	 -6.2163	 +1.5106	 +5.7014	 -2.2167	 -2.3387
 -5.7969	 +3.9466	 -7.6891	 +2.1111	 -1.1642	 -6.7968
-35.9432	+38.0124	-73.7389	 +1.2574	 +1.7201	 +0.4275
-14.0661	 -6.1454	 -5.4284	 +2.1404	 -1.4235	 +0.0793
-16.0962	+13.1259	 -3.4077	 -1.9928	 +1.2053	 -0.3380
 +0.3533	 -2.7412	 +1.0205	 +0.7904	 -5.5870	 +3.7342
 -1.0558	 +4.0969	 -0.5273	 +6.6332	 -1.9560	 +1.2462
 +3.5361	 -8.6678	-11.4191	 +1.7296	 -0.4088	 -1.2398
 -2.3683	 +0.1417	 +2.0213	 -0.3632	 +1.2254	 +0.3603
 +2.2248	+14.1906	 -4.2968	 +0.0301	 +3.0816	 +4.9643
 -3.6387	 -8.2851	 -5.2264	 -5.0295	 -1.9943	 -1.3888
 -3.5894	 +3.4091	 -5.1528	 -0.5636	 -0.7763	 +1.9172
 +5.1872	 -0.6381	 -5.8627	 +1.0038	 +0.3813	 +3.4641
 +2.8014	 +1.8801	-16.6339	 -2.7562	 -2.1133	 +4.0675
+18.6472	+34.0416	+77.1127	 -1.2005	 -0.8024	 +0.6277
 -8.8502	-12.1375	 -0.0136	 +1.8395	 +1.2529	 +4.3697
+17.1910	 +3.3164	+15.5418	 +0.1448	 +1.3783	 -1.9048
 +3.3442	 +3.0652	 +1.5389	 -0.7253	 +0.3012	 +1.1598
 -8.4957	 -8.2259	-14.1321	 -2.5496	 +0.0190	 -1.1371
+59.8166	+29.3100	+39.7358	 -1.1482	 -0.0224	 +0.3793
 -1.5148	 -3.4161	 +3.4728	 +1.7405	 -4.3528	 -0.1109
 -0.3305	 -2.4533	-12.2888	 +0.2795	 +3.6185	 +0.3331
+11.2376	 +8.1600	 -2.6853	 +2.1085	 -0.5547	 +3.2473
 -1.1623	 +1.4881	 -4.3254	 +4.5001	 -2.8967	 -0.1683
-21.6184	 -1.6321	+22.4784	 +3.1789	 -1.3114	 +0.3739
 -1.2522	 +2.8262	 +0.2228	 +0.6874	 -4.7220	 +2.9343
 -0.9893	 +9.2147	-11.8000	 -1.4193	 -2.1591	 +2.3202
 +6.0809	+22.4101	 -3.3363	 -0.7502	 -0.1423	 -0.2218
 +7.4336	 -1.8974	 -3.4919	 -0.6541	 +0.1425	 -6.6114
 +3.3800	 -3.5463	-15.7343	 +1.1695	 +3.5308	 +0.3254
+20.1099	-11.2225	 -5.1055	 +1.0754	 +1.1468	 -0.3087
 -7.6253	 +9.8347	-12.3052	 +0.5034	 +1.5239	 +0.2694
-22.4840	 -5.5049	-20.5971	 -1.0859	 +2.1235	 -1.8557
 +1.1091	+11.2981	-14.6494	 +0.6500	 -0.5377	 -0.1066
-13.1313	+35.4394	-18.1742	 -1.5876	 +1.8651	 +1.7561
 +1.8426	 -0.7221	 +2.9205	 -0.3341	 +2.8781	 -4.6508
-14.9238	 -4.7793	 +0.6751	 +2.3923	 -0.3590	 -2.5154
 -4.2185	 -2.5503	 -4.0620	 -2.3953	 -3.9131	 +3.5776
 +1.5376	+10.5511	 +6.6945	 -0.2354	 +4.0698	 -2.2939
 +5.3021	 +9.4963	+12.0181	 -2.1885	 +2.9156	 +1.1401
 -1.9407	 +1.7052	 -0.1618	 -3.4680	 +0.8026	 +1.6835
 +6.3941	+12.1982	 -7.1174	 +0.1838	 -0.5682	 +2.3634
 -3.0210	 -7.3694	-13.8852	 -3.2216	 -2.1082	 +3.1736
 +0.7019	+11.3376	 +2.1272	 -1.4798	 -1.8597	 -1.0605
 -2.0166	 -7.4457	 -4.5160	 +3.3971	 -1.5902	 +3.4213
 +0.0733	 -3.0078	 +1.4843	 -1.1585	 +2.5704	 +1.8869
-25.0674	-10.0983	 -3.2509	 -0.1630	 -1.9510	 +3.7498
 +0.3383	 -0.3337	 -2.9966	 -3.5912	 -3.1860	 +3.0676
+32.8398	+11.0255	 +5.4846	 -0.1047	 -0.2760	 -0.1484
 -6.6740	 -6.7179	 -8.2469	 +0.6583	 +2.8645	 -1.5603
 -8.2252	 +0.9405	-11.5958	 +1.9142	 +3.1641	 +0.6333
 -2.8061	 +4.7443	 -0.9743	 +3.1848	 -5.2850	 -3.3481
 -1.9822	 -2.8568	 -6.0181	 -0.2353	 -0.7597	 +0.2992
 +3.5691	 +0.7948	-18.2815	 +3.3842	 -1.5565	 +1.0834
 -2.8160	 +4.6218	 -2.9374	 -1.7941	 +3.0741	 -3.2183
 +6.8839	 -4.5941	 +3.1804	 -0.0921	 -0.6723	 -1.3269
 -4.0485	 -3.0255	 +8.1243	 +0.7403	 +0.4096	 -0.2020
 -6.7859	-13.3387	 -2.5093	 -5.3488	 +1.0769	 -0.1471
-81.0888	+42.9029	+29.9441	 +0.5090	 -0.1067	 +0.4719
+16.3614	+12.3196	 -8.2401	 +0.0466	 -1.2644	 -2.5450
 +7.8606	 -1.1710	 +6.6582	 -1.7277	 -2.3154	 -1.0122
 +1.5080	 -7.5540	 -1.3477	 +3.4763	 +0.3427	 -3.6326
 -2.6695	 +1.7448	 -4.2903	 -1.7047	 -3.2325	 +2.7322
+16.8444	 -7.3323	 -2.5261	 +3.4189	 -0.2880	 +1.3991
 +0.9220	+24.6665	-38.7324	 +0.9429	 +0.5977	 +0.1479
 -2.6791	-14.0433	+18.7345	 +2.2489	 +2.3437	 +0.8172
 -5.8978	 -3.9124	 -5.7717	 -3.2406	 +1.3377	 -2.3217
 -1.1781	 -4.7816	 -2.9030	 -1.9867	 -1.9698	 +6.3174
 -4.5617	 -1.6872	 -5.0214	 +1.3587	 +1.1409	 -2.2775
 +3.4428	 -0.3121	 +1.2151	 +3.0364	 -0.3811	 -2.0395
 -9.4031	 +7.9185	 +0.0124	 +3.5562	 -1.0791	 +3.5104
+12.1734	 +0.9712	 -3.5169	 -2.0382	 -2.1459	 +1.7756
 -1.5998	 -2.3422	 -2.7271	 +1.0909	 +0.1154	 +4.3001
 +2.9201	 -3.8770	+14.5995	 -4.4538	 -2.8616	 -1.6373
+16.5034	-18.1544	 -3.7753	 -1.2687	 -0.5359	 +2.2105
 +5.0271	 +4.6182	 -5.5723	 -0.3468	 +2.0949	 +4.3380
 +3.2953	 -3.7759	 -4.7602	 -3.0097	 +3.5957	 +2.4643
 +2.5746	 -2.3593	 -2.3622	 -6.8190	 +0.4186	 -0.1596
 -2.4870	 -3.9584	-21.0170	 -2.3417	 +0.5099	 -0.1137
 -3.2971	+11.1540	 -1.1747	 +1.9422	 +2.6448	 +1.6005
-12.3762	 -4.4549	 -6.9096	 +0.6622	 +4.5831	 -0.4674
 -2.0996	 -4.9180	 +4.8264	 +0.8403	 +2.1918	 +2.0580
-14.2458	 +2.6419	 +1.0668	 -0.6363	 -3.4911	 +2.6160
 -3.0204	-18.3642	 +2.4409	 -4.1321	 +0.7592	 +1.2545
-26.3265	-11.0816	-15.3228	 +2.3223	 +1.4526	 -3.0146
 +2.9655	 +0.0113	 -8.8357	 -3.8117	 +1.4151	 -3.4098
 -7.7239	-19.5134	-21.9471	 -1.5528	 -2.5856	 -1.3777
+12.6537	+12.3265	 +3.4890	 -0.0937	 -1.3297	 +2.0487
 +1.1782	+14.6155	 -0.3018	 -4.1074	 +0.4695	 -1.7545
 +4.1453	 +3.7636	 +1.8501	 +2.6132	 +3.2715	 -2.6140
-38.3166	+29.1628	+36.9808	 +0.5871	 +0.0801	 -0.3824
+23.0890	 -2.3925	-10.4293	 -1.1640	 -0.2881	 -1.5667
 -1.3619	 +3.0261	 -5.6321	 +4.1540	 -1.4507	 -2.8937
 -8.5804	 -2.8160	+10.7886	 +0.4102	 -3.4633	 -1.7887
 +0.6901	 -3.2912	 -6.1139	 +2.6286	 +3.5605	 -2.3998
 +8.3406	+16.7919	+14.8201	 +1.0140	 -0.6806	 -0.3814
+27.0243	 -1.9531	-10.7391	 -3.1868	 -0.8708	 +1.0411
 -2.8057	 -8.4535	 +0.0864	 +1.2643	 +0.6145	 +0.8804
 -7.8221	 -1.2443	 -7.1355	 +2.2019	 -3.8501	 -4.2251
-12.6270	-12.3332	-11.7726	 -0.1416	 +0.6677	 -2.4113
 +5.3514	-13.5304	-10.3443	 +0.2576	 +2.0042	 +4.3617
 +0.8888	-11.7689	 +3.7853	 -0.9332	 -1.1358	 -0.7835
-11.5157	 +2.9346	 -6.2310	 +1.7096	 +0.4459	 +2.9161
-88.1548	-30.6385	+72.4651	 +1.5851	 +0.2308	 -1.3969
 +4.8555	-13.8261	 +5.5921	 -2.3345	 +0.9496	 +2.6056
 -0.4597	 -8.9176	+36.2141	 -1.4851	 +3.5005	 +1.7354
 +7.1202	-12.6828	-17.6855	 -0.4809	 +3.3201	 -0.0690
 +4.5382	 +2.1964	 +1.1838	 -1.1332	 +0.3901	 -0.5497
 -2.2352	 +4.9647	 +1.4788	 -3.4907	 +2.1443	 +2.4582
 -2.8996	 -8.0172	 +4.9477	 -3.1460	 +3.1772	 +0.9907
-14.9133	 +6.2770	 -5.7868	 -1.0021	 -1.1293	 -0.2919
 +1.4249	 +0.3855	 +6.0122	 +1.6893	 -3.7836	 +0.6907
 +6.1437	 +4.9723	 -6.3923	 +4.8209	 -1.4659	 -1.5223
 -6.6302	 +9.8467	 +1.1249	 -2.4225	 +3.1181	 +4.0202
 -5.7400	 -2.9868	 +4.6882	 +0.3703	 -1.4511	 +2.3507
 +0.1018	 -0.2982	 -2.9149	 +6.7973	 +0.8971	 -0.9025
 -1.7739	 -0.8849	 -4.6240	 -0.6268	 +5.7708	 -1.9226
-14.8235	-17.0076	-30.1046	 -0.4326	 -0.6568	 -1.8732
 +2.1986	 -0.9625	 -4.5223	 +1.6950	 -1.7684	 +0.1203
-10.5576	-13.2702	-26.0109	 +0.9985	 +1.3512	 -0.4591
-50.6311	+14.3720	+40.7104	 +1.7571	 -1.0067	 -1.2887
-41.9679	-20.2133	+11.9237	 +2.2974	 +1.5714	 -0.8841
 +3.1317	 +4.8793	-12.0272	 -0.2709	 -2.5280	 -3.7333
 -2.5247	 +3.2822	 -6.2381	 -1.5901	 +1.0132	 -2.0070
-71.1220	-124.3701	+118.1914	 +0.7088	 +0.1363	 -0.1615
 -0.9831	-19.4245	 -3.9904	 +1.5302	 +0.6124	 +0.5025
 -3.5681	-11.7654	 -6.3334	 +3.0238	 -0.5580	 +3.8329
 +1.9675	 +5.4305	 -6.9516	 -0.1400	 -0.4078	 -0.8273
-23.1926	-27.4251	-22.6612	 +3.1037	 +0.4234	 -0.4925
+12.2771	 -3.5107	 +3.7943	 +2.8575	 -0.0015	 +0.2684
 -4.9981	 -0.0460	+14.7624	 +0.0660	 +1.3811	 +1.5849
+19.1231	 -7.2735	+45.1154	 +0.8949	 +2.8026	 +0.2680
 +8.3301	 -4.0086	 +3.6968	 +0.3263	 +0.0824	 +3.6517
 +7.2535	 +5.6345	-10.0967	 +2.2109	 -0.9640	 +0.3144
 -6.0421	-11.0034	+19.3364	 -1.0905	 -0.7131	 +3.1960
+11.7157	-17.2419	 +1.1087	 +0.4739	 +0.0884	 -3.6726
-26.5481	 +4.7523	+26.5151	 -0.0944	 -1.1591	 -0.6228
-13.9042	-12.6594	 -3.6625	 -2.5125	 +1.1088	 -2.9539
 -4.0349	 +2.1470	 +2.6822	 -0.6126	 -0.1597	 -2.0336
+14.9220	 -8.6648	 -3.8756	 -1.5002	 -1.3801	 -0.7706
 -0.6329	 +4.2780	+13.5086	 -1.5032	 +0.9965	 -0.4786
 -1.3981	 +0.1463	 +0.2475	 +3.9252	 +5.1246	 +4.4262
 -2.8251	 +9.4230	+10.7381	 -1.0602	 -1.2778	 +1.1258
-11.0329	 +0.1859	 +1.4089	 +3.3378	 +1.9738	 -4.2793
 +5.3074	 -2.3826	 +6.6798	 +1.3498	 +4.0357	 +1.4491
 +7.9772	 -3.3046	 +6.0167	 -3.1571	 -0.6399	 -1.0711
-23.5505	+14.7072	 -5.1113	 +2.8932	 -0.8295	 -1.8783
 +1.7422	 +4.3439	 -2.1277	 +0.1070	 -2.8870	 -3.0137
 +3.1210	 +5.3189	 -1.2836	 -0.7350	 -0.0778	 -5.9952
 -8.7650	 -6.8437	 -2.3128	 -0.7114	 -1.0360	 -4.4336
-10.8698	-12.0314	-17.8131	 +1.3556	 -0.4187	 -0.1357
-25.4257	+23.8564	-66.8920	 +0.6314	 -1.6334	 +1.2098
 -8.9607	+20.7717	 +6.2699	 -1.8727	 -2.6104	 +1.1601
-32.4829	+68.9048	-49.2932	 -1.9995	 -1.0301	 +0.4325
 +8.3087	 +7.6779	 -0.9089	 +0.3360	 +3.4006	 -0.6633
 +7.3757	 +7.2589	 +2.9181	 +0.9327	 +4.2607	 -2.6275
 -5.5807	+20.6811	+10.1276	 -0.6420	 -1.6762	 +0.5716
 +6.5847	 -3.7918	-25.2681	 -0.7760	 -1.3765	 -1.9759
 +8.0980	 -1.6728	 +4.2538	 +2.7185	 +1.7425	 -4.2134
 -9.0781	 -7.5902	-17.6581	 -1.2326	 +1.2755	 +1.0689
 -9.4613	 +2.4611	 +5.7756	 -1.4471	 -1.4104	 -0.9329
 -2.4148	 +0.1750	 -5.6019	 +2.9794	 -1.4691	 +2.3684
 -7.1727	-17.4266	-12.0135	 +0.1687	 -0.9451	 +1.8975
+11.3194	 -2.3997	 -2.3620	 -0.0811	 -3.0240	 +2.0214
 -8.9672	 -6.8713	+12.8913	 +1.8679	 -1.3560	 -0.4391
-22.0683	-12.0421	 -1.5253	 -0.7361	 -1.5141	 -2.0414
-17.1350	 -0.8184	 +5.8397	 -0.6509	 +5.0669	 -0.1728
 +5.8450	 -3.2926	 +5.6393	 +0.2793	 +1.3078	 -4.0393
 +2.1307	 -0.5766	 -8.1712	 -2.2727	 -2.3374	 -3.5412
 -7.4681	 -4.0618	 -4.0784	 +0.9524	 -5.7802	 +0.4752
 +4.7418	 -4.1301	 -8.5908	 -2.7823	 -3.8162	 -0.3493
-139.9369	-170.3745	+114.7693	 +0.4086	 +0.9281	 +0.0600
-13.2847	+13.8927	 -3.7678	 -0.5420	 -1.5114	 +1.5859
-19.1028	+23.3513	+40.3520	 -0.0129	 -2.8304	 -1.0926
-11.7069	 -0.4312	+19.0683	 -0.2579	 +0.9222	 +0.4687
 +7.7795	+73.6574	-78.8227	 +0.0489	 -0.2308	 +0.5847
 -6.4018	-20.0793	 +7.6424	 -0.2137	 +1.4404	 +2.0211
 +7.6988	 -1.9659	 -6.3987	 +0.2927	 -0.6531	 +2.6146
 +3.5428	+16.0924	-17.7043	 +1.8352	 -2.4890	 +2.1440
+20.2224	+12.7010	 -6.7728	 +3.0513	 +0.5408	 -1.4193
-17.9278	+11.1629	 -7.4103	 +1.6259	 +2.7806	 +0.0937
 +2.7117	 -7.8016	 -1.3421	 +3.4859	 +1.6322	 -1.5305
 +0.6263	 +3.9909	 -1.2767	 +1.1181	 +3.6747	 -4.4743
 +3.3052	 -0.9543	 -5.1409	 -2.9846	 -0.2278	 -0.9394
 -2.9915	 +3.1938	 -0.1479	 -1.5064	 +1.8425	 +3.7998
-20.2386	 -0.2247	 -5.5161	 +2.1773	 -2.0102	 -0.2651
-17.1220	+13.6359	 -3.6605	 +0.8522	 -1.6468	 -1.0237
 -0.2454	 -5.0879	 -2.3371	 +5.4954	 -4.7881	 -1.6755
 +3.2760	 +4.5018	-31.6146	 +0.2318	 +0.5386	 +0.8428
 +1.2661	 +9.9831	-10.8460	 -3.6659	 -2.2272	 -1.7985
 +4.1661	+14.8792	 -4.2616	 +0.3597	 -1.7213	 +3.9843
-11.1175	 -2.9133	+16.2019	 -0.2651	 +0.8922	 +0.6866
-29.3882	 -1.4687	+20.8877	 -0.5910	 +1.1439	 +1.6124
 -7.0236	 +0.7259	 -4.2661	 -2.1657	 -3.0493	 +1.9376
 +3.7215	 -9.2822	 +2.9725	 -3.5985	 +0.4585	 -3.1833
 -0.2765	 -0.2005	 -1.9764	 +0.9296	 +6.0159	 -0.6806
 -4.8172	 +4.6363	 -8.3615	 -0.2109	 -3.2592	 -3.1913
 +1.7863	 -1.5911	 -0.7592	 -0.6115	 +6.2602	 -3.6245
-17.1513	 -7.5301	 -8.4628	 -0.0418	 -2.7237	 -0.7815
 -7.6291	 -0.5289	 -6.1109	 -2.8719	 +3.7055	 +2.2409
+17.4376	 -2.8574	 -9.3004	 +1.0420	 +0.4098	 -1.6989
-15.0446	 +5.9565	 -4.1697	 +2.3801	 -1.8510	 +0.2065
 -4.5038	 -4.4428	 -4.8756	 +2.4540	 -4.2273	 -3.8094
+12.3143	 -3.7681	 +1.3140	 +2.7390	 +2.7415	 -1.7220
 -3.3949	-10.9365	-12.0501	 +0.3913	 -2.0361	 -0.8738
 -2.6412	 -8.7449	 -8.3150	 +0.9707	 -1.1344	 -3.0728
+10.2034	+21.7825	+14.6236	 -0.1507	 -1.4715	 -3.0926
+10.7207	 +7.7166	 -7.6774	 +0.2570	 +0.6066	 -0.7017
 +2.9571	-12.8680	 +2.8522	 +3.1489	 -0.8705	 +0.6324
+37.0177	 -4.4128	-11.1584	 +0.3489	 +1.2784	 -2.2238
 +4.9036	 -5.5336	 -1.1438	 -2.8534	 -0.4044	 -3.1866
 +2.5712	 +1.4945	 +1.2436	 +1.8271	 +2.1100	 +2.7333
 +3.1303	 +5.1553	-10.2862	 -2.5321	 -2.0578	 +2.8867
 +7.5872	 -0.3705	 -0.2051	 +3.1192	 +0.7847	 -1.1203
 +1.7943	 -5.5277	 +5.7733	 +5.6293	 -0.8799	 +2.3342
 -3.6564	 -3.5706	 +1.8272	 +0.0361	 +5.8783	 +3.4251
-11.6918	 +0.3994	 +6.2297	 -5.2087	 +2.1439	 -0.1185
 -0.7822	 +1.2595	 +4.3380	 +1.4032	 -0.1551	 -0.3876
 +0.0288	 -0.5363	 -6.0913	 +1.1644	 +0.1965	 +0.8393
 -9.3335	 -7.1899	 +6.2805	 -3.2779	 -1.3886	 +3.5761
 +1.5095	+43.7218	 -9.5539	 +1.9830	 -0.2918	 +0.3800
 -5.0133	 -0.7822	 +3.3767	 -1.4058	 +1.4536	 +0.5886
 +7.4166	 -5.8609	-18.6329	 +1.5384	 +1.0502	 +2.7000
 -5.7088	-21.4864	-11.9497	 +2.3180	 +0.1793	 -2.6591
-10.6957	 +6.8397	 +0.3248	 -2.1621	 +3.7355	 +0.3583
-11.3975	-12.1655	 +1.6766	 -0.5301	 +4.1323	 +0.1087
 -3.5300	 +1.7005	 -7.1543	 +1.3702	 -1.4153	 +4.3229
 -9.3322	 -2.7107	 +9.9566	 -0.2012	 -1.0310	 -3.9949
 +1.5986	 +5.7537	 +5.6529	 -0.0218	 -3.6595	 +3.9207
 +3.3330	-15.5948	 -2.2882	 +4.5143	 -0.5385	 -1.7825
-10.0694	 -0.3967	+13.6297	 -2.7016	 -0.8509	 +2.2738
 +0.8182	 +3.3961	 -5.0400	 -3.4075	 -1.5519	 +0.7315
 +7.0937	 +0.4730	+37.0961	 -1.1881	 -0.7046	 -1.3559
 -0.2527	 +0.7549	 +1.4539	 -4.1211	 -0.7520	 -0.1982
 -8.0608	 -3.5841	-10.7807	 +1.1279	 -3.0850	 +0.3937
 +7.5585	-16.5666	 -3.3672	 -1.0718	 -3.3706	 -2.3084
 +5.5523	 -5.0989	 -3.8998	 +1.4527	 -2.6572	 +0.5222
 +2.4803	 -7.3218	 +0.6497	 +1.3665	 +2.8556	 +4.8285
 -7.2431	 -6.6321	 -9.8547	 +4.6242	 -0.7743	 -0.8292
 -1.6065	 -3.5035	 -4.8993	 +1.4671	 +3.0050	 -2.4550
-62.3794	-15.3527	-24.6883	 +0.2766	 +0.4005	 +0.2794
 -0.8279	 +4.2651	 -8.6190	 -0.8592	 +2.4060	 +0.0207
 -5.3267	 +2.0704	-14.2676	 +2.6009	 -0.2103	 -0.5794
 -8.0964	 +6.0906	 -4.5206	 +2.4964	 +0.7037	 -1.4165
