# Iterations: 1531 of 10000
# Total Energy: -6.406e+05
#    Kinetic Energy: 6.832e+05
#    Potential Energy: -1.324e+06
# Current Time: 2018-05-09 15:25:40.571194
# Elapsed Time: 3:48:56.934064
# 
# Med. Times for Sections
#    Force Computation:		6.839877
#        [6.8654606.8833826.8051666.7613186.8650806.8598816.8425786.7991186.8371776.795783]
#    Gather Particles:		0.000116
#        [0.0001130.0001160.0001140.0001140.0001250.0001230.0001150.0001250.0001140.000123]
#    Overall:		8.711914
#        [8.7352718.8112368.6997778.6965218.7724078.7672668.7174998.6771228.7063298.679633]
#    Scatter Particles:		0.002408
#        [0.0022700.0023460.0023790.0022150.0032970.0025440.0026810.0024360.0026660.002274]
#    Time Integration:		0.000114
#        [0.0002060.0001050.0001070.0001130.0001110.0001640.0001140.0001180.0001240.000115]
#    Tree Broadcast:		0.909576
#        [0.9082040.9346130.9203180.9350490.9264660.9109470.8799090.8936430.9008130.902666]
#    Tree Construction:		0.980124
#        [0.9589650.9906220.9716430.9976520.9772510.9935500.9920460.9816260.9653710.978621]
# 
# x	y	z	vx	vy	vz
# 
 +1.4555	 +2.0370	 +0.6977	 +1.8155	 +3.1863	 +2.1258
-16.5174	+25.0020	 +5.2358	 -1.1523	 -0.1392	 -0.1054
 +6.3442	 +6.5403	 +2.7845	 -1.6871	 -1.6911	 +2.9853
-28.5741	 -4.5134	+11.5423	 +1.8398	 -2.5632	 +0.0891
-11.9344	+14.6883	 -0.8238	 -1.6120	 -0.6277	 -0.7489
-11.7437	 -4.1734	 -0.0409	 +1.6071	 +0.7019	 -3.6936
 +2.3563	+10.1367	 +7.8750	 +1.5853	 -1.4294	 -0.2498
 -1.6630	 -7.0780	 +2.5670	 +3.2209	 +3.7631	 -2.2373
 +3.1903	+23.1542	+10.5744	 -0.2292	 +3.3943	 +2.5742
-22.8693	 -8.4435	 +1.1441	 +2.6337	 -2.2970	 -0.7494
 +8.1749	-14.9939	-17.4056	 -1.1708	 -2.8725	 -1.0513
 +0.3724	 +2.9301	 -6.6453	 +1.8103	 -0.8564	 -2.4345
 +9.1583	 -5.9365	 +1.4170	 +2.9553	 -0.1471	 -2.4769
 -7.9399	+13.1676	-18.9939	 -2.5610	 -1.4163	 +3.0953
 +2.5994	 +1.2745	 -3.8016	 -1.2491	 +1.6546	 -0.4676
 -1.3426	 +8.7386	 +3.2592	 +4.0308	 -0.0851	 -1.2512
 +3.7158	 +9.2081	 -5.3255	 -3.6040	 +1.0388	 -3.6567
 +9.1927	 -7.9136	 +7.0228	 +0.4367	 +0.1211	 -0.7288
 -5.4856	+12.0012	 +0.3359	 +2.1083	 -2.5685	 +1.9880
+82.9117	-40.2747	+79.8263	 -1.6492	 -0.7350	 -0.0374
 -6.1559	 -5.9653	 -4.0044	 +0.3184	 -2.7520	 -4.6643
 -3.1301	 +2.2246	-12.6449	 +0.4258	 -2.8630	 -0.2039
 +4.1265	 +6.1477	 -8.2302	 +0.4588	 +3.6550	 +1.3626
 +5.3097	 -9.7871	-11.5341	 +0.0152	 -0.6120	 +0.6908
 +0.6713	 +0.6346	 -4.4437	 +4.5966	 +2.6199	 -3.5085
-51.8735	+44.2127	-17.5006	 -0.4837	 +1.0918	 -1.0571
 -1.6269	 +0.4776	 -4.4745	 -1.4201	 -5.0936	 -0.3437
-10.0882	+13.6653	-19.3491	 +2.5076	 -0.3038	 -0.4027
-17.3728	-14.1908	 -8.9074	 -2.3793	 +1.2900	 +0.7115
+17.4985	+32.2641	+13.5226	 +0.0818	 +1.6872	 +0.7709
+24.9268	 +4.1361	 -3.9859	 -1.4426	 +1.1648	 +1.6162
-56.1392	+33.9467	+24.2250	 +0.6805	 +1.4233	 +1.4265
 +5.0643	 +9.3015	+16.1169	 +2.0263	 -0.2289	 -2.1090
 +4.2741	 +6.5523	 -4.3036	 -0.9349	 -4.2963	 +2.5194
 -3.0190	 +6.9693	-23.0622	 -0.9055	 +1.7008	 -2.9527
 +1.4562	 +1.3319	 +3.5875	 -3.2193	 -0.7024	 -1.4116
 +5.2839	 +2.9910	 -6.2700	 -0.8967	 -3.3867	 +0.9266
 -8.9678	 +7.8891	 +2.2289	 +1.3630	 +0.5367	 +4.3818
 +5.9339	-12.9345	 +1.0576	 +0.5192	 +1.5486	 -0.7402
 +1.3268	-10.9513	 +4.2654	 +0.5594	 +2.5096	 +1.3732
+21.2417	-37.1436	 +2.8715	 -0.5001	 -0.2547	 -0.8961
 -6.0521	 +5.0678	 -7.4508	 -3.0962	 +1.0395	 -2.2642
 -2.8972	 -8.0639	 -6.3609	 -1.9882	 +3.0317	 -1.6475
 -1.4985	 -5.7047	 -4.9318	 +1.9931	 -0.6054	 -1.9533
 -7.4796	-14.1880	 +7.9689	 -3.7897	 -1.3807	 -0.4645
 -2.9410	 +0.2812	 +3.1731	 -3.9654	 -2.4527	 +1.9820
 -8.3633	-10.8919	 -5.2913	 -1.9037	 -0.1627	 -4.1449
 -0.3849	 -8.6697	-12.7195	 -4.8681	 +2.1780	 +1.5544
 +7.3097	 +2.2274	 -1.6133	 -0.2168	 -0.3412	 -0.5814
-12.9247	 -0.9887	-10.8034	 -0.6041	 +2.7241	 -1.7789
-13.0814	-44.2168	-10.1265	 +1.7290	 +1.7384	 +2.1633
 -3.8208	 +0.9035	 -6.3283	 -0.7813	 +1.5728	 +0.5243
-14.5928	+26.5715	+21.7679	 -2.2766	 +1.1613	 -1.2888
-12.7368	 -8.8822	-13.5642	 -1.0782	 +3.7959	 -0.0170
+10.7321	+27.6642	+69.2961	 +0.2740	 +1.9948	 +0.4473
 +3.7450	 +2.6682	 -2.0940	 +7.3611	 -1.2090	 +0.0848
-28.8855	 -5.5654	 +2.9311	 -2.1002	 -0.9629	 +1.1222
-11.9050	 +5.6679	 -2.4339	 -0.6555	 -0.5338	 -2.5065
 -2.4964	-11.2145	 -3.8106	 +0.8828	 -3.7115	 +1.8099
 -6.6840	+25.9263	-13.3973	 +2.8582	 +1.4077	 -1.3727
-16.0754	 +4.9616	-20.3488	 +3.1380	 -0.5359	 -0.4770
 -0.2945	+34.8721	 -9.0304	 +0.8230	 -0.0020	 +1.9449
 +1.8954	-12.7093	 -6.8616	 +1.8252	 -0.2464	 -0.9799
 -4.8981	 -2.9971	-10.8988	 -1.0590	 -4.7512	 -0.1369
 -3.8063	 +0.6901	 +6.2507	 +0.4044	 +0.2103	 -0.2012
 +7.9794	+14.0948	 +3.4329	 -0.4560	 +0.7515	 -0.5799
-11.4130	-10.2480	-24.0431	 -0.5642	 -1.5679	 -0.9288
-36.4602	-29.7254	+15.2580	 -0.5454	 -0.3178	 -1.5626
 +0.6438	+23.7713	 +8.3861	 -0.1788	 +0.3813	 -0.9579
 -5.0844	 +7.2915	 -3.1185	 -1.4929	 +3.5818	 +4.0462
 -7.5156	 +2.3968	 -2.8711	 +1.1094	 +1.9168	 +1.5978
 +5.9820	+14.7694	 -4.2379	 -1.9819	 -2.3657	 -0.7744
 -6.0296	 +3.1914	 -9.7083	 +1.2236	 -0.4025	 -2.5288
+13.2751	+14.7200	-110.8273	 +1.9200	 -0.0766	 -0.8308
-17.3296	 +6.1761	 +4.1929	 -4.0474	 -0.7411	 +0.3465
+15.3997	-17.6098	+13.9686	 +2.3282	 +1.5374	 +0.0933
 -0.7305	 +7.5964	 -2.3561	 +3.1760	 +0.1846	 +1.0634
 +7.2172	+15.2226	-10.4357	 +2.2023	 +1.3427	 +2.7797
 -5.0940	 +9.0728	 -5.6292	 +1.3306	 +3.8129	 +1.3315
+15.2219	+15.2348	 -1.5087	 -3.6342	 +1.0082	 +0.4518
 -3.1172	 -3.9069	 -2.5693	 +0.0548	 +0.5302	 -2.0594
 +3.2315	-18.6793	 +5.3685	 +1.5312	 -0.7440	 +0.2381
 -1.3868	 -0.5079	 -2.5663	 -0.8368	 -0.4419	 +4.8725
-17.1920	 +6.4935	+47.8368	 +0.0351	 -1.7006	 +0.9244
+15.5592	+18.7472	+23.3837	 -1.3784	 -0.3324	 -0.0029
 +7.0743	 -8.2948	-18.9289	 +1.5739	 +1.6893	 +1.1800
 +4.3525	 -3.8193	 +9.3672	 -3.4510	 -1.4179	 -0.6274
 -1.8459	 -1.5210	 -3.8920	 +2.6613	 -7.5806	 -1.1339
+10.1711	 +2.3290	-12.1085	 -2.0904	 +4.7405	 +0.3876
 +0.4737	 -8.8531	 -1.7011	 -0.6980	 -4.7915	 -0.7420
 -9.4513	 -4.0102	 -6.6331	 -1.5322	 +1.7304	 +2.1500
 -3.7954	 -0.8560	 -4.2262	 -1.4511	 +1.0246	 -2.3490
-21.2606	-32.3279	-43.7189	 -0.2065	 +0.1018	 +1.0189
-21.9946	-12.0334	+15.4422	 +0.7369	 +0.1086	 -0.8498
 +2.8452	+10.0480	 -3.7810	 +0.5447	 +2.2981	 -0.7907
 -1.8741	 -2.2458	 +0.6954	 +4.7795	 -3.3186	 +2.5205
 +0.5263	 -9.5066	 +7.8804	 +1.9861	 -4.7246	 -2.7983
+12.6925	 +3.8399	-17.3980	 +2.7843	 +0.9105	 +0.0084
+14.2666	 -3.1560	 +1.8175	 -1.8506	 +2.2247	 +0.9602
 +6.4819	+10.7266	+21.0341	 -2.3083	 -0.4848	 +2.7568
-13.0806	 +5.8561	 +0.6369	 +3.8807	 +2.4208	 -0.9114
 +3.5974	 -0.6838	 +8.3279	 -3.2280	 -0.5845	 -2.9209
 +0.0153	 +2.1174	 -7.1380	 +2.0538	 +0.7494	 -0.9945
 -3.9785	 -9.1334	 +2.8937	 -0.2317	 -1.3904	 -4.4794
 +0.5171	 +1.2859	 +1.8755	 +0.0288	 +0.8907	 -2.1989
 -5.2305	 -3.5373	 -0.9120	 -2.9430	 -1.7916	 +5.1373
 +4.3232	+15.6816	-18.5185	 -2.8742	 +2.7716	 -1.5725
 +8.3283	 +1.0429	 -2.4952	 -3.7788	 -2.7636	 +0.6196
+19.1915	+23.3083	 +0.6447	 -2.0932	 -0.5631	 -1.7700
 -9.3621	 +1.4906	+12.2208	 +0.9577	 +0.4335	 -0.7448
-14.7466	 -1.3895	 -1.6792	 -0.8081	 +2.2388	 -1.4737
+470.4699	+397.7361	-222.6911	 -0.2893	 +0.6650	 +0.3197
-140.2343	+115.7193	+205.9406	 -0.0651	 +1.1009	 +0.3734
+25.6870	 -9.0201	 -6.0274	 -1.7715	 +0.5642	 -1.4448
 +6.9466	 +8.2575	-15.6149	 +2.4427	 +1.8424	 +1.2027
 +1.2155	-11.1683	+11.0189	 +1.1283	 +2.0683	 +2.2240
 +1.3899	 +9.4014	 +5.0366	 +3.1564	 +0.0026	 -0.4244
-43.7393	-10.8516	-19.4987	 +2.8911	 +0.5707	 -0.3574
 +0.4382	 +1.2775	 -2.5621	 +3.5597	 -0.8388	 -0.0094
+46.6164	-29.0375	-34.5194	 -0.4457	 -0.1737	 +1.0208
 +5.8826	 +2.3631	+20.3715	 -1.1979	 +1.5091	 +0.6080
 -6.2234	 +7.0831	 -0.7279	 -1.6653	 +1.7817	 -1.2324
 -0.8752	 -1.5787	 -0.5321	 -0.3783	 +3.4692	 -1.3917
 +8.7234	 -5.7128	 -2.0238	 -1.1779	 -1.6102	 +1.3134
 +2.1062	+16.2435	 -1.3609	 +0.9310	 +1.2486	 -0.6528
 -1.8312	 +1.8555	 +9.4774	 -0.8005	 +1.3614	 -1.1230
 -0.5721	 -3.3917	+15.2294	 -2.9218	 +0.0284	 -0.7325
-12.3683	 -1.9567	 -0.7989	 -3.0563	 -0.5944	 +0.5345
 -5.1374	 -0.6424	 -6.3788	 -0.5219	 +3.1816	 +2.5816
 +1.3365	+11.5608	+12.5163	 +1.6528	 -1.6581	 -0.2610
+14.8025	+14.9399	-180.6884	 +0.0493	 -1.1883	 -1.0986
 -7.8103	 -9.6687	 +6.1598	 +2.5664	 -0.2575	 +1.8198
 +9.2318	 +0.7312	 -6.4943	 +0.5889	 +2.8375	 -1.3538
 +4.8803	 -6.0704	 +0.1677	 -4.0490	 -1.0215	 +0.5762
 -0.8030	 -5.7044	 -0.4525	 +1.9133	 +1.3471	 +1.1108
 -3.6675	 -5.1563	 +0.7748	 +4.7380	 -2.7251	 +4.4869
 -3.9460	+15.9789	 +7.9784	 -3.1863	 -1.8048	 +0.0665
 -7.6699	-31.8854	+14.3392	 -2.0698	 +0.6709	 -1.1628
 +1.1653	 -2.8391	 +5.3067	 +2.3060	 -2.0140	 -2.2113
-12.7255	+24.1480	 +8.0562	 +0.6103	 +0.5635	 -0.5163
 -1.9345	 -1.7261	 +3.4056	 +3.3480	 +2.0754	 +3.3785
-12.3197	+12.1929	-15.4234	 +2.8780	 +0.5475	 -1.8253
 -4.7599	 +1.2751	 -1.6681	 -0.2220	 -1.6980	 -3.3272
 +7.7205	+27.7485	-19.2481	 +2.8854	 +0.1782	 +2.6598
+56.5097	-21.8568	+14.3862	 -0.8080	 -1.7158	 -0.6497
 +4.6721	 +1.6889	 +7.5740	 -1.1480	 -0.3965	 -3.4274
-45.3196	-52.4455	+57.0328	 -0.9748	 +1.5159	 +0.5163
 +3.9918	 -3.8571	 -4.1849	 -0.0963	 +4.0449	 +0.5376
-15.6683	 -8.0118	 -7.7265	 -1.9401	 +0.7101	 +4.0071
-10.9687	 -8.8350	 -1.7981	 -1.6267	 -2.5785	 -1.0523
 -6.9671	 -6.9727	 -9.3367	 +1.0443	 -0.5260	 +4.5055
 -7.7894	 -6.5639	 +0.3893	 +0.5828	 -5.0986	 +1.1047
 +6.0949	-10.6119	 -1.1411	 +1.0782	 -3.7244	 +0.1153
 -5.0559	 +6.0380	 -7.4909	 -1.1796	 +0.4320	 -4.2590
 -3.1593	+11.1714	 -3.3157	 +1.6284	 -2.1276	 -1.0850
+12.1264	 -8.3803	 +0.5820	 -1.5254	 +0.4019	 -2.5605
 -0.6107	 -4.9820	 +4.3876	 -5.4544	 +2.3238	 +1.3883
-26.0322	 +9.4007	 +4.4098	 -0.4680	 -0.5752	 -3.6114
 -8.9030	 +4.7106	-10.7094	 -1.6858	 +1.8002	 -2.0791
 -2.6542	 -2.3187	 -0.0306	 -2.7184	 -0.1355	 +1.9870
 +5.5938	 +5.5666	 -8.1502	 -2.2478	 +2.3251	 +0.9203
+28.6102	+12.2999	-27.0973	 +0.6566	 +1.2347	 -1.0464
 -4.7113	 +0.4438	 -2.0390	 -2.6768	 -3.1904	 +1.0547
 -3.1137	-15.4172	 -3.5890	 +2.1732	 +1.6810	 +0.3640
 -9.1037	 -6.3892	 -7.0413	 -1.8880	 -3.9131	 +1.4673
+10.6323	 -2.1289	 +0.2226	 +1.0296	 -1.7963	 +3.0572
 -2.3456	 +4.4562	 -5.6418	 -0.5971	 +3.5446	 -2.3562
+19.3635	+11.7627	 +7.1932	 +0.4634	 +2.2045	 -1.8960
 -6.4777	 +0.3214	 +0.2861	 +2.2388	 -1.0195	 +0.8158
-11.4685	 +5.9814	 -7.1579	 +2.0583	 -1.0984	 -2.4112
 -1.1420	 +8.6441	+16.2680	 -1.3970	 +2.0082	 +1.3693
 -0.6318	 -0.5167	 -4.6021	 +2.2851	 -0.2735	 -2.5978
 -1.6409	 +4.2801	+14.6478	 -0.5681	 +0.9231	 +2.3533
 -3.2707	 -2.5329	 -4.6196	 -3.6033	 +3.8141	 -4.5695
+21.4070	-15.2743	-37.4387	 +0.6797	 -1.2804	 -0.8647
+16.1148	+34.0092	-23.1217	 -3.2372	 -0.2548	 +0.7383
 +6.9204	+12.1048	 -6.9798	 +3.1540	 -2.1148	 +2.6023
 -4.8025	+30.9312	 -2.0676	 -1.2315	 +1.2533	 -0.7186
 +1.1149	 -2.5760	 +6.7818	 +0.4381	 +1.8442	 +1.0076
 +0.3183	 -5.0133	 -6.1953	 +0.6733	 -0.3995	 -2.2789
 +2.7387	 +5.9403	 +0.5898	 -3.7631	 +0.5899	 -0.9653
 +2.4022	 +7.9059	 -6.7533	 -2.1019	 +3.5177	 -0.2363
 +3.0237	 +3.4455	 +2.2559	 -2.0156	 +0.8811	 -1.5389
 -5.8337	+13.6363	-18.4174	 -1.6598	 -2.5881	 +2.4039
-14.9941	 +6.6815	-15.9595	 -1.1855	 -1.7824	 +2.5706
 -5.2193	 -2.3932	 -4.2630	 -3.7596	 +1.7502	 -0.0470
 -3.2695	+13.7984	 -6.1835	 +0.2653	 +2.3617	 +2.2038
 -2.9522	 +1.4419	 +1.6662	 +0.1423	 -2.3330	 +2.1727
+10.3283	 -1.8516	 +6.4944	 +1.4212	 -2.0309	 +1.9466
 -0.8948	 +3.8090	 -2.7369	 +1.5023	 -0.6543	 +2.9575
 -7.4614	-19.9799	 +6.5113	 +0.8649	 +2.5159	 -1.3089
 +4.9940	 +2.6561	 -1.4201	 -1.4887	 +1.1836	 +2.7306
-19.2778	 +3.2436	-38.6916	 -0.7036	 -1.9499	 +0.9424
 -1.3398	 -9.3224	 -5.4174	 +2.0595	 +0.5505	 +2.7763
 -6.5823	 +0.8085	 -6.1187	 +2.3820	 +4.4650	 +3.1440
 -4.2239	 -1.6956	 -2.3425	 +0.6139	 -0.6964	 -2.6231
 +4.7773	 -6.6895	 -0.9717	 +3.4305	 +1.6952	 +3.4887
+10.9699	-94.5870	-20.9986	 -1.4527	 +0.7427	 +1.1188
 -4.7393	 -7.9895	-13.7506	 -1.9703	 +2.2833	 -1.2258
 +9.6107	 +1.0695	+19.9080	 -1.5434	 -1.6154	 -0.3754
 -5.2909	 +5.9742	+18.3809	 +2.5325	 +3.8491	 -0.1599
-20.3443	-14.8729	 +1.2521	 -0.3029	 -2.5428	 +1.5645
 -5.3438	+10.8329	 +0.4922	 -0.5641	 -0.5357	 +2.3993
 +4.2318	 -4.9667	 +1.2921	 -3.1701	 +1.7179	 +0.6243
 +0.8390	+10.6776	-18.0314	 -2.4206	 -0.5042	 +0.0583
 +0.7458	 -6.8065	 -1.9308	 +2.4185	 -3.2883	 -1.5478
 -2.8533	 +1.7695	 -5.5866	 +4.0448	 +0.5236	 +0.0570
-18.6471	-14.7989	+26.1677	 +1.6962	 -2.4399	 +0.6868
-24.0894	+51.4183	-13.6711	 -1.7746	 -0.6880	 +1.8154
 -4.4031	 +3.2590	 -5.5951	 +2.8026	 +0.0264	 +3.9339
 +0.9780	 +7.7388	 -1.3640	 +3.3000	 -0.7182	 -3.7491
 +7.1173	 -0.1362	 +3.2347	 -2.1650	 -4.2754	 +0.1293
 +9.2181	 -8.1179	 +2.4990	 +1.2771	 +2.6725	 -2.3849
-19.7852	 -2.1988	 +2.6924	 +2.9862	 +0.1334	 +0.5171
 -8.2151	 +5.1316	 +8.5733	 +0.0519	 +0.9718	 +5.4063
+121.4623	 +7.1236	-32.6062	 -0.0563	 +0.1320	 +0.7994
 -5.8555	-17.4027	-28.0554	 -2.3738	 -1.4361	 +1.2946
 +8.8344	 -1.1449	 -1.9757	 +1.1449	 +1.0365	 -1.6621
 +3.6973	 +1.8556	 -2.1131	 +3.0690	 -2.4380	 +4.0535
 -0.9644	 -4.5703	 -1.8553	 -2.0383	 +2.5501	 +0.7863
 +3.5016	-11.1458	 -8.9392	 -4.0656	 +4.2810	 +1.0270
 -8.8145	 -7.6351	 -6.0200	 +1.5015	 +2.0840	 +0.7863
 +5.3011	 -3.3130	 +9.9058	 -2.3236	 -0.6693	 +0.4098
 +9.8605	 -3.9894	 -7.2147	 +0.1757	 +0.0909	 -4.1575
 -2.2149	 -3.2295	 -2.3305	 +2.4201	 +0.7082	 -5.2665
 -4.0917	 +4.3159	 -5.0129	 -2.1951	 +0.5018	 -1.7349
 +1.5057	 -0.4187	-10.4529	 +1.1600	 +1.7942	 +1.6696
 +1.8948	 +2.0759	 +1.2020	 -2.1913	 -1.4821	 -2.4452
 +5.8717	 -0.1578	 +1.0554	 -1.3675	 -0.7995	 -0.0225
 -8.3854	 +2.4473	 +1.1186	 -4.9084	 -0.2641	 -0.7445
 +0.7121	 -2.2303	 -1.4334	 +0.0409	 -0.9744	 +0.3248
 +3.8854	 -0.2929	 -6.7440	 +0.2378	 -0.8114	 +1.1877
 -3.4288	 -1.1635	-10.9471	 +3.8644	 +2.2297	 +0.3248
 -7.9014	 -6.5333	 -0.9801	 -4.3608	 -0.0246	 +0.7999
 -1.6029	 -5.0937	 -9.3065	 -2.2826	 -4.4723	 +0.8293
 +5.7865	 -9.5741	-12.3890	 -1.5579	 -0.7994	 +3.4662
 -1.7399	 +5.0645	+17.6262	 +0.7830	 -1.3021	 +1.3091
+15.4651	-20.6489	 -5.6184	 -0.2847	 +1.8075	 -2.4606
 +1.4860	 +3.2352	 -2.5108	 +0.3149	 +2.3079	 +3.7549
 -2.4033	 +3.3497	 -1.2524	 +1.8425	 -2.0336	 -1.2655
-64.0989	-14.2170	 +5.4916	 -0.2092	 -1.4081	 +0.3252
 +1.1371	 -4.6900	 +8.2728	 +0.0446	 -1.0328	 -0.7131
 -3.4202	 -5.8230	 -2.0320	 +1.5075	 -3.6869	 +5.3077
-12.6514	+11.3013	 -3.6767	 -0.8217	 +1.8169	 -0.6747
 -1.4258	 -4.3854	 +5.5242	 +0.6355	 -0.5998	 +2.6795
 +3.1177	-12.3108	 -8.6483	 -1.6805	 +1.4922	 +0.7963
-17.1001	 +7.4313	+18.7341	 +2.2061	 +0.8676	 -3.2241
+11.9140	 +2.2389	 -4.9695	 +3.6427	 +0.7962	 +0.7283
 +0.5665	 -5.4497	 +3.2420	 -3.9379	 -4.2357	 +0.9865
 +1.0307	 -4.4167	 +3.7572	 +4.7461	 +6.2207	 +1.2048
+14.8703	 +8.4064	 +2.4449	 +0.7421	 -4.3911	 -1.3097
+21.5598	 +3.8359	+16.8765	 -0.0702	 +2.0797	 -0.2408
 +0.9855	 -1.2920	 +1.1860	 +2.3166	 -4.5218	 -1.4546
-10.2396	 -0.1431	-11.3206	 -0.2929	 -1.1648	 -2.2349
+1874.2828	-34.0166	+791.1699	 +0.2198	 -0.2337	 +0.0656
 -6.2907	 +9.7123	 -1.7758	 +0.7760	 +0.6292	 -2.2852
 -5.3252	 -8.5592	 -3.8914	 +2.7615	 -3.6744	 -2.0633
 +7.5035	 +5.0643	-10.3961	 +0.0606	 +1.0467	 +2.1172
-17.6901	+15.2534	 -4.8347	 -0.4194	 +2.2661	 -1.8202
 -2.8167	 -8.0809	 +0.5353	 -2.7119	 -1.4406	 +3.9088
-65.9797	-64.7313	-70.8909	 -0.6011	 -1.0498	 +0.0483
 -9.5330	 +5.2492	+35.7032	 -0.9210	 -1.5567	 +2.7166
-17.4693	-10.7907	-23.4341	 -0.3263	 -3.6231	 -1.7972
 +7.0825	 +2.0232	 +2.4282	 -5.2439	 +3.1868	 -2.3633
 -7.3792	 -4.3299	 -2.8800	 +3.0223	 +0.5524	 +1.0205
-15.9115	-15.5967	 +4.5609	 -3.9065	 +0.8582	 +0.2050
 +5.0006	-15.2438	 -0.6107	 +0.0071	 +1.4024	 +1.1800
 +4.1270	 -5.7886	 -4.3066	 -0.0918	 -0.9788	 -1.6478
-14.9415	-13.3254	 -7.5314	 -0.7697	 +2.1559	 +1.8851
 +0.5220	 -8.1327	 +2.9437	 -0.2915	 +5.5210	 +2.2463
 -7.2599	 +9.0690	-12.4386	 -1.3782	 -3.1880	 -0.0845
 +1.2091	 +3.4512	 -4.5567	 -2.2790	 +0.5698	 +1.5192
 +2.6350	 -6.5844	 -8.5991	 +3.8471	 -1.4662	 +0.7291
 -7.1401	 +5.1987	 -0.2492	 +0.9753	 -0.8104	 +4.5399
 +1.2571	 +1.5109	 +0.4878	 +2.7011	 +2.0397	 +1.2461
 -7.0226	-15.7448	+18.8394	 +1.5514	 -2.3178	 +1.9203
 -3.4711	 +4.1403	 -2.2196	 +4.4188	 +0.2849	 +2.0114
 -2.9102	 -3.8514	 +4.7198	 +0.1028	 +0.0596	 +0.9408
 +1.3827	-13.7916	-26.5030	 -0.1989	 -3.0694	 +0.7825
 +6.9558	 -3.5001	 -9.1478	 +2.2747	 +0.4201	 -1.9501
 -2.3695	 -5.2549	 +3.8596	 +2.1295	 -0.3478	 +0.8544
 -6.0371	 +8.1789	 +6.8551	 +0.7119	 +0.7240	 +1.9108
 -1.4983	 +9.0010	 -3.9624	 -3.8515	 -0.9769	 +0.7558
-11.1591	 +5.8009	 +0.0905	 +2.7713	 -2.3703	 +0.3482
 +0.4670	 +7.4923	 +1.7498	 +0.7596	 -1.3627	 -2.4237
 -3.6243	 +0.7556	 -3.2480	 +5.5311	 +0.3604	 -1.1067
 -0.4499	 -4.7425	+15.2457	 +4.3703	 -0.9476	 -0.7803
-10.7670	 -4.8762	-23.9999	 +3.0702	 +1.1213	 -0.0792
 -2.2591	-11.3704	 -5.6774	 -0.6148	 +2.9849	 +2.3447
-123.6918	-55.0723	+80.6420	 +0.8595	 -0.8777	 +0.5781
 -0.8482	 +2.4542	 -5.9925	 +0.4076	 +0.9586	 -2.3571
 +1.6972	 -9.0838	 +1.8425	 -2.3027	 -3.5672	 -0.5909
 +3.8928	 +7.9492	-15.2262	 -3.1402	 +0.4374	 +1.3967
 +1.3017	 -4.7049	 +3.4962	 -4.8853	 +2.7895	 +2.4922
+13.1206	 -6.6614	 -2.9583	 +2.0082	 +0.6580	 -1.7855
 -2.9398	 -8.3315	 -6.2431	 +5.3102	 -1.0386	 +2.0384
 -3.1756	+12.0098	 +1.2401	 -0.6055	 -1.9079	 -2.5158
-107.6888	-107.4277	+99.4466	 +0.4887	 -0.1692	 -0.2036
+12.5494	+33.5605	 -3.8440	 +1.9872	 -1.5972	 -2.4001
-24.6748	 -5.0071	+27.6506	 +0.9145	 +2.3064	 +0.2559
 +5.3842	 +0.6230	-38.3395	 +2.7848	 -0.8397	 +0.7941
 -2.4623	 +7.8351	 -2.1980	 +6.3705	 +1.4802	 +1.6306
 -4.0779	 +0.4751	 -8.0682	 -2.5187	 -0.3618	 +1.0313
 +1.8931	 -3.6530	 +1.0102	 +0.0853	 +0.7965	 -3.4708
-10.4625	 +5.0393	 -4.9117	 -1.6646	 +2.9295	 -2.7111
 -2.1544	 -2.7457	 -0.0046	 +3.7329	 -3.8942	 +1.6536
+27.8588	 +1.6396	 +3.1217	 +2.0975	 -0.5838	 +1.3030
 +7.8042	 +9.7323	 -8.1054	 -2.5036	 +3.7567	 +1.2249
 +7.5324	-75.4507	 +3.4595	 -1.0944	 +1.9609	 -1.2858
+11.1903	 -0.9708	 -6.5920	 +3.6202	 +0.8733	 -2.1195
 -1.3864	 +2.3518	 -2.6719	 +0.2300	 +1.2417	 +2.9703
 -2.1038	 +4.4803	 -0.2152	 -1.4124	 +0.4534	 -0.3362
 -0.9653	 -1.0958	 -8.8696	 -0.4115	 -2.9455	 -3.7616
 +4.3131	 +0.5888	 -6.0571	 -2.3748	 +2.1473	 +1.1727
 +4.7031	 +3.9054	-24.5753	 +0.0300	 +2.5667	 -0.9703
 -3.8105	 +8.0921	-25.0391	 +0.4737	 +0.4201	 +0.1613
+11.3075	-23.2591	-26.9518	 -0.3262	 -1.5359	 +0.5300
 +1.0900	 -4.9053	 +2.9642	 +3.3645	 -1.0990	 +2.2992
 -5.8654	+14.0020	-10.8399	 +1.2435	 +1.8046	 -0.8280
 -0.1559	 -5.2094	 -4.8756	 +2.7068	 +1.0413	 -2.5556
 -6.8352	 -1.1884	 -0.2893	 -0.5504	 -2.7256	 -0.5933
+27.3692	+23.7070	 -0.9949	 +2.6124	 -0.1208	 -0.7386
 -0.5671	+13.4080	-11.5826	 +0.3601	 -1.6350	 +3.5217
 -3.8928	 +1.3018	-14.2841	 +0.1376	 -0.5105	 -0.9482
 +1.2013	 +5.7711	 -2.9887	 -2.6609	 +1.6081	 -0.8488
-12.9613	 -1.8909	 -2.9295	 +1.6030	 +2.8237	 +2.3334
-148.3259	-62.3274	+205.1381	 +0.5762	 -0.6620	 +0.1610
 -3.3797	 +2.4696	 -3.9947	 -1.2416	 +2.0306	 -3.9547
 -0.2310	 -1.9457	 -6.0035	 +2.9708	 -2.3101	 +3.6104
 +0.4228	 -0.6627	 -4.9530	 +3.7183	 +3.7169	 +3.1706
 +0.1354	-19.8343	 -1.8983	 +1.0146	 -1.8315	 -3.1407
 -2.7532	 +0.2381	 +2.2860	 +1.0305	 -0.9239	 -4.1396
+12.5817	+52.8265	-27.4210	 -1.6843	 +0.1642	 -1.5364
 -5.0520	 +2.4758	 +3.1291	 -1.0875	 +5.6090	 +2.3726
-12.5820	 -0.0891	 +2.6427	 +2.1038	 -2.1116	 +2.5729
 -6.6687	 -5.9454	+22.3432	 -2.1882	 -0.2733	 -0.2425
 +1.1369	 -1.9380	-10.8785	 +0.7120	 -2.5278	 -1.8972
 -6.1440	 -3.1636	 -2.5112	 +2.9420	 +0.5899	 -3.0126
 +0.2065	 +5.6037	 +1.9814	 -3.8077	 +2.7998	 +2.2250
 -4.5602	 -2.1596	 +3.7204	 -0.5069	 -3.1552	 +3.2343
 -1.1325	 +2.8428	 -0.9038	 -4.0119	 -3.9236	 -2.7969
 -3.3541	 -3.2805	 +7.9096	 -0.0451	 -1.0883	 +3.7466
 -7.3822	 -0.0705	-18.2686	 +2.9443	 -0.3642	 +0.8151
-11.3209	 -9.4552	+17.1959	 -0.8911	 -0.6331	 +2.5549
 +0.3388	 -7.5869	 -1.4876	 +1.7944	 +1.2432	 +2.6782
 +1.4689	+10.0431	 -7.8281	 -0.6630	 +1.1836	 +0.6320
 -3.2900	 +0.6915	 +2.7596	 +0.4347	 +2.2746	 +0.2471
+14.5733	+15.6916	+34.7234	 +1.8998	 +1.8743	 -0.6723
 -3.8610	 +0.4807	 -3.3185	 -0.2560	 -1.1042	 -0.8121
 +4.0310	 +5.5576	 -8.0768	 +2.0916	 -3.5346	 +0.0032
 -3.4445	 -6.1440	 -4.6866	 -4.0851	 -0.7504	 +3.3398
+13.3883	-14.3622	-19.8330	 -1.1934	 -0.4896	 +0.6657
 +4.8769	 +0.5083	 +1.0795	 +1.1096	 +3.1386	 -0.4740
 -7.5041	 +7.4265	 -6.4725	 +0.7206	 +1.3259	 -5.2836
 -4.8927	-11.1444	 +9.0509	 -0.6847	 +2.6625	 -1.4959
 -3.5329	+24.2885	-48.2126	 +0.8821	 -0.7430	 +0.5787
 +2.9279	 +5.1753	-22.6085	 -0.8630	 +1.0316	 +4.4768
 +6.4066	 +1.9015	 +2.9684	 -0.8917	 +1.5001	 +1.0801
 +6.8044	 +5.9729	 +3.5911	 -0.0529	 +4.9649	 +1.2497
 -1.2909	 -2.3624	 -5.1842	 +0.0335	 -0.9163	 +0.2848
+21.0337	+12.4461	 +4.9047	 -0.2810	 -1.3791	 -0.1538
 +0.9479	-50.2449	-12.5220	 +1.4103	 +2.3117	 -0.5157
 +0.8185	 +5.2697	 +4.5621	 -1.1584	 -2.6428	 +3.2920
 +3.4620	 +7.9133	 -7.5678	 +3.4295	 +0.5925	 +0.0763
-27.8196	+11.9190	 -8.1848	 -1.6349	 +0.0116	 +2.8253
 +2.4350	-30.9902	+19.3909	 -0.9281	 -1.3751	 -0.1684
 -5.4934	 +5.8581	 +7.2723	 +0.5932	 +0.1153	 -4.1448
 -5.3736	 +1.1539	 -8.6412	 +1.3926	 +2.7473	 -3.2343
 +5.3726	 -2.4049	 +1.0600	 -2.5019	 +1.9844	 -0.3150
 -2.8620	 -7.7958	-14.0826	 +1.1837	 +0.8435	 -1.0141
 -4.6112	 +0.3120	 -2.7056	 -2.6755	 -1.8148	 +3.8150
 +6.6334	+19.1753	 -7.8845	 +0.7958	 +0.6362	 -3.0812
 +2.4504	 +2.6574	 -0.7642	 +1.9098	 +2.3014	 -2.2044
-12.0867	 -7.2850	-10.7814	 +1.5345	 +2.3706	 +2.0695
-40.9050	+13.4257	-22.2099	 +2.2443	 +1.0341	 -0.3907
 +6.2800	 +5.5786	 +1.0934	 +0.6538	 -0.1293	 -1.3190
 +0.7131	 +2.6839	 -4.2504	 +2.3096	 +3.5845	 +0.2410
 +2.1794	 -5.0099	 -3.4860	 +5.3434	 +0.6743	 +2.1788
 -0.4511	 -6.9886	 -1.7886	 -0.3581	 -1.8867	 +3.3372
 +7.0542	+10.2754	 +9.2232	 -2.9357	 -2.1555	 +2.2109
-11.8792	 +4.0974	+30.9610	 -1.1104	 -0.6029	 +1.2527
 +9.2966	-11.3735	 +0.7175	 -0.7019	 +1.0895	 -4.2740
 -3.6803	 -2.5355	+12.1704	 -4.2352	 +1.1255	 -1.1563
 -4.3331	+10.0722	 -3.8273	 +2.8632	 -0.9049	 -0.9162
 -3.8718	 +6.6492	 -1.1586	 +1.0143	 +2.3059	 +6.2045
 +5.6195	 -9.1210	 -8.2854	 +1.6968	 +0.5863	 -4.9338
 +3.7943	 +3.1388	 +0.7449	 +3.4321	 +0.8994	 -1.9374
 +1.0399	 +2.2819	+11.7906	 -1.0628	 -2.0738	 +2.3774
 -2.9115	+15.9576	-13.0611	 -0.8440	 +1.6326	 -0.6842
 -4.8090	 +9.7051	 -6.7042	 -1.0297	 +0.9091	 -3.9495
 +1.8368	 +0.8699	 +8.7218	 +0.6196	 +0.5710	 +3.9493
 +2.3748	 +1.0199	+11.9583	 +2.8943	 +0.0133	 -3.0343
 -6.2930	 -8.0561	 +2.0540	 +0.9228	 +3.2649	 +1.1504
+17.0845	 +0.8503	 +7.5635	 -3.9732	 -0.7255	 -0.8359
+10.1258	-11.8519	-17.1724	 -0.8529	 +0.0114	 -2.7908
 -0.3042	 +2.8543	 +1.6917	 +0.0469	 +1.3282	 -0.5580
-11.8072	-33.5269	-26.9504	 -1.0164	 +0.4974	 +0.5537
-11.5357	+12.1465	+14.4921	 +1.1686	 -1.8886	 +0.1994
 +0.7252	 +3.0934	 +4.5500	 +3.2072	 -0.8392	 -3.5624
+28.8591	 -6.2846	 +7.5900	 +3.1529	 -1.1820	 -2.6491
 -4.4744	 +9.9001	 +0.9017	 -1.5099	 +0.5546	 -1.1743
 +0.9939	 +2.8847	 +1.4764	 +3.6712	 -1.7712	 +4.1741
 -7.2290	 +9.0674	 +0.9346	 +2.7607	 +0.9871	 +1.0262
 +2.0267	+15.9690	-13.6109	 -0.7263	 +2.0020	 -1.2336
 -9.2195	 +4.2790	 +5.3454	 -2.4612	 -3.1667	 +0.9403
-14.4747	 +7.1243	 +1.5493	 -3.5457	 -0.8502	 -0.7041
-13.1755	 -3.4410	 -5.7716	 -4.2504	 +1.0765	 +0.0044
 +7.8305	-13.2890	 +2.7420	 -4.6355	 +0.3668	 +1.2055
 -2.6482	+26.1741	+16.2760	 +1.9576	 +0.5399	 -1.8832
+26.9639	-33.5277	+70.3266	 -0.4440	 -1.5930	 -0.2234
-15.6595	 +0.8166	 +0.4420	 +2.3112	 +1.3910	 +0.4483
 -7.3366	 +0.4361	 +5.1777	 +0.9293	 -4.4196	 -1.9933
 -2.3945	 +0.4762	 -5.3180	 +1.1313	 -1.1601	 -0.5764
+13.1176	 +0.6604	+14.7457	 -1.0166	 +0.9334	 -0.6015
 -8.3195	 -7.9448	 -5.9294	 -0.9332	 -1.3231	 +0.6807
+16.9807	 -4.6002	-20.0066	 -2.9424	 -0.2813	 +0.4871
+17.0576	 +3.1792	 -7.5466	 +0.0830	 -2.8171	 -0.7284
-22.5404	+24.9212	-27.6558	 +0.4077	 -0.3887	 +0.1191
-25.5952	 -8.2849	+14.5941	 +0.4493	 +2.2941	 -0.9381
 -0.8868	 +1.6295	 +4.3826	 +2.4747	 -2.2991	 -1.3814
-10.5881	 +3.5295	 -0.1354	 -1.7065	 +4.2010	 -2.3799
-13.3016	 +5.2585	-12.2239	 -1.5515	 -1.4235	 +0.4699
 +3.1738	 -0.2668	 +3.8617	 -0.1506	 +1.8990	 +1.2342
 +3.6231	-10.0505	 +5.1337	 -0.3705	 -3.6389	 +0.5901
 -2.8756	 +0.2026	 -5.7504	 +3.9320	 +0.8159	 -0.1116
 +9.4575	+10.2518	 +7.4024	 +0.0191	 +0.3236	 +0.8571
 +4.9454	+11.6508	 -0.6314	 -0.0654	 -1.6211	 -2.3133
 -4.0610	-14.6619	 +6.6940	 -1.1581	 +1.4072	 -4.4972
 -6.0852	 -3.7827	 -3.2647	 -5.0852	 -1.7477	 +0.8728
 -4.4092	 -4.4281	-13.2781	 -1.8834	 +2.9701	 -3.1089
 -2.6131	 +0.8478	 -6.9547	 -2.6083	 -0.5487	 +0.2694
+12.0167	 -7.8757	-38.3595	 +0.1137	 -0.1794	 -1.2599
 +1.6168	 -2.0594	 -1.0133	 -3.6093	 -0.0886	 +3.0696
 -5.5925	 +0.5972	 -2.5538	 -0.8675	 +2.8974	 +1.4700
 -9.9732	 -1.8273	 +3.5200	 -3.9784	 +3.2696	 +3.0257
-33.7789	 -2.5824	-17.4815	 -0.2927	 -1.1660	 +2.0633
 -4.0486	 -0.7439	 -0.1506	 -3.8781	 -1.8145	 -3.3313
 +1.2855	 -5.0807	 -7.6841	 +3.5251	 +0.2146	 +2.2873
 +0.7160	-15.0582	 -6.6345	 -0.8582	 -0.9652	 -0.3135
 -7.1356	 +1.8523	 +3.9274	 -0.1877	 +2.8924	 -3.7957
 +0.0617	 +8.4433	 -0.7867	 +0.8562	 +4.0598	 +2.8339
-25.1999	-20.1679	 +8.4688	 +0.0369	 +0.0261	 +0.8380
-21.3070	 -9.8011	-21.5869	 -0.0745	 -1.2871	 -1.5931
 -3.6544	 -1.1688	 -7.0767	 -0.1517	 +0.5127	 +1.4248
 +2.2517	 +4.1531	 +3.6690	 -3.2504	 -1.0712	 -2.2023
 -3.5770	 -0.2218	 +0.3025	 -2.4617	 -0.1093	 +1.1084
 -3.0205	 -4.2326	-13.3581	 -0.0737	 +4.4081	 +0.9087
 +8.9329	-40.9227	-18.9678	 -0.8531	 +2.3980	 +1.3818
 -1.7683	 +6.0060	-17.2174	 +0.5251	 +3.2524	 +1.4664
 +6.0121	 -3.5670	 -2.5081	 -0.5726	 +0.5924	 +1.4993
 +0.6296	 -1.5142	 -3.8319	 +0.0852	 -0.6191	 +2.8433
 -2.4839	-12.5946	-15.5057	 +1.2679	 -3.4210	 -1.8199
 -7.7869	+14.8544	 +5.7808	 +0.2400	 +0.2019	 +0.8086
 -2.5328	 +0.1724	+13.0066	 -0.6218	 +1.2819	 +1.3948
-31.3539	+20.8159	 -9.1314	 -3.9089	 +1.8222	 +0.6260
 -3.8155	 -5.7638	 +5.0745	 -2.4070	 +0.5294	 -0.4755
-60.0191	-36.3607	+33.7165	 +1.1687	 +1.6950	 +0.2139
 -5.8271	 -2.9982	 -6.4895	 -0.6824	 -3.4845	 -4.6297
+37.1495	+20.7149	+32.6637	 -2.0735	 -1.8524	 -1.0103
 +7.9850	 -6.6307	 -5.2322	 -1.7558	 +4.0740	 -1.4119
 +0.3455	 +1.3565	 +0.4980	 +0.5796	 -5.2359	 +0.2861
-114.6014	+61.6551	-17.2996	 -0.1749	 +0.5933	 +0.3269
 +5.8544	 +5.9377	 +7.5745	 +0.6636	 -1.4435	 -3.6944
 -2.1503	 +2.5895	 -2.7853	 +4.8832	 +3.2482	 -1.1565
 +6.3650	 -4.5644	+10.6217	 +1.3364	 +0.9193	 -2.2375
 +4.1379	 +7.2448	 -3.9901	 +1.9752	 +1.9808	 -0.4021
 -1.9668	 +4.4670	 -5.3345	 +0.5951	 -0.4750	 -0.3429
 -2.8250	-11.6870	 +0.1260	 -4.6800	 -0.6257	 -0.1503
 +5.0002	 +5.3551	 +0.3461	 +1.8430	 +2.9527	 +0.2980
-11.9559	 +3.4597	 +0.6729	 -3.0324	 -1.2935	 +2.1140
 -0.5829	+31.7561	 +5.1947	 +0.6549	 -1.2296	 +1.3777
 -3.7786	 -4.5720	 +0.3123	 +3.7895	 +6.0138	 -1.6967
 -3.5466	 -5.7000	 -4.1837	 +2.1702	 -0.7388	 -2.3818
 +8.2717	 +0.5099	 -8.1044	 -0.7369	 +2.1857	 -0.1634
 +5.2765	 -0.3434	 -0.1286	 +0.9622	 -2.4911	 +3.1288
-31.3657	+17.4171	+10.0554	 +1.6315	 -0.3041	 -0.7952
+19.4726	 +7.5313	-24.3117	 -0.6940	 -1.7133	 -1.2769
-14.6710	-41.8535	+14.8138	 -0.4365	 -0.3825	 -0.3566
 -1.2401	 +3.0999	-12.7905	 -4.1759	 -1.2876	 -1.6362
 -8.0659	 +8.6106	 -4.6954	 -0.1735	 +1.0689	 +0.3120
-13.6430	+11.6443	-29.1112	 -1.2847	 -1.3415	 +1.5389
 +1.0684	+10.3827	 -9.2306	 +3.1253	 +0.0193	 -0.5919
 -1.6030	-11.0421	+15.9486	 -1.0527	 +0.2490	 -1.0793
 +0.8649	 +9.5652	 -1.8622	 +2.3852	 +2.5558	 +4.1309
 +3.9000	 -1.4908	+10.9371	 +1.3233	 -2.3954	 -0.0557
 -6.9827	 +3.1183	 +4.5803	 -1.8564	 +0.1562	 +2.5608
+13.8477	 -6.9563	 -4.1972	 -1.4591	 -0.1182	 +1.6406
-65.0397	+28.3522	+14.4675	 -0.7336	 +0.9902	 +0.5833
 -3.5092	 -4.7572	 -0.1372	 -0.4814	 -0.8791	 -0.0519
-23.5611	+61.0813	 +4.7411	 +0.7946	 +2.5329	 -0.4944
 +9.5890	+10.6970	 -7.9790	 -1.7876	 -1.9816	 +1.5447
 -3.7252	 +5.8289	 -8.5204	 -2.2271	 -1.8189	 -3.1878
 +4.3193	 -5.7995	 +1.2881	 -0.4393	 -0.6315	 -1.2522
+13.4818	-41.2259	+38.0622	 +1.9100	 +1.3185	 -0.1345
 -8.6330	+10.2339	 -1.1874	 -2.5352	 +0.4841	 -0.8488
-14.1315	 +5.8345	-18.5107	 +0.8192	 -0.4475	 -1.7416
 -4.6263	 -7.8741	 -6.7595	 +4.2400	 -0.1501	 -4.4582
 -3.8831	 -8.1361	 -7.8472	 -1.2623	 -5.5172	 -1.7076
 -6.1441	 +4.4346	 -7.6693	 -2.0688	 +2.0703	 -3.4474
 +0.8686	 -0.2822	 +3.2917	 -1.3629	 -1.4740	 -0.3819
 -4.3667	 -7.5376	 -9.3849	 -3.0743	 -1.1625	 +2.0147
 +1.2690	 -5.6675	 -1.9963	 -1.6042	 -0.5070	 -0.5494
 -2.2840	+13.0209	 +3.7055	 +0.6035	 +1.4188	 +1.4620
 -4.0684	 +7.4342	 -5.9859	 -1.6440	 +1.6949	 -3.5039
 -3.6203	-19.8921	-11.4058	 -2.1856	 -0.0138	 -3.5026
 -4.0530	 -3.5409	 +1.8954	 +1.9046	 +0.1856	 +1.8477
 -0.2777	 +0.2282	 -4.3925	 -2.1019	 -0.2473	 -1.0981
-23.1429	 +5.8438	 -3.7670	 -0.8495	 +2.6017	 -0.3300
 -6.5074	 -0.3000	 +0.7283	 +0.5435	 -1.6050	 -5.7840
 +5.6545	+10.9155	-16.5211	 +0.2340	 -0.2674	 +2.7941
 -5.1692	 -3.6238	 -0.1782	 +2.5948	 -1.1787	 -2.2461
 -2.8922	-14.3706	 -8.2785	 +3.9538	 -0.5473	 +0.6277
 -5.4539	 -0.7548	 -5.3454	 -2.4609	 +5.9629	 +2.3737
-51.7368	-77.9548	-75.2830	 -4.7877	 -6.1252	 -6.1760
 +0.5942	-19.8973	 -1.5172	 +1.2356	 -0.0123	 -1.4731
 +1.9147	+11.6539	 -3.3701	 +3.4687	 -1.2821	 -0.7193
 -5.7188	 +4.5485	 -2.4344	 -1.2155	 +7.1315	 +1.1277
 +4.8704	 -1.3273	-10.4194	 -0.3029	 -1.1831	 +1.3441
+15.9721	 +2.7406	-12.1952	 +3.2404	 +1.8177	 -0.8288
 -9.0705	 +5.0155	+43.8640	 -1.0920	 +0.9937	 -0.9280
 -1.3213	 -7.1177	 -4.2169	 -0.9424	 +0.8422	 -3.8926
 +4.3779	-12.7483	 -3.8825	 -3.1796	 -2.8432	 -0.5370
 -4.6010	 -1.4503	 +2.2401	 -0.5507	 -0.5063	 -1.7909
-24.4657	 +4.9829	 -6.9797	 -0.1261	 -0.3298	 +0.8218
 +1.7655	 -4.2589	 -5.4143	 +3.0977	 -0.7577	 +0.6809
 -2.1578	+22.5436	+17.1858	 -0.3582	 -1.8040	 +1.4084
 +2.9529	 -0.7498	-10.3266	 -2.4966	 -2.9721	 -1.4954
 +0.0307	 -9.8890	-35.8964	 +1.8453	 -0.7369	 +2.0524
 -8.3724	 -5.2976	 +5.2405	 -0.4086	 -1.1267	 -5.9901
 -4.9671	 +0.0665	 +1.1987	 -3.1001	 -1.2029	 -1.3427
 -2.9008	 +6.1713	 -0.5112	 -0.7157	 -2.1462	 -1.0212
+14.6873	-17.5074	-16.6695	 +2.0580	 -1.2249	 +0.8992
 -4.3821	 -2.4215	 -6.6570	 +0.4315	 -4.3273	 -2.9000
 -4.2896	 +4.0689	 +2.1973	 -1.8805	 -2.7667	 -1.8938
+11.3288	-10.9820	 -4.7951	 +2.7009	 -1.5772	 +1.8380
 +0.7002	 -5.8863	 -0.3756	 +2.1467	 +1.5685	 -4.6445
 -9.4207	 +7.8303	 +2.5653	 -1.7574	 -1.7933	 +1.9348
 -5.9382	 -1.4302	 -2.4074	 -2.3894	 -0.6435	 +3.3643
 -0.1686	 +2.3600	-10.1401	 +3.4465	 -0.0136	 -1.8198
+19.6727	-15.5674	+25.6314	 +0.1357	 -2.0725	 +1.3593
 -5.8192	 -2.6089	 -6.3981	 -3.3061	 -1.8151	 +5.0701
 -4.1409	 +0.5137	 -5.9539	 -3.2891	 +1.9319	 +2.3741
 -7.9739	 -0.6430	 -6.3127	 +1.9419	 +3.1398	 -2.0579
 -1.7570	 -1.9266	 -6.5159	 -0.9833	 +0.6485	 -3.5842
 -0.3192	 -5.4651	 -2.4949	 -0.9350	 -2.9661	 +0.5379
 -0.4831	 +2.0196	 +2.7314	 -6.2654	 +1.4829	 -3.6720
+29.2811	-15.1105	+17.4757	 +5.5323	 -1.3533	 +3.4407
 -9.6720	 -0.5569	 +0.4326	 -0.9885	 -2.1820	 -2.4386
 -0.0882	 +7.4452	 -8.5245	 -1.4683	 -0.3078	 -3.0756
+21.9696	 +1.5287	 -9.4264	 +0.6592	 -1.1767	 +0.7433
-16.2443	 -8.0069	+12.9810	 -3.5179	 +0.4818	 -1.2824
 -1.2595	 +6.5962	 -2.3943	 -4.5063	 -4.1948	 +0.8399
-20.6011	+11.3870	 +9.2577	 -3.2123	 +2.2099	 -1.1328
-18.3195	 -2.6662	 +7.8915	 +2.3220	 +1.9288	 -0.7544
 -1.3308	 -0.7426	 +2.5006	 +3.1105	 +0.1982	 +1.1277
 -0.8886	 -1.7495	 -5.4850	 -2.6015	 +2.6448	 +0.5800
-15.2293	-16.1517	 -2.3136	 +0.0405	 -3.4610	 -0.0383
-21.2106	+20.7806	 -2.0924	 +0.9935	 +1.0223	 +2.4146
 +2.8435	+10.9763	 -8.9222	 +1.2351	 -2.0071	 +3.8949
-22.8291	 -4.6402	 -3.4162	 -1.9345	 -1.8111	 -0.6142
 +0.4825	+12.3948	 +0.0889	 -2.6483	 -0.1089	 -0.6828
 +2.1417	 +7.7944	 +0.9194	 +2.8708	 +1.6690	 -2.5334
+42.8221	+21.4493	+38.9500	 +2.3164	 +0.8934	 +3.1618
 -6.8540	 -0.3256	 -3.3585	 -2.4581	 -3.6142	 +3.6328
 +5.1979	 -3.7406	 +8.6515	 -0.9274	 -3.8449	 +3.6065
-38.2700	+27.6854	 +8.1162	 +0.7267	 +1.7663	 +0.7666
 -0.0523	 +0.3526	 +9.4614	 -0.2434	 +1.2914	 +3.8976
 -3.3618	 -4.2745	 +1.5266	 +0.0287	 +0.6414	 +0.7319
 +1.7423	-10.7402	 +4.9921	 +0.2691	 -0.7095	 +5.4262
 +3.2692	 +4.9667	 +2.3229	 +2.6417	 +0.0765	 +3.4093
 -7.2386	 +9.7984	-33.2452	 +0.6600	 -0.7664	 +2.6935
 -7.2347	-16.3742	 -1.0679	 +0.8982	 -1.3223	 -0.0765
 -0.6836	 -5.8385	 -0.4355	 -5.0630	 +3.3075	 +3.7620
-12.0035	 +2.6640	 -0.6980	 -0.9855	 -0.7767	 +4.0284
 +6.2004	 +0.6290	+21.9891	 +0.1216	 -3.8436	 +0.2444
 -1.5320	 -8.5391	 -6.4215	 -0.9593	 -1.3883	 -3.6684
 -4.4064	 -3.8835	 -0.2035	 +2.6947	 -1.9835	 -3.7406
 +7.3398	 -0.7893	 -8.1527	 +0.8207	 +0.2265	 -4.8686
 -1.8244	 -1.2535	 +9.8029	 -2.3725	 +0.2358	 -1.2036
 -1.1147	+15.7032	 -2.2236	 -0.9472	 -2.1385	 +0.2191
+14.1849	-16.4501	-16.7005	 -1.5866	 -3.2210	 +1.3399
 -3.1269	 -1.6031	 +0.8689	 -0.3740	 +0.3903	 -1.9957
 -3.3913	-14.0070	 +8.9162	 +1.3904	 +0.7126	 +1.7376
 +0.6282	 +4.2555	-10.4193	 -1.8165	 -4.8836	 +0.1145
 +9.9981	 -0.7843	-10.7790	 +1.0148	 -1.3298	 +2.4837
 +0.4109	 +3.9740	 -1.2310	 +0.2137	 +0.2722	 +2.2118
 +5.5619	 +7.5802	 -8.8519	 -0.3628	 +0.1300	 +0.1249
+10.5860	 +7.4170	 -2.3405	 -0.1638	 +0.6681	 +0.2562
+11.6541	+13.1056	-18.3532	 +1.9682	 -1.6080	 -0.3573
 -6.9790	 +6.7529	 +0.5161	 +0.1187	 -0.5090	 +1.1215
 -1.1569	 +2.7135	 +1.7912	 +0.9097	 +0.0826	 -0.2461
 -2.2299	 +5.8044	 -5.2562	 +3.5664	 +1.1305	 +0.4611
 +1.5846	 +7.7983	 +4.9293	 +0.3223	 -0.6739	 -0.2822
 -2.0504	 -7.1128	 +5.2110	 +1.6799	 +1.1144	 +1.1797
 -2.5333	 +0.6575	 +2.6816	 +5.5185	 -2.2542	 -2.3317
+18.9166	-21.6810	 -0.9712	 +0.2784	 -0.1040	 +0.0904
 +1.9465	 -2.0816	+10.4355	 -1.6473	 -1.4109	 -3.6295
+10.5543	 +1.8886	 -3.9682	 +2.1858	 -2.8478	 -0.7880
 +0.7551	 -1.4000	 +2.4110	 +1.5409	 -0.7636	 -0.6657
 -4.2645	 -2.7238	-12.5985	 -0.8135	 -1.5103	 +0.0165
+20.0796	 -2.1966	-22.0576	 +3.1248	 -0.3908	 +1.2419
-21.7915	 -5.6140	+31.3601	 -0.2565	 -0.9721	 -0.4337
 -3.6202	 -0.0389	 -4.7994	 +0.5013	 -0.7337	 -1.0429
 -4.5659	 -1.4468	 +1.3750	 +0.4548	 +1.1484	 +1.7828
 -7.7674	 +0.4658	 -7.0241	 +3.8578	 +2.0078	 +0.5661
 +3.9374	 -8.5740	 +6.3006	 +0.1814	 -3.2682	 -0.9222
-32.0722	+16.2385	 -2.3552	 -0.7542	 +2.2250	 +1.4048
 +1.7979	 +7.9473	 +1.1771	 +1.0596	 +0.5086	 +0.2883
 -7.3350	-47.1269	+57.9877	 -0.3221	 -0.5107	 -0.4678
 -3.9444	 -1.3359	 -6.6328	 +0.0324	 +1.0054	 -0.7656
 -1.8550	 +2.6361	 -7.3087	 -4.1701	 -4.7398	 +5.0587
+10.5645	 +2.9271	 -1.8521	 -1.2703	 -0.9704	 +0.3022
 -4.9357	 -5.4679	 -2.7619	 -0.6292	 +0.7561	 -1.4697
+36.8334	 -0.9590	-15.5252	 -2.1639	 -0.1498	 +2.5214
+23.8065	-49.9937	+38.2462	 +2.3549	 -0.5463	 +0.2400
+101.9058	+45.4959	 -8.5677	 -0.3690	 -1.0023	 -1.6249
 +9.2113	-17.6167	 -1.9019	 -3.4060	 -2.9610	 -1.3320
+37.5574	+54.8765	-30.6357	 +0.6886	 -1.2476	 +0.4496
 -5.6015	 -3.7046	 +1.0495	 -1.4573	 -1.5764	 +4.7919
 +9.9071	-12.1038	 -1.4752	 +2.7178	 +2.6022	 -1.8948
-24.0807	 -5.5793	+47.1655	 +0.2894	 -0.2820	 +2.1789
+19.0700	+60.6672	-36.9514	 +0.3285	 +1.6622	 +1.2226
+14.5434	 +5.1017	 +1.6812	 -2.1345	 +0.8621	 -4.9805
-11.8589	-16.2576	-13.5306	 +2.0169	 -1.5714	 -0.9717
 -7.6823	 +2.2399	 -7.3523	 +2.3019	 -2.8241	 -0.9401
 -2.4811	+11.8307	 +2.6242	 +2.6376	 -3.2173	 -2.2428
 +1.0503	 -1.7575	+10.1098	 +2.7037	 -0.9487	 -1.5580
 +8.6679	-11.3384	-13.4522	 -0.0581	 -1.9105	 +0.0241
 -2.7755	 -2.1934	 -4.4997	 -6.3158	 +0.6289	 -0.6378
 -3.8703	 -6.6048	 -8.7362	 +0.6601	 +0.0720	 -0.0229
 +5.7087	-14.6805	-20.5671	 +1.1049	 +1.0794	 -1.2710
 +0.5075	-12.4607	 -4.9915	 +1.4922	 +0.1656	 -3.6697
 +3.4026	-12.4119	+14.5930	 +2.8121	 -1.7381	 +1.6999
 +4.7696	-14.3819	 +0.9213	 +0.4017	 -0.6211	 +0.0176
-15.0307	+18.8139	+12.0923	 -0.3830	 +1.3118	 +2.1616
 -2.2224	 +5.1525	 +5.8208	 +2.3647	 -1.2590	 -1.0778
 -2.8321	 -3.3437	 -6.6697	 -1.7038	 -1.1075	 +0.6392
-13.2391	+10.7452	 -0.0587	 +1.4362	 -1.9938	 -0.3269
-14.1076	 +3.8333	+20.4945	 +0.0348	 +0.6392	 -1.4494
 -4.2390	+10.1933	 +5.1918	 +2.0271	 -1.3536	 -4.2338
 -1.3170	+13.2384	 +1.2597	 +0.3607	 +0.2559	 -2.1510
 +2.4615	 -4.9476	 +2.6725	 -1.0037	 +0.2723	 -2.8920
 -8.3917	+25.7755	+10.1140	 +1.8716	 -1.8834	 -0.7245
+10.9591	 +1.7594	 +5.3965	 +0.6095	 -2.2482	 +1.8731
 +9.1472	 +7.8335	 +0.0331	 -0.5697	 +4.0475	 +1.1753
+20.1417	 -8.3835	 +0.4852	 -2.7552	 -1.0066	 -1.4073
 +4.2188	 +5.1962	-12.2147	 -2.3598	 +0.7333	 +0.3443
 +9.6338	+40.9778	+33.1583	 -0.1830	 +2.9869	 +1.8910
 -2.9459	+62.2144	+36.3501	 +0.8457	 -0.7892	 +0.7529
-17.5159	 -0.5402	 -0.7279	 -1.8021	 -2.7925	 +2.2920
-10.4950	+14.4232	 -3.9017	 -0.2584	 +0.8260	 +0.8356
-18.0577	-12.0063	+28.9396	 +0.2873	 +2.3253	 -1.1203
-11.0616	+19.3190	 +7.7646	 +3.2020	 -2.6178	 -2.1731
 -4.3927	 +1.1278	 -3.0977	 -0.3389	 +2.4293	 -1.7235
 -6.7829	+17.9865	 -1.7403	 -3.1655	 -0.6574	 -1.6597
-11.5634	 -9.5364	 -9.9290	 +3.9589	 -1.2554	 -1.6436
+18.3161	-25.4086	+18.5459	 +0.3641	 +0.5605	 +0.0558
-10.8165	 +1.1505	 +5.6742	 +1.2096	 -0.3328	 +1.4336
 -9.6920	 -3.7688	 -6.7001	 -4.8186	 +2.9655	 -1.1436
 -0.3020	-53.3829	+115.7234	 -0.3123	 -1.3095	 +0.1540
+25.8474	 +2.0504	 -2.5582	 +1.3063	 +2.4213	 -0.3722
 -4.0754	 +6.6165	 +4.8633	 -4.8122	 -2.2394	 +2.2966
 -2.9558	 -5.7742	 -4.2328	 +0.6278	 +1.1033	 -3.8655
-29.8029	+11.0606	+25.8194	 -0.4353	 +1.1554	 +1.0682
+16.8800	 +4.4860	+11.3160	 +0.3112	 -0.9753	 -1.7168
 -5.4190	 -2.8333	 +5.4488	 +0.7150	 -4.5075	 +1.7054
 -3.4248	 +0.2337	+13.2773	 -2.4211	 +2.3403	 -5.0873
+14.7008	+17.9612	 +0.2853	 -1.1085	 +0.8486	 +3.1956
 -3.6172	 +3.1054	 +6.2837	 +0.3730	 -3.4618	 -1.8750
 +4.4527	-14.7670	 +6.7380	 +2.2601	 -0.8808	 +0.6933
 +9.5359	 -8.3963	-10.5721	 +2.7274	 -3.3959	 +2.3102
-14.3215	 -0.3141	 -5.9967	 +2.3519	 -3.6087	 -1.0519
-23.8243	 +3.9225	 -5.0276	 -0.3870	 +2.6313	 +2.0904
-28.5343	 +4.4024	-16.2690	 +0.4062	 +0.1587	 +0.3012
 -1.9109	 +2.5166	-16.0273	 +0.6453	 -4.8214	 -1.8598
 -9.5572	-20.0043	+24.6157	 -0.6545	 +1.9169	 +1.3535
 -0.9533	 +0.3762	 +5.0937	 +1.9870	 -2.2200	 -2.4255
 -3.3831	 -0.8192	 +1.8481	 +0.9756	 +0.4621	 -3.3680
 +8.5593	 -7.7871	 +6.9732	 -2.2000	 -0.2389	 -1.9806
 +6.0487	 -8.6907	-10.5495	 -3.5645	 +0.9233	 +1.3001
 +1.5419	 +9.0909	 -2.8654	 +0.1690	 +0.2444	 +2.2546
+34.6441	 -1.3140	-23.3160	 +0.8435	 -0.4851	 -2.9061
 -6.3879	 -7.7390	 -7.5052	 +1.2718	 -1.0614	 +3.9835
 +0.1322	 +4.6464	 -2.5396	 -0.8252	 +0.7993	 +0.1446
 +1.5792	 -3.4097	 -5.2986	 -5.3478	 -1.8491	 +2.9154
 +5.6937	 +2.7377	 +3.6519	 +0.2264	 -1.3426	 -1.5110
 -7.6750	 -3.0055	 -1.2756	 -1.2747	 -7.0807	 +1.3068
 -0.3113	 -5.4854	 +4.6423	 +0.4710	 +1.8015	 +0.4485
-17.0015	-13.9455	 -2.4437	 +0.0946	 -3.7028	 +1.2289
 +2.7856	 -7.0283	 -1.5293	 -3.1711	 +0.1101	 -2.5425
 +0.4915	 -1.6793	 -6.7485	 +0.8518	 -2.0267	 +3.1545
 +1.9007	 -8.1035	+24.5428	 -1.5842	 +1.7395	 +0.0770
 +0.7887	 -1.1659	 +3.0529	 -2.1556	 -1.7836	 -4.2799
 -0.8878	-34.3211	-18.3507	 +0.5252	 +1.2584	 -1.1534
 +6.9446	-20.5941	 +5.2181	 -1.3789	 +0.9451	 +1.7435
 -9.3644	 -1.1360	 -3.2027	 +1.7433	 +2.4666	 +0.6291
-32.8399	 -5.4792	 +7.7026	 +0.9004	 +0.8633	 -1.5337
 +9.6057	 -3.5942	 +0.5652	 +3.4302	 -2.1646	 +3.1745
 +6.1763	 +9.9157	 -7.8472	 -0.3653	 +2.6511	 -3.6662
-16.2144	-28.7530	 +0.0890	 -1.9025	 -0.7182	 -0.9811
 -3.4549	-14.4428	 -9.6933	 -2.7059	 -1.0698	 -1.7900
 +1.2284	 +4.0338	-10.5173	 +2.4719	 -2.4469	 +3.6701
 -8.2239	+11.8855	-18.2005	 +1.0769	 -0.6952	 -1.7797
 +1.7098	 -5.8724	 +0.3135	 +3.5648	 +4.2370	 -0.6020
 +1.1596	+38.3157	+19.2317	 -0.5816	 -1.4430	 +1.9415
 -1.1525	 +1.1576	 +3.9455	 -1.3025	 +3.7588	 +2.9843
 -3.0435	+10.4663	 -1.9766	 -3.8192	 +1.7664	 -0.0687
 -3.2925	 -4.8353	 -6.1103	 -0.1170	 -2.3135	 +2.5070
+85.4290	-41.5406	+29.9693	 -0.3587	 -0.7228	 -1.6031
 +8.8644	 -2.0202	+16.7832	 +1.3649	 +2.8208	 -0.1637
 -4.2412	 -0.4880	 -8.1419	 +1.9881	 -3.4545	 +0.5765
 +0.3386	 +6.5622	 +1.3709	 -2.5964	 +0.2306	 -1.9748
 +1.8887	-11.6426	 -2.8020	 +0.3420	 +2.5194	 -2.5359
 -8.3841	 -2.6621	 +2.2361	 -4.9517	 -0.2554	 +1.8155
 +1.9106	 +8.8994	 +0.4785	 -0.0581	 +1.5140	 -2.0757
 +8.6103	 +2.7342	 -5.4779	 -0.5944	 -2.9562	 -2.1325
+10.8026	 -5.6067	 -3.9023	 -2.6100	 +1.1156	 -4.4007
 -5.5230	 +4.2283	-18.6068	 +2.6693	 -2.3394	 +0.3663
 +9.1662	+17.2876	+57.5894	 +0.1464	 -0.2036	 +1.2448
 -7.0347	 -6.7154	-14.2546	 -1.0379	 -2.2356	 -3.5069
 +7.7887	 +8.9954	 -5.8646	 -0.9687	 +1.2871	 -0.4642
-13.7911	 -0.0073	-24.2673	 -1.5306	 -0.8100	 +0.0095
+14.9743	 +9.1714	-14.0879	 +0.8291	 +1.6227	 +2.2989
+26.2546	 -3.0860	 -7.8976	 -0.1231	 -0.6357	 -2.3021
 +2.1760	 +0.6768	 +6.0387	 +0.4257	 -0.5090	 +1.9104
-73.4388	+35.7879	-14.7707	 -1.5275	 +0.6618	 -0.8886
 -1.1118	 +1.1562	 -0.1859	 -1.4548	 +6.5666	 -1.8624
+38.8869	-12.0328	 +0.6730	 +1.1764	 -2.2761	 -0.8016
-23.4849	 -1.0054	 -0.9303	 +1.3320	 +0.3867	 +0.9550
-11.4136	 +2.7041	 -0.6569	 +2.0269	 +0.3545	 +2.4118
 +0.3444	+15.2910	-14.3755	 +1.1819	 -0.9181	 -0.8675
 -1.6220	 -7.0164	 -3.0082	 -4.4406	 -0.4473	 -2.4915
 -1.8706	 +2.5337	 +1.8282	 +4.7865	 +2.1425	 +1.2613
-75.4683	-168.7608	+24.4774	 +1.1716	 +0.1649	 -0.1209
 +6.2249	 +7.3513	 +4.6946	 +2.5323	 +2.7414	 +0.5676
 +2.7213	-11.5697	 -1.6789	 -2.7509	 -0.9831	 +1.4637
 -0.2931	 -1.3950	 -2.7615	 -1.0506	 +4.5513	 +0.9218
+15.0003	 -7.5676	 +1.2769	 -1.2652	 +2.2312	 -3.2285
+11.5019	 +2.9792	+19.5981	 +1.3044	 +0.0725	 -2.4570
 -2.2927	 +1.4290	 +1.2289	 -0.0706	 +1.9237	 +2.0671
 -1.9473	 -4.4246	 -8.3337	 -3.7012	 +1.3310	 -2.5745
+14.8261	-16.0054	-18.8583	 +0.8693	 +2.9556	 -2.4899
+10.7530	 +0.6956	 +2.1725	 -0.1939	 +1.1906	 +1.0994
 -5.1560	 -4.7145	 -0.8474	 -0.8444	 -1.1463	 +2.7372
 +1.7456	 -5.7207	 -2.3578	 +1.4920	 -3.1140	 +4.8559
 +4.1799	-10.3875	 -7.8387	 +1.9083	 -3.0683	 -0.2860
 -7.2535	 -6.1065	 +0.4496	 +3.1581	 +0.4289	 -0.6927
 +7.1140	 -0.9074	 -1.1241	 -2.2558	 +2.0084	 +3.8157
 -6.5042	+10.0055	+19.4664	 +0.4635	 -3.2152	 -0.4308
 -6.7897	 +6.5408	 -6.6080	 +4.7988	 -0.8716	 -0.0387
 -7.0516	 -4.0772	 +9.0975	 -0.0511	 +1.0487	 -3.2526
 -5.5443	-27.8381	 +8.6582	 -0.6814	 -3.5959	 +0.0698
 -4.2857	+10.0325	-18.5679	 -2.4061	 +2.8608	 -3.7327
-25.3934	+10.9026	+13.7992	 -1.8732	 -1.2984	 +2.2712
 +5.3037	 -1.2498	-21.5273	 +1.3156	 +1.0113	 +1.8350
 +5.9259	 +4.8410	+13.1442	 +0.8449	 +0.2858	 +1.8254
+16.7386	 +1.5527	 -9.9772	 +1.3367	 +2.3532	 -1.4516
 +8.1976	 -5.9668	-27.1468	 +2.2992	 -1.8580	 -1.7428
-28.9848	+46.7633	-70.8336	 +1.3638	 +1.5778	 +0.6673
 +6.9641	 -0.0947	 -0.7758	 +3.1964	 +3.5200	 +1.5077
-19.9974	+12.4855	 -6.2880	 +0.5808	 -1.0899	 -0.3161
 +0.8107	-16.5297	+12.0994	 -0.3815	 -0.6561	 +0.4899
+18.1466	 -9.8711	 +1.3073	 +1.1318	 -2.0805	 -0.2367
 +5.2263	 -2.6166	 -6.8795	 -1.8773	 +2.0276	 +3.1036
 -2.0722	 -0.8086	 -2.3332	 -1.8861	 +0.2786	 -0.5007
 +1.0564	+18.7381	+19.3725	 -0.4631	 -0.4665	 +3.5869
-19.7368	 -4.5972	 -6.9867	 -0.9075	 +2.0159	 +0.3581
 -4.9691	 +2.7709	 -0.3139	 +2.5045	 -0.9731	 -1.0661
 -7.3650	 +1.3776	 +6.1220	 -2.9478	 -0.3773	 -1.3870
 -6.4780	 -2.6934	+15.6816	 +0.4922	 +0.5485	 +4.9987
+12.1125	+29.4760	+79.7031	 -1.2623	 -0.9185	 +0.3445
 +5.5950	 +5.7844	+12.1502	 +2.5725	 +3.7438	 -0.4427
+10.5511	 +7.8001	 +0.7911	 -3.0959	 -0.0821	 -3.5585
 -5.4825	 -3.8609	 -6.8652	 +1.0991	 -0.8938	 -1.2845
-14.7362	 -3.4034	-11.1694	 +0.4893	 +1.5293	 +2.0545
+52.9471	+28.8123	+41.2097	 -1.4462	 -0.1699	 +0.1702
 +2.9182	 -6.4419	 -4.9052	 -0.5202	 +3.3521	 -1.2564
 -1.8391	 +7.7723	 +6.7973	 -0.2812	 -1.5635	 +4.0262
 +9.5137	 -0.2663	+10.9252	 -2.4489	 -2.1112	 +1.2718
 -1.3079	 -6.3804	 +0.2032	 -2.8185	 +1.5131	 +0.0543
 -1.7951	 -7.3858	+18.9565	 +4.1543	 -0.6546	 -2.0193
 +1.2813	-12.0281	 +2.8796	 +0.8998	 +0.0645	 -1.4264
 -0.7415	 -8.0390	 +6.1245	 +1.1227	 -1.3073	 +1.3273
 -0.3603	+11.2002	 -3.2402	 -1.5608	 -4.8844	 +0.4449
 -4.5644	 +1.2746	-25.5355	 -2.6386	 +0.6495	 -2.0214
 +2.3675	+10.8291	 -0.6037	 -1.9204	 +0.3562	 +4.3585
+17.9885	 -1.8567	 -4.9486	 -2.1175	 +2.1574	 +0.3341
 -0.6629	 +4.4776	 -0.8450	 +1.9711	 -4.3315	 +3.4458
-24.2970	 +6.0111	-26.4481	 +0.3191	 +2.1141	 -0.4231
 +0.0944	 -0.7322	 -2.2269	 -2.3202	 -3.9080	 +4.9772
-20.5147	+42.6307	 -7.9334	 -1.1988	 +0.8898	 +2.0485
 -8.2724	 +3.1060	-12.5851	 -1.1514	 -0.8633	 +0.6774
 +9.0961	 +2.8701	 -5.8916	 +3.4041	 +2.7646	 +1.1347
-11.2578	 -2.9505	 +6.3328	 +1.4400	 +1.1237	 +0.4607
 -0.7120	+18.2287	 -8.9838	 -0.4131	 -0.9789	 -2.7521
 -7.8572	+17.7229	+10.0442	 -2.3370	 +0.1754	 -1.5717
 +1.7055	 -6.3449	 -3.1892	 +2.0921	 -1.5496	 -1.3169
 -3.6723	 -3.7416	 +3.6932	 -3.7845	 -3.3960	 -0.8954
-12.2017	 -5.6669	 +9.6168	 +0.3777	 +2.3032	 +3.8929
 -3.3518	-12.0108	 -4.8492	 +1.4193	 -2.7215	 -0.6139
 +7.4785	 +1.1587	 +9.9206	 +0.5028	 +2.9583	 +1.0764
 -2.4723	 +0.4823	 -5.6847	 -0.7558	 -2.6367	 -1.0800
-20.0730	-17.2249	+15.5377	 +1.7735	 -0.7101	 +3.1494
 -0.8208	 -0.9247	 +0.3835	 +1.5164	 +2.8479	 -2.3229
+28.0970	 +8.1646	 +3.8400	 -1.7643	 -0.8180	 -0.4876
 +2.9732	 +6.7789	 +2.6320	 +0.9730	 -0.0856	 +4.1786
 +5.0168	 +4.2344	 +4.7026	 +0.7772	 -2.3756	 +3.1036
 +6.3816	-18.6082	-10.5879	 +0.7742	 -2.1973	 -0.4129
 -1.8014	 +2.8100	 +0.6324	 +0.6675	 +0.2143	 -1.9724
+13.5685	 -6.4705	 -2.1849	 -0.3077	 -0.8620	 +4.2556
 -4.4013	 +2.4546	 -7.7005	 +1.3355	 -3.2098	 +2.2210
 -7.8199	 +5.1499	 -4.4068	 -2.2924	 +2.9736	 +0.0923
 +1.0941	 +0.8151	 -9.6483	 -0.1477	 -0.3762	 -2.0035
-24.9925	 +1.9038	 -3.4057	 -1.5226	 +3.5497	 -0.0266
-77.8195	+42.0245	+32.2078	 +0.7258	 -0.2255	 +0.3801
 +8.9853	 +1.6369	-17.4296	 -2.6817	 -2.5672	 -0.6816
 -8.4575	 -0.8277	 -7.7691	 -1.4042	 +3.4361	 -2.1290
 +5.8549	 +6.5240	 -7.2307	 -1.6842	 +2.3550	 +1.5565
 -2.5519	 -6.0702	 +5.1753	 +1.5558	 +1.3169	 -1.3138
+26.3920	 -6.0028	 +4.3062	 +0.4159	 +0.6644	 +1.1275
 +5.5995	+26.1494	-35.5727	 +0.8070	 -0.0472	 +1.0372
 +8.1641	 +1.7765	+14.9267	 +1.4053	 +3.2807	 -2.4982
 -1.7596	 +4.0073	 +0.3344	 +3.1579	 -0.2618	 +2.3693
 -3.2636	 -1.6205	+17.1988	 +0.2763	 +1.4606	 +0.9361
 +0.6969	 +0.0035	 +2.6883	 -2.3344	 -0.6340	 +2.1151
 -1.8030	 -0.1603	 -6.8128	 -4.2130	 +0.3316	 +1.3130
+10.7853	 -6.9150	 +2.7035	 +1.5749	 -2.7298	 -2.1796
-13.2504	 -1.5110	 -1.1773	 -3.2995	 +1.7734	 -1.5154
 -0.6276	 +2.5138	 +3.7172	 -0.6432	 +0.1076	 -3.0431
-16.6583	-11.5435	 -4.9395	 -2.1678	 +0.1226	 -4.5915
 +3.6527	-11.7822	 +5.1641	 -3.6103	 +3.1586	 +0.8299
 -5.6167	 -0.9899	 +7.8748	 -2.0586	 -2.7702	 -1.1475
-11.2100	 +5.1563	 +3.8772	 +0.1962	 -0.1052	 -0.1377
-25.3609	 +4.7947	 -0.4252	 -3.0776	 +1.1356	 +0.1223
-11.5981	 -0.1296	 -9.6838	 -0.2657	 +0.7734	 +4.4207
 +6.3086	 +6.5852	 +2.8904	 +0.7835	 -4.5843	 -1.1838
 +3.3614	+13.5244	 -1.8304	 +2.8671	 +1.0958	 +1.5784
 -0.9316	 +3.1679	 -7.7086	 -1.4260	 -1.7268	 -2.7210
 -3.5374	-12.2856	 +7.7580	 +3.7724	 -1.3584	 -0.2743
-19.6229	 -4.8293	 +6.0351	 -1.6582	 +3.7411	 -0.0299
 -8.5606	 -1.8538	-27.1256	 +4.1322	 +1.8486	 -1.0617
-17.2536	 +2.8757	 -2.8653	 -1.6601	 -0.3093	 +3.5963
-14.7594	-29.6241	-25.8555	 -1.0991	 -1.3450	 -0.2405
 +3.0451	 -1.1787	 +7.9023	 -3.6165	 -3.3704	 -0.9559
-15.3793	 +2.4403	 -7.9091	 -1.0519	 -4.1530	 -0.5063
 +2.1141	 +7.1900	 -9.9333	 -2.5839	 -1.9498	 -0.3776
-34.2022	+28.7303	+33.8901	 +0.9719	 -0.2546	 -0.7935
 +9.5322	 -2.5848	-14.0035	 -4.0643	 +0.3414	 +0.6627
 +7.2485	 -5.1673	 -2.2818	 -0.2341	 +0.6857	 +2.8138
 +1.8040	 -8.7072	 -8.1401	 +2.4521	 +2.0013	 -3.3530
 -1.4021	 +8.6402	 +2.8389	 -1.9978	 -1.4366	 +1.6254
 +9.6484	 +7.9466	 +7.2364	 -0.9415	 -2.7009	 -2.7031
 +1.2691	 -5.1286	 -3.2367	 -7.4557	 +0.5873	 +2.2997
 -2.3397	 +8.4177	 -4.0360	 -1.4511	 +1.3036	 -1.8268
 +8.2128	-12.6844	-12.6218	 +2.5939	 -0.3882	 +1.0960
 -7.4286	 -3.0628	-16.9591	 +2.0186	 +2.5445	 +0.8536
 -2.5226	 +8.9533	+10.0236	 -2.9208	 +4.4558	 +1.3914
 -3.8157	 +0.9683	 -5.1998	 +0.1284	 +5.4747	 -1.2534
 +9.6007	 -5.7211	 +3.6360	 +3.0710	 -2.4058	 -0.9401
-79.4059	-29.2923	+64.7647	 +1.7209	 +0.2793	 -1.5124
 -8.7163	 +1.6196	 +8.3167	 -1.6257	 +3.8880	 -2.1572
 -8.2297	 +9.9532	+42.0839	 -1.4362	 +3.5009	 +0.5517
 -0.2058	 +8.1365	 -6.9586	 -1.7456	 +2.6744	 +4.9730
 -6.3003	 -5.1477	 -3.4985	 +1.3585	 -0.7490	 -0.2118
 -9.0829	 +2.4129	 +0.0578	 +1.9416	 -2.4105	 -2.0168
 -3.4466	+12.1106	 -4.5339	 +2.6504	 +1.4483	 -2.4082
 -4.9696	 -3.0641	 -3.8049	 +5.7286	 -1.5174	 +1.3474
 -0.8961	 -8.8273	 -7.1326	 -1.9135	 +1.8492	 -3.1556
+17.5509	 -5.8402	 -7.4492	 -0.0576	 -1.9105	 +0.6028
-13.7884	+16.5731	+16.9351	 -0.6695	 +0.0971	 +2.0569
 +3.6081	 +0.3060	 -2.9666	 +0.7610	 +1.9562	 -4.0732
+16.3642	 +2.1225	 -1.3538	 +0.1428	 +0.2967	 +0.5669
 -1.2575	+11.5865	 -4.6041	 +0.3550	 -1.2525	 +1.4333
-15.6860	-18.7211	-36.9303	 +0.0736	 -0.0324	 -0.7562
 -5.7549	 +1.5039	 -0.0193	 -2.2958	 +0.8391	 -0.2958
 -3.5007	 -3.5426	-22.2202	 +1.5982	 +2.2741	 +2.1577
-40.1344	 +8.7301	+32.8646	 +2.2415	 -1.1267	 -1.7036
-26.8577	-10.4395	 +6.3961	 +3.5936	 +2.1968	 -1.2516
 -1.7882	 -8.9191	-16.6611	 -1.1697	 -1.9546	 +1.5880
 -0.7895	 -3.6404	 +2.9140	 +0.7822	 -1.2107	 +3.2850
-67.3018	-123.5243	+117.2166	 +0.7327	 +0.1831	 -0.2064
 +3.9353	 -2.6153	 -0.8591	 -0.8816	 +5.8068	 +0.6494
 +6.6199	 +2.3885	 +9.8592	 -0.7750	 +4.0174	 +0.8022
 -5.2250	 -6.1806	 +2.6153	 +0.5266	 -0.6590	 +1.1341
 -4.9779	-22.4813	-23.1962	 +3.6972	 +1.5299	 +0.3947
+15.3122	 -1.8196	 +1.4354	 -1.6695	 +0.4187	 -1.0394
 -5.3128	 +0.7315	+13.2234	 +0.3750	 -0.3698	 -2.6273
+22.9075	 +7.7012	+44.5729	 +0.5299	 +2.8109	 -0.4598
 -1.4984	 +0.3680	+10.6482	 -3.0291	 +1.0161	 -1.7298
 +4.2943	 -3.6488	 +0.0634	 -4.0133	 -2.3856	 +2.3997
-10.3645	-12.0780	+30.7041	 -0.6075	 +0.1779	 +1.2816
 +8.6266	 -8.5085	-16.6529	 -1.5492	 +3.0208	 -2.4026
-24.2054	 -1.7757	+20.3278	 +1.0438	 -1.2433	 -1.7435
-17.6536	 -0.6996	-16.0631	 +0.9223	 +2.7601	 -1.3854
 +2.1132	 -3.3927	 -4.2908	 +0.1656	 -0.5222	 +2.2187
 -3.4091	 -6.6011	 -4.2623	 -5.3513	 +3.1064	 +1.1831
 -5.1507	 +2.2162	 -4.6802	 +1.2873	 -2.8247	 -5.4915
+10.1304	+13.7450	 +8.1863	 +0.8502	 +0.6556	 -0.1907
 -3.0851	 -2.4780	 +2.0536	 +1.6041	 -1.7955	 -5.5412
+15.6747	 +1.9544	-12.4332	 +4.0327	 -1.0261	 -0.2724
 +1.5472	+13.3310	 -0.2720	 -2.1758	 +0.7895	 -2.8928
 -8.7771	 +4.5615	 -8.4039	 +0.1278	 +2.3537	 -1.8415
 -0.6920	 +4.0864	-11.1037	 +5.5913	 -3.6967	 +0.7609
 -6.2395	 -7.0566	 -2.0136	 -0.0294	 +1.7344	 +1.4964
 -6.2027	 -2.0110	-19.9642	 -1.4231	 -1.5389	 -0.8602
 -1.0693	 -0.5866	-14.9063	 +2.2556	 +2.2845	 +0.6123
 -0.5657	 -7.2983	 -9.5814	 +2.1117	 +2.7665	 +3.9095
-21.6723	+14.8534	-59.3678	 +0.7923	 -1.7643	 +1.6530
-12.7318	 +0.1427	 +8.4630	 +0.9388	 -4.7117	 -0.8888
-42.7752	+62.8546	-46.5911	 -1.8780	 -1.2511	 +0.5870
 +1.0468	+12.8549	 -4.0200	 -2.7014	 -1.8302	 -0.1444
 +3.7763	+16.8919	-11.9909	 -1.7176	 -0.3493	 -2.2353
 -6.4427	 +4.0502	 +7.0159	 +0.8733	 -4.6879	 -2.3759
 +0.7762	 -9.5781	-29.0785	 -1.3055	 -0.7806	 +0.4877
 +2.6047	 +4.2868	-15.8907	 -2.8952	 +0.6289	 -1.9717
 -6.2376	 +1.9170	 -0.0812	 +4.0986	 +1.6097	 +5.2321
 +1.2208	 -3.3345	 -8.2726	 +3.9359	 +0.9452	 -1.3270
 -0.4868	 -1.6894	 +3.2445	 -2.6774	 +0.7501	 -1.4791
 -3.0897	-11.3824	 +1.1257	 +1.4597	 +3.8342	 +2.5228
 -3.1715	 -8.7663	 +3.7407	 -4.1537	 +1.7472	 -0.4911
 +4.0875	 -4.3441	 -2.0584	 +1.6867	 +2.9238	 -4.8954
-19.6553	-15.5988	-11.4774	 +1.5650	 +0.1638	 -1.5398
-10.6308	+21.6932	 +0.3733	 +2.4762	 +2.9167	 -1.5299
 -8.5574	 +5.5635	-11.4453	 -3.1898	 +0.5173	 -0.0492
-10.1967	 -4.9117	 -8.1233	 -0.5361	 +0.5239	 +2.7845
 +5.3360	-14.4496	 +0.4748	 +2.0751	 +1.3415	 +1.0065
-11.4671	 -9.6511	 -0.4525	 -1.6726	 +1.8168	 +2.2276
-137.7124	-165.3830	+115.0386	 +0.4309	 +0.9555	 +0.0415
 -4.8200	 -2.8175	 +2.6078	 +5.2521	 -3.5263	 -0.4969
-18.1677	 +7.2508	+32.3654	 +0.4212	 -3.2279	 -2.0115
 -8.7070	 +3.4123	+13.3026	 +1.5519	 +0.3181	 -2.8594
 +7.9872	+72.0530	-75.3264	 +0.0291	 -0.3761	 +0.7358
 -4.7065	 -4.5712	+12.1212	 +0.9783	 +4.2977	 -0.9243
 -8.8788	 +1.7126	 +4.4810	 -3.3416	 +0.9715	 -0.7691
 +5.5970	 -4.7202	 +1.4952	 -2.6580	 -5.0379	 +4.4041
+31.0609	+12.7255	-12.8959	 +1.2405	 -0.3856	 -0.9063
 -3.0796	+17.7731	 -3.9197	 +3.6155	 -0.7376	 +1.1068
 +1.5993	 +7.2471	 -6.5359	 -2.6899	 +1.3533	 -0.0212
 +0.4135	 +4.6514	-13.8110	 -0.7930	 -1.9260	 +0.4538
 -3.0546	 -1.3628	 +0.3656	 +3.3141	 -0.5071	 +0.9656
 -1.1910	 -1.4390	 +0.4113	 +1.1154	 -2.5181	 -4.1984
 +4.0408	 -6.0301	 -1.9570	 +5.2682	 +1.7486	 +2.1303
 -0.3471	 -2.3132	 -4.0138	 +5.4259	 -4.0751	 +1.6453
+20.2570	-15.4426	 -5.5503	 +2.4481	 -0.5462	 -0.1836
 +3.3635	 +5.9253	-20.8914	 -0.2889	 -0.1549	 +3.3888
-12.6503	 -7.4455	 -2.6481	 -0.2158	 -2.6468	 +3.6634
 -2.4529	 -6.1915	 +7.1800	 -2.6037	 -4.1050	 -1.5395
 -7.4781	 +2.7810	+10.1621	 +1.7858	 +0.7319	 -3.1994
-29.2150	 +4.6324	+26.9769	 +0.5788	 +1.1157	 +0.6857
 +0.5046	 -6.3905	 +3.7651	 +2.9391	 +2.3930	 -0.6414
-11.4238	 +8.2470	 -9.5598	 -0.4154	 +3.4626	 -0.1904
 -0.2233	 +8.8036	 -2.9669	 +0.1240	 -3.2583	 +0.7967
 -1.7300	-11.9971	 -7.5046	 +1.3088	 -1.0252	 +3.0275
 -3.2547	+19.8518	 -8.2869	 +0.6533	 +2.6527	 +1.8717
 -9.0260	-14.9646	 -8.4968	 +2.7202	 +0.1492	 +0.6450
 -4.7133	+10.4511	 +7.8270	 +2.8004	 -0.1756	 +1.3317
+14.4291	 -0.5349	-14.0717	 -2.1666	 +0.4344	 +0.1037
+10.2448	 -4.4174	 +0.8524	 +3.8429	 -0.6509	 +0.7719
 +6.5826	-12.3887	-12.7446	 +1.7316	 +0.7310	 +0.0923
+12.5161	+10.2347	 -8.0753	 -2.1676	 +1.8563	 -1.4217
 -1.2732	-10.4093	 -7.3739	 +0.2870	 +2.4730	 +2.6371
 +0.4727	 -4.2301	-11.1718	 -0.0600	 +2.3056	 +2.3772
 +4.8074	 +6.9460	 -5.1652	 -2.9251	 -4.8650	 -4.0614
 -0.3691	 +0.8915	 -4.4672	 -4.8343	 -3.2178	 +3.0653
+11.8198	 -5.5576	 +1.9093	 -0.2672	 +2.9523	 -1.0130
+35.4522	 +2.5250	-21.8111	 -0.8958	 +1.2563	 -1.7523
 -8.5910	 +7.7843	 -2.6398	 +0.2278	 +2.1382	 +2.5067
 -2.7013	 -2.9622	 +2.4521	 -2.4632	 -3.1517	 -2.6796
 -6.2039	 -5.9153	 +7.7449	 +0.4155	 -0.4232	 +0.8592
 +6.3581	 +3.3244	 -6.7492	 -3.5031	 -0.0909	 -0.3912
+22.8840	 -5.1412	 +7.1327	 +2.5007	 +0.4897	 -0.8543
 +3.3902	+12.9038	 +0.4730	 +0.8102	 -0.2722	 -2.6234
-28.8716	 +9.9768	 +0.0847	 -1.8200	 +1.4132	 -1.5231
 -6.2384	 +0.2676	 -6.0845	 -0.0676	 -0.9068	 -0.1050
 -6.5123	 -1.3013	 +2.3562	 -0.5908	 -0.7948	 -1.3289
-19.2725	 -9.2082	+18.1445	 -0.9155	 +0.2167	 +1.2676
+11.5641	+39.2852	 -7.0380	 +1.7601	 -1.4003	 +0.5666
 +3.1648	 -2.0446	 -6.6534	 +1.0508	 -1.7651	 -1.1882
 +4.8812	 +2.1171	 +4.0447	 -3.4949	 +1.3514	 +4.5616
 +6.7708	-13.4742	-20.9357	 +2.0983	 +2.5815	 -0.3207
-12.8623	+16.6539	 -0.7418	 +0.8612	 +0.0889	 -0.3513
 +2.8782	+11.7631	 -3.2483	 +4.4830	 +2.0057	 -1.5171
 +1.7782	 -4.4661	 +9.5931	 -0.5768	 +0.1166	 -0.2120
 +4.4641	 +3.6629	-12.2726	 +3.5259	 +2.4658	 -1.0277
 -2.6641	-13.0020	 +8.3434	 -1.1447	 -2.3228	 -2.0247
+21.2874	 -9.7286	-10.3743	 +2.0884	 +2.1046	 -1.1019
-18.3674	 -3.7762	+18.7712	 -0.6301	 -0.4859	 -0.1092
 -4.0300	 -5.8678	 +2.0724	 +2.0460	 +1.4745	 -0.2046
 +0.0109	 -3.1000	+25.6820	 -1.4571	 -0.6062	 -3.1532
 -1.7040	 -1.4483	 -5.1198	 +4.0962	 +1.5689	 +0.1927
 +3.0492	 -5.2270	 +2.9707	 +1.6192	 +3.6460	 +2.6574
 -0.6115	-25.6118	-13.6563	 -1.7330	 -0.3539	 -1.4867
 -4.2119	 -1.3300	 +0.7708	 -4.3962	 +5.1256	 -0.1143
 -1.1297	+10.3990	 +9.8715	 -1.5459	 +1.9557	 -1.1364
+11.8385	 +0.1650	 -1.3871	 +0.5922	 +2.6978	 +2.9239
 -0.7337	 +7.1756	 +1.1980	 -1.0427	 -1.0347	 +2.1304
-59.6277	-12.9041	-22.7015	 +0.7687	 +0.5222	 +0.4685
 -3.0792	 -1.2924	 +2.7236	 -0.0420	 -4.9140	 +1.3219
 +4.1812	 -0.5962	 +1.3847	 -0.5389	 -0.5880	 +5.2223
 +7.3569	 -5.3714	 -2.3022	 -0.8257	 -3.5740	 +1.8883
