# Iterations: 1011 of 10000
# Total Energy: -6.510e+05
#    Kinetic Energy: 6.999e+05
#    Potential Energy: -1.351e+06
# Current Time: 2018-05-09 14:08:45.107168
# Elapsed Time: 2:32:01.470040
# 
# Med. Times for Sections
#    Force Computation:		6.727758
#        [6.7787546.7716966.7800386.8245916.6991846.7248386.6995666.7306786.6954046.699054]
#    Gather Particles:		0.000117
#        [0.0001160.0001080.0001080.0001190.0001290.0001180.0001190.0001120.0001100.000117]
#    Overall:		8.559736
#        [8.6436498.6472568.6262688.6769528.5481658.5592968.5601768.5553418.5297008.508674]
#    Scatter Particles:		0.002437
#        [0.0025910.0021740.0024310.0031410.0005000.0006420.0005160.0030530.0024430.002924]
#    Time Integration:		0.000139
#        [0.0000900.0001660.0001950.0000870.0000850.0001660.0001820.0001130.0001830.000097]
#    Tree Broadcast:		0.872228
#        [0.8942320.8908110.8836670.8647510.8679360.8765190.8844160.8670180.8535870.856169]
#    Tree Construction:		0.971564
#        [0.9677980.9822400.9597740.9842070.9802780.9569620.9753290.9543110.9779150.950254]
# 
# x	y	z	vx	vy	vz
# 
 -3.0170	 -3.0336	 -2.5903	 -3.5035	 -1.4355	 -0.6680
 -7.6955	+20.1639	 +4.7289	 -2.2223	 +2.2383	 +0.3787
 +0.5963	 +2.8901	 -9.2487	 +3.2562	 +3.0612	 -0.1014
-33.7427	 +8.7370	 +9.2216	 +0.1992	 -2.4339	 +0.7388
 +2.1500	 +4.9673	 +0.7885	 -3.3074	 +5.3385	 +0.2697
 -5.9645	 -2.2025	+10.6899	 -3.1240	 -1.2498	 +0.4680
 -6.3000	 +4.3821	 -0.6170	 +0.6239	 +4.2791	 +3.3767
-11.8683	-12.6042	 +5.8903	 +0.5603	 -0.7851	 +0.6603
 -0.8337	 -4.7777	 -6.3644	 +3.3904	 +6.4919	 +2.7106
-29.5267	 +5.3816	 +3.5626	 +0.0434	 -2.6708	 -0.2055
 +7.2777	 +4.8494	 -3.6711	 +2.6971	 -4.0185	 -4.2824
 -1.4613	 -4.8691	 +3.3661	 -2.7046	 +1.2082	 +0.7813
-12.0965	 +3.4661	 +0.4190	 +2.0624	 -2.2373	 +3.0503
 +6.3485	+16.8308	-28.8812	 -2.6516	 -0.1419	 +0.9498
 -7.0377	 -0.6405	 +0.7628	 +1.0802	 -2.0224	 -0.2955
 -9.2801	 -3.3806	 -2.2024	 -2.4499	 +3.1041	 +2.5031
 +8.7912	 -4.6627	+10.7164	 +1.4203	 +2.9430	 -1.5213
 -2.0445	 +1.0591	 +2.5230	 +3.9882	 -2.1530	 +4.3070
 -9.8073	+11.2407	 -8.9921	 -0.8372	 +2.3557	 +0.7040
+91.2237	-36.3351	+79.7757	 -1.5478	 -0.7788	 +0.0555
 +4.5772	+10.5616	 +6.8334	 -2.0353	 -1.1322	 +0.9578
 -0.9097	 +4.3551	 +2.6780	 -1.2561	 +3.3107	 -3.5959
 -7.1831	 -7.7715	 +2.2973	 +2.2662	 -0.5925	 -2.9458
 -0.8550	 +1.2875	 -3.0111	 +2.5695	 -3.0902	 -5.2198
-12.3142	 -7.0934	 +3.4730	 -0.4920	 -0.2059	 +0.0441
-48.3993	+37.7091	-11.7203	 -0.8699	 +1.4215	 -1.1646
 +0.8525	 +5.7545	 +1.6540	 +0.5332	 +3.1988	 -0.2648
-18.7949	+10.6136	-12.0221	 +0.6564	 +1.4253	 -2.3069
 +1.1411	-15.8572	-11.7546	 -3.9393	 -1.2132	 -0.2281
+15.0655	+20.3783	 +8.0421	 +0.9961	 +3.0234	 +1.4079
+26.1849	 -2.7739	-11.1716	 +1.0079	 +1.2309	 +0.9091
-58.6768	+25.9490	+16.3560	 +0.2817	 +1.6537	 +1.6019
 -6.5673	 +6.6230	+19.2151	 +2.0992	 +1.1583	 +0.8352
 +1.6407	+16.5329	-11.0167	 +1.2208	 +0.2128	 +0.2215
 -0.2213	 -3.3110	 +5.0893	 +1.3264	 +1.4687	 -6.2800
 -1.1824	 -1.2314	 -3.9661	 +3.8565	 +1.2921	 +2.7385
 -0.6657	 +8.7051	 -4.1623	 +2.4675	 +2.0622	 -1.7488
 +0.7055	 -3.3757	-13.2755	 -3.6029	 +2.3609	 +0.2140
 -3.1943	 -7.8187	 +0.4117	 +1.9956	 -4.4748	 +1.0481
 -4.5054	 -4.9244	 -6.4449	 +0.2834	 -4.4924	 +0.7812
+22.3004	-33.3691	 +7.1302	 +0.1151	 -1.2049	 -0.7216
 +3.7804	 -8.7106	 +7.8122	 +0.1472	 +1.1909	 -0.9330
 +4.5946	 -2.6030	 +4.9540	 +0.4749	 -4.3349	 -1.2558
 +3.5770	 +4.6124	 +0.6853	 -2.2649	 +0.6127	 +1.8162
+10.3268	 +2.6909	 +0.7729	 -1.0793	 -4.3009	 +3.3364
 +1.7892	 +1.2368	 -5.9818	 +3.0348	 +1.7063	 -1.6224
 +5.9887	 +4.5977	 +7.1240	 -1.8690	 -3.8945	 +1.0471
+20.8395	-13.3532	-12.2699	 -3.0815	 -0.0637	 -1.0371
 -7.2370	 -2.4975	 -0.7080	 +2.3280	 +1.3336	 +0.9027
 +3.7383	 -3.0459	 +3.1278	 -3.6665	 -2.9787	 -1.6179
-21.4135	-51.2393	-20.8884	 +1.4822	 +1.0208	 +1.9687
 -0.7122	 +1.2807	 +4.3880	 -0.1047	 -3.8074	 +1.0320
 -1.7648	+17.8186	+25.4727	 -2.5630	 +2.2096	 -0.0203
 -3.0002	-20.4217	 -7.0321	 -2.3588	 +0.2724	 -2.1104
 +9.1470	+16.9581	+66.0062	 +0.3375	 +2.1183	 +0.8357
-24.2562	 +0.9360	 -3.6669	 +2.7954	 +0.9212	 +0.3043
 -9.0295	 +0.5112	 -3.6861	 -6.6878	 -1.2457	 +1.2815
 +4.0381	 -1.8574	 +0.6062	 -2.3521	 +3.0571	 +3.2511
 -0.5361	+13.5775	 -2.0555	 -1.2593	 -2.3064	 -1.9122
-18.7292	+12.5081	 -3.9786	 +1.2501	 +3.9115	 -2.2062
-27.2827	 +6.3010	-13.3304	 +1.1572	 +0.0446	 -1.9913
 -4.5242	+31.0185	-17.9338	 +0.7751	 +1.4629	 +1.4195
 -4.7857	 +5.9394	 +1.2689	 -0.0076	 -4.3629	 -0.4386
 +2.7228	 +9.2926	 +4.1557	 -0.7203	 +1.1822	 -3.6515
 +0.7455	 +0.6309	 -9.1974	 -0.7144	 -0.3992	 +0.7527
 +0.3310	 -0.2087	 +1.3645	 +4.1957	 +4.3063	 +2.0478
 -4.2928	 +0.6744	-11.3480	 -3.1190	 -2.2762	 -4.4746
-31.9884	-26.6249	+22.4804	 -1.1731	 -0.8798	 -1.1835
 +0.9415	+14.7672	 +9.9817	 +0.0879	 +3.2076	 +0.6351
 +2.9206	-13.3532	 -3.6561	 -0.8462	 +1.4202	 -2.4185
 +3.5594	 -0.5433	 -0.2492	 -1.1164	 -2.5670	 -2.0291
+10.3384	+17.3578	 +0.2686	 +0.1827	 +1.1660	 -0.8343
 +3.9468	 -2.8070	 +5.2047	 -2.9014	 +1.0377	 +0.1412
 +3.2383	+15.0544	-106.0213	 +1.9379	 -0.0513	 -1.0217
+11.8976	 -2.6306	 -3.6579	 -4.2045	 +3.7844	 +1.8494
 +0.5889	-20.9464	+10.0272	 +3.1983	 -0.4904	 +1.4573
 -4.0011	 -7.4278	 -0.9596	 -2.1567	 +1.4487	 -1.6709
 -7.2370	 +0.6253	-15.9346	 +2.4945	 +3.8240	 -1.3670
 +0.3199	-12.0762	 +0.7705	 -2.1444	 +0.9724	 -2.4068
+27.8554	 +6.2448	 -3.6843	 -1.2922	 +2.1942	 +0.3762
 -0.4907	 +1.3924	 -5.1935	 -0.4238	 +2.0083	 +1.3435
 -5.0744	 -1.2213	 -1.3039	 +0.1616	 -6.6070	 +2.2973
 -2.1318	 +0.6847	 -6.3156	 -0.5185	 -0.0931	 -4.4087
-16.6723	+14.8998	+40.9171	 -0.2375	 -1.5063	 +1.7495
+20.6405	+18.3835	+20.7344	 -0.5485	 +0.4630	 +1.0031
 -3.0531	-12.8468	-16.9234	 +2.1008	 -0.2042	 -1.9229
 +8.5986	 +3.4882	 -3.5159	 +2.4205	 -0.9316	 +3.7087
 -6.3396	+21.6755	 +4.2259	 -0.2140	 -1.9561	 -1.5825
+12.1442	-19.4007	 -7.6766	 +0.9222	 +3.0895	 -1.6349
 -5.3517	+13.2979	 -3.6858	 +0.9990	 -1.0224	 +0.6187
 +6.3941	 +0.2676	 +0.0818	 -0.8962	 -2.9016	 -3.4703
 -0.7670	 +0.1003	 -0.5130	 +0.2694	 -1.2041	 +1.5648
-19.5941	-31.8866	-47.7119	 -0.4251	 -0.2624	 +0.5188
-22.2900	-10.3932	+16.7650	 -0.6262	 -0.6962	 +0.3491
 -7.7448	-10.0510	 +0.7813	 +0.9071	 +1.6689	 +0.1030
 -8.2875	 +9.7319	-11.5465	 -2.5530	 -0.5455	 +2.1317
 -7.9803	+16.9395	 +6.4095	 +0.8187	 -3.8730	 +2.5289
 -7.0820	 -1.1885	 -3.0176	 +2.9712	 +0.9649	 -6.0482
+12.7826	-11.0221	 -3.9612	 +2.1734	 +0.3629	 +1.0701
+13.9864	 +9.1393	 +0.8340	 +0.0648	 +1.2773	 +4.7977
-20.8388	 -8.2234	 +1.8448	 -0.4337	 +2.3956	 +0.3360
+11.6061	 +1.6123	+10.6557	 -0.0165	 -0.1125	 +1.3427
 -1.9650	 -3.6005	 +6.1389	 -2.0602	 -0.5837	 -0.1418
 +1.2290	 +6.8855	 +9.9980	 -0.9340	 -2.8690	 +1.7654
 -0.4563	 +1.0285	 -5.2244	 -1.1170	 -1.5219	 +2.0162
+10.6850	 +6.8159	-10.7304	 -2.0674	 -1.2329	 -1.6723
+12.7361	 -3.8447	 -3.2671	 +0.6997	 +4.0423	 -4.1967
+13.1380	+10.7997	 -3.8352	 +1.3197	 -0.7033	 +0.0337
+26.9682	+22.9790	 +9.0235	 -0.9184	 +0.5894	 -1.4300
 -5.2884	 -0.8755	 +5.4568	 -2.9155	 +0.6504	 +3.9156
 +4.2313	 -3.3586	 -0.1015	 -4.1732	 -3.4690	 +1.2226
+471.9643	+394.2698	-224.3488	 -0.2854	 +0.6682	 +0.3179
-139.8552	+109.9609	+203.9381	 -0.0808	 +1.1139	 +0.3970
+29.5542	-10.0256	 +1.8813	 +0.2188	 -0.1525	 -1.4995
 -7.9301	 -3.5518	 -6.8833	 +1.7713	 +2.0672	 -5.1331
 -3.9343	 -9.8951	 -6.7158	 +0.4191	 -3.3867	 +3.4318
 -7.3705	 -6.4522	 -4.6437	 -2.0377	 +3.9179	 +2.3566
-56.8699	-13.3106	-16.9394	 +2.2036	 +0.3892	 -0.5937
 -2.3511	 +0.0914	 -1.2955	 -3.6655	 -0.0197	 -1.1913
+47.9593	-27.5546	-39.1365	 -0.0769	 -0.3907	 +0.7542
 +8.2659	 -5.2129	 +8.5508	 +0.6232	 +0.9561	 +4.2305
 +3.9922	 -7.8840	 -3.7175	 +0.1169	 +0.4619	 +0.9556
 -3.1576	 -0.6960	 -1.6182	 -0.4157	 -4.1550	 +1.6850
 -3.4296	 +9.3389	 -3.2896	 +4.5496	 -0.6166	 -0.4790
 -3.6170	 -1.8965	 -3.6864	 +0.1295	 -0.7886	 +3.9234
 +0.4258	 -4.9424	 -3.2570	 +0.8518	 -0.4321	 +4.9504
+10.4881	 -1.5275	 +6.7633	 -0.6966	 -0.3821	 +3.8050
 +8.3729	 +0.2490	 -5.0568	 -1.0718	 -0.0106	 +0.1697
 +4.4648	 -5.1026	 -1.5110	 -0.2784	 -1.5953	 -3.2493
 -7.2852	+12.4435	 +5.9683	 +1.3237	 +1.4815	 +2.6726
+14.5292	+21.1019	-174.7898	 +0.0560	 -1.1811	 -1.1710
 -8.4583	 +0.9584	 -7.6733	 -3.1459	 -3.1322	 +2.0783
 -7.0485	 -3.4190	 +5.7521	 +2.7957	 -2.6873	 -0.8968
 +6.0292	 +3.5509	 -4.3267	 +3.3446	 -1.3054	 +0.6027
 -1.3808	 +6.4382	 -2.5406	 -1.1078	 -1.5429	 -0.9582
-17.4923	 +8.4817	-20.6855	 +0.8948	 -2.3573	 +2.7693
+11.2963	+16.2813	 +3.0547	 -2.2334	 +1.5463	 +1.6199
 +3.3842	-31.9675	+18.6201	 -2.1080	 -0.6183	 -0.4697
 -4.6595	 +5.4036	 -2.9947	 -1.9172	 +1.0104	 +3.8831
-13.0698	+15.7428	 +8.6249	 -0.7124	 +2.5464	 +0.3090
 -5.4259	 +1.1965	-11.6874	 -1.8084	 -1.6023	 -0.0559
-20.0986	 +4.4933	 -1.7925	 -0.2970	 +2.2644	 -3.0438
 +0.4486	 -0.8786	 -1.4432	 +1.2111	 +1.3151	 +3.5942
 -7.7924	+23.4693	-30.4791	 +2.9548	 +1.3926	 +1.6281
+59.4407	-12.5279	+17.3968	 -0.3181	 -1.8587	 -0.5054
 +3.4627	 +0.2390	+12.3058	 +1.2517	 +0.5896	 +1.5694
-39.9157	-59.8828	+53.8908	 -1.1011	 +1.3407	 +0.6907
 -4.2151	 -9.7768	 +1.6145	 +1.5975	 -2.5611	 -1.0835
 +1.0006	 -6.5462	-21.0373	 -3.5915	 -1.1986	 +0.7025
 +9.3597	 +8.5532	 -1.3413	 -2.8718	 -1.4073	 +0.5979
 -5.9025	 +0.8673	-19.9733	 -1.0356	 -1.8256	 -0.1325
 +4.7700	+12.1454	 -7.0064	 -2.8191	 -0.3888	 +0.8596
-12.5989	 +8.9127	 -0.5819	 +2.7293	 -1.2554	 -0.4400
 +4.4861	 -9.0978	 +6.2345	 -1.2830	 +1.3326	 +0.4740
 -8.3893	 +3.6560	 +0.6833	 -0.4675	 +4.7535	 +0.0414
 +9.5472	 -3.5280	 +9.4937	 +2.5785	 -2.0317	 -0.3878
+15.5751	 -4.9769	-10.9457	 -0.7731	 -1.3553	 +2.8814
-18.5675	+10.3203	+20.6892	 -2.2252	 +0.2238	 -2.4976
 +6.6847	 -6.6413	 +7.6817	 -0.9221	 +1.3030	 -2.1840
 -5.4397	 +1.6514	 -1.8483	 +1.0884	 +0.0085	 -0.3221
 +1.0044	 -6.2962	 -3.4488	 +3.3619	 +0.6237	 -3.1297
+22.3458	 +4.8155	-19.2727	 +1.8892	 +1.6465	 -2.0604
 +0.9916	 -1.3644	 -1.9878	 +2.9507	 +1.9629	 -0.3096
 -9.7918	-11.2368	 -3.8372	 +0.0380	 -3.2251	 -0.3036
 +7.6557	 +9.4183	 +0.2095	 -2.2618	 +0.2788	 -2.6722
-10.0843	 +3.0435	 -7.3021	 +3.8424	 +0.6294	 -1.8559
 -1.5284	 -4.6510	 +3.5810	 +0.1081	 -2.7279	 +0.8954
+10.3316	 -2.3309	+12.8094	 +3.1311	 +2.9898	 +0.1806
 +3.8501	 -1.6537	 -4.6567	 -2.0010	 +1.2326	 -1.4843
 -7.7542	 +3.8500	 +5.5054	 -3.3543	 +2.0144	 -1.1036
 +1.8123	 -4.4820	 -4.4373	 +1.9550	 +1.5456	 +6.0583
 +0.4911	 -0.9367	 +0.2910	 -1.0376	 +0.4084	 +3.3305
 -1.1966	 -2.1116	-11.5289	 +0.7838	 -0.0608	 +4.6072
+15.5280	-13.1103	+13.2818	 -2.6472	 +0.7688	 -2.2671
+16.1897	 -7.6292	-30.3342	 +1.3919	 -1.6658	 -1.9692
+31.7218	+33.5133	-25.7601	 -2.7591	 +0.3881	 +0.3058
-12.0788	+11.6206	-14.1989	 +3.2243	 +1.9682	 +0.0021
 +1.8563	+18.0545	 +1.5319	 -1.2107	 +4.0995	 -0.5454
 -4.6107	 +1.8388	 -7.4365	 +0.5526	 -2.7703	 +0.2057
 -3.5743	 +5.8557	 +2.6413	 -0.1546	 -0.7114	 +1.7202
 +4.2118	 -3.8680	 +0.8612	 +3.6298	 +1.5998	 +1.3050
 -1.5280	 -9.1161	 +1.0599	 +2.4128	 -0.1452	 -2.0183
 -3.9810	 -1.9820	 -2.5946	 +3.7875	 -0.2427	 +2.8635
 +3.0223	+21.8539	-25.8740	 -1.6586	 -0.7878	 +0.6541
 -4.5184	+12.1217	-22.6898	 -2.5269	 -0.3540	 -0.0642
 +2.2976	 +2.4445	 +2.1985	 +1.9899	 -1.8859	 +0.2108
 -3.0980	 -7.8248	 -4.2940	 +0.8293	 +2.5843	 -2.9833
 -0.2353	 -3.5494	 -4.6521	 -0.3864	 +1.5344	 -1.1362
 -9.7834	 +1.1869	 -9.1666	 +3.8430	 +1.8451	 +1.6915
 -1.8283	 -3.2085	 -1.7407	 -2.6409	 +0.2864	 -2.7008
 -9.7687	-26.8146	+10.7912	 +0.0984	 +0.2980	 -0.3966
 -4.5482	 -3.0493	 -4.8541	 +3.1475	 -0.9251	 -3.3131
-14.3251	+12.9373	-40.7844	 -1.1861	 -1.7396	 -0.1179
 -6.0074	 +2.7566	 -7.5060	 -1.0375	 -3.3467	 -2.3879
 -5.7733	-15.8564	 -9.5743	 -1.2495	 +1.1906	 -0.7941
 +2.0095	 -3.3806	 -1.0747	 +0.4790	 +2.0757	 +1.9491
-13.8229	 +0.7459	 -7.6798	 +1.3168	 -2.9383	 -0.8654
+18.4333	-97.8723	-26.6840	 -1.4159	 +0.5254	 +1.0670
 +5.2921	 -5.2056	 +1.3068	 -0.2549	 -3.8144	 -3.5164
+13.5486	 +8.6339	+15.9372	 +0.0659	 -1.0501	 +1.9200
-14.5377	-13.5918	+10.2952	 +0.8223	 +3.1037	 +2.9514
 -9.4549	 +2.9318	 -6.8819	 -4.7788	 -3.7473	 +0.9786
 +1.6822	 -3.0498	 -6.6273	 -0.6724	 +4.2158	 -0.4495
 +2.2241	 -3.0750	 -3.2624	 +4.4974	 -2.5723	 -0.1151
+10.4192	 +7.3715	 -9.6031	 -0.6354	 +2.1055	 -3.3161
 -4.8499	 +7.8941	 -0.7336	 -0.7837	 +0.2761	 +0.4635
 -2.6595	 -2.3113	 +1.9185	 -3.7926	 -1.2478	 -0.0301
-24.9810	 -0.6872	+19.5061	 +0.6259	 -2.8787	 +1.8885
-14.2927	+53.4522	-22.6534	 -1.9735	 -0.0967	 +1.6274
 -6.7188	 -1.1934	 -7.5690	 -2.1444	 +0.9419	 -2.8030
 -9.5860	 -2.9893	 +5.6246	 -0.9579	 +2.9969	 +1.6785
 +4.4666	+13.5020	 -3.5196	 +2.3734	 -0.3804	 +1.6478
 -4.2505	-11.1560	 +7.4947	 +2.9769	 -1.7889	 +0.7051
-26.9505	 -2.3070	 -1.8719	 -0.1229	 -0.1078	 +1.0520
 +4.6318	 -5.5377	-17.2282	 -3.0134	 +1.7334	 +2.2110
+121.4020	 +6.4189	-36.6684	 +0.0792	 +0.1389	 +0.7623
 +6.6713	 -7.4188	-30.2149	 -2.3133	 -2.3275	 -0.5425
 -9.4029	 +0.3780	 -1.0449	 +1.7776	 -1.6026	 +1.7765
-15.1772	 +2.1490	-10.6721	 +1.9239	 +1.3546	 -0.5993
 -0.0335	 +0.0374	 -2.3657	 +2.2896	 -4.1642	 -0.9988
+19.1116	-25.3572	-10.2035	 -2.2786	 +1.7038	 -0.1703
 -4.6708	 -5.0645	 -4.2894	 -2.6492	 -3.3371	 -1.6085
 +7.4673	 +4.6099	 +0.8121	 +2.1745	 -0.8899	 +3.6836
 -5.6874	 -2.5952	 +5.1418	 +3.5818	 -1.7761	 +1.6403
 -5.3059	 +0.7668	 +8.9879	 -1.0426	 -0.7477	 +1.3303
 -4.2134	 -2.6958	 +3.7150	 +1.1613	 -0.5739	 +0.3740
 -4.7706	 -0.9370	 +2.6592	 -1.1778	 -2.6783	 -4.6670
 -1.8407	 +0.7285	 -0.4482	 +2.8257	 +2.7935	 +2.9854
 -7.4561	 -0.4228	 -2.0542	 +3.7389	 +1.3919	 +1.3621
+11.1448	 -4.4239	 -3.9254	 -0.3317	 +0.8646	 +1.2739
 -4.0595	 +1.3864	 -1.3819	 -2.3107	 +0.9110	 -1.9263
 -3.5226	 -3.4918	 +0.3790	 -1.0303	 +2.7852	 -0.8555
-12.4658	 -5.4415	 +1.6511	 -1.2325	 -1.0065	 -2.6186
 +9.5755	 +9.7107	 -2.7369	 -0.6008	 -2.6336	 -0.6341
 +2.4459	+11.1102	 +4.1525	 +0.8070	 +0.1816	 -3.2966
 +9.0886	 -1.9142	-20.6146	 +0.2694	 -1.8892	 -0.0659
 -4.1674	 +4.4890	 -0.8525	 -0.1942	 +3.3536	 +5.3940
+13.5238	-24.7128	 +7.1499	 +0.9611	 -0.1902	 -2.2711
 -8.0570	 -6.8583	 -5.9795	 +0.9100	 +0.1308	 -2.5171
 -0.1120	 -3.3934	 -1.3214	 -0.0418	 +0.8841	 -0.2369
-61.6305	 -6.6247	 +3.6650	 -0.7544	 -1.5040	 +0.3769
 -3.0449	 +2.5621	 -5.2165	 +1.1588	 +0.8533	 +4.3096
 -2.1116	+14.8741	-13.2641	 -0.7910	 -2.3633	 -0.2844
 +5.4804	 -7.1339	 -0.1061	 -4.3155	 +2.8493	 -0.0147
 +0.1106	 +6.3254	 -9.2252	 -0.8332	 -1.3154	 -0.5469
 +6.5925	 -8.9087	 -6.9409	 +0.7077	 -2.6615	 -1.5472
-25.6478	 +1.7819	+31.6671	 +1.2083	 +1.2072	 -1.8555
-14.7791	 -1.4142	 +0.7047	 +2.9337	 +0.0004	 -2.1271
 +4.9277	+12.2430	 -8.3636	 +1.3836	 -1.0087	 +1.6829
-19.2743	-22.7908	 -7.0234	 +2.9756	 +1.8655	 +2.1444
 +4.4051	+24.4506	 +6.8194	 +2.7247	 -1.7281	 -0.3905
+17.0302	 -6.9874	+14.1140	 +1.9457	 +1.8867	 +1.3602
 -8.6184	 +9.1033	 -1.8455	 -0.2385	 +1.2129	 +1.5773
 +5.6453	 -1.2657	 +6.4497	 -3.3113	 +2.1265	 -1.3652
+1873.1384	-32.8013	+790.8284	 +0.2203	 -0.2337	 +0.0658
 +0.5821	 -4.1166	 +2.1344	 -3.1482	 +2.7735	 +2.6250
 -0.5650	+13.0075	 +2.9010	 -2.9024	 -1.5655	 -0.1028
 -3.4435	 -1.9610	 -4.3745	 +3.0385	 +0.7614	 -5.4621
 -3.8284	 -2.5523	 +3.1345	 -6.0567	 +4.1164	 +0.0883
 +8.8423	 +8.8205	 -9.1670	 -0.8246	 -2.5243	 -0.5533
-62.5870	-59.0207	-70.8583	 -0.7044	 -1.1482	 -0.0637
 -4.0653	+11.8719	+17.0625	 -1.2272	 -0.7156	 +4.6918
-10.1969	 +8.8681	 -8.1996	 -3.0294	 -3.2907	 -4.3591
+20.9734	-13.7554	 +9.2974	 -1.1301	 +2.4849	 -0.6548
 -0.5842	 +0.6217	 -2.0787	 -4.8590	 -1.6739	 -1.6654
 +8.1667	 -9.2942	 +0.0088	 -4.1943	 -3.9563	 +1.5343
 -0.4556	 -7.9219	 -4.3308	 +2.0354	 -4.6375	 -0.0227
 -6.4946	 +7.2910	 +0.6598	 +0.6915	 -1.1423	 +0.4021
 -6.2327	-13.9887	-11.1253	 -2.6701	 -1.7119	 -0.5308
 +2.4709	-21.0195	 -9.2476	 -0.2434	 +0.2965	 +1.9048
 -3.2264	+10.5775	-13.2747	 -0.6352	 +2.1641	 -0.5038
 -3.8110	 -3.0860	 +0.7974	 +3.4534	 -0.8192	 -2.0640
-11.3976	 +6.3347	 +2.9971	 -0.8098	 -1.6965	 -2.8799
 +1.0868	 -1.2091	-13.9988	 -3.2645	 +2.0986	 +0.1276
 -6.5843	 -5.2333	 -6.1657	 -1.0654	 -1.1608	 -0.1568
-10.1739	 +1.4486	 +1.6983	 -1.5506	 -4.1390	 +5.0483
 -6.1566	 -3.6726	 -6.2298	 -2.8712	 +1.7542	 +0.1121
 +2.4930	 +5.1513	 -5.3122	 -1.7223	 +0.4577	 -0.4656
 +1.9762	 +4.1484	-24.4305	 +0.0246	 -3.4951	 -1.8228
 -9.3532	 +4.6798	 +7.5546	 +1.5755	 -1.5540	 -1.6250
 +4.4233	 +5.3180	 -8.2664	 -2.9003	 -0.4696	 +1.0921
 +2.5888	 -6.4832	 -6.4285	 -2.5721	 +2.6837	 -0.3906
 +8.2731	 -1.8480	 -1.7850	 +1.5155	 +3.7634	 -0.9477
-13.0236	 +9.6026	 -2.9077	 -1.7746	 +0.7557	 +0.5297
 -2.0708	 -4.2251	 -1.9784	 -0.6214	 +4.3852	 +3.5517
 -3.3693	 -2.9710	 -0.6020	 -4.8428	 -1.3742	 +1.2927
-18.4292	 +2.8617	 +9.1875	 +2.0434	 -1.4731	 +2.6396
-23.6853	 -8.3233	-18.2280	 +1.8812	 +0.2351	 -1.9876
 +1.7111	-12.2960	-12.5297	 -0.4338	 -1.8858	 +0.0120
-127.9686	-50.4273	+77.5123	 +0.7848	 -0.9085	 +0.6253
 -2.4629	 -4.2816	 +3.1683	 -1.9302	 -1.2247	 +1.1765
 -2.4805	+11.1245	 -2.8359	 +3.2425	 -1.2380	 +1.4019
+14.6989	 +0.6876	-14.2411	 -0.7716	 +1.8178	 -1.6571
+13.0146	 -5.5046	-11.8836	 -0.1627	 -1.3916	 +2.1364
 -8.5077	 +2.3383	 +0.9192	 +3.9279	 -3.6544	 +2.2528
-16.1639	 +7.0161	 -6.7673	 -0.0939	 -2.9358	 -1.3264
 +1.7168	 +6.2350	 +7.2881	 -0.7861	 +3.6144	 +1.1222
-110.1225	-106.4419	+100.4063	 +0.4472	 -0.2098	 -0.1655
 +1.1178	+38.3143	 +8.4464	 +2.3205	 -0.2539	 -2.2654
-26.9554	-16.0769	+23.6646	 -0.0158	 +1.8891	 +1.2450
 -9.2869	 +4.7379	-38.6533	 +2.7623	 -0.7333	 -0.6523
-20.5112	 -8.7637	 -8.4573	 +0.9230	 +3.1512	 +0.5391
 -3.1696	 -0.4795	 +4.9567	 +1.9692	 -1.9332	 +0.0245
 -3.0207	 +1.1290	 +0.4924	 -0.2151	 -1.8336	 +4.5735
+10.5078	 -6.6036	 +1.1153	 -2.7173	 -0.0629	 +0.5584
 -9.8583	+12.2170	 -8.9562	 +0.2191	 -0.3405	 +1.5786
 +8.9070	 +3.2664	 -4.4327	 +6.0808	 +0.2615	 +1.3507
 +7.1752	-12.4939	 -6.6799	 +2.4965	 +3.3068	 -1.5694
+13.0993	-84.7470	+10.0620	 -1.0457	 +1.6287	 -1.2515
-14.5358	 +1.4676	 +5.1748	 +2.7779	 -1.2204	 -1.2680
 -2.6977	 -2.0680	 -2.2531	 +0.3810	 -2.6360	 -3.7342
 -2.9465	 -2.8414	 -3.4131	 +0.9440	 +0.0478	 -0.6898
 -1.4777	 +4.8832	+12.3656	 -0.0026	 +0.8124	 -1.6810
 +3.2167	 -5.5943	 -0.7671	 +2.3988	 -0.8962	 -2.2861
 +1.4956	 -8.5702	-10.2418	 +1.2311	 +1.5312	 -4.9093
 -5.0499	 +3.3252	-17.7428	 -0.1351	 +1.5045	 -3.3898
+11.4112	-12.6380	-26.4672	 +0.3411	 -2.5400	 -0.8087
 -0.9562	 +4.0695	 -6.7983	 -2.1006	 -0.0364	 -1.2369
 -2.4316	 -5.7013	 +1.5655	 -3.7535	 +4.0101	 -3.3160
 -0.8392	 +5.8050	 +2.3063	 -2.2395	 -1.5311	 +2.3109
 +3.9740	 +0.0010	 -3.8669	 +0.6750	 +2.5729	 +0.3538
+10.4527	+20.8928	 +2.7425	 +3.9521	 +1.5038	 -0.6042
 -2.2515	+14.9352	-22.4855	 +0.3206	 +0.8139	 +0.8534
 -0.0431	 -0.1722	 +6.6237	 -0.7061	 +0.9184	 -3.1638
 -2.0303	 -6.0403	 +0.6328	 +2.7613	 -0.7802	 +0.0532
 -7.6460	-10.5246	 -9.3567	 -2.9747	 -0.1070	 -0.4472
-151.2718	-58.8650	+204.2302	 +0.5567	 -0.6697	 +0.1882
 +0.5211	 -4.5668	 +1.6876	 +0.6874	 -1.2822	 +3.2562
 -7.8524	 +5.5851	 -3.6611	 -1.0575	 +0.6886	 -2.5783
-14.2854	 -7.8879	 -6.9817	 +0.7508	 -0.4412	 -1.3382
 -2.5428	 +0.0938	 +8.2606	 +0.2785	 -5.6622	 +0.8597
 -1.4952	 +0.3712	 +0.4692	 -1.9427	 +1.6281	 +5.3996
+20.8952	+50.5736	-18.8395	 -1.4930	 +0.7108	 -1.7541
 +3.9909	 -9.8325	-14.3652	 -0.9074	 -0.2985	 +1.5261
 -8.0204	 +7.6997	-11.2911	 -3.2035	 -0.4919	 +1.5041
 +5.1536	 -2.8910	+15.3766	 -2.0274	 -0.8799	 +3.1652
 -4.0244	 -1.8418	 +8.9376	 +0.0662	 +2.2729	 -1.3434
 +0.1864	 +1.5036	 +2.0043	 -3.5717	 -1.0447	 +2.5168
 +4.7146	-10.4797	 -9.5076	 +1.5826	 +1.4705	 +0.9235
 -0.2443	 +0.2582	 -3.4861	 -0.0847	 -0.3962	 -2.8020
+10.3049	 +9.9854	 +6.4937	 -0.4612	 +0.4592	 +0.0349
 -0.4117	 +4.2276	-13.9004	 -0.2368	 -0.8049	 +0.8232
-17.0837	 +1.2797	-13.2889	 +0.5391	 -0.1637	 -2.5379
 -1.2889	 -5.0620	 -1.6501	 -2.0839	 +2.3265	 +1.8675
 -3.7657	 +6.6014	 -3.3912	 -1.4821	 -2.7819	 -2.5839
 -2.9163	 -5.9457	 +1.3960	 +2.1373	 +0.8869	 -3.3971
 -0.2914	 +1.3413	 -6.3003	 +0.5325	 -2.2537	 -1.6142
 +3.7067	 +4.9691	+35.3391	 +2.2421	 +2.2267	 +0.5113
 -0.0504	 -3.3515	 +1.7641	 -0.2643	 +0.3396	 +0.0731
 -8.8737	 +9.1215	 -2.2713	 +1.4993	 +2.6061	 -2.0749
 +9.0359	 +5.8420	 -4.5111	 +0.4901	 -1.5668	 -2.1036
+15.7296	 -8.7908	-18.2475	 +0.3839	 -1.6443	 -1.2463
 -8.3839	 -0.1875	 -3.4573	 +0.5034	 -3.2948	 +1.0288
 +2.0377	 -7.1865	+11.4843	 -2.8701	 +2.5585	 -0.2801
 +0.7433	-16.2870	 +8.5033	 -1.1240	 -0.7609	 +1.3498
 -7.9922	+27.2166	-49.4873	 +0.8241	 -0.3828	 -0.0784
 +6.2317	 -1.1166	-39.1250	 -0.4452	 +1.2617	 +2.2377
 -6.7584	 -1.1455	 -3.8220	 +2.5199	 -1.4045	 -1.5849
 -6.7601	-13.8015	 -8.7372	 +3.3888	 +0.9072	 +1.8999
 +1.4076	 -0.3475	 +2.8186	 -1.7053	 +1.2706	 -0.0268
+17.0327	+16.0227	 +4.1159	 +1.8216	 +0.0866	 +0.4778
 -6.3875	-60.4076	 -9.5192	 +1.3977	 +1.6331	 -0.6251
 -1.0893	 +1.8214	-12.2997	 +1.5494	 +3.1972	 +0.6216
 -8.5120	 -8.4479	 +2.9132	 -1.0745	 +3.1494	 -2.0420
-14.2714	 +9.2805	-20.1297	 -3.5276	 +1.0816	 +1.4344
 +6.5827	-20.4986	+17.7770	 -0.6021	 -2.7387	 +0.9037
 -3.3696	 +0.8315	+15.2721	 -1.5531	 +0.4493	 +1.2684
 +3.3261	 -3.0564	 +9.0394	 -2.3471	 -1.2584	 -0.3678
 -0.1183	 -3.8291	 -1.3843	 +4.6439	 -2.7607	 +0.4558
 -3.4557	 +0.5976	 +2.3053	 -1.6119	 -4.5995	 -3.2558
 +6.9658	 +0.6075	 -5.5723	 +0.2973	 +1.7845	 -1.8315
 -1.7083	 +4.2045	 +7.3803	 +1.9882	 +5.3515	 -1.4375
 -8.2643	 -3.1638	 -2.6311	 -1.0877	 -0.4903	 +2.3216
-12.9008	-13.5933	-14.4516	 -1.0011	 -0.0036	 -0.4584
-50.5075	 +7.4866	-19.2206	 +1.4672	 +1.2221	 -0.7309
 -6.5058	 -3.5125	 -0.9134	 +0.3842	 +1.4461	 +2.7956
 -7.8685	 -6.5814	 +1.5676	 -0.9054	 -1.4554	 -1.5548
-14.1343	 +3.5457	 -2.3238	 -0.3391	 -2.1203	 -1.1990
 -4.0728	 +7.7094	 -3.2669	 +0.8612	 -0.2063	 -2.4216
+15.3256	+14.1592	 -6.1555	 -0.1265	 +0.5142	 +3.1112
 -4.7233	 +6.4545	+19.5595	 -1.6140	 -0.2140	 +3.4911
 +5.9105	 -9.2821	+17.0768	 +1.5300	 -1.5227	 -1.7622
+14.5878	 -4.1350	 +5.6857	 -1.7597	 -0.2450	 +2.9843
 -6.3245	 -0.3334	 +1.4882	 -3.0999	 +3.8426	 +0.1700
 -3.7935	-12.6298	-20.9297	 -0.6491	 +3.2157	 +1.4898
 -8.8434	 +3.1086	+11.6723	 +2.0076	 -3.7515	 -0.9239
 -8.7514	 -4.7432	 -3.1284	 -1.7030	 -0.1344	 +2.0969
 -1.8030	 +0.4531	-10.1535	 +2.1249	 +3.1494	 +2.7952
 +1.0136	 -3.8152	 -0.1666	 +0.9481	 +5.1380	 -4.1185
 +2.7363	 -9.5949	 +5.0332	 -0.8182	 +3.6310	 +1.2894
 -7.4584	 +0.0116	-14.9975	 +1.8215	 -1.2553	 +1.3999
-12.3026	 -0.1710	+14.7537	 +2.1198	 +0.4286	 +1.4603
 -2.4144	 -7.8950	 -5.4125	 -1.6653	 -3.7051	 +0.6369
+31.1230	 +3.9648	 +8.9993	 -1.6976	 -0.4668	 +0.1199
 +5.0037	 -5.1661	 +2.5097	 +3.5486	 -3.2626	 -3.8864
 -2.5813	 -0.2040	 -5.9048	 -1.2541	 -2.8441	 +0.1115
 -5.9777	-33.7544	-28.1043	 -1.2012	 -0.4015	 -0.1152
-13.3335	+17.8611	 +8.0139	 -0.6436	 +0.0203	 +2.3363
-10.7668	 -0.8767	 +4.1675	 +0.3272	 +1.3764	 +2.7755
 +7.0554	 +0.7362	+17.7584	 +5.1830	 -1.4144	 -0.7340
 +0.2128	 -7.2987	 -2.2859	 +1.4849	 +2.5319	 +1.5841
-11.1444	 -2.0377	-13.3921	 +0.0300	 +1.7555	 +0.4300
 -4.5796	 -5.1604	 -5.6482	 -4.0738	 +2.5170	 +0.1129
 -0.3257	 -4.7495	 +1.6615	 +2.5227	 +4.6032	 -4.2665
 +7.1720	 +4.3130	 -5.5443	 -1.7194	 +3.3943	 +2.0717
 +8.9627	 -3.2371	 -3.5293	 -2.2757	 +3.7091	 +2.4268
+12.8991	 +2.4822	 +2.1380	 -2.3680	 -2.2057	 -1.5736
+23.4391	 -7.3090	 -5.7562	 -1.4804	 -2.0002	 +1.7069
-12.0869	+19.4626	+22.9251	 +1.5862	 +1.9320	 -0.6441
+28.9752	-24.9380	+70.7695	 -0.3266	 -1.7069	 +0.0573
-14.5353	 -4.6683	 -4.2794	 -2.8753	 +0.3458	 +1.1162
 -1.8667	+14.3408	 +2.5940	 -2.0414	 -0.1943	 +2.0449
 +1.6694	 -2.6282	 +1.5816	 -0.5452	 -0.1981	 +0.2373
+12.1967	 -3.7058	+11.3239	 +1.5032	 +0.6017	 +2.0077
 +4.5534	 +9.1917	 +0.3138	 -1.8542	 -2.1158	 -2.0753
+27.7177	 -2.2908	-18.7762	 -1.2407	 -0.5475	 -0.8367
 +6.3236	+12.4991	 -1.3420	 +3.9482	 -0.0552	 -1.4722
-23.0839	+25.0882	-26.4143	 -0.2075	 +0.3292	 -0.5947
-23.9220	-18.3387	+17.0153	 -0.9649	 +1.4915	 -0.0223
 -4.8919	 +2.1457	 -2.7225	 -2.4482	 +1.9093	 +2.1678
+11.0582	 -9.6813	 +1.0605	 -3.6745	 -0.2913	 +1.4318
 +2.6706	 +3.9645	 -3.3936	 -3.6789	 +3.4060	 -4.2343
 -6.1116	 +0.2698	 -6.9680	 +0.6702	 -2.0441	 -0.4821
 -4.8779	+10.1384	 -6.9864	 +2.4562	 -1.0713	 +2.2273
 -2.9208	 -2.2674	 +1.0654	 -3.5360	 -0.4212	 +0.4020
 -1.5113	 +0.4853	 -3.3492	 +4.1048	 +3.6709	 +3.2110
 -1.9323	+10.2269	 +8.7249	 +1.7989	 +2.2435	 -0.3956
 +2.4426	-13.4329	+23.6994	 -1.2037	 -1.1699	 -2.1104
 +9.2339	 +6.8279	 -1.5413	 +0.3579	 -0.5434	 -1.0022
 +5.0795	 -5.3685	+10.6005	 -0.3625	 -2.4644	 -3.1695
 -3.0536	 -0.5091	 +4.9739	 +1.5670	 +0.9547	 -2.5856
 +9.9837	 -6.1761	-28.0901	 +0.7501	 -0.5083	 -2.8196
 +3.5134	 +2.2088	 -8.2982	 +2.5753	 -0.9831	 -1.4782
 +1.4331	 +0.8740	 +0.2183	 +1.5814	 -2.0960	 -1.8155
+16.3888	 -3.9987	-12.9915	 -3.6823	 -1.2670	 +1.8540
-28.8306	 +3.6169	-26.1573	 -1.5705	 -1.1667	 +1.2096
 +6.2518	 +1.3981	 -0.5599	 +1.0115	 +0.9656	 +2.2488
 -8.9951	 +2.2159	 -0.0930	 -1.7260	 -1.6022	 -3.5412
 +0.3855	 +6.4273	 +1.4412	 +1.3574	 -4.7853	 -1.6194
 +2.1892	 -8.6974	 +6.9097	 -2.1398	 +0.2370	 +2.4916
 -6.0295	-13.8144	 -5.7357	 +0.5785	 +1.6672	 -0.8027
-21.7218	-16.9562	 +2.9440	 -1.4699	 -1.3452	 +1.2910
-15.2320	 -1.2114	 -8.9021	 -2.7725	 -1.9763	 -3.5635
 +0.3050	 +2.4053	 +6.7015	 +0.4775	 -0.2494	 -2.2755
 +6.3534	 +1.0676	 +1.0969	 +2.2756	 +1.7524	 +2.6995
 -0.7036	 +1.1569	 -3.1429	 +2.3624	 -0.1693	 -0.3190
 -2.2677	-19.2468	 -5.9109	 -0.2953	 +0.9116	 -2.5022
+12.8244	-51.3833	-25.2867	 -0.6572	 +1.6839	 +1.0680
 -3.9085	-10.6286	-12.0023	 +0.1736	 +2.3025	 -3.4305
 -3.8316	 +1.7477	 -2.4077	 +2.6921	 -1.1088	 -2.0399
 -3.9454	 +1.4488	 -0.3516	 -1.6464	 -0.0844	 -3.6455
 -1.9959	 +9.7443	 +7.2363	 -1.6260	 -2.9006	 -4.6020
 -2.3186	 +0.3806	 -2.4510	 -3.1773	 +5.8970	 +1.3585
 +0.3730	 +0.3041	 -9.2292	 +0.8733	 -2.0213	 +4.0363
 -7.2590	 +7.4543	 -9.3668	 -4.4415	 +3.9092	 -2.1720
 +1.6085	 +3.6759	 -5.4649	 +2.8060	 -2.7948	 +1.6411
-65.4104	-44.7275	+32.2209	 +0.9124	 +1.5245	 +0.3542
 +6.0946	 +7.8909	 +8.7468	 -1.2724	 +0.1632	 -0.1697
+46.8610	+29.5728	+37.0733	 -1.6811	 -1.5811	 -0.6969
 +7.6063	-17.6792	 +3.4862	 +1.2538	 +0.3013	 -1.4209
 -5.2926	+12.5313	 -5.0918	 +0.7174	 +1.2126	 +0.7642
-113.3768	+58.4011	-18.9517	 -0.2972	 +0.6584	 +0.3081
 -2.2051	 +6.9760	+16.1328	 +1.8713	 +0.7772	 +0.3196
-10.9595	 -8.6252	 -6.0097	 -1.2248	 -0.0055	 -0.0287
 -4.8381	 -3.5626	 +9.0539	 +2.1356	 -1.2496	 +3.2715
 -6.1689	 -8.5121	 +0.9930	 -0.5646	 +0.7951	 -0.9248
 +1.3213	 -5.0572	 +2.4054	 -0.9644	 -0.4473	 -0.1502
+12.6397	 +4.9948	 -5.2316	 +0.0747	 -3.9498	 +1.4755
 -8.8555	 -3.9865	 -3.7828	 -0.3393	 -0.9122	 +0.1006
+10.5757	 -2.1454	 -7.2528	 -2.4363	 +1.9448	 -0.1742
 -3.9615	+33.5367	 -2.5476	 +0.6029	 +0.5238	 +1.5207
 -8.6447	-14.7249	 +5.8934	 -0.3015	 -0.2837	 -0.1007
 +1.9222	 +4.4109	 -0.1448	 -1.6878	 +0.9198	 +1.4421
 -2.0116	 -5.0101	 +1.3850	 +3.9873	 -1.7241	 -2.2999
 -8.1224	 +1.0471	 -6.4275	 +0.8640	 +1.7611	 -1.6439
-36.9382	+17.3965	+13.0520	 +0.5564	 +0.2761	 -0.3663
+19.4257	+14.5193	-14.2449	 +0.8033	 -0.8413	 -2.5595
-11.6764	-37.5170	+15.7412	 -0.7177	 -1.3137	 +0.0204
 +9.9932	 +3.2178	 +6.3309	 +0.8157	 +1.3780	 -3.4775
 +2.1324	 -6.5880	 +2.1776	 -1.3807	 +0.6451	 -1.5869
 -5.5443	+16.7372	-33.2448	 -1.7354	 -0.6201	 +0.0872
 -7.9560	 -3.3367	 +1.8920	 -1.7034	 +4.0298	 -2.0071
 +3.1589	 -7.0838	+12.8520	 -0.5800	 -1.8234	 +2.5731
 -7.5902	-11.5856	 -7.9758	 +0.1786	 +2.8501	 -1.8453
 -6.2811	 +3.1704	 -4.8541	 +1.4967	 +2.9301	 +3.8848
 +6.1057	 -4.4881	 -9.5913	 -0.7296	 +0.9211	 +0.3083
 +9.1184	 -1.1670	 -8.8731	 +3.2797	 -1.8291	 -0.2989
-60.1131	+22.7707	+11.2163	 -1.1805	 +1.1564	 +0.6629
 +1.0119	 +2.8146	 -2.2613	 -0.9078	 +0.8907	 +0.6275
-27.1162	+46.5178	 +7.1296	 +0.5430	 +3.0952	 -0.4141
+11.6177	+13.6552	-11.6691	 +0.7314	 +0.7256	 -0.1412
 +3.0864	 +0.7411	 +1.1493	 +1.6252	 +3.6688	 +2.1036
 -4.6366	 +0.1681	 -3.9371	 +0.0903	 +0.9969	 +1.0459
 +3.2802	-46.9596	+37.7264	 +1.9903	 +0.8823	 +0.2576
 +4.5093	 -8.2882	 -0.5256	 +0.0803	 +3.3100	 +1.0602
-10.5976	 +4.9884	 -2.7072	 -2.9507	 +1.3350	 -4.1513
-12.9736	 +3.6662	+13.6685	 -0.4633	 -2.5848	 -2.4039
 +2.8857	+16.2693	 +8.0254	 -0.8939	 -2.0047	 -2.5085
 +3.9088	 -7.2361	 +5.9091	 +0.5408	 +0.5998	 +0.1392
 -3.3309	 -3.7513	 +0.9903	 -0.7186	 +2.6776	 -0.6858
 +6.8408	 +5.0668	 -1.6093	 +0.0786	 -1.5867	 -3.9206
 -6.6729	 +2.2988	 +0.6735	 +1.6716	 +0.6444	 -1.0091
 +0.3187	 -9.2231	 -7.2197	 -2.8799	 +4.2514	 +0.0527
 +1.0242	 -8.6775	 +4.4975	 -0.2246	 +0.6203	 +0.5690
 +6.4778	 -8.0844	 +7.8799	 -0.9448	 -4.7599	 -2.9549
 +2.7591	 +6.2987	 -4.9235	 -1.5582	 -1.1624	 -0.6059
 -5.2800	 -0.7199	 +0.3693	 +0.5971	 +0.2456	 +1.5010
 -8.0689	 -8.1796	 -1.1580	 -5.6713	 +1.6049	 -0.4915
 +2.3768	 +3.8308	+13.2561	 -1.8600	 -0.0844	 +0.6913
 +1.6270	 +7.8180	-22.8987	 +1.1379	 +1.2816	 -0.2574
 +1.3647	 +1.9060	 -2.5238	 -1.1995	 +1.6272	 +3.2772
-16.0295	 -0.4884	 -6.4694	 +0.3720	 -3.8471	 -1.3045
 +9.0338	-16.3789	 -6.3629	 -1.9652	 +0.6789	 -1.0018
-26.6030	-45.6996	-42.7962	 -4.9001	 -6.3181	 -6.3520
 -5.4594	 -4.5375	 +4.5750	 -0.0596	 -5.8738	 +0.0554
-11.3243	 +0.8730	 +0.7407	 -0.0911	 +4.3844	 -0.4076
 +9.6871	 -9.0514	 -4.0916	 -1.8037	 -1.2158	 -0.1367
 -3.4602	 +3.0028	 -0.5538	 +2.3896	 +1.5799	 -4.1849
-10.0047	 -3.3953	 +1.8933	 +3.6495	 -0.3480	 -3.9963
 -3.1036	 -0.2139	+45.9926	 -1.1865	 +1.0182	 +0.0895
 -0.2089	 +5.5919	 +4.5505	 +0.7929	 -2.4121	 +2.4720
 +6.6020	+10.0013	 -0.3384	 +2.2485	 -4.0086	 -0.1160
 +1.6976	 +0.8139	 -4.6661	 +1.4434	 +2.4819	 +1.3616
-15.7292	 +4.6088	 -8.5007	 -3.5868	 +0.4947	 -0.4715
-11.4990	 +4.4717	 -1.2676	 -0.2745	 -0.4217	 -0.6194
 -0.4102	+27.1771	 +6.8625	 -0.3190	 +0.1360	 +2.4454
 +2.0917	 +6.8881	 +6.2361	 +2.6668	 +1.0702	 -2.6076
 -9.3464	 -5.1953	-42.8587	 +1.7198	 -1.0265	 +0.7006
 -0.0459	 +3.7693	+25.2242	 -1.8836	 -1.8150	 -2.1000
 +4.2585	 -0.2731	 -3.2154	 +2.2812	 +1.1446	 +1.6660
 +0.6034	 -3.2752	 -1.2070	 +0.6488	 +4.8958	 +1.1229
 +0.9429	 -5.9572	-16.5005	 +3.1979	 -3.2349	 -1.6244
 +4.1292	 +6.9993	 +7.8704	 -1.3379	 +1.1932	 -0.9506
 +3.8376	 +2.2505	 -2.2702	 +0.8190	 +3.3894	 +2.2574
 -9.6948	 +6.1340	 -3.2627	 +2.9077	 -3.5505	 -2.9754
 -7.4291	 -1.2440	 +9.7149	 +0.2135	 -2.1477	 +0.8682
 +4.8450	 -1.0081	-10.4923	 -1.5009	 +4.0909	 +0.3480
 +7.2968	 +2.6290	 -5.3891	 -0.3063	 -0.6777	 -1.5764
 -4.2879	 -1.6554	 +8.4424	 -2.5825	 +1.1655	 -1.7845
+16.1435	 -3.2004	+15.0912	 +1.4495	 -2.6483	 +2.9333
 +9.9312	 +6.3756	 -9.5366	 -0.9617	 -0.9077	 -2.1196
 +1.1919	 -0.6926	 +2.3632	 +2.7905	 -1.3801	 -2.1334
 -0.3999	 -3.3484	 +4.7183	 -2.6678	 -3.2265	 -0.1381
 -2.9075	 +2.5185	 +1.0635	 +0.5492	 +0.8356	 +3.0907
 -5.7977	 +3.7366	 +2.0375	 +0.5184	 +1.2973	 -1.0766
+19.9184	 -7.3773	 +9.8651	 -2.0367	 +1.5940	 -0.2259
 -4.8023	 -2.9107	 -3.6926	 +5.1692	 -3.9203	 +3.0667
 +6.7651	 +2.8599	 +1.7127	 -1.9864	 +1.7789	 +1.5989
 -1.5750	 -3.6481	 +6.2467	 +1.8324	 +3.9418	 +0.5360
+10.3409	 +5.9614	 -9.6515	 +4.2265	 -0.4611	 -1.1539
 +6.1394	 -6.1644	+11.2916	 -4.2118	 -1.3724	 +2.4733
+14.0454	+15.6874	 -5.4534	 -1.5625	 +0.0984	 +0.2048
 +2.6031	 -3.4642	 +7.1171	 -5.0914	 +3.1806	 +3.4054
-23.4436	-10.9337	 +8.0691	 -0.1795	 +1.1418	 +0.5285
 +0.2350	 +1.3712	 -7.6886	 -3.2277	 +0.0097	 -1.2738
 -1.0705	 -1.7494	 +1.8000	 +1.0651	 -3.0241	 -1.0461
 -3.2746	 +7.8285	 -2.0251	 -5.4579	 -3.6932	 -0.2097
-21.7406	+11.2587	-13.7024	 -0.9322	 +2.5792	 +1.8313
 -4.9265	+12.7632	-20.6808	 +1.4312	 +0.8354	 +0.8803
 +0.2950	 +4.2258	 -0.2225	 -7.1646	 +0.3183	 -0.0249
 +5.3205	 -1.0808	 +0.4655	 +2.8215	 +4.2474	 +0.9753
 -7.0047	 -6.0045	 -2.6968	 -1.7274	 +1.7534	 +3.4965
+29.4659	+16.3288	+21.3403	 +2.9005	 +1.1420	 +3.6530
 +9.9086	 +6.1949	 -8.5879	 -1.5210	 +0.8982	 -0.8304
 -3.2258	 +9.3165	-13.9670	 +2.9150	 +0.0471	 +2.8980
-39.8629	+17.0786	 +3.7132	 -0.1635	 +2.2971	 +0.9133
 -4.6528	 +1.2847	-15.6849	 +1.3910	 -1.5812	 +1.9801
 +2.5307	 +5.9867	 -7.5125	 -0.1683	 +0.0258	 -0.2344
 -4.8235	 +6.1632	-15.6269	 +1.2541	 -3.9786	 +0.5584
 -9.6000	 -7.7634	 -9.0313	 -0.0124	 +2.4036	 -0.2141
-10.0262	+12.6670	-43.6083	 +0.4342	 -0.3724	 +1.3972
 -2.2106	 +4.3429	 -1.9092	 -3.6801	 -5.2625	 +0.9028
+14.2047	 -8.4297	-16.4225	 -1.4667	 -0.8430	 +1.8203
 +7.4916	 +1.5086	 -7.4697	 -2.9686	 +0.7895	 -1.9516
 +3.5373	+18.1281	+13.2308	 +0.8762	 -2.5219	 +2.9085
 -0.2171	+10.5939	 +6.0620	 +1.0128	 -2.4296	 +0.3400
 -3.0635	 +6.7354	 +1.4581	 -1.5090	 +0.3983	 +2.6732
 -9.7072	 -0.5259	 +9.8926	 +3.3240	 -0.2776	 -0.2204
 +5.7204	 -0.0723	 +1.8327	 +1.0566	 -0.4150	 +4.5408
 +2.8413	+13.7002	 -2.9159	 -0.3862	 +2.7421	 -0.1054
+17.4199	 +2.1893	-19.6763	 +0.3403	 -3.7662	 -0.3707
 -0.2589	 +1.2650	 -4.7698	 -0.1437	 +0.2832	 +0.4832
 -5.9106	 -4.9777	 -5.3937	 -1.1425	 -4.5694	 +3.1207
 +5.7063	+17.9071	 -2.0259	 -0.0939	 -0.5609	 -2.3029
 -3.2891	 +4.4216	-10.4667	 +3.2872	 +0.2394	 -3.2790
 -3.4931	 -4.6217	 -1.2947	 -0.6917	 -0.1778	 -2.2774
 -4.2590	 -3.7390	 +0.9196	 +2.6911	 +2.0206	 -2.4547
 -5.3644	 -4.2693	 -3.0052	 +5.2851	 +1.4511	 -0.7284
 -1.9843	+15.4305	-10.9552	 +2.9576	 +1.1122	 -2.5236
 +2.2371	 -5.9812	 -4.3238	 -1.1792	 +2.7150	 -1.0041
 +0.6180	 -1.6803	 -5.4110	 -1.4591	 -1.1992	 -1.0543
 -0.5653	 -5.0196	 +4.3875	 -2.8937	 +0.5294	 -0.9824
 -3.2338	 -4.1768	 -3.9855	 -0.3667	 +3.7735	 +1.6665
 -0.8221	 +3.6638	 -5.7104	 -1.6229	 -2.2543	 -0.0842
-15.9844	 +3.9085	 +0.8488	 -0.2188	 +0.1012	 +1.6542
+12.7899	-16.7576	 -1.2952	 +2.2242	 -1.6878	 -0.2059
 +6.1695	 +5.2294	+15.6886	 -0.0813	 -1.0084	 +1.0595
-10.5338	 +3.8189	 +0.5906	 +2.8036	 +3.0264	 -0.3125
 -2.0914	 -0.0329	 -6.1113	 -2.4708	 +0.9555	 +0.4752
 +0.6664	 +1.2163	 +6.1219	 +0.3082	 +1.3881	 -3.6574
 +0.0896	 -0.0185	-22.7206	 +4.3609	 -0.4392	 -1.3295
-18.7357	 -0.2067	+30.4200	 -0.9115	 -1.0860	 +0.8250
 +1.8716	 -2.6138	 +1.5702	 +0.8263	 +1.9421	 +0.1376
 +2.4584	 +2.3398	 -2.8424	 +0.0789	 -0.0033	 -0.3780
 -8.0447	 -7.0782	 -1.7020	 -3.2538	 -0.2663	 -1.7330
 -5.1749	 +7.4761	 -5.9550	 +1.9405	 -0.1077	 +3.9826
-23.1972	 +2.7401	 -9.1306	 -2.9462	 +2.9140	 +1.0462
 -4.8931	 -7.0707	 -4.8935	 +0.2985	 +0.9283	 +0.9061
 -5.5895	-43.8588	+59.6266	 -0.3482	 -0.7450	 -0.1582
 +0.8420	 +4.1724	 +2.8848	 -0.6784	 -1.0131	 +0.9980
+16.6700	+19.5774	-21.1638	 -2.8636	 -2.3086	 +1.5701
 -0.7477	 +1.2973	 -3.4757	 +5.2263	 +3.5135	 -0.7461
 +0.8161	 +5.4426	 -0.3088	 +1.0735	 -0.9850	 -0.0030
+45.2745	 -0.0632	-27.6005	 -1.1953	 -0.1788	 +2.1143
+11.0997	-46.1634	+36.2350	 +2.5293	 -0.9444	 +0.5487
+103.4137	+50.5198	 -0.1014	 -0.2124	 -0.9296	 -1.6292
+18.8289	 +3.6971	 +4.6373	 -0.0497	 -4.4462	 -0.8669
+33.4192	+60.5650	-32.5611	 +0.8955	 -0.9396	 +0.2918
 +4.7692	 +5.2319	-12.1494	 -0.9801	 -0.8376	 -0.8755
 -9.7050	-11.8315	 +5.7056	 +3.6112	 -2.6125	 -0.3780
-24.5271	 -3.8321	+33.7839	 -0.1723	 -0.4018	 +3.0278
+17.0470	+51.1032	-42.6944	 +0.4516	 +2.0176	 +0.9723
+17.5834	 -1.1464	+23.2631	 +0.4352	 +1.3262	 -3.2274
-15.0120	 -1.9465	 -3.8098	 -1.5666	 -3.7158	 -2.5754
 -4.7353	 +4.4517	 +2.3640	 -3.6202	 +2.2315	 -0.9934
-12.0839	+16.9453	 +8.3857	 +1.3732	 +0.5927	 -0.1533
 -7.9570	 +1.9429	 +0.3711	 -0.8007	 +0.2002	 +4.6056
 +0.2187	 +3.3111	 -2.8372	 +4.0450	 -2.6945	 -5.0837
+13.5266	 +1.9633	 +0.2452	 +0.3347	 -1.2112	 -0.6661
 +1.5349	 +6.4890	 +4.0197	 -2.2934	 -2.4597	 -2.2922
 -1.0839	-13.8017	 -9.3012	 +1.5914	 -1.8517	 -3.3466
 -3.8816	 +3.3618	 +7.6666	 -0.4991	 -4.2909	 +0.7690
 -7.8250	 +4.2961	 -5.8385	 -0.4113	 -3.5762	 +5.4061
 -3.2317	 +3.8559	 -2.0385	 +2.4315	 -5.7779	 +0.6469
 -7.5278	 +5.4975	 -2.7901	 -3.2283	 +4.5578	 +3.5485
 -1.8992	 +0.1929	 -1.1160	 -3.7212	 +3.1139	 +2.6640
 -2.8375	 -0.2339	 +4.0654	 +1.3087	 +2.3595	 -0.6426
-11.5629	+12.8452	 +0.0329	 -1.8830	 +1.2487	 +0.2577
-11.2148	 -0.2213	+22.1605	 -1.1048	 +0.8562	 +0.9144
-11.3557	 +8.8648	+18.2408	 +0.6658	 +1.1771	 -1.0919
 -2.7003	 -3.1919	 +2.3613	 -0.5657	 +4.3040	 +3.5041
 -3.9440	 +3.0126	 -3.3625	 +2.1087	 -1.4731	 +4.5701
-16.7510	+31.0888	+11.9891	 +1.3208	 -0.2960	 -0.0619
 -5.8843	 +4.4982	 -8.4628	 +4.0591	 +2.6449	 +1.7846
 -3.0433	-12.5278	 -6.4121	 +4.0627	 +1.4732	 +0.3193
+27.8728	 -1.5868	 +6.2747	 -0.3728	 -1.4731	 -0.7807
 +3.8778	 -3.4701	 -0.6810	 +3.6074	 +1.1824	 -4.3377
 +9.9942	+23.6856	+21.7702	 +0.1018	 +3.7592	 +2.5945
 -7.3052	+65.3742	+31.8973	 +0.8271	 -0.4248	 +0.9550
 +5.8211	 +6.8952	 -8.3315	 -5.2265	 +1.3335	 -0.4757
 -0.1544	 -3.1360	 -3.8022	 -3.8007	 +5.3319	 -1.7012
-18.1376	-22.5839	+31.8179	 -0.2203	 +1.7365	 -0.0727
-24.7745	+28.6956	+16.5512	 +2.1838	 -1.2154	 -1.3338
 +0.4754	 +2.4564	 +0.4679	 -0.0796	 -1.9290	 +1.4725
 +9.5265	 +9.3621	 +4.7068	 -2.2346	 +3.8341	 -0.4439
-21.9579	 +1.4032	 +1.4924	 -0.0484	 -2.4121	 -2.2439
+14.5322	-25.6630	+16.2588	 +1.0992	 -0.5096	 +0.8394
 +1.6808	 -0.1512	 -6.9886	 -4.9548	 +0.9019	 +0.4864
+15.1444	 -5.1380	 +2.1912	 -2.5656	 -2.0255	 -1.8577
 +1.3159	-46.4269	+114.5855	 -0.3096	 -1.3655	 +0.2856
+11.1926	 -9.6842	 -0.8010	 +4.6751	 +1.5545	 -0.2635
+14.4637	 +4.6033	-11.3413	 -1.3834	 +2.0893	 +2.6257
 +0.0132	 +5.6728	 +0.3910	 -1.6303	 -1.4071	 +2.7634
-24.8546	 +3.9917	+17.9832	 -1.5748	 +1.5584	 +1.9984
 +9.4315	 +7.1736	+14.7442	 +2.4232	 +0.0568	 +0.5432
 +2.4053	 +8.4133	-12.3386	 -2.0352	 +1.3264	 +2.4621
 +8.9393	-11.0971	+29.5959	 -2.1438	 +1.9046	 -1.9380
+14.6456	 +7.8323	-14.9843	 +1.2477	 +2.9223	 +2.1843
 -2.1205	 +9.5559	 +0.3439	 -0.7377	 +1.6153	 +3.2463
 -6.0703	 +3.7763	 -4.4039	 -0.7220	 -5.0418	 +2.7673
-10.1335	 +9.2137	 -9.9133	 +3.5758	 -2.1037	 -2.3933
-13.1094	+14.8881	 +1.1797	 -2.3922	 -1.5761	 -1.2386
-13.2458	 -9.1477	-12.5781	 -3.7325	 +1.9910	 +0.4495
-25.9732	 +2.9722	-15.3947	 -1.4691	 +0.3502	 -0.6930
 -3.1755	+17.4184	 +3.2225	 -0.0990	 -0.3039	 -4.2186
 -5.2173	-26.7305	+14.4116	 -0.9960	 +0.5687	 +2.5277
 -5.0408	 +1.9011	 -4.3980	 -1.8945	 +2.8297	 +4.4230
 +1.3252	 +1.3584	 -5.3325	 -1.6287	 +0.0944	 +3.3667
+11.3449	 -3.9383	 +6.3719	 +1.1181	 -1.7415	 +1.0860
+16.2443	 -8.1933	-11.2849	 -0.4579	 -0.9733	 -0.8880
 -4.6299	 -7.0219	 -3.0697	 +1.1501	 +3.3473	 -1.8095
+26.9725	 +1.3451	 -6.5272	 +2.3807	 -0.4510	 -3.4969
 -4.7870	 +4.0286	-13.8875	 -1.6585	 -2.1590	 -1.6147
 -4.0789	 -3.5282	 -1.0435	 -1.2955	 -1.0873	 -0.6221
+14.2177	 +7.0225	 -8.6202	 +0.2208	 -1.4085	 -0.5072
 -5.4538	 -2.3110	 -4.2056	 +0.7889	 +3.7902	 +3.2082
 +9.1735	+20.4994	 -5.7765	 -3.0804	 -1.9474	 +0.2881
 -2.0323	 +4.7465	 -6.8892	 -1.1161	 -3.4662	 +1.3116
 -5.3668	 +8.7173	 -6.4736	 -4.8814	 -3.4660	 -0.5206
 +4.1379	 +1.4867	 +3.9413	 +2.8216	 -1.9097	 +1.1516
 -3.1677	 +0.0728	 -0.1060	 -1.9707	 +2.0493	 -2.9124
 +8.6705	-14.4854	+18.3899	 -0.9181	 +0.6044	 +2.2411
 +1.2529	 +6.1401	 +5.7443	 +1.2795	 +0.0291	 +2.6930
 -3.5561	-37.5664	-11.0997	 +0.4876	 -0.0191	 -1.5929
+10.6909	-17.6349	 -5.2183	 +0.0416	 -2.1081	 +2.0032
 +2.2130	 -0.2500	 -2.2989	 -2.9134	 -4.1009	 -2.1902
-33.4536	 -9.1459	+14.3730	 -0.5865	 +0.5356	 -1.0078
-15.1804	 +5.8408	 -8.3964	 +3.4907	 -0.2530	 -0.2962
 -5.4300	-10.2987	 +6.3320	 +3.8512	 +2.5543	 +0.0443
 -4.1246	-19.5850	 +4.5451	 -2.7166	 -3.1650	 -0.5738
 +3.6809	 +5.7034	 +3.9387	 +1.8407	 -5.0160	 -1.2911
 -9.8975	+10.7799	-16.6444	 +1.4685	 -0.1755	 -0.7122
 -8.3292	 +8.5189	 -2.4154	 -1.7465	 +2.4219	 -4.2318
-13.7363	 -9.1949	 -1.6756	 +1.1056	 -1.8838	 +0.8716
 +3.9418	+43.1974	 +8.0241	 -0.4761	 -0.4135	 +2.3267
 -2.8739	 -6.1243	-12.6292	 +0.9975	 -1.0929	 +0.6990
 +4.4141	-10.0018	 -1.8982	 +2.0781	 +2.7220	 -0.0086
 +1.3957	 +5.1009	 -1.1763	 -0.7305	 +1.6565	 -1.8133
+86.8109	-37.5585	+38.1206	 -0.1741	 -0.8067	 -1.5300
 -2.2280	-12.3416	 +8.6519	 +2.5185	 +0.5636	 +3.3902
 -3.0271	 +4.9973	 +3.6180	 -3.2391	 +2.3828	 -1.9844
 -0.6230	 -4.3081	 -1.4304	 +3.3607	 +1.5473	 +2.8417
 -3.1485	 -8.5674	 +6.6272	 +1.1019	 -3.4305	 -0.2786
+13.1888	 +1.6688	-10.2381	 -1.2321	 -1.1012	 +1.2933
 -4.4103	 -8.3472	 -3.4448	 +0.6809	 +0.5627	 +2.5922
 -1.8508	 +5.9169	 +4.6835	 +3.5183	 +2.3785	 -0.4147
+12.9102	 -7.6029	+15.9445	 +1.1428	 -0.3419	 -2.7261
-15.1841	+12.5657	-11.9606	 +0.8685	 -0.6383	 -2.5598
 +8.1251	+17.8849	+49.6487	 +0.2596	 -0.0100	 +1.8324
 +4.3322	 +5.3070	+12.1993	 -1.6763	 -1.0964	 -3.2885
 -3.2489	 -4.2325	 -0.8474	 +5.0529	 +1.2865	 -0.7069
 -2.6421	 +3.4835	-16.5219	 -2.5532	 -0.3912	 -3.5243
 +4.4897	 -1.9569	-18.8484	 +3.0216	 +2.3306	 -0.9016
+19.9356	 +0.5529	 +4.6354	 +2.7320	 -0.6973	 -2.2684
-11.4753	 -3.7582	-10.1244	 +2.3262	 +1.3316	 +1.2127
-64.6418	+31.9327	 -9.9972	 -1.8719	 +0.8297	 -0.9474
 -0.0622	-20.9530	 +1.9699	 +0.1904	 +1.7397	 +0.2732
+29.0440	 +0.5261	 +4.4262	 +2.7799	 -2.4794	 -0.6048
-21.4616	 -2.4032	 -5.6893	 -2.1848	 +0.0832	 +0.6852
 -5.1680	 -0.2777	-10.2664	 -4.0401	 +1.0132	 -0.4793
 -5.1575	 +8.2520	 -3.4220	 +0.4397	 +4.2507	 -3.2488
 +7.7833	 +7.3345	 +3.4803	 +1.3080	 -2.2069	 +0.4470
 -6.9421	 -7.5259	-10.6531	 -1.8878	 +0.1895	 +0.7468
-81.4919	-169.4633	+25.0840	 +1.1450	 +0.1056	 -0.1125
 -8.6924	 -7.9526	 -9.2827	 +1.6356	 +0.2526	 +2.2141
 +3.1285	 +5.9240	 -5.5754	 +3.2533	 -3.5259	 -0.7145
 -4.5632	 -6.9741	 -4.1233	 +1.1226	 -2.9896	 -0.8694
+13.4258	-13.9859	+14.3094	 +1.4141	 +0.2445	 -1.6668
 +1.7329	 +1.3324	+25.3349	 +2.2165	 +0.4238	 +0.1527
 -0.2786	 -0.0732	 -5.7701	 -0.0867	 -4.1689	 -0.2475
 +3.5095	 +0.6759	 +8.8594	 +1.6012	 -1.8643	 -1.0221
 +6.5185	-25.5440	 -2.5063	 +2.1039	 +0.6114	 -3.4710
 -6.4819	 -1.6529	 -4.8500	 +4.9393	 -1.7288	 -0.1275
 +1.1222	 +3.6660	 -0.4875	 +1.6608	 -0.5084	 -2.0816
 -8.4675	+12.9049	 -8.9749	 +1.1536	 -1.9571	 -1.3509
 -7.1007	+11.1845	 +4.1809	 +0.4843	 -2.3541	 -2.3246
 -4.4272	 +1.4232	 -1.3112	 -5.3511	 -1.9277	 +1.2265
 +2.6308	 -5.8597	-11.1872	 +2.9328	 -0.4146	 -0.4072
 -7.4787	+22.9638	+16.2291	 -0.0477	 -1.7088	 +1.4454
-18.0886	 +2.7611	 -0.6344	 -0.3327	 +1.6128	 -1.3594
 -1.7458	 -4.5405	+13.3631	 -1.5681	 -0.6825	 +1.6610
 -0.6032	 -0.8131	 +3.4956	 -1.1693	 -7.1407	 +3.4462
 +2.8804	 -8.1545	+11.7169	 +0.1441	 +2.4622	 -5.1565
-10.3861	+13.9270	 -0.9272	 -4.0312	 +0.8843	 +3.4377
 -2.5230	 -5.1782	-22.4744	 +1.5383	 +0.4020	 -1.5414
 -5.1447	 -2.9949	 -7.6483	 +2.2403	 +1.3516	 +4.1018
 -3.1690	 -6.4248	 +1.2734	 +5.9038	 -1.9568	 -2.3969
 -5.5820	 +3.8258	 -8.3632	 +2.1780	 -1.2252	 -6.6970
-35.8173	+38.1843	-73.6959	 +1.2597	 +1.7177	 +0.4320
-13.8463	 -6.2849	 -5.4190	 +2.2445	 -1.3705	 +0.1047
-16.2941	+13.2441	 -3.4419	 -1.9725	 +1.1639	 -0.3488
 +0.4236	 -3.2984	 +1.3971	 +0.6219	 -5.5402	 +3.7875
 -0.3916	 +3.8924	 -0.4049	 +6.6561	 -2.1113	 +1.2055
 +3.7064	 -8.7051	-11.5385	 +1.6820	 -0.3434	 -1.1570
 -2.4019	 +0.2647	 +2.0488	 -0.3134	 +1.2357	 +0.2068
 +2.2280	+14.4927	 -3.7983	 +0.0342	 +2.9687	 +5.0021
 -4.1397	 -8.4744	 -5.3598	 -4.9908	 -1.8106	 -1.2910
 -3.6408	 +3.3222	 -4.9557	 -0.4726	 -0.9458	 +2.0156
 +5.2793	 -0.5989	 -5.5103	 +0.8543	 +0.4003	 +3.5724
 +2.5243	 +1.6678	-16.2220	 -2.7837	 -2.1314	 +4.1620
+18.5271	+33.9612	+77.1752	 -1.2018	 -0.8046	 +0.6226
 -8.6627	-12.0059	 +0.4225	 +1.9039	 +1.3679	 +4.3528
+17.2032	 +3.4538	+15.3493	 +0.1035	 +1.3692	 -1.9419
 +3.2648	 +3.0908	 +1.6497	 -0.8512	 +0.2129	 +1.0635
 -8.7483	 -8.2215	-14.2413	 -2.5069	 +0.0641	 -1.0551
+59.7015	+29.3076	+39.7736	 -1.1538	 -0.0250	 +0.3757
 -1.3422	 -3.8519	 +3.4517	 +1.7139	 -4.3631	 -0.2878
 -0.3049	 -2.0893	-12.2475	 +0.2392	 +3.6564	 +0.4790
+11.4423	 +8.1015	 -2.3601	 +1.9974	 -0.6098	 +3.2554
 -0.7096	 +1.1903	 -4.3368	 +4.5541	 -3.0354	 -0.0750
-21.2993	 -1.7631	+22.5142	 +3.2008	 -1.3080	 +0.3449
 -1.1845	 +2.3461	 +0.5106	 +0.6679	 -4.8658	 +2.8310
 -1.1313	 +8.9945	-11.5635	 -1.4198	 -2.2373	 +2.4021
 +6.0050	+22.3924	 -3.3581	 -0.7659	 -0.2046	 -0.2161
 +7.3605	 -1.8811	 -4.1508	 -0.7924	 +0.1798	 -6.5717
 +3.4949	 -3.1920	-15.6968	 +1.1319	 +3.5520	 +0.4171
+20.2146	-11.1062	 -5.1359	 +1.0235	 +1.1762	 -0.3008
 -7.5756	 +9.9826	-12.2708	 +0.4963	 +1.4422	 +0.3964
-22.5909	 -5.2921	-20.7809	 -1.0549	 +2.1301	 -1.8242
 +1.1732	+11.2410	-14.6561	 +0.6334	 -0.5997	 -0.0332
-13.2897	+35.6248	-17.9981	 -1.5804	 +1.8444	 +1.7653
 +1.7868	 -0.4254	 +2.4462	 -0.7316	 +3.0006	 -4.7797
-14.6784	 -4.8131	 +0.4224	 +2.5056	 -0.3208	 -2.5366
 -4.4549	 -2.9349	 -3.7010	 -2.3684	 -3.7930	 +3.6288
 +1.5126	+10.9527	 +6.4606	 -0.2617	 +3.9713	 -2.3749
 +5.0815	 +9.7850	+12.1281	 -2.2204	 +2.8631	 +1.0680
 -2.2873	 +1.7777	 +0.0028	 -3.4591	 +0.6592	 +1.6172
 +6.4084	+12.1366	 -6.8791	 +0.1099	 -0.6540	 +2.3976
 -3.3426	 -7.5768	-13.5618	 -3.2108	 -2.0463	 +3.2829
 +0.5529	+11.1452	 +2.0195	 -1.4986	 -1.9764	 -1.0909
 -1.6784	 -7.5958	 -4.1715	 +3.3705	 -1.4268	 +3.4668
 -0.0418	 -2.7560	 +1.6660	 -1.1403	 +2.4617	 +1.7562
-25.0808	-10.2923	 -2.8757	 -0.1110	 -1.9300	 +3.7531
 -0.0452	 -0.6005	 -2.6815	 -3.8461	 -2.4639	 +3.1727
+32.8278	+10.9973	 +5.4694	 -0.1327	 -0.2860	 -0.1541
 -6.6049	 -6.4264	 -8.3974	 +0.7183	 +2.9537	 -1.4592
 -8.0293	 +1.2563	-11.5260	 +1.9959	 +3.1516	 +0.7511
 -2.4854	 +4.2055	 -1.3125	 +3.2239	 -5.4709	 -3.4157
 -2.0054	 -2.9281	 -5.9762	 -0.2257	 -0.6737	 +0.5185
 +3.9058	 +0.6387	-18.1681	 +3.3526	 -1.5645	 +1.1745
 -2.9942	 +4.9196	 -3.2544	 -1.7687	 +2.8982	 -3.1328
 +6.8678	 -4.6572	 +3.0448	 -0.2192	 -0.5987	 -1.3800
 -3.9734	 -2.9806	 +8.0977	 +0.7610	 +0.4806	 -0.3203
 -7.3185	-13.2246	 -2.5240	 -5.3058	 +1.1935	 -0.1469
-81.0377	+42.8921	+29.9912	 +0.5131	 -0.1089	 +0.4703
+16.3630	+12.1912	 -8.4932	 -0.0090	 -1.2994	 -2.5202
 +7.6818	 -1.4036	 +6.5517	 -1.8372	 -2.3340	 -1.1079
 +1.8531	 -7.5098	 -1.7109	 +3.4279	 +0.5231	 -3.6300
 -2.8349	 +1.4159	 -4.0124	 -1.6117	 -3.3321	 +2.8183
+17.1820	 -7.3596	 -2.3861	 +3.3403	 -0.2605	 +1.4001
 +1.0162	+24.7256	-38.7167	 +0.9412	 +0.5859	 +0.1653
 -2.4540	-13.8071	+18.8137	 +2.2527	 +2.3768	 +0.7715
 -6.2123	 -3.7751	 -6.0116	 -3.0521	 +1.4450	 -2.5207
 -1.3773	 -4.9680	 -2.2634	 -1.9939	 -1.7712	 +6.4633
 -4.4203	 -1.5744	 -5.2381	 +1.4592	 +1.1215	 -2.0783
 +3.7370	 -0.3488	 +1.0049	 +2.8671	 -0.3602	 -2.1476
 -9.0426	 +7.8049	 +0.3607	 +3.6445	 -1.1808	 +3.4597
+11.9627	 +0.7561	 -3.3384	 -2.1636	 -2.1553	 +1.7916
 -1.4928	 -2.3269	 -2.2936	 +1.0507	 +0.1812	 +4.3597
 +2.4741	 -4.1622	+14.4305	 -4.4650	 -2.8438	 -1.7342
+16.3743	-18.2058	 -3.5540	 -1.3102	 -0.4951	 +2.2153
 +4.9873	 +4.8228	 -5.1349	 -0.4413	 +2.0040	 +4.4017
 +2.9859	 -3.4107	 -4.5083	 -3.1660	 +3.6982	 +2.5662
 +1.8825	 -2.3139	 -2.3763	 -7.0000	 +0.4843	 -0.1269
 -2.7208	 -3.9070	-21.0246	 -2.3337	 +0.5173	 -0.0457
 -3.1016	+11.4104	 -1.0159	 +1.9663	 +2.4985	 +1.5786
-12.3038	 -3.9946	 -6.9533	 +0.7754	 +4.6182	 -0.4128
 -2.0127	 -4.6912	 +5.0217	 +0.8938	 +2.3311	 +1.8649
-14.3028	 +2.2920	 +1.3262	 -0.5158	 -3.5062	 +2.5766
 -3.4332	-18.2840	 +2.5656	 -4.1234	 +0.8368	 +1.2422
-26.0924	-10.9354	-15.6234	 +2.3573	 +1.4693	 -2.9973
 +2.5777	 +0.1527	 -9.1671	 -3.9299	 +1.4130	 -3.2357
 -7.8786	-19.7702	-22.0831	 -1.5432	 -2.5538	 -1.3459
+12.6409	+12.1907	 +3.6925	 -0.1556	 -1.3819	 +2.0235
 +0.7666	+14.6564	 -0.4780	 -4.1229	 +0.3583	 -1.7681
 +4.3976	 +4.0845	 +1.5828	 +2.4511	 +3.1583	 -2.7171
-38.2575	+29.1705	+36.9421	 +0.5940	 +0.0744	 -0.3897
+22.9702	 -2.4211	-10.5851	 -1.2080	 -0.2842	 -1.5494
 -0.9457	 +2.8747	 -5.9143	 +4.1685	 -1.5589	 -2.7562
 -8.5369	 -3.1602	+10.6030	 +0.4580	 -3.4248	 -1.9095
 +0.9505	 -2.9299	 -6.3446	 +2.5880	 +3.6568	 -2.2329
 +8.4408	+16.7220	+14.7800	 +0.9928	 -0.7151	 -0.4178
+26.7023	 -2.0410	-10.6348	 -3.2480	 -0.8877	 +1.0425
 -2.6792	 -8.3797	 +0.1735	 +1.2617	 +0.8434	 +0.8653
 -7.5928	 -1.6274	 -7.5500	 +2.3673	 -3.8143	 -4.0817
-12.6383	-12.2634	-12.0116	 -0.0901	 +0.7232	 -2.3725
 +5.3750	-13.3258	 -9.9055	 +0.2178	 +2.0803	 +4.4093
 +0.7949	-11.8756	 +3.7041	 -0.9424	 -1.0094	 -0.8354
-11.3367	 +2.9773	 -5.9372	 +1.8545	 +0.4111	 +2.9551
-87.9962	-30.6154	+72.3253	 +1.5874	 +0.2316	 -1.3989
 +4.6200	-13.7262	 +5.8502	 -2.3731	 +1.0389	 +2.5606
 -0.6082	 -8.5672	+36.3862	 -1.4852	 +3.5070	 +1.7098
 +7.0706	-12.3485	-17.6896	 -0.5079	 +3.3609	 -0.0193
 +4.4156	 +2.2323	 +1.1253	 -1.3017	 +0.3329	 -0.6123
 -2.5823	 +5.1714	 +1.7196	 -3.4550	 +2.0051	 +2.3685
 -3.2125	 -7.6924	 +5.0413	 -3.1136	 +3.3055	 +0.8910
-15.0089	 +6.1618	 -5.8144	 -0.9179	 -1.1704	 -0.2639
 +1.5889	 +0.0070	 +6.0728	 +1.6019	 -3.7861	 +0.5352
 +6.6202	 +4.8211	 -6.5395	 +4.7213	 -1.5490	 -1.4293
 -6.8693	+10.1517	 +1.5242	 -2.3649	 +2.9965	 +3.9713
 -5.6977	 -3.1253	 +4.9177	 +0.4678	 -1.3192	 +2.2535
 +0.7866	 -0.2497	 -3.0018	 +6.7148	 +0.3692	 -0.7977
 -1.8346	 -0.3055	 -4.8073	 -0.5944	 +5.8251	 -1.7799
-14.8661	-17.0724	-30.2905	 -0.4205	 -0.6420	 -1.8482
 +2.3611	 -1.1366	 -4.5052	 +1.5699	 -1.7190	 +0.2100
-10.4570	-13.1341	-26.0547	 +1.0124	 +1.3702	 -0.4215
-50.4550	+14.2712	+40.5812	 +1.7644	 -1.0087	 -1.2950
-41.7373	-20.0557	+11.8350	 +2.3133	 +1.5795	 -0.8889
 +3.1027	 +4.6243	-12.3935	 -0.3058	 -2.5681	 -3.6071
 -2.6812	 +3.3757	 -6.4293	 -1.5430	 +0.8745	 -1.8375
-71.0511	-124.3564	+118.1752	 +0.7093	 +0.1371	 -0.1624
 -0.8305	-19.3589	 -3.9402	 +1.5224	 +0.6929	 +0.5012
 -3.2647	-11.8167	 -5.9487	 +3.0425	 -0.4750	 +3.8535
 +1.9521	 +5.3845	 -7.0288	 -0.1640	 -0.5029	 -0.7255
-22.8815	-27.3819	-22.7097	 +3.1168	 +0.4398	 -0.4803
+12.5572	 -3.5097	 +3.8192	 +2.7550	 +0.0192	 +0.2340
 -4.9899	 +0.0922	+14.9158	 +0.0956	 +1.3840	 +1.4918
+19.2122	 -6.9931	+45.1414	 +0.8883	 +2.8049	 +0.2537
 +8.3554	 -3.9976	 +4.0593	 +0.1927	 +0.1322	 +3.6023
 +7.4710	 +5.5359	-10.0599	 +2.1454	 -1.0030	 +0.4110
 -6.1504	-11.0732	+19.6532	 -1.0767	 -0.6873	 +3.1459
+11.7609	-17.2299	 +0.7405	 +0.4344	 +0.1457	 -3.6889
-26.5565	 +4.6361	+26.4517	 -0.0755	 -1.1644	 -0.6427
-14.1517	-12.5447	 -3.9575	 -2.4443	 +1.1788	 -2.9456
 -4.0898	 +2.1256	 +2.4701	 -0.4968	 -0.2575	 -2.1939
+14.7679	 -8.8005	 -3.9519	 -1.5750	 -1.3387	 -0.7558
 -0.7838	 +4.3766	+13.4545	 -1.5133	 +0.9768	 -0.5923
 -1.0093	 +0.6558	 +0.6618	 +3.8148	 +5.0406	 +3.9950
 -2.9299	 +9.2920	+10.8458	 -1.0377	 -1.3365	 +1.0368
-10.6929	 +0.3861	 +0.9747	 +3.4489	 +2.0300	 -4.3828
 +5.4389	 -1.9771	 +6.8165	 +1.2865	 +4.0754	 +1.2980
 +7.6553	 -3.3664	 +5.9051	 -3.2702	 -0.6002	 -1.1544
-23.2587	+14.6226	 -5.2988	 +2.9383	 -0.8599	 -1.8725
 +1.7464	 +4.0463	 -2.4254	 -0.0131	 -3.0490	 -2.9501
 +3.0396	 +5.3018	 -1.8822	 -0.8774	 -0.2469	 -5.9795
 -8.8272	 -6.9410	 -2.7556	 -0.5498	 -0.9212	 -4.4212
-10.7326	-12.0712	-17.8237	 +1.3853	 -0.3815	 -0.0814
-25.3624	+23.6930	-66.7707	 +0.6341	 -1.6358	 +1.2169
 -9.1464	+20.5074	 +6.3845	 -1.8442	 -2.6699	 +1.1339
-32.6827	+68.8016	-49.2498	 -1.9976	 -1.0343	 +0.4354
 +8.3385	 +8.0135	 -0.9764	 +0.2678	 +3.3218	 -0.6841
 +7.4662	 +7.6819	 +2.6568	 +0.8778	 +4.1933	 -2.6087
 -5.6444	+20.5108	+10.1830	 -0.6332	 -1.7261	 +0.5397
 +6.5062	 -3.9291	-25.4628	 -0.7923	 -1.3694	 -1.9239
 +8.3628	 -1.4987	 +3.8295	 +2.5881	 +1.7394	 -4.2683
 -9.1995	 -7.4611	-17.5471	 -1.1990	 +1.3031	 +1.1430
 -9.6006	 +2.3182	 +5.6772	 -1.3477	 -1.4444	 -1.0262
 -2.1131	 +0.0253	 -5.3727	 +3.0405	 -1.5141	 +2.2875
 -7.1545	-17.5173	-11.8215	 +0.1930	 -0.8766	 +1.9381
+11.3048	 -2.7015	 -2.1604	 -0.1985	 -3.0109	 +2.0095
 -8.7782	 -7.0047	+12.8433	 +1.9076	 -1.3154	 -0.5139
-22.1392	-12.1917	 -1.7295	 -0.6862	 -1.4812	 -2.0428
-17.1955	 -0.3113	 +5.8200	 -0.5660	 +5.0737	 -0.2156
 +5.8666	 -3.1584	 +5.2304	 +0.1634	 +1.3679	 -4.1302
 +1.8990	 -0.8070	 -8.5158	 -2.3549	 -2.2763	 -3.3696
 -7.3647	 -4.6350	 -4.0279	 +1.0996	 -5.6911	 +0.5273
 +4.4591	 -4.5083	 -8.6202	 -2.8632	 -3.7532	 -0.2488
-139.8961	-170.2817	+114.7753	 +0.4090	 +0.9286	 +0.0597
-13.3361	+13.7375	 -3.6086	 -0.4924	 -1.5851	 +1.5968
-19.1038	+23.0678	+40.2420	 -0.0073	 -2.8384	 -1.1057
-11.7311	 -0.3389	+19.1121	 -0.2286	 +0.9228	 +0.4131
 +7.7844	+73.6341	-78.7641	 +0.0486	 -0.2334	 +0.5875
 -6.4222	-19.9320	 +7.8429	 -0.1961	 +1.4985	 +1.9920
 +7.7214	 -2.0288	 -6.1329	 +0.1709	 -0.6085	 +2.6951
 +3.7255	+15.8410	-17.4875	 +1.8204	 -2.5337	 +2.1876
+20.5247	+12.7536	 -6.9142	 +3.0001	 +0.5131	 -1.4096
-17.7618	+11.4387	 -7.3997	 +1.6876	 +2.7382	 +0.1169
 +3.0547	 -7.6291	 -1.4946	 +3.3847	 +1.8003	 -1.5196
 +0.7367	 +4.3501	 -1.7212	 +1.0906	 +3.5183	 -4.4227
 +2.9980	 -0.9756	 -5.2265	 -3.1459	 -0.2018	 -0.7843
 -3.1409	 +3.3667	 +0.2272	 -1.4771	 +1.6396	 +3.6993
-20.0165	 -0.4259	 -5.5419	 +2.2571	 -2.0122	 -0.2506
-17.0320	+13.4672	 -3.7621	 +0.9427	 -1.7206	 -1.0080
 +0.2982	 -5.5550	 -2.5026	 +5.3976	 -4.5773	 -1.6450
 +3.2988	 +4.5553	-31.5281	 +0.2255	 +0.5323	 +0.8827
 +0.8983	 +9.7553	-11.0221	 -3.6878	 -2.3188	 -1.7284
 +4.1999	+14.7002	 -3.8615	 +0.3190	 -1.8461	 +4.0148
-11.1421	 -2.8230	+16.2670	 -0.2293	 +0.9108	 +0.6206
-29.4458	 -1.3542	+21.0479	 -0.5647	 +1.1459	 +1.5939
 -7.2325	 +0.4177	 -4.0687	 -2.0234	 -3.1097	 +2.0030
 +3.3578	 -9.2294	 +2.6518	 -3.6683	 +0.5881	 -3.2267
 -0.1858	 +0.4091	 -2.0560	 +0.8795	 +6.1297	 -0.9392
 -4.8376	 +4.3039	 -8.6728	 -0.2034	 -3.3751	 -3.0464
 +1.7157	 -0.9631	 -1.1238	 -0.7867	 +6.2931	 -3.6669
-17.1513	 -7.8005	 -8.5390	 +0.0344	 -2.6888	 -0.7477
 -7.9075	 -0.1582	 -5.8816	 -2.7120	 +3.7103	 +2.3353
+17.5380	 -2.8160	 -9.4690	 +0.9723	 +0.4167	 -1.6761
-14.8010	 +5.7692	 -4.1492	 +2.4820	 -1.8913	 +0.2055
 -4.2562	 -4.8601	 -5.2494	 +2.4787	 -4.1363	 -3.6945
+12.5822	 -3.4926	 +1.1410	 +2.6301	 +2.7656	 -1.7373
 -3.3598	-11.1342	-12.1304	 +0.3204	 -1.9224	 -0.7529
 -2.5443	 -8.8526	 -8.6164	 +0.9668	 -1.0301	 -2.9672
+10.1873	+21.6335	+14.3130	 -0.1682	 -1.5049	 -3.1164
+10.7412	 +7.7731	 -7.7470	 +0.1629	 +0.5308	 -0.6902
 +3.2698	-12.9486	 +2.9138	 +3.1096	 -0.7538	 +0.6031
+37.0511	 -4.2848	-11.3804	 +0.3228	 +1.2816	 -2.2175
 +4.6070	 -5.5628	 -1.4618	 -3.0607	 -0.1843	 -3.1738
 +2.7469	 +1.7018	 +1.5116	 +1.7003	 +2.0436	 +2.6366
 +2.8744	 +4.9460	 -9.9912	 -2.5816	 -2.1224	 +3.0044
 +7.8890	 -0.2912	 -0.3178	 +2.9361	 +0.7983	 -1.1335
 +2.3546	 -5.6107	 +5.9995	 +5.5812	 -0.7905	 +2.2043
 -3.6440	 -2.9786	 +2.1603	 +0.1989	 +5.9533	 +3.2600
-12.2071	 +0.6133	 +6.2135	 -5.1079	 +2.1359	 -0.1980
 -0.6429	 +1.2858	 +4.2950	 +1.1059	 +0.9384	 -0.0489
 +0.1405	 -0.5106	 -5.9949	 +1.0694	 +0.3099	 +1.0685
 -9.6569	 -7.3252	 +6.6337	 -3.1988	 -1.3239	 +3.4949
 +1.7077	+43.6916	 -9.5157	 +1.9815	 -0.3119	 +0.3838
 -5.1405	 -0.6375	 +3.4228	 -1.1848	 +1.4309	 +0.3681
 +7.5682	 -5.7545	-18.3593	 +1.4982	 +1.0747	 +2.7649
 -5.4764	-21.4652	-12.2141	 +2.3285	 +0.2377	 -2.6323
-10.9056	 +7.2090	 +0.3582	 -2.0481	 +3.6572	 +0.3145
-11.4464	-11.7477	 +1.6861	 -0.4559	 +4.2147	 +0.0843
 -3.3900	 +1.5567	 -6.7116	 +1.4300	 -1.4582	 +4.5123
 -9.3470	 -2.8122	 +9.5533	 -0.1064	 -1.0023	 -4.0649
 +1.5911	 +5.3883	 +6.0375	 -0.1097	 -3.6515	 +3.7857
 +3.7829	-15.6431	 -2.4664	 +4.4865	 -0.4383	 -1.7812
-10.3373	 -0.4818	+13.8528	 -2.6604	 -0.8509	 +2.1973
 +0.4736	 +3.2336	 -4.9626	 -3.4785	 -1.6907	 +0.8111
 +6.9745	 +0.4025	+36.9591	 -1.1946	 -0.7043	 -1.3812
 -0.6669	 +0.6761	 +1.4255	 -4.1618	 -0.8182	 -0.3621
 -7.9439	 -3.8907	-10.7347	 +1.2016	 -3.0510	 +0.5142
 +7.4495	-16.8996	 -3.5978	 -1.1052	 -3.2967	 -2.3041
 +5.6900	 -5.3595	 -3.8442	 +1.3161	 -2.5650	 +0.5828
 +2.6126	 -7.0270	 +1.1302	 +1.2859	 +3.0232	 +4.7885
 -6.7773	 -6.7070	 -9.9318	 +4.6820	 -0.7297	 -0.7232
 -1.4606	 -3.1961	 -5.1364	 +1.4525	 +3.1308	 -2.3039
-62.3513	-15.3125	-24.6602	 +0.2855	 +0.4029	 +0.2832
 -0.9143	 +4.5001	 -8.6078	 -0.8683	 +2.3035	 +0.1845
 -5.0646	 +2.0483	-14.3196	 +2.6375	 -0.2293	 -0.4725
 -7.8404	 +6.1542	 -4.6579	 +2.6094	 +0.5785	 -1.3365
