# Iterations: 1381 of 10000
# Total Energy: -6.431e+05
#    Kinetic Energy: 6.997e+05
#    Potential Energy: -1.343e+06
# Current Time: 2018-05-09 15:03:31.801597
# Elapsed Time: 3:26:48.164473
# 
# Med. Times for Sections
#    Force Computation:		7.123811
#        [7.1431227.1452297.1439207.1532387.1611637.0960597.0917767.0886717.1004017.104500]
#    Gather Particles:		0.000123
#        [0.0001230.0001240.0001230.0001140.0001230.0001250.0001150.0001170.0001120.000124]
#    Overall:		9.034587
#        [9.0385969.0481879.0749029.0872159.0954469.0305778.9694679.0027958.9724189.007480]
#    Scatter Particles:		0.002537
#        [0.0023900.0038780.0028900.0026630.0026190.0022710.0024550.0023070.0027390.002310]
#    Time Integration:		0.000114
#        [0.0001570.0001140.0001590.0001140.0001120.0001650.0001100.0001630.0001030.000113]
#    Tree Broadcast:		0.911015
#        [0.9059820.8958020.9155300.9368710.9243860.9287630.9009350.9165080.8983520.906500]
#    Tree Construction:		0.994566
#        [0.9867651.0029751.0122200.9941561.0069861.0031400.9740230.9949770.9706540.993879]
# 
# x	y	z	vx	vy	vz
# 
 -3.5884	 -2.3407	 -2.0578	 +3.5521	 +1.7442	 +0.7940
-14.5339	+24.8004	 +5.3162	 -1.4891	 +0.4235	 -0.0065
 +7.3640	 +8.3164	 -1.4623	 +0.0912	 -0.4077	 +3.0052
-30.9523	 -0.6415	+11.2295	 +1.3337	 -2.5885	 +0.3217
 -8.9794	+14.8152	 +0.2017	 -2.3285	 +0.5290	 -0.6003
-12.7943	 -4.6507	 +5.0463	 -0.2574	 -0.0993	 -3.0821
 -0.3127	+11.3373	 +7.3854	 +1.9170	 -0.1574	 +0.9033
 -6.0085	-11.0992	 +5.2175	 +2.5193	 +1.7665	 -1.2391
 +3.3596	+17.5158	 +6.4270	 +0.0309	 +4.2017	 +2.9748
-26.2389	 -4.7445	 +2.1773	 +1.8484	 -2.6720	 -0.5815
 +9.6340	-10.1815	-15.2692	 -0.7166	 -3.5230	 -1.8730
 -3.1444	 +2.7993	 -1.7167	 +2.2329	 +1.1533	 -3.7931
 +3.5322	 -4.9098	 +4.4455	 +4.6214	 -1.3243	 -1.3245
 -3.9012	+14.9074	-23.0334	 -2.7912	 -0.9455	 +2.3148
 +2.9347	 -1.3826	 -2.5821	 +0.7425	 +1.7476	 -0.9934
 -6.8204	 +7.4684	 +3.9938	 +3.1404	 +1.8573	 +0.2478
 +8.1776	 +6.5063	 +0.3511	 -2.2292	 +2.4161	 -3.7343
 +7.7662	 -6.6701	 +8.3309	 +1.3337	 -1.2965	 -0.4540
 -8.0302	+14.4497	 -2.7784	 +1.3285	 -0.8042	 +2.0750
+85.3636	-39.1619	+79.8616	 -1.6198	 -0.7486	 -0.0096
 -4.9394	 -0.1976	 +2.8110	 -2.0552	 -4.3580	 -3.8987
 -3.4993	 +6.0357	-10.8897	 +0.0887	 -2.0508	 -2.1530
 +2.3297	 +0.1514	 -8.6481	 +1.8552	 +4.2336	 -0.8527
 +4.9332	 -8.2385	-11.8556	 +0.5376	 -1.4276	 -0.3025
 -6.8390	 -3.2174	 -0.2760	 +4.0082	 +2.3256	 -2.2433
-51.0731	+42.5096	-15.8910	 -0.5853	 +1.1802	 -1.0891
 -0.2220	 +6.5203	 -3.3520	 -0.6099	 -2.7779	 -1.2727
-13.5097	+13.7138	-18.2647	 +2.0628	 +0.2310	 -1.0278
-12.9850	-15.7103	 -9.8081	 -3.5691	 +1.1503	 +1.0061
+17.2382	+29.5071	+12.2604	 +0.2720	 +1.9969	 +0.9160
+26.5531	 +2.2594	 -6.3295	 -0.7258	 +1.3194	 +1.5036
-57.0809	+31.7622	+22.0476	 +0.5733	 +1.4898	 +1.4768
 +1.8287	 +9.2767	+18.6156	 +2.2545	 +0.2518	 -1.2176
 +4.7394	+12.0517	 -7.4754	 +0.2175	 -2.8648	 +1.7572
 -1.6125	 +4.1861	-17.8467	 -0.9678	 +2.0370	 -4.0944
 +4.8403	 +1.7427	 +4.2750	 -1.4145	 +0.0002	 +0.6414
 +5.5548	 +7.4600	 -7.0569	 +0.5887	 -2.3728	 +0.1595
 -9.8026	 +6.2155	 -4.2991	 -0.3734	 +1.8216	 +4.3009
 +4.4171	-14.2898	 +1.7322	 +1.3897	 +0.1859	 -0.1110
 -0.5186	-12.8402	 +1.4284	 +1.5151	 +0.1659	 +2.2481
+21.8692	-36.5590	 +4.1881	 -0.3345	 -0.5263	 -0.8577
 -0.7093	 +2.3076	 -2.5609	 -3.7899	 +2.6151	 -4.3249
 +0.2050	-10.9875	 -3.2546	 -2.1821	 +0.5412	 -2.4036
 -3.9216	 -3.2677	 -1.1510	 +0.8481	 -2.8674	 -2.8707
 -1.3484	-11.2874	 +8.1103	 -4.2565	 -2.4934	 +0.3602
 +2.2539	 +3.0435	 -1.0676	 -2.7194	 -1.0773	 +3.1173
 -4.6811	 -9.2419	 +1.0339	 -2.9987	 -2.0761	 -4.1478
 +6.6996	-11.2764	-14.0714	 -4.5231	 +1.3767	 +0.3236
 +6.1336	 +2.1420	 -0.8058	 +1.8241	 +0.5089	 -0.4490
-10.8356	 -4.8422	 -7.3472	 -2.2629	 +2.2438	 -2.8699
-15.6187	-46.6365	-13.3340	 +1.6538	 +1.4927	 +2.1120
 -1.6953	 -2.5440	 -4.6585	 -1.5078	 +2.0660	 -2.6833
-11.0735	+24.6063	+23.4919	 -2.4129	 +1.4616	 -0.9989
-10.6156	-14.0442	-12.9088	 -1.6867	 +3.0482	 -0.8276
+10.3082	+24.6430	+68.5507	 +0.2913	 +2.0334	 +0.5487
 -7.8131	 +3.5329	 -2.3401	 +6.8161	 +0.1939	 +0.2910
-25.1778	 -4.0446	 +1.1797	 -2.8822	 -1.0215	 +1.1839
 -9.5090	 +5.7489	 +1.3354	 -2.5778	 +0.4466	 -2.3522
 -3.4038	 -3.9500	 -6.1437	 +0.3575	 -5.9499	 +0.8683
-10.8381	+23.3560	-11.1390	 +2.6583	 +2.0319	 -1.6382
-20.3448	 +5.6500	-19.1686	 +2.5600	 -0.3784	 -1.0647
 -1.5339	+34.5441	-11.8650	 +0.8269	 +0.4381	 +1.8288
 -1.1336	-10.9736	 -4.8912	 +2.0728	 -2.1721	 -1.6786
 -2.4520	 +3.9006	 -9.3246	 -1.8631	 -4.2354	 -2.2644
 -3.7789	 +0.2737	 +4.5587	 -0.6009	 +0.2366	 +2.5722
 +8.0726	+12.1301	 +3.9917	 +0.3609	 +1.8753	 -0.1497
-10.3482	 -7.6434	-22.1521	 -0.8612	 -1.9084	 -1.6247
-35.5052	-29.1295	+17.5360	 -0.7287	 -0.4778	 -1.4718
 +0.8729	+22.6461	 +9.6071	 -0.1156	 +1.1282	 -0.6530
 -2.6272	 +0.0894	 -7.9036	 -1.7231	 +5.7897	 +1.6552
 -7.1051	 -1.0164	 -4.6826	 -1.8050	 +2.3437	 +0.4947
 +8.3972	+17.3965	 -2.9897	 -1.2514	 -1.1927	 -0.8681
 -6.5725	 +3.0096	 -4.4633	 -0.6172	 +0.7075	 -4.2722
+10.3901	+14.8298	-109.5420	 +1.9266	 -0.0697	 -0.8836
-10.2582	 +6.8363	 +3.2035	 -5.4975	 +0.0159	 +1.0786
+11.6401	-19.5946	+13.5533	 +2.6765	 +1.0900	 +0.4675
 -4.7911	 +5.5778	 -3.8010	 +2.2077	 +2.5922	 +0.5482
 +3.4562	+12.4930	-14.0900	 +2.7940	 +2.3034	 +2.0145
 -6.1200	 +1.9021	 -6.5933	 -0.1097	 +5.6613	 -0.2535
+20.1292	+13.3212	 -2.1723	 -2.9102	 +1.5182	 +0.4347
 -2.8079	 -3.0160	 +0.5432	 -0.7691	 -2.2748	 -1.4403
 +0.7902	-16.6701	 +4.6680	 +1.7233	 -1.9861	 +0.7309
 -1.8253	 -0.6223	 -9.1854	 +0.3735	 +0.0354	 +2.9458
-17.1864	 +9.0164	+46.2785	 -0.0431	 -1.6604	 +1.1555
+17.4593	+19.0668	+23.1585	 -1.1526	 -0.0942	 +0.3021
 +4.4767	-10.5621	-19.9927	 +1.8683	 +1.3042	 +0.2424
 +8.6717	 -1.8081	 +7.9177	 -1.7908	 -1.3326	 +2.0382
 -5.2940	 +8.7886	 -2.0682	 +1.6851	 -5.7165	 -1.3239
+12.4810	 -4.7937	-11.9757	 -1.0094	 +4.6400	 -0.5245
 +0.2544	 +0.1125	 -1.4177	 +1.5940	 -6.3894	 +0.3334
 -5.4823	 -5.1777	 -8.0961	 -3.7105	 +0.4784	 +0.0982
 -1.3524	 -2.0476	 -0.4174	 -1.1772	 +1.1336	 -2.3453
-20.8986	-32.3970	-45.1379	 -0.2758	 -0.0095	 +0.8725
-22.7832	-11.9896	+16.4611	 +0.3262	 -0.1637	 -0.5037
 +0.8784	 +5.3028	 -2.3281	 +2.2018	 +4.1308	 -1.1008
 -7.8013	 +2.6845	 -3.8167	 +2.5603	 -3.0607	 +3.0365
 -2.5093	 -1.5806	+10.8206	 +1.9333	 -5.7454	 -1.0451
 +7.9215	 +2.3692	-16.4934	 +3.5379	 +1.0186	 -1.2688
+16.0216	 -6.2733	 +0.1743	 -0.5103	 +1.9514	 +1.1272
 +9.7153	+11.1681	+16.3933	 -1.9735	 -0.0862	 +3.4312
-17.6521	 +1.8576	 +1.7248	 +2.2934	 +2.8217	 -0.5177
 +7.6064	 +0.1776	+11.2925	 -2.1755	 -0.5536	 -1.1663
 -3.4122	 +0.0492	 -3.6048	 +2.0027	 +2.5552	 -3.7994
 -2.8874	 -5.5586	 +8.4324	 -1.0141	 -3.1237	 -2.7325
 -0.1904	 -0.4593	 +3.9381	 +0.6853	 +1.0897	 -0.4151
 +0.2294	 -0.3125	 -8.1403	 -3.6839	 -2.5194	 +3.4877
 +8.3708	+11.0111	-15.6148	 -2.4521	 +3.4532	 -2.3091
+12.5444	 +4.9768	 -3.2148	 -1.8118	 -2.3756	 +0.2614
+22.0660	+23.8452	 +3.2518	 -1.7474	 -0.1632	 -1.6928
-10.0662	 +0.8485	+12.4543	 -0.0457	 +0.3972	 +0.3530
-12.0651	 -4.4569	 +0.4080	 -2.7917	 +1.7893	 -1.2330
+470.9031	+396.7379	-223.1702	 -0.2882	 +0.6659	 +0.3192
-140.1334	+114.0652	+205.3755	 -0.0696	 +1.1046	 +0.3801
+27.8745	 -9.6991	 -3.7994	 -1.1517	 +0.3414	 -1.5197
 +2.7869	 +5.3314	-16.4000	 +2.9867	 +2.1014	 -0.1875
 -0.6561	-13.4760	 +6.8989	 +1.3340	 +0.9306	 +3.2351
 -3.4971	 +8.0381	 +4.5025	 +3.2147	 +1.8386	 +1.2214
-47.9020	-11.6603	-18.8924	 +2.6627	 +0.5088	 -0.4476
 -5.3497	 +1.8712	 -2.7466	 +3.3326	 +0.0146	 +0.0511
+47.2019	-28.7269	-35.9934	 -0.3350	 -0.2403	 +0.9441
 +7.4669	 +0.0382	+18.8439	 -0.8777	 +1.5688	 +1.4735
 -2.8210	 +2.9476	 +0.5013	 -2.9971	 +3.9124	 -0.0221
 -1.2664	 -5.6929	 +1.2118	 +0.6020	 +1.7931	 -0.6081
 +8.9736	 -1.6462	 -3.3514	 +0.8870	 -4.0165	 +0.1877
 +0.4398	+13.0144	 -0.5161	 +1.2634	 +3.0743	 -0.4574
 -0.4927	 -0.6053	 +9.7887	 -0.8775	 +1.8226	 +0.7285
 +3.5953	 -3.2287	+15.2548	 -2.6198	 -0.2761	 +0.6979
 -6.2245	 -0.8516	 -1.7501	 -5.5799	 -0.9203	 +0.5931
 -2.8466	 -4.9219	 -8.1709	 -2.0346	 +2.2166	 -0.0816
 -1.2411	+13.4136	+12.2010	 +1.7545	 -0.8176	 +0.6690
+14.7273	+16.7211	-179.0254	 +0.0511	 -1.1866	 -1.1190
-10.8342	 -8.3935	 +2.8026	 +1.4532	 -1.4339	 +2.6008
 +6.8597	 -3.6884	 -3.5788	 +2.6812	 +2.8375	 -2.4676
 +9.3485	 -3.5369	 -0.8917	 -1.8573	 -2.1263	 +0.8812
 -2.9507	 -6.0300	 -2.6317	 +0.5467	 -1.9244	 +1.0865
-10.6042	 -1.2817	 -6.9377	 +3.5081	 -2.8757	 +4.8785
 +0.8685	+17.8987	 +7.4203	 -3.1968	 -0.7592	 +0.6562
 -4.5171	-32.6010	+15.9386	 -2.1272	 +0.2839	 -0.9689
 -2.5639	 +0.5139	 +6.9176	 +2.5019	 -2.4627	 +0.1756
-13.4382	+22.8428	 +8.6673	 +0.3507	 +1.1801	 -0.3052
 -6.2902	 -3.6887	 -2.9312	 +1.9642	 +0.0520	 +4.3762
-16.1547	+10.9252	-12.2622	 +2.2046	 +1.1369	 -2.3791
 -3.1397	 +2.4922	 +2.7095	 -1.8314	 -0.0043	 -2.0886
 +3.3102	+27.1833	-23.0363	 +2.9843	 +0.5727	 +2.3844
+57.6165	-19.2450	+15.3311	 -0.6668	 -1.7656	 -0.6097
 +5.6424	 +1.8222	+11.5602	 -0.1915	 +0.1556	 -1.8845
-43.8288	-54.6836	+56.2198	 -1.0129	 +1.4676	 +0.5677
 +2.8440	 -9.0631	 -3.5126	 +1.4840	 +2.7618	 -1.0615
-11.8882	 -8.6702	-13.3021	 -2.9984	 +0.1845	 +3.3704
 -7.1782	 -3.9021	 -0.3631	 -3.6742	 -4.1820	 -0.7518
 -7.7514	 -5.4699	-14.8889	 +0.1010	 -1.3643	 +2.9044
 -6.2999	 +1.6134	 -1.6531	 -2.3053	 -5.4186	 +1.5495
 +3.2537	 -3.7745	 -1.3420	 +2.9624	 -5.4312	 +0.1356
 -2.3424	 +3.1731	 -0.1892	 -2.3305	 +3.4444	 -4.9565
 -5.3285	+12.6974	 -1.6726	 +1.1974	 +0.0631	 -1.1301
+13.4213	 -8.3345	 +4.1779	 -0.2234	 -0.4002	 -2.1528
 +6.8228	 -7.4466	 +0.8867	 -4.3234	 +0.7150	 +3.0310
-24.8679	+10.0843	 +9.6717	 -1.0827	 -0.3424	 -3.3923
 -5.0619	 +1.5559	 -6.2959	 -3.5390	 +2.2809	 -4.0441
 +0.1150	 -1.9656	 -2.3902	 -1.0092	 -1.1070	 +1.3756
 +7.6309	 +2.0893	 -8.4671	 -0.0608	 +2.1689	 -0.1602
+27.4217	+10.3595	-25.3532	 +0.9371	 +1.3535	 -1.2854
 +0.3564	 +3.1557	 -2.4635	 -2.8388	 -0.6603	 +0.3999
 -6.1021	-16.7631	 -4.0199	 +1.7783	 +0.1485	 +0.1747
 -5.2384	 +0.2314	 -7.8794	 -3.4009	 -4.6939	 -0.5041
 +7.3739	 +0.5083	 -4.4538	 +3.3776	 -1.5955	 +2.9766
 -1.1610	 -1.5075	 -1.6297	 -0.7518	 +4.0288	 -2.6635
+18.1737	 +8.1903	 +9.7721	 +1.1459	 +2.5581	 -1.5283
 -7.5206	 +1.3004	 -1.4986	 -1.0340	 -0.2466	 +1.6526
-13.3305	 +6.9651	 -3.1245	 +0.3878	 -0.1968	 -2.8498
 +0.9006	 +5.1851	+13.3669	 -1.2913	 +2.6030	 +2.5827
 -3.0774	 +0.1813	 +0.3669	 +1.2191	 -0.0160	 -3.2802
 -0.7365	 +2.4929	 +9.9851	 -0.6316	 +1.5026	 +3.9972
 +2.7104	 -7.2785	 +2.3125	 -4.5405	 +2.8751	 -4.0775
+20.2630	-13.2739	-35.9496	 +0.8500	 -1.3879	 -1.1276
+20.8714	+34.2198	-24.1189	 -3.1032	 -0.0312	 +0.5939
 +1.6535	+14.2813	-10.4541	 +3.7525	 -0.7794	 +2.0237
 -2.9115	+28.6040	 -0.9811	 -1.2852	 +1.8669	 -0.7280
 -0.0586	 -4.6398	 +3.5642	 +0.9667	 +0.8156	 +3.2111
 -1.3359	 -3.0772	 -1.5927	 +1.6312	 -2.2940	 -3.4733
 +7.0494	 +4.0313	 +1.9030	 -1.9285	 +1.8240	 -0.6856
 +4.1591	 +2.0119	 -5.6936	 -0.2822	 +4.4084	 -1.1611
 +4.6179	 +1.5274	 +3.5815	 -0.1600	 +1.5580	 -0.3873
 -3.3120	+17.0063	-21.5276	 -1.7056	 -1.9210	 +1.7698
-12.7380	 +9.0033	-19.3173	 -1.7813	 -1.3332	 +1.8642
 +0.7288	 -3.6773	 -3.0712	 -3.6241	 -0.0893	 -1.5152
 -3.3326	 +8.9905	 -8.8155	 -0.2225	 +4.0690	 +1.1386
 -2.4790	 +3.5862	 -1.8695	 -0.4166	 -0.5117	 +2.5646
 +6.9901	 +1.2552	 +2.7667	 +3.2013	 -2.0246	 +3.0579
 -3.4887	 +3.1359	 -6.2089	 +1.7674	 +1.4815	 +1.2465
 -8.5457	-23.1556	 +8.2428	 +0.5833	 +1.7458	 -1.0064
 +5.6812	 +0.2568	 -5.2171	 +0.6283	 +1.9368	 +2.3040
-18.1077	 +6.1435	-39.8662	 -0.8549	 -1.9127	 +0.6234
 -4.2504	 -8.3941	 -8.6512	 +1.6763	 -1.6256	 +1.5012
 -8.3409	 -5.9521	 -9.3595	 +0.2611	 +4.1802	 +1.2836
 -3.9163	 -0.1764	 +1.5048	 -1.1083	 -1.0836	 -2.0182
 -1.6035	 -7.6933	 -5.5678	 +4.7629	 -0.4016	 +2.2683
+13.1420	-95.6517	-22.6661	 -1.4433	 +0.6769	 +1.1044
 -1.3783	-10.3073	-11.0623	 -2.3011	 +0.7418	 -2.3049
+11.5954	 +3.5367	+19.9828	 -1.0728	 -1.6192	 +0.2559
 -8.8593	 +0.0281	+17.8402	 +2.1967	 +4.0258	 +0.9027
-19.3226	-10.6512	 -1.1755	 -1.1096	 -3.0974	 +1.6625
 -4.0100	+10.1690	 -3.3396	 -1.1565	 +1.5164	 +2.5171
 +7.3446	 -6.8226	 -0.1204	 -0.9765	 +0.6489	 +1.2147
 +4.3731	+10.9549	-17.3770	 -2.2665	 +0.1378	 -0.9183
 -3.4115	 -0.7587	 -0.1662	 +2.6745	 -4.4845	 -0.6444
 -7.5302	 -0.1637	 -4.4346	 +1.8759	 +1.6624	 -1.4627
-21.0112	-10.9851	+24.8963	 +1.4496	 -2.6351	 +1.0186
-21.3739	+52.3216	-16.3599	 -1.8447	 -0.5154	 +1.7683
 -7.7060	 +2.5393	 -9.8933	 +1.5498	 +0.8469	 +1.6336
 -4.0662	 +7.1548	 +3.7785	 +3.1161	 +1.3334	 -2.8654
 +8.9885	 +6.0291	 +2.2411	 -0.4165	 -3.6012	 +1.0646
 +6.4832	-11.2864	 +5.5403	 +2.2929	 +1.5602	 -1.6303
-23.5007	 -2.3110	 +1.7125	 +2.0089	 +0.0327	 +0.7826
 -7.1064	 +2.9589	 -0.6055	 -1.9108	 +2.1009	 +6.6623
+121.5173	 +6.9240	-33.7976	 -0.0168	 +0.1341	 +0.7891
 -2.2386	-15.0217	-29.6414	 -2.4386	 -1.7375	 +0.8107
 +5.2523	 -2.6823	 +0.2594	 +3.6009	 +0.8271	 -1.1922
 -2.4226	 +4.6374	 -7.4720	 +4.7035	 -0.9330	 +2.7620
 +1.7380	 -7.1197	 -3.0956	 -1.2331	 +0.5997	 +0.6916
 +8.9605	-16.7060	 -9.9159	 -3.2849	 +3.1693	 +0.4067
 -9.6996	 -9.6247	 -6.6734	 -0.0832	 +0.6052	 +0.1205
 +7.9437	 -1.2968	 +9.3934	 -1.4726	 -1.8329	 +0.7595
 +8.0788	 -4.5702	 -1.0746	 +2.3112	 +0.8862	 -3.5579
 -5.3041	 -3.1904	 +4.7538	 +1.3353	 -0.7012	 -3.6293
 -0.4390	 +2.0095	 -2.1804	 -1.7562	 +2.5306	 -1.5908
 -0.8329	 -3.0035	-10.9248	 +1.8386	 +1.4487	 -0.9888
 +3.9290	 +3.6809	 +3.8068	 -0.6130	 -0.5929	 -1.1248
 +6.3342	 +0.9417	 +0.7462	 +0.7853	 -0.4006	 +0.3354
 +0.2490	 +1.6456	 +1.1099	 -5.9536	 +1.5859	 +0.7596
 -0.9400	 -1.1345	 -2.1202	 +2.0649	 +0.5903	 +0.1702
 +2.3215	 +0.8153	 -7.1826	 +1.8749	 -0.5666	 -0.6779
 -8.8325	 -4.0900	 -9.3217	 +2.9993	 +1.7677	 -2.1654
 -0.2984	 -4.1631	 -2.5236	 -4.9692	 -3.4610	 +1.1217
 +1.4215	 +2.1739	 -8.4860	 -1.5217	 -4.8630	 -1.9565
 +7.6929	 -7.9975	-16.6436	 -1.0088	 -1.2604	 +2.2640
 -2.8431	 +6.7240	+14.7633	 +0.6625	 -0.8627	 +2.5269
+15.5756	-22.9114	 -1.8643	 +0.1213	 +1.2042	 -2.5305
 -0.3794	 -0.8974	 -7.6126	 +2.2846	 +2.7996	 +2.7419
 -3.1337	 +3.8851	 -0.3888	 -0.4438	 +1.1045	 -0.0297
-63.6743	-12.0801	 +4.9924	 -0.3587	 -1.4407	 +0.3405
 +0.7838	 -2.5054	 +8.0220	 +0.4133	 -1.8286	 +1.0865
 -4.6282	 +1.0372	 -8.9674	 -0.0286	 -5.0288	 +3.4227
-10.4636	 +7.7141	 -2.4842	 -2.1984	 +3.0814	 -0.8881
 -2.7562	 -2.5067	 -0.3398	 +0.7566	 -1.4322	 +5.1455
 +5.3897	-13.4585	 -9.3348	 -1.2707	 +0.1895	 +0.1613
-20.1104	 +5.9964	+23.2072	 +1.8237	 +1.0315	 -2.7546
 +4.9371	 +0.7580	 -5.4953	 +5.6795	 +1.3145	 -0.2442
 +5.2242	 +1.5558	 +0.5584	 -2.1597	 -4.6661	 +2.3580
 -5.9609	-12.4066	 +1.1461	 +4.3932	 +4.2637	 +2.0824
+13.0277	+14.4968	 +4.2069	 +1.6673	 -3.6998	 -1.0434
+21.2885	 +0.6691	+16.9307	 +0.4378	 +2.1321	 +0.1766
 -3.2527	 +5.0930	 +2.1124	 +2.9201	 -3.3912	 +0.4471
 -8.7046	 +1.4927	 -6.8292	 -1.9719	 -0.9940	 -3.8283
+1873.9530	-33.6660	+791.0715	 +0.2200	 -0.2337	 +0.0656
 -6.7651	 +7.6711	 +1.3115	 -0.2283	 +2.1130	 -1.6355
 -7.9907	 -1.4805	 -0.5715	 +0.3861	 -5.4910	 -2.0171
 +6.3368	 +3.2087	-12.5255	 +1.6365	 +1.3469	 +0.3247
-16.4806	+11.3479	 -2.0198	 -1.2660	 +2.9575	 -1.9191
 +2.0101	 -4.1485	 -5.2136	 -3.4289	 -3.3309	 +3.1493
-65.0561	-63.1363	-70.9407	 -0.6307	 -1.0772	 +0.0177
 -8.1043	 +7.5243	+31.3169	 -0.9853	 -1.4625	 +3.1504
-16.6664	 -5.1778	-20.3447	 -0.7849	 -3.8464	 -2.3437
+13.3065	 -2.9126	 +5.3911	 -3.3164	 +3.2615	 -1.5975
 -9.9486	 -4.0802	 -4.0918	 +0.8847	 -0.6184	 +0.1197
 -9.5920	-16.2965	 +4.0242	 -4.5224	 +0.0029	 +0.5255
 +4.5406	-16.0846	 -2.1792	 +0.6146	 -0.2302	 +0.9444
 +2.5372	 -3.2323	 -1.6601	 +2.2095	 -2.2421	 -1.9648
-13.5257	-15.8359	-10.0483	 -1.0332	 +0.6580	 +0.9339
 +0.9041	-14.8172	 -0.8794	 -0.3994	 +3.4854	 +2.6378
 -4.7833	+13.1121	-11.5315	 -1.8937	 -2.1617	 -1.0994
 +3.1604	 +1.5685	 -5.9419	 -0.4199	 +1.7792	 +0.3421
 -3.9379	 -3.3699	 -8.1603	 +4.7151	 -2.6776	 -1.4637
 -7.3252	 +5.4126	 -6.9153	 -0.6269	 +0.7295	 +3.9128
 -2.9277	 -1.9708	 -1.7883	 +3.0489	 +3.1806	 +1.8133
 -9.1821	-11.8912	+15.4896	 +1.2923	 -2.8458	 +2.5837
 -8.7226	 +2.3341	 -5.0499	 +2.2497	 +1.7174	 +1.6860
 -2.5580	 -2.9474	 +1.0478	 -0.3057	 -1.4136	 +4.3556
 +1.6436	 -8.9407	-27.2276	 -0.1522	 -3.3921	 +0.1785
 +2.8281	 -2.9005	 -5.0331	 +3.4209	 -1.0961	 -3.5238
 -4.7753	 -3.2442	 +1.2037	 +0.7767	 -2.3444	 +2.8727
 -6.3392	 +6.1251	 +2.9030	 -0.4922	 +1.9920	 +3.4719
 +4.0633	 +8.7483	 -4.2171	 -3.2852	 +1.2382	 -0.1735
-14.0575	 +8.5700	 -0.6279	 +1.1211	 -1.3646	 +0.5955
 -0.9233	 +7.9439	 +4.0035	 +1.1355	 +0.7404	 -0.6019
 -9.1768	 -1.2992	 -1.4335	 +1.8922	 +1.4576	 -1.2462
 -6.8419	 -2.8919	+15.4365	 +4.0483	 -1.4356	 +0.5196
-15.0906	 -6.4176	-23.3625	 +2.6799	 +0.9199	 -0.7564
 -1.0934	-14.3123	 -8.8352	 -0.9241	 +1.0303	 +1.8353
-124.9653	-53.7489	+79.7644	 +0.8382	 -0.8868	 +0.5920
 -2.6097	 -0.1369	 -1.1438	 +1.6348	 +2.4192	 -3.6524
 +4.3337	 -2.3832	 +1.9378	 -1.1727	 -4.8344	 +0.5376
 +8.2628	 +6.6360	-16.6314	 -2.5948	 +1.2221	 +0.4483
 +7.3808	 -7.5078	 -1.2351	 -3.2725	 +0.7616	 +3.4312
 +9.1161	 -6.8233	 -0.1806	 +3.5064	 -0.4211	 -1.8261
 -9.7257	 -5.1012	 -8.3443	 +3.7667	 -2.9918	 +0.7842
 -1.8725	+13.3551	 +4.7123	 -1.0279	 +0.1005	 -1.9446
-108.4130	-107.1651	+99.7438	 +0.4768	 -0.1810	 -0.1926
 +9.4510	+35.6606	 -0.2399	 +2.1376	 -1.1995	 -2.3996
-25.8376	 -8.4124	+27.0398	 +0.6350	 +2.2273	 +0.5593
 +1.1613	 +1.8660	-39.2112	 +2.8380	 -0.8159	 +0.3649
-11.0614	 +4.0322	 -4.6242	 +4.7465	 +3.3322	 +1.5473
 -0.1134	 +0.3133	 -7.1394	 -2.5129	 +0.7118	 -2.1481
 +0.8747	 -4.1154	 +5.3985	 +1.1311	 -0.2191	 -2.0200
 -6.2192	 +0.0039	 -0.5742	 -4.2389	 +3.7909	 -2.7004
 -6.8218	 +4.1036	 -2.5150	 +2.4524	 -4.2786	 +2.0443
+24.2038	 +2.4623	 +1.0713	 +2.8050	 -0.4979	 +1.4283
+10.5360	 +3.4328	 -9.3035	 -1.0843	 +4.5789	 +0.3815
 +9.1640	-78.3125	 +5.3820	 -1.0809	 +1.8557	 -1.2772
 +4.2596	 -1.9485	 -3.1203	 +5.7021	 +0.5381	 -2.4031
 -2.1766	 -0.0619	 -6.5856	 +0.6259	 +1.9726	 +1.7508
 -0.2142	 +1.9255	 -0.3081	 -0.8057	 +2.6058	 +0.6029
 -0.9966	 +3.1769	 -1.2913	 +0.0576	 -2.6403	 -5.6689
 +6.4763	 -2.6811	 -6.9821	 -0.6101	 +1.9785	 -0.0332
 +4.4318	 +0.0260	-22.4393	 +0.3275	 +2.6165	 -1.8851
 -4.4340	 +7.2431	-24.6437	 +0.3551	 +0.7029	 -0.6835
+11.6775	-20.7313	-27.5004	 -0.1631	 -1.8346	 +0.1941
 -4.1164	 -2.0571	 -1.4670	 +2.7623	 -2.8759	 +4.0221
 -7.3027	+10.4180	 -9.0382	 +0.6061	 +3.0236	 -1.6037
 -4.0265	 -5.0574	 -0.1906	 +1.8218	 -2.0625	 -3.3049
 -3.9287	 +2.6926	 +0.0090	 -3.3004	 -2.0865	 +0.3562
+23.1877	+23.6663	 +0.1102	 +2.9740	 +0.1894	 -0.7413
 -1.0920	+15.2171	-16.1996	 +0.3365	 -0.7876	 +2.6035
 -3.7522	 +1.9255	-11.3249	 -0.3382	 -0.2684	 -3.1493
 +3.8824	 +2.1836	 -1.4873	 -0.7897	 +3.0998	 -1.0238
-13.9372	 -5.7906	 -6.1674	 -0.2443	 +2.3145	 +1.9868
-149.1860	-61.3328	+204.8908	 +0.5706	 -0.6642	 +0.1689
 -1.6178	 -1.7820	 +1.6523	 -0.9479	 +2.9964	 -2.9537
 -4.8246	 +1.8092	 -8.9565	 +2.6810	 -2.3699	 +0.4782
 -5.7597	 -5.4966	 -8.1340	 +3.8728	 +2.0549	 +1.1250
 -0.9300	-16.6242	 +2.7306	 +0.6547	 -2.7421	 -2.9010
 -4.1206	 +1.1681	 +6.5959	 +0.5018	 -0.2287	 -1.6762
+15.0773	+52.4667	-25.0642	 -1.6413	 +0.3171	 -1.6056
 -1.5731	 -5.2760	 -2.8692	 -2.5731	 +3.4216	 +5.0916
-14.3370	 +3.0237	 -1.6586	 +0.2443	 -1.9819	 +3.0631
 -3.2677	 -5.4015	+22.0711	 -2.3136	 -0.4541	 +0.6291
 -0.5594	 +1.9473	 -6.2304	 +1.6391	 -2.1205	 -4.4226
 -8.4609	 -3.1420	 +1.7769	 +0.2009	 -0.6329	 -2.2501
 +5.0422	 +0.4329	 -1.9395	 -2.2451	 +4.0059	 +2.7494
 -3.4490	 -0.1524	 -1.6790	 -1.3149	 -0.4911	 +3.5926
 +4.2153	 +7.3804	 +2.8598	 -2.9338	 -2.1675	 -2.0749
 -2.6330	 -1.0370	 +0.2888	 -1.2031	 -1.9148	 +6.4192
-11.3792	 +0.4424	-18.6498	 +2.3752	 -0.3204	 -0.2778
 -9.6639	 -8.1858	+12.7867	 -1.3309	 -1.0897	 +3.3400
 -2.4266	 -6.7436	 -5.1627	 +1.8000	 -2.0825	 +2.0081
 +2.2259	 +6.9876	 -7.5694	 -0.3100	 +2.7458	 -1.1631
 -2.4478	 -3.1504	 +0.4456	 -0.6940	 +2.3866	 +3.0809
+11.6332	+12.7921	+35.5145	 +2.0191	 +1.9906	 -0.3751
 -3.6525	 +2.0542	 -1.7046	 -0.9232	 -0.5424	 -0.8259
 +0.3574	 +9.9566	 -7.7478	 +2.8207	 -2.0200	 -0.4610
 +2.7225	 -3.5227	 -8.0296	 -3.6723	 -2.5786	 +1.1094
+14.8743	-13.3977	-20.3748	 -0.7827	 -0.8179	 +0.0615
 +1.7590	 -4.0177	 +1.0852	 +2.9624	 +2.4316	 +0.4333
 -7.3448	 +4.1977	 +1.6219	 -1.0750	 +2.9746	 -5.1376
 -3.5335	-14.4438	+10.3988	 -1.0738	 +1.7088	 -0.3972
 -4.8482	+25.3251	-48.9326	 +0.8708	 -0.6386	 +0.3815
 +4.1213	 +3.4931	-28.6062	 -0.7200	 +1.1887	 +3.5698
 +6.0714	 -0.3236	 +0.4009	 +1.4835	 +1.3165	 +2.2547
 +5.4722	 -2.0097	 +0.8183	 +1.8085	 +5.4287	 +2.5777
 -2.6730	 -1.0952	 -4.4378	 +1.3788	 -0.8704	 -1.1358
+20.9796	+14.2259	 +5.0115	 +0.3437	 -0.9926	 +0.0186
 -1.1724	-53.5456	-11.7168	 +1.4153	 +2.0919	 -0.5566
 +2.0866	 +8.0274	 -1.5551	 -0.3094	 -0.8409	 +4.3966
 -2.1455	 +5.7606	 -6.5029	 +3.8989	 +2.3957	 -1.5277
-24.9536	+11.7072	-12.2788	 -2.1918	 +0.2753	 +2.6151
 +3.7869	-28.6677	+19.4640	 -0.8705	 -1.7267	 +0.0779
 -5.9625	 +5.0268	+12.2221	 +0.0165	 +0.8941	 -2.5225
 -5.6936	 -2.9997	 -2.1390	 -1.0018	 +2.4709	 -4.8906
 +7.6807	 -5.0350	 +0.6182	 -0.5377	 +1.4250	 +0.8091
 -4.3874	 -8.4831	-11.4413	 +0.6315	 -0.0315	 -2.3635
 +0.4540	 +3.0651	 -6.3928	 -3.2632	 -0.9600	 +1.2886
 +5.1046	+17.4025	 -3.0934	 +1.2503	 +1.7850	 -3.2793
 -1.8910	 -1.1970	 +2.2332	 +3.6842	 +2.3933	 -1.2087
-13.6845	-10.3599	-13.1855	 +0.6216	 +1.6847	 +1.1615
-44.0940	+11.8184	-21.5341	 +2.0078	 +1.1066	 -0.5077
 +3.8139	 +4.8316	 +2.5672	 +2.5884	 +1.1841	 -0.5321
 -3.7070	 -3.1723	 -4.0557	 +2.9074	 +3.7526	 -0.2800
 -6.0204	 -4.7045	 -5.1648	 +4.9447	 -1.5367	 +0.3939
 -0.3539	 -2.5737	 -5.8307	 +0.3398	 -3.9866	 +1.8072
+10.9723	+12.8413	 +5.3425	 -2.2139	 -1.2748	 +2.8624
-10.1046	 +4.9573	+28.7452	 -1.2601	 -0.5401	 +1.7166
 +9.5724	-12.2526	 +6.7669	 +0.2794	 +0.0935	 -3.7190
 +2.7708	 -3.8224	+12.6809	 -4.2333	 +0.5664	 +0.4681
 -7.6886	+10.0466	 -2.0796	 +1.5551	 +0.9895	 -1.4073
 -4.9450	 +1.5963	-10.2122	 +0.3566	 +4.2366	 +5.0521
 +2.0241	 -8.7944	 -0.4179	 +3.0931	 -1.2432	 -5.2193
 -2.5875	 +0.7877	 +2.9645	 +4.6988	 +2.2350	 -0.3776
 +2.3254	 +4.8225	 +6.9782	 -0.5530	 -1.2105	 +4.0702
 -1.4484	+12.7246	-11.5042	 -1.0726	 +2.6990	 -1.4249
 -2.7357	 +6.7074	 -0.1487	 -1.6831	 +3.0758	 -4.4366
 +0.1877	 -0.1414	 +1.0744	 +1.8973	 +0.4504	 +6.2160
 -2.1758	 +0.8169	+15.1801	 +3.0562	 +0.2381	 -1.3169
 -6.7237	-11.4729	 -0.1657	 -0.3008	 +1.3360	 +1.6856
+22.3861	 +1.8901	 +8.4985	 -3.1307	 -0.6569	 -0.4386
+10.7418	-11.4372	-12.4520	 +0.2246	 -0.5162	 -3.5155
 -1.4979	 -0.4201	 +1.4175	 +1.4612	 +2.6904	 +0.7519
-10.2306	-34.0724	-27.6385	 -1.0851	 +0.2300	 +0.3625
-12.9788	+14.6528	+13.7428	 +0.7486	 -1.4888	 +0.7916
 -4.2927	 +3.2786	 +8.0354	 +3.1931	 +0.5570	 -1.0820
+23.7036	 -4.4303	+11.3796	 +3.7350	 -1.2897	 -2.3806
 -1.6970	 +7.6518	 +2.0614	 -2.1222	 +2.5761	 -0.2850
 -4.7935	 +3.8511	 -5.1417	 +3.6141	 +0.5857	 +4.2172
-10.3238	 +6.3751	 -0.9631	 +1.2130	 +2.5440	 +1.4424
 +2.8728	+12.1876	-11.1900	 -0.3699	 +3.0862	 -2.0228
 -4.5563	 +8.1749	 +3.2268	 -3.5753	 -1.8791	 +1.7715
 -8.0309	 +7.6023	 +2.1295	 -5.0715	 +0.3602	 +0.0121
 -5.2228	 -4.4452	 -5.1417	 -6.4004	 +0.1604	 -1.0573
+14.0672	-12.9820	 +0.6228	 -3.6576	 -0.7127	 +1.6620
 -5.5432	+24.9963	+18.8447	 +1.8956	 +1.0134	 -1.5322
+27.6061	-31.1117	+70.6032	 -0.4118	 -1.6283	 -0.1446
-17.9703	 -1.2698	 -0.4867	 +0.8233	 +1.3407	 +0.7486
 -7.4977	 +6.6703	 +6.7657	 -0.5971	 -3.7474	 -0.2125
 -3.2372	 +2.1584	 -3.6074	 -0.0095	 -0.6841	 -2.1836
+14.1085	 -0.7366	+15.1063	 -0.3151	 +0.9187	 +0.1180
 -5.9397	 -4.6664	 -6.3415	 -2.4767	 -3.1061	 -0.3273
+20.9995	 -4.0778	-20.3790	 -2.4121	 -0.4036	 +0.0220
+16.0948	 +7.1514	 -6.2448	 +1.2495	 -2.4560	 -1.0250
-23.0221	+25.3501	-27.6778	 +0.2336	 -0.1823	 -0.0899
-25.9077	-11.6028	+15.7824	 -0.0332	 +2.1245	 -0.6510
 -4.2262	 +4.0608	 +4.6481	 +1.8875	 -0.9066	 +0.8513
 -6.1001	 -2.8865	 +2.9332	 -4.3827	 +4.0266	 -1.3995
-10.2018	 +7.0070	-12.2161	 -2.5704	 -0.8624	 -0.5283
 +2.0036	 -2.8575	 +0.7098	 +1.6639	 +1.5234	 +2.8990
 +3.3684	 -3.4580	 +3.2379	 +0.7781	 -5.1106	 +2.0768
 -7.2945	 -1.0023	 -3.9488	 +1.8517	 +0.6336	 -1.8308
 +8.7454	 +9.1583	 +5.6828	 +0.9506	 +1.1090	 +1.4791
 +4.1497	+12.9015	 +2.5999	 +1.0218	 +0.0429	 -1.9829
 -2.2162	-15.7010	+12.9466	 -1.2720	 +0.1382	 -3.7657
 +1.7510	 +0.0341	 -4.1225	 -4.4936	 -2.9895	 +0.1062
 -1.1677	 -8.1529	 -7.2269	 -2.4672	 +1.7126	 -5.0036
 +0.7559	 +0.8643	 -5.2815	 -0.6018	 +0.4215	 -1.5003
+11.7430	 -7.5513	-36.1920	 +0.2553	 -0.2551	 -1.6389
 +5.5916	 -1.5359	 -5.3432	 -1.7876	 -0.7311	 +2.3829
 -2.3305	 -3.0955	 -4.2723	 -2.3800	 +1.4750	 +0.8094
 -2.1055	 -5.7840	 -1.9108	 -6.3990	 +1.6194	 +3.8229
-33.0462	 -0.8073	-20.4247	 -0.6843	 -1.1974	 +1.8552
 +1.9999	 +1.4830	 +3.7411	 -3.3885	 -0.7033	 -0.9509
 -4.2872	 -4.3596	 -9.2873	 +3.5647	 -1.1504	 -0.3391
 +1.7563	-12.2414	 -5.7783	 -0.4407	 -2.8207	 -0.8576
 -5.7372	 -2.4084	 +8.2404	 -1.6206	 +2.6850	 -1.8791
 -1.5842	 +0.8101	 -4.9419	 +1.4753	 +6.0089	 +2.1250
-24.9688	-19.9492	 +7.1091	 -0.3499	 -0.3232	 +0.9714
-20.8268	 -7.7109	-18.8921	 -0.5891	 -1.5063	 -2.0145
 -2.9141	 -1.6267	 -6.6195	 -1.1404	 -0.0651	 -1.7605
 +6.2493	 +4.8592	 +5.4982	 -1.9524	 +0.1379	 -0.3430
 -0.5085	 -0.7160	 -1.7329	 -1.4066	 +0.7634	 +2.3093
 -2.9791	-10.4594	-13.2312	 +0.0925	 +3.8818	 -0.9679
+10.1623	-44.3313	-20.9617	 -0.7873	 +2.1524	 +1.2783
 -2.5141	 +0.8819	-18.3739	 +0.4766	 +3.5083	 +0.0686
 +5.6819	 -3.8247	 -4.3323	 +1.0264	 -0.4844	 +0.8907
 -1.1143	 -0.3519	 -7.1078	 +1.8220	 -0.8569	 +1.2513
 -4.1827	 -6.6696	-11.7096	 +0.9312	 -4.3887	 -3.4648
 -7.7059	+13.6943	 +4.1380	 -0.3771	 +1.3846	 +1.3823
 -1.3020	 -1.5859	 +9.5433	 -1.0442	 +0.7926	 +3.3083
-25.2124	+17.8741	 -9.9819	 -4.3027	 +2.1201	 +0.4948
 +0.3067	 -5.9081	 +4.2094	 -2.6818	 -0.5199	 +1.7402
-61.7127	-38.8656	+33.3614	 +1.0897	 +1.6447	 +0.2591
 -2.5501	 +2.8102	 +0.9667	 -2.9396	 -3.6139	 -4.6635
+40.1692	+23.4305	+34.1075	 -1.9535	 -1.7535	 -0.9202
 +9.5733	-11.8814	 -2.7582	 -0.4161	 +2.8936	 -1.7834
 -1.0257	 +8.2860	 -0.5058	 +1.2126	 -3.7069	 +0.9356
-114.3132	+60.7512	-17.7861	 -0.2097	 +0.6121	 +0.3217
 +4.2584	 +7.4638	+12.1862	 +1.3989	 -0.6022	 -2.4669
 -8.5651	 -2.5023	 -3.9210	 +2.9160	 +3.2333	 +1.1299
 +3.7524	 -5.4107	+12.8941	 +2.0698	 +0.2182	 -0.8373
 +0.0702	 +3.1659	 -3.2035	 +3.7427	 +3.5802	 -1.0103
 -2.9854	 +2.8451	 -3.7469	 +0.3746	 +2.6852	 -1.9002
 +4.1200	 -9.0599	 +0.1479	 -4.2898	 -2.8574	 +0.2674
 +0.7268	 +0.3796	 -0.3390	 +3.8362	 +3.6178	 +0.8467
 -5.7694	 +4.6435	 -2.8367	 -5.2125	 +0.0814	 +2.4645
 -1.5778	+33.2084	 +3.0555	 +0.6681	 -0.7063	 +1.4693
 -6.9330	-10.2954	 +3.0573	 +1.4152	 +2.7629	 -1.4398
 -5.2863	 -2.8952	 -0.0118	 +0.0460	 -3.0546	 -2.6532
 +8.0948	 -2.7259	 -6.8332	 +1.0482	 +2.0342	 -1.5481
 +2.3280	 +2.8760	 -4.6759	 +2.9426	 -1.5887	 +2.8225
-33.5536	+17.7247	+11.1484	 +1.2892	 -0.1103	 -0.6637
+20.2298	 +9.9778	-22.0966	 -0.3090	 -1.5388	 -1.6733
-13.9563	-41.0909	+15.2767	 -0.5168	 -0.6368	 -0.2589
 +4.6984	 +4.7083	 -8.8428	 -3.5508	 -0.7174	 -3.5620
 -6.7049	 +5.4451	 -4.5867	 -1.6414	 +3.2831	 -0.4994
-11.5647	+13.5000	-31.0803	 -1.4771	 -1.1313	 +1.0908
 -3.5512	 +9.1486	 -7.3758	 +3.0112	 +1.6299	 -1.7813
 -0.0290	-10.9688	+16.8623	 -1.0253	 -0.3417	 -0.1377
 -3.0383	 +4.2574	 -7.4892	 +2.4962	 +4.5652	 +2.9291
 +1.3607	 +2.0130	 +9.7216	 +2.0004	 -2.1705	 +1.6779
 -2.9084	 +1.7755	 -0.4887	 -3.6975	 +1.5179	 +4.1689
+14.9517	 -6.2727	 -6.3033	 -0.0517	 -0.7644	 +1.2452
-63.8523	+26.8313	+13.5738	 -0.8516	 +1.0380	 +0.6084
 -2.5412	 -2.6653	 +0.1199	 -0.2663	 -1.2559	 -0.4010
-24.7129	+57.1736	 +5.4702	 +0.7390	 +2.6800	 -0.4770
+11.5249	+12.9689	 -9.9089	 -0.8539	 -1.0918	 +1.0464
 -0.1155	 +7.0184	 -2.4613	 -2.5625	 +0.4956	 -4.5510
 +3.6798	 -3.7624	 +2.1524	 +1.5324	 -2.0903	 +0.0481
+10.5872	-43.1114	+38.1760	 +1.9476	 +1.1945	 -0.0171
 -3.8747	 +7.9147	 +0.0245	 -3.6247	 +2.7042	 -0.6088
-14.8847	 +6.3844	-15.3199	 +0.1384	 -0.2523	 -2.4931
 -9.7896	 -6.1380	 +0.4072	 +2.5460	 -2.1191	 -4.8192
 -1.6156	 +1.4492	 -4.0393	 -1.5703	 -6.7452	 -3.2514
 -1.8235	 +0.4747	 -1.4508	 -3.3018	 +3.2969	 -4.5791
 +1.3763	 +1.6140	 +2.5289	 +1.0731	 -0.9512	 +0.9194
 +0.3190	 -4.7635	-10.9092	 -2.9545	 -2.4231	 +0.0057
 +2.2608	 -4.0524	 -1.5502	 +0.1739	 -1.8563	 -0.1538
 -3.1970	 +9.6399	 +0.7128	 +0.4366	 +3.2690	 +2.3700
 -1.3663	 +3.0890	 -0.3027	 -1.6076	 +4.2203	 -3.5556
 -0.2707	-19.0875	 -5.8553	 -2.2522	 -1.1176	 -3.8730
 -5.3236	 -2.3824	 -1.9496	 -0.4378	 -1.4951	 +2.9362
 +1.6063	 +0.4978	 -1.7668	 -0.1576	 +0.0587	 -1.9135
-21.1910	 +1.7288	 -3.2164	 -1.8183	 +2.8462	 -0.4271
 -5.3037	 +1.8358	 +8.1221	 -1.9125	 -1.2228	 -3.9133
 +4.9893	+10.8614	-20.0088	 +0.6317	 +0.3083	 +1.8347
 -5.9959	 -0.8675	 +2.9133	 -0.8364	 -2.3478	 -1.2899
 -8.3973	-12.4245	 -8.7863	 +3.3611	 -1.9893	 +0.0093
 -0.6158	 -8.3735	 -7.7004	 -3.1763	 +4.0610	 +0.7210
-44.5403	-68.7413	-65.9954	 -4.8087	 -6.1611	 -6.2091
 -1.7226	-18.3863	 +0.6539	 +1.5499	 -1.8058	 -1.4685
 -3.2868	+11.9780	 -2.1318	 +3.3851	 +0.8897	 -0.8541
 -2.0216	 -5.1811	 -3.9075	 -3.3694	 +3.9333	 +0.5355
 +4.4335	 +0.6147	-11.0593	 +0.8317	 -1.3749	 -0.5253
 +9.8879	 -0.1553	-10.7506	 +4.7481	 +1.9127	 -1.3466
 -7.4050	 +3.5237	+45.0299	 -1.1292	 +0.9953	 -0.6215
 +0.1318	 -6.0851	 +1.7725	 -0.8785	 -2.0531	 -3.6801
 +8.2741	 -7.3076	 -2.8151	 -1.8573	 -4.3473	 -0.8779
 -1.6692	 +1.7855	 +3.1609	 -2.5888	 -2.1458	 +0.8145
-23.6524	 +5.2957	 -7.9847	 -0.9621	 -0.0927	 +0.5373
 -3.6147	 -1.8954	 -4.8932	 +3.5265	 -2.4710	 -1.6298
 -1.6320	+24.9012	+14.7875	 -0.3397	 -1.3172	 +1.7782
 +5.6713	 +3.5773	 -6.7263	 -1.0074	 -2.6889	 -3.2234
 -2.7347	 -8.6970	-38.6401	 +1.8365	 -0.8482	 +1.6112
 -6.7876	 -3.0705	+13.2246	 -1.5799	 -1.7133	 -4.6428
 +0.7492	 +1.2085	 +2.1448	 -3.8788	 -0.3363	 +0.3778
 -1.3316	 +7.8304	 +0.4977	 -1.2288	 -0.0810	 -0.2953
+11.3894	-15.2007	-17.8437	 +2.3667	 -1.7970	 +0.5654
 -3.4468	 +4.1406	 -1.4942	 -1.7658	 -3.5335	 -3.7261
 -0.8719	 +6.9169	 +3.8188	 -2.4138	 -1.0918	 -0.1782
 +6.3920	 -7.8160	 -7.1474	 +3.9201	 -2.6830	 +1.1748
 -2.7384	 -6.8548	 +5.6100	 +2.2316	 -0.3409	 -3.1965
 -5.6271	 +9.1755	 -1.4060	 -3.1407	 +0.2859	 +3.1214
 -0.9112	 -0.1498	 -6.6578	 -3.7955	 -0.7771	 +2.0336
 -5.2149	 +1.7842	 -5.4426	 +2.9339	 +0.7949	 -4.3411
+19.2861	-12.3312	+23.3550	 +0.3917	 -2.2451	 +1.6870
 -0.0286	 +0.5333	-11.4974	 -3.9537	 -2.2192	 +1.8330
 +0.7005	 -1.8089	 -7.1683	 -2.4851	 +1.1214	 -0.8075
 -8.9312	 -4.8973	 -2.6553	 -0.4887	 +2.2753	 -2.6044
 +0.0691	 -0.9952	 -0.2133	 -0.4880	 -1.4078	 -3.8764
 +0.0497	 -0.3695	 -3.0078	 +0.7669	 -3.7719	 -0.1621
 +8.0297	 -0.5994	 +6.6549	 -4.9396	 +1.8210	 -1.7473
+20.7145	-12.9368	+12.1422	 +5.9250	 -1.5729	 +3.6950
 -6.4348	 +2.5282	 +3.2535	 -3.2319	 -1.7707	 -1.1173
 +1.3779	 +7.6003	 -3.4049	 -0.5116	 +0.6604	 -3.8334
+20.3534	 +3.2113	-10.3128	 +1.5027	 -1.0517	 +0.4280
-10.4874	 -8.4531	+14.4186	 -4.1951	 +0.0905	 -0.5613
 +4.8687	+11.7058	 -3.6262	 -3.5898	 -2.4731	 +0.8201
-15.2885	 +7.7958	+10.6337	 -3.9137	 +2.5895	 -0.6434
-21.1469	 -5.4565	 +8.6372	 +1.4732	 +1.7738	 -0.2675
 -5.8391	 -0.8699	 -0.8008	 +2.1082	 -0.0648	 +3.3370
 +1.2925	 -5.0466	 -4.9087	 -0.5931	 +1.5305	 -1.3859
-14.7214	-10.2611	 -2.2580	 -0.8101	 -4.3985	 -0.0479
-22.3534	+18.8896	 -5.6827	 +0.5229	 +1.4997	 +2.3613
 +0.7038	+13.0376	-13.9802	 +1.5113	 -0.8545	 +2.8630
-19.1782	 -1.7371	 -2.4256	 -2.9772	 -2.0488	 -0.6995
 +4.2770	+11.3030	 +0.9032	 -2.2237	 +1.5571	 -0.4785
 -2.8387	 +4.9426	 +3.5553	 +3.3633	 +2.5730	 -0.9382
+39.2517	+20.0769	+34.1166	 +2.4482	 +0.9240	 +3.2897
 -1.3403	 +4.2054	 -7.8682	 -4.1396	 -2.2658	 +2.0827
 +5.4715	 +2.2913	 +2.3778	 +0.7785	 -3.9963	 +4.7923
-39.1923	+24.9134	 +6.9271	 +0.4982	 +1.9296	 +0.8178
 +0.0368	 -1.5236	 +1.9041	 +0.3164	 +0.8715	 +6.3246
 -2.7434	 -2.9565	 -0.8835	 -1.3548	 -3.0167	 +2.2845
 +0.7118	 -8.4777	 -3.7838	 +0.9656	 -2.5216	 +5.9108
 -1.8645	 +3.5446	 -3.2033	 +3.9644	 +2.1496	 +3.6902
 -8.1690	+10.8407	-36.9396	 +0.5821	 -0.6280	 +2.2449
 -8.1034	-13.3604	 -1.0292	 +0.1957	 -2.7443	 +0.0186
 +5.5707	 -8.8664	 -6.3803	 -3.4265	 +1.0435	 +3.6970
 -8.5478	 +3.0685	 -5.6739	 -3.6548	 +0.1116	 +2.8747
 +5.8586	 +6.3160	+20.9050	 +0.3381	 -3.6845	 +1.1590
 +0.5842	 -4.2893	 -0.2544	 -1.4222	 -4.2149	 -4.0451
 -7.1698	 -0.0514	 +3.6584	 +0.6345	 -2.7315	 -1.2938
 +4.8035	 -1.0461	 -0.2263	 +2.7520	 +0.1518	 -5.3913
 +1.8235	 -1.2393	+10.5705	 -2.2989	 -0.2362	 +0.2272
 +0.3210	+17.6503	 -2.5323	 -0.9451	 -0.5095	 +0.2102
+16.1580	-11.4684	-18.4725	 -1.0212	 -3.4679	 +0.9783
 -2.6817	 -1.3792	 +2.1514	 -0.1145	 -0.5493	 +0.7520
 -5.2508	-14.1541	 +5.7489	 +1.0425	 -0.5621	 +2.4278
 +3.0465	+10.5272	 -9.4315	 -1.3525	 -3.4917	 -1.3850
 +7.7008	 +1.2780	-13.6552	 +2.0329	 -1.4068	 +1.2662
 -0.6011	 +2.6868	 -4.4000	 +1.3311	 +1.5851	 +1.4986
 +5.1538	 +6.4737	 -8.0593	 +0.9009	 +1.3456	 -1.2101
 +9.6152	 +5.6638	 -2.6628	 +1.5650	 +1.7067	 +0.1839
 +8.3449	+15.1272	-17.3759	 +2.4398	 -1.0471	 -0.9576
 -6.0500	 +6.3169	 -1.6748	 -1.3851	 +1.2181	 +1.6670
 -3.0735	 +1.2436	 +1.1125	 +1.2552	 +1.5379	 +1.0027
 -5.9925	 +3.2605	 -4.6435	 +1.4306	 +2.4376	 -1.1268
 +0.5287	 +7.6947	 +4.0869	 +1.1229	 +0.8804	 +1.4155
 -4.0230	 -7.2495	 +2.3499	 +0.7819	 -0.8639	 +2.4997
 -9.6308	 +2.4476	 +4.3651	 +3.7860	 -0.7721	 -0.1776
+18.1522	-21.1560	 -1.1411	 +0.7562	 -0.5993	 +0.1361
 +4.0007	 +0.2594	+14.4827	 -1.0806	 -1.5941	 -1.8574
 +5.9591	 +5.7280	 -2.6291	 +3.9784	 -2.1314	 -1.0418
 -2.4834	 +0.4080	 +2.0279	 +2.2376	 -1.4937	 +1.4096
 -2.7138	 -0.2351	-10.8436	 -1.2726	 -1.7987	 -2.4816
+15.0457	 -1.6011	-23.5309	 +3.5798	 -0.4066	 +0.6980
-21.2637	 -4.1204	+31.7483	 -0.4487	 -1.0169	 -0.0834
 -3.5189	 +0.8685	 -3.1066	 -0.7956	 -0.4871	 -1.3167
 -3.4207	 -2.5534	 -1.8460	 -1.9347	 +0.0432	 +2.2534
-11.7514	 -2.6819	 -6.8205	 +1.4942	 +2.0523	 -0.6896
 +2.9265	 -2.8633	 +6.4666	 +1.1922	 -4.2588	 +0.8218
-30.5979	+12.7311	 -4.4473	 -1.2282	 +2.4502	 +1.3792
 +0.0295	 +5.0113	 +0.6901	 +1.5349	 +2.9113	 +0.6555
 -6.8457	-46.3095	+58.6246	 -0.3303	 -0.5794	 -0.3806
 -3.1225	 -2.1518	 -3.6991	 -1.6224	 +0.3306	 -3.0084
 +4.3702	 +8.9233	-13.1757	 -3.9460	 -3.6787	 +3.0292
+10.9916	 +3.8896	 -2.5337	 +0.6628	 -0.3714	 +0.6357
 -2.8357	 -4.9384	 -0.7954	 -1.8153	 -1.1909	 -0.8834
+39.8171	 -0.7208	-19.2334	 -1.8106	 -0.1715	 +2.4205
+20.2352	-49.0974	+37.8273	 +2.4070	 -0.6508	 +0.3203
+102.4247	+46.9838	 -6.1283	 -0.3227	 -0.9815	 -1.6275
+13.7535	-12.4161	 +0.1298	 -2.6232	 -3.9041	 -1.4730
+36.4759	+56.6817	-31.2755	 +0.7532	 -1.1587	 +0.4033
 -2.5361	 -0.7939	 -6.6262	 -2.5055	 -1.8497	 +4.7142
 +5.0701	-15.0745	 +1.3655	 +3.7312	 +1.2581	 -1.8478
-24.4407	 -5.1345	+43.7424	 +0.1870	 -0.3115	 +2.3901
+18.5514	+58.0977	-38.7385	 +0.3632	 +1.7645	 +1.1585
+16.8687	 +3.5557	 +8.8595	 -1.0346	 +1.1577	 -4.5588
-14.4922	-13.3530	-11.6533	 +1.4302	 -2.2914	 -1.5538
 -9.5759	 +5.7567	 -5.1985	 +0.1975	 -1.7147	 -1.9982
 -5.9133	+15.4401	 +5.3312	 +2.0608	 -1.6595	 -1.4460
 -3.0938	 -0.3209	+10.8680	 +2.6279	 -0.7548	 +0.5245
 +8.1429	 -8.0378	-12.8909	 +0.7288	 -2.4714	 -0.8133
 +5.7914	 -2.2532	 -3.2133	 -4.7805	 -0.5197	 -1.0692
 -4.2778	 -5.6148	 -7.3215	 -0.1060	 -1.6506	 -1.8483
 +4.0633	-15.7797	-18.3951	 +1.1611	 +0.4481	 -1.6204
 -1.7648	-11.1223	 +0.6083	 +1.4359	 -1.9791	 -3.6703
 -1.0170	 -9.2614	+11.2853	 +3.0568	 -2.5259	 +2.8355
 +3.9801	-12.4898	 +0.4342	 +0.8249	 -1.9667	 +0.4579
-14.1262	+16.4644	 +8.5716	 -0.8452	 +1.8463	 +2.5341
 -5.4277	 +6.0321	 +6.2172	 +1.7694	 +0.0493	 +0.5445
 -0.5112	 -0.7644	 -5.4635	 -1.0161	 -2.3420	 -1.8698
-14.5783	+13.0397	 +0.2856	 +0.3867	 -1.0871	 -0.1322
-13.8922	 +2.8013	+22.1941	 -0.3199	 +0.7347	 -0.8154
 -7.0559	+11.2092	+10.7493	 +1.6931	 -0.0900	 -3.1377
 -2.0966	+11.4212	 +4.0781	 +0.6136	 +2.0748	 -1.5223
 +2.6900	 -4.7821	 +5.4865	 +0.4206	 -0.6936	 -0.8650
-11.0944	+28.1804	+11.0187	 +1.7280	 -1.3340	 -0.4884
 +8.7635	 +4.8005	 +1.9394	 +2.4445	 -1.8328	 +2.7195
 +8.7585	 +1.0720	 -1.9183	 +1.2555	 +4.8793	 +1.4496
+23.6239	 -6.6573	 +2.5181	 -1.9475	 -1.2786	 -1.2978
 +7.1448	 +3.5285	-11.6793	 -1.4245	 +1.6999	 -0.8174
 +9.8720	+36.3740	+30.2164	 -0.1316	 +3.1575	 +2.0375
 -4.2124	+63.3200	+35.1745	 +0.8427	 -0.6843	 +0.8144
-13.5624	 +3.6045	 -4.1344	 -3.5591	 -2.6370	 +2.2339
 -9.4954	+12.2680	 -4.9102	 -1.1143	 +2.0885	 +0.4772
-18.3595	-15.3771	+30.3386	 +0.1177	 +2.1604	 -0.7564
-15.5989	+22.8069	+10.7825	 +2.8378	 -2.0669	 -1.8407
 -2.5292	 -3.1542	 -1.3578	 -1.8146	 +2.2537	 -1.4907
 -1.8047	+17.9902	 +0.6804	 -3.4132	 +0.6794	 -1.5374
-16.7289	 -7.0275	 -7.0830	 +2.9282	 -2.0041	 -2.1184
+17.6138	-26.0376	+18.2987	 +0.5733	 +0.2749	 +0.2752
-11.2561	 +1.5417	 +2.6653	 -0.7177	 -0.2218	 +2.5609
 -1.3167	 -7.8650	 -5.1150	 -6.1394	 +1.5085	 -1.5206
 +0.1661	-51.4064	+115.4649	 -0.3118	 -1.3259	 +0.1909
+23.3189	 -1.5950	 -2.0124	 +2.0825	 +2.4346	 -0.3570
 +3.3656	 +8.8205	 +0.5627	 -4.6843	 -0.5485	 +3.3235
 -3.5749	 -5.2734	 +1.3127	 -0.0108	 -1.9279	 -3.0493
-28.9547	 +9.2409	+24.0408	 -0.7036	 +1.2719	 +1.3083
+15.8727	 +5.7817	+13.4781	 +1.0170	 -0.7463	 -1.1512
 -5.2229	 +4.0279	 +1.1584	 -1.0120	 -4.1953	 +3.8278
 +0.3303	 -3.2947	+19.7259	 -2.4919	 +2.3107	 -3.6436
+15.9339	+16.1794	 -4.5245	 -0.5172	 +1.5169	 +3.1809
 -3.7890	 +7.5645	 +7.5261	 -0.0719	 -2.3775	 +0.1757
 +0.7493	-12.4691	 +5.0783	 +2.6641	 -2.2570	 +1.5599
 +4.6899	 -2.9426	-13.2565	 +3.6627	 -3.8572	 +1.1087
-16.6320	 +5.0845	 -4.1163	 +0.7183	 -3.4886	 -1.3898
-22.5786	 -0.0569	 -7.9737	 -1.2973	 +2.6644	 +1.8113
-28.7730	 +4.1071	-16.5205	 -0.0921	 +0.2351	 +0.0344
 -2.7178	 +9.3169	-12.0455	 +0.3712	 -4.0408	 -3.3737
 -8.4947	-22.6363	+22.3082	 -0.7620	 +1.5847	 +1.7209
 -3.8292	 +3.3234	 +6.7093	 +1.7300	 -1.4975	 +0.0168
 -4.0581	 -1.0304	 +4.7883	 -0.1150	 -0.3343	 -0.5124
+11.0684	 -7.7213	 +8.2353	 -1.0416	 -0.3040	 -0.2684
+10.6646	 -9.5660	-11.9791	 -2.5952	 +0.2704	 +0.6598
 +0.6085	 +7.4398	 -5.6172	 +0.8940	 +2.1902	 +1.2559
+33.1643	 -0.5497	-18.8043	 +1.1317	 -0.5298	 -3.1060
 -7.4595	 -5.1174	-12.3955	 +0.2588	 -2.2825	 +2.4361
 -0.2219	 +1.7359	 -2.5123	 +1.7197	 +2.4837	 -0.0298
 +8.2572	 -0.1997	 -8.2681	 -3.5966	 -2.3104	 +1.0553
 +4.0282	 +4.1554	 +4.6999	 +1.9203	 -0.4767	 +0.1900
 -3.6611	 +7.2119	 -3.2533	 -3.6017	 -5.8749	 +1.1822
 -1.4080	 -6.9160	 +2.2885	 +0.9954	 +0.0094	 +2.3969
-16.3678	 -7.8697	 -4.2513	 -0.9910	 -4.3839	 +1.1564
 +6.3945	 -5.9020	 +1.9684	 -1.6184	 -1.2525	 -2.0104
 -1.6669	 +1.4789	 -9.1615	 +1.6155	 -1.8285	 +0.0026
 +4.1838	-10.5214	+23.9284	 -1.4528	 +1.4759	 +0.7377
 +2.9215	 +1.8829	 +7.5895	 -0.7701	 -1.9888	 -1.9326
 -1.6743	-35.9343	-16.5015	 +0.5225	 +0.8913	 -1.3082
 +8.7381	-21.3503	 +2.4084	 -1.0090	 +0.0647	 +1.9799
 -9.8259	 -4.5126	 -3.9971	 -1.6457	 +1.5306	 +0.8154
-33.8185	 -6.7080	 +9.9025	 +0.4138	 +0.7732	 -1.3967
 +3.0791	 +0.6288	 -4.1045	 +5.2103	 -3.2161	 +2.9543
 +5.7729	 +4.9042	 -1.8973	 +0.9062	 +4.0131	 -4.0595
-13.1768	-27.3018	 +1.5360	 -2.1501	 -1.2350	 -0.9427
 +0.5847	-11.6107	 -6.2004	 -2.5980	 -2.7502	 -2.8358
 -2.6434	 +7.2648	-14.6299	 +2.3528	 -1.7884	 +2.0224
 -9.5308	+12.5155	-15.0050	 +0.6499	 -0.0848	 -2.5061
 -4.1520	-10.2581	 +0.5158	 +3.8101	 +1.6795	 +0.1848
 +2.0147	+40.2664	+16.2130	 -0.5575	 -1.1552	 +2.0798
 +0.0798	 -4.2693	 -1.9459	 -0.0192	 +2.9600	 +4.5750
 +2.6748	 +6.1320	 -2.0129	 -3.2826	 +4.0292	 +0.0201
 -2.6018	 -0.2246	 -7.7577	 -0.8424	 -3.6528	 -0.5630
+85.9265	-40.4372	+32.3593	 -0.3044	 -0.7484	 -1.5832
 +6.4155	 -6.0407	+16.3018	 +1.8996	 +2.4948	 +0.8198
 -6.2338	 +4.3811	 -6.8267	 +0.7068	 -2.6655	 -2.1519
 +3.3967	 +5.4384	 +3.2965	 -1.4079	 +1.4141	 -0.4504
 +1.0512	-13.9019	 +1.0001	 +0.8706	 +0.5392	 -2.3822
 +0.7313	 -1.9964	 -1.5858	 -6.0543	 -0.8029	 +3.3910
 +0.9249	 +4.4223	 +2.7884	 +1.1893	 +4.0979	 -0.7404
 +8.2693	 +6.3395	 -2.0292	 +1.1067	 -1.7993	 -2.4417
+13.6084	 -6.9630	 +2.6923	 -1.1700	 +0.6772	 -4.2776
 -9.2189	 +7.4809	-18.3122	 +2.2469	 -1.9772	 -0.7251
 +8.9250	+17.5591	+55.6065	 +0.1759	 -0.1571	 +1.4015
 -4.8520	 -2.8568	 -7.6571	 -1.9940	 -2.8996	 -5.4872
 +8.0531	 +6.1994	 -4.8626	 +0.6414	 +2.4841	 -0.9426
-11.1968	 +1.1792	-23.7470	 -1.9179	 -0.7613	 -0.7300
+13.1841	 +6.4305	-17.0959	 +1.5724	 +2.0356	 +1.6674
+25.9108	 -2.0778	 -4.3364	 +0.6010	 -0.7086	 -2.4389
 +0.6607	 +1.0610	 +1.4384	 +1.7642	 -0.0429	 +3.8129
-71.0810	+34.7632	-13.4251	 -1.6178	 +0.7053	 -0.9056
 +0.0195	 -8.3522	 +1.8775	 -0.2654	 +5.4709	 -0.5583
+36.8569	 -8.5442	 +1.8546	 +1.5423	 -2.3735	 -0.7704
-24.7468	 -1.5224	 -2.4329	 +0.3274	 +0.3178	 +1.0280
-13.0842	 +2.3316	 -4.9778	 +0.0788	 +0.3343	 +2.8078
 -1.4572	+15.8306	-12.4650	 +1.2126	 +0.2513	 -1.6350
 +4.7020	 -4.1809	 +0.5923	 -3.4212	 -2.8970	 -2.1000
 -7.6235	 -1.7681	 -1.7456	 +2.4383	 +2.9352	 +3.1600
-77.2200	-168.9952	+24.6569	 +1.1640	 +0.1475	 -0.1184
 +1.5112	 +2.1103	 +2.7195	 +3.4411	 +4.5929	 +1.8291
 +6.0845	 -8.6933	 -3.8195	 -1.5900	 -2.8378	 +1.2793
 -0.2786	 -7.1887	 -4.0691	 +1.1744	 +2.6976	 +0.8966
+16.0555	-10.4864	 +5.8193	 -0.1974	 +1.6543	 -2.8050
 +9.1770	 +2.6827	+22.6503	 +1.7364	 +0.2780	 -1.6022
 -1.9164	 -2.2484	 -2.3982	 -0.6169	 +2.5796	 +2.7637
 +2.9334	 -5.1114	 -2.9795	 -2.3770	 -0.5077	 -4.3148
+13.0991	-19.9683	-14.6851	 +1.3852	 +2.3270	 -2.9766
 +9.5664	 -1.1701	 +0.1205	 +1.8507	 +1.2424	 +1.6408
 -2.5041	 -2.5673	 -4.7775	 -2.7421	 -1.1659	 +1.7999
 -1.6041	 +0.1029	 -8.6158	 +2.5871	 -4.6321	 +2.7517
 +0.6289	 -4.6946	 -6.4602	 +2.8616	 -4.6436	 -1.8012
-10.7421	 -5.4522	 +0.5436	 +1.2841	 -1.0961	 +0.3421
 +8.9210	 -3.6650	 -6.3767	 -0.1505	 +1.5737	 +3.0208
 -7.0613	+14.5283	+19.5757	 +0.2864	 -2.8117	 +0.2638
-12.8359	 +6.8992	 -5.6829	 +3.2561	 +0.3312	 -1.0343
 -6.3682	 -5.1847	+12.8522	 -0.7678	 +0.3809	 -1.7877
 -4.4547	-21.9587	 +8.3721	 -0.7709	 -4.2877	 +0.3406
 -0.6791	 +5.2067	-11.9363	 -2.1835	 +3.6129	 -5.3793
-22.2181	+12.6666	+10.1621	 -2.3739	 -1.0264	 +2.5847
 +3.1340	 -2.6917	-23.5750	 +1.5258	 +0.9084	 +0.9098
 +3.9336	 +3.9863	 +9.3117	 +1.7545	 +0.9278	 +3.2912
+13.8587	 -1.9878	 -7.4813	 +2.5639	 +2.3593	 -1.9016
 +4.5547	 -3.0751	-23.9849	 +2.5869	 -2.0149	 -2.5318
-31.0102	+44.3642	-71.7846	 +1.3363	 +1.6209	 +0.6001
 +0.8219	 -5.2190	 -2.9952	 +4.8383	 +2.8914	 +1.3155
-20.3116	+13.7544	 -5.6609	 -0.1575	 -0.5926	 -0.5100
 +1.2672	-14.8720	+10.8112	 -0.2001	 -1.5721	 +1.2511
+15.6539	 -6.3628	 +1.5309	 +2.2620	 -2.5986	 -0.0148
 +6.5763	 -5.7440	-10.5360	 -0.1674	 +1.8671	 +1.7338
 +0.0258	 -0.5806	 -1.7103	 -0.1257	 -1.0978	 -0.7058
 +1.6792	+19.0665	+13.5996	 -0.3565	 +0.0676	 +4.1202
-17.5436	 -7.3765	 -7.2763	 -2.0978	 +1.6473	 +0.0149
 -7.1579	 +2.9676	 +0.6099	 +0.4369	 +0.3576	 -0.0106
 -2.1631	 +1.4960	 +6.3649	 -3.7975	 +0.2498	 +1.1196
 -6.7036	 -3.2646	 +7.1524	 -0.3526	 +0.0837	 +6.4089
+13.9946	+30.8304	+79.1232	 -1.2467	 -0.8868	 +0.4286
 +1.5110	 -0.2410	+11.8278	 +2.9321	 +4.2278	 +1.0816
+14.2214	 +7.3612	 +5.8311	 -1.8666	 +0.5933	 -3.1444
 -5.5291	 -1.4394	 -3.5001	 -1.1125	 -1.9211	 -3.1991
-14.6374	 -5.4884	-13.6343	 -0.5732	 +1.2492	 +1.2338
+55.0517	+29.0334	+40.9065	 -1.3599	 -0.1251	 +0.2338
 +2.7769	 -9.7888	 -2.2157	 +0.5370	 +1.0638	 -2.1893
 -1.2982	 +8.7770	 -0.3999	 -0.3705	 +0.6142	 +5.3381
+12.3296	 +2.8298	 +8.2726	 -1.3074	 -1.9667	 +2.2157
 +2.6786	 -6.8805	 -0.5978	 -2.0691	 -0.7481	 +0.7749
 -7.9368	 -6.1416	+21.3136	 +3.9859	 -0.9817	 -1.1519
 +0.7196	-10.9698	 +4.5453	 +0.2301	 -1.4178	 -0.5624
 -2.4652	 -4.7375	 +2.5625	 +1.0179	 -3.0330	 +3.4338
 +2.0035	+16.9144	 -3.6528	 -1.4676	 -2.9356	 +0.1323
 -0.5482	 +0.2799	-21.7839	 -2.6981	 +0.6714	 -3.0292
 +4.3485	 +8.9371	 -7.1309	 -0.7543	 +2.1374	 +4.1200
+20.3429	 -5.0069	 -5.3320	 -1.0475	 +2.0140	 +0.1799
 -3.5982	 +9.3969	 -5.8076	 +1.7993	 -2.1677	 +2.9298
-24.5169	 +2.7855	-25.5443	 -0.0326	 +2.1804	 -0.7886
 +1.8710	 +4.6594	 -8.9290	 -0.4915	 -3.0295	 +3.5218
-18.6346	+41.1097	-10.9731	 -1.3089	 +1.1425	 +2.0002
 -5.8267	 +4.0852	-12.3106	 -2.1055	 -0.3833	 -1.1086
 +2.6391	 -1.4658	 -6.6642	 +5.2155	 +2.7641	 -0.2010
-12.3378	 -4.3201	 +4.8566	 +0.1292	 +0.8130	 +1.5491
 -0.1419	+18.7798	 -4.5838	 -0.3605	 +0.2847	 -3.0945
 -4.1770	+16.8891	+11.9776	 -2.5493	 +0.9460	 -0.9876
 -2.5281	 -2.5381	 -0.7890	 +3.5509	 -3.4482	 -1.5757
 +1.9029	 +2.4712	 +2.7932	 -2.9300	 -4.7647	 +2.1440
-11.9464	 -8.6308	 +3.1369	 -0.8192	 +1.5692	 +4.7219
 -4.7730	 -6.1212	 -3.6353	 +0.3752	 -5.1737	 -0.9950
 +6.5112	 -2.9103	 +7.7463	 +0.5859	 +2.7976	 +1.8617
 -2.1495	 +2.8375	 -2.2181	 -0.1698	 -1.0058	 -2.8085
-22.4539	-15.8817	+10.5990	 +1.3818	 -1.0815	 +3.4267
 -3.7685	 -4.3722	 +2.9890	 +1.5435	 +1.4227	 -0.6702
+30.3419	 +9.2641	 +4.4894	 -1.2372	 -0.6512	 -0.3803
 +0.3115	 +5.6223	 -3.9975	 +2.4360	 +1.5985	 +4.2222
 +2.7556	 +6.7911	 -0.8124	 +2.3160	 -0.9127	 +4.0169
 +4.9438	-14.5076	 -9.6309	 +1.1436	 -3.3709	 -0.9075
 -1.8725	 +0.9704	 +2.1823	 -0.3023	 +2.0901	 +0.2119
+12.8675	 -4.9461	 -8.4173	 +1.1248	 -1.2281	 +3.9066
 -5.7926	 +6.2538	 -9.3077	 +0.4747	 -1.7816	 +0.0974
 -2.6618	 -0.1623	 -3.8981	 -4.5144	 +3.2291	 -0.8137
 +0.4609	 +0.8522	 -4.6914	 +0.2023	 +0.5572	 -5.1222
-22.0011	 -3.3970	 -3.2586	 -2.4863	 +3.4694	 -0.1879
-78.8616	+42.3372	+31.6170	 +0.6635	 -0.1913	 +0.4076
+12.5744	 +5.3340	-15.9113	 -2.0289	 -2.3220	 -1.3290
 -4.6659	 -5.2290	 -3.3632	 -3.5713	 +2.0305	 -3.4663
 +7.3235	 +1.9639	 -8.8804	 -0.6491	 +3.7490	 +0.2099
 -4.2609	 -6.8286	 +5.3966	 +0.6514	 -0.1864	 +0.8279
+25.2600	 -6.8831	 +2.5176	 +1.1373	 +0.5010	 +1.2656
 +4.3521	+26.0774	-36.9419	 +0.8550	 +0.1427	 +0.7874
 +5.6410	 -3.1639	+17.8874	 +1.9255	 +3.2515	 -1.4344
 -6.7469	 +3.8967	 -3.1665	 +2.7072	 +0.9460	 +2.0205
 -3.5253	 -3.7171	+14.7363	 +0.1081	 +1.2915	 +2.3490
 +2.6127	 +0.8555	 -1.0997	 -0.1276	 -0.4473	 +2.8784
 +3.3135	 -0.6433	 -7.0517	 -2.5447	 +0.1429	 -1.0062
 +7.2155	 -2.2980	 +5.3053	 +3.2297	 -3.3615	 -1.2332
 -6.2918	 -3.7165	 +0.7375	 -6.0055	 +0.9387	 -0.8670
 -0.0469	 +1.3940	 +6.5560	 -0.1394	 +1.1625	 -0.7160
-12.7267	-11.2140	 +1.9371	 -3.1172	 -0.6561	 -4.4822
 +8.5216	-15.5294	 +3.3545	 -2.8861	 +1.8914	 +1.5033
 -1.9723	 +3.0857	 +7.8627	 -2.6030	 -2.4804	 +1.2658
-10.2860	 +4.7407	 +3.3055	 -1.4728	 +0.6133	 +1.0329
-20.0540	 +2.9375	 -0.7165	 -4.0630	 +1.3560	 +0.2744
-10.2133	 -1.3024	-15.3880	 -1.4475	 +0.7697	 +3.1654
 +4.4444	+11.9955	 +3.4535	 +1.8822	 -2.8631	 +0.0715
 -1.8137	+10.7760	 -4.3167	 +4.1536	 +1.9370	 +1.7882
 +0.4377	 +4.2089	 -2.0789	 -0.2229	 +0.4893	 -4.3457
 -8.7286	 -9.4874	 +7.5687	 +3.0728	 -2.3768	 +0.6009
-16.4496	-10.1431	 +5.7782	 -2.5749	 +3.2970	 +0.3869
-14.5694	 -4.5794	-24.9758	 +3.8542	 +1.7869	 -1.8026
-13.6243	 +3.0059	 -7.9446	 -3.2167	 +0.1241	 +3.0162
-13.0040	-27.4084	-25.3321	 -1.2440	 -1.6211	 -0.4672
 +7.8021	 +3.7514	 +8.4863	 -2.5901	 -3.0555	 +0.2265
-12.7190	 +8.2989	 -6.6412	 -2.5157	 -3.5037	 -1.2318
 +5.3697	 +9.1008	 -8.1878	 -1.6448	 -0.5547	 -1.8081
-35.5749	+29.0351	+34.9877	 +0.8583	 -0.1523	 -0.6703
+14.9730	 -2.9140	-14.2749	 -3.1835	 +0.1127	 -0.2538
 +8.1322	 -4.4143	 -5.5925	 +0.2172	 -1.2236	 +1.8888
 -2.2982	-10.4182	 -2.1628	 +2.6964	 +0.2251	 -4.3113
 +1.4486	 +9.0727	 -0.0772	 -1.6602	 +0.9359	 +2.2401
+10.3497	+11.5859	+10.6463	 -0.0707	 -2.1297	 -1.8605
+11.0947	 -5.1556	 -6.3305	 -5.6472	 -0.5505	 +1.5911
 -0.1817	 +4.6862	 -0.8728	 -1.1826	 +3.7348	 -2.0279
 +3.7435	-11.3957	-13.6299	 +3.2294	 -1.3015	 +0.1478
-10.0255	 -6.6325	-17.3468	 +1.4474	 +2.1934	 -0.3090
 +1.8330	 +1.5646	 +6.7419	 -2.7309	 +5.3843	 +3.0986
 -2.7450	 -6.5921	 -2.2476	 -0.6027	 +4.2609	 -2.0989
 +3.8609	 -1.7418	 +4.1124	 +4.6828	 -2.8596	 +0.4344
-81.9560	-29.6999	+67.0069	 +1.6795	 +0.2642	 -1.4774
 -5.4667	 -4.2200	+10.3585	 -2.5725	 +3.8241	 -0.5469
 -6.0592	 +4.6384	+41.0396	 -1.4553	 +3.5764	 +0.8437
 +2.8214	 +2.3741	-12.9458	 -1.8627	 +4.2840	 +3.0933
 -6.4501	 -2.9207	 -2.5134	 -1.3295	 -2.3104	 -0.9675
-10.6212	 +5.3951	 +2.5226	 +0.0220	 -1.5881	 -1.2835
 -6.7989	 +8.3951	 -0.4458	 +1.5665	 +3.4038	 -2.9490
-11.5651	 -0.2940	 -5.2815	 +3.0553	 -1.9310	 +0.6736
 +1.4711	 -9.8775	 -1.7964	 -1.3170	 -0.5796	 -3.7095
+16.8455	 -2.7710	 -8.0631	 +1.0398	 -2.1510	 +0.2089
-12.5301	+16.0747	+13.4707	 -1.0158	 +0.6319	 +2.5729
 +1.1364	 -2.5528	 +3.0267	 +2.3195	 +1.7336	 -3.4589
+15.1262	 +1.5174	 -2.2216	 +1.5428	 +0.4983	 +0.5889
 -1.6652	+11.9719	 -6.1186	 +0.2013	 +0.7288	 +0.6074
-15.7038	-18.5590	-35.5824	 -0.0526	 -0.1868	 -1.0450
 -1.1556	 -0.5453	 -0.3852	 -3.2776	 +1.9234	 +0.9689
 -5.8152	 -6.7843	-24.7375	 +1.4730	 +2.0453	 +1.2338
-43.3726	+10.3924	+35.3139	 +2.0793	 -1.0899	 -1.5650
-31.8600	-13.5540	 +8.1627	 +3.0983	 +1.9657	 -1.1127
 -0.0601	 -5.5653	-18.0492	 -1.1199	 -2.4750	 +0.2623
 -2.4776	 -0.6712	 -2.8562	 +1.2351	 -2.6494	 +3.5259
-68.3958	-123.7889	+117.5167	 +0.7260	 +0.1697	 -0.1936
 +4.0347	-10.5436	 -1.8074	 +0.7012	 +4.3944	 +0.6719
 +6.1729	 -4.1913	 +7.3345	 +1.4493	 +4.0975	 +2.4870
 -4.3824	 -3.8155	 -0.2927	 -1.6335	 -2.7278	 +2.7612
-10.4496	-24.4787	-23.5239	 +3.5912	 +1.1450	 +0.0542
+16.7811	 -2.4622	 +2.7526	 -0.3394	 +0.4138	 -0.7156
 -5.5060	 +1.1629	+16.1173	 -0.0617	 -0.2104	 -1.2633
+22.0341	 +3.4678	+45.1154	 +0.6352	 +2.8310	 -0.2611
 +2.8751	 -1.3206	+11.7453	 -2.6381	 +1.0973	 +0.2376
 +8.9796	 -0.1706	 -3.8748	 -2.0056	 -2.2073	 +2.6623
 -9.3798	-12.2146	+28.4558	 -0.7094	 -0.0034	 +1.7259
+10.5615	-12.7184	-12.4442	 -1.1480	 +2.3702	 -3.1004
-25.4833	 +0.0940	+22.6815	 +0.6684	 -1.2484	 -1.4001
-18.4265	 -4.7779	-13.5131	 +0.0809	 +2.6531	 -2.0044
 +0.2181	 -2.0495	 -6.6050	 +2.2433	 -1.5019	 +0.6545
 +3.8418	 -9.8727	 -5.3527	 -4.2847	 +1.2724	 +0.1276
 -5.4890	 +5.0903	 +3.5381	 -0.6319	 -1.0608	 -4.9213
 +8.3661	+12.0637	 +7.9862	 +1.4853	 +1.5981	 +0.5056
 -4.5862	 +0.9212	 +8.1565	 +0.4698	 -2.5697	 -2.6623
 +9.2612	 +3.3338	-11.1507	 +4.8249	 -0.6974	 -1.3729
 +4.3057	+10.8805	 +3.8543	 -1.5236	 +2.2590	 -2.4362
 -7.3593	 +0.5296	 -4.4394	 -2.2168	 +2.9867	 -3.4082
 -8.7289	 +8.7713	-10.9545	 +4.9937	 -2.5470	 -0.8152
 -5.0469	 -7.7030	 -4.2952	 -1.6374	 -0.9414	 +1.3571
 -3.8675	 +0.3710	-17.7366	 -1.7143	 -1.6237	 -2.1541
 -4.4333	 -3.8594	-14.4255	 +2.1387	 +2.0296	 -1.2456
 -3.9484	-10.4664	-14.1913	 +2.2323	 +1.4019	 +2.2164
-22.8227	+17.4721	-61.7405	 +0.7420	 -1.7269	 +1.5121
-13.2630	 +7.0548	 +9.0688	 -0.1724	 -4.4310	 +0.0410
-39.9291	+64.6855	-47.4390	 -1.9164	 -1.1895	 +0.5432
 +4.6062	+14.1019	 -3.3905	 -2.0089	 +0.0114	 -0.5689
 +6.0532	+16.5989	 -8.2632	 -1.2814	 +0.7560	 -2.7176
 -7.0582	+10.4138	 +9.5147	 +0.0251	 -3.8013	 -1.0540
 +2.6934	 -8.2793	-29.3257	 -1.2345	 -0.9454	 -0.1814
 +6.5777	 +3.1555	-11.7391	 -2.6085	 +0.7630	 -3.4503
-10.1180	 -0.9750	 -7.7729	 +1.2684	 +2.0383	 +4.5851
 -5.1584	 -3.7466	 -4.4303	 +4.0277	 -0.5878	 -3.6356
 +2.7163	 -2.1580	 +3.7474	 -1.4915	 -0.0165	 +0.7313
 -4.8457	-15.6996	 -2.9169	 +0.9511	 +2.0288	 +2.7332
 +3.0177	 -9.7509	 +3.5461	 -3.8771	 -0.2646	 +0.7256
 +0.5695	 -7.7059	 +4.8455	 +2.7754	 +1.3617	 -3.9664
-21.5452	-15.4847	 -8.9618	 +0.9514	 -0.3137	 -1.7932
-14.0172	+16.6704	 +2.5799	 +1.9865	 +3.7905	 -1.3733
 -3.1145	 +4.0296	-10.0779	 -4.0221	 +1.5477	 -1.9297
 -8.1641	 -5.1188	-11.2119	 -2.1045	 -0.2517	 +1.2877
 +1.7901	-15.0831	 -0.9290	 +2.5894	 -0.5032	 +0.9209
 -7.9998	-11.3024	 -3.8960	 -2.8983	 +0.3445	 +2.2458
-138.3540	-166.8105	+114.9724	 +0.4245	 +0.9477	 +0.0468
-10.5942	 +3.0986	 +2.0163	 +2.5826	 -3.9689	 +1.0356
-18.6749	+12.0199	+35.1372	 +0.2610	 -3.1272	 -1.6913
-10.5495	 +2.6893	+16.7208	 +0.9165	 +0.6169	 -1.7499
 +7.9391	+72.5856	-76.3974	 +0.0349	 -0.3339	 +0.6921
 -5.8401	-10.4898	+12.5189	 +0.5577	 +3.5744	 +0.3149
 -2.4503	 -0.1678	 +4.3515	 -4.8223	 +1.3310	 +1.1108
 +7.8906	 +2.7470	 -5.4473	 -0.4277	 -4.5797	 +4.5284
+28.9001	+13.1709	-11.4368	 +1.6503	 -0.2009	 -1.0412
 -8.2754	+17.8947	 -5.4166	 +3.2725	 +0.5357	 +0.8762
 +5.4240	 +3.9897	 -6.0197	 -1.9474	 +3.0455	 -0.6544
 +1.3706	 +6.9941	-13.1596	 -0.4654	 -1.1750	 -1.2728
 -6.1125	 -0.4875	 -1.4108	 +0.7822	 -0.5347	 +1.4260
 -2.9502	 +2.0869	 +4.9172	 +1.0878	 -1.9104	 -1.6458
 -4.9176	 -6.9400	 -4.3938	 +6.0533	 -0.6943	 +1.0364
 -8.2738	 +3.9422	 -5.4366	 +4.3395	 -3.8343	 +0.2290
+16.0948	-14.2461	 -5.1883	 +3.1278	 -1.0859	 -0.3046
 +3.6213	 +5.9139	-25.3302	 -0.0753	 +0.1504	 +2.5374
-10.9851	 -2.7934	 -7.8798	 -2.0634	 -3.5053	 +3.1044
 +1.5065	 +0.6033	 +7.8443	 -2.4833	 -4.7499	 +0.5861
 -9.6384	 +1.3875	+13.9605	 +1.1385	 +1.1030	 -1.8944
-29.8787	 +2.9332	+25.7527	 +0.2990	 +1.1484	 +0.9494
 -4.1100	 -8.0539	 +3.5257	 +2.9540	 -0.1050	 +0.9675
 -9.8103	 +2.4231	 -8.4972	 -1.8837	 +4.2377	 -1.3801
 -0.0663	+11.5449	 -3.6389	 -0.5321	 +0.1751	 -0.0441
 -3.3102	 -9.1518	-11.0886	 +0.8569	 -2.6638	 +1.8091
 -4.0647	+15.0195	-10.7609	 +0.4096	 +3.8268	 +1.3852
-12.6872	-14.4105	 -9.1474	 +2.1994	 -0.8105	 +0.2755
 -8.2684	 +9.8087	 +4.9585	 +1.8980	 +1.0752	 +2.4260
+16.9929	 -1.1272	-13.7003	 -1.2373	 +0.3852	 -0.5675
 +2.9487	 -2.9065	 -0.6738	 +5.8866	 -1.3369	 +1.2657
 +3.8760	-12.6441	-12.3519	 +1.9045	 -0.4413	 -0.5916
+14.9407	 +6.9462	 -5.6755	 -1.0853	 +2.5213	 -1.7445
 -1.9226	-12.9248	-10.4514	 +0.4581	 +0.9088	 +1.5124
 +0.1808	 -7.1237	-13.2655	 +0.4046	 +1.5328	 +0.5024
 +7.8136	+13.1130	 +0.9756	 -1.3558	 -3.3959	 -4.0438
 +5.5352	 +4.9671	 -7.5072	 -3.1418	 -2.2034	 +1.0958
+11.1739	 -9.5329	 +3.0635	 +0.9925	 +2.2654	 -0.5246
+36.5518	 +0.5883	-19.0599	 -0.5664	 +1.3246	 -1.9168
 -7.3100	 +3.5408	 -5.9561	 -1.9649	 +3.5685	 +1.5423
 +0.5621	 +2.1789	 +4.2957	 -2.0705	 -3.0778	 +0.3386
 -6.0170	 -4.5150	 +5.2575	 -0.7509	 -1.4679	 +2.5086
+10.2794	 +2.9936	 -5.4674	 -1.6650	 +0.5239	 -1.2345
+18.5933	 -5.7495	 +8.1530	 +3.2492	 +0.3066	 -0.4796
 +1.6262	+11.8479	 +3.4798	 +1.3392	 +1.6694	 -1.4589
-25.6584	 +7.6876	 +2.3228	 -2.4880	 +1.6418	 -1.4453
 -4.3481	 +1.2844	 -4.3728	 -2.3711	 -0.4654	 -2.3114
 -3.8670	 -0.0862	 +2.8354	 -2.7296	 -0.8109	 +0.8119
-17.5824	 -9.3563	+15.8869	 -1.3542	 -0.0312	 +1.7502
 +8.8497	+41.1389	 -7.8500	 +1.8552	 -1.0725	 +0.5151
 +0.1177	 +0.7020	 -3.7649	 +3.0105	 -1.7222	 -2.4917
 +8.8837	 -0.3283	 -3.2935	 -1.5622	 +1.8564	 +5.1634
 +3.3585	-17.0492	-19.6963	 +2.3643	 +2.0676	 -1.3216
-13.6006	+15.7972	 -0.2519	 +0.1258	 +1.0458	 -0.3139
 -4.3413	 +7.1568	 -1.0257	 +4.7376	 +4.3470	 -1.4737
 +2.1241	 -3.9578	 +8.4533	 +0.1261	 -0.8172	 +1.7072
 -1.4250	 -0.2105	 -9.1922	 +4.3320	 +2.7249	 -3.5118
 -0.9886	 -8.7453	+10.5587	 -1.1333	 -3.2923	 -0.9253
+17.6245	-12.6173	 -8.5125	 +2.8146	 +1.7125	 -1.3822
-17.0863	 -2.9914	+18.5306	 -1.0889	 -0.5621	 +0.4404
 -6.2741	 -6.2414	 +1.2438	 +0.7030	 -0.8623	 +1.2244
 +2.1577	 -2.1465	+29.9073	 -1.3993	 -0.6606	 -2.5042
 -6.8866	 -2.7229	 -4.1401	 +2.4608	 -0.0981	 -1.4492
 -0.3138	 -8.9660	 -1.6991	 +2.4782	 +1.2723	 +3.4738
 +1.9670	-24.5828	-11.2213	 -1.6934	 -1.0373	 -1.7596
 +1.9959	 -6.9433	 +0.1936	 -2.7490	 +1.9693	 +0.7724
 +1.1090	 +6.6896	+10.6174	 -1.4032	 +2.9657	 +0.1828
 +9.3408	 -3.8379	 -5.6084	 +2.8822	 +2.5211	 +2.6488
 +0.7461	 +7.3555	 -2.4372	 -0.7283	 +1.0553	 +2.5825
-60.6726	-13.6622	-23.3647	 +0.6244	 +0.4883	 +0.4155
 -2.9385	 +4.9133	 -0.7257	 -0.1600	 -2.7182	 +3.1839
 +3.6418	 +0.3434	 -6.5280	 +1.3322	 -0.5219	 +4.9089
 +5.2609	 -0.3370	 -5.0493	 +2.4023	 -3.4962	 +1.2973
