# Iterations: 1241 of 10000
# Total Energy: -6.439e+05
#    Kinetic Energy: 7.104e+05
#    Potential Energy: -1.354e+06
# Current Time: 2018-05-09 14:42:24.163981
# Elapsed Time: 3:05:40.526852
# 
# Med. Times for Sections
#    Force Computation:		7.115418
#        [7.1296387.1256357.1173627.0954907.1043957.1134747.0928407.1191207.1113797.137255]
#    Gather Particles:		0.000114
#        [0.0001170.0001090.0001210.0001080.0001190.0001100.0001110.0001200.0001230.000110]
#    Overall:		8.953832
#        [8.9913308.9512128.9234238.9181038.9247628.9486758.9574188.9564528.9900078.972088]
#    Scatter Particles:		0.002615
#        [0.0022540.0024710.0028950.0022180.0033690.0027740.0025010.0028700.0022720.002729]
#    Time Integration:		0.000135
#        [0.0001850.0000960.0001780.0000970.0000870.0000820.0001730.0001730.0001720.000082]
#    Tree Broadcast:		0.874282
#        [0.8868080.8731950.8558880.8594770.8688620.8565630.8849800.8802860.8977020.875369]
#    Tree Construction:		0.958573
#        [0.9722580.9496440.9469210.9606620.9478670.9756130.9767580.9538250.9783010.956484]
# 
# x	y	z	vx	vy	vz
# 
 -6.4521	 -3.4708	 -2.8647	 +0.6525	 +0.8932	 +0.5980
-12.2559	+23.8094	 +5.2574	 -1.7624	 +1.0078	 +0.0996
 +6.2468	 +7.8269	 -5.5365	 +1.4631	 +1.0606	 +2.6788
-32.5051	 +2.9700	+10.6524	 +0.8847	 -2.5635	 +0.4988
 -5.3092	+13.0941	 +0.8471	 -2.8577	 +1.9919	 -0.2479
-11.4518	 -4.1718	 +8.5515	 -1.5503	 -0.5280	 -1.9835
 -3.0262	+10.6501	 +5.3576	 +1.8989	 +1.2537	 +1.9279
 -9.0779	-12.7648	 +6.3110	 +1.8414	 +0.6438	 -0.3470
 +3.0230	+10.7665	 +1.8974	 +0.5310	 +5.5431	 +3.5150
-28.2675	 -0.9105	 +2.8625	 +1.0745	 -2.7684	 -0.4089
+10.1427	 -4.9133	-12.0137	 +0.0618	 -4.0145	 -2.8144
 -4.7911	 -0.1609	 +2.5681	 -0.2076	 +2.6792	 -2.0001
 -3.5833	 -2.2799	 +5.2106	 +5.0829	 -2.2922	 +0.5019
 +0.0369	+15.9909	-25.8477	 -2.8119	 -0.6065	 +1.7202
 -0.3652	 -3.4966	 -1.2862	 +3.4479	 +0.4936	 -1.0704
-10.1375	 +4.0078	 +2.6624	 +1.4295	 +2.9380	 +1.5274
+10.0923	 +2.5284	 +5.2225	 -0.5378	 +3.1208	 -3.1263
 +5.2295	 -4.3533	 +8.1490	 +2.3044	 -1.9899	 +0.7725
 -9.4684	+14.6651	 -5.5537	 +0.7303	 +0.4769	 +1.8670
+87.6123	-38.1056	+79.8576	 -1.5925	 -0.7605	 +0.0155
 -1.2044	 +5.4368	 +6.6727	 -2.8794	 -3.4181	 -1.5500
 -3.2578	 +7.8320	 -6.5637	 -0.4813	 -0.3744	 -3.8934
 -1.0742	 -5.2318	 -5.7352	 +2.8457	 +3.1410	 -3.0843
 +3.8215	 -5.6410	-10.5713	 +1.0664	 -2.3035	 -1.6294
-10.7414	 -5.8969	 +2.0872	 +1.8967	 +1.4254	 -1.2699
-50.1840	+40.7974	-14.3459	 -0.6867	 +1.2672	 -1.1183
 +0.5653	 +8.8284	 -1.2118	 -0.3497	 -0.4197	 -1.6383
-16.0957	+13.0646	-16.4652	 +1.6187	 +0.6940	 -1.5412
 -7.9188	-16.6951	-11.0567	 -3.8104	 +0.3442	 +0.7927
+16.7140	+26.4868	+10.8720	 +0.4855	 +2.3288	 +1.0731
+27.1278	 +0.3636	 -8.3422	 -0.0977	 +1.3766	 +1.3688
-57.8107	+29.6337	+19.9478	 +0.4677	 +1.5514	 +1.5232
 -1.3757	 +8.6601	+19.7534	 +2.3058	 +0.6190	 -0.4045
 +3.9869	+15.0800	 -9.5200	 +0.7876	 -1.4931	 +1.1060
 -0.2295	 +1.0872	-11.0403	 -1.0274	 +2.3505	 -5.7868
 +5.1732	 +1.3021	 +2.1774	 +1.0048	 +0.5228	 +2.1225
 +4.0573	 +9.8622	 -6.8419	 +1.4809	 -0.9531	 -0.5392
 -7.1855	 +2.9736	 -9.4588	 -2.7513	 +2.7310	 +2.9844
 +2.0439	-13.7501	 +1.6139	 +2.0266	 -1.0937	 +0.2532
 -2.5059	-11.8480	 -1.8793	 +1.2738	 -1.5964	 +2.3840
+22.2260	-35.6462	 +5.3592	 -0.1729	 -0.7799	 -0.8136
 +2.5877	 -3.1246	 +2.7015	 -1.1319	 +3.6775	 -3.1082
 +3.0702	-10.1509	 +0.1761	 -1.6817	 -1.8136	 -2.4532
 -3.4659	 +1.6036	 +1.9876	 -2.2208	 -2.9969	 -1.8188
 +4.4241	 -6.9972	 +6.7614	 -3.8361	 -3.6415	 +1.6270
 +4.8074	 +3.5594	 -5.2253	 -0.9924	 +0.2668	 +2.6325
 -0.1389	 -5.0496	 +5.9495	 -3.2562	 -3.7785	 -2.5242
+12.6945	-12.7080	-14.0031	 -4.0136	 +0.6926	 -0.3811
 +2.0651	 +1.0112	 -0.0165	 +3.9609	 +1.1199	 -0.5704
 -6.4673	 -6.7720	 -2.6945	 -4.2543	 +0.2618	 -2.7569
-17.8865	-48.5856	-16.2549	 +1.5860	 +1.2949	 +2.0597
 -0.5373	 -3.8510	 -0.2769	 -0.4284	 -0.4906	 -3.2395
 -7.6203	+22.3633	+24.6673	 -2.5135	 +1.7445	 -0.6640
 -8.0346	-17.7209	-11.2839	 -1.9604	 +2.0908	 -1.5356
 +9.8889	+21.7725	+67.7119	 +0.3081	 +2.0673	 +0.6515
-15.7622	 +2.8537	 -2.8648	 +4.7512	 +0.6880	 +0.3812
-20.5707	 -2.4231	 -0.5138	 -3.7835	 -1.2607	 +1.2685
 -4.6813	 +4.4783	 +3.8528	 -4.0898	 +1.5710	 -0.7396
 -3.2174	 +4.6493	 -5.7618	 -0.6886	 -5.4779	 -1.1588
-14.3581	+20.0755	 -8.6802	 +2.3430	 +2.6725	 -1.8744
-23.5720	 +6.0752	-17.3745	 +2.0457	 -0.2302	 -1.4878
 -2.6863	+33.6560	-14.3353	 +0.8173	 +0.8315	 +1.6953
 -3.5180	 -6.3330	 -2.2046	 +1.3303	 -4.5425	 -2.0512
 +0.0490	 +8.5717	 -4.9882	 -1.5836	 -2.2105	 -3.7487
 -2.2177	 -0.1211	 -1.3600	 -1.5706	 +0.5023	 +5.5117
 +6.8921	 +8.6988	 +3.8565	 +1.3988	 +3.1131	 +0.3165
 -8.9092	 -4.7724	-19.2895	 -1.2288	 -2.2032	 -2.5309
-34.3677	-28.3564	+19.5302	 -0.8972	 -0.6281	 -1.3743
 +0.9855	+20.5524	+10.2821	 -0.0491	 +1.8779	 -0.2825
 +0.0301	 -6.8709	 -8.0576	 -1.6752	 +4.2596	 -1.0690
 -3.1439	 -3.4923	 -4.2160	 -3.7293	 +0.7489	 -0.9359
 +9.7447	+18.4070	 -1.7437	 -0.6855	 -0.2579	 -0.9001
 -4.1456	 +0.8617	 +1.2555	 -3.0931	 +2.2671	 -3.6058
 +7.6891	+14.9227	-108.2697	 +1.9318	 -0.0630	 -0.9346
 -1.5015	 +5.4381	 +1.0432	 -6.8602	 +2.1962	 +1.8871
 +7.7014	-20.7767	+12.6449	 +2.9415	 +0.5793	 +0.8337
 -6.7866	 +0.2060	 -4.0284	 +0.1594	 +4.4781	 -0.3590
 -0.6339	 +8.7212	-16.2269	 +2.9975	 +3.0578	 +0.9782
 -4.6196	 -5.7097	 -4.7992	 -1.9096	 +4.6585	 -2.1496
+23.7592	+10.9455	 -2.7682	 -2.2760	 +1.8582	 +0.4162
 -1.3603	 +0.9221	 +0.1557	 -0.5869	 -2.2632	 +1.2620
 -1.8293	-12.8256	 +3.1989	 +1.9285	 -3.5021	 +1.4196
 -2.2486	 -0.1387	-11.0320	 +0.2298	 -0.5110	 -0.0096
-17.0756	+11.3077	+44.5081	 -0.1155	 -1.6109	 +1.3762
+18.9228	+19.0499	+22.5462	 -0.9354	 +0.1185	 +0.5726
 +1.7400	-12.0638	-19.7631	 +2.0268	 +0.8235	 -0.5693
+10.5324	 +0.3564	 +4.3662	 -0.6736	 -1.6010	 +2.9506
 -6.4710	+15.3004	 +0.3057	 +0.1987	 -3.7077	 -1.8433
+13.2206	-11.0175	-10.8021	 -0.0647	 +4.1936	 -1.0473
 -2.2145	 +7.5991	 -2.2769	 +1.7552	 -4.1187	 +0.6283
 +0.1065	 -4.8081	 -6.8586	 -4.0556	 -1.0467	 -1.8743
 -0.6443	 -2.3540	 +1.3239	 -0.0788	 -0.6228	 -0.1758
-20.4704	-32.3143	-46.2657	 -0.3357	 -0.1086	 +0.7379
-23.0081	-11.6124	+16.9417	 -0.0103	 -0.3687	 -0.1836
 -3.2280	 -1.9684	 -0.6075	 +3.1466	 +5.3336	 -1.5119
 -9.8441	 +6.4048	 -7.5309	 +0.5247	 -2.2718	 +2.1547
 -5.1628	 +6.3672	+10.7983	 +1.6995	 -5.3153	 +1.0254
 +2.5444	 +0.8661	-13.6697	 +4.1190	 +1.0897	 -2.8878
+15.9503	 -8.7158	 -1.3829	 +0.5766	 +1.5198	 +1.1130
+12.1628	+10.9942	+11.1425	 -1.4798	 +0.3476	 +4.0616
-20.0583	 -2.1292	 +2.1621	 +1.1635	 +2.8382	 -0.1106
+10.0294	 +0.8971	+12.1326	 -1.3089	 -0.4643	 -0.0829
 -4.8340	 -2.8676	 +1.8607	 -0.1606	 +1.1987	 -3.4270
 -1.3046	 -0.7687	+11.0636	 -1.2127	 -3.5434	 -0.9535
 -1.3370	 -1.1953	 +2.1426	 +0.3429	 +0.0192	 +3.0196
 +4.8639	 +2.9395	-11.1137	 -2.9251	 -2.0466	 +0.9705
+11.3125	 +5.7618	-11.8642	 -1.6833	 +4.0252	 -3.0703
+14.1246	 +7.8727	 -3.5389	 -0.5020	 -1.7719	 +0.2053
+24.2857	+23.8479	 +5.5449	 -1.4202	 +0.1535	 -1.5893
 -9.4195	 +0.2609	+11.3115	 -0.8885	 +0.4369	 +1.3491
 -6.7813	 -6.4132	 +1.3044	 -4.5562	 +0.9114	 -0.1421
+471.3058	+395.8051	-223.6167	 -0.2872	 +0.6668	 +0.3187
-140.0330	+112.5162	+204.8389	 -0.0738	 +1.1082	 +0.3864
+29.1090	-10.0391	 -1.6460	 -0.6124	 +0.1447	 -1.5495
 -1.5644	 +2.0755	-15.0971	 +3.1645	 +2.5411	 -1.8469
 -2.3298	-13.9698	 +1.8721	 +0.9408	 -0.2803	 +3.7595
 -7.5218	 +3.8707	 +1.7622	 +1.9842	 +4.1640	 +2.5914
-51.4965	-12.3373	-18.2184	 +2.4745	 +0.4590	 -0.5135
 -7.8079	 +1.2863	 -2.7520	 -0.4263	 +0.4837	 -0.3897
+47.6011	-28.3491	-37.2653	 -0.2350	 -0.2994	 +0.8723
 +8.3863	 -2.1479	+16.1485	 -0.4147	 +1.5314	 +2.4051
 +1.5035	 -2.8537	 -0.5615	 -2.1438	 +3.7006	 +1.4872
 -2.2489	 -6.7432	 +1.1465	 +0.6021	 -0.5140	 +0.6456
 +6.1941	 +4.0139	 -3.5606	 +3.2392	 -3.7370	 +0.2135
 -1.4620	 +7.2702	 -0.0573	 +1.2780	 +5.2739	 -0.1886
 +0.5556	 -3.0338	 +7.2532	 -0.5338	 +1.5153	 +3.0508
 +6.9537	 -2.6985	+13.4060	 -2.1411	 -0.4799	 +1.9352
 +1.8844	 +0.1703	 -3.0759	 -4.6696	 -0.4981	 +1.5077
 +0.0789	 -6.8753	 -6.7721	 -2.5081	 +0.6872	 -1.4252
 -3.6869	+14.0388	+10.7122	 +1.7089	 -0.0530	 +1.4502
+14.6544	+18.3810	-177.4453	 +0.0529	 -1.1847	 -1.1384
-11.9790	 -5.7552	 -1.1940	 +0.0226	 -2.4118	 +3.0411
 +1.9456	 -6.3945	 +0.4956	 +4.0783	 +0.6539	 -3.3564
+10.3726	 -0.4250	 -2.2741	 +0.4862	 -1.9444	 +0.9700
 -3.1999	 -1.4876	 -3.6761	 -0.1522	 -4.3357	 +0.3094
-14.3128	 +2.6672	-13.0930	 +1.9965	 -2.7463	 +3.9002
 +5.2203	+18.2964	 +6.1871	 -2.9705	 +0.1847	 +1.0857
 -1.5225	-32.7552	+17.1688	 -2.1454	 -0.0647	 -0.7865
 -5.7268	 +3.8626	 +5.1512	 +1.7611	 -2.2589	 +2.3538
-13.7358	+20.8205	 +8.9265	 +0.0540	 +1.7221	 -0.0531
 -7.5726	 -2.5888	 -8.2250	 +0.1534	 -1.4420	 +3.0349
-18.7119	 +8.9882	 -8.6240	 +1.4121	 +1.6185	 -2.7976
 -0.2000	 +1.6526	 +3.9524	 -2.2943	 +0.9914	 +0.4457
 -0.8981	+26.1421	-26.1828	 +3.0186	 +0.9128	 +2.1058
+58.4584	-16.7447	+16.1580	 -0.5350	 -1.8056	 -0.5711
 +5.4366	 +1.4139	+13.3013	 +0.4524	 +0.4038	 -0.6152
-42.3867	-56.7059	+55.3922	 -1.0473	 +1.4208	 +0.6149
 +0.2677	-11.6027	 -1.6723	 +2.0139	 +0.7976	 -1.4928
 -7.2983	 -8.4975	-17.4209	 -3.4921	 -0.4253	 +2.4748
 -0.3084	 +2.8557	 -0.0301	 -5.3534	 -4.0984	 +0.4628
 -7.5436	 -3.2788	-18.0484	 -0.3608	 -1.7537	 +1.6653
 -2.2799	 +7.9855	 -3.9745	 -3.2052	 -3.5514	 +1.6575
 -3.2734	 +3.5221	 -1.3912	 +5.5411	 -3.9741	 -0.2570
 +0.7234	 -2.6605	 +4.9454	 -1.9929	 +4.2383	 -2.2438
 -7.0212	+11.3304	 -0.4025	 +1.1906	 +1.7826	 -0.6977
+13.2136	 -7.2522	 +6.8307	 +0.4871	 -1.1024	 -1.7426
+11.7395	 -7.3455	 -3.6910	 -2.7123	 -0.6026	 +3.3316
-22.9890	+10.4221	+14.2232	 -1.5873	 -0.1345	 -3.0973
 +0.9590	 -1.8167	 +0.5515	 -4.4370	 +2.9196	 -4.0866
 -0.6580	 -0.3870	 -3.4346	 +2.1022	 -1.4827	 +0.1447
 +6.4596	 -1.5930	 -7.8180	 +1.6916	 +2.7678	 -1.1740
+25.9019	 +8.3881	-23.3808	 +1.2445	 +1.4632	 -1.5404
 +3.0388	 +2.7783	 -2.6331	 -1.0039	 +1.0671	 -0.1202
 -8.1828	-16.0883	 -4.1239	 +1.2094	 -1.0830	 -0.0017
 +0.2096	 +6.0373	 -5.8658	 -4.0331	 -3.1315	 -2.1754
 +1.2107	 +2.3532	 -7.9179	 +5.2049	 -1.0242	 +1.6357
 -1.1597	 -5.5356	 +1.5974	 +0.3855	 +1.5343	 -1.6511
+16.0694	 +4.4024	+11.6104	 +1.8739	 +2.8225	 -1.0631
 -4.4711	 +1.1766	 -4.3458	 -3.1948	 +0.6751	 +1.8843
-12.8266	 +6.6981	 +0.8265	 -1.0718	 +0.4523	 -2.7469
 +2.5272	 +1.3004	 +8.5918	 -0.9912	 +2.7595	 +4.3202
 -3.2488	 +0.1190	 +3.7211	 -0.9933	 +0.5753	 -0.9907
 +0.1453	 -0.0128	 +2.7837	 -0.4039	 +1.9650	 +6.4355
 +8.3798	-10.4298	 +7.2736	 -3.6046	 +1.7204	 -3.0851
+18.9511	-11.2593	-34.1818	 +1.0291	 -1.4915	 -1.4062
+25.1266	+34.1372	-24.8664	 -2.9744	 +0.1462	 +0.4753
 -3.7528	+14.5564	-12.7882	 +3.9386	 +0.3975	 +1.2448
 -1.0943	+25.5378	 +0.0312	 -1.3057	 +2.5407	 -0.7120
 -1.6575	 -4.4241	 -2.0060	 +1.3969	 -1.4782	 +4.2017
 -3.7101	 +0.8711	 +2.6251	 +1.0584	 -3.1678	 -1.7804
 +8.3717	 +1.0786	 +2.3018	 +0.0899	 +2.3531	 +0.0646
 +3.3345	 -4.3142	 -3.6599	 +1.4721	 +4.0224	 -1.7517
 +3.6390	 -0.4972	 +3.1370	 +1.7879	 +1.4419	 +1.2892
 -0.8985	+19.3366	-23.6628	 -1.7332	 -1.4240	 +1.2905
 -9.9579	+10.6160	-21.4186	 -2.1607	 -0.9645	 +1.1357
 +4.1624	 -2.0380	 -0.5068	 -1.0954	 -1.9735	 -1.9203
 -3.0155	 +2.3314	 -9.4549	 -0.2689	 +5.2810	 -0.5702
 -1.5983	 +2.2501	 -4.7923	 -0.7279	 +2.2849	 +1.5207
 +1.1880	 +3.3831	 -2.2675	 +5.0244	 -0.6948	 +3.7539
 -5.2349	 +0.1950	 -6.5813	 +0.4194	 +2.6010	 -0.9596
 -9.2157	-25.1707	 +9.4745	 +0.3823	 +1.1458	 -0.7558
 +3.0930	 -2.1743	 -7.4729	 +2.7331	 +1.3913	 +0.8844
-16.8204	 +8.7868	-40.5378	 -0.9836	 -1.8605	 +0.3354
 -6.1159	 -5.1431	 -9.8627	 +0.9279	 -2.9226	 +0.1231
 -8.0206	-10.9688	-10.3645	 -0.6053	 +3.0020	 +0.2175
 -1.2475	 +0.9052	 +2.4467	 -2.2633	 -0.4142	 +0.8455
 -7.7685	 -5.6536	 -7.7877	 +3.8804	 -2.3131	 +0.9411
+15.1559	-96.5581	-24.2026	 -1.4335	 +0.6179	 +1.0905
 +1.7751	-10.4232	 -7.0774	 -2.1793	 -0.6756	 -3.3330
+12.8098	 +5.7004	+19.1840	 -0.6671	 -1.4628	 +0.8902
-11.6025	 -5.5208	+15.9009	 +1.7092	 +3.8436	 +1.8357
-17.1108	 -5.9106	 -3.5406	 -2.0638	 -3.6650	 +1.6922
 -2.0486	 +6.7204	 -6.4335	 -1.7424	 +3.4158	 +1.6446
 +7.7618	 -6.8622	 -1.6756	 +0.5306	 -0.6815	 +1.0428
 +7.3056	+10.3556	-15.4566	 -1.8961	 +0.7181	 -1.8157
 -5.3817	 +4.6901	 +0.1240	 +0.4113	 -2.9172	 +0.1768
 -7.8994	 -2.2713	 -1.2747	 -0.7340	 +0.6003	 -2.2390
-22.8659	 -7.1991	+23.2396	 +1.1887	 -2.7643	 +1.3515
-18.7515	+52.9318	-18.8019	 -1.9004	 -0.3555	 +1.7191
 -8.9159	 +1.0835	-10.9009	 +0.0881	 +1.1133	 -0.1737
 -8.0149	 +4.2137	 +6.4936	 +2.3407	 +2.7460	 -0.8673
 +8.4935	+10.2673	 +0.3605	 +1.0612	 -2.4453	 +1.5103
 +2.8230	-12.6993	 +7.2596	 +2.9002	 +0.4295	 -0.8225
-25.7377	 -2.3895	 +0.4658	 +1.1758	 +0.0356	 +0.9626
 -3.0664	 -0.6509	 -9.3746	 -3.5316	 +2.6054	 +5.0024
+121.5154	 +6.7350	-34.8954	 +0.0197	 +0.1360	 +0.7792
 +1.1815	-12.4081	-30.4423	 -2.4371	 -1.9923	 +0.3246
 -0.8892	 -2.8826	 +1.3981	 +5.2535	 -0.9366	 -0.1149
 -8.5792	 +4.7196	-10.2085	 +3.8603	 +0.6778	 +1.1498
 +2.5504	 -6.6851	 -3.7804	 +0.1301	 -1.1112	 +0.1924
+13.2519	-20.6155	-10.2829	 -2.8500	 +2.4694	 +0.1334
 -8.8710	 -9.5783	 -6.4965	 -1.0725	 -0.7222	 -0.3866
 +9.2640	 +1.2642	 +7.4821	 -0.3746	 -1.7886	 +1.9332
 +3.6958	 -5.3895	 +3.5132	 +3.9624	 +0.0294	 -2.6346
 -6.4047	 -1.8313	 +8.4599	 +0.2137	 -1.2068	 -1.7406
 +0.1344	 -1.7168	 +0.3130	 +1.4351	 +1.9127	 -2.7248
 -3.4146	 -4.2550	 -7.8673	 +1.7573	 +0.1399	 -3.2905
 +3.4841	 +3.9555	 +4.2594	 +1.2151	 +0.3507	 +0.6320
 +3.3205	 +1.4066	 -0.0825	 +3.5900	 -0.1400	 +0.7096
 +6.9706	 -1.0730	 -0.4697	 -3.5535	 +1.8947	 +1.4383
 -4.4660	 -0.7901	 -2.2179	 +1.9799	 -1.5079	 +0.0096
 -1.2043	 +1.0220	 -4.7413	 +3.1808	 +0.3126	 -2.9207
-12.1206	 -5.9842	 -5.4080	 +1.5693	 +0.7467	 -3.3567
 +5.6026	 +1.4321	 -3.3663	 -3.1697	 -4.1334	 +0.2527
 +2.8673	 +7.9074	 -4.2764	 -0.5462	 -3.1101	 -3.6988
 +8.7760	 -5.9941	-19.1536	 -0.5325	 -1.5948	 +1.3391
 -3.6745	 +7.4838	+10.3672	 +0.5212	 -0.1283	 +3.8111
+15.1723	-24.2027	 +1.6583	 +0.4591	 +0.6435	 -2.4843
 -3.8895	 -4.2459	 -9.3116	 +2.3539	 +2.0796	 -0.1841
 -1.4422	 +0.5512	 -1.0544	 -1.0804	 +2.6718	 +1.0604
-63.0723	-10.0440	 +4.5060	 -0.5034	 -1.4677	 +0.3544
 -0.1567	 +0.3538	 +5.0512	 +0.9829	 -2.1734	 +3.2322
 -3.9989	 +7.5230	-12.2433	 -0.7697	 -4.0235	 +1.3942
 -6.1651	 +2.3492	 -1.2661	 -4.1612	 +4.6479	 -0.8554
 -2.0377	 +0.9468	 -6.6581	 -0.9026	 -2.8350	 +3.0428
 +6.6145	-13.0006	 -9.1773	 -0.5622	 -0.8950	 -0.4161
-22.4700	 +4.4829	+26.8039	 +1.5580	 +1.1255	 -2.3880
 -3.9617	 -0.9522	 -4.3036	 +6.5813	 +0.7089	 -1.6755
 +6.6859	 +7.3517	 -2.9981	 +0.0152	 -3.4569	 +2.6254
-11.6350	-17.3717	 -1.9380	 +3.7223	 +2.9664	 +2.2471
+10.2471	+19.1389	 +5.4783	 +2.2680	 -2.9245	 -0.7715
+20.3307	 -2.3162	+16.3843	 +0.9498	 +2.1221	 +0.6223
 -6.7818	 +8.5879	 +1.0205	 +2.0415	 -1.5593	 +0.9909
 -4.2575	 +2.4032	 -0.6186	 -4.4376	 +0.1891	 -4.5658
+1873.6449	-33.3388	+790.9796	 +0.2201	 -0.2337	 +0.0657
 -5.6775	 +3.9229	 +3.3891	 -1.4309	 +3.3479	 -1.0456
 -6.6446	 +5.9473	 +1.5165	 -2.0384	 -4.6563	 -1.1631
 +3.5421	 +1.0831	-11.7984	 +2.4673	 +1.5692	 -1.3816
-13.7899	 +6.7033	 +0.5641	 -2.7400	 +3.6582	 -1.6985
 +5.8390	 +1.2500	 -8.4113	 -2.1674	 -3.8891	 +1.4043
-64.1538	-61.6099	-70.9448	 -0.6584	 -1.1037	 -0.0123
 -6.6782	 +9.4627	+26.5752	 -1.0557	 -1.2906	 +3.6414
-15.1542	 +0.2710	-16.6213	 -1.4385	 -3.9314	 -3.0034
+17.2016	 -7.3668	 +7.2752	 -2.2516	 +3.0729	 -1.1415
 -9.0630	 -2.9559	 -4.2053	 -1.9109	 -1.1051	 +0.0019
 -2.8942	-15.4604	 +3.0128	 -5.0070	 -1.3502	 +1.0314
 +3.2728	-14.7728	 -3.3702	 +1.2561	 -1.6558	 +0.6791
 -1.9313	 +0.9170	 +0.4818	 +3.8247	 -3.9719	 -0.5387
-11.4191	-16.1248	-11.0146	 -1.8267	 -0.2092	 +0.4836
 +1.6132	-18.5100	 -4.3424	 -0.4807	 +1.9680	 +2.3226
 -4.1308	+13.5879	-12.6257	 -0.2304	 +0.5664	 +0.9802
 +2.7400	 -1.3865	 -5.2092	 +1.1883	 +2.1370	 -1.3513
 -9.3948	 +0.7783	 -4.6483	 +2.7918	 -3.0482	 -3.1898
 -5.4571	 +3.5491	-11.0768	 -1.8813	 +1.7171	 +1.9074
 -6.1080	 -5.3816	 -4.1705	 +1.5610	 +1.2950	 +1.4936
-10.6522	 -7.4931	+11.3366	 +0.7467	 -3.4287	 +3.3840
-10.1416	 -0.1923	 -6.7836	 -0.0815	 +1.8658	 +0.7080
 -1.5311	 +1.4741	 -3.8531	 -1.8328	 -3.7051	 +1.1814
 +1.8453	 -4.0552	-27.0456	 -0.1248	 -3.5641	 -0.4837
 -3.1480	 -0.3459	 +0.7850	 +4.2941	 -2.3771	 -4.2418
 -3.5777	 +1.2645	 -3.6946	 -3.0879	 -3.4427	 +3.5180
 -4.6357	 +2.2683	 -2.4759	 -2.1631	 +3.8815	 +3.8673
 +7.8186	 +5.9814	 -3.6632	 -1.9430	 +2.6339	 -0.6388
-14.8863	 +9.8686	 -1.5366	 +0.0880	 -0.4554	 +0.6513
 -2.3108	 +5.4728	 +3.6729	 +0.7546	 +2.8181	 +1.0636
 -9.9401	 -3.0779	 -0.0558	 -0.6864	 +0.9857	 -0.7207
-12.0994	 -0.7473	+13.9845	 +3.4210	 -1.6183	 +1.4723
-18.5983	 -7.4570	-21.9735	 +2.4164	 +0.5231	 -1.2056
 +0.1698	-14.8191	-10.9931	 -0.8516	 -0.2706	 +1.2341
-126.1249	-52.5015	+78.9268	 +0.8182	 -0.8952	 +0.6047
 -3.8623	 -3.5324	 +2.7544	 +0.2144	 +1.7670	 -1.6852
 +4.0421	 +4.4159	 +0.4717	 +1.6428	 -4.5056	 +1.3016
+11.4886	 +4.6699	-16.6362	 -1.9920	 +1.5733	 -0.4049
+10.9363	 -7.6730	 -5.8217	 -1.8325	 -0.3939	 +3.0869
 +2.9651	 -5.3406	 +1.7976	 +5.1348	 -1.9266	 -1.0092
-13.8255	 -0.5167	 -8.6973	 +2.1500	 -3.4097	 -0.2406
 -0.4236	+12.1726	 +6.9147	 -1.0079	 +1.5615	 -1.1508
-109.0727	-106.9040	+100.0063	 +0.4656	 -0.1920	 -0.1823
 +6.3835	+37.0811	 +3.1019	 +2.2391	 -0.8279	 -2.3696
-26.5443	-11.4596	+26.0635	 +0.3753	 +2.1179	 +0.8350
 -2.8203	 +2.9885	-39.4454	 +2.8428	 -0.7868	 -0.0315
-16.3503	 -0.8970	 -6.5567	 +2.8440	 +3.5834	 +1.1723
 +2.0072	 -0.7434	 -2.7196	 -0.1628	 +0.4641	 -3.8543
 -0.8470	 -3.0227	 +6.6077	 +1.2898	 -1.3290	 +0.4463
 +1.1073	 -4.5957	 +1.4419	 -5.4317	 +2.1041	 -0.3025
 -9.0696	 +8.7764	 -5.3620	 +0.8521	 -2.5332	 +1.8706
+19.7257	 +3.0619	 -0.9874	 +3.6393	 -0.3483	 +1.5070
+10.9052	 -3.1133	 -9.1820	 +0.5843	 +4.6387	 -0.5500
+10.6683	-80.8466	 +7.1639	 -1.0679	 +1.7648	 -1.2682
 -4.6946	 -1.3271	 +0.8532	 +6.0134	 -1.0088	 -2.6207
 -2.5716	 -2.7192	 -7.7829	 +0.1423	 +1.4604	 -0.4481
 -0.1801	 -1.7259	 -1.9384	 +0.8303	 +1.9564	 +1.1452
 -1.1881	 +5.3431	 +5.8192	 +0.1987	 -0.5584	 -4.2711
 +6.5471	 -4.8962	 -5.9304	 +0.5586	 +1.0895	 -1.6245
 +3.7099	 -3.6324	-19.1629	 +0.7145	 +2.5292	 -2.8675
 -4.8465	 +6.0910	-23.1339	 +0.2312	 +0.9464	 -1.4950
+11.7904	-17.9752	-27.5372	 +0.0061	 -2.1036	 -0.1497
 -5.3455	 +1.3721	 -5.7990	 -0.7821	 -1.9228	 +1.9388
 -7.4745	 +5.2282	 -6.1211	 -0.4439	 +4.3022	 -2.5819
 -4.9396	 -0.7671	 +3.5148	 -0.6588	 -3.3694	 -1.6323
 +0.8370	 +3.9989	 -1.6652	 -3.0501	 +0.4623	 +1.3939
+18.7902	+23.1549	 +1.1568	 +3.3127	 +0.5611	 -0.7407
 -1.5415	+15.8118	-19.3363	 +0.3075	 -0.0852	 +1.8930
 -2.7256	 +1.9943	 -5.0473	 -1.1403	 +0.3965	 -5.6699
 +3.3868	 -2.4128	 -0.1582	 +1.5036	 +3.1939	 -0.7242
-12.7116	 -8.5415	 -8.5849	 -1.5251	 +1.7193	 +1.3650
-149.9813	-60.4014	+204.6492	 +0.5654	 -0.6663	 +0.1762
 -0.5902	 -4.8012	 +4.0680	 -0.6495	 +1.2450	 -0.6892
 -7.5325	 +4.5386	 -8.2994	 +1.3320	 -1.5090	 -1.2452
-10.2487	 -7.4299	 -8.7876	 +2.6478	 +0.8399	 -0.0999
 -1.7165	-11.7532	 +6.3162	 +0.4971	 -4.1867	 -2.0481
 -4.0727	 +1.5215	 +7.3875	 -0.4063	 -0.2022	 +0.5991
+17.3420	+51.9214	-22.7742	 -1.5923	 +0.4636	 -1.6656
 +1.0913	 -8.6731	 -8.7569	 -1.6239	 +1.4825	 +3.4150
-13.4938	 +5.5319	 -5.9281	 -1.3884	 -1.5264	 +2.8953
 +0.0094	 -4.6331	+20.6063	 -2.3521	 -0.6357	 +1.4807
 -2.9529	 +2.9277	 +1.1787	 +1.3962	 +1.0016	 -5.3928
 -7.2260	 -1.8265	 +3.9382	 -1.9517	 -1.2367	 -0.7210
 +6.7403	 -5.0233	 -5.5896	 -0.2984	 +3.6233	 +2.4651
 -1.2959	 -0.0050	 -5.6655	 -1.1152	 +0.1353	 +1.5720
 +7.6062	 +9.5401	 +5.1742	 -1.9165	 -0.9547	 -1.1692
 -1.2991	 +1.3473	 -8.0358	 -0.5097	 -1.5027	 +4.5631
-14.2961	 +0.8307	-17.6442	 +1.7962	 -0.2148	 -1.1651
 -7.3112	 -6.2562	 +7.4790	 -2.1194	 -1.7397	 +4.3439
 -4.4779	 -2.4062	 -6.8237	 +0.9268	 -3.9767	 +0.1390
 +1.8732	 +2.0286	 -5.3879	 +1.1071	 +4.2758	 -1.9562
 -0.9663	 -3.9444	 -4.0042	 -1.3061	 -1.1301	 +2.7464
 +8.7355	 +9.9360	+35.8291	 +2.1190	 +2.0884	 -0.0672
 -1.2838	 +1.3205	 -0.5968	 -1.9647	 +2.9051	 -0.6541
 -3.6831	+11.6237	 -6.3748	 +2.7853	 -0.2671	 -1.4279
 +6.9608	 +0.5742	 -8.1912	 -2.3238	 -2.8562	 -0.9121
+15.6918	-12.0132	-20.1236	 -0.3780	 -1.1551	 -0.4169
 -3.0638	 -5.4724	 -0.2641	 +3.4608	 -0.5941	 +1.4383
 -4.5816	 -0.3258	 +7.6760	 -2.6885	 +3.2537	 -3.3241
 -1.9365	-16.2100	+10.4539	 -1.1735	 +0.8079	 +0.3241
 -6.0577	+26.1520	-49.3429	 +0.8563	 -0.5420	 +0.2042
 +5.0412	 +1.7830	-33.1707	 -0.5978	 +1.2466	 +2.9743
 +2.2458	 -1.9221	 -2.9225	 +4.0309	 +0.8803	 +2.2336
 +1.3389	 -8.6794	 -3.1454	 +3.4140	 +3.7790	 +2.8955
 -3.2397	 +0.1341	 -1.4471	 -1.0421	 -0.5273	 -2.8523
+20.1190	+15.3618	 +4.8691	 +0.8876	 -0.6242	 +0.1859
 -3.1529	-56.3431	-10.9156	 +1.4129	 +1.9060	 -0.5871
 +1.7209	 +7.5697	 -7.3008	 +0.7074	 +1.3794	 +3.6391
 -7.1031	 +0.9193	 -3.4073	 +2.7152	 +4.5179	 -2.8279
-21.5141	+11.1335	-15.7401	 -2.7267	 +0.5540	 +2.3054
 +4.9558	-26.0097	+19.1749	 -0.7948	 -2.0777	 +0.3441
 -5.6651	 +3.4521	+14.8603	 -0.4115	 +1.3297	 -1.2488
 -2.8414	 -4.7461	 +4.1980	 -2.6531	 +0.1886	 -3.8344
 +6.9074	 -6.3202	 -0.3188	 +1.5806	 +0.1695	 +0.1669
 -4.8500	 -7.4127	 -7.2087	 +0.0364	 -1.6224	 -3.6941
 +4.1822	 +3.5303	 -6.9983	 -1.8810	 +0.2005	 -0.4311
 +3.0277	+14.0263	 +1.4649	 +1.7338	 +3.0867	 -3.2104
 -6.4586	 -3.3270	 +1.8784	 +2.3132	 +0.4929	 +1.1065
-14.0838	-12.3094	-14.3549	 -0.0290	 +1.0890	 +0.5182
-46.7569	+10.2307	-20.7569	 +1.7963	 +1.1597	 -0.6012
 -0.7064	 +2.0983	 +2.6242	 +3.9079	 +3.0265	 +0.5526
 -6.8427	 -6.8547	 -2.8793	 +1.8354	 +1.4912	 -1.9718
-11.4261	 -1.7589	 -4.7746	 +2.7650	 -2.3253	 -0.7926
 -1.5505	 +3.0195	 -7.1725	 +1.5161	 -3.5966	 -0.5115
+13.5191	+14.1322	 +1.1206	 -1.4225	 -0.5674	 +3.1238
 -8.2382	 +5.6609	+25.9932	 -1.4066	 -0.4581	 +2.2376
 +8.7399	-11.8461	+11.5090	 +0.8770	 -0.6489	 -3.0376
 +8.2714	 -4.3118	+11.1799	 -3.5469	 +0.1190	 +1.6445
 -8.9897	 +7.5232	 -0.1413	 +0.2840	 +2.5575	 -1.3062
 -4.9142	 -4.2648	-15.7828	 -0.2346	 +4.0589	 +3.1150
 -2.6444	 -5.6300	 +6.2079	 +3.3672	 -3.3230	 -4.0383
 -7.7219	 -2.4630	 +1.6419	 +2.3840	 +2.1107	 +1.8739
 +2.3755	 +5.3602	 +0.2191	 +0.8288	 +0.5171	 +5.2012
 -0.0215	 +8.0995	 -8.7929	 -0.9308	 +4.0170	 -2.5704
 -0.1204	 +1.0671	 +4.9480	 -1.9301	 +4.8562	 -2.1824
 -3.0166	 -1.1358	 -7.6448	 +2.4936	 +0.2207	 +5.0151
 -6.4111	 +0.4510	+16.1841	 +2.9155	 +0.2230	 -0.2139
 -5.8158	-12.2410	 -2.4955	 -0.9684	 -0.2868	 +1.6072
+26.3197	 +2.7581	 +8.9313	 -2.5063	 -0.5829	 -0.1905
 +9.8907	-10.1988	 -7.1897	 +1.0487	 -1.3186	 -4.0086
 -3.1031	 -3.4062	 -1.4649	 +0.5380	 +0.8548	 +2.8450
 -8.6730	-34.2259	-28.0218	 -1.1383	 -0.0111	 +0.1837
-13.6625	+16.4747	+12.2138	 +0.2517	 -1.0553	 +1.3638
 -7.9698	 +1.9997	 +8.2928	 +1.9929	 +1.1159	 +0.6513
+18.0655	 -2.5498	+14.4622	 +4.3272	 -1.4006	 -1.9988
 +0.9730	 +2.5758	 +1.6616	 -1.5025	 +4.6949	 +0.9581
 -8.9224	 +2.0613	 -9.8857	 +2.1036	 +1.5876	 +2.6596
-10.6563	 +2.1905	 -3.1418	 -0.8105	 +3.3704	 +1.5591
 +3.0481	 +7.0091	 -7.6318	 +0.2424	 +4.4111	 -3.1205
 +0.6723	 +9.2210	 +0.1618	 -3.6959	 +0.5790	 +2.4931
 -0.3137	 +5.3422	 +1.2134	 -5.6614	 +2.8555	 +1.0712
 +3.7539	 -2.9012	 -2.6108	 -5.7441	 -2.2474	 -2.3521
+18.5462	-11.3895	 -1.7733	 -2.7781	 -1.4457	 +1.7271
 -8.1510	+23.3125	+20.7671	 +1.8229	 +1.3920	 -1.2166
+28.1610	-28.8101	+70.7537	 -0.3806	 -1.6595	 -0.0696
-18.2786	 -2.9731	 -1.7239	 -0.4054	 +1.0558	 +1.0199
 -6.0145	+11.1067	 +6.1630	 -1.4435	 -2.5406	 +0.9600
 -1.4930	 +0.7321	 -0.6978	 -2.6272	 +3.1059	 -1.8723
+14.1236	 -1.9830	+14.4761	 +0.2948	 +0.8545	 +0.7927
 -1.4799	 +0.7155	 -4.5517	 -3.6722	 -4.5848	 -2.1646
+24.0515	 -3.4653	-20.1491	 -1.9502	 -0.4686	 -0.3428
+13.5789	+10.1405	 -4.5981	 +2.3201	 -1.7910	 -1.2969
-23.2362	+25.4726	-27.4188	 +0.0707	 +0.0087	 -0.2810
-25.5648	-14.4314	+16.5231	 -0.4449	 +1.9027	 -0.4074
 -6.1694	 +4.5904	 +2.3518	 +1.0129	 +0.0622	 +1.9347
 +0.6813	 -7.6456	 +3.4381	 -4.8865	 +2.5251	 +0.3964
 -5.9932	 +7.6671	-10.6228	 -3.4380	 +0.0531	 -1.8284
 -1.4303	 -3.4463	 -3.8861	 +2.9794	 -0.6229	 +3.1305
 +1.1706	 +3.7779	 -0.5555	 +2.5108	 -4.6841	 +3.0440
 -8.0723	 -2.0372	 -1.8286	 -0.2743	 +1.3913	 -1.7351
 +6.5969	 +7.0339	 +3.0804	 +2.2113	 +1.9284	 +2.2405
 +2.2247	+13.0706	 +5.8246	 +1.6416	 +0.1869	 -1.9972
 -0.4274	-15.4236	+17.7347	 -1.2749	 -0.4983	 -3.0890
 +6.6705	 +3.8697	 -3.8653	 -2.6028	 -2.2925	 -0.8693
 +2.2062	 -9.0358	 +0.4189	 -2.4132	 -0.4181	 -5.4844
 +0.1923	 -0.3037	 -2.0022	 +1.3229	 +1.3520	 -3.2686
+11.2824	 -7.1389	-33.6284	 +0.4080	 -0.3371	 -2.0342
 +6.6692	 -0.2024	 -8.0031	 +0.1659	 -0.9936	 +1.6000
 +0.7126	 -3.4633	 -3.9340	 -1.6574	 -0.7544	 -1.1915
 +6.1667	 -6.3651	 -7.2018	 -5.3100	 -0.4700	 +3.3101
-31.8416	 +0.8778	-22.8720	 -1.0373	 -1.2060	 +1.6343
 +5.6592	 +2.1278	 +3.6915	 -1.6592	 -0.1750	 +0.9666
 -8.4302	 -2.1954	 -7.3157	 +2.0230	 -1.8142	 -2.3915
 +1.9108	 -6.6536	 -3.7382	 -0.0483	 -5.1411	 -2.2423
 -2.9282	 -5.8074	 +9.7104	 -2.3418	 +2.1092	 -0.1891
 -3.6906	 -6.8404	 -6.6218	 +1.3383	 +4.4555	 +0.2933
-24.2154	-19.2536	 +5.6713	 -0.7340	 -0.6789	 +1.0842
-19.5928	 -5.4548	-15.7574	 -1.2039	 -1.7136	 -2.4796
 -0.5925	 -0.6035	 -2.4363	 -1.7441	 -2.0411	 -3.9747
 +8.0011	 +4.1382	 +5.1521	 -0.5388	 +0.8514	 +0.8121
 +1.0315	 -0.6922	 -3.8426	 -0.3837	 -1.0521	 +0.5076
 -2.9254	-15.1223	-11.1473	 -0.2444	 +2.7028	 -1.9310
+11.2265	-47.2053	-22.6905	 -0.7338	 +1.9565	 +1.1922
 -3.1283	 -3.9539	-17.4867	 +0.3795	 +3.3447	 -1.3277
 +3.0343	 -2.2820	 -4.8958	 +2.9954	 -1.6690	 -0.4135
 -3.7721	 +0.6452	 -7.1985	 +1.6376	 -0.6798	 -1.3821
 -4.9897	 +0.1266	 -5.4292	 -0.1222	 -5.3289	 -5.5703
 -6.7384	+10.8447	 +1.8169	 -1.0368	 +2.7508	 +1.9652
 +0.3461	 -2.2309	 +3.4935	 -1.2666	 -0.0027	 +5.4281
-18.8603	+14.6448	-10.5213	 -4.7952	 +2.5253	 +0.2501
 +3.3059	 -3.8800	 +0.6832	 -1.3555	 -2.3822	 +3.0993
-63.1894	-41.1360	+32.9716	 +1.0199	 +1.5985	 +0.2975
 +1.4728	 +6.4757	 +5.9104	 -2.6729	 -1.5769	 -2.4958
+42.8200	+25.8275	+35.3277	 -1.8371	 -1.6773	 -0.8250
 +9.5554	-15.1965	 -0.2410	 +0.3888	 +1.8588	 -1.7732
 -2.9351	+12.0604	 -2.3526	 +1.2659	 -1.6421	 +1.3860
-113.9969	+59.8821	-18.2331	 -0.2425	 +0.6296	 +0.3167
 +2.0330	 +7.8695	+14.8783	 +1.7342	 -0.0069	 -1.3881
-11.1637	 -6.3106	 -5.0633	 +0.9669	 +2.0328	 +0.8153
 +0.6274	 -5.2689	+13.1685	 +2.3716	 -0.3608	 +0.4942
 -4.5507	 -2.9587	 -1.2540	 +2.1796	 +4.0565	 -1.2646
 -2.6343	 -1.7990	 -0.1912	 -1.3857	 +3.0758	 -2.0103
 +9.3448	 -4.2046	 -1.1598	 -3.0136	 -3.6958	 +1.8934
 -5.0254	 -3.7318	 -1.9314	 +3.4673	 +1.6482	 +1.2074
 +1.7796	 +2.9929	 -5.7727	 -5.1521	 +2.1764	 +1.6270
 -2.5074	+33.8661	 +0.9608	 +0.6560	 -0.2331	 +1.5167
 -8.3099	-13.2834	 +4.6748	 +0.5944	 +1.5260	 -0.9173
 -3.2181	 +1.4860	 +1.8249	 -2.0951	 -3.4576	 +0.5615
 +5.6765	 -5.2846	 -4.3048	 +2.3682	 +1.3256	 -2.1281
 -2.5708	 +3.8575	 -7.6296	 +3.7487	 +0.2704	 +1.0725
-35.1534	+17.7688	+11.9977	 +0.9982	 +0.0455	 -0.5496
+20.4002	+11.9892	-19.5125	 +0.0732	 -1.3241	 -2.0179
-13.1806	-40.0305	+15.5720	 -0.5919	 -0.8815	 -0.1611
 +8.7858	 +5.1706	 -3.0626	 -2.0336	 +0.1585	 -4.4630
 -3.3993	 -0.2443	 -2.9730	 -3.0384	 +4.4878	 -1.9482
 -9.4029	+14.9479	-32.3354	 -1.6048	 -0.9360	 +0.7027
 -7.2131	 +5.7761	 -4.1813	 +2.0400	 +3.1729	 -2.6617
 +1.3503	-10.1230	+16.4591	 -0.9420	 -0.8739	 +0.7272
 -5.8023	 -2.5009	-10.0548	 +1.4198	 +4.7653	 +0.6489
 -1.6803	 +4.5697	 +5.8729	 +2.2629	 -1.5218	 +3.9439
 +2.0427	 -0.9586	 -6.0144	 -2.8326	 +2.0607	 +3.0191
+14.1775	 -4.7927	 -7.8558	 +1.1405	 -1.3278	 +0.9424
-62.5793	+25.3467	+12.7061	 -0.9691	 +1.0832	 +0.6310
 -1.9913	 -0.4179	 -0.2908	 -0.8539	 -3.0578	 +1.3758
-25.7052	+53.3205	 +6.1246	 +0.6762	 +2.8273	 -0.4571
+12.2437	+14.0123	-11.0803	 -0.1908	 -0.4015	 +0.6206
 +2.9771	 +5.4325	 +2.9303	 -1.3973	 -0.2374	 -0.6903
 +0.2493	 +0.0785	 +1.0921	 +3.6315	 -3.0003	 +1.7217
 +7.8422	-44.7029	+38.1257	 +1.9723	 +1.0780	 +0.0892
 +1.2562	 +2.4605	 +0.5866	 -3.3873	 +4.9454	 -0.2478
-14.5261	 +6.4945	-11.3312	 -0.6970	 +0.1293	 -3.2172
-12.3948	 -2.5927	 +6.4903	 +1.1619	 -2.7202	 -3.8642
 +0.3511	 +9.2391	 +1.0695	 -1.2061	 -4.4284	 -3.5591
 +2.3578	 -3.8667	 +3.7159	 -2.3030	 +2.3362	 -2.6496
 -1.7890	 +1.7926	 +0.9953	 +2.5890	 +0.8629	 +2.0025
 +4.0198	 -0.7898	 -9.5297	 -2.2632	 -3.1470	 -2.0262
 +0.2321	 -0.0858	 -1.6066	 +3.0247	 -3.0680	 +0.2506
 -3.3996	 +3.3521	 -2.8974	 -0.2776	 +5.8373	 +2.6475
 +0.2232	 -3.2673	 +3.4186	 -0.7465	 +4.0630	 -1.6573
 +2.7935	-16.5589	 -0.3303	 -2.0606	 -2.5659	 -3.9160
 -3.1112	 +0.6143	 -5.1121	 -2.7764	 -2.6614	 +1.4602
 -0.4310	 -0.1454	 +0.6184	 +3.0777	 +0.8502	 -1.2856
-17.8119	 -2.3159	 -2.5258	 -3.0485	 +2.9320	 -0.5810
 -2.3198	 +3.0159	+12.0077	 -2.1290	 -0.6558	 -1.8340
 +3.9404	+10.1324	-21.9964	 +0.8577	 +0.7211	 +1.0211
 -3.3136	 +2.3142	 +3.2170	 -2.7806	 -1.8184	 +1.0529
-12.5799	 -8.8579	 -8.3683	 +2.6198	 -3.2050	 -0.5855
 +3.5471	-12.9217	 -7.8819	 -2.7673	 +2.4688	 -0.2625
-37.7909	-60.0868	-57.2759	 -4.8348	 -6.2048	 -6.2494
 -3.7645	-14.8779	 +2.6176	 +1.2880	 -3.2164	 -1.3987
 -7.7881	 +9.4710	 -0.8923	 +2.8656	 +2.5897	 -0.8985
 +3.3576	 -8.9922	 -4.2098	 -3.5759	 +1.5882	 +0.0485
 +2.4566	 +2.4028	 -9.1756	 +2.0359	 -1.1068	 -2.1435
 +2.3517	 -2.5263	 -7.7345	 +5.9027	 +1.2885	 -3.1987
 -5.8027	 +2.1218	+45.7027	 -1.1579	 +1.0085	 -0.3417
 +0.8593	 -1.9116	 +5.8175	 -0.1901	 -3.6512	 -1.7459
 +9.5971	 -0.6293	 -1.4643	 -0.1109	 -5.1224	 -0.8603
 +1.4187	 +3.6273	 +0.5437	 -1.3665	 -0.2675	 +2.5595
-21.7407	 +5.2871	 -8.5693	 -1.7922	 +0.1068	 +0.2882
 -8.3756	 +1.9224	 -2.6324	 +3.1228	 -1.9732	 -0.4615
 -1.1612	+26.3866	+12.0854	 -0.3334	 -0.7959	 +2.0750
 +5.9920	 +6.4113	 -1.5705	 +0.4780	 -1.4513	 -3.8312
 -5.2859	 -7.4514	-40.6349	 +1.8048	 -0.9288	 +1.2421
 -4.3481	 -0.5436	+18.9236	 -1.8376	 -1.8909	 -3.4843
 +4.7671	 +1.4711	 +0.7085	 -1.8028	 +0.1820	 +1.6293
 +0.1282	 +6.3303	 +0.4224	 -0.8417	 +2.2447	 +0.3313
 +7.8189	-12.3287	-18.2309	 +2.7305	 -2.3115	 -0.0467
 -0.3736	 +7.4737	 +3.3012	 -2.3619	 -1.1607	 -2.9383
 +2.1824	 +7.3146	 +2.5176	 -1.7677	 +0.7941	 +1.6938
 +0.2021	 -3.2522	 -7.8893	 +4.8829	 -3.8531	 -0.3499
 -5.4906	 -5.5716	 +8.9615	 +1.5138	 -1.3887	 -1.6162
 -0.8779	 +7.4834	 -6.0070	 -3.5188	 +2.4429	 +3.1648
 +3.7801	 +0.8151	 -7.8440	 -2.7624	 -0.6820	 -0.2576
 -7.5553	 +0.7841	 +1.1252	 +0.1842	 +0.7060	 -4.4598
+18.5333	 -9.0719	+20.7469	 +0.6996	 -2.4141	 +2.0545
 +5.1830	 +3.4044	-12.5892	 -3.3899	 -1.7654	 -0.1712
 +3.1349	 -2.5974	 -4.2875	 -1.1577	 -0.1067	 -2.7963
 -6.9625	 -6.8916	 +0.8742	 -2.1777	 +0.4526	 -2.5494
 -0.7381	 +1.3620	 +3.4561	 +1.2616	 -1.5643	 -1.4756
 -2.1602	 +3.9612	 -1.7871	 +2.0524	 -1.6928	 -1.3734
+13.7241	 -3.2988	 +8.5759	 -3.4358	 +1.8965	 -0.9822
+12.0432	-10.4608	 +6.6525	 +6.4967	 -2.0425	 +4.1876
 -1.1030	 +4.4366	 +4.1131	 -4.1167	 -0.7091	 +0.0707
 +1.3854	 +5.0799	 +2.0003	 +0.4555	 +2.9025	 -3.6615
+17.6745	 +4.5530	-10.6747	 +2.3471	 -0.8485	 +0.0712
 -4.3065	 -8.2478	+14.5407	 -4.5832	 -0.4322	 +0.4300
 +9.2658	+14.3274	 -4.5974	 -2.6722	 -1.3346	 +0.5688
 -9.2362	 +3.9266	+10.9733	 -4.7559	 +2.9620	 +0.2436
-22.7362	 -7.7996	 +8.7675	 +0.8053	 +1.5653	 +0.0700
 -6.1975	 +0.0744	 -5.6275	 -1.3963	 -0.9861	 +2.8660
 +1.2205	 -5.9992	 -2.2574	 +0.4976	 -0.2473	 -2.1735
-12.6887	 -3.5354	 -2.2166	 -2.2639	 -5.1598	 +0.0031
-22.7513	+16.4792	 -8.9297	 +0.0233	 +1.9444	 +2.2616
 -1.4500	+13.6635	-17.3794	 +1.5538	 -0.0809	 +2.0211
-14.0869	 +1.2069	 -1.3651	 -4.5995	 -2.1636	 -0.8445
 +6.7373	 +8.0531	 +1.3337	 -1.1378	 +3.1339	 -0.0677
 -6.8990	 +0.5345	 +3.2859	 +1.9933	 +3.4159	 +1.2589
+35.7378	+18.7514	+29.4354	 +2.5800	 +0.9791	 +3.4026
 +4.0457	 +6.3617	 -9.5754	 -3.4755	 -0.8960	 +0.4146
 +3.2706	 +6.8953	 -4.7397	 +2.3087	 -2.5030	 +4.9986
-39.7304	+22.1099	 +5.7531	 +0.2656	 +2.0753	 +0.8586
 -1.2479	 -1.6401	 -7.1890	 +1.3786	 -0.7805	 +5.6127
 -0.5329	 +1.6771	 -4.1086	 -2.6276	 -2.5924	 +2.7185
 -1.2760	 -3.7341	-10.8141	 +1.6807	 -4.0729	 +3.8995
 -6.7351	 -0.8295	 -7.1817	 +2.4906	 +3.5035	 +1.9666
 -8.9384	+11.6443	-39.8327	 +0.5177	 -0.5216	 +1.8942
 -7.6204	 -8.5143	 -1.0344	 -0.9172	 -4.2361	 +0.0200
 +9.6932	 -9.5198	-11.0246	 -2.5183	 +0.0016	 +2.9343
 -2.0694	 +2.5315	 -8.5414	 -4.9619	 -0.0543	 +1.4931
 +5.2242	+11.2706	+18.7744	 +0.5684	 -3.3664	 +1.8785
 +1.6038	 +2.3592	 +4.2467	 +0.1450	 -4.6442	 -2.3759
 -6.5391	 +3.6897	 +4.2767	 -1.5102	 -2.5230	 +0.4382
 -0.4159	 -1.1086	 +6.3060	 +4.4299	 -0.1774	 -3.3975
 +4.6152	 -0.8246	 +9.1763	 -1.6187	 -0.3357	 +1.8014
 +1.5027	+17.5917	 -2.8300	 -0.7249	 +0.6187	 +0.1340
+17.2262	 -6.4518	-19.5180	 -0.5043	 -3.6846	 +0.4979
 -1.8035	 -0.4479	 -0.6953	 -0.4424	 -0.5920	 +2.8311
 -6.3948	-12.4499	 +1.9366	 +0.5356	 -1.9098	 +2.9644
 +4.6276	+14.5940	 -7.0506	 -0.9037	 -2.3212	 -1.9346
 +4.1985	 +3.1269	-14.4413	 +2.9448	 -1.1268	 -0.2273
 -2.6423	 -0.5308	 -5.2067	 +1.2655	 +2.8797	 -0.4847
 +3.1142	 +3.6334	 -5.5586	 +2.1972	 +2.7715	 -2.3386
 +6.1088	 +2.6550	 -2.9971	 +3.6224	 +2.6598	 +0.5984
 +4.6885	+16.1392	-15.6358	 +2.7608	 -0.3728	 -1.5342
 -2.9469	 +3.0445	 -3.8199	 -2.9609	 +3.5236	 +1.1756
 -3.6244	 -1.4433	 -1.3264	 -0.8999	 +1.5678	 +2.4651
 -6.4224	 -0.6541	 -1.3437	 -1.1769	 +2.6475	 -3.4649
 -1.6558	 +5.0634	 +1.7476	 +1.6374	 +2.8764	 +2.2815
 -4.3461	 -4.4664	 -1.6715	 -0.4345	 -3.3093	 +3.0979
-13.7599	 +3.3685	 +3.8208	 +2.1468	 -0.5189	 +0.8351
+16.7596	-19.9860	 -1.3417	 +1.2389	 -1.0905	 +0.1470
 +5.2436	 +2.3865	+16.2007	 -0.7081	 -1.4316	 -0.6289
 -0.5850	 +7.5940	 -1.0871	 +5.1400	 -0.4212	 -1.1431
 -4.7816	 +1.3593	 -1.1968	 +0.5317	 +0.0222	 +2.8264
 -0.6574	 +2.1624	 -5.2755	 -1.5024	 -1.4005	 -5.2248
 +9.7585	 -1.0157	-24.0837	 +3.9682	 -0.4282	 +0.0617
-20.5101	 -2.6725	+31.6378	 -0.6290	 -1.0509	 +0.2456
 -1.5009	 +1.0346	 -0.8621	 -2.0453	 +0.7233	 -3.4466
 -0.5168	 -0.0988	 -3.4772	 -2.2806	 -2.0519	 +0.2495
-12.4783	 -5.2157	 -5.4494	 -0.6520	 +1.5203	 -1.2767
 +0.4554	 +3.1544	 +3.6727	 +2.3869	 -3.8401	 +3.3720
-28.5201	 +9.1620	 -6.3419	 -1.7619	 +2.6485	 +1.3198
 -2.6749	 -0.5476	 -1.2089	 +1.5787	 +4.4063	 +1.4849
 -6.3782	-45.4544	+59.1002	 -0.3375	 -0.6426	 -0.2980
 -1.2776	 -0.9121	 +1.0103	 -0.8038	 -2.4470	 -2.8068
 +9.5074	+13.5694	-16.8392	 -3.4062	 -2.9812	 +2.2697
 +8.7586	 +4.0166	 -3.4393	 +2.6198	 +0.2057	 +0.6287
 +0.4670	 -1.3703	 -0.4067	 -2.2348	 -3.6909	 -0.1963
+42.1495	 -0.4740	-22.5339	 -1.5351	 -0.1781	 +2.2947
+16.8321	-48.1141	+37.3232	 +2.4546	 -0.7559	 +0.4014
+102.8470	+48.3443	 -3.8487	 -0.2804	 -0.9619	 -1.6289
+16.8408	 -6.6417	 +2.1041	 -1.7205	 -4.3651	 -1.3011
+35.3817	+58.2463	-31.8104	 +0.8099	 -1.0759	 +0.3607
 +0.9436	 +2.0512	-11.0845	 -2.2877	 -1.8994	 +1.9406
 -0.5325	-15.6082	 +3.6706	 +4.1787	 -0.4727	 -1.3946
-24.6253	 -4.6784	+40.2473	 +0.0724	 -0.3405	 +2.6085
+18.0204	+55.5612	-40.3155	 +0.3957	 +1.8599	 +1.0929
+17.7964	 +1.8619	+14.9040	 -0.3236	 +1.2540	 -4.0616
-15.9301	 -9.7186	 -9.1500	 +0.5781	 -2.9138	 -2.0240
 -9.6081	 +6.8081	 -2.1918	 -0.7429	 -0.0624	 -2.1853
 -8.5664	+17.0165	 +7.0209	 +1.7263	 -0.6352	 -0.9938
 -6.1942	 +0.7883	 +8.9382	 +1.8164	 -0.8412	 +2.2951
 +6.5217	 -4.2166	-10.9614	 +1.6213	 -2.9879	 -2.0456
+10.9800	 -1.0668	 -1.6585	 -2.6742	 -1.2543	 -1.0470
 -3.4985	 -2.0410	 -3.6333	 -1.0614	 -3.4730	 -3.4950
 +2.3099	-15.9868	-15.7212	 +1.3405	 -0.1917	 -2.2201
 -3.5107	 -7.0307	 +5.1892	 +0.9621	 -3.8553	 -2.6947
 -5.0889	 -4.9069	 +6.3557	 +2.6748	 -3.6614	 +4.2200
 +2.1126	 -8.5696	 -0.5126	 +2.0446	 -3.6175	 +0.7937
-12.5623	+13.4164	 +4.7609	 -1.4232	 +2.5589	 +2.9189
 -6.7248	 +5.2123	 +4.3622	 -0.0282	 +1.2975	 +1.9563
 +0.0794	 +1.9342	 -1.6851	 +0.4177	 -0.9316	 -3.3187
-14.4804	+14.0483	 +0.3653	 -0.6052	 -0.3244	 +0.0310
-13.2241	 +1.7190	+22.9207	 -0.6348	 +0.8090	 -0.2120
 -9.1265	+10.8701	+14.4633	 +1.2758	 +0.5240	 -2.2249
 -2.8249	 +7.3702	 +5.5255	 +0.3700	 +3.7281	 -0.4389
 +1.2376	 -2.8500	 +5.2767	 +1.8329	 -2.3608	 +1.2837
-13.4115	+29.7360	+11.5725	 +1.5793	 -0.8966	 -0.3069
 +4.2462	 +6.7430	 -2.2243	 +3.9420	 -0.7081	 +3.1576
 +5.6482	 -5.7882	 -4.0482	 +3.1431	 +4.4360	 +1.6836
+25.9505	 -4.8335	 +4.1515	 -1.3288	 -1.3435	 -1.0575
 +8.0035	 +0.7423	 -9.1053	 +0.1272	 +2.1710	 -2.6711
+10.0134	+31.8256	+27.2514	 -0.0667	 +3.3472	 +2.2053
 -5.3892	+64.2101	+33.9959	 +0.8382	 -0.5864	 +0.8694
 -7.2258	 +6.6772	 -6.9523	 -5.4480	 -1.5299	 +1.6092
 -7.2996	 +8.3370	 -5.2818	 -2.0365	 +3.6524	 +0.0360
-18.4240	-18.2884	+31.1978	 -0.0234	 +1.9981	 -0.4750
-19.3567	+25.4098	+13.1851	 +2.5435	 -1.6694	 -1.6060
 -1.2394	 -3.3072	 +1.0894	 -0.7755	 -1.7245	 -1.4779
 +2.9546	+16.1532	 +2.6595	 -3.3260	 +1.9767	 -1.2590
-20.0491	 -4.0716	 -3.9515	 +1.7726	 -2.2607	 -2.3676
+16.6755	-26.2317	+17.7700	 +0.7688	 -0.0021	 +0.4821
 -8.7138	 +1.7719	 -1.4190	 -3.1003	 +0.0372	 +3.1779
 +6.6112	 -8.4455	 -2.4867	 -4.9321	 -0.5066	 -2.1122
 +0.6021	-49.5395	+115.1733	 -0.3110	 -1.3411	 +0.2261
+19.8407	 -4.9568	 -1.5212	 +2.9231	 +2.3433	 -0.3469
 +9.0817	 +8.4615	 -4.2431	 -3.3846	 +1.0109	 +3.4285
 -3.0279	 -1.2298	 +4.1183	 -0.8350	 -3.5848	 -0.7004
-27.7735	 +7.3823	+22.0426	 -0.9930	 +1.3854	 +1.5507
+14.0450	 +6.6544	+14.6772	 +1.5870	 -0.4876	 -0.5482
 -2.9095	 +8.4669	 -4.5435	 -2.2281	 -1.8497	 +4.0639
 +3.7449	 -6.4261	+24.2153	 -2.3726	 +2.1588	 -2.8104
+16.2223	+13.6596	 -8.8703	 +0.1242	 +2.0808	 +3.0002
 -3.4681	+10.0001	 +6.2540	 -0.4337	 -1.0792	 +1.6004
 -2.9838	 -8.1218	 +2.2597	 +2.5659	 -4.0691	 +2.4591
 -0.7729	 +2.6520	-13.6202	 +4.1482	 -3.9836	 -0.6521
-16.6869	 +9.6062	 -2.0744	 -0.6130	 -2.9330	 -1.5025
-20.1262	 -3.7525	-10.2703	 -2.2244	 +2.5905	 +1.4477
-28.3100	 +3.7317	-16.3986	 -0.5793	 +0.3001	 -0.2113
 -3.0871	+14.1144	 -6.6541	 +0.1662	 -2.6682	 -4.1688
 -7.3601	-24.6192	+19.6734	 -0.8593	 +1.2392	 +2.0420
 -5.6856	 +4.6968	 +5.2704	 +0.8292	 -0.3129	 +2.0837
 -3.1323	 -0.1087	 +3.5137	 -1.1005	 -1.3127	 +2.4818
+11.9515	 -6.9345	 +8.0663	 -0.2746	 -0.8085	 +0.5154
+13.7046	 -9.5799	-12.4314	 -1.7586	 -0.2565	 -0.0661
 -1.0677	 +2.9466	 -6.4934	 +1.7266	 +4.1886	 -0.1855
+31.3485	 +0.1951	-14.3422	 +1.4873	 -0.5298	 -3.2696
 -7.2808	 -1.6809	-14.7046	 -0.5062	 -2.5641	 +0.9093
 -3.0066	 -1.8980	 -2.1881	 +2.0387	 +2.4228	 -0.3958
+12.1395	 +2.9623	 -9.1267	 -2.0054	 -2.0954	 +0.1915
 +0.5959	 +3.9319	 +2.8216	 +3.0006	 +0.8883	 +2.4481
 +1.4314	+14.0125	 -4.5774	 -3.5751	 -3.8909	 +0.7642
 -2.3682	 -4.8362	 -1.5236	 +0.2682	 -3.0865	 +2.7480
-14.0644	 -1.4018	 -5.7677	 -2.4099	 -4.7885	 +0.9244
 +7.5433	 -3.5350	 +4.0036	 +0.0463	 -2.0404	 -0.9123
 -4.0497	 +2.9403	 -7.4850	 +1.3306	 -0.1376	 -2.5419
 +6.1099	-12.3918	+22.4870	 -1.2894	 +1.1859	 +1.3217
 +3.1978	 +4.3465	 +8.9156	 +0.2963	 -1.4265	 -0.0287
 -2.4007	-36.9460	-14.5832	 +0.5141	 +0.5515	 -1.4299
 +9.9086	-20.8860	 -0.4472	 -0.6597	 -0.7345	 +2.0830
 -6.3666	 -5.3398	 -4.8200	 -3.3298	 -0.2310	 +0.1673
-34.1163	 -7.7319	+11.7619	 +0.0150	 +0.6886	 -1.2570
 -4.9368	 +4.0524	 -7.3090	 +5.4658	 -1.4616	 +1.5498
 +3.2620	 -1.5058	 +3.3171	 +2.7315	 +4.7458	 -2.9917
-10.0040	-25.1807	 +2.8112	 -2.3832	 -1.8192	 -0.8714
 +3.9004	 -6.5790	 -1.8614	 -1.8228	 -4.5687	 -3.2381
 -5.7721	 +9.2967	-16.5744	 +2.0938	 -1.1273	 +0.8072
-10.0855	+12.0976	-10.9939	 +0.1070	 +0.7234	 -3.2277
 -8.9403	-11.4244	 -0.0048	 +2.9636	 +0.0551	 +0.5474
 +2.7773	+41.6949	+13.2246	 -0.5312	 -0.8831	 +2.1870
 -0.5783	 -6.9467	 -7.9028	 +1.1020	 +0.6019	 +3.4124
 +5.9316	 -0.4214	 -1.9700	 -1.2059	 +5.0210	 -0.0281
 -1.0809	 +4.0572	 -5.9468	 -1.1480	 -2.2942	 -2.0984
+86.3180	-39.3734	+34.5623	 -0.2545	 -0.7713	 -1.5637
 +3.4619	 -9.1974	+14.5039	 +2.2987	 +1.9932	 +1.7539
 -6.3582	 +6.8560	 -3.0347	 -0.5464	 -0.8914	 -2.8848
 +4.1981	 +2.2506	 +3.1663	 +0.3871	 +2.8915	 +0.6337
 -0.3646	-13.5715	 +4.0113	 +1.2048	 -0.9709	 -1.8190
 +7.7342	 -0.8123	 -5.7278	 -3.8047	 -1.0121	 +2.6231
 -1.3845	 -2.2035	 +2.2898	 +2.1908	 +4.5349	 +1.5542
 +5.6374	 +7.9907	 +1.2622	 +2.5586	 -0.5484	 -2.1998
+14.4051	 -7.7068	 +8.4224	 +0.0266	 +0.3160	 -3.8181
-12.0647	 +9.9711	-16.7219	 +1.7923	 -1.5588	 -1.5239
 +8.6584	+17.7453	+53.5380	 +0.2056	 -0.1074	 +1.5561
 -0.8835	 +1.4829	 +1.3339	 -3.1252	 -2.6606	 -6.4765
 +5.9820	 +2.0622	 -3.2060	 +2.2648	 +3.1234	 -1.4818
 -8.2919	 +2.1919	-22.1628	 -2.2324	 -0.6752	 -1.5663
+10.5252	 +3.4067	-18.8374	 +2.2072	 +2.2441	 +0.8002
+24.5540	 -1.0695	 -0.8851	 +1.3470	 -0.7212	 -2.4712
 -3.2967	 -0.0514	 -4.5299	 +4.7262	 +1.6368	 +3.9461
-68.7541	+33.7458	-12.1463	 -1.7082	 +0.7491	 -0.9215
 +0.2217	-14.7893	 +2.2066	 -0.0050	 +3.8233	 -0.0918
+34.4258	 -5.1686	 +2.9009	 +1.9446	 -2.4454	 -0.7202
-24.5752	 -1.9407	 -3.8072	 -0.5768	 +0.2745	 +0.9287
-11.9229	 +1.7228	 -8.2912	 -1.6605	 +0.5954	 +1.8817
 -3.0933	+14.6102	 -9.7512	 +1.1137	 +1.5386	 -2.2164
 +7.9771	 +0.4843	 +2.8173	 -1.2942	 -3.5275	 -1.0927
 -9.1830	 -5.1383	 -6.1595	 +0.1513	 +1.8388	 +2.8650
-78.8447	-169.1906	+24.8211	 +1.1569	 +0.1315	 -0.1162
 -3.0249	 -4.1994	 -2.2102	 +3.4088	 +3.4873	 +3.7679
 +7.2590	 -3.7505	 -5.2723	 +0.2619	 -4.1246	 +0.8112
 -1.8830	 -9.4685	 -4.9027	 +1.1366	 +0.5542	 +0.2593
+15.7901	-12.4231	 +9.5053	 +0.5736	 +1.0969	 -2.4591
 +6.5724	 +2.2436	+24.4202	 +1.9720	 +0.3493	 -0.9317
 -0.9439	 -4.3716	 -5.3847	 -0.7489	 +0.4455	 +1.4319
 +5.1334	 -3.5445	 +2.9884	 -0.5996	 -1.5223	 -3.8903
+10.9239	-22.8253	-10.3135	 +1.7063	 +1.7259	 -3.2607
 +5.5242	 -2.7714	 -2.5497	 +3.9791	 +0.9203	 +2.0505
 +0.9580	 -0.2779	 -5.3651	 -1.9162	 -2.0896	 -1.0132
 -4.9916	 +6.0907	-10.5609	 +2.0675	 -3.8017	 +0.3352
 -3.7593	 +2.7779	 -2.8148	 +2.8300	 -5.0193	 -3.2608
-11.1908	 -3.3049	 +0.2872	 -0.7585	 -1.8715	 +0.3274
 +7.8575	 -5.3999	 -9.5964	 +1.5096	 +0.8386	 +1.7213
 -7.3636	+18.1930	+18.8262	 +0.1476	 -2.4178	 +0.7913
-16.3721	 +5.9077	 -3.9185	 +1.8066	 +1.0275	 -1.4170
 -4.9763	 -5.3755	+14.5240	 -1.1895	 -0.0664	 -0.5754
 -3.2828	-15.3423	 +7.6019	 -0.9244	 -5.2388	 +0.8187
 +1.7940	 -0.4768	 -2.9241	 -0.9124	 +4.3677	 -7.4993
-18.5110	+13.8496	 +6.3444	 -2.9579	 -0.6326	 +2.8766
 +1.0325	 -3.8329	-24.1814	 +1.5270	 +0.7347	 -0.0225
 +1.4455	 +1.5011	 +4.2459	 +2.0575	 +2.3484	 +4.4364
 +9.2271	 -5.1271	 -4.5360	 +4.1585	 +1.9884	 -2.2955
 +0.7121	 -0.2022	-19.7669	 +2.8118	 -2.0490	 -3.5902
-32.8622	+42.0682	-72.5809	 +1.3089	 +1.6591	 +0.5369
 -5.9605	 -7.6728	 -4.4838	 +4.4913	 +0.5883	 +0.7834
-19.6296	+14.2428	 -4.8658	 -0.8275	 -0.0893	 -0.6156
 +1.3922	-12.0192	 +8.4870	 +0.0228	 -2.5443	 +2.1253
+11.6417	 -2.5238	 +1.3536	 +3.5714	 -2.8917	 +0.2990
 +6.2625	 -7.8490	-12.1944	 +0.5771	 +1.0713	 +0.6080
 -0.9994	 +0.8321	 -0.6110	 +1.8740	 -0.8133	 -1.0916
 +2.0758	+18.5019	 +7.4698	 -0.2111	 +0.7889	 +4.6257
-13.7791	 -9.1244	 -6.9701	 -3.2906	 +0.8531	 -0.3719
 -6.2731	 +1.8939	 -0.0464	 -1.7838	 +1.2353	 +0.9235
 +2.8712	 +0.8091	 +3.3628	 -2.9281	 +0.6099	 +3.1244
 -4.6421	 -2.7239	 -2.8937	 -2.8020	 -1.1003	 +7.4834
+15.7291	+32.0508	+78.4707	 -1.2307	 -0.8562	 +0.5037
 -2.6969	 -5.9579	 +9.0067	 +3.1213	 +3.7733	 +2.8378
+16.2191	 +6.2418	 +9.9415	 -1.0142	 +0.9925	 -2.7303
 -1.9988	 +0.6230	 +1.0494	 -3.9291	 -0.9389	 -2.4775
-13.2615	 -7.0126	-14.8319	 -1.3805	 +0.9085	 +0.4634
+56.9008	+29.1809	+40.5399	 -1.2813	 -0.0857	 +0.2898
 +1.4968	 -9.9831	 +0.7012	 +1.0308	 -0.8526	 -1.7578
 -0.5677	 +6.1486	 -7.1084	 -0.4811	 +2.8372	 +4.0559
+13.4015	 +5.3882	 +4.7380	 -0.1868	 -1.6509	 +2.7944
 +4.2533	 -4.9406	 -2.2345	 +0.0316	 -1.7979	 +1.7103
-13.3383	 -4.6345	+22.4341	 +3.7194	 -1.1608	 -0.4683
 +0.1107	 -8.0176	 +4.5598	 +0.6319	 -2.9443	 +0.6367
 -3.3346	 +1.1012	 -3.2902	 +0.3142	 -4.9106	 +4.2827
 +3.8194	+20.1811	 -3.6909	 -1.1435	 -1.7551	 -0.0609
 +3.1626	 -0.6885	-16.7371	 -2.5254	 +0.7151	 -4.2445
 +4.9059	 +5.0732	-12.0724	 +0.0561	 +3.2850	 +2.8358
+21.2079	 -7.6614	 -5.4740	 -0.1952	 +1.7636	 +0.0208
 -5.7295	+11.1748	 -9.3155	 +1.2124	 -0.4843	 +2.0548
-24.2273	 -0.2864	-24.1873	 -0.3888	 +2.2006	 -1.1572
 +2.0947	 +8.1968	-12.6825	 +0.1388	 -2.0890	 +1.8365
-16.7304	+39.3372	-13.7293	 -1.4120	 +1.3941	 +1.9328
 -2.6001	 +4.1055	 -8.9785	 -2.3502	 +0.5501	 -3.8756
 -5.3736	 -4.2482	 -5.2752	 +5.6919	 +1.1464	 -1.9257
-11.5292	 -5.1441	 +2.2707	 -1.4558	 +0.2577	 +2.2450
 +0.5002	+17.4026	 -0.1504	 -0.5344	 +1.6721	 -3.1278
 -0.5569	+15.0326	+12.9076	 -2.5794	 +1.7069	 -0.3080
 -5.8799	 -0.0662	 +0.8231	 +0.5723	 -1.3736	 -0.6630
 +4.9379	 +8.0225	 -0.7298	 -1.4905	 -3.1020	 +2.7702
 -9.8387	 -9.9435	 -3.6727	 -2.1362	 +0.2692	 +4.8920
 -3.8495	 +2.3935	 -1.5248	 -1.7129	 -5.8257	 -1.9949
 +4.8394	 -6.4370	 +4.2034	 +1.8593	 +2.0628	 +3.2169
 -1.8727	 +2.6891	 +1.4170	 -0.3598	 +1.5677	 -1.9150
-24.0772	-14.1388	 +5.6572	 +0.9161	 -1.4077	 +3.6215
 -4.9514	 -4.8928	 +2.6241	 +0.0160	 -0.5814	 +1.0234
+31.7639	+10.0780	 +4.9591	 -0.7975	 -0.5117	 -0.2910
 -3.3148	 +1.9557	 -8.6156	 +2.3453	 +3.8892	 +1.5257
 -1.4420	 +6.8049	 -6.4270	 +3.4162	 +0.9838	 +3.8635
 +3.1456	 -8.8820	 -7.8813	 +1.5966	 -4.6724	 -1.6789
 -1.9293	 -1.8937	 -0.2022	 +0.1183	 +1.1200	 +3.2780
+10.4950	 -3.0010	-13.3348	 +2.2391	 -1.5047	 +3.0321
 -5.8358	 +7.7596	 -8.4120	 -0.3864	 -0.3197	 -1.3199
 +2.8788	 -3.8611	 -1.4460	 -3.0625	 +1.6196	 -2.2803
 -1.1194	 -0.6918	 +2.8554	 +1.7015	 +1.5401	 -4.5119
-17.7640	 -8.0237	 -2.9583	 -3.6491	 +3.0419	 -0.2110
-79.7505	+42.5831	+31.0293	 +0.6061	 -0.1598	 +0.4321
+14.8791	 +8.3645	-13.6594	 -1.2604	 -1.9753	 -1.8985
 +0.8022	 -6.0701	 +1.3882	 -3.7938	 -0.8887	 -3.2381
 +7.2855	 -2.8198	 -7.8047	 +1.0572	 +3.0455	 -1.6154
 -4.5136	 -5.4884	 +3.0953	 -0.3493	 -1.8964	 +2.5102
+23.1126	 -7.3686	 +0.7444	 +1.8969	 +0.2115	 +1.2915
 +3.1282	+25.7589	-37.8831	 +0.8926	 +0.3129	 +0.5553
 +2.7370	 -7.5615	+19.2153	 +2.1944	 +3.0090	 -0.4920
 -8.8700	 +1.6960	 -5.6134	 +0.3284	 +2.0779	 +1.3142
 -3.5559	 -5.2520	+10.4540	 -0.1472	 +0.8811	 +3.9087
 +1.0092	 +0.8095	 -4.9052	 +2.2987	 +0.6738	 +2.2784
 +5.7934	 -0.6603	 -4.6327	 -0.9664	 +0.0260	 -2.1893
 +1.5888	 +2.5002	 +5.9229	 +4.8041	 -3.3194	 +0.6979
 +2.7331	 -3.4817	 +0.5862	 -6.0490	 -1.3025	 +0.8654
 -0.0997	 -0.3333	 +5.7795	 +0.0956	 +1.3791	 +2.3042
 -7.6747	 -9.5900	 +7.8290	 -4.0602	 -1.6425	 -3.8217
+12.1407	-17.5453	 +1.0623	 -2.2918	 +1.0220	 +1.7442
 +1.5416	 +5.7501	 +4.6675	 -2.2279	 -1.3260	 +3.3134
 -6.8426	 +3.5792	 +1.1233	 -3.6262	 +1.1339	 +1.8722
-13.4872	 +0.8363	 -1.2492	 -5.2546	 +1.6630	 +0.6327
 -7.7529	 -2.3598	-19.0138	 -2.0257	 +0.7731	 +1.9784
 +1.6435	+13.8331	 +2.1787	 +2.0623	 -0.2686	 +1.1684
 -7.3307	 +6.5804	 -6.2331	 +3.5632	 +4.0181	 +0.9903
 -0.1200	 +2.0162	 +3.6605	 +0.6568	 +2.2460	 -3.3903
-12.3729	 -5.6078	 +6.1036	 +2.0507	 -3.1399	 +1.4755
-12.2726	-14.2987	 +4.9491	 -3.3791	 +2.5838	 +0.7908
-19.6698	 -7.0997	-21.9675	 +3.3195	 +1.8421	 -2.4811
 -8.0642	 +2.5137	-11.3555	 -4.7617	 +0.6586	 +1.6861
-11.1831	-24.9060	-24.4686	 -1.3393	 -1.9510	 -0.7735
+10.6983	 +7.6558	 +7.4654	 -1.5596	 -2.5003	 +1.1763
 -8.4038	+12.3868	 -4.5561	 -3.5812	 -2.2657	 -1.6836
 +6.7616	 +8.7751	 -5.0910	 -0.3488	 +1.0646	 -2.5734
-36.7051	+29.1854	+35.8496	 +0.7561	 -0.0627	 -0.5610
+18.9022	 -2.9273	-13.4716	 -2.4095	 -0.1191	 -0.8845
 +6.6485	 -2.1099	 -7.7676	 +1.8780	 -2.0538	 +1.1304
 -5.6691	 -9.3347	 +3.7143	 +2.0421	 -1.6779	 -3.9110
 +3.0885	 +6.1518	 -3.4047	 -0.6374	 +3.1788	 +2.3672
+10.0860	+14.1518	+12.8373	 +0.4130	 -1.5327	 -1.2804
+18.0972	 -4.1426	 -8.2696	 -4.4015	 -0.8111	 +1.1944
 +0.3669	 -1.7683	 +1.0877	 +0.6386	 +4.9341	 -0.4282
 -0.9342	 -8.9586	-13.0469	 +3.3100	 -2.4555	 -1.0599
-11.6660	 -9.3959	-16.2499	 +0.8833	 +1.7246	 -1.2321
 +4.6500	 -5.7480	 +1.1263	 -1.0940	 +4.7280	 +4.7638
 -1.5761	-10.7780	 +0.5128	 -0.9969	 +1.9296	 -1.8426
 -3.4399	 +1.9366	 +1.6522	 +5.2402	 -1.6820	 +3.1996
-84.2818	-30.0606	+69.0536	 +1.6431	 +0.2512	 -1.4465
 -1.5550	 -9.0311	+10.1046	 -2.8801	 +2.9554	 +0.9326
 -4.0120	 -0.3824	+39.6549	 -1.4699	 +3.5881	 +1.1444
 +5.0445	 -3.6252	-16.1088	 -1.2959	 +4.1633	 +1.5259
 -2.6383	 +0.8207	 -1.2469	 -3.9450	 -2.2681	 -0.7219
 -9.2926	 +6.8529	 +3.7131	 -1.7987	 -0.4588	 -0.3597
 -7.7741	 +2.4728	 +3.4743	 -0.3584	 +4.7741	 -2.3325
-14.5811	 +2.5001	 -5.9262	 +1.3624	 -1.9450	 +0.2406
 +2.9647	 -7.7988	 +2.9425	 -0.6989	 -2.3478	 -2.9392
+14.5657	 +0.2628	 -8.0841	 +2.2525	 -2.1556	 -0.1981
-10.9204	+14.7308	 +9.5786	 -1.3350	 +1.2844	 +3.0264
 -2.1059	 -4.1206	 +6.2952	 +2.0190	 +0.3578	 -1.1156
+11.9117	 +0.7288	 -3.0639	 +3.1610	 +0.6159	 +0.6056
 -1.9456	 +9.6725	 -6.6289	 +0.2183	 +2.5689	 +0.1015
-15.5430	-18.1904	-33.9241	 -0.1794	 -0.3430	 -1.3288
 +2.1986	 -2.3929	 -2.2625	 -1.4107	 +0.5660	 +1.4746
 -7.7719	 -9.4823	-25.9616	 +1.3155	 +1.8014	 +0.5301
-46.1907	+11.8956	+37.4255	 +1.9484	 -1.0576	 -1.4530
-35.9432	-16.1843	 +9.6507	 +2.7467	 +1.7964	 -1.0154
 +1.4366	 -1.8445	-17.5601	 -1.0172	 -2.8302	 -0.9896
 -3.8042	 +2.3802	 -6.4953	 +0.2690	 -1.5702	 +1.6969
-69.4078	-124.0178	+117.7795	 +0.7197	 +0.1573	 -0.1817
 +2.4759	-15.4930	 -2.6781	 +1.3092	 +2.7755	 +0.6145
 +3.4341	 -9.1729	 +3.0259	 +2.4666	 +2.8478	 +3.6552
 -0.5375	 +1.2454	 -4.5737	 -2.7359	 -3.6044	 +2.8988
-15.3707	-25.8941	-23.4531	 +3.4135	 +0.8706	 -0.1512
+16.4792	 -3.0076	 +3.5563	 +0.7749	 +0.3533	 -0.4251
 -5.2047	 +1.3003	+17.0041	 -0.3260	 +0.0601	 +0.0391
+21.0768	 -0.4996	+45.3488	 +0.7327	 +2.8342	 -0.0701
 +6.0445	 -2.7110	+10.3502	 -1.8836	 +0.8706	 +1.7039
+10.3155	 +2.5134	 -7.1181	 +0.0581	 -1.7164	 +2.0267
 -8.3104	-12.0686	+25.7236	 -0.8223	 -0.2142	 +2.1903
+11.7224	-15.4246	 -7.7928	 -0.5261	 +1.5158	 -3.5219
-26.2097	 +1.8426	+24.4388	 +0.3766	 -1.2470	 -1.1101
-17.9326	 -8.3078	-10.3524	 -0.8103	 +2.3494	 -2.5062
 -3.1078	 +0.8431	 -5.1671	 +1.9264	 -1.8015	 -3.0072
 +9.1614	-10.6442	 -5.1569	 -3.3149	 -0.0953	 -0.3249
 -4.0460	 +5.7517	 +9.1380	 -1.2951	 +0.1065	 -3.0922
 +5.8161	 +9.2019	 +6.6971	 +2.1882	 +2.5668	 +1.4285
 -4.6187	 +4.6845	+10.8552	 -0.3503	 -2.5780	 -1.2071
 +1.5731	 +3.5647	 -8.3684	 +6.0476	 +0.4079	 -2.8146
 +5.9339	 +6.9124	 +6.5380	 -0.7528	 +3.3608	 -1.3162
 -2.3701	 -3.1917	 +0.7701	 -4.8106	 +1.5559	 -3.4860
-15.1207	+11.7204	 -9.2714	 +4.1515	 -1.7145	 -1.4989
 -2.1180	 -4.6047	 -5.6481	 -2.4177	 -3.3899	 +0.4329
 -1.2301	 +2.5550	-13.7172	 -2.1283	 -1.4460	 -3.7209
 -7.1458	 -6.2810	-11.5210	 +1.6006	 +1.3017	 -2.8806
 -6.8603	-11.8606	-16.5396	 +1.9459	 +0.6124	 +1.2113
-23.8310	+19.8656	-63.7732	 +0.6986	 -1.6922	 +1.3927
-12.4784	+12.8830	 +8.5599	 -0.9219	 -3.8753	 +0.6741
-37.2229	+66.3104	-48.1711	 -1.9494	 -1.1313	 +0.5023
 +7.0016	+13.1394	 -2.5510	 -1.3872	 +1.3326	 -0.6036
 +7.4699	+14.7703	 -4.2033	 -0.7352	 +1.9067	 -3.0622
 -6.8155	+15.1486	+10.4812	 -0.3428	 -2.9656	 -0.3358
 +4.3193	 -6.8291	-28.6060	 -1.0856	 -1.1323	 -0.8392
 +9.6497	 +2.0322	 -6.5277	 -1.5241	 +1.0082	 -4.1357
-10.8444	 -3.8066	-12.8584	 -0.1033	 +1.8692	 +2.9321
 -9.3533	 -1.8074	 +0.6957	 +1.8275	 -1.8977	 -3.2977
 +3.4793	 -1.5848	 +1.3843	 +0.8746	 -0.2598	 +2.5077
 -6.0447	-17.6482	 -6.6004	 +0.7452	 +0.7780	 +2.4906
 +7.7599	 -8.3264	 +1.9840	 -2.7919	 -1.7052	 +1.4439
 -3.3788	 -8.6599	 +9.4108	 +2.7466	 +0.0385	 -2.6160
-22.4761	-14.7423	 -6.3418	 +0.3695	 -0.7501	 -1.9389
-16.3042	+10.8532	 +4.2928	 +1.2244	 +4.4815	 -1.0539
 +2.3672	 +1.1030	 -5.6469	 -3.4148	 +2.4687	 -4.3256
 -4.5995	 -4.3177	-12.0433	 -2.9288	 -0.7939	 -0.1184
 -2.1227	-13.4069	 -2.2678	 +2.7839	 -2.0581	 +0.8855
 -3.4174	-10.6677	 -6.7275	 -3.5656	 -1.3464	 +1.7021
-138.9442	-168.1322	+114.9034	 +0.4186	 +0.9404	 +0.0518
-12.9306	 +8.2285	 +0.1794	 +0.9712	 -3.1628	 +1.5777
-18.9554	+16.3259	+37.3259	 +0.1431	 -3.0222	 -1.4409
-11.4890	 +1.6876	+18.5628	 +0.4397	 +0.8003	 -0.8901
 +7.8865	+73.0261	-77.3385	 +0.0402	 -0.2953	 +0.6521
 -6.4009	-14.9687	+11.4981	 +0.2386	 +2.8110	 +1.1143
 +3.8849	 -1.9321	 +1.2780	 -3.7917	 +0.5039	 +3.0639
 +7.2633	 +8.6531	-11.0980	 +1.1083	 -3.8006	 +3.4452
+26.2960	+13.3098	 -9.8870	 +2.0838	 +0.0122	 -1.1756
-12.5314	+16.4371	 -6.4723	 +2.7749	 +1.5252	 +0.6300
 +6.9458	 -0.6537	 -4.8298	 -0.0351	 +3.5741	 -1.1466
 +1.8394	 +7.8979	-10.3772	 -0.2128	 +0.0232	 -2.6731
 -5.1416	 -0.7370	 -3.7833	 -2.1256	 +0.0350	 +1.5431
 -4.1242	 +4.0452	 +5.6511	 +0.5793	 -0.8612	 +0.6129
-12.2935	 -4.8264	 -5.4797	 +4.6305	 -1.8400	 +0.4878
-12.9885	 +8.5512	 -5.2461	 +2.5783	 -2.7522	 -0.4006
+11.1979	-12.2475	 -4.6797	 +3.9092	 -1.8246	 -0.4186
 +3.6309	 +5.5680	-28.3955	 +0.0567	 +0.3328	 +1.8552
 -7.2713	 +2.4787	-11.5128	 -3.0229	 -3.8836	 +1.7902
 +3.8087	 +7.4011	 +4.9847	 -0.8144	 -4.5155	 +3.2690
-10.7935	 -0.2529	+15.9093	 +0.5367	 +1.2266	 -0.8987
-30.0911	 +1.3103	+24.2496	 -0.0076	 +1.1662	 +1.1983
 -7.4736	 -6.6460	 +1.3468	 +1.6610	 -2.0101	 +2.2009
 -5.8489	 -3.5177	 -5.4030	 -3.8366	 +3.9832	 -3.0421
 +0.3834	 +9.8997	 -3.3847	 -0.0993	 +2.2252	 -0.3000
 -4.4754	 -4.6407	-12.5387	 +0.7879	 -3.7818	 +0.1293
 -2.1326	+10.5989	 -8.9274	 -1.9390	 +3.4117	 -2.4597
-15.2872	-12.7913	 -9.3733	 +1.4919	 -1.5583	 +0.0031
-10.1148	 +7.3345	 +1.0156	 +0.6581	 +2.4460	 +3.1410
+18.1159	 -1.7236	-12.5745	 -0.3845	 +0.4899	 -1.0122
 -5.7135	 +0.1914	 -2.8886	 +5.6550	 -2.9591	 +1.2169
 +0.9920	-11.2649	-10.9263	 +2.2081	 -1.5592	 -1.5005
+15.6546	 +3.1772	 -3.1263	 +0.1337	 +2.8548	 -1.8837
 -2.5336	-13.3789	-12.0460	 +0.4652	 -0.1455	 +0.7658
 -0.4897	 -8.7497	-12.9951	 +0.6320	 +0.9943	 -0.8361
 +9.2269	+17.1455	 +6.4574	 -0.7331	 -2.4491	 -3.7423
 +8.8819	 +7.1566	 -8.4156	 -1.7322	 -1.0172	 +0.2787
 +9.1317	-12.0814	 +3.4994	 +1.9097	 +1.3414	 -0.0998
+37.1259	 -1.2744	-16.2880	 -0.2463	 +1.3280	 -2.0419
 -3.4216	 -1.5142	 -6.6579	 -3.6130	 +3.2450	 -0.6851
 +2.9528	 +5.0063	 +2.9200	 -1.3440	 +1.2604	 -0.8906
 -3.9805	 -1.4763	 +0.0478	 -2.2996	 -3.0029	 +5.0137
+11.3283	 +1.9469	 -3.4787	 +0.1626	 +0.9662	 -1.5498
+13.4528	 -6.0238	 +8.4364	 +4.1262	 +0.1094	 +0.1541
 -0.4712	 +8.4015	 +4.9202	 +1.6460	 +3.3416	 -0.4864
-21.6615	 +5.2352	 +4.2316	 -3.2581	 +1.8628	 -1.2531
 -0.5890	 +0.7313	 +0.2578	 -1.9411	 +1.5259	 -3.6438
 -0.0533	 +0.6456	 -0.1418	 -1.8939	 +0.2018	 +3.2110
-15.3413	 -9.1038	+13.0913	 -1.8767	 -0.3535	 +2.2647
 +6.2046	+42.4359	 -8.5371	 +1.9202	 -0.7797	 +0.4662
 -4.0979	 +1.6458	 +0.2544	 +2.2379	 +0.5223	 -2.5807
 +9.7138	 -2.6670	-10.1683	 +0.2200	 +1.5272	 +4.4679
 +0.0186	-19.4954	-17.4374	 +2.4033	 +1.4241	 -1.8839
-13.3692	+13.6431	 +0.1750	 -0.3912	 +2.0422	 -0.2931
 -9.6825	 -0.0449	 +0.8021	 +2.5627	 +5.5530	 -0.9897
 +1.3016	 -2.3007	 +4.6057	 +1.4253	 -1.3658	 +3.8559
 -6.6613	 -3.5787	 -2.1978	 +2.8257	 +0.8497	 -5.9847
 +0.3845	 -3.6963	+10.9353	 -0.8397	 -3.9358	 +0.5209
+13.1608	-14.6270	 -6.3951	 +3.5824	 +1.1037	 -1.6279
-15.2221	 -2.1499	+17.5228	 -1.5961	 -0.6404	 +1.0209
 -5.9732	 -3.6582	 -1.0009	 -1.2512	 -2.8277	 +1.9480
 +4.0682	 -1.2007	+33.0673	 -1.3281	 -0.6874	 -2.0224
 -8.2516	 -1.6244	 -1.6084	 -1.3824	 -1.4172	 -1.8432
 -3.7517	 -9.1011	 -6.4201	 +2.3062	 -1.0178	 +3.0387
 +4.2714	-22.6328	 -8.5909	 -1.5831	 -1.7729	 -1.9972
 +5.1019	 -8.3914	 -1.3365	 -1.5593	 +0.1091	 +1.2813
 +2.7973	 +1.9006	 +9.2931	 -0.8995	 +3.8957	 +1.8912
 +4.0557	 -6.3352	 -8.7937	 +4.3553	 +1.1113	 +1.6678
 +1.2388	 +4.6779	 -5.4231	 +0.1437	 +2.8131	 +1.7243
-61.4556	-14.3237	-23.9122	 +0.4938	 +0.4564	 +0.3663
 -2.5041	 +6.8530	 -4.9104	 -0.4629	 -0.3457	 +2.6612
 +0.8702	 +1.0274	-11.9234	 +2.3750	 -0.5829	 +2.7705
 +0.4641	 +4.0916	 -6.1502	 +4.0563	 -2.5350	 +0.0138
