# Iterations: 411 of 10000
# Total Energy: -6.601e+05
#    Kinetic Energy: 6.654e+05
#    Potential Energy: -1.325e+06
# Current Time: 2018-05-09 12:36:23.862108
# Elapsed Time: 0:59:40.224980
# 
# Med. Times for Sections
#    Force Computation:		6.700781
#        [6.7286976.6970496.6949526.7045146.7090296.6759637.6418888.3280296.6575736.636725]
#    Gather Particles:		0.000123
#        [0.0001220.0001240.0001220.0001120.0001130.0001130.0102110.0001310.0001370.000130]
#    Overall:		8.515113
#        [8.5317228.4962218.5302358.5166588.5135688.4898409.42928610.0485888.4591378.412320]
#    Scatter Particles:		0.002294
#        [0.0024920.0022030.0021930.0023840.0005870.0004250.0028470.0004840.0032120.002449]
#    Time Integration:		0.000114
#        [0.0001130.0001130.0001160.0001080.0001020.0001050.0032900.0001570.0001360.000114]
#    Tree Broadcast:		0.854445
#        [0.8600920.8601170.8722460.8669130.8412880.8614100.8428760.8380490.8487990.842599]
#    Tree Construction:		0.941359
#        [0.9401460.9365610.9605550.9425720.9623920.9517780.9281150.8816850.9492150.930243]
# 
# x	y	z	vx	vy	vz
# 
 +4.1171	 +2.4405	 -0.2570	 +2.8641	 +1.1183	 +0.7804
 +5.2883	 -7.5746	 -3.5601	 -0.2496	 +5.1283	 +2.8413
 -7.1575	 -9.5678	 +7.7024	 -1.0717	 -0.0628	 -1.8360
-30.1198	+21.2362	 +3.2994	 -1.3710	 -1.6005	 +1.1782
 +1.5072	-18.9850	 -4.2211	 +1.7016	 +1.1870	 +0.8404
 +5.0511	 +2.1872	-11.4972	 +1.6612	 -0.0009	 +3.5190
 +7.1307	-15.5891	-10.4664	 -2.5364	 +0.9907	 -0.0928
 +0.5837	 +4.0078	 -3.8809	 -5.1867	 -3.2435	 +1.7388
-19.1598	-28.1279	-11.2458	 +2.4196	 +2.4273	 +0.1267
-22.9844	+18.7659	 +3.3859	 -2.1458	 -1.5600	 +0.2385
-14.5120	+13.2575	+14.5398	 +3.1712	 +0.2643	 -1.4005
 -0.8505	 +4.1589	 -5.3535	 +2.7030	 +0.6998	 -0.8589
 -8.1665	 +7.3621	-12.0038	 -2.8277	 +1.3568	 +0.4667
+20.1485	+15.0536	-30.0018	 -1.8854	 +0.6711	 -0.4906
 +4.1020	 -0.9156	 -3.9523	 -0.9423	 +2.5592	 +0.4913
+13.2370	 -3.4396	 -7.0368	 -1.7752	 -1.7604	 -1.3035
 -5.3884	-12.2819	 +4.6442	 +2.2592	 -0.9790	 +3.2494
 -9.0658	 +2.2413	-19.2212	 -0.6526	 +0.6257	 +1.2013
 +5.4248	 -8.2308	 +0.7274	 -2.5195	 +1.1391	 -3.1340
+100.1643	-31.5371	+79.1487	 -1.4326	 -0.8190	 +0.1519
 +6.1128	 +5.7845	 -5.9335	 +2.2834	 +2.8837	 +1.8801
 -0.0628	-10.3298	 +0.6317	 +0.8168	 -0.4699	 +2.8918
 -3.8945	 +4.7838	 +2.5276	 -2.7656	 -1.5109	 +3.2378
 -8.6596	 +0.3222	+10.8426	 -0.1472	 +1.6157	 +0.6399
 +6.3187	 +5.7030	 -5.5624	 -2.2566	 -1.8766	 +1.8660
-41.4091	+27.7607	 -4.3916	 -1.5139	 +1.9271	 -1.2751
 -4.7310	-11.2665	 -6.4309	 +0.6771	 -0.6371	 +0.6147
 -8.8380	 -3.3799	 +4.9934	 -4.8786	 +2.6577	 -2.1422
+15.5801	 +1.6050	 -2.0292	 +0.0598	 -3.7215	 -2.5889
 -3.0001	 -7.0473	 -2.6617	 +5.3630	 +5.0788	 +0.9340
+12.1336	 -7.8395	-12.3754	 +3.8676	 +0.2189	 -0.8618
-58.4905	+15.1964	 +6.0670	 -0.3912	 +1.9098	 +1.7969
-12.5741	 -2.7131	 +2.0845	 -0.9866	 +1.6675	 +5.1153
 -4.1227	 -0.5533	 -3.1505	 -0.3879	 +5.6933	 -3.5237
 -7.8947	 -4.9817	+22.4075	 +0.8938	 -0.3626	 -0.7818
 -6.3310	 -0.1457	 -1.5173	 -3.5890	 -1.0440	 -1.9788
 -2.1061	-10.9626	 +2.8813	 -1.9504	 +0.6405	 +0.8295
 +9.7197	 -8.1837	 -0.5636	 +1.8822	 -0.8882	 -3.2397
 -5.1768	+23.0613	 -8.5142	 -0.5681	 -3.1950	 +1.0390
 -0.2396	+10.3105	 +3.8845	 -1.1656	 +0.9876	 -1.5632
+18.8657	-22.4045	+10.3160	 +1.0853	 -2.5213	 -0.2657
 -2.8221	 +0.5681	 -2.6819	 +1.8516	 -4.5213	 +3.7347
 -6.2146	 +9.9961	 -4.0360	 +1.2635	 +1.5675	 +2.8693
 -7.2272	 -4.1781	 -4.7665	 +2.0544	 -1.7404	 -0.4829
 +2.8752	+20.1164	-16.4102	 +2.3426	 -1.3703	 +1.8058
 -7.7943	 -2.4345	 +6.1054	 -1.7574	 -0.3034	 -0.2721
 +5.2165	+13.5114	 -7.0304	 +1.4693	 +1.5073	 +2.4100
+33.0864	 -9.6864	 -3.9876	 -1.0579	 -1.0144	 -1.5724
 +2.4670	 +3.4935	 -4.4698	 -0.6397	 -2.4018	 -0.7348
 +5.9200	 +9.3562	 +1.2457	 +2.6237	 -0.4468	 +1.6882
-29.5812	-55.6777	-31.9806	 +1.2482	 +0.4955	 +1.7290
 -5.2155	 -4.8939	-10.2093	 +0.1678	 +2.1246	 -0.7647
+12.3677	 +1.4583	+18.9604	 -1.8298	 +3.0566	 +2.3792
 +7.3312	 -6.2594	 +6.7338	 -0.4008	 -4.7449	 -1.3217
 +6.8751	 +3.9323	+59.3380	 +0.4213	 +2.2117	 +1.4159
-31.4271	 -4.6053	 -4.6669	 -0.1576	 +0.8066	 +0.0326
+24.4980	 -1.0700	 +0.1447	 -2.8934	 +1.1427	 -1.2739
 -1.1543	 -3.2334	 -8.5671	 +2.8987	 -2.5793	 -2.0209
 +5.0043	 +8.0078	 +6.8367	 -0.2222	 +3.6346	 -0.0580
-12.1017	-13.0314	 +7.0793	 -3.3013	 +3.4595	 -0.9801
-26.1648	 +4.2519	 +0.7333	 -1.6841	 +0.6191	 -2.4782
 -8.2199	+17.4438	-23.1978	 +0.3252	 +3.0271	 +0.1618
 +1.5479	 +7.9996	 -2.5506	 -1.1366	 +3.6151	 +0.7833
 -0.5511	 -6.9595	 +7.5496	 +1.4775	 +2.2533	 +3.0315
 -4.2291	 -0.4884	 +5.6214	 +0.6006	 +0.6177	 -0.9119
-12.2290	-10.5376	-11.5062	 -0.1968	 -0.5476	 +0.9451
 +5.9666	 +2.1750	+17.4361	 -0.2604	 +0.9354	 -2.4240
-22.7192	-19.3289	+27.4741	 -1.9233	 -1.5498	 -0.3999
 -1.1219	 -7.9603	-10.6449	 +0.5177	 +1.0450	 +4.3132
 +0.2004	 -3.4347	 +7.3444	 +1.8247	 -4.3060	 +0.3403
 -3.7533	 -1.0156	 -2.8366	 +0.9168	 +3.6209	 +1.4771
 -0.9129	 -3.2358	 +0.4940	 +4.1592	 +4.9991	 +2.1302
 -0.2885	 +1.6079	 -6.2859	 +4.5345	 -2.3475	 +0.5465
 -8.3989	+15.2629	-99.1626	 +1.9365	 -0.0171	 -1.2701
+24.6128	-20.7940	-11.3093	 -0.9011	 +2.2696	 +0.8977
-14.8594	 -6.7334	 -3.7875	 +0.8256	 -4.2551	 +2.6635
 +2.2902	 +4.2317	 -4.2276	 +2.2458	 -2.2801	 +2.6540
-11.1118	-13.2794	 +3.3122	 -1.4453	 +0.2191	 -3.5634
 +5.9724	 +0.3892	 +7.2984	 +1.1226	 -3.9219	 +1.2430
+28.2554	 -7.5863	 -5.4467	 +1.1367	 +2.2056	 +0.1784
 -2.0504	 -1.0287	 +2.2427	 +0.7983	 -1.4425	 -1.9418
 +6.8456	+15.3089	-10.0835	 -1.5740	 +0.1423	 +0.2307
 +2.0907	 -0.6438	 +9.6003	 -0.1613	 +0.3061	 +1.0837
-14.1094	+22.4713	+27.3012	 -0.6438	 -0.9197	 +2.8260
+20.0989	+12.5957	+11.1731	 +0.8794	 +1.5518	 +2.2092
 -7.3645	 +1.3197	 +4.9604	 -2.1283	 -4.1965	 -3.1809
-14.8451	 -0.7705	 -9.1648	 +2.4116	 +1.4940	 -2.0129
 -3.7505	+23.9084	+10.2327	 -0.6166	 +0.9488	 -0.3324
 +2.7191	-29.4030	 +3.3592	 +1.9706	 +0.3358	 -1.8084
 -3.1252	 -2.6794	 -2.7941	 -2.5596	 +4.9169	 -1.3602
 -7.1445	 +7.4674	 +7.5797	 +2.7603	 +0.8872	 +1.4064
 +1.6119	 -0.0352	 -2.1040	 -1.0407	 -1.0622	 -1.3407
-16.4171	-29.1697	-49.0726	 -0.6295	 -0.6425	 -0.0713
-12.0862	 -3.0395	 +8.8117	 -3.2151	 -1.8871	 +2.7866
 +1.6742	 +0.4243	 -2.9508	 -3.3449	 -5.2130	 +0.4034
 +7.7159	 +0.4300	-11.4359	 -1.7002	 +2.6216	 -2.7195
 -9.0619	+31.0110	-10.0915	 -0.2454	 -1.0778	 +2.6505
 -5.7384	 -3.6847	+18.4819	 -1.7737	 -0.1230	 -1.1544
 -8.2845	 +3.1508	 -3.8528	 +2.1396	 -4.8074	 -1.1782
 +0.0234	 -3.7584	-21.3594	 +3.4678	 +2.4244	 +1.5084
 -7.8208	-15.0588	 -2.2150	 -3.8031	 -0.8455	 +0.7943
 -4.5601	 -1.2254	 -7.6923	 +4.1058	 +0.7983	 +3.0972
 -1.9122	 +0.2087	 -7.2219	 +2.8796	 +0.3546	 -0.3165
 +1.2517	 +7.7981	-10.1200	 +0.8921	 +3.0858	 +2.6817
 -1.1928	 -1.5756	 +0.8705	 -0.5022	 +0.7578	 +1.9492
 +7.8104	 +8.3450	 +5.2812	 +3.1954	 +1.0782	 -2.1058
 -3.6864	-17.5187	+16.6918	 +3.4204	 +0.6844	 -1.9895
 -4.6796	 -0.6489	 -2.0456	 +2.5825	 +5.6544	 -0.3512
+28.7870	+16.6764	+15.9864	 +0.3184	 +1.4617	 -0.8339
 +6.8435	 +0.0736	-14.8794	 +0.0422	 -0.4834	 +0.4306
 +5.5508	+11.5604	 -5.4595	 +2.1829	 -0.1191	 +0.1340
+473.6634	+390.2493	-226.2496	 -0.2809	 +0.6720	 +0.3157
-139.3137	+103.2324	+201.4725	 -0.0999	 +1.1289	 +0.4252
+21.7098	 -7.0277	 +9.3925	 +2.4728	 -0.8399	 -0.8184
 -1.0314	 -2.9450	+18.3930	 -2.1768	 -1.2472	 -1.7047
 -1.3484	+12.6664	 -3.9010	 -0.8617	 -1.3396	 -3.3133
 +7.8652	 -7.1545	 -7.5937	 -1.3210	 -2.6238	 -1.4890
-68.2810	-15.1979	-12.9880	 +1.6218	 +0.2467	 -0.7097
 -3.5817	 +3.0632	 -4.7796	 +3.1910	 -0.5255	 -0.4489
+47.2340	-24.5531	-42.7161	 +0.3166	 -0.6058	 +0.4345
 -9.2629	 +1.9412	-12.5448	 +2.9880	 -2.3481	 -0.1720
 -5.0653	 +6.1045	 -2.6214	 +0.0457	 -1.4388	 -0.0856
 +8.3823	 +6.5413	 -6.4095	 -1.2722	 +1.5388	 -1.2713
-14.2409	 -3.3687	 -0.2305	 -1.7316	 +3.0256	 -0.2496
 +3.6992	 -2.3855	 +0.6111	 -0.2813	 +0.6679	 -1.0448
 -6.2734	 +6.0570	 -4.0682	 -0.7890	 +0.0064	 -3.3633
 -6.2392	 +0.7716	-11.5145	 +4.3789	 -0.2755	 -0.6578
 -5.8995	 -1.4192	 +1.4481	 +3.2168	 +0.9446	 -1.0790
 -9.1354	 +5.1267	 +0.3751	 +1.8219	 +0.1909	 +2.8013
 +1.8911	 -8.4264	 -8.0509	 -3.8307	 +2.9398	 -1.2580
+14.1681	+28.1535	-167.5011	 +0.0645	 -1.1686	 -1.2597
+11.2172	 +5.7675	 +0.1018	 -1.2850	 +1.7031	 -2.5001
 -4.3244	 +7.4921	 -4.8481	 -3.0029	 +1.1824	 +3.0652
-13.4729	 -1.6806	 -0.5092	 +0.1583	 +2.2994	 -1.4493
 -0.5492	 -5.9514	 -2.4327	 +1.0332	 +0.7973	 +0.9163
-18.9770	+20.0073	-32.2125	 -0.1991	 -1.5218	 +1.2750
+11.7780	 -0.9641	 -7.7067	 +2.5870	 +3.5866	 +1.2962
+14.8798	-24.1243	+18.6241	 -1.6037	 -1.9811	 +0.5021
 +4.9162	 -9.5961	 -2.7760	 -0.5584	 +0.3491	 -2.6756
 +2.3926	 -5.8486	 -3.5214	 -4.4727	 +2.4232	 +3.4193
 +4.1907	 +0.5005	 +8.2951	 +0.0513	 +1.5667	 -2.8254
 -4.3718	 -8.6876	+10.8365	 -4.3230	 +1.1164	 -0.1746
 -1.4673	 +3.1550	 +0.5032	 -1.1178	 -0.3175	 -1.5040
-24.0415	+12.6663	-36.6608	 +2.3979	 +2.0874	 +0.4518
+59.6404	 -1.1275	+19.8790	 +0.2537	 -1.9239	 -0.3173
 -2.4579	 +1.5409	-10.0149	 -1.0869	 -1.5284	 +1.1631
-32.9239	-67.2572	+49.1773	 -1.2259	 +1.1122	 +0.8783
 -1.8852	+12.9984	 -3.0293	 -1.4681	 -1.2236	 +1.9046
+17.8788	 +2.5276	-14.5232	 -1.5475	 -1.5841	 -2.4890
+11.2406	 +7.3983	 -4.8728	 +2.1571	 +1.6656	 +0.0519
 +1.9099	 +6.1407	 -2.5844	 -1.0187	 +1.8032	 -5.4426
+12.4399	 +3.4919	 -6.0085	 +1.0388	 +2.7101	 -1.3655
-14.0261	 +6.6591	 -1.2065	 -2.3947	 +1.7239	 +0.2958
 -1.9130	 +2.6712	 -6.0490	 +2.8388	 -5.1470	 +1.4896
 +4.6703	-11.6567	 -8.6304	 -1.6980	 -1.0022	 +1.2570
 -9.9347	 +3.2156	 -7.2869	 +1.2517	 +0.9008	 +4.2854
+11.4369	 +4.3563	-19.5450	 +1.9625	 -1.4296	 -0.1551
 -2.4834	 +6.7007	+29.6696	 -2.9116	 +0.9175	 -0.4291
 +2.2255	 -5.5545	 +8.8620	 +1.9643	 -1.5400	 +2.4380
 +3.5300	 -1.5018	 -2.9716	 +2.0774	 -1.3341	 +0.5004
 -8.6312	 +4.4452	 +4.4223	 -0.9524	 -1.3247	 +1.5063
 +0.1399	 -4.9131	 -0.1952	 +6.2129	 +0.0297	 -4.5205
-10.0334	 +0.6516	 +0.2441	 -1.7055	 -1.8216	 +0.4062
 +6.9617	+10.7263	 +2.3290	 -3.7425	 -0.7200	 -1.3455
 +5.0224	 -1.0795	 +7.3808	 +2.8897	 +2.3271	 +1.3341
-13.5939	 -2.4647	 +5.7679	 -2.7597	 +0.7834	 -1.4902
 +2.9318	 +4.9631	 -7.6051	 +0.6369	 +1.1719	 -0.4635
-11.4712	-10.6153	 -3.6247	 +2.5717	 -1.2413	 +4.2833
 -6.4192	 +0.3520	 +1.1592	 +1.5130	 +0.2792	 +1.6679
 +9.0231	 -7.0030	 -7.7304	 +0.1067	 +0.1710	 +3.1941
-12.5563	 -2.1156	-19.8217	 +1.7207	 -1.0167	 -0.0906
 -3.1840	 -0.4351	 +0.2575	 -1.2613	 +0.1135	 -2.4615
 -4.6751	 -0.3596	-20.1832	 +0.3014	 -0.4222	 -1.1397
+26.4123	-14.4530	+22.6448	 -1.1669	 -0.1435	 -0.9910
 +2.9100	 +2.9144	-11.1712	 +3.3241	 -1.5833	 -5.2251
+46.6084	+29.7840	-26.5385	 -2.2073	 +0.8169	 -0.0243
-21.4961	 -4.7081	 -6.4923	 -0.4038	 +2.8638	 -2.2965
 -0.5634	-15.8040	 -3.6190	 +1.9221	 +3.7773	 +2.1368
 +0.1520	 -2.8372	 +3.4947	 -0.6623	 +3.5305	 +0.0912
 -0.3302	 -7.8567	 -5.5335	 +0.1918	 +2.1563	 -1.2859
-12.2755	 +2.8442	 -4.4117	 -0.6156	 -1.5815	 +0.6227
 -4.8266	 +7.9894	 -0.7970	 -1.9464	 -1.8010	 +2.5434
 +0.6192	 +1.0857	 -2.7662	 -3.8582	 -1.4167	 -3.0278
+11.6526	+22.5835	-25.6788	 -1.1493	 +0.5087	 -0.6852
 +9.0975	 +8.8293	-12.4390	 -1.6853	 +1.7477	 -3.4728
 -2.6208	 -3.3092	 -7.8705	 -2.2751	 +1.8592	 -0.5921
 -1.8291	 +2.1049	 +1.7828	 -1.4721	 -2.9973	 +3.4694
 -1.5974	 +2.9570	 -1.2433	 -1.2866	 -0.6326	 +2.4711
-17.7018	 -8.6642	 -7.8471	 -0.8871	 +0.9851	 -1.4838
 +1.9960	 +3.6752	 -7.2811	 +1.0625	 -1.8877	 +3.9399
 -8.1431	-22.2523	+10.1606	 -0.6494	 -1.9346	 +0.6683
 +1.4168	 +1.8764	 +0.2664	 -2.7428	 +1.5384	 +3.1489
 -6.0908	+21.8869	-36.6303	 -1.5386	 -1.1709	 -1.2882
 +0.0309	 +5.4924	+10.3139	 -1.0337	 +2.3350	 -1.0423
 +2.5751	 -4.5573	 +0.3909	 -0.5787	 -5.4209	 -1.6428
 -3.6706	 +3.0075	 -3.5049	 -2.3672	 -2.0905	 -1.2610
 -4.6748	+12.1656	 +3.0212	 -3.5718	 +0.1614	 -1.6020
+26.7729	-100.3551	-32.8968	 -1.3624	 +0.3071	 +1.0033
 -4.1922	+13.1661	 +5.9545	 +1.8176	 -0.7100	 +1.4289
 +3.9839	 +7.7655	 -3.1853	 +3.7124	 +2.3606	 +4.0188
-13.1810	-23.9879	-10.2363	 -1.0513	 +0.3747	 +3.3670
+19.4661	 +8.6871	 -0.3695	 -2.9818	 +0.8343	 -1.7927
 -4.5961	 -5.1601	 +5.2215	 +0.8454	 -3.3825	 -0.2229
-13.4467	 +9.0792	 -0.5405	 -0.1877	 +0.3147	 -0.5945
 -8.1293	 -6.4520	 +4.9798	 +4.4651	 +0.6527	 +0.0802
 +4.2713	 -6.5576	 -3.0165	 -0.3052	 +0.6104	 -1.3794
 +0.7194	 +0.8730	 -4.3231	 +3.4894	 +0.2988	 -1.9568
-22.6470	+15.1741	 +4.1708	 -1.5436	 -2.1205	 +3.1241
 -2.1210	+52.0761	-31.5501	 -2.0585	 +0.5476	 +1.3232
 +7.5137	 +1.3416	 +4.3993	 +0.3225	 -1.1942	 +1.3244
+10.7184	 -3.4252	 -5.3232	 -2.2829	 -2.4766	 +0.6748
 -8.0071	 -3.8059	 -4.7742	 -0.3696	 +4.6142	 -2.1311
 -6.3662	 +7.3268	 -6.4846	 -2.3569	 -1.4742	 +1.2473
-15.1641	 -0.1461	 -7.3014	 -4.3266	 -0.4704	 +0.3690
+17.2404	-11.1962	-21.8192	 -1.2721	 +0.2993	 -0.4021
+120.4669	 +5.5636	-41.1028	 +0.2324	 +0.1459	 +0.7149
+17.4048	 +7.0108	-19.2956	 -0.9537	 -2.2367	 -3.0511
 +2.9870	 -0.6701	 -3.1558	 -3.0050	 +2.9839	 -1.8401
-11.1513	 -3.8937	 +0.0313	 -3.7150	 +0.0806	 -2.5033
 -6.1727	 +3.5993	 -2.6541	 -1.9984	 +3.1678	 +0.4394
+29.5993	-31.7618	 -8.0289	 -1.2817	 +0.5417	 -0.4952
 +6.2158	+10.4659	 +2.3971	 -0.1269	 +0.0133	 +0.2240
-13.6970	 -4.0986	 -9.3447	 +1.7956	 +2.1405	 -1.0344
 -1.1176	 +4.6086	-10.0848	 -3.3073	 +0.6986	 +0.2118
 +3.3276	 -3.3661	-13.5572	 -0.2958	 +1.1758	 +1.4644
 +1.9738	 +0.4469	 -5.5170	 -1.3474	 +1.5632	 -1.8752
 +5.2585	 +4.3357	 +5.2579	 -0.3617	 +0.7788	 +2.8900
 -4.6210	 -8.7113	-10.6154	 -1.0869	 -0.5026	 -1.2370
 -2.2100	 -2.7477	 -4.6599	 -4.3914	 -1.5323	 -1.4704
 -5.6180	 -0.9872	 -3.6074	 +4.2240	 -2.8691	 -1.9032
 +2.0820	 -3.9541	 -1.9589	 +2.6642	 -1.1827	 +2.5544
 +1.2816	 +2.6188	 -3.8529	 -1.6283	 -3.8430	 +0.9821
 +8.4076	 +5.3090	 -0.2897	 -2.8590	 -1.0477	 +3.2472
 +3.1120	 +9.9943	 +0.8437	 +2.2224	 +2.9421	 -0.2758
 -4.4915	 -4.3968	 +8.0112	 +0.7407	 +3.3470	 +2.8056
 +1.2509	 +6.5334	 -7.8134	 +2.5568	 +0.2370	 -4.8948
 +2.1630	-15.4309	 -6.7651	 -0.7063	 +0.4307	 -1.5836
 +5.4854	-17.7869	+17.4384	 +1.6715	 -2.1023	 -0.8652
 +1.5824	 +6.7038	 +2.8667	 -2.6408	 -1.3241	 +1.4725
 +0.9874	 +2.5479	 -4.9432	 -1.5933	 +0.9453	 -0.6314
-54.9135	 +2.5594	 +1.2356	 -1.5177	 -1.5421	 +0.4300
 -0.9269	 -3.5345	 -0.3776	 -1.7590	 -0.9304	 -4.3357
 +2.4397	+16.0590	 -4.9052	 -0.3622	 +2.2430	 -2.0621
+16.5542	-12.2614	 -1.9678	 +0.2562	 -0.5768	 +0.5694
 -3.0652	 -6.3823	 +3.2211	 +1.8471	 +2.9998	 +0.4777
-11.0582	 +9.1954	 +3.4511	 +2.6915	 -0.5989	 -0.2447
-30.6740	 -5.4669	+39.6597	 +0.5232	 +1.1735	 -0.8850
-14.7446	 -0.1875	 +7.8770	 -2.7834	 -0.3140	 +0.0410
 -5.7685	 +2.0879	 -5.5013	 +0.8910	 +4.4894	 -3.4853
-33.5796	-29.8334	-18.5663	 +1.9361	 +0.6835	 +1.7130
-12.1655	+26.4042	 +6.6919	 +2.4597	 +1.0027	 +0.3410
 -2.9669	-10.8891	 -1.5621	 +4.2519	 -2.1203	 +3.7429
 +7.1262	 -7.1832	 -1.4887	 -2.4623	 +0.3876	 -1.3962
 +9.3534	 -9.4978	 +3.1060	 +1.7690	 +0.1092	 +2.0419
+1871.8146	-31.3990	+790.4330	 +0.2209	 -0.2337	 +0.0660
 -1.0160	 -0.5005	 -6.1894	 +2.4059	 -2.3915	 -3.1071
+10.1424	 +4.8037	 -1.8857	 +1.1879	 +3.4004	 +0.9147
 -5.7211	 +1.3488	+12.8734	 -1.0733	 -0.5209	 +0.2522
+20.5533	-15.2871	 -8.5828	 -2.1308	 +0.6988	 +1.9173
 +4.1790	 +9.8139	 +0.2332	 +2.2082	 +2.5536	 -2.1433
-57.9856	-51.7727	-70.0385	 -0.8318	 -1.2692	 -0.2144
 +3.1499	 +1.7942	-16.1689	 -0.8234	 +4.1339	 +3.6605
+11.7804	+11.0022	+15.6169	 -3.0593	 +1.6616	 -2.6489
+22.5057	-24.7432	+10.7894	 +0.4833	 +1.2190	 +0.1064
 +1.0942	 +0.2445	 -0.5702	 +4.2325	 +0.8368	 +2.2066
+17.1417	+16.5609	 -7.7027	 +0.6167	 -3.5782	 +0.8075
 -8.7448	+18.5035	 +1.8708	 +0.4950	 -1.8610	 -0.6697
 +2.8544	 -6.6331	 -2.6666	 -2.0258	 +2.2620	 -0.5608
 +2.6682	 +7.4310	 +3.2077	 +0.3294	 -2.6245	 -1.8589
 +1.9260	-12.4322	-15.0026	 +0.4041	 -3.1884	 -0.4019
 -1.2062	 -5.4520	 +8.0448	 +0.7925	 +0.1450	 -3.6164
 +1.8327	 +4.7500	 -2.1798	 -2.9318	 +1.2945	 +2.8511
 +3.0817	 +5.2689	 +6.1550	 -2.7659	 +1.9004	 +2.4423
 +9.8543	-10.1622	 -0.4809	 +0.9417	 +0.1116	 -2.8721
 +6.7271	 +4.7494	 +2.0409	 +0.6719	 +0.2858	 +0.1504
+10.6991	+14.3950	-20.0424	 -3.3882	 -0.5343	 +1.8555
 +4.6095	 +4.2896	 +6.4610	 +0.5271	 -1.6693	 +0.0790
 -5.6449	 -4.5428	 +2.8409	 +1.1307	 -0.7787	 -0.3356
 +0.0552	+18.3179	 -2.9063	 +0.2580	 -0.3286	 -4.7542
 -7.3022	 +6.3905	 +4.3839	 -2.0338	 +1.2165	 +2.7854
 +4.3820	 +0.7891	 -0.9478	 +4.2315	 +1.4364	 -2.8723
 +2.6117	 -3.0343	 +1.9880	 +2.8781	 -3.9856	 -0.5398
-12.0770	 -7.7719	 -0.2803	 +2.1820	 -1.9339	 +0.8094
 +7.7732	 -8.2767	 -2.1324	 -1.6941	 +2.6324	 -0.3921
 -0.6493	 -3.9776	 -6.9795	 +0.1162	 -3.2952	 -2.3765
 +5.3128	 +7.4522	 -4.5815	 +1.4557	 +0.5193	 -1.4359
-21.9571	 +8.9826	 -8.6583	 -1.1300	 -0.1814	 +2.7475
-28.1077	 -7.3670	 -2.9509	 -0.5174	 -0.5760	 -2.8846
 -5.0446	 +5.3716	 +4.1102	 +1.7243	 -1.0316	 -3.8962
-132.4117	-44.8781	+73.6038	 +0.6954	 -0.9407	 +0.6771
 -0.9710	 +0.4929	 -4.8437	 +1.4197	 +2.0945	 -1.4086
-11.7892	 +0.6793	 -5.5654	 -1.4828	 +3.5380	 -0.8108
 +7.2980	 -7.7009	 +2.1915	 +3.7929	 +0.2972	 -2.6423
 +4.3557	 +4.1776	-14.5126	 +3.4363	 -1.1736	 -2.0211
-16.4356	+11.9674	-12.2521	 -0.6525	 -0.2610	 +1.4583
 -3.0469	+12.0718	 +2.0256	 -3.7258	 +1.8057	 -1.0521
 -2.8609	 -9.1192	-11.9950	 +1.1804	 -0.6486	 +2.1785
-112.6625	-105.0461	+101.2683	 +0.3993	 -0.2552	 -0.1219
-12.5891	+35.8002	+20.4886	 +2.1874	 +1.0279	 -1.7068
-23.7945	-25.0486	+13.5111	 -1.0631	 +1.0033	 +2.0866
-24.1229	 +8.5549	-30.2756	 +2.0585	 -0.5181	 -2.1043
-18.0975	-22.0474	 -8.7933	 -1.4399	 +1.2407	 -0.3466
 +1.4759	 -0.5071	 -7.4590	 -2.5740	 +1.4905	 +0.6770
 +0.0732	 -3.6356	 +0.5906	 +1.1866	 -0.0729	 -3.0100
 +8.9485	 +0.5309	 -4.7609	 +3.5667	 -1.9101	 +0.6408
 -2.2556	 +0.0807	 -6.0633	 -3.0816	 +4.0175	 -3.8684
-21.1348	 -3.1309	 -1.9294	 +2.0297	 +1.0576	 -1.4180
-10.7819	-17.2140	 +5.2338	 +2.6275	 -1.4649	 -1.6898
+19.1967	-93.5954	+17.4261	 -0.9866	 +1.3328	 -1.2021
-18.0430	 +5.7756	 +5.4293	 -1.5253	 -0.1184	 +1.0211
 +1.0103	 +4.7137	 +2.7473	 -0.3836	 +1.3860	 +2.5904
 +2.5720	 +1.3094	 -2.1871	 -1.3042	 +0.6873	 +1.4147
 +0.4039	 -3.4507	 +3.4340	 -0.2097	 +1.1867	 +5.1317
 -9.3501	 +8.6713	 -4.7144	 -0.3245	 -0.5161	 +2.3298
 -7.8884	 +2.2652	+15.9830	 +0.9562	 -3.1830	 -1.8255
 +4.0598	 -3.6186	+13.2663	 -1.6908	 -0.1544	 -3.4396
 +5.7376	 +5.9685	-11.5537	 +1.6798	 -3.0663	 -4.9187
 -2.2237	 -4.8682	 -0.1170	 +2.3897	 -0.4545	 +1.4310
+12.0253	-11.0765	 +6.4031	 -0.7618	 -0.9036	 +0.7352
 -0.0022	 -5.8832	 -8.0313	 +1.7771	 +1.9775	 -1.3659
 -5.7609	 +1.7285	 +1.7378	 -1.5003	 -1.0188	 +0.4826
-12.9043	 -3.1396	 -0.1186	 +1.6910	 +6.0178	 +2.0857
 -3.4092	 +4.3142	-18.0760	 -0.0284	 +2.5444	 -2.7208
 -1.7497	 -0.9560	 -0.8194	 +1.9897	 -0.2803	 +5.4817
 -0.5455	 +6.4975	 -3.6936	 -2.6616	 +0.9433	 +0.9361
 +2.6695	 +6.9700	 +1.2845	 +1.8521	 -3.2931	 -1.1061
-154.5440	-54.8216	+203.0071	 +0.5338	 -0.6780	 +0.2195
 -4.8391	 +2.4119	 -3.5942	 -1.4320	 +1.7752	 -1.9110
 +8.2765	 -7.2101	 -0.9621	 -1.2009	 +1.1533	 +2.3801
 +0.0321	 +2.8170	 +3.1602	 -5.3557	 -1.0419	 +0.1511
 +1.4731	+14.7715	 -5.6883	 -0.5847	 +0.7506	 +2.3947
 +0.4384	 -1.2626	 -9.9780	 +0.6693	 -0.5470	 -3.0137
+28.8020	+44.2866	 -7.7840	 -1.1100	 +1.3959	 -1.9104
 +3.3585	 +0.2324	 -9.2493	 +1.5714	 -2.7817	 -4.0862
 +9.7439	 -0.1922	 -2.7443	 -0.5077	 +2.6570	 -3.7619
 +0.4900	 +4.5330	-14.4757	 +3.5943	 -0.2144	 +3.5016
 +0.6152	 -0.8705	 -6.3628	 -1.1588	 -3.5751	 +3.2986
 -0.8237	 -2.2665	 -6.4532	 +3.3523	 +0.4096	 -2.0839
 -6.6107	 -1.3978	 -2.5711	 -0.1599	 -4.6579	 -3.0054
 -1.3169	 -0.8337	 -1.3910	 -1.5317	 -0.6835	 +2.7035
 +0.5561	 -3.5413	 -4.2045	 +2.9694	 +2.6843	 +3.4099
 -1.5634	 -1.1545	 +2.2765	 +0.4167	 +2.9088	 -4.5601
 -3.4188	 -0.5553	 +6.4788	 -5.1420	 +0.7738	 -1.6503
 -2.7351	 +3.3197	 -1.7670	 +2.6207	 -1.7077	 -0.7007
 +2.7757	 +0.1344	 +4.3337	 +0.4271	 +3.5631	 +1.7639
 -2.6762	 +3.7034	 -2.6625	 -3.1347	 -0.5918	 +3.7632
 -2.5067	 -1.4724	 -0.0686	 -0.1685	 -0.4606	 +2.4576
 -9.6788	 -8.4360	+26.7079	 +2.0774	 +2.0838	 +2.4811
 -2.9278	 +0.8322	 -5.3705	 -0.4943	 -1.1107	 -0.2321
 +4.5791	-10.6490	 +0.6768	 -3.3056	 +1.0255	 +1.2299
 -7.1318	 -1.5270	 +2.9187	 +2.4822	 +3.4259	 +2.2285
 +0.6122	 +2.7708	 -3.0603	 +5.6275	 -1.2435	 -4.7050
 +5.2451	 +0.1119	 +2.0911	 -1.1776	 +3.3368	 -0.6151
+12.5905	-12.0729	 +1.8898	 +0.0233	 -0.8318	 +2.8540
 +1.4972	 +4.4736	 -5.9050	 +2.3103	 -3.4763	 +0.2468
-12.5670	+28.2270	-46.8605	 +0.6863	 +0.0535	 -0.7975
 +8.0843	 -8.3084	-48.4784	 -0.1936	 +1.1149	 +0.9828
 +2.8394	 +2.8283	 +1.6477	 -2.7847	 +1.7832	 +1.3971
-18.7008	 -8.0488	-12.8341	 +0.5147	 -2.1730	 -0.5089
 -5.4270	 +3.2896	 -4.3653	 +0.9640	 -2.0889	 -2.0845
 -3.0493	 +3.0374	 -2.4431	 +4.4426	 +5.6487	 +1.7529
-14.5593	-68.3843	 -5.5794	 +1.3191	 +1.0506	 -0.6800
 -6.0577	 -8.8161	 +3.5408	 -0.9859	 -1.1864	 -3.4161
 +3.7218	 -9.0302	 +4.2336	 -1.5848	 -2.9760	 +1.7116
 +9.5192	 -0.3045	-17.2552	 -3.6447	 +1.8893	 -2.7589
 +5.4093	 +2.0553	 +3.3698	 +2.1321	 -4.4333	 +4.7401
 +1.6769	 -0.9831	-11.7405	 +1.8470	 -0.8139	 +4.6985
 +1.8414	 +3.9358	 -5.2412	 +4.4894	 +0.6446	 +3.4589
-13.3031	 +8.6774	 -1.1859	 -0.7489	 -0.0334	 +0.1010
 +6.0239	+11.3316	 +2.5117	 -0.8081	 +1.2634	 +1.9478
 -8.6877	 -3.2747	 +4.2846	 +1.5234	 -1.2175	 +0.4663
 -8.6290	-20.0194	 -4.2208	 -0.0289	 +1.7250	 +3.1369
 +6.7612	 +2.9873	 -1.2473	 +0.5799	 -0.7999	 -2.1957
 +0.5240	 -0.5490	 -1.0142	 -2.9628	 -5.6049	 -4.2519
-56.9236	 -0.0837	-14.0467	 +0.6839	 +1.2800	 -0.9757
 +3.0763	 +1.7967	 -1.7820	 -1.6017	 -0.1312	 -4.3653
 +5.4439	 +6.2345	 -5.1221	 -0.2558	 +0.1680	 +2.4626
 +0.8625	 +7.5361	 -1.4220	 -3.9421	 +2.5884	 +0.7405
 +1.1199	 -7.0002	 -2.2410	 -1.3241	 +0.3954	 +2.2768
 +7.6777	 +4.1728	-18.3582	 +2.5628	 +2.5315	 +0.4700
 +2.3844	 -2.7933	-13.9967	 +0.2535	 +3.0358	 +4.7109
 -5.0850	 +2.8241	+15.6682	 +1.8761	 -2.0663	 +2.4140
 +9.3549	 -0.5995	-12.5531	 +3.5890	 -0.7512	 +1.8809
+12.5758	 -7.4279	 -5.2003	 -1.1897	 -1.6375	 -0.0232
 +0.3319	-26.3588	-22.9589	 -0.6940	 +1.4678	 -0.4786
-13.5318	+18.7406	 +7.1238	 -0.2871	 -1.2348	 +1.8717
 +3.2970	 +2.3970	 +1.5879	 +1.8443	 -0.4764	 -1.7717
 -5.7308	 -9.5353	 -3.8561	 -1.4126	 -0.9214	 -3.6513
 -5.7271	-14.2914	+10.9496	 +0.6777	 -0.4041	 +0.1302
 +1.5312	 -9.9147	 -7.4436	 +1.0231	 -3.5121	 +1.6872
 -7.9012	 +4.2470	 -8.7249	 -2.0016	 +0.3271	 -3.6296
-13.4334	 -1.8995	 -3.5028	 -2.5682	 -0.3431	 +3.6560
 +1.3769	+13.2029	 +3.9989	 -0.0086	 -0.2848	 -1.4937
+36.0434	 +6.0700	 +6.6359	 +0.0035	 -0.2394	 +0.6151
-17.6779	+11.6194	 +6.4282	 +2.5882	 -0.9036	 +1.2941
 +0.0660	 -0.0914	 +2.9807	 +1.3593	 +2.5482	 +1.8968
 +1.3888	-28.0251	-24.7818	 -1.2090	 -1.5918	 -1.0671
 -2.1862	 +4.6193	 -7.6540	 -3.2069	 +5.3414	 +1.6146
 +7.0208	 +0.7686	 -9.4411	 -2.7640	 -2.9394	 -0.3270
-22.8514	 +6.8811	 +9.3663	 +3.9452	 -0.4917	 +2.9961
 -1.8483	 +5.3629	 -3.7489	 -2.0016	 -3.0390	 -0.9373
 +1.9427	 -5.2696	 +0.8142	 -3.6892	 -2.1559	 -3.6099
 +8.1957	 -0.1802	 +4.3545	 +1.2243	 -2.7001	 -0.7303
-11.6379	-14.3059	+11.3836	 +0.9303	 -0.1518	 +0.0975
 -1.6592	-11.2239	 -4.4232	 +3.1961	 -0.2695	 -1.4622
 +9.3796	-15.2732	-10.9014	 +1.6429	 +0.3123	 +0.0696
+12.0415	+14.3744	 +3.5703	 +2.3583	 -1.7046	 +1.3601
+23.8981	 +6.0223	-13.9407	 +1.2040	 -2.1327	 +0.8809
-18.8956	 +4.7207	+21.8334	 +0.5466	 +2.8438	 +1.0956
+30.4752	-14.3848	+69.3802	 -0.1686	 -1.8040	 +0.4125
+10.8147	 +1.8462	 +0.6292	 -1.3190	 -1.9157	 -2.3042
 +6.7136	 -2.6260	 -8.1967	 +0.9344	 +4.5186	 +0.1774
 -2.8341	 +0.3284	 -5.1981	 +0.1153	 +1.7229	 -1.0661
 -9.9701	 +3.2692	-10.6499	 +3.6129	 -2.8529	 +2.5287
 +6.7537	 +6.3235	 +4.7165	 +1.7544	 +2.2753	 +1.2282
+29.4919	 +1.1865	-10.7184	 +0.7170	 -0.5801	 -1.7443
-13.3292	 -5.9431	 +1.5284	 +0.7136	 +4.4850	 +0.8982
-19.2957	+20.2557	-20.2117	 -1.1246	 +1.3530	 -1.5243
-14.8196	-23.6111	+14.1412	 -2.0536	 +0.1560	 +1.0246
 +2.3263	 -1.4568	 -1.3098	 +3.1253	 -2.1391	 -1.9523
+18.9054	 -0.5356	 -7.9890	 +0.8817	 -2.0903	 +1.0820
 +4.4436	-15.7401	+13.3463	 +1.1773	 +1.9499	 -0.9547
 +2.3976	 +0.0380	 +4.0172	 -1.2976	 +2.4232	 -0.1030
-10.8259	 +2.8493	 -9.4560	 -1.1226	 +2.8126	 -1.6005
 +1.6565	 -0.0522	 -4.6076	 +4.8345	 +1.2318	 -0.3683
 -8.9136	-10.1495	 -7.4558	 -0.9969	 -0.4171	 -1.4244
 -3.2198	 -8.6485	 -6.7991	 -1.9902	 +1.2110	 +4.0390
 +8.4839	 -3.9842	+29.8768	 -0.7433	 -1.8166	 -0.0141
 -7.3274	 -3.6699	 -0.1945	 +1.4523	 +3.3242	 +0.7066
 +2.3146	 +9.8008	+13.0057	 +1.1548	 -1.8457	 +2.0469
 +1.0699	 -0.7869	 -8.3181	 -3.0760	 -0.6041	 +2.0694
 -0.4219	 +0.3496	 +0.0044	 +3.8982	 -1.6747	 -6.1991
-10.5792	 -0.8725	 +8.2948	 -0.0593	 +1.1512	 -0.9669
 -3.4143	 -0.7719	 -6.0246	 -2.0114	 +1.0837	 +1.2112
+30.5666	 +4.0809	-18.8918	 -1.3768	 -1.2936	 +0.3556
-15.8326	 +9.8275	-29.4882	 -2.6891	 -0.8361	 -0.1791
-10.3779	 -0.5301	 -3.7736	 -0.1947	 -1.0724	 -1.0821
 +8.0937	 -1.4502	 -1.7914	 -0.1338	 +1.5118	 +3.3349
 -2.9505	+13.7508	 +2.4958	 -0.1690	 +1.6976	 +0.9613
 -1.1267	 +4.1502	-10.1316	 +2.6850	 -2.9866	 +0.0205
 -5.0040	 -7.5312	 +1.8101	 -1.4793	 -4.3223	 -1.1672
 -2.0470	 -0.2835	 -4.9503	 -6.1443	 -4.6717	 +0.5501
+14.6203	 +3.0568	 +6.9999	 -3.9953	 +0.8609	 -0.3443
 -2.9323	 -1.7984	 -5.6042	 +0.2864	 +0.0481	 +4.4350
-15.4970	 -0.8429	 -8.1903	 +1.2920	 -0.6261	 -1.0248
 -0.7663	 -0.8891	 +1.9831	 -1.2981	 -0.8342	 +0.8819
 +2.8320	 -7.0027	 +2.9565	 +0.0356	 -5.2627	 -0.3608
+16.2690	-59.7686	-30.8778	 -0.4989	 +1.1409	 +0.8071
 -1.1451	 -4.0561	+10.2246	 -1.0979	 -3.9838	 -1.6613
 +0.6949	 +1.4245	 -3.8160	 -3.0162	 +0.8833	 +1.9993
 +1.7958	 -1.0513	 -4.4765	 +2.4025	 -1.0086	 +4.7450
 +7.0917	+17.9391	+24.8318	 -1.2819	 -0.5033	 -1.7586
 +5.5007	-13.7264	 -3.3323	 +0.2266	 -1.1545	 -0.5963
 -4.3475	 +7.3799	 -9.2320	 +0.2616	 +0.6528	 -3.3585
+12.7184	-13.6772	+13.4789	 -1.4109	 +1.9606	 -2.9731
 -7.6608	 -2.8193	 +1.2237	 -1.0715	 +3.3658	 -0.9246
-70.1243	-53.3191	+29.7220	 +0.6657	 +1.3411	 +0.4728
 -0.6177	 -2.6497	 -5.1051	 +4.6453	 +2.1276	 +4.0786
+55.9653	+38.3897	+40.4628	 -1.3692	 -1.3638	 -0.4479
 -4.1956	 -5.2691	 +4.5866	 +2.2321	 -4.9792	 +2.1186
 +2.0475	 -8.2946	 -0.1737	 -3.3616	 +1.3886	 -1.1914
-111.1539	+54.2251	-20.7262	 -0.4455	 +0.7339	 +0.2826
 -7.6730	 -1.8296	 -1.3295	 -1.5353	 +1.6991	 +5.6960
 +7.9126	 +6.3497	 +0.0939	 -1.3819	 -2.6422	 -1.7007
 +1.6942	 +1.5677	-12.4631	 -2.8332	 -0.2707	 -0.3776
 +1.9869	 +6.0185	 -5.7156	 +0.0716	 -1.6132	 +1.8934
 -4.8383	 +4.7912	 -5.6432	 +0.5345	 +1.3184	 -0.2382
 +0.1928	+16.3592	 -8.5982	 +2.8076	 +0.5424	 -0.8043
 +6.9529	 +6.2088	 -0.1629	 -0.3670	 -0.2474	 -0.2574
 +8.4604	 -7.4905	 -0.6075	 +3.4234	 -0.6859	 -1.0630
 -6.7368	+23.8535	-10.6382	 +0.2272	 +2.8648	 +0.9940
 +1.6722	 +3.1413	 -2.8120	 -2.6914	 -4.4144	 +3.1603
 -4.8936	 +1.3728	 -2.7115	 +0.0249	 -2.3281	 -0.6212
 -1.8393	 +5.8926	 -6.2867	 -3.0754	 +1.2701	 +1.4285
 +3.3346	 -3.8567	 +6.3029	 -2.1645	 -1.1370	 +0.6058
-36.8572	+14.1289	+13.7350	 -0.6059	 +0.7956	 +0.1536
 +6.3424	+11.6125	 +4.2714	 +4.0376	 +2.6682	 -2.9115
 -6.3040	-25.3839	+13.5331	 -1.0799	 -2.9170	 +0.8458
 -6.2675	 -5.0168	+13.5044	 +3.3325	 +0.4636	 +1.4545
 -2.9540	 +3.6462	 -6.2986	 +1.5209	 -0.7157	 +2.5903
 +4.9135	+17.8538	-28.9938	 -1.6517	 +0.2900	 -1.5400
 +7.4672	 -2.1429	 -4.4244	 -0.2490	 -3.4192	 +2.3004
 -3.4146	 +3.5761	-13.3622	 +2.4025	 +0.0113	 +2.2312
 +0.6814	 -5.2022	 +2.6727	 -1.6282	 -5.3941	 -0.4953
 +0.2397	-10.7872	 -6.2199	 -2.0557	 -0.3253	 -2.7872
 -4.2099	 +0.8377	 +3.0982	 +2.4917	 -1.8651	 -3.0190
-13.9944	 +2.0668	 +8.8209	 +1.4266	 +1.2167	 -3.0650
-51.2420	+15.3083	 +7.0853	 -1.8094	 +1.3498	 +0.7396
 -4.0263	 -0.0381	 -2.0067	 +0.7769	 -1.7270	 -0.8116
-28.6381	+25.3741	 +9.0418	 -0.1572	 +4.0151	 -0.1742
 -2.2004	 -2.1245	 -0.4256	 +3.8699	 +4.4298	 -3.3147
-10.3606	 -9.4770	 -6.2838	 +0.2808	 -0.9986	 +0.1348
 +0.7311	 +0.0850	 -1.4043	 +0.0271	 +0.3654	 -2.7722
 -8.6008	-50.6455	+34.9463	 +1.9566	 +0.3428	 +0.6594
 -4.4534	 -5.2240	 -4.5533	 +1.5289	 -4.6405	 -0.0686
 +8.6566	 -2.7559	 +2.4822	 +0.1404	 -0.7899	 +2.5805
 -4.9359	+14.7838	+19.0773	 -1.8195	 -1.0274	 +0.4711
 +5.6785	+19.3194	+16.9337	 -0.0873	 +0.6968	 -0.5302
 -2.1130	 +3.8031	 -9.6105	 +0.2655	 -2.5297	 +1.4376
 +2.7055	 +0.4494	 -2.6103	 +1.8346	 -4.0827	 +0.3698
 -2.9548	 +0.8846	 +8.0930	 +1.7013	 +2.2574	 +1.6453
 -0.3648	 -0.3589	 -2.1273	 +0.6572	 -1.9675	 +0.6243
+11.0784	-18.3208	 -1.4333	 -0.7105	 -0.6538	 -1.3283
 -0.2825	 +6.1074	 -6.4617	 +0.3252	 -1.0388	 +1.0653
 +3.6174	+16.8566	 +8.8233	 +1.5005	 -2.7187	 +1.9401
 -3.5899	 -8.0394	 +1.8230	 +1.8582	 +2.0221	 -1.0304
 +3.2525	 -0.9998	 -1.2270	 +1.1485	 -0.0763	 -1.5606
+17.9076	 +4.5010	 -1.4714	 -1.4878	 -3.1560	 +0.4961
 +1.2149	 -0.3141	 -7.0539	 +4.3645	 +0.6930	 +4.0910
 -4.7276	 -2.5206	 -6.9756	 +0.2728	 +1.5028	 -6.2100
 -4.1567	 -0.4047	 -0.1550	 -2.0953	 -1.6932	 -2.7842
 -1.6829	+15.3549	 +2.0378	 -3.6678	 -0.1765	 -1.2817
+13.5080	 -9.4729	 +0.4759	 +1.0385	 -2.8361	 -0.9419
 +3.6988	 -3.8855	 -1.8558	 +0.6944	 -3.8881	 +3.1272
 +2.4696	+16.9162	-10.0067	 -0.9290	 -0.6951	 +2.7674
 +7.1912	-10.8278	 -1.6582	 -2.9969	 -1.4406	 +1.6428
 +2.5186	 +4.3893	 -1.7993	 +5.1759	 -1.4767	 -0.2860
 -2.4899	 -6.1121	 +2.2718	 -1.7246	 -0.8671	 +3.0925
-17.8537	 +1.4804	+12.8473	 -0.4220	 -0.8671	 -0.0650
 +4.0271	 -6.1455	+42.0485	 -1.1611	 +0.9345	 +1.2474
 -3.3470	 -4.0463	-10.3127	 -0.1693	 +3.4614	 -0.9316
-10.9777	+16.1267	 +0.4526	 +2.3854	 +1.6187	 -0.1783
 -2.1635	 +1.1411	 -0.7705	 -2.9592	 -0.8627	 -0.2518
+12.8374	 -5.1160	 +3.9102	 -2.5555	 +1.7181	 -1.9615
 +4.8012	 -4.3835	 -2.1326	 -0.3518	 +2.1213	 +0.1103
 +0.9183	+16.5504	 -8.1818	 -0.0398	 +3.9791	 +2.2864
 -9.8957	 -5.8994	 -0.5980	 +0.0058	 +0.9317	 +3.8093
-18.6853	 +1.3604	-43.3857	 +1.3618	 -1.1275	 -0.4892
+10.2779	+12.9408	+31.0194	 -1.4873	 -1.2442	 -0.0559
 -5.1600	 +2.3070	 -1.3064	 -2.3838	 +0.1570	 -1.2677
 -6.5781	 -5.4201	 -5.0106	 -0.6288	 -3.1904	 -0.5555
 -9.2909	 +9.2254	+10.3991	 -0.5451	 -0.3918	 -4.7626
 +1.6278	 -5.1762	 -3.0488	 +2.1845	 +1.5184	 +3.9025
-10.3240	 -4.4625	 -2.7383	 +0.0029	 -1.5562	 -1.5562
-13.2202	+16.4607	+10.2622	 -0.7917	 -0.3267	 -1.4069
 +1.7829	 +0.0474	-11.4570	 -1.5962	 +3.0292	 +1.9744
 +2.8542	-14.0834	 +0.9502	 +1.7983	 -0.5765	 -2.3975
 -6.5516	 -3.9609	 +0.3081	 +0.6929	 +1.5074	 +1.6643
 +6.3345	 -2.7224	 -1.8392	 +0.8148	 -1.5184	 +4.5119
 -5.1929	 +7.2897	 -9.1397	 +4.9253	 +1.0522	 +3.5341
 -1.5810	 -0.4146	 +6.3728	 +4.2717	 +2.7470	 -0.0645
 -3.6721	 -0.4283	 -5.1186	 -3.2682	 +1.1646	 +1.7895
 +0.7149	 +5.8909	 -8.0488	 +1.8210	 +1.8564	 +1.2231
 +0.1136	 -6.5777	 -7.2774	 +0.2894	 -0.4961	 -2.4809
 +2.7218	 -1.0117	 -4.9978	 +0.0938	 -2.2090	 +0.8561
+25.0459	-14.0647	 +7.8509	 +0.1735	 +0.6097	 +0.7951
-16.5628	+15.6290	 -9.8213	 +0.1909	 -1.6857	 -0.2563
 -7.3516	 -3.2284	 -5.5841	 +3.6786	 -1.6674	 -1.0811
 -4.4974	 -7.0020	-10.4674	 -1.2290	 -2.6108	 +2.0652
-14.3478	 -3.8110	 +6.5236	 +1.2212	 +2.5348	 -2.0460
+15.3315	 +5.9930	-10.3745	 +1.1340	 -1.7454	 +3.5565
+13.4378	 +6.2259	 -4.2179	 +2.3071	 +2.8337	 -0.7145
+19.1345	-11.6439	-16.3906	 -0.9384	 +0.4793	 +2.8777
-14.2686	-12.8380	 +1.5594	 -3.1273	 -0.8698	 +1.6423
 -0.7584	 -3.1201	 +6.2065	 +2.4753	 +0.4682	 +0.7839
 -1.5070	 +0.0140	 -4.4333	 -1.3772	 +2.6502	 +0.9601
+20.1003	+11.5584	 -0.7752	 -1.8562	 +0.9999	 -0.1827
 -8.0922	 -6.4070	-16.9072	 -3.6027	 +2.7084	 -1.3449
 -9.9346	 +2.3128	-15.8727	 -0.0412	 +2.5692	 -2.8231
+21.6750	 -2.8800	 -5.0669	 -0.9296	 +1.2802	 +0.5609
-17.6434	 -9.2493	 -4.6650	 +1.9493	 -1.0322	 +0.3970
 +4.5781	 +2.5180	 -4.1996	 +1.4603	 -3.3951	 -3.1046
 +5.5698	 +5.6287	 -3.6741	 +6.1905	 +3.2554	 +4.6129
 -3.6902	 -2.0427	 +1.6569	 +5.3897	 +0.9930	 +0.1982
-17.5004	 +2.9418	-16.9479	 +1.1690	 +1.6682	 -1.2777
-34.4525	 +1.9646	 -2.0279	 -1.7950	 +2.6708	 +0.9735
 -7.6958	 +6.3174	-11.1494	 -0.4987	 +0.5899	 -3.3219
 -4.1264	 -6.4836	 +3.2137	 -0.1800	 +1.0534	 +0.0514
 -6.1290	+19.9272	 -9.2159	 -0.4606	 -0.5802	 -2.2226
 +2.1059	 -5.2382	 +0.1675	 -2.2370	 -4.2270	 -2.0893
-12.0303	+14.0749	-48.6346	 +0.2292	 -0.1082	 +0.3293
+11.8942	+14.2712	 -3.1383	 -0.8812	 +0.9461	 -0.2020
+18.2836	 +0.8611	-18.6289	 +0.5151	 -1.8034	 -0.8029
 +1.4292	 -2.1938	 +6.1369	 +4.5159	 -0.0165	 -0.3048
 -3.0049	+23.2829	 -8.1314	 +1.1609	 +0.9117	 +3.6754
 -4.4130	 +4.9802	 -4.3962	 -0.1777	 +4.8875	 +1.9712
 -1.4388	 -7.7338	 -6.8417	 +1.4558	 +1.0930	 -1.6733
-16.0056	 -1.0700	 +0.9208	 -1.7385	 +0.3590	 +2.6217
 -8.7910	 -0.3517	 -3.7745	 -0.0974	 -0.2126	 -2.8112
 -6.1688	-12.3673	 -1.5814	 +2.0316	 +2.1356	 -0.2769
 +9.0531	+20.9713	-10.9533	 +2.3492	 -2.0553	 -2.3436
 -2.3410	 -0.9331	 +1.4053	 -0.4223	 -0.5591	 +0.7371
 +9.0647	+14.1373	 -0.8230	 -1.4322	 -0.4152	 -2.3734
 +1.1606	 +6.2546	 +7.2963	 +1.4117	 +4.4275	 +0.4342
 -3.9804	 -5.1503	+14.7970	 -1.7901	 +1.8589	 -2.0654
 +2.1838	 +3.1492	 -6.6115	 +0.1412	 +0.9289	 +3.7038
 -0.1820	 +1.5096	 -1.2115	 -3.1808	 -1.5535	 +2.5166
-10.4282	 +0.2959	 -0.6046	 -3.1888	 -1.8804	 -0.4439
-10.5279	 -6.6366	 +5.8845	 -1.2910	 +4.4155	 -1.1677
 -3.8692	 +1.7390	 +0.9382	 +2.2233	 -2.6722	 +1.7145
 -3.4191	 -2.3791	 -0.2733	 -0.0686	 +0.7471	 +2.0262
 -1.4784	 +2.7050	 -5.5451	 +2.8288	 -0.7257	 +2.0609
 -1.5291	 -5.6839	 -3.0059	 -0.0600	 -3.5028	 -1.4958
 -2.9040	 -5.3641	 +1.6338	 +2.2327	 -0.0837	 -0.2980
 +5.4096	 -0.8536	 -3.1121	 -4.0698	 +0.5924	 -2.4282
 -7.7288	 +8.5430	 -2.9949	 +2.4367	 -4.9641	 +1.4561
 -3.6527	 +3.5902	 -5.5763	 +1.9210	 +3.7313	 +5.2516
 -4.6186	 -9.3924	 -3.0079	 -3.9453	 -0.2286	 +0.8015
 -2.9971	 -0.4144	 +0.2188	 +2.4429	 +0.5721	 +1.2208
 -0.3517	 -5.3990	 +1.4844	 +0.5982	 -1.0175	 +4.5827
-19.6852	 +2.2586	 -1.2185	 +1.1432	 -0.1044	 -5.0733
-10.6330	 +5.9244	+19.8072	 -1.8888	 -0.8104	 +2.9637
 -2.3445	 +1.1367	 -5.1381	 -1.9785	 +0.8928	 -0.8732
 -2.7123	 -0.7500	 -2.0074	 -1.8528	 -2.0145	 +0.1291
 +9.5220	 +8.0233	 +1.4266	 +0.5314	 -2.0633	 +0.9070
 -7.2254	 -1.6207	-13.2544	 -1.0628	 +1.8367	 -1.9841
 +6.7374	-10.0936	 -6.0441	 -5.5321	 +0.0233	 -2.8459
 +0.5023	 +5.9428	 -1.4106	 -0.0486	 -1.0250	 -1.8456
 -3.4324	-38.6001	+59.4185	 -0.3688	 -1.0087	 +0.2369
 -3.4117	 -7.4912	 -5.0646	 -0.7432	 +2.1092	 -1.4132
+31.1578	+30.6246	-27.9515	 -2.0557	 -1.4879	 +0.8159
 -5.5359	 -7.8648	 +4.0812	 -2.2343	 -1.5673	 -0.1345
 -3.9515	 -5.7832	 -6.4305	 -0.1334	 +0.3788	 -0.3641
+50.4457	 +0.9993	-39.0468	 -0.5721	 -0.1747	 +1.7121
 -4.4437	-38.7869	+31.5414	 +2.6132	 -1.5523	 +1.0502
+104.1789	+55.8425	 +9.6528	 -0.0445	 -0.8443	 -1.6197
+10.0764	+24.9571	 +6.1930	 +2.4532	 -2.3804	 +0.2620
+27.4706	+65.1382	-33.7836	 +1.0790	 -0.5840	 +0.1164
 -3.1129	 -2.0779	 +5.2582	 +2.6394	 +3.4520	 -1.2915
-18.2477	 +9.3580	 +1.3932	 -0.9681	 -3.2993	 +1.3189
-20.0852	 -0.7594	+11.3018	 -1.7185	 -0.6156	 +4.6712
+13.8568	+37.7458	-47.3644	 +0.6159	 +2.4367	 +0.5544
+11.9995	 -8.6446	+37.7429	 +1.2727	 +1.1400	 -1.7089
+11.2064	+10.6027	 +4.9014	 -4.4040	 +0.4239	 +0.3106
 +4.9234	 -9.8913	 -5.0790	 +1.8373	 +0.2707	 +1.8587
-12.5888	 +4.9511	 +2.9580	 -1.9549	 +3.4675	 +2.0265
 +8.6500	 -4.3041	-10.3862	 -1.7011	 +0.9438	 -1.5943
 -8.9212	 -1.3447	 +8.2957	 -0.8041	 +1.5773	 +1.2802
 -6.2052	 -0.0145	 -1.5612	 +4.3372	 +3.3868	 +2.0426
 +6.3543	 +7.2561	 +4.0411	 +0.6182	 +1.9782	 +2.3761
 -3.5820	+13.0804	 +8.4458	 -1.0699	 -4.2792	 -0.5609
 +1.8065	+13.9023	-10.6450	 -1.0664	 +1.0193	 +2.5759
 +2.2266	+14.6284	-23.8498	 -1.8982	 -0.5667	 +1.2503
 -7.7777	+16.7195	 -2.9633	 -0.3126	 +0.6504	 -0.1915
+12.4924	-16.4214	-13.5938	 -2.1386	 +2.0416	 -0.1972
 +0.4412	 -0.9164	 -3.7544	 +2.7839	 -3.3356	 -2.4131
 -1.9064	 -0.0714	 -7.3325	 -2.6431	 -3.2809	 +0.8424
 +7.0201	-11.8914	 -1.5360	 -2.4459	 +3.4580	 -0.5967
 -1.3987	 -3.7516	 +3.7110	 -2.1970	 -0.2287	 +6.2381
-10.4044	 -1.0515	+15.3889	 -1.1939	 +2.1041	 +2.4697
 +0.0222	 -3.3622	-11.6914	 -0.3521	 -2.7539	 -1.1154
 -2.5413	 +2.2524	-10.6747	 -1.7101	 +1.0334	 -3.0969
-22.4620	+28.8949	+10.6761	 +0.5567	 +1.0147	 +0.4962
-12.9776	-11.9751	 -4.4828	 -1.3060	 +1.4897	 -1.9090
-18.5987	 -5.1205	 -3.3291	 +0.2681	 -2.8543	 -0.9221
+23.0471	 +7.1953	 +8.4517	 +2.0203	 -1.2927	 +0.1169
-15.7777	 +0.6484	 +2.9056	 +0.7372	 -1.4611	 +2.0329
 +3.7475	 -3.9730	 -1.6896	 -1.8164	 -0.0635	 -5.1036
-12.1321	+66.6329	+25.5548	 +0.7765	 +0.0101	 +1.1534
+22.3791	 -2.0676	 +1.5546	 -0.3168	 +1.4499	 -1.4628
 +7.5442	-15.1419	 +6.0623	 +0.2835	 -0.5081	 -0.9330
-15.5574	-30.9144	+29.5643	 -0.6243	 +1.0198	 +0.7958
-35.8006	+33.6271	+22.9758	 +1.5329	 -0.4940	 -0.8410
 -2.3807	 -5.5935	 -3.3269	 -0.9468	 +0.6270	 -1.1694
 +6.7768	-14.5864	 +0.3269	 +2.6833	 +2.5131	 +1.6436
 -6.8577	+11.3907	 +7.8775	 -4.3461	 -0.7114	 +0.5624
 +4.0373	-16.4602	 +7.6286	 +2.4574	 -2.9507	 +2.2041
+14.4689	 -2.8227	 +0.8502	 +0.9452	 +0.0658	 -1.6165
+16.7496	 +7.9134	 +8.9007	 +1.5612	 -1.9257	 -0.1975
 +3.1579	-38.0504	+112.3841	 -0.3038	 -1.4259	 +0.4513
-18.8030	 -0.7568	 -1.8010	 +2.7934	 -3.4935	 +0.5492
+12.6447	 -8.5269	-20.2206	 +1.5759	 +1.8566	 +0.3004
 -5.2991	 -5.9265	 -2.8475	 +1.5943	 +0.6962	 -2.4359
 -6.5086	 -4.5607	 -0.6005	 -5.5849	 +0.1507	 +4.5598
 -5.3514	 -3.2650	 -4.9839	 +0.8445	 +2.2759	 +6.2203
 +7.7200	 -4.6548	-10.8274	 +0.6211	 +2.0170	 -3.1814
+20.1286	-20.8176	+37.2386	 -1.6000	 +1.3694	 -0.7684
 +0.2751	-10.6263	-17.7315	 +3.1637	 +2.5134	 -1.5901
 +0.4467	-11.9348	 -5.3523	 +0.1978	 +1.3745	 -1.7204
 +4.3933	+12.8168	 -9.3517	 -1.5256	 +1.1105	 -0.8850
-19.4973	+11.5068	 +7.7810	 -0.2359	 +0.9498	 -2.6316
 +6.0933	 +9.6997	 +4.2824	 -3.1743	 +3.7010	 +0.8167
+11.0820	 -7.4769	 -4.2722	 -2.6926	 -2.9664	 -2.9964
 -6.8024	 +0.5095	 -5.2090	 -5.9757	 +0.3928	 -3.2082
 -1.4355	 +8.9587	+20.9909	 -0.3684	 +2.5268	 -1.4646
 +1.1511	-22.4423	 -3.5085	 -0.9641	 -2.3809	 +3.1921
 +6.3203	 -6.4969	 -2.6593	 +0.3318	 -0.7855	 -3.2741
 -6.1929	 -3.0376	 +1.8924	 +1.2761	 -0.0633	 -2.6261
-10.7810	 +0.4051	 -8.1703	 +2.9544	 +1.3768	 +1.8431
 +4.5663	 +1.6998	 -0.4445	 +5.7366	 -2.0002	 -2.2556
 -0.7533	 -0.4605	 +1.6342	 -0.8556	 -4.9504	 +1.7651
 +1.4956	 +2.7745	+11.4856	 +6.2124	 +0.1752	 -0.9895
 +0.4723	 -1.4778	 +6.3503	 +0.3131	 +4.1203	 -1.4422
 +2.8840	 +0.7019	 -0.5899	 +1.6348	 +2.0406	 +0.4366
 -2.3650	 +3.0702	 +0.7995	 +4.4457	 +4.1425	 -1.1810
 +2.1357	 -4.8151	 -4.5970	 -1.3144	 -2.9495	 -2.4503
+23.0827	+24.8397	 -5.9585	 -1.6080	 +0.1773	 -0.1353
 +1.6153	 -0.3807	 -0.7435	 +0.9740	 +4.9424	 -1.1697
+19.3322	+10.4617	 +2.0896	 -2.5660	 +1.8700	 -1.5385
-10.9389	 +0.4798	 -9.9458	 -0.6282	 +1.5475	 +0.7504
 -0.2372	 +2.8071	 -5.2691	 +2.1184	 -2.1392	 +2.9224
 +8.2403	-10.1314	 -1.5762	 +1.8271	 -2.7168	 +4.3135
 -0.9386	 -7.9718	 -7.9513	 -1.2319	 +1.4043	 -1.6786
 -6.0445	-32.4325	 -0.7067	 +0.3048	 -1.8054	 -1.8102
 -1.5026	 +4.5569	 -7.0665	 +4.2480	 -3.8316	 -3.1851
 +1.5856	 +9.3375	 +3.6530	 +1.5160	 +1.2093	 +0.7111
-25.4259	-10.7956	+17.9309	 -2.1037	 -0.0300	 -0.0770
-20.0452	 +4.1003	 -2.0361	 -1.5610	 +0.8684	 -1.4628
-18.9689	-13.3608	 -1.0225	 +0.5948	 -1.0572	 +1.6953
 +5.2250	+12.3063	 -3.2398	 +0.9751	 -4.8546	 +2.8572
-10.2207	+17.8342	 +1.9188	 +1.6457	 +0.4727	 +1.5395
 -9.8555	 +3.7447	 -2.2471	 -2.4934	 +2.8912	 -3.7610
 +8.0266	-16.2293	 +6.9230	 -2.1058	 +3.1010	 +0.9883
 -1.2503	 +7.7475	 -3.4370	 -4.8844	 -1.3294	 -1.1137
 +6.2016	+41.9436	 -6.3378	 -0.2673	 +0.8437	 +2.3977
 -0.6816	 +1.5318	 +4.1656	 -1.7723	 +1.0358	 -3.2876
 -9.1539	 -2.7212	 -0.6372	 +0.4786	 -4.4905	 -0.3283
 -2.6583	-10.4009	 -0.6040	 +0.8899	 -0.3062	 +1.4153
+87.2478	-32.4694	+47.0156	 +0.0265	 -0.8870	 -1.4328
 -7.6952	 +0.6603	-13.6822	 -1.5347	 -3.8091	 +1.9041
 +5.5117	 -9.1144	 -5.9857	 +0.9652	 -0.7956	 +2.4873
 +2.8954	 +1.7197	 -1.8319	 -0.3385	 -0.4360	 -2.4251
 -1.5442	 +9.8156	-10.7054	 -1.1989	 -0.0449	 +2.7383
 +8.1732	 +5.6990	 -9.4280	 +3.0637	 +0.0971	 -1.8143
 +1.4806	 +4.7660	 +1.4847	 -0.9140	 -0.0050	 -2.8979
 -3.5777	-10.9925	 -8.0668	 -2.3631	 +0.5086	 +2.0873
 +1.5830	 -3.1157	+23.6398	 +2.3752	 -1.0403	 +0.1873
 -9.7832	 +5.9281	 +6.8993	 -2.9380	 +3.0263	 -2.5078
 +6.0533	+16.8826	+36.0181	 +0.4436	 +0.3930	 +2.7938
+10.9689	 +7.2233	+19.0531	 -0.3536	 +0.2453	 +0.4131
 -8.1453	 +1.1997	 -1.0167	 -3.4480	 -1.7335	 +0.3462
 +1.1614	 -3.0808	+14.4740	 +1.2982	 +1.8991	 -3.1946
-11.4282	 -7.4411	 +3.3300	 +0.6481	 -1.2328	 -4.8782
 -8.3807	 +3.4376	 +6.7531	 +5.1837	 +0.0486	 +2.8777
-10.4003	 -5.6267	 -6.5958	 -2.7307	 -0.9603	 -2.1257
-51.8433	+26.1614	 -4.1108	 -2.4372	 +1.1190	 -1.0143
 -1.7768	-18.9736	 -1.1532	 +0.4131	 -2.4447	 +0.6623
 +3.9233	 +9.1676	 +6.9236	 +5.7793	 +0.7445	 +0.5842
 +8.5671	 +2.1631	 -0.1664	 -4.8295	 -1.4171	 -2.5097
 +3.0195	 +2.3110	+10.5314	 +1.7828	 -1.5362	 -2.3699
 +1.5277	-17.5028	 +5.8725	 -1.1400	 +1.9244	 -0.0679
 -8.3381	 +2.1154	 -4.3636	 +1.4732	 +4.2866	 +0.8494
 +3.8182	 +4.5617	 +3.7608	 +0.7397	 -3.8163	 -2.1352
-88.2682	-169.9003	+25.7309	 +1.1135	 +0.0405	 -0.1032
 -5.5295	 -0.6163	 -7.0112	 -3.1710	 -2.1809	 -3.2750
-11.1423	 +2.0616	 +2.5712	 -0.2680	 +3.2383	 -0.3677
 +4.6395	 +7.3028	 +1.5996	 -1.6846	 +1.1378	 +0.1851
 +0.4991	-10.1909	+16.6215	 +2.5910	 -1.5669	 +1.1810
-10.8192	 -1.0929	+14.6815	 +1.5891	 +0.1613	 +3.4509
 -2.2319	 -2.7044	 +0.5478	 -1.8756	 +0.7867	 +2.6885
 -5.3577	 +0.6138	 -6.6141	 -1.1149	 +2.5754	 +4.2748
 -7.4175	-20.3668	+16.2034	 +2.2763	 -2.1630	 -2.4014
 -9.4252	 +8.6728	 +1.2963	 -2.6864	 -0.3353	 -0.9698
 -5.6008	 -4.0875	 -3.5275	 -1.7297	 -0.0690	 +2.2086
 -7.5111	 +8.6063	 +3.3412	 -1.9489	 +3.4749	 -2.1398
 -5.7733	+12.7381	 +9.5009	 -0.9752	 +1.6753	 +0.7031
+11.0495	 -3.5127	 -1.4489	 +1.2831	 +1.0762	 +0.1390
-10.1334	 +3.9542	 +4.2647	 -0.3199	 -1.3611	 -2.4434
 -5.5363	+26.6847	 +3.3801	 -0.5408	 +0.6245	 +2.6768
 +2.2896	 -3.9205	 +1.4412	 -4.8953	 -1.0481	 +1.6690
 +1.1009	 +1.5875	-11.9198	 +1.5700	 +0.3370	 +2.4877
 +0.9274	+23.2589	-20.7775	 +0.1102	 -1.9371	 +3.1612
 +0.8469	-16.8889	+32.8977	 +0.4229	 +0.9162	 -2.5089
+13.1452	 -7.4576	-11.6766	 -2.1922	 +4.3460	 -0.4238
 -5.7042	 -2.2316	 +2.3249	 -2.0073	 -1.8618	 -5.9036
 -8.1126	 -4.9349	-11.2143	 -1.2207	 -0.6392	 -2.3442
-17.2725	+10.5398	 +3.9124	 -0.1494	 -2.0473	 +0.7197
 -1.5433	 -1.2179	+22.7200	 -1.7017	 +1.4779	 -2.7923
-42.9311	+27.4832	-75.4591	 +1.1059	 +1.8407	 +0.1553
 -7.4972	 +5.0013	 -2.9423	 -4.6630	 -0.9748	 -1.0099
 +6.4171	 -7.4288	 -1.5674	 -3.9440	 +3.9675	 +0.2345
 -3.7428	+16.1520	-14.0286	 +0.0546	 -0.8900	 +0.6897
-24.9701	 +1.6683	 -6.4803	 +1.7129	 +1.0703	 +0.5084
 -2.3527	 +6.0856	 +3.1119	 -0.1455	 -1.5613	 -1.3176
 +1.5829	 -1.3034	 -7.9440	 -0.4364	 -2.1158	 -1.8681
 -1.1722	-12.9465	-19.2398	 +0.8341	 +4.3802	 -0.0378
 +6.1474	+12.5475	 +2.7151	 +1.5855	 -1.6751	 +0.0463
 +1.8006	 -4.9387	 +1.9835	 +1.2414	 -0.0332	 -1.0252
 -8.2981	 +0.3010	 +2.8489	 -0.3728	 +0.3187	 -3.9930
+14.9946	+11.6111	-30.6402	 -1.5544	 -1.2930	 +1.2394
+25.4765	+38.3687	+72.5489	 -1.1105	 -0.6619	 +0.9170
-10.1461	 -6.5812	-20.5597	 -1.0080	 -2.2581	 +1.8867
+10.3429	 -5.0968	+19.9583	 +2.0352	 +1.2889	 +0.4755
 -5.5598	 -3.3187	 -5.2230	 +0.3285	 -1.1460	 -2.5368
 +6.5222	 +7.4383	 +3.4641	 +0.0537	 -4.2577	 -1.9326
+65.6415	+29.0333	+36.9215	 -0.8282	 +0.1121	 +0.5682
 -4.9156	 +8.0729	 -8.4881	 -0.6922	 +1.6577	 +1.0998
 -3.3415	 -6.8242	 +2.4699	 -0.2192	 -3.4404	 -3.0023
-10.2818	 -0.5537	 -9.6868	 +3.2040	 +2.7556	 -2.2656
 -8.4209	 +5.7236	 +3.6932	 -2.2220	 +1.2062	 -1.1072
-36.2925	 +6.0458	+16.4440	 +1.7945	 -1.2361	 +1.5022
 -3.5497	+13.8663	-10.4975	 -0.0500	 +1.0390	 +0.7121
 +2.6054	+13.1847	-14.2978	 -0.0598	 +0.8453	 -1.2987
 +6.6276	+11.5976	 -1.3067	 +0.9070	 +4.3267	 -0.3675
 -1.9540	 -0.8956	+24.1274	 +2.1554	 -0.2468	 -2.3503
 -5.8816	-13.6815	 -3.3860	 +1.2049	 -1.0760	 -3.7853
 +4.0339	 -9.8835	 -1.9176	 +4.4265	 -2.6544	 -0.7062
 +3.8135	 -3.8482	 +2.5109	 -3.3988	 +0.9888	 -2.5146
 -8.7848	-13.8735	 -4.1432	 -3.8391	 -0.1508	 -3.6784
 -1.6734	 -0.0680	 -0.1306	 -0.1180	 +5.0383	 -4.2630
 -2.6757	+20.2405	-25.8832	 -1.8560	 +3.3635	 +0.5969
 -2.7034	 -6.9501	 +5.2004	 +1.1448	 -1.1033	 +3.2086
-13.5877	 +1.5872	 +9.1182	 -2.4683	 -1.3456	 +0.3295
 +6.9373	 +8.1574	 -5.0657	 +0.4573	 +0.7908	 -2.6487
 -1.7911	-16.2016	 +1.6460	 +1.0536	 +2.7954	 +3.1954
 +4.1555	 -9.8347	 -7.1412	 +3.0990	 +2.0660	 +3.8271
 -0.5166	 -2.0928	 -3.5211	 +2.1844	 -1.5028	 -2.2963
 -2.6410	 +1.2095	 -7.1549	 +1.8851	 +4.2423	 -3.6234
+12.8363	 +7.2110	-19.1206	 -1.8284	 -2.1391	 -1.0682
 +4.6820	 +5.3555	 +0.8055	 +0.8238	 +3.8598	 +1.6166
 -7.9123	 +8.6521	 -4.5292	 -1.8573	 -1.1784	 -2.4657
 -2.2733	 +2.9346	 -7.4378	 +0.7432	 -2.8042	 -1.4676
-15.3151	 +3.7532	-21.8093	 -2.9744	 -2.4470	 +2.0311
 +2.9186	 +6.0837	 -4.6216	 +2.8958	 +1.1730	 -1.3365
+28.4881	+10.8166	 +5.3515	 +1.6401	 +0.3754	 +0.2165
 -0.0242	 -2.6536	 +5.4296	 -1.7968	 -4.0371	 -0.5846
 -5.2915	-11.4385	 -2.5647	 -2.6509	 -0.5478	 -2.7914
-13.0103	+19.5393	+10.0778	 +0.8620	 -0.6461	 -0.8597
 -0.1503	 +0.9672	 +1.4532	 +0.1009	 +1.5561	 +0.6065
-14.7907	 +8.1483	 -8.9982	 +1.7586	 -0.3971	 -3.7613
 +2.1335	 -6.3645	 -1.1121	 +1.3435	 -2.1374	 +1.7199
 -6.0802	 +1.3701	 -3.9488	 +1.8731	 +0.2094	 +3.6252
 +1.9853	 +2.5036	 -9.0443	 -2.5181	 -1.5100	 +2.2210
+18.8429	 -1.4259	 -1.1546	 -2.1109	 -3.6780	 -0.0632
-83.3982	+43.1570	+26.8949	 +0.2737	 +0.0202	 +0.5595
 +5.7555	+10.9039	 +6.2637	 +3.5397	 +2.3936	 -1.4237
 +2.7366	 +6.2172	 -0.4632	 +3.3044	 +0.7020	 +3.0949
-11.4420	 +5.7361	 +3.9777	 -0.5034	 -1.9268	 +1.7617
 +1.8992	 -1.0448	 +0.2287	 +1.9476	 +2.2536	 -2.4028
-13.9338	 +3.2802	 -3.4514	 +3.3217	 -2.8740	 -2.3444
 -4.8032	+19.0985	-36.3781	 +0.9974	 +1.2647	 -0.9916
-13.8726	-21.7368	 +7.5690	 +1.3308	 +0.1849	 +2.6872
 +3.9054	 +3.3705	 +6.1428	 +1.3673	 -1.8348	 +0.6158
 +3.0782	+10.2450	-16.4987	 +0.0344	 -1.7801	 -0.6327
 +0.2551	 +1.0259	 +2.0443	 -1.2753	 -1.0062	 +3.3982
 -9.0960	 +0.5579	 -2.8975	 -1.7788	 +0.5468	 +1.4531
-15.6616	 +2.4632	-15.4686	 -1.0840	 +1.6212	 +1.0701
 +7.7299	 +8.9591	 -9.9024	 +2.9932	 -0.0408	 -0.1867
 -2.4289	 +1.3668	 -3.7235	 -1.7767	 -0.8107	 -3.9240
+23.3743	+12.5618	+12.9829	 -2.4097	 -2.4633	 +1.3780
+16.9394	 -8.3953	-14.7587	 +1.1985	 -2.7896	 +1.5846
 -3.7225	 -8.0555	 -9.2792	 +1.8237	 +0.8179	 -3.2462
 +6.5637	-10.7765	 -7.9228	 +1.4194	 -1.2657	 -1.0591
+22.1078	 -0.2301	 -0.5936	 -1.2918	 -0.5329	 -0.4659
 +7.8847	 -3.3663	 -5.8219	 +0.1191	 -1.0693	 -5.0578
 -2.0963	-13.7342	 -5.5414	 -2.2891	 +2.0407	 -0.0689
 -3.4783	-19.3058	 -0.2016	 -2.6818	 +0.1266	 -1.4474
 -2.0441	 +3.0782	-10.4326	 -0.6515	 -2.7071	 -0.8219
 +8.6426	 +2.5691	 -6.9675	 -3.2833	 +2.8150	 -1.1555
+16.9147	 -9.1403	 -6.0113	 -1.8446	 -3.4260	 +1.2615
-34.4575	-16.9434	 +3.9278	 +0.5367	 +0.5707	 -3.3033
 +5.2044	 -7.0270	+12.0790	 +0.9784	 +1.1743	 -1.4663
 +2.5836	 +2.9133	 -2.2475	 -1.4848	 -4.5332	 -6.2220
 +3.1515	 +8.6872	 -8.1554	 +3.2559	 +3.1862	 +0.8463
+13.5423	 -0.8784	 +5.7581	 +0.4272	 +3.5107	 +0.1925
-13.9842	 -8.6714	 -2.4380	 +0.7691	 +0.1512	 +2.4162
-40.5895	+27.7577	+37.9887	 +0.1834	 +0.3889	 +0.0408
+21.0146	 -0.3375	 +0.2486	 +2.2538	 -0.7407	 -1.7117
 -7.3479	 -3.7301	 +5.4791	 -1.7940	 +1.0279	 +1.1191
 -3.6539	+13.2571	 +6.4547	 -1.7620	 -1.1068	 +3.0415
 -8.4615	 -4.1142	 +9.8503	 -0.2524	 -2.1518	 -0.5937
 -0.3426	+14.1330	+10.2898	 +1.7691	 +1.8657	 +2.1237
+39.8149	 +2.9686	-15.1667	 -1.3816	 -0.7954	 +0.5065
 -0.6379	 +6.4046	 -3.9799	 -0.5963	 -1.0475	 -0.6785
 +2.3239	 +9.3948	+10.2841	 -2.7429	 +0.6952	 -0.3528
 -0.3360	 -3.7286	 +5.3888	 -3.4822	 -4.5173	 -1.8328
 +0.6243	-17.4757	-28.4916	 +1.0182	 -0.1865	 +1.9864
 -2.4502	 +6.8521	 -6.2269	 +2.0664	 -0.3084	 +2.7230
 -4.4447	 -1.7876	 -9.2502	 -3.6123	 +0.5973	 -2.6554
-97.1320	-31.8727	+80.3839	 +1.4618	 +0.1893	 -1.2905
 +8.5235	 -5.1169	-10.7604	 +1.5039	 -3.5861	 +1.6020
 +7.9247	-27.4620	+21.6338	 -1.2815	 +2.6307	 +3.1344
 +6.2685	-25.0410	-11.2016	 +0.6198	 +0.8383	 -1.8266
 -6.0542	 -1.8506	 -6.9213	 +0.5343	 -0.4377	 +0.1536
 +1.9288	-11.1587	 -9.5853	 +1.8296	 +0.8199	 -0.4730
+10.7642	 -5.4502	 -7.9528	 -0.4258	 -3.0109	 +1.6612
 +4.1773	 -1.1695	 +1.3799	 -3.4640	 +4.2411	 -0.4455
 -7.0755	 +3.3857	-11.4787	 -0.3008	 +2.6173	 +1.6635
-14.7181	 -5.2595	 +5.2279	 +0.2457	 +1.9836	 -1.1411
 +9.3588	-16.4788	 -9.8375	 -1.3369	 +3.1324	 -0.6246
 +3.5377	 +0.4826	 -6.5230	 -0.1467	 +0.7997	 -2.1928
-21.4791	 -6.3972	 +3.0880	 +0.8652	 +0.4052	 -0.6159
 -2.2621	-12.0462	 +7.3245	 -0.1753	 -1.6255	 -0.6446
 -8.9513	 -9.9747	-12.8762	 -1.7993	 -2.0962	 -4.3509
 -6.1725	 +1.6872	 +0.3169	 -1.5005	 +1.8894	 -0.1165
-13.9680	-16.9106	-17.7096	 +0.0109	 -0.2645	 -2.3456
-59.8751	+19.9823	+47.3497	 +1.3957	 -0.8977	 -0.9792
-53.2612	-28.2950	+16.4148	 +1.5925	 +1.1959	 -0.6533
 -2.9937	 +1.9511	+12.5517	 +1.9854	 +2.9688	 -1.2381
 +0.9007	 -4.6183	 +4.5545	 +1.4781	 -0.3803	 +0.8132
-75.2251	-125.0248	+119.0011	 +0.6819	 +0.0859	 -0.1131
-10.9761	-11.0200	 -1.4928	 +0.6599	 -3.8464	 -0.5803
-13.2123	 +2.5128	-16.2052	 +0.0573	 -2.9951	 -0.4787
 -2.0702	 -5.2547	 +0.5709	 -0.5852	 +0.3848	 +0.7168
-39.1993	-27.5866	-18.0534	 +2.3119	 -0.2975	 -1.0125
-11.8532	 +1.8239	 -6.6680	 +1.6045	 -1.5017	 +2.2416
 +0.4350	 -0.9598	-11.6079	 -1.8874	 -2.1126	 +4.0926
+12.7982	-23.0944	+40.9920	 +1.2255	 +2.5051	 +1.1329
-10.7154	 +2.5845	 -7.3223	 +2.5500	 -0.9430	 -1.6696
 -8.0105	 -1.4684	 +4.2221	 -0.7798	 +2.4973	 -3.3937
 +2.2375	 +3.3752	-10.8771	 -0.9104	 -4.1815	 +4.6660
 +2.7628	 -8.6620	+17.4235	 +2.3413	 -2.6557	 -1.3358
-22.9659	+10.5719	+26.6631	 -1.1046	 -0.7873	 +0.5989
 +7.6434	 -3.5570	 +7.8099	 -2.9778	 -3.8047	 +0.2614
 +6.2425	 -3.8184	 -6.1305	 -3.1496	 +0.1570	 +2.7961
 +7.6239	 +4.3193	 +0.4181	 +4.5457	 -2.1532	 -0.0992
 +2.4200	 -2.1955	 -4.0368	 +1.4191	 -0.3856	 +6.2882
-10.8413	-14.8326	-19.6976	 +0.4671	 +0.8193	 +1.7347
 +2.2784	 +0.6503	 -7.4805	 +0.8607	 +5.2541	 +2.2854
-15.2238	 -8.0831	+18.3617	 -0.6798	 +0.7288	 -1.4910
 -8.7777	 -6.9379	-10.1556	 +1.7756	 -2.9783	 +1.6515
 +9.2508	 +2.3794	 +1.5623	 +2.8810	 -0.9727	 +2.3896
-34.5856	+15.8918	 +6.1646	 +0.9978	 +0.2362	 -1.8597
 -4.9287	 +0.2671	 +3.7148	 +0.2843	 +3.2924	 +2.5570
 -2.2181	 -5.6657	+17.2540	 +1.4726	 +1.9550	 -0.3366
 +7.3147	 +7.3129	 +6.9583	 -2.0734	 -2.0215	 +2.1496
-11.1660	 -3.5817	 -7.2083	 -1.9368	 -2.5007	 -3.6443
-28.7480	+33.0714	-72.9135	 +0.5017	 -1.4888	 +0.8478
 +4.3771	+26.8077	 -1.9022	 -2.2175	 +0.4990	 +1.5003
-20.3994	+74.2404	-51.3442	 -2.0888	 -0.7778	 +0.2633
-12.6633	 -8.1492	 -1.2875	 +3.3897	 +0.1353	 +0.4364
 -8.4885	-16.0066	 +1.3343	 +2.6028	 +1.8031	 +2.4992
 -1.0316	+22.2001	 +2.4025	 -0.7876	 +1.3096	 +1.8308
 +4.3473	 +3.5488	 -2.3552	 +3.0929	 -0.2204	 -6.0502
-13.0805	 -6.8421	+12.6593	 +2.9584	 -0.2614	 +1.0736
 +1.4093	 -8.5123	-10.6843	 -1.8214	 -1.4843	 -3.8110
 +4.8738	 -1.3879	 -7.0057	 +0.0758	 +1.9533	 +2.8933
 -0.5565	 -0.4234	 +1.0424	 -3.1481	 +2.4272	 -2.5186
 -4.4292	 -1.4394	-12.7347	 -1.1753	 -4.1342	 -2.6127
 -7.0108	 +9.4848	 -6.5665	 +4.3414	 +0.6699	 -0.7658
-10.5622	 +4.2627	 +3.2530	 -1.9690	 -1.6005	 +3.8953
 -5.9052	 +2.3846	 +6.9716	 -4.7657	 -3.0695	 +0.5019
 -1.9295	-22.6686	 +0.2003	 -3.5929	 +1.7044	 +1.7554
 -4.1602	 -3.3773	+10.5132	 +2.0363	 -0.9734	 +2.2694
 -3.3384	 +3.5495	+11.7219	 +2.1164	 +0.5121	 -0.7713
 +3.8920	+16.4745	 -1.1957	 -2.6964	 -0.1340	 -0.7173
 +5.2018	+13.8352	 +3.1221	 +2.1695	 -0.6422	 -2.1376
-142.2772	-175.7624	+114.3574	 +0.3848	 +0.8984	 +0.0795
 -2.2401	 +9.3625	 -8.5476	 -2.9527	 +3.4047	 -0.5633
-18.2736	+38.7535	+44.8723	 -0.2419	 -2.4024	 -0.4876
 -4.3670	 -4.1462	 +4.5180	 -2.5140	 -0.1159	 +5.2331
 +7.4312	+74.5692	-81.7958	 +0.0689	 -0.0797	 +0.4239
 -2.8105	-17.1261	 -6.4655	 -0.8933	 -2.7468	 +2.1882
 -7.6493	 +1.2615	 -0.5802	 +1.3432	 +1.1390	 -4.1973
 -7.9356	+24.7893	-24.7943	 +1.8361	 -0.6694	 +0.5000
 -7.9664	 -0.8395	 +1.7314	 +4.4832	 +5.2197	 -0.6088
-16.5698	 -8.6340	 -3.8641	 -2.4081	 +3.0288	 -1.3259
-10.2521	 +5.4794	 +0.9394	 -0.8177	 -3.3496	 +0.6009
 -1.0789	-12.0544	 +7.4396	 +0.3060	 +0.7168	 +1.6158
 -7.1494	 -0.6506	 +1.5271	 +3.7616	 +0.7129	 +1.8780
 +3.2469	 -6.7465	 -6.0158	 +0.3246	 -0.7521	 -2.4453
-20.6949	+10.2388	 -2.6384	 -1.7952	 -1.2893	 -0.6033
-13.2478	+13.7843	 +2.1671	 -2.0301	 +1.6652	 -0.8530
-19.2404	+19.3096	 +1.7130	 +1.2921	 -2.5941	 -0.1350
 +1.1146	 +0.6552	-29.7990	 +0.4761	 +0.7107	 -1.5128
+15.2397	+11.1503	 +4.4764	 -0.6051	 +1.2526	 -2.4035
 -1.1834	+11.5343	-20.8941	 +1.0942	 +2.1198	 +1.3177
 -1.7279	 -2.8523	 -1.9281	 -3.6717	 -1.9859	 +5.3328
-20.4833	 -7.2196	 +7.8461	 -2.7276	 +0.6264	 +2.9195
 +9.5332	 +2.5846	 -1.4820	 +0.0226	 +1.8029	 -1.6927
+12.4708	 -2.1410	+12.2877	 +0.2595	 -1.9263	 +0.0944
 -4.2410	 -8.4740	 -0.5841	 -0.0547	 -2.7616	 +0.1028
 +4.1516	 +2.7566	+10.7947	 -1.4772	 +2.6833	 -0.9602
 -2.9156	-21.1447	+11.2825	 +0.9399	 +1.1930	 -0.7509
 -2.1297	 +6.9384	 -0.4770	 -5.2010	 -0.3110	 -1.2434
 +1.5528	 -9.7897	 +0.5134	 +0.4280	 -1.9110	 -2.1760
 -5.2255	 -0.3139	 +2.6745	 +6.1651	 -1.8559	 +0.1511
-14.1358	 +9.4573	 -3.7596	 -2.3748	 +0.8809	 -0.5683
 -2.3749	+15.7955	 +7.0033	 -1.5967	 -1.0401	 -0.2578
-13.2180	 -6.6558	 +1.2336	 +3.1216	 -2.0060	 +2.0444
 -0.4040	 +8.2178	 +5.0754	 -2.2504	 -1.4340	 -2.4072
 -1.6514	+10.7233	 +7.5128	 -1.1472	 -2.4611	 +0.0850
 +9.0354	+26.1212	+29.2451	 +0.4420	 -0.1783	 -1.9236
 -5.4209	 -4.1510	 +1.5495	 +4.5336	 +0.7608	 -1.2354
 -6.1565	+11.0714	 -7.2500	 -2.4123	 -4.2715	 +1.9970
+29.9975	-10.9408	 +2.4725	 +2.1046	 +0.8500	 -2.2733
 -0.4677	 +3.9817	 +6.2785	 +2.9429	 -1.2651	 +2.2015
 -8.6005	 -6.8437	-10.8591	 -0.0428	 -0.1104	 -0.3840
 +9.5856	 +8.6813	-13.4037	 +0.4200	 +0.5450	 -1.4606
-15.3816	 +0.5023	 -3.5333	 +0.8326	 -0.5843	 +0.8717
-17.4982	 +6.3050	-17.2239	 +0.9342	 -1.5895	 +3.1212
 +3.8567	-10.5951	-15.2360	 -0.9228	 -1.6623	 +1.0762
+17.3415	 -4.7312	 -8.4375	 -2.4313	 -0.4978	 +3.0360
 -1.1729	 -3.8001	 -9.2756	 -1.7657	 +0.8524	 +1.3975
 -2.6326	 -2.5345	 +0.9123	 -1.6215	 +1.9514	 +0.8225
+10.0896	+10.1583	-12.8269	 -1.2844	 -2.3160	 +1.0800
-10.1127	+41.9453	-11.1070	 +1.8996	 +0.8991	 +0.1384
 +1.7605	 +0.9390	 -6.7418	 +2.2363	 -1.8098	 -0.6739
 -4.3309	 -7.9724	-23.5882	 +2.0473	 -0.2550	 -0.8954
-14.6835	-11.8003	 +5.7094	 +0.2541	 -3.4617	 -2.6922
+13.8656	 -9.8439	 -6.1814	 -2.3726	 +0.7759	 +1.2501
 -1.7920	-23.6801	 -1.1634	 -2.1507	 -0.1187	 +0.6193
 -4.7247	 +1.1620	 -8.3887	 -1.3850	 +1.6501	 -3.1852
 -1.7823	 +5.1093	+20.1946	 -1.6152	 -1.0029	 +0.2842
 -3.5215	 +9.2724	-19.3755	 +0.9578	 +1.4790	 +2.7808
-15.8009	 +5.1999	 +3.6661	 +0.4878	 -4.6829	 +0.1460
 +6.7306	 -2.2214	-13.0610	 -0.7390	 +1.4773	 +3.3971
 +0.6540	 -2.6869	 +0.1184	 +3.3710	 +2.4904	 +0.0420
+13.0195	 +4.4296	+41.2260	 -0.8176	 -0.6164	 -0.1042
 +1.4642	 +0.8615	 -4.6071	 +4.2766	 +1.3384	 -0.3283
 -2.0514	 +9.4232	 +1.9005	 -2.8878	 +0.6151	 -3.0765
 -0.7076	+11.7482	 +3.8323	 +3.5213	 -3.8078	 +1.1681
-12.9859	 +6.6848	 +1.5127	 +1.5473	 +0.5369	 -1.0063
-10.4175	 -2.9958	-17.1504	 +1.4667	 -2.3880	 +0.4936
-18.2831	 +3.8843	 +2.5854	 -0.9951	 -1.9806	 -2.2720
 -2.5290	 -1.6515	 +6.2033	 -1.0957	 -2.4331	 +1.2284
-62.5324	-17.2995	-25.6899	 -0.2187	 +0.2585	 +0.0615
 -4.4997	 -9.2633	 +5.4205	 +0.6233	 -0.5679	 -1.9606
 -5.1132	 -0.7344	 +3.0512	 -3.7685	 +0.3747	 -2.7068
 +1.8526	 -4.5645	 +1.5569	 -4.8891	 +1.2557	 +1.6181
