# Iterations: 1201 of 10000
# Total Energy: -6.443e+05
#    Kinetic Energy: 7.086e+05
#    Potential Energy: -1.353e+06
# Current Time: 2018-05-09 14:36:25.610844
# Elapsed Time: 2:59:41.973716
# 
# Med. Times for Sections
#    Force Computation:		6.938431
#        [6.9206676.8846416.8896976.9374816.9402596.9393816.9657706.9736176.9025346.961670]
#    Gather Particles:		0.000117
#        [0.0001170.0001130.0001180.0001150.0001220.0001180.0001080.0001110.0001180.000119]
#    Overall:		8.752882
#        [8.7423148.6896328.6971198.7436148.7579938.7497148.7924948.8013868.7560508.786685]
#    Scatter Particles:		0.002690
#        [0.0032010.0025380.0024610.0031180.0023720.0030320.0023040.0028420.0023790.002860]
#    Time Integration:		0.000135
#        [0.0000880.0001730.0002100.0001810.0000890.0000980.0000820.0000900.0002010.000173]
#    Tree Broadcast:		0.852797
#        [0.8481880.8577030.8407500.8564380.8491550.8481090.8737080.8462910.8803030.868111]
#    Tree Construction:		0.961374
#        [0.9699930.9444100.9638300.9462250.9659390.9589180.9504710.9783820.9704520.953694]
# 
# x	y	z	vx	vy	vz
# 
 -6.5796	 -3.7533	 -3.0459	 -0.0396	 +0.5283	 +0.3084
-11.5363	+23.3710	 +5.2100	 -1.8374	 +1.1905	 +0.1391
 +5.5940	 +7.3326	 -6.5541	 +1.8186	 +1.4325	 +2.4041
-32.8347	 +3.9925	+10.4440	 +0.7606	 -2.5484	 +0.5442
 -4.1465	+12.2052	 +0.9278	 -2.9583	 +2.4721	 -0.1519
-10.7729	 -3.9386	 +9.2858	 -1.8492	 -0.6380	 -1.6811
 -3.7710	+10.0514	 +4.5656	 +1.7957	 +1.7310	 +2.0298
 -9.7723	-12.9706	 +6.4081	 +1.6246	 +0.3836	 -0.1365
 +2.7667	 +8.4423	 +0.4619	 +0.7662	 +6.1088	 +3.6676
-28.6593	 +0.1965	 +3.0183	 +0.8812	 -2.7656	 -0.3695
+10.0506	 -3.2715	-10.8287	 +0.4412	 -4.2017	 -3.0875
 -4.5855	 -1.1941	 +3.2703	 -0.7916	 +2.4498	 -1.4848
 -5.5449	 -1.3196	 +4.8689	 +4.7083	 -2.4946	 +1.2273
 +1.1589	+16.2159	-26.5061	 -2.7962	 -0.5171	 +1.5696
 -1.7810	 -3.5504	 -0.8391	 +3.6047	 -0.2683	 -1.1206
-10.5985	 +2.7963	 +2.0036	 +0.8616	 +3.1182	 +1.7723
+10.2212	 +1.2619	 +6.4263	 -0.0784	 +3.1866	 -2.8920
 +4.2511	 -3.5224	 +7.7539	 +2.5985	 -2.1678	 +1.2342
 -9.7267	+14.4081	 -6.2833	 +0.5572	 +0.8135	 +1.7775
+88.2478	-37.8007	+79.8500	 -1.5847	 -0.7638	 +0.0226
 -0.0797	 +6.7061	 +7.1400	 -2.7401	 -2.9339	 -0.8507
 -3.0038	 +7.8626	 -4.9506	 -0.7965	 +0.2552	 -4.1131
 -2.2152	 -6.3360	 -4.4328	 +2.8594	 +2.3875	 -3.4136
 +3.3568	 -4.6739	 -9.8241	 +1.2700	 -2.5386	 -2.1198
-11.4207	 -6.3846	 +2.5473	 +1.4679	 +1.0244	 -1.0184
-49.9035	+40.2855	-13.8969	 -0.7169	 +1.2930	 -1.1265
 +0.6960	 +8.8745	 -0.5473	 -0.3383	 +0.2048	 -1.6452
-16.7166	+12.7618	-15.8206	 +1.4814	 +0.8237	 -1.6848
 -6.3823	-16.8005	-11.3453	 -3.8736	 +0.1565	 +0.6377
+16.5063	+25.5349	+10.4330	 +0.5560	 +2.4342	 +1.1237
+27.1331	 -0.1882	 -8.8821	 +0.0747	 +1.3817	 +1.3295
-57.9918	+29.0097	+19.3360	 +0.4366	 +1.5690	 +1.5364
 -2.2978	 +8.3938	+19.8703	 +2.3033	 +0.7146	 -0.1746
 +3.6532	+15.6155	 -9.9276	 +0.8811	 -1.1791	 +0.9309
 +0.1567	 +0.1564	 -8.5991	 -0.8556	 +2.2830	 -6.4509
 +4.6347	 +1.0711	 +1.2717	 +1.7153	 +0.6561	 +2.4025
 +3.4203	+10.1478	 -6.5809	 +1.7082	 -0.4568	 -0.7708
 -6.0215	 +1.8558	-10.5696	 -3.0767	 +2.8456	 +2.5530
 +1.2042	-13.2271	 +1.4947	 +2.1672	 -1.5394	 +0.3446
 -2.9972	-11.1192	 -2.8248	 +1.1868	 -2.0576	 +2.3367
+22.2859	-35.3201	 +5.6819	 -0.1251	 -0.8527	 -0.7994
 +2.9401	 -4.5387	 +3.8755	 -0.6195	 +3.3974	 -2.7928
 +3.6753	 -9.3041	 +1.1531	 -1.3285	 -2.4156	 -2.4385
 -2.4257	 +2.7326	 +2.4582	 -2.9115	 -2.7409	 -0.8323
 +5.8980	 -5.4803	 +6.0319	 -3.5020	 -3.9442	 +2.0273
 +5.0964	 +3.3948	 -6.2307	 -0.4083	 +0.5615	 +2.4524
 +1.1358	 -3.4340	 +6.8192	 -3.0845	 -4.2912	 -1.7025
+14.2680	-12.9521	-13.8188	 -3.8487	 +0.5268	 -0.5408
 +0.3295	 +0.5325	 +0.1809	 +4.7656	 +1.3415	 -0.3533
 -4.7314	 -6.7544	 -1.6035	 -4.4782	 -0.4108	 -2.7232
-18.5172	-49.0933	-17.0757	 +1.5672	 +1.2431	 +2.0441
 -0.4020	 -3.4834	 +1.0073	 -0.3442	 -1.3797	 -3.2673
 -6.6115	+21.6498	+24.9119	 -2.5298	 +1.8250	 -0.5560
 -7.2291	-18.4868	-10.6448	 -2.0680	 +1.7486	 -1.6557
 +9.7647	+20.9438	+67.4454	 +0.3130	 +2.0766	 +0.6822
-17.5779	 +2.5632	 -3.0160	 +4.3267	 +0.7601	 +0.3754
-18.9873	 -1.9160	 -1.0323	 -4.1472	 -1.2674	 +1.3311
 -3.0022	 +3.7511	 +4.0518	 -4.3393	 +2.0622	 -0.1775
 -2.8805	 +6.7383	 -5.2537	 -1.0184	 -4.9884	 -1.3354
-15.2721	+18.9677	 -7.9180	 +2.2211	 +2.8738	 -1.9380
-24.3613	 +6.1592	-16.7586	 +1.8966	 -0.1886	 -1.5932
 -3.0123	+33.3017	-15.0052	 +0.8123	 +0.9423	 +1.6528
 -4.0091	 -4.3427	 -1.3759	 +1.1244	 -5.3846	 -2.0961
 +0.6517	 +9.3316	 -3.4401	 -1.3739	 -1.4952	 -4.0946
 -1.5630	 -0.2999	 -3.4572	 -1.6708	 +0.2723	 +5.0353
 +6.2599	 +7.3820	 +3.6816	 +1.7879	 +3.4780	 +0.5801
 -8.3844	 -3.8676	-18.2165	 -1.4078	 -2.3273	 -2.8375
-33.9995	-28.0967	+20.0740	 -0.9452	 -0.6714	 -1.3439
 +1.0011	+19.7597	+10.3699	 -0.0277	 +2.0911	 -0.1527
 +0.6564	 -8.4769	 -7.5455	 -1.5136	 +3.7556	 -1.4684
 -1.6144	 -3.6695	 -3.7631	 -3.7729	 +0.1285	 -1.3645
 +9.9897	+18.4605	 -1.3841	 -0.5365	 -0.0039	 -0.8969
 -2.7822	 -0.0378	 +2.6030	 -3.7450	 +2.0523	 -3.1472
 +6.9161	+14.9475	-107.8930	 +1.9331	 -0.0610	 -0.9494
 +1.2602	 +4.4174	 +0.2613	 -6.9199	 +2.9013	 +2.0626
 +6.5123	-20.9768	+12.2910	 +3.0047	 +0.4155	 +0.9387
 -6.6958	 -1.5592	 -3.8111	 -0.6705	 +4.2933	 -0.7483
 -1.8348	 +7.4613	-16.5499	 +3.0031	 +3.2438	 +0.6231
 -3.8265	 -7.4399	 -3.8921	 -2.0586	 +3.9591	 -2.3623
+24.6353	+10.1871	 -2.9337	 -2.1005	 +1.9341	 +0.4109
 -1.1481	 +1.5573	 -0.5507	 -0.4425	 -0.8302	 +2.1080
 -2.5867	-11.3483	 +2.5944	 +1.8463	 -3.9110	 +1.6095
 -2.3288	 +0.0699	-10.8818	 +0.1665	 -0.5161	 -0.7571
-17.0254	+11.9490	+43.9451	 -0.1361	 -1.5950	 +1.4404
+19.2846	+18.9909	+22.3024	 -0.8715	 +0.1783	 +0.6483
 +0.9235	-12.3635	-19.4909	 +2.0555	 +0.6697	 -0.7977
+10.7067	 +0.9954	 +3.1454	 -0.1771	 -1.5827	 +3.1551
 -6.5274	+16.7081	 +1.0336	 +0.0845	 -3.3314	 -1.7942
+13.2037	-12.6576	-10.3602	 +0.1501	 +4.0019	 -1.1652
 -2.8848	 +9.1202	 -2.5319	 +1.5961	 -3.4727	 +0.6418
 +1.6798	 -4.2991	 -6.0095	 -3.7888	 -1.5195	 -2.3746
 -0.6360	 -2.0615	 +1.2803	 -0.1588	 -0.5742	 +0.3801
-20.3329	-32.2655	-46.5534	 -0.3519	 -0.1360	 +0.6997
-22.9841	-11.4542	+16.9977	 -0.1128	 -0.4240	 -0.0942
 -4.3884	 -3.9783	 -0.0626	 +2.6877	 +4.7632	 -1.1819
 -9.9727	 +7.2543	 -8.3417	 +0.1251	 -1.9666	 +1.8941
 -5.8039	 +8.4425	+10.3090	 +1.5080	 -5.0522	 +1.4158
 +0.8628	 +0.4372	-12.3995	 +4.3032	 +1.0362	 -3.4822
+15.6653	 -9.2942	 -1.8304	 +0.8552	 +1.3662	 +1.1249
+12.7198	+10.8260	 +9.4867	 -1.2962	 +0.4995	 +4.2207
-20.4644	 -3.2567	 +2.1847	 +0.8602	 +2.7939	 -0.0033
+10.5094	 +1.0754	+12.1139	 -1.0866	 -0.4244	 +0.1817
 -4.6688	 -3.2815	 +3.1433	 -0.6666	 +0.8946	 -2.9594
 -0.8209	 +0.6472	+11.3395	 -1.2003	 -3.5270	 -0.4151
 -1.4322	 -1.1145	 +0.7911	 +0.1057	 -0.4916	 +3.6623
 +5.9755	 +3.7346	-11.4327	 -2.6319	 -1.9257	 +0.6345
+11.9289	 +4.1252	-10.5886	 -1.3882	 +4.1606	 -3.3223
+14.2586	 +8.5509	 -3.6171	 -0.1605	 -1.6141	 +0.1841
+24.8360	+23.7703	 +6.1756	 -1.3293	 +0.2359	 -1.5636
 -9.0136	 +0.0865	+10.7009	 -1.1518	 +0.4349	 +1.7218
 -4.9447	 -6.7136	 +1.2963	 -4.6911	 +0.4761	 +0.1323
+471.4206	+395.5383	-223.7442	 -0.2869	 +0.6670	 +0.3185
-140.0033	+112.0728	+204.6840	 -0.0750	 +1.1092	 +0.3883
+29.3248	-10.0864	 -1.0261	 -0.4633	 +0.0907	 -1.5491
 -2.8163	 +1.0532	-14.2445	 +3.0933	 +2.5720	 -2.4247
 -2.6924	-13.7703	 +0.3675	 +0.8642	 -0.7423	 +3.7689
 -8.1727	 +2.1451	 +0.6797	 +1.2672	 +4.4548	 +2.8136
-52.4765	-12.5183	-18.0098	 +2.4243	 +0.4459	 -0.5298
 -7.4930	 +1.0562	 -2.5861	 -1.1601	 +0.5674	 -0.3842
+47.6896	-28.2261	-37.6102	 -0.2070	 -0.3158	 +0.8518
 +8.5232	 -2.7536	+15.1291	 -0.2648	 +1.4937	 +2.7025
 +2.2959	 -4.2286	 -1.1548	 -1.8392	 +3.1506	 +1.4706
 -2.4712	 -6.3954	 +0.8563	 +0.5210	 -1.2475	 +0.7991
 +4.8261	 +5.4298	 -3.6339	 +3.6571	 -3.3353	 +0.1343
 -1.9437	 +5.0180	 -0.0078	 +1.1518	 +6.0375	 -0.0605
 +0.7332	 -3.6065	 +5.8780	 -0.4117	 +1.3869	 +3.7794
 +7.7773	 -2.4962	+12.5675	 -1.9691	 -0.5310	 +2.2628
 +3.6139	 +0.3257	 -3.6438	 -3.9984	 -0.2467	 +1.5270
 +1.0543	 -7.0483	 -6.1523	 -2.3754	 +0.1725	 -1.6936
 -4.3636	+14.0125	+10.0895	 +1.6713	 +0.1922	 +1.6688
+14.6332	+18.8548	-176.9888	 +0.0535	 -1.1841	 -1.1440
-11.8895	 -4.7342	 -2.4203	 -0.4876	 -2.6880	 +3.0855
 +0.2786	 -6.5157	 +1.8266	 +4.2217	 -0.0711	 -3.2645
+10.0784	 +0.3566	 -2.6464	 +0.9661	 -1.9884	 +0.9415
 -3.1120	 +0.2775	 -3.6943	 -0.3554	 -4.5521	 -0.1678
-15.0605	 +3.7519	-14.6083	 +1.7419	 -2.6677	 +3.6775
 +6.3898	+18.1728	 +5.7320	 -2.8747	 +0.4378	 +1.1911
 -0.6644	-32.7102	+17.4730	 -2.1447	 -0.1627	 -0.7332
 -6.3044	 +4.7630	 +4.0449	 +0.6470	 -2.0734	 +3.1768
-13.7375	+20.0989	 +8.9321	 -0.0498	 +1.8918	 +0.0273
 -7.5500	 -1.9777	 -9.3346	 -0.2730	 -1.5963	 +2.4931
-19.2262	 +8.3168	 -7.4871	 +1.1507	 +1.7413	 -2.8859
 +0.5474	 +1.3298	 +3.6243	 -1.4737	 +0.8666	 +1.1770
 -2.1055	+25.7589	-27.0090	 +3.0175	 +1.0052	 +2.0232
+58.6651	-16.0204	+16.3843	 -0.4973	 -1.8160	 -0.5598
 +5.2268	 +1.2429	+13.4789	 +0.5984	 +0.4511	 -0.2634
-41.9659	-57.2715	+55.1436	 -1.0569	 +1.4072	 +0.6282
 -0.5504	-11.8170	 -1.0681	 +2.0744	 +0.2634	 -1.5258
 -5.8843	 -8.2963	-18.3543	 -3.5771	 -0.5861	 +2.1827
 +1.7935	 +4.3704	 -0.2302	 -5.1203	 -3.4409	 +0.5074
 -7.3779	 -2.5620	-18.6706	 -0.4781	 -1.8085	 +1.4475
 -0.9978	 +9.2812	 -4.6392	 -3.2043	 -2.9023	 +1.6359
 -5.3989	 +4.9329	 -1.3069	 +4.9960	 -3.1094	 -0.1588
 +1.5262	 -4.2239	 +5.7307	 -1.8488	 +3.6607	 -1.6542
 -7.4525	+10.5183	 -0.1271	 +0.9491	 +2.3036	 -0.6817
+12.9561	 -6.7784	 +7.5192	 +0.8437	 -1.2786	 -1.6989
+12.7453	 -7.0671	 -5.0199	 -2.3104	 -0.7864	 +3.3061
-22.3292	+10.4639	+15.4440	 -1.7138	 -0.0725	 -3.0037
 +2.5979	 -2.9219	 +2.1210	 -3.7994	 +2.6009	 -3.7211
 -1.4811	 +0.3015	 -3.4040	 +2.1822	 -1.7566	 -0.3341
 +5.8453	 -2.7137	 -7.4097	 +1.6281	 +2.6557	 -1.0712
+25.3852	 +7.7967	-22.7492	 +1.3419	 +1.4944	 -1.6205
 +3.3261	 +2.2844	 -2.5691	 -0.4179	 +1.4088	 -0.1946
 -8.6371	-15.5893	 -4.1154	 +1.0561	 -1.4216	 -0.0410
 +1.7756	 +7.1796	 -4.9576	 -3.8000	 -2.5674	 -2.3632
 -0.9228	 +2.7419	 -8.4507	 +5.4412	 -0.8644	 +1.0412
 -1.3100	 -6.0128	 +2.1948	 +0.3538	 +0.8334	 -1.3261
+15.2799	 +3.2658	+12.0043	 +2.0783	 +2.8613	 -0.9012
 -3.0225	 +0.8858	 -4.9777	 -3.9563	 +0.6812	 +1.1221
-12.3408	 +6.4650	 +1.8834	 -1.4002	 +0.7416	 -2.5302
 +2.8777	 +0.1930	 +6.7675	 -0.7229	 +2.7961	 +4.8346
 -2.7434	 -0.1564	 +3.8821	 -1.5424	 +0.6073	 -0.1545
 +0.1847	 -0.7619	 +0.0772	 +0.2570	 +1.6664	 +7.0393
 +9.7844	-11.0713	 +8.4670	 -3.4138	 +1.4844	 -2.8799
+18.5287	-10.6568	-33.6025	 +1.0849	 -1.5217	 -1.4933
+26.3092	+34.0696	-25.0503	 -2.9372	 +0.1924	 +0.4438
 -5.3140	+14.3137	-13.2383	 +3.8433	 +0.7975	 +1.0056
 -0.5719	+24.4790	 +0.3138	 -1.3055	 +2.7616	 -0.6997
 -2.2579	 -3.6853	 -3.6359	 +1.5094	 -2.2569	 +3.9630
 -4.0028	 +2.1095	 +3.1687	 +0.3646	 -3.0083	 -0.9691
 +8.2105	 +0.1280	 +2.2767	 +0.6955	 +2.3608	 +0.1275
 +2.6688	 -5.8277	 -2.9085	 +1.8735	 +3.5020	 -1.9598
 +2.7971	 -1.0672	 +2.5223	 +2.4271	 +1.3871	 +1.8125
 -0.2059	+19.8820	-24.1549	 -1.7292	 -1.3012	 +1.1678
 -9.0772	+10.9808	-21.8338	 -2.2434	 -0.8567	 +0.9352
 +4.4458	 -1.2537	 +0.2608	 -0.3398	 -1.9039	 -1.8781
 -2.8932	 +0.1922	 -9.0504	 -0.3335	 +5.3779	 -1.4101
 -1.3043	 +1.2380	 -5.2589	 -0.6470	 +2.6259	 +0.8155
 -0.8824	 +3.5425	 -3.7261	 +5.2669	 +0.0189	 +3.6018
 -5.2972	 -0.8146	 -6.0543	 -0.3473	 +2.3235	 -1.6974
 -9.3588	-25.5984	 +9.7637	 +0.3319	 +0.9900	 -0.6888
 +1.9159	 -2.6850	 -7.7077	 +3.1110	 +1.1350	 +0.2606
-16.4200	 +9.5276	-40.6562	 -1.0192	 -1.8429	 +0.2546
 -6.4236	 -3.9030	 -9.8368	 +0.5348	 -3.2525	 -0.1137
 -7.7475	-12.1089	-10.4065	 -0.7615	 +2.6928	 -0.0096
 -0.3907	 +1.0460	 +1.9185	 -2.0270	 +2.2513	 +2.3558
 -9.2503	 -4.6704	 -8.0865	 +3.5080	 -2.5758	 +0.5385
+15.7288	-96.8021	-24.6381	 -1.4306	 +0.6014	 +1.0865
 +2.6213	-10.0536	 -5.7043	 -2.0374	 -1.1875	 -3.5368
+13.0548	 +6.2749	+18.7924	 -0.5546	 -1.4068	 +1.0729
-12.2581	 -7.0400	+15.1218	 +1.5647	 +3.7477	 +2.0640
-16.2123	 -4.4156	 -4.2093	 -2.4485	 -3.8146	 +1.6424
 -1.2856	 +5.3260	 -7.0564	 -1.9343	 +3.7226	 +1.3659
 +7.4465	 -6.5268	 -2.0944	 +1.0559	 -1.0016	 +1.0498
 +8.0348	+10.0329	-14.6824	 -1.7410	 +0.9013	 -2.0648
 -5.4644	 +5.7315	 +0.0348	 -0.0049	 -2.2741	 +0.2889
 -7.4971	 -2.4288	 -0.4821	 -1.2760	 +0.2504	 -1.7325
-23.3246	 -6.0879	+22.6802	 +1.1014	 -2.7920	 +1.4479
-17.9886	+53.0652	-19.4866	 -1.9147	 -0.3102	 +1.7041
 -8.8809	 +0.6594	-10.7340	 -0.2444	 +1.0049	 -0.6595
 -8.8666	 +3.0753	 +6.7553	 +1.9104	 +2.9478	 -0.4449
 +8.0038	+11.1765	 -0.2571	 +1.3887	 -2.0934	 +1.5827
 +1.6336	-12.7991	 +7.5451	 +3.0420	 +0.0509	 -0.5936
-26.1634	 -2.3986	 +0.0761	 +0.9474	 +0.0092	 +0.9863
 -1.6370	 -1.6593	-11.2381	 -3.5789	 +2.4255	 +4.3276
+121.5055	 +6.6805	-35.2066	 +0.0301	 +0.1365	 +0.7763
 +2.1543	-11.5982	-30.5441	 -2.4259	 -2.0586	 +0.1803
 -2.9113	 -2.4611	 +1.3340	 +4.7712	 -1.2090	 +0.4002
-10.0482	 +4.4014	-10.5909	 +3.4834	 +0.9043	 +0.7629
 +2.4170	 -6.1005	 -3.7947	 +0.4640	 -1.8315	 -0.1415
+14.3686	-21.5724	-10.3228	 -2.7326	 +2.3125	 +0.0651
 -8.3912	 -9.2083	 -6.3023	 -1.3269	 -1.1314	 -0.6070
 +9.3497	 +1.9704	 +6.6396	 -0.0630	 -1.7210	 +2.2982
 +2.0333	 -5.3023	 +4.4718	 +4.3093	 -0.5194	 -2.1247
 -6.4317	 -1.3297	 +9.0569	 -0.0782	 -1.2958	 -1.2285
 -0.5365	 -2.4114	 +1.4214	 +2.1779	 +1.3488	 -2.7776
 -4.0786	 -4.2195	 -6.4462	 +1.5355	 -0.3331	 -3.8331
 +2.8987	 +3.7660	 +3.8955	 +1.7178	 +0.5803	 +1.2117
 +1.7255	 +1.4101	 -0.3739	 +4.4096	 +0.1780	 +0.7220
 +8.2631	 -1.8150	 -1.0712	 -2.8977	 +1.8075	 +1.5614
 -5.1077	 -0.1736	 -2.2133	 +1.2252	 -1.5660	 -0.0385
 -2.3917	 +0.8688	 -3.3206	 +2.9059	 +0.3689	 -3.7547
-12.6497	 -6.1853	 -4.0735	 +1.0464	 +0.2944	 -3.2791
 +6.7217	 +3.1060	 -3.3374	 -2.4403	 -4.1076	 -0.1954
 +3.0341	 +9.0290	 -2.7797	 -0.2744	 -2.4914	 -3.7837
 +8.9618	 -5.3404	-19.6408	 -0.3931	 -1.6734	 +1.0906
 -3.8741	 +7.4695	 +8.7655	 +0.4594	 +0.2070	 +4.2033
+14.9701	-24.4304	 +2.6466	 +0.5536	 +0.4918	 -2.4561
 -4.8029	 -5.0068	 -9.1299	 +2.2114	 +1.7077	 -0.7128
 -1.0494	 -0.4625	 -1.2974	 -0.8679	 +2.3508	 +0.3710
-62.8627	 -9.4556	 +4.3635	 -0.5458	 -1.4747	 +0.3583
 -0.5303	 +1.2829	 +3.6242	 +0.9374	 -2.4124	 +3.9467
 -3.6777	 +9.0728	-12.7161	 -0.8362	 -3.7181	 +0.9733
 -4.3489	 +0.4178	 -0.9303	 -4.8899	 +4.9289	 -0.7873
 -1.6705	 +2.0764	 -7.7202	 -0.9549	 -2.7962	 +2.2563
 +6.8056	-12.5823	 -8.9751	 -0.3858	 -1.2023	 -0.6015
-23.0806	 +4.0285	+27.7397	 +1.4941	 +1.1468	 -2.2892
 -6.4723	 -1.1109	 -3.5344	 +5.9780	 +0.2513	 -2.0610
 +6.6088	 +8.6510	 -4.0575	 +0.2491	 -2.9088	 +2.7770
-13.0924	-18.5082	 -2.8368	 +3.5637	 +2.7154	 +2.2452
 +9.3147	+20.2648	 +5.7748	 +2.3931	 -2.7006	 -0.7099
+19.9182	 -3.1608	+16.1094	 +1.1167	 +2.0985	 +0.7540
 -7.5455	 +9.1237	 +0.5942	 +1.7516	 -1.1176	 +1.1389
 -2.3846	 +2.1587	 +1.1797	 -4.8210	 +1.1399	 -4.3609
+1873.5569	-33.2454	+790.9533	 +0.2201	 -0.2337	 +0.0657
 -5.0233	 +2.5361	 +3.7318	 -1.8968	 +3.5973	 -0.5934
 -5.7606	 +7.6999	 +1.9425	 -2.3619	 -4.1033	 -0.9498
 +2.5022	 +0.4575	-11.1433	 +2.7416	 +1.5505	 -1.9106
-12.5815	 +5.2204	 +1.2356	 -3.2902	 +3.7570	 -1.6477
 +6.6335	 +2.7623	 -8.8859	 -1.7846	 -3.6684	 +0.9620
-63.8889	-61.1669	-70.9382	 -0.6664	 -1.1114	 -0.0210
 -6.2512	 +9.9664	+25.0882	 -1.0803	 -1.2244	 +3.7991
-14.5315	 +1.8431	-15.3888	 -1.6707	 -3.9195	 -3.1756
+18.0519	 -8.5764	 +7.7112	 -2.0009	 +2.9710	 -1.0375
 -8.1715	 -2.4689	 -4.1642	 -2.5747	 -1.3370	 -0.2248
 -0.8803	-14.8265	 +2.5814	 -5.0532	 -1.8125	 +1.1140
 +2.7402	-14.0389	 -3.6240	 +1.4000	 -2.0364	 +0.5952
 -3.2637	 +2.4659	 +0.6836	 +2.7841	 -3.7784	 -0.5650
-10.6586	-15.9958	-11.1837	 -1.9782	 -0.4433	 +0.3566
 +1.7983	-19.2302	 -5.2597	 -0.4436	 +1.6304	 +2.2628
 -4.0305	+13.3320	-12.9761	 -0.2515	 +0.7447	 +0.7632
 +1.9949	 -2.2413	 -4.4125	 +2.7082	 +1.7711	 -2.5968
-10.3947	 +1.9669	 -3.3210	 +2.2164	 -2.7960	 -3.4499
 -4.6782	 +2.8237	-11.7267	 -2.0023	 +1.9092	 +1.3312
 -6.6181	 -5.7674	 -4.7778	 +0.9906	 +0.6416	 +1.4258
-10.9079	 -6.0897	 +9.9308	 +0.5177	 -3.5971	 +3.6561
 -9.9976	 -0.9368	 -7.0019	 -0.6637	 +1.8569	 +0.3651
 -0.7804	 +2.8089	 -4.3346	 -1.9584	 -2.9409	 +1.0585
 +1.8907	 -2.6254	-26.8084	 -0.1012	 -3.5824	 -0.7079
 -4.7382	 +0.6601	 +2.4103	 +3.6146	 -2.5921	 -3.8675
 -2.2992	 +2.5456	 -4.8826	 -3.2638	 -2.8918	 +2.5997
 -3.6156	 +0.6542	 -4.0103	 -3.0602	 +4.0206	 +3.8077
 +8.4941	 +4.8513	 -3.3859	 -1.3663	 +3.0357	 -0.7329
-14.8674	+10.0058	 -1.7976	 -0.1896	 -0.2327	 +0.6471
 -2.5809	 +4.2159	 +3.1644	 +0.6041	 +3.5147	 +1.4825
 -9.5492	 -3.4146	 +0.2092	 -1.3078	 +0.6748	 -0.6057
-13.4247	 -0.0992	+13.3516	 +3.1993	 -1.6181	 +1.6976
-19.5638	 -7.6517	-21.4602	 +2.3995	 +0.4576	 -1.3675
 +0.5010	-14.6479	-11.4500	 -0.8024	 -0.5896	 +1.0441
-126.4510	-52.1430	+78.6842	 +0.8124	 -0.8975	 +0.6083
 -3.8982	 -4.1530	 +3.3155	 -0.0137	 +1.3162	 -1.0862
 +3.2749	 +6.1342	 -0.0740	 +2.1780	 -4.0508	 +1.4191
+12.2459	 +4.0255	-16.4304	 -1.7891	 +1.6481	 -0.6305
+11.5972	 -7.4744	 -7.0285	 -1.4675	 -0.6017	 +2.9391
 +0.8296	 -4.4691	 +2.1102	 +5.4861	 -2.4371	 -0.5642
-14.6044	 +0.8472	 -8.5518	 +1.7341	 -3.4016	 -0.4872
 -0.0250	+11.4765	 +7.3200	 -0.9847	 +1.9239	 -0.8628
-109.2583	-106.8266	+100.0786	 +0.4624	 -0.1951	 -0.1794
 +5.4834	+37.3918	 +4.0472	 +2.2613	 -0.7233	 -2.3560
-26.6807	-12.2997	+25.7148	 +0.3053	 +2.0811	 +0.9099
 -3.9563	 +3.3015	-39.4110	 +2.8364	 -0.7779	 -0.1426
-17.4076	 -2.3257	 -6.9991	 +2.4426	 +3.5568	 +1.0367
 +1.6478	 -0.9517	 -1.0427	 +1.3631	 +0.5489	 -4.3991
 -1.3484	 -2.4484	 +6.2841	 +1.2198	 -1.5453	 +1.1891
 +3.2163	 -5.3427	 +1.5489	 -5.0279	 +1.6087	 -0.2346
 -9.3419	 +9.7100	 -6.0834	 +0.5174	 -2.1355	 +1.7331
+18.2123	 +3.1903	 -1.5935	 +3.9429	 -0.2897	 +1.5229
+10.5888	 -4.9461	 -8.9236	 +0.9974	 +4.5122	 -0.7504
+11.0947	-81.5477	 +7.6706	 -1.0641	 +1.7401	 -1.2654
 -6.9674	 -0.8708	 +1.8242	 +5.3569	 -1.2436	 -2.2507
 -2.6152	 -3.2243	 -7.4676	 +0.0528	 +1.0420	 -1.1566
 -0.5689	 -2.3914	 -2.3476	 +1.1259	 +1.3767	 +0.9019
 -1.2615	 +5.5034	 +7.4294	 +0.1565	 -0.2624	 -3.7218
 +6.3152	 -5.3607	 -5.2086	 +0.7536	 +1.0762	 -1.8972
 +3.4073	 -4.6262	-17.9483	 +0.7969	 +2.4350	 -3.2162
 -4.9314	 +5.6983	-22.4865	 +0.1920	 +1.0199	 -1.7511
+11.7779	-17.1190	-27.4570	 +0.0581	 -2.1795	 -0.2545
 -4.9023	 +2.0715	 -6.4708	 -1.4529	 -1.6032	 +1.4227
 -7.2031	 +3.4523	 -5.0453	 -0.9368	 +4.6052	 -2.8119
 -4.5552	 +0.5953	 +4.0023	 -1.2593	 -3.3948	 -0.8018
 +1.9738	 +3.6928	 -2.1924	 -2.6051	 +1.0223	 +1.2318
+17.4450	+22.9060	 +1.4509	 +3.4167	 +0.6888	 -0.7291
 -1.6637	+15.8115	-20.0568	 +0.3040	 +0.0894	 +1.7057
 -2.2547	 +1.7465	 -2.7300	 -1.2278	 +0.8774	 -5.7408
 +2.7159	 -3.6582	 +0.1242	 +1.8077	 +2.9365	 -0.6164
-12.0767	 -9.1972	 -8.9733	 -1.6971	 +1.4691	 +0.7898
-150.2072	-60.1348	+204.5783	 +0.5639	 -0.6669	 +0.1783
 -0.3295	 -5.1836	 +4.2397	 -0.6877	 +0.6527	 -0.1453
 -7.9802	 +5.0882	 -7.7247	 +0.8823	 -1.2177	 -1.6453
-11.2553	 -7.7171	 -8.6925	 +2.3828	 +0.6004	 -0.3788
 -1.9086	-10.0055	 +7.0788	 +0.4611	 -4.5639	 -1.7534
 -3.8721	 +1.5787	 +7.0176	 -0.6050	 -0.0777	 +1.2801
+17.9759	+51.7277	-22.1048	 -1.5767	 +0.5060	 -1.6819
 +1.7187	 -9.1836	-10.0481	 -1.5009	 +1.0741	 +3.0389
-12.8612	 +6.1051	 -7.0575	 -1.7810	 -1.3309	 +2.7454
 +0.9474	 -4.3708	+19.9636	 -2.3346	 -0.6768	 +1.7407
 -3.4005	 +2.3228	 +3.2464	 +0.7915	 +1.9161	 -4.8240
 -6.3308	 -1.2956	 +4.1179	 -2.5434	 -1.4180	 -0.1600
 +6.6981	 -6.3147	 -6.5461	 +0.3614	 +2.9675	 +2.2254
 -0.8842	 -0.0084	 -6.1435	 -0.9580	 -0.1201	 +0.8140
 +8.3117	 +9.8588	 +5.5975	 -1.6140	 -0.6412	 -0.9477
 -1.1150	 +1.9598	 -9.7073	 -0.4616	 -1.5407	 +3.7526
-14.9830	 +0.9124	-17.1164	 +1.6203	 -0.2049	 -1.4731
 -6.3956	 -5.5036	 +5.6676	 -2.4791	 -2.0475	 +4.7359
 -4.7689	 -0.7493	 -6.7518	 +0.5590	 -4.3114	 -0.5858
 +1.3312	 +0.2504	 -4.5447	 +1.5271	 +4.6105	 -2.0866
 -0.5053	 -3.3764	 -5.0401	 -0.9956	 -1.6812	 +2.4305
 +7.8828	 +9.0956	+35.8378	 +2.1450	 +2.1143	 +0.0267
 -1.0231	 -0.1062	 -0.0042	 -0.5301	 +3.4241	 -1.8588
 -4.7710	+11.6325	 -5.7738	 +2.6459	 +0.2318	 -1.5795
 +7.7896	 +1.6723	 -7.7717	 -1.8101	 -2.6429	 -1.1904
+15.8196	-11.5338	-19.9305	 -0.2575	 -1.2438	 -0.5522
 -4.4023	 -5.0779	 -0.8883	 +3.2150	 -1.4214	 +1.6925
 -3.4691	 -1.6183	 +8.8824	 -2.8674	 +3.2072	 -2.6865
 -1.4663	-16.4809	+10.2857	 -1.1770	 +0.5399	 +0.5193
 -6.3993	+26.3634	-49.4148	 +0.8514	 -0.5144	 +0.1543
 +5.2744	 +1.2826	-34.3318	 -0.5674	 +1.2554	 +2.8291
 +0.5601	 -2.2114	 -3.7448	 +4.3545	 +0.5716	 +1.8880
 -0.0444	-10.0733	 -4.2794	 +3.5025	 +3.1886	 +2.7719
 -2.6681	 +0.3144	 -0.3094	 -1.8111	 -0.4291	 -2.7885
+19.7338	+15.5901	 +4.7854	 +1.0425	 -0.5137	 +0.2338
 -3.7177	-57.0957	-10.6792	 +1.4112	 +1.8559	 -0.5947
 +1.3904	 +6.9182	 -8.6783	 +0.9616	 +1.8663	 +3.2130
 -8.0315	 -0.8863	 -2.2451	 +1.9080	 +4.4820	 -2.9606
-20.3937	+10.8953	-16.6402	 -2.8792	 +0.6392	 +2.1900
 +5.2686	-25.1580	+19.0208	 -0.7684	 -2.1841	 +0.4291
 -5.4834	 +2.9007	+15.2942	 -0.4980	 +1.4283	 -0.9152
 -1.7510	 -4.7310	 +5.6333	 -2.7786	 -0.2694	 -3.3228
 +6.1728	 -6.3219	 -0.4148	 +2.1157	 -0.1775	 +0.3170
 -4.8011	 -6.6683	 -5.6542	 -0.2663	 -2.1228	 -4.0786
 +4.8462	 +3.3921	 -6.7295	 -1.4588	 +0.4975	 -0.9804
 +2.2982	+12.7132	 +2.7320	 +1.9086	 +3.4935	 -3.1018
 -7.2747	 -3.4484	 +1.3590	 +1.7733	 +0.1139	 +1.5131
-14.0393	-12.7106	-14.5294	 -0.1976	 +0.9122	 +0.3512
-47.4640	 +9.7643	-20.5116	 +1.7375	 +1.1727	 -0.6257
 -2.2517	 +0.7915	 +2.2520	 +3.7857	 +3.4064	 +1.3098
 -7.4555	 -7.3338	 -2.0694	 +1.2844	 +0.8986	 -2.0737
-12.4220	 -0.8165	 -4.4309	 +2.1995	 -2.3840	 -0.9270
 -2.1464	 +4.3657	 -6.8577	 +1.3914	 -3.1022	 -0.9877
+14.0455	+14.3203	 -0.1366	 -1.2039	 -0.3689	 +3.1604
 -7.6675	 +5.8380	+25.0650	 -1.4479	 -0.4255	 +2.4095
 +8.3619	-11.5508	+12.6832	 +1.0148	 -0.8298	 -2.8273
 +9.6432	 -4.3374	+10.4655	 -3.3056	 +0.0103	 +1.9322
 -9.0349	 +6.4272	 +0.3642	 -0.0674	 +2.9229	 -1.1878
 -4.8007	 -5.8604	-16.9564	 -0.3401	 +3.9099	 +2.7527
 -3.9549	 -4.2272	 +7.7101	 +3.1573	 -3.6482	 -3.4455
 -8.5459	 -3.2586	 +0.8234	 +1.7187	 +1.8572	 +2.2288
 +1.9549	 +5.0286	 -1.8650	 +1.2833	 +1.1670	 +5.1866
 +0.3367	 +6.3898	 -7.6625	 -0.8606	 +4.5584	 -3.1694
 +0.5678	 -0.9416	 +5.6022	 -1.5369	 +5.0895	 -1.1663
 -3.9729	 -1.1920	 -9.5037	 +2.2626	 +0.0425	 +4.2904
 -7.5520	 +0.3650	+16.2109	 +2.7880	 +0.2099	 +0.0894
 -5.3910	-12.0321	 -3.1291	 -1.1646	 -0.7732	 +1.5558
+27.2916	 +2.9873	 +8.9957	 -2.3506	 -0.5623	 -0.1304
 +9.4184	 -9.6204	 -5.5491	 +1.3125	 -1.5710	 -4.1982
 -3.2788	 -3.6248	 -2.6035	 +0.2986	 +0.1755	 +2.8059
 -8.2151	-34.2082	-28.0853	 -1.1512	 -0.0789	 +0.1324
-13.7394	+16.8680	+11.6417	 +0.1296	 -0.9073	 +1.4998
 -8.6926	 +1.5381	 +7.9488	 +1.6039	 +1.1914	 +1.0797
+16.3012	 -1.9842	+15.2335	 +4.5007	 -1.4261	 -1.8470
 +1.4591	 +0.6207	 +1.1775	 -0.8722	 +5.0589	 +1.4848
 -9.6720	 +1.3972	-10.8830	 +1.6307	 +1.7475	 +2.2960
-10.1800	 +0.8205	 -3.7636	 -1.6037	 +3.3878	 +1.5323
 +2.8794	 +5.1661	 -6.3092	 +0.6177	 +4.8170	 -3.5044
 +2.1059	 +8.8623	 -0.8591	 -3.4530	 +1.2226	 +2.5952
 +1.8848	 +4.0754	 +0.7236	 -5.2309	 +3.4538	 +1.4513
 +5.9347	 -1.9683	 -1.6690	 -5.1906	 -2.3777	 -2.3264
+19.6125	-10.7835	 -2.4641	 -2.5489	 -1.5855	 +1.7261
 -8.8738	+22.7351	+21.2363	 +1.7892	 +1.4976	 -1.1259
+28.3115	-28.1446	+70.7773	 -0.3714	 -1.6681	 -0.0479
-18.0306	 -3.3724	 -2.1511	 -0.8479	 +0.9477	 +1.0973
 -5.4023	+12.0501	 +5.7320	 -1.6162	 -2.1625	 +1.1971
 -0.4733	 -0.2179	 -0.0247	 -2.2290	 +1.7429	 -1.5119
+13.9728	 -2.3200	+14.1206	 +0.4624	 +0.8290	 +0.9887
 -0.1395	 +2.6487	 -3.7809	 -3.1164	 -4.8512	 -2.0684
+24.8068	 -3.2748	-19.9936	 -1.8235	 -0.4844	 -0.4366
+12.5939	+10.8124	 -4.0688	 +2.6114	 -1.5596	 -1.3485
-23.2553	+25.4584	-27.2958	 +0.0235	 +0.0636	 -0.3353
-25.3670	-15.1787	+16.6727	 -0.5456	 +1.8316	 -0.3389
 -6.4792	 +4.4660	 +1.5299	 +0.5018	 +0.5598	 +2.1730
 +2.6120	 -8.5433	 +3.2124	 -4.7679	 +1.9548	 +0.7647
 -4.5810	 +7.5559	 -9.8159	 -3.5856	 +0.5148	 -2.2061
 -2.6207	 -3.1244	 -5.0472	 +2.9364	 -1.0208	 +2.6251
 +0.1152	 +5.5104	 -1.7673	 +2.7070	 -3.9537	 +2.9833
 -7.7935	 -2.5157	 -1.0407	 -1.1640	 +1.0307	 -2.1755
 +5.6276	 +6.2124	 +2.1360	 +2.6517	 +2.1938	 +2.4852
 +1.5483	+12.9248	 +6.5794	 +1.7414	 +0.5533	 -1.7692
 +0.0817	-15.1957	+18.9356	 -1.2699	 -0.6426	 -2.9114
 +7.6006	 +4.7342	 -3.4836	 -2.1384	 -1.9570	 -1.0070
 +3.1252	 -8.7763	 +2.5799	 -2.1513	 -0.8947	 -5.3146
 -0.4971	 -0.6910	 -0.6698	 +2.0373	 +0.4946	 -3.3826
+11.1097	 -6.9990	-32.7910	 +0.4570	 -0.3636	 -2.1569
 +6.5308	 +0.2084	 -8.5648	 +0.5433	 -1.0342	 +1.1753
 +1.3218	 -3.0502	 -3.3905	 -1.3800	 -1.3423	 -1.5110
 +8.2226	 -6.1061	 -8.4636	 -4.9539	 -0.8099	 +3.0057
-31.4074	 +1.3598	-23.5124	 -1.1355	 -1.2035	 +1.5655
 +6.2080	 +2.1636	 +3.2252	 -1.0872	 -0.0006	 +1.3596
 -9.1299	 -1.4397	 -6.2913	 +1.4749	 -1.9678	 -2.7233
 +1.9297	 -4.4962	 -2.8065	 +0.0101	 -5.6681	 -2.4262
 -2.0032	 -6.5999	 +9.6730	 -2.2834	 +1.8407	 +0.3622
 -4.2212	 -8.5243	 -6.6747	 +1.3036	 +3.9596	 +0.0009
-23.8993	-18.9612	 +5.2310	 -0.8495	 -0.7863	 +1.1186
-19.0716	 -4.7588	-14.7361	 -1.4097	 -1.7674	 -2.6333
 +0.0622	 +0.2579	 -0.7183	 -1.3615	 -2.1947	 -4.5929
 +8.1348	 +3.7610	 +4.7694	 -0.1157	 +1.0420	 +1.1100
 +1.1003	 -0.2327	 -3.9676	 +0.0479	 -1.2588	 +0.1632
 -2.8197	-16.1385	-10.3438	 -0.2794	 +2.3745	 -2.0874
+11.5173	-47.9778	-23.1628	 -0.7196	 +1.9053	 +1.1692
 -3.2810	 -5.2715	-16.8774	 +0.3926	 +3.2382	 -1.7242
 +1.9175	 -1.5224	 -4.7893	 +2.4298	 -1.7974	 -0.1828
 -4.3627	 +0.9132	 -6.4944	 +1.3110	 -0.6441	 -2.1298
 -4.7841	 +2.2226	 -3.1231	 -0.9363	 -5.0276	 -5.9094
 -6.2868	 +9.6485	 +0.9924	 -1.2114	 +3.2580	 +2.1609
 +0.7836	 -2.1752	 +1.2054	 -0.8293	 -0.2992	 +5.9962
-16.9083	+13.6038	-10.6019	 -4.9725	 +2.6897	 +0.1424
 +3.6967	 -2.7079	 -0.5312	 -0.6542	 -3.2326	 +2.9885
-63.5936	-41.7729	+32.8505	 +1.0006	 +1.5855	 +0.3079
 +2.5020	 +7.0251	 +6.8047	 -2.4666	 -1.1751	 -1.9827
+43.5491	+26.4950	+35.6529	 -1.8077	 -1.6596	 -0.8006
 +9.3652	-15.8864	 +0.4612	 +0.5642	 +1.5843	 -1.7349
 -3.4260	+12.6136	 -2.9050	 +1.1868	 -1.1161	 +1.3737
-113.8981	+59.6293	-18.3595	 -0.2519	 +0.6346	 +0.3153
 +1.3279	 +7.8445	+15.3764	 +1.7905	 +0.1344	 -1.0955
-11.4974	 -7.0456	 -5.3683	 +0.6738	 +1.6409	 +0.6917
 -0.3323	 -5.0986	+12.8898	 +2.4248	 -0.4916	 +0.9113
 -5.3256	 -4.4794	 -0.8010	 +1.6544	 +3.5100	 -1.0174
 -2.0036	 -2.9176	 +0.5377	 -1.7406	 +2.4998	 -1.7163
+10.4445	 -2.6894	 -1.9266	 -2.4672	 -3.8814	 +1.9295
 -6.2956	 -4.2672	 -2.3896	 +2.8855	 +1.0186	 +1.1197
 +3.7550	 +2.0700	 -6.3221	 -4.7033	 +2.4029	 +1.1250
 -2.7685	+33.9336	 +0.3527	 +0.6491	 -0.1013	 +1.5233
 -8.5147	-13.8280	 +5.0184	 +0.4315	 +1.1922	 -0.7969
 -2.4075	 +2.8278	 +1.6237	 -2.1423	 -3.0257	 +0.5176
 +4.6348	 -5.7762	 -3.4194	 +2.8539	 +1.0277	 -2.3016
 -4.0144	 +3.6525	 -7.9416	 +3.4398	 +0.7530	 +0.4286
-35.5372	+17.7424	+12.2113	 +0.9191	 +0.0871	 -0.5176
+20.3485	+12.5052	-18.6867	 +0.1890	 -1.2530	 -2.1139
-12.9397	-39.6638	+15.6307	 -0.6134	 -0.9536	 -0.1318
 +9.4833	 +5.0534	 -1.2947	 -1.4585	 +0.4256	 -4.3729
 -2.1643	 -2.0181	 -2.1413	 -3.0156	 +4.2920	 -2.2615
 -8.7552	+15.3115	-32.5953	 -1.6343	 -0.8806	 +0.5946
 -7.9350	 +4.4269	 -3.0999	 +1.5425	 +3.5885	 -2.7518
 +1.7217	 -9.7432	+16.1166	 -0.9118	 -1.0275	 +0.9951
 -6.3215	 -4.3882	-10.1905	 +1.2341	 +4.6245	 -0.1276
 -2.5604	 +5.1092	 +4.1758	 +2.1590	 -1.0766	 +4.5525
 +3.0978	 -1.7612	 -7.0992	 -2.4231	 +1.9436	 +2.4232
+13.6505	 -4.2427	 -8.2074	 +1.5075	 -1.4212	 +0.8085
-62.1848	+24.9109	+12.4525	 -1.0041	 +1.0962	 +0.6372
 -1.5125	 +0.8547	 -0.9436	 -1.5581	 -3.1929	 +1.6321
-25.9718	+52.1810	 +6.3062	 +0.6560	 +2.8714	 -0.4507
+12.2871	+14.1354	-11.3044	 -0.0234	 -0.2093	 +0.4968
 +3.4368	 +5.3345	 +3.1430	 -0.8872	 +0.6354	 -0.3660
 -1.1540	 +0.7800	 +0.1311	 +3.3208	 -0.8370	 +2.9144
 +7.0523	-45.1275	+38.0842	 +1.9774	 +1.0444	 +0.1190
 +2.4628	 +0.4143	 +0.6400	 -2.5769	 +5.2351	 +0.0147
-14.1915	 +6.4146	-10.0037	 -0.9891	 +0.2771	 -3.4264
-12.7854	 -1.4970	 +7.9854	 +0.7872	 -2.7555	 -3.6035
 +0.8267	+10.8902	 +2.4489	 -1.1671	 -3.8409	 -3.3504
 +3.1912	 -4.7242	 +4.6452	 -1.8071	 +1.9643	 -1.9520
 -2.8526	 +1.3117	 +0.1133	 +2.5808	 +1.3714	 +2.3102
 +4.8669	 +0.4834	 -8.6075	 -1.9621	 -3.2073	 -2.6060
 -1.0917	 +1.0204	 -1.6588	 +3.5051	 -2.4920	 -0.1734
 -3.2317	 +0.8569	 -3.9545	 -0.5087	 +6.5677	 +2.6860
 +0.4947	 -4.7915	 +3.9796	 -0.5969	 +3.5801	 -1.1467
 +3.5935	-15.4536	 +1.2266	 -1.9296	 -2.9684	 -3.8635
 -2.0494	 +1.7804	 -5.4837	 -2.7267	 -2.8690	 +0.4846
 -1.6842	 -0.4067	 +1.0644	 +3.0139	 +0.5059	 -0.9095
-16.5370	 -3.4896	 -2.2820	 -3.3389	 +2.9111	 -0.6130
 -1.4682	 +3.2581	+12.6500	 -2.1256	 -0.5503	 -1.3696
 +3.5863	 +9.8235	-22.3623	 +0.9139	 +0.8255	 +0.8030
 -2.1653	 +2.9130	 +2.5956	 -2.7807	 -1.0110	 +2.1519
-13.5357	 -7.5151	 -8.2030	 +2.1744	 -3.4314	 -0.4635
 +4.6296	-13.8350	 -7.7447	 -2.6425	 +2.0936	 -0.4233
-35.8552	-57.6020	-54.7734	 -4.8438	 -6.2200	 -6.2633
 -4.2401	-13.5103	 +3.1530	 +1.1001	 -3.6366	 -1.2670
 -8.8692	 +8.3444	 -0.5323	 +2.5151	 +3.0570	 -0.8995
 +4.7376	 -9.5210	 -4.1995	 -3.3173	 +1.0480	 -0.0950
 +1.5719	 +2.8114	 -8.1987	 +2.4049	 -0.9214	 -2.7563
 -0.0437	 -2.9767	 -6.3360	 +6.1107	 +0.9628	 -3.8198
 -5.3383	 +1.7177	+45.8245	 -1.1641	 +1.0120	 -0.2655
 +0.8714	 -0.4456	 +6.3427	 +0.1479	 -3.6718	 -0.8324
 +9.5489	 +1.4099	 -1.1501	 +0.3808	 -5.0483	 -0.7132
 +1.8368	 +3.6402	 -0.5126	 -0.6654	 +0.1059	 +2.6631
-20.9732	 +5.2332	 -8.6682	 -2.0541	 +0.1642	 +0.2021
 -9.4723	 +2.6314	 -2.4283	 +2.3820	 -1.5877	 -0.5206
 -1.0282	+26.6751	+11.2408	 -0.3313	 -0.6422	 +2.1491
 +5.7083	 +6.9216	 -0.0506	 +0.9471	 -1.0819	 -3.7747
 -6.0055	 -7.0759	-41.1123	 +1.7927	 -0.9488	 +1.1429
 -3.6090	 +0.2150	+20.2585	 -1.8572	 -1.8985	 -3.1882
 +5.3505	 +1.3612	 +0.0369	 -1.0923	 +0.3789	 +1.7232
 +0.4319	 +5.2623	 +0.2743	 -0.7092	 +3.1485	 +0.4327
 +6.7073	-11.3746	-18.1723	 +2.8302	 -2.4637	 -0.2546
 +0.5580	 +7.8195	 +4.4184	 -2.2785	 -0.5610	 -2.6305
 +2.8363	 +6.8784	 +1.7946	 -1.4964	 +1.3917	 +1.9196
 -1.7846	 -1.6481	 -7.6206	 +5.0373	 -4.1565	 -1.0154
 -6.0449	 -4.9775	 +9.5187	 +1.2521	 -1.5810	 -1.1543
 +0.4967	 +6.3754	 -7.2220	 -3.3352	 +3.0710	 +2.9609
 +4.8101	 +1.0740	 -7.6516	 -2.3784	 -0.5987	 -0.6928
 -7.4804	 +0.4782	 +2.8486	 -0.5591	 +0.8534	 -4.1372
+18.2333	 -8.0963	+19.9016	 +0.8046	 -2.4651	 +2.1768
 +6.4681	 +4.0881	-12.4245	 -3.0129	 -1.6304	 -0.6597
 +3.4779	 -2.4850	 -3.1166	 -0.5579	 -0.3759	 -3.0882
 -5.9892	 -6.9085	 +1.8723	 -2.7173	 -0.3158	 -2.3466
 -1.1921	 +1.9403	 +3.8834	 +1.0358	 -1.2365	 -0.6081
 -2.9774	 +4.4741	 -1.2210	 +2.0470	 -0.8778	 -1.5637
+15.0438	 -4.0547	 +8.9336	 -3.1557	 +1.8790	 -0.8058
 +9.3961	 -9.6001	 +4.9505	 +6.7532	 -2.2721	 +4.3319
 +0.5342	 +4.6099	 +3.9624	 -4.0438	 -0.1237	 +0.7000
 +1.1288	 +3.8061	 +3.3919	 +0.8486	 +3.4398	 -3.2613
+16.6841	 +4.8782	-10.6796	 +2.6149	 -0.7744	 -0.0520
 -2.4626	 -8.0403	+14.3049	 -4.6319	 -0.6088	 +0.7594
+10.2866	+14.8058	 -4.8099	 -2.4346	 -1.0520	 +0.4927
 -7.2858	 +2.7170	+10.8027	 -4.9946	 +3.0876	 +0.6340
-23.0233	 -8.4129	 +8.7228	 +0.6266	 +1.4988	 +0.1549
 -5.4774	 +0.4556	 -6.6758	 -2.1991	 -0.8759	 +2.3305
 +0.9955	 -5.7711	 -1.3804	 +0.6241	 -0.9163	 -2.2112
-11.6694	 -1.4476	 -2.2190	 -2.8622	 -5.2776	 +0.0027
-22.7303	+15.6781	 -9.8246	 -0.1326	 +2.0631	 +2.2101
 -2.0711	+13.6609	-18.1464	 +1.5497	 +0.0963	 +1.8102
-12.1209	 +2.0345	 -1.0394	 -5.2289	 -1.9830	 -0.7756
 +7.0914	 +6.7293	 +1.3409	 -0.6155	 +3.4882	 +0.0402
 -7.5661	 -0.8253	 +2.6806	 +1.3119	 +3.3470	 +1.7708
+34.6970	+18.3554	+28.0672	 +2.6256	 +1.0018	 +3.4398
 +5.3774	 +6.6570	 -9.6650	 -3.1768	 -0.5741	 +0.0318
 +2.2819	 +7.7956	 -6.6889	 +2.6355	 -1.9656	 +4.7320
-39.8231	+21.2719	 +5.4076	 +0.1956	 +2.1155	 +0.8691
 -1.8206	 -1.2898	 -9.2947	 +1.4623	 -0.9705	 +4.8973
 +0.3712	 +2.6038	 -5.2400	 -2.0164	 -2.1130	 +3.1168
 -1.9574	 -2.0595	-12.2544	 +1.7199	 -4.3026	 +3.2667
 -7.6360	 -2.2117	 -7.8720	 +2.0193	 +3.3899	 +1.5044
 -9.1421	+11.8474	-40.5724	 +0.5005	 -0.4936	 +1.8025
 -7.1728	 -6.7086	 -1.0591	 -1.3438	 -4.8084	 +0.1248
+10.6585	 -9.4801	-12.1555	 -2.3056	 -0.1992	 +2.7159
 -0.0975	 +2.4929	 -8.9753	 -4.8383	 +0.2237	 +0.6130
 +4.9846	+12.5946	+17.9852	 +0.6309	 -3.2492	 +2.0714
 +1.4566	 +4.1496	 +5.0659	 +0.5672	 -4.3083	 -1.6904
 -5.8365	 +4.6975	 +4.1040	 -1.5049	 -2.5847	 -0.0297
 -2.1727	 -1.0286	 +7.4955	 +4.3518	 -0.2083	 -2.5624
 +5.2053	 -0.6871	 +8.3652	 -1.3125	 -0.3486	 +2.2684
 +1.7842	+17.2727	 -2.8774	 -0.6816	 +0.9878	 +0.1060
+17.3995	 -4.9695	-19.6883	 -0.3584	 -3.7263	 +0.3495
 -1.5837	 -0.0712	 -1.7504	 -0.7913	 -1.1536	 +2.4049
 -6.5678	-11.6024	 +0.7308	 +0.3193	 -2.3449	 +3.0646
 +4.9619	+15.4539	 -6.2532	 -0.7625	 -1.9713	 -2.0547
 +2.9896	 +3.5537	-14.2532	 +3.0966	 -0.9997	 -0.7269
 -3.1425	 -1.6096	 -4.8831	 +1.1989	 +2.5526	 -1.1057
 +2.1317	 +2.4426	 -4.5764	 +2.7322	 +3.1736	 -2.5894
 +4.5674	 +1.4614	 -3.2437	 +4.1066	 +3.2294	 +0.5397
 +3.5705	+16.2471	-14.9893	 +2.8291	 -0.1596	 -1.7037
 -1.7686	 +1.4338	 -4.2335	 -2.8729	 +4.4209	 +0.8716
 -3.1228	 -2.0000	 -2.2887	 -1.5933	 +1.2622	 +2.1327
 -5.8142	 -1.6942	 +0.0125	 -1.8372	 +2.5318	 -3.2852
 -2.2713	 +3.7676	 +0.7725	 +1.4570	 +3.6668	 +2.5476
 -4.0838	 -3.0036	 -2.8901	 -0.9557	 -3.9480	 +2.8984
-14.5361	 +3.5585	 +3.4473	 +1.7248	 -0.4287	 +1.0337
+16.2355	-19.5191	 -1.4009	 +1.3870	 -1.2498	 +0.1491
 +5.5067	 +2.9474	+16.3911	 -0.6046	 -1.3705	 -0.3178
 -2.6346	 +7.6255	 -0.6350	 +5.0784	 +0.2791	 -1.0908
 -4.8696	 +1.2992	 -2.3153	 -0.1054	 +0.3235	 +2.7437
 -0.1221	 +2.5186	 -3.1239	 -1.0891	 -0.4497	 -5.2661
 +8.1519	 -0.8438	-24.0675	 +4.0658	 -0.4310	 -0.1503
-20.2486	 -2.2505	+31.5207	 -0.6798	 -1.0596	 +0.3424
 -0.3266	 +0.3906	 -0.0381	 -2.6659	 +2.2534	 -1.2993
 +0.2634	 +0.6789	 -3.4933	 -1.7035	 -1.9137	 -0.1266
-12.1234	 -5.7837	 -4.9027	 -1.0931	 +1.3833	 -1.4900
 -0.5369	 +4.5784	 +2.1787	 +2.5502	 -3.1733	 +4.0494
-27.7817	 +8.0920	 -6.8649	 -1.9366	 +2.7030	 +1.2933
 -3.2538	 -2.2458	 -1.8372	 +1.3374	 +4.0789	 +1.9051
 -6.2429	-45.1938	+59.2148	 -0.3394	 -0.6606	 -0.2740
 -0.9435	 +0.1253	 +1.9894	 -0.8584	 -2.7595	 -1.9907
+10.8466	+14.7318	-17.7147	 -3.2894	 -2.8308	 +2.1076
 +7.5858	 +3.9160	 -3.6729	 +3.2669	 +0.2602	 +0.5192
 +1.2169	 +0.1609	 -0.3412	 -1.4262	 -3.9416	 -0.1217
+42.7506	 -0.4027	-23.4452	 -1.4692	 -0.1783	 +2.2614
+15.8477	-47.8057	+37.1580	 +2.4680	 -0.7873	 +0.4256
+102.9568	+48.7280	 -3.1971	 -0.2684	 -0.9563	 -1.6291
+17.4725	 -4.8766	 +2.6125	 -1.4276	 -4.4595	 -1.2390
+35.0547	+58.6721	-31.9524	 +0.8254	 -1.0523	 +0.3487
 +1.8222	 +2.7712	-11.7508	 -2.0930	 -1.7024	 +1.3808
 -2.2080	-15.3268	 +4.1863	 +4.1743	 -0.9399	 -1.1769
-24.6471	 -4.5405	+39.1909	 +0.0355	 -0.3491	 +2.6755
+17.8602	+54.8119	-40.7488	 +0.4052	 +1.8872	 +1.0731
+17.8931	 +1.3546	+16.4991	 -0.1579	 +1.2834	 -3.9096
-16.1058	 -8.5174	 -8.3173	 +0.2925	 -3.0910	 -2.1372
 -9.2217	 +6.7654	 -1.3052	 -1.1959	 +0.2899	 -2.2627
 -9.2386	+17.2205	 +7.3976	 +1.6320	 -0.3796	 -0.8879
 -6.8689	 +1.1162	 +7.9175	 +1.5477	 -0.7926	 +2.8168
 +5.8215	 -2.9918	-10.0554	 +1.8938	 -3.1393	 -2.5032
+11.9281	 -0.5447	 -1.2576	 -2.0675	 -1.3400	 -0.9619
 -2.9865	 -0.5431	 -2.1511	 -1.5583	 -3.9471	 -3.9776
 +1.7639	-15.8677	-14.7967	 +1.3910	 -0.4126	 -2.4087
 -3.8562	 -5.3889	 +6.1863	 +0.7506	 -4.3507	 -2.2752
 -6.0854	 -3.3863	 +4.5700	 +2.2721	 -3.9546	 +4.7330
 +1.2628	 -7.0040	 -0.8237	 +2.2089	 -4.2629	 +0.7790
-11.9534	+12.3449	 +3.5698	 -1.6304	 +2.8088	 +3.0429
 -6.5846	 +4.5733	 +3.5274	 -0.7894	 +1.8746	 +2.1019
 -0.1792	 +2.1691	 -0.3242	 +0.8921	 -0.1651	 -3.4300
-14.1795	+14.1180	 +0.3437	 -0.8924	 -0.0140	 +0.0760
-12.9533	 +1.3920	+22.9704	 -0.7210	 +0.8262	 -0.0309
 -9.6153	+10.6337	+15.3106	 +1.1659	 +0.6597	 -2.0081
 -2.9402	 +5.7774	 +5.6115	 +0.2006	 +4.2525	 +0.0508
 +0.3912	 -1.8967	 +4.5924	 +2.2613	 -2.4764	 +2.0798
-14.0347	+30.0724	+11.6862	 +1.5355	 -0.7833	 -0.2606
 +2.5984	 +6.9255	 -3.4836	 +4.2973	 -0.1836	 +3.1185
 +4.3186	 -7.4255	 -4.6855	 +3.5008	 +3.8020	 +1.4689
+26.4464	 -4.2907	 +4.5652	 -1.1472	 -1.3709	 -1.0101
 +7.8351	 -0.1296	 -7.9465	 +0.7248	 +2.1619	 -3.1053
+10.0358	+30.4749	+26.3586	 -0.0442	 +3.4084	 +2.2608
 -5.7242	+64.4392	+33.6451	 +0.8366	 -0.5584	 +0.8847
 -4.9916	 +7.2048	 -7.5318	 -5.7154	 -1.1352	 +1.3253
 -6.4222	 +6.7766	 -5.2716	 -2.3756	 +4.1551	 -0.0978
-18.4074	-19.0787	+31.3731	 -0.0604	 +1.9524	 -0.4004
-20.3602	+26.0592	+13.8168	 +2.4727	 -1.5765	 -1.5520
 -0.9641	 -2.4066	 +1.6345	 -0.7994	 -2.6375	 -1.0348
 +4.2621	+15.2885	 +3.1423	 -3.2011	 +2.3486	 -1.1529
-20.6890	 -3.1524	 -2.9947	 +1.4176	 -2.3332	 -2.4124
+16.3570	-26.2149	+17.5655	 +0.8252	 -0.0844	 +0.5420
 -7.3286	 +1.6915	 -2.7353	 -3.8048	 +0.5020	 +3.3740
 +8.5012	 -8.1512	 -1.6359	 -4.4962	 -0.9602	 -2.1247
 +0.7265	-49.0022	+115.0808	 -0.3108	 -1.3454	 +0.2363
+18.6184	 -5.8835	 -1.3827	 +3.1971	 +2.2854	 -0.3458
+10.3547	 +7.9969	 -5.5943	 -2.9809	 +1.3063	 +3.3210
 -2.6593	 +0.2739	 +4.1792	 -0.9496	 -3.7933	 +0.6275
-27.3588	 +6.8217	+21.4083	 -1.0835	 +1.4184	 +1.6225
+13.3804	 +6.8327	+14.8618	 +1.7393	 -0.4008	 -0.3705
 -1.9781	 +9.0617	 -6.1425	 -2.3938	 -1.0875	 +3.9603
 +4.6861	 -7.2808	+25.3023	 -2.3325	 +2.1138	 -2.6234
+16.1343	+12.7976	-10.0552	 +0.3214	 +2.2320	 +2.9201
 -3.2739	+10.3586	 +5.5273	 -0.5151	 -0.6805	 +2.0439
 -3.9737	 -6.3607	 +1.2237	 +2.3814	 -4.7666	 +2.7273
 -2.4701	 +4.0846	-13.2101	 +4.2022	 -3.4046	 -1.3469
-16.3707	+10.7417	 -1.4727	 -0.9761	 -2.7329	 -1.5000
-19.1830	 -4.7789	-10.8247	 -2.4985	 +2.5377	 +1.3193
-28.0497	 +3.6085	-16.3000	 -0.7268	 +0.3156	 -0.2840
 -3.1444	+15.0935	 -4.9661	 +0.1196	 -2.2194	 -4.2682
 -7.0111	-25.0943	+18.8394	 -0.8862	 +1.1329	 +2.1299
 -6.0044	 +4.6424	 +4.2483	 +0.8146	 +0.5938	 +3.5636
 -2.6684	 +0.4577	 +2.4586	 -1.2629	 -1.3603	 +3.0058
+12.0403	 -6.5730	 +7.8255	 -0.1635	 -1.0453	 +0.6528
+14.3623	 -9.4546	-12.3712	 -1.5252	 -0.3740	 -0.2344
 -1.7862	 +1.2142	 -6.2953	 +1.8270	 +4.4211	 -0.8917
+30.7293	 +0.4063	-13.0251	 +1.6139	 -0.5258	 -3.3176
 -7.0418	 -0.6505	-14.9867	 -0.6939	 -2.5850	 +0.4874
 -3.7621	 -2.7281	 -1.9808	 +1.6007	 +1.7037	 -0.5682
+12.8672	 +3.7805	 -9.1636	 -1.6236	 -1.9932	 -0.0003
 -0.6484	 +3.4633	 +1.7959	 +3.2170	 +1.4501	 +2.6787
 +2.8470	+15.4877	 -4.8668	 -3.5005	 -3.4863	 +0.6815
 -2.4781	 -3.4253	 -2.6434	 +0.3381	 -3.9499	 +2.8144
-13.0041	 +0.5156	 -6.1072	 -2.9111	 -4.7829	 +0.7583
 +7.4249	 -2.6884	 +4.3068	 +0.5618	 -2.1905	 -0.5938
 -4.4536	 +2.8918	 -6.3425	 +0.6266	 +0.4162	 -3.0824
 +6.6149	-12.8486	+21.9266	 -1.2331	 +1.0950	 +1.4840
 +3.0380	 +4.8752	 +8.8292	 +0.5059	 -1.2163	 +0.4731
 -2.6057	-37.1476	-14.0050	 +0.5107	 +0.4541	 -1.4613
+10.1525	-20.5470	 -1.2827	 -0.5567	 -0.9668	 +2.0933
 -4.9636	 -5.1402	 -4.7703	 -3.7001	 -0.7896	 -0.3793
-34.1011	 -8.0025	+12.2567	 -0.0932	 +0.6638	 -1.2155
 -7.0457	 +4.5626	 -7.8424	 +5.0957	 -1.1191	 +1.1155
 +2.0588	 -3.3770	 +4.3984	 +3.2630	 +4.6117	 -2.4049
 -9.0382	-24.4161	 +3.1540	 -2.4471	 -2.0104	 -0.8409
 +4.5390	 -4.6386	 -0.5721	 -1.2702	 -5.1705	 -3.1978
 -6.5910	 +9.7134	-16.8399	 +1.9968	 -0.9523	 +0.5167
-10.0903	+11.7556	 -9.6639	 -0.0917	 +0.9974	 -3.4263
-10.0679	-11.3699	 -0.2355	 +2.6664	 -0.3317	 +0.6071
 +2.9882	+42.0329	+12.3444	 -0.5232	 -0.8044	 +2.2145
 -0.9886	 -7.1070	 -9.1703	 +1.0082	 +0.2014	 +2.9263
 +6.2737	 -2.4239	 -1.9582	 -0.4033	 +4.9329	 -0.0673
 -0.6192	 +4.8561	 -5.0697	 -1.1276	 -1.6799	 -2.2301
+86.4170	-39.0636	+35.1867	 -0.2404	 -0.7776	 -1.5580
 +2.5237	 -9.9623	+13.7516	 +2.3923	 +1.8221	 +2.0130
 -6.0746	 +7.1071	 -1.8751	 -0.8829	 -0.3435	 -2.9222
 +3.9287	 +1.0451	 +2.8197	 +0.9883	 +3.1495	 +1.1611
 -0.8590	-13.1079	 +4.6927	 +1.2591	 -1.3599	 -1.5852
 +9.1361	 -0.4031	 -6.7346	 -3.2063	 -1.0402	 +2.4098
 -2.1922	 -3.8998	 +1.4726	 +1.8357	 +3.8665	 +2.4244
 +4.5554	 +8.1184	 +2.1130	 +2.8779	 -0.0649	 -2.0437
+14.3408	 -7.8026	 +9.9103	 +0.2921	 +0.1657	 -3.6175
-12.7532	+10.5678	-16.0722	 +1.6464	 -1.4205	 -1.7281
 +8.5744	+17.7852	+52.9066	 +0.2144	 -0.0920	 +1.6020
 +0.2780	 +2.4340	 +3.8283	 -2.6958	 -2.0751	 -5.9307
 +4.9621	 +0.8339	 -2.6980	 +2.9009	 +3.0021	 -1.1851
 -7.3814	 +2.4550	-21.4838	 -2.3225	 -0.6390	 -1.8389
 +9.6128	 +2.5009	-19.1072	 +2.3579	 +2.2864	 +0.5421
+23.9726	 -0.7818	 +0.1014	 +1.5665	 -0.7167	 -2.4596
 -5.1104	 -0.6665	 -6.0021	 +4.4868	 +1.5558	 +3.5266
-68.0655	+33.4435	-11.7768	 -1.7352	 +0.7623	 -0.9260
 +0.2064	-16.2285	 +2.2309	 +0.0813	 +3.3589	 -0.0248
+33.6232	 -4.1873	 +3.1854	 +2.0725	 -2.4609	 -0.7017
-24.2935	 -2.0472	 -4.1725	 -0.8397	 +0.2569	 +0.8964
-11.1698	 +1.4673	 -8.9872	 -2.1164	 +0.6818	 +1.5863
 -3.5319	+13.9202	 -8.8296	 +1.0760	 +1.9245	 -2.3977
 +8.4066	 +1.8847	 +3.1640	 -0.8156	 -3.4287	 -0.6913
 -9.1568	 -5.8142	 -7.2588	 -0.2808	 +1.5211	 +2.6311
-79.3070	-169.2423	+24.8674	 +1.1548	 +0.1270	 -0.1155
 -4.3452	 -5.4369	 -3.6580	 +3.1880	 +2.6745	 +3.5369
 +7.0435	 -2.0686	 -5.5612	 +0.8322	 -4.2984	 +0.5936
 -2.3328	 -9.5774	 -4.9765	 +1.1071	 -0.0226	 +0.1025
+15.5266	-12.8332	+10.4650	 +0.7457	 +0.9506	 -2.3369
 +5.7730	 +2.1002	+24.7569	 +2.0249	 +0.3683	 -0.7468
 -0.6924	 -4.4405	 -5.8592	 -0.5273	 -0.1848	 +0.9091
 +5.2567	 -2.8945	 +4.4659	 -0.0206	 -1.7149	 -3.4804
+10.2268	-23.4799	 -8.9973	 +1.7817	 +1.5430	 -3.3203
 +3.7845	 -3.0843	 -3.3298	 +4.7323	 +0.5964	 +1.8055
 +1.6269	 +0.6139	 -4.8165	 -1.2715	 -2.3333	 -1.9341
 -5.7805	 +7.5680	-10.5957	 +1.8334	 -3.5695	 -0.1814
 -4.7762	 +4.6557	 -1.4755	 +2.3486	 -4.4210	 -3.4853
-10.7448	 -2.5219	 +0.1262	 -1.5039	 -2.0445	 +0.4520
 +7.1905	 -5.6871	-10.2181	 +1.8191	 +0.5947	 +1.3668
 -7.4156	+19.1378	+18.4844	 +0.1117	 -2.3030	 +0.9190
-17.0202	 +5.4691	 -3.3445	 +1.4275	 +1.1680	 -1.4496
 -4.4828	 -5.3298	+14.6846	 -1.2786	 -0.1653	 -0.2185
 -2.9004	-13.1813	 +7.2324	 -0.9919	 -5.5810	 +1.0442
 +2.3261	 -2.1579	 -0.0367	 -1.1677	 +3.9807	 -7.0792
-17.2897	+14.0730	 +5.1767	 -3.1554	 -0.4766	 +2.9640
 +0.4195	 -4.1179	-24.1264	 +1.5372	 +0.6879	 -0.2592
 +0.4936	 +0.5515	 +2.3471	 +2.7509	 +2.3894	 +5.0967
 +7.4580	 -5.8723	 -3.6007	 +4.7013	 +1.7201	 -2.3909
 -0.4158	 +0.6130	-18.2553	 +2.8259	 -2.0256	 -3.9847
-33.3842	+41.4025	-72.7922	 +1.3007	 +1.6696	 +0.5187
 -7.6917	 -7.7899	 -4.7590	 +4.1467	 +0.0136	 +0.5995
-19.2590	+14.2473	 -4.6153	 -1.0321	 +0.0726	 -0.6371
 +1.3692	-10.9440	 +7.5763	 +0.1040	 -2.8398	 +2.4333
+10.1164	 -1.3492	 +1.2042	 +4.0802	 -2.9836	 +0.4572
 +5.9956	 -8.2294	-12.3731	 +0.7601	 +0.8251	 +0.2802
 -1.6994	 +1.2167	 +0.1451	 +1.1765	 -0.7141	 -2.0736
 +2.1534	+18.1336	 +5.5954	 -0.1752	 +1.0662	 +4.7478
-12.3955	 -9.4055	 -6.8136	 -3.6266	 +0.5342	 -0.4216
 -5.3973	 +1.3405	 -0.4612	 -2.6079	 +1.5298	 +1.1064
 +3.9306	 +0.5493	 +2.0198	 -2.3488	 +0.6590	 +3.5688
 -3.4251	 -2.1854	 -5.8042	 -3.2567	 -1.5817	 +6.9999
+16.2204	+32.3915	+78.2651	 -1.2259	 -0.8473	 +0.5247
 -3.9288	 -7.3955	 +7.8089	 +3.0163	 +3.3959	 +3.1900
+16.5815	 +5.8254	+11.0103	 -0.7934	 +1.0893	 -2.6084
 -0.3790	 +0.9977	 +1.9250	 -4.0447	 -3.1623	 -2.4566
-12.6675	 -7.3544	-14.9717	 -1.5935	 +0.7965	 +0.2275
+57.4089	+29.2131	+40.4209	 -1.2590	 -0.0748	 +0.3053
 +1.0812	 -9.5185	 +1.3811	 +1.0482	 -1.4665	 -1.6491
 -0.4027	 +4.9272	 -8.6092	 -0.3449	 +3.2771	 +3.4060
+13.4091	 +6.0228	 +3.5956	 +0.1582	 -1.5154	 +2.9185
 +4.1312	 -4.1339	 -2.9017	 +0.5969	 -2.2542	 +1.5979
-14.8093	 -4.1625	+22.5882	 +3.6324	 -1.1998	 -0.3001
 -0.1460	 -6.7309	 +4.2171	 +0.6524	 -3.5290	 +1.0874
 -3.3002	 +2.9684	 -5.1096	 -0.5243	 -4.2581	 +4.4747
 +4.2628	+20.8255	 -3.6598	 -1.0726	 -1.4626	 -0.0946
 +4.1425	 -0.9708	-14.9601	 -2.3630	 +0.6888	 -4.6555
 +4.8475	 +3.7029	-13.1202	 +0.2284	 +3.5397	 +2.3776
+21.2407	 -8.3508	 -5.4735	 +0.0362	 +1.6809	 -0.0252
 -6.1825	+11.2938	-10.0877	 +1.0506	 -0.1061	 +1.8007
-24.0508	 -1.1661	-23.7030	 -0.4966	 +2.1976	 -1.2670
 +2.0185	 +8.9758	-13.3410	 +0.2426	 -1.8015	 +1.4560
-16.1599	+38.7650	-14.4979	 -1.4414	 +1.4689	 +1.9092
 -1.6470	 +3.7924	 -7.2680	 -2.4228	 +0.9877	 -4.7033
 -7.5392	 -4.6163	 -4.4247	 +5.0917	 +0.7477	 -2.3049
-10.8381	 -5.2182	 +1.3353	 -2.0005	 +0.0712	 +2.4264
 +0.7115	+16.6595	 +1.0925	 -0.5193	 +2.0566	 -3.0834
 +0.4703	+14.3103	+12.9896	 -2.5546	 +1.9095	 -0.0959
 -5.9573	 +0.4789	 +1.0273	 -0.1889	 -1.3430	 -0.3632
 +5.4681	 +9.1614	 -1.8448	 -1.1501	 -2.5884	 +2.7987
 -8.9212	 -9.9670	 -5.6200	 -2.4598	 -0.1797	 +4.8426
 -3.0931	 +4.6094	 -0.7418	 -2.1039	 -5.2146	 -1.8277
 +4.0009	 -7.1804	 +2.8488	 +2.3615	 +1.6292	 +3.5364
 -1.7453	 +1.8996	 +2.0953	 -0.2376	 +2.2856	 -1.4578
-24.4141	-13.5577	 +4.2004	 +0.7629	 -1.5003	 +3.6620
 -4.8177	 -4.5894	 +2.1591	 -0.8324	 -0.9592	 +1.3591
+32.0595	+10.2750	 +5.0707	 -0.6780	 -0.4727	 -0.2664
 -4.1725	 +0.3922	 -9.0981	 +1.9289	 +3.9387	 +0.8614
 -2.8254	 +6.2275	 -7.8310	 +3.3624	 +1.7972	 +3.1915
 +2.4601	 -6.9280	 -7.1512	 +1.8434	 -5.1106	 -1.9918
 -2.0038	 -2.2208	 -1.5171	 +0.2267	 +0.5165	 +3.3481
 +9.5472	 -2.3913	-14.4826	 +2.4999	 -1.5450	 +2.6980
 -5.6346	 +7.7896	 -7.8136	 -0.6602	 +0.2194	 -1.6947
 +4.0093	 -4.4029	 -0.5279	 -2.6035	 +1.1031	 -2.2809
 -1.7963	 -1.2586	 +4.4895	 +1.6576	 +1.2640	 -3.6681
-16.2413	 -9.2003	 -2.8759	 -3.9724	 +2.8330	 -0.2003
-79.9897	+42.6453	+30.8551	 +0.5898	 -0.1509	 +0.4389
+15.3423	 +9.1316	-12.8701	 -1.0512	 -1.8571	 -2.0503
 +2.2950	 -5.5769	 +2.6137	 -3.6134	 -1.5828	 -2.8853
 +6.7620	 -3.9821	 -7.0917	 +1.5535	 +2.7699	 -1.9537
 -4.3629	 -4.5761	 +1.9927	 -0.2842	 -2.6695	 +2.9407
+22.3109	 -7.4396	 +0.2226	 +2.1195	 +0.1411	 +1.3180
 +2.7693	+25.6244	-38.0922	 +0.9023	 +0.3608	 +0.4884
 +1.8500	 -8.7477	+19.3639	 +2.2387	 +2.9180	 -0.2442
 -8.8880	 +0.8312	 -6.0710	 -0.2484	 +2.2337	 +0.9695
 -3.4618	 -5.5842	 +8.7787	 -0.3087	 +0.7440	 +4.4711
 +0.0196	 +0.5262	 -5.6978	 +2.6392	 +0.6928	 +1.6307
 +6.0806	 -0.6722	 -3.7212	 -0.4222	 +0.0406	 -2.3720
 -0.3766	 +3.7731	 +5.4824	 +4.9854	 -3.0230	 +1.5198
 +5.0299	 -2.9774	 +0.1057	 -5.2887	 -1.3896	 +1.4702
 -0.1494	 -0.8558	 +4.6958	 +0.1248	 +1.2239	 +3.0864
 -6.0085	 -8.8752	 +9.2998	 -4.2774	 -1.9412	 -3.5177
+13.0253	-17.9129	 +0.3560	 -2.1283	 +0.8142	 +1.7865
 +2.3875	 +6.1792	 +3.2451	 -2.0019	 -0.7827	 +3.7948
 -5.2755	 +3.0408	 +0.3458	 -4.2541	 +1.6609	 +2.0270
-11.2940	 +0.1828	 -1.5153	 -5.7841	 +1.6361	 +0.6967
 -6.9245	 -2.6777	-19.7190	 -2.1008	 +0.7999	 +1.5223
 +0.8211	+13.8554	 +1.6897	 +2.0570	 +0.1760	 +1.2679
 -8.6614	 +4.8967	 -6.5951	 +3.0675	 +4.3935	 +0.8046
 -0.3587	 +0.8927	 +4.8066	 +0.6394	 +3.0536	 -2.1946
-13.1204	 -4.3187	 +5.4690	 +1.6720	 -3.3014	 +1.7028
-10.8798	-15.2816	 +4.6127	 -3.5876	 +2.3173	 +0.8916
-20.9506	 -7.8302	-20.9521	 +3.0885	 +1.8001	 -2.5927
 -6.0679	 +2.2521	-11.9277	 -5.1748	 +0.6552	 +1.1379
-10.6416	-24.1082	-24.1431	 -1.3700	 -2.0410	 -0.8567
+11.2682	 +8.6213	 +6.9556	 -1.2847	 -2.3230	 +1.3721
 -6.9331	+13.2144	 -3.8701	 -3.7727	 -1.8565	 -1.7440
 +6.8178	 +8.2591	 -4.0171	 +0.2021	 +1.3840	 -2.9170
-37.0020	+29.2057	+36.0680	 +0.7275	 -0.0380	 -0.5306
+19.8178	 -2.8683	-13.0874	 -2.1630	 -0.1730	 -1.0361
 +5.6895	 -1.2275	 -8.0050	 +2.6927	 -2.2054	 +0.2324
 -6.4371	 -8.5770	 +5.2257	 +1.7865	 -2.1150	 -3.6346
 +3.2723	 +4.7931	 -4.3251	 -0.2527	 +3.6256	 +2.2111
 +9.8987	+14.7350	+13.3186	 +0.5257	 -1.3807	 -1.1230
+19.8042	 -3.8085	 -8.7315	 -4.1320	 -0.8589	 +1.1158
 -0.0125	 -3.6178	 +1.1567	 +1.3321	 +4.2374	 +0.0213
 -2.1950	 -7.9256	-12.5454	 +3.0829	 -2.7008	 -1.4547
-11.9898	-10.0546	-15.7115	 +0.7319	 +1.5634	 -1.4647
 +4.9946	 -7.5452	 -0.8150	 -0.6568	 +4.2290	 +4.9255
 -1.1689	-11.4512	 +1.2316	 -1.0305	 +1.4291	 -1.7497
 -5.3743	 +2.4660	 +0.3256	 +4.4859	 -1.0743	 +3.4437
-84.9370	-30.1604	+69.6305	 +1.6330	 +0.2476	 -1.4379
 -0.4094	-10.1540	 +9.6597	 -2.8473	 +2.6543	 +1.2980
 -3.4232	 -1.8168	+39.1790	 -1.4742	 +3.5833	 +1.2380
 +5.5326	 -5.2686	-16.6535	 -1.1422	 +4.0475	 +1.1952
 -0.9591	 +1.5751	 -0.8736	 -4.2867	 -1.4112	 -1.3152
 -8.4938	 +6.9669	 +3.7998	 -2.2054	 -0.0970	 -0.0633
 -7.5074	 +0.5389	 +4.3135	 -0.9811	 +4.8963	 -1.8228
-15.0407	 +3.2582	 -5.9965	 +0.9283	 -1.8400	 +0.1111
 +3.1852	 -6.7597	 +4.0465	 -0.3918	 -2.8643	 -2.5394
+13.5898	 +1.1220	 -7.9772	 +2.6422	 -2.1396	 -0.3423
-10.3647	+14.1758	 +8.3350	 -1.4399	 +1.4941	 +3.1961
 -2.8934	 -4.2148	 +6.6193	 +1.9196	 +0.1111	 -0.5010
+10.5291	 +0.4874	 -3.2896	 +3.7775	 +0.5870	 +0.4730
 -2.0285	 +8.5195	 -6.6049	 +0.1921	 +3.1807	 -0.2903
-15.4638	-18.0440	-33.3762	 -0.2174	 -0.3904	 -1.4131
 +2.6592	 -2.5340	 -2.8449	 -0.9285	 +0.1825	 +1.4174
 -8.2884	-10.1885	-26.1382	 +1.2655	 +1.7274	 +0.3497
-46.9633	+12.3169	+38.0009	 +1.9139	 -1.0487	 -1.4235
-37.0249	-16.8944	+10.0520	 +2.6604	 +1.7538	 -0.9909
 +1.8340	 -0.7018	-17.0859	 -0.9583	 -2.8772	 -1.3967
 -3.8802	 +2.9609	 -7.0830	 +0.1561	 -1.3259	 +1.1520
-69.6953	-124.0800	+117.8515	 +0.7179	 +0.1537	 -0.1783
 +1.9419	-16.5176	 -2.9198	 +1.3663	 +2.3464	 +0.5901
 +2.3945	-10.1931	 +1.5066	 +2.7117	 +2.2066	 +3.9196
 +0.4325	 +2.6924	 -5.5041	 -2.1067	 -3.4902	 +1.4454
-16.7257	-26.2260	-23.3800	 +3.3609	 +0.7874	 -0.2155
+16.1079	 -3.1439	 +3.7077	 +1.0881	 +0.3280	 -0.3270
 -5.0693	 +1.2682	+16.9223	 -0.3554	 +0.0940	 +0.3775
+20.7784	 -1.6330	+45.3660	 +0.7602	 +2.8322	 -0.0146
 +6.7498	 -3.0427	 +9.5945	 -1.6319	 +0.7823	 +2.0832
+10.1983	 +3.1673	 -7.8779	 +0.5236	 -1.5565	 +1.7776
 -7.9745	-11.9697	+24.8194	 -0.8589	 -0.2830	 +2.3353
+11.9039	-15.9781	 -6.3604	 -0.3705	 +1.2265	 -3.6502
-26.3453	 +2.3403	+24.8666	 +0.2991	 -1.2409	 -1.0270
-17.5511	 -9.2229	 -9.3220	 -1.1113	 +2.2142	 -2.6505
 -3.7485	 +1.4199	 -3.9007	 +1.2856	 -1.1675	 -3.3848
+10.4359	-10.5489	 -5.0181	 -3.0195	 -0.3748	 -0.3759
 -3.5136	 +5.6688	+10.2945	 -1.3531	 +0.3077	 -2.6790
 +4.8956	 +8.1078	 +6.0582	 +2.4304	 +2.9143	 +1.7815
 -4.4532	 +5.6916	+11.2428	 -0.4901	 -2.4412	 -0.7144
 -0.9037	 +3.3156	 -7.1261	 +6.3429	 +0.8245	 -3.3911
 +6.1737	 +5.5241	 +6.9895	 -0.4348	 +3.5824	 -0.9292
 -0.3760	 -3.6025	 +2.0963	 -5.0304	 +0.5022	 -3.0216
-16.7404	+12.3704	 -8.6499	 +3.9435	 -1.5374	 -1.6035
 -1.1208	 -3.1541	 -5.7060	 -2.5104	 -3.8562	 -0.1772
 -0.3381	 +3.2229	-12.1628	 -2.1993	 -1.6326	 -4.1488
 -7.7389	 -6.7439	-10.2898	 +1.3568	 +0.9998	 -3.2809
 -7.6226	-12.0662	-16.9781	 +1.8619	 +0.4137	 +0.9767
-24.1082	+20.5406	-64.3240	 +0.6868	 -1.6823	 +1.3604
-12.0707	+14.4005	 +8.2616	 -1.1281	 -3.7032	 +0.8182
-36.4414	+66.7597	-48.3697	 -1.9583	 -1.1145	 +0.4907
 +7.5141	+12.5404	 -2.3113	 -1.1665	 +1.6656	 -0.5950
 +7.7298	+13.9375	 -2.9673	 -0.5495	 +2.2744	 -3.1185
 -6.6634	+16.2900	+10.5800	 -0.4173	 -2.7358	 -0.1555
 +4.7452	 -6.3663	-28.2353	 -1.0430	 -1.1822	 -1.0192
+10.1635	 +1.6128	 -4.8454	 -1.0182	 +1.1014	 -4.2937
-10.7512	 -4.5349	-13.9689	 -0.3620	 +1.7694	 +2.6148
 -9.9710	 -1.0249	 +1.9419	 +1.2597	 -1.9660	 -2.9009
 +3.0297	 -1.4904	 +0.3079	 +1.4323	 -0.2492	 +2.8621
 -6.3281	-17.8971	 -7.5821	 +0.6691	 +0.4613	 +2.4188
 +8.7976	 -7.5804	 +1.3738	 -2.3802	 -2.0243	 +1.6082
 -4.4548	 -8.6116	+10.3831	 +2.6340	 -0.2778	 -2.2290
-22.5901	-14.4180	 -5.5603	 +0.1953	 -0.8748	 -1.9682
-16.7429	 +9.0311	 +4.6916	 +0.9599	 +4.6300	 -0.9342
 +3.5979	 +0.1055	 -3.8257	 -2.7291	 +2.4177	 -4.9400
 -3.4333	 -3.9644	-11.9574	 -2.9069	 -1.0274	 -0.4321
 -3.2252	-12.4714	 -2.6086	 +2.7196	 -2.6424	 +0.8222
 -1.9798	-10.0210	 -7.3575	 -3.6136	 -1.8903	 +1.4338
-139.1114	-168.5080	+114.8824	 +0.4169	 +0.9384	 +0.0531
-13.2511	 +9.4361	 -0.4620	 +0.6326	 -2.8843	 +1.6334
-19.0069	+17.5287	+37.8897	 +0.1136	 -2.9910	 -1.3769
-11.6413	 +1.3601	+18.8738	 +0.3198	 +0.8370	 -0.6602
 +7.8702	+73.1421	-77.5971	 +0.0417	 -0.2844	 +0.6408
 -6.4786	-16.0489	+11.0147	 +0.1488	 +2.5838	 +1.3038
 +5.2124	 -2.0951	 -0.0182	 -2.8381	 +0.3371	 +3.4104
 +6.7768	+10.1226	-12.4248	 +1.3180	 -3.5432	 +3.1891
+25.4360	+13.2912	 -9.4089	 +2.2204	 +0.0833	 -1.2161
-13.6094	+15.7782	 -6.7112	 +2.6106	 +1.7729	 +0.5634
 +6.8307	 -2.0677	 -4.3400	 +0.6145	 +3.4771	 -1.3017
 +1.8919	 +7.8081	 -9.2187	 -0.0270	 +0.4638	 -3.1495
 -4.1511	 -0.7818	 -4.3552	 -2.7663	 +0.0963	 +1.2583
 -4.3186	 +4.3271	 +5.2672	 +0.3639	 -0.5244	 +1.3281
-14.0419	 -4.1256	 -5.6308	 +4.1135	 -1.7787	 +0.2863
-13.9558	 +9.6021	 -5.0668	 +2.2575	 -2.5010	 -0.4961
 +9.5804	-11.4531	 -4.5091	 +4.1737	 -2.1853	 -0.4270
 +3.6018	 +5.4267	-29.1027	 +0.0892	 +0.3742	 +1.6774
 -6.0414	 +3.9804	-12.1084	 -3.1922	 -3.5982	 +1.1965
 +4.0834	 +9.1198	 +3.6102	 -0.5605	 -4.0515	 +3.5974
-10.9804	 -0.7418	+16.2174	 +0.3938	 +1.2149	 -0.6387
-30.0695	 +0.8439	+23.7570	 -0.1027	 +1.1650	 +1.2659
 -8.0027	 -5.7602	 +0.4196	 +1.0293	 -2.4573	 +2.4235
 -4.2570	 -5.0769	 -4.0988	 -4.0886	 +3.7180	 -3.4761
 +0.4052	 +8.8782	 -3.2765	 -0.0688	 +2.8148	 -0.1261
 -4.7398	 -3.0822	-12.4211	 +0.5288	 -3.9660	 -0.6317
 -1.3548	 +9.1342	 -7.8729	 -1.9407	 +3.9491	 -2.8422
-15.8410	-12.1232	 -9.3535	 +1.2701	 -1.7869	 -0.1056
-10.2800	 +6.2954	 -0.2706	 +0.1289	 +2.7480	 +3.2712
+18.2291	 -1.9237	-12.1477	 -0.1767	 +0.5063	 -1.1265
 -7.8562	 +1.3446	 -3.3356	 +5.0421	 -2.7977	 +0.8824
 +0.0971	-10.5689	-10.2689	 +2.2612	 -1.9406	 -1.7964
+15.5270	 +2.0210	 -2.3702	 +0.5151	 +2.9234	 -1.8951
 -2.7118	-13.2665	-12.3036	 +0.4246	 -0.4269	 +0.5171
 -0.8081	 -9.0916	-12.5907	 +0.8637	 +0.6876	 -1.2048
 +9.4943	+18.0886	 +7.9308	 -0.6018	 -2.2629	 -3.6204
 +9.5078	 +7.5148	 -8.4822	 -1.3927	 -0.7669	 +0.0501
 +8.3230	-12.5598	 +3.5159	 +2.1376	 +1.0390	 +0.0211
+37.2059	 -1.8047	-15.4646	 -0.1509	 +1.3232	 -2.0759
 -1.9508	 -2.7500	 -6.2664	 -3.7201	 +2.9329	 -1.3033
 +3.3969	 +4.5230	 +3.2105	 -0.8469	 +1.2426	 -0.5534
 -2.9160	 -0.2452	 -2.0283	 -2.9738	 -3.0091	 +5.3599
+11.1588	 +1.5162	 -2.8488	 +0.7281	 +1.2005	 -1.5879
+11.7463	 -6.0723	 +8.3210	 +4.3899	 +0.1710	 +0.4747
 -1.1304	 +6.9538	 +5.0322	 +1.6389	 +3.9069	 -0.0636
-20.3083	 +4.4781	 +4.7158	 -3.5185	 +1.9238	 -1.1625
 -0.1384	 +0.5319	 +1.7523	 -0.3738	 -0.2460	 -3.6358
 +0.5061	 +0.5073	 -1.4127	 -0.9033	 +0.5375	 +3.0260
-14.5559	 -8.9391	+12.1529	 -2.0580	 -0.4759	 +2.4330
 +5.4337	+42.7317	 -8.7209	 +1.9348	 -0.6975	 +0.4521
 -4.8448	 +1.3999	 +1.2474	 +1.5117	 +0.6821	 -2.3427
 +9.5646	 -3.2770	-11.8910	 +0.4993	 +1.5341	 +4.1077
 -0.9437	-20.0286	-16.6561	 +2.4077	 +1.2363	 -2.0250
-13.1854	+12.7820	 +0.2871	 -0.5472	 +2.2713	 -0.2616
-10.5503	 -2.2850	 +1.1636	 +1.7572	 +5.5980	 -0.8055
 +0.6507	 -1.7366	 +2.9628	 +1.8140	 -1.5032	 +4.4178
 -7.6476	 -3.8158	 +0.1763	 +2.1424	 +0.3224	 -5.8728
 +0.7029	 -2.1012	+10.6263	 -0.7477	 -4.0350	 +1.0473
+11.6823	-15.0302	 -5.7404	 +3.8064	 +0.9224	 -1.6349
-14.5521	 -1.8891	+17.0777	 -1.7592	 -0.6651	 +1.2118
 -5.3385	 -2.4553	 -1.8202	 -1.9249	 -3.1521	 +2.0859
 +4.5953	 -0.9248	+33.8523	 -1.3064	 -0.6918	 -1.9002
 -7.5286	 -1.1210	 -0.8884	 -2.2012	 -1.1753	 -1.7569
 -4.6415	 -8.5798	 -7.5732	 +2.1162	 -1.6064	 +2.6643
 +4.8951	-21.8785	 -7.7791	 -1.5320	 -2.0061	 -2.0631
 +5.6578	 -8.3299	 -1.8511	 -1.2085	 -0.4351	 +1.2773
 +3.1089	 +0.3148	 +8.4065	 -0.6526	 +4.0153	 +2.5476
 +2.2705	 -6.7124	 -9.3840	 +4.5651	 +0.7675	 +1.2551
 +1.1027	 +3.4518	 -6.0522	 +0.5614	 +3.3190	 +1.3544
-61.6460	-14.5044	-24.0559	 +0.4570	 +0.4472	 +0.3521
 -2.2931	 +6.8829	 -5.9535	 -0.5486	 +0.2320	 +2.4933
 -0.0938	 +1.2637	-12.9078	 +2.4246	 -0.5761	 +2.1407
 -1.2077	 +5.0029	 -6.0587	 +4.2629	 -1.9829	 -0.4582
