# Iterations: 41 of 100
# Total Energy: -6.701e+05
#    Kinetic Energy: 6.721e+05
#    Potential Energy: -1.342e+06
# Current Time: 2018-05-09 11:54:17.512118
# Elapsed Time: 0:17:19.107807
# 
# Med. Times for Sections
#    Force Computation:		22.170317
#        [22.19019122.61250721.91528121.82556322.00138122.09950022.35676422.82135922.15044322.850043]
#    Gather Particles:		0.008726
#        [0.0069070.0069750.0103750.0107260.0070780.0108580.0108170.0068430.0069340.010386]
#    Overall:		24.159823
#        [24.19199324.56374423.88072123.81866623.93957224.02478524.28854424.76167024.12765324.792741]
#    Scatter Particles:		0.002569
#        [0.0029950.0027770.0026720.0024170.0026100.0023610.0026810.0025280.0024690.002493]
#    Time Integration:		0.000225
#        [0.0041270.0002240.0002270.0033110.0002220.0002110.0002210.0005070.0011750.000214]
#    Tree Broadcast:		0.910040
#        [0.9280630.9119550.9138160.9166970.9034540.8906400.9075960.9047850.9188230.908124]
#    Tree Construction:		1.027375
#        [1.0595881.0291991.0382361.0598421.0247101.0211111.0103531.0255511.0476971.021372]
# 
# x	y	z	vx	vy	vz
# 
 -6.6115	 -4.3289	 -2.7150	 +0.7756	 +0.5151	 -0.2579
 +2.7430	-19.7854	-11.9039	 +1.1672	 +1.8933	 +1.6758
 -1.3897	 -4.1101	 +7.3790	 -1.6983	 -2.7902	 +2.5666
-23.3549	+25.7297	 -1.1429	 -2.2889	 -0.7772	 +1.1883
 -5.2066	-18.1082	 -6.3188	 +1.6506	 -1.7444	 +0.1863
 -4.0187	 +0.6046	-16.3635	 +2.7101	 +0.6678	 -0.8967
+14.2433	-15.0267	 -8.3971	 -1.2100	 -1.0262	 -1.0268
+11.6804	 +7.6895	 -6.1164	 -1.2934	 +0.3109	 -0.3202
-27.1091	-35.5871	-11.2167	 +1.9112	 +1.6700	 -0.1114
-12.8876	+22.2257	 +1.8413	 -3.2509	 -0.1474	 +0.5851
-24.3039	+10.7532	+17.4944	 +2.1298	 +0.9946	 -0.2920
 -4.2294	 -4.2281	 +0.2939	 -1.9113	 +2.0679	 -1.3771
 +4.1439	 -1.8309	 -4.7104	 -2.1778	 +3.0281	 -4.7979
+25.9537	+11.9368	-26.8983	 -1.2329	 +0.9884	 -1.1745
 -1.9968	 -3.9867	 -1.5569	 +3.4973	 -2.1112	 -1.4401
+12.5296	 +3.3934	 -0.7986	 +2.2228	 -1.7079	 -1.8846
 -8.3895	 -1.5796	 -8.1441	 -1.2263	 -4.3642	 +2.5525
 -4.8103	 -0.3950	-18.2731	 -1.5822	 +0.6584	 -1.8423
 +9.6948	 -7.1448	 +7.5486	 +0.2810	 -1.3391	 -0.5824
+105.3355	-28.4687	+78.4856	 -1.3626	 -0.8392	 +0.2061
 -7.0073	 -5.0923	 -3.4839	 +2.5682	 +1.9055	 -3.2299
 -3.9378	 +0.6949	 -8.0558	 +0.7343	 -4.4911	 +0.2354
 +5.6255	 +0.6204	 -9.9991	 -1.1691	 +2.6016	 +1.8316
 -3.3346	 -5.1465	 +1.3469	 -2.7044	 +0.3005	 +4.7295
 +7.0704	 +7.3298	 -8.6000	 +1.4039	 +0.9051	 -0.3013
-34.7004	+19.8626	 +0.4061	 -2.1652	 +2.3657	 -1.3046
 -3.0906	 -0.0443	 -3.2323	 -1.7374	 -5.2342	 -2.9107
+10.2453	 -7.4403	 +3.3120	 -3.9093	 -0.3176	 +2.2564
 +9.6019	+13.3334	 +7.0396	 +3.0405	 -2.1114	 -2.1995
-18.6709	-19.1721	 -4.8840	 +3.2922	 +2.0589	 +0.5541
 -5.6247	 -3.6428	 -3.2933	 +4.7807	 -3.2319	 -4.5141
-56.1498	 +7.9355	 -0.6575	 -0.8899	 +2.0087	 +1.8292
 -0.8294	 -5.7312	-13.3550	 -4.3327	 -0.4631	 +1.9284
 -0.3318	-15.2372	 +5.3104	 -0.8477	 +1.8374	 -1.2635
-10.0577	 -3.0758	+21.8451	 +0.2518	 -0.6428	 +1.0899
 +4.2784	 +1.8224	 -0.3444	 -0.2910	 +0.5815	 +0.4179
 +3.1753	 -3.3764	 -2.9406	 -0.3207	 -5.0456	 +1.8408
 -3.6628	 +0.0003	 +5.1823	 +4.3902	 -3.4375	 +1.3593
 -2.5853	+31.5593	-11.5952	 -0.7530	 -1.5700	 +0.6318
 +3.7737	 -1.4030	 +2.2769	 +0.5244	 +4.4939	 +2.5186
+13.0090	-11.1779	+10.0415	 +2.2112	 -3.6422	 +0.5807
 -4.7898	+10.8679	-12.1264	 -0.3834	 -1.0854	 +1.3463
 -5.4155	 -2.1978	-10.1475	 -2.0067	 +3.9745	 -0.2027
 -5.2143	 +3.8138	 -1.3652	 -3.8308	 -0.8620	 -0.9495
 -5.9986	+22.5106	-21.0408	 +2.3631	 +0.0024	 +0.7334
 +2.3062	 -0.3309	 -3.4676	 -1.7348	 -1.3357	 +4.9485
 -2.3540	 +1.6138	-11.3918	 +2.4677	 +4.6704	 -0.9258
+34.8982	 -5.4166	 +1.8673	 +0.0767	 -1.2737	 -1.5758
 -2.9055	 +5.1334	 +0.2792	 +2.3842	 +1.7310	 -0.9600
 -5.9561	 +0.5678	 -4.5050	 +2.5640	 +4.7763	 +0.2240
-33.9677	-57.0612	-38.1167	 +1.1247	 +0.2599	 +1.5888
 -1.8255	 -5.3444	 -0.2219	 -1.9101	 -2.8900	 -3.8344
+16.4339	 -9.4070	 +7.0799	 -0.2850	 +2.6634	 +3.9467
 +3.2891	+11.7270	 +5.1083	 +2.3159	 -4.0131	 +2.1259
 +5.2160	 -4.2758	+53.2764	 +0.4758	 +2.2150	 +1.8789
-27.8745	 -6.8488	 -4.3624	 -1.8729	 +0.3409	 -0.1748
+31.9102	 -5.0037	 +4.4537	 -1.2936	 +0.9681	 -1.0473
 -5.4044	 +6.1694	 +4.6969	 -1.3312	 -1.0597	 -3.0578
 -0.8795	 -6.0304	 -1.9958	 +3.6173	 +2.1382	 +4.1744
 +1.4090	-21.6296	 +8.4670	 -3.6766	 +1.2107	 +0.1106
-15.5560	 +1.2918	 +8.8763	 -4.1996	 +0.9948	 -1.6106
 -8.3703	 +4.4526	-21.0265	 -0.3332	 +3.9830	 -1.5481
 -1.8899	 -8.9204	 -2.8713	 +2.5346	 +2.3093	 -1.4781
 -5.7421	 -5.9823	 -7.6698	 +0.4830	 -2.9235	 +3.5019
 -2.8610	 -4.3991	 -4.9099	 -2.1975	 -0.6041	 +4.5477
 -7.6977	 -4.6924	-10.6934	 -2.2355	 -2.8722	 -1.6963
 +5.2875	 -1.6058	+22.3339	 +0.5593	 +1.0130	 -0.2474
-14.6951	-12.7900	+27.5421	 -2.4197	 -1.9948	 +0.4460
 -3.2059	 -7.9205	-20.0822	 +0.5356	 -0.8196	 +1.0575
 -4.1114	+10.3959	 -3.8220	 -0.2942	 -2.2596	 +4.2736
 -2.1962	 -5.2637	 -2.4236	 -1.8896	 -1.7373	 -1.8944
-12.6869	-11.9745	 -5.8172	 +1.9831	 +0.4751	 +1.1557
-11.6539	 +6.5535	 -2.9991	 +0.9390	 +0.1689	 -1.9437
-15.5365	+15.2822	-94.1547	 +1.9192	 +0.0073	 -1.4394
+26.4973	-27.8780	-14.0288	 -0.1696	 +1.5865	 +0.5830
-11.3868	 +9.4558	-10.8842	 -2.4873	 -3.8192	 +1.0217
 -4.6845	 +3.3538	 -8.7521	 +1.0778	 +2.3952	 -0.5997
 -2.6565	 -9.3296	+12.8745	 -2.8688	 -2.2355	 -1.2083
 -3.3852	+10.0838	 -3.0779	 +3.1533	 -0.1697	 +3.1120
+21.3384	-14.6925	 -5.6988	 +2.6173	 +1.5439	 -0.0504
 -1.2377	 +1.2001	 -1.3926	 -1.0065	 +1.2400	 +2.9654
 +9.6138	+10.3713	 -8.5468	 +0.1987	 +2.5106	 -1.0890
 -1.8540	 -0.6475	 -3.7962	 +1.9455	 -0.3907	 +4.8459
-11.1126	+24.5635	+15.4298	 -0.9914	 -0.1158	 +3.6030
+13.7063	 +4.9515	 +1.4723	 +2.9810	 +2.5821	 +2.9548
 +2.8716	+12.6764	 +9.1299	 -2.8170	 -1.7635	 +0.6445
-16.9459	 -4.6745	 +1.2325	 -1.2575	 +0.6848	 -2.9712
 -1.1615	+16.9606	 +9.4735	 -0.7974	 +2.9435	 +0.8591
 -4.7898	-27.8491	 +9.3809	 +2.0263	 -1.1735	 -1.4040
 +5.1567	 -9.3098	 +2.1224	 -1.1038	 -1.0044	 -0.7127
-11.6361	 +0.2292	 -2.3351	 -0.9924	 +2.2194	 +3.4177
 -3.0497	 -0.1095	 +0.9928	 +2.1427	 +1.6252	 +0.6205
-13.8730	-26.3571	-48.0839	 -0.7451	 -0.8807	 -0.4728
 +4.8506	 +2.4671	 -7.1816	 -3.9417	 -0.3455	 +4.3820
 +5.3536	+12.8510	 -0.2368	 +0.6280	 -1.2470	 -1.1664
 +7.3017	 -7.9982	 +2.5309	 +1.9121	 +1.1967	 -4.0470
 -7.6579	+32.9437	-19.1802	 -0.4875	 -0.0200	 +2.2377
 +1.4497	 -2.6405	+17.7005	 -1.8988	 -0.4529	 +1.6176
-10.0506	+14.4451	 +1.4006	 -0.6187	 -1.3855	 -1.3025
-12.4526	-11.3801	-22.4920	 +3.0887	 +1.6380	 -0.6902
 +6.1149	 -2.8071	 -3.2318	 -2.3109	 -5.7898	 -0.6884
-13.3090	 -1.7444	-11.0560	 +0.6413	 -0.2639	 -0.6181
 -3.4247	 -0.3079	 +3.8215	 -1.1333	 -1.4064	 -2.6556
 -3.1014	 -6.3398	 -9.9860	 +1.2044	 +3.2465	 -2.8215
 -0.2916	 +2.4591	 -5.2020	 -0.9123	 -2.0326	 -0.6762
 -7.4523	 +0.0762	 +4.4388	 +3.6513	 +3.1452	 +3.0557
-15.9359	-17.8957	+21.6655	 +3.0935	 -0.4133	 -0.7938
 -7.3797	-13.8009	 -0.6480	 -0.5014	 +1.2793	 -0.2767
+26.1007	+10.4975	+18.0536	 +1.1526	 +1.8638	 -0.2564
 +2.1415	 +1.3896	 -8.9399	 +2.6355	 -0.1716	 -3.9385
 -4.7771	 +2.5319	 -3.2972	 +2.4123	 +5.8615	 -1.7176
+474.6976	+387.7588	-227.4153	 -0.2781	 +0.6742	 +0.3144
-138.9217	+99.0385	+199.8663	 -0.1121	 +1.1381	 +0.4432
 +9.2161	 -2.9345	+10.1110	 +4.4478	 -1.3861	 +0.7652
 +6.2946	 +1.6857	+20.3258	 -1.7178	 -1.1496	 +0.5406
 +0.6116	+10.2533	 +7.5567	 +0.0168	 +2.7915	 -2.3154
 +4.3769	 +4.6556	 +0.7021	 +3.8884	 -2.5645	 -2.5614
-73.7165	-15.9779	-10.2806	 +1.3214	 +0.1767	 -0.7509
 -4.0353	 +0.3650	 +0.2627	 -3.1995	 +1.4452	 -2.0343
+45.6205	-22.0841	-43.9360	 +0.5568	 -0.7280	 +0.2217
-15.2220	 +8.2740	 -7.1810	 +0.1887	 -0.8800	 -2.2733
 -0.3273	 -0.2775	 -1.0996	 -2.0685	 +4.3716	 -1.3785
 +3.4108	 -1.4245	 +0.4982	 +4.6108	 +2.2339	 -1.4735
 +0.0817	 -8.8854	 -1.3022	 -5.0076	 -1.5155	 +0.6458
 -3.6747	 +0.3424	 -0.9722	 +1.9565	 -2.6369	 +2.7906
 +0.9309	 -4.4477	 +2.7527	 -1.7029	 +3.1742	 +1.1316
-16.6840	 +1.1160	 -3.4024	 +1.0425	 +0.0766	 -3.0961
 -8.3824	 -4.1598	 +2.8987	 -1.8888	 -0.0724	 +0.6519
 -7.9167	 +0.4597	 -8.1809	 -2.5568	 +1.8582	 +1.0223
+12.3204	-12.9208	 -0.0926	 -1.7080	 -0.2752	 -2.5216
+13.9191	+32.4586	-162.7345	 +0.0702	 -1.1582	 -1.3174
 +7.5518	 -2.3305	 +6.5641	 +3.0256	 +2.2104	 -0.4453
 +6.2271	 -4.2690	 -9.1431	 -1.4486	 +3.3826	 -1.1731
 -5.3578	 -7.6749	 +2.5266	 -4.2430	 -0.0324	 +0.2093
 -2.6249	 +1.8049	 -1.9627	 -0.7899	 -3.0803	 -1.7519
-17.5647	+24.8397	-35.7707	 -0.5447	 -1.0980	 +0.6661
 -3.5480	-10.9781	 -7.7621	 +4.9320	 +0.9756	 -1.4008
+19.5810	-15.3483	+15.4584	 -0.8611	 -2.7561	 +1.2319
 +2.8470	 -2.7361	 +5.3138	 +1.8939	 -3.7956	 -0.9695
+13.0840	 -9.3687	-12.3984	 -1.6320	 -0.0281	 +1.4963
 +0.8146	 -4.2962	+10.8305	 +1.3838	 +0.8196	 +1.6044
+10.2660	 -8.4958	 +5.9339	 -3.0444	 -1.2991	 +2.6236
 +0.5214	 -2.1121	 -2.1072	 +0.9339	 +1.6093	 +1.3982
-32.0930	 +4.6524	-37.2242	 +1.9486	 +2.2172	 -0.1237
+58.0439	 +5.9803	+20.8172	 +0.6112	 -1.9112	 -0.1880
 +1.5428	 +5.6860	 -1.6158	 -0.1037	 +0.8303	 -4.1378
-28.2647	-71.0883	+45.7254	 -1.2912	 +0.9563	 +0.9868
 +3.9555	 +9.0177	 -8.0241	 -0.9600	 +3.2082	 +0.5248
+19.8132	 +7.5632	 -3.5456	 +0.5515	 -1.0601	 -3.3024
 -4.4741	 -3.4077	 -1.9498	 +4.6758	 +3.3269	 -2.0965
 +1.7540	 -4.8033	+10.8833	 +1.2398	 +3.0318	 -1.1195
 -0.6379	 -5.6822	 +0.3803	 +6.1693	 +1.0340	 -1.8559
 +3.2419	 -2.9481	 -1.4375	 -5.4234	 +2.2077	 -0.6412
 -7.6259	+12.5328	 -6.7462	 +0.5254	 -0.6095	 -0.7900
 +6.5292	 -2.2247	 -8.1284	 +1.1750	 -3.6965	 -1.5600
 -9.4113	 -2.5056	-17.4057	 -1.2376	 +1.7352	 +1.1194
 +1.7433	 +8.1717	-14.5141	 +3.2309	 -0.2586	 -2.8462
 +8.1061	 +2.7957	+28.7512	 -2.7592	 +1.1720	 +0.9309
 -6.6378	 +3.0927	 -7.0960	 +1.7007	 -2.0653	 +3.8533
 -6.4362	 +3.3757	 -0.8377	 +0.8683	 +0.0602	 -1.3772
 +1.4148	 +1.2795	 -4.6316	 -3.2094	 +3.7144	 +2.2961
-19.0033	 +1.5019	 +9.7567	 +3.6352	 -2.3771	 -1.3697
 +5.9941	 +1.8271	 -2.3310	 -3.3883	 +1.2543	 +0.0981
+14.7904	 +8.4553	 +4.8622	 -0.6623	 +1.5609	 -0.0730
 -7.9880	 -4.6080	 -5.4120	 +1.9321	 -0.9958	 +4.0317
 +2.0809	 -2.7778	 +4.9709	 -4.9199	 -1.1648	 +2.6076
 -3.6675	 -2.3672	 +1.8297	 +1.2437	 +1.1520	 -3.1514
-16.2324	 -2.2503	-16.2631	 +0.1024	 -2.8498	 +2.4124
 -2.0192	 -1.3667	 -4.7090	 -3.4831	 +0.7335	 -0.2200
 +3.1419	 -4.0615	-14.2686	 +2.8421	 -1.5985	 +0.1929
-15.8751	 +2.0428	-15.2820	 -0.0068	 -1.1209	 -2.3303
 +2.2854	 +1.0192	 -3.1834	 +0.6476	 -0.4659	 +1.8711
 -3.9914	 +1.4822	 -9.1203	 -1.1103	 -0.5553	 -5.2616
+29.5621	-13.3749	+25.3001	 -0.5464	 -0.4274	 -0.4552
 -5.6363	 -0.7690	 +3.5708	 -0.5506	 +2.5344	 -1.3058
+54.1826	+26.4321	-26.1656	 -1.8897	 +0.9860	 -0.1722
-14.8433	-13.2814	 +2.4392	 -3.0817	 +1.5186	 -2.2831
 -7.0423	-24.3367	-10.1385	 +1.5500	 +1.1394	 +1.4010
 -0.5240	 -6.9598	 -2.8780	 +1.2553	 -2.1837	 +1.8264
 -2.1720	 -4.6438	 +1.7829	 +0.2608	 -3.9534	 -1.4533
 -1.8698	 +4.2656	 -3.2209	 -4.4871	 +1.2281	 -2.0373
 +3.5888	 +3.7281	 -8.9461	 -1.6131	 +3.6781	 +0.9473
 +6.7326	 +4.2177	 +5.4324	 +0.5836	 -0.3152	 -0.7781
+14.9430	+19.2354	-21.6934	 -0.5858	 +1.3191	 -1.4792
 +8.9203	 -0.2036	 +2.9147	 +2.2635	 +2.8049	 -4.3309
 +2.7411	 -2.4944	 +1.1779	 +0.8640	 -2.0038	 -2.5780
 +1.3673	 +4.6666	-10.7971	 +0.2117	 +1.1990	 +1.5349
 +1.5217	 -1.4115	 -5.7745	 +0.6864	 +1.7116	 -1.3186
 -9.1152	 -8.4986	 -0.4750	 -3.9292	 -1.4105	 -2.1938
 -4.9145	 +4.6875	-11.7064	 +1.5724	 +1.2066	 -1.2992
 -4.2716	-11.0907	 +5.4245	 -1.5791	 -4.4415	 +2.1712
 +0.8112	 -1.5254	 -8.6502	 +2.2581	 -0.1860	 -0.2071
 -0.2878	+25.1696	-30.4505	 -1.5793	 -0.6080	 -2.0625
 +2.3673	 -4.4527	 +6.1648	 +0.0068	 +2.2261	 +3.6824
 -0.2624	 +9.9220	 -0.3822	 +2.0240	 -0.9954	 +1.4329
 +6.1276	 +2.9188	 +0.3114	 -0.7515	 +1.7271	 -0.4275
 +8.4370	 +4.9087	 +5.5337	 -2.6474	 +3.4456	 +0.4908
+31.7464	-101.2665	-36.5351	 -1.3254	 +0.1869	 +0.9631
 -7.5844	 +9.4796	 -1.7509	 -0.1206	 +3.0169	 +2.5321
 -9.3920	 -6.0040	-11.4748	 +2.2289	 +3.4098	 +0.1385
 -8.2439	-22.8934	-21.3257	 -1.5665	 -0.9010	 +2.5601
+26.5932	 +4.5772	 +6.1530	 -0.9272	 +1.3759	 -1.6622
 -2.6804	 +6.3032	 -2.4388	 -1.4926	 -0.9935	 +3.2106
 -5.0369	 +2.7916	 -0.2663	 -4.2455	 +4.1737	 +0.6036
-18.7371	 -5.1287	 +1.3143	 +1.2212	 -1.0275	 +1.5731
 -0.8906	 -1.4551	 +0.8333	 +2.9829	 -3.3975	 +0.0833
 -6.8579	 -2.5025	 +3.2550	 -0.3577	 +0.3081	 -0.6107
-14.2239	+20.6875	 -7.4293	 -2.9898	 -0.6713	 +3.0405
 +5.4722	+49.3642	-36.0349	 -2.0364	 +0.9148	 +1.0956
 -5.2126	 +1.2160	 -4.1344	 +5.1293	 +1.6146	 +1.5716
+11.6026	 +5.7183	 -5.5004	 +1.6770	 -2.1336	 -0.6174
 -0.7942	-10.8979	 +3.0724	 -2.3966	 -1.0163	 -1.5045
 +4.2693	 +2.8980	 -6.2253	 -1.9192	 +3.3977	 -1.5593
 +7.1891	 +0.8670	 -3.5951	 -5.4600	 -0.2848	 -2.8767
+20.4036	-11.3859	-18.3366	 -0.4025	 -0.1928	 -1.3925
+119.4340	 +5.0167	-43.6899	 +0.3261	 +0.1496	 +0.6831
+18.1225	+13.8089	 -6.1527	 +0.6185	 -1.3140	 -3.9156
 +3.8556	 -7.8897	 +2.4808	 +1.8979	 +0.2066	 -0.7954
 +6.2394	 +0.9797	 +2.9102	 -3.0640	 -2.0240	 +1.6265
 +4.8766	 -8.1768	 -0.6135	 -1.2212	 +0.5521	 -1.4220
+33.4080	-32.8070	 -6.0294	 -0.7810	 +0.0369	 -0.5769
 +1.8205	 +3.4267	 -2.0408	 +2.9486	 +4.4087	 +1.5528
-14.3350	 -9.3128	 -2.3320	 -1.4355	 +0.5087	 -2.4033
 +3.1152	 -2.5038	 -0.4754	 +2.0555	 +2.3381	 -4.0986
 +1.6722	 -4.9634	-11.3970	 +1.3309	 -0.1558	 -2.6140
 -2.7290	 -0.2001	 +1.9912	 +2.9868	 -1.1676	 -0.5246
 -2.9800	 -0.0667	 -6.4961	 +3.6068	 +1.9296	 +1.9389
 +1.5369	 +0.1119	 +2.2317	 -0.7395	 -4.6161	 -3.9272
 +7.1804	 +6.7282	 +1.6213	 +0.1214	 -1.6269	 -1.4712
-11.8111	 +6.4278	 +3.8025	 -0.4157	 -0.7517	 -1.2287
 -6.3142	 +4.0655	 -5.3151	 -0.1048	 -0.8494	 -0.9924
 +2.7506	 +9.1754	 -2.5662	 +1.0554	 +0.7072	 -1.3714
+11.0181	 +5.4948	-10.9951	 +0.9072	 +0.5963	 +2.0325
 -3.6756	 -6.2402	 -3.6536	 +0.5776	 +3.2195	 +2.6190
 -4.5002	 -8.4618	 -7.8596	 -0.8946	 -1.7431	 +4.0570
 -5.7421	 -2.7576	 +7.7013	 +0.6896	 +3.2539	 -1.5929
 +2.6073	-10.0532	 +0.3080	 +0.6089	 -3.6673	 -1.9498
 -1.4238	 -7.7322	+17.5970	 +1.9317	 -3.3651	 +0.9983
 +5.7253	 +3.5158	 -5.0947	 +1.4888	 +2.8526	 +1.7554
 -1.5175	 -2.3039	 +0.2207	 +2.4861	 +0.3121	 -1.5870
-48.2442	 +8.2224	 -0.3761	 -2.1105	 -1.5062	 +0.4335
 +3.7134	 +3.7711	 +4.2748	 -0.1093	 -1.4865	 +2.1726
 +0.5496	 -0.7015	 +2.6254	 +2.2172	 +6.5785	 -1.1376
+10.6775	 -7.1532	 -3.8625	 +3.1326	 -2.1431	 +0.3776
 -6.6152	 -6.3674	 -2.2957	 -0.8919	 -2.5310	 +2.0766
-16.4242	 +7.1845	 +1.7776	 +0.0975	 +1.5716	 +1.0809
-32.0086	 -9.6729	+42.0818	 +0.2044	 +1.0949	 -0.4327
 +1.8950	 +0.3802	 +1.3975	 -5.7358	 -0.2053	 +4.1455
 -0.6409	 -9.8890	 +6.5801	 -2.3196	 +0.9340	 -1.9641
-40.0111	-31.6512	-24.4452	 +1.5513	 +0.3230	 +1.4712
-19.9661	+20.0641	 +4.5846	 +1.6525	 +2.3781	 +0.8114
-13.5345	 +3.3025	-11.0607	 +1.0496	 -4.2675	 +1.2542
 +8.8472	 -5.3388	 +2.2213	 +1.4858	 -1.4854	 -0.3804
 -2.7061	 -2.7830	 -5.2318	 +4.5786	 -4.1367	 +0.5483
+1870.9965	-30.5342	+790.1883	 +0.2213	 -0.2337	 +0.0662
 -6.1731	 +3.7683	 +6.5020	 +0.2022	 +0.3935	 -1.7383
 -3.6150	 -6.3213	 -2.4950	 +5.5421	 +0.7640	 -1.1347
 -0.6962	 +2.1947	 +3.5135	 -1.4540	 +0.7959	 +5.5438
+26.1355	-16.3223	-14.8086	 -0.9593	 -0.0579	 +1.4381
 -5.7419	 -5.6698	 +1.0267	 +2.0528	 +3.5679	 +2.3038
-54.7503	-46.9327	-69.0489	 -0.9184	 -1.3478	 -0.3232
 +4.6530	-12.7729	-23.8863	 -0.0551	 +3.5587	 +0.9582
+21.1464	 +3.7442	+23.0347	 -2.0541	 +2.1215	 -1.4545
+19.4292	-27.7754	 +9.7524	 +1.1587	 +0.4094	 +0.4523
 -9.3767	 -1.8682	 -6.7412	 +0.5941	 +0.0786	 +0.0579
+12.8022	+27.4103	 -9.9024	 +1.5922	 -2.3068	 +0.4027
 -9.3219	+20.9747	 +3.4386	 -0.1556	 +0.4487	 -0.1247
 +4.1766	 -5.9224	 +0.2372	 +1.8595	 -2.4079	 -0.7306
 -0.4295	+10.0997	 +6.5991	 +0.9664	 +0.9843	 -0.1604
 -0.4735	 +2.9932	 -6.6877	 +0.2457	 -4.1769	 -5.0066
 -4.2940	 -3.0481	+13.6376	 +0.6921	 -1.1404	 +0.4455
 +1.0759	 -3.6792	 -7.0822	 +2.9692	 +1.7164	 -1.3603
 +5.7515	 -0.9573	 -7.9013	 +2.0479	 +1.3608	 +3.3229
 +0.8000	 -4.0367	 +6.3572	 +3.3579	 -3.4947	 -0.0489
 -4.5499	 -1.3251	 -2.0557	 +3.9428	 +2.0191	 +1.4778
+21.6937	+14.9136	-24.9068	 -2.5819	 +0.1533	 +0.8768
 -1.6284	 +4.6969	 -2.7155	 +2.5933	 +2.6389	 +3.6966
 -2.1549	 +0.7373	 -2.4551	 -3.2279	 -1.5329	 +2.2407
 -0.8517	+13.8114	+13.4557	 +0.1800	 +2.5330	 -3.6398
 +3.0031	 -4.3774	 -6.3985	 -2.4667	 +2.5942	 +0.9939
-11.2915	 -2.2141	 -0.8246	 +1.6249	 +0.4386	 +1.2891
 -9.2993	 +6.9737	 -4.4158	 +1.5384	 -0.7306	 +2.1572
-13.0601	 +2.1843	 -3.8588	 -2.2399	 -2.5517	 +1.0521
+11.2306	-11.6547	 +0.6244	 +0.2697	 -0.3551	 -0.5643
 -1.4903	 +7.7747	 +5.7672	 +1.5932	 -1.2297	 -2.4256
 -6.0438	 -1.4480	 +1.0674	 +2.5949	 +2.5609	 -0.7741
-14.0908	 +8.2119	-16.9385	 -3.1001	 +0.5148	 +1.5349
-22.6110	 -4.2961	 +7.2943	 -2.5601	 -1.0454	 -2.4574
 -8.5978	 +4.5139	+11.7772	 +0.1765	 +1.1167	 -0.3414
-134.8804	-41.3638	+71.0420	 +0.6387	 -0.9587	 +0.7075
 -2.0709	 -0.3447	 +0.9418	 -1.0754	 -1.2986	 -1.5600
 +2.0258	 -7.4340	 -0.2490	 -4.1719	 -0.5232	 -1.5259
 -9.8661	 -2.4998	 +5.3307	 +3.8491	 -2.8581	 +1.0032
 -7.1314	 +2.8427	 +1.8611	 +1.0652	 +2.4760	 -5.1503
-11.2299	+10.3041	-15.0968	 -2.1209	 +1.2185	 -0.0625
 +7.4622	 -1.9274	 +2.6094	 -0.5793	 +4.7864	 +1.1414
 -5.7689	 -2.6119	-12.9485	 +0.2971	 -2.5960	 -1.8672
-114.0851	-104.0513	+101.6699	 +0.3696	 -0.2825	 -0.0952
-20.2668	+30.8661	+26.0227	 +1.9446	 +1.6131	 -1.2751
-18.5809	-27.1805	 +5.0879	 -1.7579	 +0.0862	 +2.4414
-30.3911	+10.0469	-21.1830	 +1.2884	 -0.2721	 -2.7848
-11.0882	-24.0319	 -6.7470	 -2.2943	 -0.2793	 -0.7566
 +0.8950	 -0.8277	 -2.5530	 +2.0522	 -1.6595	 -2.8408
 -3.8869	 -0.1509	 -0.0048	 -0.3483	 -1.1861	 +3.1412
 -9.1844	 +3.3835	 -2.5972	 +3.4367	 +1.8711	 -1.9147
 +5.8316	 -7.8376	 +7.5319	 -0.6874	 +0.4469	 -2.3887
-23.8045	 -6.2294	 +3.0991	 -0.4748	 +0.5823	 -1.2636
-17.4177	 -8.0681	 +9.5967	 +0.8061	 -3.2465	 -0.5783
+22.7805	-98.2428	+21.8142	 -0.9507	 +1.1823	 -1.1697
 -8.8414	 +2.2364	 -2.8127	 -2.8991	 +2.2758	 +4.0676
 -0.6520	 -2.4277	 -7.3671	 +1.3441	 +0.5764	 +0.2238
 -3.1097	 -3.3650	 -2.1958	 +2.5914	 +1.1607	 -1.1149
 -2.5995	 +2.1160	-12.5442	 +0.5387	 -2.8466	 +1.7511
 -3.3169	 +4.9711	-10.1097	 -2.9508	 +2.7646	 -0.1602
 -9.6286	+12.9527	+18.2883	 +0.0500	 -2.4630	 +0.3420
 +8.1502	 -2.1792	+21.4341	 -0.5704	 -0.5779	 -1.1924
 -3.7863	 +8.9105	 +9.2825	 +2.7689	 +1.5060	 -4.7912
 -2.3471	 +3.3799	 -2.7902	 -2.8270	 -2.2011	 +0.0884
 +9.7849	 -4.4795	 +0.9580	 +2.5514	 -2.5915	 +2.1023
 -4.8859	 -3.2889	 +3.2241	 -0.5475	 -3.8585	 -2.9680
 +2.3467	 +0.2979	 -5.3326	 -0.8129	 +0.9750	 +1.7479
-13.5780	-21.4838	 -6.2793	 -0.7294	 +3.9552	 +1.3028
 -1.4564	 -4.5510	 +0.7222	 -1.2295	 +1.2734	 -6.9153
 -4.7530	 +2.0479	-14.4726	 +0.3052	 -0.8238	 +1.4317
 +1.1515	 -4.4066	 -3.5801	 +1.8046	 +2.7679	 -1.9456
 -3.8549	 +9.6673	 +2.7811	 +1.1934	 +1.8607	 +0.4449
-156.4927	-52.3038	+202.1596	 +0.5195	 -0.6829	 +0.2387
 +2.6030	 -3.8417	 +1.1734	 -0.6511	 -0.1041	 +0.3389
 +5.5571	 -7.5613	 -7.4094	 +2.2560	 -1.3963	 +0.8776
+12.0619	 +3.0639	 -4.2759	 -0.7797	 +0.6966	 +2.3089
 +2.1240	 +4.6789	-11.1722	 +0.5957	 +4.6839	 -0.2477
 -2.4227	 +1.4302	 +7.0421	 +0.2941	 +0.0205	 -2.6648
+32.3069	+38.3022	 -0.6564	 -0.7691	 +1.8420	 -1.9310
 -6.1548	 +4.5140	 +7.9917	 +1.9463	 +0.8890	 -2.8675
 +2.9666	 -7.5728	 +8.0733	 +3.6407	 +0.4213	 -1.3401
-12.0384	 +3.2893	-20.7774	 +2.8750	 +0.6774	 +0.3135
 +1.5471	 +9.5779	 -9.4817	 +0.4735	 -1.1540	 -1.1744
 -5.1559	 +2.9117	 +3.5691	 -2.2541	 -1.5647	 -1.1514
 +1.3926	 +9.3917	 +4.1140	 -2.9499	 -0.2212	 -0.1544
 -0.1541	 +1.3559	 -5.7905	 +0.6623	 +0.4058	 -0.5677
 -8.7568	 -5.9561	 -9.6554	 +1.3426	 -1.2530	 -0.2116
 -3.5697	 -6.6741	 +9.7806	 -0.0938	 -0.2834	 -0.2148
+11.0393	 -2.2574	 +0.8023	 -1.8920	 -0.3873	 +2.8537
 -4.7904	 +1.5389	 -1.6316	 -2.4689	 +1.7420	 -0.2129
 -3.4716	 -3.7576	 -5.4596	 +1.8533	 -1.3480	 +2.4269
 +6.2324	 +0.0914	-10.6846	 -0.6551	 +1.5442	 -0.0679
 +0.4485	 +1.5837	 -5.9260	 -0.5154	 +0.2162	 -1.5331
-16.2072	-14.9704	+14.9666	 +1.3333	 +1.3268	 +3.7986
 +1.1767	 +0.1934	 +1.5833	 -0.4380	 +0.8496	 -0.9037
+12.7097	 -7.6441	 -4.6791	 -0.8222	 -2.2881	 +1.0658
 -7.1511	-10.0354	 -6.4674	 -1.9942	 +0.5895	 +2.0835
-15.5682	 +1.2279	 +8.2348	 +2.7671	 +1.0420	 -1.7861
 -0.2662	 -7.7328	 -1.5161	 +3.8334	 -1.0187	 +2.0616
 +6.7662	 -4.6450	 -8.5514	 +3.3388	 -3.1837	 +2.1220
 -5.9331	 +5.6720	 -2.0480	 +0.6794	 +2.8181	 -1.9423
-14.8755	+27.4895	-43.0690	 +0.5549	 +0.3522	 -1.2611
 +8.5827	-12.2051	-51.0333	 -0.0775	 +0.9882	 +0.4107
 +1.7499	 -3.1811	 -5.4663	 +3.5986	 -0.0684	 +1.1203
-16.2374	 +1.2025	 -8.2891	 -2.0937	 -2.6111	 -1.9409
 -0.6779	 +0.5022	 +2.1346	 -2.8664	 +2.9487	 +0.3817
-12.5857	-14.6551	 -6.0395	 +1.0806	 +3.2288	 +0.1389
-19.3250	-71.7142	 -3.0339	 +1.2554	 +0.7548	 -0.6939
 -0.0591	 +1.1722	 +8.1007	 -1.5832	 -3.1625	 +1.6383
 +2.2480	 +5.6288	 -5.7152	 +2.9247	 -3.2847	 +2.2187
+18.8072	 -6.6262	 -3.4377	 -1.2934	 +1.4118	 -4.2813
 -7.1460	+10.1391	-13.7016	 +3.4872	 -0.1047	 +3.0277
 -5.5854	 +3.7025	-19.2782	 +1.8132	 -1.0529	 +0.1118
-11.7463	 -0.8506	 -9.2864	 +1.8986	 +1.5993	 -0.7186
 -4.7707	 +2.5786	 -1.3423	 -4.3148	 +4.0062	 +0.9042
 +1.7855	 -1.4092	 -3.6976	 +3.9255	 +4.6977	 +1.1086
 -3.5355	 +1.2570	 -2.6527	 -4.5854	 -0.9625	 +2.2742
 -7.1593	-22.4872	-14.5891	 -0.6791	 -0.2307	 +2.3691
 -4.0791	 +2.9797	 +1.0211	 +3.3602	 +1.6577	 +2.0328
 +4.5012	+15.8513	 +7.5181	 +0.1859	 -2.7412	 -1.1298
-58.6104	 -4.7894	-10.2440	 +0.2284	 +1.2568	 -1.0729
 -4.0497	 +0.9680	 +0.5834	 +1.4847	 +1.5758	 +2.5717
 -1.3448	 -0.5978	 -8.0639	 +3.5662	 +2.6811	 -1.6478
 +5.8995	 -7.3314	 -3.5996	 +1.4675	 +3.3625	 -0.1620
 +1.7944	 +0.0720	 -6.3616	 +1.4772	 -3.2995	 -1.2495
 -3.7139	 -5.2844	-13.6186	 +3.2908	 +2.1130	 -3.3677
 +0.6933	-11.9031	-25.2639	 +0.5681	 +1.9560	 +1.8971
 -8.7812	 +7.1691	 +0.6692	 -0.4610	 +0.2712	 +5.4800
 -7.1892	 +1.8431	-12.3173	 +4.2223	 -0.0958	 -2.5748
 +9.8609	 +0.7824	 -3.2377	 +2.9147	 -2.4871	 -1.0325
 +2.9813	-29.9492	-20.1072	 -0.6735	 +0.4654	 -1.0883
-10.5592	+19.8389	 -0.8614	 -1.2673	 +0.7965	 +2.3813
 -4.6631	 -0.3785	 -2.4472	 +0.8169	 +2.4752	 +2.4464
 +1.5230	 +2.5529	 +5.5803	 -1.5003	 -4.3696	 +0.3810
 -7.2981	 -8.5101	 +6.7145	 -0.0568	 -2.8616	 +2.2774
 -2.6287	 +7.3104	 -5.0937	 +0.8996	 -3.8250	 -3.1857
 +4.2777	 -1.8985	 +5.9629	 -2.5227	 +2.1687	 -1.9087
 +3.3960	 +1.2556	-11.2458	 -5.0335	 -1.1232	 -0.3079
 -0.6702	 +7.3320	 +3.9923	 +1.5015	 +3.2683	 +2.2970
+34.1541	 +6.6440	 +3.9740	 +1.0466	 -0.0581	 +0.8137
-23.7521	+12.6706	 +0.3531	 +0.7241	 +0.2568	 +1.8316
 -4.3405	 -4.2898	 -8.4179	 +0.4280	 -0.9112	 +1.3699
 +5.3276	-20.4483	-19.1004	 -0.9057	 -2.5709	 -2.0196
 +6.2955	-13.0356	 -3.7397	 -1.0735	 +3.1251	 -2.3848
+10.3704	 +9.4232	 -3.7766	 +0.8710	 -1.3457	 -2.1974
-34.4053	 +7.8797	 -2.6460	 +2.4098	 -0.0964	 +3.3222
 +5.0278	 +3.7210	 -0.2093	 -0.1327	 +3.7828	 -0.4355
 +8.3988	 +7.3239	 +5.5564	 +0.2515	 -2.8990	 +0.2738
 -4.0234	 +6.5473	 -0.6570	 +4.1251	 +0.9878	 +3.1162
-12.5660	-10.5818	 +8.0003	 -0.5382	 -1.9614	 +1.7168
 -9.9592	 -0.9918	 +1.2888	 +0.1670	 -4.2355	 -0.5778
 +0.8656	-12.6973	 -7.7826	 +2.8633	 -2.1456	 -1.7009
 +0.3079	+15.2433	 -2.5933	 +3.7373	 +1.5309	 +1.7290
+16.6419	+12.9267	-15.6571	 +2.7091	 -1.5361	 -0.0477
-18.8894	 -5.9267	+15.3181	 -0.6622	 +2.7919	 +2.4612
+30.8963	 -7.6363	+67.4189	 -0.0567	 -1.8407	 +0.6513
 +9.6472	 +7.0502	 +5.0634	 +1.9032	 -0.6514	 -0.3845
 -0.9775	-13.9348	 -3.8593	 +2.7488	 +0.9469	 -1.9895
 +2.4229	 -0.2298	 +2.7240	 +0.0516	 -1.1585	 -1.6739
-18.7383	+10.7874	-15.9450	 +1.4530	 -1.2993	 +0.6540
 -5.9799	 -4.0949	 -5.3308	 +3.2738	 +2.2927	 +2.2539
+24.0350	 +3.1458	 -3.5793	 +2.3405	 -0.4699	 -2.1081
-10.8340	-17.7505	 -4.2982	 -1.6580	 +1.8750	 +1.6697
-13.4731	+13.3920	-12.9601	 -2.1497	 +2.5217	 -2.5001
 -6.0487	-21.7298	 +8.9382	 -2.6681	 -1.2926	 +1.7923
 -2.4818	 +4.2438	 -1.4504	 -2.2448	 +1.0955	 +2.6183
+10.7811	 +6.5435	 -9.9391	 +3.7255	 -1.4565	 -0.1578
 -0.7407	-20.0566	+14.3142	 +1.5441	 +0.3849	 +0.4003
 +0.4469	 -7.5059	 -5.6354	 +1.7285	 -1.1146	 +2.5012
 +0.8117	 -5.9412	 +1.4144	 -4.7494	 +0.1890	 -3.0057
-10.0625	 -3.3677	 +1.2415	 +0.3370	 -0.6590	 -1.8517
 +0.0727	 -0.4545	 +1.1468	 -3.5767	 -4.7890	 -2.0276
 +4.0648	 -7.2133	-15.2848	 -1.5643	 -1.6198	 +0.5419
+10.3705	 +2.8560	+27.6987	 -0.2280	 -1.8392	 +1.2051
 -3.1930	 -8.1108	 -2.7742	 -3.5628	 -1.8258	 +1.2518
 -1.6855	+12.1012	 +0.2963	 +0.7017	 +1.4795	 +4.3839
 +5.1941	 +2.4867	 -4.8989	 +1.3255	 -0.7181	 -3.1090
-11.5448	 +2.1639	+14.5656	 +2.1232	 +0.0524	 -2.0589
 -4.0846	 -4.1152	 +4.6615	 -3.3685	 -0.0300	 +3.1241
 +3.6081	 -0.7106	 +0.0957	 +0.4630	 -0.6466	 -2.8515
+34.0038	 +8.5945	-19.2891	 -0.5114	 -1.1383	 -0.1154
 -4.9370	+12.0394	-26.4651	 -3.1888	 -0.2741	 -1.5598
 +1.6502	 +1.3387	 +1.3038	 -4.4448	 +0.6527	 -1.2807
 -0.1146	 -4.3962	-10.4187	 +3.9270	 -0.4622	 +0.5148
 -0.7199	 -1.5630	 -2.3291	 -0.1805	 +6.0916	 +1.5700
 -6.4718	 +4.5610	 -1.6266	 -0.6219	 +2.5861	 -3.8151
 +1.5360	+10.1339	 -1.8149	 -0.3674	 -3.4292	 +2.8730
+14.6694	+11.7069	 -1.7855	 -2.8363	 -1.9499	 -1.3766
+25.3133	 -0.3767	 +6.1262	 -1.9392	 +0.8838	 +0.6473
 -0.6509	 +1.3565	-11.0434	 -0.8140	 -1.1584	 -1.6082
-12.6455	 +0.9759	 -1.8772	 -2.7304	 -0.9056	 -2.5741
 +0.0235	 +0.9323	 -4.7069	 +1.7706	 +0.2395	 +0.9056
 -2.2970	+12.4777	 -2.3621	 +1.9777	 -2.6286	 +1.9105
+17.9655	-63.4897	-33.6138	 -0.4195	 +0.8759	 +0.6739
 +1.9171	+10.2757	 +7.8979	 -0.4045	 -3.1200	 +2.6971
 +1.3847	 -3.0877	 -5.0541	 +1.9355	 +0.6909	 -1.7340
 -7.4864	 +3.3152	-11.3354	 +1.5310	 -0.4613	 -0.7480
+11.2377	+18.6310	+29.7063	 -0.9695	 +0.1063	 -0.9063
 +0.3983	 -0.6406	 -0.5299	 +3.2150	 -5.9781	 -0.7776
 +0.2498	 -2.6233	 +5.0334	 -2.5175	 +3.1107	 -2.2681
+16.3455	-19.3665	+22.5102	 -0.6502	 +1.1794	 -1.9811
 +1.6417	 -7.0579	 +0.9313	 -2.4921	 -1.6324	 +1.6196
-72.3367	-58.0807	+27.8640	 +0.5318	 +1.2331	 +0.5300
-13.7722	 -4.2487	-12.6097	 +2.1863	 -0.5148	 +0.3693
+60.7363	+43.2188	+41.8978	 -1.2124	 -1.2484	 -0.3311
 -5.3318	+10.5873	 -7.9271	 -1.5649	 -2.3034	 +2.9687
 +9.9747	 -5.9846	 +0.4387	 -0.4981	 -2.2110	 +0.4609
-109.3288	+51.4229	-21.7389	 -0.5421	 +0.7810	 +0.2644
 +3.9306	 -4.2745	-15.4751	 -3.3489	 -0.0220	 +1.4186
 +6.3528	+11.1169	 +4.3472	 +1.8864	 +0.0945	 -0.5582
 +5.1368	 +0.9135	 -2.9364	 +1.8761	 +0.8695	 -3.9399
 -2.3378	 +1.6203	 -5.2060	 +1.2496	 +3.3922	 -2.3035
 +0.2357	 -3.6720	 +1.3671	 -2.1307	 +0.7527	 -1.8917
 -8.4943	 +7.7058	 -3.4867	 +1.4118	 +4.3926	 -2.0006
 -1.5050	 +0.4243	 +0.1747	 +4.6411	 +3.6406	 +0.1949
 -7.2318	 +3.1919	 -1.2967	 +2.4632	 -4.4568	 +1.2351
 -6.0919	 +9.5563	-12.2517	 -0.6898	 +5.1101	 -0.3547
 +6.0850	+11.2098	-11.6154	 -0.0807	 -0.5325	 +1.2188
 +0.6401	 -0.1951	 +0.5901	 -0.9272	 +2.5457	 -1.0954
 +3.3969	 -3.6919	 -2.8797	 +1.6110	 +2.0479	 -2.9081
 +3.3738	 +2.9353	 -3.5007	 +2.7910	 -1.6394	 +3.8538
-33.1451	+10.6512	+12.4153	 -1.4218	 +1.0721	 +0.5803
 -7.7020	 -4.5191	 +4.2913	 +2.5314	 +4.5344	 +3.0378
 -1.7190	-11.4947	 +8.0698	 -1.3636	 -4.9129	 +2.4091
-15.1896	 -3.9375	 +2.6125	 +1.0100	 -0.9707	 +4.1017
 -1.0493	 +0.9270	 -5.6275	 -1.9478	 +1.7127	 -2.8011
+10.1874	+15.3039	-21.1728	 -1.1075	 +1.1476	 -2.6922
 -0.3828	 +8.3616	 -7.7667	 +3.6501	 -1.1849	 -0.7433
 -9.8917	 +1.8279	-14.3240	 +0.8465	 +0.8675	 -1.4663
 +2.8542	+12.1887	 -1.5806	 +0.5300	 -2.2835	 +1.5686
 +4.0811	 -1.0558	 +4.2985	 +0.6878	 -4.2536	 -1.8699
 -8.0269	 +3.8583	 +6.6272	 -0.7174	 +0.0076	 +0.9529
-14.7408	 -3.0189	+15.9656	 -0.6827	 +1.3145	 -0.8822
-43.4695	+10.0069	 +4.1666	 -2.4379	 +1.5187	 +0.8369
 +0.0104	 +3.2996	 -1.9451	 -0.7101	 +0.8556	 +0.9659
-26.3953	 +9.2994	 +8.9624	 -1.1734	 +4.6518	 +0.2658
 -9.4272	-11.2422	 +7.1586	 +0.7212	 +0.6479	 -0.7045
 -3.8782	 -0.5134	 -2.6375	 -4.5471	 -3.3240	 -2.7081
 -4.7728	 -0.5976	 +2.8419	 +0.1585	 -1.2985	 +1.2424
-15.7294	-51.3021	+32.0979	 +1.8894	 +0.0123	 +0.8769
 -2.7066	 +9.4154	 +0.9792	 -1.9869	 -0.8552	 -1.5136
 -1.6397	 +0.6817	 -7.3621	 +4.6106	 -0.1983	 +1.0601
 +1.9823	+16.2707	+14.4048	 -1.8349	 +0.3320	 +2.0916
 +5.0992	+14.5070	+16.5523	 +0.4419	 +1.9294	 +0.8351
 -0.5018	 +6.0476	 -4.5208	 -0.5539	 +1.9150	 -3.4877
 -5.1183	 +6.7160	 -1.1208	 +1.2219	 +1.5876	 -0.9106
 -2.0891	 -2.2505	 -6.3626	 -1.6447	 -0.7233	 +3.4390
 -2.8700	 +3.0737	 -2.1827	 -0.2205	 +1.2079	 -1.2523
+10.5346	-11.7341	 +2.7160	 +1.1474	 -2.9681	 -0.7250
 -2.1622	 -0.1538	 -1.0900	 +0.5170	 +3.1283	 -3.9245
 -2.7832	+22.1317	 -0.2324	 +1.8035	 -0.1512	 +2.7118
 -6.3891	 -4.5309	 +1.1803	 -0.9383	 -3.5126	 +1.4819
 -5.6234	 +2.8480	 -0.7875	 +0.3800	 -0.6120	 +1.8113
+19.2459	+14.3893	 -2.9750	 +0.5825	 -2.0785	 +0.3132
-11.9810	 -2.0989	-11.4680	 +2.3054	 +0.2293	 -0.8748
 -1.9718	 -1.4726	+12.4738	 -1.2481	 -1.3090	 -2.7877
 +2.5666	 +1.7047	 -0.5282	 +0.7074	 +0.4304	 +2.1935
 +9.9381	 +8.9446	 +4.9365	 -2.0613	 +3.3586	 -0.0527
 +2.2154	 +3.5103	 +1.7458	 +5.6071	 -3.3571	 +0.6141
 -4.9497	+10.5633	 -5.3147	 +2.5031	 -1.8392	 -0.8936
 +4.7144	+15.0972	-17.5122	 -0.2902	 +1.4551	 +1.2845
+11.1824	 +0.0188	 -5.5861	 +1.0284	 -3.6366	 +0.3606
-11.1037	 +1.1002	 -2.0300	 +1.0398	 +2.3266	 -0.4191
 +0.1378	 +6.2540	 -8.1632	 -0.6539	 -2.8556	 +0.9491
-12.5447	 +3.7437	 +9.5416	 -2.5212	 -0.1789	 +1.9653
 +8.1412	 -9.3924	+35.9788	 -1.0328	 +0.8022	 +2.0460
 -2.9868	 -7.8049	 -1.9712	 -0.3100	 -2.2170	 -3.1682
-16.2454	 +6.0053	 +0.7845	 +0.1234	 +3.7051	 -0.0481
 +3.4454	 +0.7698	 -1.8684	 +1.4280	 +0.4751	 +0.3140
+17.5157	 -9.4968	 +8.7096	 -0.1371	 +0.6422	 -0.7171
 -1.4770	 -6.1418	 -0.6071	 +3.2435	 -1.9412	 -0.5684
 +0.0289	 -3.4019	-11.0879	 +0.7469	 +5.9914	 -1.8144
 -3.1760	 -2.9828	-11.9056	 -3.1414	 -2.1500	 +1.4686
-23.1666	 +5.5075	-40.3418	 +1.0480	 -1.1011	 -1.1545
+15.0290	+16.8766	+29.6261	 -1.0586	 -0.8754	 +0.7882
 +5.0053	 -2.3495	 -1.3207	 -0.1302	 +0.7685	 +0.9058
 +2.2455	 +7.4915	 +1.9779	 -2.0629	 -1.5502	 -2.2497
 -5.6953	 +8.1651	+23.9809	 -1.1975	 +0.7483	 -2.6940
 -8.8590	 -3.9680	-10.5967	 +2.3230	 -1.8012	 +0.2351
 +0.0459	 +2.4748	 +1.0943	 -5.1374	 -0.8026	 +0.2516
 -8.6307	+15.0462	+13.0468	 -1.6555	 +1.1409	 -0.0415
 +3.8307	 -8.5746	-11.2338	 +0.4190	 +1.1893	 -1.7728
 -4.7793	 -3.8856	 +5.9973	 +1.8917	 -4.8501	 +0.4649
 -1.6196	 -3.4870	 -4.7565	 -2.7854	 -2.2498	 -0.3841
 -4.2656	 +4.2101	-11.8295	 +3.2601	 -1.0855	 +0.2590
-19.0258	 -0.0665	-16.8637	 +2.5970	 +2.3186	 +1.0619
-12.7275	 -6.7662	 -1.8680	 +1.0173	 +0.4391	 +3.2086
 +4.5716	 -1.3129	 -3.7406	 +0.7094	 -0.5803	 -2.3234
 -5.3149	 -3.4066	 -1.9983	 -0.0246	 +2.0699	 -3.4675
 -2.8813	 +4.9912	 +2.8173	 +0.9946	 -4.3676	 -1.3627
 -1.5503	 +3.0620	 +0.6413	 +1.3609	 +1.3271	 -3.1834
+22.1909	-14.8917	 +4.1503	 +1.4184	 -0.2155	 +1.1636
-14.8078	+19.0270	 -7.5170	 -1.1447	 -0.1848	 -1.0131
-11.0207	 +4.1943	 +1.8137	 -1.5987	 -1.2596	 -2.0562
 +0.6969	 +5.1968	 -7.8158	 -1.1544	 -2.8638	 -3.5036
-13.5288	-11.2200	+10.3310	 -1.3336	 +1.3422	 -0.0845
 +7.7139	+10.7531	-20.6927	 +2.7268	 -0.8286	 +1.9250
 -4.3350	 -5.1941	 -0.8353	 +6.4445	 +1.9939	 -0.7431
+20.2960	-12.0904	-25.2977	 +0.1904	 -0.1685	 +1.9207
 +1.4838	 -1.7447	 -4.0617	 -4.6232	 -5.6401	 +0.6054
 -6.6937	 +0.6066	 -4.0207	 -0.8746	 -2.2816	 +3.3178
 -1.1530	 -0.5352	 -0.9605	 +0.9673	 -1.8821	 -2.9520
+23.2944	 +5.9582	 -0.0004	 +0.1939	 +1.8533	 -0.2106
 +6.1929	-12.2848	 -6.3415	 -3.5150	 +0.1156	 -4.0868
 -3.3257	 -6.2491	 +0.9947	 -4.0990	 +0.6816	 -5.3538
+21.1172	 -6.8685	 -6.4508	 +1.1982	 +0.8319	 +0.1602
-19.4279	 -3.2550	 -4.7535	 -1.0307	 -2.0123	 -0.3470
 -6.3040	 +6.8517	 +5.4695	 +2.5290	 +1.3730	 -1.2013
 -9.0103	 -3.4017	-10.3575	 +1.8294	 +2.1190	 -0.9956
-15.3212	 -3.1812	 -1.1045	 +0.7772	 -0.2693	 +0.9224
-17.6615	 -3.3722	 -9.1727	 -1.2826	 +1.5850	 -2.9107
-25.0389	 -7.9176	 -5.4463	 -3.3369	 +2.5531	 +0.8084
 +1.0912	 -0.8796	 +5.1785	 -3.4281	 +2.4408	 -3.4843
 -0.8836	 -0.5533	 -2.5095	 -1.1381	 -4.2310	 +2.1795
 -3.3614	+17.6056	 -0.0500	 -0.9714	 +2.0174	 -2.5917
 +3.1007	+12.0493	 +3.0919	 +1.3912	 -3.4360	 +0.4450
-12.6473	+14.1989	-48.7883	 +0.1040	 +0.0416	 -0.2461
+10.5117	 +6.7746	 -1.8877	 +1.9906	 +2.9156	 -0.3894
+13.4141	 +7.1507	-12.9674	 +2.2334	 -1.4511	 -2.3168
-13.5204	 -3.0960	 -0.5013	 +2.0025	 -0.0019	 +3.1702
 -7.0526	+16.4294	-19.9959	 +0.9024	 +2.6683	 +2.6007
 -0.4541	-12.8696	 -4.2969	 -1.1040	 +2.7892	 -1.6109
 -4.8022	 -3.1333	 +1.0924	 -0.2340	 -3.3678	 -1.4852
 -0.6455	 -1.8797	 -7.1264	 -6.1165	 -0.1440	 +0.4436
 +1.8827	 +0.6113	 +2.3183	 -3.1854	 +0.1435	 +1.4588
 -9.5754	-12.7835	 -1.1387	 -0.0454	 -1.8449	 -0.1750
 -0.7999	+25.0126	 -1.3445	 +2.8496	 -0.0802	 -2.7232
 -0.0946	 +2.5062	 -4.3226	 -0.6719	 -0.3577	 +0.8442
+10.4607	+10.8672	 +6.9286	 +0.5604	 +1.9873	 -1.4149
 -5.0367	 -9.5584	 -3.6847	 +1.7027	 +2.3498	 +3.5673
 +2.5040	-10.1394	+17.9391	 -1.5268	 +0.7916	 +0.3190
 -3.1675	 -0.8919	 -9.4435	 +1.8415	 +0.7920	 -1.8117
 +4.0094	 +2.2026	 -8.6865	 +1.4168	 +1.0308	 +0.6266
 +5.3878	 +3.9961	 -0.3768	 -3.0890	 +0.4417	 -0.3907
 -2.6911	-17.7720	 +6.5983	 -2.4559	 +1.5526	 +0.4409
 -3.5898	 +5.3559	 -4.5790	 -1.5595	 +0.2727	 -0.3765
 +1.5274	 -0.0319	 -4.1940	 -1.5839	 -1.1583	 -0.9913
 -5.6546	 +1.5083	 -2.8351	 -0.9516	 +0.9767	 -3.2985
 -0.9266	 +7.0995	 +0.7788	 -0.2798	 -0.7287	 +0.5080
 -3.8308	 +2.0778	 -0.8413	 -2.7462	 -2.6416	 +2.2000
+10.0783	 -2.5138	 +4.8335	 +1.2441	 +0.1412	 -1.4079
-13.0807	+21.0002	 -7.5569	 +0.8968	 -2.2028	 +0.8756
 -5.0503	 -9.8789	-15.9395	 -0.4031	 +2.6939	 +0.9997
 +6.3523	 +0.1496	 -3.7756	 -0.3611	 -4.3370	 -0.7814
 -3.5291	 -1.2231	 -0.6113	 -2.6267	 -0.8882	 -0.7066
 -2.8960	 +5.5653	 -9.8892	 +0.1916	 -2.6583	 +0.5191
-18.9359	 +2.1127	+15.8238	 -1.2577	 +0.1667	 -3.9265
 -1.9130	 +6.4427	 +3.9209	 -2.8400	 +1.0701	 +6.2330
 -0.2899	 -2.7738	 +1.3004	 +0.5480	 -0.7269	 -0.6655
 +1.7064	 +2.2045	 -2.2379	 +0.7946	 +1.0199	 -0.8301
 +0.9251	 +8.5781	 -2.3493	 +3.6265	 +2.1485	 +0.8351
 -0.2848	 -4.5207	 +2.4735	 -2.0089	 -1.2188	 -4.9383
+21.1745	 -6.2438	 +5.5549	 -2.5461	 -1.6364	 -3.1154
 -0.1310	 +0.7694	 +2.0017	 +0.9953	 +3.6246	 +0.8512
 -2.0546	-34.5611	+58.0415	 -0.3753	 -1.1762	 +0.5135
 +0.4249	 -5.1414	 +0.4328	 -0.2964	 -3.7701	 -0.4088
+38.1576	+35.5618	-30.4953	 -1.7407	 -1.1946	 +0.5727
 +2.0158	 +4.3555	 -3.6954	 -0.5187	 -2.8788	 +3.2435
 -1.4197	 +1.0938	 +1.5088	 -0.7491	 -3.4873	 -2.8501
+52.0226	 +1.6382	-44.9708	 -0.2884	 -0.1704	 +1.4922
-14.0312	-32.1364	+26.8326	 +2.5574	 -2.0197	 +1.6035
+104.1630	+58.8686	+15.6241	 +0.0526	 -0.7913	 -1.6072
 +0.1410	+31.0567	 +4.4659	 +2.8194	 -0.9288	 +0.6369
+23.3058	+66.8898	-34.0180	 +1.1701	 -0.3614	 +0.0101
 -8.9416	 -9.9014	 +1.9903	 +0.1684	 +0.5108	 +2.1328
-10.6559	+17.9104	 -3.3696	 -2.9069	 -1.1849	 +1.1315
 -7.8191	 +1.7172	 -7.9064	 -5.4644	 -0.5477	 +4.8743
+11.3730	+28.2626	-48.7745	 +0.7283	 +2.6868	 +0.1907
 +6.8301	-12.4988	+42.7108	 +1.4941	 +0.9355	 -0.9809
+23.3803	 +6.5344	 +2.4130	 -2.2727	 +1.5137	 +0.8833
 -3.8107	 -2.9374	 -7.5894	 +2.4518	 -3.8220	 -1.3849
 +3.3392	 -7.6453	 -5.4437	 -5.0601	 +1.9035	 +1.2222
 +7.4919	 -4.6503	 -0.4652	 +2.3830	 -0.9113	 -3.4027
 -0.2902	 -3.2038	 -5.1066	 -3.0621	 -1.7804	 +4.8940
-11.7486	 -9.7767	 -6.5841	 -0.4528	 +1.5206	 +0.7430
 -4.4382	 -3.5144	 -3.0889	 +3.3314	 +2.5397	 +0.3940
 +0.9629	+24.2346	 +7.3375	 -1.2177	 -1.9145	 +0.8208
 +3.6914	 +4.7374	-15.6108	 +0.2141	 +3.4318	 -0.2079
 +8.6972	+15.2671	-25.9051	 -1.5681	 +0.1963	 -0.1244
 -4.0911	 +7.7804	 -1.6222	 -2.0966	 +4.8630	 -0.5379
+18.3503	-21.5059	-11.2037	 -1.0801	 +0.7738	 -1.0144
 -4.3935	 +1.8919	 +3.1527	 -1.0961	 +1.4109	 +0.2321
 -2.4148	 +4.0366	 -0.9121	 +1.0731	 +1.6667	 -3.2095
+12.6926	-18.9517	 +0.2894	 -0.8015	 +0.7573	 -0.4137
 +2.0399	 +3.7010	-15.0975	 +0.3722	 -2.4676	 +2.5229
 -2.8374	 -6.1487	 -0.7624	 -3.1248	 -0.5839	 +6.1819
 -0.8633	 +6.0230	 +2.7915	 +1.3016	 -0.6060	 -4.9600
 +1.8857	 -2.1973	 +6.5014	 +0.4954	 +0.8124	 -3.1169
-23.3544	+23.5545	 +8.1459	 -0.1268	 +1.8876	 +0.8908
 -4.3912	-11.1642	 +2.3987	 -3.1497	 -2.1678	 -1.2954
-12.6862	 +5.8196	 +0.2884	 -3.7280	 -2.4740	 -0.8466
+11.9577	+10.6835	 +5.9982	 +4.1554	 -0.2923	 +1.3607
-11.5023	 +4.6685	 -4.8708	 -3.2038	 -0.3600	 +1.5517
 +3.2188	 +0.7326	+11.8216	 +1.3930	 -1.4236	 -1.6025
-14.9197	+66.0767	+21.0897	 +0.7277	 +0.2938	 +1.2584
+19.7359	 -6.5910	 +5.8530	 +1.6866	 +1.0138	 -0.7538
 +3.9195	 -8.7902	 +6.4632	 +1.7472	 -3.3005	 +0.9572
-12.7831	-33.7549	+25.8213	 -0.8885	 +0.4601	 +1.1297
-40.8791	+34.8730	+25.6629	 +1.2186	 -0.1906	 -0.6182
 +0.0081	 +2.8379	 +2.1797	 +1.6584	 -3.0632	 -1.6937
 -4.8523	-17.6307	 -6.1490	 +3.3856	 -0.6243	 +1.6883
 +9.5779	 +8.7965	 +2.0778	 -3.6593	 +2.1876	 +2.2263
 -6.2173	 +0.6629	 -3.8613	 +1.7689	 -6.2714	 +3.3501
 +3.3583	 -2.0203	 +3.5005	 +5.6422	 -0.7886	 +0.7130
 +7.7464	+12.6574	 +6.6536	 +3.2520	 -0.2863	 +1.5596
 +4.2728	-32.7100	+110.5114	 -0.2986	 -1.4604	 +0.5626
-23.8345	+11.4022	 -3.3595	 +0.2142	 -2.9225	 +0.2936
 +5.0067	-13.6367	-18.1900	 +2.5052	 +0.7743	 -1.3976
 -3.7911	 +0.1889	 +3.1977	 -2.2838	 -3.6770	 +0.6992
+12.2388	 +1.6171	-12.0162	 -3.4124	 -2.3197	 +1.4728
 -5.6547	 -6.5796	-19.7728	 -0.5616	 +0.0856	 +2.2169
 -0.2591	 -7.1148	 +4.2662	 +3.4240	 -1.2127	 -3.5951
+25.5163	-25.4065	+39.2485	 -1.3199	 +1.1145	 -0.3365
-10.6606	-16.0840	 -7.7894	 +2.5363	 +0.2996	 -3.5356
 -1.5795	 -7.3674	 +1.4569	 +0.8367	 -4.3158	 -1.3428
 +5.3918	 +2.5461	 -2.5407	 +1.4069	 +4.6957	 -2.6055
-15.5920	 +6.2430	+15.1005	 -1.8186	 +1.8547	 -1.2294
 +9.2458	 -6.9458	 -2.1579	 +1.5146	 +4.2632	 +2.0573
+13.8973	 +5.0932	 +6.2927	 +1.0440	 -3.4304	 -2.3883
+13.8803	 +1.3204	 +4.0021	 -3.5037	 -0.4404	 -1.4789
 -0.1217	 -1.5297	+22.5775	 -0.3293	 +2.9752	 +0.6357
 +3.6506	 -8.3620	-13.1870	 -0.2730	 -5.2459	 +1.5490
 -1.7808	 +1.7152	 +4.8802	 +3.1600	 -2.7667	 +0.8837
 -3.9378	 -0.0958	 +4.3625	 -2.3113	 -1.2371	 +1.7817
-14.9301	 -4.1080	-10.4138	 -0.5027	 +0.8430	 -0.4091
-13.2081	 +3.3219	 +0.1777	 +1.5601	 +1.2244	 +0.7355
 +1.8441	 +7.9804	 -8.5461	 +0.0845	 +0.7569	 +2.3344
-19.2110	 +1.9554	 +9.0408	 +4.4296	 +0.4807	 +1.8536
 -2.9655	-10.6866	 +1.5351	 +1.2032	 +0.3359	 +2.8829
 -6.6525	 -2.0131	 -3.9710	 +0.6533	 -0.4356	 +0.6539
-11.8776	-11.6668	 +0.3683	 +0.7214	 +2.5794	 +0.7074
 -1.8993	 +8.2326	 +4.7087	 +1.8680	 -1.7958	 -0.3062
+27.5278	+22.7461	 -5.2333	 -0.7909	 +0.9294	 -0.2531
 -6.1501	 -9.3503	 -0.2364	 +1.7187	 -0.4171	 +0.6974
+25.4594	 +2.3801	 +6.3886	 -0.8230	 +2.2766	 -0.7673
 -3.2421	 -4.2607	 -6.1376	 -3.5576	 +0.3951	 -3.1083
 -5.2876	 +3.1787	 -8.6586	 -0.2277	 +1.5446	 -1.2013
 -4.0658	 +4.1964	-12.2022	 +4.2951	 -4.1025	 +0.1106
 +1.8134	 -3.4884	 +2.0004	 +0.1596	 -4.0205	 -2.0523
 -6.6666	-22.9367	 +5.7413	 -0.0084	 -3.4340	 -1.6051
-12.1458	 +9.6306	 +6.0131	 +1.5123	 +0.4322	 -3.0428
 -3.0919	 -4.1547	 -3.6900	 +1.3809	 +5.4947	 +2.5153
-15.6491	 -9.7234	+16.4494	 -3.2303	 -0.6095	 +0.9908
 -7.0682	 +0.1005	 +2.3315	 -5.9738	 +1.1818	 -0.2482
-16.7224	 -6.2885	 -6.7417	 -1.9642	 -2.7069	 +1.1731
 -0.2716	+24.6212	-12.5774	 +1.6896	 -2.1978	 +2.1573
-13.7116	+11.5970	 -3.8937	 +0.0473	 +2.8484	 +1.4044
 +5.0056	 -7.3548	 +5.6032	 -4.0146	 +1.4219	 -0.1385
+13.7020	-24.1110	 +1.7823	 -1.0496	 +1.3063	 +1.6169
+11.5397	 +2.3807	 +1.2126	 -1.2736	 +2.9011	 -1.1729
 +6.8867	+37.3098	-14.9448	 -0.0945	 +1.6708	 +2.2199
 +3.4976	 -3.4103	 +4.9331	 +0.3421	 +0.6070	 +2.7998
 -0.9658	 +8.5823	 -1.1549	 -3.4477	 +0.1311	 +0.2753
 -3.6376	 -0.4101	 -4.4670	 -1.1131	 -3.7269	 -1.0098
+86.9324	-29.1088	+52.1966	 +0.1435	 -0.9287	 -1.3669
 +0.5169	+11.9112	-13.7082	 -2.4580	 -1.9354	 -1.5651
 -1.5366	 -0.8833	 -8.6770	 +2.3636	 -3.5819	 -1.6242
 -2.0466	 -0.1260	 +7.6156	 +1.9829	 +1.0012	 -0.0099
 +2.7270	 +5.0322	-14.2935	 -0.9259	 +2.3029	 -0.8646
 -7.1673	 -0.7840	 +3.2925	 +2.9628	 +3.4178	 -3.6579
 +1.0136	 -0.4188	 +2.9433	 +1.6401	 +1.9436	 +2.8356
 +4.8113	 -5.7831	-10.4375	 -1.5182	 -3.0031	 -0.8081
 -7.4147	 +0.9947	+19.2890	 +2.2435	 -1.0834	 +2.3555
 +3.4657	 -6.6480	 +8.0183	 -3.4414	 +2.8734	 +2.1519
 +4.1540	+14.6178	+23.9962	 +0.6029	 +0.8957	 +3.7878
+10.3372	 +5.2878	+14.3180	 +0.8000	 +0.8282	 +2.2498
 +7.2630	 +0.7101	 -2.3785	 -1.9430	 +1.4041	 +0.1114
 -4.0685	 -8.7630	+21.7692	 +1.3762	 +1.1329	 -0.8672
 -8.7328	 -0.3448	+16.4401	 -1.6627	 -2.1849	 -2.0863
-20.5589	 +1.1980	 -7.1075	 +1.3835	 +1.0130	 +3.7581
 +4.7227	 +3.4144	 +3.2217	 -3.1953	 -2.6006	 -1.5324
-41.8975	+21.5279	 -0.3016	 -2.9783	 +1.4093	 -1.0391
 -3.1189	 -2.0431	 -3.1299	 +0.1757	 -7.1616	 +0.2663
-13.5135	 +1.3951	 -0.9775	 +2.3303	 +2.7895	 +2.2529
+18.7419	 +6.7417	 +8.1735	 -1.3073	 -0.9790	 -1.7391
 -4.6813	 +5.8908	+11.7153	 +2.0194	 -0.2714	 +1.6287
 +4.7470	-20.0078	 +4.2418	 -0.5536	 -0.5158	 +0.8550
 -5.5719	-12.6882	 -1.5549	 -2.2119	 +2.2718	 -1.6002
 -0.5845	+12.4448	 +5.0200	 +0.8062	 -0.0474	 +1.1340
-92.3518	-169.9785	+26.1021	 +1.0937	 +0.0019	 -0.0975
 +6.3692	 +3.9806	 +2.4134	 -1.0185	 -0.1819	 -0.2460
 -1.6775	 -7.1454	 -2.7843	 -3.8347	 +0.0466	 +2.8658
 +0.9894	 -2.8170	 -2.0294	 +4.0149	 +3.0691	 +1.6402
 -8.5357	 -1.5700	 +7.0263	 +1.7808	 -2.9356	 +4.5794
-10.9643	 -1.7604	 -2.6844	 -2.1950	 +0.1403	 +5.3807
 +0.2904	 +1.8966	 -6.8216	 +1.0903	 -3.0662	 -0.2593
 +2.1848	 -5.5121	-11.9276	 -1.9848	 -0.1004	 -1.0933
-14.7024	-10.4483	+22.7249	 +1.6374	 -3.0905	 -1.0868
 +3.6077	 +1.5105	 +1.0657	 -2.9865	 +4.3119	 +1.4740
 +2.8801	 +2.9889	 -3.8663	 -1.1932	 -1.5600	 -2.4644
 +2.2912	 -7.9132	 +2.9290	 -2.6385	 +3.4780	 +2.6937
 -0.0290	 +1.0864	 +0.3882	 -1.6026	 +5.2199	 +4.5458
 -2.7469	 -3.6103	 -1.8240	 +5.8900	 -1.5430	 +0.0192
 -3.6190	 +4.9494	 +7.3149	 -2.7754	 +1.0131	 +1.2753
 -3.0685	+20.6900	 -6.6878	 -0.7792	 +2.7323	 +2.6045
 +9.6507	 +2.3330	 -6.0776	 +0.6750	 -1.8425	 +1.5583
 -3.8058	 -1.5181	-12.5135	 +0.9181	 +1.0132	 -2.0992
 +0.3473	+28.6138	-30.9531	 +0.2010	 -1.0379	 +2.3971
 -0.7712	-19.5663	+40.7375	 +0.4418	 +0.5521	 -1.7686
+17.7980	-21.1209	 -8.0562	 -0.5647	 +3.0765	 -1.2921
 +1.1472	 +3.4025	+16.1248	 -1.6411	 -1.2106	 -1.7294
 +1.3153	 +0.9838	 +4.3639	 -2.6631	 -2.3086	 -4.3487
-12.5426	+14.6207	 +0.2874	 -2.4117	 -0.0941	 +1.1601
 +4.5065	 -6.3686	+29.4829	 -1.5285	 +1.2593	 -1.0344
-46.8336	+20.5744	-75.7231	 +1.0028	 +1.8914	 -0.0127
 +7.7461	 -1.8142	 -1.3626	 -1.1487	 +3.2089	 -0.2131
+13.2922	-17.1489	 -4.7713	 -0.6729	 +1.4639	 +0.7721
 -3.2387	+15.6872	-13.5341	 -0.2758	 +1.1809	 -0.9300
-27.6822	 -2.4529	 -7.3899	 -0.1956	 +1.1134	 -0.0034
 +0.3601	 +4.1428	 +0.8748	 -0.8363	 +2.8348	 +2.7445
 -3.2302	 +6.2687	 +4.2988	 +1.7076	 -0.2903	 -2.8918
 -4.1122	-26.3511	-16.2610	 +0.7554	 +2.9147	 -1.3490
 -2.3505	+11.1128	 +1.4232	 +2.5728	 +2.5124	 +0.5974
 -5.5712	 +3.2873	 -1.4266	 +0.5989	 -3.0804	 +2.2058
 -1.4719	 -2.4765	 +8.9817	 -2.6113	 +0.7174	 +0.9487
+19.8682	+15.8018	-33.5997	 -1.0900	 -0.9738	 +0.4052
+29.4613	+40.6420	+68.8341	 -1.0415	 -0.5654	 +1.0908
 -4.8717	 +2.6760	-23.1464	 -1.7236	 -2.6206	 -0.6088
 +1.0333	 -8.5929	+14.6046	 +2.9717	 +0.4444	 +2.6010
 +1.0056	 +1.7842	 +2.5057	 -1.0544	 -0.4888	 -0.3463
 +2.7056	+17.1501	 +6.9894	 +1.6940	 -1.0118	 -0.0920
+68.3477	+28.4770	+34.6285	 -0.6343	 +0.1884	 +0.6699
 +1.7409	 -3.6175	 -1.8696	 -2.0202	 +2.7737	 -4.5648
 -1.2277	 +7.9272	 +2.8817	 -0.8651	 -2.8529	 +2.7057
-15.2670	 -8.0497	 +2.0714	 -0.4149	 +1.2100	 -3.3252
 +2.4397	 -2.8831	 -0.8830	 -1.9193	 +2.1296	 +4.1461
-41.4252	+10.4257	+10.1935	 +0.9805	 -1.1221	 +1.8457
 -1.8859	 +3.9903	 -8.2825	 -0.7737	 +4.5532	 -2.3343
 +1.2445	 +5.9856	 -4.8327	 +1.2025	 +3.6124	 -3.8168
 -2.3833	 -8.5431	 -1.7444	 +3.8143	 +3.7686	 +0.8158
 -9.3517	 -0.1146	+29.4074	 +1.8415	 -0.1951	 -0.6465
 -7.2991	 -2.3366	 +8.0362	 -0.9717	 -4.7837	 -1.4108
-10.6002	 +7.8087	 -0.6140	 +1.5622	 -4.9171	 -1.0817
 +8.4888	 -3.6013	 +4.7173	 +0.6999	 -0.9030	 +0.9819
 +6.5651	 -5.3831	 +8.5005	 -3.9633	 -3.3831	 -2.3014
 -0.3958	-12.2958	 +7.9829	 -0.2047	 +1.2771	 -0.4749
 +4.1249	 +6.3243	-25.5707	 -1.7188	 +4.0845	 -0.9157
 -3.3332	 +3.5627	 -9.6618	 -1.3831	 -3.2061	 +2.5340
 -0.0175	 +3.5423	 +1.3317	 -4.4503	 +1.1617	 +4.6134
 -0.8399	 +0.0850	 +4.9432	 +0.7898	 +0.6012	 -1.7481
 -4.8385	-20.9404	-10.5851	 +0.6084	 -0.0028	 +3.0332
 -8.4460	-11.1797	-15.9402	 +3.1776	 -0.9452	 +1.1246
 -3.7122	 +4.1622	 +0.1917	 -1.1640	 -0.1753	 +0.3490
 -4.0529	 -9.2358	 +8.5584	 -0.4792	 +1.0195	 -3.1009
+17.1244	+13.5312	-12.5000	 -0.4774	 -1.2125	 -2.3284
 -6.2289	 -6.2663	 -4.6642	 +2.6680	 +0.3250	 +0.3628
 +2.3930	 +3.0021	 +3.5038	 -2.5424	 +4.5998	 -0.7926
 -2.0656	 +2.9353	 +2.8988	 -0.6671	 +3.5584	 -2.2606
 -2.8425	+11.9011	-25.9992	 -3.5374	 -1.8862	 +0.2760
 -5.8055	 -3.6964	 +1.7962	 -0.0468	 +2.2246	 -1.3367
+19.5798	 +8.1918	 +3.7833	 +3.2990	 +1.1626	 +0.7145
 +2.7946	 +8.6352	 -1.7768	 +0.8631	 -1.3220	 +3.7821
 +4.0239	 +0.3065	 +4.1574	 -1.1620	 -4.9161	 +0.0359
-14.6436	+19.2073	+11.4759	 +0.0157	 +0.7643	 +0.0874
 -1.8496	 -1.9741	 -3.7637	 +0.6992	 -0.9076	 -0.0348
-15.9210	 +6.7193	 +6.1309	 -1.2335	 +1.0410	 -3.8141
 -5.2526	 +5.9010	 -2.2583	 +1.0876	 -2.2568	 -1.3516
 -3.9828	 -1.7395	-10.4098	 -2.1312	 +0.8589	 -0.3918
 +4.8371	 +4.7160	 -8.6155	 +0.9051	 +0.5225	 -2.0750
+22.5941	+11.6866	 -0.6191	 -0.0803	 -3.2075	 -0.2375
-84.1389	+42.9377	+24.7337	 +0.1262	 +0.0985	 +0.6081
 -9.4947	 -1.0355	 +5.8960	 +3.2754	 +4.0100	 +2.1154
 -7.4184	 -1.7258	 -1.5489	 +0.1769	 +2.6760	 -1.8490
 -3.3552	 +6.5768	 -4.8107	 -3.8385	 +2.3234	 +1.9895
 -8.8284	 -4.1885	 +0.3424	 +1.6596	 -1.0307	 +1.6830
-19.9865	+11.4280	 +5.1450	 +0.3204	 -1.5600	 -2.0537
 -8.2669	+13.6956	-30.9892	 +0.8371	 +1.6994	 -1.9893
-16.8331	-19.3920	 -3.0911	 +0.1999	 -1.4918	 +3.0025
 -1.9101	 +2.9605	 -2.9817	 +1.5308	 +4.2311	 +2.4852
 +1.6720	+12.7099	 -9.2819	 +0.7252	 +0.7801	 -3.0801
 -1.0296	 +0.7162	 -9.1458	 +1.7555	 +0.5119	 +0.3489
 +5.0518	 -2.1528	 -3.4914	 -3.0053	 +0.1706	 -0.7901
 -7.8142	 -3.1430	-15.1670	 -3.0598	 +1.0992	 -1.5209
 -6.2324	 +1.9589	 -2.3836	 +3.0943	 +4.2104	 -4.2811
 +3.6842	 +1.5694	 +4.9978	 -0.2577	 +0.3013	 +0.1092
+30.4148	+20.5457	 +6.9364	 -1.4504	 -1.8607	 +1.8083
 +9.3127	 +2.8031	-17.5031	 +2.9318	 -3.0960	 -0.2868
 -6.3489	 -3.6479	 +5.3629	 -0.8026	 -3.1159	 -3.1041
 -3.8162	 +1.3884	 +0.0123	 +3.5862	 -4.7802	 -2.7242
+22.6852	 +1.6935	 +1.0242	 +0.8921	 -0.5415	 -0.3837
 -0.9138	 +2.1864	 +9.9895	 +3.8865	 -1.2059	 -1.9267
 +5.7846	-14.2492	 -3.4215	 -1.6491	 -1.6624	 -0.9434
 +6.1475	-13.9884	 +3.7800	 -2.1936	 -2.9903	 -0.6432
 -0.0410	 +4.9828	 +1.6725	 +0.3738	 +2.9232	 -4.3735
+13.1860	 -7.6077	 -0.6353	 +0.7481	 +2.2716	 -1.8219
+19.1437	 +4.6443	 -9.3753	 +0.5647	 -3.7598	 +0.4852
-34.9000	-18.2338	+15.7334	 -0.2600	 +0.1430	 -3.0443
 -0.4426	 -8.5526	+12.5785	 +1.8773	 -0.4354	 +1.2656
 +1.9395	+11.7409	+14.5194	 +1.2033	 -0.9564	 -2.8593
 -9.1133	 -9.3466	 -3.4031	 +1.7718	 +4.4181	 -2.7382
 +6.4303	-11.7325	 +1.6910	 +3.3004	 +1.7092	 +1.8770
-11.2266	 -5.3677	 -8.9942	 -2.3187	 -1.8884	 +0.8829
-40.7936	+25.9909	+37.3413	 -0.0757	 +0.5654	 +0.3113
 +7.5030	 +2.1920	 +4.8486	 +5.4611	 -0.5116	 -0.3981
 +2.1181	 -0.1598	 -4.4909	 -1.9337	 -2.5945	 +2.7234
 +3.2670	 +9.6358	 -6.4231	 -1.5690	 +3.2905	 +3.1635
 -4.1367	 +4.3960	 +3.1460	 -2.5068	 -1.5875	 +4.2984
 -4.4688	 +0.4851	 -3.1293	 -0.6012	 +6.1269	 +4.3357
+43.5769	 +5.7982	-16.6010	 -0.6749	 -0.7317	 +0.2755
 -0.0043	 -2.6644	 +0.7164	 +1.7714	 +4.1591	 -1.0620
 +9.0570	 +3.5415	 +5.4589	 -0.3422	 +2.2603	 +2.9057
 +6.6763	+12.7861	 +3.2351	 -0.6406	 -3.1203	 +2.0905
 -3.1919	-15.6308	-33.8200	 +1.0252	 -0.7750	 +0.9146
 -4.6343	 +0.4658	 -8.4129	 -1.1620	 +2.6741	 -1.7421
 +3.8680	 +1.1724	 +7.0816	 +0.3622	 -1.2067	 -2.7249
-102.4157	-32.5327	+85.0494	 +1.3953	 +0.1679	 -1.2322
 -1.8310	 +8.0901	 -8.5003	 +3.4406	 -2.3655	 -2.9560
+12.1329	-35.6353	 +9.0749	 -0.9851	 +1.7752	 +3.5863
 +3.2034	-24.9109	 -3.4584	 +0.9940	 -0.9705	 -2.2823
 +0.2018	 +0.8057	 +1.7265	 -2.6962	 -0.3735	 -3.9882
 -4.9270	 -5.8277	 -3.0242	 +1.2307	 -4.2059	 -3.1963
 +4.9571	 +6.1224	 -9.2927	 +3.5430	 -2.5466	 -1.2054
 +7.4105	-12.1714	 -0.3211	 +0.8892	 +1.2527	 +0.7109
 -2.3849	 -6.2230	 -8.9878	 -1.9231	 +1.5547	 -2.8787
-10.2263	 -9.4376	 +6.5318	 -2.5210	 +0.1690	 +0.5351
+12.1212	-24.2997	 -6.3709	 -0.2590	 +1.2788	 -1.1724
 -5.1596	 -0.5348	 +3.1305	 +1.8344	 +0.5575	 -0.7892
-20.2410	 -6.4100	 +4.1101	 -1.5261	 -0.4525	 +0.0853
 -1.3712	 +0.1725	 +2.7565	 -0.5013	 -5.0264	 +3.8154
 -0.2906	 +1.4181	 +4.5982	 +0.3047	 -0.8160	 -1.3315
 +4.8503	 -2.9871	 -2.3366	 -2.0043	 -0.7794	 +0.4519
-11.8753	-13.1862	 -6.7894	 -1.3061	 -1.9484	 -3.6586
-64.7020	+23.1886	+50.6877	 +1.2178	 -0.8359	 -0.8291
-58.5669	-32.3906	+18.6276	 +1.2856	 +1.0226	 -0.5459
 -8.9307	 -8.1687	 +9.9920	 +0.8565	 +2.1513	 +2.4336
 -2.6230	 +3.2624	 -3.3509	 +0.0910	 -2.2131	 +1.2480
-77.7166	-125.2857	+119.3649	 +0.6647	 +0.0551	 -0.0835
 -5.7379	 +6.8236	 +0.1718	 -4.1543	 -4.1767	 +0.2958
-10.1311	+11.3847	-10.1223	 -1.7069	 -1.4833	 -2.6412
 +0.8035	 +3.3211	 -4.5488	 +0.5229	 -2.6823	 +0.0977
-46.8752	-25.9322	-13.9952	 +1.8460	 -0.5860	 -1.1676
-10.7038	 +5.0330	-10.8510	 -1.8480	 -0.1520	 -0.0602
 +5.7821	 +5.8407	-18.8393	 -0.7996	 -1.5460	 +0.2280
 +7.9849	-31.7551	+35.8851	 +1.3695	 +2.1566	 +1.6169
-12.3922	 +3.2227	 +1.0376	 -1.8326	 +0.1536	 -2.2269
 -0.8424	 -8.1569	 +7.6572	 -1.9022	 +0.9039	 +1.4961
 +3.5039	+14.9113	-21.5234	 -0.0262	 -2.3867	 +1.7021
 -6.6615	 +2.0713	+17.6569	 +2.4717	 -2.8745	 +1.1584
-17.7247	+12.8096	+22.8017	 -1.7405	 -0.3792	 +1.5333
+12.6456	+10.2281	 +2.1002	 +0.2589	 -3.1523	 +2.3160
+11.8876	 -2.8279	-12.1625	 -0.0482	 -0.6265	 +0.4843
-11.3229	 +3.1897	 -1.2549	 +3.6125	 +2.7082	 +0.6357
 -6.1980	 +4.1683	-16.5835	 +2.2690	 -1.9275	 +0.5287
-11.3351	-15.9361	-23.5794	 -0.1769	 -0.1896	 +0.4029
 -4.9794	-13.1992	 -6.2284	 +1.9809	 +1.6717	 -1.8952
-10.9705	 -9.7213	+21.0317	 -1.5275	 +0.1621	 +0.0591
 -9.0105	 +5.4025	-10.2359	 -1.4347	 -2.9828	 -1.6452
 -8.8979	 +2.6323	 -5.7195	 +4.2528	 +0.8907	 -0.2198
-36.6533	+14.2645	+12.6497	 +0.1366	 +0.6467	 -1.6183
 -1.2761	 -8.4643	 -7.1887	 -1.2284	 -0.0323	 +1.7741
 -6.7317	-10.5859	+13.4124	 +0.8725	 +0.6010	 +2.3202
 +8.5068	+10.2641	 -4.7385	 +1.1721	 +0.6755	 +3.2766
 +3.9284	 +3.3477	 +4.8751	 -4.7491	 -0.5140	 -0.6868
-30.4743	+38.4089	-75.7011	 +0.4320	 -1.3964	 +0.6628
+11.5037	+21.7471	 -7.2531	 -1.5493	 +2.2017	 +1.3307
-12.6053	+76.8259	-52.1275	 -2.1214	 -0.6196	 +0.1603
-18.4523	 -4.9494	 -2.8145	 -0.1174	 -1.5608	 +0.3505
-15.4721	-17.5282	 -7.6888	 +1.1513	 -0.7683	 +2.0190
 +1.5659	+11.7967	 -4.5039	 -0.4707	 +4.6889	 +1.6060
 -9.2159	 -0.9818	+11.7194	 +3.0844	 +1.7264	 -1.3534
-19.9695	 -4.3097	 +5.1492	 +0.6605	 -1.0055	 +2.7803
 +2.0121	 +2.3200	 +6.6228	 +1.9553	 -3.5538	 -3.4566
 -1.3025	 -4.9090	 -9.4969	 +2.6672	 -0.5502	 -1.6684
 +4.5486	 -4.1652	 +2.0539	 +0.9565	 -0.5551	 +1.5751
 +2.3666	 +9.2911	 +4.6158	 -1.6816	 -0.4310	 -4.9351
-15.5665	 +0.6525	 -0.1023	 +0.0719	 +3.3588	 -2.0537
 +3.0485	 +3.0309	 -9.7608	 -4.1484	 +2.2907	 +1.6726
+10.9565	 +7.7129	 -2.4480	 -3.2707	 +0.4034	 +3.5020
+10.0076	-24.7419	 -7.0226	 -2.9072	 -0.4151	 +1.8780
 -5.6635	 +0.6858	 -5.9041	 -2.6847	 -1.1892	 +4.4452
 -9.1097	 -1.9310	 +6.8469	 +0.2549	 +1.7529	 +3.4064
+10.9902	+11.1915	 +1.4219	 -0.8788	 +2.8839	 -0.6714
 -4.5471	 +8.3401	 +6.6648	 +2.3949	 +3.6184	 +0.7075
-143.6743	-179.0527	+114.0418	 +0.3704	 +0.8802	 +0.0911
 +4.3302	 -9.3262	 +0.0098	 -0.2697	 +4.3883	 -3.3837
-17.2110	+47.1982	+46.1721	 -0.3279	 -2.1649	 -0.2253
 +5.4851	 +1.4608	-12.5233	 -1.6764	 -2.5032	 +2.2300
 +7.1547	+74.6963	-83.1818	 +0.0805	 +0.0108	 +0.3252
 +1.1096	 -0.1429	 -9.9662	 -0.8736	 -6.0414	 -1.1755
 -4.3777	 -4.9040	 +8.2284	 -2.4177	 +1.3951	 -0.0272
-14.1629	+25.7415	-25.2848	 +1.5091	 +0.1300	 -0.2156
-16.3435	-16.3292	 +1.0000	 +0.9557	 +3.0319	 +0.6053
 -2.6989	-14.1571	 +1.4644	 -4.5735	 -0.5078	 -1.3271
 -2.3767	 +9.8726	 -2.5312	 -2.9529	 +1.7298	 +1.3347
 -2.0898	 -6.1620	 -2.3240	 -0.0221	 -4.6144	 +3.4847
-10.6067	 -2.4440	 -6.3193	 -1.6611	 -0.0055	 +1.5909
 -3.8596	 +2.2572	 +3.0962	 +2.3932	 -3.3252	 -0.2892
 -9.6400	+12.0338	 +0.1928	 -4.1750	 +0.6026	 -0.8047
 -1.5032	 +1.8640	 +2.2092	 -4.6906	 +5.1428	 +1.9198
-22.1810	+26.3442	 +2.1519	 +0.3543	 -1.2994	 -0.0573
 -0.9552	 -1.8523	-20.4861	 +0.6801	 +0.5745	 -3.7652
+13.5754	 +4.4886	+10.9863	 +1.4842	 +2.1911	 -0.9101
 -5.2811	 +1.8053	-21.5858	 +1.0696	 +2.9871	 -1.0152
 +4.1943	 +6.9725	-13.1126	 -0.1476	 -2.1062	 +0.7101
 -4.5803	 -6.4004	 -4.4856	 -6.3021	 -1.9335	 +3.1955
 -0.6859	 -3.2755	 +2.3566	 +5.1700	 +0.5570	 +0.6178
 +7.6005	 +4.9372	 +7.6406	 +2.5489	 -1.6407	 +2.7614
 +0.3168	 +7.6737	 -0.5664	 -1.5655	 -3.0817	 -1.0615
 +5.3261	 -6.7912	 +7.1885	 +1.1547	 +1.6096	 +3.1346
 -6.5164	-22.2713	+12.2800	 +0.8993	 -0.5426	 +0.2550
+12.5012	 -0.2113	 +0.4013	 -1.6375	 +2.8229	 +0.4348
 -3.2065	 +4.3860	 +0.4124	 +1.7027	 -2.8784	 +2.8814
-19.6860	 +3.7950	 -2.2907	 +1.8939	 -0.5511	 +1.7542
 +1.2064	 -0.5070	 +0.2790	 -5.1153	 +4.7354	 -1.9943
 +3.1708	+13.5939	 +4.9441	 -1.2268	 +2.3769	 +1.3874
-16.3862	 +2.5520	 -6.1067	 -1.2735	 -2.5122	 +1.6424
 +7.4902	 +7.6021	 +7.3093	 -1.5361	 +1.3462	 +1.1549
 +2.5405	+12.9900	 +2.9537	 -0.8980	 +1.5423	 +1.9520
 +7.0606	+25.8206	+35.2379	 +0.6087	 +0.3199	 -1.3202
-12.8651	 -1.1323	 +1.1466	 -0.6215	 -1.4644	 +1.1625
 +3.9778	+21.1587	-11.9538	 -2.6831	 -1.5536	 +0.7063
+19.7869	-13.1429	+10.2183	 +3.4457	 +0.2653	 -1.8006
 -6.5955	 +2.0754	 -7.3769	 -0.6729	 +2.0622	 +3.5921
 -3.8637	 -1.2508	 -1.8043	 -2.8624	 -3.0548	 -4.7459
 +3.0573	 +3.1605	 -2.8641	 +3.6617	 +3.0795	 -4.0917
-11.0089	 +1.4724	 -5.0692	 -3.2453	 +0.1174	 -0.3906
-18.6490	+11.0809	-26.2925	 -0.1741	 -1.0391	 +1.8559
 +4.8015	 -1.5607	-13.5884	 +0.6639	 -2.9485	 -2.2319
+22.5364	 -2.1821	-17.7245	 -0.5971	 -0.8059	 +2.0124
 +2.5718	 -1.1983	 -3.8517	 +0.9860	 -2.5183	 -4.3165
 +0.6666	 -2.6621	 -4.5510	 +0.1781	 -2.2682	 -0.0312
+11.8453	+15.5746	-14.0139	 +0.1807	 -0.7050	 -0.3017
-16.7447	+37.1850	-11.3008	 +1.6563	 +1.6825	 -0.0399
 -4.9326	 +2.0218	 +2.8521	 -0.5817	 +1.7402	 -2.8721
-10.5909	 -5.3540	-16.1300	 +1.0898	 -1.2446	 -3.2606
-11.5575	 +3.4739	+11.9389	 -1.9407	 -4.3045	 -0.4503
+18.4201	-10.1092	 -9.3286	 -0.2330	 -0.4757	 +0.4442
 +6.4533	-18.7811	 -2.8505	 -1.9941	 -2.5318	 +0.4085
 +1.8617	 -2.3492	 +6.1057	 -1.4164	 -1.0453	 -1.8965
 +3.7312	 +7.4810	+15.0154	 -1.2476	 -0.1778	 +2.6308
 -6.1494	 +2.4450	-25.1923	 +0.4665	 +2.0741	 +0.3147
-13.4770	+19.2536	 +0.8267	 -1.4509	 -2.7818	 +1.2858
 +6.1405	 -6.1358	-19.8519	 +0.8699	 +0.6779	 +0.4878
 -9.6951	 -2.1647	 -1.6537	 +0.6694	 -2.0478	 +0.4103
+15.5678	 +6.5416	+40.3528	 -0.5538	 -0.5198	 +0.5765
 -9.8202	 -3.0631	 +1.3053	 +0.1067	 +0.7428	 -2.1468
 +7.1957	 +2.5333	 +7.4581	 -1.4307	 +2.6385	 +0.5664
-12.3822	+19.2788	 -1.8483	 +2.6612	 -0.6820	 +1.6128
-12.1681	 +2.5846	 +2.9641	 -2.2229	 +1.5084	 +0.6035
-12.8902	 +5.8339	-14.0805	 -0.2584	 -2.0597	 -2.0829
 -8.5457	 +9.3030	 +8.1328	 -3.8949	 -0.5448	 -0.4217
 -0.0452	 +3.5327	 -6.0995	 +0.5015	 +1.0056	 +3.4190
-61.1615	-18.0857	-25.6718	 -0.5248	 +0.1653	 -0.0719
 -4.3654	 -0.0919	 +5.0526	 -1.0243	 -3.7478	 +2.8080
 +5.6000	 -2.4095	 +5.5820	 -0.8158	 +0.1361	 +1.2770
+11.3455	 -5.1084	 -4.1562	 -0.4004	 -0.8063	 +1.2920
