# Iterations: 11 of 100
# Total Energy: -6.701e+05
#    Kinetic Energy: 6.709e+05
#    Potential Energy: -1.341e+06
# Current Time: 2018-05-09 11:42:25.065539
# Elapsed Time: 0:05:23.709039
# 
# Med. Times for Sections
#    Force Computation:		22.296339
#        [27.96967425.67286323.43659725.45333621.71173522.41777221.91944422.17490722.04158421.982804]
#    Gather Particles:		0.000216
#        [0.0111490.0002190.0002050.0002260.0002310.0002210.0002130.0001900.0002010.000191]
#    Overall:		24.291547
#        [31.35476528.60029626.71243028.51794523.85832524.50901523.87032124.07407923.98489124.062773]
#    Scatter Particles:		0.002776
#        [0.0009290.0012760.0040560.0013300.0028140.0028060.0027460.0030510.0028370.001794]
#    Time Integration:		0.000182
#        [0.0051880.0001810.0001620.0001830.0001490.0001520.0001830.0001940.0002170.000157]
#    Tree Broadcast:		1.029700
#        [1.7127291.3557491.5998591.4074321.0262611.0000130.9171650.9066310.9114691.033139]
#    Tree Construction:		1.102524
#        [1.6550081.5699481.6714621.6553661.1170641.0879831.0304890.9890291.0284941.044629]
# 
# x	y	z	vx	vy	vz
# 
 -6.7668	 -4.4435	 -2.6283	 +0.2423	 +0.2492	 -0.3525
 +2.3878	-20.3307	-12.3943	 +1.2014	 +1.7379	 +1.5914
 -0.8693	 -3.2408	 +6.5418	 -1.8061	 -3.0191	 +3.0506
-22.6582	+25.9514	 -1.4978	 -2.3578	 -0.6977	 +1.1775
 -5.6796	-17.4231	 -6.4144	 +1.8819	 -2.8400	 +0.9149
 -4.8267	 +0.4042	-16.0465	 +2.6677	 +0.6673	 -1.2261
+14.5883	-14.7017	 -8.0790	 -1.0854	 -1.1436	 -1.0959
+12.0293	 +7.5714	 -6.0035	 -1.0190	 +0.4828	 -0.4385
-27.6776	-36.0812	-11.1814	 +1.8777	 +1.6227	 -0.1242
-11.9015	+22.2453	 +1.6605	 -3.3242	 +0.0241	 +0.6213
-24.9311	+10.4492	+17.5718	 +2.0488	 +1.0326	 -0.2221
 -3.6107	 -4.7964	 +0.6776	 -2.2303	 +1.6963	 -1.1621
 +4.7313	 -2.7000	 -3.2099	 -1.7411	 +2.7357	 -5.1979
+26.3150	+11.6375	-26.5384	 -1.1743	 +1.0070	 -1.2266
 -3.0563	 -3.3028	 -1.1343	 +3.5305	 -2.4423	 -1.3770
+11.8141	 +3.8946	 -0.2309	 +2.5500	 -1.6304	 -1.9046
 -7.9710	 -0.2570	 -8.8631	 -1.6063	 -4.4545	 +2.2150
 -4.3295	 -0.5871	-17.6747	 -1.6209	 +0.6196	 -2.1611
 +9.5760	 -6.7232	 +7.6925	 +0.5209	 -1.4770	 -0.3707
+105.7434	-28.2167	+78.4232	 -1.3569	 -0.8406	 +0.2103
 -7.6969	 -5.6096	 -2.4923	 +2.0054	 +1.5255	 -3.3615
 -4.0976	 +2.0375	 -8.0896	 +0.2236	 -4.4036	 -0.1125
 +5.9492	 -0.1708	-10.5157	 -1.0637	 +2.7012	 +1.6182
 -2.4881	 -5.1746	 -0.1099	 -2.9386	 -0.0937	 +4.9827
 +6.6110	 +7.0271	 -8.4825	 +1.6701	 +1.1189	 -0.4905
-34.0411	+19.1468	 +0.7971	 -2.2333	 +2.4079	 -1.3018
 -2.5522	 +1.5288	 -2.3192	 -1.8781	 -5.2265	 -3.1191
+11.3745	 -7.3198	 +2.6209	 -3.6099	 -0.4853	 +2.3473
 +8.6665	+13.9353	 +7.6796	 +3.1966	 -1.8977	 -2.0622
-19.6398	-19.7727	 -5.0460	 +3.1652	 +1.9420	 +0.5263
 -6.9832	 -2.6491	 -1.9117	 +4.2571	 -3.3911	 -4.6710
-55.8765	 +7.3321	 -1.2062	 -0.9338	 +2.0140	 +1.8290
 +0.4663	 -5.5642	-13.8806	 -4.3021	 -0.6521	 +1.5663
 -0.0814	-15.7489	 +5.6740	 -0.8208	 +1.5683	 -1.1574
-10.1248	 -2.8801	+21.4949	 +0.1934	 -0.6627	 +1.2507
 +4.2906	 +1.6206	 -0.4782	 +0.2162	 +0.7810	 +0.4785
 +3.2197	 -1.8323	 -3.4527	 +0.0458	 -5.2948	 +1.5849
 -4.9686	 +1.0047	 +4.5812	 +4.1153	 -3.2775	 +2.5645
 -2.3590	+32.0157	-11.7806	 -0.7556	 -1.4696	 +0.6036
 +3.5254	 -2.7274	 +1.4814	 +1.1664	 +4.3099	 +2.7915
+12.3258	-10.0682	 +9.8481	 +2.3512	 -3.7602	 +0.7157
 -4.6690	+11.1573	-12.5004	 -0.4262	 -0.8408	 +1.1386
 -4.7793	 -3.3669	-10.0286	 -2.2277	 +3.8037	 -0.6159
 -4.0364	 +3.9856	 -1.0787	 -4.0719	 -0.3174	 -0.9738
 -6.7047	+22.4964	-21.2496	 +2.3432	 +0.0952	 +0.6563
 +2.7289	 +0.0684	 -4.9394	 -0.9964	 -1.4093	 +4.8267
 -3.0887	 +0.2081	-11.0437	 +2.4261	 +4.7035	 -1.4254
+34.8614	 -5.0322	 +2.3400	 +0.1727	 -1.2889	 -1.5751
 -3.6362	 +4.4825	 +0.4932	 +2.3839	 +2.5748	 -0.3854
 -6.6646	 -0.8274	 -4.5085	 +2.1169	 +4.5695	 -0.1483
-34.3037	-57.1367	-38.5918	 +1.1152	 +0.2427	 +1.5777
 -1.2497	 -4.4281	 +0.9145	 -1.9085	 -3.2664	 -3.7381
+16.4969	-10.1923	 +5.8877	 -0.1266	 +2.5661	 +4.0042
 +2.5849	+12.8983	 +4.4420	 +2.3294	 -3.7830	 +2.3199
 +5.0726	 -4.9399	+52.7066	 +0.4804	 +2.2124	 +1.9211
-27.2903	 -6.9455	 -4.3083	 -2.0267	 +0.3015	 -0.1869
+32.2846	 -5.2914	 +4.7646	 -1.2002	 +0.9492	 -1.0245
 -4.9737	 +6.4454	 +5.5733	 -1.5490	 -0.7778	 -2.7745
 -1.9885	 -6.6062	 -3.2378	 +3.6939	 +1.6606	 +4.0573
 +2.5079	-21.9693	 +8.4233	 -3.6474	 +1.0488	 +0.1828
-14.2786	 +0.9893	 +9.3155	 -4.3391	 +1.0172	 -1.3539
 -8.2572	 +3.2499	-20.5307	 -0.4260	 +4.0321	 -1.7675
 -2.6602	 -9.5170	 -2.4013	 +2.6048	 +1.6738	 -1.6446
 -5.8535	 -5.0586	 -8.6754	 +0.2521	 -3.2429	 +3.1931
 -2.2960	 -4.1637	 -6.2182	 -1.5665	 -0.9238	 +3.9956
 -7.0070	 -3.8019	-10.1368	 -2.3958	 -3.0630	 -2.0315
 +5.1145	 -1.9076	+22.3842	 +0.5952	 +0.9983	 -0.0827
-13.9637	-12.1859	+27.3950	 -2.4579	 -2.0342	 +0.5386
 -3.3670	 -7.6595	-20.3685	 +0.5399	 -0.9236	 +0.8451
 -4.0051	+11.0073	 -5.0787	 -0.3921	 -1.8077	 +4.0982
 -1.6350	 -4.7080	 -1.8456	 -1.8393	 -2.0082	 -1.9298
-13.2479	-12.0931	 -6.1550	 +1.7467	 +0.3072	 +1.0874
-11.8852	 +6.4683	 -2.4088	 +0.5909	 +0.4050	 -1.9892
-16.1120	+15.2797	-93.7208	 +1.9172	 +0.0094	 -1.4537
+26.5413	-28.3468	-14.2004	 -0.1224	 +1.5377	 +0.5597
-10.6144	+10.5778	-11.1688	 -2.6630	 -3.6525	 +0.8697
 -5.0579	 +2.5894	 -8.4774	 +1.5628	 +2.5647	 -1.6374
 -1.7875	 -8.6345	+13.1992	 -2.9345	 -2.4039	 -0.9369
 -4.3160	+10.0769	 -4.0081	 +3.0368	 +0.2197	 +3.0862
+20.5353	-15.1443	 -5.6803	 +2.7406	 +1.4644	 -0.0742
 -0.9611	 +0.7955	 -2.2808	 -0.8331	 +1.4143	 +2.9935
 +9.5258	 +9.5887	 -8.2012	 +0.3977	 +2.7139	 -1.2204
 -2.4299	 -0.5298	 -5.1973	 +1.8702	 -0.4326	 +4.4550
-10.8104	+24.5847	+14.3396	 -1.0244	 -0.0213	 +3.6667
+12.7657	 +4.1627	 +0.5782	 +3.3140	 +2.6834	 +3.0131
 +3.7061	+13.1742	 +8.9060	 -2.7428	 -1.5494	 +0.8520
-16.5282	 -4.8648	 +2.1147	 -1.5399	 +0.5735	 -2.8980
 -0.9197	+16.0478	 +9.1968	 -0.8153	 +3.1495	 +0.9920
 -5.3958	-27.4792	 +9.7957	 +2.0125	 -1.2963	 -1.3596
 +5.4514	 -8.9569	 +2.3178	 -0.8486	 -1.3552	 -0.5902
-11.2740	 -0.4234	 -3.3405	 -1.4384	 +2.1454	 +3.2789
 -3.6454	 -0.5565	 +0.7474	 +1.7257	 +1.2879	 +1.0438
-13.6482	-26.0900	-47.9369	 -0.7542	 -0.9007	 -0.5079
 +5.9704	 +2.5552	 -8.4519	 -3.5154	 -0.2372	 +4.0894
 +5.1408	+13.1802	 +0.1138	 +0.7944	 -0.9383	 -1.1716
 +6.6858	 -8.3190	 +3.7264	 +2.2050	 +0.9309	 -3.9133
 -7.5096	+32.9390	-19.8459	 -0.5014	 +0.0535	 +2.1993
 +2.0135	 -2.5008	+17.1818	 -1.8569	 -0.4794	 +1.8493
 -9.8477	+14.8269	 +1.7808	 -0.7378	 -1.1531	 -1.2293
-13.3692	-11.8620	-22.2672	 +3.0189	 +1.5725	 -0.8113
 +6.7110	 -1.0443	 -3.0030	 -1.6578	 -5.9269	 -0.8402
-13.4520	 -1.6662	-10.8438	 +0.2894	 -0.2476	 -0.8000
 -3.1397	 +0.1692	 +4.5293	 -0.8127	 -1.7572	 -1.8982
 -3.4492	 -7.2650	 -9.0819	 +1.1293	 +2.9176	 -3.2075
 -0.0185	 +3.0093	 -4.9321	 -0.8961	 -1.5844	 -1.1827
 -8.4795	 -0.8860	 +3.4685	 +3.1789	 +3.2658	 +3.3785
-16.8567	-17.7625	+21.8927	 +3.0436	 -0.4761	 -0.7189
 -7.2116	-14.1368	 -0.5699	 -0.6226	 +0.9510	 -0.2424
+25.7443	 +9.9341	+18.1226	 +1.2266	 +1.8935	 -0.2016
 +1.3185	 +1.4305	 -7.6933	 +2.8637	 -0.0919	 -4.4019
 -5.4476	 +0.7265	 -2.7255	 +1.9956	 +6.1040	 -2.1011
+474.7810	+387.5565	-227.5096	 -0.2779	 +0.6744	 +0.3143
-138.8879	+98.6970	+199.7332	 -0.1131	 +1.1388	 +0.4446
 +7.8494	 -2.5128	 +9.8416	 +4.6724	 -1.4218	 +1.0496
 +6.8007	 +2.0268	+20.1395	 -1.6529	 -1.1239	 +0.7065
 +0.6037	 +9.3830	 +8.2051	 +0.0446	 +3.0138	 -1.9944
 +3.1629	 +5.3646	 +1.4519	 +4.2156	 -2.1511	 -2.4327
-74.1097	-16.0301	-10.0549	 +1.2986	 +0.1714	 -0.7535
 -3.0220	 -0.0796	 +0.8228	 -3.5198	 +1.6169	 -1.6897
+45.4506	-21.8643	-43.9999	 +0.5764	 -0.7376	 +0.2037
-15.2444	 +8.5168	 -6.4861	 -0.0481	 -0.7332	 -2.3609
 +0.2656	 -1.5585	 -0.6651	 -1.8794	 +4.1063	 -1.4759
 +1.9561	 -2.0563	 +0.9273	 +4.9858	 +1.8662	 -1.3944
 +1.5585	 -8.3480	 -1.4923	 -4.8373	 -2.0628	 +0.6070
 -4.2148	 +1.1757	 -1.7762	 +1.3673	 -3.2093	 +2.0439
 +1.4082	 -5.3334	 +2.3550	 -1.5033	 +2.7208	 +1.5089
-16.9476	 +1.0890	 -2.4678	 +0.7020	 +0.1072	 -3.1335
 -7.7570	 -4.1007	 +2.6717	 -2.2880	 -0.3359	 +0.8754
 -7.0989	 -0.0953	 -8.4397	 -2.8850	 +1.8470	 +0.7014
+12.8017	-12.8089	 +0.6641	 -1.4943	 -0.4751	 -2.5188
+13.8980	+32.8059	-162.3386	 +0.0706	 -1.1572	 -1.3222
 +6.5952	 -2.9830	 +6.6495	 +3.3649	 +2.1257	 -0.1061
 +6.6326	 -5.2303	 -8.7152	 -1.1860	 +3.0275	 -1.5882
 -4.0550	 -7.6033	 +2.4280	 -4.4436	 -0.4657	 +0.4554
 -2.4041	 +2.7022	 -1.4440	 -0.5414	 -2.8908	 -1.6160
-17.3980	+25.1644	-35.9640	 -0.5679	 -1.0655	 +0.6217
 -5.0202	-11.2204	 -7.3122	 +4.8785	 +0.6284	 -1.6031
+19.8277	-14.5127	+15.0786	 -0.7799	 -2.8168	 +1.3036
 +2.2239	 -1.5820	 +5.5291	 +2.2531	 -3.9020	 -0.5414
+13.5522	 -9.3463	-12.8297	 -1.4859	 -0.1234	 +1.3749
 +0.4004	 -4.5321	+10.2959	 +1.3887	 +0.7417	 +1.9738
+11.1436	 -8.0803	 +5.1257	 -2.7961	 -1.4714	 +2.7684
 +0.2103	 -2.5672	 -2.5168	 +1.1718	 +1.4216	 +1.3385
-32.6722	 +3.9867	-37.1811	 +1.9115	 +2.2209	 -0.1645
+57.8563	 +6.5533	+20.8720	 +0.6406	 -1.9083	 -0.1771
 +1.5349	 +5.3673	 -0.3767	 +0.1696	 +1.3161	 -4.1139
-27.8766	-71.3734	+45.4281	 -1.2960	 +0.9432	 +0.9954
 +4.2108	 +8.0115	 -8.1494	 -0.7243	 +3.5076	 +0.2960
+19.6218	 +7.8722	 -2.5507	 +0.7308	 -0.9971	 -3.3294
 -5.8670	 -4.3042	 -1.2847	 +4.4087	 +2.5891	 -2.3770
 +1.3609	 -5.6888	+11.1645	 +1.3713	 +2.8695	 -0.7452
 -2.5060	 -5.9003	 +0.9054	 +6.2259	 +0.3980	 -1.6464
 +4.7914	 -3.5588	 -1.2446	 -4.9143	 +1.8331	 -0.6282
 -7.7628	+12.6740	 -6.4941	 +0.3821	 -0.3221	 -0.8927
 +6.1154	 -1.0957	 -7.6251	 +1.6011	 -3.8212	 -1.7947
 -9.0219	 -3.0196	-17.7033	 -1.3598	 +1.6871	 +0.8567
 +0.7675	 +8.2213	-13.6198	 +3.2736	 -0.0641	 -3.1265
 +8.9319	 +2.4429	+28.4546	 -2.7451	 +1.1773	 +1.0518
 -7.0968	 +3.6656	 -8.2141	 +1.3467	 -1.7556	 +3.5920
 -6.5966	 +3.3245	 -0.4673	 +0.1487	 +0.2118	 -1.0914
 +2.3573	 +0.1188	 -5.2655	 -3.2582	 +3.9303	 +1.8858
-20.0706	 +2.2158	+10.1353	 +3.4726	 -2.3670	 -1.1696
 +6.9245	 +1.4262	 -2.3584	 -2.8237	 +1.4337	 +0.0852
+14.9562	 +7.9712	 +4.8721	 -0.4355	 +1.6698	 +0.0095
 -8.5088	 -4.2738	 -6.5887	 +1.5379	 -1.2374	 +3.8086
 +3.5310	 -2.3928	 +4.1505	 -4.6609	 -1.3677	 +2.9162
 -4.0130	 -2.6726	 +2.7204	 +1.0480	 +0.8665	 -2.7672
-16.2403	 -1.3905	-16.9628	 -0.0529	 -2.8804	 +2.2466
 -0.9783	 -1.5615	 -4.5742	 -3.4470	 +0.5607	 -0.6545
 +2.2751	 -3.5696	-14.2797	 +2.9407	 -1.6819	 -0.1383
-15.8465	 +2.3744	-14.5592	 -0.1928	 -1.0883	 -2.4940
 +2.0327	 +1.1237	 -3.7319	 +1.0453	 -0.1916	 +1.7749
 -3.6818	 +1.6068	 -7.4539	 -0.8514	 -0.2871	 -5.7655
+29.7191	-13.2437	+25.4308	 -0.4986	 -0.4477	 -0.4142
 -5.3997	 -1.4922	 +3.8687	 -0.9978	 +2.2947	 -0.6865
+54.7460	+26.1346	-26.1124	 -1.8649	 +0.9974	 -0.1829
-13.8943	-13.7113	 +3.1148	 -3.2486	 +1.3395	 -2.2171
 -7.5030	-24.6570	-10.5519	 +1.5202	 +0.9921	 +1.3529
 -0.9592	 -6.2431	 -3.3838	 +1.6330	 -2.5576	 +1.5546
 -2.1989	 -3.3831	 +2.1457	 -0.5562	 -5.0316	 +0.4274
 -0.5799	 +3.8408	 -2.5634	 -4.1044	 +1.6797	 -2.2547
 +4.0339	 +2.5844	 -9.1873	 -1.3368	 +3.9593	 +0.6511
 +6.5198	 +4.2847	 +5.6264	 +0.8566	 -0.1227	 -0.4989
+15.1101	+18.8295	-21.2396	 -0.5255	 +1.3893	 -1.5488
 +8.1800	 -1.0456	 +4.1896	 +2.6815	 +2.8069	 -4.1537
 +2.4238	 -1.8536	 +1.9092	 +1.2805	 -2.2469	 -2.2442
 +1.3123	 +4.2677	-11.2065	 +0.1823	 +1.4769	 +1.1635
 +1.2685	 -1.9022	 -5.3020	 +1.0415	 +1.5589	 -1.8259
 -7.8921	 -8.0303	 +0.1755	 -4.2413	 -1.7306	 -2.1334
 -5.3155	 +4.2824	-11.3036	 +1.1361	 +1.4161	 -1.3297
 -3.7833	 -9.7108	 +4.7435	 -1.6819	 -4.7743	 +2.3837
 +0.1009	 -1.4506	 -8.5079	 +2.4722	 -0.3089	 -0.7739
 +0.1856	+25.3454	-29.8230	 -1.5760	 -0.5617	 -2.1222
 +2.3386	 -5.0692	 +5.0003	 +0.1923	 +1.8719	 +4.0885
 -0.8778	+10.1476	 -0.8204	 +2.0715	 -0.4956	 +1.4839
 +6.2704	 +2.3811	 +0.4215	 -0.1838	 +1.8650	 -0.3028
 +9.1843	 +3.8498	 +5.3555	 -2.3150	 +3.6156	 +0.7144
+32.1435	-101.3212	-36.8235	 -1.3223	 +0.1776	 +0.9598
 -7.5129	 +8.5171	 -2.5077	 -0.3679	 +3.4156	 +2.5032
-10.0304	 -6.9941	-11.4754	 +2.0241	 +3.1849	 -0.1341
 -7.7703	-22.6107	-22.0822	 -1.5910	 -0.9863	 +2.4806
+26.8513	 +4.1587	 +6.6456	 -0.7902	 +1.4149	 -1.6197
 -2.2256	 +6.5203	 -3.3854	 -1.5450	 -0.4394	 +3.0926
 -3.6991	 +1.4975	 -0.4863	 -4.6581	 +4.4664	 +0.8636
-19.0625	 -4.8090	 +0.8383	 +0.9418	 -1.1051	 +1.5990
 -1.7891	 -0.3913	 +0.7696	 +3.0335	 -3.7068	 +0.3513
 -6.6907	 -2.5623	 +3.3920	 -0.7662	 +0.0785	 -0.2905
-13.2996	+20.8777	 -8.3295	 -3.1568	 -0.6254	 +2.9305
 +6.0825	+49.0856	-36.3607	 -2.0321	 +0.9434	 +1.0759
 -6.7366	 +0.7209	 -4.5687	 +4.9579	 +1.5652	 +1.4232
+11.0583	 +6.3442	 -5.3009	 +1.9546	 -2.0345	 -0.7147
 -0.0802	-10.5345	 +3.5013	 -2.3610	 -1.4187	 -1.3502
 +4.7937	 +1.8554	 -5.7108	 -1.5552	 +3.5184	 -1.8943
 +8.7436	 +0.9414	 -2.7015	 -4.9200	 -0.2524	 -3.0486
+20.5116	-11.3214	-17.9084	 -0.3144	 -0.2384	 -1.4643
+119.3351	 +4.9718	-43.8944	 +0.3337	 +0.1499	 +0.6804
+17.9175	+14.1880	 -4.9711	 +0.7510	 -1.2099	 -3.9643
 +3.2447	 -7.9036	 +2.6907	 +2.1759	 -0.1144	 -0.5785
 +7.0896	 +1.5799	 +2.3961	 -2.5869	 -1.9745	 +1.8010
 +5.1986	 -8.2935	 -0.1803	 -0.9155	 +0.2096	 -1.4640
+33.6366	-32.8127	 -5.8556	 -0.7415	 -0.0005	 -0.5816
 +0.9044	 +2.0281	 -2.4989	 +3.1274	 +4.9028	 +1.4274
-13.8670	 -9.4377	 -1.6092	 -1.6932	 +0.3164	 -2.4120
 +2.4322	 -3.1629	 +0.7451	 +2.4732	 +2.0314	 -4.0879
 +1.2558	 -4.8904	-10.5681	 +1.4678	 -0.3486	 -2.9357
 -3.5935	 +0.1626	 +2.0784	 +2.7625	 -1.2325	 -0.0655
 -4.0303	 -0.6399	 -7.0219	 +3.3874	 +1.8758	 +1.5860
 +1.7229	 +1.4879	 +3.3108	 -0.4511	 -4.4827	 -3.2542
 +7.1023	 +7.1774	 +2.0527	 +0.4042	 -1.3581	 -1.4029
-11.6473	 +6.6247	 +4.1463	 -0.6855	 -0.5537	 -1.0581
 -6.2341	 +4.2698	 -4.9792	 -0.4384	 -0.4980	 -1.2538
 +2.4276	 +8.8149	 -2.1571	 +1.0807	 +1.6712	 -1.1248
+10.7131	 +5.3076	-11.5759	 +1.1315	 +0.6569	 +1.8362
 -3.8257	 -7.1254	 -4.4043	 +0.3951	 +2.6577	 +2.3813
 -4.2143	 -7.8852	 -9.0373	 -1.0280	 -2.1246	 +3.7841
 -5.9250	 -3.7145	 +8.1147	 +0.5175	 +3.1119	 -1.1534
 +2.4081	 -8.8831	 +0.8871	 +0.7186	 -4.1541	 -1.9161
 -2.0023	 -6.7114	+17.2657	 +1.9237	 -3.4418	 +1.2205
 +5.2030	 +2.6136	 -5.5857	 +2.0146	 +3.1676	 +1.5053
 -2.2455	 -2.3437	 +0.6759	 +2.3667	 -0.0611	 -1.4306
-47.6030	 +8.6731	 -0.5059	 -2.1662	 -1.4979	 +0.4318
 +3.7138	 +4.1598	 +3.5828	 +0.1206	 -1.1053	 +2.4518
 -0.1123	 -2.6177	 +2.8890	 +2.2113	 +6.2341	 -0.5970
 +9.6963	 -6.4832	 -3.9601	 +3.4229	 -2.3274	 +0.2671
 -6.2896	 -5.5340	 -2.9142	 -1.2764	 -3.0468	 +2.0028
-16.4146	 +6.6880	 +1.4414	 -0.1712	 +1.7415	 +1.1590
-32.0664	-10.0003	+42.2066	 +0.1801	 +1.0873	 -0.3982
 +3.5290	 +0.4334	 +0.1568	 -5.2022	 -0.1252	 +4.1321
 +0.0477	-10.1237	 +7.1395	 -2.2540	 +0.6153	 -1.7565
-40.4724	-31.7447	-24.8840	 +1.5234	 +0.2994	 +1.4535
-20.4484	+19.3369	 +4.3365	 +1.5595	 +2.4729	 +0.8434
-13.8131	 +4.5714	-11.4119	 +0.8013	 -4.1868	 +1.0841
 +8.3520	 -4.8646	 +2.3152	 +1.8383	 -1.6908	 -0.2417
 -4.0461	 -1.5147	 -5.3422	 +4.3336	 -4.3352	 +0.1800
+1870.9301	-30.4641	+790.1685	 +0.2213	 -0.2337	 +0.0662
 -6.2039	 +3.6294	 +6.9708	 +0.0013	 +0.5356	 -1.3701
 -5.2388	 -6.4701	 -2.1486	 +5.2822	 +0.2016	 -1.1816
 -0.2733	 +1.8995	 +1.7650	 -1.3102	 +1.1962	 +6.0670
+26.4119	-16.2985	-15.2343	 -0.8816	 -0.1022	 +1.3986
 -6.3067	 -6.6716	 +0.3082	 +1.7092	 +3.0990	 +2.4950
-54.4737	-46.5274	-68.9506	 -0.9257	 -1.3544	 -0.3327
 +4.6635	-13.8297	-24.1557	 -0.0141	 +3.4847	 +0.8347
+21.7527	 +3.1063	+23.4602	 -1.9860	 +2.1309	 -1.3803
+19.0743	-27.8882	 +9.6126	 +1.2092	 +0.3401	 +0.4805
 -9.5090	 -1.8848	 -6.7266	 +0.2991	 +0.0571	 -0.1634
+12.3175	+28.0882	-10.0194	 +1.6401	 -2.2095	 +0.3761
 -9.2681	+20.8152	 +3.4675	 -0.2049	 +0.6205	 -0.0655
 +3.5616	 -5.1430	 +0.4497	 +2.2620	 -2.8144	 -0.6864
 -0.7148	 +9.7602	 +6.6112	 +0.9422	 +1.2921	 +0.0924
 -0.5086	 +4.1919	 -5.1246	 +0.0586	 -3.7385	 -5.4077
 -4.4914	 -2.6983	+13.4595	 +0.6204	 -1.1926	 +0.7523
 +0.1542	 -4.1330	 -6.6039	 +3.1734	 +1.2712	 -1.8388
 +5.0942	 -1.3582	 -8.8525	 +2.3315	 +1.2919	 +2.9986
 -0.2083	 -2.9476	 +6.2968	 +3.3753	 -3.7379	 +0.4651
 -5.6534	 -1.8905	 -2.4933	 +3.4266	 +1.7798	 +1.4324
+22.4600	+14.8623	-25.1616	 -2.5254	 +0.1897	 +0.8204
 -2.4008	 +3.7663	 -3.7964	 +2.7831	 +3.4657	 +3.3029
 -1.2008	 +1.1801	 -3.0922	 -3.1293	 -1.4001	 +1.9882
 -0.9032	+13.0304	+14.5227	 +0.1620	 +2.6771	 -3.4677
 +3.6963	 -5.1070	 -6.6503	 -2.1549	 +2.2708	 +0.6901
-11.7150	 -2.3263	 -1.2155	 +1.1883	 +0.3021	 +1.3139
 -9.7153	 +7.1514	 -5.0374	 +1.2311	 -0.4412	 +1.9879
-12.3278	 +2.9335	 -4.1562	 -2.6557	 -2.4332	 +0.9277
+11.1209	-11.5220	 +0.7919	 +0.4682	 -0.5395	 -0.5532
 -1.9681	 +8.1020	 +6.4356	 +1.5851	 -0.9427	 -2.0324
 -6.7482	 -2.1988	 +1.2787	 +2.0854	 +2.4441	 -0.6245
-13.1415	 +8.0451	-17.3751	 -3.2322	 +0.6006	 +1.3677
-21.8163	 -3.9778	 +8.0187	 -2.7433	 -1.0777	 -2.3680
 -8.6331	 +4.1652	+11.8415	 +0.0553	 +1.2074	 -0.0770
-135.0713	-41.0760	+70.8294	 +0.6340	 -0.9601	 +0.7099
 -1.7328	 +0.0571	 +1.3526	 -1.1830	 -1.3142	 -1.1166
 +3.2368	 -7.2051	 +0.2179	 -3.8788	 -1.0187	 -1.5836
-10.9474	 -1.6190	 +5.0070	 +3.2909	 -2.9626	 +1.1402
 -7.3805	 +2.0685	 +3.3667	 +0.5896	 +2.6837	 -4.8725
-10.5762	 +9.9185	-15.0524	 -2.2441	 +1.3575	 -0.2423
 +7.5758	 -3.3490	 +2.2463	 -0.1689	 +4.6858	 +1.2832
 -5.8338	 -1.8199	-12.3301	 +0.1238	 -2.6809	 -2.2747
-114.1956	-103.9662	+101.6981	 +0.3672	 -0.2847	 -0.0930
-20.8468	+30.3764	+26.3999	 +1.9209	 +1.6533	 -1.2387
-18.0454	-27.1932	 +4.3524	 -1.8144	 -0.0057	 +2.4625
-30.7672	+10.1251	-20.3407	 +1.2159	 -0.2483	 -2.8318
-10.3931	-23.9254	 -6.5160	 -2.3400	 -0.4358	 -0.7835
 +0.2386	 -0.3226	 -1.6840	 +2.3224	 -1.7259	 -2.9850
 -3.7166	 +0.2371	 -0.9490	 -0.8013	 -1.3596	 +3.1554
-10.1493	 +2.7889	 -2.0174	 +2.9964	 +2.0824	 -1.9450
 +6.0013	 -7.9317	 +8.2031	 -0.4438	 +0.1859	 -2.0751
-23.6340	 -6.3960	 +3.4734	 -0.6685	 +0.5259	 -1.2299
-17.6357	 -7.0824	 +9.7535	 +0.6420	 -3.3264	 -0.4625
+23.0653	-98.5959	+22.1648	 -0.9478	 +1.1709	 -1.1671
 -7.9003	 +1.5381	 -4.0157	 -3.4028	 +2.3938	 +3.9489
 -1.0615	 -2.5420	 -7.3513	 +1.4287	 +0.1957	 -0.3326
 -3.8713	 -3.6317	 -1.7113	 +2.6126	 +0.5189	 -1.8938
 -2.7608	 +2.9564	-13.0003	 +0.5384	 -2.7516	 +1.2877
 -2.4451	 +4.0901	-10.0087	 -2.7307	 +3.1023	 -0.4662
 -9.6360	+13.6791	+18.1668	 -0.0022	 -2.3761	 +0.4719
 +8.3095	 -2.0026	+21.7707	 -0.4898	 -0.5992	 -1.0469
 -4.6074	 +8.4276	+10.6782	 +2.7037	 +1.7166	 -4.5075
 -1.4989	 +3.9784	 -2.8082	 -2.8103	 -1.7662	 -0.0287
 +8.9617	 -3.6877	 +0.3218	 +2.9583	 -2.6971	 +2.1361
 -4.6870	 -2.0887	 +4.0507	 -0.7693	 -4.1552	 -2.5062
 +2.5063	 +0.0092	 -5.7516	 -0.2383	 +0.8514	 +0.9050
-13.3471	-22.6488	 -6.6652	 -0.8121	 +3.8079	 +1.2694
 -1.0911	 -4.8693	 +2.7502	 -1.2009	 +0.8123	 -6.5545
 -4.8323	 +2.2863	-14.8486	 +0.2239	 -0.7609	 +1.0661
 +0.5734	 -5.1606	 -2.9663	 +2.0691	 +2.2467	 -2.1423
 -4.1861	 +9.0487	 +2.6194	 +1.0042	 +2.2764	 +0.6402
-156.6484	-52.0989	+202.0878	 +0.5183	 -0.6833	 +0.2402
 +2.7405	 -3.7415	 +1.0481	 -0.2552	 -0.6019	 +0.5185
 +4.8446	 -7.1012	 -7.6417	 +2.5006	 -1.6820	 +0.6579
+12.2445	 +2.8461	 -4.9564	 -0.4252	 +0.7568	 +2.2224
 +1.9059	 +3.2564	-11.0332	 +0.8397	 +4.7846	 -0.6821
 -2.4977	 +1.4044	 +7.7623	 +0.2069	 +0.1493	 -2.1240
+32.5331	+37.7442	 -0.0773	 -0.7375	 +1.8787	 -1.9294
 -6.7129	 +4.2237	 +8.7936	 +1.7680	 +1.0440	 -2.4726
 +1.8679	 -7.6585	 +8.4254	 +3.6991	 +0.1565	 -0.9982
-12.8847	 +3.0823	-20.8451	 +2.7636	 +0.7029	 +0.1322
 +1.3943	 +9.8743	 -9.0927	 +0.5469	 -0.8098	 -1.4227
 -4.4173	 +3.3201	 +3.8358	 -2.6556	 -1.1332	 -0.5720
 +2.2672	 +9.4104	 +4.1391	 -2.8642	 +0.1019	 -0.0019
 -0.3426	 +1.2201	 -5.5355	 +0.6036	 +0.5383	 -1.2034
 -9.1281	 -5.5407	 -9.5620	 +1.1297	 -1.5296	 -0.4242
 -3.5307	 -6.5626	 +9.7960	 -0.1710	 -0.4662	 +0.1243
+11.5505	 -2.1317	 -0.0587	 -1.5072	 -0.4554	 +2.8812
 -3.9665	 +0.9789	 -1.5811	 -2.8869	 +2.2513	 +0.3482
 -3.9756	 -3.3177	 -6.1324	 +1.5256	 -1.6179	 +2.0527
 +6.3633	 -0.3528	-10.6028	 -0.1213	 +1.3761	 -0.5051
 +0.5368	 +1.4871	 -5.3957	 -0.0947	 +0.4413	 -2.0045
-16.5946	-15.3548	+13.8142	 +1.2454	 +1.2324	 +3.8864
 +1.2464	 -0.0483	 +1.8244	 +0.0226	 +0.7504	 -0.6674
+12.9161	 -6.9367	 -4.9851	 -0.5455	 -2.4301	 +0.9712
 -6.5267	-10.1657	 -7.0669	 -2.1745	 +0.2722	 +1.9045
-16.3549	 +0.9155	 +8.7692	 +2.4857	 +1.0453	 -1.7261
 -1.4426	 -7.3387	 -2.1400	 +4.0064	 -1.6466	 +2.1173
 +5.7038	 -3.6920	 -9.1923	 +3.6982	 -3.1797	 +2.0483
 -6.0640	 +4.7631	 -1.4511	 +0.1867	 +3.2744	 -2.0252
-15.0402	+27.3800	-42.6848	 +0.5424	 +0.3785	 -1.3016
 +8.6047	-12.4999	-51.1502	 -0.0685	 +0.9770	 +0.3676
 +0.6013	 -3.0955	 -5.7121	 +4.0275	 -0.5293	 +0.5789
-15.5684	 +1.9821	 -7.6862	 -2.3774	 -2.5859	 -2.0848
 +0.1984	 -0.2780	 +1.8497	 -2.6864	 +2.3287	 +1.5087
-12.8860	-15.5937	 -6.0741	 +0.9143	 +3.0301	 +0.0917
-19.7008	-71.9373	 -2.8256	 +1.2499	 +0.7323	 -0.6945
 +0.4076	 +2.1070	 +7.5318	 -1.5321	 -3.0627	 +2.1720
 +1.3316	 +6.5532	 -6.3442	 +3.1876	 -2.8412	 +1.9951
+19.1671	 -7.0409	 -2.1508	 -1.0996	 +1.3498	 -4.2969
 -8.1775	+10.1438	-14.5777	 +3.3921	 +0.0751	 +2.8113
 -6.1233	 +4.0084	-19.2757	 +1.7718	 -0.9835	 -0.1362
-12.2711	 -1.3307	 -9.0444	 +1.5888	 +1.5996	 -0.8955
 -3.4266	 +1.3212	 -1.5974	 -4.5704	 +4.4251	 +0.8072
 +0.5692	 -2.7702	 -4.0524	 +4.2115	 +4.3704	 +1.1946
 -2.1272	 +1.5053	 -3.2862	 -4.7676	 -0.7308	 +1.9714
 -6.9509	-22.4004	-15.2878	 -0.7113	 -0.3510	 +2.2859
 -5.0059	 +2.4115	 +0.3605	 +2.5818	 +2.1267	 +2.2080
 +4.4319	+16.6412	 +7.8385	 +0.2774	 -2.5182	 -1.0040
-58.6736	 -5.1659	 -9.9213	 +0.1918	 +1.2532	 -1.0789
 -4.4078	 +0.4679	 -0.2424	 +0.8624	 +1.7102	 +2.9101
 -2.4192	 -1.3825	 -7.5226	 +3.5643	 +2.5409	 -2.0323
 +5.4174	 -8.2939	 -3.5335	 +1.7477	 +3.0418	 -0.2800
 +1.3112	 +1.0586	 -5.8928	 +1.7495	 -3.2512	 -1.8900
 -4.6916	 -5.8888	-12.5565	 +3.2220	 +1.9039	 -3.7243
 +0.5216	-12.4804	-25.8136	 +0.5769	 +1.8906	 +1.7644
 -8.5973	 +7.0410	 -0.9906	 -0.7823	 +0.5993	 +5.5794
 -8.4235	 +1.8689	-11.4924	 +3.9885	 -0.0753	 -2.9322
 +8.9132	 +1.5208	 -2.9167	 +3.4638	 -2.3745	 -1.1282
 +3.1814	-30.0774	-19.7735	 -0.6601	 +0.3861	 -1.1374
-10.1721	+19.5716	 -1.5777	 -1.3183	 +0.9915	 +2.3933
 -4.8260	 -1.1043	 -3.1608	 +0.3074	 +2.3553	 +2.3005
 +1.9531	 +3.8196	 +5.3975	 -1.3556	 -4.0575	 +0.8444
 -7.2566	 -7.6169	 +5.9979	 -0.2297	 -3.1038	 +2.5119
 -2.8897	 +8.3826	 -4.1048	 +0.8228	 -3.3262	 -3.4005
 +4.9879	 -2.5380	 +6.4656	 -2.2169	 +2.0821	 -1.4368
 +4.8764	 +1.5914	-11.0913	 -4.8160	 -1.1129	 -0.7346
 -1.1447	 +6.2759	 +3.2510	 +1.6572	 +3.8212	 +2.6191
+33.8266	 +6.6588	 +3.7281	 +1.1401	 -0.0393	 +0.8263
-23.9493	+12.5822	 -0.1986	 +0.5862	 +0.3345	 +1.8474
 -4.4440	 -3.9759	 -8.7715	 +0.2632	 -1.1902	 +0.9860
 +5.5939	-19.6621	-18.4815	 -0.8677	 -2.6751	 -2.1098
 +6.5676	-13.9539	 -3.0132	 -0.5300	 +2.9257	 -2.4119
+10.0759	 +9.7934	 -3.1106	 +1.0969	 -1.1135	 -2.2405
-35.1144	 +7.9057	 -3.6416	 +2.3151	 -0.0761	 +3.3146
 +5.0268	 +2.5549	 -0.0914	 +0.2038	 +4.0405	 -0.3562
 +8.3012	 +8.1609	 +5.4486	 +0.4010	 -2.6569	 +0.4466
 -5.2587	 +6.1809	 -1.6016	 +4.1463	 +1.4420	 +3.1347
-12.3781	 -9.9709	 +7.4660	 -0.7240	 -2.1164	 +1.8514
 -9.9461	 +0.2763	 +1.4391	 -0.2657	 -4.2124	 -0.4209
 -0.0030	-12.0082	 -7.2479	 +2.9279	 -2.4648	 -1.8699
 -0.8180	+14.7337	 -3.1059	 +3.7680	 +1.8818	 +1.6856
+15.8135	+13.3771	-15.6292	 +2.8168	 -1.4635	 -0.1411
-18.6724	 -6.7582	+14.5632	 -0.7894	 +2.7483	 +2.5758
+30.9119	 -7.0838	+67.2206	 -0.0471	 -1.8428	 +0.6714
 +9.0307	 +7.2304	 +5.1612	 +2.2072	 -0.5517	 -0.2629
 -1.7991	-14.1611	 -3.2575	 +2.7268	 +0.5596	 -2.0253
 +2.3269	 +0.1358	 +3.1458	 +0.5614	 -1.2638	 -1.1212
-19.1562	+11.1663	-16.1275	 +1.3297	 -1.2246	 +0.5602
 -6.9126	 -4.7452	 -5.9618	 +2.9447	 +2.0277	 +1.9584
+23.3091	 +3.2854	 -2.9423	 +2.5049	 -0.4601	 -2.1407
-10.3237	-18.2823	 -4.7968	 -1.7452	 +1.6621	 +1.6531
-12.8089	+12.6134	-12.1935	 -2.2866	 +2.6768	 -2.6157
 -5.2440	-21.3203	 +8.3898	 -2.6953	 -1.4439	 +1.8679
 -1.8075	 +3.8231	 -2.2378	 -2.2702	 +1.7149	 +2.7018
 +9.6314	 +6.9599	 -9.8707	 +3.9477	 -1.3160	 -0.3111
 -1.2051	-20.1538	+14.1790	 +1.5514	 +0.2584	 +0.5046
 -0.0938	 -7.1079	 -6.3470	 +1.8825	 -1.5526	 +2.2329
 +2.2064	 -5.9222	 +2.2805	 -4.5231	 -0.3375	 -2.7652
 -9.8893	 -3.1428	 +1.8646	 -1.3701	 +0.4967	 -2.4193
 +1.1331	 +0.9871	 +1.7359	 -3.4244	 -4.6881	 -1.9350
 +4.5165	 -6.7054	-15.4073	 -1.4405	 -1.7717	 +0.2654
+10.4294	 +3.4052	+27.3235	 -0.1619	 -1.8188	 +1.2985
 -2.1018	 -7.4746	 -3.1141	 -3.6999	 -2.4615	 +1.0282
 -1.8926	+11.5898	 -1.0243	 +0.6710	 +1.9470	 +4.4169
 +4.7305	 +2.6778	 -3.9426	 +1.7879	 -0.5160	 -3.2628
-12.1630	 +2.1442	+15.1530	 +1.9943	 +0.0791	 -1.8540
 -3.0552	 -4.0560	 +3.6601	 -3.5115	 -0.3830	 +3.5840
 +3.3766	 -0.5154	 +0.9451	 +1.0866	 -0.7001	 -2.7821
+34.1480	 +8.9339	-19.2498	 -0.4480	 -1.1238	 -0.1475
 -3.9744	+12.1130	-25.9781	 -3.2292	 -0.2151	 -1.6905
 +2.9126	 +1.0721	 +1.6765	 -3.9308	 +1.1454	 -1.1967
 -1.2880	 -4.2179	-10.5238	 +3.8839	 -0.6983	 +0.1448
 -0.6639	 -3.3460	 -2.7801	 -0.2378	 +5.7956	 +1.4180
 -6.2068	 +3.7081	 -0.4878	 -1.1161	 +3.1390	 -3.7312
 +1.6289	+11.0948	 -2.6717	 -0.2492	 -2.9711	 +2.8322
+15.4936	+12.2706	 -1.3709	 -2.6547	 -1.8051	 -1.3863
+25.8753	 -0.6378	 +5.9263	 -1.8035	 +0.8548	 +0.6854
 -0.4202	 +1.6923	-10.4860	 -0.7271	 -1.0746	 -2.1278
-11.7594	 +1.2405	 -1.1082	 -3.1848	 -0.8522	 -2.5264
 -0.5371	 +0.8454	 -4.9618	 +1.9777	 +0.4907	 +0.7441
 -2.8835	+13.2048	 -2.9282	 +1.9266	 -2.2135	 +1.8626
+18.0904	-63.7495	-33.8145	 -0.4134	 +0.8560	 +0.6637
 +2.0208	+11.1752	 +7.0503	 -0.2997	 -2.8605	 +2.9551
 +0.7638	 -3.2202	 -4.5123	 +2.2434	 +0.1348	 -1.9283
 -7.9099	 +3.4315	-11.0656	 +1.2837	 -0.3067	 -1.0623
+11.5257	+18.5929	+29.9688	 -0.9495	 +0.1488	 -0.8418
 -0.5851	 +1.1507	 -0.2839	 +3.3014	 -5.8745	 -0.8407
 +1.0055	 -3.5226	 +5.6516	 -2.4837	 +2.8619	 -1.8447
+16.5342	-19.7130	+23.0956	 -0.6067	 +1.1289	 -1.9195
 +2.3629	 -6.4997	 +0.4266	 -2.3265	 -2.0931	 +1.7251
-72.4947	-58.4494	+27.7044	 +0.5215	 +1.2245	 +0.5342
-14.3957	 -4.0797	-12.6889	 +1.9618	 -0.6126	 +0.1519
+61.0983	+43.5920	+41.9959	 -1.2005	 -1.2396	 -0.3226
 -4.8475	+11.2336	 -8.7905	 -1.6633	 -1.9967	 +2.7821
+10.0700	 -5.2905	 +0.2996	 -0.1199	 -2.4184	 +0.4677
-109.1650	+51.1880	-21.8180	 -0.5501	 +0.7849	 +0.2629
 +4.9137	 -4.2562	-15.8546	 -3.2019	 -0.0988	 +1.1112
 +5.7617	+11.0550	 +4.4971	 +2.0612	 +0.3282	 -0.4375
 +4.5038	 +0.6541	 -1.7399	 +2.3461	 +0.8172	 -4.0346
 -2.6883	 +0.5718	 -4.4486	 +1.1112	 +3.5779	 -2.7962
 +0.8417	 -3.8338	 +1.8938	 -1.9118	 +0.3197	 -1.5990
 -8.8758	 +6.3393	 -2.8762	 +1.1056	 +4.7187	 -2.0766
 -2.8867	 -0.6893	 +0.0901	 +4.5114	 +3.7535	 +0.4638
 -7.8723	 +4.4902	 -1.6641	 +1.8295	 -4.1771	 +1.2103
 -5.8703	 +7.9939	-12.1126	 -0.7922	 +5.3217	 -0.5898
 +6.0901	+11.3397	-11.9559	 +0.0505	 -0.3274	 +1.0465
 +0.8789	 -0.9327	 +0.9242	 -0.6603	 +2.3498	 -1.1222
 +2.8476	 -4.2119	 -1.9836	 +2.0284	 +1.4245	 -3.0927
 +2.3795	 +3.4013	 -4.5581	 +3.5974	 -1.3987	 +3.2566
-32.7075	+10.3263	+12.2359	 -1.4983	 +1.0946	 +0.6169
 -8.4138	 -5.8329	 +3.3349	 +2.2025	 +4.2113	 +3.3307
 -1.3017	 -9.9794	 +7.3123	 -1.4298	 -5.2082	 +2.6536
-15.4525	 -3.6352	 +1.3642	 +0.7322	 -1.0443	 +4.2149
 -0.4318	 +0.4380	 -4.7222	 -2.1588	 +1.3585	 -3.1969
+10.5100	+14.9478	-20.3504	 -1.0398	 +1.2291	 -2.7942
 -1.4838	 +8.6588	 -7.5113	 +3.6908	 -0.7880	 -0.9706
-10.1170	 +1.5624	-13.8435	 +0.6465	 +0.9024	 -1.7486
 +2.6747	+12.8171	 -2.0477	 +0.6701	 -1.8939	 +1.5433
 +3.8113	 +0.2275	 +4.7997	 +1.1138	 -4.3080	 -1.4464
 -7.7650	 +3.8341	 +6.2971	 -1.0408	 +0.1601	 +1.2556
-14.5192	 -3.4091	+16.2074	 -0.7988	 +1.2857	 -0.7251
-42.7290	 +9.5494	 +3.9145	 -2.5012	 +1.5317	 +0.8437
 +0.1969	 +2.9810	 -2.2321	 -0.5247	 +1.2876	 +0.9539
-26.0261	 +7.8980	 +8.8754	 -1.2934	 +4.6921	 +0.3158
 -9.6245	-11.4008	 +7.3466	 +0.5893	 +0.4018	 -0.5446
 -2.4851	 +0.5045	 -1.8056	 -4.7079	 -3.4783	 -2.8264
 -4.7965	 -0.1974	 +2.4489	 +0.0021	 -1.3511	 +1.4514
-16.2951	-51.3019	+31.8324	 +1.8820	 -0.0143	 +0.8936
 -2.0993	 +9.6123	 +1.4183	 -2.0448	 -0.4438	 -1.4034
 -3.0165	 +0.7205	 -7.6166	 +4.5678	 -0.0603	 +0.6384
 +2.5287	+16.1491	+13.7573	 -1.8060	 +0.4850	 +2.2292
 +4.9581	+13.9124	+16.2806	 +0.5014	 +2.0389	 +0.9820
 -0.3460	 +5.3958	 -3.4449	 -0.4766	 +2.4697	 -3.6747
 -5.4166	 +6.1595	 -0.8675	 +0.7346	 +2.1308	 -0.6762
 -1.5825	 -2.0024	 -7.3295	 -1.7345	 -0.9272	 +3.0074
 -2.7712	 +2.6420	 -1.7840	 -0.4300	 +1.6933	 -1.5849
+10.1615	-10.8130	 +2.9195	 +1.3492	 -3.1801	 -0.6292
 -2.3093	 -1.0616	 +0.0971	 +0.5816	 +2.7978	 -3.9570
 -3.3224	+22.1492	 -1.0473	 +1.7900	 +0.0407	 +2.7196
 -6.0392	 -3.4277	 +0.7184	 -1.3945	 -3.8374	 +1.6107
 -5.6586	 +3.0126	 -1.3527	 -0.1308	 -0.4700	 +1.8909
+19.0512	+14.9968	 -3.0685	 +0.7211	 -1.9664	 +0.3117
-12.6456	 -2.1586	-11.1669	 +2.1257	 +0.1584	 -1.1442
 -1.5958	 -1.0784	+13.2589	 -1.2572	 -1.3188	 -2.4387
 +2.2958	 +1.5403	 -1.1943	 +1.1237	 +0.6507	 +2.2756
+10.5177	 +7.9074	 +4.9362	 -1.7797	 +3.5549	 +0.0580
 +0.4793	 +4.4447	 +1.5254	 +5.9454	 -2.8377	 +0.8623
 -5.6739	+11.0606	 -5.0226	 +2.3089	 -1.4664	 -1.0482
 +4.7942	+14.6421	-17.8795	 -0.2405	 +1.5826	 +1.1591
+10.8197	 +1.1139	 -5.6731	 +1.4023	 -3.6617	 +0.2133
-11.3689	 +0.3917	 -1.9046	 +0.7028	 +2.3695	 -0.4292
 +0.3283	 +7.0587	 -8.3978	 -0.6156	 -2.5081	 +0.6074
-11.7585	 +3.7853	 +8.9238	 -2.7295	 -0.0948	 +2.1636
 +8.4482	 -9.6304	+35.3547	 -1.0124	 +0.7830	 +2.1174
 -2.8674	 -7.0577	 -1.0366	 -0.4801	 -2.7996	 -3.0664
-16.2397	 +4.8809	 +0.7951	 -0.1739	 +3.7931	 -0.0161
 +2.9465	 +0.6198	 -1.9583	 +1.9097	 +0.5196	 +0.2764
+17.5343	 -9.6790	 +8.9092	 +0.0157	 +0.5703	 -0.6129
 -2.4557	 -5.4711	 -0.4434	 +3.2659	 -2.5640	 -0.5822
 -0.2231	 -5.1823	-10.4690	 +0.9338	 +5.8126	 -2.2989
 -2.2350	 -2.3138	-12.2792	 -3.1202	 -2.3018	 +0.9972
-23.4768	 +5.8370	-39.9877	 +1.0189	 -1.0950	 -1.2077
+15.3407	+17.1345	+29.3808	 -1.0178	 -0.8427	 +0.8489
 +4.9600	 -2.5613	 -1.6094	 +0.4290	 +0.6466	 +1.0232
 +2.8318	 +7.9023	 +2.6303	 -1.8429	 -1.1820	 -2.0951
 -5.3330	 +7.9340	+24.7694	 -1.2180	 +0.7934	 -2.5582
 -9.5354	 -3.3887	-10.5532	 +2.1512	 -1.9222	 -0.5143
 +1.5477	 +2.6738	 +1.0000	 -4.8281	 -0.5031	 +0.4219
 -8.1248	+14.6844	+13.0405	 -1.7191	 +1.2771	 +0.0885
 +3.6848	 -8.8931	-10.6708	 +0.5578	 +0.9244	 -1.9913
 -5.3297	 -2.3999	 +5.7914	 +1.7873	 -5.0426	 +0.9218
 -0.7900	 -2.7534	 -4.5969	 -2.7666	 -2.6494	 -0.6916
 -5.2370	 +4.5644	-11.8907	 +3.2609	 -1.2234	 -0.0502
-19.7817	 -0.7617	-17.1637	 +2.4384	 +2.3142	 +0.9353
-12.9889	 -6.8705	 -2.8268	 +0.7161	 +0.2511	 +3.1782
 +4.2850	 -1.1405	 -3.0171	 +1.2178	 -0.5860	 -2.5037
 -5.1929	 -4.0483	 -1.0216	 -0.5985	 +2.2459	 -2.9660
 -3.1605	 +6.2392	 +3.1799	 +0.8462	 -3.9387	 -1.0506
 -1.9512	 +2.6002	 +1.5677	 +1.2861	 +1.7736	 -2.9710
+21.7483	-14.8158	 +3.7978	 +1.5365	 -0.2936	 +1.1874
-14.4461	+19.0689	 -7.2065	 -1.2693	 -0.0867	 -1.0554
-10.4965	 +4.5425	 +2.4049	 -1.9078	 -1.0519	 -1.8778
 +1.0232	 +6.0115	 -6.7155	 -1.0337	 -2.5626	 -3.8585
-13.1085	-11.6028	+10.3352	 -1.4718	 +1.2043	 +0.0597
 +6.8858	+10.9913	-21.2490	 +2.7946	 -0.7567	 +1.7782
 -6.2161	 -5.7223	 -0.6291	 +6.0822	 +1.5163	 -0.6237
+20.2304	-12.0350	-25.8637	 +0.2487	 -0.2017	 +1.8508
 +2.8243	 -0.0078	 -4.1627	 -4.2230	 -5.9771	 +0.2570
 -6.2816	 +1.3049	 -4.9472	 -1.7115	 -2.2315	 +2.7941
 -1.4542	 +0.0418	 -0.0688	 +1.0737	 -1.9193	 -2.9983
+23.2129	 +5.3971	 +0.0649	 +0.3536	 +1.8886	 -0.2254
 +7.2242	-12.2843	 -5.0959	 -3.3511	 -0.1245	 -4.2198
 -2.0628	 -6.3688	 +2.5504	 -4.3284	 +0.1023	 -4.9594
+20.7334	 -7.1114	 -6.4922	 +1.3662	 +0.7858	 +0.1139
-19.0796	 -2.6461	 -4.6412	 -1.3027	 -2.0463	 -0.4040
 -7.0201	 +6.3970	 +5.7888	 +2.2360	 +1.6575	 -0.9269
 -9.5018	 -4.0496	-10.0885	 +1.4739	 +2.0546	 -0.8378
-15.5001	 -3.0875	 -1.3788	 +0.3973	 -0.3586	 +0.9065
-17.2388	 -3.8399	 -8.2832	 -1.5475	 +1.5309	 -3.0231
-24.0158	 -8.6741	 -5.6839	 -3.4902	 +2.4861	 +0.7741
 +2.1084	 -1.6194	 +6.1453	 -3.3741	 +2.5357	 -2.9354
 -0.5644	 +0.7216	 -3.1301	 -0.9403	 -4.2963	 +1.9431
 -3.0654	+16.9613	 +0.7234	 -1.0024	 +2.2898	 -2.5604
 +2.6487	+13.0514	 +2.9195	 +1.5921	 -3.1473	 +0.7669
-12.6770	+14.1847	-48.7077	 +0.0936	 +0.0538	 -0.2927
 +9.8746	 +5.8793	 -1.7710	 +2.2743	 +3.0697	 -0.3960
+12.7171	 +7.5736	-12.2511	 +2.4215	 -1.3618	 -2.4640
-14.0711	 -3.0771	 -1.4550	 +1.6662	 -0.1270	 +3.1793
 -7.3179	+15.6137	-20.7590	 +0.8648	 +2.7722	 +2.4825
 -0.1359	-13.6599	 -3.7987	 -1.0149	 +2.4622	 -1.7067
 -4.6812	 -2.0866	 +1.5097	 -0.5906	 -3.6184	 -1.2896
 +1.1538	 -1.8282	 -7.1931	 -5.8529	 -0.2331	 -0.0500
 +2.7328	 +0.5364	 +1.8267	 -2.5406	 +0.2398	 +1.8189
 -9.5358	-12.1885	 -1.0874	 -0.2240	 -2.1347	 -0.1637
 -1.6564	+25.0115	 -0.5277	 +2.8603	 +0.0939	 -2.7207
 +0.0840	 +2.5742	 -4.5760	 -0.4899	 -0.1414	 +0.8519
+10.2685	+10.2461	 +7.3251	 +0.7312	 +2.1581	 -1.2179
 -5.5234	-10.1996	 -4.7371	 +1.5428	 +1.9255	 +3.4466
 +2.9552	-10.3623	+17.8174	 -1.4793	 +0.6919	 +0.4975
 -3.7011	 -1.1167	 -8.8275	 +1.7040	 +0.6935	 -2.3244
 +3.5409	 +1.8940	 -8.8282	 +1.6882	 +1.0109	 +0.3214
 +6.2296	 +3.7940	 -0.2527	 -2.5514	 +0.8795	 -0.4191
 -1.9519	-18.2056	 +6.4527	 -2.4714	 +1.3315	 +0.5322
 -3.0876	 +5.2174	 -4.4228	 -1.8059	 +0.6854	 -0.6740
 +2.0007	 +0.3057	 -3.8791	 -1.5357	 -1.1193	 -1.0931
 -5.2859	 +1.2046	 -1.8299	 -1.5660	 +1.0714	 -3.3668
 -0.8497	 +7.2513	 +0.6096	 -0.2301	 -0.2703	 +0.6194
 -2.9853	 +2.8177	 -1.5223	 -3.0522	 -2.2093	 +2.4180
 +9.6484	 -2.5487	 +5.2262	 +1.6379	 +0.0879	 -1.1974
-13.3572	+21.6245	 -7.8163	 +0.9260	 -1.9240	 +0.8772
 -4.9240	-10.6632	-16.2096	 -0.4394	 +2.5296	 +0.7961
 +6.3906	 +1.4519	 -3.5034	 +0.1221	 -4.3096	 -1.0416
 -2.7035	 -0.8893	 -0.4230	 -2.8818	 -1.4441	 -0.6717
 -2.9503	 +6.2995	 -9.9990	 +0.1557	 -2.2521	 +0.1984
-18.5409	 +2.0605	+16.9835	 -1.3787	 +0.1816	 -3.8003
 -1.0403	 +6.0632	 +2.0162	 -2.9371	 +1.4838	 +6.4207
 -0.4537	 -2.5298	 +1.4358	 +0.5633	 -0.9168	 -0.2897
 +1.4279	 +1.8820	 -1.9878	 +1.0780	 +1.1006	 -0.8267
 -0.1803	 +7.8717	 -2.5815	 +3.7450	 +2.5788	 +0.7058
 +0.3154	 -4.0921	 +3.8827	 -1.9773	 -1.6332	 -4.4444
+21.9105	 -5.7485	 +6.4827	 -2.3621	 -1.6674	 -3.0660
 -0.4125	 -0.3930	 +1.7804	 +0.6530	 +3.9641	 +0.6360
 -1.9420	-34.2062	+57.8840	 -0.3756	 -1.1902	 +0.5374
 +0.4798	 -3.9383	 +0.5508	 -0.0696	 -4.2726	 -0.3924
+38.6766	+35.9172	-30.6647	 -1.7182	 -1.1742	 +0.5563
 +2.1211	 +5.1491	 -4.6433	 -0.1524	 -2.3999	 +3.0563
 -1.1433	 +2.0809	 +2.3521	 -1.0392	 -3.0253	 -2.6121
+52.1061	 +1.6892	-45.4159	 -0.2677	 -0.1700	 +1.4750
-14.7941	-31.5260	+26.3449	 +2.5287	 -2.0528	 +1.6481
+104.1461	+59.1054	+16.1061	 +0.0603	 -0.7869	 -1.6060
 -0.7057	+31.3189	 +4.2716	 +2.8249	 -0.8151	 +0.6589
+22.9537	+66.9955	-34.0198	 +1.1769	 -0.3431	 +0.0016
 -8.9591	-10.0111	 +1.3327	 -0.0609	 +0.2079	 +2.2534
 -9.7727	+18.2396	 -3.7027	 -2.9827	 -1.0022	 +1.0876
 -6.1172	 +1.8642	 -9.3046	 -5.8703	 -0.4249	 +4.3852
+11.1531	+27.4537	-48.8268	 +0.7378	 +2.7061	 +0.1565
 +6.3804	-12.7772	+42.9971	 +1.5040	 +0.9197	 -0.9260
+24.0390	 +6.0732	 +2.1421	 -2.1132	 +1.5624	 +0.9244
 -4.5097	 -1.7615	 -7.1122	 +2.1781	 -4.0384	 -1.8006
 +4.8254	 -8.1639	 -5.7835	 -4.8414	 +1.5503	 +1.0423
 +6.7193	 -4.3432	 +0.5533	 +2.7848	 -1.1507	 -3.3794
 +0.6206	 -2.6175	 -6.5086	 -2.9876	 -2.0985	 +4.3977
-11.5823	-10.2061	 -6.7891	 -0.6599	 +1.3359	 +0.6179
 -5.3934	 -4.2351	 -3.1607	 +3.0274	 +2.2605	 +0.0623
 +1.3259	+24.7872	 +7.0834	 -1.2013	 -1.7655	 +0.8740
 +3.6029	 +3.6970	-15.4979	 +0.3803	 +3.4974	 -0.5560
 +9.1615	+15.1997	-25.8525	 -1.5257	 +0.2552	 -0.2298
 -3.4492	 +6.2328	 -1.4525	 -2.1716	 +5.4673	 -0.5887
+18.6632	-21.7259	-10.8916	 -1.0029	 +0.6904	 -1.0677
 -4.0488	 +1.4594	 +3.0223	 -1.2407	 +1.5494	 +0.5794
 -2.7458	 +3.4744	 +0.0235	 +1.1442	 +2.0779	 -3.0271
+12.9179	-19.1575	 +0.4110	 -0.6972	 +0.6104	 -0.3967
 +1.9252	 +4.4342	-15.8017	 +0.3903	 -2.4039	 +2.1618
 -1.8730	 -5.8944	 -2.6275	 -3.2745	 -1.1032	 +6.2422
 -1.2756	 +6.1705	 +4.2262	 +1.4097	 -0.3831	 -4.5105
 +1.7323	 -2.4286	 +7.2801	 +0.5264	 +0.6747	 -2.1566
-23.3063	+22.9775	 +7.8734	 -0.1964	 +1.9620	 +0.9269
 -3.4284	-10.4562	 +2.7636	 -3.2616	 -2.5690	 -1.1317
-11.5193	 +6.5288	 +0.5325	 -4.0604	 -2.2450	 -0.7739
+10.6763	+10.7444	 +5.5763	 +4.3888	 -0.0991	 +1.4526
-10.4887	 +4.7470	 -5.3136	 -3.5647	 -0.1513	 +1.3928
 +2.7852	 +1.1551	+12.2519	 +1.4986	 -1.3904	 -1.2554
-15.1374	+65.9851	+20.7110	 +0.7231	 +0.3175	 +1.2663
+19.2095	 -6.8870	 +6.0707	 +1.8345	 +0.9589	 -0.6966
 +3.3789	 -7.7491	 +6.1439	 +1.8519	 -3.6465	 +1.1805
-12.5160	-33.8842	+25.4782	 -0.8931	 +0.4014	 +1.1599
-41.2412	+34.9270	+25.8459	 +1.1947	 -0.1687	 -0.6019
 -0.5033	 +3.6885	 +2.6239	 +1.7132	 -2.6506	 -1.2905
 -5.8801	-17.5354	 -6.5968	 +3.0829	 -0.0098	 +0.8255
+10.6403	 +8.1130	 +1.4049	 -3.4114	 +2.3690	 +2.2597
 -6.6878	 +2.4678	 -4.8553	 +1.3268	 -5.7693	 +3.2011
 +1.6138	 -1.7580	 +3.2293	 +5.9686	 -0.9450	 +1.1691
 +6.7521	+12.7112	 +6.1647	 +3.3861	 -0.0616	 +1.7044
 +4.3623	-32.2715	+110.3412	 -0.2981	 -1.4631	 +0.5719
-23.8778	+12.2685	 -3.4442	 +0.0716	 -2.8502	 +0.2695
 +4.2470	-13.8516	-17.7508	 +2.5601	 +0.6537	 -1.5354
 -3.0813	 +1.2739	 +2.9353	 -2.4143	 -3.5396	 +1.0716
+13.2303	 +2.3116	-12.4337	 -3.1927	 -2.3091	 +1.3081
 -5.4781	 -6.5937	-20.4058	 -0.6180	 +0.0067	 +1.9970
 -1.2870	 -6.6947	 +5.2966	 +3.4185	 -1.5928	 -3.2600
+25.9092	-25.7380	+39.3450	 -1.2990	 +1.0949	 -0.3062
-11.4084	-16.1438	 -6.7138	 +2.4486	 +0.0919	 -3.6365
 -1.8357	 -5.9824	 +1.8179	 +0.9034	 -4.9316	 -1.0764
 +4.9011	 +1.0915	 -1.7504	 +1.9418	 +5.0153	 -2.6640
-15.0292	 +5.6773	+15.4481	 -1.9379	 +1.9183	 -1.0821
 +8.7500	 -8.1910	 -2.7677	 +1.7974	 +4.0250	 +2.0036
+13.5495	 +6.1133	 +6.9894	 +1.2802	 -3.3651	 -2.2494
+14.8892	 +1.4514	 +4.4303	 -3.2169	 -0.4322	 -1.3736
 -0.0236	 -2.4209	+22.3611	 -0.3244	 +2.9639	 +0.8137
 +3.7154	 -6.7576	-13.6148	 -0.1530	 -5.4526	 +1.2950
 -2.7162	 +2.5092	 +4.5234	 +3.0762	 -2.5003	 +1.5153
 -3.1774	 +0.2640	 +3.7666	 -2.7094	 -1.1877	 +2.1257
-14.7411	 -4.3459	-10.2706	 -0.7665	 +0.7372	 -0.5515
-13.6134	 +2.9347	 -0.0507	 +1.1344	 +1.3613	 +0.7969
 +1.7999	 +7.7089	 -9.2062	 +0.2110	 +1.0623	 +2.0452
-20.5068	 +1.8036	 +8.4849	 +4.2095	 +0.5184	 +1.8692
 -3.3205	-10.7246	 +0.6590	 +1.1562	 -0.1005	 +2.9560
 -6.7755	 -1.8599	 -4.1318	 +0.1538	 -0.6072	 +0.4147
-12.0637	-12.4071	 +0.1493	 +0.5143	 +2.3480	 +0.7535
 -2.4478	 +8.7097	 +4.7623	 +1.7902	 -1.3788	 -0.0464
+27.7552	+22.4593	 -5.1561	 -0.7225	 +0.9848	 -0.2623
 -6.6347	 -9.1644	 -0.4540	 +1.5086	 -0.8393	 +0.7503
+25.6879	 +1.6961	 +6.6113	 -0.6966	 +2.2845	 -0.7157
 -2.0709	 -4.2991	 -5.1393	 -4.2617	 -0.1464	 -3.3581
 -5.1056	 +2.6831	 -8.2859	 -1.1549	 +1.9464	 -0.9177
 -5.3748	 +5.3537	-12.0932	 +4.3345	 -3.5716	 -0.7095
 +1.7273	 -2.2317	 +2.5618	 +0.4049	 -4.3806	 -1.6701
 -6.6579	-21.8825	 +6.2179	 -0.0532	 -3.6003	 -1.5703
-12.5723	 +9.4743	 +6.9051	 +1.3261	 +0.6133	 -2.8991
 -3.4842	 -5.7467	 -4.4088	 +1.2048	 +5.1103	 +2.2757
-14.6662	 -9.5305	+16.1342	 -3.3257	 -0.6802	 +1.1160
 -5.1918	 -0.2666	 +2.3790	 -6.6323	 +1.2539	 -0.0807
-16.0969	 -5.4588	 -7.0813	 -2.2157	 -2.8306	 +1.0881
 -0.7792	+25.2616	-13.2163	 +1.6944	 -2.0683	 +2.1004
-13.6956	+10.7142	 -4.3090	 -0.1635	 +3.0449	 +1.3625
 +6.1723	 -7.7415	 +5.6229	 -3.7399	 +1.1454	 +0.0184
+14.0069	-24.4858	 +1.2947	 -0.9808	 +1.1887	 +1.6344
+11.8715	 +1.5040	 +1.5539	 -0.9238	 +2.9395	 -1.0983
 +6.9127	+36.7986	-15.6074	 -0.0781	 +1.7400	 +2.1960
 +3.3349	 -3.5382	 +4.0459	 +0.7414	 +0.2314	 +3.1357
 +0.0682	 +8.4764	 -1.2348	 -3.4307	 +0.5901	 +0.2602
 -3.2612	 +0.7086	 -4.0947	 -1.4584	 -3.7031	 -1.4533
+86.8880	-28.8297	+52.6059	 +0.1528	 -0.9318	 -1.3613
 +1.2495	+12.4611	-13.2101	 -2.4226	 -1.7227	 -1.7603
 -2.2431	 +0.1973	 -8.0839	 +2.3748	 -3.6045	 -2.2849
 -2.6309	 -0.4205	 +7.5389	 +1.9039	 +0.9602	 +0.5360
 +2.9895	 +4.3208	-13.9936	 -0.8173	 +2.4389	 -1.1460
 -7.9893	 -1.7942	 +4.3442	 +2.5329	 +3.3029	 -3.3281
 +0.4832	 -0.9728	 +1.9992	 +1.8784	 +1.6817	 +3.4381
 +5.2357	 -4.8521	-10.1520	 -1.3042	 -3.2103	 -1.1142
 -8.0792	 +1.3188	+18.5486	 +2.1835	 -1.0742	 +2.5920
 +4.4764	 -7.4852	 +7.3216	 -3.2992	 +2.6833	 +2.5160
 +3.9700	+14.3398	+22.8438	 +0.6253	 +0.9605	 +3.8994
+10.0787	 +5.0311	+13.6155	 +0.9289	 +0.8854	 +2.4420
 +7.7672	 +0.2945	 -2.4220	 -1.4228	 +1.3453	 +0.1606
 -4.4788	 -9.0939	+22.0065	 +1.3590	 +1.0707	 -0.7103
 -8.2213	 +0.3131	+17.0361	 -1.7488	 -2.2047	 -1.8849
-20.9398	 +0.8913	 -8.2242	 +1.1507	 +1.0317	 +3.6831
 +5.6256	 +4.1565	 +3.6521	 -2.8261	 -2.3290	 -1.3342
-40.9961	+21.1007	 +0.0101	 -3.0335	 +1.4401	 -1.0391
 -3.1419	 +0.1445	 -3.1759	 -0.0369	 -7.4165	 +0.0383
-14.1448	 +0.5526	 -1.6571	 +1.8741	 +2.8210	 +2.2621
+19.1105	 +7.0277	 +8.6817	 -1.1456	 -0.9254	 -1.6461
 -5.2769	 +5.9532	+11.1812	 +1.9460	 -0.1400	 +1.9434
 +4.9047	-19.8249	 +3.9779	 -0.4952	 -0.7102	 +0.9054
 -4.8964	-13.3169	 -1.0742	 -2.2902	 +1.9082	 -1.6004
 -0.8221	+12.4082	 +4.6568	 +0.7761	 +0.3024	 +1.2917
-92.6797	-169.9786	+26.1313	 +1.0921	 -0.0012	 -0.0971
 +6.6124	 +4.0003	 +2.4675	 -0.5892	 +0.0592	 -0.1208
 -0.5323	 -7.0515	 -3.5990	 -3.7262	 -0.7246	 +2.5512
 -0.2484	 -3.6592	 -2.5123	 +4.2593	 +2.5112	 +1.5981
 -9.0421	 -0.7063	 +5.5927	 +1.5438	 -2.8306	 +4.9791
-10.2425	 -1.7841	 -4.2785	 -2.6292	 +0.0128	 +5.2410
 -0.0635	 +2.7902	 -6.6497	 +1.2827	 -2.9280	 -0.8390
 +2.7516	 -5.4467	-11.5462	 -1.7952	 -0.3301	 -1.4483
-15.1843	 -9.5150	+23.0353	 +1.5729	 -3.1322	 -0.9792
 +4.4147	 +0.1949	 +0.5971	 -2.3367	 +4.4316	 +1.6527
 +3.2649	 +3.3808	 -3.1523	 -1.1107	 -1.0772	 -2.3230
 +3.0701	 -8.8901	 +2.0895	 -2.5479	 +2.9998	 +2.8899
 +0.3962	 -0.5212	 -0.9822	 -1.1907	 +5.4028	 +4.6070
 -4.4725	 -3.1470	 -1.9577	 +5.4530	 -1.4548	 +0.6221
 -2.7759	 +4.6145	 +6.8684	 -2.8438	 +1.2292	 +1.7213
 -2.8331	+19.8412	 -7.4611	 -0.7901	 +2.9346	 +2.5472
 +9.3969	 +2.8739	 -6.5188	 +1.0262	 -1.7576	 +1.3753
 -4.0684	 -1.8165	-11.8137	 +0.8248	 +0.9650	 -2.5846
 +0.2862	+28.9165	-31.6644	 +0.2060	 -0.9793	 +2.3427
 -0.9037	-19.7283	+41.2607	 +0.4412	 +0.5274	 -1.7178
+17.9554	-22.0302	 -7.6656	 -0.4824	 +2.9823	 -1.3123
 +1.6348	 +3.7580	+16.6077	 -1.6079	 -1.1575	 -1.4835
 +2.0855	 +1.6577	 +5.5833	 -2.4817	 -2.1760	 -3.7685
-11.7948	+14.6210	 -0.0640	 -2.5778	 +0.1007	 +1.1824
 +4.9622	 -6.7429	+29.7780	 -1.5087	 +1.2351	 -0.9300
-47.1332	+20.0065	-75.7173	 +0.9942	 +1.8949	 -0.0263
 +8.0171	 -2.7605	 -1.2975	 -0.6465	 +3.0891	 -0.2293
+13.4774	-17.5676	 -4.9982	 -0.5585	 +1.3234	 +0.7396
 -3.1532	+15.3047	-13.2353	 -0.2948	 +1.3775	 -1.0685
-27.6019	 -2.7854	 -7.3834	 -0.3452	 +1.1029	 -0.0411
 +0.5981	 +3.1656	 +0.0706	 -0.8796	 +3.6617	 +2.6616
 -3.7209	 +6.3059	 +5.1122	 +1.5751	 +0.0454	 -2.5281
 -4.3379	-27.2095	-15.8475	 +0.7490	 +2.8045	 -1.4084
 -3.1080	+10.2872	 +1.2251	 +2.4528	 +3.0195	 +0.7189
 -5.6796	 +4.1580	 -2.0459	 +0.1507	 -2.7169	 +1.9158
 -0.6853	 -2.6796	 +8.6266	 -2.6316	 +0.6328	 +1.4413
+20.1901	+16.0903	-33.7130	 -1.0546	 -0.9484	 +0.3486
+29.7729	+40.8105	+68.5048	 -1.0354	 -0.5572	 +1.1048
 -4.3546	 +3.4560	-22.9313	 -1.7246	 -2.5773	 -0.8301
 +0.1333	 -8.7071	+13.7874	 +3.0329	 +0.3083	 +2.8624
 +1.2783	 +1.8627	 +2.5403	 -0.7672	 +0.0025	 +0.0993
 +2.1938	+17.4179	 +7.0031	 +1.7174	 -0.7667	 +0.0028
+68.5357	+28.4196	+34.4264	 -0.6187	 +0.1945	 +0.6778
 +2.3112	 -4.3726	 -0.4946	 -1.7727	 +2.2614	 -4.6007
 -0.9722	 +8.7122	 +2.0447	 -0.8271	 -2.3751	 +2.8909
-15.1082	 -8.3894	 +3.0574	 -0.6499	 +1.0501	 -3.2429
 +2.9719	 -3.4808	 -2.1233	 -1.5997	 +1.8838	 +4.0946
-41.7101	+10.7603	 +9.6368	 +0.9168	 -1.1081	 +1.8664
 -1.6488	 +2.5819	 -7.5215	 -0.8144	 +4.8426	 -2.7729
 +0.8546	 +4.8268	 -3.6623	 +1.4237	 +4.1436	 -3.9709
 -3.5110	 -9.5772	 -2.0035	 +3.6631	 +3.1478	 +0.8977
 -9.9000	 -0.0563	+29.5853	 +1.8126	 -0.1931	 -0.5358
 -6.9760	 -0.8954	 +8.3972	 -1.1881	 -4.8149	 -0.9858
-11.0261	 +9.2413	 -0.2956	 +1.2754	 -4.6263	 -1.0378
 +8.2288	 -3.3095	 +4.3927	 +1.0504	 -1.0466	 +1.1907
 +7.7211	 -4.3512	 +9.1462	 -3.7381	 -3.5012	 -1.9980
 -0.3412	-12.6346	 +8.0958	 -0.1663	 +0.9750	 -0.2713
 +4.6347	 +5.0946	-25.2729	 -1.6773	 +4.1130	 -1.0759
 -2.8894	 +4.5174	-10.3616	 -1.6834	 -3.1196	 +2.0565
 +1.2720	 +3.1591	 -0.0870	 -3.9946	 +1.4044	 +4.7846
 -1.0751	 -0.0869	 +5.3766	 +0.7827	 +0.5507	 -1.1298
 -5.0190	-20.9164	-11.4838	 +0.5943	 -0.1611	 +2.9550
 -9.3862	-10.8748	-16.2525	 +3.0872	 -1.0906	 +0.9520
 -3.2982	 +4.1987	 +0.0607	 -1.4909	 -0.0332	 +0.5062
 -3.8961	 -9.5067	 +9.4514	 -0.5682	 +0.7798	 -2.8451
+17.2497	+13.8821	-11.7925	 -0.3537	 -1.1241	 -2.3900
 -6.9795	 -6.3020	 -4.7371	 +2.3290	 -0.0949	 +0.1230
 +3.1100	 +1.5761	 +3.6871	 -2.2177	 +4.9030	 -0.4205
 -1.8484	 +1.8117	 +3.5028	 -0.7599	 +3.9103	 -1.7307
 -1.7848	+12.4579	-26.0634	 -3.5123	 -1.8226	 +0.1470
 -5.7416	 -4.3154	 +2.1479	 -0.3810	 +1.8672	 -1.0003
+18.5642	 +7.8323	 +3.5623	 +3.4809	 +1.2369	 +0.7604
 +2.4649	 +9.0709	 -2.8937	 +1.3595	 -1.5291	 +3.4289
 +4.3031	 +1.7707	 +4.1005	 -0.6682	 -4.8255	 +0.3314
-14.6378	+18.9627	+11.4388	 -0.0567	 +0.8700	 +0.1628
 -2.0534	 -1.6553	 -3.7269	 +0.6262	 -1.2147	 -0.2097
-15.5194	 +6.3911	 +7.2567	 -1.4500	 +1.1493	 -3.6857
 -5.5382	 +6.4984	 -1.8121	 +0.7162	 -1.6692	 -1.6728
 -3.3285	 -1.9788	-10.2230	 -2.2191	 +0.7274	 -0.8746
 +4.5189	 +4.5240	 -7.9558	 +1.2204	 +0.7687	 -2.3323
+22.5976	+12.6377	 -0.5486	 +0.0606	 -3.1305	 -0.2322
-84.1750	+42.9072	+24.5507	 +0.1141	 +0.1048	 +0.6119
-10.4269	 -2.2471	 +5.2176	 +2.9716	 +3.9978	 +2.4478
 -7.3945	 -2.5120	 -0.9986	 -0.3611	 +2.5646	 -1.7988
 -2.1851	 +5.8125	 -5.3607	 -3.9456	 +2.7969	 +1.6497
 -9.2658	 -3.8391	 -0.1681	 +1.2312	 -1.2992	 +1.7223
-20.0609	+11.8820	 +5.7525	 +0.1722	 -1.4641	 -1.9946
 -8.5144	+13.1796	-30.3780	 +0.8116	 +1.7420	 -2.0896
-16.8782	-18.9245	 -3.9922	 +0.0961	 -1.6286	 +3.0024
 -2.3826	 +1.6618	 -3.6703	 +1.5247	 +4.5562	 +1.9996
 +1.4452	+12.4306	 -8.3352	 +0.7902	 +1.0974	 -3.2356
 -1.5679	 +0.5491	 -9.1695	 +1.8413	 +0.5968	 -0.2196
 +5.8713	 -2.1741	 -3.2191	 -2.4265	 -0.0259	 -1.0501
 -6.8779	 -3.4597	-14.6656	 -3.1848	 +1.0047	 -1.8374
 -7.0581	 +0.6828	 -1.1014	 +2.4176	 +4.2765	 -4.2499
 +3.7148	 +1.4572	 +4.8906	 +0.0549	 +0.4512	 +0.6477
+30.8405	+21.0975	 +6.3913	 -1.3858	 -1.8162	 +1.8262
 +8.4124	 +3.7283	-17.3871	 +3.0754	 -3.0689	 -0.4953
 -6.0617	 -2.6823	 +6.2354	 -1.1394	 -3.3256	 -2.6768
 -4.8690	 +2.7980	 +0.7740	 +3.5682	 -4.6244	 -2.1718
+22.3933	 +1.8568	 +1.1374	 +1.0596	 -0.5474	 -0.3702
 -2.0788	 +2.5333	+10.5035	 +3.8748	 -1.1059	 -1.4913
 +6.2909	-13.6895	 -3.1336	 -1.9307	 -2.0172	 -1.0257
 +6.7868	-13.0514	 +3.9570	 -2.0596	 -3.2656	 -0.5310
 -0.1728	 +4.0240	 +2.9376	 +0.5341	 +3.5137	 -3.9959
+12.9205	 -8.2690	 -0.0892	 +1.0293	 +2.1312	 -1.8203
+18.9485	 +5.7673	 -9.5098	 +0.7417	 -3.7239	 +0.4091
-34.8140	-18.2723	+16.6426	 -0.3148	 +0.1127	 -3.0160
 -1.0105	 -8.3999	+12.1638	 +1.9111	 -0.5873	 +1.4979
 +1.5737	+12.0112	+15.3497	 +1.2355	 -0.8434	 -2.6710
 -9.6096	-10.6295	 -2.5728	 +1.5354	 +4.1310	 -2.7954
 +5.4163	-12.1985	 +1.1177	 +3.4611	 +1.3787	 +1.9435
-10.4851	 -4.7744	 -9.2348	 -2.6470	 -2.0762	 +0.7163
-40.7677	+25.8192	+37.2447	 -0.0975	 +0.5796	 +0.3338
 +5.8097	 +2.3379	 +4.9292	 +5.8512	 -0.4593	 -0.1129
 +2.6005	 +0.6109	 -5.2468	 -1.1510	 -2.3560	 +2.3145
 +3.7127	 +8.5959	 -7.3557	 -1.3971	 +3.6608	 +3.0556
 -3.3451	 +4.8144	 +1.8057	 -2.7566	 -1.1733	 +4.6461
 -4.2279	 -1.3482	 -4.3746	 -0.9981	 +6.0442	 +3.9735
+43.7718	 +6.0169	-16.6811	 -0.6231	 -0.7261	 +0.2584
 -0.5604	 -3.8543	 +1.0479	 +1.8979	 +3.7554	 -1.0767
 +9.1033	 +2.8602	 +4.5612	 +0.0444	 +2.2784	 +3.0729
 +6.8434	+13.6809	 +2.6012	 -0.4682	 -2.8381	 +2.1363
 -3.4989	-15.3926	-34.0824	 +1.0210	 -0.8140	 +0.8323
 -4.2345	 -0.3209	 -7.8226	 -1.4992	 +2.5920	 -2.2248
 +3.7240	 +1.5237	 +7.8271	 +0.5979	 -1.1308	 -2.2327
-102.8336	-32.5828	+85.4184	 +1.3902	 +0.1663	 -1.2277
 -2.8489	 +8.7468	 -7.5734	 +3.3320	 -2.0011	 -3.2257
+12.4248	-36.1577	 +7.9962	 -0.9603	 +1.7052	 +3.6052
 +2.9017	-24.5964	 -2.7720	 +1.0186	 -1.1316	 -2.2936
 +0.9585	 +0.8653	 +2.8613	 -2.4403	 -0.0920	 -3.4741
 -5.2473	 -4.4987	 -2.0467	 +0.9258	 -4.6807	 -3.3283
 +3.8600	 +6.8488	 -8.8899	 +3.7726	 -2.3000	 -1.4929
 +7.1158	-12.5063	 -0.5329	 +1.0821	 +0.9712	 +0.7029
 -1.8107	 -6.6355	 -8.0801	 -1.9018	 +1.1804	 -3.1904
 -9.4419	 -9.4618	 +6.3495	 -2.7115	 -0.0189	 +0.6862
+12.1866	-24.6662	 -6.0174	 -0.1756	 +1.1598	 -1.1813
 -5.6355	 -0.7068	 +3.3095	 +1.3281	 +0.5809	 -0.3871
-19.7531	 -6.2592	 +4.0749	 -1.7336	 -0.5570	 +0.1534
 -1.1779	 +1.6936	 +1.5213	 -0.7709	 -5.0674	 +4.3047
 -0.3917	 +1.6352	 +4.9052	 +0.3688	 -0.6269	 -0.7050
 +5.3718	 -2.7009	 -2.4560	 -1.4452	 -1.1365	 +0.3349
-11.4660	-12.5705	 -5.6765	 -1.4291	 -2.1683	 -3.7526
-65.0654	+23.4386	+50.9348	 +1.2045	 -0.8311	 -0.8180
-58.9493	-32.6955	+18.7902	 +1.2635	 +1.0099	 -0.5380
 -9.1662	 -8.7926	 +9.2282	 +0.7088	 +2.0013	 +2.6648
 -2.5862	 +3.8725	 -3.6450	 -0.5833	 -1.8434	 +0.8597
-77.9158	-125.3018	+119.3897	 +0.6633	 +0.0527	 -0.0812
 -4.4481	 +8.0007	 +0.0517	 -4.4243	 -3.6497	 +0.4866
 -9.5986	+11.7971	 -9.3123	 -1.8483	 -1.2568	 -2.7614
 +0.6068	 +4.0572	 -4.5423	 +0.7998	 -2.2126	 -0.1556
-47.4238	-25.7534	-13.6436	 +1.8102	 -0.6065	 -1.1770
-10.1109	 +5.0586	-10.8002	 -2.1137	 -0.0115	 -0.2876
 +6.0084	 +6.2947	-18.8759	 -0.7068	 -1.4777	 +0.0103
 +7.5726	-32.3974	+35.3948	 +1.3789	 +2.1236	 +1.6531
-11.7901	 +3.1587	 +1.6853	 -2.2012	 +0.2866	 -2.0945
 -0.2724	 -8.3929	 +7.1641	 -1.8947	 +0.6622	 +1.7975
 +3.5082	+15.6134	-22.0153	 -0.0015	 -2.2905	 +1.5745
 -7.3974	 +2.9249	+17.2802	 +2.4314	 -2.8099	 +1.3609
-17.1945	+12.9165	+22.3289	 -1.7966	 -0.3317	 +1.6218
+12.5292	+11.1485	 +1.3997	 +0.5264	 -2.9670	 +2.3515
+11.8707	 -2.6319	-12.2828	 +0.1679	 -0.6811	 +0.3118
-12.3504	 +2.3500	 -1.4476	 +3.2156	 +2.9003	 +0.6435
 -6.8652	 +4.7316	-16.7025	 +2.1751	 -1.8247	 +0.2576
-11.2756	-15.8681	-23.6854	 -0.2209	 -0.2660	 +0.3000
 -5.5628	-13.6541	 -5.6434	 +1.9057	 +1.3519	 -2.0041
-10.5053	 -9.7614	+20.9951	 -1.5755	 +0.1023	 +0.1902
 -8.5486	 +6.2657	 -9.7109	 -1.6532	 -2.7579	 -1.8598
-10.1161	 +2.3405	 -5.6191	 +3.8591	 +1.0672	 -0.4648
-36.6849	+14.0661	+13.1309	 +0.0719	 +0.6766	 -1.5885
 -0.9147	 -8.3941	 -7.6815	 -1.1753	 -0.4550	 +1.5013
 -6.9824	-10.7449	+12.6873	 +0.7951	 +0.4522	 +2.5205
 +8.1273	+10.0248	 -5.7091	 +1.3665	 +0.9275	 +3.1915
 +5.3057	 +3.4704	 +5.0140	 -4.4447	 -0.2898	 -0.2542
-30.6031	+38.8267	-75.8979	 +0.4266	 -1.3890	 +0.6488
+11.9574	+21.0675	 -7.6478	 -1.4726	 +2.3332	 +1.2990
-11.9685	+77.0099	-52.1744	 -2.1233	 -0.6068	 +0.1521
-18.3781	 -4.4678	 -2.9163	 -0.3882	 -1.6533	 +0.3272
-15.7993	-17.2776	 -8.2845	 +1.0262	 -0.9064	 +1.9487
 +1.6922	+10.3325	 -4.9660	 -0.3615	 +5.0871	 +1.4645
-10.1185	 -1.4958	+12.0870	 +2.9275	 +1.6974	 -1.0928
-20.1369	 -4.0049	 +4.3023	 +0.4450	 -1.0257	 +2.8661
 +1.4039	 +3.3575	 +7.5787	 +2.0955	 -3.3470	 -2.9191
 -2.1040	 -4.7023	 -8.9412	 +2.6686	 -0.8403	 -2.0539
 +4.1925	 -3.9521	 +1.5514	 +1.4505	 -0.8835	 +1.7841
 +2.8434	 +9.3829	 +6.0576	 -1.5070	 -0.1790	 -4.6707
-15.5318	 -0.3567	 +0.5034	 -0.3131	 +3.3678	 -1.9781
 +4.2641	 +2.3281	-10.1902	 -3.9301	 +2.3988	 +1.1728
+11.8943	 +7.5648	 -3.4926	 -2.9757	 +0.5809	 +3.4649
+10.8757	-24.5987	 -7.5793	 -2.8788	 -0.5420	 +1.8283
 -4.8091	 +1.0337	 -7.1843	 -3.0299	 -1.1187	 +4.1135
 -9.1341	 -2.4221	 +5.7693	 -0.0692	 +1.5323	 +3.7964
+11.2284	+10.2936	 +1.6213	 -0.7048	 +3.1009	 -0.6521
 -5.2450	 +7.2084	 +6.4065	 +2.2460	 +3.9463	 +1.0386
-143.7852	-179.3166	+114.0144	 +0.3692	 +0.8787	 +0.0920
 +4.3804	-10.5813	 +1.0234	 -0.0713	 +3.9708	 -3.3686
-17.1118	+47.8450	+46.2370	 -0.3337	 -2.1464	 -0.2068
 +5.9534	 +2.2049	-13.1405	 -1.4392	 -2.4535	 +1.8782
 +7.1304	+74.6920	-83.2782	 +0.0814	 +0.0181	 +0.3172
 +1.3457	 +1.6721	 -9.5386	 -0.6987	 -6.0407	 -1.6875
 -3.6361	 -5.2942	 +8.1821	 -2.5276	 +1.2008	 +0.3429
-14.6110	+25.6939	-25.2123	 +1.4768	 +0.1894	 -0.2690
-16.6105	-17.2169	 +0.8142	 +0.8218	 +2.8824	 +0.6342
 -1.3252	-13.9527	 +1.8534	 -4.5800	 -0.8659	 -1.2628
 -1.4893	 +9.2861	 -2.9209	 -2.9705	 +2.2035	 +1.2521
 -2.0737	 -4.7043	 -3.3271	 -0.0878	 -5.0566	 +3.1899
-10.0404	 -2.4192	 -6.7735	 -2.1491	 -0.1864	 +1.4218
 -4.5632	 +3.1852	 +3.1299	 +2.2182	 -2.8886	 +0.0120
 -8.3624	+11.8129	 +0.4273	 -4.3474	 +0.8861	 -0.7534
 -0.1169	 +0.2651	 +1.5621	 -4.5635	 +5.5068	 +2.2998
-22.2785	+26.7215	 +2.1664	 +0.2940	 -1.2136	 -0.0390
 -1.1631	 -2.0194	-19.3186	 +0.7076	 +0.5368	 -4.0300
+13.1043	 +3.8255	+11.2354	 +1.6629	 +2.2303	 -0.7440
 -5.5965	 +0.9110	-21.2489	 +1.0317	 +2.9741	 -1.2433
 +4.2164	 +7.5774	-13.2868	 +0.0015	 -1.9218	 +0.4429
 -2.6599	 -5.7505	 -5.3832	 -6.4667	 -2.4190	 +2.7749
 -2.2455	 -3.4239	 +2.1068	 +5.6859	 +0.9969	 -0.3624
 +6.8046	 +5.4080	 +6.7642	 +2.7642	 -1.4838	 +3.0923
 +0.7581	 +8.5370	 -0.2613	 -1.3602	 -2.6549	 -0.9546
 +4.9473	 -7.2514	 +6.2092	 +1.3792	 +1.4412	 +3.3925
 -6.7812	-22.0901	+12.1906	 +0.8644	 -0.6695	 +0.3434
+12.9375	 -1.0561	 +0.2675	 -1.2563	 +2.8090	 +0.4580
 -3.6927	 +5.1566	 -0.4533	 +1.4988	 -2.1873	 +2.8358
-20.2163	 +3.9511	 -2.8154	 +1.6349	 -0.4879	 +1.7420
 +2.6776	 -1.9121	 +0.8850	 -4.6408	 +4.7616	 -2.0719
 +3.5188	+12.8236	 +4.5053	 -1.0415	 +2.7696	 +1.5490
-15.9607	 +3.2933	 -6.5869	 -1.5743	 -2.4213	 +1.5582
 +7.9267	 +7.1704	 +6.9221	 -1.3624	 +1.5340	 +1.4385
 +2.8191	+12.4592	 +2.3970	 -0.9287	 +1.9220	 +1.6852
 +6.8766	+25.7196	+35.6271	 +0.6183	 +0.3546	 -1.2727
-12.6201	 -0.6879	 +0.7774	 -1.0263	 -1.4996	 +1.3009
 +4.7768	+21.6033	-12.1558	 -2.6419	 -1.4066	 +0.6389
+18.7367	-13.2111	+10.7485	 +3.5588	 +0.1859	 -1.7309
 -6.3516	 +1.4442	 -8.4177	 -0.9881	 +2.1358	 +3.3566
 -2.9548	 -0.2994	 -0.3646	 -3.2486	 -3.1978	 -4.9277
 +1.8877	 +2.1777	 -1.6428	 +4.1896	 +3.5226	 -4.0609
 -9.9727	 +1.4307	 -4.9255	 -3.6810	 +0.1523	 -0.5615
-18.5879	+11.3873	-26.8368	 -0.2349	 -1.0021	 +1.7701
 +4.5758	 -0.6682	-12.8684	 +0.8445	 -3.0051	 -2.5874
+22.7005	 -1.9390	-18.3175	 -0.4944	 -0.8155	 +1.9386
 +2.1949	 -0.4118	 -2.5546	 +1.4740	 -2.7150	 -4.3177
 +0.6037	 -1.9501	 -4.5016	 +0.2630	 -2.4306	 -0.3333
+11.7777	+15.7687	-13.9107	 +0.2731	 -0.5852	 -0.3885
-17.2377	+36.6708	-11.2865	 +1.6289	 +1.7477	 -0.0562
 -4.6427	 +1.4683	 +3.6594	 -1.3238	 +1.9691	 -2.4423
-10.8958	 -4.9650	-15.1179	 +0.9357	 -1.3511	 -3.4966
-10.9519	 +4.7543	+12.0418	 -2.1035	 -4.2242	 -0.2280
+18.4687	 -9.9559	 -9.4518	 -0.0863	 -0.5486	 +0.3746
 +7.0399	-17.9906	 -2.9699	 -1.9126	 -2.7474	 +0.3852
 +2.2508	 -2.0151	 +6.6421	 -1.1348	 -1.1834	 -1.5312
 +4.0956	 +7.5208	+14.1940	 -1.1778	 -0.0823	 +2.8543
 -6.2833	 +1.8217	-25.2568	 +0.4264	 +2.0802	 +0.1106
-13.0250	+20.0664	 +0.4353	 -1.5650	 -2.6320	 +1.3234
 +5.8668	 -6.3294	-19.9693	 +0.9571	 +0.6100	 +0.2879
 -9.8352	 -1.5331	 -1.7745	 +0.2466	 -2.1579	 +0.3975
+15.7307	 +6.6962	+40.1719	 -0.5310	 -0.5106	 +0.6318
 -9.9953	 -3.2656	 +1.8351	 +0.9112	 -0.7405	 -1.2566
 +7.5845	 +1.7358	 +7.2374	 -1.1451	 +2.6782	 +0.9136
-13.1630	+19.4593	 -2.3290	 +2.5410	 -0.5177	 +1.5918
-11.4493	 +2.1225	 +2.7495	 -2.5839	 +1.5734	 +0.8361
-12.7861	 +6.4375	-13.4285	 -0.4434	 -1.9576	 -2.2701
 -7.3544	 +9.4349	 +8.2283	 -4.0505	 -0.3221	 -0.2068
 -0.2433	 +3.1507	 -7.0485	 +0.7243	 +1.5517	 +2.8347
-61.0004	-18.1342	-25.6486	 -0.5501	 +0.1575	 -0.0830
 -3.9718	 +1.0358	 +4.1765	 -1.4449	 -3.7227	 +3.1073
 +5.7851	 -2.4326	 +5.1555	 -0.4124	 +0.0203	 +1.5627
+11.4184	 -4.8537	 -4.5286	 -0.0748	 -0.8957	 +1.1854
