# Iterations: 100 of 100
# Total Energy: -6.700e+05
#    Kinetic Energy: 6.758e+05
#    Potential Energy: -1.346e+06
# Current Time: 2018-05-09 12:17:10.269082
# Elapsed Time: 0:40:08.912581
# 
# Med. Times for Sections
#    Force Computation:		21.625527
#        [21.92978421.80528422.60771821.70224321.40158721.39264321.32757821.45501821.625527]
#    Gather Particles:		0.000175
#        [0.0001860.0001800.0001750.0001680.0001770.0001680.0001730.0001770.000168]
#    Overall:		23.158575
#        [23.48240023.34687824.18014623.24646922.94031122.93924322.84037323.00334523.158575]
#    Scatter Particles:		0.002624
#        [0.0025850.0045410.0027390.0037710.0024760.0026710.0024360.0024880.002624]
#    Time Integration:		0.000170
#        [0.0001770.0001960.0001770.0001600.0001530.0001700.0001650.0001850.000143]
#    Tree Broadcast:		0.749785
#        [0.7611750.7509600.7521690.7497850.7195440.7412420.7339630.7345110.750238]
#    Tree Construction:		0.790263
#        [0.7884140.7856320.8170890.7902630.8162920.8022730.7759830.8108960.779799]
# 
# x	y	z	vx	vy	vz
# 
 -5.8417	 -3.8440	 -2.8689	 +1.8080	 +1.1398	 -0.2374
 +3.4082	-18.5706	-10.8623	 +1.0853	 +2.2267	 +1.8556
 -2.3763	 -5.6349	 +8.6531	 -1.6556	 -2.4039	 +1.7873
-24.6625	+25.2257	 -0.4361	 -2.1445	 -0.9275	 +1.2059
 -4.1584	-18.9392	 -6.1420	 +1.8475	 -1.1510	 +0.3797
 -2.4139	 +0.9964	-16.6902	 +2.7191	 +0.6571	 -0.2166
+13.4581	-15.5607	 -8.9610	 -1.4456	 -0.7859	 -0.8862
+10.7646	 +7.7798	 -6.2358	 -1.8014	 +0.0104	 -0.0751
-25.9611	-34.5729	-11.2743	 +1.9797	 +1.7673	 -0.0841
-14.7582	+22.0447	 +2.1669	 -3.0913	 -0.4542	 +0.5226
-22.9991	+11.3161	+17.2798	 +2.2909	 +0.9133	 -0.4345
 -5.1579	 -2.8180	 -0.5577	 -1.1861	 +2.6845	 -1.5276
 +2.5538	 +0.0084	 -7.2751	 -3.1852	 +3.1000	 -3.8923
+25.1924	+12.5082	-27.5602	 -1.3451	 +0.9485	 -1.0706
 -0.0835	 -4.8422	 -2.3500	 +3.0473	 -0.7861	 -1.1629
+13.6367	 +2.3495	 -1.9028	 +1.5394	 -1.8150	 -1.8580
 -8.9313	 -4.0713	 -6.4634	 -0.5934	 -4.0474	 +3.0998
 -5.7116	 +0.0110	-19.1884	 -1.4699	 +0.7134	 -1.2820
 +9.7179	 -7.8655	 +7.0780	 -0.2068	 -1.1091	 -0.9930
+104.5282	-28.9629	+78.6047	 -1.3737	 -0.8362	 +0.1977
 -5.2109	 -3.7713	 -5.2478	 +3.4846	 +2.5628	 -2.6494
 -3.4035	 -1.9427	 -7.6831	 +1.0820	 -4.4253	 +1.0911
 +4.7489	 +2.1331	 -8.7389	 -1.8222	 +2.5384	 +2.4809
 -4.8339	 -4.7231	 +3.8940	 -2.4079	 +1.0793	 +3.9099
 +7.7516	 +7.7375	 -8.6727	 +0.9218	 +0.4881	 +0.0467
-35.9397	+21.2343	 -0.3645	 -2.0396	 +2.2862	 -1.3067
 -4.0350	 -3.0883	 -4.7838	 -1.4963	 -4.7663	 -2.3190
 +7.7681	 -7.5088	 +4.5617	 -4.4643	 +0.0870	 +1.9696
+11.2797	+11.9271	 +5.6808	 +2.5479	 -2.7058	 -2.3270
-16.6493	-17.8856	 -4.5392	 +3.5614	 +2.3037	 +0.6083
 -2.5760	 -5.3195	 -5.7535	 +5.4022	 -2.3756	 -3.7113
-56.6491	 +9.1171	 +0.4215	 -0.8043	 +1.9966	 +1.8280
 -3.3902	 -5.8698	-11.9996	 -4.3164	 +0.0133	 +2.6669
 -0.8485	-13.9809	 +4.5004	 -0.9031	 +2.4232	 -1.4827
 -9.8755	 -3.4438	+22.3956	 +0.3633	 -0.6051	 +0.7835
 +3.7926	 +2.0692	 -0.1497	 -1.3239	 +0.2457	 +0.2141
 +2.8872	 -6.0984	 -1.8313	 -0.8334	 -4.1698	 +1.9733
 -1.0455	 -1.9778	 +5.5906	 +4.5139	 -3.2221	 +0.0908
 -3.0274	+30.5720	-11.2051	 -0.7450	 -1.7746	 +0.6901
 +3.7808	 +1.2645	 +3.6284	 -0.4333	 +4.4542	 +2.0458
+14.2402	-13.2589	+10.3157	 +1.9727	 -3.4183	 +0.3622
 -5.0149	+10.0763	-11.2332	 -0.3860	 -1.6026	 +1.5853
 -6.4321	 +0.1915	-10.0506	 -1.4441	 +4.0731	 +0.5026
 -7.1432	 +2.9033	 -1.6559	 -2.5537	 -1.8648	 -0.1272
 -4.5946	+22.4553	-20.5618	 +2.3939	 -0.1881	 +0.8886
 +1.0019	 -1.1883	 -0.5862	 -2.7425	 -1.5672	 +4.7436
 -0.9349	 +4.2863	-11.6951	 +2.3160	 +4.3358	 -0.0947
+34.8881	 -6.1579	 +0.9367	 -0.1067	 -1.2391	 -1.5791
 -1.4690	 +5.8044	 -0.3754	 +2.5423	 +0.6216	 -1.2076
 -4.2378	 +3.3212	 -4.0859	 +3.1737	 +4.5444	 +1.0956
-33.2984	-56.8976	-37.1728	 +1.1436	 +0.2943	 +1.6106
 -2.8943	 -6.7816	 -2.5638	 -1.7257	 -1.9038	 -4.0248
+16.1947	 -7.7996	 +9.3681	 -0.5202	 +2.7672	 +3.7804
 +4.5730	 +9.2086	 +6.2395	 +2.0391	 -4.5016	 +1.7012
 +5.4941	 -2.9677	+54.3606	 +0.4670	 +2.2188	 +1.7981
-28.8870	 -6.6262	 -4.4596	 -1.5603	 +0.4132	 -0.1560
+31.0892	 -4.4222	 +3.8234	 -1.4887	 +1.0017	 -1.0875
 -6.0274	 +5.3527	 +2.7336	 -0.7501	 -1.7299	 -3.5949
 +1.0997	 -4.5180	 +0.5085	 +3.1338	 +2.9911	 +4.1622
 -0.7732	-20.8171	 +8.4882	 -3.7154	 +1.5407	 -0.0375
-17.8899	 +1.8592	 +7.8047	 -3.7369	 +0.9209	 -1.9062
 -8.5221	 +6.7624	-21.8228	 -0.1899	 +3.8445	 -1.1675
 -0.4418	 -7.1760	 -3.5883	 +2.3742	 +3.5536	 -0.9544
 -5.3166	 -7.4993	 -5.4124	 +0.9674	 -2.2118	 +4.1416
 -3.9981	 -4.4570	 -2.0415	 -1.4218	 +0.2962	 +5.0788
 -8.9643	 -6.2171	-11.5143	 -1.9816	 -2.3012	 -1.1055
 +5.5953	 -1.0004	+22.0886	 +0.4820	 +1.0390	 -0.5814
-16.0993	-13.9445	+27.7533	 -2.3408	 -1.9202	 +0.2752
 -2.8893	 -8.3405	-19.3301	 +0.5393	 -0.6047	 +1.4870
 -4.1734	 +8.7965	 -1.2092	 +0.0454	 -3.1394	 +4.5325
 -3.2753	 -6.0436	 -3.3958	 -1.6319	 -0.7211	 -1.3097
-11.4000	-11.5870	 -5.1024	 +2.3620	 +0.8383	 +1.2642
-10.8968	 +6.5025	 -4.0990	 +1.6127	 -0.3383	 -1.7642
-14.4030	+15.2853	-94.9956	 +1.9230	 +0.0032	 -1.4116
+26.3685	-26.9127	-13.6710	 -0.2662	 +1.6846	 +0.6294
-12.7383	 +7.1089	-10.1930	 -2.0934	 -4.1298	 +1.3179
 -4.0038	 +4.5758	 -8.9217	 +1.2847	 +1.7730	 +0.0042
 -4.3270	-10.5495	+12.0212	 -2.7958	 -1.9018	 -1.6668
 -1.5371	 +9.7937	 -1.0163	 +3.0671	 -0.8682	 +3.6626
+22.8103	-13.7377	 -5.7156	 +2.3766	 +1.6874	 -0.0080
 -1.8237	 +1.7234	 +0.3657	 -0.8171	 +0.5471	 +2.8929
 +9.6239	+11.7363	 -9.1170	 -0.1506	 +2.1258	 -0.8521
 -0.6970	 -0.9039	 -0.7387	 +1.9175	 -0.5045	 +5.3382
-11.6785	+24.4432	+17.5176	 -0.9288	 -0.2860	 +3.4764
+15.2997	 +6.4260	 +3.1889	 +2.4455	 +2.4248	 +2.8653
 +1.1722	+11.5049	 +9.3760	 -2.9321	 -2.2003	 +0.1856
-17.5277	 -4.2287	 -0.5387	 -0.7104	 +0.8172	 -3.0237
 -1.6229	+18.5815	 +9.9103	 -0.7683	 +2.5630	 +0.6311
 -3.5886	-28.4690	 +8.5277	 +2.0433	 -0.9324	 -1.4854
 +4.3745	 -9.6767	 +1.6309	 -1.5268	 -0.2398	 -0.9445
-11.9792	 +1.5773	 -0.3115	 -0.1857	 +2.3258	 +3.4148
 -1.6106	 +0.8205	 +1.1467	 +2.6311	 +1.5420	 -0.0982
-14.3072	-26.8650	-48.3424	 -0.7270	 -0.8417	 -0.4051
 +2.2694	 +2.1976	 -4.3864	 -4.8768	 -0.6994	 +5.0335
 +5.6182	+11.9276	 -0.9230	 +0.2683	 -1.8786	 -1.1574
 +8.2666	 -7.1346	 +0.0935	 +1.3815	 +1.7204	 -4.1778
 -7.9368	+32.8876	-17.8377	 -0.4581	 -0.1685	 +2.3113
 +0.3109	 -2.8926	+18.5233	 -1.9552	 -0.4021	 +1.1829
-10.3441	+13.4828	 +0.5928	 -0.3796	 -1.8737	 -1.4288
-10.5914	-10.3742	-22.8226	 +3.2162	 +1.7706	 -0.4295
 +4.4412	 -6.0418	 -3.5401	 -3.2524	 -5.1619	 -0.3571
-12.7550	 -1.8896	-11.3072	 +1.2092	 -0.2197	 -0.2363
 -4.2040	 -0.9799	 +1.9825	 -1.2738	 -0.7283	 -3.4365
 -2.3491	 -4.2651	-11.3813	 +1.2903	 +3.7138	 -1.9443
 -0.7885	 +1.0513	 -5.4141	 -0.8547	 -2.7501	 +0.1638
 -5.0722	 +1.8772	 +5.9761	 +4.3331	 +2.9653	 +2.1468
-14.0825	-18.0994	+21.1510	 +3.1861	 -0.2765	 -0.9495
 -7.6019	-12.8474	 -0.8304	 -0.2514	 +1.9411	 -0.3359
+26.7380	+11.5794	+17.8710	 +1.0107	 +1.8045	 -0.3597
 +3.5654	 +1.2653	-11.0179	 +2.2012	 -0.2651	 -3.1241
 -3.1425	 +5.6576	 -4.1324	 +3.0200	 +4.5144	 -1.2363
+474.5334	+388.1565	-227.2297	 -0.2786	 +0.6739	 +0.3146
-138.9873	+99.7096	+200.1269	 -0.1101	 +1.1366	 +0.4403
+11.7169	 -3.7238	+10.4259	 +4.0451	 -1.2906	 +0.3315
 +5.2457	 +0.9910	+20.5477	 -1.8327	 -1.2059	 +0.2189
 +0.5746	+11.7137	 +6.0205	 -0.1763	 +2.1439	 -2.8632
 +6.4208	 +2.9197	 -0.9247	 +2.9364	 -3.1901	 -2.7297
-72.9233	-15.8706	-10.7220	 +1.3670	 +0.1871	 -0.7455
 -5.5555	 +1.2444	 -1.0239	 -2.1480	 +1.4187	 -2.1255
+45.9375	-22.5080	-43.7947	 +0.5184	 -0.7090	 +0.2567
-14.9731	 +7.6712	 -8.4658	 +0.6477	 -1.1564	 -2.0821
 -1.6573	 +2.1403	 -1.8350	 -2.2487	 +3.7071	 -1.0422
 +5.7597	 -0.0352	 -0.5149	 +3.3923	 +2.3997	 -1.8895
 -2.9144	 -9.3803	 -0.9377	 -5.0591	 -0.1918	 +0.5938
 -2.2578	 -1.1373	 +0.5675	 +3.0518	 -2.3959	 +1.8767
 -0.1579	 -2.3110	 +3.1114	 -1.9171	 +4.0142	 +0.1178
-15.8792	 +1.1558	 -5.2067	 +1.6213	 +0.0626	 -3.0140
 -9.2542	 -4.0610	 +3.1410	 -1.0859	 +0.3686	 +0.1643
 -9.2219	 +1.5584	 -7.3748	 -1.8815	 +1.8170	 +1.6601
+11.1920	-12.9588	 -1.5657	 -2.0990	 +0.1398	 -2.4647
+13.9602	+31.7748	-163.5090	 +0.0693	 -1.1600	 -1.3080
 +9.1456	 -1.0029	 +6.1269	 +2.3954	 +2.2777	 -1.0068
 +5.2217	 -2.1874	 -9.6380	 -1.9782	 +3.6555	 -0.5160
 -7.7182	 -7.4612	 +2.5180	 -3.7397	 +0.7272	 -0.2164
 -3.0183	 -0.1699	 -2.8443	 -0.4412	 -3.4850	 -1.1406
-17.8720	+24.1726	-35.3509	 -0.4972	 -1.1627	 +0.7557
 -0.6291	-10.1963	 -8.4531	 +4.9369	 +1.6567	 -0.9368
+19.0281	-16.9387	+16.1456	 -1.0082	 -2.6372	 +1.1020
 +3.8839	 -4.8141	 +4.5803	 +1.5314	 -3.2160	 -1.5040
+12.0297	 -9.3238	-11.4412	 -1.9422	 +0.1824	 +1.7475
 +1.6475	 -3.7640	+11.5318	 +1.3893	 +0.9999	 +0.7817
 +8.3393	 -9.1352	 +7.3916	 -3.4566	 -0.8631	 +2.3021
 +0.9970	 -1.0747	 -1.2300	 +0.6045	 +1.8089	 +1.6470
-30.9213	 +5.9578	-37.2725	 +2.0219	 +2.2072	 -0.0413
+58.3872	 +4.8512	+20.6998	 +0.5535	 -1.9161	 -0.2094
 +1.3421	 +5.8889	 -4.0055	 -0.5553	 -0.1196	 -3.8975
-29.0236	-70.5164	+46.3026	 -1.2814	 +0.9819	 +0.9699
 +3.2754	+10.7218	 -7.6045	 -1.3160	 +2.5661	 +0.8778
+20.0340	 +6.9037	 -5.4730	 +0.2034	 -1.1713	 -3.2286
 -1.3854	 -1.2833	 -3.1719	 +5.6866	 +3.7839	 -1.5948
 +2.3736	 -2.9464	+10.0176	 +0.8947	 +3.2172	 -1.8191
 +2.8949	 -4.8515	 -0.6594	 +5.5974	 +1.8101	 -1.7621
 -0.2256	 -1.3311	 -1.7643	 -6.1755	 +3.2023	 -0.4036
 -7.2336	+12.0005	 -7.1446	 +0.7979	 -1.1893	 -0.5546
 +7.0055	 -4.3345	 -8.9029	 +0.4753	 -3.4383	 -1.0773
-10.0562	 -1.4657	-16.5841	 -0.9378	 +1.7698	 +1.6661
 +3.6134	 +7.9064	-16.0331	 +3.0989	 -0.6410	 -2.3131
 +6.4676	 +3.4780	+29.2333	 -2.7968	 +1.1398	 +0.7096
 -5.5249	 +1.7249	 -4.6614	 +2.0290	 -2.3321	 +4.5523
 -5.4757	 +3.2526	 -1.7282	 +2.0701	 -0.4691	 -1.4710
 -0.6596	 +3.3024	 -3.1941	 -3.7245	 +3.0227	 +2.5431
-16.7406	 +0.1655	 +8.8389	 +4.0431	 -2.1871	 -1.7007
 +3.6341	 +2.4686	 -2.2255	 -4.5683	 +0.8169	 +0.4069
+14.2629	 +9.3117	 +4.7695	 -1.1201	 +1.3418	 -0.2352
 -6.5508	 -5.0299	 -2.9022	 +2.9460	 -0.3979	 +4.4218
 -0.8068	 -3.2688	 +6.2902	 -4.8708	 -0.5419	 +1.7654
 -2.7837	 -1.4764	 -0.2248	 +1.8437	 +1.9950	 -3.7400
-16.0715	 -3.9048	-14.7418	 +0.4442	 -2.7530	 +2.7398
 -4.0324	 -0.9508	 -4.5417	 -3.2680	 +0.5629	 +0.7597
 +4.7260	 -4.9383	-14.0029	 +2.5037	 -1.3595	 +0.7216
-15.7818	 +1.3647	-16.5606	 +0.2989	 -1.1732	 -2.0063
 +2.4355	 +0.6354	 -2.0290	 -0.0990	 -0.7849	 +2.0136
 -4.5486	 +1.1165	-11.9524	 -0.7747	 -0.6546	 -4.4091
+29.2113	-13.6148	+25.0072	 -0.6413	 -0.3865	 -0.5366
 -5.6007	 +0.7378	 +2.4907	 +0.5969	 +2.5311	 -2.2875
+53.0529	+27.0069	-26.2608	 -1.9390	 +0.9627	 -0.1506
-16.5569	-12.2917	 +1.0603	 -2.7251	 +1.8180	 -2.3805
 -6.1103	-23.5721	 -9.2841	 +1.6087	 +1.4528	 +1.4937
 +0.0651	 -7.9143	 -1.6537	 +0.7779	 -0.9758	 +2.2993
 -1.9507	 -6.7075	 +0.6879	 +0.4926	 -3.0218	 -2.2197
 -4.5562	 +4.7548	 -4.1841	 -4.5984	 +0.7200	 -1.2948
 +2.4908	 +5.7397	 -8.2068	 -2.0992	 +3.1352	 +1.5442
 +6.9270	 +3.9454	 +4.8322	 +0.0606	 -0.5870	 -1.2387
+14.5639	+19.9727	-22.5261	 -0.6956	 +1.1830	 -1.3466
+10.0156	 +1.4403	 +0.2952	 +1.4940	 +2.7650	 -4.5112
 +2.9436	 -3.5144	 -0.4577	 -0.2062	 -1.4466	 -2.9255
 +1.4648	 +5.2490	 -9.6716	 +0.0451	 +0.7561	 +2.3009
 +1.8058	 -0.3236	 -6.2896	 +0.2726	 +1.8970	 -0.4991
-11.2661	 -9.1653	 -1.7823	 -3.3793	 -0.8770	 -2.2146
 -3.8523	 +5.2217	-12.2460	 +1.9428	 +0.6596	 -0.5328
 -5.1508	-13.5332	 +6.6029	 -1.4114	 -3.8668	 +1.8427
 +2.0012	 -1.5521	 -8.4854	 +1.7909	 +0.0748	 +0.7789
 -1.2196	+24.7853	-31.6301	 -1.5786	 -0.6939	 -1.9365
 +2.2598	 -2.9995	 +8.0474	 -0.3342	 +2.6071	 +2.7280
 +0.8890	 +9.0438	 +0.4173	 +1.8796	 -1.9889	 +1.2811
 +5.3366	 +3.8729	 -0.0604	 -1.8450	 +1.4441	 -0.8910
 +6.7456	 +6.8457	 +5.7028	 -3.0300	 +3.1044	 +0.0827
+30.9625	-101.1507	-35.9649	 -1.3315	 +0.2054	 +0.9696
 -7.5208	+11.0378	 -0.2679	 +0.3186	 +2.2906	 +2.4789
 -7.8997	 -3.8919	-11.1717	 +2.8108	 +3.6759	 +0.8910
 -9.1513	-23.3731	-19.7691	 -1.5082	 -0.7264	 +2.7127
+25.9605	 +5.3633	 +5.1502	 -1.2174	 +1.2882	 -1.7323
 -3.4984	 +5.3700	 -0.4894	 -1.2119	 -2.1589	 +3.3486
 -7.3155	 +4.9131	 -0.2221	 -3.4797	 +2.9618	 -0.2941
-17.8523	 -5.6815	 +2.2087	 +1.7534	 -0.8495	 +1.4502
 +0.8030	 -3.3253	 +0.7068	 +2.4662	 -2.9133	 -0.5078
 -6.8119	 -2.2251	 +2.7131	 +0.5163	 +0.6114	 -1.2131
-15.9137	+20.1938	 -5.6240	 -2.7554	 -0.9870	 +3.0757
 +4.2685	+49.8869	-35.3770	 -2.0436	 +0.8579	 +1.1339
 -2.0582	 +2.0668	 -2.9214	 +5.5458	 +1.2379	 +2.5516
+12.4153	 +4.4028	 -5.8030	 +1.0844	 -2.3155	 -0.4104
 -2.2364	-11.2402	 +2.0933	 -2.4831	 -0.1180	 -1.7813
 +2.9529	 +4.7205	 -6.9750	 -2.5224	 +2.8034	 -0.9888
 +3.6299	 +0.6954	 -5.1111	 -6.5131	 -0.2816	 -2.2521
+20.1152	-11.4730	-19.1159	 -0.5712	 -0.1041	 -1.2519
+119.6219	 +5.1048	-43.2853	 +0.3112	 +0.1491	 +0.6883
+18.4070	+12.9742	 -8.4352	 +0.3500	 -1.5092	 -3.8222
 +4.8266	 -7.5658	 +1.9082	 +1.3879	 +0.8744	 -1.1373
 +4.1308	 -0.2420	 +3.7252	 -4.1010	 -2.0598	 +1.1134
 +3.7504	 -7.5792	 -1.4149	 -2.5421	 +1.6940	 -1.3911
+32.9239	-32.7629	 -6.3668	 -0.8590	 +0.1117	 -0.5670
 +3.3744	 +5.7601	 -1.1370	 +2.3291	 +3.5254	 +1.5565
-15.0318	 -8.9076	 -3.7323	 -0.9376	 +0.8511	 -2.3364
 +3.9817	 -1.0254	 -2.9099	 +0.9039	 +2.6318	 -4.0431
 +2.3508	 -5.0571	-12.7864	 +0.9260	 -0.0925	 -2.0428
 -0.8869	 -0.7660	 +1.3576	 +3.1876	 -0.6989	 -1.5423
 -0.7238	 +1.0893	 -5.1100	 +4.1340	 +2.1294	 +2.4871
 +0.8299	 -2.4042	 -0.2699	 -1.5851	 -4.0453	 -4.4464
 +7.0592	 +5.6112	 +0.7084	 -0.5483	 -2.1486	 -1.6289
-11.8927	 +5.8683	 +2.9752	 +0.1379	 -1.1416	 -1.5694
 -6.1974	 +3.3182	 -5.7258	 +0.4240	 -1.9199	 -0.2834
 +3.2176	 +9.3518	 -3.2848	 +0.5550	 -0.0735	 -1.0707
+11.4532	 +5.8347	 -9.6587	 +0.6141	 +0.5248	 +2.4567
 -3.1647	 -4.0430	 -2.0230	 +1.1379	 +4.1810	 +2.6551
 -4.9543	 -9.2581	 -5.3120	 -0.6297	 -0.9271	 +4.5618
 -5.2306	 -0.7999	 +6.4821	 +1.0784	 +3.3275	 -2.5762
 +2.8859	-11.9530	 -0.8606	 +0.3384	 -2.8132	 -1.9992
 -0.2806	 -9.6680	+18.0648	 +1.9487	 -3.1944	 +0.6035
 +6.3077	 +5.0121	 -3.9290	 +0.2988	 +2.2580	 +2.2468
 -0.0110	 -1.9162	 -0.7453	 +2.4687	 +0.9449	 -1.7068
-49.4577	 +7.3298	 -0.1195	 -2.0060	 -1.5188	 +0.4360
 +3.3951	 +2.6297	 +5.3803	 -0.8977	 -2.2705	 +1.4521
 +1.7384	 +3.1527	 +1.7139	 +1.5487	 +6.2548	 -1.8520
+12.3862	 -8.3273	 -3.6085	 +2.6656	 -1.9300	 +0.4104
 -6.9088	 -7.6145	 -1.0882	 -0.1434	 -1.7257	 +1.9970
-16.2119	 +8.0116	 +2.3545	 +0.6052	 +1.2476	 +0.8810
-31.8735	 -9.0225	+41.8060	 +0.2528	 +1.1094	 -0.5013
 -1.6001	 +0.2823	 +3.7266	 -5.5017	 -0.0514	 +3.5675
 -2.0159	 -9.1495	 +5.2876	 -2.3324	 +1.5718	 -2.4237
-39.0790	-31.4463	-23.5666	 +1.6077	 +0.3714	 +1.5069
-18.9386	+21.4101	 +5.0430	 +1.8256	 +2.1863	 +0.7420
-12.7596	 +0.7463	-10.2110	 +1.5801	 -4.3866	 +1.6264
 +9.5493	 -6.1158	 +1.9116	 +0.9168	 -1.1669	 -0.6617
 -0.0465	 -5.0720	 -4.5742	 +4.3471	 -3.4874	 +1.6486
+1871.1270	-30.6721	+790.2274	 +0.2212	 -0.2337	 +0.0662
 -5.8967	 +3.9026	 +5.2577	 +0.8078	 +0.0064	 -2.4908
 -0.3135	 -5.5019	 -3.0636	 +5.4862	 +2.0041	 -0.7244
 -1.5482	 +2.4428	 +6.4360	 -1.4347	 +0.1233	 +4.3709
+25.5224	-16.3293	-13.9367	 -1.1177	 +0.0338	 +1.5162
 -4.3565	 -3.3270	 +2.2819	 +2.5881	 +4.2330	 +1.9131
-55.2878	-47.7241	-69.2341	 -0.9041	 -1.3351	 -0.3049
 +4.5938	-10.6299	-23.2416	 -0.1466	 +3.7024	 +1.2291
+19.8931	 +4.9886	+22.1309	 -2.1930	 +2.0955	 -1.6082
+20.0828	-27.4936	+10.0028	 +1.0584	 +0.5430	 +0.3978
 -8.8019	 -1.7865	 -6.5902	 +1.3402	 +0.1870	 +0.4735
+13.7107	+25.9907	 -9.6481	 +1.4867	 -2.5027	 +0.4594
 -9.3849	+21.1369	 +3.3314	 -0.0600	 +0.1057	 -0.2360
 +5.0571	 -7.1495	 -0.2338	 +1.1264	 -1.7705	 -0.8835
 +0.1725	+10.5297	 +6.3618	 +1.0450	 +0.5135	 -0.6637
 -0.2216	 +0.2972	 -9.3125	 +1.1000	 -4.9128	 -3.7784
 -3.8494	 -3.6869	+13.7178	 +0.8065	 -1.0240	 -0.1649
 +2.6890	 -2.4734	 -7.5884	 +2.4582	 +2.3551	 -0.3467
 +6.7144	 -0.1253	 -5.7673	 +1.1806	 +1.4585	 +3.8925
 +2.7639	 -5.9085	 +6.0808	 +3.2453	 -2.9072	 -0.8577
 -1.9372	 -0.0676	 -1.1881	 +4.7064	 +2.1576	 +1.5931
+20.1359	+14.9817	-24.3545	 -2.6979	 +0.0777	 +0.9952
 -0.1981	 +5.9321	 -0.4820	 +2.2538	 +1.7650	 +3.7570
 -3.9555	 -0.1888	 -1.0101	 -2.7403	 -1.5567	 +2.5616
 -0.7372	+15.2127	+11.2087	 +0.2048	 +2.2125	 -3.9693
 +1.3651	 -2.5653	 -5.5373	 -2.8973	 +3.5812	 +1.9635
-10.0707	 -1.9008	 -0.0898	 +2.5111	 +0.5415	 +1.2330
 -8.1926	 +6.3661	 -3.0555	 +2.2284	 -1.3640	 +2.4306
-14.1230	 +0.6002	 -3.1495	 -1.1753	 -3.1137	 +1.2562
+11.2683	-11.7645	 +0.2777	 -0.1413	 -0.0209	 -0.6155
 -0.7456	 +6.9698	 +4.0714	 +0.4445	 -1.4521	 -2.4544
 -4.1908	 +0.1463	 +0.5022	 +3.6313	 +2.8409	 -1.1673
-15.8404	 +8.4673	-15.9432	 -2.8369	 +0.3585	 +1.8260
-24.0122	 -4.8950	 +5.7979	 -2.1979	 -0.9864	 -2.6062
 -8.4191	 +5.1100	+11.4219	 +0.4278	 +0.9019	 -0.8557
-134.5009	-41.9286	+71.4580	 +0.6478	 -0.9560	 +0.7028
 -2.7206	 -0.9282	 -0.0516	 -1.2306	 -0.7592	 -1.4767
 -0.5998	 -7.4452	 -1.1809	 -4.5933	 +0.5888	 -1.6688
 -7.3668	 -4.1020	 +5.7637	 +4.5941	 -2.5706	 +0.4577
 -6.1796	 +4.1828	 -1.3714	 +2.0461	 +2.0816	 -5.7391
-12.4140	+10.9450	-15.0374	 -1.8985	 +0.9621	 +0.2512
 +6.8563	 +0.9273	 +3.1828	 -1.4718	 +4.8432	 +0.7843
 -5.5113	 -4.0764	-13.8274	 +0.5573	 -2.3654	 -1.1348
-113.8656	-104.2167	+101.6125	 +0.3743	 -0.2782	 -0.0994
-19.1058	+31.7935	+25.2488	 +1.9900	 +1.5311	 -1.3467
-19.5848	-27.0777	 +6.5149	 -1.6469	 +0.2577	 +2.3960
-29.5891	 +9.8726	-22.7973	 +1.4269	 -0.3176	 -2.6884
-12.4099	-24.1079	 -7.1755	 -2.1845	 +0.0124	 -0.6959
 +1.9407	 -1.6897	 -4.1434	 +1.3817	 -1.2411	 -2.4865
 -3.8557	 -0.7038	 +1.6739	 +0.3772	 -0.7947	 +2.5907
 -6.8748	 +4.3210	 -3.6447	 +4.3925	 +1.3280	 -1.6010
 +5.2691	 -7.3906	 +5.9920	 -1.2251	 +1.0428	 -2.7638
-23.9704	 -5.8554	 +2.3379	 -0.0949	 +0.6815	 -1.3118
-16.8440	 -9.9318	 +9.1892	 +1.1364	 -3.0689	 -0.7960
+22.2180	-97.5385	+21.1225	 -0.9563	 +1.2050	 -1.1749
-10.2830	 +3.5285	 -0.3919	 -2.0295	 +2.0942	 +4.0899
 +0.0641	 -1.8952	 -6.9320	 +1.1702	 +1.1281	 +1.2010
 -1.5750	 -2.4858	 -2.8739	 +2.5299	 +1.8783	 -1.1280
 -2.2489	 +0.4300	-11.2033	 +0.6845	 -2.8406	 +2.7280
 -4.9281	 +6.4140	 -9.9857	 -2.5506	 +2.1202	 +0.5264
 -9.5677	+11.4502	+18.4114	 +0.1557	 -2.6264	 +0.0773
 +7.7643	 -2.5049	+20.6441	 -0.7357	 -0.5250	 -1.4815
 -2.1264	 +9.6544	 +6.2624	 +2.8213	 +1.0163	 -5.4291
 -3.8133	 +1.8816	 -2.6837	 -2.0418	 -2.7719	 +0.3841
+11.0513	 -5.9554	 +2.1600	 +1.7511	 -2.3985	 +1.9530
 -5.0480	 -5.3559	 +1.2016	 +0.0260	 -3.0851	 -3.8173
 +1.5895	 +0.7950	 -4.0529	 -1.7428	 +0.7893	 +2.4721
-13.9588	-19.0545	 -5.4910	 -0.5661	 +4.2881	 +1.3645
 -2.1210	 -3.6051	 -3.4607	 -0.8453	 +1.8801	 -7.0477
 -4.5425	 +1.5434	-13.3853	 +0.1800	 -0.6731	 +2.1898
 +2.0342	 -2.4512	 -4.5970	 +1.1769	 +3.7647	 -1.5155
 -3.0594	+10.5199	 +2.9334	 +1.4831	 +1.0485	 +0.0885
-156.1856	-52.7065	+202.2995	 +0.5218	 -0.6821	 +0.2356
 +1.9381	 -3.6681	 +1.2549	 -1.5580	 +0.6453	 -0.1387
 +6.7460	 -8.2241	 -6.7802	 +1.7852	 -0.8665	 +1.2394
+11.3979	 +3.4335	 -2.8717	 -1.4543	 +0.5477	 +2.4412
 +2.3622	 +7.2942	-11.0779	 +0.2595	 +4.1838	 +0.5050
 -2.1726	 +1.3536	 +5.1219	 +0.5704	 -0.2572	 -3.8416
+31.8350	+39.3674	 -1.7963	 -0.8294	 +1.7701	 -1.9325
 -4.8904	 +4.9209	 +6.0536	 +2.3286	 +0.4665	 -3.6793
 +5.0418	 -7.0859	 +7.0967	 +3.1304	 +1.4301	 -1.9629
-10.2768	 +3.6720	-20.4816	 +3.0904	 +0.6181	 +0.6868
 +1.7771	 +8.6990	-10.0132	 +0.3039	 -1.8183	 -0.6338
 -6.1740	 +1.8147	 +2.6061	 -1.1860	 -2.0695	 -2.0490
 -0.3805	 +9.0320	 +3.9122	 -3.0724	 -1.0201	 -0.5039
 +0.2747	 +1.6005	 -6.0696	 +0.5009	 +0.2307	 -0.5521
 -7.8360	 -6.5262	 -9.6704	 +1.7649	 -0.6886	 +0.1649
 -3.5824	 -6.7308	 +9.4524	 +0.0558	 +0.0940	 -0.8958
 +9.6931	 -2.4496	 +2.4512	 -2.6465	 -0.2631	 +2.7264
 -5.9347	 +2.5250	 -1.6974	 -1.4196	 +1.5804	 +0.0800
 -2.1945	 -4.3412	 -3.8134	 +2.3359	 -0.5885	 +3.0372
 +5.6349	 +1.0287	-10.5180	 -1.3610	 +1.5923	 +0.6069
 -0.1161	 +1.4907	 -6.3985	 -1.0167	 -0.5077	 +0.1561
-15.3721	-14.1342	+17.1540	 +1.4917	 +1.5018	 +3.6183
 +0.7421	 +0.7819	 +1.0809	 -0.7258	 +1.6641	 -2.3956
+12.0489	 -8.8810	 -3.9775	 -1.3907	 -1.8255	 +1.3615
 -8.2105	 -9.4912	 -5.1395	 -1.5850	 +1.2471	 +2.4057
-13.8378	 +1.8355	 +7.1438	 +3.1355	 +1.0034	 -1.9909
 +1.8427	 -7.9434	 -0.2761	 +3.2714	 +0.2978	 +2.0947
 +8.5407	 -6.3999	 -7.1846	 +2.7119	 -2.7923	 +2.5021
 -5.2690	 +7.0162	 -3.1361	 +1.4391	 +1.8126	 -1.7694
-14.5409	+27.6820	-43.7896	 +0.5786	 +0.3016	 -1.1833
 +8.5317	-11.6156	-50.7653	 -0.0953	 +1.0097	 +0.4966
 +3.4984	 -2.9465	 -4.5587	 +2.4456	 +0.8686	 +1.8315
-17.3138	 -0.3491	 -9.3563	 -1.5721	 -2.6435	 -1.6876
 -2.2687	 +2.2032	 +2.0144	 -2.6560	 +2.9887	 -0.9293
-11.8491	-12.6121	 -5.9326	 +1.4162	 +3.6964	 +0.2525
-18.5811	-71.2554	 -3.4429	 +1.2661	 +0.7996	 -0.6926
 -1.0305	 -0.7183	 +8.7476	 -1.6871	 -3.2083	 +0.5646
 +3.8023	 +3.4555	 -4.2604	 +2.3438	 -4.0497	 +2.6824
+17.9294	 -5.7589	 -5.9462	 -1.6769	 +1.5243	 -4.2122
 -5.0111	 +9.9871	-11.7367	 +3.7538	 -0.3934	 +3.6887
 -4.4916	 +3.0409	-19.0632	 +1.8899	 -1.1853	 +0.6138
-10.4477	 +0.0892	 -9.5873	 +2.4848	 +1.5852	 -0.2956
 -7.3629	 +4.5627	 -0.7673	 -4.0412	 +2.7708	 +1.0423
 +3.8070	 +1.4078	 -2.9485	 +2.9092	 +4.7263	 +1.4798
 -6.0801	 +0.6675	 -1.1989	 -3.7687	 -0.9331	 +2.7351
 -7.5390	-22.5494	-13.1437	 -0.6073	 +0.0191	 +2.5266
 -1.8591	 +3.7282	 +2.0029	 +4.0782	 +0.7432	 +1.3097
 +4.5482	+14.0995	 +6.7679	 -0.0326	 -3.1915	 -1.4165
-58.4540	 -4.0459	-10.8733	 +0.3005	 +1.2633	 -1.0602
 -2.9457	 +1.7682	 +1.8501	 +2.3080	 +1.2238	 +1.7395
 +0.6759	 +1.0382	 -8.7696	 +3.0702	 +2.8933	 -0.7561
 +6.5636	 -5.1639	 -3.6155	 +0.7511	 +3.9551	 +0.1082
 +2.4456	 -1.8592	 -6.7369	 +0.7563	 -3.1939	 -0.0674
 -1.7499	 -3.9453	-15.3868	 +3.3418	 +2.3952	 -2.6409
 +1.0230	-10.7085	-24.0608	 +0.5496	 +2.0935	 +2.1821
 -8.8793	 +7.1463	 +3.8093	 +0.1055	 -0.3230	 +5.1481
 -4.5572	 +1.7530	-13.6232	 +4.9076	 -0.4383	 -1.7769
+11.3398	 -0.6823	 -3.8093	 +2.1328	 -2.4674	 -0.9105
 +2.5766	-29.6279	-20.7197	 -0.6975	 +0.6215	 -0.9892
-11.2798	+20.1882	 +0.5251	 -1.1626	 +0.3919	 +2.3137
 -3.8749	 +1.0956	 -0.9663	 +1.6940	 +2.4382	 +2.6003
 +0.5628	 -0.1428	 +5.4589	 -1.8240	 -4.6612	 -0.8751
 -7.2438	-10.0639	 +7.9281	 +0.2217	 -2.4169	 +1.8420
 -2.0691	 +4.7835	 -6.7948	 +1.0207	 -4.6852	 -2.5765
 +2.5878	 -0.6014	 +4.5281	 -3.1804	 +2.2605	 -2.9389
 +0.3212	 +0.5815	-11.1517	 -5.3820	 -1.1885	 +0.6017
 +0.1146	 +9.0426	 +5.1654	 +1.2072	 +2.5594	 +1.6575
+34.7176	 +6.5993	 +4.4461	 +0.8675	 -0.0924	 +0.7868
-23.2424	+12.7746	 +1.4250	 +1.0008	 +0.0970	 +1.8017
 -3.9611	 -4.6348	 -7.3422	 +0.8174	 -0.2447	 +2.2636
 +4.7739	-21.9069	-20.2412	 -0.9678	 -2.3796	 -1.8525
 +5.5610	-11.0409	 -5.0995	 -1.4168	 +3.6518	 -2.2174
+10.7393	 +8.5053	 -5.0329	 +0.3894	 -1.7541	 -2.0667
-32.9248	 +7.8099	 -0.6835	 +2.6083	 -0.1404	 +3.3284
 +4.8041	 +5.4611	 -0.8622	 -0.8273	 +2.3659	 -1.2071
 +8.4020	 +5.4889	 +5.6079	 -0.2817	 -3.2893	 -0.0852
 -1.4930	 +6.7897	 +1.0945	 +4.4952	 -0.2091	 +2.7979
-12.7903	-11.6434	 +8.9397	 -0.2425	 -1.6368	 +1.4738
 -9.6011	 -3.5172	 +0.7856	 +1.0360	 -4.2508	 -1.3090
 +2.5151	-13.7918	 -8.6922	 +2.7336	 -1.5823	 -1.3956
 +2.4847	+15.9512	 -1.5571	 +3.6311	 +0.8889	 +1.7724
+18.1744	+11.9819	-15.6276	 +2.4846	 -1.6598	 +0.1456
-19.2075	 -4.2590	+16.7026	 -0.4230	 +2.8556	 +2.2351
+30.8573	 -8.7210	+67.7914	 -0.0753	 -1.8362	 +0.6120
+10.5839	 +6.5833	 +4.7636	 +1.3020	 -0.9260	 -0.6311
 +0.6232	-13.1351	 -4.9996	 +2.6582	 +1.7267	 -1.8584
 +2.1097	 -0.8385	 +1.5179	 -1.0468	 -0.9348	 -2.3517
-17.8028	 +9.9746	-15.5011	 +1.7212	 -1.4572	 +0.8495
 -3.8063	 -2.5881	 -3.7642	 +4.0515	 +2.8798	 +2.9158
+25.3231	 +2.8628	 -4.8056	 +2.0349	 -0.4891	 -2.0507
-11.7538	-16.5200	 -3.3039	 -1.4566	 +2.2889	 +1.6993
-14.6718	+14.7984	-14.3732	 -1.9250	 +2.2575	 -2.2981
 -7.6001	-22.4083	 +9.9580	 -2.5868	 -1.0154	 +1.6706
 -3.6031	 +4.5171	 +0.1194	 -1.7067	 -0.0405	 +2.5831
+12.8100	 +5.5859	 -9.9778	 +3.1152	 -1.7451	 +0.0472
 +0.1636	-19.7552	+14.4886	 +1.5196	 +0.6327	 +0.1939
 +1.3764	 -7.8806	 -4.0094	 +1.3845	 -0.1254	 +2.9868
 -2.0148	 -5.4874	 -0.5905	 -4.6827	 +1.3571	 -3.6782
 -9.4894	 -3.3255	 +0.0958	 +1.3901	 +0.7383	 -1.9698
 -1.9979	 -3.1711	 -0.2328	 -3.3202	 -4.3132	 -2.6496
 +3.0791	 -8.0729	-14.8042	 -1.7637	 -1.2900	 +1.0793
+10.2021	 +1.7657	+28.3511	 -0.3362	 -1.8540	 +1.0080
 -5.0256	 -8.7349	 -2.2241	 -2.5159	 -0.2182	 +0.3670
 -1.2698	+12.6481	 +2.8394	 +0.7433	 +0.3909	 +4.1494
 +5.6950	 +1.9835	 -6.5730	 +0.3974	 -0.9901	 -2.5510
-10.2185	 +2.1736	+13.2141	 +2.3671	 -0.0257	 -2.5240
 -5.9877	 -3.9831	 +6.2908	 -3.0605	 +0.4507	 +2.4049
 +3.5690	 -1.1289	 -1.5960	 -0.6386	 -0.6894	 -2.9184
+33.6643	 +7.9146	-19.3378	 -0.6379	 -1.1658	 -0.0502
 -6.7938	+11.8410	-27.3073	 -3.1088	 -0.3967	 -1.3005
 -1.2160	 +1.4831	 +0.5130	 -5.0949	 -0.0620	 -1.5233
 +2.1188	 -4.5245	 -9.8996	 +3.6064	 +0.0208	 +1.2153
 -1.0801	 +2.0822	 -1.3194	 -0.9929	 +6.1457	 +1.8672
 -6.5419	 +5.8309	 -3.8058	 +0.2977	 +1.7437	 -3.5318
 +1.2382	 +7.8257	 -0.1318	 -0.6662	 -4.3572	 +2.8551
+12.8762	+10.4625	 -2.5868	 -3.2509	 -2.2736	 -1.3361
+24.0881	 +0.1580	 +6.4803	 -2.2110	 +0.9243	 +0.5506
 -1.1911	 +0.6558	-11.7015	 -1.0036	 -1.1961	 -0.6376
-14.0092	 +0.4819	 -3.3787	 -2.1772	 -0.4152	 -2.4541
 +1.0046	 +1.0681	 -4.0427	 +1.5507	 +0.2423	 +1.2968
 -1.1275	+10.6409	 -1.2086	 +1.9508	 -3.6286	 +1.9991
+17.7144	-62.9610	-33.2101	 -0.4316	 +0.9157	 +0.6942
 +1.6169	 +8.3237	 +9.3112	 -0.5876	 -3.4789	 +2.1015
 +2.4794	 -2.5302	 -5.8517	 +1.7125	 +1.2059	 -0.9937
 -6.4381	 +2.9629	-11.5883	 +2.0120	 -0.7267	 -0.1097
+10.6534	+18.6677	+29.1334	 -1.0113	 +0.0192	 -1.0334
 +2.1045	 -4.0146	 -1.0046	 +2.5442	 -5.3783	 -0.8315
 -1.2309	 -0.6293	 +3.3830	 -2.5153	 +3.6826	 -3.3370
+15.9351	-18.6396	+21.3033	 -0.7405	 +1.2840	 -2.1098
 +0.0510	 -7.7086	 +1.7547	 -2.8224	 -0.5979	 +1.1433
-72.0168	-57.3481	+28.1742	 +0.5524	 +1.2501	 +0.5216
-12.3531	 -4.4860	-12.2644	 +2.6168	 -0.2872	 +0.7934
+60.0139	+42.4770	+41.6974	 -1.2361	 -1.2659	 -0.3483
 -6.1737	 +9.0389	 -6.0584	 -1.2688	 -2.9490	 +3.3659
 +9.4748	 -7.1552	 +0.7068	 -1.1867	 -1.7611	 +0.4429
-109.6438	+51.8814	-21.5820	 -0.5264	 +0.7735	 +0.2675
 +1.8961	 -4.2348	-14.4031	 -3.5213	 +0.1533	 +2.1901
 +7.3410	+11.0596	 +3.9370	 +1.4171	 -0.3144	 -0.8041
 +5.9564	 +1.3473	 -5.2012	 +0.8587	 +0.5878	 -3.7164
 -1.4899	 +3.4361	 -6.3329	 +1.5571	 +2.7426	 -1.5338
 -1.0546	 -2.8515	 +0.1337	 -2.1134	 +1.9565	 -2.3463
 -7.5102	+10.0794	 -4.6063	 +1.9083	 +3.6749	 -1.7906
 +1.1705	 +2.3743	 +0.3203	 +4.2272	 +2.8619	 +0.2980
 -5.2764	 +0.5472	 -0.6051	 +4.1827	 -4.3518	 +1.0088
 -6.4328	+12.4255	-12.3684	 -0.4672	 +4.6045	 -0.0330
 +5.9560	+10.7704	-10.7925	 -0.3563	 -0.9545	 +1.5659
 -0.1135	 +1.3141	 -0.1680	 -1.6883	 +2.5307	 -1.2971
 +3.9231	 -2.2020	 -4.4149	 +0.3045	 +2.8907	 -2.3896
 +4.7336	 +1.8594	 -1.2074	 +1.8728	 -2.0353	 +3.7668
-33.9409	+11.2713	+12.7361	 -1.2802	 +1.0316	 +0.5081
 -5.9894	 -1.7299	 +5.8830	 +3.2470	 +4.8492	 +2.3432
 -2.4978	-14.2394	 +9.3638	 -1.3007	 -4.4154	 +2.0054
-14.4273	 -4.4578	 +4.9500	 +1.5596	 -0.7935	 +3.8192
 -2.0987	 +1.8805	 -7.0137	 -1.5996	 +1.4816	 -1.8792
 +9.4977	+15.9342	-22.7028	 -1.2254	 +0.9932	 -2.5000
 +1.7580	 +7.4356	 -8.0634	 +3.5992	 -1.8980	 -0.2088
 -9.2841	 +2.3129	-15.0285	 +1.1981	 +0.7714	 -0.9339
 +3.0761	+10.6042	 -0.6498	 +0.2152	 -3.0924	 +1.5700
 +4.2807	 -3.5231	 +2.9620	 +0.0122	 -4.0216	 -2.5406
 -8.2716	 +3.7752	 +7.0003	 -0.1333	 -0.2855	 +0.3187
-15.0732	 -2.2288	+15.3514	 -0.4454	 +1.3612	 -1.1955
-44.8719	+10.8948	 +4.6561	 -2.3192	 +1.4913	 +0.8226
 -0.5574	 +3.5611	 -1.3285	 -1.4260	 +0.0463	 +1.2705
-27.0221	+12.0181	 +9.0915	 -0.9594	 +4.5640	 +0.1749
 -8.9183	-10.7154	 +6.6481	 +1.0126	 +1.1280	 -1.0195
 -6.3049	 -2.4678	 -3.9924	 -3.5856	 -3.3534	 -1.7090
 -4.4766	 -1.0263	 +3.4318	 +1.0568	 -0.6730	 +0.5305
-14.6105	-51.2791	+32.6054	 +1.9030	 +0.0646	 +0.8438
 -3.8004	 +8.6334	 +0.0113	 -1.6935	 -1.8002	 -1.7991
 +1.1581	 +0.5020	 -6.4248	 +4.9059	 -0.8333	 +2.0685
 +0.8873	+16.3826	+15.5559	 -1.8712	 +0.0594	 +1.8152
 +5.3277	+15.5824	+16.9635	 +0.3370	 +1.7209	 +0.5687
 -0.8610	 +6.9013	 -6.4461	 -0.6439	 +1.0061	 -3.0438
 -4.2387	 +7.3394	 -1.6817	 +1.7181	 +0.5730	 -0.9705
 -3.0153	 -2.5796	 -4.0109	 -1.5574	 -0.4009	 +4.5072
 -2.8559	 +3.4627	 -2.9907	 +0.1573	 +0.1310	 -1.2536
+11.1001	-13.3612	 +2.2327	 +0.7825	 -2.5544	 -0.9024
 -1.8727	 +1.6605	 -3.3251	 +0.4142	 +3.0119	 -3.4595
 -1.7148	+21.9260	 +1.3560	 +1.8146	 -0.5410	 +2.6690
 -6.6755	 -6.3795	 +1.9478	 -0.1273	 -2.7629	 +1.1244
 -5.0732	 +2.4035	 -0.0380	 +1.4068	 -1.1423	 +0.8493
+19.5083	+13.1001	 -2.7852	 +0.3101	 -2.2867	 +0.3322
-10.4968	 -1.9360	-11.8305	 +2.7281	 +0.3188	 -0.3619
 -2.6937	 -2.2327	+10.6012	 -1.1930	 -1.2549	 -3.5831
 +2.7407	 +1.8242	 +0.7377	 -0.1292	 +0.0115	 +2.0456
 +8.5932	+10.8113	 +4.8328	 -2.4933	 +2.9790	 -0.3038
 +5.2557	 +1.3287	 +1.9824	 +4.6463	 -3.8819	 +0.2070
 -3.4077	 +9.2440	 -5.7377	 +2.6901	 -2.6354	 -0.5332
 +4.5137	+15.8768	-16.6823	 -0.3884	 +1.1891	 +1.5236
+11.5741	 -2.0991	 -5.2908	 +0.3199	 -3.5314	 +0.6338
-10.2709	 +2.4216	 -2.2424	 +1.8123	 +2.1789	 -0.2673
 -0.2740	 +4.3429	 -7.4238	 -0.7478	 -3.5822	 +1.5408
-13.9185	 +3.5871	+10.5924	 -2.1509	 -0.3487	 +1.6024
 +7.5209	 -8.9091	+37.1451	 -1.0686	 +0.8346	 +1.9113
 -3.1227	 -8.7662	 -3.8015	 -0.1861	 -1.0494	 -2.9370
-16.0098	 +8.1252	 +0.7600	 +0.6511	 +3.4603	 -0.0228
 +3.9824	 +1.0077	 -1.6813	 +0.4069	 +0.3606	 +0.3015
+17.3240	 -9.0630	 +8.2223	 -0.5078	 +0.8348	 -0.9080
 +0.3637	 -6.9423	 -1.0056	 +2.8990	 -0.8887	 -0.7557
 +0.4181	 +0.1948	-11.8663	 +0.5610	 +6.2047	 -0.8107
 -4.9805	 -4.1470	-10.7972	 -2.9303	 -1.8128	 +2.2519
-22.5316	 +4.8548	-40.9914	 +1.1033	 -1.1111	 -1.0494
+14.3810	+16.3414	+30.0541	 -1.1360	 -0.9374	 +0.6639
 +4.5513	 -1.7873	 -0.8335	 -1.3961	 +1.1602	 +0.7344
 +0.8761	 +6.3297	 +0.5516	 -2.6032	 -2.4067	 -2.5931
 -6.3876	 +8.5774	+22.3090	 -1.1480	 +0.6484	 -2.9713
 -7.3688	 -4.9365	-10.3142	 +2.6856	 -1.4966	 +0.6758
 -2.9435	 +1.7358	 +1.1709	 -4.8843	 -1.5469	 +0.0469
 -9.5696	+15.6422	+12.9487	 -1.5290	 +0.8859	 -0.2844
 +3.9917	 -7.7305	-12.1516	 +0.1261	 +1.6615	 -1.3069
 -3.5945	 -6.5729	 +6.0187	 +2.0992	 -4.2641	 -0.3117
 -3.3294	 -4.5124	 -4.6919	 -2.8790	 -1.3245	 +0.7624
 -2.2257	 +3.4003	-11.5442	 +3.5757	 -1.6112	 +0.8627
-17.3923	 +1.3011	-16.1558	 +2.9505	 +2.3152	 +1.3360
-11.9414	 -6.3909	 +0.0253	 +1.6461	 +0.8313	 +3.1891
 +4.6526	 -1.6459	 -4.9399	 -0.4376	 -0.5059	 -1.7221
 -4.9763	 -2.0027	 -4.0880	 +1.0651	 +2.5471	 -3.6866
 -2.1847	 +2.1864	 +1.6892	 +1.1494	 -4.5872	 -2.4110
 -0.7676	 +3.5804	 -1.2885	 +1.4544	 +0.4463	 -3.4513
+22.9603	-14.9746	 +4.8228	 +1.1954	 -0.0694	 +1.1167
-15.4122	+18.8627	 -8.0742	 -0.9153	 -0.3844	 -0.8734
-11.8061	 +3.3452	 +0.4838	 -1.1989	 -1.5790	 -2.4984
 -0.0453	 +3.3681	 -9.6589	 -1.3022	 -3.2963	 -2.7122
-14.2286	-10.3527	+10.1907	 -1.0405	 +1.5839	 -0.3877
 +9.2762	+10.2213	-19.4712	 +2.5659	 -0.9724	 +2.2101
 -0.3617	 -3.7587	 -1.3636	 +6.8422	 +2.8649	 -1.0701
+20.3726	-12.1693	-24.1221	 +0.0697	 -0.0994	 +2.0630
 -1.3341	 -4.8950	 -3.5700	 -4.9264	 -4.9606	 +1.1135
 -6.7994	 -0.7454	 -1.9387	 +0.1631	 -2.2087	 +3.5864
 -0.6458	 -1.5471	 -2.7243	 +0.6366	 -1.5959	 -2.8131
+23.3124	 +7.0305	 -0.1169	 -0.1283	 +1.7838	 -0.1873
 +4.0329	-12.0661	 -8.6684	 -3.7968	 +0.6183	 -3.8008
 -5.5227	 -5.5411	 -2.2751	 -3.3391	 +1.6464	 -5.6247
+21.7240	 -6.3514	 -6.3300	 +0.8638	 +0.9187	 +0.2449
-19.8835	 -4.4163	 -4.9252	 -0.5273	 -1.9219	 -0.2366
 -4.6673	 +7.4586	 +4.5814	 +2.9877	 +0.6827	 -1.7870
 -7.7703	 -2.1708	-10.7860	 +2.3409	 +2.1145	 -0.4413
-14.6522	 -3.2890	 -0.5549	 +1.4753	 -0.0978	 +0.9321
-18.2711	 -2.4082	-10.8221	 -0.7981	 +1.6782	 -2.6802
-26.9243	 -6.3779	 -4.9502	 -3.0682	 +2.6571	 +0.8712
 -1.0363	 +0.6583	 +2.7652	 -3.7557	 +2.7626	 -4.5515
 -1.4600	 -2.8977	 -1.0699	 -0.9340	 -3.6117	 +2.4827
 -3.9156	+18.6456	 -1.5858	 -0.9085	 +1.5247	 -2.6046
 +3.8304	 +9.8457	 +3.3041	 +1.0803	 -4.0414	 +0.2487
-12.5799	+14.2163	-48.9060	 +0.1241	 +0.0177	 -0.1545
+11.4851	 +8.4664	 -2.1111	 +1.3406	 +2.7409	 -0.3521
+14.6291	 +6.2540	-14.2505	 +1.8991	 -1.5776	 -2.0415
-12.1092	 -3.0115	 +1.3336	 +2.7811	 +0.3059	 +3.0180
 -6.4985	+17.9390	-18.3946	 +0.9741	 +2.4492	 +2.8209
 -1.1309	-11.0224	 -5.1758	 -1.1759	 +3.5072	 -1.3628
 -4.7437	 -4.9412	 +0.0837	 +0.4058	 -2.6982	 -1.8793
 -4.2096	 -1.9105	 -6.5953	 -5.8925	 +0.0611	 +1.3616
 -0.4483	 +0.5558	 +2.7590	 -4.5151	 -0.1924	 +0.2721
 -9.4933	-13.7046	 -1.2449	 +0.3170	 -1.2825	 -0.1853
 +0.8725	+24.8646	 -2.9484	 +2.8175	 -0.4137	 -2.7114
 -0.4673	 +2.1037	 -3.7356	 -0.5770	 -0.9217	 +1.2525
+10.6911	+11.9675	 +5.9951	 +0.3073	 +1.8128	 -1.7826
 -3.9801	 -7.9325	 -1.2537	 +1.6913	 +3.0046	 +4.7644
 +1.5737	 -9.6114	+18.0169	 -1.6299	 +0.9964	 -0.0532
 -2.0289	 -0.3818	-10.2325	 +2.0097	 +0.9486	 -0.9142
 +4.6492	 +2.7530	 -8.1147	 +0.7791	 +0.7761	 +1.2603
 +3.2560	 +4.3035	 -0.1386	 -3.8813	 +0.3382	 +0.4777
 -4.1253	-16.7219	 +6.8007	 -2.4013	 +2.0047	 +0.2454
 -4.3876	 +5.2537	 -4.5871	 -1.1233	 -0.7257	 +0.4251
 +0.5896	 -0.7659	 -4.5592	 -1.6904	 -1.2512	 -0.2402
 -5.8912	 +2.0331	 -4.6425	 +0.1535	 +0.7791	 -2.9164
 -1.1131	 +6.3397	 +0.9847	 -0.3967	 -1.8344	 +0.1351
 -5.2915	 +0.3667	 +0.3239	 -2.1046	 -2.9733	 +1.6413
+10.5921	 -2.3991	 +3.8973	 +0.5153	 +0.2503	 -1.7553
-12.5366	+19.6035	 -7.0056	 +0.9716	 -2.5215	 +0.9880
 -5.2613	 -8.1906	-15.2202	 -0.3061	 +3.0262	 +1.4421
 +5.8027	 -2.3356	 -4.1251	 -1.5196	 -4.0758	 -0.4383
 -4.8448	 -1.5668	 -1.1174	 -1.7746	 -0.3475	 -0.9457
 -2.8030	 +3.8009	 -9.3848	 +0.1975	 -3.2255	 +1.2187
-19.5997	 +2.2006	+13.4326	 -0.9887	 +0.1308	 -4.1748
 -3.5463	 +6.9032	 +7.3557	 -2.6817	 +0.5173	 +5.4294
 +0.0215	 -2.9919	 +0.6108	 +0.5548	 +0.0507	 -1.6916
 +1.9878	 +2.6636	 -2.6915	 +0.0930	 +0.5418	 -0.6014
 +2.9909	 +9.6106	 -1.7838	 +3.3480	 +1.3549	 +1.0342
 -1.4598	 -4.9806	 -0.6875	 -1.9923	 -0.4400	 -5.7028
+19.5419	 -7.1735	 +3.7284	 -2.9424	 -1.5004	 -3.0804
 +0.4889	 +2.6834	 +2.1329	 +1.0054	 +2.7578	 -0.2581
 -2.2758	-35.2468	+58.3305	 -0.3745	 -1.1490	 +0.4673
 +0.0051	 -7.0340	 +0.0217	 -0.9523	 -2.6675	 -1.0225
+37.1171	+34.8446	-30.1474	 -1.7860	 -1.2360	 +0.6063
 +1.5588	 +2.3539	 -1.7136	 -1.0117	 -3.8652	 +3.3450
 -1.8134	 -1.0035	 -0.3111	 -0.7436	 -3.5025	 -3.2749
+51.8400	 +1.5374	-44.0802	 -0.3301	 -0.1711	 +1.5262
-12.5068	-33.3186	+27.7367	 +2.5900	 -1.9865	 +1.4436
+104.1895	+58.3993	+14.6752	 +0.0375	 -0.7997	 -1.6095
 +1.7990	+30.4411	 +4.8279	 +2.7991	 -1.1545	 +0.5906
+23.9921	+66.6658	-34.0070	 +1.1565	 -0.3972	 +0.0269
 -8.7079	 -9.4279	 +3.1722	 +0.6201	 +1.0879	 +1.8685
-12.3176	+17.1097	 -2.6750	 -2.7156	 -1.5239	 +1.2184
-10.7927	 +1.3323	 -4.8794	 -4.6508	 -0.7209	 +5.3311
+11.7971	+29.8363	-48.6423	 +0.7098	 +2.6483	 +0.2558
 +7.7052	-11.9374	+42.0988	 +1.4722	 +0.9675	 -1.0925
+21.9453	 +7.4008	 +2.9127	 -2.5890	 +1.4303	 +0.8184
 -2.3118	 -5.0649	 -8.1351	 +2.5533	 -3.3379	 -0.4990
 +0.2027	 -6.2882	 -4.5764	 -5.5580	 +2.7099	 +1.7764
 +8.6782	 -5.0780	 -2.4607	 +1.6692	 -0.5583	 -3.3350
 -2.2027	 -3.9960	 -2.0281	 -3.5014	 -0.8419	 +5.3756
-11.8811	 -8.7683	 -6.0734	 +0.0075	 +1.8938	 +0.9840
 -2.1366	 -1.7924	 -2.6738	 +4.4806	 +3.2838	 +0.9586
 +0.2362	+23.0137	 +7.7875	 -1.2444	 -2.2226	 +0.7039
 +3.7293	 +6.7075	-15.5383	 -0.0773	 +3.2538	 +0.4202
 +7.7490	+15.3476	-25.9150	 -1.6424	 +0.0784	 +0.0888
 -5.1875	+10.3509	 -1.9381	 -1.5586	 +3.8898	 -0.5365
+17.6676	-20.9974	-11.7697	 -1.2318	 +0.9493	 -0.9058
 -4.8646	 +2.6268	 +2.9501	 -0.5008	 +1.0241	 -0.8480
 -1.8872	 +4.7796	 -2.8369	 +0.9434	 +0.7509	 -3.0800
+12.1565	-18.4153	 +0.0355	 -1.0138	 +1.0598	 -0.4461
 +2.2091	 +2.2210	-13.3913	 +0.1729	 -2.5636	 +3.2691
 -4.5890	 -6.1624	 +2.7546	 -2.8207	 +0.4646	 +5.6883
 -0.1480	 +5.3965	 -0.3167	 +1.0498	 -1.4233	 -5.5721
 +1.9829	 -1.8289	 +4.1990	 -0.0908	 +0.6660	 -4.3985
-23.3896	+24.6251	 +8.6504	 +0.0036	 +1.7440	 +0.8208
 -6.1713	-12.2214	 +1.5585	 -2.8917	 -1.4445	 -1.5378
-14.6704	 +4.2257	 -0.2358	 -2.9822	 -2.9031	 -0.9221
+14.2776	+10.4225	 +6.7310	 +3.7333	 -0.5791	 +1.1192
-13.1789	 +4.3505	 -3.8727	 -2.4944	 -0.7050	 +1.8126
 +3.9647	 -0.1230	+10.6659	 +1.1242	 -1.4732	 -2.3097
-14.4877	+66.2361	+21.8274	 +0.7365	 +0.2476	 +1.2426
+20.6622	 -5.9743	 +5.3402	 +1.4160	 +1.0635	 -0.9722
 +4.8721	-10.5379	 +6.9009	 +1.4859	 -2.6588	 +0.5407
-13.3041	-33.4398	+26.4861	 -0.8595	 +0.6034	 +1.1442
-40.1459	+34.7474	+25.2883	 +1.2662	 -0.2347	 -0.6510
 +0.7960	 +0.6652	 +1.0457	 +0.4451	 -4.6381	 -0.6226
 -2.8958	-17.9163	 -5.1525	 +3.2909	 -0.2850	 +1.7083
 +7.2833	 +9.9648	 +3.3670	 -4.1094	 +1.7941	 +2.1492
 -4.8879	 -2.9766	 -1.8476	 +2.7538	 -6.0420	 +3.3931
 +6.3607	 -2.3170	 +3.8211	 +4.5509	 -0.3365	 +0.3450
 +9.6015	+12.3613	 +7.4773	 +3.0379	 -0.7079	 +1.2205
 +4.0964	-33.5701	+110.8378	 -0.2995	 -1.4551	 +0.5443
-23.6188	 +9.6367	 -3.1740	 +0.5170	 -3.0590	 +0.3338
 +6.4488	-13.1117	-18.9339	 +2.3823	 +0.9985	 -1.1285
 -5.0667	 -1.8531	 +3.2526	 -1.9693	 -2.8834	 -0.5495
+10.0859	 +0.2447	-11.0387	 -3.8896	 -2.3294	 +1.8474
 -5.9526	 -6.4770	-18.3285	 -0.4486	 +0.2645	 +2.6788
 +1.7318	 -7.5728	 +1.9569	 +3.2417	 -0.3321	 -4.2057
+24.7251	-24.7372	+39.0316	 -1.3615	 +1.1535	 -0.3980
 -9.1126	-15.7875	 -9.8113	 +2.7050	 +0.6945	 -3.3190
 -1.0743	 -9.5830	 +0.5198	 +0.8465	 -3.2151	 -1.7852
 +5.9478	 +5.1257	 -4.0400	 +0.7357	 +4.0781	 -2.5666
-16.5956	 +7.2982	+14.2925	 -1.5868	 +1.7237	 -1.5012
 +9.9384	 -4.3191	 -0.9158	 +0.8089	 +4.5905	 +2.1229
+14.3650	 +3.0403	 +4.8086	 +0.5415	 -3.5165	 -2.6323
+11.6254	 +1.0563	 +3.0619	 -4.1516	 -0.4546	 -1.7082
 -0.3187	 +0.2267	+22.8485	 -0.3388	 +2.9740	 +0.2897
 +3.4299	-11.3160	-12.1281	 -0.4652	 -4.7756	 +2.0060
 +0.1494	 -0.0096	 +4.9710	 +3.3183	 -2.9961	 -0.5707
 -5.1475	 -0.8425	 +5.0865	 -1.7947	 -1.2813	 +0.7187
-15.0738	 -3.5563	-10.5718	 +0.0031	 +1.0190	 -0.1302
-12.0283	 +3.7945	 +0.6358	 +2.4396	 +0.2984	 +0.6759
 +1.7890	 +8.2155	 -7.0345	 -0.2729	 -0.1059	 +2.7912
-16.4621	 +2.1534	+10.0807	 +4.8598	 +0.2445	 +1.6009
 -2.2126	-10.2517	 +3.1516	 +1.3558	 +1.0911	 +2.5480
 -5.8857	 -2.1710	 -3.4580	 +2.0997	 -0.1307	 +0.8128
-11.3197	-10.0039	 +0.7531	 +1.1743	 +3.0574	 +0.5895
 -0.5766	 +6.8166	 +4.3237	 +2.9828	 -3.0386	 -1.8415
+27.0212	+23.2614	 -5.3774	 -0.9237	 +0.8188	 -0.2354
 -5.0086	 -9.3425	 +0.1245	 +2.1364	 +0.4483	 +0.5043
+24.8979	 +3.7220	 +5.9049	 -1.0764	 +2.2746	 -0.8728
 -5.2050	 -3.8358	 -7.7139	 -3.0328	 +0.9277	 -2.2995
 -5.1653	 +3.9901	 -9.1692	 +0.5548	 +1.1925	 -0.5318
 -1.5884	 +1.7681	-11.7406	 +4.2087	 -4.1913	 +1.2785
 +1.7445	 -5.5895	 +0.5884	 -0.4140	 -3.0670	 -2.6952
 -6.6503	-24.8695	 +4.7750	 +0.0599	 -3.1275	 -1.6679
-11.1384	 +9.7674	 +4.1344	 +1.9011	 +0.0251	 -3.3185
 -2.4728	 -0.8776	 -2.0740	 +0.7999	 +5.2700	 +2.6397
-17.4975	-10.0459	+16.9657	 -3.0373	 -0.4895	 +0.7685
-10.2847	 +0.7554	 +2.0598	 -5.0103	 +1.0691	 -0.6836
-17.7404	 -7.8166	 -5.9998	 -1.5003	 -2.4773	 +1.3370
 +0.7211	+23.2417	-11.2701	 +1.6742	 -2.4808	 +2.2730
-13.5684	+13.1668	 -3.0407	 +0.4245	 +2.4830	 +1.4874
 +2.5200	 -6.3464	 +5.4012	 -4.3810	 +2.0412	 -0.5590
+13.0411	-23.2692	 +2.7239	 -1.1895	 +1.5450	 +1.5736
+10.5857	 +4.0415	 +0.4859	 -1.9541	 +2.7054	 -1.2800
 +6.8216	+38.2550	-13.6221	 -0.1254	 +1.5357	 +2.2622
 +3.3906	 -2.8932	 +6.3047	 -0.5124	 +1.0421	 +1.8498
 -2.9985	 +8.3751	 -0.9813	 -3.4337	 -0.8182	 +0.3103
 -4.0493	 -2.6135	 -4.6908	 -0.2460	 -3.9739	 +0.3587
+87.0116	-29.6548	+51.3869	 +0.1252	 -0.9224	 -1.3777
 -0.9450	+10.6482	-14.5085	 -2.4885	 -2.3350	 -1.1466
 -0.1351	 -2.8822	 -9.3069	 +2.3709	 -3.2131	 -0.6196
 -0.8418	 +0.4675	 +7.2831	 +2.0777	 +0.9691	 -1.0950
 +2.1427	 +6.3110	-14.6275	 -1.0348	 +2.0436	 -0.2761
 -5.0811	 +1.2322	 +0.9696	 +4.1052	 +3.3556	 -4.2409
 +1.7460	 +0.8223	 +4.1954	 +0.8866	 +2.1133	 +1.5815
 +3.7917	 -7.4322	-10.7673	 -1.9150	 -2.5910	 -0.3507
 -6.0588	 +0.3513	+20.5491	 +2.3474	 -1.0998	 +1.9301
 +1.3741	 -4.8531	 +9.0642	 -3.6295	 +3.2402	 +1.3992
 +4.4982	+15.1118	+26.1704	 +0.5655	 +0.7840	 +3.5903
+10.7383	 +5.7447	+15.5395	 +0.5680	 +0.7240	 +1.9025
 +5.7633	 +1.5081	 -2.3130	 -3.1256	 +1.2766	 +0.1656
 -3.2461	 -8.0587	+21.1607	 +1.4106	 +1.2520	 -1.1939
 -9.6578	 -1.6249	+15.0791	 -1.4701	 -2.1515	 -2.5257
-19.5918	 +1.7810	 -4.8514	 +1.9011	 +0.9597	 +3.8818
 +2.5790	 +1.7302	 +2.1383	 -4.0679	 -3.0868	 -2.1722
-43.6236	+22.3422	 -0.9144	 -2.8757	 +1.3527	 -1.0378
 -2.8894	 -6.0797	 -2.8911	 +0.4491	 -6.4504	 +0.4881
-11.8892	 +3.0324	 +0.3233	 +3.1490	 +2.8743	 +2.2029
+17.8694	 +6.1337	 +7.0912	 -1.6511	 -1.0790	 -1.9271
 -3.4562	 +5.6560	+12.4961	 +2.1239	 -0.5165	 +1.0311
 +4.3876	-20.1988	 +4.7146	 -0.6617	 -0.1387	 +0.7476
 -6.8083	-11.1282	 -2.4819	 -1.9557	 +3.0099	 -1.5297
 -0.0932	+12.2034	 +5.5956	 +0.8695	 -0.7801	 +0.8336
-91.7056	-169.9755	+26.0443	 +1.0969	 +0.0080	 -0.0984
 +5.5179	 +3.7361	 +2.1527	 -1.8478	 -0.6431	 -0.6540
 -3.8656	 -6.7412	 -0.9685	 -3.4584	 +1.2411	 +3.0594
 +3.1317	 -0.9202	 -1.0359	 +3.2013	 +3.2892	 +1.6398
 -7.3925	 -3.2784	 +9.4765	 +2.1387	 -2.8202	 +3.7753
-11.9800	 -1.6345	 +0.5480	 -1.2583	 +0.2465	 +5.5056
 +0.6759	 +0.1143	 -6.5590	 +0.1416	 -2.4269	 +1.0442
 +0.9708	 -5.3289	-12.3177	 -2.0461	 +0.6278	 -0.3012
-13.6992	-12.2423	+22.0188	 +1.7592	 -2.9870	 -1.3040
 +1.5844	 +3.8922	 +1.8337	 -3.8065	 +3.6161	 +1.0991
 +1.9844	 +1.9035	 -5.1185	 -1.7920	 -2.0956	 -1.7666
 +0.6350	 -5.6283	 +4.3433	 -2.9285	 +4.2294	 +2.0715
 -1.0663	 +3.9074	 +2.9980	 -1.8973	 +4.3303	 +4.0535
 +0.6897	 -4.4233	 -1.8370	 +5.5164	 -1.1801	 -0.0411
 -5.2100	 +5.4195	 +7.8090	 -2.5923	 +0.5822	 +0.4005
 -3.5198	+22.1879	 -5.1237	 -0.7492	 +2.3555	 +2.6910
 +9.8314	 +1.2095	 -5.0594	 -0.0578	 -1.9523	 +1.8754
 -3.2280	 -0.8879	-13.4846	 +1.0367	 +1.1386	 -1.2216
 +0.4617	+27.9649	-29.5081	 +0.1865	 -1.1595	 +2.4985
 -0.5104	-19.2256	+39.6633	 +0.4423	 +0.6022	 -1.8718
+17.4131	-19.2504	 -8.8042	 -0.7408	 +3.2611	 -1.2410
 +0.1613	 +2.6573	+14.9523	 -1.6986	 -1.3134	 -2.2448
 -0.3820	 -0.3618	 +1.4078	 -3.0947	 -2.0425	 -5.4703
-13.8662	+14.4563	 +0.9522	 -2.0814	 -0.4522	 +1.0889
 +3.5934	 -5.6115	+28.8085	 -1.5659	 +1.3063	 -1.2506
-46.2370	+21.6883	-75.7226	 +1.0195	 +1.8844	 +0.0139
 +6.7530	 +0.1253	 -1.4919	 -2.2320	 +3.3420	 -0.2194
+12.8235	-16.1990	 -4.2969	 -0.9166	 +1.7554	 +0.8353
 -3.3896	+16.2733	-14.0055	 -0.2363	 +0.8170	 -0.6755
-27.7099	 -1.7917	 -7.3693	 +0.0965	 +1.1260	 +0.0722
 -0.3002	 +5.5570	 +2.3757	 -1.3174	 +1.9878	 +2.2425
 -2.1090	 +5.8740	 +2.4012	 +2.0593	 -1.0989	 -3.5349
 -3.6633	-24.5661	-17.0182	 +0.7659	 +3.1324	 -1.2170
 -0.7984	+12.4057	 +1.7125	 +2.6348	 +1.9135	 +0.4835
 -4.8909	 +1.4737	 -0.0658	 +1.4768	 -3.1440	 +2.2437
 -2.9890	 -2.0057	 +9.2733	 -2.5160	 +0.8681	 +0.0774
+19.2040	+15.2124	-33.3262	 -1.1606	 -1.0238	 +0.5207
+28.8433	+40.3036	+69.4694	 -1.0533	 -0.5814	 +1.0634
 -5.8775	 +1.1273	-23.3643	 -1.6702	 -2.6067	 -0.1516
 +2.7508	 -8.2652	+16.0070	 +2.8463	 +0.6508	 +2.1758
 +0.1477	 +1.2500	 +1.9461	 -1.7850	 -1.1929	 -1.4952
 +3.6820	+16.4005	 +6.8726	 +1.6020	 -1.5279	 -0.3090
+67.9642	+28.5846	+35.0191	 -0.6651	 +0.1763	 +0.6543
 +0.3956	 -1.7091	 -4.4739	 -2.4416	 +3.5411	 -4.1601
 -1.7204	 +6.0066	 +4.3702	 -0.7513	 -3.5633	 +2.2356
-15.3637	 -7.2404	 +0.0717	 +0.0886	 +1.5264	 -3.4385
 +1.0751	 -1.4399	 +1.4441	 -2.7829	 +2.6974	 +3.6302
-40.8087	 +9.7562	+11.2697	 +1.1078	 -1.1460	 +1.8030
 -2.3328	 +6.4894	 -9.4692	 -0.7215	 +3.8950	 -1.7064
 +1.8507	 +7.8649	 -6.9790	 +0.8591	 +2.9086	 -3.5563
 -0.1682	 -5.9107	 -1.2916	 +3.7101	 +5.0025	 +0.8089
 -8.2487	 -0.2310	+28.9591	 +1.8958	 -0.1993	 -0.8712
 -7.7414	 -5.0586	 +6.9728	 -0.5018	 -4.4173	 -2.1480
 -9.4764	 +4.7214	 -1.2707	 +2.3295	 -5.6055	 -1.0944
 +8.7089	 -4.0539	 +5.1731	 +0.0634	 -0.6432	 +0.5634
 +4.1755	 -7.5260	 +7.0220	 -3.8443	 -3.9781	 -2.7145
 -0.5560	-11.3773	 +7.5858	 -0.3182	 +1.8188	 -0.8728
 +3.0896	 +8.7126	-26.0200	 -1.7865	 +4.0088	 -0.6160
 -4.1054	 +1.5861	 -7.9432	 -1.1823	 -3.4571	 +3.2602
 -2.7061	 +3.9357	 +3.7980	 -4.5828	 +0.2555	 +3.6230
 -0.3236	 +0.4977	 +3.4822	 +0.9643	 +0.9302	 -3.3791
 -4.4714	-20.8427	 -8.7509	 +0.6364	 +0.3346	 +3.1807
 -6.5222	-11.6421	-15.1729	 +3.3342	 -0.6189	 +1.4732
 -4.1743	 +3.7790	 +0.3013	 -0.4615	 -1.0884	 -0.0372
 -4.2813	 -8.4814	 +6.5761	 -0.2914	 +1.5508	 -3.6127
+16.7724	+12.7637	-13.8383	 -0.7058	 -1.3864	 -2.2095
 -4.4336	 -5.8346	 -4.2587	 +3.3777	 +1.1441	 +0.9774
 +0.7436	 +5.4772	 +2.8123	 -3.0610	 +3.7963	 -1.5475
 -2.4864	 +4.6937	 +1.3397	 -0.7258	 +2.3145	 -2.9064
 -4.9379	+10.7544	-25.7626	 -3.5562	 -1.9976	 +0.5222
 -5.5614	 -2.2564	 +0.8584	 +0.8731	 +2.6451	 -1.8171
+21.4319	 +8.8327	 +4.1760	 +2.9948	 +1.0068	 +0.6118
 +3.1261	 +7.6453	 +0.4230	 +0.2597	 -2.0487	 +3.6688
 +3.1007	 -2.6061	 +3.9550	 -1.9338	 -4.8286	 -0.6760
-14.5926	+19.5963	+11.4833	 +0.1539	 +0.5578	 -0.0598
 -1.4916	 -2.4036	 -3.5713	 +0.4754	 -0.5777	 +0.8398
-16.5157	 +7.2674	 +3.8065	 -0.7824	 +0.8243	 -4.0662
 -4.5038	 +4.2970	 -2.9550	 +1.5336	 -3.1576	 -1.0816
 -5.1574	 -1.1691	-10.3868	 -1.8370	 +1.0642	 +0.4290
 +5.2032	 +4.9159	 -9.6867	 +0.3852	 +0.1559	 -1.5499
+22.4604	 +9.7482	 -0.7596	 -0.3699	 -3.3618	 -0.2347
-84.0574	+42.9920	+25.0902	 +0.1498	 +0.0860	 +0.6006
 -7.3566	 +1.2921	 +6.9683	 +3.9329	 +3.8892	 +1.4863
 -6.9266	 -0.0787	 -2.6463	 +1.6966	 +2.8389	 -1.8323
 -5.5072	 +7.6522	 -3.4951	 -3.4551	 +1.3031	 +2.4764
 -7.6174	 -4.6194	 +1.2863	 +2.4347	 -0.4507	 +1.4820
-19.7031	+10.4490	 +3.8983	 +0.6434	 -1.7572	 -2.1708
 -7.7595	+14.6731	-32.1057	 +0.8804	 +1.6157	 -1.8005
-16.6534	-20.1872	 -1.3274	 +0.4074	 -1.2077	 +2.9751
 -1.1878	 +5.2363	 -1.3912	 +1.0968	 +3.4251	 +2.8808
 +2.0654	+13.0019	-11.0054	 +0.6125	 +0.2347	 -2.7659
 -0.0985	 +0.9863	 -8.5921	 +1.0866	 +0.4734	 +1.3430
 +2.9546	 -1.9328	 -3.8714	 -4.0210	 +0.4688	 -0.5388
 -9.5447	 -2.4496	-15.9023	 -2.8139	 +1.2545	 -1.0058
 -4.1017	 +4.2383	 -4.7633	 +3.9314	 +3.5636	 -3.6708
 +3.3075	 +1.6640	 +4.8103	 -1.0032	 -0.0270	 -0.7410
+29.5198	+19.4212	 +7.9915	 -1.5823	 -1.9504	 +1.7678
+10.9586	 +0.9675	-17.5565	 +2.6526	 -3.1203	 +0.0920
 -6.6720	 -5.3169	 +3.3211	 -0.2629	 -2.5368	 -3.7728
 -1.6411	 -1.5468	 -1.6395	 +3.7321	 -4.9220	 -2.8247
+23.1134	 +1.3769	 +0.7921	 +0.5653	 -0.5323	 -0.4013
 +1.3526	 +1.4027	 +8.5725	 +3.7563	 -1.4429	 -2.8687
 +4.7479	-15.0534	 -3.9531	 -1.8636	 -1.0901	 -0.8570
 +4.7887	-15.5959	 +3.3461	 -2.3999	 -2.4747	 -0.8153
 +0.0386	 +6.3727	 -0.9738	 -0.2349	 +1.7207	 -4.4977
+13.4522	 -6.1929	 -1.7135	 +0.1557	 +2.5086	 -1.8307
+19.3709	 +2.4115	 -9.0443	 +0.2107	 -3.8026	 +0.6340
-35.0201	-18.1312	+13.9211	 -0.1482	 +0.2044	 -3.0976
 +0.6485	 -8.7193	+13.1800	 +1.8187	 -0.1365	 +0.7866
 +2.6262	+11.1023	+12.7147	 +1.1191	 -1.2128	 -3.2610
 -7.8902	 -6.5572	 -4.9577	 +2.4028	 +5.0237	 -2.4882
 +8.2672	-10.5523	 +2.7442	 +2.9220	 +2.2651	 +1.6865
-12.4277	 -6.3802	 -8.3774	 -1.7738	 -1.5579	 +1.1995
-40.8255	+26.3161	+37.5118	 -0.0333	 +0.5376	 +0.2674
+10.5132	 +1.8674	 +4.4912	 +4.7738	 -0.5916	 -0.7931
 +0.7436	 -1.7145	 -2.6776	 -2.5742	 -2.6817	 +3.2922
 +2.2518	+11.3603	 -4.4816	 -1.8453	 +2.5562	 +3.4148
 -5.4627	 +3.2641	 +5.4315	 -2.0492	 -2.1266	 +3.4731
 -4.6051	 +3.9377	 -0.4162	 +0.0148	 +5.4670	 +4.7122
+43.1477	 +5.3633	-16.4282	 -0.7786	 -0.7425	 +0.3097
 +0.8387	 -0.0988	 +0.0459	 +1.1145	 +4.3964	 -1.2632
 +8.6512	 +4.8391	 +7.0414	 -0.9832	 +2.1299	 +2.4476
 +6.2267	+10.7440	 +4.4369	 -0.8048	 -3.7872	 +1.9354
 -2.5850	-16.0642	-33.2317	 +1.0316	 -0.6948	 +1.0772
 -5.1291	 +2.0299	 -9.2066	 -0.5628	 +2.6031	 -0.9819
 +3.8892	 +0.4273	 +5.1595	 -0.3478	 -1.3026	 -3.8015
-101.5895	-32.4327	+84.3197	 +1.4054	 +0.1711	 -1.2411
 +0.2223	 +6.4805	-10.0594	 +3.4858	 -3.0661	 -2.3173
+11.5370	-34.5463	+11.1780	 -1.0341	 +1.9139	 +3.5419
 +3.7754	-25.3905	 -4.7964	 +0.9462	 -0.6620	 -2.2519
 -1.4507	 +0.5788	 -0.7069	 -2.8449	 -0.3674	 -4.2521
 -4.0448	 -8.0161	 -4.8237	 +1.6783	 -3.2177	 -2.8313
 +6.8605	 +4.4731	 -9.8284	 +2.8887	 -2.9774	 -0.6300
 +7.8234	-11.2655	 +0.1039	 +0.5171	 +1.8081	 +0.7217
 -3.4946	 -5.0963	-10.5285	 -1.7961	 +2.2286	 -2.3294
-11.5930	 -9.2385	 +6.7583	 -2.1176	 +0.4966	 +0.2369
+11.9220	-23.4751	 -7.0469	 -0.4095	 +1.5145	 -1.1160
 -3.6691	 -0.5397	 +2.4930	 +2.8900	 -0.4042	 -1.4951
-21.0208	 -6.6225	 +4.1251	 -1.1282	 -0.2781	 -0.0307
 -1.5903	 -2.6627	 +4.6745	 -0.2381	 -4.5127	 +2.7689
 -0.1912	 +0.7565	 +3.4365	 -0.1269	 -1.6992	 -2.6055
 +3.3403	 -3.2431	 -2.0482	 -3.0794	 -0.0915	 +0.5307
-12.5627	-14.2277	 -8.8620	 -1.0234	 -1.5901	 -3.3846
-63.9756	+22.6925	+50.1919	 +1.2444	 -0.8455	 -0.8514
-57.7950	-31.7796	+18.3008	 +1.3303	 +1.0482	 -0.5616
 -8.3388	 -6.8175	+11.2857	 +1.1432	 +2.4190	 +1.9537
 -2.6249	 +1.8607	 -2.1859	 -0.0665	 -2.5993	 +2.2387
-77.3236	-125.2517	+119.3142	 +0.6675	 +0.0600	 -0.0882
 -7.9484	 +4.0890	 +0.2242	 -3.2484	 -5.0233	 -0.1769
-11.0525	+10.3885	-11.6012	 -1.4203	 -1.8713	 -2.3703
 +0.9238	 +1.4627	 -4.3089	 -0.0677	 -3.5998	 +0.7454
-45.7649	-26.2655	-14.6782	 +1.9169	 -0.5444	 -1.1479
-11.6383	 +4.8626	-10.7616	 -1.3385	 -0.4178	 +0.3469
 +5.2524	 +4.8932	-18.5693	 -0.9945	 -1.6585	 +0.6852
 +8.7871	-30.4637	+36.8174	 +1.3498	 +2.2196	 +1.5444
-13.2408	 +3.3928	 -0.4105	 -0.9285	 +0.3456	 -2.5173
 -1.9687	 -7.4743	 +8.3570	 -1.9217	 +1.4125	 +0.8841
 +3.4724	+13.4456	-20.4386	 -0.0822	 -2.5801	 +1.9750
 -5.1826	 +0.3528	+18.2234	 +2.5397	 -2.9371	 +0.7676
-18.7194	+12.5599	+23.6559	 -1.6339	 -0.4639	 +1.3662
+12.6557	 +8.2771	 +3.4431	 -0.2092	 -3.4469	 +2.2346
+11.7300	 -3.1634	-11.7747	 -0.4814	 -0.5116	 +0.8253
 -8.9560	 +4.6585	 -0.8985	 +4.3747	 +2.2745	 +0.5427
 -4.8070	 +2.9709	-16.0977	 +2.4398	 -2.1261	 +1.1245
-11.4123	-16.0026	-23.2814	 -0.0853	 -0.0382	 +0.6037
 -3.7681	-12.0171	 -7.2637	 +2.1197	 +2.3331	 -1.5998
-11.8437	 -9.5938	+20.9908	 -1.4331	 +0.2644	 -0.1924
 -9.7303	 +3.5442	-11.0682	 -1.0082	 -3.2806	 -1.1741
 -6.0077	 +3.0720	 -5.6167	 +5.6891	 +0.9036	 +1.0116
-36.5339	+14.6272	+11.6784	 +0.2665	 +0.5827	 -1.6719
 -2.0199	 -8.2409	 -5.9749	 -1.2812	 +0.7927	 +2.3476
 -6.1737	-10.1498	+14.6622	 +1.0131	 +0.8664	 +1.9205
 +9.0859	+10.5096	 -2.7651	 +0.7884	 +0.1667	 +3.3988
 +1.0361	 +2.9316	 +4.1409	 -5.0798	 -0.9999	 -1.7294
-30.2161	+37.5806	-75.3018	 +0.4429	 -1.4110	 +0.6907
+10.5473	+22.9688	 -6.4516	 -1.6874	 +1.9440	 +1.3832
-13.8557	+76.4528	-52.0280	 -2.1174	 -0.6448	 +0.1765
-18.3667	 -5.8157	 -2.5939	 +0.3976	 -1.3768	 +0.3976
-14.7202	-17.8994	 -6.4578	 +1.3941	 -0.4984	 +2.1563
 +1.2436	+14.3420	 -3.4956	 -0.6038	 +3.9690	 +1.7919
 -7.3058	 +0.0411	+10.7449	 +3.3819	 +1.7251	 -1.9639
-19.4629	 -4.8826	 +6.7313	 +1.0471	 -0.9301	 +2.5820
 +3.0291	 +0.1443	 +4.2357	 +1.4706	 -3.7662	 -4.5480
 +0.2482	 -5.0602	-10.2682	 +2.5873	 +0.0376	 -0.9636
 +4.8586	 -4.3151	 +2.8704	 +0.1104	 +0.0442	 +1.2107
 +1.2420	 +8.8461	 +1.5934	 -2.0908	 -1.1278	 -5.2944
-15.2899	 +2.6190	 -1.3410	 +0.8528	 +3.2958	 -2.1248
 +0.4941	 +4.2956	 -8.5303	 -4.5204	 +1.9577	 +2.4415
 +8.8981	 +7.7764	 -0.3753	 -3.7197	 -0.1162	 +3.4979
 +8.2709	-24.9071	 -5.8959	 -2.9851	 -0.1467	 +1.9363
 -6.9844	 -0.0126	 -3.0223	 -1.7466	 -1.2194	 +5.2936
 -8.7107	 -0.8720	 +8.6730	 +0.9790	 +1.8021	 +2.7885
+10.3557	+12.7577	 +1.0178	 -1.2640	 +2.4339	 -0.6993
 -3.0424	+10.2917	 +6.9254	 +2.7325	 +2.9889	 +0.1864
-143.4551	-178.5326	+114.0950	 +0.3727	 +0.8830	 +0.0892
 +4.2430	 -6.5334	 -1.9812	 -0.1162	 +4.8841	 -3.2414
-17.4009	+45.9100	+46.0280	 -0.3160	 -2.2016	 -0.2629
 +4.3587	 -0.0264	-10.9738	 -2.1400	 -2.4942	 +3.0267
 +7.2016	+74.6984	-82.9852	 +0.0787	 -0.0035	 +0.3409
 +0.4905	 -3.6539	-10.3634	 -1.1881	 -5.8125	 -0.2139
 -5.7270	 -3.9712	 +7.9725	 -2.1538	 +1.7498	 -0.8372
-13.2541	+25.7828	-25.3802	 +1.5699	 +0.0116	 -0.1094
-15.6938	-14.4429	 +1.3388	 +1.2458	 +3.3677	 +0.5403
 -5.3752	-14.2436	 +0.6491	 -4.4868	 +0.2023	 -1.4300
 -4.0768	+10.5135	 -1.8930	 -2.7668	 +0.4810	 +1.0421
 -2.0776	 -8.5687	 -0.3372	 +0.0903	 -3.5194	 +3.2242
-11.3400	 -2.3759	 -5.2934	 -0.8544	 +0.2215	 +1.8801
 -2.3770	 +0.1861	 +2.6153	 +2.7273	 -3.5666	 -1.3729
-11.9958	+12.2503	 -0.2993	 -3.8100	 +0.1605	 -0.8527
 -4.1348	 +4.7566	 +3.0221	 -4.1477	 +4.5805	 +0.8438
-21.9365	+25.5261	 +2.1078	 +0.4731	 -1.4718	 -0.0901
 -0.5692	 -1.4953	-22.5637	 +0.6300	 +0.6312	 -3.2963
+14.3479	 +5.7539	+10.3555	 +1.1420	 +2.0960	 -1.2193
 -4.6363	 +3.5558	-22.0695	 +1.1066	 +2.9246	 -0.6200
 +4.0028	 +5.6235	-12.5299	 -0.5045	 -2.4449	 +1.2711
 -8.1011	 -7.2419	 -2.4880	 -5.5984	 -1.0283	 +3.4816
 +2.2955	 -2.7847	 +2.4384	 +4.7846	 +1.1085	 -0.2555
 +8.9701	 +3.9043	 +9.0805	 +2.1003	 -1.8284	 +2.1458
 -0.6939	 +5.5300	 -1.1565	 -1.7726	 -4.3455	 -0.6825
 +5.8029	 -5.5975	 +8.7747	 +0.4585	 +2.3222	 +2.2296
 -5.9688	-22.5163	+12.3760	 +0.9513	 -0.2923	 +0.0729
+11.3118	 +1.4603	 +0.6420	 -2.3997	 +2.8327	 +0.3775
 -2.1814	 +2.3926	 +2.0670	 +1.9950	 -4.4679	 +2.8050
-18.4053	 +3.4319	 -1.2540	 +2.4509	 -0.6783	 +1.7539
 -2.0260	 +2.2657	 -0.6587	 -5.5931	 +4.4192	 -1.3741
 +2.4032	+14.8105	 +5.6831	 -1.3614	 +1.7714	 +1.1294
-16.9504	 +1.0285	 -5.0687	 -0.5924	 -2.6375	 +1.8874
 +6.4901	 +8.2843	 +7.8352	 -1.8512	 +0.9789	 +0.6374
 +1.9770	+13.6844	 +4.0703	 -1.0235	 +0.8532	 +1.8277
 +7.4138	+25.9883	+34.4309	 +0.5886	 +0.2493	 -1.4142
-12.9926	 -1.9812	 +1.7389	 +0.1890	 -1.4212	 +0.8357
 +2.3714	+20.1513	-11.4948	 -2.7598	 -1.8590	 +0.8500
+21.7523	-12.9435	 +9.1189	 +3.2213	 +0.4044	 -1.9210
 -6.8036	 +3.2533	 -5.0684	 -0.1004	 +1.7919	 +3.7429
 -5.4292	 -2.8384	 -4.4668	 -2.3337	 -2.3783	 -3.9893
 +4.9866	 +4.6982	 -5.2210	 +2.8899	 +2.2563	 -3.8003
-12.6947	 +1.5103	 -5.1909	 -2.4963	 +0.0122	 -0.0361
-18.7139	+10.4455	-25.1455	 -0.0460	 -1.1140	 +2.0305
 +5.0804	 -3.2761	-14.7151	 +0.2881	 -2.8732	 -1.6042
+22.1207	 -2.6510	-16.4930	 -0.8112	 -0.7828	 +2.1606
 +2.8195	 -2.5770	 -6.1844	 -0.2080	 -2.2118	 -3.5149
 +0.7009	 -3.7660	 -4.3074	 -0.1159	 -1.4625	 +0.8245
+11.8963	+15.0882	-14.1390	 -0.0058	 -0.9395	 -0.1241
-15.7522	+38.1395	-11.3150	 +1.7064	 +1.5555	 -0.0091
 -4.9632	 +2.8938	 +1.0291	 +0.3923	 +1.1791	 -3.3937
 -9.8676	 -6.0253	-17.9204	 +1.3482	 -1.0396	 -2.8205
-12.6065	 +0.9080	+11.5461	 -1.6145	 -4.3707	 -0.8716
+18.1955	-10.3454	 -9.0261	 -0.5245	 -0.3255	 +0.5786
 +5.2351	-20.1531	 -2.5997	 -2.1277	 -2.1298	 +0.4378
 +1.0268	 -2.7608	 +4.7677	 -1.4877	 -0.4107	 -2.7431
 +2.9604	 +7.3250	+16.4393	 -1.3580	 -0.3453	 +2.2061
 -5.8494	 +3.6548	-24.8792	 +0.5446	 +2.0193	 +0.7360
-14.2608	+17.5233	 +1.5615	 -1.2077	 -3.0825	 +1.2060
 +6.5993	 -5.6977	-19.4462	 +0.6860	 +0.8037	 +0.8814
 -9.0559	 -3.2755	 -1.3706	 +1.4960	 -1.7070	 +0.5811
+15.2278	 +6.2296	+40.6605	 -0.5979	 -0.5372	 +0.4683
 -9.6230	 -2.7899	 -0.0172	 +0.6927	 +0.2683	 -2.1732
 +6.2171	 +4.0552	 +7.5902	 -1.8568	 +2.5003	 -0.1000
-10.7476	+18.7745	 -0.8843	 +2.8527	 -1.0234	 +1.6528
-13.2746	 +3.4318	 +3.1896	 -1.5436	 +1.3599	 +0.1777
-12.9396	 +4.5685	-15.1978	 +0.0799	 -2.2211	 -1.7095
-10.7488	 +8.8655	 +7.7632	 -3.5740	 -0.9219	 -0.8195
 +0.1841	 +3.8205	 -3.8678	 +0.2450	 -0.0183	 +4.1150
-61.4563	-17.9836	-25.7078	 -0.4754	 +0.1807	 -0.0504
 -4.7888	 -2.2426	 +6.3136	 -0.5634	 -3.5048	 +1.6206
 +4.8757	 -2.2626	 +6.1089	 -1.6070	 +0.3381	 +0.5017
+10.9176	 -5.5278	 -3.3348	 -1.0413	 -0.6033	 +1.4856
