# Iterations: 71 of 100
# Total Energy: -6.701e+05
#    Kinetic Energy: 6.747e+05
#    Potential Energy: -1.345e+06
# Current Time: 2018-05-09 12:05:54.761608
# Elapsed Time: 0:28:53.405105
# 
# Med. Times for Sections
#    Force Computation:		21.799745
#        [21.60987721.76388021.91600721.71306721.79902122.05607622.00493521.80046921.97208421.620984]
#    Gather Particles:		0.000180
#        [0.0001790.0001830.0001840.0001750.0001790.0001820.0001790.0001880.0001860.000177]
#    Overall:		23.380443
#        [23.16191223.34498723.46172823.27713323.40660823.63392323.61240623.35427823.58579823.176990]
#    Scatter Particles:		0.003033
#        [0.0030520.0030150.0030610.0027300.0043290.0028990.0046580.0027650.0051050.000701]
#    Time Integration:		0.000171
#        [0.0001760.0001700.0001770.0001850.0001720.0002470.0001610.0001700.0001690.000164]
#    Tree Broadcast:		0.764760
#        [0.7577830.7641890.7589270.7407770.7792160.7731180.7769460.7598340.7852470.765332]
#    Tree Construction:		0.807393
#        [0.7907610.8134680.7832900.8201220.8236000.8013190.8254470.7907730.8229130.789560]
# 
# x	y	z	vx	vy	vz
# 
 -6.2959	 -4.1294	 -2.7940	 +1.3068	 +0.8151	 -0.2674
 +3.0873	-19.1923	-11.3875	 +1.1283	 +2.0573	 +1.7647
 -1.8943	 -4.9141	 +8.0840	 -1.6705	 -2.5799	 +2.1545
-24.0305	+25.4845	 -0.7848	 -2.2167	 -0.8545	 +1.1984
 -4.6866	-18.5721	 -6.2425	 +1.7874	 -1.3954	 +0.3066
 -3.2033	 +0.8046	-16.5798	 +2.7225	 +0.6649	 -0.5551
+13.8614	-15.3160	 -8.6942	 -1.3314	 -0.9057	 -0.9561
+11.2522	 +7.7576	 -6.1949	 -1.5523	 +0.1505	 -0.2058
-26.5305	-35.0785	-11.2480	 +1.9456	 +1.7187	 -0.0979
-13.8505	+22.1563	 +2.0114	 -3.1709	 -0.3085	 +0.5513
-23.6524	+11.0454	+17.3958	 +2.2114	 +0.9545	 -0.3635
 -4.7548	 -3.5539	 -0.1331	 -1.5939	 +2.3968	 -1.4234
 +3.4117	 -0.8994	 -6.0798	 -2.6940	 +3.1473	 -4.3479
+25.5749	+12.2303	-27.2425	 -1.2904	 +0.9687	 -1.1219
 -0.9898	 -4.5338	 -1.9872	 +3.2061	 -1.4481	 -1.3686
+13.1430	 +2.8705	 -1.3619	 +1.8771	 -1.7730	 -1.8717
 -8.7111	 -2.8716	 -7.3301	 -0.9283	 -4.2338	 +2.8606
 -5.2769	 -0.1926	-18.7796	 -1.5287	 +0.6890	 -1.5485
 +9.7427	 -7.5274	 +7.3400	 +0.0434	 -1.2206	 -0.8016
+104.9258	-28.7202	+78.5468	 -1.3682	 -0.8376	 +0.2018
 -6.1599	 -4.4668	 -4.4234	 +3.0454	 +2.2378	 -3.0232
 -3.6955	 -0.6516	 -7.9297	 +0.9046	 -4.4723	 +0.6132
 +5.2289	 +1.3945	 -9.4057	 -1.4774	 +2.5624	 +2.1246
 -4.1150	 -4.9906	 +2.7042	 -2.5369	 +0.7298	 +4.3259
 +7.4522	 +7.5679	 -8.6626	 +1.1524	 +0.6898	 -0.1228
-35.3398	+20.5660	 +0.0144	 -2.1000	 +2.3247	 -1.3062
 -3.5910	 -1.6162	 -4.0543	 -1.5803	 -5.2394	 -2.6149
 +9.0263	 -7.5052	 +3.9690	 -4.2030	 -0.1180	 +2.1214
+10.4869	+12.6633	 +6.3603	 +2.8630	 -2.3573	 -2.3201
-17.6627	-18.5359	 -4.7128	 +3.4252	 +2.1791	 +0.5860
 -4.1230	 -4.5615	 -4.6048	 +5.1959	 -2.8691	 -4.2151
-56.4100	 +8.5372	 -0.1088	 -0.8462	 +2.0028	 +1.8288
 -2.1324	 -5.8368	-12.7200	 -4.3493	 -0.2422	 +2.2917
 -0.5904	-14.6416	 +4.9146	 -0.8757	 +2.1263	 -1.3718
 -9.9733	 -3.2657	+22.1476	 +0.3090	 -0.6235	 +0.9326
 +4.1079	 +1.9719	 -0.2305	 -0.8276	 +0.4228	 +0.3380
 +3.0800	 -4.8309	 -2.3882	 -0.4750	 -4.5932	 +1.8679
 -2.3451	 -1.0237	 +5.4802	 +4.4289	 -3.3646	 +0.6906
 -2.8107	+31.0723	-11.4012	 -0.7494	 -1.6729	 +0.6609
 +3.8461	 -0.0436	 +2.9993	 -0.0096	 +4.5386	 +2.3013
+13.6525	-12.2526	+10.1970	 +2.0854	 -3.5264	 +0.4623
 -4.9036	+10.5019	-11.6932	 -0.3818	 -1.3401	 +1.5280
 -5.9745	 -0.9895	-10.1502	 -1.7236	 +4.0620	 +0.1686
 -6.3055	 +3.4221	 -1.5979	 -3.3262	 -1.6795	 -0.3893
 -5.2870	+22.4965	-20.8087	 +2.3802	 -0.0932	 +0.8116
 +1.7118	 -0.7476	 -1.9961	 -2.1867	 -1.4341	 +4.8814
 -1.6185	 +2.9984	-11.6074	 +2.4145	 +4.5423	 -0.5193
+34.9066	 -5.7961	 +1.3944	 -0.0174	 -1.2566	 -1.5772
 -2.1848	 +5.5528	 -0.0357	 +2.4238	 +1.1227	 -1.1264
 -5.1249	 +1.9870	 -4.3572	 +2.9394	 +4.6664	 +0.7338
-33.6288	-56.9805	-37.6384	 +1.1343	 +0.2772	 +1.5999
 -2.3837	 -6.1452	 -1.3969	 -1.8057	 -2.4444	 -3.9955
+16.3284	 -8.5965	 +8.2556	 -0.4053	 +2.7292	 +3.8891
 +3.9627	+10.4824	 +5.7147	 +2.1763	 -4.2723	 +1.9211
 +5.3581	 -3.6109	+53.8336	 +0.4713	 +2.2171	 +1.8375
-28.4123	 -6.7409	 -4.4132	 -1.7172	 +0.3773	 -0.1643
+31.5071	 -4.7105	 +4.1362	 -1.3909	 +0.9856	 -1.0684
 -5.7645	 +5.8040	 +3.7381	 -1.0643	 -1.3757	 -3.3256
 +0.1626	 -5.3226	 -0.7243	 +3.3489	 +2.5615	 +4.2940
 +0.3023	-21.2408	 +8.4887	 -3.6997	 +1.3765	 +0.0364
-16.7745	 +1.5854	 +8.3476	 -3.9507	 +0.9670	 -1.8399
 -8.4579	 +5.6374	-21.4594	 -0.2560	 +3.9161	 -1.3472
 -1.1418	 -8.1239	 -3.2759	 +2.4539	 +2.9656	 -1.2162
 -5.5610	 -6.8065	 -6.5696	 +0.7178	 -2.5768	 +3.8253
 -3.5016	 -4.4917	 -3.4958	 -2.0295	 -0.0467	 +4.8676
 -8.3584	 -5.5157	-11.1533	 -2.1913	 -2.5912	 -1.3971
 +5.4497	 -1.2999	+22.2338	 +0.5224	 +1.0261	 -0.4149
-15.4149	-13.3825	+27.6621	 -2.3800	 -1.9565	 +0.3571
 -3.0452	 -8.1499	-19.7315	 +0.5359	 -0.7127	 +1.2742
 -4.1663	 +9.6472	 -2.5156	 -0.0761	 -2.7208	 +4.4341
 -2.7633	 -5.7361	 -2.9581	 -1.8544	 -1.4198	 -1.6653
-12.0603	-11.8045	 -5.4620	 +2.1833	 +0.6556	 +1.2115
-11.3186	 +6.5653	 -3.5718	 +1.2841	 -0.0853	 -1.8704
-14.9604	+15.2840	-94.5843	 +1.9212	 +0.0052	 -1.4252
+26.4389	-27.3944	-13.8503	 -0.2181	 +1.6360	 +0.6065
-12.1030	 +8.2854	-10.5545	 -2.2928	 -3.9781	 +1.1711
 -4.3557	 +4.0209	 -8.8820	 +1.1435	 +2.0638	 -0.2867
 -3.5111	 -9.9744	+12.4743	 -2.8311	 -2.0685	 -1.4487
 -2.4270	 +9.9843	 -2.0724	 +3.0915	 -0.4260	 +3.6092
+22.1045	-14.2176	 -5.7104	 +2.4947	 +1.6190	 -0.0282
 -1.5540	 +1.5195	 -0.4941	 -1.0497	 +0.8886	 +3.0103
 +9.6446	+11.0937	 -8.8541	 +0.0153	 +2.3129	 -0.9653
 -1.2709	 -0.7662	 -2.2844	 +1.9620	 -0.3954	 +5.2484
-11.4049	+24.5149	+16.5007	 -0.9592	 -0.2048	 +3.5388
+14.5558	 +5.7128	 +2.3516	 +2.6967	 +2.4977	 +2.9095
 +2.0160	+12.1130	 +9.2889	 -2.8827	 -1.9859	 +0.4202
-17.2822	 -4.4574	 +0.3354	 -0.9906	 +0.7568	 -3.0037
 -1.3982	+17.8128	 +9.7123	 -0.7820	 +2.7461	 +0.7390
 -4.1802	-28.1821	 +8.9531	 +2.0365	 -1.0506	 -1.4464
 +4.7898	 -9.5529	 +1.8893	 -1.3292	 -0.6248	 -0.8342
-11.8698	 +0.9091	 -1.3042	 -0.5817	 +2.2894	 +3.4320
 -2.3563	 +0.3750	 +1.1266	 +2.4682	 +1.5674	 +0.2625
-14.0951	-26.6182	-48.2203	 -0.7359	 -0.8608	 -0.4382
 +3.6024	 +2.3538	 -5.8111	 -4.3481	 -0.4215	 +4.7353
 +5.5147	+12.4281	 -0.5863	 +0.4502	 -1.5637	 -1.1639
 +7.8317	 -7.5981	 +1.3013	 +1.6322	 +1.4635	 -4.1389
 -7.8019	+32.9261	-18.5030	 -0.4729	 -0.0949	 +2.2755
 +0.8748	 -2.7724	+18.1509	 -1.9313	 -0.4273	 +1.3936
-10.2174	+13.9920	 +0.9992	 -0.4975	 -1.6297	 -1.3703
-11.5157	-10.8784	-22.6793	 +3.1552	 +1.7045	 -0.5616
 +5.3321	 -4.4983	 -3.4120	 -2.8635	 -5.4861	 -0.5220
-13.0689	 -1.8216	-11.2118	 +0.9435	 -0.2483	 -0.4267
 -3.7937	 -0.6947	 +2.9401	 -1.3653	 -1.2116	 -3.1691
 -2.7244	 -5.3187	-10.7612	 +1.2921	 +3.5335	 -2.3537
 -0.5561	 +1.7893	 -5.3534	 -0.8337	 -2.4037	 -0.3670
 -6.2927	 +1.0057	 +5.2875	 +4.0528	 +3.0533	 +2.6118
-15.0003	-18.0094	+21.4153	 +3.1416	 -0.3460	 -0.8715
 -7.5109	-13.3649	 -0.7362	 -0.3778	 +1.6161	 -0.3103
+26.4352	+11.0520	+17.9683	 +1.0798	 +1.8338	 -0.3096
 +2.8987	 +1.3331	-10.0560	 +2.4129	 -0.2058	 -3.5226
 -4.0066	 +4.2253	 -3.7541	 +2.7099	 +5.4460	 -1.3482
+474.6141	+387.9610	-227.3210	 -0.2783	 +0.6741	 +0.3145
-138.9552	+99.3798	+199.9990	 -0.1111	 +1.1373	 +0.4417
+10.5174	 -3.3429	+10.3029	 +4.2365	 -1.3379	 +0.5282
 +5.7698	 +1.3366	+20.4623	 -1.7787	 -1.1769	 +0.3757
 +0.6082	+11.0454	 +6.8161	 -0.0565	 +2.4838	 -2.6108
 +5.4888	 +3.8199	 -0.1198	 +3.4797	 -2.9534	 -2.9111
-73.3165	-15.9241	-10.5054	 +1.3445	 +0.1819	 -0.7482
 -4.8912	 +0.7976	 -0.3826	 -2.5415	 +1.4912	 -2.2493
+45.7845	-22.3010	-43.8667	 +0.5373	 -0.7184	 +0.2395
-15.1293	 +7.9878	 -7.8485	 +0.4218	 -1.0224	 -2.1784
 -0.9894	 +1.0059	 -1.4963	 -2.3148	 +4.1564	 -1.2640
 +4.6969	 -0.7264	 +0.0134	 +3.9672	 +2.3704	 -1.7399
 -1.4387	 -9.2352	 -1.1123	 -5.1001	 -0.8357	 +0.6157
 -3.0466	 -0.4273	 -0.1341	 +2.2476	 -2.4445	 +2.7295
 +0.3894	 -3.4253	 +3.0135	 -1.8701	 +3.6450	 +0.5931
-16.3190	 +1.1364	 -4.3245	 +1.3788	 +0.0638	 -3.0547
 -8.8848	 -4.1421	 +3.0581	 -1.4765	 +0.1760	 +0.4139
 -8.6296	 +1.0223	 -7.8185	 -2.2132	 +1.8755	 +1.3788
+11.7754	-12.9708	 -0.8461	 -1.9154	 -0.0644	 -2.4987
+13.9401	+32.1110	-163.1290	 +0.0697	 -1.1591	 -1.3126
 +8.4086	 -1.6602	 +6.3830	 +2.6996	 +2.2530	 -0.7463
 +5.7543	 -3.2312	 -9.4433	 -1.6977	 +3.5368	 -0.8384
 -6.5949	 -7.6219	 +2.5534	 -4.0070	 +0.3658	 -0.0182
 -2.8526	 +0.8311	 -2.4620	 -0.6978	 -3.4078	 -1.5131
-17.7245	+24.5053	-35.5639	 -0.5209	 -1.1308	 +0.7113
 -2.0641	-10.6309	 -8.1480	 +4.9538	 +1.3269	 -1.1742
+19.3107	-16.1658	+15.8174	 -0.9376	 -2.6955	 +1.1642
 +3.4005	 -3.8422	 +4.9745	 +1.8101	 -3.5126	 -1.2124
+12.5708	 -9.3614	-11.9303	 -1.7855	 +0.0747	 +1.6216
 +1.2375	 -4.0399	+11.2492	 +1.4280	 +0.8976	 +1.1879
 +9.3165	 -8.8540	 +6.6984	 -3.2723	 -1.0873	 +2.4767
 +0.7831	 -1.5957	 -1.6739	 +0.8131	 +1.8058	 +1.4945
-31.5026	 +5.3169	-37.2548	 +1.9859	 +2.2126	 -0.0821
+58.2227	 +5.4066	+20.7591	 +0.5818	 -1.9138	 -0.1989
 +1.4736	 +5.8596	 -2.8500	 -0.3431	 +0.3406	 -4.0680
-28.6513	-70.7994	+46.0201	 -1.2862	 +0.9694	 +0.9783
 +3.6359	 +9.9317	 -7.8365	 -1.1585	 +2.8917	 +0.7147
+19.9511	 +7.2360	 -4.5311	 +0.3740	 -1.1183	 -3.2678
 -3.0152	 -2.3710	 -2.6099	 +5.0448	 +3.4959	 -2.3588
 +2.0945	 -3.8717	+10.4933	 +1.0395	 +3.1586	 -1.4614
 +1.2102	 -5.3127	 -0.1558	 +6.0298	 +1.3583	 -1.7086
 +1.5334	 -2.2150	 -1.6189	 -5.9179	 +2.8000	 -0.6000
 -7.4465	+12.3049	 -6.9661	 +0.6654	 -0.9013	 -0.6778
 +6.8238	 -3.3164	 -8.5568	 +0.8008	 -3.5859	 -1.3140
 -9.7613	 -1.9797	-17.0282	 -1.0972	 +1.7671	 +1.3899
 +2.7040	 +8.0647	-15.3255	 +3.1728	 -0.4482	 -2.5738
 +7.2758	 +3.1451	+29.0126	 -2.7766	 +1.1569	 +0.8167
 -6.0939	 +2.4150	 -5.9051	 +1.8543	 -2.3812	 +4.0722
 -6.0344	 +3.3333	 -1.2830	 +1.8407	 -0.1431	 -1.5712
 +0.3994	 +2.3586	 -3.9107	 -3.5253	 +3.5005	 +2.4441
-17.8846	 +0.8079	 +9.3123	 +3.8320	 -2.2548	 -1.5587
 +4.8890	 +2.1833	 -2.3048	 -3.9626	 +1.1152	 +0.0896
+14.5561	 +8.9068	 +4.8272	 -0.8933	 +1.4525	 -0.1580
 -7.3343	 -4.8665	 -4.1646	 +2.4367	 -0.7271	 +4.2703
 +0.6045	 -3.0751	 +5.7081	 -4.8795	 -0.8073	 +2.2696
 -3.2600	 -1.9746	 +0.8310	 +1.4747	 +1.4751	 -3.4907
-16.1759	 -3.0987	-15.5137	 +0.2709	 -2.8061	 +2.5783
 -3.0543	 -1.1387	 -4.6982	 -3.4346	 +0.7516	 +0.2858
 +3.9745	 -4.5255	-14.1723	 +2.6887	 -1.4901	 +0.4372
-15.8504	 +1.7020	-15.9559	 +0.1629	 -1.1499	 -2.1676
 +2.4160	 +0.8489	 -2.6064	 +0.2419	 -0.6619	 +1.9678
 -4.3002	 +1.3024	-10.6230	 -0.9470	 -0.6237	 -4.7863
+29.3907	-13.4999	+25.1572	 -0.5946	 -0.4067	 -0.4965
 -5.7021	 +0.0017	 +3.0919	 +0.0759	 +2.5583	 -1.8392
+53.6118	+26.7260	-26.2156	 -1.9147	 +0.9743	 -0.1613
-15.7407	-12.8001	 +1.7453	 -2.9066	 +1.6807	 -2.3392
 -6.5727	-23.9710	 -9.7109	 +1.5796	 +1.2946	 +1.4480
 -0.1893	 -7.5323	 -2.2893	 +0.9904	 -1.6472	 +2.0785
 -2.0774	 -5.7628	 +1.2821	 +0.3700	 -3.5078	 -1.8590
 -3.2112	 +4.5436	 -3.7702	 -4.4550	 +0.6615	 -1.6582
 +3.0663	 +4.7912	 -8.6142	 -1.8604	 +3.4143	 +1.2541
 +6.8701	 +4.0986	 +5.1607	 +0.3365	 -0.4651	 -1.0196
+14.7583	+19.6203	-22.1266	 -0.6430	 +1.2495	 -1.4112
 +9.5343	 +0.6353	 +1.5959	 +1.8486	 +2.7866	 -4.4475
 +2.9251	 -3.0563	 +0.3704	 +0.3487	 -1.7371	 -2.7856
 +1.4308	 +4.9959	-10.2828	 +0.1833	 +0.9975	 +1.8985
 +1.6907	 -0.8701	 -6.0928	 +0.4829	 +1.8824	 -0.8620
-10.2491	 -8.8768	 -1.1383	 -3.6434	 -1.1255	 -2.2219
 -4.3992	 +4.9981	-12.0385	 +1.8173	 +0.8953	 -0.9148
 -4.7309	-12.3750	 +6.0478	 -1.4883	 -4.1352	 +1.9942
 +1.4512	 -1.5579	 -8.6378	 +2.0146	 -0.0404	 +0.2687
 -0.7617	+24.9805	-31.0596	 -1.5797	 -0.6511	 -1.9997
 +2.3372	 -3.7395	 +7.1945	 -0.1935	 +2.4830	 +3.1826
 +0.3332	 +9.5478	 +0.0363	 +1.9511	 -1.4815	 +1.3563
 +5.8108	 +3.4182	 +0.1647	 -1.3629	 +1.6274	 -0.5547
 +7.6014	 +5.9174	 +5.6501	 -2.8861	 +3.2951	 +0.2888
+31.3483	-101.2090	-36.2456	 -1.3285	 +0.1963	 +0.9664
 -7.5845	+10.3253	 -0.9927	 +0.1101	 +2.6377	 +2.5179
 -8.6806	 -4.9457	-11.3801	 +2.5501	 +3.6092	 +0.5157
 -8.7096	-23.1502	-20.5455	 -1.5386	 -0.8135	 +2.6384
+26.2929	 +4.9834	 +5.6483	 -1.0711	 +1.3329	 -1.7006
 -3.1176	 +5.9145	 -1.4580	 -1.4085	 -1.5824	 +3.3192
 -6.2562	 +3.9660	 -0.1839	 -3.8514	 +3.6270	 +0.0248
-18.3263	 -5.4231	 +1.7786	 +1.5042	 -0.9363	 +1.5179
 +0.0142	 -2.4319	 +0.8100	 +2.9983	 -3.1380	 -0.2358
 -6.8988	 -2.3831	 +3.0235	 +0.0738	 +0.4734	 -0.9189
-15.0998	+20.4600	 -6.5136	 -2.8617	 -0.8404	 +3.0602
 +4.8607	+49.6342	-35.7032	 -2.0402	 +0.8859	 +1.1152
 -3.6392	 +1.6696	 -3.5902	 +5.3449	 +1.4371	 +2.0377
+12.0596	 +5.0630	 -5.6696	 +1.3781	 -2.2316	 -0.5132
 -1.5192	-11.1386	 +2.5959	 -2.4421	 -0.5955	 -1.6683
 +3.6454	 +3.8690	 -6.6509	 -2.2355	 +3.0811	 -1.2695
 +5.4543	 +0.7706	 -4.4176	 -6.0865	 -0.2845	 -2.5537
+20.2694	-11.4367	-18.7432	 -0.4889	 -0.1476	 -1.3208
+119.5307	 +5.0615	-43.4846	 +0.3185	 +0.1493	 +0.6858
+18.2869	+13.3989	 -7.3202	 +0.4823	 -1.4156	 -3.8688
 +4.3866	 -7.7740	 +2.2148	 +1.6501	 +0.5503	 -0.9711
 +5.2445	 +0.3635	 +3.3636	 -3.5605	 -2.0860	 +1.3922
 +4.4442	 -7.9726	 -1.0218	 -1.9039	 +0.7429	 -1.2358
+33.1676	-32.7901	 -6.2017	 -0.8206	 +0.0747	 -0.5720
 +2.6570	 +4.6782	 -1.5816	 +2.6310	 +3.9526	 +1.5164
-14.7259	 -9.1319	 -3.0490	 -1.1806	 +0.6885	 -2.3754
 +3.6391	 -1.7753	 -1.7198	 +1.4717	 +2.5178	 -4.1556
 +2.0538	 -5.0111	-12.1466	 +1.1591	 -0.2023	 -2.3830
 -1.8051	 -0.5231	 +1.7469	 +3.1433	 -0.9690	 -1.0916
 -1.8657	 +0.5118	 -5.8460	 +3.8137	 +1.9364	 +2.3734
 +1.2386	 -1.2005	 +0.9972	 -1.2251	 -4.2145	 -4.2418
 +7.1683	 +6.1988	 +1.1688	 -0.1982	 -1.8934	 -1.5453
-11.8935	 +6.1719	 +3.4070	 -0.1405	 -0.9477	 -1.4025
 -6.2937	 +3.7543	 -5.5708	 +0.2267	 -1.2249	 -0.7161
 +3.0255	 +9.3223	 -2.9531	 +0.7866	 +0.2938	 -1.2206
+11.2575	 +5.6706	-10.3490	 +0.7189	 +0.5890	 +2.2789
 -3.4670	 -5.1989	 -2.8207	 +0.8704	 +3.7132	 +2.8679
 -4.7502	 -8.9265	 -6.6015	 -0.7740	 -1.3601	 +4.3199
 -5.5114	 -1.7688	 +7.1538	 +0.8524	 +3.3291	 -2.0487
 +2.7694	-11.0819	 -0.2827	 +0.4716	 -3.2133	 -1.9836
 -0.8436	 -8.7290	+17.8639	 +1.9364	 -3.2821	 +0.7905
 +6.0979	 +4.3218	 -4.5379	 +1.0162	 +2.5376	 +1.9528
 -0.7495	 -2.1530	 -0.2659	 +2.6100	 +0.6806	 -1.6290
-48.8689	 +7.7695	 -0.2458	 -2.0565	 -1.5132	 +0.4349
 +3.6128	 +3.2442	 +4.8948	 -0.5789	 -1.9591	 +1.8992
 +1.2250	 +1.2982	 +2.2078	 +2.1101	 +6.5553	 -1.5269
+11.5779	 -7.7676	 -3.7364	 +2.8894	 -1.9661	 +0.4510
 -6.8197	 -7.0598	 -1.6755	 -0.4912	 -2.1118	 +2.0530
-16.3538	 +7.6289	 +2.0863	 +0.3618	 +1.3987	 +0.9773
-31.9435	 -9.3432	+41.9466	 +0.2289	 +1.1024	 -0.4674
 +0.0766	 +0.3073	 +2.6183	 -6.0624	 -0.1244	 +3.9831
 -1.3393	 -9.5599	 +5.9568	 -2.3325	 +1.2510	 -2.1872
-39.5413	-31.5506	-24.0011	 +1.5797	 +0.3473	 +1.4893
-19.4564	+20.7627	 +4.8228	 +1.7420	 +2.2818	 +0.7773
-13.1795	 +2.0115	-10.6562	 +1.3106	 -4.3345	 +1.4387
 +9.2455	 -5.7573	 +2.0848	 +1.1866	 -1.3139	 -0.5254
 -1.3295	 -3.9982	 -4.9819	 +4.5010	 -3.9341	 +1.1367
+1871.0629	-30.6043	+790.2082	 +0.2213	 -0.2337	 +0.0662
 -6.0758	 +3.8629	 +5.9250	 +0.4495	 +0.2387	 -2.0993
 -1.9235	 -5.9988	 -2.8182	 +5.6225	 +1.4127	 -0.9805
 -1.1319	 +2.3715	 +5.0868	 -1.4394	 +0.3974	 +4.9561
+25.8354	-16.3326	-14.3711	 -1.0388	 -0.0121	 +1.4778
 -5.0775	 -4.5227	 +1.6857	 +2.3727	 +4.0550	 +2.1002
-55.0247	-47.3361	-69.1444	 -0.9111	 -1.3413	 -0.3138
 +4.6296	-11.6938	-23.5785	 -0.0998	 +3.6323	 +1.0910
+20.5194	 +4.3789	+22.5865	 -2.1239	 +2.1096	 -1.5313
+19.7690	-27.6419	 +9.8838	 +1.1079	 +0.4778	 +0.4245
 -9.1400	 -1.8335	 -6.6945	 +0.9775	 +0.1412	 +0.2456
+13.2720	+26.7029	 -9.7773	 +1.5406	 -2.4059	 +0.4308
 -9.3610	+21.0825	 +3.3923	 -0.1067	 +0.2752	 -0.1817
 +4.6779	 -6.5915	 +0.0095	 +1.4971	 -2.0770	 -0.7900
 -0.1305	+10.3519	 +6.5149	 +1.0278	 +0.7188	 -0.3937
 -0.3990	 +1.6876	 -8.1016	 +0.2342	 -4.5022	 -4.4436
 -4.0764	 -3.3815	+13.7234	 +0.7555	 -1.0832	 +0.1361
 +1.9331	 -3.1119	 -7.4142	 +2.7483	 +2.0431	 -0.8626
 +6.3056	 -0.5416	 -6.8590	 +1.6444	 +1.4107	 +3.6186
 +1.8079	 -5.0342	 +6.2734	 +3.3447	 -3.1580	 -0.4741
 -3.2696	 -0.7049	 -1.6287	 +4.4366	 +2.1389	 +1.4259
+20.9101	+14.9538	-24.6347	 -2.6400	 +0.1157	 +0.9356
 -0.8783	 +5.3903	 -1.5916	 +2.4183	 +2.0234	 +3.8029
 -3.1107	 +0.2705	 -1.7416	 -3.0795	 -1.5531	 +2.4743
 -0.7953	+14.5476	+12.3374	 +0.1950	 +2.3775	 -3.8090
 +2.2057	 -3.5352	 -6.0371	 -2.8358	 +3.0359	 +1.4346
-10.7341	 -2.0641	 -0.4464	 +2.0685	 +0.5522	 +1.2298
 -8.7867	 +6.7116	 -3.7440	 +1.8686	 -1.0170	 +2.3090
-13.6679	 +1.4048	 -3.5226	 -1.8270	 -2.6397	 +1.1900
+11.2801	-11.7350	 +0.4520	 +0.0656	 -0.1867	 -0.5863
 -1.0198	 +7.3641	 +4.9575	 +1.5151	 -1.4681	 -2.9952
 -5.1829	 -0.6589	 +0.8092	 +3.1403	 +2.7014	 -0.9521
-14.9999	 +8.3534	-16.4538	 -2.9651	 +0.4317	 +1.6890
-23.3502	 -4.6049	 +6.5443	 -2.3744	 -1.0149	 -2.5379
 -8.5255	 +4.8329	+11.6344	 +0.3024	 +1.0119	 -0.6021
-134.6881	-41.6512	+71.2538	 +0.6433	 -0.9573	 +0.7051
 -2.3822	 -0.6915	 +0.4438	 -0.9818	 -1.0014	 -1.7544
 +0.7269	 -7.5132	 -0.7077	 -4.5042	 -0.0610	 -1.5863
 -8.6506	 -3.3354	 +5.5923	 +4.2395	 -2.7194	 +0.7377
 -6.7282	 +3.5470	 +0.2703	 +1.6340	 +2.2216	 -5.4704
-11.8483	+10.6488	-15.0896	 -2.0066	 +1.0853	 +0.1024
 +7.2205	 -0.4798	 +2.9272	 -1.0239	 +4.8513	 +0.9775
 -5.6570	 -3.3737	-13.4492	 +0.4401	 -2.4838	 -1.4873
-113.9738	-104.1357	+101.6410	 +0.3720	 -0.2803	 -0.0973
-19.6798	+31.3437	+25.6345	 +1.9679	 +1.5719	 -1.3116
-19.0996	-27.1409	 +5.8168	 -1.7015	 +0.1749	 +2.4189
-29.9935	 +9.9616	-22.0110	 +1.3596	 -0.2955	 -2.7364
-11.7684	-24.0920	 -6.9694	 -2.2409	 -0.1278	 -0.7266
 +1.4810	 -1.3132	 -3.3880	 +1.8680	 -1.5095	 -2.7347
 -3.9275	 -0.4557	 +0.8950	 +0.0762	 -0.9238	 +2.8399
 -8.0811	 +3.8988	 -3.1539	 +3.9069	 +1.5870	 -1.7851
 +5.5848	 -7.6540	 +6.7759	 -0.9471	 +0.7611	 -2.6247
-23.9169	 -6.0465	 +2.7156	 -0.2810	 +0.6345	 -1.2911
-17.1502	 -9.0288	 +9.4056	 +0.9715	 -3.1599	 -0.6914
+22.4949	-97.8864	+21.4629	 -0.9535	 +1.1938	 -1.1724
 -9.6373	 +2.9076	 -1.5835	 -2.4360	 +2.1848	 +4.1132
 -0.2765	 -2.1929	 -7.2148	 +1.1918	 +0.9154	 +0.7410
 -2.3161	 -2.9759	 -2.5325	 +2.5996	 +1.4676	 -1.2045
 -2.4307	 +1.2570	-11.9338	 +0.5871	 -2.8599	 +2.2852
 -4.1642	 +5.7554	-10.0959	 -2.7221	 +2.4410	 +0.2192
 -9.6054	+12.2008	+18.3704	 +0.1030	 -2.5470	 +0.2090
 +7.9662	 -2.3487	+21.0537	 -0.6538	 -0.5527	 -1.3387
 -2.9456	 +9.3255	 +7.7964	 +2.8289	 +1.2615	 -5.1165
 -3.1622	 +2.6538	 -2.7607	 -2.4790	 -2.5281	 +0.1547
+10.4885	 -5.2439	 +1.5802	 +2.1480	 -2.5060	 +2.0430
 -5.0129	 -4.3995	 +2.2683	 -0.2990	 -3.5675	 -3.4114
 +2.0265	 +0.5669	 -4.7349	 -1.2864	 +0.8229	 +2.1941
-13.7838	-20.2730	 -5.8832	 -0.6453	 +4.1139	 +1.3366
 -1.8198	 -4.1157	 -1.3878	 -1.1903	 +1.6166	 -7.1552
 -4.6474	 +1.7928	-13.9825	 +0.3943	 -0.8736	 +1.8298
 +1.6506	 -3.4870	 -4.1287	 +1.5003	 +3.3456	 -1.7192
 -3.4714	+10.1607	 +2.8849	 +1.3520	 +1.4435	 +0.2554
-156.3367	-52.5086	+202.2309	 +0.5206	 -0.6825	 +0.2371
 +2.3328	 -3.8053	 +1.2516	 -1.1434	 +0.2988	 +0.1638
 +6.1962	 -7.9373	 -7.1160	 +2.0142	 -1.1217	 +1.0690
+11.7738	 +3.2627	 -3.5716	 -1.1270	 +0.6294	 +2.3822
 +2.2680	 +6.0462	-11.1785	 +0.3950	 +4.4324	 +0.1726
 -2.3168	 +1.4121	 +6.1531	 +0.4161	 -0.1378	 -3.2505
+32.0714	+38.8491	 -1.2359	 -0.8001	 +1.8054	 -1.9320
 -5.5417	 +4.7513	 +7.0659	 +2.1430	 +0.6954	 -3.2911
 +4.0461	 -7.3955	 +7.6217	 +3.5519	 +0.7345	 -1.6585
-11.1586	 +3.4882	-20.6545	 +2.9865	 +0.6494	 +0.5006
 +1.6767	 +9.1795	 -9.7921	 +0.3913	 -1.4886	 -0.9015
 -5.7539	 +2.3892	 +3.1448	 -1.7296	 -1.8801	 -1.6475
 +0.5025	 +9.2688	 +4.0385	 -2.9977	 -0.5967	 -0.3539
 +0.0705	 +1.4878	 -5.9185	 +0.8283	 +0.4789	 -0.4035
 -8.3196	 -6.2879	 -9.6902	 +1.5633	 -0.9655	 -0.0288
 -3.5869	 -6.7307	 +9.6638	 -0.0231	 -0.0981	 -0.5538
+10.4106	 -2.3642	 +1.6504	 -2.2847	 -0.3268	 +2.7978
 -5.4523	 +2.0542	 -1.6912	 -1.9329	 +1.6823	 -0.1554
 -2.8673	 -4.1127	 -4.6568	 +2.1928	 -0.9915	 +2.9261
 +5.9804	 +0.5646	-10.6485	 -1.0100	 +1.5991	 +0.2857
 +0.2053	 +1.6003	 -6.3025	 -1.0733	 -0.1637	 -0.9029
-15.7943	-14.5581	+16.0921	 +1.4163	 +1.4179	 +3.7080
 +1.0246	 +0.4599	 +1.3462	 -0.7171	 +0.9240	 -0.7298
+12.4182	 -8.3056	 -4.3435	 -1.1172	 -2.1196	 +1.1732
 -7.7199	 -9.8075	 -5.8161	 -1.8004	 +0.9211	 +2.2523
-14.7161	 +1.5401	 +7.6992	 +2.9204	 +1.0326	 -1.8376
 +0.8504	 -7.9477	 -0.8929	 +3.6262	 -0.3596	 +2.1329
 +7.7137	 -5.5655	 -7.8852	 +3.0039	 -2.9703	 +2.3196
 -5.6481	 +6.4330	 -2.6158	 +1.1501	 +2.2594	 -1.8384
-14.7071	+27.5911	-43.4412	 +0.5671	 +0.3263	 -1.2212
 +8.5581	-11.9070	-50.9033	 -0.0865	 +0.9991	 +0.4542
 +2.7227	 -3.1287	 -5.0498	 +2.9389	 +0.3888	 +1.5517
-16.8232	 +0.4158	 -8.8504	 -1.8223	 -2.6310	 -1.8074
 -1.5038	 +1.3816	 +2.1589	 -2.6631	 +2.8768	 -0.1922
-12.2354	-13.6502	 -5.9926	 +1.2477	 +3.4611	 +0.1709
-18.9475	-71.4842	 -3.2419	 +1.2609	 +0.7775	 -0.6933
 -0.5447	 +0.2137	 +8.5099	 -1.6526	 -3.2148	 +1.1025
 +3.0788	 +4.5822	 -5.0098	 +2.6303	 -3.6881	 +2.4694
+18.3891	 -6.1935	 -4.7183	 -1.4875	 +1.4706	 -4.2543
 -6.0791	+10.0806	-12.7484	 +3.6195	 -0.2542	 +3.3337
 -5.0349	 +3.3759	-19.2058	 +1.8547	 -1.1220	 +0.3631
-11.1293	 -0.3717	 -9.4708	 +2.2034	 +1.5930	 -0.5130
 -6.1104	 +3.7008	 -1.0424	 -4.6124	 +3.2938	 +0.9230
 +2.8934	 +0.0249	 -3.3464	 +3.4142	 +4.7965	 +1.2584
 -4.8926	 +0.9535	 -1.9467	 -4.3909	 -1.0082	 +2.4302
 -7.3577	-22.5372	-13.8658	 -0.6440	 -0.1063	 +2.4501
 -3.0199	 +3.4289	 +1.5758	 +3.7484	 +1.3647	 +1.6681
 +4.5413	+14.9938	 +7.1579	 +0.0823	 -2.9685	 -1.2691
-58.5362	 -4.4118	-10.5649	 +0.2651	 +1.2602	 -1.0666
 -3.5427	 +1.4015	 +1.2799	 +1.8575	 +1.3407	 +2.1439
 -0.2855	 +0.2101	 -8.4894	 +3.4972	 +2.7392	 -1.1840
 +6.2903	 -6.2740	 -3.6278	 +1.1396	 +3.6769	 -0.0284
 +2.1816	 -0.9189	 -6.6428	 +1.0929	 -3.3098	 -0.6287
 -2.7187	 -4.6238	-14.5717	 +3.3358	 +2.2757	 -2.9956
 +0.8623	-11.3059	-24.6732	 +0.5589	 +2.0242	 +2.0378
 -8.8729	 +7.2016	 +2.2904	 -0.1626	 -0.0431	 +5.3275
 -5.8910	 +1.8098	-13.0329	 +4.4255	 -0.1295	 -2.2093
+10.6700	 +0.0358	 -3.5373	 +2.5016	 -2.4854	 -0.9677
 +2.7773	-29.7973	-20.4259	 -0.6861	 +0.5447	 -1.0383
-10.9331	+20.0467	 -0.1510	 -1.2258	 +0.5930	 +2.3518
 -4.3246	 +0.3677	 -1.7064	 +1.3663	 +2.5357	 +2.5004
 +1.0576	 +1.2041	 +5.6122	 -1.6064	 -4.5936	 -0.1821
 -7.2911	 -9.3329	 +7.3635	 +0.0958	 -2.6324	 +2.0577
 -2.3543	 +6.0879	 -6.0034	 +0.9444	 -4.2923	 -2.8864
 +3.4670	 -1.2437	 +5.3103	 -2.8664	 +2.1939	 -2.4312
 +1.8572	 +0.9167	-11.2670	 -5.2124	 -1.1369	 +0.1606
 -0.2488	 +8.2561	 +4.6349	 +1.3080	 +2.8927	 +2.0082
+34.4538	 +6.6238	 +4.2161	 +0.9548	 -0.0759	 +0.8003
-23.5133	+12.7353	 +0.9003	 +0.8635	 +0.1765	 +1.8168
 -4.1782	 -4.5158	 -7.9394	 +0.6594	 -0.5963	 +1.8196
 +5.0506	-21.2041	-19.6927	 -0.9390	 -2.4714	 -1.9330
 +5.9472	-12.0607	 -4.4433	 -1.2431	 +3.3753	 -2.3074
+10.5936	 +8.9862	 -4.4256	 +0.6239	 -1.5569	 -2.1287
-33.6672	 +7.8475	 -1.6486	 +2.5086	 -0.1181	 +3.3268
 +4.9859	 +4.7190	 -0.5129	 -0.4070	 +2.7946	 -1.2076
 +8.4430	 +6.4213	 +5.6093	 +0.0251	 -3.1227	 +0.0851
 -2.7634	 +6.7573	 +0.2568	 +4.2820	 +0.4200	 +2.9763
-12.7017	-11.1456	 +8.4957	 -0.3763	 -1.8010	 +1.5919
 -9.8408	 -2.2668	 +1.0873	 +0.6059	 -4.2837	 -0.7800
 +1.7140	-13.2951	 -8.2676	 +2.7948	 -1.8529	 -1.5399
 +1.4226	+15.6506	 -2.0696	 +3.6924	 +1.1976	 +1.7588
+17.4376	+12.4554	-15.6564	 +2.5990	 -1.6025	 +0.0497
-19.0687	 -5.0834	+16.0387	 -0.5385	 +2.8277	 +2.3467
+30.8779	 -8.1881	+67.6112	 -0.0662	 -1.8384	 +0.6313
+10.1678	 +6.8335	 +4.9291	 +1.5825	 -0.7921	 -0.5073
 -0.1561	-13.5855	 -4.4491	 +2.7172	 +1.3627	 -1.9377
 +2.3417	 -0.5564	 +2.1572	 -0.5444	 -1.0237	 -2.0510
-18.2824	+10.3857	-15.7337	 +1.5839	 -1.3768	 +0.7518
 -4.9349	 -3.3718	 -4.5922	 +3.6958	 +2.5110	 +2.6718
+24.7124	 +3.0033	 -4.2071	 +2.1822	 -0.4796	 -2.0783
-11.3166	-17.1553	 -3.7948	 -1.5607	 +2.0856	 +1.6854
-14.0991	+14.1266	-13.6935	 -2.0298	 +2.3819	 -2.3940
 -6.8436	-22.0952	 +9.4656	 -2.6310	 -1.1491	 +1.7276
 -3.0865	 +4.4585	 -0.6432	 -1.8660	 +0.4477	 +2.6620
+11.8611	 +6.0801	 -9.9718	 +3.4591	 -1.6380	 -0.0766
 -0.2791	-19.9216	+14.4181	 +1.5334	 +0.5109	 +0.2956
 +0.9429	 -7.7707	 -4.8442	 +1.5880	 -0.6551	 +2.7622
 -0.6328	 -5.7937	 +0.4457	 -4.8048	 +0.7620	 -3.4503
 -9.8449	 -3.4484	 +0.6723	 +1.0142	 +0.0700	 -1.9576
 -1.0004	 -1.8653	 +0.4927	 -3.5408	 -4.6575	 -2.3327
 +3.5783	 -7.6747	-15.0800	 -1.6730	 -1.4594	 +0.8142
+10.2928	 +2.3027	+28.0450	 -0.2866	 -1.8485	 +1.1061
 -4.2105	 -8.5551	 -2.3665	 -3.2763	 -1.2124	 +1.3676
 -1.4760	+12.4671	 +1.6069	 +0.6882	 +0.9394	 +4.3532
 +5.5182	 +2.2517	 -5.7926	 +0.8440	 -0.8510	 -2.8434
-10.8882	 +2.1747	+13.9129	 +2.2486	 +0.0187	 -2.2887
 -5.0758	 -4.0820	 +5.5437	 -3.2311	 +0.2219	 +2.7678
 +3.6654	 -0.9214	 -0.7542	 -0.0443	 -0.7229	 -2.8438
+33.8405	 +8.2508	-19.3187	 -0.5754	 -1.1524	 -0.0826
 -5.8871	+11.9476	-26.9125	 -3.1465	 -0.3362	 -1.4273
 +0.2380	 +1.4618	 +0.9195	 -4.9438	 +0.2205	 -1.2703
 +1.0446	 -4.4963	-10.2062	 +3.7958	 -0.2204	 +0.8853
 -0.8485	 +0.2931	 -1.8458	 -0.6209	 +6.1444	 +1.7061
 -6.5747	 +5.2681	 -2.7561	 -0.0987	 +2.1514	 -3.7037
 +1.4054	 +9.0274	 -0.9562	 -0.4961	 -3.9234	 +2.8376
+13.7881	+11.0980	 -2.1960	 -3.0356	 -2.1066	 -1.3590
+24.7103	 -0.1078	 +6.3134	 -2.0760	 +0.9072	 +0.6010
 -0.9117	 +1.0027	-11.4487	 -0.9170	 -1.1901	 -1.1149
-13.3903	 +0.7033	 -2.6409	 -2.2652	 -0.8964	 -2.5226
 +0.5413	 +1.0043	 -4.4018	 +1.6692	 +0.2351	 +1.1333
 -1.7002	+11.6172	 -1.7818	 +1.9914	 -3.1030	 +1.9555
+17.8387	-63.2238	-33.4100	 -0.4256	 +0.8960	 +0.6842
 +1.7772	 +9.3093	 +8.6604	 -0.5135	 -3.3103	 +2.3958
 +1.9620	 -2.8357	 -5.5216	 +1.8951	 +0.9552	 -1.3345
 -6.9888	 +3.1553	-11.5110	 +1.7774	 -0.5975	 -0.4313
+10.9437	+18.6561	+29.4244	 -0.9902	 +0.0625	 -0.9708
 +1.3145	 -2.4041	 -0.7609	 +2.9160	 -5.7656	 -0.8131
 -0.4993	 -1.6514	 +4.2742	 -2.4924	 +3.3742	 -2.7923
+16.1434	-19.0046	+21.9060	 -0.6954	 +1.2317	 -2.0452
 +0.8586	 -7.4660	 +1.3852	 -2.7172	 -1.1004	 +1.4007
-72.1755	-57.7095	+28.0223	 +0.5422	 +1.2417	 +0.5257
-13.0823	 -4.3862	-12.4654	 +2.4053	 -0.4036	 +0.5856
+60.3707	+42.8429	+41.7972	 -1.2244	 -1.2573	 -0.3398
 -5.7820	 +9.8475	 -7.0062	 -1.4334	 -2.6205	 +3.1661
 +9.7706	 -6.6130	 +0.5760	 -0.8469	 -1.9846	 +0.4546
-109.4901	+51.6566	-21.6593	 -0.5341	 +0.7772	 +0.2660
 +2.9067	 -4.2670	-14.9870	 -3.4503	 +0.0664	 +1.8273
 +6.8916	+11.1134	 +4.1587	 +1.7034	 -0.0949	 -0.7022
 +5.6316	 +1.1629	 -4.0990	 +1.4421	 +0.7291	 -3.8634
 -1.9305	 +2.5943	 -5.8361	 +1.4569	 +3.0863	 -1.9110
 -0.4311	 -3.3530	 +0.7684	 -2.2429	 +1.4196	 -2.0752
 -8.0307	 +8.9655	 -4.0722	 +1.6699	 +4.0195	 -1.8983
 -0.1109	 +1.4840	 +0.2346	 +4.6200	 +3.3375	 +0.2339
 -6.3648	 +1.8414	 -0.9301	 +3.2899	 -4.4967	 +1.1929
 -6.2830	+11.0564	-12.3338	 -0.5799	 +4.8637	 -0.2126
 +6.0397	+11.0175	-11.2226	 -0.2174	 -0.7436	 +1.3942
 +0.3251	 +0.5640	 +0.2162	 -1.2832	 +2.5744	 -1.3578
 +3.7449	 -2.9950	 -3.6946	 +0.9053	 +2.5095	 -2.5867
 +4.1185	 +2.4227	 -2.3242	 +2.2692	 -1.8174	 +3.9629
-33.5602	+10.9695	+12.5837	 -1.3485	 +1.0510	 +0.5437
 -6.8824	 -3.1212	 +5.1525	 +2.9165	 +4.7385	 +2.7019
 -2.1193	-12.9274	 +8.7575	 -1.3131	 -4.6470	 +2.1873
-14.8426	 -4.2152	 +3.8219	 +1.2936	 -0.8822	 +3.9637
 -1.6095	 +1.4323	 -6.4029	 -1.7870	 +1.6239	 -2.3652
 +9.8454	+15.6358	-21.9649	 -1.1698	 +1.0679	 -2.5928
 +0.7071	 +7.9436	 -7.9559	 +3.6247	 -1.5834	 -0.5215
 -9.6086	 +2.0816	-14.7214	 +1.0321	 +0.8236	 -1.1934
 +2.9901	+11.4424	 -1.1077	 +0.3793	 -2.6811	 +1.5815
 +4.2241	 -2.3306	 +3.6675	 +0.3733	 -4.2294	 -2.3207
 -8.1942	 +3.8376	 +6.8639	 -0.4115	 -0.1402	 +0.6332
-14.9273	 -2.6206	+15.6764	 -0.5640	 +1.3396	 -1.0405
-44.1913	+10.4604	 +4.4166	 -2.3766	 +1.5050	 +0.8298
 -0.2370	 +3.4922	 -1.6480	 -0.9407	 +0.4441	 +1.0203
-26.7298	+10.6883	 +9.0347	 -1.0612	 +4.6085	 +0.2184
 -9.1899	-11.0097	 +6.9222	 +0.8589	 +0.8934	 -0.8654
 -5.1834	 -1.4963	 -3.3924	 -4.1172	 -3.2693	 -2.3433
 -4.7319	 -0.8538	 +3.1983	 +0.4404	 -0.3854	 +1.0044
-15.1615	-51.2943	+32.3584	 +1.8965	 +0.0389	 +0.8601
 -3.2844	 +9.0880	 +0.5078	 -1.8627	 -1.3206	 -1.6323
 -0.2504	 +0.6136	 -6.9647	 +4.6461	 -0.2087	 +1.5793
 +1.4282	+16.3477	+15.0105	 -1.8571	 +0.1876	 +1.9511
 +5.2231	+15.0692	+16.7810	 +0.3868	 +1.8224	 +0.6958
 -0.6773	 +6.5484	 -5.5322	 -0.6136	 +1.4458	 -3.2633
 -4.7071	 +7.1082	 -1.4006	 +1.4975	 +1.0506	 -0.9556
 -2.5672	 -2.4423	 -5.2481	 -1.5469	 -0.5619	 +3.9800
 -2.8854	 +3.3612	 -2.5947	 +0.0550	 +0.6238	 -1.4667
+10.8490	-12.5920	 +2.4834	 +0.9569	 -2.7579	 -0.8210
 -2.0041	 +0.7854	 -2.2625	 +0.4826	 +3.0866	 -3.8424
 -2.2407	+22.0559	 +0.5785	 +1.8118	 -0.3483	 +2.6933
 -6.5940	 -5.5275	 +1.5975	 -0.4616	 -3.1306	 +1.3004
 -5.4140	 +2.6705	 -0.3222	 +0.9301	 -0.6560	 +1.2110
+19.3994	+13.7491	 -2.8799	 +0.4451	 -2.1855	 +0.3211
-11.2577	 -2.0225	-11.6900	 +2.5135	 +0.2767	 -0.6146
 -2.3432	 -1.8630	+11.5799	 -1.2253	 -1.2913	 -3.1651
 +2.7161	 +1.7959	 +0.1260	 +0.3013	 +0.1953	 +2.1617
 +9.2854	 +9.9212	 +4.9022	 -2.2786	 +3.1624	 -0.1740
 +3.8359	 +2.4377	 +1.8950	 +5.1751	 -3.7457	 +0.3857
 -4.1788	 +9.9513	 -5.5561	 +2.6214	 -2.2322	 -0.7210
 +4.6196	+15.5132	-17.1078	 -0.3402	 +1.3222	 +1.4068
+11.4338	 -1.0659	 -5.4561	 +0.6618	 -3.5929	 +0.5008
-10.7384	 +1.7816	 -2.1503	 +1.4007	 +2.2330	 -0.3689
 -0.0643	 +5.3355	 -7.8296	 -0.6962	 -3.2488	 +1.2529
-13.2706	 +3.6767	+10.1026	 -2.3264	 -0.2656	 +1.7814
 +7.8284	 -9.1491	+36.5818	 -1.0517	 +0.8195	 +1.9766
 -3.0623	 -8.3818	 -2.9256	 -0.2295	 -1.6261	 -3.1219
-16.1645	 +7.1013	 +0.7698	 +0.4035	 +3.5997	 -0.0447
 +3.7941	 +0.8999	 -1.7722	 +0.9106	 +0.3949	 +0.3235
+17.4468	 -9.2913	 +8.4760	 -0.3252	 +0.7321	 -0.8346
 -0.5199	 -6.6253	 -0.7963	 +3.1455	 -1.3227	 -0.6829
 +0.2395	 -1.5879	-11.5575	 +0.6641	 +6.1013	 -1.3217
 -4.1097	 -3.5994	-11.3995	 -3.0711	 -1.9699	 +1.8840
-22.8478	 +5.1763	-40.6798	 +1.0764	 -1.1065	 -1.1011
+14.7052	+16.6090	+29.8529	 -1.0984	 -0.9072	 +0.7257
 +4.8688	 -2.0937	 -1.0612	 -0.7690	 +0.9436	 +0.8310
 +1.5889	 +6.9641	 +1.2780	 -2.3124	 -1.9599	 -2.4137
 -6.0510	 +8.3821	+23.1513	 -1.1739	 +0.6993	 -2.8331
 -8.1264	 -4.4775	-10.4817	 +2.5419	 -1.6509	 +0.4883
 -1.4956	 +2.1557	 +1.1541	 -5.0596	 -1.3021	 +0.1282
 -9.1174	+15.3681	+13.0148	 -1.5914	 +1.0094	 -0.1668
 +3.9340	 -8.1797	-11.7346	 +0.2736	 +1.4289	 -1.5674
 -4.1910	 -5.2971	 +6.0646	 +2.0108	 -4.5507	 +0.0153
 -2.4716	 -4.0765	 -4.8253	 -2.8938	 -1.6961	 -0.0484
 -3.2487	 +3.8390	-11.7366	 +3.4707	 -1.3896	 +0.4558
-18.2211	 +0.6291	-16.5242	 +2.7648	 +2.3183	 +1.1988
-12.3742	 -6.6043	 -0.9038	 +1.3300	 +0.6351	 +3.2141
 +4.6983	 -1.4900	 -4.3961	 +0.1375	 -0.5794	 -2.0340
 -5.2287	 -2.7430	 -3.0419	 +0.5694	 +2.3686	 -3.4668
 -2.5528	 +3.6004	 +2.3449	 +1.2990	 -4.9354	 -1.8417
 -1.1451	 +3.3907	 -0.3277	 +1.3161	 +0.8734	 -3.2559
+22.5986	-14.9446	 +4.4957	 +1.3037	 -0.1402	 +1.1397
-15.1319	+18.9582	 -7.8110	 -1.0225	 -0.2740	 -0.9452
-11.4541	 +3.7869	 +1.1689	 -1.3049	 -1.4466	 -2.2407
 +0.3288	 +4.2993	 -8.8111	 -1.2801	 -3.1049	 -3.1339
-13.9064	-10.7968	+10.2821	 -1.1868	 +1.4724	 -0.2374
 +8.5202	+10.4933	-20.0926	 +2.6493	 -0.9011	 +2.0703
 -2.3489	 -4.5300	 -1.0728	 +6.7770	 +2.4167	 -0.8653
+20.3439	-12.1356	-24.7104	 +0.1302	 -0.1340	 +1.9921
 +0.0721	 -3.3967	 -3.8454	 -4.7551	 -5.3801	 +0.7922
 -6.8194	 -0.0790	 -2.9865	 -0.0824	 -2.2946	 +3.5419
 -0.8623	 -1.0715	 -1.8650	 +0.9121	 -1.7327	 -3.0873
+23.3273	 +6.5086	 -0.0614	 +0.0308	 +1.8172	 -0.1968
 +5.1152	-12.2109	 -7.5458	 -3.6623	 +0.3704	 -3.9452
 -4.5002	 -5.9583	 -0.6504	 -3.7155	 +1.2128	 -5.5584
+21.4505	 -6.6120	 -6.3957	 +1.0285	 +0.8766	 +0.2055
-19.6966	 -3.8522	 -4.8489	 -0.7708	 -1.9692	 -0.2913
 -5.5049	 +7.2113	 +5.0610	 +2.7790	 +1.0312	 -1.5095
 -8.4163	 -2.7784	-10.6175	 +2.1061	 +2.0752	 -0.7291
-15.0323	 -3.2486	 -0.8258	 +1.1348	 -0.1829	 +0.9337
-18.0072	 -2.8889	-10.0283	 -1.0316	 +1.6347	 -2.7968
-26.0174	 -7.1424	 -5.1986	 -3.1933	 +2.6116	 +0.8411
 +0.0416	 -0.1319	 +4.0355	 -3.5771	 +2.5795	 -4.1306
 -1.1864	 -1.8020	 -1.7946	 -0.9406	 -3.9553	 +2.5080
 -3.6478	+18.1707	 -0.8301	 -0.9394	 +1.7606	 -2.6053
 +3.4945	+10.9745	 +3.2144	 +1.2395	 -3.7321	 +0.3674
-12.6145	+14.2095	-48.8549	 +0.1142	 +0.0295	 -0.1995
+11.0578	 +7.6496	 -2.0064	 +1.6280	 +2.8976	 -0.3761
+14.0565	 +6.7040	-13.6401	 +2.0576	 -1.5221	 -2.1736
-12.8610	 -3.0756	 +0.4427	 +2.3880	 +0.1375	 +3.1184
 -6.7761	+17.2132	-19.1978	 +0.9392	 +2.5594	 +2.7147
 -0.7937	-11.9835	 -4.7619	 -1.1493	 +3.1182	 -1.4922
 -4.8197	 -4.1050	 +0.6094	 +0.1058	 -3.0898	 -1.7386
 -2.4737	 -1.9145	 -6.9275	 -6.0550	 -0.0504	 +0.9016
 +0.8016	 +0.6020	 +2.6359	 -4.0403	 -0.0638	 +0.6393
 -9.5605	-13.2932	 -1.1919	 +0.1391	 -1.5625	 -0.1801
 +0.0529	+24.9619	 -2.1609	 +2.8352	 -0.2512	 -2.7190
 -0.3003	 +2.3433	 -4.0560	 -0.6492	 -0.7215	 +0.9535
+10.6015	+11.4385	 +6.4786	 +0.3777	 +1.8366	 -1.5744
 -4.4910	 -8.7714	 -2.5942	 +1.9803	 +2.9273	 +3.7177
 +2.0385	 -9.8861	+18.0062	 -1.5758	 +0.8943	 +0.1332
 -2.6004	 -0.6432	 -9.9116	 +1.9310	 +0.8616	 -1.3282
 +4.3817	 +2.5010	 -8.4432	 +1.0791	 +0.9471	 +0.9791
 +4.3347	 +4.1575	 -0.2922	 -3.5721	 +0.6733	 +0.5840
 -3.4244	-17.2713	 +6.7157	 -2.4321	 +1.7783	 +0.3437
 -4.0269	 +5.3766	 -4.6416	 -1.3636	 -0.1408	 -0.0405
 +1.0622	 -0.4010	 -4.4389	 -1.5647	 -1.2702	 -0.6107
 -5.8550	 +1.7877	 -3.7862	 -0.3857	 +0.8836	 -3.0540
 -1.0163	 +6.7997	 +0.9112	 -0.3102	 -1.2784	 +0.3715
 -4.6150	 +1.2388	 -0.2009	 -2.4779	 -2.9480	 +2.0411
+10.3930	 -2.4635	 +4.3827	 +0.8689	 +0.1934	 -1.5877
-12.8102	+20.3132	 -7.2849	 +0.9167	 -2.3680	 +0.9353
 -5.1647	 -9.0449	-15.6064	 -0.3597	 +2.8610	 +1.2166
 +6.1601	 -1.1321	 -3.9777	 -0.9244	 -4.2150	 -0.5864
 -4.2647	 -1.4385	 -0.8511	 -2.2456	 -0.5647	 -0.8771
 -2.8527	 +4.7067	 -9.6867	 +0.1420	 -3.0073	 +0.8494
-19.2933	 +2.1600	+14.6263	 -1.1270	 +0.1494	 -4.0531
 -2.7575	 +6.7170	 +5.7280	 -2.7662	 +0.7791	 +5.8148
 -0.1262	 -2.9467	 +1.0330	 +0.4917	 -0.4337	 -1.1374
 +1.9017	 +2.4692	 -2.4827	 +0.5064	 +0.7512	 -0.8043
 +1.9964	 +9.1624	 -2.0775	 +3.5093	 +1.7573	 +0.9797
 -0.8852	 -4.8103	 +0.9235	 -1.9922	 -0.7514	 -5.3686
+20.3733	 -6.7280	 +4.6210	 -2.7841	 -1.5797	 -3.0887
 +0.1733	 +1.8126	 +2.1484	 +1.0904	 +3.3432	 +0.1985
 -2.1671	-34.9118	+58.1919	 -0.3749	 -1.1623	 +0.4899
 +0.2588	 -6.1905	 +0.2704	 -0.7624	 -3.1757	 -0.6969
+37.6319	+35.2002	-30.3209	 -1.7636	 -1.2155	 +0.5896
 +1.8200	 +3.4142	 -2.6970	 -0.7812	 -3.3701	 +3.3991
 -1.6174	 +0.0246	 +0.6146	 -0.6237	 -3.5858	 -3.0947
+51.9328	 +1.5870	-44.5204	 -0.3095	 -0.1708	 +1.5094
-13.2589	-32.7393	+27.3046	 +2.5891	 -2.0035	 +1.5393
+104.1776	+58.6306	+15.1418	 +0.0449	 -0.7956	 -1.6084
 +0.9855	+30.7603	 +4.6534	 +2.8107	 -1.0433	 +0.6138
+23.6557	+66.7785	-34.0136	 +1.1632	 -0.3796	 +0.0187
 -8.8561	 -9.7029	 +2.6106	 +0.3949	 +0.8015	 +2.0057
-11.5150	+17.5280	 -3.0230	 -2.8204	 -1.3568	 +1.1783
 -9.3919	 +1.5336	 -6.3998	 -5.0333	 -0.6601	 +5.1408
+11.5900	+29.0656	-48.7121	 +0.7189	 +2.6673	 +0.2242
 +7.2767	-12.2157	+42.4078	 +1.4834	 +0.9516	 -1.0370
+22.6739	 +6.9812	 +2.6719	 -2.4313	 +1.4671	 +0.8451
 -3.0526	 -4.0549	 -7.9329	 +2.5586	 -3.6258	 -0.9167
 +1.7828	 -7.0128	 -5.0434	 -5.3193	 +2.3031	 +1.4512
 +8.1470	 -4.8928	 -1.4848	 +2.0032	 -0.7216	 -3.3904
 -1.2300	 -3.6732	 -3.5831	 -3.2130	 -1.3616	 +5.2298
-11.8500	 -9.2915	 -6.3422	 -0.2275	 +1.7085	 +0.8655
 -3.3651	 -2.7018	 -2.9217	 +3.8852	 +2.8881	 +0.7217
 +0.5954	+23.6365	 +7.5749	 -1.2321	 -2.0683	 +0.7634
 +3.7320	 +5.7527	-15.6205	 +0.0638	 +3.3386	 +0.1280
 +8.2205	+15.3167	-25.9259	 -1.6075	 +0.1365	 -0.0171
 -4.6913	 +9.1562	 -1.7796	 -1.8929	 +4.3557	 -0.5270
+18.0144	-21.2603	-11.4995	 -1.1572	 +0.8613	 -0.9594
 -4.6746	 +2.2959	 +3.1282	 -0.8038	 +1.2577	 -0.3566
 -2.1497	 +4.4894	 -1.9076	 +0.8198	 +1.2808	 -3.3077
+12.4357	-18.7013	 +0.1627	 -0.9082	 +0.9083	 -0.4303
 +2.1411	 +2.9557	-14.2846	 +0.2942	 -2.5042	 +2.8862
 -3.7509	 -6.2329	 +1.0648	 -2.9791	 -0.0081	 +5.9648
 -0.4840	 +5.7705	 +1.2550	 +1.2318	 -1.0835	 -5.2813
 +1.9795	 -2.0015	 +5.4126	 +0.1329	 +0.5522	 -3.9514
-23.3819	+24.1095	 +8.4076	 -0.0594	 +1.8143	 +0.8550
 -5.3151	-11.7550	 +1.9890	 -3.0166	 -1.7878	 -1.4262
-13.7505	 +5.0414	 +0.0268	 -3.3713	 -2.7073	 -0.8908
+13.1681	+10.5717	 +6.3888	 +3.9275	 -0.4442	 +1.2439
-12.4073	 +4.5320	 -4.3825	 -2.8411	 -0.5406	 +1.6957
 +3.6179	 +0.3012	+11.2862	 +1.2680	 -1.4509	 -1.9575
-14.7007	+66.1612	+21.4660	 +0.7323	 +0.2703	 +1.2504
+20.2271	 -6.2797	 +5.6109	 +1.5876	 +1.0478	 -0.8771
 +4.4233	 -9.7262	 +6.7164	 +1.6144	 -2.9556	 +0.7406
-13.0497	-33.6059	+26.1577	 -0.8883	 +0.5342	 +1.1198
-40.5098	+34.8124	+25.4748	 +1.2427	 -0.2128	 -0.6348
 +0.4675	 +1.8287	 +1.6068	 +1.3547	 -3.7101	 -2.0170
 -3.8521	-17.8033	 -5.6443	 +3.3077	 -0.4965	 +1.6846
 +8.4441	 +9.4204	 +2.7394	 -3.8892	 +1.9768	 +2.1846
 -5.6216	 -1.1979	 -2.8395	 +2.2582	 -6.1703	 +3.4754
 +4.9763	 -2.2047	 +3.6880	 +5.0509	 -0.4457	 +0.5846
 +8.7050	+12.5381	 +7.0976	 +3.1449	 -0.5018	 +1.4009
 +4.1832	-33.1477	+110.6787	 -0.2990	 -1.4577	 +0.5533
-23.7471	+10.5146	 -3.2681	 +0.3643	 -2.9926	 +0.3147
 +5.7491	-13.3863	-18.5881	 +2.4451	 +0.8906	 -1.2607
 -4.4405	 -0.9327	 +3.3424	 -2.1651	 -3.6911	 +0.1066
+11.1792	 +0.9200	-11.5468	 -3.6459	 -2.3270	 +1.6536
 -5.8145	 -6.5407	-19.0725	 -0.5053	 +0.1726	 +2.4460
 +0.7644	 -7.4143	 +3.1364	 +3.4049	 -0.7842	 -3.9185
+25.1170	-25.0691	+39.1427	 -1.3410	 +1.1343	 -0.3675
 -9.8859	-15.9623	 -8.8334	 +2.6245	 +0.5035	 -3.4281
 -1.3242	 -8.5745	 +1.0132	 +0.8637	 -3.7552	 -1.5984
 +5.7366	 +3.9003	 -3.3068	 +0.9012	 +4.3599	 -2.5101
-16.1194	 +6.7892	+14.7097	 -1.7009	 +1.7888	 -1.3704
 +9.6511	 -5.6347	 -1.5319	 +1.1858	 +4.4641	 +2.1147
+14.1722	 +4.0557	 +5.5561	 +0.7949	 -3.4823	 -2.5169
+12.7815	 +1.1872	 +3.5411	 -3.8164	 -0.4475	 -1.5924
 -0.2212	 -0.6365	+22.7409	 -0.3338	 +2.9784	 +0.4591
 +3.5524	 -9.8994	-12.6820	 -0.3752	 -5.0053	 +1.8031
 -0.8115	 +0.8557	 +5.0398	 +3.2972	 -2.9427	 +0.1747
 -4.5906	 -0.4719	 +4.8118	 -2.0538	 -1.2720	 +1.2181
-15.0405	 -3.8404	-10.5147	 -0.2425	 +0.9366	 -0.2682
-12.6606	 +3.6424	 +0.4140	 +2.0231	 +0.7353	 +0.8617
 +1.8453	 +8.1578	 -7.8086	 -0.0840	 +0.4275	 +2.5681
-17.8451	 +2.0738	 +9.5917	 +4.6648	 +0.3182	 +1.7810
 -2.5962	-10.5208	 +2.3814	 +1.2694	 +0.7508	 +2.7553
 -6.3727	 -2.1201	 -3.7357	 +1.2178	 -0.2756	 +0.9158
-11.6273	-10.8566	 +0.5726	 +0.9422	 +2.8162	 +0.6547
 -1.3180	 +7.6188	 +4.5776	 +2.0285	 -2.2933	 -0.5328
+27.2800	+23.0163	 -5.3079	 -0.8587	 +0.8735	 -0.2441
 -5.6005	 -9.4100	 -0.0387	 +1.9372	 +0.0082	 +0.6181
+25.1926	 +3.0626	 +6.1504	 -0.9515	 +2.2737	 -0.8192
 -4.2805	 -4.0805	 -6.9933	 -3.3506	 +0.7539	 -2.6608
 -5.2818	 +3.6175	 -8.9679	 +0.2252	 +1.3805	 -0.8672
 -2.8060	 +2.9679	-12.0457	 +4.1780	 -4.0991	 +0.8060
 +1.8197	 -4.6304	 +1.3290	 -0.1007	 -3.5634	 -2.4019
 -6.6633	-23.9420	 +5.2546	 +0.0282	 -3.2748	 -1.6383
-11.6622	 +9.7302	 +5.0782	 +1.7063	 +0.2353	 -3.1849
 -2.6876	 -2.4459	 -2.8676	 +1.2388	 +5.7904	 +3.0247
-16.6032	 -9.8962	+16.7283	 -3.1333	 -0.5455	 +0.8739
 -8.7745	 +0.4409	 +2.2268	 -5.4324	 +1.1042	 -0.4582
-17.2741	 -7.0824	 -6.3766	 -1.7242	 -2.5897	 +1.2579
 +0.2343	+23.9406	-11.9212	 +1.6828	 -2.3363	 +2.2157
-13.6666	+12.4221	 -3.4661	 +0.2444	 +2.6596	 +1.4453
 +3.7687	 -6.8866	 +5.5328	 -4.2176	 +1.6966	 -0.3341
+13.3763	-23.7006	 +2.2643	 -1.1199	 +1.4263	 +1.5965
+11.1047	 +3.2398	 +0.8508	 -1.6156	 +2.8213	 -1.2340
 +6.8559	+37.8004	-14.2753	 -0.1104	 +1.6019	 +2.2422
 +3.5044	 -3.1735	 +5.7063	 -0.2505	 +0.8850	 +2.3005
 -2.0001	 +8.5473	 -1.0689	 -3.4503	 -0.3529	 +0.2952
 -3.9170	 -1.5199	 -4.6859	 -0.7218	 -3.6805	 -0.4346
+86.9740	-29.3869	+51.7857	 +0.1342	 -0.9255	 -1.3724
 -0.2243	+11.2984	-14.1460	 -2.4797	 -2.1417	 -1.3586
 -0.8239	 -1.9262	 -9.0690	 +2.3768	 -3.3872	 -1.0494
 -1.4420	 +0.1783	 +7.5258	 +2.0473	 +1.0188	 -0.5677
 +2.4375	 +5.7011	-14.5070	 -0.9946	 +2.1657	 -0.5660
 -6.1932	 +0.2468	 +2.1491	 +3.5332	 +3.4282	 -3.9305
 +1.4478	 +0.1986	 +3.6703	 +1.2230	 +2.1581	 +2.0801
 +4.3224	 -6.6517	-10.6389	 -1.7319	 -2.7951	 -0.5505
 -6.7330	 +0.6688	+19.9610	 +2.2993	 -1.0899	 +2.1340
 +2.4156	 -5.7644	 +8.6060	 -3.5467	 +3.0356	 +1.7741
 +4.3318	+14.8772	+25.1162	 +0.5829	 +0.8366	 +3.6841
+10.5582	 +5.5278	+14.9647	 +0.6787	 +0.7741	 +2.0687
 +6.5873	 +1.1254	 -2.3491	 -2.5414	 +1.3583	 +0.0984
 -3.6529	 -8.4137	+21.4839	 +1.3939	 +1.1941	 -1.0304
 -9.2174	 -0.9981	+15.7806	 -1.5692	 -2.1704	 -2.3055
-20.1054	 +1.4984	 -5.9694	 +1.6355	 +0.9892	 +3.8253
 +3.6965	 +2.5956	 +2.7227	 -3.6429	 -2.8543	 -1.8259
-42.7827	+21.9461	 -0.6133	 -2.9252	 +1.3799	 -1.0387
 -3.0221	 -4.1551	 -3.0249	 +0.4798	 -6.8284	 +0.3879
-12.7462	 +2.2239	 -0.3114	 +2.7636	 +2.7506	 +2.1987
+18.3236	 +6.4399	 +7.6370	 -1.4773	 -1.0309	 -1.8344
 -4.0660	 +5.7895	+12.1563	 +2.0786	 -0.3990	 +1.3226
 +4.5722	-20.1327	 +4.4901	 -0.6096	 -0.3235	 +0.8019
 -6.2195	-11.9494	 -2.0317	 -2.1028	 +2.6425	 -1.5747
 -0.3385	+12.3755	 +5.3353	 +0.8311	 -0.4047	 +0.9732
-92.0235	-169.9774	+26.0728	 +1.0953	 +0.0050	 -0.0980
 +5.9975	 +3.8901	 +2.3115	 -1.4442	 -0.4130	 -0.4361
 -2.8263	 -7.0299	 -1.8749	 -3.7359	 +0.6924	 +3.1569
 +2.1494	 -1.8581	 -1.5281	 +3.6545	 +3.1535	 +1.7189
 -7.9841	 -2.4489	 +8.3311	 +1.9309	 -2.9005	 +4.1441
-11.5521	 -1.7034	 -1.0510	 -1.7269	 +0.2226	 +5.5006
 +0.5724	 +0.9565	 -6.7792	 +0.7592	 -3.1482	 +0.4973
 +1.5648	 -5.4770	-12.1837	 -2.0754	 +0.3565	 -0.6338
-14.2013	-11.3682	+22.3819	 +1.7008	 -3.0419	 -1.1964
 +2.6351	 +2.7724	 +1.4814	 -3.4304	 +4.0852	 +1.3207
 +2.4740	 +2.4773	 -4.5471	 -1.5366	 -1.8383	 -2.1226
 +1.4732	 -6.8054	 +3.6957	 -2.8276	 +3.8814	 +2.4109
 -0.5367	 +2.5931	 +1.7566	 -1.7590	 +4.7825	 +4.4886
 -0.9699	 -4.0378	 -1.8260	 +5.9247	 -1.4122	 -0.0030
 -4.4400	 +5.2207	 +7.6312	 -2.7028	 +0.7996	 +0.8459
 -3.3002	+21.4793	 -5.8989	 -0.7653	 +2.5380	 +2.6524
 +9.7967	 +1.7697	 -5.5833	 +0.3082	 -1.9070	 +1.7290
 -3.5206	 -1.2072	-13.0715	 +0.9794	 +1.0637	 -1.6427
 +0.4066	+28.2928	-30.2258	 +0.1941	 -1.0999	 +2.4495
 -0.6386	-19.3968	+40.1989	 +0.4422	 +0.5773	 -1.8205
+17.6153	-20.1834	 -8.4403	 -0.6515	 +3.1702	 -1.2686
 +0.6501	 +3.0311	+15.5666	 -1.6714	 -1.2632	 -1.9851
 +0.4823	 +0.2681	 +2.9501	 -2.8441	 -2.4064	 -5.1097
-13.2400	+14.5635	 +0.6308	 -2.2432	 -0.2802	 +1.1282
 +4.0450	 -5.9871	+29.1559	 -1.5478	 +1.2833	 -1.1425
-46.5315	+21.1413	-75.7248	 +1.0113	 +1.8879	 +0.0008
 +7.3206	 -0.8377	 -1.4274	 -1.6755	 +3.2929	 -0.2202
+13.0719	-16.6874	 -4.5347	 -0.7933	 +1.6089	 +0.8039
 -3.3183	+16.0120	-13.7925	 -0.2558	 +0.9924	 -0.7982
-27.7178	 -2.1176	 -7.3850	 -0.0468	 +1.1212	 +0.0347
 +0.0604	 +4.9211	 +1.6801	 -1.1385	 +2.4027	 +2.5703
 -2.6854	 +6.1270	 +3.3803	 +1.9041	 -0.6507	 -3.2123
 -3.8847	-25.4596	-16.6557	 +0.7608	 +3.0254	 -1.2843
 -1.5669	+11.8062	 +1.5786	 +2.6510	 +2.1716	 +0.4454
 -5.2769	 +2.3622	 -0.7387	 +1.1882	 -3.0282	 +2.3569
 -2.2502	 -2.2485	 +9.1944	 -2.5757	 +0.7997	 +0.4889
+19.5357	+15.5058	-33.4691	 -1.1257	 -0.9991	 +0.4632
+29.1479	+40.4711	+69.1592	 -1.0475	 -0.5736	 +1.0769
 -5.3875	 +1.8864	-23.2911	 -1.7091	 -2.6307	 -0.3636
 +1.9158	 -8.4414	+15.3488	 +2.9127	 +0.5586	 +2.3730
 +0.6286	 +1.5626	 +2.3139	 -1.4945	 -0.9892	 -0.9574
 +3.2087	+16.8071	 +6.9460	 +1.6588	 -1.2686	 -0.1955
+68.1549	+28.5326	+34.8282	 -0.6500	 +0.1823	 +0.6620
 +1.0900	 -2.7010	 -3.2213	 -2.3074	 +3.2732	 -4.4426
 -1.4854	 +7.0013	 +3.6700	 -0.8525	 -3.2785	 +2.5491
-15.3533	 -7.6616	 +1.0630	 -0.1667	 +1.3722	 -3.3926
 +1.8177	 -2.1908	 +0.3380	 -2.2721	 +2.4492	 +3.9787
-41.1211	+10.0870	+10.7439	 +1.0449	 -1.1348	 +1.8243
 -2.1161	 +5.3104	 -8.9306	 -0.7651	 +4.2494	 -2.0140
 +1.5780	 +6.9974	 -5.9472	 +1.0249	 +3.1643	 -3.6184
 -1.2467	 -7.2977	 -1.5173	 +3.7227	 +4.5104	 +0.7355
 -8.7949	 -0.1735	+29.1960	 +1.8696	 -0.1972	 -0.7594
 -7.5584	 -3.7488	 +7.5486	 -0.7610	 -4.6164	 -1.8099
-10.0821	 +6.2878	 -0.9442	 +1.8881	 -5.2159	 -1.1191
 +8.6475	 -3.8505	 +4.9799	 +0.3713	 -0.7650	 +0.7742
 +5.3396	 -6.4127	 +7.7620	 -4.0248	 -3.7591	 -2.4172
 -0.4692	-11.8680	 +7.8102	 -0.2771	 +1.5576	 -0.6702
 +3.6035	 +7.5443	-25.8212	 -1.7555	 +4.0489	 -0.7606
 -3.7405	 +2.5759	 -8.8408	 -1.3248	 -3.3544	 +2.9187
 -1.3684	 +3.8099	 +2.6630	 -4.5766	 +0.6518	 +4.2297
 -0.5959	 +0.2803	 +4.3165	 +0.8578	 +0.7015	 -2.4045
 -4.6539	-20.9156	 -9.6633	 +0.6221	 +0.1641	 +3.1094
 -7.4794	-11.4390	-15.5758	 +3.2624	 -0.7858	 +1.2998
 -3.9963	 +4.0366	 +0.2760	 -0.7800	 -0.6591	 +0.1997
 -4.1827	 -8.8912	 +7.5880	 -0.3888	 +1.2731	 -3.3592
+16.9623	+13.1537	-13.1891	 -0.5980	 -1.3007	 -2.2684
 -5.3669	 -6.1062	 -4.5039	 +3.0488	 +0.7213	 +0.7072
 +1.5914	 +4.3212	 +3.2071	 -2.7890	 +4.1940	 -1.1684
 -2.2602	 +3.9307	 +2.1489	 -0.7682	 +3.0551	 -2.6547
 -3.9065	+11.3262	-25.8970	 -3.5539	 -1.9440	 +0.4009
 -5.7496	 -2.9930	 +1.3536	 +0.4139	 +2.4389	 -1.5934
+20.5439	 +8.5291	 +3.9905	 +3.1363	 +1.0878	 +0.6672
 +3.0075	 +8.1860	 -0.6509	 +0.5643	 -1.6716	 +3.7312
 +3.6096	 -1.1809	 +4.1059	 -1.5690	 -4.9775	 -0.3647
-14.6278	+19.4203	+11.4905	 +0.0866	 +0.6594	 +0.0125
 -1.6498	 -2.2115	 -3.7294	 +0.6225	 -0.7219	 +0.2833
-16.2566	 +7.0142	 +4.9674	 -1.0096	 +0.9286	 -3.9385
 -4.9077	 +5.1520	 -2.6313	 +1.2442	 -2.7127	 -1.1642
 -4.6016	 -1.4648	-10.4584	 -1.9959	 +0.9676	 +0.0456
 +5.0597	 +4.8434	 -9.1985	 +0.6083	 +0.3444	 -1.8205
+22.5475	+10.7123	 -0.6908	 -0.2259	 -3.2850	 -0.2391
-84.0992	+42.9662	+24.9155	 +0.1382	 +0.0921	 +0.6043
 -8.4554	 +0.1564	 +6.4882	 +3.6299	 +3.9435	 +1.8282
 -7.2795	 -0.9048	 -2.1048	 +0.7478	 +2.7920	 -1.8588
 -4.4761	 +7.1974	 -4.1771	 -3.6484	 +1.8260	 +2.2271
 -8.2697	 -4.4508	 +0.8375	 +2.0510	 -0.7269	 +1.6096
-19.8662	+10.9448	 +4.5197	 +0.4784	 -1.6588	 -2.1130
 -8.0121	+14.1988	-31.5709	 +0.8604	 +1.6568	 -1.8918
-16.7571	-19.8173	 -2.1922	 +0.3040	 -1.3481	 +2.9895
 -1.5102	 +4.1807	 -2.2019	 +1.2134	 +3.8654	 +2.7086
 +1.8803	+12.8984	-10.1814	 +0.6663	 +0.4911	 -2.9216
 -0.5121	 +0.8515	 -8.9532	 +1.7068	 +0.3851	 +0.9349
 +4.0610	 -2.0605	 -3.7035	 -3.5707	 +0.4199	 -0.6385
 -8.7123	 -2.8014	-15.5787	 -2.9320	 +1.1740	 -1.2400
 -5.2081	 +3.1693	 -3.6385	 +3.6483	 +3.8526	 -4.0487
 +3.5501	 +1.6417	 +4.9633	 -0.6371	 +0.1803	 -0.3145
+29.9694	+19.9806	 +7.4759	 -1.5166	 -1.9059	 +1.7886
+10.1702	 +1.8715	-17.5581	 +2.7894	 -3.1126	 -0.0890
 -6.5530	 -4.5418	 +4.3722	 -0.5649	 -2.8243	 -3.4668
 -2.7187	 -0.0935	 -0.8210	 +3.7125	 -5.0651	 -2.7990
+22.9270	 +1.5319	 +0.9075	 +0.7256	 -0.5365	 -0.3936
 +0.2486	 +1.8060	 +9.3388	 +3.8523	 -1.3302	 -2.4008
 +5.2735	-14.6997	 -3.6983	 -1.7569	 -1.3598	 -0.9016
 +5.4717	-14.8437	 +3.5719	 -2.3051	 -2.7228	 -0.7375
 +0.0431	 +5.7686	 +0.3344	 +0.1684	 +2.3635	 -4.4895
+13.3651	 -6.9058	 -1.1828	 +0.4531	 +2.4011	 -1.8279
+19.2853	 +3.5121	 -9.2180	 +0.3856	 -3.7860	 +0.5612
-34.9693	-18.1862	+14.8158	 -0.2038	 +0.1739	 -3.0719
 +0.1164	 -8.6595	+12.9197	 +1.8505	 -0.2818	 +1.0182
 +2.2948	+11.4352	+13.6313	 +1.1656	 -1.0803	 -3.0563
 -8.5386	 -7.9733	 -4.2116	 +2.0612	 +4.7283	 -2.6485
 +7.3923	-11.1732	 +2.2408	 +3.1161	 +2.0047	 +1.7874
-11.8773	 -5.9069	 -8.7039	 -2.0328	 -1.7138	 +1.0461
-40.8129	+26.1583	+37.4313	 -0.0541	 +0.5513	 +0.2890
 +9.0845	 +2.0328	 +4.6955	 +5.0968	 -0.5488	 -0.6089
 +1.4550	 -0.9306	 -3.6102	 -2.4057	 -2.5677	 +3.1208
 +2.7712	+10.5669	 -5.4547	 -1.7263	 +2.9257	 +3.2903
 -4.8457	 +3.8619	 +4.3703	 -2.2363	 -1.9442	 +3.8668
 -4.5751	 +2.2935	 -1.7766	 -0.1848	 +5.8668	 +4.6436
+43.3663	 +5.5779	-16.5156	 -0.7273	 -0.7372	 +0.2928
 +0.4697	 -1.3747	 +0.3931	 +1.3925	 +4.3910	 -1.1306
 +8.8975	 +4.2111	 +6.2971	 -0.6977	 +2.2009	 +2.6859
 +6.4583	+11.8009	 +3.8554	 -0.7960	 -3.4566	 +2.0502
 -2.8838	-15.8571	-33.5329	 +1.0288	 -0.7348	 +0.9971
 -4.9278	 +1.2666	 -8.8703	 -0.8361	 +2.6520	 -1.3437
 +3.9313	 +0.8006	 +6.1837	 +0.0541	 -1.2667	 -3.2501
-101.9964	-32.4821	+84.6790	 +1.4004	 +0.1695	 -1.2367
 -0.7897	 +7.3236	 -9.3404	 +3.4894	 -2.7312	 -2.6478
+11.8335	-35.0918	+10.1475	 -1.0100	 +1.8457	 +3.5650
 +3.4978	-25.1775	 -4.1410	 +0.9693	 -0.8126	 -2.2683
 -0.6356	 +0.6839	 +0.5206	 -2.7944	 -0.3933	 -4.1476
 -4.5089	 -7.0156	 -3.9687	 +1.5048	 -3.7116	 -3.0719
 +5.9753	 +5.3158	 -9.6083	 +3.2345	 -2.8141	 -0.9039
 +7.6478	-11.7518	 -0.1059	 +0.6997	 +1.5356	 +0.7225
 -2.9600	 -5.7008	 -9.8109	 -1.8947	 +1.9154	 -2.6218
-10.9511	 -9.3604	 +6.6690	 -2.3165	 +0.3381	 +0.3842
+12.0309	-23.8978	 -6.7189	 -0.3388	 +1.3969	 -1.1467
 -4.4750	 -0.4579	 +2.8357	 +2.5810	 -0.0833	 -0.9808
-20.6669	 -6.5308	 +4.1262	 -1.3206	 -0.3583	 +0.0252
 -1.5038	 -1.3081	 +3.8070	 -0.3876	 -4.8307	 +3.2393
 -0.2162	 +1.1413	 +4.0990	 +0.1929	 -1.0524	 -1.9569
 +4.1619	 -3.1690	 -2.1942	 -2.5664	 -0.4403	 +0.4864
-12.2461	-13.7424	 -7.8639	 -1.1662	 -1.7659	 -3.5074
-64.3346	+22.9370	+50.4373	 +1.2313	 -0.8408	 -0.8404
-58.1777	-32.0818	+18.4626	 +1.3082	 +1.0356	 -0.5538
 -8.6509	 -7.5013	+10.6851	 +1.0038	 +2.2917	 +2.1946
 -2.5885	 +2.5746	 -2.8277	 -0.0592	 -2.3276	 +2.1331
-77.5170	-125.2687	+119.3395	 +0.6661	 +0.0576	 -0.0859
 -6.9274	 +5.4997	 +0.2304	 -3.7790	 -4.6331	 +0.1085
-10.6208	+10.9067	-10.8944	 -1.5621	 -1.6926	 -2.5080
 +0.9139	 +2.4404	 -4.4772	 +0.1947	 -3.1800	 +0.4092
-46.3159	-26.1047	-14.3440	 +1.8819	 -0.5651	 -1.1578
-11.2167	 +4.9661	-10.8354	 -1.5813	 -0.2897	 +0.1538
 +5.5271	 +5.3672	-18.7357	 -0.8972	 -1.6074	 +0.4559
 +8.3942	-31.1031	+36.3645	 +1.3597	 +2.1889	 +1.5802
-12.8985	 +3.2779	 +0.3238	 -1.4999	 +0.3914	 -2.5488
 -1.4137	 -7.8472	 +8.0581	 -1.9073	 +1.1546	 +1.1869
 +3.4921	+14.1803	-20.9919	 -0.0528	 -2.4839	 +1.8374
 -5.9145	 +1.2020	+17.9737	 +2.5068	 -2.9159	 +0.9602
-18.2383	+12.6889	+23.2483	 -1.6858	 -0.4236	 +1.4474
+12.6851	 +9.2579	 +2.7889	 +0.0154	 -3.3093	 +2.2767
+11.8394	 -3.0070	-11.9904	 -0.2664	 -0.5691	 +0.6570
-10.1784	 +3.9715	 -1.0677	 +4.0125	 +2.4987	 +0.6086
 -5.5033	 +3.5741	-16.3804	 +2.3585	 -2.0301	 +0.8192
-11.3811	-15.9811	-23.4427	 -0.1311	 -0.1126	 +0.5052
 -4.3738	-12.6469	 -6.7766	 +2.0540	 +2.0015	 -1.7600
-11.4214	 -9.6640	+21.0294	 -1.4803	 +0.2173	 -0.0695
 -9.4078	 +4.4791	-10.6940	 -1.2217	 -3.1576	 -1.4134
 -7.5519	 +2.8710	 -5.7514	 +4.7270	 +0.6996	 +0.0028
-36.6022	+14.4537	+12.1598	 +0.2021	 +0.6150	 -1.6465
 -1.6506	 -8.4110	 -6.6136	 -1.2637	 +0.3742	 +2.0532
 -6.4584	-10.3837	+14.0773	 +0.9466	 +0.7409	 +2.1190
 +8.8295	+10.4266	 -3.7438	 +0.9843	 +0.4154	 +3.3477
 +2.4791	 +3.1765	 +4.5727	 -4.8716	 -0.6765	 -1.2511
-30.3438	+37.9888	-75.5001	 +0.4375	 -1.4038	 +0.6769
+11.0275	+22.3872	 -6.8494	 -1.6216	 +2.0707	 +1.3589
-13.2414	+76.6380	-52.0781	 -2.1194	 -0.6324	 +0.1685
-18.4467	 -5.4034	 -2.7058	 +0.1454	 -1.4686	 +0.3735
-15.1076	-17.7370	 -7.0728	 +1.2744	 -0.6284	 +2.0856
 +1.4118	+13.1440	 -4.0047	 -0.5502	 +4.3095	 +1.7131
 -8.2666	 -0.4616	+11.2690	 +3.2384	 +1.7378	 -1.6454
-19.7402	 -4.6067	 +5.9684	 +0.8592	 -0.9729	 +2.6826
 +2.5635	 +1.2288	 +5.4906	 +1.7235	 -3.7056	 -4.0618
 -0.5080	 -5.0290	 -9.9410	 +2.6288	 -0.2578	 -1.3062
 +4.7675	 -4.2848	 +2.4958	 +0.5237	 -0.2552	 +1.3808
 +1.8243	 +9.1162	 +3.1031	 -1.9163	 -0.7386	 -5.1238
-15.4836	 +1.6571	 -0.7268	 +0.4689	 +3.3366	 -2.1039
 +1.7782	 +3.6973	 -9.1914	 -4.3183	 +2.1526	 +2.0967
 +9.9396	 +7.7817	 -1.3915	 -3.4670	 +0.0823	 +3.5128
 +9.1303	-24.8457	 -6.4539	 -2.9419	 -0.2805	 +1.9106
 -6.4057	 +0.3306	 -4.4966	 -2.2521	 -1.1716	 +4.9016
 -8.9573	 -1.3932	 +7.8215	 +0.7018	 +1.7948	 +3.0969
+10.6962	+12.0210	 +1.2185	 -1.0763	 +2.6544	 -0.6847
 -3.8074	 +9.3785	 +6.8335	 +2.5360	 +3.3142	 +0.4375
-143.5630	-178.7885	+114.0690	 +0.3715	 +0.8816	 +0.0901
 +4.2304	 -7.9279	 -1.0149	 -0.1413	 +4.9890	 -3.5078
-17.3084	+46.5459	+46.1016	 -0.3219	 -2.1835	 -0.2442
 +4.9458	 +0.7045	-11.7950	 -1.9087	 -2.5322	 +2.6207
 +7.1787	+74.6984	-83.0830	 +0.0796	 +0.0036	 +0.3332
 +0.8184	 -1.9463	-10.2383	 -1.0586	 -5.9679	 -0.6662
 -5.0834	 -4.4557	 +8.1581	 -2.2879	 +1.5837	 -0.4320
-13.7053	+25.7713	-25.3411	 +1.5405	 +0.0701	 -0.1618
-16.0346	-15.3949	 +1.1769	 +1.1002	 +3.1942	 +0.5752
 -4.0663	-14.2534	 +1.0574	 -4.5395	 -0.1465	 -1.3829
 -3.2663	+10.2970	 -2.1843	 -2.8411	 +1.0406	 +0.9629
 -2.0956	 -7.4716	 -1.2896	 +0.0131	 -4.1031	 +3.3527
-11.0388	 -2.4259	 -5.8190	 -1.2394	 +0.1180	 +1.7392
 -3.1347	 +1.2206	 +2.9336	 +2.4962	 -3.5329	 -0.7982
-10.8649	+12.1762	 -0.0540	 -3.9946	 +0.3611	 -0.8367
 -2.8873	 +3.3704	 +2.7136	 -4.5074	 +4.9759	 +1.3904
-22.0654	+25.9409	 +2.1319	 +0.4142	 -1.3864	 -0.0751
 -0.7552	 -1.6749	-21.5770	 +0.6539	 +0.6060	 -3.5189
+13.9934	 +5.1390	+10.6883	 +1.3089	 +2.1453	 -1.0701
 -4.9556	 +2.7008	-21.8606	 +1.0950	 +2.9728	 -0.8252
 +4.1236	 +6.3116	-12.8575	 -0.3220	 -2.2911	 +0.9834
 -6.4256	 -6.8948	 -3.4870	 -5.9671	 -1.3928	 +3.3961
 +0.8637	 -3.0658	 +2.4586	 +5.0973	 +0.8157	 +0.1313
 +8.3303	 +4.4258	 +8.4183	 +2.3214	 -1.7589	 +2.4369
 -0.1775	 +6.6781	 -0.8875	 -1.7241	 -3.5618	 -1.0595
 +5.6366	 -6.2558	 +8.0802	 +0.7410	 +2.2377	 +2.6139
 -6.2418	-22.4144	+12.3423	 +0.9294	 -0.4154	 +0.1629
+11.9520	 +0.6378	 +0.5277	 -2.0118	 +2.8360	 +0.4085
 -2.6956	 +3.4471	 +1.2310	 +1.7025	 -3.3764	 +2.6923
-19.0759	 +3.6197	 -1.7635	 +2.1674	 -0.6152	 +1.7585
 -0.4072	 +0.9280	 -0.2474	 -5.5072	 +4.7702	 -1.5120
 +2.7904	+14.2565	 +5.3387	 -1.3041	 +2.0590	 +1.2505
-16.7218	 +1.7873	 -5.5983	 -0.9718	 -2.5824	 +1.7504
 +7.0048	 +7.9760	 +7.6145	 -1.6943	 +1.1546	 +0.8915
 +2.2637	+13.3929	 +3.5310	 -0.9527	 +1.1706	 +1.8939
 +7.2417	+25.9111	+34.8345	 +0.5987	 +0.2844	 -1.3679
-12.9892	 -1.5669	 +1.4719	 -0.2188	 -1.4362	 +1.0081
 +3.1666	+20.6690	-11.7310	 -2.7231	 -1.7066	 +0.7774
+20.8028	-13.0517	 +9.6681	 +3.3311	 +0.3391	 -1.8643
 -6.7330	 +2.6943	 -6.2290	 -0.1985	 +2.0342	 +4.0928
 -4.6984	 -2.0964	 -3.2124	 -2.6104	 -2.6659	 -4.6396
 +4.0970	 +3.9993	 -4.0874	 +3.2711	 +2.5814	 -4.0022
-11.9209	 +1.4993	 -5.1570	 -2.8544	 +0.0645	 -0.2039
-18.6915	+10.7634	-25.7222	 -0.1105	 -1.0768	 +1.9437
 +4.9712	 -2.4384	-14.2072	 +0.4727	 -2.9060	 -1.9083
+22.3408	 -2.4222	-17.1092	 -0.7038	 -0.7949	 +2.0872
 +2.7746	 -1.9172	 -5.0921	 +0.4429	 -2.3089	 -3.9697
 +0.7067	 -3.2833	 -4.4973	 +0.0645	 -1.8761	 +0.4425
+11.8850	+15.3445	-14.0906	 +0.0867	 -0.8243	 -0.2125
-16.2437	+37.6797	-11.3103	 +1.6824	 +1.6177	 -0.0241
 -5.0158	 +2.5062	 +1.9639	 -0.0421	 +1.4900	 -3.0634
-10.2421	 -5.7105	-17.0728	 +1.2285	 -1.1366	 -3.0334
-12.1150	 +2.1739	+11.7701	 -1.7797	 -4.3545	 -0.6664
+18.3274	-10.2404	 -9.1847	 -0.3804	 -0.4008	 +0.5129
 +5.8437	-19.5083	 -2.7251	 -2.0660	 -2.3246	 +0.4260
 +1.4448	 -2.6017	 +5.4952	 -1.3984	 -0.6920	 -2.2622
 +3.3474	 +7.4140	+15.7707	 -1.3079	 -0.2653	 +2.4125
 -6.0026	 +3.0645	-25.0644	 +0.5097	 +2.0529	 +0.5319
-13.8935	+18.3959	 +1.2061	 -1.3289	 -2.9315	 +1.2457
 +6.3874	 -5.9223	-19.6746	 +0.7784	 +0.7429	 +0.6872
 -9.4312	 -2.7548	 -1.5226	 +1.0792	 -1.8863	 +0.4719
+15.3982	 +6.3842	+40.5172	 -0.5763	 -0.5287	 +0.5214
 -9.7664	 -2.8975	 +0.6305	 +0.3092	 +0.4392	 -2.3034
 +6.7289	 +3.3174	 +7.5742	 -1.6642	 +2.5860	 +0.2224
-11.5652	+19.0475	 -1.3612	 +2.7776	 -0.8550	 +1.6340
-12.7807	 +3.0263	 +3.1102	 -1.8746	 +1.4375	 +0.3798
-12.9402	 +5.2023	-14.6762	 -0.0825	 -2.1464	 -1.8941
 -9.6895	 +9.1083	 +7.9742	 -3.7354	 -0.7442	 -0.6276
 +0.0885	 +3.7544	 -5.0156	 +0.3982	 +0.4915	 +3.7898
-61.3151	-18.0349	-25.6917	 -0.4996	 +0.1732	 -0.0610
 -4.6111	 -1.2036	 +5.7790	 -0.6855	 -3.6509	 +2.0968
 +5.2901	 -2.3495	 +5.9082	 -1.2332	 +0.2545	 +0.8979
+11.1751	 -5.3365	 -3.7530	 -0.7249	 -0.7152	 +1.3931
