# Num Particles: 1000
# Num Cores: 1
# Total Energy: -2.063992e+04
# Iterations: 121 of 1000
# Current Time: 2018-05-05 19:01:25.068792
# Elapsed Time: 1:47:22.411786
# Avg. Step Time: 0:00:53.243073
# 
# x	y	z	vx	vy	vz
# 
 -7.1782	 -5.8858	 -4.2100	 -1.4087	 -1.4890	 +0.1697
-13.0321	+21.6181	 +3.5415	 -1.6737	 +0.9112	 -0.2633
 +5.9428	 +6.9731	 -9.5940	 +1.7040	 +2.1550	 +0.9697
-32.7487	 +3.5841	+10.5690	 +0.7803	 -2.5419	 +0.5380
 -1.5916	+12.2669	 -0.9264	 -2.6238	 +2.2906	 -0.6090
 -7.1057	 -5.3747	+14.1145	 -1.9581	 -0.8453	 -0.2173
 -4.5156	+10.0700	 +6.4214	 +1.3015	 +1.7245	 +2.1972
-13.5272	-17.6087	 +8.7782	 +0.3215	 -0.5856	 +0.5200
 +4.8121	 +6.7007	 +1.2636	 +1.9028	 +4.7450	 +3.7958
-28.5613	 -0.2410	 +2.9771	 +0.9171	 -2.7667	 -0.3724
+11.0064	 -2.9072	-10.9898	 +0.7325	 -3.8530	 -3.2216
 -3.7760	 -4.3648	 +2.4421	 -4.0647	 +2.0647	 +1.4147
 -6.6951	 +0.2297	 +4.2599	 +4.4620	 -2.0335	 +1.6884
 +0.6676	+16.1081	-26.2071	 -2.7890	 -0.5512	 +1.6032
 -3.6096	 -3.9709	 +0.7850	 +3.2979	 -0.0106	 -1.2410
-14.8917	 +2.9134	 +2.0416	 -0.7420	 +2.7341	 +2.7693
+10.1087	 +0.6607	 +6.4642	 +0.1101	 +2.9200	 -2.8953
 +4.0841	 -2.0243	 +8.1604	 +3.4176	 -2.8182	 +1.5826
-10.4931	+12.3274	 -3.9354	 +0.4164	 +0.2638	 +1.6033
+87.9619	-37.9383	+79.8536	 -1.5873	 -0.7629	 +0.0202
 +1.7658	 +6.9975	 +7.9746	 -2.6613	 -2.1452	 -0.4807
 -2.1522	 +7.0368	 -5.7077	 +0.0857	 +0.2537	 -3.8681
 -0.7381	 -3.2421	 -5.0635	 +3.0372	 +3.0072	 -2.3733
 +3.0027	 -3.4229	-10.5035	 +1.0578	 -1.7492	 -1.6894
-14.1151	-16.8162	+18.0780	 -1.0561	 -1.5222	 +2.2403
-50.0294	+40.5338	-14.0947	 -0.7064	 +1.2887	 -1.1224
 -1.0630	 +8.8107	 +2.1544	 -0.9230	 +1.5777	 -0.5183
-17.6098	+13.3329	-14.2073	 +1.5053	 +0.8490	 -1.5740
 -6.3141	-16.2457	-12.4402	 -3.7435	 +0.2525	 +0.4570
+15.1513	+21.9895	 +2.5036	 -0.2015	 +1.7407	 +0.1401
+27.1263	 +0.3250	 -8.7559	 -0.0432	 +1.4449	 +1.3013
-57.9189	+29.2946	+19.6176	 +0.4448	 +1.5647	 +1.5328
 -4.5541	+10.3155	+21.5576	 +1.8750	 +0.9976	 +0.0679
 -0.9415	+18.9272	 -8.7560	 +0.8504	 -0.6727	 +0.4485
 +2.4711	 -1.0106	 -8.9642	 +0.8851	 +1.5412	 -6.6718
 +5.2518	 +1.3013	 -2.3284	 +1.4919	 +1.1053	 +0.4721
 +0.9357	 +9.5490	 -7.1880	 +2.0736	 -0.4872	 -1.4387
 -1.2685	 -7.4253	-12.1454	 -2.4979	 +1.2778	 +1.6481
 +3.2002	-18.1252	 +3.2343	 +2.0700	 -3.1527	 +0.8992
 -3.7356	 -8.8080	 -5.3897	 +0.9206	 -2.5347	 +1.3563
+22.2443	-35.4583	 +5.5453	 -0.1389	 -0.8283	 -0.8030
 +2.9326	+22.5740	 -6.9742	 -1.1265	 +1.7381	 -1.0003
 +4.9933	 -8.8684	 +1.9300	 -0.9450	 -2.8622	 -2.2717
 +1.1083	 +5.7323	 +0.9497	 -3.3497	 +0.5589	 -0.3356
 +5.9628	 -7.0088	 +5.9313	 -3.2987	 -4.2362	 +1.7228
 +5.3222	 +3.0676	 -6.8047	 +2.7633	 -0.1490	 +1.3636
 +2.5487	 -3.7462	 +3.8251	 -3.3245	 -4.0965	 -1.6517
+13.5712	-12.8178	-13.9327	 -3.9017	 +0.5701	 -0.5039
 -3.0542	 +1.8507	 +0.0928	 +1.1944	 +0.0718	 -1.7376
 -1.7231	 -5.8516	 -1.0722	 -4.2386	 -0.0910	 -1.4382
-18.2376	-48.8838	-16.6957	 +1.5735	 +1.2559	 +2.0545
+14.5396	 +9.7507	+16.4167	 +2.6962	 +0.3589	 +3.8885
 -7.1044	+21.9130	+24.9650	 -2.5310	 +1.7949	 -0.5477
 -7.1530	-19.2854	-11.3957	 -1.9934	 +1.5068	 -1.7580
 +9.8188	+21.3123	+67.5718	 +0.3113	 +2.0724	 +0.6744
-17.0480	 +2.9154	 -2.9007	 +4.3228	 +0.7486	 +0.3664
-19.7043	 -0.2208	 -2.3843	 -4.4341	 -0.5408	 +1.1813
 -0.8805	 +0.7323	 +4.1126	 -3.3106	 +2.2782	 +1.1626
 -3.8397	 +8.1502	 -6.5517	 -1.0668	 -4.4148	 -1.7005
-14.8260	+19.8235	 -7.9624	 +2.2112	 +3.1310	 -1.5717
-24.2681	 +6.1094	-16.9294	 +1.9164	 -0.1558	 -1.5266
 -2.7912	+33.4601	-14.7546	 +0.8198	 +0.9108	 +1.6560
 -4.5932	 -3.4215	 -2.5575	 +2.0254	 -4.6723	 -1.0553
 +0.5380	 +8.7935	 -3.5418	 -1.3414	 -1.2284	 -4.1682
 -1.0218	 -1.8181	-10.2863	 -1.1525	 -2.2656	 -1.1798
 +8.2693	 +7.4511	 +7.0633	 +3.4688	 +3.3665	 +1.0054
 -7.7799	 -3.2590	-18.9827	 -1.6250	 -2.0053	 -2.7930
-34.1644	-28.2094	+19.8242	 -0.9269	 -0.6607	 -1.3536
 +1.5889	+15.0915	 +3.8539	 -1.0116	 +0.1937	 -2.0872
 -4.8067	 -2.5214	 -8.5192	 -3.3492	 +3.0889	 -0.4457
 +2.6656	 -2.5094	 -0.2957	 -2.7470	 -2.9102	 -2.4355
+12.8483	+18.8654	 -0.7738	 -0.2724	 +0.4381	 -0.8472
 +2.1430	 -5.4116	 +6.7253	 -3.2714	 +1.5191	 -0.0514
 +7.2624	+14.9454	-108.0566	 +1.9319	 -0.0585	 -0.9436
 +0.0353	 +4.8219	 +1.1987	 -6.4198	 +3.0524	 +2.4496
 +6.8910	-21.0818	+12.7260	 +2.9567	 +0.4146	 +0.9446
 +0.9248	 +0.3964	 +8.8859	 -1.1246	 +1.1996	 -1.2908
 +0.4261	 +5.8274	-13.5200	 +3.0459	 +2.7349	 +1.7231
 +0.0739	-12.3102	 -3.1490	 -2.1856	 +2.0256	 -2.8848
+24.2043	+10.5134	 -2.8971	 -2.1760	 +1.8896	 +0.4143
 +3.1412	 +2.0967	 -6.5046	 -1.3154	 +1.6370	 +3.1134
 -6.4850	 -9.3000	 +3.6329	 +0.6269	 -4.1403	 +1.6847
 -3.8756	 -1.6069	-10.9335	 +0.0088	 -0.3694	 -2.3245
-17.0688	+11.6529	+44.2320	 -0.1346	 -1.6005	 +1.4294
+19.1306	+19.0889	+22.5191	 -0.8872	 +0.1589	 +0.6387
 -3.1164	-17.3796	-19.9677	 +1.9182	 -0.2575	 -1.3826
 +9.9839	 +2.6789	 +1.7254	 +0.0449	 -1.6800	 +3.1310
 -6.5100	+16.4893	 +0.6574	 +0.1261	 -3.2853	 -1.8559
+13.3523	-12.0116	-10.5932	 +0.1459	 +4.0318	 -1.1589
 +9.3919	+18.7007	 -0.1767	 +4.5636	 +0.1646	 +1.8507
 +2.1929	 -4.2240	 -8.2465	 -2.6843	 -2.1350	 -2.6085
 -4.5001	 +0.4615	 +2.2602	 +0.3329	 +2.6879	 +2.4475
-20.3973	-32.2913	-46.4592	 -0.3467	 -0.1273	 +0.7034
-22.4966	 -8.3008	+15.3512	 +0.1277	 -0.2024	 -0.4614
-10.4271	-10.5216	 +1.5430	 +0.8664	 +2.1276	 +0.1156
-12.6401	+10.5984	 -6.9631	 -1.3707	 -0.5725	 +2.8168
 -6.0416	 +7.5435	+10.2612	 +1.2490	 -5.0937	 +1.2071
 -1.2374	 +0.5581	-12.6392	 +3.7379	 +0.8106	 -3.7065
+16.3993	 -8.7385	 +1.8232	 +0.8708	 +1.5188	 +1.2687
+11.6341	 +9.1446	+11.6367	 -1.3331	 -0.0082	 +4.3560
-18.2717	 -3.1644	 +2.9655	 +1.3184	 +2.8367	 +0.0224
 +8.1983	 +0.8590	 +7.1775	 -1.6785	 -0.4686	 -0.8301
 -4.5988	 -1.8247	 +4.8146	 -2.4356	 -1.1120	 -0.3363
 +0.8574	 +3.4650	+12.0065	 -1.0977	 -3.2332	 +0.0743
+74.5712	+17.3628	-42.7920	 +6.6591	 +1.6939	 -3.3067
 +3.5051	 -0.0036	-11.9393	 -3.4294	 -2.4503	 -0.0426
+12.0058	 +4.6000	-11.2924	 -1.3790	 +3.9875	 -3.5047
+13.4942	 +9.5784	 -2.2980	 -0.1231	 -1.5556	 +0.1423
+24.6674	+23.8487	 +5.8761	 -1.3411	 +0.2105	 -1.5812
-10.3975	 -1.3153	+10.1467	 -1.4635	 +0.6500	 +1.3846
 -3.4957	 -8.4100	 +0.2434	 -5.8087	 -2.5587	 -0.1903
+471.3690	+395.6583	-223.6868	 -0.2870	 +0.6670	 +0.3186
-140.0167	+112.2723	+204.7537	 -0.0746	 +1.1088	 +0.3876
+29.1584	-10.0932	 -1.3166	 -0.5349	 +0.1063	 -1.5456
 -3.0177	 +0.4281	-14.1823	 +2.9741	 +2.2397	 -2.3977
 -0.5752	-13.9195	 +0.8251	 +0.9116	 -0.7328	 +4.0738
 -7.4423	 +2.2231	 +0.4178	 +1.6245	 +4.1199	 +2.1875
-52.0499	-12.4392	-18.1009	 +2.4372	 +0.4499	 -0.5239
 -2.9345	 -4.8013	 +1.7603	 -2.8776	 +1.3431	 -2.0096
+47.6565	-28.2776	-37.4556	 -0.2141	 -0.3094	 +0.8587
+10.4969	 -3.8427	+15.4137	 +0.0450	 +0.9860	 +3.1297
 -7.4719	 +3.3787	 -0.8698	 -2.0860	 +1.1409	 +0.8059
 -2.6811	 -8.1211	 +5.6485	 +1.8138	 -0.3574	 +0.5742
 +3.4172	 +6.9093	 -4.3688	 +3.3944	 -3.0532	 -0.7683
 -9.2879	 -3.2100	 +0.2439	 +1.9865	 -0.8295	 -0.1118
 +1.3946	 -5.3114	 -0.1826	 +0.1621	 -0.8318	 +4.7187
+11.2996	 -2.2417	+10.7304	 -1.5474	 -0.4653	 +2.4023
 +5.7515	 -0.8290	 -4.1280	 -3.3946	 -0.5417	 +1.7174
 +5.8836	 -8.1925	 -3.7575	 -0.9980	 -0.2157	 -1.9793
 -9.6423	 +5.2741	 +5.7702	 +2.3666	 -0.3554	 +1.3979
+14.6426	+18.6419	-177.1937	 +0.0532	 -1.1841	 -1.1419
-13.5467	 -2.8201	 -3.8073	 -1.1519	 -2.3374	 +2.3280
 -1.9177	 -6.6175	 +1.2244	 -2.3357	 -1.4541	 -4.4311
+11.0283	 -3.7412	 -0.6346	 +0.6392	 -1.4959	 +1.0912
 -3.3724	 +1.2617	 -5.1402	 -0.9134	 -2.9997	 +0.1356
-14.6286	 +3.3115	-13.9310	 +1.8460	 -2.6857	 +3.7646
 +6.1693	+18.5272	 +7.1706	 -2.6405	 +0.5877	 +1.4171
 -1.1367	-32.7900	+17.4135	 -2.1646	 -0.1504	 -0.7372
 -4.9179	 +6.3260	 +3.6249	 +0.0760	 -0.4088	 +2.8276
-30.3161	+21.2815	+16.4864	 -2.8233	 +2.6849	 +1.4589
-10.8867	 -2.9086	 -8.7234	 -0.3487	 -1.5149	 +1.8258
-19.2868	 +9.0421	 -8.7836	 +1.0787	 +1.9147	 -3.1330
 -1.5174	 -3.4197	 +0.0371	 +1.3217	 +2.6788	 +2.2771
 -1.5576	+25.9511	-26.6628	 +3.0135	 +0.9811	 +2.0428
+58.5759	-16.3494	+16.2811	 -0.5094	 -1.8133	 -0.5641
 +2.1265	 -0.4844	 +6.1692	 -0.2100	 +0.6702	 -1.3128
-42.1547	-57.0138	+55.2554	 -1.0532	 +1.4124	 +0.6236
 +1.7862	-11.5987	 -2.4754	 +2.6989	 +0.0869	 -1.0227
 -6.6960	 -7.0282	-16.2383	 -3.3815	 -0.4913	 +2.5234
 -7.2394	 -4.4594	 -0.3961	 -2.2975	 -3.0511	 -0.9533
 -6.8637	 -3.6021	-17.4752	 -0.6737	 -1.4106	 +1.6032
 -5.2993	 +6.0874	 -3.5878	 -2.7592	 -3.4082	 +1.9530
-14.1376	 +4.6312	 +1.4863	 +3.1542	 -1.4374	 -0.5415
 +3.7990	 -4.7833	 +5.8291	 -2.2068	 +2.7045	 -1.3897
 -6.7813	 +9.5206	 +2.2855	 +1.2754	 +2.6087	 -0.6564
+12.9326	 -8.6801	 +6.8070	 +1.2336	 -1.2655	 -1.7201
+12.2740	 -7.5465	 -4.4373	 -2.2608	 -0.8040	 +3.3858
-22.6930	+10.4293	+14.9546	 -1.7032	 -0.0883	 -3.0110
 +0.8117	 +0.7296	 -2.7786	 -3.7953	 +2.0009	 -2.9810
-11.2276	 +2.6335	 -3.2164	 +0.0521	 -0.1447	 +0.2139
 +4.9933	 -5.3424	 -4.3408	 +2.5365	 +2.6058	 -3.1365
+29.6843	 +2.0826	-22.7161	 +1.9550	 +0.9338	 -1.6061
 +2.6103	 -0.4673	 -0.8444	 +5.3550	 +2.8727	 -1.5315
 -8.7482	-10.4414	 -5.0921	 +2.2691	 -1.0688	 +0.2269
 +3.7804	 +8.5173	 -3.3999	 -3.1445	 -1.6205	 -2.7094
 +1.1896	 +2.7864	 -8.2092	 +5.0462	 -0.4374	 +0.9453
 -7.3605	 -8.9931	 +3.2944	 -1.2056	 -0.4571	 +0.0019
+15.5453	 +3.7377	+12.1352	 +2.0640	 +2.8415	 -0.8407
 +2.3235	 +2.1667	 -8.3214	 -2.7389	 +1.9040	 +0.0941
-12.1758	 +5.7804	 +4.5651	 -1.7042	 +0.9243	 -1.7969
 +3.8856	 -0.1576	 +7.3207	 -0.1893	 +1.9435	 +5.0470
 +0.6290	 +0.8513	 -2.0679	 -1.0422	 -0.8854	 +1.6130
 +0.6168	 -0.7206	 -3.0444	 +0.3658	 +0.6778	 +6.3340
 +9.1260	-10.8013	 +7.8937	 -3.4658	 +1.5630	 -2.9749
 +0.1156	 -7.1069	 +0.6879	 -0.6119	 +3.5792	 -2.2144
+25.7764	+34.0923	-24.9735	 -2.9521	 +0.1774	 +0.4551
 -4.8824	+14.7025	-13.0096	 +3.7088	 +0.6888	 +1.1445
 +0.0372	+26.1012	 +3.5529	 -1.0387	 +3.1569	 -0.2032
 -3.7538	 -0.4723	 -4.3272	 +1.8354	 -2.6304	 +1.8622
 +1.8691	+12.7721	 -1.9359	 +0.4451	 +1.3532	 +1.4999
 -0.0139	 +0.3110	 +4.5254	-11.9851	 +2.1906	 +6.1974
 +2.2809	-10.6393	 -3.0635	 +2.0101	 +1.6255	 -2.2147
 +0.7415	 +3.2364	 +0.8009	 +2.0451	 -1.8498	 +2.5587
 -0.4876	+19.6345	-23.9465	 -1.7162	 -1.3253	 +1.1944
 -9.2840	 +9.1158	-20.6932	 -2.1442	 -1.2591	 +1.3117
 +1.1044	 +0.3862	 +5.5028	 +1.7612	 -2.4799	 -0.7733
 -2.1000	 -2.8826	 -5.8572	 +0.8197	 +4.0040	 -1.3132
 -1.6427	 -1.7041	 -2.5614	 -0.1929	 +2.6586	 +0.2477
 -0.6897	 +3.6602	 -4.2491	 +5.2234	 +0.7095	 +3.6356
 -5.2309	 -7.1035	 +6.6803	 -0.4776	 +1.4255	 -2.0693
 -9.2407	-25.2029	 +9.4728	 +0.3519	 +1.0672	 -0.7369
 -0.1176	 -4.3816	 -6.3716	 +3.0882	 -0.8954	 -1.8035
-16.5700	 +9.1640	-40.6332	 -1.0040	 -1.8481	 +0.2778
 -3.4685	 -4.8083	-11.0442	 +0.6268	 -3.4911	 -0.1406
 -9.3224	 -9.5410	-12.9080	 +0.1492	 +2.2140	 -0.0040
 +3.8831	 -1.4611	 +2.4154	 +1.2924	 +3.2707	 +1.1956
-11.4940	 -4.3439	 -9.3123	 -4.0375	 -3.0440	 -2.0205
+15.4718	-96.6942	-24.4412	 -1.4314	 +0.6065	 +1.0883
 +7.1862	 -9.3318	 -2.6911	 -0.9632	 -1.8575	 -2.8985
+10.6120	 +2.3774	+16.0276	 -1.0979	 -1.8158	 +0.3904
-11.4553	 -6.5057	+15.4299	 +1.7742	 +3.6983	 +1.9568
-20.3278	 -0.5868	 -3.4796	 -3.5820	 -3.1585	 +1.5812
+18.6926	-10.7077	-24.4201	 +2.1846	 +1.2102	 -3.0684
 +6.2554	 +0.3806	 -0.8655	 +2.3972	 +2.6476	 -0.1581
 +8.8090	 +8.3814	-11.6110	 -1.0837	 +0.3289	 -1.0698
 -7.8428	 +5.5933	 -0.7818	 -0.1157	 -1.3901	 +0.2683
 -1.9475	 -3.8631	 +2.2282	 -2.9697	 -1.0643	 +1.0519
-23.2044	 -6.5287	+23.0362	 +1.1108	 -2.7826	 +1.4397
-18.3336	+53.0080	-19.1850	 -1.9107	 -0.3242	 +1.7079
 -6.1891	 -0.2111	 -8.9147	 +1.5601	 +1.7510	 -0.8460
-14.8684	 +4.9023	 +3.3299	 -0.1412	 +3.1616	 +0.1945
 +7.2110	+13.7280	 +0.8876	 +1.6948	 -1.5514	 +1.5196
 +5.5017	 -5.1912	 +0.1298	 +1.7550	 +1.7314	 -1.9690
-25.4860	 -1.8561	 +2.3735	 +1.0826	 -0.0140	 +0.9692
 -1.9594	 -1.1844	-10.2424	 -3.4157	 +2.4264	 +4.5281
+121.5095	 +6.7053	-35.0668	 +0.0262	 +0.1364	 +0.7772
 +1.6381	-11.9273	-30.7569	 -2.4669	 -2.0457	 +0.1321
-11.5342	 +9.0382	 -1.8688	 +1.4606	 -1.5874	 +0.8632
-12.7142	 +3.0550	-11.9446	 +2.7929	 +0.9897	 +0.2621
 +0.0632	 -3.1279	 -0.1405	 +1.3309	 -5.1100	 +0.9597
+13.9076	-21.1576	-10.3030	 -2.7515	 +2.3573	 +0.0868
 -9.8348	 -8.8617	 -4.8893	 -1.0400	 -0.3246	 -0.5768
+10.9885	 +3.5217	 +6.0014	 +0.7241	 -1.2299	 +1.9724
 +1.0767	 -4.5492	 +6.1159	 +2.9428	 -0.7702	 -0.9988
 -6.6172	 -0.1451	+12.7949	 -0.6986	 -0.9057	 +0.1387
 -1.6227	 -3.5019	 -0.9499	 +0.6924	 -0.0208	 -1.3854
 -6.5809	 -1.7948	-10.6151	 +0.3184	 +1.0217	 -2.1022
-13.9807	-44.5086	+17.5535	 -0.6802	 -2.9657	 +2.9080
 -0.3848	 +2.4580	 +0.6710	 +4.7797	 -1.1263	 -0.4591
 +4.6390	 +2.4498	 +3.2539	 -3.7491	 +1.7879	 +1.4318
 -4.2708	 +3.3661	 -3.5277	 -2.7899	 +2.2145	 -3.0717
 -2.4860	 +0.2806	 -0.0709	 -0.2644	 +3.6798	 -0.5537
-11.5207	 -8.0628	 -6.9656	 +1.3304	 -0.0744	 -2.1841
 +6.3921	 +8.7338	 -0.2129	 -1.3828	 -3.5311	 -1.1905
 +6.0538	+14.0282	 +2.7422	 +0.4514	 +0.0389	 -2.1423
 +9.9269	 -5.3837	-10.1351	 -1.3268	 -1.1415	 +2.3130
 -3.4880	+13.4237	 +4.4882	 +0.0809	 +2.0115	 +2.8880
+13.5000	-23.2123	 +2.3522	 +0.2283	 +0.8415	 -2.4743
 -2.2051	 -5.5549	 -6.7806	 +1.8919	 +2.0638	 -0.4446
 -2.9796	 -7.1900	 +3.0077	 +1.4086	 -0.2697	 +1.0612
-62.9710	 -9.7244	 +4.4391	 -0.5354	 -1.4732	 +0.3591
 -5.4833	 +3.0133	 -7.7628	 -0.1398	 +1.1367	 +3.9197
 -3.4936	+10.3077	-14.4218	 -0.6168	 -3.2682	 +0.5799
 -4.7598	 +0.9275	 -0.7657	 -4.0695	 +2.8052	 -0.5696
 +0.6322	 +5.5081	 -9.3791	 -2.1847	 -2.3481	 +0.0549
 +7.5233	-11.8369	 -8.0949	 -0.4749	 -1.3528	 -0.7246
-22.8221	 +4.2153	+27.3282	 +1.5076	 +1.1354	 -2.3152
 -2.7300	 -1.7930	 -3.4179	 +5.9533	 +0.7596	 -1.8303
 +7.1348	+11.7238	 -6.9615	 +0.8728	 -2.1398	 +1.7684
-12.4604	-18.0859	 -2.3994	 +3.6042	 +2.7589	 +2.2536
 +9.7368	+19.8876	 +5.5289	 +2.3838	 -2.7258	 -0.7649
+18.4296	 -3.2707	+16.0919	 +0.1019	 +2.0985	 +0.3205
 -9.3798	+12.7411	 -0.3894	 +0.3946	 +0.1944	 +0.9400
 -2.5449	 +2.3759	 -1.0208	 -3.6525	 -0.1368	 -3.0794
+1873.5965	-33.2874	+790.9652	 +0.2201	 -0.2337	 +0.0657
 -2.6242	 -1.5413	 +4.2228	 -3.1377	 +1.7249	 +1.6967
 -4.9224	 +8.0549	 +3.7642	 -2.7975	 -3.9813	 -0.0871
 +2.3674	 -2.3878	-13.0229	 +2.9367	 +0.6709	 -2.8035
-13.2114	 +6.5622	 +1.6823	 -3.8695	 +3.4601	 -1.5108
 +7.9500	 +3.2822	 -9.9317	 -1.8612	 -3.4888	 +0.7859
-64.0105	-61.3677	-70.9435	 -0.6647	 -1.1093	 -0.0188
 -9.0916	 +9.1990	+21.6648	 -1.2600	 -1.4427	 +2.9529
-15.3692	 +1.7861	-16.0151	 -1.9014	 -3.7747	 -3.1509
+17.5969	 -7.9934	 +7.5334	 -2.1259	 +3.0336	 -1.0586
 -0.6623	 -0.5178	 -0.7629	 -3.8474	 -1.7488	 -2.5856
 -2.2265	-14.7005	 +2.3593	 -5.1361	 -1.5316	 +0.9566
 +4.9753	-13.0249	 +0.0601	 +1.7118	 -1.7378	 +1.3124
 -6.4216	 +6.2278	 -2.3208	 +0.9076	 -2.6578	 -0.2563
 -9.1857	-14.7618	-14.8319	 -1.7397	 -0.2319	 -0.0034
 -0.4550	 -5.2214	 +2.9147	 +5.3422	 +5.5139	 +4.0237
-12.7589	-30.1581	 -9.6739	 -1.3150	 -1.8567	 -1.6006
 -1.8148	 -6.7088	 -3.3579	 +3.4735	 +0.5811	 -2.4346
 -5.2178	 -3.8163	 -7.3536	 +2.7949	 -1.9531	 -2.7284
 -7.4562	 +6.1936	 -9.2335	 -3.1102	 +2.1051	 +3.0818
 -7.5451	 -6.8100	 -5.4707	 +1.0420	 -0.8783	 -0.4027
-12.1149	 -6.5727	+10.3627	 +0.1107	 -3.5603	 +3.8335
 -6.5429	 +0.0780	 -8.7524	 -2.3710	 +2.4375	 -0.3747
 +3.9384	 +3.4366	 -6.0069	 -1.2726	 -0.4017	 +1.1878
 +2.2427	 -2.2964	-28.6992	 +0.0444	 -3.4000	 -1.1187
 -3.5750	 -0.9257	 -0.3427	 +2.9254	 -2.4790	 -4.5720
 -4.5317	 +0.4564	 -2.5981	 -3.9701	 -1.8694	 +3.3537
 -1.5565	 -2.2932	 -5.7607	 -3.1336	 +3.8704	 +1.3921
 +9.1897	 +5.6458	 -1.0927	 -0.4882	 +3.1473	 -0.0946
-11.3459	+10.1559	 -1.7518	 +0.3088	 -0.7080	 +0.1243
 -2.2302	 -0.0219	 +1.8658	 -0.0052	 +4.5872	 +3.6153
 -7.6269	 -6.0350	 +4.7118	 -0.1901	 +0.7631	 +3.0362
-10.3108	 -1.5104	+12.2346	 +4.1418	 -1.8682	 +1.0235
-19.2267	 -7.5394	-21.6226	 +2.3796	 +0.4913	 -1.3022
+11.3148	-15.6153	-14.2241	 +0.8145	 -1.1447	 +0.0188
-126.3033	-52.3040	+78.7934	 +0.8150	 -0.8964	 +0.6071
 -5.6734	 -4.8493	 +2.5318	 +0.5168	 +0.0262	 -1.1500
 -3.3278	+12.9167	 -3.0732	 +3.0334	 -0.9968	 +1.3463
 +7.4963	 +5.1144	-15.1871	 -2.7475	 +1.6042	 +0.1089
+14.8599	 -8.2885	 -7.7952	 -0.8938	 -0.8639	 +2.7576
 +1.7950	 -4.5381	 +3.3393	 +5.0706	 -3.0658	 +0.2817
-10.1887	 -4.3473	 -8.9396	 +9.7353	 -2.9103	 +1.9409
 +1.6136	+11.1876	 +9.1803	 -0.9247	 +2.1950	 +0.0125
-109.1747	-106.8612	+100.0461	 +0.4636	 -0.1939	 -0.1804
 +5.8751	+37.2994	 +3.6146	 +2.2541	 -0.7449	 -2.3656
-26.6199	-11.9371	+25.9234	 +0.3273	 +2.0822	 +0.8994
 -3.4368	 +3.2068	-39.4601	 +2.8386	 -0.7676	 -0.1123
-17.2785	 -1.7814	 -6.7064	 +2.3990	 +3.5525	 +1.0790
 -3.1710	 -2.3042	 +4.0011	 +1.2191	 -1.9449	 -4.1194
 -1.7098	 -0.8746	 +1.4067	 -0.4805	 +0.9661	 +3.3355
 +9.6084	-10.1942	 +1.9366	 -3.5259	 -0.5502	 +0.7517
 -8.6274	+11.1558	-10.7486	 +0.7310	 -1.1427	 +1.7138
+14.8049	 +2.2935	 -1.1430	 +2.6702	 -0.8107	 +1.6744
+11.1774	 -5.3452	-11.1050	 +1.3468	 +4.2028	 -1.0612
+10.9023	-81.2321	 +7.4453	 -1.0657	 +1.7489	 -1.2653
 +2.5185	 -2.1847	 +2.4377	 +2.0598	 -1.5916	 -5.2745
 -4.7531	 -0.7216	 -5.2621	 -0.8613	 +0.5190	 +0.6497
 -2.5798	 -0.4045	 +0.4030	 +1.2650	 +1.3787	 -0.2143
 -3.4610	 +4.2396	+15.8670	 -0.3222	 +0.9069	 -1.7754
 +5.1300	-10.1547	 -1.2135	 +0.4059	 -0.4344	 -0.9891
 +5.5211	 -6.7675	-19.9573	 +1.4218	 +1.5787	 -4.0511
 -6.6913	 +2.9862	-24.3597	 -0.0338	 +0.8222	 -2.3265
+11.1855	-17.6962	-32.0475	 +0.0135	 -2.3781	 -1.0172
 -1.8816	 +3.4259	 -6.8809	 -2.0973	 -1.5236	 +0.2536
 -7.5094	 +4.1696	 -4.5014	 -1.6489	 +4.3953	 -2.7707
 +1.1253	 +4.7566	 +1.8973	 -1.6067	 -0.8510	 +4.3850
 +1.5342	 +1.8252	 +2.2804	 +0.9537	 +0.5023	 +0.9058
+15.6483	+25.4330	 +4.2177	 +3.2390	 +1.1353	 -0.3583
 +3.4895	+14.1565	-13.0693	 +0.1196	 -0.4778	 +2.7154
 +0.0666	 -1.0640	 +0.4592	 -1.3570	 +0.6502	 -4.9762
 +0.7343	 -4.3973	 -2.3539	 +1.2502	 +1.2489	 -0.9989
 -8.7704	-10.0241	 -7.9115	 -1.6356	 +1.7026	 +0.7243
-150.1055	-60.2548	+204.6102	 +0.5644	 -0.6667	 +0.1776
 +2.3150	 -0.7752	 +3.3316	 +0.5712	 +1.7958	 +2.5095
 -9.6680	 +6.9027	 -6.0496	 +0.3828	 -0.6992	 -1.3326
-16.7379	 -8.7880	 -7.8732	 +1.4218	 -0.1625	 -1.6743
 -3.6743	 -9.6771	 +6.2478	 -0.1184	 -4.3935	 -1.6709
 -3.5651	 +1.4846	 +6.4339	 -0.9199	 +0.4401	 +1.6078
+17.6957	+51.8164	-22.4189	 -1.5807	 +0.4892	 -1.6789
 +0.5231	 -5.9274	 -5.8613	 -2.2508	 +2.2661	 +3.7292
-13.6712	 +8.0055	-11.2034	 -2.5732	 -0.8784	 +1.8389
 +3.4958	 -6.8354	+21.5423	 -1.9151	 -1.3982	 +2.3292
 -2.4522	 -0.6873	 +6.4286	 +0.3214	 +1.6510	 -3.1019
 +2.2761	 +3.0856	 +1.2688	 -3.7107	 -1.1242	 +0.9358
 +7.6470	 -6.5326	 -2.5897	 +0.5786	 +3.0185	 +2.1491
 +1.1427	 +0.5067	 -5.2369	 +1.6528	 -0.3636	 -0.3428
 -3.0777	 +2.0955	 -3.1050	 -2.1194	 -3.3913	 -2.3004
 -0.3247	 +8.8207	-11.8828	 -0.3271	 -1.3257	 +2.2628
 -2.0402	 +0.9629	-12.8748	 +3.3681	 -0.0778	 +0.5841
 -2.9633	 +1.4940	 -1.7845	 -3.3199	 +4.0614	 +1.1743
 -6.1192	 -5.3049	 -4.3603	 -1.0200	 -1.7709	 +2.4443
 -6.2955	 -5.1105	 +2.5495	 +2.1506	 +1.1864	 -2.9547
 -2.4902	 -0.4387	 -7.0322	 -0.8276	 -0.8780	 -0.6558
 +8.2826	 +9.4456	+35.8127	 +2.1405	 +2.0967	 -0.0032
 -3.1038	 +2.1839	 +9.0783	 -0.5492	 +2.1053	 +3.1253
 -8.8805	+14.5173	 -6.2292	 +1.3547	 +1.6001	 -1.4965
 +4.5966	 +0.1530	 -7.6182	 -2.2491	 -2.8319	 -0.4119
+18.2531	 -8.4655	-19.4700	 +0.1795	 -0.8126	 -0.2987
-12.0856	 -1.0265	 -7.2300	 +0.3539	 -1.7070	 -0.0552
 -3.1168	 -2.9737	+10.2599	 -3.0126	 +3.0882	 -2.3384
 -4.4609	 -6.5904	 +3.0912	 -1.2532	 +4.0060	 -0.0075
 -6.2215	+26.2541	-49.3997	 +0.8564	 -0.5244	 +0.1675
 +5.1761	 +1.5507	-33.8548	 -0.5793	 +1.2708	 +2.8635
 -3.1113	 -7.9327	 -6.2097	 +2.9742	 -0.9513	 +0.5757
 +0.7987	-10.2630	 -4.4549	 +3.6033	 +2.9272	 +2.6364
 +7.9988	 -5.7049	 +3.8077	 -0.3620	 +1.4778	 +2.0366
+21.2887	+16.3975	 +7.0185	 +1.2684	 -0.1379	 +0.3102
 -3.4629	-56.7606	-10.7738	 +1.4121	 +1.8732	 -0.5876
 +2.8955	 +7.1497	 -7.2346	 +1.3123	 +1.9514	 +2.5939
 -8.3152	 -0.9944	 -2.5261	 +1.4680	 +4.4085	 -2.5213
-20.5438	+11.8756	-15.6632	 -2.6935	 +0.8013	 +2.3648
 +5.0890	-22.7697	+17.5110	 -0.8458	 -1.6567	 +0.0687
 -3.4307	 -0.8360	+13.2529	 -1.0337	 +0.2519	 -1.1909
 -0.3041	 -4.9120	 +6.8145	 -2.7921	 -0.3408	 -2.7029
 +5.1827	 -6.2501	 -3.4210	 +0.1238	 -4.6470	 -0.4271
 -5.1263	 -7.7542	 -3.9004	 -1.3322	 -2.9116	 -2.7533
 +7.7017	 +4.0667	-10.2438	 -0.2481	 +1.5425	 -0.9367
 +1.7684	+13.7145	 +3.1664	 +1.7235	 +3.6774	 -2.9495
 -2.6726	 +1.9386	 -2.2915	 +3.9599	 +5.0365	 +0.1081
-10.7454	-14.0443	-11.7826	 -0.0329	 +1.2598	 +0.5181
-47.1665	 +9.9807	-20.6235	 +1.7523	 +1.1705	 -0.6183
 -5.0224	 -0.7046	 +2.4739	 +2.8807	 +0.9210	 +0.2068
-11.3094	 -8.3276	 -3.6347	 +0.4879	 -0.4284	 -2.2118
-10.8352	 +1.5793	 -2.6463	 +2.4438	 -3.4082	 -0.9178
 -3.2596	 +3.7266	 -6.6264	 +3.0431	 -2.0086	 -1.7378
+13.8288	+14.0346	 +0.2458	 -1.1928	 -0.5067	 +3.0905
 -6.8561	 +4.7850	+24.8132	 -1.2513	 -0.4856	 +2.2267
 +8.5215	-11.6420	+11.9197	 +0.9751	 -0.7104	 -2.9401
 +8.4239	 -2.3814	+11.4192	 -3.1403	 +0.4386	 +1.4453
-11.2833	 +6.4423	 +1.4587	 -1.5467	 +3.5254	 -0.3411
 -4.9789	 -5.2181	-16.4432	 -0.6521	 +3.9618	 +3.0919
 -3.6994	 -5.2206	 +8.0725	 +3.0005	 -3.7961	 -2.8779
 -9.2079	 -3.1788	 -2.9245	 +0.6526	 +0.8994	 +2.7304
 +2.5038	 +6.9935	 -1.0171	 +1.4360	 +1.8013	 +4.1622
 +0.7583	 +5.6630	 -7.5080	 -0.6845	 +4.3753	 -2.5599
 +0.9236	 +0.2116	 +5.6925	 -1.2569	 +4.8740	 -0.8305
 -2.2535	 -1.6232	-10.5310	 +2.3196	 -0.3225	 +3.6813
 -6.9805	 +1.0938	+14.7617	 +2.9496	 +0.2117	 -0.5309
 -5.1983	-11.7723	 -4.3950	 -1.6557	 -1.3260	 +0.5256
+26.8996	 +2.8717	 +8.9760	 -2.4040	 -0.5652	 -0.1382
+10.5216	 -9.4715	 -2.7553	 +1.7616	 -1.6924	 -3.9643
 -4.9520	 -1.1099	 -6.9502	 -1.5553	 -0.3503	 +0.5479
 -8.3780	-34.2863	-28.0802	 -1.1378	 -0.0745	 +0.1472
-12.6928	+17.5363	+10.5278	 +0.1441	 -0.7825	 +1.5248
 -8.0837	 +0.1217	 +7.5279	 +2.0800	 +1.9878	 +0.5958
+17.8517	 -1.6276	+15.4699	 +4.6572	 -1.3179	 -1.6843
 +0.6741	-10.2409	 -0.2064	 +2.6267	 +1.9712	 +0.3807
-25.8074	 -2.8378	-22.9521	 -2.5077	 +1.2914	 -1.8761
-10.2831	 +1.8317	 -5.7529	 -1.8662	 +3.4372	 +0.9274
 +2.5436	 +3.4819	 -7.0946	 +0.6877	 +3.9188	 -3.6061
 +2.1763	 +9.9076	 -1.0322	 -3.2264	 +1.6303	 +1.3038
 +1.8752	 +5.1332	 +1.5192	 -4.5891	 +3.5655	 +2.2351
 +9.0874	 -9.0752	 +4.4269	 -3.5786	 -2.5599	 -1.2359
+18.9702	-11.0087	 -2.1752	 -2.6321	 -1.4928	 +1.8297
 -8.5517	+22.9660	+21.0532	 +1.7926	 +1.4646	 -1.1370
+28.2420	-28.4477	+70.7666	 -0.3749	 -1.6665	 -0.0554
-17.0940	 -3.1784	 -1.2416	 -0.7926	 +0.6442	 +1.0704
 -5.5415	+12.0283	 +7.9903	 -1.7485	 -1.7902	 +1.2974
 -0.0103	 -4.9077	 -1.1198	 +0.8152	 -1.4452	 -0.7318
+17.6293	 -6.6609	+11.8203	 +0.9732	 +0.5102	 +1.3301
 -0.3812	 +3.8101	 -5.4374	 -3.2948	 -4.1672	 -1.7386
+24.3831	 -3.2685	-20.1168	 -1.8890	 -0.4361	 -0.4072
+12.3880	+13.0574	 -2.5710	 +2.8430	 -0.8893	 -1.2148
-23.2156	+25.4756	-27.3742	 +0.0439	 +0.0465	 -0.3208
-25.4083	-14.8660	+16.6145	 -0.5050	 +1.8216	 -0.3608
 -1.7255	 +0.9651	 -1.1852	 -3.2733	 -1.7708	 +0.7591
 +1.8663	 -7.9966	 +3.4006	 -5.0731	 +1.7416	 +0.7578
 +1.4365	+10.6524	-12.4077	 +0.2889	 +2.2977	 -4.6421
 -4.8065	 -1.4904	 -8.8022	 +0.6408	 -4.2646	 -1.9088
 -1.2921	 +6.9853	 -3.1414	 +2.5646	 -3.3675	 +2.3532
 +0.3874	 -2.7396	 +1.1472	 -4.3331	 -1.2613	 -0.0349
 +8.1603	 +7.5154	 +3.9484	 +1.4858	 +2.0578	 +1.3743
 -0.6398	+13.6850	 +8.4829	 +1.4988	 +1.1719	 -1.2838
 -0.1493	-15.3581	+18.4166	 -1.2612	 -0.6088	 -2.9601
 +8.9636	 +1.9934	 -9.9112	 -1.4363	 -2.3787	 -1.8428
 +3.3319	-10.1567	 +1.9880	 -1.2752	 -0.7274	 -4.7910
 -0.0924	 +0.1468	 +3.9610	 +1.5436	 -0.4502	 -3.0717
 +6.3736	 -3.5686	-19.0545	 -0.9424	 +0.1376	 +0.8477
 +5.4506	 -1.1881	 -9.7591	 +0.2590	 -0.2017	 +0.1531
 +4.4295	 -1.8570	 +1.4505	 +0.0148	 -1.8177	 -1.9387
 +6.8919	 -5.8112	 -8.4045	 -5.0796	 -0.5936	 +2.7353
-31.5512	 +1.1843	-23.2565	 -1.0958	 -1.1986	 +1.5798
+10.5550	 +2.1898	 +1.2308	 +0.5705	 +1.4427	 +1.9592
-11.2575	 -0.1614	 -3.5954	 +0.3198	 -1.8813	 -2.9397
-38.8141	+57.5672	 +5.6990	 -2.6636	 +3.8182	 +0.6125
 +1.8802	 -6.0282	+11.3526	 -1.6514	 +1.9068	 +0.6009
 -4.4589	 -5.3951	 -9.9588	 +1.6816	 +3.8001	 -0.7563
-25.4075	-23.7350	 +7.4030	 -1.2889	 -1.4328	 +1.3379
-21.1486	 -4.0175	-13.5571	 -1.8625	 -1.5597	 -2.4218
 +3.5877	 +1.4654	 +2.5258	 -0.1904	 -0.7949	 -3.6979
+12.3952	 +1.9122	 +3.6684	 +0.8333	 +1.7478	 +1.8208
 +3.7166	 -0.8932	 -1.4968	 +1.9771	 -0.9298	 +1.2779
 -5.0755	-18.4832	 -7.4542	 -0.2419	 +1.8052	 -0.9217
+11.3931	-47.6418	-22.9482	 -0.7228	 +1.9192	 +1.1786
 -5.6155	 -8.0891	-16.9955	 +0.2250	 +3.0743	 -1.4986
 +1.9462	 -2.2672	 -2.2316	 +2.9402	 +0.2967	 -1.7887
 -4.4818	 +0.6435	 -1.1354	 -2.2074	 +1.5155	 -4.3763
 -4.5372	 +2.4445	 -3.7399	 +0.1014	 -4.4930	 -5.5885
 -6.2488	 +8.6261	 -0.5730	 -1.7814	 +2.7965	 +0.7947
 +0.6633	 -3.0049	 -1.4072	 +0.2385	 -1.1103	 +5.5768
-15.2065	+16.4680	-17.0542	 -3.8458	 +3.3405	 -2.3297
 +4.2526	 -2.2675	 -3.1943	 +0.8427	 -3.5211	 +1.5864
-63.4107	-41.4829	+32.9103	 +1.0073	 +1.5905	 +0.3060
+17.7310	+13.9355	+18.7356	 +0.4114	 +1.3453	 +1.3001
+43.2295	+26.1972	+35.5111	 -1.8138	 -1.6642	 -0.8069
 +8.5919	-19.5105	 +3.7790	 +0.8736	 +0.7676	 -1.3401
 -5.2802	+13.0704	 -3.7837	 +0.9322	 -1.3393	 +0.5327
-113.9433	+59.7436	-18.3026	 -0.2489	 +0.6331	 +0.3158
 -1.2428	 +7.2383	+18.7297	 +1.3688	 +0.0470	 -0.2453
 -6.1260	 -4.9541	 -4.4489	 +1.5293	 +2.4958	 +2.4572
 -1.7612	 -4.3519	 +9.5250	 +1.9371	 -0.3343	 +0.2892
 -5.0216	 -3.4366	 -0.4087	 +0.1279	 +3.6670	 -1.2917
 -1.3054	 -7.9587	 +4.5635	 -1.9511	 -0.6209	 +0.4532
+10.3910	 -2.8468	 -1.5956	 -2.3242	 -3.9532	 +1.8944
-12.9198	-10.6248	 -4.2405	 -1.1621	 -0.1557	 -1.0463
+12.0882	 -3.4241	 -8.4626	 -2.6013	 +1.9732	 -0.2508
 -2.6438	+33.9197	 +0.6191	 +0.6546	 -0.1309	 +1.5111
-14.1431	-16.0956	 +7.6194	 -0.4696	 -0.6466	 -0.7745
+13.5565	 +4.6655	-25.3755	 +0.4620	 -1.0485	 +0.0097
 +0.5692	 -7.9556	 +0.8142	 +3.0726	 +0.6739	 -2.1387
 -6.3832	 +3.9540	 -8.4110	 +2.8134	 +0.2881	 -0.3555
-35.3920	+17.7691	+12.1427	 +0.9418	 +0.0809	 -0.5204
+17.6976	+10.7239	-17.6426	 -0.3170	 -1.7406	 -1.8476
-13.0276	-39.7086	+15.4783	 -0.6194	 -0.9591	 -0.1950
 +9.3477	 +4.0970	 -2.6875	 -1.9611	 +0.0729	 -4.3399
 -1.6441	 -5.1093	 +1.9894	 -2.4849	 +1.6908	 -1.0390
 -9.0724	+15.1320	-32.5174	 -1.6308	 -0.8959	 +0.6217
 -9.5578	 -0.9530	 +2.8546	 +0.6275	 +3.5975	 -1.3437
 +3.7510	-11.8799	+19.3102	 -0.6643	 -1.3809	 +2.0793
 -9.3727	 -7.0188	 -8.1960	 +0.9778	 +3.5369	 -0.2065
 -2.1839	 +6.7451	 +1.1377	 +1.7975	 +1.3562	 +3.7691
 +5.6433	 -6.8157	-14.1922	 -0.9613	 +0.8746	 +0.4647
+12.1922	 -1.5840	-10.3160	 +1.3714	 -1.0575	 +0.7340
-62.3727	+25.1116	+12.5737	 -0.9950	 +1.0936	 +0.6363
 +0.1303	 +4.3519	 -4.0472	 -2.3000	 +0.2513	 -0.5182
-25.8446	+52.7706	 +6.0465	 +0.6487	 +2.8802	 -0.4979
+13.4022	+14.3035	 -9.4696	 +0.1966	 -0.3591	 +0.5937
 +4.7816	 +7.4084	 +1.8795	 +1.2959	 +2.8925	 -0.3029
 -4.7897	 -1.5070	 +4.0464	 +1.0685	 +0.1491	 +1.0966
 +7.3903	-44.8230	+38.2050	 +1.9643	 +1.0867	 +0.1560
 -0.4287	-41.3067	 -2.6981	 +1.0747	 -2.1154	 +0.0057
 -8.5971	 +0.4845	 -5.5003	 +0.1382	 +0.8087	 -3.1424
-12.7312	 -2.2424	 +7.6660	 +0.7558	 -2.8101	 -3.4582
 +1.0529	+10.4606	 +1.9957	 -0.9910	 -3.7708	 -3.2848
 +4.8454	 -3.2828	 +4.3302	 -0.6033	 +2.2316	 -1.7730
 -2.9999	 +3.4624	 -2.1839	 +1.2307	 +1.1530	 +0.6096
 +0.5805	 +0.1495	 -9.4707	 -1.8335	 -0.6113	 -2.4096
 -1.7949	 +3.1916	 -3.5758	 +2.1624	 +1.4557	 -0.7234
 -6.4253	 +1.8725	 -6.7193	 -2.5580	 +5.7784	 +1.3699
 -7.6207	 -6.7285	 +9.1424	 -3.8877	 +1.4444	 -0.1267
 +3.4663	-13.6782	 +0.6120	 -2.0179	 -2.0166	 -4.0439
 -0.4411	 +3.5856	 -8.4648	 -2.2454	 -1.4396	 +2.2352
 -3.7968	 -1.5914	 +2.0496	 +1.3871	 -0.0661	 +1.4850
-17.2747	 -5.0799	 -2.1918	 -3.3948	 +2.4316	 -0.6581
 +1.9270	 +0.5951	 +9.1369	 -2.4749	 -1.1599	 -1.7260
 +4.5415	+11.1420	-29.8619	 +1.0355	 +1.2717	 -0.5857
 +3.1980	 +0.5060	 +1.2766	 -0.3196	 +1.6053	 +3.2418
-14.7562	 -6.9943	 -8.1881	 +1.8449	 -3.4158	 -0.6652
 +3.9026	-13.7068	 -7.5754	 -2.7486	 +2.1118	 -0.2552
 -5.8165	 +0.2694	 +0.3510	 -0.2534	 +4.2370	 -2.9919
 -5.6079	-12.4707	 +4.8312	 +1.1500	 -3.8013	 -0.7193
 -9.5456	 +9.3856	 -0.6256	 +1.8316	 +2.8618	 -0.9608
 +1.4637	 -6.0950	 -2.3644	 -4.0232	 +1.4110	 +1.2255
 +1.3401	 +3.2757	 -4.5592	 +2.4993	 +1.4218	 -3.5810
 -3.8210	 -6.7520	 -4.1204	 +2.6621	 -2.2960	 -1.3927
 -5.5580	 +1.8773	+45.7779	 -1.1633	 +1.0047	 -0.2861
 -0.8038	+17.2959	-11.4510	 +0.3501	 +0.6781	 +2.6706
 +9.7751	 +0.5430	 -0.9589	 +0.4233	 -5.6224	 -0.3413
 +5.8427	 +0.7518	 -1.6638	 +2.8909	 +2.5198	 +0.5210
-24.1365	 +8.0595	 -9.7137	 -2.8609	 +0.6856	 -0.2489
 -2.8133	 -0.8087	 -2.0175	 +2.0666	 -1.6739	 -0.2983
 -0.9701	+26.3898	+11.4268	 -0.2852	 -0.6940	 +2.0772
 +6.1100	 +7.7337	 +0.9955	 +1.7044	 -0.6108	 -3.5662
 -5.6716	 -7.2080	-40.9413	 +1.7972	 -0.9330	 +1.1636
 -3.9425	 -0.1783	+19.7269	 -1.8472	 -1.9146	 -3.2591
 +9.8374	 -4.9289	 +4.0831	 +2.8084	 -1.3468	 +1.1367
 +2.8318	 +3.2202	 +1.1653	 -0.7212	 +4.2563	 +0.6925
 +7.5294	-10.5113	-18.4898	 +3.1174	 -2.2430	 -0.1305
 -3.7565	 +6.6827	 +0.0527	 -2.0602	 -0.9064	 -3.2142
 +9.7854	 +5.6028	 +0.2459	 +1.2793	 +1.5713	 +1.6158
 -1.4258	 -1.1685	 -8.2214	 +4.7692	 -3.6399	 -0.8176
 -8.2414	 -1.6238	+13.7356	 +0.3258	 -1.8006	 +0.2101
 -0.3407	 +8.7934	 -7.7588	 -1.8444	 +3.6239	 +2.7650
 +6.1969	 +2.0008	 -4.0156	 -1.7566	 -2.4087	 -1.6890
 -5.8381	 +2.2499	 +2.6948	 -0.7901	 +1.0704	 -4.4977
+20.2423	 -8.9947	+17.9360	 +1.8174	 -2.5962	 +1.9215
 +9.0557	 +3.3867	-14.2362	 -2.0956	 -1.0682	 -0.9430
 +1.9984	 -0.4344	 +0.9770	 +1.3490	 -2.3656	 -2.8116
 -4.4831	 -7.4297	 +2.2915	 -1.6229	 -1.0902	 -1.4652
 -2.8490	 +3.1117	 +4.0566	 +0.0896	 -0.0319	 +2.1564
 -3.8353	 +2.5577	 +0.1252	 +0.1296	 -0.6091	 -2.3185
+14.3078	 -3.7581	 +8.7556	 -3.3281	 +1.8549	 -0.8469
 +4.3602	 -8.7769	 +3.2032	 +4.2042	 -1.5631	 +3.4932
 +7.4661	 +3.6178	 +2.7212	 -2.1144	 +0.7973	 +1.0451
 -2.3518	 -2.9480	 +9.7677	 +1.7095	 +3.2811	 -0.2624
+16.0460	 +3.1149	-12.0307	 +2.6088	 -1.5732	 -0.7830
 -3.1791	 -8.8295	+13.1761	 -4.5684	 -0.5140	 +0.2788
+17.3092	+27.9762	 -8.3228	 -0.6280	 +1.2234	 -0.1238
 -7.4370	 +3.5212	+10.1949	 -4.5978	 +3.0259	 +0.4548
-18.9926	 -4.4212	 +8.9190	 +1.4218	 +1.8428	 -0.1890
 +2.2262	 -0.0829	-15.9099	 -2.0604	 +0.5416	 -0.2247
 -2.2134	 -5.5454	 -2.1930	 +0.2191	 -1.3743	 -0.8670
-12.4682	 -2.2717	 -2.5185	 -3.0934	 -4.9525	 +0.4043
-22.8483	+16.4077	-10.1219	 -0.1291	 +2.1001	 +2.1110
-11.3516	+16.5850	-24.1407	 +0.8275	 +0.9052	 +0.5195
-10.9320	 +0.4573	 -0.9298	 -4.3926	 -2.2858	 -0.5360
+10.9403	 +6.1189	 +0.5888	 +1.5007	 +3.0596	 -0.4103
 -8.0427	 -3.5936	 +0.2456	 +0.1962	 +2.5271	 +2.4905
 +5.5048	 -3.5734	 +6.6568	 -3.1166	 -1.5005	 -1.7713
 +7.6717	 +7.8933	-10.6048	 -2.6769	 -0.1870	 -0.6739
 +3.4110	 +7.7948	 -6.9317	 +2.2759	 -1.8738	 +4.5253
-39.8292	+21.6571	 +5.5903	 +0.2069	 +2.1064	 +0.8696
 -5.0834	 +4.2415	-20.0924	 +1.1260	 -1.3187	 +1.5446
 +0.3283	 +8.0912	 -8.8294	 +0.4584	 -1.5443	 -0.2345
 -2.5962	 -2.0984	-11.7511	 +1.3189	 -4.0137	 +3.3041
-11.8190	 -4.2189	 -7.2323	 +1.1001	 +2.6934	 +0.8043
 -9.0049	+11.7889	-40.2491	 +0.5115	 -0.4955	 +1.8308
 -7.1714	 -6.6493	 -1.2591	 -1.6622	 -4.7839	 +1.3559
 +9.1468	 -9.8119	-12.1810	 -2.7489	 -0.2479	 +2.5873
 +4.5393	 +6.7514	-11.2586	 -2.8272	 -0.2071	 +0.3896
 +5.2280	+12.2666	+18.3103	 +0.6798	 -3.2129	 +2.0388
 +3.9520	 +9.5680	 +6.6857	 +0.8217	 -2.9148	 -0.3471
 -2.3325	 +3.1814	 +4.1655	 -0.8307	 -1.9741	 -0.0718
 -2.8103	 -1.2383	 +8.7635	 +4.4132	 -0.4240	 -1.8711
 +8.5933	 +1.7453	 +2.5172	 -0.3153	 +0.6076	 +1.1039
 +6.1728	+19.0974	 -2.9242	 -0.3896	 +1.8100	 +0.2109
+17.2973	 -5.6141	-19.8104	 -0.4016	 -3.7259	 +0.3604
 +1.7933	 +3.9134	 -2.6303	 -3.0040	 +1.0694	 +0.9505
 -7.3399	 -9.4378	 -2.4274	 -0.0991	 -1.9690	 +2.6524
 -0.2208	 -2.1964	 -7.1819	 -1.5600	 -4.1025	 +1.5762
 +2.2739	 +9.5926	-18.2813	 +2.7222	 +0.6426	 -2.3626
 -3.7075	 -3.5865	 -4.5400	 +1.0758	 +0.9505	 -3.4875
 +0.0153	 +0.1998	 -2.3484	 +0.4013	 +3.3073	 -0.6282
 +7.0505	 +1.9893	 -1.0678	 +3.3558	 +2.7985	 -0.2182
 -9.8685	+11.9712	-15.8314	 -0.6024	 -1.7064	 -2.2871
 -2.7351	 +3.3826	 -4.4467	 -2.6282	 +0.9662	 +0.1035
-102.2590	-32.1480	+80.9235	 -9.4895	 -2.8507	 +8.0365
 +1.8706	 -8.4377	 +3.8671	 -1.2735	 +0.9914	 -1.5344
 -2.1054	 +2.8456	 -0.0609	 -0.8612	 +4.5396	 +2.3571
 -4.9116	 +4.3143	 -3.8710	 -4.7416	 -3.0078	 +2.3525
-13.1389	 +2.3296	 +1.9330	 +1.8167	 -0.2210	 +1.6450
+19.1394	-21.5806	 -1.4945	 +1.9579	 -1.3331	 -0.3474
 +9.9991	 +4.8922	+18.0059	 +0.6126	 -1.4965	 +0.5440
 -1.9388	 +6.9802	 +0.4526	 +3.8781	 -0.8660	 -1.4691
 -0.8148	 +1.1119	 -3.4736	 -3.0154	 +1.5638	 +2.3924
 -2.0422	 +2.5240	 -1.5780	 -1.5037	 +1.2153	 -6.3216
 +8.6509	 +0.7810	-25.4080	 +4.0787	 -0.3501	 -0.4207
-20.2543	 -2.6861	+31.4468	 -0.6547	 -1.0813	 +0.2964
 -5.8603	 -4.2120	 +1.4547	 +0.1627	 -0.6550	 -0.4871
 +1.7087	 +1.0924	 -4.1178	 +0.0841	 -0.8756	 +0.7621
-13.0742	 -7.6779	 -5.4857	 -1.9825	 +0.5225	 -1.3950
 -4.4823	 +8.2902	 -5.3513	 +1.7300	 -2.2787	 +3.5989
-27.8454	 +9.4116	 -5.9666	 -1.8654	 +2.8215	 +1.5377
 -2.7926	 -4.8528	 +3.9173	 +0.9176	 +3.7177	 +1.0749
 -6.3029	-45.3117	+59.1503	 -0.3377	 -0.6561	 -0.2867
 -7.4045	 -1.5610	 +1.2039	 +1.6715	 -1.9697	 +1.0917
+10.2437	+14.2211	-17.3439	 -3.3208	 -2.8728	 +2.1436
 +5.3435	 +4.5289	 -5.4488	 +2.6930	 +0.2039	 -1.2879
 +3.6599	 +4.1030	 +4.8727	 -1.1259	 -1.2499	 +0.0675
+42.4785	 -0.4019	-23.0236	 -1.4904	 -0.1699	 +2.2752
+16.2275	-47.8680	+37.2230	 +2.4419	 -0.7623	 +0.4186
+102.9080	+48.5552	 -3.4912	 -0.2724	 -0.9584	 -1.6294
+17.3754	 -5.6374	 +2.2049	 -1.4407	 -4.4839	 -1.3313
+35.2025	+58.4787	-31.8922	 +0.8202	 -1.0610	 +0.3520
 +7.1096	 +2.3447	-11.1975	 -1.2624	 -1.7279	 +1.1252
 -1.5530	-15.6314	 +4.2255	 +4.2018	 -0.8743	 -1.0414
-23.7632	 -4.5630	+39.5149	 +0.1352	 -0.3476	 +2.6120
+17.9296	+55.1413	-40.5567	 +0.4020	 +1.8767	 +1.0795
+17.8528	 +1.5395	+15.7691	 -0.2088	 +1.2490	 -3.9805
-17.3978	 -8.4985	 -8.5104	 -0.0425	 -3.2800	 -2.0697
-18.7411	 +9.4365	 +6.2457	 -3.6746	 +1.6423	 +0.0518
 -4.1475	+13.7696	 +5.8805	 +2.5836	 -1.1918	 -1.0085
 -8.4702	 +2.3453	 +8.8141	 +0.6427	 -0.6523	 +2.5868
 -3.1016	 +4.2034	 +2.0945	 +3.6080	 -1.1958	 -4.0831
+13.0957	 -1.1173	 -2.1984	 -1.6788	 -1.4967	 -0.7253
 -5.5652	 -1.5874	 -4.4736	 -1.6755	 -4.7551	 -2.1904
 +3.1427	-14.7535	-14.8550	 +1.5492	 -0.1794	 -2.4290
 -3.9086	 -4.8062	+11.0795	 -0.0590	 -4.2402	 -0.6442
 -6.0348	 -3.9901	 +4.3726	 +2.3190	 -3.7251	 +4.5131
 +1.1985	 -7.5246	 -1.5822	 +2.5700	 -4.3148	 +0.5369
-11.0319	+10.1678	 +8.8315	 -1.6888	 +2.3157	 +3.6063
 -6.4778	 +0.6340	 +5.5184	 -1.6847	 +1.0189	 +1.8630
 -6.4826	 +1.4373	 -3.0449	 +0.1662	 +1.6948	 -2.7398
-14.3417	+18.4625	 -3.8539	 -1.3223	 +0.8039	 -0.2347
-13.0087	 -2.4970	+27.0574	 -0.8061	 +0.5527	 +0.8445
 -8.1030	 +9.2811	+12.8416	 +1.5321	 +0.3432	 -2.4929
 -4.7534	 +4.9215	 +6.0086	 -0.3741	 +1.5454	 -0.1770
 -2.8052	 +0.4653	 +0.4016	 +2.8555	 -3.4817	 +3.9408
-13.7975	+30.0074	+11.5867	 +1.5326	 -0.7881	 -0.2807
 +1.8236	 +7.4318	 -2.6586	 +3.9443	 +0.1090	 +2.7541
 +4.8313	 -9.0990	 -4.6147	 +3.4706	 +3.2287	 +1.3228
+26.2710	 -4.7639	 +4.4746	 -1.2375	 -1.4320	 -0.9814
+14.6255	 -1.6178	-11.5147	 +2.7876	 +1.5363	 -3.3484
 -4.0430	 +4.0073	 +1.7146	 +2.8718	 -1.3497	 +3.1036
 -5.5762	+64.3434	+33.8040	 +0.8360	 -0.5655	 +0.8796
 -6.9686	 +5.0976	 -7.7260	 -5.5043	 -1.3315	 +1.9672
 -5.9492	 +7.9598	 -5.6152	 -2.3099	 +4.8948	 -0.0019
-18.3930	-18.7245	+31.2902	 -0.0427	 +1.9637	 -0.4268
-19.9394	+25.7967	+13.5361	 +2.4774	 -1.5958	 -1.5663
 +4.1059	 +2.7081	 -1.6163	 -0.5282	 -1.4378	 +1.6979
 -0.3354	+15.0475	 +2.4993	 -3.7286	 +1.9742	 -1.0611
-22.3659	 -3.8251	 -2.0934	 +0.6953	 -2.0905	 -2.1381
+17.9440	-18.6910	+12.0702	 +0.5655	 +0.9331	 -0.1246
 -9.9657	 +1.9005	 -1.5590	 -2.6852	 +0.0818	 +2.4118
 +8.0925	 -8.6749	 -1.7309	 -4.3985	 -1.3176	 -1.9957
 +0.6698	-49.2445	+115.1217	 -0.3111	 -1.3441	 +0.2326
+19.7659	 -5.1692	 +0.7750	 +3.3035	 +2.1155	 -0.1252
 +8.9128	 +7.9807	 -5.0348	 -3.4503	 +1.1597	 +3.2392
 +5.4461	 +6.9526	 +2.4076	 -1.4825	 -0.8647	 +1.4094
-27.9580	 +6.7648	+22.0192	 -1.1569	 +1.3741	 +1.6665
+12.2227	+12.3754	+18.2062	 +1.4641	 +0.7163	 +0.2301
 -4.7613	 +8.7504	 -2.4856	 -1.4911	 -1.8925	 +3.8625
 +4.2616	 -6.9226	+24.8082	 -2.3373	 +2.1180	 -2.6975
+16.1736	+13.5040	 -9.4034	 +0.2793	 +2.4229	 +2.7539
 -4.2414	 +8.4758	 +4.4607	 -1.2263	 -0.9390	 +1.8035
 -4.8569	 -6.3658	 -0.1877	 +1.7987	 -4.1785	 +2.2056
 -2.2559	 +4.4400	-13.7040	 +4.2417	 -3.0574	 -0.7177
-16.5493	+11.5339	 -2.7208	 -1.1186	 -2.4055	 -1.5825
-18.6036	 -8.9719	-12.0209	 -2.5700	 +1.8937	 +1.0956
-30.8414	 +0.5535	-11.0415	 -0.8506	 +0.0910	 +0.0142
 -3.1809	+15.0760	 -5.4905	 +0.0909	 -2.1216	 -4.1807
 -7.1995	-25.2054	+19.3826	 -0.9034	 +1.1029	 +2.1264
 -7.6146	 +7.6534	 +0.5931	 +0.4978	 +1.2577	 +2.1615
 +4.1527	 +1.3048	 -1.3963	 -2.6187	 -0.4226	 +2.4129
+15.1085	 -2.7080	+12.2836	 +0.5094	 -1.3341	 +1.2028
+11.0326	 -8.5798	-10.4136	 -1.8258	 +0.3956	 +0.2649
-16.5096	-14.5470	 +7.5147	 -0.5549	 +1.0127	 -0.2827
+28.0512	 -1.4106	-14.8747	 +1.0370	 -0.8131	 -3.3403
 -2.0875	 +2.5084	-12.4790	 -0.2206	 -2.7896	 +0.5219
 -4.6644	 -6.8850	 -1.1564	 +1.0583	 -0.4045	 +0.1154
+24.8123	 +3.5480	 -5.5095	 +1.1967	 -1.5435	 -0.3079
-10.6874	 -8.1762	-14.3128	 -0.5913	 +1.2134	 +1.9629
 +2.3549	+15.0357	 -4.9514	 -3.5583	 -3.3592	 +0.6273
 +0.3692	 +6.4866	 -4.1516	 -1.4189	 -3.6161	 +0.6853
-12.7183	 -0.5787	 -3.8613	 -2.3522	 -4.6970	 +1.7586
 +5.6650	 -5.0946	 +4.6504	 -0.1214	 -2.2595	 -0.9791
 +7.7409	 -8.7210	+14.4486	 -1.0707	 -1.7981	 -1.3188
 +8.9043	-11.4878	+23.3039	 -0.8855	 +1.1155	 +1.5955
 -1.5882	 +8.4319	 +5.5536	 +0.2463	 -1.0930	 +0.5449
 -2.5371	-37.0042	-14.1325	 +0.5041	 +0.4971	 -1.4121
+11.0047	-12.6984	 -4.0807	 -0.9573	 +0.5191	 +1.8448
 +1.3237	 -2.1976	 -5.8213	 -2.8016	 -4.2622	 -1.2937
-34.3185	 -7.6639	+11.9629	 -0.0950	 +0.6902	 -1.2271
 -3.0694	 +1.2479	 -5.9166	 +5.7962	 -0.7729	 +1.8455
 +2.8496	 -2.8715	 +4.8060	 +3.6349	 +4.4230	 -1.7623
 -5.6492	-26.7769	 +5.5755	 -2.1364	 -2.5524	 -0.4096
+15.7493	 -4.4578	 -5.3248	+14.3772	 -5.5749	 -9.9388
 -8.5758	 +9.0121	-15.9648	 +1.9290	 -0.9130	 +0.6120
-10.6171	+15.1664	-10.3121	 -0.8490	 +1.7114	 -3.7603
 -8.2609	-11.2744	 -0.4756	 +2.8145	 -0.2785	 +1.0701
 +2.8909	+41.9151	+12.7259	 -0.5253	 -0.8198	 +2.2003
 -1.9634	 -4.7490	 -8.9285	 +0.8637	 -0.1205	 +2.8435
 -3.1931	-19.8972	 -6.8603	 +0.7921	 +0.3074	 -0.7374
 -3.2006	 +4.5803	 -7.9766	 -1.0036	 -1.1051	 -1.8577
+86.3729	-39.2037	+34.9059	 -0.2452	 -0.7756	 -1.5599
 +1.2440	-11.9286	+14.1222	 +2.2789	 +1.4106	 +2.3740
 -7.2985	 +7.7817	 +1.7518	 -2.2243	 +0.4913	 -2.8872
 -3.2171	 -1.3233	 +5.3652	 +0.8629	 +2.9787	 +3.6162
 -1.0892	-15.4301	 +6.2891	 +1.0660	 -1.8078	 -0.8820
 -1.3027	 -1.8765	 +2.1127	 -4.1870	 -0.7129	 +2.7728
 -7.1349	 -9.0502	 -5.6833	 +0.6130	 +0.4707	 +3.3630
 +0.6441	+10.4897	 +2.4138	 +2.6502	 +0.7855	 -1.4125
+14.4256	 -7.8319	 +9.1230	 +0.2670	 +0.1962	 -3.7146
-11.6050	 +9.7371	-15.8082	 +2.0641	 -1.5142	 -1.5468
 +8.6075	+17.7589	+53.2166	 +0.2117	 -0.0983	 +1.5941
 -0.2659	 +1.8690	 +3.8888	 -1.9922	 -2.8590	 -5.3860
 +2.4557	 -0.4902	 -0.7164	 +1.9670	 +3.8074	 -0.1016
 -3.1638	 +4.3821	-22.1306	 -1.6486	 -0.4995	 -2.0226
+10.6015	 +2.1515	-18.5252	 +2.3497	 +2.1428	 +0.5337
+23.6060	 -1.8847	 -0.3739	 +1.2978	 -0.7447	 -2.5201
 -8.7937	 -1.2343	 -8.2409	 +3.1368	 +1.7052	 +1.9610
-68.3799	+33.5865	-11.9416	 -1.7271	 +0.7598	 -0.9241
 -0.8065	 -1.9544	 +0.1540	 -0.7726	 +6.5113	 -0.6093
+23.5206	 -0.3151	 -3.3514	 +0.2479	 -1.8443	 -0.9024
-24.0679	 -7.1048	 -7.6060	 -1.2188	 -0.3000	 +0.3949
 -8.4816	 -1.7748	-15.2451	 -2.5549	 +1.0266	 -0.0849
 -2.8421	 +5.2698	 -6.7155	 +2.0205	 +0.6060	 -1.7258
 +8.3740	 +0.4541	 +2.0034	 -1.1873	 -4.1862	 -0.0528
 -6.1572	 -9.1297	-16.0554	 -1.0358	 +0.4274	 -0.1325
-79.0990	-169.2191	+24.8468	 +1.1555	 +0.1285	 -0.1157
 +2.8064	 +0.6832	 -1.1214	 +1.0735	 +0.5181	 -0.4837
 +5.1152	 +1.0484	 -7.2719	 +1.3050	 -4.1790	 -2.3319
 -6.7990	-10.4541	 -5.6085	 +0.2548	 -1.8606	 -0.1242
+15.3318	-12.4801	 +9.6455	 +0.5487	 +1.1268	 -2.4779
 +6.5457	 +2.9614	+24.2527	 +2.0253	 +0.4121	 -0.8407
 -5.0334	 +1.4396	 -1.4268	 +3.7309	 -1.7025	 -3.0151
 +5.5768	 -2.5057	 +5.9768	 +0.4363	 -1.9675	 -2.9581
+10.5826	-23.3392	 -9.5097	 +1.7729	 +1.5366	 -3.2724
 +4.1976	 -5.0039	 -2.0772	 +3.7678	 +0.4520	 +1.6152
 +4.3089	 +2.5992	 -3.4731	 +0.8868	 -1.3526	 -3.3401
 -7.7416	 +4.3321	 -9.9858	 +2.4093	 -3.5686	 -0.0618
 -3.6891	 +2.1954	 -2.6468	 +1.5416	 -5.1567	 -3.2969
-11.7035	 -1.1583	 -2.2667	 -2.9262	 -1.4302	 -0.3918
 +9.0207	 -1.1736	 -9.4105	 +1.6193	 +1.6559	 +1.1211
 -7.4806	+18.8882	+18.7113	 +0.1081	 -2.2878	 +0.9192
 -4.2732	 +9.2090	 -8.0204	 +2.4126	 -0.5717	 +0.7749
 -1.5227	 -5.9096	+19.3631	 -0.8625	 -0.5275	 +1.4411
 -2.0946	-12.5976	 +7.9525	 -0.9163	 -5.1238	 +1.0996
 +2.9029	 -2.0886	 -0.8539	 -0.8679	 +4.2926	 -6.6579
-18.1247	+15.4254	 +4.8079	 -3.3533	 -0.0045	 +2.7747
 +1.3228	 -3.3841	-26.3213	 +1.4544	 +0.4871	 -0.6178
 -1.9311	 +0.4795	 -1.7075	 +2.2213	 +2.2385	 +5.3845
 +6.6130	 -6.7046	 -3.5509	 +3.9594	 +0.6015	 -2.1101
 -1.1083	 +1.8746	-18.7304	 +2.4653	 -1.3534	 -4.2147
-33.1432	+41.7039	-72.7003	 +1.3048	 +1.6668	 +0.5238
 -8.2817	 -6.6678	 -4.0795	 +4.1864	 -0.6799	 +0.4724
-16.8311	+18.2362	 -7.1896	 -0.7540	 +0.3556	 -1.0310
 -0.9510	-11.9454	 +5.6593	 -0.2520	 -3.1819	 +1.8198
+11.7162	 -1.2170	 -0.0112	 +4.7675	 -2.4058	 +0.0389
 +2.1894	 -8.0084	-10.2034	 -0.5081	 +1.3823	 +1.2004
 -4.6208	 +0.6050	 +2.1234	 +0.7530	 -1.3956	 -0.3485
 +2.8689	+19.3477	 +5.3911	 -0.0051	 +1.4130	 +4.5207
 -8.5218	-11.7503	 -7.3607	 -3.4309	 -0.0224	 -0.9633
 -8.7817	 +5.3529	 -3.8650	 -0.6889	 +0.1262	 +2.1907
 +8.1577	 -0.9035	 -6.4069	 +0.5090	 -0.1979	 +2.9172
 -3.3910	 -2.4536	 -4.7465	 -2.8124	 -1.7809	 +6.6457
+15.9999	+32.2384	+78.3620	 -1.2272	 -0.8502	 +0.5191
 -3.3908	 -7.9067	 +8.3846	 +2.7935	 +3.2492	 +3.1860
+16.3012	 +5.9003	+10.3180	 -0.8565	 +1.0108	 -2.7009
 -1.1724	 -4.2627	 +4.6796	 -1.5778	 +0.3412	 -0.1566
-14.7462	 -8.6817	-13.4233	 -1.5878	 +0.6017	 +0.0153
+57.1856	+29.1992	+40.4760	 -1.2646	 -0.0784	 +0.3005
 -0.7933	-12.9152	 -1.8665	 +0.6925	 -1.0434	 -1.5004
 -0.0656	 +3.0041	 -9.3011	 +0.3315	 +3.8729	 +2.7414
+16.9655	 +8.5387	 -0.1249	 +1.2122	 -0.8896	 +2.6105
 +5.7808	 -3.0994	 -4.2396	 +3.1107	 -0.8462	 +1.4694
-14.1616	 -4.4324	+22.5578	 +3.6762	 -1.1848	 -0.3736
 -0.8077	 -8.5217	 +0.9132	 +0.2182	 -4.5316	 +0.1055
 -2.8903	 +0.8068	 -4.4833	 -1.3397	 -3.2961	 +4.9045
 +1.7938	+24.5991	 +1.4105	 -1.0191	 -0.7417	 +0.0479
 +4.4082	 +1.1707	-15.7521	 -2.4062	 +1.6353	 -4.5762
 +5.6371	 +4.5889	-12.6917	 +0.4805	 +3.2852	 +2.5012
 +0.8834	 +5.1022	 -5.1351	 -4.9821	 +1.3110	 +0.6360
 -8.7069	 +8.0315	 -9.2530	 +1.2217	 -0.1787	 +1.5618
-23.1695	 +0.7324	-22.7101	 -0.2344	 +2.1274	 -0.9375
 +0.5371	 +5.8209	-12.0142	 +0.2468	 -2.0164	 +2.0209
-16.4158	+38.9465	-14.1585	 -1.4314	 +1.4351	 +1.9138
 +2.0543	 +4.0393	 -4.4988	 -1.0771	 +0.3956	 -3.7707
 -5.0891	 -4.1974	 -5.6771	 +5.3406	 +0.5366	 -2.2413
 +2.4885	-57.5265	+47.5350	 +0.1709	 -4.5161	 +3.1394
 +2.4541	+16.9179	 +0.9279	 -0.1028	 +2.1741	 -2.8067
 +0.6590	+13.5617	+12.8859	 -2.4225	 +1.6960	 -0.1769
 -6.2678	 +1.1431	 -1.1006	 -1.5900	 -0.5414	 +1.5456
 +6.5747	+10.1551	 -6.3498	 -0.3283	 -1.6997	 +2.3273
 -8.9196	 -9.9725	 -3.8254	 -2.4403	 -0.1468	 +4.8949
 -2.6259	 +2.6349	 +0.8289	 -1.8260	 -4.8591	 -1.9942
 +0.2003	 -6.3603	 -1.5063	 +3.3145	 +0.8436	 +3.5206
 -1.1626	 -1.0586	 +7.2071	 -1.3443	 +1.9638	 +0.1396
-24.2459	-13.7051	 +4.7353	 +0.8622	 -1.4315	 +3.6068
 -2.4545	 -5.8395	 +2.2227	 -2.3126	 +0.2917	 +1.1536
+31.9850	+10.1808	 +4.9708	 -0.7215	 -0.4745	 -0.2872
 -8.4651	 -8.1263	-10.9947	 +1.8408	 +2.1552	 -1.4400
 -6.4187	 +6.5694	 -9.3055	 +2.7706	 +2.4871	 +1.8357
 +2.4581	 -7.0905	 -8.0585	 +1.9928	 -4.8689	 -2.5092
 +2.2955	 -0.2286	 -4.5456	 -2.6557	 -1.1236	 +2.0216
 +9.0434	 -4.7700	-16.1596	 +2.6380	 -1.7895	 +2.2690
 -0.3953	 +5.7159	-10.1416	 -2.8030	 +0.6158	 -0.0028
 +5.9214	 -3.1131	 +1.0676	 -2.3948	 -0.1903	 -2.0673
 -3.2382	 -3.5314	 +6.5776	 +1.5922	 +0.9783	 -2.2938
-16.5436	 -9.8817	 -2.9622	 -3.8938	 +2.6410	 -0.1664
-79.8839	+42.6174	+30.9349	 +0.5948	 -0.1538	 +0.4369
+14.0803	 +6.9622	-16.6435	 -1.1559	 -2.1445	 -1.6991
 -8.8238	 -5.3116	 +0.1002	 -1.4160	 +2.1312	 -1.1909
 +4.9807	 -3.5018	 -4.5595	 +1.3523	 +2.9486	 -1.6690
 -4.5403	 -0.9762	 -3.0245	 -1.4145	 -2.2554	 +3.4756
+24.3653	 -6.4848	 +0.3760	 +2.7992	 +0.6495	 +1.6985
 +2.9877	+25.6179	-38.0313	 +0.9064	 +0.3398	 +0.5048
 +2.2682	 -8.2319	+19.3357	 +2.2522	 +2.9285	 -0.2894
 -0.1656	 -5.4760	 -4.3445	 -3.3702	 +0.0881	 -3.1014
 -4.6407	 -5.9255	 +8.4273	 -1.2209	 +0.5462	 +4.3214
 -4.2626	 -2.2945	 -9.3701	 +1.9834	 -1.3661	 -0.6810
 +5.5882	 -1.5185	 -2.2313	 +0.1049	 -0.4009	 -1.1781
 -0.2533	 +4.8382	 +6.1145	 +4.7656	 -2.3853	 +1.8918
 +0.3981	 -3.6527	 +2.4320	 -5.6624	 -0.3448	 +0.7239
 +2.8171	 +0.6801	 +2.1887	 +1.0140	 +2.3626	 +4.0944
 -6.6068	 -9.7942	 +8.7306	 -4.2112	 -1.9164	 -3.7658
+13.0299	-18.6382	 +1.5309	 -1.9936	 +0.2950	 +2.3141
+19.2087	+40.7531	-19.9165	 +2.2657	 +4.8599	 -0.2868
 -7.9803	 +7.3916	 +1.8197	 -3.1080	 +1.9587	 +1.1107
 -9.9561	 +1.1351	 -3.6743	 -5.3755	 +1.4347	 +0.3411
 -7.1294	 -2.1626	-18.5087	 -2.2345	 +0.7594	 +1.9767
 -1.5592	+15.5030	 +0.8046	 +2.3562	 +0.9317	 +0.6020
 -9.5978	 +4.1948	 -6.4822	 +2.5195	 +4.2870	 +0.8714
 +0.0363	 -0.4547	 +7.6228	 +0.0686	 +1.9758	 -0.7452
-18.3477	 -0.4315	 +3.4615	 -0.2166	 -2.2842	 +1.6525
-11.4554	-15.1417	 +4.7646	 -3.5922	 +2.2845	 +0.8449
-20.4475	 -7.5184	-21.3786	 +3.1403	 +1.8258	 -2.5596
 -9.1934	 +3.8631	-15.5120	 -2.7242	 +0.1367	 -1.1465
-11.4497	-22.3952	-23.5519	 -1.2473	 -1.7501	 -0.7012
+18.2958	+16.7967	 +7.6316	 +0.2816	 -0.9563	 +1.6673
 -6.5081	+12.6481	 -2.4371	 -3.5749	 -1.7737	 -1.5021
+10.3601	 +6.0649	 -1.6175	 +1.5317	 +0.3413	 -2.6040
-36.8774	+29.1990	+35.9762	 +0.7338	 -0.0446	 -0.5392
+18.9862	 -2.8323	-13.2579	 -2.2408	 -0.3019	 -0.9264
 +3.1731	 -1.9562	 -7.2800	 +1.6365	 -0.8030	 +0.2251
 -6.9696	 -9.5202	 +6.8220	 +1.6589	 -2.4962	 -3.1745
 +3.2062	 +3.8065	-10.1755	 +0.7373	 +3.6345	 +0.1361
 +9.7667	+14.9314	+13.8619	 +0.5586	 -1.3282	 -1.0531
+18.9777	 -3.8413	 -8.6170	 -4.2337	 -0.7902	 +1.0955
 -3.2695	 -3.3236	 -0.4965	 +1.2660	 +3.3675	 +2.7560
 -4.5339	 -7.6568	-12.6345	 +2.5762	 -2.7991	 -1.9110
-14.9251	-13.3417	-16.5435	 +0.0709	 +1.2375	 -1.9110
 +4.9793	 -6.5487	 +0.5422	 -0.9174	 +4.5067	 +5.5363
 +9.3955	-12.2323	 +5.1191	 +1.4062	 -0.3190	 -0.8199
-10.2410	 +6.6910	 -7.8035	 +1.9461	 +0.1826	 +2.8603
-84.6494	-30.0986	+69.3542	 +1.6271	 +0.2598	 -1.4493
 -0.6287	 -8.4859	 +9.8820	 -2.8480	 +3.0059	 +1.1497
 -3.8174	 -1.2079	+39.3880	 -1.4889	 +3.5725	 +1.2078
 +5.6384	 -4.5562	-16.3964	 -1.0830	 +4.0894	 +1.2721
+23.3205	 +2.5513	+13.7973	 +2.5558	 +0.5463	 +2.5777
 -4.9616	 +8.7201	 +4.1862	 -1.8273	 +0.8154	 +0.3410
 -9.2441	 +2.2686	 +3.5981	 -1.2229	 +4.1150	 -1.5441
-13.3033	 +4.2526	 -9.0759	 +1.0150	 -1.7426	 +0.0589
 +1.6842	 -6.0141	 +7.2621	 +0.5909	 -3.1244	 -1.2302
+12.5070	 +2.1818	 -7.1300	 +2.3759	 -1.9622	 -0.1764
-13.1712	+13.9595	 +7.8814	 -2.3155	 +1.6407	 +2.7797
 -1.8338	 -4.8481	 +4.9454	 +1.9320	 -0.8912	 -0.4600
+11.5113	 +2.5666	 -3.4939	 +3.9378	 +0.6103	 -0.4221
 -1.4812	+10.0330	 -9.7395	 -0.0507	 +3.9479	 -1.5487
 -8.1146	+44.6659	-134.1646	 -0.7259	 +3.7480	-11.8228
 +4.0059	 -2.5531	 -0.6311	 -0.0656	 -0.5019	 +2.0240
 -7.8180	-10.7545	-25.8629	 +1.3410	 +1.5992	 +0.4645
-46.6219	+12.1221	+37.7480	 +1.9229	 -1.0526	 -1.4316
-36.5457	-16.5838	 +9.8950	 +2.6849	 +1.7619	 -0.9936
 +2.6925	 -0.3652	-17.4415	 -0.7823	 -2.3821	 -1.3650
 -3.3678	 +3.6145	 -5.2596	 -0.1974	 -0.6905	 +2.4778
-69.5659	-124.0519	+117.8191	 +0.7185	 +0.1550	 -0.1795
 +3.0824	-13.5009	 -3.4532	 +1.4941	 +3.5762	 +0.2420
 +2.5155	-10.4297	 +1.2961	 +2.0207	 +1.7881	 +3.9054
 +0.8111	 +3.2169	 -7.0153	 +0.6333	 -2.0271	 -1.0037
-16.1573	-26.1087	-23.3929	 +3.3687	 +0.8070	 -0.1832
+13.3884	 -3.8762	 +5.4745	 +0.5495	 +0.4340	 -0.3514
 -4.0601	 -0.6087	+17.0086	 +0.5022	 +1.1478	 +0.1038
+20.9032	 -1.1374	+45.3540	 +0.7504	 +2.8283	 -0.0337
+11.1786	 -3.5896	 +9.1585	 -0.3090	 +0.4094	 +2.4140
 +9.0843	 +1.9301	 -9.7537	 +1.5783	 -1.4997	 +2.1807
 -8.5451	-12.9641	+26.7755	 -0.9462	 -0.4174	 +2.6842
+12.0628	-16.0394	 -6.7812	 -0.2853	 +1.2794	 -3.5961
-26.3129	 +2.0856	+24.6984	 +0.3099	 -1.2497	 -1.0475
-17.5591	 -8.6175	 -9.4753	 -0.9351	 +2.2952	 -2.4797
-13.2838	 +5.6257	 +4.4968	 +0.8082	 +0.1052	 -1.3278
+12.5038	 -8.7407	 -5.3747	 -2.7481	 -0.4049	 -0.4451
 -4.1440	 +5.1650	+15.3870	 -1.2434	 +0.2245	 -1.0387
 +5.4508	 +7.2376	 +8.8674	 +2.7953	 +3.0378	 +3.0232
 -5.4380	+10.2980	+12.8133	 -0.8486	 -1.7097	 +0.3552
 -0.1770	 +3.4990	 -7.9540	 +5.2877	 +0.6440	 -3.6902
 +8.3612	 +1.4141	+10.8951	 +0.6881	 +3.0603	 +0.5497
 -3.0738	 -3.0446	 +0.6696	 -5.3295	 +0.4587	 -1.6556
-16.1281	+12.1663	 -8.9776	 +3.9738	 -1.5613	 -1.6120
 +3.5273	 +1.5752	 -4.9543	 -0.5152	 -4.3141	 -2.6739
 +1.3039	 +2.9484	-12.7148	 -1.8023	 -1.7202	 -4.3087
-10.5433	 -9.5320	 -9.0286	 -0.0311	 +0.2926	 -3.8786
 -7.3816	 -8.6025	-15.7152	 +2.2425	 +0.5351	 +1.6321
-23.9723	+20.2391	-64.0813	 +0.6929	 -1.6844	 +1.3695
-12.5137	+14.0374	 +8.1546	 -1.3639	 -3.7019	 +0.5482
-36.7921	+66.5570	-48.2825	 -1.9551	 -1.1201	 +0.4942
+31.1759	+15.5337	 +4.1174	 +3.8970	 +3.1132	 +0.1253
 +7.8845	+14.5324	 +0.6914	 -0.3339	 +2.6092	 -2.5029
 -6.6949	+16.0814	+10.6154	 -0.3785	 -2.6982	 -0.1537
 +4.6485	 -6.5152	-24.8038	 -1.1823	 -1.0717	 -0.1963
+11.0553	 +1.6468	 -5.0312	 -0.2034	 +1.3748	 -4.4857
-10.1805	 -4.0599	-14.0424	 -0.1176	 +1.5495	 +2.6661
 -8.1179	 -0.0179	 +4.9349	 +0.9305	 -1.9445	 -2.1311
 +1.5437	 -1.4335	 +1.4630	 +1.8289	 -1.3094	 +3.8195
 -5.3326	-19.3410	 -9.1613	 +0.4620	 +0.0349	 +2.2008
+10.9139	-13.1469	 +0.8775	 -1.0481	 -2.0575	 +1.1424
 -4.1660	 -8.5154	 +8.4045	 +2.7999	 -0.1831	 -2.6152
-24.5775	-13.2997	 -5.6692	 +0.0818	 -1.3336	 -1.7858
-16.5694	 +9.7524	 +4.6584	 +1.0010	 +4.6048	 -0.8499
 +3.1866	 -0.0431	 -5.5225	 -3.0334	 +1.1636	 -5.2920
 +2.3924	 -2.6943	-12.5033	 -1.2861	 -1.1537	 -1.3112
 -3.1315	-13.5079	 -2.3095	 +2.3621	 -3.2500	 +0.7700
 -2.8997	 -6.6027	-10.5876	 -3.4358	 -2.3175	 +1.6769
-139.0362	-168.3389	+114.8919	 +0.4175	 +0.9391	 +0.0527
-15.1044	+12.6430	 -2.5247	 -0.1213	 -2.4598	 +1.2539
-18.9953	+16.9931	+37.6526	 +0.1190	 -2.9992	 -1.3919
 -7.5005	 +8.1612	+17.5279	 -0.1824	 +0.5275	 -1.2123
 +7.8772	+73.0873	-77.4817	 +0.0411	 -0.2888	 +0.6442
 -7.2717	-15.6147	+11.4406	 +0.0284	 +2.5890	 +1.3209
 +7.0410	 -1.8195	 -1.5748	 -1.3838	 +0.3945	 +3.3935
 +6.8928	 +9.3303	-11.9528	 +1.1491	 -3.7011	 +3.2418
+26.5567	+12.6772	-12.3190	 +2.4342	 -0.0596	 -1.5032
-11.2944	+16.5818	 -5.6778	 +3.0955	 +1.7800	 +0.7446
 +5.4314	 -8.4274	 -2.9441	 +1.7713	 +3.0630	 -0.6876
 -2.6644	 +5.3690	-10.9793	 -0.2509	 +0.2932	 -3.0300
 +4.3094	 -0.2111	 -8.9466	 -3.0335	 -0.3697	 -0.2205
 -4.4168	 +7.5184	 +3.9387	 -1.1191	 +2.6137	 +2.1909
-14.1423	 -4.0562	 -5.4567	 +4.0129	 -1.7644	 +0.0858
-14.4995	+10.4163	 -6.0391	 +1.9496	 -2.3126	 -0.9482
 +9.3008	-13.3286	 -5.8654	 +4.0223	 -3.2623	 -1.6308
 +3.6267	 +5.6686	-28.6732	 +0.0797	 +0.4127	 +1.7637
 -6.7842	 +2.1616	-11.4461	 -3.3762	 -4.1188	 +0.6181
 +4.5684	 +9.9094	 +4.0866	 -0.4098	 -3.2532	 +3.7154
-14.8657	 -2.7046	+21.5268	 -0.2373	 +0.7272	 +0.7928
-29.8582	 +1.1551	+24.2280	 -0.0507	 +1.1745	 +1.2660
 -6.1547	 -1.4041	 +1.4555	 -2.1878	 -1.5772	 +4.4550
 -6.4736	 -4.3674	 -4.1468	 -3.6568	 +3.1962	 -3.3238
 -2.4888	 +7.5188	 -4.7886	 -1.4183	 +2.5603	 -2.0360
 -8.8101	 -0.8763	-15.5792	 +0.3724	 -2.4364	 -1.0962
 -1.2778	 +9.9570	 -8.1833	 -1.5084	 +4.1841	 -3.0976
-11.9554	 -9.0521	 -5.0505	 +2.8452	 -1.1174	 +0.6514
 -3.6427	 +6.7984	 -2.9950	 -0.6107	 +3.0125	 +2.3869
+21.2840	 -3.9158	-12.9621	 +0.3763	 +0.4199	 -1.4051
 -9.9175	 +1.7970	 -4.3547	 +4.1839	 -2.7328	 +0.6334
 +3.0617	-11.3565	 -7.6811	 +3.0161	 -1.9192	 -1.4872
+17.6111	 -0.5937	 +0.7562	 +1.3204	 +2.7664	 -1.3269
 -1.5258	-15.4017	-11.8292	 +0.7557	 -0.8771	 +0.4958
 -1.3650	 -9.8491	-13.5844	 +0.9793	 +0.1157	 -1.5067
 +9.4209	+17.8182	 +7.2844	 -0.6216	 -2.2664	 -3.6693
 +7.7493	 +5.8726	 -9.3687	 -2.7840	 -0.8965	 +0.0560
 +2.2775	-21.3723	 +9.8708	 +2.3919	 -1.4682	 +0.9154
+37.1676	 -1.5712	-15.8483	 -0.1848	 +1.3231	 -2.0696
 +8.4921	 -6.4166	 +1.2141	 -2.3741	 +0.0856	 -3.1029
 +3.7528	 +4.3435	 +5.6036	 +0.9768	 +0.7916	 +1.2467
 -2.5682	 -0.5880	 -0.5198	 -1.8878	 -3.0834	 +5.8637
+11.6378	 +1.0507	 -0.4196	 +0.8632	 +0.5039	 -1.4243
+12.0682	 -5.9135	 +7.4827	 +4.0781	 -0.2622	 +0.2650
 -5.2061	 +5.8384	 +7.0534	 +0.0913	 +4.2650	 +0.9614
-18.9813	 +4.9195	 +4.1630	 -2.8754	 +2.0386	 -1.1815
 +0.1976	 +1.8761	 +4.3348	 +0.6275	 -1.9136	 -2.0784
 -0.4968	 -3.6771	 -7.7629	 +1.2105	 +0.1947	 -1.1618
-12.3625	 -7.3771	 +7.3512	 -1.4294	 +0.5372	 +0.8823
 +5.7773	+42.6175	 -8.6512	 +1.9316	 -0.7194	 +0.4520
 -6.1753	 +0.6146	 +2.2363	 +0.4383	 +1.5134	 -1.6539
 +9.8021	 -2.8417	-11.0825	 +0.5165	 +1.6071	 +4.2429
 -0.2104	-19.1097	-16.7433	 +2.3677	 +1.4401	 -1.8974
-11.2033	 +9.7683	 +0.6217	 +0.1366	 +1.3260	 -0.3721
-10.6998	 -1.8131	 +0.6109	 +1.7627	 +5.3445	 -0.8392
 +0.5819	 -1.8423	 +2.7479	 +0.9784	 -2.7056	 +3.6970
 -8.1359	 -4.0609	 -0.5899	 +1.9621	 -0.0135	 -5.6128
 +2.3807	 +0.1117	+12.7288	 -0.2319	 -3.3689	 +2.1109
+13.2317	-14.2211	 -6.6746	 +3.7693	 +1.0806	 -1.6215
-15.2000	 -0.2650	+17.4406	 -1.7197	 -0.2939	 +1.4463
 -5.8065	 +1.0134	 -3.8140	 -1.0880	 -2.3271	 +1.3364
 +4.3604	 -1.0754	+33.5270	 -1.3097	 -0.6992	 -1.9329
 +2.5650	 +1.9857	 -2.9381	 -4.7378	 -1.9105	 +1.2285
 -3.8001	 -8.8213	 -8.3400	 +1.9929	 -1.8035	 +2.5661
 +6.8601	-22.9777	 -7.1458	 -1.1223	 -2.2466	 -2.0878
+11.3655	 -6.6788	 -3.4651	 +0.5421	 -0.5039	 +0.8426
 +4.1192	 +0.0417	 +8.2297	 -0.1363	 +4.0404	 +2.7021
 -0.7922	 -8.0402	-11.1581	 +4.5065	 +0.4924	 +0.5083
 +0.5999	 +7.8219	-10.3335	 +0.8419	 +0.8758	 -0.6918
-61.5730	-14.4242	-23.9910	 +0.4661	 +0.4502	 +0.3569
 +2.3860	 +8.8475	 -7.9006	 +0.2296	 +0.9248	 +0.9454
-18.3675	 +4.7034	-13.8821	 +1.5683	 -0.2934	 -1.7295
 -2.4251	 +4.6734	 -8.8391	 +3.0233	 -2.1898	 -0.9254
