# Num Particles: 100
# Num Cores: 4
# Total Energy: 3.977713e+02
# Iterations: 321 of 1000
# Current Time: 2018-05-07 11:54:54.107196
# Elapsed Time: 0:04:31.395392
# Avg. Step Time: 0:00:00.845469
# 
# x	y	z	vx	vy	vz
# 
 +0.3833	 -2.6695	 -2.2779	 +3.9690	 +0.4900	 +0.2879
+12.1033	-12.9904	-17.6798	 +2.2481	 +2.4629	 -1.8240
+10.1042	 -9.2284	 +7.5308	 +2.3534	 -1.7386	 -1.3567
-13.8055	+27.9135	-10.1122	 +2.4720	 -0.3083	 -3.2347
+11.5932	-15.9194	 -2.5003	 +4.6478	 +0.9862	 +0.7275
 -4.3442	 -3.0783	 -3.0694	 +0.5542	 -0.7225	 +5.7388
+24.7965	-11.1055	 -2.2927	 +2.0213	 +0.9026	 +1.1631
 +6.0179	+11.4999	-13.1558	 -3.2371	 +0.2215	 -1.9534
-22.9134	-39.0603	 -5.3826	 +1.2165	 -1.0183	 +1.0649
-18.2493	+22.1244	 -1.2170	 -2.1736	 -0.9785	 -1.6643
-18.8316	+13.3274	+20.9045	 +1.8782	 +0.3389	 -0.1598
 -1.2467	 +3.7118	 -4.6280	 -0.0512	 -1.2214	 -0.9168
-17.3335	 -2.3267	 -2.7067	 -8.9903	 -0.3691	 -3.0261
+34.2880	+10.3166	-21.0570	 +1.6677	 -0.8779	 +1.0822
 -1.2928	 +3.0940	 -3.1542	 +0.7013	 +3.2596	 +1.7244
+19.0920	+11.3246	 +8.6240	 +0.7970	 +1.1748	 +1.6434
-15.8956	 +1.2081	-15.3175	 -1.9578	 -0.2885	 -1.7079
 -6.5358	 +2.2078	 +1.6497	 +1.7964	 +2.6780	 +6.1446
 +1.6543	 +2.8763	 +5.4649	 -3.8140	 +2.4995	 -2.7460
+103.9134	-27.9304	+78.1160	 -1.1372	 -0.3435	 -0.8847
 +3.8225	 +2.4499	 -4.0618	 +3.2493	 +0.7901	 +1.4196
 +1.9445	 -1.7753	 +3.4505	 +2.1355	 -2.5763	 +0.4039
 +3.6481	 +2.9703	-14.7803	 -1.9803	 +0.3098	 -0.6705
 +3.5859	 +4.5321	 +3.2898	 -1.0355	 +1.3063	 +0.1533
 +7.7880	+12.0408	 -7.7736	 -0.6008	 +0.2043	 -0.2470
-24.8715	+20.7920	 +8.6529	 +2.7081	 -0.0749	 +1.5111
 -5.0099	-13.6041	 -5.6140	 -0.7132	 -2.7326	 -2.0021
+12.8944	 -4.2676	 +2.7147	 -1.4085	 +0.7070	 -0.8463
+14.2961	+23.9847	+16.9248	 +1.0093	 +2.0916	 +1.6971
-17.2449	-21.1989	 +2.3147	 +0.7999	 -0.2486	 +1.4919
 +2.5365	 -2.4950	 -7.0352	 +0.3460	 +0.8994	 -1.7305
-51.6533	 +4.6664	 +5.2536	 +1.0276	 -1.1788	 +1.2845
+11.4423	 -7.0287	 +3.4639	 +1.6489	 +0.0390	 +5.0724
 +5.8308	 -9.4587	 +0.2288	 +0.9533	 +2.8824	 -2.8182
-12.4949	 -5.4173	+20.2137	 -0.7453	 -1.0292	 -1.8402
 -5.5180	 +0.8100	 +0.6377	 -3.0351	 -2.0084	 -2.7204
 +4.8747	 -4.1351	-17.8904	 -0.9008	 -0.9225	 -3.9937
 -5.2295	 -1.1930	 -3.7669	 +2.0468	 -1.2978	 -4.7009
 -0.5859	+29.8683	 -0.7898	 -0.0299	 -1.6913	 +2.7117
 +1.3617	 +4.0357	 -3.2726	 +0.2024	 +3.4975	 -2.6614
+19.3836	-15.4786	+15.2360	 +1.2746	 -1.8525	 +0.4108
 -7.7388	+10.8161	 -3.0827	 -0.9967	 -1.9120	 +2.7189
 -1.5191	 +2.1440	 +7.4580	 +2.1291	 +2.3058	 +2.7750
 +2.9360	 -3.5347	 -2.7771	 +0.0170	 -2.6921	 -0.2560
 -8.0396	+22.5040	-19.1326	 -0.7114	 -0.7862	 +0.3332
 -8.2310	 +5.2691	 -0.9026	 -2.6621	 -1.2713	 +0.6094
 -1.5323	 +2.8778	 -1.6211	 +1.8959	 -1.2317	 +3.5092
+23.2651	 +0.4610	 +2.9397	 -4.7847	 +1.2435	 -0.5146
 -0.2414	 -4.9863	 -4.4939	 +1.7044	 +1.2160	 -3.1557
 +0.5893	 -0.2296	 +1.1583	 -2.1386	 +0.0018	 +2.2526
-37.0402	-56.0501	-40.6760	 -1.2425	 +0.0226	 -1.3048
 +1.3652	 +3.6794	 -2.8347	 +1.1142	 +0.7290	 -2.4731
+11.3342	-14.8395	 +7.2549	 -2.7182	 -1.0406	 -0.4789
 +7.6518	+18.5725	 +3.4982	 +0.8269	 +0.2070	 -1.1266
 +8.2385	 -0.8941	+54.2043	 +0.4812	 +0.9395	 -0.4555
-18.9613	 +4.2608	 -6.4511	 +3.4718	 +3.4262	 -1.6468
+23.7855	 +0.6043	+10.6184	 -3.7475	 +1.4804	 +0.6103
 -1.5333	 +5.5370	 -1.1538	 +0.9956	 -3.1011	 -4.0708
 +0.5851	 +2.8663	 -0.6552	 -2.2882	 +2.1068	 -1.9041
 -2.1890	-15.6348	+11.0428	 -2.0117	 +2.3411	 -0.3599
 -7.8863	 -2.6452	+20.4438	 +1.6654	 -1.5544	 +1.9788
 +0.1456	 -7.2232	-16.0042	 +2.1626	 -3.2776	 +1.9353
 -7.7745	 +0.8732	 -6.1575	 +0.5707	 +1.4672	 -0.4446
 -9.8015	 -2.8905	-14.4256	 -0.7770	 +0.8152	 -1.1552
 -4.4096	 +4.8410	 +8.7695	 +0.1514	 +1.8885	 +1.7230
 +6.0970	 +4.9701	 +6.8358	 +2.2008	 +3.5774	 +3.2617
 +3.0746	 -5.2254	+23.2837	 -1.2683	 -1.2424	 -1.2821
 -8.4926	-11.9082	+15.4478	 +1.4113	 +0.0424	 -4.9812
 -1.6840	 -0.0318	 -8.2982	 +0.0333	 +2.2816	 +4.9167
 +1.6218	 -5.8731	 -0.7930	 -0.6385	 -5.5411	 -0.8708
 -3.7177	 -2.8557	 -2.3377	 -2.4737	 +2.2839	 -0.1911
-12.0517	-10.3649	 -2.0933	 +0.9724	 +1.1240	 +0.5490
-12.1694	+11.7516	+16.7244	 +0.0851	 +0.8710	 +4.5438
-13.6748	+17.2696	-92.2089	 +0.3513	 +0.1949	 -0.2837
+35.7949	-32.4392	-15.0193	 +2.1790	 -1.4303	 -0.9121
-13.7851	 +8.8058	 -8.1814	 -0.7568	 -1.8631	 +0.7923
 -5.2429	 +4.0227	 -2.0199	 +1.3829	 -1.5720	 +2.3736
 +6.3548	-10.9499	+13.9852	 +1.8090	 -0.6979	 -1.4183
 +4.8234	 +0.1790	 -4.8375	 +0.6719	 -4.9863	 +0.9106
+18.7944	-22.3969	 -4.8142	 -1.3755	 -2.0552	 -0.3837
 -9.1186	 -9.2753	 -5.3272	 -1.1896	 -2.1347	 -2.2425
+16.9226	 +8.4163	 +3.5534	 +0.9093	 -1.2486	 +2.9808
 -1.3877	 -4.7102	 +0.3861	 +0.3387	 +0.7995	 +2.0644
-11.5004	+17.2576	+13.0301	 -0.4434	 -3.2582	 -1.4750
+11.2320	 +8.9644	 +8.5430	 -1.7726	 +0.7537	 +1.3516
+11.2418	+13.4166	+22.2950	 +1.4784	 -0.7405	 +2.7611
-24.5621	 -2.8501	 +6.4106	 -2.2391	 +0.4115	 +0.1541
 -4.6792	+14.5018	+10.5141	 -1.5441	 -1.5283	 -0.9240
 +4.2862	-24.8653	+17.1295	 +2.5928	 +0.9231	 +1.1351
 -7.0394	 +1.5967	 -5.9432	 -3.6254	 +3.9275	 -4.6768
-18.6463	 +4.7292	 -7.3327	 -1.9850	 +0.6720	 -1.3008
 +1.7339	 -3.8430	 -5.3837	 +0.1271	 -0.1928	 +0.0269
 -8.7095	-26.1414	-51.6096	 +1.0478	 -0.3706	 -1.7598
 -0.2677	 +1.2900	 +0.3185	 -4.6728	 -4.0561	 -0.0327
 -0.1127	 +8.6224	+13.2353	 -2.3042	 -2.5239	 +2.4728
 +9.3586	 +8.6215	 +8.9982	 -0.1455	 +4.9739	 -0.9284
 -2.5234	+36.7974	-12.9772	 +1.0507	 +0.3782	 +1.6405
 +1.5306	 +5.7339	+20.6318	 -0.7743	 +1.9648	 -0.4766
 -6.0465	+22.6333	 +4.9480	 +0.8726	 +1.1949	 +0.0159
 -4.7987	 -7.7139	-19.2969	 +2.6186	 +1.4252	 +1.0003
