# Num Particles: 100
# Num Cores: 4
# Total Energy: 4.322633e+02
# Iterations: 101 of 1000
# Current Time: 2018-05-07 11:51:48.293003
# Elapsed Time: 0:01:25.581201
# Avg. Step Time: 0:00:00.847339
# 
# x	y	z	vx	vy	vz
# 
 -6.3578	 -3.8456	 -1.5353	 +0.8959	 -0.0569	 -1.2057
 +6.6360	-17.6784	-12.8574	 +2.6928	 +1.7339	 -2.5599
 +4.0982	 -4.4621	 +9.2339	 +3.0508	 -2.7031	 -0.0245
-18.8228	+27.8606	 -2.7117	 +2.0557	 +0.3587	 -3.4737
 +0.8053	-16.6205	 -3.7309	 +5.0673	 -0.4463	 +0.3854
 -3.6003	 +0.4285	-11.6532	 -0.4161	 -1.7702	 +2.1763
+19.3772	-12.7211	 -4.6231	 +2.8921	 +0.5924	 +0.9208
+12.1198	+10.0224	 -7.2610	 -2.0405	 +1.1085	 -3.3886
-25.3639	-36.4354	 -7.6645	 +1.0040	 -1.3690	 +1.0056
-12.8368	+23.5196	 +2.4339	 -2.7354	 -0.2546	 -1.6329
-22.3568	+12.2954	+20.6099	 +1.3410	 +0.5898	 +0.4009
 -1.1261	 +0.4765	 +0.8657	 -0.3695	 +3.3016	 -2.7879
 +2.9466	 -1.7825	 +1.1441	 -5.0013	 +0.0432	 +1.3991
+30.2032	+12.1086	-23.1476	 +2.0478	 -0.7458	 +0.8071
 -1.0181	 -1.5837	 -2.6643	 -0.3017	 +0.7926	 -3.6559
+15.9215	 +7.9970	 +4.4947	 +2.2542	 +1.9054	 +2.0749
-10.2438	 +1.6707	-10.1516	 -3.3864	 -0.0552	 -3.0640
 -5.4507	 -0.2107	-11.0640	 -2.2355	 -0.3324	 +4.5164
 +9.1393	 -2.2188	 +8.6253	 -2.9215	 +2.3344	 -1.8053
+106.3688	-27.1625	+80.0277	 -1.0952	 -0.3545	 -0.8533
 -4.8133	 -1.5729	 -2.5586	 +2.3876	 +3.2797	 -3.1693
 -2.0768	 +3.8985	 -1.9316	 +0.6323	 -0.8211	 +3.8308
 +7.0384	 +1.6913	-11.2984	 -0.9634	 +0.8344	 -2.5452
 +2.4138	 -1.4195	 +2.6676	 +1.9152	 +3.0306	 +0.4709
 +8.2036	+10.1393	 -6.8543	 +0.0853	 +1.5657	 -0.6472
-30.1697	+20.5354	 +5.1503	 +2.1172	 +0.2881	 +1.6536
 -2.8876	 -4.4389	 -0.6910	 -1.3619	 -6.4551	 -2.2228
+14.0352	 -5.6518	 +4.2406	 +0.2762	 +0.4081	 -0.5839
+11.6027	+18.6155	+12.7368	 +1.5041	 +2.8486	 +2.1375
-18.3807	-19.8549	 -1.0440	 +0.2156	 -0.9771	 +1.5450
 -2.2863	 -0.6762	 -1.9756	 +4.9287	 -0.4726	 -2.7653
-53.5515	 +7.2364	 +2.4011	 +0.7009	 -1.1553	 +1.3056
 +6.2067	 -5.7995	 -7.3588	 +3.2650	 -1.2484	 +4.5343
 +3.1024	-13.8197	 +6.0210	 +1.4527	 +1.1330	 -2.3762
-10.0684	 -2.8009	+23.1834	 -1.3698	 -1.2803	 -0.8488
 +2.6560	 +3.6378	 +3.1013	 -3.6484	 +0.2731	 +0.7165
 +5.7056	 -1.5264	 -7.3296	 +0.3404	 -1.4989	 -5.6873
 -5.9844	 +1.8953	 +4.6906	 -1.5437	 -0.9867	 -2.6912
 -0.6184	+32.7247	 -6.6886	 +0.0583	 -0.9264	 +2.6408
 +1.5725	 -1.0321	 +3.3948	 -4.0009	 +0.3342	 -1.6761
+15.8306	-10.8566	+13.6445	 +1.9863	 -2.3657	 +1.1170
 -4.7512	+12.8980	 -8.3754	 -1.6155	 -0.0510	 +1.9984
 -3.9680	 -2.2565	 -2.3387	 -0.7201	 +1.5511	 +5.7979
 +0.3698	 +3.7362	 -0.0689	 +2.0200	 -2.4328	 -1.7889
 -6.3188	+23.6579	-19.2247	 -0.8539	 -0.2601	 -0.2490
 +0.3959	 +4.4431	 -2.9918	 -4.4857	 +2.2795	 +0.4510
 -1.9988	 +2.5678	 -7.9328	 -0.2993	 +1.2970	 +1.1411
+32.7093	 -2.2802	 +4.2228	 -3.8410	 +1.2478	 -0.6923
 -2.9162	 +1.7432	 +1.6933	 -0.0450	 -4.4744	 -2.0238
 -1.1647	 +0.9607	 -2.9449	 +4.2887	 +0.0910	 -0.1939
-34.2268	-55.9743	-37.7191	 -1.3159	 -0.0944	 -1.3844
 -0.0693	 -2.3911	 +3.0252	 -0.4342	 +1.0055	 -2.4216
+16.4364	-11.4168	 +7.8533	 -1.8815	 -2.0036	 -0.1079
 +5.2922	+16.7465	 +5.8094	 +1.3354	 +1.5510	 -0.9675
 +7.1303	 -2.9475	+54.8782	 +0.5253	 +0.9262	 -0.1566
-24.0890	 -2.5995	 -3.3453	 +1.6103	 +3.0411	 -1.4899
+31.0964	 -2.6276	 +8.6977	 -2.9501	 +1.4518	 +1.1441
 -3.0052	 +8.2714	 +6.1755	 +0.3261	 +0.0535	 -2.5654
 +2.0568	 -1.6664	 +1.0115	 +2.5516	 +4.9320	 +1.9158
 +2.4032	-19.6706	+11.2207	 -2.1096	 +1.3284	 +0.1940
-11.1750	 +0.6841	+15.1362	 +1.1975	 -1.4840	 +2.8570
 -4.6237	 +0.5337	-18.3079	 +2.0846	 -3.5621	 +0.0001
 -4.7895	 -5.9592	 -2.6272	 -2.9903	 +3.5242	 -2.7189
 -6.8562	 -3.9757	-10.0797	 -2.0667	 -0.0990	 -2.9010
 -2.9918	 -0.3535	 +1.7064	 -1.8912	 +2.5758	 +5.5257
 -2.3358	 -1.1292	 -3.3340	 +3.3211	 +0.5693	 +5.5046
 +5.6387	 -2.2342	+24.9553	 -1.0378	 -1.4678	 -0.2074
-11.1384	-11.2835	+25.6244	 +1.0148	 -0.5620	 -4.2688
 -1.6979	 -4.6685	-15.9779	 +0.1248	 +1.7337	 +2.3764
 +0.0989	 +8.1954	 -1.6253	 +1.8974	 -4.9713	 +1.0526
 +0.4283	 -5.2268	 -1.1826	 -0.4324	 -1.0933	 -0.9555
-12.6026	-11.3255	 -3.3414	 -0.4142	 -0.2195	 +0.5015
-11.5380	 +9.3853	 +5.8816	 -0.7859	 +1.3882	 +5.3087
-14.4319	+16.8192	-91.4720	 +0.3367	 +0.2146	 -0.3869
+30.7072	-29.0173	-12.8757	 +2.4575	 -1.6948	 -1.0437
-10.9256	+11.7566	 -9.0076	 -1.8796	 -0.8181	 -0.0358
 -5.4595	 +4.9375	 -5.4183	 -1.2122	 +0.7219	 +0.7510
 +2.1383	 -8.6465	+15.8675	 +1.9773	 -1.4153	 -0.2444
 -0.4571	 +9.2614	 -3.9635	 +3.1285	 -2.5910	 -1.4887
+21.2080	-17.0798	 -3.7683	 -0.7776	 -2.8249	 -0.5602
 -4.0439	 -2.0503	 -0.5451	 -4.2381	 -5.0158	 -0.5321
+13.5585	+10.4561	 -2.6861	 +2.1973	 -0.5252	 +2.7122
 -0.8117	 -2.7678	 -4.3959	 -0.4601	 -3.1608	 +0.0681
-10.0418	+23.5280	+15.6236	 -0.8451	 -2.4810	 -0.8772
+13.5171	 +6.2714	 +5.0131	 -0.5541	 +1.4769	 +1.9255
 +7.5745	+14.5468	+15.2969	 +1.8545	 -0.2572	 +3.6535
-18.4920	 -3.5187	 +5.6611	 -3.3310	 +0.1756	 +0.5629
 -1.0707	+16.7234	+11.6911	 -1.7318	 -0.4969	 -0.0980
 -1.4593	-26.0623	+14.1499	 +2.5945	 +0.1346	 +1.5736
 +2.7356	 -6.3210	 +2.7929	 -4.6636	 +1.8053	 -2.2755
-13.4450	 +2.1527	 -3.2974	 -3.2337	 +1.3955	 -1.9859
 -0.4773	 -2.0292	 +0.7108	 +2.7980	 -2.1341	 -4.1045
-10.9730	-25.1969	-47.4816	 +1.0067	 -0.4915	 -1.9987
 +6.8772	 +4.0964	 -4.5700	 -1.5254	 +0.0030	 +2.0646
 +4.7347	+13.1364	 +6.4532	 -2.0258	 -1.5576	 +3.5966
 +8.7537	 -2.6754	 +9.1598	 +1.1219	 +5.1080	 +2.0172
 -4.8382	+35.3452	-16.2996	 +1.0385	 +0.9442	 +1.3657
 +3.1283	 +1.1672	+20.3960	 -0.6840	 +2.2007	 +0.6759
 -7.6968	+18.8364	 +4.7158	 +0.5940	 +2.2622	 +0.2122
-10.0747	-10.0974	-20.0982	 +2.1648	 +0.7518	 -0.2018
