# Num Particles: 100
# Num Cores: 4
# Total Energy: 3.871584e+02
# Iterations: 361 of 1000
# Current Time: 2018-05-07 11:55:24.576352
# Elapsed Time: 0:05:01.864549
# Avg. Step Time: 0:00:00.836190
# 
# x	y	z	vx	vy	vz
# 
 +1.9583	 -2.4500	 -2.1867	 +3.8742	 +0.5677	 +0.1383
+12.9819	-11.9856	-18.3825	 +2.1465	 +2.5564	 -1.6935
+11.0189	 -9.8900	 +6.9461	 +2.2239	 -1.5591	 -1.5587
-12.8047	+27.7657	-11.3958	 +2.5302	 -0.4277	 -3.1846
+13.4268	-15.4855	 -2.1976	 +4.5207	 +1.1742	 +0.7836
 -3.8270	 -2.7813	 -0.7671	 +1.4916	 +1.6029	 +5.3457
+25.5721	-10.7321	 -1.8218	 +1.8614	 +0.9622	 +1.1900
 +4.7043	+11.5527	-13.8897	 -3.3255	 +0.0468	 -1.7238
-22.4196	-39.4544	 -4.9550	 +1.2514	 -0.9539	 +1.0733
-19.0964	+21.7083	 -1.8804	 -2.0644	 -1.0987	 -1.6521
-18.0561	+13.4516	+20.8153	 +1.9986	 +0.2827	 -0.2840
 -1.2077	 +3.1440	 -4.7245	 +0.2474	 -1.5109	 +0.3242
-20.8741	 -2.4564	 -3.9180	 -8.7268	 -0.2837	 -3.0263
+34.9409	 +9.9611	-20.6150	 +1.5987	 -0.8989	 +1.1262
 -1.1417	 +4.4790	 -2.5012	 -1.6450	 +3.3077	 -0.8189
+19.3703	+11.7688	 +9.2630	 +0.6009	 +1.0490	 +1.5541
-16.6417	 +1.0921	-15.9577	 -1.7788	 -0.2900	 -1.4999
 -5.7143	 +3.2378	 +3.9923	 +2.2557	 +2.5027	 +5.6253
 +0.1115	 +3.8476	 +4.2698	 -3.8790	 +2.3390	 -3.2088
+103.4569	-28.0674	+77.7609	 -1.1450	 -0.3414	 -0.8905
 +4.9583	 +2.7193	 -3.4407	 +2.4628	 +0.5803	 +1.6422
 +2.7332	 -2.7425	 +3.5006	 +1.8153	 -2.2848	 -0.1152
 +2.8344	 +3.0765	-14.9811	 -2.0821	 +0.2249	 -0.3418
 +3.0897	 +4.9813	 +3.3110	 -1.4401	 +0.9540	 -0.0496
 +7.5106	+12.0768	 -7.8508	 -0.7817	 -0.0187	 -0.1384
-23.7651	+20.7454	 +9.2493	 +2.8206	 -0.1568	 +1.4717
 -5.2850	-14.6291	 -6.3955	 -0.6633	 -2.4070	 -1.9076
+12.2623	 -3.9976	 +2.3813	 -1.7317	 +0.6579	 -0.8186
+14.6868	+24.7988	+17.5897	 +0.9465	 +1.9827	 +1.6297
-16.9047	-21.2714	 +2.9074	 +0.8985	 -0.1169	 +1.4715
 +2.5972	 -2.1252	 -7.5596	 -0.0193	 +0.9404	 -0.9220
-51.2295	 +4.1943	 +5.7661	 +1.0899	 -1.1817	 +1.2782
+12.0561	 -6.9772	 +5.4762	 +1.4150	 +0.1812	 +4.9852
 +6.1648	 -8.2299	 -0.9030	 +0.7020	 +3.2531	 -2.8386
-12.7623	 -5.8153	+19.4478	 -0.5971	 -0.9634	 -1.9838
 -6.6222	 +0.0541	 -0.5025	 -2.4449	 -1.8219	 -2.9762
 +4.4892	 -4.4957	-19.4326	 -1.0181	 -0.8833	 -3.7262
 -4.3013	 -1.6963	 -5.5380	 +2.5280	 -1.1526	 -4.1510
 -0.6013	+29.1596	 +0.2962	 -0.0467	 -1.8497	 +2.7183
 +1.5257	 +4.5631	 -4.1626	 +0.0162	 +3.0226	 -4.4083
+19.8702	-16.2019	+15.3813	 +1.1623	 -1.7661	 +0.3193
 -8.0991	 +9.9715	 -1.9838	 -0.8048	 -2.3015	 +2.7676
 -0.6513	 +3.0735	 +8.4680	 +2.1818	 +2.3369	 +2.2930
 +2.7895	 -4.5157	 -2.8908	 -0.6898	 -2.1627	 -0.3210
 -8.3189	+22.1700	-18.9768	 -0.6857	 -0.8815	 +0.4438
 -9.1809	 +4.6938	 -0.6774	 -2.1172	 -1.5690	 +0.5201
 -0.6313	 +2.4298	 -0.3425	 +2.4729	 -0.9131	 +2.7931
+21.3081	 +0.9584	 +2.7376	 -4.9981	 +1.2432	 -0.4957
 +0.5276	 -4.3359	 -5.6743	 +2.2410	 +2.0298	 -2.7078
 -0.3388	 -0.1532	 +1.9143	 -2.4819	 +0.3099	 +1.5312
-37.5345	-56.0370	-41.1951	 -1.2294	 +0.0424	 -1.2907
 +1.4270	 +4.5799	 -3.8208	 -0.1854	 -0.0649	 +0.1934
+10.2233	-15.2051	 +7.0464	 -2.8278	 -0.7899	 -0.5602
 +7.9640	+18.6111	 +3.0447	 +0.7355	 -0.0087	 -1.1388
 +8.4292	 -0.5179	+54.0108	 +0.4726	 +0.9412	 -0.5106
-17.6379	 +5.6770	 -7.4173	 +3.0068	 +3.4300	 -2.7327
+22.2505	 +1.1976	+10.8414	 -3.9252	 +1.4863	 +0.5058
 -0.8433	 +3.8800	 -2.6842	 +4.2633	 -4.9362	 -1.0726
 -0.5266	 +3.6226	 -1.5543	 -3.3079	 +1.7023	 -2.6418
 -2.9869	-14.6586	+10.8771	 -1.9805	 +2.5368	 -0.4662
 -7.2128	 -3.2650	+21.1967	 +1.7027	 -1.5414	 +1.7896
 +1.0042	 -8.4986	-15.1836	 +2.1278	 -3.0994	 +2.1580
 -7.3639	 +1.7021	 -6.3109	 +1.2005	 +2.3783	 -0.3964
-10.0816	 -2.5497	-14.8342	 -0.6296	 +0.8865	 -0.8966
 -4.3026	 +5.5647	 +9.3917	 +0.3734	 +1.7372	 +1.4020
 +6.9327	 +6.3828	 +8.0897	 +2.0065	 +3.5016	 +3.0288
 +2.5609	 -5.7123	+22.7324	 -1.2992	 -1.1923	 -1.4697
 -7.9078	-11.8647	+13.4276	 +1.5141	 +0.1716	 -5.1185
 -1.6551	 +0.8835	 -6.1851	 +0.1117	 +2.3083	 +5.6447
 +1.3337	 -7.9424	 -1.1794	 -0.7556	 -4.8428	 -1.0298
 -4.8473	 -2.3038	 -2.4546	 -2.6120	 +1.0141	 +0.0471
-11.6073	 -9.8673	 -1.8874	 +1.2394	 +1.3533	 +0.4808
-12.1176	+12.0900	+18.5103	 +0.1671	 +0.8210	 +4.3889
-13.5338	+17.3468	-92.3186	 +0.3538	 +0.1913	 -0.2651
+36.6573	-33.0029	-15.3799	 +2.1346	 -1.3899	 -0.8918
-14.0529	 +8.0176	 -7.8333	 -0.5930	 -2.0770	 +0.9433
 -4.5771	 +3.3093	 -1.0647	 +1.9487	 -1.9745	 +2.3665
 +7.0677	-11.2035	+13.3770	 +1.7571	 -0.5730	 -1.6174
 +4.9439	 -1.8002	 -4.4114	 -0.0510	 -4.9306	 +1.1883
+18.2252	-23.1924	 -4.9604	 -1.4668	 -1.9251	 -0.3480
 -9.5543	-10.0791	 -6.1918	 -0.9959	 -1.8941	 -2.0822
+17.2423	 +7.8997	 +4.7522	 +0.6966	 -1.3305	 +3.0084
 -1.2133	 -4.2723	 +1.1205	 +0.5019	 +1.3773	 +1.6290
-11.6562	+15.9219	+12.4218	 -0.3351	 -3.4147	 -1.5635
+10.3677	 +9.2568	 +9.0616	 -2.5284	 +0.8133	 +1.1885
+11.8192	+13.1065	+23.3706	 +1.4102	 -0.8074	 +2.6208
-25.4225	 -2.6789	 +6.4599	 -2.0689	 +0.4432	 +0.0943
 -5.2880	+13.8503	+10.1193	 -1.4996	 -1.7254	 -1.0466
 +5.3201	-24.4697	+17.5667	 +2.5772	 +1.0510	 +1.0529
 -8.4847	 +2.8914	 -7.6785	 -3.3795	 +2.8431	 -3.9695
-19.2612	 +4.9321	 -7.5166	 -0.9601	 +0.5721	 -0.0727
 +1.6956	 -3.8414	 -5.2621	 -0.3986	 +0.1237	 +0.5349
 -8.2892	-26.2854	-52.3052	 +1.0534	 -0.3503	 -1.7192
 -2.0770	 -0.3021	 +0.2256	 -4.3587	 -3.8692	 -0.3707
 -1.0357	 +7.5850	+14.1718	 -2.3084	 -2.6555	 +2.2138
 +9.3809	+10.5513	 +8.5843	 +0.2452	 +4.5666	 -1.0742
 -2.1043	+36.9274	-12.3126	 +1.0446	 +0.2742	 +1.6814
 +1.2163	 +6.5118	+20.3937	 -0.7974	 +1.9249	 -0.7107
 -5.6897	+23.0731	 +4.9471	 +0.9108	 +1.0095	 -0.0198
 -3.7352	 -7.1211	-18.8435	 +2.6958	 +1.5338	 +1.2607
