# Num Particles: 100
# Num Cores: 4
# Total Energy: 9.261499e+02
# Iterations: 941 of 1000
# Current Time: 2018-05-07 12:02:54.845789
# Elapsed Time: 0:12:32.133986
# Avg. Step Time: 0:00:00.799292
# 
# x	y	z	vx	vy	vz
# 
 +5.2217	 +0.5496	 -2.8556	 -1.9822	 +0.8308	 +0.4491
+21.2413	 +4.4910	-23.3887	 +0.7837	 +2.9052	 -0.1533
+16.4385	-12.2782	 -3.0665	 -0.4909	 +0.5326	 -1.5398
 +2.8720	+19.9220	-26.7051	 +2.7376	 -2.0973	 -1.9180
+33.4731	 -3.3355	 +4.7026	 +1.9143	 +2.9071	 +1.8837
 +9.9830	+12.5082	+12.4865	 +1.7118	 +1.0634	 +1.8029
+30.1625	 -5.1707	 +4.2445	 +0.4652	 +0.5825	 +0.3724
-14.9257	 +5.3185	-13.6868	 -2.5500	 -2.2034	 +1.7783
-13.8808	-42.1917	 +1.4389	 +1.6648	 +0.0288	 +1.1054
-25.8934	+10.9816	-10.6395	 -0.1863	 -2.4562	 -1.3311
 -1.0634	+11.9643	+13.3646	 +3.5591	 -1.2242	 -3.5051
 +2.7432	 +8.5395	 +4.1483	 -1.5081	+17.4480	 -3.7872
-66.3459	 -3.0494	-20.3955	 -7.3882	 -0.0503	 -2.7074
+41.3089	 +4.0500	-12.5860	 +0.5941	 -1.1101	 +1.5983
-17.4243	-28.5437	+35.2060	 -4.8567	-11.6521	+14.7201
+15.7182	+13.6309	+15.3237	 -1.7569	 -0.2263	 +0.5453
-20.4186	 +0.3050	-18.1125	 +0.3971	 +0.0790	 +0.5867
 +7.2607	+17.3536	+25.4136	 +1.8085	 +2.0045	 +2.1107
-11.3284	 +3.8678	-17.7260	 -0.3828	 -1.0211	 -2.3676
+96.4716	-29.9480	+72.3407	 -1.2661	 -0.3054	 -0.9801
 +0.7055	 +1.1942	 +6.1143	 -2.6208	 -0.3187	 +0.6285
 +3.9518	 -4.6537	 -6.0693	 -1.1476	 +1.3974	 -1.6160
 -9.6274	 +3.5100	 -2.0438	 -1.4086	 +0.0412	 +4.2702
-10.2135	 -1.8364	 -0.9056	 +0.9283	 -2.4132	 -2.8832
 -3.3281	 +1.9066	 -0.6298	 -2.1135	 -3.0132	 +3.0303
 -2.3271	+14.7205	+15.1602	 +4.8205	 -2.4818	 +0.0006
 -7.1490	-18.8662	-13.1447	 -0.0854	 +0.6912	 -0.3449
 -1.3514	 +9.1033	 -2.2059	 -1.3787	 +3.0593	 +0.0184
+17.9644	+32.5586	+24.5986	 +0.2224	 +0.7811	 +0.8298
 -7.7066	-15.8487	 +9.6765	 +2.2677	 +2.2155	 +0.5931
 -7.1591	 -5.3593	 +2.4482	 -2.1838	 -3.9508	 +3.2027
-42.0298	 -2.6897	+12.6056	 +2.1200	 -1.1669	 +1.0288
+13.8876	 -4.2897	+28.0686	 -0.3489	 +0.7886	 +2.9257
 -1.1591	+12.1492	 -1.5356	 -2.2421	 +0.8922	 +2.6426
 -9.4746	 -7.1918	 +1.9871	 +2.1558	 +1.0034	 -4.0069
 -2.8179	 -2.8065	 -8.6391	 +1.3879	 +1.0650	 +0.5369
 -3.0315	 -7.9005	-33.0291	 -1.3744	 -0.3232	 -1.3589
 +9.8437	 +2.3765	-13.7780	 +1.2182	 +1.6937	 +0.5173
 -1.9976	+10.3896	+13.9049	 +0.4190	 -3.8004	 +1.8917
 -8.8369	 -1.4056	 -8.5739	 -1.0958	 -1.2134	 -0.1963
+22.6048	-23.0143	+14.5287	 -0.1246	 -0.5893	 -0.4683
 -2.7090	 -8.5716	 +6.8752	 +1.5713	 -2.3468	 -0.0024
 -2.9728	+15.3196	+11.4751	 -2.7709	 +0.2727	 -0.5881
 -0.6303	 +3.1717	 -0.6486	 -1.5760	 +3.2419	 +1.7362
-10.1090	+11.9866	-11.4808	 +0.2249	 -3.0236	 +2.1684
 -1.5426	 +0.5172	 -3.3771	 +4.6501	 +3.5275	 -3.5640
 -1.7703	 -4.8232	 +8.4888	 -1.1390	 -0.7621	 +1.1808
-16.7282	 +2.6509	 -1.4969	 -5.9920	 -0.7610	 -0.5707
 -7.9859	 +9.4943	 -5.2170	 -3.1845	 +1.1736	 +1.4342
 -4.0967	 -0.7762	 -0.6187	 -0.1954	 -0.7672	 -1.8501
-44.1321	-55.0300	-48.1112	 -1.0488	 +0.2944	 -1.0971
 -9.9912	 +2.0486	-13.1950	 -2.1705	 -0.6161	 -1.1387
 -7.6541	-10.7284	 -0.8744	 -2.9581	 +1.9160	 -1.9685
 +6.8294	+10.0755	 -1.5812	 -1.6590	 -3.0341	 -0.4148
+10.7500	 +4.9786	+48.5683	 +0.3203	 +0.9442	 -1.4031
 +5.2327	+16.5602	-16.5281	 +4.0535	 +0.6718	 -0.5956
 -6.3158	+12.2552	+10.0136	 -4.3651	 +2.5476	 -0.0130
 +9.0556	-14.7595	 -3.3893	 +0.4199	 -1.7619	 +0.7137
+11.4530	+33.7732	-33.4552	 +5.2533	+10.4607	 -9.8037
 -3.8743	 +5.1535	 -2.8423	 +3.8144	 +2.2887	 -4.4613
 +4.1844	 -9.9874	+23.6698	 +2.0142	 -0.6835	 -0.7558
 +9.7385	-17.3497	 +3.6914	 +0.8265	 +0.0208	 +3.5701
 +5.5581	 +7.1298	 -4.4955	 +1.4150	 -0.8296	 +0.9341
 -7.4867	 +5.0435	 -9.4954	 +1.6474	 +1.0583	 +2.7130
 +6.7145	 +7.7507	 +5.6162	 +1.7891	 -0.1691	 -2.6629
+10.4411	+26.8257	+15.3528	 -0.1798	 +2.6200	 +0.4632
 -5.6819	 -8.0638	 +6.4342	 -0.9892	 +0.8623	 -4.5345
 +5.8538	 -2.0957	-16.0343	 +2.3533	 +3.0602	 -3.9721
 +2.3798	 +8.5156	+11.7636	 -1.1033	 -0.4651	 +0.9180
 -2.5403	-20.9531	 -6.0232	 -0.6432	 -0.5024	 -0.4597
 -8.7791	 +3.9084	 +0.4453	 +1.7474	 -0.8493	 +0.0550
 +0.5587	 +7.6960	 +3.3119	 +2.0762	 +3.3306	 +0.2118
 -9.5788	+14.7559	+37.6661	 +0.7203	 +0.1813	 +2.4907
-11.3837	+18.2979	-93.0770	 +0.3863	 +0.1362	 +0.0026
+47.4893	-39.6944	-19.8633	 +1.6415	 -0.9568	 -0.6729
 -7.1729	 -4.5324	 +0.2707	 +3.7604	 -1.0131	 +2.3652
 +4.0778	-12.1050	 +8.0382	 +0.9072	-16.1777	 +2.7187
+13.1992	 -8.9577	 -2.2827	 +0.0836	 +1.0958	 -3.2966
 -5.9896	-14.0603	 +5.4896	 -2.1621	 +0.8610	 +1.8161
 +7.0145	-29.0587	 -5.6351	 -2.3003	 -0.0988	 +0.1003
 -8.7924	-14.0539	-12.6722	 +0.9367	 +0.1972	 -0.1312
+12.4588	 -1.8252	+20.0201	 -1.9625	 -1.6982	 +1.9629
 +4.3611	 +8.1878	 -2.8439	 +0.2291	 +0.4132	 -1.6378
 -6.1641	 -1.6135	 -1.7548	 -0.6118	 +0.4634	 -1.0915
 +1.0846	 +4.1631	 +8.9761	 -0.8400	 -0.8369	 -2.5389
+17.3841	 +6.7700	+33.5144	 +0.5397	 -1.2719	 +1.0016
-31.4560	 +0.7036	 +5.2468	 -0.1062	 +0.6418	 -0.4335
-17.5866	 -7.4691	 +4.7857	 -3.8427	 -4.2170	 -0.1109
+18.9541	-13.8837	+19.9658	 +1.9886	 +2.4311	 -0.1962
-20.6317	+16.0069	-20.9018	 -1.1762	 +1.6981	 -1.2614
-11.5332	 +6.3224	 -5.6941	 +3.4058	 -0.6038	 +0.8014
 +2.3163	 +3.4622	 +4.4679	 -1.1163	 +1.2154	 +3.1803
 -2.0359	-27.5433	-60.6961	 +1.0893	 -0.0950	 -1.1937
-14.5411	-13.1538	 -7.0610	 -0.5198	 -0.7464	 -1.3735
-11.1139	 -7.6287	+16.4344	 -1.0023	 -2.3540	 -1.1662
 +6.0389	+25.7515	 +1.6367	 -1.3137	 +1.2274	 -1.1785
 +3.5850	+33.9226	 -1.3164	 +0.9153	 -1.3784	 +2.0733
 -0.5370	+11.7706	 +5.7762	 +0.5597	 -0.5992	 -3.3839
 +3.0161	+21.1338	 +4.8824	 +1.8220	 -1.8191	 +0.0512
+11.3534	 +1.0918	 +1.3050	 +1.0959	 +1.0901	 +4.9780
