# Iterations: 41 of 100
# Total Energy: -6.693e+05
#    Kinetic Energy: 6.726e+05
#    Potential Energy: -1.342e+06
# Current Time: 2018-05-08 11:17:25.115972
# Elapsed Time: 0:03:06.408119
# 
# Med. Times for Sections
#    Force Computation:		0.708618
#        [0.7081580.7080180.7098280.7090790.7101780.7081420.7080700.7058240.8405490.837047]
#    Gather Particles:		1.507442
#        [1.6422031.4861931.5139931.8387701.6614491.4907931.5008921.8392801.5001351.351988]
#    Overall:		3.892108
#        [3.8758773.7268023.7145074.0687943.9083393.7006853.7155794.0704713.9332983.969399]
#    Scatter Particles:		0.002042
#        [0.0020630.0021700.0019880.0020320.0020530.0019810.0020190.0004630.0023080.002221]
#    Time Integration:		0.000059
#        [0.0000580.0000530.0000590.0000620.0000610.0000570.0000560.0000560.0000730.000072]
#    Tree Broadcast:		0.721128
#        [0.7309960.7181520.7108260.7132080.7293670.7148040.7241040.7137230.8037610.821688]
#    Tree Construction:		0.798761
#        [0.7923480.8121650.7777640.8055900.8051750.7848550.7803860.8110720.7864020.956316]
# 
# x	y	z	vx	vy	vz
# 
 -6.6370	 -4.3116	 -2.7148	 +0.6830	 +0.5807	 -0.2538
 +2.7435	-19.7769	-11.8999	 +1.1690	 +1.9277	 +1.6922
 -1.4098	 -4.1215	 +7.3892	 -1.7936	 -2.8258	 +2.6040
-23.3547	+25.7287	 -1.1460	 -2.2884	 -0.7818	 +1.1730
 -5.2043	-18.1042	 -6.3202	 +1.6606	 -1.7248	 +0.1810
 -4.0198	 +0.5966	-16.3694	 +2.7049	 +0.6406	 -0.9160
+14.2412	-15.0258	 -8.3974	 -1.2201	 -1.0219	 -1.0296
+11.6837	 +7.6892	 -6.1185	 -1.2785	 +0.3119	 -0.3297
-27.1092	-35.5871	-11.2165	 +1.9111	 +1.6700	 -0.1108
-12.8864	+22.2293	 +1.8425	 -3.2470	 -0.1310	 +0.5911
-24.3022	+10.7533	+17.4940	 +2.1378	 +0.9950	 -0.2938
 -4.2138	 -4.1406	 +0.2625	 -1.8365	 +2.3721	 -1.4855
 +4.1360	 -1.8620	 -4.7373	 -2.2185	 +2.9011	 -4.9079
+25.9540	+11.9351	-26.8982	 -1.2311	 +0.9809	 -1.1740
 -2.0115	 -3.9847	 -1.5772	 +3.4730	 -2.1244	 -1.4572
+12.5371	 +3.3953	 -0.8065	 +2.2546	 -1.6998	 -1.9246
 -8.3856	 -1.5844	 -8.1340	 -1.2150	 -4.3859	 +2.5956
 -4.8104	 -0.3983	-18.2755	 -1.5807	 +0.6468	 -1.8471
 +9.6942	 -7.1529	 +7.5430	 +0.2802	 -1.3765	 -0.6026
+105.3355	-28.4687	+78.4856	 -1.3625	 -0.8392	 +0.2061
 -7.0616	 -5.0800	 -3.4834	 +2.3107	 +1.9719	 -3.2283
 -3.9199	 +0.7051	 -8.0858	 +0.8229	 -4.4816	 +0.1396
 +5.6240	 +0.6236	 -9.9969	 -1.1769	 +2.6193	 +1.8189
 -3.3226	 -5.1130	 +1.3042	 -2.6585	 +0.5340	 +4.4980
 +7.0880	 +7.3398	 -8.6002	 +1.4699	 +0.9475	 -0.2983
-34.7006	+19.8620	 +0.4062	 -2.1661	 +2.3629	 -1.3045
 -3.1076	 -0.1027	 -3.2400	 -1.8011	 -5.4664	 -2.9243
+10.2450	 -7.4402	 +3.3096	 -3.9050	 -0.3269	 +2.2498
 +9.5980	+13.3410	 +7.0392	 +3.0271	 -2.0729	 -2.1965
-18.6743	-19.1701	 -4.8853	 +3.2745	 +2.0704	 +0.5459
 -5.6042	 -3.6205	 -3.3034	 +4.9053	 -3.0783	 -4.5566
-56.1498	 +7.9355	 -0.6575	 -0.8897	 +2.0086	 +1.8291
 -0.8438	 -5.7396	-13.3524	 -4.3958	 -0.5010	 +1.9483
 -0.3347	-15.2388	 +5.3088	 -0.8575	 +1.8252	 -1.2666
-10.0573	 -3.0762	+21.8446	 +0.2538	 -0.6436	 +1.0873
 +4.2996	 +1.8024	 -0.4005	 -0.1892	 +0.5100	 +0.1880
 +3.1415	 -3.3790	 -2.9153	 -0.4565	 -5.0635	 +1.9427
 -3.7009	 -0.0265	 +5.2089	 +4.2375	 -3.5510	 +1.4668
 -2.5849	+31.5579	-11.5935	 -0.7510	 -1.5766	 +0.6396
 +3.8270	 -1.4478	 +2.2628	 +0.7573	 +4.2993	 +2.4725
+13.0023	-11.1735	+10.0417	 +2.1806	 -3.6254	 +0.5792
 -4.7903	+10.8601	-12.1092	 -0.3800	 -1.1179	 +1.4370
 -5.4247	 -2.1931	-10.1426	 -2.0662	 +3.9864	 -0.1706
 -5.2060	 +3.8004	 -1.3940	 -3.7868	 -0.8817	 -1.0593
 -5.9986	+22.5080	-21.0370	 +2.3628	 -0.0098	 +0.7515
 +2.3902	 -0.3473	 -3.4077	 -1.4706	 -1.5086	 +5.2133
 -2.3717	 +1.6013	-11.3662	 +2.3786	 +4.6011	 -0.7927
+34.9000	 -5.4168	 +1.8647	 +0.0843	 -1.2753	 -1.5874
 -2.9241	 +5.1505	 +0.2527	 +2.2947	 +1.8687	 -1.0825
 -5.9458	 +0.5361	 -4.5009	 +2.6270	 +4.5032	 +0.1998
-33.9676	-57.0610	-38.1166	 +1.1253	 +0.2605	 +1.5892
 -1.9158	 -5.2951	 -0.2347	 -2.1561	 -2.7984	 -3.9345
+16.4320	 -9.4059	 +7.0765	 -0.2984	 +2.6696	 +3.9260
 +3.2922	+11.7379	 +5.1117	 +2.3315	 -3.9551	 +2.1398
 +5.2160	 -4.2757	+53.2764	 +0.4757	 +2.2154	 +1.8788
-27.8746	 -6.8492	 -4.3619	 -1.8750	 +0.3396	 -0.1720
+31.9097	 -5.0044	 +4.4531	 -1.2961	 +0.9647	 -1.0500
 -5.4147	 +6.1780	 +4.6927	 -1.3710	 -1.0121	 -3.0918
 -0.8675	 -6.0183	 -2.0069	 +3.7106	 +2.2741	 +4.1374
 +1.4102	-21.6257	 +8.4671	 -3.6712	 +1.2294	 +0.1107
-15.5482	 +1.2858	 +8.8788	 -4.1635	 +0.9689	 -1.5909
 -8.3789	 +4.4574	-21.0210	 -0.3679	 +4.0001	 -1.5304
 -1.8743	 -8.9061	 -2.8903	 +2.6079	 +2.3511	 -1.5873
 -5.7356	 -5.9708	 -7.6645	 +0.5091	 -2.8778	 +3.5142
 -2.7448	 -4.3465	 -4.9456	 -1.4058	 -0.3274	 +4.5115
 -7.7040	 -4.6816	-10.6746	 -2.2495	 -2.8329	 -1.6250
 +5.2882	 -1.6059	+22.3317	 +0.5630	 +1.0135	 -0.2584
-14.6943	-12.7904	+27.5432	 -2.4161	 -1.9963	 +0.4512
 -3.2065	 -7.9216	-20.0787	 +0.5327	 -0.8255	 +1.0741
 -4.1149	+10.4055	 -3.8395	 -0.3322	 -2.2149	 +4.1720
 -2.2037	 -5.2158	 -2.4162	 -1.9309	 -1.4655	 -1.8734
-12.6936	-11.9638	 -5.8169	 +1.9536	 +0.5356	 +1.1673
-11.6514	 +6.5535	 -3.0009	 +0.9512	 +0.1666	 -1.9516
-15.5365	+15.2821	-94.1547	 +1.9194	 +0.0070	 -1.4393
+26.4971	-27.8780	-14.0292	 -0.1705	 +1.5865	 +0.5812
-11.3765	 +9.4449	-10.8706	 -2.4399	 -3.8677	 +1.0891
 -4.7562	 +3.1383	 -9.1449	 +1.2598	 +1.8569	 -1.9152
 -2.6834	 -9.3229	+12.8739	 -2.9765	 -2.2043	 -1.2286
 -3.3919	+10.0743	 -3.0784	 +3.1155	 -0.2222	 +3.1053
+21.3373	-14.6917	 -5.6984	 +2.6121	 +1.5462	 -0.0489
 -1.2391	 +1.1836	 -1.3612	 -0.9979	 +1.1671	 +3.1054
 +9.6132	+10.3700	 -8.5532	 +0.1995	 +2.5057	 -1.1203
 -1.8451	 -0.6410	 -3.7815	 +2.0301	 -0.3518	 +4.9123
-11.1113	+24.5606	+15.4289	 -0.9853	 -0.1295	 +3.5983
+13.7202	 +4.9594	 +1.4691	 +3.0326	 +2.6214	 +2.9337
 +2.8715	+12.6826	 +9.1350	 -2.8187	 -1.7336	 +0.6719
-16.9475	 -4.6757	 +1.2356	 -1.2692	 +0.6755	 -2.9649
 -1.1690	+16.9581	 +9.4738	 -0.8330	 +2.9333	 +0.8586
 -4.7896	-27.8493	 +9.3807	 +2.0275	 -1.1747	 -1.4050
 +5.1581	 -9.3092	 +2.1200	 -1.0866	 -0.9915	 -0.7267
-11.6265	 +0.2169	 -2.3485	 -0.9126	 +2.1099	 +3.3173
 -3.0350	 -0.1343	 +0.9649	 +2.1591	 +1.5145	 +0.4987
-13.8730	-26.3569	-48.0839	 -0.7450	 -0.8798	 -0.4729
 +4.8573	 +2.4667	 -7.1917	 -3.8991	 -0.3454	 +4.3256
 +5.3623	+12.8546	 -0.2450	 +0.6680	 -1.2304	 -1.2051
 +7.2928	 -7.9896	 +2.5288	 +1.8677	 +1.2254	 -4.0604
 -7.6579	+32.9436	-19.1796	 -0.4876	 -0.0204	 +2.2403
 +1.4488	 -2.6413	+17.6982	 -1.9021	 -0.4540	 +1.6069
-10.0435	+14.4402	 +1.4011	 -0.5810	 -1.4092	 -1.3011
-12.4523	-11.3773	-22.4871	 +3.0902	 +1.6506	 -0.6672
 +6.1390	 -2.7945	 -3.2418	 -2.1729	 -5.7693	 -0.7298
-13.3378	 -1.7241	-11.0379	 +0.5271	 -0.1888	 -0.5392
 -3.4603	 -0.3184	 +3.8677	 -1.2171	 -1.5076	 -2.4545
 -3.0982	 -6.3346	 -9.9815	 +1.2211	 +3.2816	 -2.7992
 -0.3593	 +2.5470	 -5.2303	 -1.2385	 -1.6996	 -0.7690
 -7.4489	 +0.0592	 +4.4307	 +3.6506	 +3.0809	 +3.0297
-15.9355	-17.8963	+21.6646	 +3.0954	 -0.4165	 -0.7978
 -7.3767	-13.7971	 -0.6501	 -0.4858	 +1.2960	 -0.2892
+26.0992	+10.4975	+18.0530	 +1.1453	 +1.8638	 -0.2588
 +2.1251	 +1.3739	 -8.9704	 +2.5620	 -0.2488	 -4.0214
 -4.7365	 +2.4701	 -3.3179	 +2.6264	 +5.6931	 -1.8357
+474.6976	+387.7588	-227.4153	 -0.2781	 +0.6742	 +0.3144
-138.9217	+99.0385	+199.8663	 -0.1121	 +1.1381	 +0.4431
 +9.2114	 -2.9281	+10.1105	 +4.4344	 -1.3674	 +0.7672
 +6.2956	 +1.6832	+20.3281	 -1.7146	 -1.1597	 +0.5498
 +0.6118	+10.2516	 +7.5711	 +0.0261	 +2.7869	 -2.2445
 +4.4169	 +4.6973	 +0.7013	 +4.0727	 -2.3763	 -2.5749
-73.7165	-15.9779	-10.2805	 +1.3216	 +0.1765	 -0.7507
 -4.0760	 +0.2841	 +0.2196	 -3.2736	 +1.1811	 -2.1479
+45.6203	-22.0841	-43.9360	 +0.5561	 -0.7280	 +0.2217
-15.2146	 +8.2716	 -7.1791	 +0.2258	 -0.8875	 -2.2607
 -0.3294	 -0.2719	 -1.1048	 -2.0701	 +4.3387	 -1.4463
 +3.3832	 -1.4896	 +0.4070	 +4.6247	 +1.8855	 -1.8107
 +0.0757	 -8.8893	 -1.3110	 -5.0270	 -1.5241	 +0.5948
 -3.6801	 +0.3234	 -1.0051	 +1.9637	 -2.7569	 +2.6217
 +0.9004	 -4.4669	 +2.7637	 -1.7968	 +3.0785	 +1.2114
-16.6886	 +1.1132	 -3.4035	 +1.0237	 +0.0489	 -3.0992
 -8.3892	 -4.1601	 +2.9011	 -1.9161	 -0.0730	 +0.6635
 -7.9127	 +0.4581	 -8.1795	 -2.5556	 +1.8277	 +1.0171
+12.3268	-12.9260	 -0.0979	 -1.6769	 -0.3016	 -2.5522
+13.9191	+32.4586	-162.7345	 +0.0702	 -1.1582	 -1.3174
 +7.5680	 -2.3538	 +6.5939	 +3.1026	 +2.0972	 -0.3057
 +6.2234	 -4.2720	 -9.1384	 -1.4572	 +3.3636	 -1.1509
 -5.3558	 -7.6895	 +2.5375	 -4.2299	 -0.1003	 +0.2495
 -2.5487	 +1.7730	 -1.8716	 -0.5791	 -3.2459	 -1.4025
-17.5650	+24.8398	-35.7711	 -0.5457	 -1.0979	 +0.6641
 -3.5373	-10.9420	 -7.7533	 +4.9640	 +1.1582	 -1.3486
+19.5811	-15.3483	+15.4596	 -0.8612	 -2.7560	 +1.2372
 +2.8412	 -2.7376	 +5.2978	 +1.8986	 -3.8260	 -1.0494
+13.0797	 -9.3663	-12.3962	 -1.6536	 -0.0158	 +1.5083
 +0.8109	 -4.3011	+10.8387	 +1.3682	 +0.8007	 +1.6444
+10.2619	 -8.4979	 +5.9321	 -3.0632	 -1.3164	 +2.6119
 +0.5274	 -2.1057	 -2.1115	 +0.9500	 +1.6264	 +1.3340
-32.0933	 +4.6523	-37.2240	 +1.9472	 +2.2165	 -0.1228
+58.0440	 +5.9804	+20.8172	 +0.6114	 -1.9111	 -0.1879
 +1.5303	 +5.7003	 -1.6292	 -0.1598	 +0.8968	 -4.2060
-28.2647	-71.0884	+45.7254	 -1.2912	 +0.9562	 +0.9868
 +3.9541	 +9.0234	 -8.0163	 -0.9638	 +3.2322	 +0.5545
+19.8121	 +7.5613	 -3.5496	 +0.5462	 -1.0689	 -3.3200
 -4.5012	 -3.3934	 -1.9701	 +4.6896	 +3.3356	 -2.1411
 +1.7531	 -4.8081	+10.8936	 +1.2345	 +3.0108	 -1.0725
 -0.6316	 -5.6843	 +0.3547	 +6.2193	 +1.0394	 -2.0214
 +3.2295	 -2.9714	 -1.4350	 -5.4836	 +2.1338	 -0.6563
 -7.6328	+12.5361	 -6.7496	 +0.4935	 -0.5962	 -0.8078
 +6.5403	 -2.2371	 -8.1164	 +1.2389	 -3.7553	 -1.5143
 -9.4086	 -2.5083	-17.4041	 -1.2262	 +1.7218	 +1.1220
 +1.7334	 +8.1797	-14.5128	 +3.1857	 -0.2187	 -2.8475
 +8.1007	 +2.7927	+28.7545	 -2.7853	 +1.1624	 +0.9450
 -6.6497	 +3.1042	 -7.0769	 +1.6304	 -1.9708	 +3.9223
 -6.5371	 +3.3571	 -0.8444	 +0.4556	 +0.0434	 -1.3531
 +1.2842	 +1.1387	 -4.5710	 -3.7591	 +3.3742	 +2.5005
-19.0011	 +1.5028	 +9.7633	 +3.6417	 -2.3759	 -1.3499
 +6.0264	 +1.8232	 -2.3527	 -3.1746	 +1.1797	 -0.0363
+14.7913	 +8.4602	 +4.8628	 -0.6540	 +1.5815	 -0.0690
 -8.0053	 -4.5854	 -5.4100	 +1.8471	 -0.8942	 +4.0438
 +2.1042	 -2.7874	 +4.9928	 -4.8523	 -1.2123	 +2.7002
 -3.6006	 -2.3811	 +1.8027	 +1.5143	 +1.1179	 -3.3180
-16.2321	 -2.2505	-16.2630	 +0.1029	 -2.8503	 +2.4133
 -2.0289	 -1.3248	 -4.7059	 -3.4173	 +0.8754	 -0.2601
 +3.1387	 -4.0619	-14.2694	 +2.8297	 -1.6032	 +0.1885
-15.8792	 +2.0421	-15.2836	 -0.0254	 -1.1241	 -2.3389
 +2.2719	 +0.9946	 -3.1556	 +0.5750	 -0.6026	 +1.9973
 -3.9643	 +1.4881	 -9.1291	 -0.9830	 -0.5264	 -5.3470
+29.5618	-13.3746	+25.3002	 -0.5477	 -0.4262	 -0.4552
 -5.6314	 -0.7465	 +3.5585	 -0.5288	 +2.5914	 -1.3279
+54.1827	+26.4321	-26.1657	 -1.8895	 +0.9861	 -0.1727
-14.8436	-13.2813	 +2.4409	 -3.0848	 +1.5199	 -2.2757
 -7.0411	-24.3346	-10.1371	 +1.5556	 +1.1497	 +1.4083
 -0.4925	 -6.9378	 -2.8875	 +1.3524	 -2.0521	 +1.7940
 -2.2751	 -4.6861	 +1.7519	 -0.1480	 -4.0090	 -1.5908
 -1.8767	 +4.2731	 -3.2243	 -4.4784	 +1.2077	 -2.0865
 +3.6251	 +3.7544	 -8.9454	 -1.4874	 +3.7857	 +0.9588
 +6.7544	 +4.2293	 +5.4471	 +0.6861	 -0.2706	 -0.7006
+14.9426	+19.2341	-21.6900	 -0.5874	 +1.3140	 -1.4638
 +8.9379	 -0.2269	 +2.9044	 +2.3383	 +2.6983	 -4.3712
 +2.8062	 -2.5098	 +1.1841	 +1.1127	 -2.1366	 -2.5611
 +1.3326	 +4.7059	-10.7873	 -0.0017	 +1.3816	 +1.6064
 +1.5158	 -1.4093	 -5.7419	 +0.6099	 +1.6936	 -1.2220
 -9.1066	 -8.4986	 -0.4742	 -3.8872	 -1.4008	 -2.1946
 -4.9086	 +4.6772	-11.6516	 +1.6879	 +1.1458	 -1.1749
 -4.2742	-11.0814	 +5.4164	 -1.5915	 -4.4066	 +2.1387
 +0.8042	 -1.5405	 -8.6601	 +2.2242	 -0.2525	 -0.2572
 -0.2877	+25.1674	-30.4496	 -1.5788	 -0.6165	 -2.0594
 +2.3847	 -4.4672	 +6.1799	 +0.0941	 +2.1396	 +3.7396
 -0.2805	 +9.9187	 -0.3904	 +1.9460	 -0.9970	 +1.4032
 +6.1581	 +2.8913	 +0.2802	 -0.6115	 +1.6263	 -0.5654
 +8.4533	 +4.9090	 +5.5420	 -2.5700	 +3.4455	 +0.5330
+31.7463	-101.2665	-36.5351	 -1.3255	 +0.1869	 +0.9631
 -7.5918	 +9.4696	 -1.7554	 -0.1544	 +2.9737	 +2.5182
 -9.3772	 -6.0110	-11.4632	 +2.2989	 +3.3680	 +0.1920
 -8.2438	-22.8918	-21.3251	 -1.5659	 -0.8932	 +2.5627
+26.5939	 +4.5826	 +6.1557	 -0.9227	 +1.4023	 -1.6504
 -2.6983	 +6.3071	 -2.4544	 -1.5783	 -0.9853	 +3.1370
 -5.0544	 +2.7889	 -0.3119	 -4.3463	 +4.2152	 +0.4095
-18.7373	 -5.1267	 +1.3103	 +1.2180	 -1.0199	 +1.5519
 -0.8838	 -1.4859	 +0.8004	 +2.9851	 -3.5144	 -0.0226
 -6.8647	 -2.5151	 +3.2601	 -0.4060	 +0.2622	 -0.5856
-14.2230	+20.6859	 -7.4292	 -2.9849	 -0.6789	 +3.0414
 +5.4723	+49.3644	-36.0349	 -2.0362	 +0.9155	 +1.0956
 -5.1919	 +1.1301	 -4.0738	 +5.3812	 +1.2645	 +1.8250
+11.6024	 +5.7173	 -5.5045	 +1.6748	 -2.1391	 -0.6296
 -0.8035	-10.8867	 +3.0715	 -2.4351	 -0.9563	 -1.5076
 +4.2801	 +2.8625	 -6.2267	 -1.8891	 +3.3154	 -1.6118
 +7.1972	 +0.8285	 -3.5857	 -5.4307	 -0.4164	 -2.8644
+20.3995	-11.3836	-18.3335	 -0.4220	 -0.1820	 -1.3774
+119.4340	 +5.0167	-43.6899	 +0.3260	 +0.1496	 +0.6831
+18.1198	+13.8063	 -6.1558	 +0.6066	 -1.3257	 -3.9279
 +3.8606	 -7.9007	 +2.4945	 +1.9230	 +0.1584	 -0.7402
 +6.2575	 +0.9444	 +2.9080	 -2.9549	 -2.1835	 +1.6120
 +4.8627	 -8.1769	 -0.6203	 -1.2648	 +0.5478	 -1.4650
+33.4082	-32.8072	 -6.0292	 -0.7804	 +0.0363	 -0.5761
 +1.7334	 +3.4117	 -2.0613	 +2.5641	 +4.5056	 +1.4505
-14.3293	 -9.3038	 -2.3369	 -1.4094	 +0.5487	 -2.4270
 +3.0955	 -2.5108	 -0.5251	 +1.9702	 +2.2705	 -4.3093
 +1.6645	 -4.9635	-11.3467	 +1.2824	 -0.1543	 -2.3706
 -2.7245	 -0.1998	 +2.0421	 +2.9596	 -1.2716	 -0.3543
 -2.9762	 -0.0844	 -6.4806	 +3.6214	 +1.8523	 +2.0196
 +1.5494	 +0.1184	 +2.3474	 -0.7608	 -4.6830	 -3.3369
 +7.1921	 +6.7375	 +1.6183	 +0.1672	 -1.5893	 -1.5078
-11.8066	 +6.4314	 +3.8048	 -0.3829	 -0.7283	 -1.2123
 -6.3125	 +4.0935	 -5.3008	 -0.1084	 -0.7225	 -0.9284
 +2.7268	 +9.2313	 -2.4770	 +0.8971	 +1.1862	 -1.0486
+11.0131	 +5.4934	-10.9975	 +0.8864	 +0.5907	 +2.0210
 -3.6672	 -6.2512	 -3.6471	 +0.6531	 +3.1877	 +2.6545
 -4.4965	 -8.4600	 -7.8564	 -0.8718	 -1.7361	 +4.0681
 -5.7386	 -2.7554	 +7.6955	 +0.7069	 +3.2734	 -1.6140
 +2.5940	-10.0683	 +0.2812	 +0.5541	 -3.7186	 -2.0601
 -1.4287	 -7.7294	+17.5950	 +1.9093	 -3.3503	 +0.9906
 +5.7490	 +3.5668	 -5.0958	 +1.5586	 +3.0562	 +1.7542
 -1.5322	 -2.3574	 +0.1973	 +2.4231	 +0.0599	 -1.6455
-48.2444	 +8.2223	 -0.3765	 -2.1117	 -1.5070	 +0.4317
 +3.7445	 +3.8039	 +4.2980	 +0.0287	 -1.3354	 +2.2870
 +0.5174	 -0.7159	 +2.6315	 +2.0488	 +6.4468	 -1.0967
+10.6671	 -7.1557	 -3.8603	 +3.0928	 -2.1603	 +0.3789
 -6.6156	 -6.3894	 -2.3087	 -0.9053	 -2.6378	 +2.0721
-16.4253	 +7.1857	 +1.7757	 +0.0924	 +1.5783	 +1.0712
-32.0087	 -9.6729	+42.0818	 +0.2041	 +1.0950	 -0.4325
 +1.9353	 +0.3570	 +1.3709	 -5.4394	 -0.3409	 +3.9427
 -0.6455	 -9.8783	 +6.5806	 -2.3355	 +0.9657	 -1.9612
-40.0110	-31.6512	-24.4453	 +1.5516	 +0.3233	 +1.4709
-19.9620	+20.0601	 +4.5842	 +1.6715	 +2.3594	 +0.8095
-13.5340	 +3.3032	-11.0507	 +1.0557	 -4.2635	 +1.2999
 +8.8406	 -5.3557	 +2.2322	 +1.4348	 -1.5418	 -0.3289
 -2.6741	 -2.7904	 -5.2074	 +4.6505	 -4.1643	 +0.6246
+1870.9965	-30.5342	+790.1883	 +0.2213	 -0.2337	 +0.0662
 -6.1708	 +3.7693	 +6.5053	 +0.2160	 +0.4022	 -1.7223
 -3.5815	 -6.3488	 -2.4964	 +5.7016	 +0.6906	 -1.1318
 -0.7049	 +2.2006	 +3.5357	 -1.5171	 +0.8471	 +5.7913
+26.1347	-16.3210	-14.8085	 -0.9629	 -0.0520	 +1.4387
 -5.7455	 -5.6911	 +1.0291	 +2.0334	 +3.4820	 +2.2935
-54.7503	-46.9327	-69.0489	 -0.9182	 -1.3477	 -0.3230
 +4.6548	-12.7718	-23.8825	 -0.0462	 +3.5634	 +0.9766
+21.1449	 +3.7439	+23.0333	 -2.0615	 +2.1201	 -1.4613
+19.4285	-27.7749	 +9.7524	 +1.1553	 +0.4116	 +0.4526
 -9.3215	 -1.8190	 -6.7256	 +0.8105	 +0.2575	 +0.1201
+12.8018	+27.4080	 -9.9021	 +1.5900	 -2.3173	 +0.4045
 -9.3185	+20.9747	 +3.4387	 -0.1433	 +0.4465	 -0.1258
 +4.2178	 -5.9310	 +0.1973	 +2.0182	 -2.4253	 -0.8975
 -0.4405	+10.0989	 +6.5984	 +0.9013	 +0.9738	 -0.1705
 -0.5286	 +3.0359	 -6.6988	 -0.0188	 -3.9497	 -5.0458
 -4.2959	 -3.0478	+13.6378	 +0.6841	 -1.1388	 +0.4478
 +1.0448	 -3.6859	 -7.1130	 +2.8187	 +1.6750	 -1.5162
 +5.7548	 -0.9720	 -7.8956	 +2.0678	 +1.2998	 +3.3425
 +0.7843	 -4.0453	 +6.3784	 +3.2920	 -3.5160	 +0.0583
 -4.5082	 -1.3032	 -2.0535	 +4.0358	 +2.1007	 +1.4597
+21.6924	+14.9133	-24.9056	 -2.5877	 +0.1516	 +0.8825
 -1.7312	 +4.7396	 -2.6844	 +2.2103	 +2.8905	 +3.7626
 -2.1607	 +0.7199	 -2.4725	 -3.2430	 -1.6134	 +2.1162
 -0.8604	+13.8065	+13.4513	 +0.1400	 +2.5076	 -3.6598
 +2.9852	 -4.3733	 -6.3929	 -2.5170	 +2.5985	 +1.0044
-11.2865	 -2.2169	 -0.8293	 +1.6432	 +0.4253	 +1.2715
 -9.2966	 +6.9686	 -4.4170	 +1.5513	 -0.7546	 +2.1506
-13.0400	 +2.1895	 -3.8767	 -2.1554	 -2.5295	 +0.9605
+11.2235	-11.6461	 +0.6156	 +0.2364	 -0.3092	 -0.6047
 -1.4974	 +7.7815	 +5.7775	 +1.5658	 -1.1918	 -2.3820
 -6.0570	 -1.4352	 +1.0333	 +2.5481	 +2.5939	 -0.9849
-14.0897	 +8.2111	-16.9383	 -3.0920	 +0.5088	 +1.5330
-22.6076	 -4.2950	 +7.2945	 -2.5435	 -1.0377	 -2.4513
 -8.5992	 +4.5092	+11.7762	 +0.1699	 +1.0961	 -0.3493
-134.8804	-41.3638	+71.0420	 +0.6387	 -0.9587	 +0.7075
 -2.0614	 -0.3353	 +0.9404	 -1.0462	 -1.2787	 -1.5595
 +2.0286	 -7.4513	 -0.2803	 -4.1539	 -0.6050	 -1.7106
 -9.8772	 -2.5103	 +5.3165	 +3.7977	 -2.9386	 +0.9102
 -7.1583	 +2.8443	 +1.8589	 +0.9292	 +2.4959	 -5.1734
-11.2305	+10.2952	-15.1001	 -2.1170	 +1.1832	 -0.0740
 +7.4412	 -1.9071	 +2.6059	 -0.6457	 +4.8441	 +1.0986
 -5.7799	 -2.6213	-12.9181	 +0.2495	 -2.6407	 -1.7299
-114.0851	-104.0513	+101.6699	 +0.3696	 -0.2825	 -0.0952
-20.2664	+30.8660	+26.0226	 +1.9465	 +1.6126	 -1.2753
-18.5805	-27.1797	 +5.0882	 -1.7558	 +0.0898	 +2.4425
-30.3910	+10.0467	-21.1823	 +1.2891	 -0.2732	 -2.7819
-11.0840	-24.0303	 -6.7451	 -2.2760	 -0.2731	 -0.7488
 +0.8986	 -0.8599	 -2.5906	 +2.0569	 -1.7715	 -3.0302
 -3.9056	 -0.1585	 -0.0524	 -0.3581	 -1.2758	 +2.9059
 -9.1575	 +3.3790	 -2.6120	 +3.5548	 +1.8378	 -1.9932
 +5.8213	 -7.8340	 +7.5252	 -0.7369	 +0.4583	 -2.4137
-23.8055	 -6.2323	 +3.0980	 -0.4794	 +0.5695	 -1.2698
-17.4146	 -8.0656	 +9.5907	 +0.8196	 -3.2352	 -0.6066
+22.7805	-98.2428	+21.8142	 -0.9507	 +1.1823	 -1.1698
 -8.8646	 +2.2310	 -2.7974	 -2.9809	 +2.2254	 +4.0944
 -0.6428	 -2.4522	 -7.3584	 +1.3229	 +0.4758	 +0.2234
 -3.1062	 -3.3273	 -2.2353	 +2.4695	 +1.2695	 -1.5766
 -2.6022	 +2.1195	-12.5372	 +0.5223	 -2.8324	 +1.7743
 -3.3180	 +4.9532	-10.0882	 -2.9676	 +2.7130	 -0.0947
 -9.6285	+12.9508	+18.2874	 +0.0512	 -2.4726	 +0.3369
 +8.1497	 -2.1773	+21.4305	 -0.5724	 -0.5688	 -1.2091
 -3.7843	 +8.9108	 +9.2859	 +2.7798	 +1.5032	 -4.7809
 -2.3565	 +3.3723	 -2.7978	 -2.8760	 -2.2951	 +0.0397
 +9.7773	 -4.4626	 +0.9435	 +2.5222	 -2.5111	 +2.0370
 -4.8537	 -3.2871	 +3.2280	 -0.4253	 -3.8509	 -2.9470
 +2.3537	 +0.2131	 -5.5379	 -0.6663	 +0.6482	 +0.9985
-13.5789	-21.4804	 -6.2794	 -0.7313	 +3.9719	 +1.3023
 -1.4569	 -4.5344	 +0.7294	 -1.2442	 +1.4037	 -6.9472
 -4.7572	 +2.0493	-14.4708	 +0.2842	 -0.8226	 +1.4375
 +1.1299	 -4.3498	 -3.5486	 +1.6261	 +3.0135	 -1.7727
 -3.8612	 +9.6472	 +2.7872	 +1.1640	 +1.7691	 +0.4817
-156.4927	-52.3038	+202.1596	 +0.5195	 -0.6829	 +0.2386
 +2.6401	 -3.8712	 +1.1489	 -0.4722	 -0.2255	 +0.2087
 +5.5472	 -7.5624	 -7.4087	 +2.2145	 -1.4036	 +0.8837
+12.0666	 +3.0621	 -4.2765	 -0.7599	 +0.6855	 +2.3006
 +2.1312	 +4.6719	-11.1714	 +0.6771	 +4.6575	 -0.2587
 -2.4308	 +1.4204	 +7.0284	 +0.2509	 +0.0048	 -2.6962
+32.3067	+38.3022	 -0.6564	 -0.7701	 +1.8422	 -1.9307
 -6.1581	 +4.5028	 +7.9955	 +1.9339	 +0.8377	 -2.8562
 +2.9619	 -7.5793	 +8.0694	 +3.6302	 +0.3899	 -1.3517
-12.0390	 +3.2899	-20.7708	 +2.8707	 +0.6807	 +0.3456
 +1.5316	 +9.5799	 -9.4958	 +0.3942	 -1.1433	 -1.2206
 -5.1820	 +2.9460	 +3.5941	 -2.3908	 -1.3696	 -1.0012
 +1.3938	 +9.4052	 +4.1203	 -2.9787	 -0.1703	 -0.1438
 -0.2252	 +1.3323	 -5.8468	 +0.2906	 +0.2412	 -0.7909
 -8.7563	 -5.9527	 -9.6460	 +1.3524	 -1.2383	 -0.1528
 -3.5658	 -6.6785	 +9.7778	 -0.0777	 -0.3059	 -0.2246
+11.0412	 -2.2569	 +0.7994	 -1.8771	 -0.3801	 +2.8340
 -4.7917	 +1.4988	 -1.6810	 -2.3922	 +1.4640	 -0.4420
 -3.4647	 -3.7344	 -5.4412	 +1.8657	 -1.1591	 +2.5500
 +6.2511	 +0.0815	-10.6890	 -0.5617	 +1.4910	 -0.1096
 +0.4525	 +1.5720	 -5.9072	 -0.4153	 +0.1759	 -1.5037
-16.2072	-14.9704	+14.9655	 +1.3330	 +1.3261	 +3.7935
 +1.2290	 +0.1316	 +1.5931	 -0.2777	 +0.4972	 -0.9068
+12.7053	 -7.6451	 -4.6809	 -0.8388	 -2.2940	 +1.0534
 -7.1549	-10.0247	 -6.4635	 -2.0053	 +0.6240	 +2.1051
-15.5723	 +1.2229	 +8.2325	 +2.7527	 +1.0232	 -1.7934
 -0.2585	 -7.7258	 -1.5282	 +3.8639	 -0.9787	 +2.0065
 +6.7652	 -4.6547	 -8.5486	 +3.3337	 -3.2197	 +2.1332
 -5.9222	 +5.6497	 -2.0370	 +0.6634	 +2.6848	 -1.9110
-14.8755	+27.4895	-43.0693	 +0.5546	 +0.3524	 -1.2622
 +8.5826	-12.2051	-51.0330	 -0.0779	 +0.9884	 +0.4118
 +1.7257	 -3.1951	 -5.4547	 +3.5674	 -0.1670	 +1.0929
-16.2330	 +1.1957	 -8.2889	 -2.0751	 -2.6426	 -1.9428
 -0.6484	 +0.3750	 +2.2537	 -2.9481	 +2.0764	 +1.0819
-12.5854	-14.6584	 -6.0393	 +1.0783	 +3.2053	 +0.1446
-19.3250	-71.7140	 -3.0339	 +1.2557	 +0.7557	 -0.6941
 -0.0938	 +1.1639	 +8.1176	 -1.7332	 -3.2091	 +1.6951
 +2.2428	 +5.6886	 -5.7203	 +2.9342	 -3.0828	 +2.1965
+18.8052	 -6.6243	 -3.4397	 -1.3039	 +1.4216	 -4.2910
 -7.1399	+10.1334	-13.6979	 +3.5048	 -0.1286	 +3.0494
 -5.5843	 +3.7073	-19.2757	 +1.8196	 -1.0317	 +0.1252
-11.7263	 -0.8501	 -9.2544	 +1.9996	 +1.6029	 -0.5686
 -4.8045	 +2.5698	 -1.3399	 -4.4424	 +4.0562	 +0.8992
 +1.7649	 -1.4125	 -3.6449	 +3.7500	 +4.6760	 +1.4506
 -3.5246	 +1.2306	 -2.6733	 -4.5935	 -1.0788	 +2.1847
 -7.1592	-22.4809	-14.5889	 -0.6786	 -0.2011	 +2.3701
 -4.1566	 +2.9940	 +0.9500	 +3.0129	 +1.8348	 +1.7742
 +4.5052	+15.8535	 +7.5182	 +0.1985	 -2.7255	 -1.1298
-58.6103	 -4.7895	-10.2441	 +0.2287	 +1.2564	 -1.0732
 -4.0476	 +0.9717	 +0.5133	 +1.5080	 +1.5574	 +2.3367
 -1.3661	 -0.5871	 -8.0494	 +3.4818	 +2.7147	 -1.5881
 +5.8918	 -7.3277	 -3.6027	 +1.4302	 +3.3772	 -0.1765
 +1.7934	 +0.0488	 -6.4149	 +1.4205	 -3.4158	 -1.5262
 -3.7163	 -5.2885	-13.5897	 +3.2740	 +2.0868	 -3.2426
 +0.6923	-11.9022	-25.2615	 +0.5630	 +1.9603	 +1.9089
 -8.7876	 +7.1731	 +0.6666	 -0.4856	 +0.2850	 +5.4735
 -7.1879	 +1.8288	-12.2952	 +4.2279	 -0.1650	 -2.4755
 +9.8800	 +0.8226	 -3.2518	 +3.0121	 -2.3571	 -1.0723
 +2.9818	-29.9485	-20.1067	 -0.6713	 +0.4687	 -1.0863
-10.5626	+19.8430	 -0.8563	 -1.2913	 +0.8184	 +2.4105
 -4.6682	 -0.3923	 -2.4261	 +0.7688	 +2.3866	 +2.5410
 +1.5141	 +2.6037	 +5.6146	 -1.5741	 -4.1288	 +0.5520
 -7.2953	 -8.5112	 +6.7121	 -0.0442	 -2.8675	 +2.2646
 -2.6297	 +7.2735	 -5.0763	 +0.8940	 -3.9471	 -3.1376
 +4.2659	 -1.9157	 +5.9810	 -2.5512	 +2.0904	 -1.8384
 +3.4128	 +1.2523	-11.2546	 -4.9767	 -1.1597	 -0.3392
 -0.6886	 +7.3679	 +3.9987	 +1.4314	 +3.4656	 +2.3472
+34.1545	 +6.6444	 +3.9736	 +1.0485	 -0.0566	 +0.8118
-23.7479	+12.6701	 +0.3545	 +0.7439	 +0.2551	 +1.8362
 -4.3454	 -4.2825	 -8.4142	 +0.4031	 -0.8773	 +1.3815
 +5.3279	-20.4444	-19.0961	 -0.9040	 -2.5527	 -2.0006
 +6.4038	-13.0727	 -3.7190	 -0.6246	 +3.1070	 -2.3397
+10.3746	 +9.4235	 -3.7741	 +0.8947	 -1.3427	 -2.1859
-34.4045	 +7.8795	 -2.6459	 +2.4135	 -0.0973	 +3.3227
 +5.0447	 +3.7191	 -0.2299	 -0.0176	 +3.8026	 -0.5373
 +8.4332	 +7.3012	 +5.5514	 +0.3963	 -2.9818	 +0.2594
 -4.0200	 +6.4993	 -0.6856	 +4.1241	 +0.8460	 +3.0254
-12.5665	-10.5723	 +7.9977	 -0.5453	 -1.9224	 +1.7020
 -9.9264	 -1.0100	 +1.2657	 +0.3263	 -4.3133	 -0.6920
 +0.8608	-12.6764	 -7.7785	 +2.8428	 -2.0515	 -1.6855
 +0.2975	+15.2369	 -2.6073	 +3.6887	 +1.5072	 +1.6652
+16.6395	+12.9240	-15.6589	 +2.6981	 -1.5480	 -0.0580
-18.8883	 -5.9259	+15.3174	 -0.6574	 +2.7958	 +2.4576
+30.8962	 -7.6363	+67.4188	 -0.0573	 -1.8409	 +0.6509
 +9.6261	 +7.0869	 +5.0808	 +1.8294	 -0.5008	 -0.3114
 -0.9870	-13.9264	 -3.8607	 +2.6961	 +0.9732	 -1.9895
 +2.4568	 -0.2815	 +2.8117	 +0.2605	 -1.4422	 -1.2658
-18.7347	+10.7869	-15.9411	 +1.4635	 -1.3006	 +0.6671
 -5.9747	 -4.0727	 -5.3299	 +3.3015	 +2.4137	 +2.2571
+24.0317	 +3.1438	 -3.5835	 +2.3257	 -0.4788	 -2.1269
-10.8325	-17.7492	 -4.2990	 -1.6503	 +1.8820	 +1.6666
-13.4729	+13.3926	-12.9564	 -2.1463	 +2.5245	 -2.4830
 -6.0459	-21.7253	 +8.9356	 -2.6536	 -1.2731	 +1.7804
 -2.5160	 +4.2434	 -1.4130	 -2.4141	 +1.0943	 +2.7513
+10.7710	 +6.5384	 -9.9410	 +3.6818	 -1.4745	 -0.1632
 -0.7404	-20.0503	+14.3138	 +1.5452	 +0.4146	 +0.3984
 +0.4306	 -7.5125	 -5.6517	 +1.6583	 -1.1504	 +2.4654
 +0.8309	 -5.9745	 +1.4234	 -4.7019	 +0.0542	 -2.9883
 -9.9494	 -2.9437	 +1.2100	 -0.1347	 +0.4528	 -2.3003
 +0.0606	 -0.4615	 +1.0789	 -3.7200	 -4.8578	 -2.3362
 +4.0713	 -7.2172	-15.2932	 -1.5377	 -1.6348	 +0.5059
+10.3773	 +2.8603	+27.6924	 -0.1954	 -1.8232	 +1.1776
 -3.1868	 -8.1172	 -2.7819	 -3.5469	 -1.7855	 +1.1728
 -1.7001	+12.1100	 +0.2908	 +0.6405	 +1.5243	 +4.3665
 +5.2089	 +2.4802	 -4.8975	 +1.3895	 -0.7400	 -3.1090
-11.5444	 +2.1618	+14.5630	 +2.1262	 +0.0424	 -2.0684
 -4.0901	 -4.0731	 +4.6210	 -3.4075	 +0.0995	 +2.9779
 +3.6555	 -0.7649	 +0.0877	 +0.6747	 -0.9076	 -2.9208
+34.0032	 +8.5942	-19.2888	 -0.5141	 -1.1398	 -0.1140
 -4.9448	+12.0382	-26.4611	 -3.2267	 -0.2774	 -1.5439
 +1.7761	 +1.4052	 +1.2545	 -3.9584	 +0.9715	 -1.5517
 -0.1126	 -4.3937	-10.4138	 +3.9466	 -0.4452	 +0.5448
 -0.7138	 -1.5546	 -2.3472	 -0.1471	 +6.1011	 +1.4373
 -6.4450	 +4.6031	 -1.6052	 -0.6098	 +2.7229	 -3.7715
 +1.5306	+10.1516	 -1.8194	 -0.3976	 -3.3432	 +2.8534
+14.6671	+11.7063	 -1.7903	 -2.8492	 -1.9534	 -1.4014
+25.3103	 -0.3855	 +6.1255	 -1.9544	 +0.8441	 +0.6461
 -0.6763	 +1.3507	-11.0304	 -0.9139	 -1.1852	 -1.5481
-12.6161	 +0.9662	 -1.8799	 -2.6247	 -0.9519	 -2.6007
 -0.0309	 +0.9040	 -4.6145	 +1.5346	 +0.0377	 +1.4504
 -2.3122	+12.4770	 -2.3763	 +1.9079	 -2.6268	 +1.8434
+17.9654	-63.4895	-33.6137	 -0.4199	 +0.8766	 +0.6742
 +1.9224	+10.2920	 +7.9058	 -0.3513	 -3.0463	 +2.7338
 +1.3961	 -3.1312	 -5.0053	 +1.8611	 +0.5070	 -1.3674
 -7.4838	 +3.3278	-11.3062	 +1.5347	 -0.4027	 -0.6099
+11.2354	+18.6317	+29.7057	 -0.9806	 +0.1098	 -0.9094
 +0.3671	 -0.6603	 -0.5489	 +3.1036	 -6.1085	 -0.9031
 +0.2360	 -2.6292	 +5.0363	 -2.5778	 +3.0680	 -2.2380
+16.3443	-19.3659	+22.5096	 -0.6558	 +1.1824	 -1.9840
 +1.6099	 -7.0700	 +0.8979	 -2.6308	 -1.6783	 +1.5021
-72.3367	-58.0807	+27.8640	 +0.5319	 +1.2331	 +0.5300
-13.7742	 -4.2544	-12.6148	 +2.1803	 -0.5475	 +0.3462
+60.7363	+43.2189	+41.8979	 -1.2125	 -1.2477	 -0.3309
 -5.3309	+10.5862	 -7.9336	 -1.5550	 -2.3097	 +2.9351
 +9.9844	 -6.0002	 +0.4273	 -0.4510	 -2.2931	 +0.4028
-109.3287	+51.4229	-21.7389	 -0.5420	 +0.7810	 +0.2644
 +3.9367	 -4.2755	-15.4813	 -3.3169	 -0.0315	 +1.3830
 +6.3501	+11.1283	 +4.3426	 +1.8761	 +0.1451	 -0.5754
 +5.1248	 +0.8592	 -2.9564	 +1.8216	 +0.6277	 -4.0371
 -2.3058	 +1.5973	 -5.1872	 +1.3345	 +3.2541	 -2.1750
 +0.1940	 -3.6420	 +1.3504	 -2.3330	 +0.9177	 -2.0441
 -8.4954	 +7.7003	 -3.5002	 +1.4053	 +4.3664	 -2.0436
 -1.5048	 +0.4122	 +0.1652	 +4.6172	 +3.5767	 +0.1958
 -7.2456	 +3.1781	 -1.3164	 +2.3689	 -4.5035	 +1.1646
 -6.0844	 +9.5585	-12.2415	 -0.6606	 +5.0984	 -0.2764
 +6.0871	+11.2078	-11.6179	 -0.0693	 -0.5411	 +1.2088
 +0.5975	 -0.1953	 +0.5590	 -1.1066	 +2.4888	 -1.2514
 +3.3884	 -3.6913	 -2.8529	 +1.5637	 +2.0240	 -2.8232
 +3.3990	 +2.9598	 -3.5087	 +2.9023	 -1.5547	 +3.8074
-33.1453	+10.6509	+12.4150	 -1.4233	 +1.0710	 +0.5788
 -7.6974	 -4.5198	 +4.2779	 +2.5514	 +4.5256	 +2.9685
 -1.7175	-11.4893	 +8.0696	 -1.3621	 -4.8884	 +2.4113
-15.1864	 -3.9368	 +2.6120	 +1.0225	 -0.9678	 +4.1040
 -1.1053	 +0.8769	 -5.6191	 -2.2974	 +1.3622	 -2.7047
+10.1851	+15.3033	-21.1717	 -1.1171	 +1.1450	 -2.6865
 -0.3654	 +8.3510	 -7.7795	 +3.7087	 -1.2064	 -0.7838
 -9.8915	 +1.8258	-14.3241	 +0.8476	 +0.8590	 -1.4655
 +2.8581	+12.1946	 -1.5936	 +0.5455	 -2.2524	 +1.5117
 +4.0863	 -1.0853	 +4.3550	 +0.7368	 -4.4187	 -1.6344
 -8.0302	 +3.8523	 +6.6338	 -0.7220	 -0.0187	 +0.9864
-14.7397	 -3.0204	+15.9618	 -0.6771	 +1.3087	 -0.9017
-43.4691	+10.0069	 +4.1669	 -2.4362	 +1.5185	 +0.8383
 -0.0184	 +3.2754	 -1.9482	 -0.8415	 +0.7786	 +0.9270
-26.3937	 +9.2998	 +8.9619	 -1.1662	 +4.6531	 +0.2635
 -9.4156	-11.2415	 +7.1579	 +0.7749	 +0.6481	 -0.7062
 -3.9235	 -0.5287	 -2.6172	 -4.7141	 -3.3691	 -2.6343
 -4.7746	 -0.6135	 +2.8479	 +0.1858	 -1.3922	 +1.2401
-15.7294	-51.3021	+32.0979	 +1.8894	 +0.0122	 +0.8768
 -2.7088	 +9.3933	 +0.9668	 -1.9973	 -0.9845	 -1.5810
 -1.5969	 +0.6394	 -7.3912	 +4.7271	 -0.3522	 +0.9315
 +1.9828	+16.2721	+14.4037	 -1.8335	 +0.3393	 +2.0876
 +5.1039	+14.5050	+16.5525	 +0.4625	 +1.9206	 +0.8366
 -0.5285	 +6.0636	 -4.5370	 -0.6755	 +1.9564	 -3.5506
 -5.1188	 +6.6979	 -1.1092	 +1.2062	 +1.5466	 -0.8662
 -2.0865	 -2.2326	 -6.3447	 -1.6328	 -0.6634	 +3.5742
 -2.9132	 +2.9785	 -2.1940	 -0.3328	 +0.8995	 -1.2666
+10.5286	-11.7280	 +2.7249	 +1.1219	 -2.9393	 -0.6825
 -2.1825	 -0.1725	 -1.0967	 +0.3265	 +3.0021	 -3.9561
 -2.7841	+22.1315	 -0.2335	 +1.8000	 -0.1493	 +2.7067
 -6.3715	 -4.4965	 +1.1378	 -0.9104	 -3.3720	 +1.2710
 -5.6122	 +2.8312	 -0.8154	 +0.4013	 -0.7098	 +1.7408
+19.2490	+14.3921	 -2.9703	 +0.5945	 -2.0681	 +0.3310
-11.9434	 -2.1176	-11.4737	 +2.4691	 +0.1620	 -0.8889
 -1.9783	 -1.4741	+12.4699	 -1.2742	 -1.3102	 -2.7947
 +2.6524	 +1.6373	 -0.5278	 +1.0284	 +0.1953	 +2.1509
 +9.9553	 +8.9530	 +4.9387	 -1.9897	 +3.4087	 -0.0457
 +2.2098	 +3.5903	 +1.7385	 +5.6412	 -2.9669	 +0.6077
 -4.9632	+10.5677	 -5.3159	 +2.4452	 -1.8246	 -0.9119
 +4.7106	+15.0962	-17.5081	 -0.3079	 +1.4507	 +1.3034
+11.1897	 +0.0084	 -5.5876	 +1.0670	 -3.6826	 +0.3497
-11.0412	 +1.0717	 -2.0605	 +1.3689	 +2.2240	 -0.5443
 +0.1339	 +6.2640	 -8.1726	 -0.6343	 -2.7634	 +0.8915
-12.5388	 +3.7434	 +9.5379	 -2.4893	 -0.1757	 +1.9449
 +8.1412	 -9.3931	+35.9796	 -1.0331	 +0.7993	 +2.0491
 -2.9837	 -7.8080	 -1.9942	 -0.3103	 -2.2123	 -3.2437
-16.2520	 +6.0102	 +0.7840	 +0.0940	 +3.7273	 -0.0519
 +3.4662	 +0.7094	 -1.8744	 +1.5368	 +0.2058	 +0.2661
+17.5152	 -9.4941	 +8.7114	 -0.1355	 +0.6533	 -0.7045
 -1.5154	 -6.1128	 -0.7099	 +3.1965	 -1.7655	 -0.9863
 +0.0146	 -3.3941	-11.0695	 +0.6990	 +6.0176	 -1.7309
 -3.1769	 -3.0004	-11.8816	 -3.1418	 -2.2371	 +1.5987
-23.1664	 +5.5076	-40.3417	 +1.0490	 -1.1008	 -1.1542
+15.0307	+16.8757	+29.6249	 -1.0506	 -0.8797	 +0.7829
 +4.9876	 -2.3513	 -1.3025	 -0.1911	 +0.7475	 +1.0004
 +2.2705	 +7.5136	 +1.9859	 -1.9593	 -1.4342	 -2.2228
 -5.6950	 +8.1649	+23.9796	 -1.1962	 +0.7467	 -2.7006
 -8.8200	 -3.9316	-10.6344	 +2.5484	 -1.7616	 -0.0603
 +0.0745	 +2.5096	 +1.0795	 -5.0726	 -0.6600	 +0.1087
 -8.6297	+15.0415	+13.0425	 -1.6501	 +1.1191	 -0.0617
 +3.8291	 -8.5747	-11.2151	 +0.4133	 +1.1865	 -1.6757
 -4.7500	 -3.8835	 +5.9762	 +2.0441	 -4.8305	 +0.3751
 -1.6311	 -3.4996	 -4.7584	 -2.8189	 -2.3046	 -0.3678
 -4.2356	 +4.2069	-11.8580	 +3.3584	 -1.0811	 +0.1878
-19.0250	 -0.0666	-16.8605	 +2.6005	 +2.3195	 +1.0771
-12.6981	 -6.7503	 -1.8778	 +1.1562	 +0.5137	 +3.1584
 +4.5723	 -1.3240	 -3.7636	 +0.7198	 -0.6495	 -2.4063
 -5.2628	 -3.3350	 -1.9612	 +0.0120	 +2.3207	 -3.2665
 -2.8955	 +5.0044	 +2.8063	 +0.9206	 -4.2944	 -1.4218
 -1.6085	 +3.1279	 +0.6085	 +1.1378	 +1.6078	 -3.3729
+22.1901	-14.8899	 +4.1487	 +1.4149	 -0.2073	 +1.1556
-14.8071	+19.0238	 -7.5165	 -1.1445	 -0.2121	 -1.0094
-11.0005	 +4.2070	 +1.8146	 -1.4873	 -1.1954	 -2.0513
 +0.6675	 +5.1473	 -7.8404	 -1.2647	 -3.0121	 -3.5948
-13.5285	-11.2169	+10.3299	 -1.3352	 +1.3572	 -0.0878
 +7.7129	+10.7529	-20.6905	 +2.7219	 -0.8295	 +1.9349
 -4.3397	 -5.1848	 -0.8395	 +6.4914	 +2.0788	 -0.7813
+20.2943	-12.0893	-25.2970	 +0.1823	 -0.1633	 +1.9235
 +1.4805	 -1.7963	 -4.0602	 -4.7100	 -5.8365	 +0.5933
 -6.7195	 +0.5993	 -4.0506	 -1.2539	 -2.4347	 +3.1530
 -1.1577	 -0.5242	 -0.9746	 +0.9357	 -1.8744	 -3.0508
+23.2902	 +5.9573	 -0.0085	 +0.1786	 +1.8482	 -0.2441
 +6.1920	-12.2629	 -6.3525	 -3.5208	 +0.2196	 -4.1322
 -3.3479	 -6.2715	 +1.0344	 -4.2032	 +0.5788	 -5.2271
+21.1086	 -6.8735	 -6.4583	 +1.1639	 +0.8173	 +0.1341
-19.4210	 -3.2536	 -4.7566	 -0.9954	 -2.0033	 -0.3624
 -6.3139	 +6.8491	 +5.4695	 +2.4867	 +1.3671	 -1.1959
 -8.9882	 -3.3979	-10.3231	 +1.8851	 +2.2458	 -0.7402
-15.3351	 -3.1883	 -1.1041	 +0.7201	 -0.3036	 +0.9171
-17.6561	 -3.3718	 -9.1697	 -1.2584	 +1.5885	 -2.8959
-25.0316	 -7.9194	 -5.4483	 -3.3030	 +2.5442	 +0.7986
 +1.0650	 -0.8687	 +5.2131	 -3.5632	 +2.5115	 -3.3606
 -0.9087	 -0.5737	 -2.4933	 -1.2745	 -4.3786	 +2.1825
 -3.3680	+17.6061	 -0.0559	 -1.0013	 +2.0168	 -2.6186
 +3.0951	+12.0626	 +3.0655	 +1.3037	 -3.2797	 +0.2872
-12.6473	+14.1988	-48.7884	 +0.1041	 +0.0410	 -0.2464
+10.5056	 +6.7777	 -1.8961	 +1.9601	 +2.9188	 -0.4244
+13.4128	 +7.1498	-12.9669	 +2.2257	 -1.4526	 -2.3086
-13.5062	 -3.1087	 -0.5083	 +2.0716	 -0.0660	 +3.1399
 -7.0530	+16.4275	-19.9949	 +0.9004	 +2.6565	 +2.6060
 -0.4452	-12.8492	 -4.3049	 -1.0598	 +2.9074	 -1.6549
 -4.7404	 -3.1262	 +1.0318	 +0.0983	 -3.2719	 -1.8204
 -0.6550	 -1.8726	 -7.1627	 -6.1852	 -0.0776	 +0.3244
 +2.0088	 +0.5704	 +2.3271	 -2.5905	 -0.0158	 +1.5316
 -9.5644	-12.7735	 -1.1423	 -0.0005	 -1.7952	 -0.2015
 -0.7992	+25.0109	 -1.3470	 +2.8528	 -0.0893	 -2.7359
 -0.1294	 +2.4481	 -4.2139	 -0.8640	 -0.5335	 +1.4024
+10.4680	+10.8715	 +6.9348	 +0.5907	 +2.0081	 -1.3829
 -5.0328	 -9.5464	 -3.6728	 +1.7253	 +2.4112	 +3.6104
 +2.5059	-10.1400	+17.9386	 -1.5170	 +0.7881	 +0.3178
 -3.1744	 -0.8973	 -9.4198	 +1.7947	 +0.7957	 -1.7216
 +3.9998	 +2.1735	 -8.6729	 +1.4044	 +0.9150	 +0.6695
 +5.4089	 +4.0070	 -0.3922	 -2.9687	 +0.5148	 -0.4734
 -2.6917	-17.7690	 +6.5956	 -2.4577	 +1.5649	 +0.4284
 -3.6096	 +5.3353	 -4.5944	 -1.6524	 +0.1582	 -0.4192
 +1.4833	 -0.1216	 -4.1632	 -1.9102	 -1.5205	 -0.7411
 -5.6650	 +1.4412	 -2.8313	 -0.9868	 +0.6587	 -3.2594
 -0.9422	 +7.1157	 +0.7717	 -0.3509	 -0.6650	 +0.4819
 -3.8139	 +2.0293	 -0.8524	 -2.5649	 -2.7490	 +2.1284
+10.0755	 -2.5167	 +4.8384	 +1.2373	 +0.1279	 -1.3856
-13.0798	+20.9988	 -7.5569	 +0.9014	 -2.2099	 +0.8761
 -5.0478	 -9.8781	-15.9334	 -0.3909	 +2.6970	 +1.0296
 +6.3963	 +0.1347	 -3.7592	 -0.1803	 -4.3779	 -0.7223
 -3.5346	 -1.2469	 -0.6233	 -2.6660	 -1.0115	 -0.7539
 -2.9081	 +5.5720	 -9.8877	 +0.1354	 -2.6334	 +0.5333
-18.9316	 +2.1142	+15.8219	 -1.2416	 +0.1684	 -3.9312
 -1.9354	 +6.4585	 +3.9010	 -2.9853	 +1.1905	 +6.1468
 -0.2862	 -2.7778	 +1.2853	 +0.5456	 -0.7527	 -0.6790
 +1.6477	 +2.1069	 -2.2453	 +0.5308	 +0.5852	 -0.7894
 +0.8921	 +8.5775	 -2.3678	 +3.4649	 +2.0953	 +0.7605
 -0.2930	 -4.5425	 +2.4898	 -2.0921	 -1.2840	 -4.8545
+21.1743	 -6.2409	 +5.5534	 -2.5490	 -1.6260	 -3.1231
 -0.2528	 +0.7320	 +1.9483	 +0.3898	 +3.3884	 +0.5910
 -2.0546	-34.5610	+58.0415	 -0.3752	 -1.1760	 +0.5135
 +0.3821	 -5.0952	 +0.3685	 -0.4957	 -3.5178	 -0.7825
+38.1576	+35.5619	-30.4954	 -1.7408	 -1.1941	 +0.5726
 +2.0400	 +4.3690	 -3.6952	 -0.4244	 -2.8022	 +3.2443
 -1.4853	 +1.1259	 +1.5676	 -1.1514	 -3.3893	 -2.8127
+52.0225	 +1.6381	-44.9708	 -0.2888	 -0.1708	 +1.4919
-14.0310	-32.1366	+26.8325	 +2.5581	 -2.0204	 +1.6031
+104.1630	+58.8687	+15.6241	 +0.0527	 -0.7912	 -1.6073
 +0.1411	+31.0565	 +4.4657	 +2.8198	 -0.9301	 +0.6359
+23.3057	+66.8898	-34.0181	 +1.1697	 -0.3613	 +0.0099
 -8.9275	 -9.8799	 +1.9889	 +0.2343	 +0.6098	 +2.1214
-10.6532	+17.9049	 -3.3742	 -2.8919	 -1.2113	 +1.1113
 -7.8332	 +1.7041	 -7.9682	 -5.5960	 -0.6131	 +4.6055
+11.3730	+28.2626	-48.7747	 +0.7281	 +2.6866	 +0.1898
 +6.8303	-12.4985	+42.7098	 +1.4949	 +0.9370	 -0.9850
+23.3800	 +6.5384	 +2.4196	 -2.2741	 +1.5304	 +0.9141
 -3.8046	 -2.9279	 -7.5870	 +2.4799	 -3.7482	 -1.3584
 +3.3267	 -7.6514	 -5.4287	 -5.1329	 +1.8791	 +1.2852
 +7.4680	 -4.6294	 -0.4902	 +2.2593	 -0.8093	 -3.5111
 -0.3438	 -3.2027	 -5.1230	 -3.3908	 -1.7470	 +4.9212
-11.7290	 -9.7515	 -6.5833	 -0.3581	 +1.6400	 +0.7527
 -4.3816	 -3.4454	 -3.1182	 +3.5317	 +2.7788	 +0.2750
 +0.9627	+24.2333	 +7.3378	 -1.2197	 -1.9207	 +0.8222
 +3.7057	 +4.7351	-15.6284	 +0.2891	 +3.4275	 -0.2951
 +8.6977	+15.2664	-25.9043	 -1.5662	 +0.1932	 -0.1211
 -4.1189	 +7.7699	 -1.6418	 -2.1934	 +4.8493	 -0.6349
+18.3488	-21.5024	-11.2069	 -1.0877	 +0.7897	 -1.0300
 -4.4355	 +1.8555	 +3.1642	 -1.2532	 +1.1787	 +0.3160
 -2.4155	 +4.0180	 -0.9580	 +1.0467	 +1.5710	 -3.4367
+12.6926	-18.9537	 +0.2877	 -0.8018	 +0.7484	 -0.4209
 +2.0235	 +3.7073	-15.1136	 +0.2878	 -2.4592	 +2.4467
 -2.8617	 -6.0742	 -0.7219	 -3.1872	 -0.2521	 +6.2717
 -0.8808	 +6.0488	 +2.8126	 +1.2426	 -0.4773	 -4.8945
 +1.8575	 -2.2077	 +6.5521	 +0.3385	 +0.8014	 -2.7327
-23.3538	+23.5536	 +8.1472	 -0.1245	 +1.8835	 +0.8973
 -4.3964	-11.1462	 +2.3971	 -3.1847	 -2.0730	 -1.2942
-12.6696	 +5.8301	 +0.2765	 -3.6586	 -2.4172	 -0.9017
+11.9647	+10.6909	 +5.9997	 +4.1881	 -0.2597	 +1.3767
-11.4934	 +4.6604	 -4.8711	 -3.1577	 -0.3898	 +1.5485
 +3.2145	 +0.7285	+11.8253	 +1.3713	 -1.4433	 -1.5836
-14.9197	+66.0766	+21.0896	 +0.7281	 +0.2934	 +1.2579
+19.7324	 -6.5881	 +5.8511	 +1.6677	 +1.0244	 -0.7652
 +3.9177	 -8.7929	 +6.4558	 +1.7284	 -3.3052	 +0.9339
-12.7830	-33.7550	+25.8212	 -0.8879	 +0.4598	 +1.1294
-40.8792	+34.8730	+25.6629	 +1.2181	 -0.1904	 -0.6179
 +0.0118	 +2.9342	 +2.2791	 +1.5603	 -2.6451	 -1.2675
 -4.8500	-17.6267	 -6.1503	 +3.3963	 -0.6045	 +1.6827
 +9.5825	 +8.7947	 +2.0717	 -3.6397	 +2.1778	 +2.1909
 -6.2402	 +0.7122	 -3.8407	 +1.6999	 -5.9612	 +3.5339
 +3.3427	 -2.0248	 +3.5956	 +5.6213	 -0.8237	 +1.0887
 +7.7477	+12.6662	 +6.6563	 +3.2584	 -0.2479	 +1.5710
 +4.2728	-32.7100	+110.5114	 -0.2986	 -1.4604	 +0.5625
-23.8290	+11.4010	 -3.3647	 +0.2402	 -2.9282	 +0.2704
 +5.0049	-13.6305	-18.1852	 +2.4972	 +0.8030	 -1.3748
 -3.8434	 +0.1387	 +3.2129	 -2.4768	 -3.9295	 +0.7708
+12.2383	 +1.6170	-12.0099	 -3.4156	 -2.3224	 +1.5042
 -5.6549	 -6.5805	-19.7692	 -0.5629	 +0.0807	 +2.2338
 -0.2757	 -7.1120	 +4.2644	 +3.3485	 -1.2165	 -3.5940
+25.5161	-25.4063	+39.2487	 -1.3208	 +1.1155	 -0.3354
-10.6572	-16.0848	 -7.7895	 +2.5534	 +0.2934	 -3.5291
 -1.5562	 -7.3699	 +1.4440	 +0.9426	 -4.3880	 -1.4056
 +5.4268	 +2.5665	 -2.5646	 +1.5088	 +4.8134	 -2.7305
-15.5950	 +6.2417	+15.1012	 -1.8240	 +1.8509	 -1.2283
 +9.2534	 -6.9352	 -2.1707	 +1.5314	 +4.2948	 +2.0067
+13.9002	 +5.0965	 +6.2973	 +1.0649	 -3.4230	 -2.3673
+13.8844	 +1.3147	 +4.0041	 -3.4817	 -0.4683	 -1.4697
 -0.1249	 -1.5303	+22.5771	 -0.3431	 +2.9738	 +0.6332
 +3.6518	 -8.3716	-13.1803	 -0.2683	 -5.2891	 +1.5780
 -1.8057	 +1.7290	 +4.9154	 +3.0353	 -2.6989	 +1.0300
 -4.0072	 -0.0961	 +4.3699	 -2.6102	 -1.2295	 +1.8107
-14.9377	 -4.1182	-10.3930	 -0.5294	 +0.7993	 -0.3210
-13.2190	 +3.3332	 +0.1747	 +1.5019	 +1.2758	 +0.7080
 +1.8278	 +7.9603	 -8.5679	 +0.0249	 +0.6745	 +2.2525
-19.2110	 +1.9522	 +9.0372	 +4.4297	 +0.4709	 +1.8434
 -2.9712	-10.6514	 +1.5189	 +1.1817	 +0.4979	 +2.7974
 -6.6398	 -2.0031	 -3.9713	 +0.7330	 -0.3746	 +0.6583
-11.8763	-11.6623	 +0.3673	 +0.7295	 +2.6048	 +0.7003
 -1.9113	 +8.2457	 +4.7107	 +1.8149	 -1.7386	 -0.2985
+27.5268	+22.7459	 -5.2334	 -0.7959	 +0.9286	 -0.2532
 -6.1344	 -9.3493	 -0.2379	 +1.7951	 -0.4076	 +0.6789
+25.4537	 +2.3801	 +6.3925	 -0.8501	 +2.2766	 -0.7503
 -3.3397	 -4.2027	 -6.0435	 -4.1210	 +0.5571	 -2.7945
 -5.1984	 +3.4696	 -8.2977	 -0.3102	 +2.3892	 -0.0057
 -4.0570	 +4.2524	-12.2183	 +4.3919	 -3.8742	 -0.0814
 +1.8047	 -3.5326	 +2.0423	 +0.1127	 -4.1773	 -1.8964
 -6.6685	-22.9323	 +5.7356	 -0.0174	 -3.4112	 -1.6317
-12.1365	 +9.6309	 +6.0162	 +1.5574	 +0.4331	 -3.0279
 -3.0818	 -4.1137	 -3.6707	 +1.4652	 +5.6494	 +2.6101
-15.6475	 -9.7219	+16.4472	 -3.2241	 -0.6021	 +0.9796
 -7.0963	 +0.0820	 +2.3200	 -6.1311	 +1.1134	 -0.3357
-16.7126	 -6.2864	 -6.7381	 -1.9199	 -2.6930	 +1.1900
 -0.2726	+24.6150	-12.5753	 +1.6840	 -2.2274	 +2.1674
-13.6977	+11.5910	 -3.8969	 +0.1110	 +2.8178	 +1.3879
 +5.0024	 -7.3580	 +5.5947	 -4.0456	 +1.4056	 -0.1836
+13.7011	-24.1088	 +1.7832	 -1.0540	 +1.3167	 +1.6208
+11.5423	 +2.3701	 +1.2062	 -1.2622	 +2.8616	 -1.2088
 +6.8869	+37.3096	-14.9442	 -0.0934	 +1.6694	 +2.2226
 +3.5171	 -3.4281	 +4.9548	 +0.4268	 +0.5144	 +2.8899
 -0.9901	 +8.5862	 -1.1709	 -3.5462	 +0.1721	 +0.2029
 -3.6162	 -0.4308	 -4.4517	 -1.0236	 -3.8090	 -0.9575
+86.9324	-29.1088	+52.1966	 +0.1436	 -0.9288	 -1.3669
 +0.5133	+11.9121	-13.7063	 -2.4768	 -1.9305	 -1.5555
 -1.5400	 -0.8933	 -8.6722	 +2.3174	 -3.6213	 -1.6501
 -2.0598	 -0.1362	 +7.6301	 +1.9252	 +0.9599	 +0.0570
 +2.7273	 +5.0448	-14.2835	 -0.9251	 +2.3658	 -0.8151
 -7.1706	 -0.8025	 +3.2811	 +2.9191	 +3.3283	 -3.7017
 +0.9802	 -0.5182	 +2.9620	 +1.4912	 +1.4960	 +3.0477
 +4.8077	 -5.7885	-10.4347	 -1.5473	 -3.0236	 -0.8067
 -7.4145	 +0.9948	+19.3009	 +2.2456	 -1.0898	 +2.4039
 +3.4642	 -6.6500	 +8.0250	 -3.4475	 +2.8626	 +2.1746
 +4.1543	+14.6166	+23.9968	 +0.6037	 +0.8911	 +3.7868
+10.3349	 +5.2919	+14.3185	 +0.7896	 +0.8471	 +2.2518
 +7.2507	 +0.7375	 -2.4007	 -1.9515	 +1.4827	 +0.0287
 -4.0689	 -8.7635	+21.7685	 +1.3736	 +1.1312	 -0.8700
 -8.7292	 -0.3545	+16.4311	 -1.6479	 -2.2230	 -2.1219
-20.5514	 +1.1980	 -7.1089	 +1.4155	 +1.0089	 +3.7509
 +4.7635	 +3.4295	 +3.2462	 -3.0076	 -2.5220	 -1.4115
-41.8975	+21.5277	 -0.3016	 -2.9782	 +1.4084	 -1.0389
 -3.1056	 -2.0534	 -3.1727	 +0.1645	 -7.2040	 +0.1315
-13.5242	 +1.3817	 -0.9900	 +2.2690	 +2.7312	 +2.2044
+18.7454	 +6.7415	 +8.1730	 -1.2867	 -0.9795	 -1.7411
 -4.6789	 +5.8837	+11.7187	 +2.0221	 -0.2994	 +1.6447
 +4.7459	-20.0051	 +4.2396	 -0.5585	 -0.5005	 +0.8433
 -5.5682	-12.6701	 -1.5617	 -2.1908	 +2.3655	 -1.6409
 -0.5928	+12.4507	 +5.0223	 +0.7651	 -0.0211	 +1.1460
-92.3518	-169.9785	+26.1021	 +1.0937	 +0.0019	 -0.0976
 +6.4182	 +3.9954	 +2.4307	 -0.7945	 -0.1073	 -0.1704
 -1.6886	 -7.1542	 -2.7773	 -3.8582	 +0.0519	 +2.8487
 +0.9897	 -2.8093	 -2.0359	 +3.9938	 +3.0888	 +1.6227
 -8.5292	 -1.5673	 +7.0250	 +1.8273	 -2.9266	 +4.5794
-10.9504	 -1.7521	 -2.6892	 -2.1505	 +0.1607	 +5.3468
 +0.2776	 +1.8825	 -6.8600	 +1.0362	 -3.1379	 -0.5129
 +2.1878	 -5.5204	-11.9053	 -1.9524	 -0.1557	 -1.0062
-14.7017	-10.4469	+22.7214	 +1.6411	 -3.0839	 -1.1031
 +3.6520	 +1.4766	 +1.0687	 -2.7911	 +4.1716	 +1.4615
 +2.9058	 +3.0058	 -3.8719	 -1.0756	 -1.4705	 -2.4964
 +2.2950	 -7.9246	 +2.9339	 -2.6272	 +3.4393	 +2.7260
 -0.0087	 +1.0626	 +0.3763	 -1.5218	 +5.0782	 +4.4520
 -2.7109	 -3.5944	 -1.7828	 +6.0749	 -1.5549	 +0.5014
 -3.6294	 +4.9535	 +7.3345	 -2.8175	 +1.0289	 +1.3589
 -3.0682	+20.6870	 -6.6890	 -0.7788	 +2.7154	 +2.6018
 +9.6487	 +2.3413	 -6.0857	 +0.6750	 -1.7989	 +1.5197
 -3.8175	 -1.5165	-12.5035	 +0.8628	 +1.0111	 -2.0307
 +0.3475	+28.6157	-30.9544	 +0.2023	 -1.0276	 +2.3917
 -0.7711	-19.5665	+40.7374	 +0.4424	 +0.5510	 -1.7687
+17.7959	-21.1174	 -8.0531	 -0.5760	 +3.0942	 -1.2774
 +1.1433	 +3.4037	+16.1223	 -1.6609	 -1.2053	 -1.7429
 +1.3049	 +0.9622	 +4.4225	 -2.7385	 -2.4190	 -4.0839
-12.5419	+14.6140	 +0.2802	 -2.4098	 -0.1250	 +1.1286
 +4.5063	 -6.3694	+29.4814	 -1.5295	 +1.2555	 -1.0414
-46.8337	+20.5744	-75.7230	 +1.0026	 +1.8911	 -0.0123
 +7.7586	 -1.8235	 -1.3649	 -1.0855	 +3.1585	 -0.2211
+13.2918	-17.1488	 -4.7724	 -0.6747	 +1.4636	 +0.7660
 -3.2416	+15.6847	-13.5297	 -0.2894	 +1.1693	 -0.9079
-27.6808	 -2.4514	 -7.3915	 -0.1888	 +1.1204	 -0.0113
 +0.3413	 +4.1934	 +0.8414	 -0.9086	 +3.0763	 +2.5811
 -3.2503	 +6.2781	 +4.3065	 +1.6091	 -0.2393	 -2.8515
 -4.1110	-26.3507	-16.2606	 +0.7615	 +2.9171	 -1.3474
 -2.3705	+11.1257	 +1.4087	 +2.4937	 +2.5845	 +0.5532
 -5.5283	 +3.2704	 -1.4384	 +0.7660	 -3.1326	 +2.1396
 -1.4960	 -2.4661	 +8.9715	 -2.7050	 +0.7704	 +0.8963
+19.8678	+15.8015	-33.6002	 -1.0918	 -0.9754	 +0.4026
+29.4613	+40.6420	+68.8341	 -1.0416	 -0.5653	 +1.0909
 -4.8669	 +2.6813	-23.1440	 -1.6983	 -2.5937	 -0.6019
 +1.0445	 -8.5923	+14.6056	 +3.0111	 +0.4519	 +2.5998
 +0.9971	 +1.8623	 +2.5505	 -1.0933	 -0.1562	 -0.0930
 +2.7012	+17.1553	 +6.9865	 +1.6721	 -0.9851	 -0.1046
+68.3477	+28.4771	+34.6285	 -0.6342	 +0.1885	 +0.6698
 +1.7085	 -3.5862	 -1.9155	 -2.2452	 +2.9051	 -4.6857
 -1.2299	 +7.9046	 +2.8841	 -0.8956	 -2.9681	 +2.7382
-15.2633	 -8.0483	 +2.0711	 -0.3986	 +1.2136	 -3.3283
 +2.4090	 -2.8515	 -0.8703	 -2.0973	 +2.2647	 +4.1829
-41.4250	+10.4254	+10.1934	 +0.9815	 -1.1232	 +1.8454
 -1.8622	 +4.0015	 -8.2826	 -0.7273	 +4.5856	 -2.3077
 +1.2279	 +6.0150	 -4.8327	 +1.0972	 +3.7478	 -3.7871
 -2.4067	 -8.5330	 -1.7450	 +3.7331	 +3.8099	 +0.8268
 -9.3516	 -0.1143	+29.4064	 +1.8421	 -0.1939	 -0.6513
 -7.3019	 -2.3353	 +8.0344	 -0.9877	 -4.7634	 -1.4141
-10.5843	 +7.8083	 -0.6267	 +1.6183	 -4.9165	 -1.1299
 +8.4992	 -3.6214	 +4.7114	 +0.7458	 -0.9950	 +0.9563
 +6.5601	 -5.3891	 +8.4939	 -3.9894	 -3.4019	 -2.3343
 -0.3991	-12.2973	 +7.9830	 -0.2047	 +1.2671	 -0.4713
 +4.1262	 +6.3235	-25.5687	 -1.7132	 +4.0810	 -0.9065
 -3.3777	 +3.5706	 -9.6756	 -1.5579	 -3.2038	 +2.5027
 -0.0214	 +3.6171	 +1.2872	 -4.4893	 +1.5092	 +4.4062
 -0.8431	 +0.0747	 +4.9475	 +0.7536	 +0.6020	 -1.7212
 -4.8346	-20.9284	-10.5822	 +0.6270	 +0.0542	 +3.0459
 -8.4434	-11.1789	-15.9369	 +3.1891	 -0.9418	 +1.1414
 -3.7476	 +4.2017	 +0.1918	 -1.3208	 +0.0091	 +0.3247
 -4.0515	 -9.2377	 +8.5503	 -0.4795	 +1.0101	 -3.1239
+17.1232	+13.5293	-12.4972	 -0.4822	 -1.2202	 -2.3141
 -6.2379	 -6.2777	 -4.6671	 +2.6297	 +0.2672	 +0.3437
 +2.4307	 +3.0054	 +3.5623	 -2.3619	 +4.6824	 -0.5439
 -2.0786	 +2.9392	 +2.9523	 -0.7422	 +3.6322	 -2.0341
 -2.8351	+11.9020	-25.9960	 -3.5021	 -1.8833	 +0.2934
 -5.7818	 -3.6869	 +1.8087	 +0.0567	 +2.2837	 -1.2816
+19.5839	 +8.1913	 +3.7821	 +3.3201	 +1.1581	 +0.7114
 +2.8466	 +8.5420	 -1.8683	 +1.1622	 -1.9587	 +3.4339
 +4.0862	 +0.3114	 +4.1967	 -0.9108	 -4.9540	 +0.2152
-14.6433	+19.2059	+11.4750	 +0.0172	 +0.7581	 +0.0829
 -1.8722	 -1.9567	 -3.7616	 +0.6650	 -0.8904	 -0.0247
-15.9207	 +6.7215	 +6.1313	 -1.2327	 +1.0516	 -3.8117
 -5.2509	 +5.8846	 -2.2810	 +1.1230	 -2.2985	 -1.4800
 -3.9918	 -1.7366	-10.3950	 -2.1714	 +0.8517	 -0.3407
 +4.8465	 +4.7253	 -8.6093	 +0.9492	 +0.5575	 -2.0405
+22.5945	+11.6865	 -0.6187	 -0.0762	 -3.2082	 -0.2366
-84.1389	+42.9377	+24.7337	 +0.1261	 +0.0986	 +0.6080
 -9.4979	 -1.0443	 +5.8864	 +3.2838	 +3.9898	 +2.0747
 -7.4128	 -1.7057	 -1.5511	 +0.2230	 +2.7376	 -1.8513
 -3.3643	 +6.5724	 -4.8310	 -3.8684	 +2.3183	 +1.8968
 -8.8277	 -4.1890	 +0.3474	 +1.6549	 -1.0186	 +1.7161
-19.9844	+11.4285	 +5.1441	 +0.3306	 -1.5572	 -2.0581
 -8.2677	+13.6954	-30.9891	 +0.8340	 +1.6983	 -1.9897
-16.8283	-19.3861	 -3.0881	 +0.2236	 -1.4657	 +3.0193
 -1.9146	 +2.9553	 -3.0468	 +1.5574	 +4.1631	 +2.2498
 +1.6608	+12.7070	 -9.2733	 +0.6754	 +0.7693	 -3.0383
 -1.0263	 +0.7158	 -9.1539	 +1.7433	 +0.5009	 +0.3274
 +5.0565	 -2.1754	 -3.5117	 -2.9772	 +0.0528	 -0.8704
 -7.8130	 -3.1510	-15.1635	 -3.0543	 +1.0641	 -1.5071
 -6.2647	 +1.9231	 -2.3900	 +2.8796	 +4.0354	 -4.2892
 +3.7108	 +1.5538	 +5.0554	 -0.1086	 +0.2282	 +0.3602
+30.4139	+20.5458	 +6.9367	 -1.4545	 -1.8601	 +1.8093
 +9.3141	 +2.8048	-17.5042	 +2.9380	 -3.0902	 -0.2917
 -6.3568	 -3.6584	 +5.3612	 -0.8728	 -3.1498	 -3.1525
 -3.7193	 +1.3919	 +0.0700	 +4.0609	 -4.8608	 -2.5410
+22.6785	 +1.6871	 +1.0229	 +0.8636	 -0.5678	 -0.3888
 -0.9237	 +2.1935	 +9.9981	 +3.8458	 -1.1773	 -1.8843
 +5.6686	-14.2025	 -3.4559	 -2.1295	 -1.5876	 -1.0485
 +6.1468	-13.9875	 +3.7855	 -2.1985	 -2.9882	 -0.6190
 -0.1314	 +5.0155	 +1.6521	 +0.0214	 +3.1502	 -4.4270
+13.1794	 -7.5975	 -0.6451	 +0.7146	 +2.3170	 -1.8650
+19.1398	 +4.6407	 -9.3739	 +0.5471	 -3.7769	 +0.4915
-34.9000	-18.2338	+15.7332	 -0.2601	 +0.1432	 -3.0453
 -0.4410	 -8.5493	+12.5694	 +1.8770	 -0.4006	 +1.1987
 +1.9399	+11.7337	+14.5178	 +1.2028	 -0.9914	 -2.8695
 -9.0903	 -9.3078	 -3.4201	 +1.8908	 +4.6019	 -2.8093
 +6.4298	-11.7315	 +1.6879	 +3.2964	 +1.7263	 +1.8714
-11.2137	 -5.3737	 -8.9415	 -2.2373	 -1.9114	 +1.1175
-40.7936	+25.9907	+37.3415	 -0.0759	 +0.5647	 +0.3123
 +7.5403	 +2.1878	 +4.8691	 +5.6079	 -0.5533	 -0.3048
 +2.2124	 -0.0508	 -4.4819	 -1.4928	 -2.3289	 +2.7699
 +3.2565	 +9.6405	 -6.4043	 -1.6254	 +3.3024	 +3.2432
 -4.1672	 +4.4203	 +3.1274	 -2.6127	 -1.4536	 +4.2321
 -4.4520	 +0.4732	 -3.1212	 -0.5546	 +6.0265	 +4.3976
+43.5770	 +5.7980	-16.6009	 -0.6745	 -0.7327	 +0.2757
 +0.0447	 -2.6348	 +0.6834	 +1.8518	 +4.2706	 -1.1531
 +9.0659	 +3.5367	 +5.4597	 -0.2862	 +2.2428	 +2.9279
 +6.6770	+12.7930	 +3.2337	 -0.6384	 -3.0857	 +2.0814
 -3.1916	-15.6302	-33.8196	 +1.0268	 -0.7723	 +0.9165
 -4.6202	 +0.4543	 -8.4156	 -1.1032	 +2.6051	 -1.7665
 +3.8893	 +1.1511	 +7.1068	 +0.4706	 -1.3093	 -2.5966
-102.4157	-32.5327	+85.0494	 +1.3953	 +0.1679	 -1.2322
 -1.8445	 +8.0778	 -8.5112	 +3.3967	 -2.3940	 -2.9992
+12.1324	-35.6351	 +9.0749	 -0.9875	 +1.7762	 +3.5862
 +3.2026	-24.9058	 -3.4592	 +0.9899	 -0.9471	 -2.2856
 +0.1562	 +0.7808	 +1.8323	 -2.7833	 -0.3736	 -3.5836
 -4.8573	 -5.7771	 -3.0455	 +1.5127	 -4.0070	 -3.2371
 +4.9583	 +6.1299	 -9.2864	 +3.5451	 -2.5008	 -1.1759
 +7.4142	-12.1594	 -0.3283	 +0.9039	 +1.3078	 +0.6688
 -2.3685	 -6.2165	 -8.9700	 -1.8692	 +1.5967	 -2.8080
-10.2193	 -9.4267	 +6.5286	 -2.4810	 +0.2409	 +0.5117
+12.1246	-24.2963	 -6.3648	 -0.2397	 +1.2974	 -1.1481
 -5.1659	 -0.5394	 +3.1331	 +1.8087	 +0.5154	 -0.7642
-20.2360	 -6.4163	 +4.1125	 -1.4997	 -0.4900	 +0.0940
 -1.4506	 +0.1052	 +2.7006	 -0.8806	 -5.4324	 +3.7169
 -0.3188	 +1.4319	 +4.6438	 +0.1711	 -0.7523	 -1.0952
 +4.8653	 -3.0160	 -2.3713	 -1.9555	 -0.9321	 +0.3048
-11.8573	-13.1828	 -6.7881	 -1.2179	 -1.9368	 -3.6591
-64.7020	+23.1885	+50.6878	 +1.2179	 -0.8362	 -0.8289
-58.5666	-32.3905	+18.6275	 +1.2868	 +1.0231	 -0.5462
 -8.9284	 -8.1659	 +9.9849	 +0.8658	 +2.1583	 +2.3792
 -2.5008	 +3.2473	 -3.4323	 +0.4822	 -2.2549	 +0.9489
-77.7166	-125.2857	+119.3649	 +0.6648	 +0.0552	 -0.0835
 -5.7222	 +6.8225	 +0.1675	 -4.0763	 -4.1921	 +0.2885
-10.1132	+11.3714	-10.1005	 -1.6221	 -1.5393	 -2.5374
 +0.7745	 +3.3599	 -4.5519	 +0.3741	 -2.4844	 +0.1170
-46.8752	-25.9321	-13.9952	 +1.8460	 -0.5857	 -1.1675
-10.6952	 +5.0393	-10.8260	 -1.8069	 -0.1261	 +0.0528
 +5.7822	 +5.8418	-18.8389	 -0.7987	 -1.5410	 +0.2285
 +7.9848	-31.7551	+35.8851	 +1.3692	 +2.1570	 +1.6167
-12.3860	 +3.2325	 +1.0304	 -1.7910	 +0.1858	 -2.2466
 -0.8487	 -8.1638	 +7.6556	 -1.9298	 +0.8742	 +1.4895
 +3.5022	+14.9109	-21.5184	 -0.0342	 -2.3889	 +1.7239
 -6.6537	 +2.0808	+17.6483	 +2.5079	 -2.8349	 +1.1180
-17.7225	+12.8090	+22.7994	 -1.7302	 -0.3816	 +1.5233
+12.6585	+10.2363	 +2.0934	 +0.3267	 -3.1244	 +2.2869
+11.8857	 -2.8313	-12.1535	 -0.0603	 -0.6438	 +0.5284
-11.3078	 +3.2082	 -1.2786	 +3.7141	 +2.7959	 +0.5317
 -6.2016	 +4.1722	-16.5857	 +2.2463	 -1.9043	 +0.5197
-11.3343	-15.9353	-23.5771	 -0.1734	 -0.1860	 +0.4139
 -4.9776	-13.1821	 -6.2298	 +1.9881	 +1.7573	 -1.9006
-10.9695	 -9.7214	+21.0310	 -1.5229	 +0.1620	 +0.0560
 -9.0072	 +5.4023	-10.2265	 -1.4105	 -2.9820	 -1.5946
 -8.8908	 +2.6391	 -5.7148	 +4.2511	 +0.9229	 -0.1875
-36.6534	+14.2643	+12.6495	 +0.1363	 +0.6458	 -1.6190
 -1.2749	 -8.4566	 -7.1765	 -1.2269	 -0.0067	 +1.8261
 -6.7294	-10.5788	+13.4054	 +0.8817	 +0.6318	 +2.2894
 +8.5020	+10.2625	 -4.7378	 +1.1488	 +0.6698	 +3.2758
 +3.9558	 +3.3365	 +4.8865	 -4.6018	 -0.4980	 -0.5960
-30.4742	+38.4090	-75.7011	 +0.4323	 -1.3960	 +0.6630
+11.5016	+21.7456	 -7.2528	 -1.5587	 +2.1948	 +1.3318
-12.6053	+76.8259	-52.1274	 -2.1214	 -0.6196	 +0.1604
-18.4491	 -4.9485	 -2.8173	 -0.0976	 -1.5559	 +0.3378
-15.4688	-17.5186	 -7.6925	 +1.1666	 -0.7228	 +2.0022
 +1.5565	+11.8042	 -4.5118	 -0.5209	 +4.7313	 +1.5732
 -9.2026	 -0.9911	+11.7062	 +3.1454	 +1.6836	 -1.4122
-19.9649	 -4.3057	 +5.1541	 +0.6875	 -0.9759	 +2.8084
 +2.0026	 +2.3482	 +6.6680	 +1.9075	 -3.4365	 -3.2231
 -1.2957	 -4.9031	 -9.4825	 +2.7019	 -0.5104	 -1.5911
 +4.6013	 -4.1614	 +2.0459	 +1.1877	 -0.5493	 +1.5297
 +2.3835	 +9.2967	 +4.6312	 -1.5929	 -0.4097	 -4.8481
-15.5770	 +0.6437	 -0.0987	 +0.0157	 +3.3199	 -2.0381
 +3.0585	 +3.0465	 -9.7422	 -4.1014	 +2.3538	 +1.7406
+10.9619	 +7.7129	 -2.4544	 -3.2454	 +0.4076	 +3.4774
 +9.9993	-24.7374	 -7.0295	 -2.9482	 -0.3957	 +1.8498
 -5.6552	 +0.6480	 -5.8904	 -2.6438	 -1.3582	 +4.4840
 -9.1060	 -1.9429	 +6.8378	 +0.2921	 +1.6971	 +3.3888
+10.9819	+11.1947	 +1.4136	 -0.9246	 +2.9085	 -0.7233
 -4.5635	 +8.3612	 +6.6736	 +2.3442	 +3.6982	 +0.7248
-143.6743	-179.0527	+114.0418	 +0.3704	 +0.8801	 +0.0911
 +4.3281	 -9.3203	 +0.0003	 -0.2793	 +4.3965	 -3.4306
-17.2110	+47.1982	+46.1721	 -0.3278	 -2.1650	 -0.2254
 +5.5038	 +1.4667	-12.5271	 -1.5882	 -2.4811	 +2.2113
 +7.1547	+74.6963	-83.1818	 +0.0805	 +0.0108	 +0.3252
 +1.0903	 -0.1590	 -9.9559	 -0.9554	 -6.1476	 -1.1296
 -4.3709	 -4.9007	 +8.2072	 -2.3903	 +1.4070	 -0.1114
-14.1632	+25.7413	-25.2845	 +1.5077	 +0.1289	 -0.2143
-16.3385	-16.3229	 +1.0016	 +0.9801	 +3.0616	 +0.6123
 -2.7016	-14.1526	 +1.4613	 -4.5837	 -0.4897	 -1.3436
 -2.3961	 +9.8372	 -2.5293	 -3.0189	 +1.5706	 +1.3295
 -2.0927	 -6.1552	 -2.3485	 -0.0353	 -4.5347	 +3.3125
-10.6349	 -2.4949	 -6.3243	 -1.7693	 -0.1671	 +1.6215
 -3.8675	 +2.2976	 +3.0982	 +2.4454	 -3.0883	 -0.2533
 -9.6300	+12.0216	 +0.1803	 -4.1136	 +0.5342	 -0.8726
 -1.5336	 +1.8561	 +2.1775	 -4.7304	 +5.1062	 +1.9029
-22.1798	+26.3449	 +2.1538	 +0.3604	 -1.2958	 -0.0481
 -0.9554	 -1.8540	-20.4842	 +0.6785	 +0.5678	 -3.7549
+13.5763	 +4.4885	+10.9890	 +1.4873	 +2.1930	 -0.8964
 -5.2815	 +1.7997	-21.5796	 +1.0670	 +2.9596	 -0.9837
 +4.2033	 +6.9797	-13.1096	 -0.1022	 -2.0644	 +0.7276
 -4.5638	 -6.3925	 -4.5047	 -6.2161	 -1.9193	 +3.0989
 -0.3687	 -2.8859	 +2.0215	 +6.2243	 +1.9786	 -0.6011
 +7.6168	 +4.9516	 +7.6576	 +2.6174	 -1.5893	 +2.8400
 +0.3073	 +7.6591	 -0.5669	 -1.6184	 -3.1341	 -1.0852
 +5.3186	 -6.7832	 +7.1922	 +1.1143	 +1.6467	 +3.1621
 -6.5179	-22.2655	+12.2816	 +0.8921	 -0.5155	 +0.2638
+12.5028	 -0.2198	 +0.3896	 -1.6305	 +2.7784	 +0.3714
 -3.2317	 +4.4131	 +0.4068	 +1.5888	 -2.7552	 +2.8477
-19.6829	 +3.7973	 -2.2920	 +1.9087	 -0.5393	 +1.7489
 +1.2846	 -0.5074	 +0.1888	 -4.8718	 +4.6810	 -2.4513
 +3.1748	+13.6047	 +4.9454	 -1.2120	 +2.4261	 +1.3939
-16.3822	 +2.5545	 -6.1031	 -1.2558	 -2.5003	 +1.6589
 +7.4947	 +7.6060	 +7.3209	 -1.5109	 +1.3757	 +1.2108
 +2.5523	+12.9992	 +2.9808	 -0.7861	 +1.4959	 +2.1088
 +7.0602	+25.8208	+35.2378	 +0.6072	 +0.3207	 -1.3209
-12.8526	 -1.1484	 +1.1471	 -0.5685	 -1.5338	 +1.1686
 +3.9751	+21.1538	-11.9519	 -2.6963	 -1.5775	 +0.7156
+19.7874	-13.1436	+10.2182	 +3.4491	 +0.2620	 -1.8005
 -6.6166	 +2.0396	 -7.3649	 -0.7346	 +1.9103	 +3.6548
 -3.8598	 -1.2722	 -1.8113	 -2.8308	 -3.1170	 -4.7552
 +3.0881	 +3.1814	 -2.8397	 +3.8678	 +3.1917	 -4.0576
-11.0075	 +1.4429	 -5.0389	 -3.1937	 -0.0110	 -0.2887
-18.6488	+11.0807	-26.2916	 -0.1725	 -1.0396	 +1.8612
 +4.8022	 -1.5747	-13.5902	 +0.6754	 -3.0090	 -2.2318
+22.5325	 -2.1813	-17.7215	 -0.6158	 -0.8021	 +2.0265
 +2.5160	 -1.2614	 -3.8325	 +0.8137	 -2.7332	 -4.1736
 +0.6168	 -2.5980	 -4.5160	 -0.0722	 -2.0254	 +0.0853
+11.8401	+15.5726	-14.0122	 +0.1564	 -0.7137	 -0.2946
-16.7446	+37.1850	-11.3006	 +1.6567	 +1.6825	 -0.0389
 -5.0125	 +1.9825	 +2.8617	 -1.0405	 +1.5958	 -2.8344
-10.5842	 -5.3544	-16.1294	 +1.1191	 -1.2464	 -3.2564
-11.5543	 +3.4758	+11.9359	 -1.9196	 -4.2933	 -0.4651
+18.4234	-10.0998	 -9.3212	 -0.2251	 -0.4398	 +0.4698
 +6.4516	-18.7835	 -2.8535	 -2.0017	 -2.5389	 +0.3962
 +1.8766	 -2.3476	 +6.0938	 -1.3597	 -1.0634	 -2.1104
 +3.7310	 +7.4823	+15.0084	 -1.2507	 -0.1736	 +2.5988
 -6.1515	 +2.4434	-25.1955	 +0.4543	 +2.0671	 +0.2954
-13.4786	+19.2543	 +0.8261	 -1.4586	 -2.7791	 +1.2845
 +6.1405	 -6.1369	-19.8494	 +0.8703	 +0.6728	 +0.5002
 -9.6691	 -2.1570	 -1.6461	 +0.7967	 -2.0232	 +0.4494
+15.5679	 +6.5414	+40.3530	 -0.5536	 -0.5208	 +0.5773
 -9.9067	 -3.5311	 +1.3063	 +0.6481	 -0.6081	 -1.8234
 +7.1951	 +2.5180	 +7.4625	 -1.4224	 +2.5747	 +0.5903
-12.3837	+19.2807	 -1.8475	 +2.6530	 -0.6633	 +1.6342
-12.1579	 +2.5727	 +2.9826	 -2.1791	 +1.4573	 +0.6924
-12.8878	 +5.8374	-14.0794	 -0.2472	 -2.0452	 -2.0776
 -8.5534	 +9.2983	 +8.1301	 -3.9282	 -0.5741	 -0.4373
 -0.0618	 +3.5489	 -6.1373	 +0.4637	 +1.1614	 +3.2453
-61.1612	-18.0857	-25.6719	 -0.5232	 +0.1657	 -0.0724
 -4.3738	 -0.1411	 +5.0586	 -1.0951	 -3.9406	 +2.8201
 +5.6034	 -2.4374	 +5.5757	 -0.8092	 -0.0019	 +1.2533
+11.3458	 -5.0988	 -4.1560	 -0.3976	 -0.7648	 +1.2897
