# Iterations: 61 of 100
# Total Energy: -6.689e+05
#    Kinetic Energy: 6.747e+05
#    Potential Energy: -1.344e+06
# Current Time: 2018-05-08 11:18:46.711205
# Elapsed Time: 0:04:28.003351
# 
# Med. Times for Sections
#    Force Computation:		0.824740
#        [0.8248340.8284460.8289190.8192880.8246460.8291110.8222440.8241570.8274450.821075]
#    Gather Particles:		1.327752
#        [1.3057601.3073981.6393791.6133431.3178221.2985741.6409011.4978471.2864751.337682]
#    Overall:		3.964793
#        [3.9715613.9580244.2812354.2226913.9299133.8965504.2615324.1027193.9010923.943465]
#    Scatter Particles:		0.002352
#        [0.0023430.0024570.0023260.0019570.0021830.0024110.0023610.0023810.0013500.002411]
#    Time Integration:		0.000069
#        [0.0000670.0000720.0000620.0000650.0000700.0000700.0000750.0000660.0000740.000067]
#    Tree Broadcast:		0.841659
#        [0.8719580.8742600.8451010.8414920.8318930.8386600.8348290.8418270.8335800.844526]
#    Tree Construction:		0.949289
#        [0.9665310.9453240.9653680.9464800.9532280.9276560.9610510.9363740.9520980.937636]
# 
# x	y	z	vx	vy	vz
# 
 -6.4651	 -4.1682	 -2.7567	 +1.0189	 +0.8493	 -0.1586
 +2.9748	-19.3787	-11.5547	 +1.1447	 +2.0487	 +1.7573
 -1.7689	 -4.6667	 +7.8745	 -1.7931	 -2.6395	 +2.2729
-23.8076	+25.5666	 -0.9115	 -2.2427	 -0.8355	 +1.1724
 -4.8593	-18.4195	 -6.2745	 +1.7702	 -1.4649	 +0.2619
 -3.4774	 +0.7241	-16.5299	 +2.7164	 +0.6342	 -0.7016
+13.9883	-15.2220	 -8.5988	 -1.3044	 -0.9442	 -0.9859
+11.4106	 +7.7403	 -6.1769	 -1.4434	 +0.2052	 -0.2589
-26.7246	-35.2497	-11.2378	 +1.9339	 +1.7024	 -0.1016
-13.5303	+22.1922	 +1.9586	 -3.1948	 -0.2344	 +0.5708
-23.8685	+10.9496	+17.4302	 +2.1960	 +0.9689	 -0.3423
 -4.5624	 -3.6432	 -0.0383	 -1.6373	 +2.6039	 -1.5216
 +3.6581	 -1.2676	 -5.6858	 -2.5305	 +3.0262	 -4.5874
+25.7038	+12.1296	-27.1293	 -1.2688	 +0.9647	 -1.1389
 -1.3181	 -4.3858	 -1.8606	 +3.4635	 -1.8777	 -1.3729
+12.9650	 +3.0506	 -1.1920	 +2.0360	 -1.7443	 -1.9312
 -8.6066	 -2.4540	 -7.5922	 -1.0037	 -4.3045	 +2.8034
 -5.1231	 -0.2666	-18.6228	 -1.5489	 +0.6661	 -1.6445
 +9.7319	 -7.4199	 +7.4072	 +0.1131	 -1.2994	 -0.7479
+105.0626	-28.6364	+78.5266	 -1.3662	 -0.8383	 +0.2033
 -6.5706	 -4.6586	 -4.1147	 +2.5878	 +2.2259	 -3.0840
 -3.7430	 -0.1954	 -8.0332	 +0.9661	 -4.5053	 +0.3889
 +5.3686	 +1.1440	 -9.6155	 -1.3745	 +2.5924	 +1.9925
 -3.8334	 -4.9654	 +2.1724	 -2.4572	 +0.9095	 +4.2022
 +7.3657	 +7.5150	 -8.6471	 +1.3153	 +0.8116	 -0.1780
-35.1292	+20.3316	 +0.1451	 -2.1227	 +2.3342	 -1.3056
 -3.4578	 -1.1977	 -3.8034	 -1.7034	 -5.4934	 -2.7449
 +9.4415	 -7.4933	 +3.7521	 -4.1162	 -0.2071	 +2.1771
+10.1921	+12.9124	 +6.5915	 +2.9195	 -2.2087	 -2.2757
-18.0111	-18.7466	 -4.7746	 +3.3549	 +2.1615	 +0.5606
 -4.5789	 -4.2014	 -4.1892	 +5.3141	 -2.7448	 -4.2976
-56.3247	 +8.3368	 -0.2917	 -0.8607	 +2.0049	 +1.8289
 -1.7264	 -5.8272	-12.9337	 -4.4263	 -0.3789	 +2.2282
 -0.5080	-14.8544	 +5.0479	 -0.8743	 +2.0114	 -1.3397
-10.0024	 -3.2035	+22.0508	 +0.2927	 -0.6307	 +0.9803
 +4.2290	 +1.8939	 -0.3744	 -0.5030	 +0.4041	 +0.0700
 +3.0553	 -4.3707	 -2.5218	 -0.5227	 -4.7881	 +1.9934
 -2.8638	 -0.7391	 +5.4506	 +4.1591	 -3.5522	 +0.9949
 -2.7348	+31.2351	-11.4632	 -0.7481	 -1.6487	 +0.6622
 +3.9548	 -0.5891	 +2.7390	 +0.5286	 +4.2730	 +2.3099
+13.4281	-11.8901	+10.1488	 +2.0844	 -3.5459	 +0.4969
 -4.8626	+10.6174	-11.8015	 -0.3436	 -1.3004	 +1.6319
 -5.8239	 -1.3877	-10.1464	 -1.9228	 +4.0628	 +0.1099
 -5.9339	 +3.5693	 -1.5998	 -3.4832	 -1.3522	 -0.9879
 -5.5249	+22.4989	-20.8803	 +2.3742	 -0.0782	 +0.8118
 +2.0528	 -0.6605	 -2.3548	 -1.8947	 -1.6097	 +5.2914
 -1.8990	 +2.5140	-11.4857	 +2.3488	 +4.5277	 -0.4240
+34.9105	 -5.6709	 +1.5467	 +0.0239	 -1.2656	 -1.5926
 -2.4724	 +5.4842	 +0.0167	 +2.2258	 +1.4872	 -1.2528
 -5.3855	 +1.4243	 -4.4336	 +2.9575	 +4.3832	 +0.4606
-33.7418	-57.0077	-37.7980	 +1.1320	 +0.2724	 +1.5968
 -2.3416	 -5.8060	 -1.0285	 -2.1016	 -2.3036	 -4.0236
+16.3606	 -8.8653	 +7.8558	 -0.4086	 +2.7323	 +3.8680
 +3.7508	+10.9313	 +5.5269	 +2.2569	 -4.1035	 +2.0184
 +5.3108	 -3.8324	+53.6492	 +0.4726	 +2.2170	 +1.8511
-28.2392	 -6.7787	 -4.3953	 -1.7771	 +0.3638	 -0.1625
+31.6434	 -4.8103	 +4.2416	 -1.3649	 +0.9754	 -1.0633
 -5.6726	 +5.9543	 +4.0502	 -1.2045	 -1.2131	 -3.3253
 -0.1427	 -5.5125	 -1.1739	 +3.5254	 +2.7637	 +4.1793
 +0.6744	-21.3673	 +8.4840	 -3.6855	 +1.3496	 +0.0608
-16.3622	 +1.4766	 +8.5363	 -3.9922	 +0.9427	 -1.7806
 -8.4476	 +5.2534	-21.3127	 -0.3218	 +3.9612	 -1.3939
 -1.3565	 -8.3871	 -3.1980	 +2.5703	 +2.8045	 -1.4848
 -5.6153	 -6.5228	 -6.9423	 +0.6830	 -2.6550	 +3.7003
 -3.0089	 -4.3677	 -4.0047	 -1.2523	 +0.0795	 +4.8332
 -8.1377	 -5.2340	-10.9701	 -2.0767	 -2.7010	 -1.3343
 +5.3985	 -1.4023	+22.2677	 +0.5401	 +1.0220	 -0.3753
-15.1746	-13.1869	+27.6274	 -2.3889	 -1.9707	 +0.3944
 -3.1000	 -8.0797	-19.8479	 +0.5325	 -0.7588	 +1.2260
 -4.1723	 +9.9285	 -2.9987	 -0.2397	 -2.5496	 +4.2378
 -2.5966	 -5.4727	 -2.7880	 -1.9918	 -1.1010	 -1.8476
-12.2877	-11.8405	 -5.5777	 +2.0982	 +0.6914	 +1.2226
-11.4360	 +6.5693	 -3.3870	 +1.1927	 -0.0010	 -1.9104
-15.1525	+15.2834	-94.4415	 +1.9208	 +0.0055	 -1.4298
+26.4595	-27.5572	-13.9114	 -0.2032	 +1.6193	 +0.5961
-11.8487	 +8.6590	-10.6384	 -2.2886	 -3.9841	 +1.2253
 -4.4898	 +3.4966	 -9.4939	 +1.4096	 +1.7260	 -1.5952
 -3.2779	 -9.7494	+12.6079	 -2.9677	 -2.0651	 -1.4215
 -2.7645	 +9.9919	 -2.4537	 +3.1639	 -0.5979	 +3.1486
+21.8508	-14.3771	 -5.7065	 +2.5279	 +1.5972	 -0.0329
 -1.4456	 +1.3940	 -0.7320	 -1.0479	 +0.9274	 +3.1781
 +9.6413	+10.8574	 -8.7702	 +0.0874	 +2.3751	 -1.0533
 -1.4343	 -0.7051	 -2.7873	 +2.0719	 -0.2971	 +5.0146
-11.3058	+24.5277	+16.1437	 -0.9606	 -0.1959	 +3.5526
+14.3067	 +5.4791	 +2.0511	 +2.8441	 +2.5769	 +2.8894
 +2.3041	+12.3219	 +9.2530	 -2.8535	 -1.8661	 +0.5168
-17.1837	 -4.5357	 +0.6387	 -1.0994	 +0.7211	 -2.9992
 -1.3363	+17.5306	 +9.6364	 -0.8390	 +2.7998	 +0.7727
 -4.3832	-28.0757	 +9.0967	 +2.0358	 -1.0934	 -1.4337
 +4.9256	 -9.4802	 +1.9664	 -1.2271	 -0.7341	 -0.8051
-11.7694	 +0.6340	 -1.6881	 -0.5387	 +2.0622	 +3.2856
 -2.5799	 +0.1613	 +1.0397	 +2.3883	 +1.4043	 +0.2619
-14.0213	-26.5314	-48.1760	 -0.7388	 -0.8660	 -0.4498
 +4.0413	 +2.3996	 -6.2956	 -4.2096	 -0.3516	 +4.5634
 +5.4842	+12.5883	 -0.4863	 +0.5574	 -1.4246	 -1.2080
 +7.6474	 -7.7268	 +1.7102	 +1.6838	 +1.3979	 -4.1286
 -7.7545	+32.9343	-18.7288	 -0.4780	 -0.0705	 +2.2668
 +1.0657	 -2.7301	+18.0031	 -1.9270	 -0.4346	 +1.4497
-10.1483	+14.1403	 +1.1359	 -0.4719	 -1.5828	 -1.3486
-11.8295	-11.0421	-22.6106	 +3.1359	 +1.6995	 -0.5714
 +5.6622	 -3.9308	 -3.3773	 -2.5964	 -5.5744	 -0.6235
-13.2131	 -1.7601	-11.1297	 +0.7101	 -0.1721	 -0.3866
 -3.7110	 -0.6145	 +3.3400	 -1.2874	 -1.4728	 -2.8070
 -2.8456	 -5.6492	-10.5106	 +1.2963	 +3.5639	 -2.5139
 -0.6222	 +2.1888	 -5.3500	 -1.3783	 -1.8726	 -0.4424
 -6.6924	 +0.6664	 +5.0075	 +3.8981	 +2.9970	 +2.7546
-15.3128	-17.9751	+21.4993	 +3.1304	 -0.3724	 -0.8532
 -7.4638	-13.5137	 -0.7112	 -0.3896	 +1.5279	 -0.3195
+26.3228	+10.8682	+17.9974	 +1.0934	 +1.8437	 -0.2953
 +2.6216	 +1.3150	 -9.7418	 +2.4117	 -0.3311	 -3.7047
 -4.1800	 +3.5859	 -3.6576	 +2.9073	 +5.4694	 -1.5672
+474.6419	+387.8936	-227.3524	 -0.2783	 +0.6741	 +0.3145
-138.9440	+99.2661	+199.9548	 -0.1114	 +1.1376	 +0.4421
+10.0832	 -3.1990	+10.2469	 +4.2916	 -1.3428	 +0.6071
 +5.9482	 +1.4493	+20.4266	 -1.7568	 -1.1780	 +0.4405
 +0.6136	+10.7918	 +7.1047	 -0.0061	 +2.6249	 -2.4103
 +5.2176	 +4.1988	 +0.1652	 +3.9164	 -2.5977	 -2.8406
-73.4506	-15.9423	-10.4305	 +1.3370	 +0.1799	 -0.7488
 -4.6861	 +0.5280	 -0.2334	 -2.8536	 +1.2401	 -2.3862
+45.7301	-22.2290	-43.8904	 +0.5427	 -0.7216	 +0.2336
-15.1511	 +8.0841	 -7.6234	 +0.4005	 -0.9817	 -2.1851
 -0.7642	 +0.5831	 -1.3920	 -2.2609	 +4.2238	 -1.4288
 +4.2749	 -1.1074	 +0.0191	 +4.2815	 +1.9404	 -2.0784
 -0.9379	 -9.1477	 -1.1957	 -5.0949	 -1.0788	 +0.5618
 -3.2618	 -0.2105	 -0.4823	 +2.1999	 -2.6003	 +2.5878
 +0.5217	 -3.8205	 +2.9793	 -1.9854	 +3.3722	 +0.9536
-16.4612	 +1.1194	 -4.0194	 +1.2406	 +0.0169	 -3.0630
 -8.7405	 -4.1576	 +3.0156	 -1.6057	 +0.0858	 +0.4810
 -8.4020	 +0.8235	 -7.9526	 -2.3559	 +1.8268	 +1.2416
+11.9780	-12.9736	 -0.6102	 -1.8048	 -0.1804	 -2.5702
+13.9331	+32.2269	-162.9977	 +0.0699	 -1.1588	 -1.3142
 +8.1687	 -1.9360	 +6.5165	 +2.9157	 +2.0854	 -0.4602
 +5.9126	 -3.5903	 -9.3426	 -1.6468	 +3.4556	 -0.9032
 -6.1841	 -7.6846	 +2.5713	 -4.0590	 +0.1328	 +0.0978
 -2.6746	 +1.0996	 -2.1450	 -0.6747	 -3.4672	 -1.3366
-17.6725	+24.6179	-35.6352	 -0.5303	 -1.1199	 +0.6933
 -2.5429	-10.6758	 -8.0037	 +4.9745	 +1.4879	 -1.1628
+19.4033	-15.8952	+15.7024	 -0.9135	 -2.7157	 +1.1933
 +3.2177	 -3.4970	 +5.0612	 +1.9190	 -3.7472	 -1.2455
+12.7370	 -9.3616	-12.0849	 -1.7692	 +0.0596	 +1.6000
 +1.0874	 -4.1370	+11.1422	 +1.3971	 +0.8423	 +1.3960
 +9.6313	 -8.7489	 +6.4441	 -3.2239	 -1.1919	 +2.5156
 +0.6995	 -1.7690	 -1.8485	 +0.7662	 +1.7361	 +1.3192
-31.7013	 +5.0953	-37.2456	 +1.9714	 +2.2134	 -0.0948
+58.1642	 +5.5980	+20.7788	 +0.5920	 -1.9129	 -0.1951
 +1.4762	 +5.8496	 -2.4730	 -0.3698	 +0.6097	 -4.2285
-28.5226	-70.8962	+45.9222	 -1.2878	 +0.9650	 +0.9811
 +3.7462	 +9.6502	 -7.8890	 -1.1057	 +3.0367	 +0.7040
+19.9086	 +7.3429	 -4.2119	 +0.4245	 -1.1126	 -3.3038
 -3.5371	 -2.7091	 -2.4061	 +4.9545	 +3.4887	 -2.2558
 +1.9854	 -4.1958	+10.6569	 +1.0937	 +3.1017	 -1.2791
 +0.5942	 -5.4306	 -0.0736	 +6.0185	 +1.4751	 -2.2372
 +2.0908	 -2.5168	 -1.5582	 -5.8831	 +2.3873	 -0.6059
 -7.5258	+12.3969	 -6.9045	 +0.5724	 -0.7875	 -0.7443
 +6.7622	 -2.9821	 -8.3999	 +0.9929	 -3.6949	 -1.3265
 -9.6441	 -2.1617	-17.1612	 -1.1323	 +1.7416	 +1.2991
 +2.3655	 +8.1245	-15.0645	 +3.1386	 -0.3299	 -2.6789
 +7.5414	 +3.0244	+28.9357	 -2.8060	 +1.1550	 +0.8708
 -6.3024	 +2.6978	 -6.2717	 +1.8357	 -2.0840	 +4.1220
 -6.4196	 +3.3434	 -1.1281	 +0.7236	 -0.1783	 -1.4586
 +0.5040	 +1.7926	 -4.0375	 -4.0292	 +3.1670	 +2.8161
-18.2608	 +1.0357	 +9.4767	 +3.7670	 -2.2916	 -1.4963
 +5.3564	 +2.0463	 -2.3635	 -3.5159	 +1.0605	 -0.0730
+14.6458	 +8.7693	 +4.8431	 -0.7950	 +1.5131	 -0.1250
 -7.6113	 -4.7423	 -4.5854	 +2.0833	 -0.6841	 +4.1958
 +1.1276	 -3.0073	 +5.5153	 -4.8683	 -0.9342	 +2.5736
 -3.2821	 -2.1452	 +1.1080	 +1.6773	 +1.2400	 -3.5965
-16.2000	 -2.8175	-15.7687	 +0.2131	 -2.8199	 +2.5236
 -2.7052	 -1.1414	 -4.7276	 -3.3594	 +0.9375	 +0.0440
 +3.6971	 -4.3768	-14.2138	 +2.7488	 -1.5455	 +0.3495
-15.8727	 +1.8150	-15.7405	 +0.0832	 -1.1461	 -2.2353
 +2.3519	 +0.8508	 -2.7425	 +0.2471	 -0.8242	 +2.1180
 -4.1468	 +1.3705	-10.1670	 -0.8489	 -0.6359	 -5.0547
+29.4489	-13.4584	+25.2062	 -0.5804	 -0.4118	 -0.4827
 -5.7027	 -0.2277	 +3.2647	 -0.2161	 +2.5868	 -1.5813
+53.8030	+26.6285	-26.1995	 -1.9061	 +0.9784	 -0.1657
-15.4488	-12.9652	 +1.9819	 -2.9726	 +1.6345	 -2.3129
 -6.7277	-24.0934	 -9.8517	 +1.5779	 +1.2569	 +1.4443
 -0.2400	 -7.3077	 -2.5119	 +1.1894	 -1.6728	 +1.9592
 -2.2967	 -5.4421	 +1.3973	 -0.0724	 -3.5801	 -1.9350
 -2.7662	 +4.4720	 -3.6200	 -4.4267	 +0.8263	 -1.8598
 +3.3111	 +4.4947	 -8.7306	 -1.6427	 +3.6229	 +1.1798
 +6.8801	 +4.1657	 +5.2942	 +0.5748	 -0.3555	 -0.8199
+14.8210	+19.4919	-21.9773	 -0.6264	 +1.2662	 -1.4117
 +9.3773	 +0.3084	 +2.0210	 +2.0696	 +2.6590	 -4.4555
 +2.9992	 -2.9302	 +0.6496	 +0.8043	 -2.0495	 -2.7641
 +1.3218	 +4.9710	-10.4357	 -0.1026	 +1.2738	 +1.8961
 +1.6090	 -1.0664	 -5.9523	 +0.3416	 +1.7308	 -0.9015
 -9.8563	 -8.7499	 -0.9208	 -3.6219	 -1.1266	 -2.2653
 -4.5499	 +4.8828	-11.8610	 +1.8505	 +0.9418	 -0.9103
 -4.5866	-11.9402	 +5.8307	 -1.5361	 -4.1864	 +2.0145
 +1.2314	 -1.5841	 -8.6807	 +2.0422	 -0.1756	 +0.0456
 -0.6035	+25.0410	-30.8572	 -1.5794	 -0.6482	 -2.0181
 +2.3954	 -4.0222	 +6.8988	 +0.0158	 +2.2997	 +3.4618
 +0.0993	 +9.6836	 -0.1156	 +1.8527	 -1.3377	 +1.3423
 +6.0038	 +3.2078	 +0.1550	 -0.9152	 +1.5492	 -0.6811
 +7.9229	 +5.5865	 +5.6372	 -2.7204	 +3.3368	 +0.4241
+31.4810	-101.2285	-36.3422	 -1.3276	 +0.1932	 +0.9653
 -7.6074	+10.0353	 -1.2516	 -0.0104	 +2.6963	 +2.5186
 -8.8991	 -5.3249	-11.4009	 +2.4741	 +3.4856	 +0.4240
 -8.5551	-23.0639	-20.8070	 -1.5478	 -0.8311	 +2.6160
+26.3998	 +4.8616	 +5.8233	 -1.0143	 +1.3867	 -1.6723
 -3.0189	 +6.0710	 -1.8262	 -1.6279	 -1.3747	 +3.1457
 -5.8919	 +3.6169	 -0.2516	 -4.0389	 +4.0666	 +0.2203
-18.4748	 -5.3249	 +1.6166	 +1.3967	 -0.9623	 +1.5110
 -0.2883	 -2.1727	 +0.7759	 +2.9638	 -3.3495	 -0.2019
 -6.9193	 -2.4492	 +3.1230	 -0.1495	 +0.3862	 -0.7734
-14.8107	+20.5381	 -6.8187	 -2.9057	 -0.7953	 +3.0615
 +5.0647	+49.5455	-35.8144	 -2.0388	 +0.8966	 +1.1086
 -4.0760	 +1.3628	 -3.6775	 +5.7623	 +1.0642	 +2.1333
+11.9172	 +5.2813	 -5.6240	 +1.4832	 -2.2163	 -0.5689
 -1.2939	-11.0454	 +2.7591	 -2.4664	 -0.6456	 -1.6114
 +3.8790	 +3.5125	 -6.5367	 -2.1068	 +3.1604	 -1.4740
 +6.0637	 +0.7281	 -4.1462	 -5.8497	 -0.5499	 -2.7393
+20.3080	-11.4163	-18.6030	 -0.4897	 -0.1467	 -1.3210
+119.4987	 +5.0466	-43.5531	 +0.3209	 +0.1494	 +0.6849
+18.2312	+13.5336	 -6.9381	 +0.5119	 -1.3971	 -3.8972
 +4.2296	 -7.8452	 +2.3339	 +1.7802	 +0.3850	 -0.8671
 +5.6402	 +0.4958	 +3.2185	 -3.2110	 -2.2980	 +1.5042
 +4.5789	 -8.0603	 -0.9031	 -1.5663	 +0.6305	 -1.3672
+33.2493	-32.7973	 -6.1441	 -0.8066	 +0.0611	 -0.5725
 +2.2123	 +4.2963	 -1.7748	 +2.2411	 +4.3403	 +1.4176
-14.5922	 -9.1795	 -2.8215	 -1.2284	 +0.6865	 -2.4180
 +3.4396	 -2.0494	 -1.4037	 +1.5090	 +2.3505	 -4.4481
 +1.9100	 -4.9823	-11.7878	 +1.1784	 -0.0399	 -2.0603
 -2.1262	 -0.4492	 +1.9352	 +3.0232	 -1.2234	 -0.7045
 -2.2377	 +0.2769	 -6.0411	 +3.7571	 +1.7569	 +2.3639
 +1.3664	 -0.8266	 +1.6643	 -1.0814	 -4.7645	 -3.5247
 +7.2073	 +6.4032	 +1.3088	 -0.0077	 -1.7426	 -1.5813
-11.8606	 +6.2745	 +3.5518	 -0.1671	 -0.8347	 -1.3127
 -6.3113	 +3.9327	 -5.4638	 +0.1113	 -0.8737	 -0.7126
 +2.8919	 +9.4379	 -2.6824	 +0.7590	 +0.8951	 -1.0065
+11.1748	 +5.6068	-10.5805	 +0.7388	 +0.5482	 +2.1444
 -3.5117	 -5.5799	 -3.0867	 +0.8748	 +3.5293	 +2.9124
 -4.6597	 -8.7795	 -7.0252	 -0.7708	 -1.4777	 +4.2413
 -5.5846	 -2.0917	 +7.3399	 +0.8345	 +3.3547	 -1.9300
 +2.6939	-10.7788	 -0.1379	 +0.4492	 -3.4052	 -2.1249
 -1.0477	 -8.3929	+17.7780	 +1.9009	 -3.2870	 +0.8470
 +6.0298	 +4.1587	 -4.7337	 +1.2646	 +2.8723	 +1.8604
 -1.0413	 -2.3369	 -0.1370	 +2.4711	 +0.1539	 -1.7054
-48.6630	 +7.9204	 -0.2901	 -2.0764	 -1.5121	 +0.4317
 +3.7308	 +3.5066	 +4.7496	 -0.2017	 -1.6178	 +2.2097
 +0.9224	 +0.5764	 +2.3994	 +1.9994	 +6.4530	 -1.1886
+11.2667	 -7.5772	 -3.7794	 +2.9165	 -2.0617	 +0.4236
 -6.7689	 -6.8902	 -1.8897	 -0.6357	 -2.3844	 +2.1109
-16.3886	 +7.4899	 +1.9827	 +0.2656	 +1.4708	 +1.0021
-31.9661	 -9.4533	+41.9929	 +0.2203	 +1.1001	 -0.4557
 +0.8226	 +0.2755	 +2.1420	 -5.6760	 -0.4338	 +3.8412
 -1.1148	 -9.6609	 +6.1748	 -2.3525	 +1.1906	 -2.1007
-39.6987	-31.5848	-24.1499	 +1.5708	 +0.3394	 +1.4826
-19.6204	+20.5243	 +4.7437	 +1.7403	 +2.2860	 +0.7870
-13.3041	 +2.4458	-10.7761	 +1.2347	 -4.3079	 +1.4400
 +9.1000	 -5.6526	 +2.1599	 +1.1750	 -1.4338	 -0.3934
 -1.7412	 -3.6080	 -5.0521	 +4.6635	 -4.0160	 +0.9428
+1871.0407	-30.5810	+790.2016	 +0.2213	 -0.2337	 +0.0662
 -6.1101	 +3.8400	 +6.1348	 +0.3863	 +0.3081	 -1.9769
 -2.4171	 -6.1693	 -2.7110	 +5.9064	 +1.0769	 -0.9856
 -1.0153	 +2.3440	 +4.6655	 -1.5632	 +0.6028	 +5.5040
+25.9364	-16.3280	-14.5180	 -1.0176	 -0.0187	 +1.4653
 -5.3114	 -4.9642	 +1.4687	 +2.3002	 +3.7733	 +2.1049
-54.9334	-47.2018	-69.1128	 -0.9133	 -1.3433	 -0.3167
 +4.6431	-12.0538	-23.6771	 -0.0699	 +3.6140	 +1.0739
+20.7273	 +4.1671	+22.7353	 -2.1121	 +2.1116	 -1.5163
+19.6558	-27.6876	 +9.8410	 +1.1197	 +0.4584	 +0.4339
 -9.1308	 -1.7587	 -6.6859	 +1.0847	 +0.3414	 +0.2642
+13.1161	+26.9372	 -9.8191	 +1.5548	 -2.3882	 +0.4237
 -9.3440	+21.0516	 +3.4092	 -0.1138	 +0.3281	 -0.1671
 +4.5986	 -6.3931	 +0.0091	 +1.8003	 -2.2187	 -0.9829
 -0.2606	+10.2729	 +6.5487	 +0.9016	 +0.7845	 -0.3173
 -0.5403	 +2.2302	 -7.6784	 -0.0986	 -4.1045	 -4.7745
 -4.1549	 -3.2714	+13.7064	 +0.7232	 -1.0987	 +0.2480
 +1.5847	 -3.3268	 -7.3931	 +2.5892	 +1.9002	 -1.2977
 +6.1390	 -0.7089	 -7.2080	 +1.7826	 +1.3262	 +3.5290
 +1.4311	 -4.7278	 +6.3589	 +3.1862	 -3.3230	 -0.2292
 -3.6705	 -0.8573	 -1.7630	 +4.2915	 +2.3271	 +1.4468
+21.1705	+14.9409	-24.7247	 -2.6289	 +0.1252	 +0.9243
 -1.2990	 +5.2761	 -1.9335	 +2.1087	 +2.4980	 +3.7464
 -2.8192	 +0.3924	 -2.0378	 -3.2979	 -1.6220	 +2.2562
 -0.8334	+14.2958	+12.7065	 +0.1309	 +2.3905	 -3.7810
 +2.4594	 -3.8301	 -6.1688	 -2.7322	 +2.8239	 +1.2304
-10.9251	 -2.1248	 -0.5776	 +1.9522	 +0.4951	 +1.2476
 -8.9623	 +6.7971	 -3.9761	 +1.7813	 -0.9561	 +2.2484
-13.4398	 +1.6780	 -3.6807	 -1.8601	 -2.5827	 +0.9974
+11.2555	-11.6930	 +0.4917	 +0.0909	 -0.1680	 -0.6336
 -1.1895	 +7.5281	 +5.2691	 +1.5099	 -1.3252	 -2.7010
 -5.5040	 -0.9127	 +0.8093	 +2.9750	 +2.6184	 -1.2469
-14.6982	 +8.3069	-16.6211	 -2.9982	 +0.4523	 +1.6334
-23.1031	 -4.5003	 +6.7995	 -2.4179	 -1.0169	 -2.4961
 -8.5568	 +4.7204	+11.6873	 +0.2491	 +1.0188	 -0.5290
-134.7523	-41.5554	+71.1833	 +0.6418	 -0.9578	 +0.7059
 -2.2615	 -0.5799	 +0.6115	 -0.9427	 -1.1712	 -1.7073
 +1.1769	 -7.5406	 -0.6287	 -4.3587	 -0.2979	 -1.7686
 -9.0850	 -3.0921	 +5.4770	 +4.1012	 -2.8787	 +0.7036
 -6.9455	 +3.3283	 +0.8010	 +1.1987	 +2.3451	 -5.3958
-11.6445	+10.5223	-15.1031	 -2.0273	 +1.0916	 +0.0373
 +7.2828	 -0.9359	 +2.8116	 -0.9242	 +4.8598	 +0.9672
 -5.7213	 -3.1438	-13.2324	 +0.3320	 -2.5855	 -1.4292
-114.0110	-104.1076	+101.6507	 +0.3712	 -0.2810	 -0.0966
-19.8754	+31.1856	+25.7650	 +1.9630	 +1.5849	 -1.2996
-18.9276	-27.1553	 +5.5752	 -1.7171	 +0.1507	 +2.4279
-30.1282	 +9.9904	-21.7352	 +1.3369	 -0.2893	 -2.7486
-11.5350	-24.0740	 -6.8927	 -2.2359	 -0.1695	 -0.7272
 +1.2895	 -1.2213	 -3.1925	 +1.8627	 -1.8189	 -2.9734
 -3.9382	 -0.3958	 +0.5116	 +0.0417	 -1.1470	 +2.7361
 -8.4107	 +3.7213	 -3.0061	 +3.8940	 +1.6042	 -1.9419
 +5.6553	 -7.7210	 +7.0244	 -0.9117	 +0.6592	 -2.5766
-23.8880	 -6.1152	 +2.8415	 -0.3522	 +0.6002	 -1.2938
-17.2388	 -8.7062	 +9.4601	 +0.9319	 -3.1727	 -0.6933
+22.5902	-98.0055	+21.5801	 -0.9526	 +1.1900	 -1.1716
 -9.4285	 +2.6678	 -1.9744	 -2.6524	 +2.1331	 +4.1155
 -0.3860	 -2.3310	 -7.2805	 +1.2518	 +0.7328	 +0.5385
 -2.6110	 -3.0534	 -2.5542	 +2.4417	 +1.4603	 -1.6671
 -2.4988	 +1.5467	-12.1477	 +0.5126	 -2.8916	 +2.1085
 -3.8959	 +5.4787	-10.0764	 -2.8008	 +2.5105	 +0.2079
 -9.6144	+12.4498	+18.3451	 +0.0879	 -2.5339	 +0.2445
 +8.0294	 -2.2890	+21.1776	 -0.6280	 -0.5483	 -1.3144
 -3.2232	 +9.1937	 +8.3079	 +2.8276	 +1.3309	 -4.9931
 -2.9298	 +2.8722	 -2.7779	 -2.8327	 -2.6336	 +0.2514
+10.2553	 -4.9556	 +1.3452	 +2.2746	 -2.4263	 +1.9814
 -4.9108	 -4.0297	 +2.6124	 -0.1611	 -3.5839	 -3.1942
 +2.1939	 +0.3341	 -5.3066	 -0.9143	 +0.5637	 +1.3039
-13.7188	-20.6743	 -6.0166	 -0.6690	 +4.0844	 +1.3251
 -1.7082	 -4.2274	 -0.6779	 -1.2429	 +1.6537	 -7.1286
 -4.6947	 +1.8802	-14.1586	 +0.3389	 -0.8657	 +1.6747
 +1.4194	 -3.7039	 -3.8729	 +1.2851	 +3.4171	 -1.4775
 -3.6185	 +9.9671	 +2.8724	 +1.2561	 +1.4411	 +0.3772
-156.3887	-52.4404	+202.2072	 +0.5203	 -0.6826	 +0.2376
 +2.5203	 -3.8903	 +1.1698	 -0.7215	 +0.0182	 +0.0143
 +5.9711	 -7.8242	 -7.2173	 +2.0332	 -1.2243	 +1.0215
+11.8909	 +3.1940	 -3.8122	 -0.9847	 +0.6349	 +2.3390
 +2.2572	 +5.5920	-11.1951	 +0.5882	 +4.5443	 +0.0072
 -2.3764	 +1.4147	 +6.4532	 +0.2907	 -0.0603	 -3.0380
+32.1505	+38.6681	 -1.0425	 -0.7912	 +1.8178	 -1.9312
 -5.7587	 +4.6570	 +7.3969	 +2.0581	 +0.7153	 -3.1148
 +3.6829	 -7.4792	 +7.7774	 +3.5708	 +0.5935	 -1.5554
-11.4576	 +3.4242	-20.6869	 +2.9391	 +0.6634	 +0.4871
 +1.6005	 +9.3283	 -9.7203	 +0.3000	 -1.3597	 -1.0325
 -5.6373	 +2.6578	 +3.3691	 -2.1702	 -1.5026	 -1.2395
 +0.7879	 +9.3481	 +4.0797	 -3.0793	 -0.3898	 -0.2605
 -0.1827	 +1.3613	 -5.9717	 +0.1432	 +0.0613	 -0.4765
 -8.4661	 -6.1814	 -9.6570	 +1.5342	 -1.0548	 +0.0272
 -3.5760	 -6.7282	 +9.7092	 -0.0263	 -0.1954	 -0.4501
+10.6395	 -2.3281	 +1.3613	 -2.1274	 -0.3349	 +2.7862
 -5.2220	 +1.7669	 -1.7679	 -1.9422	 +1.2450	 -0.4238
 -3.0675	 -3.9293	 -4.8900	 +2.0937	 -0.8009	 +2.9525
 +6.1163	 +0.3810	-10.6870	 -0.7728	 +1.5042	 +0.1220
 +0.3509	 +1.5913	 -6.1770	 -0.5883	 +0.0237	 -1.2112
-15.9347	-14.6989	+15.7176	 +1.3891	 +1.3854	 +3.7310
 +1.1321	 +0.2115	 +1.3836	 -0.6735	 +0.3069	 -1.1820
+12.5176	 -8.0939	 -4.4643	 -1.0318	 -2.1970	 +1.1115
 -7.5423	 -9.8767	 -6.0301	 -1.8764	 +0.8466	 +2.2190
-15.0123	 +1.4269	 +7.8771	 +2.8430	 +1.0125	 -1.7987
 +0.4937	 -7.8767	 -1.1252	 +3.6860	 -0.5669	 +2.0208
 +7.4069	 -5.2845	 -8.1067	 +3.1012	 -3.0871	 +2.2782
 -5.7605	 +6.1479	 -2.4140	 +0.9342	 +2.3111	 -1.8632
-14.7638	+27.5582	-43.3190	 +0.5627	 +0.3351	 -1.2361
 +8.5664	-12.0066	-50.9476	 -0.0841	 +0.9959	 +0.4413
 +2.4120	 -3.2044	 -5.2036	 +3.3124	 +0.0651	 +1.4007
-16.6286	 +0.6649	 -8.6680	 -1.8916	 -2.6640	 -1.8525
 -1.2516	 +0.7668	 +2.4343	 -3.0535	 +1.8488	 +0.7375
-12.3587	-14.0040	 -6.0056	 +1.1850	 +3.3335	 +0.1906
-19.0734	-71.5612	 -3.1727	 +1.2594	 +0.7712	 -0.6937
 -0.4496	 +0.5140	 +8.4191	 -1.8134	 -3.2739	 +1.3545
 +2.8119	 +5.0458	 -5.2634	 +2.7645	 -3.3414	 +2.3598
+18.5301	 -6.3351	 -4.2968	 -1.4413	 +1.4678	 -4.2796
 -6.4320	+10.0934	-13.0699	 +3.5704	 -0.2661	 +3.2242
 -5.2170	 +3.4959	-19.2335	 +1.8497	 -1.0800	 +0.2877
-11.2995	 -0.5299	 -9.3474	 +2.2552	 +1.5974	 -0.3700
 -5.7226	 +3.3573	 -1.1417	 -4.7067	 +3.7046	 +1.0715
 +2.4768	 -0.4699	 -3.3254	 +3.3708	 +4.7135	 +1.7248
 -4.4301	 +1.0012	 -2.2215	 -4.4786	 -1.1462	 +2.3016
 -7.2925	-22.5110	-14.1091	 -0.6554	 -0.1040	 +2.4248
 -3.5348	 +3.3448	 +1.2741	 +3.1918	 +1.6987	 +1.4734
 +4.5381	+15.2938	 +7.2828	 +0.1332	 -2.8646	 -1.2210
-58.5620	 -4.5380	-10.4583	 +0.2532	 +1.2586	 -1.0692
 -3.7081	 +1.2557	 +0.9438	 +1.8687	 +1.2851	 +1.9905
 -0.6801	 -0.0461	 -8.3364	 +3.3876	 +2.7055	 -1.2769
 +6.1539	 -6.6298	 -3.6299	 +1.1968	 +3.5893	 -0.0980
 +2.0523	 -0.6391	 -6.6918	 +1.1830	 -3.4528	 -1.2579
 -3.0594	 -4.8606	-14.2097	 +3.2914	 +2.1837	 -2.9727
 +0.8039	-11.5052	-24.8694	 +0.5540	 +2.0067	 +2.0079
 -8.8640	 +7.2079	 +1.7513	 -0.2844	 +0.0775	 +5.3706
 -6.3292	 +1.7906	-12.7609	 +4.3477	 -0.2143	 -2.1950
+10.4532	 +0.3497	 -3.4610	 +2.7370	 -2.3704	 -1.0250
 +2.8467	-29.8491	-20.3204	 -0.6789	 +0.5228	 -1.0522
-10.8179	+19.9929	 -0.3757	 -1.2635	 +0.6865	 +2.3934
 -4.4696	 +0.0794	 -1.9123	 +1.1637	 +2.3201	 +2.5664
 +1.1779	 +1.7642	 +5.6975	 -1.7754	 -4.2718	 +0.2795
 -7.2925	 -9.0689	 +7.1485	 +0.0651	 -2.7180	 +2.1067
 -2.4512	 +6.4503	 -5.6853	 +0.8979	 -4.2562	 -2.9587
 +3.7350	 -1.4946	 +5.5780	 -2.7448	 +2.1168	 -2.1708
 +2.4049	 +1.0157	-11.2919	 -5.0957	 -1.2044	 -0.0454
 -0.4192	 +8.0420	 +4.4497	 +1.2699	 +3.2776	 +2.1781
+34.3578	 +6.6319	 +4.1350	 +0.9880	 -0.0678	 +0.8024
-23.5884	+12.7156	 +0.7206	 +0.8464	 +0.2025	 +1.8252
 -4.2506	 -4.4364	 -8.1084	 +0.5489	 -0.6658	 +1.6641
 +5.1448	-20.9470	-19.4893	 -0.9256	 -2.4777	 -1.9347
 +6.2678	-12.4285	 -4.1837	 -0.7315	 +3.3255	 -2.3083
+10.5383	 +9.1397	 -4.2066	 +0.7480	 -1.4861	 -2.1410
-33.9148	 +7.8585	 -1.9810	 +2.4810	 -0.1120	 +3.3259
 +5.0682	 +4.4399	 -0.4420	 -0.0323	 +3.1120	 -1.4807
 +8.5023	 +6.6936	 +5.5909	 +0.2941	 -3.0896	 +0.1408
 -3.1918	 +6.6306	 -0.0943	 +4.1568	 +0.4749	 +2.9046
-12.6639	-10.9442	 +8.3283	 -0.4339	 -1.8030	 +1.6070
 -9.8271	 -1.8758	 +1.1130	 +0.6450	 -4.3428	 -0.8269
 +1.4240	-13.0619	 -8.1038	 +2.7915	 -1.8184	 -1.5737
 +1.0302	+15.5147	 -2.2744	 +3.6399	 +1.2834	 +1.6634
+17.1711	+12.6091	-15.6647	 +2.6215	 -1.5987	 -0.0029
-19.0109	 -5.3640	+15.8007	 -0.5724	 +2.8219	 +2.3792
+30.8840	 -8.0044	+67.5476	 -0.0639	 -1.8396	 +0.6373
 +9.9721	 +6.9792	 +5.0105	 +1.6400	 -0.5762	 -0.3879
 -0.4503	-13.7033	 -4.2550	 +2.6709	 +1.2445	 -1.9536
 +2.4873	 -0.5788	 +2.5457	 +0.0709	 -1.5164	 -1.3678
-18.4331	+10.5215	-15.8007	 +1.5493	 -1.3517	 +0.7335
 -5.2841	 -3.5648	 -4.8540	 +3.5990	 +2.6534	 +2.4989
+24.4850	 +3.0470	 -4.0075	 +2.2130	 -0.4891	 -2.1143
-11.1555	-17.3578	 -3.9646	 -1.5824	 +2.0248	 +1.6782
-13.8931	+13.8877	-13.4446	 -2.0618	 +2.4319	 -2.4040
 -6.5740	-21.9690	 +9.2865	 -2.6295	 -1.1666	 +1.7320
 -2.9704	 +4.4055	 -0.8541	 -2.1808	 +0.6149	 +2.7388
+11.4912	 +6.2326	 -9.9669	 +3.5233	 -1.5846	 -0.1067
 -0.4321	-19.9571	+14.3861	 +1.5385	 +0.5129	 +0.3277
 +0.7471	 -7.7133	 -5.1375	 +1.5111	 -0.8702	 +2.6648
 -0.1271	 -5.9276	 +0.8035	 -4.8692	 +0.4045	 -3.2102
 -9.9406	 -2.8653	 +0.7409	 +0.2053	 +0.3576	 -2.3871
 -0.6946	 -1.4224	 +0.5926	 -3.8184	 -4.7904	 -2.5072
 +3.7564	 -7.5337	-15.1738	 -1.6066	 -1.5348	 +0.6792
+10.3353	 +2.4950	+27.9202	 -0.2226	 -1.8297	 +1.1038
 -3.8794	 -8.4204	 -2.5369	 -3.3738	 -1.3010	 +1.2631
 -1.5749	+12.3832	 +1.1625	 +0.6087	 +1.2199	 +4.3433
 +5.4573	 +2.3225	 -5.5015	 +1.1039	 -0.8362	 -2.9333
-11.1096	 +2.1676	+14.1339	 +2.2183	 +0.0154	 -2.2167
 -4.7633	 -4.0321	 +5.1866	 -3.3007	 +0.3088	 +2.6863
 +3.7607	 -0.9683	 -0.5020	 +0.4188	 -1.0950	 -2.9622
+33.8958	 +8.3651	-19.3092	 -0.5580	 -1.1499	 -0.0917
 -5.5891	+11.9787	-26.7604	 -3.2164	 -0.3149	 -1.4547
 +0.9619	 +1.5838	 +0.9235	 -4.1746	 +0.8185	 -1.7528
 +0.6745	 -4.4653	-10.2769	 +3.9307	 -0.2912	 +0.8004
 -0.7456	 -0.3245	 -2.0622	 -0.1649	 +6.1790	 +1.4364
 -6.5314	 +5.1151	 -2.3610	 -0.2729	 +2.4122	 -3.7755
 +1.4381	 +9.4515	 -1.2481	 -0.5255	 -3.6506	 +2.8542
+14.0827	+11.3045	 -2.0709	 -2.9894	 -2.0603	 -1.4052
+24.9088	 -0.2166	 +6.2520	 -2.0556	 +0.8449	 +0.6200
 -0.8674	 +1.1066	-11.3013	 -0.9911	 -1.2509	 -1.1788
-13.1077	 +0.7710	 -2.4018	 -2.3110	 -0.9973	 -2.6143
 +0.2480	 +0.8850	 -4.2795	 +1.2645	 -0.2156	 +1.8767
 -1.9315	+11.9212	 -2.0074	 +1.9028	 -2.9173	 +1.8507
+17.8809	-63.3127	-33.4782	 -0.4243	 +0.8904	 +0.6811
 +1.8459	 +9.6695	 +8.4344	 -0.4065	 -3.1676	 +2.5625
 +1.7383	 -3.0042	 -5.2425	 +1.5811	 +0.7490	 -1.0267
 -7.1603	 +3.2399	-11.3971	 +1.6907	 -0.4733	 -0.3133
+11.0373	+18.6508	+29.5190	 -0.9992	 +0.0825	 -0.9546
 +0.9645	 -1.8752	 -0.7284	 +2.8608	 -6.0339	 -0.8914
 -0.2766	 -2.0029	 +4.5632	 -2.5687	 +3.1964	 -2.4968
+16.2097	-19.1256	+22.1082	 -0.6889	 +1.2188	 -2.0278
 +1.0653	 -7.3740	 +1.1852	 -2.8025	 -1.3751	 +1.3677
-72.2295	-57.8335	+27.9697	 +0.5389	 +1.2389	 +0.5272
-13.3223	 -4.3586	-12.5312	 +2.3306	 -0.4968	 +0.4834
+60.4929	+42.9688	+41.8311	 -1.2206	 -1.2533	 -0.3365
 -5.6331	+10.1007	 -7.3351	 -1.4697	 -2.5387	 +3.0454
 +9.8700	 -6.4490	 +0.5036	 -0.6838	 -2.1996	 +0.3602
-109.4366	+51.5788	-21.6859	 -0.5366	 +0.7785	 +0.2654
 +3.2650	 -4.2765	-15.1837	 -3.3952	 +0.0197	 +1.5850
 +6.7139	+11.1439	 +4.2182	 +1.7666	 +0.0238	 -0.6660
 +5.4491	 +0.9744	 -3.7601	 +1.4652	 +0.5355	 -3.9902
 -2.0324	 +2.2269	 -5.5817	 +1.3902	 +3.0638	 -1.7985
 -0.2934	 -3.4120	 +0.9193	 -2.4925	 +1.3761	 -2.2178
 -8.1966	 +8.5454	 -3.9029	 +1.5749	 +4.0909	 -1.9752
 -0.5839	 +1.1190	 +0.2052	 +4.5779	 +3.4585	 +0.1917
 -6.7292	 +2.2688	 -1.0841	 +2.7630	 -4.5730	 +1.1451
 -6.2091	+10.5615	-12.2756	 -0.5917	 +4.9379	 -0.0799
 +6.0646	+11.0851	-11.3643	 -0.1529	 -0.6795	 +1.3203
 +0.3555	 +0.2939	 +0.2960	 -1.2989	 +2.4326	 -1.3735
 +3.6334	 -3.2485	 -3.3884	 +1.0528	 +2.3198	 -2.5621
 +3.9408	 +2.6406	 -2.7416	 +2.5697	 -1.6483	 +3.8306
-33.4249	+10.8636	+12.5281	 -1.3749	 +1.0561	 +0.5540
 -7.1606	 -3.5965	 +4.8461	 +2.8197	 +4.6792	 +2.7241
 -1.9902	-12.4446	 +8.5369	 -1.3641	 -4.6794	 +2.2711
-14.9617	 -4.1242	 +3.4243	 +1.2152	 -0.9080	 +4.0228
 -1.5710	 +1.1276	 -6.1209	 -2.3443	 +1.1623	 -2.3440
 +9.9569	+15.5266	-21.7018	 -1.1620	 +1.0906	 -2.6180
 +0.3728	 +8.0820	 -7.9208	 +3.6734	 -1.4698	 -0.6379
 -9.7088	 +1.9942	-14.5982	 +0.9714	 +0.8264	 -1.2856
 +2.9568	+11.7191	 -1.2916	 +0.4445	 -2.4914	 +1.5071
 +4.2064	 -1.9762	 +4.0043	 +0.4909	 -4.5139	 -1.9164
 -8.1526	 +3.8369	 +6.8107	 -0.5163	 -0.1304	 +0.7896
-14.8666	 -2.7570	+15.7691	 -0.5956	 +1.3249	 -1.0171
-43.9520	+10.3096	 +4.3341	 -2.3945	 +1.5095	 +0.8341
 -0.2061	 +3.3996	 -1.7640	 -1.0339	 +0.4720	 +0.9261
-26.6186	+10.2275	 +9.0111	 -1.0873	 +4.6246	 +0.2307
 -9.2484	-11.0944	 +7.0055	 +0.8922	 +0.8164	 -0.8134
 -4.8426	 -1.1913	 -3.1151	 -4.4388	 -3.2759	 -2.3673
 -4.7489	 -0.8483	 +3.0947	 +0.1535	 -0.8326	 +1.1577
-15.3510	-51.2978	+32.2721	 +1.8941	 +0.0299	 +0.8656
 -3.1017	 +9.1561	 +0.6385	 -1.9300	 -1.3797	 -1.6952
 -0.6546	 +0.5565	 -7.1755	 +4.6954	 -0.4565	 +1.2208
 +1.6142	+16.3301	+14.8115	 -1.8507	 +0.2465	 +1.9954
 +5.1933	+14.8813	+16.7101	 +0.4332	 +1.8460	 +0.7447
 -0.6703	 +6.4157	 -5.2301	 -0.7387	 +1.5964	 -3.3948
 -4.8581	 +6.9689	 -1.2849	 +1.3817	 +1.1793	 -0.8968
 -2.4067	 -2.3479	 -5.5815	 -1.5538	 -0.4885	 +4.0569
 -2.9588	 +3.1273	 -2.4525	 -0.1156	 +0.5549	 -1.3918
+10.7387	-12.3005	 +2.5837	 +0.9873	 -2.7957	 -0.7277
 -2.1293	 +0.4263	 -1.8814	 +0.2125	 +2.9749	 -3.8732
 -2.4236	+22.0884	 +0.3066	 +1.8048	 -0.2760	 +2.6941
 -6.5247	 -5.1433	 +1.3745	 -0.6401	 -3.1135	 +1.1067
 -5.4963	 +2.6749	 -0.4789	 +0.7428	 -0.8411	 +1.6245
+19.3585	+13.9711	 -2.9033	 +0.5050	 -2.1383	 +0.3390
-11.4297	 -2.0827	-11.6324	 +2.6583	 +0.1861	 -0.7054
 -2.2328	 -1.7347	+11.8862	 -1.2698	 -1.2958	 -3.0332
 +2.8413	 +1.6602	 -0.1149	 +0.8793	 +0.0304	 +1.9624
 +9.5425	 +9.6224	 +4.9220	 -2.1307	 +3.2889	 -0.1169
 +3.3211	 +2.9827	 +1.8446	 +5.4757	 -3.0997	 +0.4588
 -4.4644	+10.1746	 -5.4875	 +2.5352	 -2.0997	 -0.8069
 +4.6447	+15.3769	-17.2380	 -0.3494	 +1.3602	 +1.3931
+11.3789	 -0.7272	 -5.5095	 +0.8336	 -3.6686	 +0.4265
-10.7252	 +1.5091	 -2.1736	 +1.7729	 +2.1522	 -0.5838
 +0.0056	 +5.6887	 -7.9724	 -0.6573	 -2.9898	 +1.0986
-13.0217	 +3.7030	 +9.9126	 -2.3480	 -0.2257	 +1.8099
 +7.9332	 -9.2321	+36.3844	 -1.0457	 +0.8105	 +2.0020
 -3.0360	 -8.1969	 -2.6509	 -0.2585	 -1.7250	 -3.2715
-16.2144	 +6.7501	 +0.7728	 +0.2733	 +3.6721	 -0.0579
 +3.7430	 +0.7378	 -1.8337	 +1.2301	 +0.0984	 +0.1711
+17.4776	 -9.3580	 +8.5639	 -0.2356	 +0.7048	 -0.7670
 -0.8764	 -6.4201	 -0.9220	 +3.1615	 -1.3264	 -1.1108
 +0.1432	 -2.1843	-11.3742	 +0.5932	 +6.0693	 -1.3375
 -3.8012	 -3.4364	-11.5300	 -3.0982	 -2.1252	 +1.8935
-22.9546	 +5.2870	-40.5688	 +1.0686	 -1.1042	 -1.1184
+14.8182	+16.6973	+29.7770	 -1.0737	 -0.9034	 +0.7395
 +4.9060	 -2.1964	 -1.1091	 -0.6018	 +0.8091	 +0.9263
 +1.8632	 +7.2058	 +1.5304	 -2.1113	 -1.6319	 -2.3324
 -5.9326	 +8.3107	+23.4294	 -1.1804	 +0.7131	 -2.7965
 -8.2868	 -4.2740	-10.6153	 +2.7715	 -1.6653	 +0.2407
 -0.9629	 +2.3623	 +1.0671	 -5.2804	 -0.8310	 -0.2403
 -8.9548	+15.2550	+13.0202	 -1.6040	 +1.0213	 -0.1560
 +3.9020	 -8.3199	-11.5291	 +0.3211	 +1.3519	 -1.4737
 -4.3264	 -4.8280	 +6.0182	 +2.1782	 -4.6209	 +0.0655
 -2.2012	 -3.9281	 -4.8069	 -2.8792	 -1.9766	 -0.1438
 -3.5460	 +3.9775	-11.8192	 +3.5033	 -1.2289	 +0.2852
-18.4933	 +0.3974	-16.6349	 +2.7118	 +2.3202	 +1.1748
-12.4395	 -6.6318	 -1.2482	 +1.4185	 +0.6639	 +3.1353
 +4.6759	 -1.4559	 -4.2315	 +0.3254	 -0.6728	 -2.2797
 -5.2180	 -2.8544	 -2.6181	 +0.4234	 +2.4818	 -3.2974
 -2.7070	 +4.1229	 +2.4918	 +0.9668	 -4.5044	 -1.7121
 -1.3757	 +3.4169	 -0.0779	 +1.1698	 +1.2889	 -3.4931
+22.4649	-14.9257	 +4.3777	 +1.3365	 -0.1531	 +1.1351
-15.0274	+18.9735	 -7.7141	 -1.0631	 -0.2839	 -0.9667
-11.2688	 +3.9580	 +1.3923	 -1.2079	 -1.2887	 -2.1645
 +0.4027	 +4.5290	 -8.5343	 -1.3761	 -3.1566	 -3.3495
-13.7859	-10.9352	+10.3022	 -1.2419	 +1.4546	 -0.1839
 +8.2517	+10.5819	-20.2930	 +2.6685	 -0.8783	 +2.0357
 -3.0107	 -4.7295	 -1.0082	 +6.7463	 +2.4071	 -0.8905
+20.3262	-12.1193	-24.9073	 +0.1383	 -0.1379	 +1.9717
 +0.5141	 -2.9486	 -3.9213	 -4.9085	 -5.6893	 +0.7425
 -6.9350	 +0.1029	 -3.3981	 -0.9104	 -2.5153	 +3.3447
 -0.9750	 -0.8914	 -1.5736	 +0.8976	 -1.8027	 -2.9447
+23.3145	 +6.3240	 -0.0571	 +0.0700	 +1.8202	 -0.2419
 +5.4771	-12.1964	 -7.1700	 -3.6216	 +0.4333	 -4.0448
 -4.1660	 -6.1154	 -0.0360	 -3.9393	 +0.9727	 -5.4475
+21.3288	 -6.7062	 -6.4283	 +1.0443	 +0.8528	 +0.1644
-19.6003	 -3.6512	 -4.8260	 -0.8077	 -1.9740	 -0.3323
 -5.7978	 +7.1019	 +5.2095	 +2.6581	 +1.1743	 -1.4006
 -8.5851	 -2.9420	-10.4393	 +2.1321	 +2.3070	 -0.4342
-15.1671	 -3.2447	 -0.9219	 +0.9491	 -0.2626	 +0.9041
-17.8892	 -3.0501	 -9.7404	 -1.0825	 +1.6260	 -2.8140
-25.6802	 -7.4068	 -5.2868	 -3.1890	 +2.5786	 +0.8149
 +0.3384	 -0.3643	 +4.5026	 -3.6848	 +2.5266	 -3.7143
 -1.1653	 -1.4432	 -2.0573	 -1.2917	 -4.3059	 +2.1900
 -3.5672	+17.9904	 -0.5820	 -0.9900	 +1.8353	 -2.6397
 +3.3464	+11.3911	 +3.1184	 +1.2168	 -3.4349	 +0.2412
-12.6257	+14.2061	-48.8344	 +0.1110	 +0.0326	 -0.2154
+10.8765	 +7.3607	 -1.9831	 +1.7389	 +2.9332	 -0.4364
+13.8450	 +6.8538	-13.4183	 +2.1020	 -1.5039	 -2.2109
-13.0640	 -3.1166	 +0.1146	 +2.3389	 -0.0146	 +3.0850
 -6.8704	+16.9506	-19.4653	 +0.9240	 +2.5785	 +2.6853
 -0.6613	-12.2351	 -4.6305	 -1.0998	 +3.2223	 -1.6010
 -4.6734	 -3.7450	 +0.6325	 +0.5504	 -2.9233	 -2.1502
 -1.8962	 -1.8773	 -7.0655	 -6.1824	 +0.0554	 +0.6436
 +1.4646	 +0.5528	 +2.6189	 -2.8384	 -0.1548	 +1.3934
 -9.5510	-13.1106	 -1.1849	 +0.1274	 -1.5864	 -0.2236
 -0.2295	+24.9803	 -1.8947	 +2.8436	 -0.2108	 -2.7407
 -0.3217	 +2.3221	 -3.9148	 -1.0503	 -0.7191	 +1.5910
+10.5757	+11.2613	 +6.6480	 +0.4907	 +1.8956	 -1.4769
 -4.6715	 -9.0242	 -2.9419	 +1.8888	 +2.8004	 +3.6911
 +2.1998	 -9.9756	+17.9895	 -1.5427	 +0.8528	 +0.1973
 -2.8091	 -0.7312	 -9.7286	 +1.8516	 +0.8610	 -1.3850
 +4.2507	 +2.3623	 -8.5199	 +1.1286	 +0.9379	 +0.8656
 +4.7443	 +4.1204	 -0.3811	 -3.3533	 +0.9178	 +0.5362
 -3.1818	-17.4400	 +6.6740	 -2.4429	 +1.7178	 +0.3579
 -3.9297	 +5.3318	 -4.6548	 -1.5533	 -0.1733	 -0.2002
 +1.0673	 -0.4390	 -4.2723	 -2.2376	 -1.6407	 -0.3574
 -5.8234	 +1.5561	 -3.4656	 -0.6233	 +0.5076	 -3.0839
 -1.0186	 +6.9529	 +0.8569	 -0.4164	 -0.9590	 +0.3820
 -4.2977	 +1.4507	 -0.4448	 -2.2444	 -3.0179	 +1.9485
+10.2956	 -2.4881	 +4.5491	 +0.9773	 +0.1576	 -1.5005
-12.8992	+20.5443	 -7.3773	 +0.9104	 -2.3284	 +0.9164
 -5.1227	 -9.3273	-15.7108	 -0.3589	 +2.8058	 +1.1892
 +6.3314	 -0.7283	 -3.8869	 -0.5076	 -4.2892	 -0.5798
 -4.0433	 -1.4287	 -0.7871	 -2.4140	 -0.8037	 -0.8916
 -2.8925	 +5.0157	 -9.7601	 +0.0362	 -2.8900	 +0.7438
-19.1704	 +2.1465	+15.0270	 -1.1508	 +0.1551	 -4.0142
 -2.5334	 +6.6823	 +5.1051	 -2.9977	 +1.0442	 +5.8982
 -0.1731	 -2.9151	 +1.1374	 +0.5394	 -0.6362	 -0.8415
 +1.7219	 +2.1988	 -2.3959	 +0.2275	 +0.3450	 -0.7188
 +1.5670	 +8.9577	 -2.2118	 +3.2940	 +1.7282	 +0.7962
 -0.7255	 -4.7592	 +1.4865	 -2.2253	 -0.8894	 -5.1772
+20.6474	 -6.5635	 +4.9273	 -2.7178	 -1.5975	 -3.1273
 -0.1999	 +1.3792	 +2.0412	 +0.1846	 +3.0821	 +0.3548
 -2.1296	-34.7952	+58.1425	 -0.3750	 -1.1666	 +0.4977
 +0.2580	 -5.7535	 +0.1891	 -0.7313	 -3.0940	 -0.9948
+37.8078	+35.3216	-30.3797	 -1.7561	 -1.2078	 +0.5837
 +1.9306	 +3.7851	 -3.0379	 -0.6701	 -3.0124	 +3.3175
 -1.7080	 +0.4250	 +0.9746	 -1.0364	 -3.5397	 -3.0901
+51.9632	 +1.6039	-44.6713	 -0.3029	 -0.1713	 +1.5032
-13.5171	-32.5391	+27.1493	 +2.5802	 -2.0073	 +1.5647
+104.1730	+58.7101	+15.3026	 +0.0476	 -0.7941	 -1.6081
 +0.7045	+30.8624	 +4.5912	 +2.8144	 -1.0073	 +0.6201
+23.5391	+66.8163	-34.0155	 +1.1649	 -0.3734	 +0.0154
 -8.8614	 -9.7326	 +2.4034	 +0.4177	 +0.8510	 +2.0273
-11.2247	+17.6488	 -3.1499	 -2.8261	 -1.3428	 +1.1307
 -8.9317	 +1.5720	 -7.0293	 -5.3944	 -0.6971	 +4.7708
+11.5179	+28.7985	-48.7344	 +0.7216	 +2.6736	 +0.2118
 +7.1285	-12.3099	+42.5088	 +1.4878	 +0.9477	 -1.0226
+22.9139	 +6.8415	 +2.6010	 -2.3814	 +1.5021	 +0.8997
 -3.2904	 -3.6586	 -7.8209	 +2.6187	 -3.5814	 -1.0175
 +2.2801	 -7.2485	 -5.1563	 -5.3124	 +2.1360	 +1.4356
 +7.8867	 -4.7739	 -1.1955	 +1.9488	 -0.6548	 -3.5372
 -1.0333	 -3.5231	 -4.1135	 -3.5177	 -1.4711	 +5.1589
-11.7808	 -9.4047	 -6.4231	 -0.1679	 +1.8195	 +0.8448
 -3.6409	 -2.8671	 -3.0422	 +3.8941	 +2.9778	 +0.4879
 +0.7176	+23.8384	 +7.4983	 -1.2302	 -2.0225	 +0.7837
 +3.7546	 +5.4149	-15.6665	 +0.2020	 +3.3743	 -0.0953
 +8.3816	+15.3007	-25.9210	 -1.5929	 +0.1520	 -0.0494
 -4.5453	 +8.7008	 -1.7724	 -2.0688	 +4.4737	 -0.6681
+18.1254	-21.3377	-11.4099	 -1.1441	 +0.8547	 -1.0006
 -4.6640	 +2.0722	 +3.2030	 -1.0450	 +1.0041	 +0.0821
 -2.2371	 +4.3162	 -1.6689	 +0.7832	 +1.3415	 -3.5806
+12.5247	-18.7940	 +0.2020	 -0.8738	 +0.8447	 -0.4351
 +2.0746	 +3.2107	-14.6019	 +0.2258	 -2.5041	 +2.6611
 -3.4863	 -6.0773	 +0.5149	 -3.0927	 +0.1837	 +6.0839
 -0.6441	 +5.9293	 +1.8090	 +1.1318	 -0.7225	 -5.1347
 +1.9042	 -2.0481	 +5.9602	 +0.1118	 +0.7184	 -3.2178
-23.3739	+23.9250	 +8.3245	 -0.0791	 +1.8329	 +0.8771
 -5.0264	-11.5280	 +2.1281	 -3.1155	 -1.7625	 -1.3899
-13.3759	 +5.3356	 +0.0892	 -3.4187	 -2.5193	 -0.9645
+12.7877	+10.6286	 +6.2683	 +4.0520	 -0.3581	 +1.3104
-12.0971	 +4.5698	 -4.5518	 -2.8917	 -0.5055	 +1.6385
 +3.4793	 +0.4366	+11.4852	 +1.2793	 -1.4726	 -1.8063
-14.7737	+66.1336	+21.3406	 +0.7313	 +0.2775	 +1.2523
+20.0588	 -6.3791	 +5.6911	 +1.6044	 +1.0598	 -0.8420
 +4.2526	 -9.4283	 +6.6275	 +1.6260	 -3.0542	 +0.7977
-12.9605	-33.6582	+26.0457	 -0.8879	 +0.5067	 +1.1181
-40.6339	+34.8334	+25.5382	 +1.2339	 -0.2052	 -0.6288
 +0.3054	 +2.3927	 +2.0064	 +1.3832	 -2.7706	 -1.4600
 -4.1781	-17.7415	 -5.8152	 +3.3464	 -0.5180	 +1.6778
 +8.8390	 +9.2154	 +2.5059	 -3.7874	 +2.0362	 +2.1536
 -5.8606	 -0.4917	 -3.1104	 +2.0971	 -6.0640	 +3.7579
 +4.4439	 -2.1779	 +3.7996	 +5.3948	 -0.7101	 +0.9618
 +8.3918	+12.6028	 +6.9602	 +3.1882	 -0.3792	 +1.4726
 +4.2130	-33.0019	+110.6232	 -0.2989	 -1.4586	 +0.5563
-23.7692	+10.8102	 -3.3101	 +0.3527	 -2.9772	 +0.2758
 +5.4998	-13.4605	-18.4494	 +2.4543	 +0.8902	 -1.2727
 -4.3267	 -0.6640	 +3.3441	 -2.3867	 -4.0746	 +0.4911
+11.5386	 +1.1515	-11.6947	 -3.5746	 -2.3312	 +1.6427
 -5.7635	 -6.5588	-19.3058	 -0.5247	 +0.1347	 +2.3925
 +0.3883	 -7.3285	 +3.5237	 +3.2964	 -0.9590	 -3.8022
+25.2504	-25.1817	+39.1795	 -1.3353	 +1.1292	 -0.3554
-10.1391	-16.0119	 -8.4875	 +2.6254	 +0.4289	 -3.4572
 -1.3638	 -8.2108	 +1.1383	 +0.9682	 -4.0362	 -1.6274
 +5.6919	 +3.5096	 -3.1107	 +1.1659	 +4.6206	 -2.7226
-15.9510	 +6.6072	+14.8455	 -1.7395	 +1.8070	 -1.3237
 +9.5347	 -6.0635	 -1.7658	 +1.2887	 +4.4107	 +2.0410
+14.0973	 +4.4079	 +5.8157	 +0.9130	 -3.4608	 -2.4446
+13.1681	 +1.2191	 +3.7031	 -3.6737	 -0.4874	 -1.5370
 -0.1944	 -0.9351	+22.6911	 -0.3508	 +2.9777	 +0.5135
 +3.5905	 -9.4153	-12.8464	 -0.3407	 -5.1542	 +1.7500
 -1.1967	 +1.1773	 +5.0832	 +3.0593	 -2.8197	 +0.6593
 -4.5184	 -0.3522	 +4.6948	 -2.5089	 -1.3279	 +1.4399
-15.0263	 -3.9529	-10.4445	 -0.3645	 +0.8503	 -0.2010
-12.8917	 +3.5811	 +0.3093	 +1.7592	 +1.2051	 +0.6409
 +1.8213	 +8.0712	 -8.1003	 -0.0854	 +0.4432	 +2.4109
-18.3080	 +2.0350	 +9.4056	 +4.5914	 +0.3628	 +1.8198
 -2.7331	-10.5143	 +2.0670	 +1.1966	 +0.8548	 +2.6880
 -6.4498	 -2.0650	 -3.8200	 +1.1424	 -0.2507	 +0.8490
-11.7145	-11.1231	 +0.5032	 +0.8825	 +2.7791	 +0.6595
 -1.5436	 +7.8677	 +4.6321	 +1.8607	 -2.0200	 -0.4698
+27.3626	+22.9277	 -5.2834	 -0.8436	 +0.8909	 -0.2470
 -5.7571	 -9.3993	 -0.1086	 +1.9673	 -0.1055	 +0.6166
+25.2727	 +2.8362	 +6.2390	 -0.9518	 +2.2836	 -0.7829
 -4.1435	 -4.0594	 -6.5740	 -3.9182	 +0.8509	 -2.5326
 -5.2410	 +3.9244	 -8.2776	 -0.1280	 +2.1728	 +0.1996
 -3.1760	 +3.4687	-12.2015	 +4.4133	 -3.9582	 +0.2348
 +1.8026	 -4.3400	 +1.6384	 -0.1237	 -3.9044	 -2.1277
 -6.6695	-23.6020	 +5.4059	 +0.0056	 -3.2931	 -1.6635
-11.8091	 +9.7040	 +5.4012	 +1.7092	 +0.3005	 -3.1176
 -2.7867	 -2.9514	 -3.1277	 +1.3828	 +5.8990	 +2.8582
-16.2854	 -9.8373	+16.6341	 -3.1589	 -0.5541	 +0.8950
 -8.2888	 +0.2954	 +2.2354	 -5.8006	 +1.0299	 -0.5107
-17.0779	 -6.8158	 -6.4932	 -1.7428	 -2.6055	 +1.2544
 +0.0633	+24.1585	-12.1372	 +1.6756	 -2.3332	 +2.2115
-13.6585	+12.1390	 -3.6176	 +0.2712	 +2.6709	 +1.4039
 +4.1775	 -7.0578	 +5.5449	 -4.1910	 +1.5922	 -0.3045
+13.4852	-23.8366	 +2.1061	 -1.1025	 +1.4019	 +1.6085
+11.2664	 +2.9386	 +0.9573	 -1.4840	 +2.8229	 -1.2749
 +6.8672	+37.6385	-14.4980	 -0.1036	 +1.6228	 +2.2389
 +3.5692	 -3.3032	 +5.5073	 +0.0802	 +0.7022	 +2.5992
 -1.7019	 +8.5898	 -1.1324	 -3.5560	 -0.1205	 +0.1951
 -3.7986	 -1.1944	 -4.6079	 -0.7932	 -3.8334	 -0.6058
+86.9605	-29.2943	+51.9229	 +0.1375	 -0.9267	 -1.3706
 +0.0151	+11.5116	-14.0029	 -2.5029	 -2.0664	 -1.4166
 -1.0775	 -1.6088	 -8.9562	 +2.3143	 -3.5198	 -1.2196
 -1.6730	 +0.0565	 +7.6062	 +1.9401	 +0.9649	 -0.2763
 +2.5359	 +5.5110	-14.4256	 -0.9812	 +2.2999	 -0.6213
 -6.5585	 -0.1346	 +2.5171	 +3.1897	 +3.3380	 -3.9259
 +1.2510	 -0.2136	 +3.5353	 +1.2470	 +1.5701	 +2.7323
 +4.4812	 -6.3783	-10.5769	 -1.7074	 -2.8892	 -0.6257
 -6.9616	 +0.7757	+19.7675	 +2.2816	 -1.1016	 +2.2691
 +2.7671	 -6.0697	 +8.4350	 -3.5076	 +2.9421	 +1.9328
 +4.2735	+14.7905	+24.7462	 +0.5897	 +0.8500	 +3.7122
+10.4839	 +5.4583	+14.7559	 +0.7050	 +0.8176	 +2.1289
 +6.8231	 +1.0293	 -2.3993	 -2.3076	 +1.4351	 -0.0027
 -3.7932	 -8.5329	+21.5831	 +1.3826	 +1.1721	 -0.9790
 -9.0517	 -0.7996	+15.9904	 -1.5791	 -2.2278	 -2.2782
-20.2505	 +1.3973	 -6.3542	 +1.5852	 +0.9844	 +3.7935
 +4.1431	 +2.9132	 +2.9551	 -3.1756	 -2.6393	 -1.5046
-42.4893	+21.8073	 -0.5093	 -2.9425	 +1.3883	 -1.0385
 -3.0582	 -3.4852	 -3.1357	 +0.4345	 -7.0677	 +0.2107
-13.0414	 +1.9230	 -0.5537	 +2.5467	 +2.6831	 +2.1591
+18.4780	 +6.5419	 +7.8181	 -1.3844	 -1.0151	 -1.8039
 -4.2706	 +5.8139	+12.0263	 +2.0581	 -0.3931	 +1.4431
 +4.6301	-20.0908	 +4.4039	 -0.5977	 -0.3632	 +0.8015
 -5.9975	-12.1647	 -1.8921	 -2.1021	 +2.6767	 -1.6611
 -0.4406	+12.4233	 +5.2408	 +0.7557	 -0.2422	 +1.0442
-92.1330	-169.9778	+26.0826	 +1.0948	 +0.0040	 -0.0979
 +6.2394	 +3.9622	 +2.3879	 -0.9862	 -0.2187	 -0.2556
 -2.4683	 -7.0948	 -2.1947	 -3.9077	 +0.5198	 +2.9617
 +1.7633	 -2.1746	 -1.7094	 +3.7462	 +3.2332	 +1.6536
 -8.1559	 -2.1550	 +7.9097	 +1.9177	 -2.9292	 +4.2858
-11.3513	 -1.7100	 -1.6144	 -1.8737	 +0.2514	 +5.4077
 +0.4686	 +1.2389	 -6.9350	 +0.8797	 -3.2901	 -0.2514
 +1.7874	 -5.5387	-12.0774	 -2.0466	 -0.0339	 -0.7286
-14.3687	-11.0601	+22.4923	 +1.6858	 -3.0493	 -1.1840
 +3.0739	 +2.2941	 +1.3409	 -2.9829	 +4.0226	 +1.2822
 +2.6761	 +2.6933	 -4.3447	 -1.2349	 -1.6432	 -2.2668
 +1.7595	 -7.2105	 +3.4644	 -2.7286	 +3.6877	 +2.5793
 -0.3396	 +2.0438	 +1.2404	 -1.7765	 +4.7718	 +4.1453
 -1.4972	 -3.8868	 -1.6819	 +6.0763	 -1.3645	 +0.5171
 -4.1891	 +5.1442	 +7.5794	 -2.7843	 +0.8856	 +1.1026
 -3.2231	+21.2153	 -6.1650	 -0.7708	 +2.5758	 +2.6355
 +9.7587	 +1.9780	 -5.7711	 +0.4352	 -1.8334	 +1.6215
 -3.6417	 -1.3125	-12.8728	 +0.8936	 +1.0263	 -1.6821
 +0.3877	+28.4065	-30.4725	 +0.1995	 -1.0633	 +2.4262
 -0.6826	-19.4546	+40.3801	 +0.4431	 +0.5673	 -1.8033
+17.6739	-20.4908	 -8.3063	 -0.6408	 +3.1693	 -1.2546
 +0.8077	 +3.1590	+15.7551	 -1.6928	 -1.2401	 -1.9211
 +0.7388	 +0.4639	 +3.5691	 -2.9044	 -2.5669	 -4.4328
-13.0121	+14.5744	 +0.5029	 -2.2980	 -0.2635	 +1.1002
 +4.1990	 -6.1168	+29.2653	 -1.5430	 +1.2692	 -1.1163
-46.6326	+20.9523	-75.7245	 +1.0082	 +1.8886	 -0.0031
 +7.5084	 -1.1861	 -1.4121	 -1.3980	 +3.2115	 -0.2496
+13.1482	-16.8460	 -4.6173	 -0.7577	 +1.5595	 +0.7845
 -3.2987	+15.9047	-13.7008	 -0.2816	 +1.0381	 -0.8086
-27.7078	 -2.2263	 -7.3915	 -0.0860	 +1.1298	 +0.0101
 +0.1314	 +4.7890	 +1.3457	 -1.1769	 +2.9091	 +2.4597
 -2.9190	 +6.2069	 +3.7119	 +1.6894	 -0.4688	 -3.0810
 -3.9579	-25.7593	-16.5256	 +0.7689	 +2.9935	 -1.3040
 -1.8681	+11.6153	 +1.5087	 +2.5291	 +2.3348	 +0.4492
 -5.3209	 +2.6264	 -1.0017	 +1.2436	 -3.2865	 +2.1724
 -2.0364	 -2.3033	 +9.1131	 -2.6944	 +0.8534	 +0.5347
+19.6469	+15.6045	-33.5158	 -1.1165	 -0.9932	 +0.4397
+29.2525	+40.5284	+69.0513	 -1.0457	 -0.5707	 +1.0817
 -5.2048	 +2.1613	-23.2489	 -1.6810	 -2.6054	 -0.4552
 +1.6432	 -8.4926	+15.1079	 +2.9772	 +0.5393	 +2.4328
 +0.7546	 +1.8116	 +2.5150	 -1.3188	 -0.3411	 -0.2550
 +3.0324	+16.9425	 +6.9581	 +1.6409	 -1.1353	 -0.1754
+68.2198	+28.5143	+34.7619	 -0.6446	 +0.1845	 +0.6644
 +1.2308	 -2.9779	 -2.8484	 -2.5016	 +3.1505	 -4.6426
 -1.4126	 +7.2807	 +3.4205	 -0.9322	 -3.2389	 +2.6289
-15.3256	 -7.7945	 +1.4005	 -0.2294	 +1.3201	 -3.3750
 +1.9546	 -2.3747	 -0.0507	 -2.4666	 +2.4671	 +4.0023
-41.2241	+10.1998	+10.5610	 +1.0249	 -1.1323	 +1.8313
 -2.0144	 +4.8981	 -8.7162	 -0.7977	 +4.3918	 -2.0629
 +1.4276	 +6.7338	 -5.5702	 +0.9142	 +3.4522	 -3.5985
 -1.6603	 -7.7205	 -1.5833	 +3.7258	 +4.2797	 +0.8046
 -8.9812	 -0.1532	+29.2680	 +1.8608	 -0.1950	 -0.7290
 -7.4872	 -3.2792	 +7.7215	 -0.8718	 -4.6681	 -1.6952
-10.2369	 +6.8052	 -0.8562	 +1.8483	 -5.1060	 -1.1635
 +8.6282	 -3.8131	 +4.8882	 +0.5792	 -0.9045	 +0.8153
 +5.7436	 -6.0612	 +8.0031	 -4.1756	 -3.3256	 -2.5608
 -0.4422	-12.0227	 +7.8748	 -0.2263	 +1.4703	 -0.6043
 +3.7811	 +7.1372	-25.7386	 -1.7354	 +4.0566	 -0.7982
 -3.6895	 +2.9189	 -9.1424	 -1.5591	 -3.3036	 +2.8170
 -0.9375	 +3.9082	 +2.1392	 -4.6699	 +1.4003	 +4.1092
 -0.6975	 +0.1976	 +4.5669	 +0.7094	 +0.6239	 -2.0635
 -4.7073	-20.9030	 -9.9672	 +0.6457	 +0.1927	 +3.1008
 -7.7990	-11.3564	-15.6954	 +3.2508	 -0.8376	 +1.2673
 -3.9846	 +4.1763	 +0.2410	 -1.0636	 -0.2711	 +0.1791
 -4.1414	 -9.0189	 +7.9072	 -0.4224	 +1.1715	 -3.2988
+17.0180	+13.2789	-12.9548	 -0.5660	 -1.2805	 -2.2641
 -5.6875	 -6.1980	 -4.5812	 +2.8667	 +0.5174	 +0.5111
 +1.9428	 +3.9305	 +3.4365	 -2.5140	 +4.5725	 -0.7090
 -2.2307	 +3.6429	 +2.5209	 -0.7850	 +3.4168	 -2.3025
 -3.5352	+11.5211	-25.9272	 -3.4979	 -1.9235	 +0.3898
 -5.7376	 -3.2041	 +1.5295	 +0.3768	 +2.5263	 -1.5020
+20.2376	 +8.4169	 +3.9216	 +3.2206	 +1.1031	 +0.6836
 +3.0607	 +8.1238	 -1.1836	 +0.9851	 -2.2154	 +3.4143
 +3.8830	 -0.6987	 +4.2233	 -1.1180	 -5.1384	 +0.0302
-14.6348	+19.3498	+11.4861	 +0.0658	 +0.6848	 +0.0303
 -1.7378	 -2.1239	 -3.7525	 +0.6641	 -0.8080	 +0.1177
-16.1520	 +6.9245	 +5.3606	 -1.0866	 +0.9809	 -3.8899
 -5.0066	 +5.3852	 -2.5678	 +1.2887	 -2.6693	 -1.3842
 -4.4154	 -1.5556	-10.4295	 -2.0656	 +0.9578	 -0.0310
 +5.0156	 +4.8235	 -8.9985	 +0.7542	 +0.4400	 -1.8602
+22.5695	+11.0395	 -0.6664	 -0.1693	 -3.2598	 -0.2395
-84.1129	+42.9570	+24.8550	 +0.1341	 +0.0944	 +0.6054
 -8.8110	 -0.2510	 +6.2805	 +3.5606	 +3.9459	 +1.8682
 -7.3234	 -1.1536	 -1.9226	 +0.6524	 +2.7772	 -1.8595
 -4.1260	 +7.0054	 -4.4329	 -3.7581	 +2.0319	 +2.0792
 -8.4696	 -4.3710	 +0.6842	 +1.9103	 -0.8091	 +1.6495
-19.9068	+11.1105	 +4.7281	 +0.4411	 -1.6203	 -2.0997
 -8.0993	+14.0321	-31.3803	 +0.8489	 +1.6695	 -1.9259
-16.7753	-19.6685	 -2.4836	 +0.3024	 -1.3636	 +3.0250
 -1.6039	 +3.7576	 -2.5843	 +1.5382	 +3.8629	 +2.3521
 +1.7899	+12.8401	 -9.8678	 +0.6187	 +0.5735	 -2.9136
 -0.6887	 +0.8048	 -9.0485	 +1.6390	 +0.3908	 +0.7100
 +4.4217	 -2.1558	 -3.6710	 -3.3486	 +0.1181	 -0.7181
 -8.4147	 -2.9335	-15.4446	 -2.9674	 +1.1072	 -1.3164
 -5.6552	 +2.7162	 -3.2356	 +3.2016	 +3.9094	 -4.1567
 +3.6747	 +1.5829	 +5.1059	 -0.2560	 +0.0771	 +0.1661
+30.1182	+20.1707	 +7.2972	 -1.5007	 -1.8898	 +1.7968
 +9.8913	 +2.1858	-17.5484	 +2.8392	 -3.0980	 -0.1580
 -6.5161	 -4.2716	 +4.6991	 -0.7440	 -2.9738	 -3.4487
 -2.9039	 +0.4072	 -0.4761	 +4.1088	 -5.0048	 -2.8270
+22.8385	 +1.5732	 +0.9443	 +0.7433	 -0.5713	 -0.3973
 -0.1581	 +1.9514	 +9.5917	 +3.8080	 -1.2440	 -2.1667
 +5.2341	-14.4993	 -3.6633	 -2.2103	 -1.3905	 -1.0258
 +5.6983	-14.5668	 +3.6552	 -2.2810	 -2.8158	 -0.6806
 -0.1396	 +5.6112	 +0.7502	 -0.1072	 +2.8337	 -4.5524
+13.3002	 -7.1230	 -1.0203	 +0.5041	 +2.4212	 -1.8858
+19.2362	 +3.8830	 -9.2699	 +0.4233	 -3.7987	 +0.5459
-34.9481	-18.2030	+15.1222	 -0.2228	 +0.1639	 -3.0640
 -0.0690	 -8.6157	+12.7875	 +1.8432	 -0.2710	 +0.9937
 +2.1776	+11.5253	+13.9295	 +1.1755	 -1.0879	 -3.0064
 -8.6918	 -8.3644	 -3.9768	 +2.0827	 +4.8179	 -2.7553
 +7.0763	-11.3630	 +2.0577	 +3.1731	 +1.9438	 +1.8239
-11.6353	 -5.7438	 -8.6985	 -1.9928	 -1.7953	 +1.3005
-40.8073	+26.1026	+37.4025	 -0.0616	 +0.5549	 +0.2977
 +8.6396	 +2.0718	 +4.7956	 +5.3903	 -0.5991	 -0.4233
 +1.8861	 -0.5331	 -3.8952	 -1.7715	 -2.4661	 +3.0999
 +2.9156	+10.2755	 -5.7462	 -1.7773	 +3.0590	 +3.3334
 -4.6745	 +4.1087	 +3.9456	 -2.4817	 -1.6591	 +3.9513
 -4.5234	 +1.6605	 -2.2210	 -0.1308	 +5.8222	 +4.5848
+43.4384	 +5.6510	-16.5446	 -0.7092	 -0.7369	 +0.2872
 +0.3964	 -1.7654	 +0.4586	 +1.6488	 +4.4033	 -1.1503
 +8.9857	 +3.9817	 +6.0333	 -0.5000	 +2.2074	 +2.8137
 +6.5374	+12.1558	 +3.6466	 -0.7509	 -3.2821	 +2.0513
 -2.9859	-15.7817	-33.6304	 +1.0299	 -0.7443	 +0.9726
 -4.8119	 +0.9698	 -8.7407	 -0.8442	 +2.5309	 -1.5112
 +3.9664	 +0.8821	 +6.5595	 +0.3010	 -1.3805	 -2.8676
-102.1363	-32.4990	+84.8026	 +1.3988	 +0.1690	 -1.2352
 -1.1584	 +7.5755	 -9.0904	 +3.4439	 -2.6195	 -2.7959
+11.9330	-35.2748	 +9.7906	 -1.0053	 +1.8238	 +3.5721
 +3.3986	-25.0830	 -3.9155	 +0.9711	 -0.8311	 -2.2775
 -0.4249	 +0.6788	 +1.0878	 -2.9832	 -0.5946	 -3.8659
 -4.5266	 -6.5446	 -3.6805	 +1.7484	 -3.6886	 -3.1180
 +5.6490	 +5.6109	 -9.4998	 +3.3648	 -2.6759	 -0.9672
 +7.5816	-11.8758	 -0.1973	 +0.7757	 +1.5164	 +0.6415
 -2.7403	 -5.8657	 -9.5089	 -1.8371	 +1.8989	 -2.5796
-10.6995	 -9.3615	 +6.6191	 -2.3283	 +0.4017	 +0.3998
+12.0719	-24.0272	 -6.5926	 -0.2854	 +1.3892	 -1.1310
 -4.7427	 -0.4712	 +2.9466	 +2.3892	 +0.0678	 -1.0013
-20.5206	 -6.5097	 +4.1273	 -1.3561	 -0.4439	 +0.0556
 -1.6274	 -0.9807	 +3.3991	 -0.8727	 -5.3999	 +3.2968
 -0.2992	 +1.2667	 +4.3939	 +0.0322	 -0.9060	 -1.3832
 +4.4326	 -3.1870	 -2.3103	 -2.3569	 -0.7856	 +0.2969
-12.0887	-13.5562	 -7.5124	 -1.1033	 -1.8033	 -3.5889
-64.4575	+23.0209	+50.5212	 +1.2269	 -0.8396	 -0.8363
-58.3076	-32.1849	+18.5177	 +1.3023	 +1.0319	 -0.5516
 -8.7455	 -7.7245	+10.4438	 +0.9574	 +2.2494	 +2.2172
 -2.3961	 +2.7691	 -3.1920	 +0.5173	 -2.5149	 +1.4170
-77.5835	-125.2745	+119.3481	 +0.6657	 +0.0568	 -0.0851
 -6.5106	 +5.9505	 +0.2097	 -3.8082	 -4.5063	 +0.1427
-10.4239	+11.0467	-10.5939	 -1.4916	 -1.6967	 -2.4044
 +0.8245	 +2.8459	 -4.5004	 +0.1376	 -2.6445	 +0.3855
-46.5035	-26.0477	-14.2280	 +1.8702	 -0.5713	 -1.1607
-11.0364	 +5.0057	-10.7954	 -1.6155	 -0.2061	 +0.2412
 +5.6158	 +5.5293	-18.7775	 -0.8625	 -1.5810	 +0.3790
 +8.2579	-31.3214	+36.2059	 +1.3625	 +2.1788	 +1.5922
-12.7161	 +3.2620	 +0.5722	 -1.5234	 +0.1132	 -2.3289
 -1.2357	 -7.9747	 +7.9306	 -1.9409	 +1.0211	 +1.2781
 +3.4933	+14.4262	-21.1635	 -0.0545	 -2.4550	 +1.8210
 -6.1481	 +1.5113	+17.8558	 +2.5450	 -2.8586	 +0.9647
-18.0641	+12.7294	+23.0976	 -1.6891	 -0.4124	 +1.4621
+12.7088	 +9.6002	 +2.5471	 +0.1843	 -3.2312	 +2.2524
+11.8572	 -2.9572	-12.0332	 -0.2172	 -0.6163	 +0.6682
-10.5350	 +3.7567	 -1.1737	 +3.9926	 +2.6935	 +0.5259
 -5.7468	 +3.7856	-16.4623	 +2.2983	 -1.9597	 +0.7045
-11.3656	-15.9670	-23.4866	 -0.1419	 -0.1334	 +0.4875
 -4.5750	-12.8025	 -6.6002	 +2.0353	 +2.0280	 -1.8057
-11.2705	 -9.6850	+21.0330	 -1.4893	 +0.1999	 -0.0317
 -9.2724	 +4.7935	-10.5270	 -1.2396	 -3.0940	 -1.4031
 -8.0169	 +2.8137	 -5.7322	 +4.4764	 +0.8292	 +0.0026
-36.6215	+14.3912	+12.3237	 +0.1797	 +0.6244	 -1.6382
 -1.5227	 -8.4279	 -6.7895	 -1.2476	 +0.2788	 +2.0369
 -6.5477	-10.4411	+13.8478	 +0.9330	 +0.7401	 +2.1414
 +8.7173	+10.3793	 -4.0778	 +1.0116	 +0.5080	 +3.3206
 +3.0246	 +3.2389	 +4.7324	 -4.6928	 -0.5063	 -0.8908
-30.3873	+38.1293	-75.5675	 +0.4361	 -1.4008	 +0.6726
+11.1843	+22.1750	 -6.9844	 -1.6113	 +2.1045	 +1.3515
-13.0294	+76.7011	-52.0948	 -2.1201	 -0.6281	 +0.1660
-18.4485	 -5.2533	 -2.7486	 +0.0933	 -1.4948	 +0.3493
-15.2260	-17.6509	 -7.2882	 +1.2571	 -0.6058	 +2.0388
 +1.4424	+12.7235	 -4.1911	 -0.6153	 +4.4651	 +1.6224
 -8.5625	 -0.6536	+11.4037	 +3.2509	 +1.6906	 -1.6054
-19.8118	 -4.4970	 +5.7108	 +0.8348	 -0.9398	 +2.7588
 +2.3674	 +1.6497	 +5.9955	 +1.7473	 -3.5533	 -3.4848
 -0.7539	 -4.9823	 -9.7711	 +2.7133	 -0.2927	 -1.3154
 +4.8143	 -4.2530	 +2.3389	 +0.9530	 -0.3796	 +1.4174
 +2.0557	 +9.1957	 +3.6500	 -1.6835	 -0.5913	 -4.9580
-15.5510	 +1.3042	 -0.5106	 +0.2334	 +3.2843	 -2.0778
 +2.2293	 +3.5096	 -9.3600	 -4.1731	 +2.2731	 +2.0713
+10.2946	 +7.7717	 -1.7549	 -3.3867	 +0.1690	 +3.5010
 +9.4056	-24.8064	 -6.6575	 -2.9862	 -0.2989	 +1.8688
 -6.1543	 +0.3672	 -4.9670	 -2.3558	 -1.4409	 +4.7371
 -9.0098	 -1.5985	 +7.4967	 +0.6303	 +1.7198	 +3.2064
+10.7826	+11.7620	 +1.2650	 -1.0610	 +2.7718	 -0.7595
 -4.0858	 +9.0797	 +6.7977	 +2.4252	 +3.5006	 +0.5276
-143.6001	-178.8766	+114.0600	 +0.3712	 +0.8811	 +0.0905
 +4.2647	 -8.3961	 -0.6973	 -0.3703	 +4.8057	 -3.5182
-17.2761	+46.7639	+46.1257	 -0.3238	 -2.1775	 -0.2380
 +5.1735	 +0.9677	-12.0596	 -1.7095	 -2.5070	 +2.4540
 +7.1707	+74.6980	-83.1162	 +0.0799	 +0.0060	 +0.3306
 +0.8835	 -1.3925	-10.1405	 -1.1053	 -6.1691	 -0.7314
 -4.8394	 -4.6053	 +8.1555	 -2.2972	 +1.5418	 -0.3925
-13.8595	+25.7628	-25.3235	 +1.5283	 +0.0882	 -0.1779
-16.1313	-15.6984	 +1.1221	 +1.0865	 +3.1775	 +0.5921
 -3.6165	-14.2248	 +1.1873	 -4.5643	 -0.2450	 -1.3932
 -2.9978	+10.1108	 -2.2610	 -2.9868	 +1.1801	 +1.3587
 -2.1081	 -7.0193	 -1.6855	 -0.0912	 -4.1200	 +3.3273
-10.9606	 -2.5197	 -5.9847	 -1.5013	 -0.0894	 +1.7655
 -3.3719	 +1.6576	 +3.0234	 +2.4890	 -3.3101	 -0.4829
-10.4359	+12.1061	 -0.0005	 -3.9532	 +0.3241	 -0.9304
 -2.4797	 +2.8559	 +2.5356	 -4.7317	 +4.9271	 +1.6827
-22.1031	+26.0798	 +2.1434	 +0.4043	 -1.3521	 -0.0556
 -0.8214	 -1.7386	-21.2164	 +0.6641	 +0.5831	 -3.5771
+13.8612	 +4.9246	+10.7990	 +1.3670	 +2.1689	 -0.9986
 -5.0658	 +2.3904	-21.7588	 +1.0879	 +2.9476	 -0.8175
 +4.1743	 +6.5559	-12.9446	 -0.1878	 -2.1682	 +0.9110
 -5.7847	 -6.7460	 -3.8657	 -5.9929	 -1.6393	 +3.2757
 +0.8525	 -2.4631	 +1.8565	 +5.9576	 +2.2265	 -1.0109
 +8.1268	 +4.6253	 +8.2068	 +2.4880	 -1.6687	 +2.6629
 -0.0304	 +7.0062	 -0.7903	 -1.7511	 -3.3891	 -1.1396
 +5.5251	 -6.4454	 +7.8047	 +0.9560	 +1.7296	 +2.9647
 -6.3375	-22.3584	+12.3287	 +0.9105	 -0.4184	 +0.2101
+12.1511	 +0.3338	 +0.4581	 -1.8747	 +2.7573	 +0.3160
 -2.9231	 +3.8394	 +0.9429	 +1.4948	 -2.9638	 +2.5344
-19.2816	 +3.6855	 -1.9419	 +2.0941	 -0.5785	 +1.7515
 +0.2750	 +0.4239	 -0.3032	 -5.1763	 +4.6062	 -2.4559
 +2.9268	+14.0688	 +5.2147	 -1.2647	 +2.2291	 +1.3050
-16.6119	 +2.0497	 -5.7647	 -1.0515	 -2.5459	 +1.7208
 +7.1822	 +7.8705	 +7.5469	 -1.6086	 +1.2755	 +1.0572
 +2.3923	+13.2731	 +3.3989	 -0.8178	 +1.2644	 +2.0705
 +7.1809	+25.8825	+34.9702	 +0.5998	 +0.2975	 -1.3530
-12.9369	 -1.4550	 +1.3717	 -0.2904	 -1.5309	 +1.0806
 +3.4323	+20.8263	-11.8033	 -2.7303	 -1.6928	 +0.7681
+20.4695	-13.0859	 +9.8534	 +3.3760	 +0.3113	 -1.8448
 -6.7420	 +2.4109	 -6.6131	 -0.5288	 +1.8108	 +3.8524
 -4.4017	 -1.8702	 -2.7643	 -2.5824	 -2.8786	 -4.7824
 +3.8436	 +3.7811	 -3.6603	 +3.6764	 +2.8390	 -4.0903
-11.6059	 +1.4342	 -5.0863	 -2.8160	 -0.0722	 -0.1905
-18.6788	+10.8702	-25.9129	 -0.1295	 -1.0645	 +1.9228
 +4.9259	 -2.1743	-14.0125	 +0.5679	 -2.9872	 -2.0053
+22.4009	 -2.3408	-17.3103	 -0.6968	 -0.7938	 +2.0833
 +2.6445	 -1.7962	 -4.6401	 +0.5031	 -2.6239	 -3.8947
 +0.5904	 -2.9783	 -4.4730	 -0.1767	 -1.7982	 +0.3694
+11.8636	+15.4211	-14.0647	 +0.0819	 -0.7973	 -0.2335
-16.4114	+37.5170	-11.3072	 +1.6744	 +1.6393	 -0.0277
 -5.1966	 +2.2847	 +2.2691	 -0.8085	 +1.4387	 -3.0809
-10.3495	 -5.5960	-16.7643	 +1.2209	 -1.1741	 -3.1000
-11.9256	 +2.6129	+11.8269	 -1.7997	 -4.3334	 -0.6170
+18.3672	-10.1821	 -9.2226	 -0.3313	 -0.3858	 +0.5142
 +6.0456	-19.2762	 -2.7735	 -2.0546	 -2.3957	 +0.4033
 +1.5940	 -2.5499	 +5.6407	 -1.4449	 -0.9276	 -2.3655
 +3.4762	 +7.4412	+15.5118	 -1.2941	 -0.2345	 +2.4441
 -6.0586	 +2.8558	-25.1234	 +0.4742	 +2.0572	 +0.4199
-13.7627	+18.6876	 +1.0808	 -1.3851	 -2.8829	 +1.2631
 +6.3083	 -5.9980	-19.7346	 +0.8107	 +0.7130	 +0.6403
 -9.4751	 -2.5551	 -1.5520	 +1.1265	 -1.9599	 +0.4942
+15.4556	 +6.4365	+40.4646	 -0.5685	 -0.5273	 +0.5409
 -9.7460	 -3.6214	 +0.9251	 +0.9422	 -0.3253	 -1.9760
 +6.8955	 +3.0279	 +7.5589	 -1.5634	 +2.5252	 +0.3875
-11.8454	+19.1368	 -1.5182	 +2.7183	 -0.7654	 +1.6684
-12.5679	 +2.8575	 +3.1099	 -1.9349	 +1.3942	 +0.5872
-12.9243	 +5.4223	-14.4816	 -0.1248	 -2.1021	 -1.9524
 -9.3290	 +9.1667	 +8.0269	 -3.8311	 -0.7313	 -0.5863
 +0.0158	 +3.7644	 -5.4604	 +0.3150	 +1.0018	 +3.5186
-61.2640	-18.0520	-25.6856	 -0.5056	 +0.1711	 -0.0652
 -4.5672	 -0.9266	 +5.5681	 -0.8872	 -3.9067	 +2.3149
 +5.4161	 -2.4346	 +5.8025	 -1.0513	 +0.0290	 +1.0252
+11.2435	 -5.2445	 -3.8919	 -0.6147	 -0.6961	 +1.3478
