# Num Particles: 1000
# Num Cores: 4
# Total Energy: -1.010106e+04
# Iterations: 751 of 1000
# Current Time: 2018-05-05 20:25:15.115810
# Elapsed Time: 3:22:12.702859
# Avg. Step Time: 0:00:16.155397
# 
# x	y	z	vx	vy	vz
# 
 -3.4870	 -7.9570	 +2.6021	 -0.8063	 -2.1236	 +4.0309
+18.1496	 +4.9000	 +8.5201	 +1.6528	 +1.2609	 +1.0943
 -7.6831	 -9.7591	-10.7004	 -1.2829	 -0.1963	 -0.0420
-23.8444	+48.2037	-13.7355	 -1.1303	 -1.1497	 +0.9890
 -1.2445	 -4.0918	 +1.3601	 -1.3546	 -1.3484	 +0.9431
 +1.7465	 +6.8209	-11.9457	 +2.0751	 +1.0445	 +0.9359
-10.2225	 +5.3291	 +7.1828	 +1.6867	 +0.8134	 -0.2330
 -0.8161	+11.3005	 -2.1937	 +0.3477	 -2.1461	 -1.5363
 +8.6468	-37.3441	-23.2942	 +0.1103	 +0.8613	 +0.6970
 -8.0005	-11.5162	 +1.9895	 +2.2349	 -4.9315	 -0.1156
-21.4449	 +6.2255	+18.4005	 +0.9986	 +1.5021	 +0.3999
 +1.6789	 +2.9743	 -1.7937	 +0.3372	 +2.3947	 +0.1313
 +4.6768	 +8.5081	+11.6935	 +0.8150	 +0.5231	 -0.2747
-18.7903	 +6.4469	 -5.1656	 -3.2612	 -0.7015	 +3.0645
 -8.2973	-12.1056	-12.1616	 -0.6103	 +0.3848	 -1.3408
-10.9339	-20.1710	-11.2883	 -2.3517	 +1.5085	 +1.6837
 +1.5836	-28.7874	+18.1653	 +2.2166	 -0.2434	 +0.2439
-17.4481	 +8.5446	-24.8146	 -0.4954	 +0.7797	 +2.3380
 -9.1960	 -8.7650	 +7.5562	 +1.2626	 -0.2548	 -2.6696
-39.6177	-43.1982	+20.6294	 -1.6351	 +1.2495	 -2.3945
 -5.7991	 +3.2515	 -0.9763	 +2.7452	 -1.4614	 -0.9285
-10.1823	 +2.9980	-10.8281	 -1.2035	 -2.0074	 -0.0325
 -5.5212	-15.3467	 -2.0814	 -0.6510	 +0.1411	 -0.7369
 -4.0976	 +9.2547	 +8.8817	 -0.1712	 +2.9351	 +0.7024
 -4.4514	 -6.6763	 +2.5625	 +1.8310	 -0.8156	 +5.1083
 -6.0393	+21.9422	-30.0971	 +1.7935	 -2.3103	 +1.5431
-15.5425	+11.6604	 -6.0006	 +3.1504	 -1.1240	 +0.8264
-15.0070	 +8.2750	 -3.8787	 +2.2767	 +1.1431	 -1.4458
 -5.1106	+22.2758	+12.1400	 +3.0468	 +0.5399	 -0.2103
-24.5714	+41.6346	+19.0887	 -0.8778	 +0.8037	 +0.3903
-20.0626	 -3.9847	 +0.1502	 +2.2135	 -1.6739	 -2.4670
+35.2667	+28.6933	+28.3974	 +1.1326	 -1.7722	 -1.4878
+37.0652	 -2.3245	-24.0088	 -0.0642	 -0.8291	 -0.6534
 -8.3318	+11.9304	+10.7237	 -0.3827	 -4.2582	 +0.0524
+13.3486	-59.0740	+38.8138	 +0.5630	 -1.5638	 +0.4739
+213.9930	+898.3614	+56.3856	 +6.1539	+25.7609	 +1.8923
 -3.9739	-30.1964	 -4.4635	 -1.6952	 +0.3480	 +0.8830
 -8.2926	 -6.7567	 -4.9767	 -0.2004	 +0.6377	 +1.2143
+118.0427	+21.4531	+257.4359	 +2.0873	 +0.6993	 +5.2105
-16.3471	 -3.3149	 +0.4813	 -2.7257	 -0.5998	 +2.1037
 -6.2820	 -9.2371	-30.2075	 -0.3904	 +0.6155	 -0.9381
-39.0089	+15.2536	-18.5957	 -0.2874	 -0.2383	 +0.2482
 +3.1076	+11.6734	 -1.5186	 -0.3207	 -0.7478	 +2.0734
+12.3239	 +9.7531	 -0.6033	 -1.4197	 +1.7972	 +0.6887
 -8.9936	+15.5549	 -5.3406	 +1.7417	 +3.0216	 +0.4187
 -6.0153	+10.2926	 -3.3908	 +1.2914	 +2.4385	 -1.5364
-10.9129	-22.9857	-13.0903	 -1.0381	 +0.4918	 -1.9737
-31.7525	 -7.0526	-30.4042	 -2.5217	 +0.3450	 -0.4605
 +6.7286	 -6.5401	 +9.3374	 -0.1046	 -0.4050	 -1.5022
 +2.5598	-14.0098	 -3.6369	 +0.4808	 -2.7126	 +0.5108
-36.0925	+68.0620	-61.2845	 -0.7520	 -0.1989	 -0.9319
+41.5427	 -9.2679	+74.3907	 -0.5758	 -0.3500	 -0.5737
+19.1520	 +6.9429	+41.7722	 -1.0367	 +1.7193	 +1.3922
+16.7778	 +0.6178	+12.8911	 +0.8171	 -2.8501	 -0.7274
+11.5182	+89.6504	+26.9873	 -0.1893	 -0.0335	 -1.4036
 -7.7393	+11.6005	 +2.8428	 +3.5404	 -3.0710	 +0.3049
 +9.1229	+11.1581	-21.6323	 -1.9310	 -1.1156	 +1.9385
 -4.9205	 -4.3180	 +1.1251	 -1.9407	 +0.8684	 -2.7178
 -7.0140	 -9.7700	-27.4927	 +0.5905	 -1.4173	 -0.4023
-40.7596	+34.0170	 -5.9925	 +0.3726	 +1.5034	 -0.6654
+31.1064	-10.5453	 +1.1768	 +0.3538	 -0.3194	 +2.2211
+10.8038	 -9.1972	+28.7965	 +0.7929	 -2.6246	 +1.0392
 +3.0609	-12.7952	 -1.3111	 +1.1445	 -0.8412	 -0.8587
 -2.3026	-27.5162	 -7.3642	 +1.3914	 -0.2686	 +2.3847
 +2.1016	-38.8558	 +6.8311	 +0.9198	 +0.0695	 +1.1846
+14.4900	+11.6797	-26.9418	 +0.6390	 +0.4416	 -2.0024
 +9.2477	+12.1103	-15.0296	 -0.2330	 +0.5860	 -2.0600
 -5.5878	 -4.0906	+45.0981	 -1.0223	 -1.1617	 -0.9737
+27.3911	 -5.9467	+21.6747	 +1.1109	 +0.7248	 +0.8439
-657.7348	+539.9078	+923.3296	-10.5281	 +8.7084	+15.1250
 -0.2881	 -7.6734	 -0.7696	 -4.2879	 +2.2479	 -0.0747
 -7.4720	 +7.7167	-13.9826	 -1.0939	 -0.5548	 -1.1113
 +5.8070	-15.3007	 +4.1886	 -0.9279	 +0.6160	 +1.1570
+112.4848	 +5.4583	-117.4070	 +1.3398	 -0.1985	 +0.3842
+48.2708	 -2.8407	+10.3635	 +1.3908	 -0.0551	 +0.7359
+25.4138	+19.1809	 -0.1800	 -1.0091	 +1.5966	 -1.9355
 -8.5098	+39.9794	-26.6260	 +0.2872	 +0.3999	 -0.3465
 +2.9544	 +3.3210	-29.6274	 +1.8337	 +1.1354	 +0.3056
-92.8544	+215.5102	-157.1397	 -1.2020	 +3.2374	 -1.9447
-39.0913	 +9.5241	 +1.6014	 -0.9401	 -1.4342	 -0.4633
 -2.4512	-15.2831	 -4.1478	 +1.5657	 -0.5574	 -0.1349
+13.8504	 -1.4695	 -7.8399	 -1.0453	 -0.6770	 +0.1690
+18.1561	-16.2895	-10.8578	 -0.3660	 -0.3146	 +0.7443
 -7.5612	+50.2627	 -1.5255	 -0.4363	 +1.0079	 +1.6074
-31.9813	+21.4276	+27.3288	 -0.6078	 -0.1699	 -0.4135
+10.9861	 +5.5437	+13.2974	 -3.2405	 -0.6609	 +0.2437
 -7.2853	 -0.8437	-10.0230	 +1.0767	 +2.2926	 -2.3895
-61.7372	+46.3341	-59.7336	 -1.1710	 +0.6138	 -1.2974
-12.7744	 -9.2082	+11.9855	 +1.4036	 -3.5215	 +0.2179
-16.8823	-17.1757	 -4.7364	 -1.5759	 +3.8680	 -1.5622
+14.2680	 -6.0569	+15.1729	 +0.1694	 -1.5108	 -0.7290
 +5.9772	 +0.5598	 +4.0669	 +0.4280	 +0.7415	 -1.1143
+32.1440	+47.4710	-20.5192	 -0.6365	 -0.5590	 -0.5203
 +6.4576	 -1.2873	 -4.4445	 +4.3142	 +0.0177	 -0.4255
-13.8748	 -6.8047	 +8.2669	 -1.2521	 +0.4145	 +0.6539
 +7.0886	 -4.0760	 -7.6101	 -1.0314	 -0.0026	 -1.5498
 +6.6368	-49.8649	+16.0899	 +1.0259	 -1.2928	 -1.3961
 -7.1497	 +5.5874	-13.6785	 +1.7504	 +2.2490	 -2.2786
+19.8656	-21.0646	 +4.5813	 +0.5390	 +1.2198	 +1.0627
+13.4209	 +6.0575	+27.6032	 -1.9996	 -1.1388	 +0.5930
-31.4242	-44.5402	 +9.9595	 -2.4567	 -2.3900	 +1.0804
 +6.8676	-26.3164	-14.3688	 +0.4106	 +1.2526	 +1.4336
 -3.3862	 -2.3969	-10.4173	 +1.3757	 +0.8756	 -0.6666
 +3.9652	 -1.4453	-11.2140	 +1.6378	 +2.2434	 +0.0862
+470.1353	+118.2621	-238.3348	 +6.1663	 +1.5734	 -3.0460
 -4.5151	 -8.9009	-11.5894	 +0.6737	 +0.7926	 +0.2876
+21.2890	-11.6699	 +4.1555	 +3.4560	 +1.4272	 -2.0366
 +3.5578	-14.0976	 +3.7276	 -0.6822	 -3.2314	 +1.2666
-31.2857	 -9.5048	-17.4994	 -0.1078	 -1.3424	 +1.2112
+19.9149	-14.1052	 +7.5836	 -1.0659	 +0.6631	 +0.7648
-11.8325	 -4.2192	 -5.5809	 -0.5945	 +3.6847	 -3.2826
+451.8360	+436.3974	-202.9446	 -0.3325	 +0.6260	 +0.3394
-139.5918	+177.0702	+221.2766	 +0.0763	 +0.9501	 +0.1534
 -1.2504	 -9.7563	 -6.3662	 -1.8633	 -0.5752	 -1.4150
-14.1757	 -9.2004	 -9.6808	 +1.8983	 +2.0924	 -2.4099
 +3.0830	 +6.4165	 +3.9371	 -1.4229	 +1.8966	 -2.0861
 +4.3782	 +0.6974	 +8.9360	 +0.2006	 -3.5860	 +0.6103
 +2.1681	 +1.8170	+98.9118	 -0.6403	 -0.1548	 +0.5962
-173.8301	+164.4195	-218.8766	 -5.8769	 +5.9477	 -7.9841
-50.6991	+50.7131	-37.0696	 -0.0489	 +0.3050	 -0.8971
-13.6717	+11.9157	-12.7511	 +2.2753	 -1.9528	 -0.2569
 -7.5301	 +6.4772	 +9.2678	 +1.8287	 +0.8413	 +1.6194
 +6.0751	 -4.9599	+11.4926	 +3.7490	 +0.8292	 -1.7279
 -3.7470	 +1.6903	 +7.8930	 -1.6204	 +1.8982	 +1.7254
 -8.8422	 -4.4643	 -2.4082	 -1.2089	 -5.2352	 +0.9013
 +3.1401	-18.9772	 -8.2292	 +0.4979	 -3.7232	 -0.6780
 +6.1956	 -6.3228	+18.6923	 -2.2602	 +0.3056	 +0.0830
+58.3417	-18.0986	+22.3229	 +1.5905	 -0.6119	 +0.7218
 -1.6139	 -4.1290	 -0.1356	 -1.2195	 -0.3033	 +0.2818
 -8.4249	 -6.0093	 -2.4920	 -2.7073	 +1.7234	 +3.4607
+16.0751	-55.5498	-226.5077	 -0.0005	 -1.1396	 -0.4897
+11.3130	 +5.1003	-38.8852	 -1.3661	 +1.1298	 +1.3152
+12.5489	 +9.8423	 +3.9949	 +2.1479	 +1.3503	 +1.9680
 -2.3254	 +5.0499	 -4.2417	 +1.7647	 +0.8440	 -0.1495
-10.3518	 -2.3032	 -2.7798	 -1.1216	 -3.0790	 +0.5299
-48.1580	-21.8254	 +7.8861	 -1.0702	 -0.9746	 +0.7870
 +5.1409	-22.8854	-12.2937	 +2.1880	 +1.9851	 -0.0739
-33.4659	 -1.0696	-20.9900	 -1.0931	 +1.4633	 -1.9466
 +3.5313	-16.2312	 -9.1812	 +0.2380	 +2.2642	 -2.0632
-113.8152	+108.6642	+56.1464	 -0.7350	 +0.8386	 +0.3232
 -6.5478	 -9.5674	 +3.9470	 +2.0262	 -0.5646	 +1.4740
 -4.1063	+19.8893	-25.6969	 +2.8120	 +0.0006	 -0.0107
+727.8906	-238.6383	-189.1306	+13.5758	 -4.3423	 -3.3387
-29.0238	-63.1348	+29.9523	 -1.4379	 -0.2933	 -1.2109
 +0.6456	+49.3964	+13.4555	 +2.4220	 +1.0434	 +0.8590
+14.4219	 -2.8005	 -9.9129	 +0.0104	 +0.1445	 +1.7314
-35.4175	+53.1319	+16.0445	 +1.5741	 +0.9613	 -1.8884
 +2.3959	 +9.3210	-11.9845	 -1.7801	 +2.0392	 -1.2562
 +8.3009	+10.3101	 +1.7064	 +1.0407	 -0.5661	 -4.2595
 -5.2672	+31.8428	 +5.9159	 -0.7504	 -0.9067	 -0.1900
 +5.6397	 +5.3280	 -0.2981	 -0.7521	 +2.0452	 -1.0770
 -7.0745	 -5.1196	 +0.1985	 +2.0669	 +0.0660	 -0.8318
-13.3961	 +4.6532	 +2.3503	 -1.4058	 +2.0201	 +0.5378
 -6.1344	+15.0204	+22.9633	 -1.0088	 +1.2177	 -0.1915
 -2.8704	 +1.1714	 -8.5488	 -1.2145	 +1.3335	 -2.4603
+18.7100	 -0.5168	+25.8484	 +1.4036	 -0.6871	 +0.8234
+19.8813	 -8.3035	 -3.8951	 -0.5140	 -1.3009	 +2.2961
-24.1153	 +4.8360	-16.2905	 +1.2886	 -0.6222	 -2.8584
 +0.0061	 -3.6472	 +1.8861	 +1.8993	 -1.9698	 -1.2704
 -0.7612	 -7.8225	 -0.4322	 -2.5214	 +0.7950	 -1.0339
+11.5454	 -7.1960	+69.8330	 +0.6247	 -0.8822	 +0.4510
-21.0457	-28.1005	+14.0836	 +1.0026	 +0.7339	 -1.0850
-12.2795	 +6.1083	 -2.8839	 +0.7757	 -1.3043	 +0.8840
+32.4531	 -8.1630	 -9.5223	 +0.7835	 +1.4557	 -0.3655
-12.8174	 -0.5602	 -7.1466	 -1.2352	 -2.8061	 +0.9331
-10.4823	 -7.6904	 -1.0905	 +1.1751	 +1.6342	 -2.5155
 +1.9550	-14.3798	+10.7672	 -1.1039	 -2.8035	 +1.3383
-31.6699	 -4.4304	-21.0872	 -1.5242	 -1.1960	 +0.3994
-15.6182	 +7.6111	 -2.4281	 -1.3984	 -1.1358	 +2.6480
 +1.4102	 -6.1625	 +0.6410	 +0.6348	 -1.3762	 +4.3593
-13.7861	+10.0560	-24.1396	 +1.3298	 -0.8560	 -0.0406
 +3.5602	 -3.5454	 -1.6060	 +0.5519	 -0.2316	 +0.0337
 +5.1736	+20.5651	-14.7625	 +1.3264	 -0.8407	 -1.9342
 +7.6109	-49.8332	+17.6157	 -0.1985	 -2.2026	 +0.4794
 -3.1923	-33.8601	 -9.5948	 -0.2968	 -1.0416	 -0.6634
+26.3760	-91.6586	+38.8188	 +1.4823	 -0.6865	 +0.1193
+19.9655	-23.5645	+21.4334	 -1.1730	 -1.7929	 +0.1999
+33.0167	-26.6926	+22.3138	 -0.5699	 +1.1921	 -0.2083
 +7.3487	 -2.5424	 +5.2037	 -0.0712	 +1.1824	 -0.4137
 +7.0574	 -5.6764	 -9.8596	 +1.4609	 +0.8855	 +1.8633
-622.8572	+99.9173	+250.3306	 -9.7117	 +1.5544	 +3.8101
+37.1874	-95.0883	+18.5461	 +2.0003	 -4.3224	 +1.0007
-13.7959	-15.8957	-31.9729	 +0.4588	 +1.1124	 -1.3268
-36.0994	 -7.2895	+15.8175	 +0.1902	 -0.6703	 +1.3142
+12.0991	 -7.9651	+10.3913	 +1.0092	 +2.6406	 -2.6015
+22.4418	+57.4797	+35.9982	 +2.3834	 +4.6448	 +2.7746
+10.1539	 -8.3780	+19.8083	 -0.1750	 -1.5338	 +0.8876
 -4.2059	 -8.9916	 -0.6069	 -0.2323	 -2.6263	 -0.7334
+10.7688	+22.2352	-14.9912	 +0.9045	 -0.1641	 +0.7019
 -1.8452	+14.1666	 +2.4332	 +0.4601	 +0.0849	 -0.0262
 -7.5747	-43.5347	 +2.1106	 +0.1470	 -1.3862	 +0.1007
+11.3346	-12.8561	 -7.0019	 +0.4439	 -1.1157	 +0.8866
 +7.8025	+27.3307	-22.0713	 -1.8287	 -1.7080	 -0.9164
-12.6185	 -2.3503	 +1.1960	 +0.5687	 -2.9604	 +0.4597
 -6.4942	+14.6957	 -1.7376	 +1.2211	 -1.2847	 +1.6584
-14.1050	 +0.8436	 +2.6554	 -0.7957	 -1.0511	 -0.2881
 +2.7543	-49.8126	+10.3438	 -0.2005	 -2.9326	 +0.7465
 +2.9008	+48.8170	 +1.3657	 +2.5190	 +1.4321	 -1.6585
 -5.6008	 +7.0297	-10.1046	 +1.3867	 +1.3381	 +2.1432
+11.8754	 +7.1468	+16.7129	 +0.1152	 -9.9689	 +0.6790
-17.0280	-28.7056	 -1.0581	 -0.4995	 +1.0953	 +3.3841
-27.5441	+20.5907	-22.8081	 -1.4279	 -1.0794	 +0.4023
 +3.0958	+31.5982	-14.2679	 -1.6655	 -1.6150	 +2.3273
 -1.8187	 -8.3386	-18.4203	 +0.4086	 +1.9676	 +1.6052
+19.0891	-10.4676	 +2.4493	 -1.5827	 +0.2355	 -1.6525
 +1.6281	 -3.6278	 -1.5483	 -1.8179	 +0.2320	 -1.3390
 +4.4501	 -2.0027	 +0.2321	 -0.5484	 +3.4269	 -0.8940
-36.6776	+10.0928	+17.1392	 -0.2926	 -1.9039	 +1.8269
+24.5704	-51.8033	 +8.9262	 +1.9349	 +0.2168	 -1.7792
+11.7764	+37.3016	 +3.2677	 +0.1066	 -1.7817	 +0.4873
 +8.2878	-14.5660	 -5.4489	 -2.3677	 -1.2407	 +0.2183
 -4.5096	-15.3373	-13.7577	 -1.2203	 +1.0407	 -0.9768
 -1.6660	 -6.1949	 +0.3418	 -0.4070	 -0.6521	 +0.9812
 +6.1767	 -6.6389	+28.7593	 +0.9090	 -0.3116	 -2.1839
+29.3956	-18.0569	+13.5524	 -0.0823	 -0.2611	 -1.1953
+58.9395	 +9.7283	+19.8487	 -2.4691	 -0.1648	 +0.7166
 -8.8136	-20.8293	-26.6400	 -1.9230	 -1.3425	 +1.8270
 +3.2216	 -1.8551	 -7.3997	 +1.6705	 -2.6175	 -1.9489
 +7.8218	 +2.5314	 +2.3089	 -1.7276	 -2.0698	 +1.7207
 -7.9876	-18.3362	-13.1529	 -0.4734	 +0.9065	 +0.6278
-13.2803	+36.2287	+38.1505	 +0.7413	 -1.3894	 -0.9495
-11.5618	-18.1719	 -9.4743	 +1.4321	 +2.2505	 -1.2742
-147.8964	-106.7379	-148.9806	 -2.1353	 -1.3287	 -2.3020
+63.6506	-47.6663	+35.1922	 +3.8012	 -2.7892	 +1.1486
 +7.2960	 -9.1672	 -4.7406	 -2.2419	 +2.1114	 -1.7353
 -6.0131	 -1.8888	 -2.2085	 -1.3605	 +0.9625	 -1.2010
 -6.4289	 -0.3713	 -6.1200	 +3.4113	 +1.6665	 -2.5443
-35.8893	-148.8031	+149.9644	 -0.2497	 -1.1899	 +1.7188
 +3.1874	 -1.0487	+15.5966	 +1.8534	 -0.3093	 +1.8699
 +8.8000	-10.5515	 -4.4216	 +0.8653	 +0.2754	 +2.6137
 -3.7132	 +2.5596	 -1.5961	 -1.4841	 -2.9787	 -3.1374
+324.8944	-426.2850	-263.3008	 +5.5620	 -7.3582	 -4.4446
 -9.2485	 -6.2937	 +3.4230	 -2.8270	 -0.1458	 -1.8553
 -5.2522	 -1.3546	 -0.6686	 +3.3132	 +1.1841	 +0.0906
 +0.2190	 +7.6952	 +7.0260	 +1.9396	 +0.6380	 +0.6651
 -0.7918	+15.9971	-11.8143	 +0.9467	 -1.7014	 +1.1816
 +0.1528	-29.1933	+16.7022	 -0.2184	 +0.6437	 -2.0442
 +3.1578	+13.6787	-33.6016	 -1.2416	 +1.9801	 -0.4678
 +5.2616	 -4.7393	 +5.1293	 -2.3025	 -0.5153	 +2.1033
 +7.7140	-20.9666	-15.1055	 -0.1702	 -1.1382	 +1.2646
 +5.4176	+51.3884	 -9.1629	 -1.2599	 +2.4242	 -0.2325
 +1.8536	 -3.4106	-11.3119	 -2.5154	 +0.8914	 +1.1041
-47.3807	+76.1304	-35.0299	 -1.6884	 +2.0427	 -1.7679
+24.2427	-30.4759	-10.1852	 +1.8079	 -1.5575	 -0.8718
-72.6376	+46.5947	-52.2646	 -3.4874	 +2.3865	 -3.4020
 -4.1214	 +3.6494	 -9.5391	 +0.3270	 -0.2543	 +2.8248
 +8.4408	-42.3340	 -5.7611	 -1.3973	 +1.8527	 +1.2855
 -5.3544	 -1.5937	 +0.4009	 +4.0744	 +0.6947	 +0.9487
 -8.4752	 -9.8799	 -7.6349	 -1.7076	 +2.3769	 -2.3017
+33.4275	+123.9082	-46.1515	 -0.0607	 +0.8952	 -0.5959
 -5.5238	-28.7477	 -7.0621	 -2.9810	 +0.8791	 +0.4635
+16.6381	-62.8881	+15.2813	 +0.5524	 +1.2382	 +0.0910
-12.2702	 -1.3976	 -0.0409	 +2.6145	 -1.7489	 -1.6657
 -3.1810	 +3.8330	 +7.9259	 -3.2385	 -0.1274	 -0.1282
+1887.2682	-48.0070	+795.0211	 +0.2139	 -0.2336	 +0.0631
-13.2640	 -2.3664	 +2.5087	 +0.6494	 -0.0423	 -0.5031
 +5.2513	 -4.9688	-10.0739	 +0.0970	 +1.2441	 +0.4319
 -4.6284	 +9.8398	 +7.3713	 -2.8573	 +0.8791	 +1.2878
 -5.3358	 +4.3348	-12.3048	 +1.5772	 +1.5899	 -4.3989
 -2.9791	 -6.3059	+13.1388	 -0.7099	 +2.0547	 +1.9565
-74.0410	-96.3224	-42.5751	 +0.3030	 -0.0011	 +0.7929
 -6.8476	+33.0603	+11.8567	 -0.4591	 -2.0036	 +0.5293
+17.1361	-41.2618	 +6.5738	 +0.2258	 +2.4782	 +1.1741
 +9.6152	+32.2004	 -1.4135	 -1.3937	 -0.4047	 -1.0046
 -3.0812	 -2.5488	 +7.1918	 +0.7163	 +0.1903	 +0.6697
-22.3252	-36.9321	 +8.7410	 -1.3806	 +1.2599	 -0.0825
 -2.8033	 -6.6710	 +9.9093	 +0.6377	 -2.7756	 +1.4323
 +4.2804	 +3.3529	 +6.8933	 +1.5323	 +2.3805	 +2.5351
 +5.5501	-12.5761	+10.9866	 -2.1080	 -2.9008	 -1.3576
+92.5181	+196.3226	+34.8126	 +1.0107	 +2.4823	 +0.2396
+10.2664	 +1.4472	+49.1256	 -0.6963	 -0.9006	 -0.3579
+13.9115	 -7.2716	 +4.6889	 -0.7298	 +1.2859	 -0.0082
 +1.2016	+32.6754	 +1.2993	 -1.1779	 +1.3353	 -0.0814
 -2.4491	 -0.0998	+13.7300	 +2.0057	 +0.1573	 +1.1290
-16.9770	-49.1240	 +1.1065	 +1.0050	 +0.4145	 +0.5641
 -3.2720	 -0.3383	 +4.7008	 +3.1622	 -3.2912	 -0.1896
+634.8744	-250.7021	-707.5255	+10.4240	 -4.1125	-11.3041
 +6.8460	+25.7706	+15.9034	 -0.6444	 +0.1027	 +0.5896
 -1.4399	 +4.3818	-39.9533	 +0.1062	 -2.1692	 +0.6569
-11.2760	+30.1346	+25.7511	 +0.1608	 +0.6686	 +0.0179
-15.8704	 +5.3605	 -2.7557	 -1.1917	 +0.3362	 +1.6388
 -4.7101	 -3.9667	 +1.4196	 -2.4785	 +0.7372	 +0.9945
 -4.6583	 +5.2660	 +3.3201	 +0.3524	 -3.7535	 -1.1906
+83.1232	-79.1738	-92.4404	 +1.7056	 -1.3691	 -1.8977
 -1.4668	 -5.2865	 -7.4960	 +2.7577	 -1.9525	 -1.3516
 -5.1424	-24.6167	 -1.2687	 -0.8095	 -3.6987	 +1.6941
 +1.8847	 +3.5499	-16.6445	 -3.4370	 +1.8334	 +0.6388
+32.9948	 +9.0228	 +6.4625	 +0.3939	 -0.3610	 +2.4177
 -7.9433	-10.5739	 -2.7729	 -1.1215	 +3.0859	 +1.6251
-50.3793	-93.1567	+96.0423	 +1.5235	 -0.3361	 -0.1219
 +9.8559	 +7.9963	 +5.0542	 -2.1475	 -1.8948	 +0.0021
 -6.9810	 +2.4442	 -1.5710	 -0.0479	 +2.0709	 +1.6677
-27.4052	 -0.8327	-11.9498	 +2.1663	 -0.5055	 +2.2153
 -3.2498	 +5.2539	-14.0762	 +2.1301	 +1.2650	 -3.4287
-14.9020	 -5.4690	-43.5258	 -0.5586	 +0.6101	 +0.7502
+433.2673	-16.0608	+161.6384	 +6.6645	 -0.0860	 +2.6216
 -8.6496	 -2.7934	 -3.7240	 -4.4840	 +0.6292	 -2.5477
-63.5491	-100.2477	+72.9261	 +1.0121	 +0.4816	 -0.7136
-43.6611	-20.2893	+34.7684	 -0.1022	 +2.0049	 +0.8466
-21.9668	-13.3537	+19.8304	 +1.2050	 +2.7907	 +0.9377
-35.2586	 +7.8396	-31.2618	 +1.6219	 -0.1718	 -1.8821
 -5.5731	+34.9009	 +6.5633	 +1.6283	 -0.7257	 +0.2528
 -4.1066	-17.1706	-10.1135	 -0.2922	 -0.2302	 -1.4980
 +5.3624	-12.2950	 +2.1859	 -1.6861	 +1.5349	 +0.3108
-24.2518	 +2.0899	 +6.5952	 -2.0212	 +2.2675	 -0.3449
-20.5743	 -3.4733	+12.1635	 +0.1910	 -0.5222	 +0.2343
+12.8740	+16.8605	 +0.3405	 +0.2107	 -1.3727	 +1.2788
-11.1284	-17.1922	 +4.0852	 +2.5052	 -1.1658	 -1.6209
+46.5474	+58.8559	+70.5221	 +1.1353	 +0.2069	 +1.6172
 -0.2820	 -5.6629	 +7.8338	 +2.9993	 -0.9024	 -0.5290
 +4.5716	-15.3959	 -0.6532	 -1.1740	 -2.4026	 -1.0528
 -9.2866	 +6.6986	 -3.3764	 -1.8312	 -1.2698	 -0.1885
-11.7857	+14.2539	 -0.0642	 +0.8683	 -1.3187	 -1.6497
 +1.4677	 +5.8652	-15.8160	 -1.2739	 +0.5667	 +2.1518
 +2.4912	-30.5695	-10.1666	 +0.2108	 +2.3873	 -0.7020
+12.6431	+21.8041	 -8.2832	 -0.7208	 -1.1402	 +1.0178
 -8.4183	 +8.0658	-33.0921	 +0.0547	 -2.3249	 +0.4129
 +5.0011	 -8.7225	 -2.2371	 -2.3029	 +1.8459	 +0.2797
-29.6784	 +0.3762	+29.2790	 -1.6594	 +0.8283	 +0.3915
 -3.0051	 -0.3066	+13.4384	 +1.2511	 -1.1242	 -0.7510
 -5.2018	 +0.0421	 -2.8089	 -0.4109	 +2.0908	 -0.2286
-41.5594	+34.4593	+24.3950	 -0.0258	 +1.7938	 +0.7721
 -1.9065	 +1.2769	+13.8807	 -2.9503	 -0.5516	 +0.5976
-13.2908	 -2.5069	 -1.9002	 -0.0300	 +0.4380	 +0.4283
-14.8246	-10.5102	 +4.0157	 -0.3129	 +0.2855	 +0.0502
 -5.6917	 +6.3336	 +8.0187	 +2.7553	 -2.2019	 -0.9765
-107.6960	-98.5665	+205.0925	 +0.7734	 -0.5384	 -0.1657
-12.6787	 +4.9691	 +8.7311	 -1.4959	 +1.8645	 +0.1002
-13.4065	-13.9611	 -3.7236	 -0.7159	 +0.2020	 -1.4812
-26.6109	 +0.6697	 -2.5981	 +0.9025	 -0.0002	 -1.4524
-16.5146	-15.5479	+14.1487	 -1.2040	 -1.4522	 -0.2719
 +0.6478	 -4.3824	 +2.3596	 -1.9928	 +1.3464	 +3.4263
-13.7217	-20.6004	 +3.6118	 +3.5723	 +0.1345	 +2.6565
 -1.4253	 -2.3700	 -0.7954	 -0.0425	 -2.5738	 +0.4361
 +5.6067	 +2.4525	 -9.4156	 -3.1315	 +2.2416	 -1.5845
-18.7297	 -5.0111	-23.6634	 +0.6659	 +0.5691	 -1.3314
 -8.2277	 -8.6994	+12.2753	 +0.1498	 -0.8224	 -0.0645
 +3.6223	 -3.6557	 -2.1974	 -4.7150	 +1.1113	 +1.7038
 +7.8295	 -2.7344	+10.4286	 -0.9384	 +1.6686	 +1.5100
 +6.8378	 -7.8022	 +8.5697	 -0.2325	 -1.6400	 +1.9847
 -5.2882	-21.4047	+11.6090	 +0.6898	 +2.0696	 -0.5327
 +4.5259	-24.9865	 +9.0331	 +1.1119	 +1.3797	 +1.4207
 +1.2698	-13.3937	+19.9341	 -1.5065	 +0.4740	 -0.5930
-17.2286	 -7.8361	-13.3205	 +2.4051	 +0.8053	 +0.2045
-73.5064	+367.7342	-90.5505	 -1.8697	 +9.6204	 -2.3821
+11.1322	 -6.8450	 +7.0673	 -1.1366	 +1.4200	 -1.2475
 -1.6010	 -2.8088	 +3.3485	 +1.9777	 +1.6865	 +3.1490
-25.3063	-26.7881	+14.9559	 +0.3580	 -0.0504	 +3.2663
+17.3890	-13.6262	+15.7066	 -0.2423	 +0.4798	 +0.7370
 +4.7153	-13.1498	+17.3813	 -1.4653	 -0.3318	 +1.0687
+27.5935	-282.0104	-156.6787	 +0.7588	 -7.3034	 -4.0484
-11.4948	+15.5253	 -3.5608	 -0.7542	 +1.8981	 -1.7297
-23.0010	+19.1615	 -1.2956	 -0.8744	 -1.2629	 -1.5571
 -4.2419	 +8.6149	 -5.4183	 -0.0390	 -0.2157	 -3.7617
-17.7528	-13.1648	 -2.3355	 -0.3449	 -1.0682	 -0.2173
-35.2772	 +5.5152	+27.7199	 +1.1213	 +0.3730	 -1.6358
-20.5362	-47.7978	+26.2682	 +0.5047	 +1.0034	 -1.3729
+10.3294	 -6.8968	 +4.1824	 +0.5527	 +0.3081	 +0.7278
-29.0881	 -2.1825	+13.9051	 +1.7869	 -0.8844	 -0.8028
 +7.6254	-12.6833	 -1.9348	 -0.2673	 -0.2206	 +2.1230
-15.4754	 -0.6041	 +2.1357	 +1.9410	 +0.8108	 +1.5759
-80.6658	+35.1832	+48.9020	 -1.0971	 -0.5787	 +0.4744
 -9.9664	 -0.2197	+13.5736	 -1.2612	 -0.9006	 -2.5833
+124.0642	-57.7081	+60.1474	 +7.5551	 -3.7982	 +3.7222
-35.0723	+10.5602	 -3.6143	 -0.2960	 -0.0013	 +2.6922
-35.0195	-25.8492	-19.3257	 -0.2143	 +0.4728	 -0.6736
 +2.4129	 -8.0959	 -0.8448	 -0.2828	 +0.4271	 -0.9647
-77.3595	-75.1791	-109.2612	 -3.0373	 -2.5610	 -4.3834
 +7.4230	 -1.7123	 +9.4306	 +0.3561	 +4.1565	 +0.0292
 +6.9065	-14.1296	 -9.7254	 +0.3949	 -0.4004	 +1.1970
 -3.9198	+23.9310	 -5.6301	 -1.1494	 +0.9669	 +0.0481
 -1.8074	-21.8580	-10.3396	 -0.4789	 -3.1393	 +1.7172
+13.4510	 -9.7363	 +2.3978	 -3.3951	 -0.7113	 +0.2603
+19.5014	 +6.9331	+10.6325	 +0.8312	 +0.3973	 -3.0633
-26.5916	-59.6836	+47.0616	 -1.2142	 +0.1262	 -0.1546
 +7.8348	 +1.0519	 +2.2127	 +2.1004	 -2.6775	 +0.5918
+17.9909	 +0.3013	 +1.7356	 -1.0576	 -0.1756	 +1.7139
 +5.6384	-10.1898	 -7.8579	 +0.9938	 +2.0806	 +1.1856
 +0.2406	 +7.2087	 -6.9862	 +0.8041	 -2.1846	 -0.0056
 -5.3248	 -1.8118	+15.9023	 -1.5704	 -0.4793	 +1.6994
-18.3488	-29.1975	 -6.7810	 +0.0540	 -2.2221	 -1.4216
-15.7200	+25.6306	-13.2547	 -0.9732	 +0.6546	 +2.5246
-31.6161	 +9.1883	-78.4178	 +0.4303	 +0.1536	 -2.3703
-18.9262	 -5.8388	+15.2790	 +0.1819	 +1.8969	 -1.0225
+81.4105	+43.0623	+165.9414	 +1.1067	 +0.1964	 +1.9829
 -8.8157	 +9.4886	 -0.8019	 -1.0251	 +1.5145	 +1.6130
 +5.8481	-15.2676	 +7.3675	 +2.0307	 -0.6372	 +0.0835
 -6.4017	 +0.3287	 -2.5641	 +0.2888	 +1.1359	 +1.6108
 -4.8192	 +7.4539	-13.4881	 -1.1794	 +1.1041	 -1.6172
 -0.3769	+11.8033	 +9.2499	 -0.5527	 +2.4642	 -1.6352
+11.3383	-19.4904	 +5.8256	 +0.3563	 -1.2046	 +2.1167
+15.5105	 -3.3511	-11.6577	 +0.6860	 -1.6400	 -1.8779
 +1.9045	+12.0591	 -4.0318	 +1.2710	 +0.7390	 +0.6869
-422.7662	-65.4552	-94.8908	 -6.9951	 -1.0444	 -1.7404
-18.0912	+15.9491	+11.7691	 +1.6181	 -1.4247	 +0.9883
 -2.0941	 -4.3073	 +9.3417	 +2.3235	 +1.4943	 +0.3488
+13.8992	-16.8656	-14.2219	 -3.2852	 -0.4261	 +1.1255
 -2.9658	 +7.9749	-10.8029	 -1.5000	 +3.8475	 -0.1330
 +2.9028	 -2.2246	 +9.4417	 +1.0515	 +0.6899	 -0.1435
+58.7932	-31.2776	-97.4805	 -0.5710	 -0.0583	 -0.9551
 -4.1821	 -9.9023	 +8.9249	 +1.9471	 +0.2474	 +0.8785
+21.8473	-51.3244	 +7.2623	 +0.0431	 -2.3990	 -0.4392
 -6.0216	 -6.9544	 -6.3761	 -2.0578	 -1.2624	 +0.0219
 +6.2369	 -1.8552	-11.8624	 -2.2032	 +1.5882	 +1.7759
-22.3992	+19.3448	 +2.1567	 -1.6768	 -1.6754	 -0.1977
 -1.4129	-46.4912	 -9.3294	 +1.2764	 -0.6242	 +0.2264
 -5.6343	-11.3389	 -8.9020	 -0.9236	 +0.4225	 -3.5475
-39.7132	 -6.9042	+14.7777	 +0.1863	 +1.4434	 -0.7160
+15.0453	 +0.5542	-15.0004	 +1.2970	 -2.3172	 -2.2413
-17.7914	-46.7671	-13.3377	 -0.4849	 +2.2217	 -1.8962
 +8.1705	 -6.8803	-10.3110	 -1.4197	 -1.1963	 +1.0380
 +6.0219	 +3.7409	 -1.7246	 -1.1991	 +0.9001	 +0.7753
 -2.3481	 -4.8052	 -7.4572	 -0.7137	 +1.1559	 +1.7602
 -6.2965	-28.4764	-10.4371	 +0.3654	 -2.3443	 +0.2850
-16.8605	+19.6091	-20.6740	 -0.6659	 -0.6105	 +0.6415
 +6.3426	 -5.4150	+13.3932	 +2.6293	 -2.1917	 +1.7759
 +8.7953	+19.8759	 -3.5395	 +2.1616	 -0.5134	 -1.4071
-15.2415	+27.2621	-17.3456	 -0.5598	 +1.3003	 -0.6127
 -2.6898	+45.5912	 -8.7263	 +1.1798	 +1.4078	 -1.0939
 -2.6754	 -7.0958	+12.2502	 +1.8155	 +0.6475	 +1.7152
-78.1053	+44.4123	+118.1987	 -1.7371	 +1.3708	 +2.1198
 -1.3469	 -6.4612	 +5.8872	 +2.3829	 -0.2250	 +3.0085
 +1.3188	 +3.6196	 +7.5928	 -0.7112	 +1.8503	 -2.0725
 -4.9052	 -9.2440	 +1.4481	 -0.3741	 +1.3820	 -0.7794
 -0.7614	 -6.1889	 -4.4150	 -3.7736	 +0.3911	 +1.5335
 +4.4627	+13.9322	 -6.5662	 -0.6216	 -0.2024	 -1.0076
+37.9209	+54.7687	 -9.7368	 +1.3352	 +2.5594	 -0.8387
 +5.2497	 +2.9606	+18.5901	 -1.6412	 -3.8315	 -1.3280
+12.9464	+18.0824	 -1.9612	 -0.5847	 -2.1498	 -1.2665
+50.4855	-78.7883	+32.1425	 +1.4345	 -3.0057	 +0.3927
 -6.5054	 -7.5951	+12.3061	 -0.0305	 +0.8571	 +3.9084
+22.0588	+36.5691	-180.4347	 +1.6075	 +3.5913	-15.1129
 -8.9927	-13.1631	 +4.3399	 +1.0525	 -2.3258	 -0.6893
 +5.6654	 +1.6176	 +8.3872	 +1.5675	 -3.2884	 +1.8051
 +5.0273	 +0.5539	+15.3900	 +1.6655	 -0.5146	 +0.7224
-18.5193	 +8.6560	-20.9838	 -1.5226	 -1.7280	 +2.5370
-12.5199	 +5.7151	 +1.2316	 -2.9137	 -2.1483	 +0.0582
 +4.6231	-12.0305	 -0.3510	 +2.4967	 -0.6231	 -0.6541
-176.1636	+251.5731	+37.9767	 -2.0002	 +2.8123	 +0.4732
 +1.9191	-11.6694	 -2.4279	 -1.7403	 -2.2860	 +1.8448
-183.6773	+23.4711	-211.7689	 -5.4568	 +0.3866	 -6.3715
+28.9554	+36.2138	-70.0096	 +0.1107	 +0.2003	 -0.8175
 +4.2521	-18.6258	 -7.8509	 +2.5253	 -2.4167	 +0.8412
-11.2002	 +3.5473	 -0.7587	 -1.1369	 -2.0424	 -1.1424
 +6.9992	 -1.1976	 +7.0862	 -1.0577	 +0.7264	 +0.7918
 +1.7684	 -7.9329	 +1.4244	 +1.1054	 +1.3603	 -0.3589
+22.7018	+25.2734	+58.8344	 -0.3604	 -0.9321	 -0.7154
 -1.4721	+53.1435	 -9.2707	 +0.1104	 -1.7456	 -0.1642
 -1.9276	 +7.5293	-16.0864	 +1.0773	 +1.9831	 +2.3679
 +1.2907	-11.9560	 +7.0949	 -0.5494	 -0.6862	 -0.7902
-15.4838	 +6.6466	 +2.2515	 -0.8529	 -0.0032	 -2.3896
+12.8383	-23.3466	 +7.9150	 +1.5085	 -2.3716	 +1.4759
 -0.0350	-13.1659	 +0.2099	 +0.1748	 -5.0602	 -0.5763
+12.0297	-36.3064	+30.6974	 -0.8831	 +0.1337	 +0.8003
-152.4615	+119.5824	-77.8222	 -1.6755	 +1.1937	 -0.6486
 +7.7209	 +0.9789	-16.3186	 +1.1295	 -0.4442	 -1.5590
+14.2629	-46.4659	-63.1652	 -0.6418	 -1.5533	 -0.4614
 +0.9197	-10.9266	 -3.7131	 +3.3226	 -2.4434	 -0.8929
-54.9953	+22.8299	-130.2571	 -0.4871	 +0.6483	 -1.7638
-18.0172	 +2.3245	+18.3220	 +1.1626	 -0.6403	 -1.3750
 +9.5844	 -8.8526	-15.5095	 +1.5013	 +0.2788	 -0.0208
-86.4395	+72.8072	 +5.3519	 +1.1287	 -0.2964	 +0.3794
-13.3756	-19.6308	 +7.4139	 +1.9337	 +1.8212	 +0.7949
 -0.8427	 +1.0534	-13.2593	 -0.4401	 -1.9559	 +1.2390
 +4.4037	-16.6394	 -7.7172	 -1.4604	 -1.0791	 +0.7342
 -9.7805	-10.1725	-10.1489	 +0.5687	 +0.3493	 +1.7431
 -7.4394	 +3.6146	 -3.6330	 -0.0650	 -5.4456	 -1.1046
+10.5914	+20.5054	 -5.8762	 +2.1453	 -0.9010	 +0.7657
+11.0545	 +4.1732	-14.1834	 +0.6101	 +0.4389	 +2.0350
 +9.8978	-14.5518	 +2.2348	 +2.3008	 -0.3105	 -1.3002
+23.8796	-23.0379	+26.3914	 +0.4265	 -1.2549	 -0.3596
+20.4931	-17.3096	 +3.1848	 -1.8404	 -0.3263	 -0.4419
+30.9797	-58.4093	-30.0029	 +0.5826	 -1.0316	 +0.5847
 +5.0796	 -5.3593	 -4.5242	 -0.2029	 +0.1278	 +0.7475
 -9.8825	 -9.4997	 +5.2074	 +1.8406	 +2.6789	 -1.6297
-23.1756	+33.5596	 -7.5916	 -1.0071	 +2.3931	 -1.0240
-16.1160	-37.8723	+20.3776	 -0.0052	 +0.6708	 +1.2593
+28.1454	+51.2885	+26.6152	 -0.1906	 -0.5414	 +0.2676
+23.1678	 +0.1651	 +0.4346	 -0.8632	 -0.2529	 -2.5845
 -8.4722	-12.6590	 +5.3234	 -0.7124	 -1.5410	 -2.2787
-19.6714	 -3.9552	 -0.9386	 -2.2825	 -1.1783	 +3.7576
 -7.9914	 +6.9344	 +1.9339	 -0.3021	 +0.6724	 -0.8934
+18.6972	 +0.8017	 +1.7406	 +2.5151	 -0.5766	 +1.0215
+164.2576	-69.1287	+226.9013	 +4.6645	 -2.0691	 +6.3446
 -3.5227	-12.5784	-14.0261	 -0.7985	 +2.8000	 -0.4164
 +8.5832	 +5.5655	-17.2009	 -0.6512	 +0.0175	 +2.0491
 +0.6742	+30.8107	-19.8556	 +0.7046	 -0.2954	 -0.5977
 -2.7650	+15.1179	 +7.1684	 +2.9462	 -3.5064	 -1.9016
-11.3589	 -3.5835	-11.8246	 -1.9493	 -0.3654	 +2.5840
+33.2687	+124.3323	-26.5800	 +0.8700	 +0.1194	 -0.4230
 -3.3939	 -5.6851	 +2.5335	 -4.3569	 -2.8417	 -2.4474
 +0.4536	 -9.0109	 +7.7434	 +0.1610	 -0.7992	 +1.8347
 -8.7286	 -5.7717	 -4.3078	 -0.4391	 -0.8622	 +0.1169
-49.0251	 +6.4634	-29.1118	 -1.6837	 -1.6921	 +0.7384
-59.1957	+14.1780	 +1.3648	 -0.8074	 -0.4918	 -0.0093
+26.3200	+22.4421	+13.6577	 -0.8116	 -0.5084	 +0.7082
 +8.2314	-30.8208	-44.4073	 +1.1481	 +0.5556	 -0.3107
 -3.4960	+49.2088	 -8.4157	 +0.1439	 -0.7414	 -0.0013
 +8.1109	+18.1750	 -1.6238	 -0.8109	 +0.1999	 -0.8458
-60.0427	+51.4424	-19.1613	 -0.2643	 +0.0854	 -0.4028
 -7.2901	 -0.1521	-13.5432	 -1.5637	 -1.6077	 -0.9628
 +8.2362	 +7.0538	 -9.0278	 +1.0317	 -0.5387	 -1.3474
 +4.1878	 -9.3382	+17.8107	 +0.4833	 -0.8263	 -2.0988
+10.4757	 -6.1936	 +5.6312	 -2.4820	 -2.3614	 +2.7640
-10.8338	+25.6114	 -8.0979	 +0.7577	 +2.3224	 +1.9724
 -6.4490	 -5.8777	 -3.1556	 +0.3821	 -0.3024	 +3.4268
-730.5699	+175.9640	+273.0203	-13.4934	 +3.3518	 +5.2421
-42.9213	-154.6604	+60.0513	 -1.0793	 -2.6819	 +1.0525
 -4.7956	-12.9914	 +2.0525	 +1.6770	 +2.3887	 -2.1079
+16.1142	+34.1114	+19.3383	 -0.2740	 -0.1836	 +0.7704
+12.7027	 -4.0181	 +8.2015	 -0.0727	 -0.8902	 +0.6256
-13.9464	-18.2117	 -8.0195	 +2.1807	 -0.6680	 +0.7733
 -5.4633	-24.6479	-12.2276	 -0.1143	 -1.5491	 -0.6964
-17.1723	 +0.8102	+15.4679	 -0.6321	 +0.1382	 -0.8623
 +5.1631	+20.7363	 -0.2100	 -1.4370	 -1.7849	 +2.0133
-22.9055	+15.4063	 -3.6669	 +0.5374	 +1.5656	 -0.3362
-17.4069	 -5.7398	+16.4218	 -0.0602	 +1.4946	 -0.9955
 +8.6656	 +2.0269	 +1.8256	 +0.3644	 +0.1518	 -0.4194
 -7.9283	-24.9936	-12.5996	 +1.5153	 -1.1380	 +0.2350
 +2.7766	-17.2417	+27.5236	 -1.7563	 +2.4771	 +0.1559
 +1.2497	+10.8520	 +6.7626	 +0.3951	 -2.2158	 +2.4805
 +0.5467	+23.1333	 -2.3489	 +2.3912	 +1.4094	 -0.1548
 +9.5910	-15.5411	 -4.7315	 -0.2906	 +2.6662	 +2.0158
-24.1923	+11.8035	 +8.3458	 +1.1759	 -0.1538	 -0.0559
+23.0756	 +5.9737	 +6.4409	 +2.3874	 +0.1402	 +1.1476
 -8.4207	-41.1741	+22.3001	 +0.4528	 -1.4351	 -1.1456
 +6.9412	 +3.9775	-14.4914	 -1.6781	 -2.0399	 -2.1057
-50.4024	+24.4380	 -5.5673	 +0.8741	 -0.8264	 -1.3797
 -2.2217	 -0.2512	+11.7838	 -3.7471	 -3.8728	 +1.0457
-13.5177	+14.7577	 -9.6286	 +0.7962	 +0.0192	 +0.2548
 +9.8800	 +3.9629	 -4.8105	 -3.7545	 -0.7604	 +1.1935
 +9.6818	 -1.6228	+30.3029	 -0.3578	 +0.8904	 +1.9012
-10.5656	-12.8811	 -3.2208	 +3.9718	 -0.0653	 +0.8926
 -3.1142	-11.0041	 +6.5423	 +1.4907	 -0.1585	 -0.4725
 +1.6053	 +9.2005	 +4.8421	 +0.1343	 -0.9126	 -2.4550
 -4.9347	 +3.9982	 -5.8779	 -3.6041	 -0.2621	 +0.2922
 -5.4342	+16.7214	-10.2352	 -1.2349	 +0.9432	 +1.9158
 +6.0907	 +4.5870	-13.0914	 -0.5155	 -1.0620	 -2.9170
 -8.8147	+16.3418	 -5.0812	 -0.0207	 +0.4254	 -0.5656
-10.8185	+66.4019	-11.2559	 +0.0412	 +3.5474	 -0.1605
+11.9022	+13.0415	-11.2652	 -0.7498	 +0.2810	 -2.3433
 +4.3321	 -5.8063	 +8.1721	 +1.0019	 -0.6522	 -3.0129
 -2.3013	 -7.0174	 -4.6234	 -0.8511	 +0.4206	 +1.3092
 -3.6821	 -3.8952	 +5.7355	 +0.7282	 -0.2580	 -1.3847
 -7.6070	-13.0018	 -5.2888	 -0.6618	 +1.1234	 -0.3738
 -9.1058	 -2.1406	 -7.1593	 +1.8968	 -1.1787	 -4.9341
-11.5899	 -2.9542	 -2.0885	 -1.0569	 -3.7479	 +1.9839
+265.5065	+119.2975	 -6.2128	 +4.5841	 +2.1482	 +0.1854
 -2.8200	-12.7760	 -0.8635	 +0.2368	 -1.7350	 +2.7681
-20.9451	-31.2235	+15.3489	 -0.9407	 +0.8527	 +0.2195
-25.1304	 +5.5958	 -9.5919	 +1.7957	 +2.2626	 -1.8182
-32.5050	+24.7754	 +3.0678	 -1.8737	 +0.3935	 +0.6470
 -1.4246	 +2.5522	+62.8600	 -0.7133	 +0.5868	 +0.1582
+10.3943	+36.6908	 +4.2884	 +0.2272	 -1.8836	 -1.1242
-27.3863	 +7.9624	+11.1385	 +1.0391	 +0.3170	 +0.7429
-10.2183	 -7.1600	 -3.5818	 -2.1031	 -1.4162	 +1.5258
-27.7312	+186.4328	-97.1015	 -0.7714	 +3.6077	 -1.8662
 +1.8492	+13.0125	+18.7422	 +2.5050	 -2.2309	 +0.9573
-21.6210	-28.0284	-16.6716	 -2.2785	 -2.0846	 -2.1212
-18.1944	 +9.1688	+10.0544	 -0.8443	 -0.8787	 -1.2158
-13.7496	+19.3988	 +2.8343	 -0.1735	 -2.4217	 +0.4690
 +4.1380	 +2.8993	 +7.1278	 +1.8974	 +0.0401	 +0.5759
 -2.7919	 -8.1817	 +5.2184	 -3.1579	 -2.8822	 -1.5941
 -5.3128	-24.0931	 -3.7514	 -0.7588	 -0.3013	 +2.2904
-18.8696	-13.6186	 -4.6662	 -1.5838	 +1.1641	 -3.3788
-54.6719	-47.6860	-25.7033	 -2.0630	 -0.1955	 -0.2664
-26.7286	 +2.9386	+10.4175	 -1.7233	 +1.5327	 +0.1425
 -2.2361	 +7.7214	-10.1531	 -0.9308	 -2.5972	 -2.8205
 +3.9706	-17.2825	 +0.7192	 +0.8738	 -2.4630	 +1.9069
 +1.3791	-22.0437	+11.1346	 -1.3889	 -1.2097	 -0.4349
+22.4438	+13.1632	-64.3080	 +0.4350	 -0.0798	 -0.4822
 +9.3999	 -0.1495	 -0.6596	 +2.4448	 +1.3947	 -0.2755
 -9.4008	-12.4725	 +6.5097	 -3.5862	 +1.4717	 +0.1031
-20.6260	 +0.5255	 -2.8382	 -1.8453	 -0.6110	 +1.7209
+10.6184	-22.1514	+30.6632	 -0.1196	 -2.1494	 -1.0882
 -5.6099	 +0.7560	 -2.4592	 -2.1563	 +2.4789	 +0.2875
+65.2129	+84.9890	+82.9869	 +0.3147	 +0.6917	 +1.0202
+14.7528	 -4.8427	 +2.3695	 +1.6812	 -1.8204	 -1.7570
+20.6965	 +3.5992	+12.6409	 +1.3981	 +0.5502	 -1.9556
+26.2024	-23.6061	 -4.2099	 +1.8920	 -0.8218	 -0.2223
+23.4203	-22.2717	-30.2003	 -0.4969	 -2.3245	 +0.7610
-11.9043	 -2.4457	 +0.7866	 -0.7018	 -0.5880	 +1.5368
-11.7070	 -9.1591	 -7.0876	 -3.0603	 -0.6699	 +0.7754
 -3.7197	 -5.1957	 +8.1010	 +1.2389	 +2.4906	 +1.5082
 +5.3527	-22.2067	 +9.8583	 -2.0294	 +1.9926	 -0.0425
 -5.4985	 +2.2471	-10.4683	 +2.2886	 +1.3086	 +2.3341
 -6.5398	 -5.0543	 -0.3151	 +1.3070	 -0.5683	 -1.0787
 -3.0662	-11.3929	 +0.2155	 +1.0343	 -2.5859	 -0.4542
 +3.3504	+12.4246	 +3.8585	 -1.3227	 +0.5582	 -2.6765
 +8.6126	 -2.6147	 +4.8224	 +1.6925	 -0.9132	 -0.5062
-691.5815	-209.2763	+580.1606	 -9.3181	 -2.8005	 +7.8942
 -4.8479	-16.9118	 -4.5298	 +0.3221	 +1.3044	 -1.2117
 -3.8241	 +0.6853	 -7.7206	 +0.2763	 -2.2079	 -2.3896
-21.4022	 -4.7744	 -5.2000	 +1.4568	 -1.2256	 +1.4566
 +4.7534	+15.2957	+18.1697	 +0.6533	 +1.0984	 +0.4554
+42.0568	 +6.6678	 -9.6152	 +0.8813	 +0.6374	 -0.0262
+15.4955	+18.9941	+18.6203	 +0.2739	 -0.8072	 +1.2664
-20.1753	 -3.1069	+10.0342	 +2.2388	 +2.8098	 -1.0159
-16.7790	 -2.8906	 +5.3446	 +0.0297	 -0.7024	 +0.3575
 +1.2015	 -1.2571	 +7.6306	 -2.2464	 +4.3733	 +1.5389
 -2.2153	 +3.1607	-49.2255	 +1.8530	 +0.0420	 -1.1587
 -9.3074	-29.8425	 +1.6353	 +0.1989	 -3.2261	 -0.8658
 +7.6064	 -3.0206	 +3.2498	 +0.0603	 +2.2302	 +1.4580
 -5.2120	 +1.9574	 -0.0544	 -1.9559	 +1.5909	 +0.8316
 +2.4663	 -6.7707	 +6.4298	 -1.1405	 +0.7956	 -2.1199
+22.3927	+22.9751	 +4.9217	 +6.3065	 +5.9729	 +2.9005
-39.2422	-19.7946	-28.8215	 -1.9310	 +0.6421	 +0.2646
 -5.6226	-11.8644	 +4.2308	 +0.6009	 -2.8749	 +1.8781
+30.2758	+74.5478	 -3.2731	 +1.2495	 +2.3911	 +0.5817
 +1.1826	 -8.7312	 -3.2151	 -1.5688	 +1.9060	 -1.6916
+17.8595	 +0.9421	+25.3652	 +1.1989	 +0.3474	 -0.5669
 -5.0077	 +1.5818	 +2.2603	 +1.8470	 +3.1111	 +2.5372
+18.7788	-13.2011	 +9.7862	 -1.7479	 -0.5496	 +1.1065
-55.1799	 +7.9688	-61.7495	 +0.7530	 -0.0118	 -0.3421
+95.6474	-20.4201	 +7.2292	 +0.0567	 +1.0085	 -0.8635
+15.6212	-28.7809	-74.1412	 -2.3893	 -1.1535	 +0.0303
+21.2330	-24.4267	 +1.5070	 -0.8606	 -2.9479	 -0.5532
-69.5509	+17.9705	 +6.4457	 -1.0016	 +1.8165	 -0.3552
 -6.4562	 +1.5940	+12.3439	 -0.5274	 +1.5546	 +2.8293
-10.1380	-22.7319	 +6.7602	 +1.9435	 -0.5145	 +0.0451
 -7.1297	 -3.0862	-18.4777	 -3.7835	 +0.0397	 -2.9209
 +9.4387	+58.5926	+48.6586	 -0.5329	 -1.5476	 +0.9547
 -7.2372	 -9.7060	+21.3652	 +3.6751	 +1.2790	 -1.3420
+20.4372	+18.0880	+15.0547	 -1.3570	 +1.2658	 +0.6722
-12.6684	+12.8326	-23.5841	 +0.5517	 +0.1808	 -0.6679
 +8.3342	-12.7761	 -0.0539	 -2.9125	 -0.5284	 -0.3129
 -4.3948	+17.3300	+43.9548	 +1.3495	 -0.1839	 +0.6334
 -3.3292	+19.4681	 -1.1257	 -0.8452	 +1.0936	 +0.0354
-21.1906	 -9.1930	 -0.9313	 -0.3346	 +1.0473	 +1.4481
+11.6767	 -1.6035	 +2.3309	 -1.2170	 +0.6645	 +0.9511
+18.6691	+38.3079	-13.9085	 +0.3753	 +1.6331	 +0.5721
 -1.2271	-24.2310	 -0.4748	 +1.2396	 -0.6226	 -2.5572
+13.6714	 -1.2311	 -7.6918	 +1.8246	 +2.0438	 -3.1011
 +4.3000	 -4.2110	 +1.1147	 -0.9790	 +2.1832	 -2.7080
 -6.2931	 -5.7371	-26.9695	 +0.0109	 +0.6316	 +3.0853
-11.8122	 +7.1122	 +6.8393	 +0.8801	 -2.1227	 -2.5566
 +2.9228	-13.5620	 -2.5242	 -0.1368	 -2.6390	 -0.2307
-77.5234	-17.6975	 +2.2690	 -1.3434	 -0.7281	 +0.0295
+42.2412	-28.1809	-109.5662	 +0.4863	 -0.4552	 -0.9013
 +8.7299	-11.5596	+24.2069	 -0.7102	 +1.6157	 -0.8697
 -5.0140	-15.3382	 +3.7174	 +0.4696	 +1.6709	 +0.0886
 +6.5858	-14.1197	-22.4950	 +0.6503	 -0.2647	 -0.6836
-21.4557	-13.4651	-14.2202	 -0.9289	 +0.4136	 -0.2205
+46.9118	-32.6223	-52.1203	 -1.1850	 +0.1838	 -0.1069
+16.9549	 +4.7729	 +7.0304	 -1.2599	 +1.9092	 +0.4585
-18.7053	 -4.0089	-14.5321	 +0.7740	 +2.3166	 +2.0450
+31.8276	-51.9214	+61.9314	 +1.1377	 -0.7579	 +0.4513
 -6.2919	-13.8393	 -9.9191	 -1.0752	 +2.0245	 +0.6484
-39.3378	 +6.7288	-48.3031	 -1.4003	 +1.7780	 -0.8825
-55.9908	+27.8631	-51.7024	 -1.0597	 -0.1287	 +0.2222
 -8.5370	 -3.4171	-18.1465	 -1.0959	 +0.9176	 +0.4909
+23.5733	-67.8923	-66.3327	 -0.1629	 -0.9017	 +0.1980
 -5.5903	-79.8382	-26.6102	 -0.5060	 +0.4763	 +0.3588
-68.5361	 -6.5443	-14.5217	 -3.4024	 -0.6094	 -0.6762
+15.4311	-24.5404	 -2.2954	 +0.5350	 +1.5378	 +0.8518
 -9.9732	-10.9297	 -9.1848	 +2.6001	 +0.0217	 -0.6580
-26.5778	 -9.4813	 +2.1891	 -0.9225	 +0.0121	 -0.2636
 -2.2726	 -5.0641	-18.1913	 -0.1947	 -0.2824	 +1.9908
+15.9012	+10.0800	+17.1746	 +3.0210	 -0.6980	 +1.3953
-18.5292	-109.8360	+90.0062	 -0.2946	 -0.5111	 -0.9215
+59.2960	-77.2491	+50.5578	 +1.7905	 -1.0361	 +0.6028
-10.5915	-12.5231	 +1.1655	 +2.9646	 -2.6264	 -2.1993
 -0.9236	 -7.8587	-13.4968	 +1.9520	 -0.5324	 +0.0974
 +0.9422	 +3.0642	 -2.4324	 -0.8693	 -3.0582	 -1.3938
+18.9970	 -5.5034	-20.1019	 -1.6368	 -1.1409	 +0.2043
 -7.9881	-32.5008	+11.6982	 +0.5656	 -0.6325	 -2.6435
+35.7538	-14.6508	-123.5668	 +0.6499	 -0.3239	 -0.6626
 -9.8823	 +3.8119	+21.0069	 -2.3970	 -2.6907	 +0.1319
 +4.9378	 -4.9955	 -1.7041	 +2.8106	 +1.6215	 +3.3198
 +7.0545	 -6.1205	 -0.4237	 -2.7694	 -0.1262	 -0.4191
-16.2558	 +6.7461	+20.7642	 -1.9306	 +1.5660	 -1.3056
-14.2818	+15.7733	 -5.5673	 -0.8550	 -2.3794	 -0.3149
 +0.0740	-15.4449	 -9.6096	 -3.5749	 +0.3955	 -0.3273
-27.9373	 +3.6709	 +4.2263	 -3.4677	 +1.4319	 +1.1498
 +4.1773	 -4.1690	+22.4699	 -0.1259	 +3.0501	 +1.5734
 -6.2255	-21.4949	+20.9950	 -1.0930	 +2.6539	 +1.2307
-85.4271	+93.2087	+109.0772	 -1.4217	 +1.0579	 +2.0822
-365.2666	 +9.6260	+430.7453	 -5.8414	 +0.1966	 +6.9971
+10.3669	+11.4021	+12.9030	 -0.0273	 -2.3441	 +0.2136
 -5.2191	-18.7666	 -2.2585	 -0.9532	 +0.0657	 +0.4652
 +4.9283	-10.6466	 -5.2595	 +0.3641	 +1.1013	 +0.7797
+24.4463	+10.0720	+35.3111	 +2.7237	 +0.1382	 +0.6673
 +0.8758	 -0.7292	 +3.2795	 -0.8813	 -2.7836	 +0.8963
 -5.1666	 +9.4512	 +6.2150	 +1.6243	 +1.0129	 +0.5861
+11.9285	+10.5800	+16.8975	 +0.3080	 +7.5609	 +1.6052
-22.2436	 -2.1138	 +9.9908	 -3.6177	 +1.4991	 +1.4508
+21.9611	 -0.9917	 -0.2285	 +2.1658	 +2.1856	 -0.1050
+12.7261	 -4.0849	 +6.6201	 +1.1093	 +1.1325	 -1.3433
+25.4223	 +1.1118	 -2.6342	 +0.9439	 +2.4642	 -1.2666
 -7.2796	-10.2899	 -6.9292	 +0.3767	 +2.1380	 +1.2424
 -1.4656	 +3.5086	+28.8662	 -0.1519	 -1.0596	 +0.0605
-15.8456	 +5.0962	-18.5824	 +1.7458	 -1.9750	 -0.9428
+12.7326	 +3.1249	+22.4822	 -0.0325	 -1.8650	 -0.3040
+14.5093	 -7.5469	 +0.5466	 +0.1485	 -1.3125	 +2.4644
+13.0591	-12.1395	 -9.2516	 -1.5140	 -0.0824	 +2.8738
 +0.4313	-11.8713	+11.9676	 -0.1974	 +1.1599	 -2.0026
-14.5949	+20.5895	-35.7414	 +0.4457	 +1.1789	 -1.6739
 +0.0454	+22.7101	-17.2418	 +0.4964	 +0.9078	 -0.7279
-21.4185	-22.9036	+12.5074	 +2.3620	 -0.3816	 +0.8209
+31.3974	-18.3632	+28.5667	 -1.1129	 -0.8900	 -0.6557
+854.8606	-333.1420	-604.5628	+13.2601	 -5.1950	 -9.4753
+205.0896	-77.5999	+193.9601	 +7.6736	 -2.7289	 +6.7693
-14.4500	+12.7622	 -1.7305	 +2.0421	 -2.1816	 -2.9812
-11.1419	 +3.8165	-11.2991	 -1.4877	 -1.2423	 -1.1007
+13.6188	+32.9921	-40.3722	 +0.0932	 +1.6252	 +1.2099
+18.4718	-33.3599	-13.3513	 -0.8507	 +1.4799	 +1.0034
 +6.2766	 +0.3963	 -3.7588	 -1.9207	 +1.6608	 +4.1443
+37.3330	+246.1247	+38.5166	 +0.5143	 +3.7800	 +0.3657
 -9.8017	-25.7995	-52.4737	 -2.4950	 +1.6941	 +0.0122
-23.4328	 +9.3514	-25.5132	 -0.8623	 -1.8746	 -0.5503
+14.6432	-12.6215	 +1.2981	 -1.0169	 +1.0185	 +1.8127
 -6.8224	 +4.0305	 +1.5564	 -2.3575	 -3.4792	 +0.8200
 +0.0649	+15.1774	 -7.2673	 -1.5330	 +0.0177	 +1.4059
-11.6719	-14.7423	 -9.5914	 -0.6429	 -0.6992	 -1.9518
-17.7986	 -1.7805	+24.7916	 -0.3104	 +1.2033	 +0.5191
 +9.2277	 +0.8999	 +8.2205	 +1.7504	 -0.3702	 +0.8054
 +5.1182	 -1.2667	+19.7796	 +2.4357	 +0.2439	 +0.8371
 -4.6739	 +3.1847	+10.1802	 -3.3621	 +2.9164	 -1.1796
 -0.3572	 +2.8117	-55.5777	 +0.0971	 +0.9835	 -3.0111
-88.5796	-135.2008	-187.1865	 -1.1370	 -1.7784	 -2.3919
+49.1687	+13.1446	-100.0690	 +0.4149	 +0.0795	 -1.3219
+10.8435	 +2.1764	 +0.6961	 +2.3429	 +1.5088	 -2.3683
-17.6654	-17.5468	 +8.5222	 +0.6102	 -0.4898	 -3.1513
-35.8777	 -6.7109	 -9.0573	 -0.7406	 +0.6568	 +1.4018
 -7.6781	-28.2034	+41.1101	 -0.4253	 -0.0499	 -0.2455
-99.9571	+45.4036	-49.1839	 +0.3721	 -0.2098	 -0.2605
+10.1359	 -6.3627	+18.2551	 -0.0199	 +0.9918	 -0.4869
-10.5629	-37.0448	-17.8816	 -0.3674	 +1.2787	 +0.6866
-14.9118	 -6.9427	 +8.8088	 +3.2832	 +1.2213	 -1.6903
 -3.8270	 +4.0710	 +3.4224	 -2.8377	 -1.6000	 +0.5794
 -0.6942	 +3.9462	 -7.7486	 +1.1974	 -0.5602	 +0.5053
 -5.8599	-21.9113	 +0.0264	 -2.6954	 +0.5101	 -0.8198
 -9.1408	 +8.0041	 +7.1627	 +1.6822	 -0.6865	 +2.1069
 +1.8876	-132.8971	+13.9923	 +1.3604	 +1.1526	 -0.2356
 +0.7943	 -4.4798	 -3.3847	 -1.0570	 +0.2509	 +0.8994
 -6.6351	-17.3437	 -2.2877	 -1.2407	 +1.3890	 +2.7903
 -2.5093	 +2.8667	 -0.7221	 -2.0539	 +3.5632	 -1.1391
 -9.8290	 -2.0753	 +1.1689	 -1.2786	 -0.1839	 +5.1208
-11.0709	 -7.9525	 -8.2457	 -1.4992	 +0.0357	 +4.1006
 -8.6867	 +4.2352	 +7.8217	 +0.3983	 +0.5831	 -1.0090
 -4.4158	 +8.2961	+14.2957	 +0.9968	 +0.9433	 +1.4970
 +0.1862	-36.5674	+15.3029	 +2.0619	 -1.1917	 -1.8428
 +5.2403	 -8.7968	 +2.4485	 +0.9240	 +2.3382	 +1.2430
 +3.0137	 +4.8688	+11.4396	 -1.6086	 -1.5171	 -0.7500
 +3.5915	-25.5902	-16.5611	 +0.8640	 -0.0244	 +1.4740
+10.8233	 -9.3420	 -2.8272	 -3.1705	 +2.8363	 +1.3260
 -1.9492	 -6.8116	 -2.4208	 -3.1125	 -1.8309	 +0.3351
 -5.6422	 -4.6869	-15.9797	 +1.2302	 +0.6805	 -0.6766
 +2.0717	-42.5433	 +2.9480	 +0.4840	 +0.4850	 -1.3792
-15.6051	 +8.7343	 -4.7688	 -0.5691	 +2.8240	 -1.7310
+27.2101	 +0.3048	 -7.3525	 +0.1035	 -0.5535	 +1.2018
+63.0219	+94.6269	+64.7886	 +1.6859	 +2.2301	 +2.0300
-65.3839	+53.5611	-56.5490	 -0.1215	 -0.1568	 +0.4075
 +2.3030	+46.0180	-27.2001	 -0.8403	 +1.9333	 +0.0248
-17.4885	-17.5188	-17.9921	 +1.2728	 +0.6643	 -0.0687
 +7.2989	-14.7206	+32.1738	 +0.5862	 -0.5330	 +0.5609
+12.5872	-14.5569	 -3.9132	 +3.4523	 +0.4912	 -0.3054
-39.8630	+31.1963	-24.4524	 +0.4632	 -0.3570	 -0.7979
+50.4653	+62.9474	+22.0500	 +0.7410	 -1.1349	 +1.8244
-159.5206	+121.4707	+115.2553	 -3.6901	 +2.5608	 +2.6325
+13.0969	 -5.8318	+28.4707	 -0.5605	 +0.2384	 -0.1748
 +5.4625	-23.6514	 -4.1251	 +0.6335	 -0.4469	 -0.9149
 +1.1982	 +3.3472	 +4.4138	 +0.4810	 +3.7370	 +3.3619
+12.6529	 +1.9574	-29.1557	 -0.0782	 +0.6224	 +0.0401
 +2.0799	 -8.9548	 -5.2702	 -1.4204	 -1.4322	 -2.2295
+16.6339	+45.6347	-28.7361	 +0.5970	 +1.8356	 +0.5936
 -4.8595	 +6.4294	 -0.9860	 +2.0549	 +2.1586	 +1.5319
 -0.8529	 +5.7544	 -8.7688	 -0.9472	 +1.4934	 +3.3923
 -5.1747	 -4.1027	 -8.8029	 -1.4382	 +2.2311	 -3.9769
 -5.1564	-11.6771	 -0.1706	 +2.0718	 +3.1551	 +2.8090
-18.8786	-20.5962	-21.8954	 +2.5452	 +1.1043	 -2.9114
+25.3726	+10.1940	+61.6445	 +0.8228	 +0.8501	 -0.0541
 +8.4009	-10.7684	+20.3929	 +1.7589	 +1.7497	 +0.3213
-16.9205	 +6.4665	 +3.9782	 -0.8756	 +0.0048	 -1.5005
 +1.6421	 -1.8235	 +0.7057	 +4.1718	 -2.0165	 -2.9505
+26.8427	-24.8508	-52.2936	 +1.5431	 +0.1279	 +0.0969
-11.6380	 -1.7950	 +2.1265	 -0.6376	 -2.1321	 -1.3797
 +7.5013	+12.6388	 -8.3689	 +0.7009	 +2.7943	 +0.6890
-21.1611	 -2.9674	-14.7579	 +2.2760	 +1.4361	 -1.2564
 -1.7907	 -0.6254	 +6.5187	 -1.4192	 -1.1132	 +0.1938
-35.9224	 +6.7850	 +4.3095	 +1.5538	 -0.9887	 +2.6130
-12.9609	+36.4083	-18.6325	 +0.3738	 +1.3613	 +0.9908
 -1.1213	 +1.9311	-10.1719	 -0.8509	 -1.1001	 -3.5479
-10.0199	 +7.7842	 +4.8632	 -2.3552	 +2.2691	 +1.5736
+24.4897	 -6.1087	-23.6754	 -2.0004	 +0.6455	 -0.0202
 +6.4085	+16.3548	 -6.1333	 -1.1076	 +1.3411	 +2.3397
-15.3604	 -2.6321	 +9.3127	 +2.3128	 -1.5812	 +0.4655
 -3.7984	 -2.4365	-17.7476	 -0.5639	 +1.2582	 +0.8512
+29.8249	 +9.8509	+22.2119	 +1.8331	 -0.6670	 +1.8919
-11.5500	 +3.8880	 -1.2843	 +0.3181	 +0.9151	 -1.0166
+14.3845	-16.3175	-23.7391	 +0.0672	 +2.1254	 -2.8736
 -9.2299	 +0.9704	 -7.4833	 -0.7659	 -0.7924	 +0.6529
-10.7442	 -1.3430	 -6.0399	 +1.0406	 -2.3316	 -0.9122
+10.9625	-307.4915	+218.5148	 +0.1230	 -3.7774	 +2.5735
 +1.6272	+10.0357	+16.1231	 -0.1888	 +2.1641	 -0.2106
 -1.1570	-28.7912	 -7.9973	 +1.9693	 +1.0230	 +1.8985
 +0.3296	 -8.6553	 -8.9218	 +1.4805	 +0.9266	 -1.0805
+30.0457	 +5.0239	+11.9258	 -0.4215	 -0.5385	 -0.2557
+14.5611	+10.3063	-25.0371	 -0.3882	 -0.8022	 -0.0737
-10.3449	 +5.3651	 +4.9040	 -0.4603	 -0.4640	 -2.2476
+25.3650	-71.4907	+57.4306	 +1.5967	 -2.5687	 +2.7969
 -4.8774	 +8.3015	-11.2073	 +0.7123	 -0.7605	 -1.4902
-24.0879	 -1.0667	-26.3449	 -2.7439	 -1.6000	 +1.2279
 +2.8533	 -0.7361	 -9.2551	 +0.6537	 -2.1544	 -0.7707
 -2.4707	 -1.2645	 -0.1804	 +4.2352	 +0.0058	 +0.0155
-11.6080	 -6.0126	 +2.5591	 +3.8806	 +0.0082	 -2.4268
+15.6137	+21.6366	 +0.6433	 +0.2426	 +0.6509	 +0.9066
+29.1734	-60.2554	-23.2321	 +0.3507	 -1.0797	 -0.3465
+175.5728	+15.6840	-271.5518	 +2.8223	 +0.3061	 -4.0511
 -4.9071	 -4.8992	-16.7520	 +2.0782	 -2.5716	 -1.3052
 -3.8583	 -0.4362	 +6.6933	 +2.1821	 -0.5110	 -3.6268
 -3.6772	 -0.4531	 +3.7335	 +0.5554	 -3.1862	 -0.1161
-12.2538	+10.8923	+24.0506	 +1.4842	 -0.0973	 +0.2639
-26.1901	 +8.3677	 +1.1739	 +2.3249	 +2.1684	 +0.3092
+20.2526	-30.7240	-51.4323	 -0.0148	 -1.0238	 -2.0055
 +8.0035	 +8.0628	 +8.8068	 +1.7973	 -0.8982	 -3.3846
 +0.6601	 +8.6347	 +0.2064	 -0.2770	 -0.8864	 -0.2827
 +1.1991	 -6.0893	 -5.3397	 -2.0711	 +0.7031	 +2.0742
-15.2739	+81.6128	+56.6609	 -0.8438	 +2.7638	 +1.3665
-44.6864	-58.0819	-65.0337	 +0.0098	 -1.0519	 -0.8147
+23.3339	+12.9693	 +3.2421	 +2.6503	 +0.6986	 +1.3684
 +9.3806	+19.2074	-28.9038	 -1.4450	 -0.2980	 -1.8634
 -5.6178	-17.5768	 -5.3863	 -1.2524	 +1.2500	 -0.2117
 +1.0707	-18.0624	 +2.3441	 -0.1629	 -1.2489	 +0.4444
 +4.6286	-30.5795	+10.5286	 -0.9068	 +1.5855	 +0.2701
 -8.8822	 -5.1870	 +5.5979	 -1.8396	 +0.1011	 -0.4972
+16.7752	 +5.3744	 +8.9735	 +1.6324	 -1.0617	 -0.4887
-249.7329	+103.6030	-211.1728	 -5.4415	 +2.4019	 -4.2683
+11.1049	 -9.8760	 +1.4996	 +3.2049	 -1.2825	 +0.5681
+12.3882	+49.8941	-69.2096	 +0.8126	 +0.3073	 +0.7598
-22.1740	 +5.7702	 +6.0375	 +2.1373	 +0.1430	 -2.8709
+127.4090	+277.5432	-19.9335	 +1.5564	 +3.4220	 +0.0500
+27.1809	 -9.1779	+14.1621	 -1.1142	 +0.5842	 +0.1506
 -2.4364	 -3.7624	 -6.0197	 -2.1744	 +1.9882	 +1.6281
 +2.6906	 -2.7106	-19.2781	 -2.5562	 +0.0184	 +1.1170
+19.5683	 -3.4230	 +6.7997	 -0.7154	 -0.9795	 -0.8535
 -9.4376	-15.7319	-17.0081	 -0.7717	 +2.3617	 +0.4463
-121.1946	-849.7415	-66.3553	 -3.3950	-24.0454	 -1.6082
+12.4160	 -3.2529	 -5.5939	 +0.3256	 +1.5217	 -2.0327
+10.2414	+10.1945	 -4.3632	 +2.6716	 -1.9368	 -1.7172
+20.5908	 +1.8424	+66.8076	 -1.5704	 -0.6970	 +0.2479
+18.5321	 -0.6294	 +0.6086	 -2.2311	 -0.3884	 -0.7672
+16.9389	+22.9800	 -7.6101	 -1.7533	 -2.2942	 +0.0157
-17.1541	-26.1103	 +6.7490	 +0.0709	 +0.9984	 -1.8608
-12.5978	 +5.1188	 +1.0109	 -0.6875	 -3.7155	 -0.2323
 -2.5469	 +7.5546	+13.0899	 -0.9768	 +1.1394	 +0.5960
 -3.5739	-20.5073	-11.8451	 -0.8278	 +2.8926	 +2.8741
 -3.9963	 +1.2861	 +3.9478	 +1.9902	 -1.0607	 +4.1942
 +0.8778	 -9.9906	+15.7002	 +0.0676	 +0.9427	 +0.1743
-14.3005	+15.7603	+12.6044	 -1.9695	 -0.9432	 +1.5228
 -1.8214	-12.9183	 +4.3483	 -1.5256	 +0.1930	 +0.7547
-11.2464	 -4.0741	 -2.9006	 -2.7590	 +3.1823	 +2.0290
-34.4223	+43.9824	+18.5831	 +1.4427	 -0.8424	 -0.3248
-13.6043	 -9.0184	 -6.3463	 -1.4201	 -1.2294	 +1.9764
 +5.1590	-13.8189	-16.2880	 +1.7992	 -0.1860	 +1.7440
 +5.3909	-58.3677	+11.3647	 -1.0582	 +0.9279	 -0.9466
-65.4418	+64.8193	 -6.0474	 +0.0287	 -0.5152	 -0.6186
-25.3480	 -0.0808	+13.5740	 -0.5015	 +0.0489	 +0.3504
 +0.1732	 -8.7624	 +2.4127	 +0.3626	 -1.6003	 -3.6999
+73.0812	+71.9026	-52.4498	 +1.5864	 +1.9068	 -1.0612
 +8.3552	-23.0171	+15.0131	 -1.6531	 +0.8392	 +1.4772
-52.4084	+117.5913	-21.3541	 -0.2832	 +0.7166	 -1.3326
 -1.4169	-14.0096	+13.6410	 +1.1113	 -4.1890	 +0.6638
-23.6798	-12.3738	-57.3717	 -0.2207	 -0.3474	 -1.6937
 +6.8562	 -3.1879	 +8.2505	 -0.6015	 -0.0873	 -0.2923
-13.4180	 -7.8168	 -2.1136	 -3.1919	 +2.8402	 -1.8581
 -8.4194	 +8.9745	 -4.8176	 +0.3549	 -1.7984	 -0.7269
 -3.7259	-11.5405	-23.8469	 -1.0624	 +2.2190	 -0.3524
 +3.5114	-21.6655	 +5.1994	 -2.4314	 +0.7218	 +1.0604
-10.4876	+14.2227	-49.0438	 -0.3642	 +0.1326	 +1.3847
 +9.9527	 -1.7076	+17.0806	 +2.6093	 +0.4352	 +1.7731
 -9.6880	 +4.2857	 +3.0597	 +2.0379	 +1.4056	 -1.4763
 +0.1816	-14.5845	 -2.3023	 -0.6289	 +1.7026	 -0.5752
-53.2445	+277.3833	-868.7914	 -0.7136	 +3.6791	-11.6152
 -1.0242	 -1.3780	+11.1852	 +0.6483	 +2.9614	 +0.7329
+43.9641	+31.6096	-36.2066	 +1.4370	 +1.0098	 -0.1321
+105.8208	+57.5713	-130.0566	 +1.5443	 +1.0541	 -1.9636
+144.2456	+11.2731	-40.5998	 +1.4927	 -0.0131	 -0.4063
 -0.9511	 -2.7954	 +3.3363	 +0.6492	 +1.7995	 -2.1380
 -2.1781	 -3.0761	+11.4643	 +0.0236	 -2.1414	 -0.8435
-14.9969	-93.4099	+86.3735	 +1.0199	 +0.8849	 -0.8940
 +7.5141	 +3.4271	 +4.0169	 +2.9072	 +3.2619	 -1.6166
-16.2142	-21.5915	-12.2234	 +2.1610	 -0.4421	 +2.0006
 -0.6301	-10.7233	 +8.7964	 -2.4671	 +0.1613	 -0.3857
-52.7490	+37.9836	+69.1809	 -1.2976	 -0.4525	 +0.1004
 -3.0337	 +5.1032	 +2.6855	 +3.5651	 -2.9230	 -0.3843
 -4.9761	+14.1040	 +7.3322	 -0.8302	 +1.9609	 -1.1828
-19.7769	+33.2514	-57.9400	 -0.9528	 -1.8185	 -0.8798
-15.0355	 +4.6254	-10.9391	 +1.0275	 +0.1412	 -1.4092
-11.3878	 -3.2747	 -7.3231	 -2.2280	 +0.3958	 -2.5688
+21.0612	-33.9383	-44.0893	 -0.1688	 -0.4382	 +0.5712
-13.2077	+18.8541	 +5.8028	 +0.6402	 -1.5104	 +2.5420
-17.2892	-38.8158	 +7.0556	 -0.0532	 -2.1107	 -0.2533
-21.6602	-19.6447	-11.2661	 +0.3148	 +1.5926	 -0.8726
 -1.9060	+19.4287	 -6.2143	 +0.0197	 -1.1232	 -0.3966
-11.3304	 -7.7979	-11.7612	 -2.8216	 +1.0873	 -1.3394
-12.7500	+13.2896	 -4.8007	 +0.1917	 +0.7213	 -2.5659
-33.1399	-37.0601	 -7.3086	 +1.0382	 +0.7423	 +0.7538
-13.0149	 +6.4853	 -7.7314	 +1.4532	 +0.4161	 +0.3692
 -6.7304	 -6.4777	 +2.2039	 -0.8838	 +3.9862	 -2.5331
 +1.4032	 +2.3676	 -2.5131	 -3.8583	 +1.1229	 -2.3853
+15.5667	 +3.6192	 -0.9975	 -0.3057	 -1.2806	 +1.6491
 +4.2898	-33.0949	+67.7238	 -0.8889	 +0.6550	 -0.4337
-12.3732	 +9.4143	 +6.8930	 +3.6410	 +0.9205	 +0.7006
 -3.7503	 +5.9095	-12.1548	 -2.1943	 -1.5102	 +0.7974
 -8.1537	-19.5076	-11.5824	 +1.7898	 -0.0279	 -2.4823
 +6.1155	+16.3197	+34.6656	 -0.0162	 +0.1015	 +0.0753
+12.8159	+69.5042	+79.4299	 -0.0561	 +1.3063	 +0.5371
+12.8166	-60.6240	 +2.2840	 +1.2951	 -0.0875	 -0.7324
-66.5889	-47.2617	+22.7739	 +1.2870	 -1.6502	 +1.2196
+167.3763	+143.2909	 +0.0115	 +1.6646	 +1.6519	 -0.0914
+28.3574	 +7.2290	 +7.5998	 +1.1904	 +1.3487	 -1.2756
+35.0237	-18.5742	-50.5753	 -0.6258	 +0.8835	 +0.9764
+14.6815	+14.5212	 -3.3235	 +1.3239	 +1.2377	 -1.1228
+12.1778	 -8.7738	+15.7829	 +1.8558	 +0.5781	 -2.0959
-14.1352	 +6.7085	+12.2607	 +0.4694	 +0.1537	 -0.3995
 +4.6786	 -3.3263	-10.9723	 +0.4734	 +4.2079	 -0.0484
 -8.0617	 +4.5982	 -5.9862	 -0.5670	 +2.1486	 -0.4223
 +1.6938	-11.0253	+12.0706	 -0.3175	 +1.0964	 +1.8633
 +4.1952	 +6.2764	 -9.7607	 +3.9508	 -1.4806	 -0.9960
+70.1805	-32.7635	 +0.8336	 +0.7279	 +0.2537	 -0.7443
-22.6422	 -4.2217	 +4.8426	 -2.0440	 -0.3773	 -2.5329
-34.0109	+26.4693	 +7.9562	 +0.7839	 +2.1491	 -0.5650
+16.3693	 -4.9782	-12.8228	 -3.9185	 +0.1807	 +0.3832
 -6.7411	-10.3195	 +3.0099	 -0.0605	 -1.4645	 +0.7509
 -4.3062	 -6.5446	 +1.2103	 +4.5779	 +1.9480	 +0.9516
 -4.5367	 +2.1030	 -7.7689	 -1.1982	 -1.8071	 +2.2160
-102.5769	-97.6907	+109.1208	 +0.7796	 +1.3233	 -0.2852
-12.8201	-11.2327	 +4.1342	 +1.1591	 -2.9321	 -0.5439
+55.0812	+64.4936	-68.2080	 +0.3446	 +1.3422	 +0.0292
-11.4868	 +5.1603	 +8.4900	 +0.9896	 -1.5174	 -1.7322
 -3.1883	-64.4532	+21.0384	 -0.1938	 -2.8497	 +0.4450
 +1.7919	 -3.7109	-13.1892	 -0.9340	 -4.3052	 +0.2213
 -4.7124	 -1.3813	 -8.1892	 +4.3121	 +0.9220	 -1.1691
+34.8697	-14.3406	 +4.0057	 -1.2763	 -0.5408	 +0.8627
-54.8637	+43.7201	+54.6663	 -0.5279	 +1.2235	 +0.9813
-17.8788	-29.4711	-10.1359	 -1.7764	 +1.4703	 -0.5983
+15.9909	 +5.4208	 -4.4139	 -0.4051	 +3.4905	 -1.5192
 -0.0668	+14.9982	 -5.3865	 +0.6426	 -0.8392	 -2.0701
-21.1838	-21.4142	 -8.6461	 -4.3272	 -5.0887	 -0.3123
-13.7041	 +0.5479	+13.6104	 -1.1890	 +0.7484	 +0.0713
 -6.3435	 +7.8243	 +0.1088	 -0.3671	 -4.4288	 -0.7878
-15.5399	+15.9769	-37.9188	 +0.5535	 -0.2357	 +0.0911
-41.1974	 +2.2263	+22.7844	 -2.1798	 -0.1119	 +1.0646
 -7.0293	+28.7074	-39.6157	 -0.3567	 -0.0581	 +0.1510
 +0.2257	 +8.8826	-13.6246	 -2.8519	 -1.1379	 -2.0775
 +6.8497	-10.0319	+41.4625	 -0.3644	 -1.8371	 +0.0397
 +4.5006	 +3.3183	 +3.9659	 -0.2517	 -3.3563	 -3.4269
-19.3579	-76.0582	-62.4094	 -0.6677	 -0.8232	 -0.2597
-16.0026	 +3.0155	 -7.9298	 -2.1860	 +1.2482	 +0.4696
 +1.0807	 +4.6992	 +0.4448	 -0.8001	 +2.8098	 +0.2493
 -6.1419	 -5.1516	 -2.2483	 -0.2356	 -1.6786	 +2.1034
 -5.3312	 +7.2820	-20.0395	 +0.2679	 -1.6043	 -2.3412
-28.0950	+15.6967	 -4.6078	 +0.7442	 -0.7806	 +0.5049
 +4.3341	-42.1658	-11.2678	 +1.7631	 -0.0035	 -0.1396
 -9.7509	-11.1293	+16.1027	 -0.9233	 -1.9420	 +1.0473
 -0.1782	 -4.9057	+10.3960	 +2.8258	 -2.7350	 +2.3692
+45.5789	 -7.5486	 -4.7440	 +0.8943	 -0.1662	 -0.2868
 +6.6051	 +3.5243	 +7.7336	 -0.6062	 +2.9917	 +2.5221
-32.4717	 -0.2161	 +3.0679	 +0.4971	 -1.7030	 +0.9860
 -2.4955	-20.5749	+11.9347	 -1.2341	 +0.0231	 +1.2605
-341.4419	+374.5627	+621.7653	 -5.9736	 +6.4830	+10.8952
-142.7092	-195.1674	+28.4800	 -2.0669	 -2.7022	 +0.7444
+10.9641	 -6.3665	 -0.9812	 -0.8039	 -0.2777	 -1.4279
+18.7256	+28.0498	-16.3582	 -1.1490	 +0.9817	 -0.4567
+18.9997	 -3.4338	-15.1147	 -2.5973	 +2.0200	 -1.2438
 -1.0407	+14.8437	+21.1394	 +0.6884	 +2.7696	 +2.5631
-17.7667	-50.4693	+143.0270	 -1.9430	 -4.0667	+13.4093
 -6.8202	 -6.9045	+25.8698	 +1.5956	 +1.1794	 -2.5853
 +6.4663	 +0.1306	 +4.1098	 -1.8339	 -0.9756	 +0.5260
 -6.7379	 +0.0838	 -7.5439	 -0.4272	 -0.6917	 +4.3947
 -3.6322	-12.7843	+33.3335	 +0.3322	 +0.5012	 -0.4930
+23.5581	 +8.1862	-11.8153	 +0.1553	 -1.3359	 +1.2415
 -4.8196	-10.2875	 +1.1637	 +2.8500	 +1.4891	 +0.2906
 -6.3833	 +1.0985	 -9.5276	 -2.2954	 +3.2180	 -3.8945
 -4.0576	 +0.4336	 -5.3263	 -0.2501	 -4.0143	 +0.4771
+11.4552	+10.0563	 +0.3673	 +2.9256	 -3.1449	 +1.2559
 -0.5366	 +9.8692	+13.5453	 +0.5155	 +1.0785	 +1.1602
-11.6590	 -5.6573	 -7.0091	 +0.4547	 -1.7149	 -0.7545
 +3.9715	+25.4952	+22.1119	 -1.5128	 -0.1606	 +0.8793
 +7.9194	+21.9053	 -7.2765	 -0.7824	 -1.1383	 -0.4834
+21.2147	-20.4030	 -0.1271	 +0.9760	 -3.7401	 +0.2934
 -5.9074	 +4.7452	 -3.8543	 -2.4178	 +1.8666	 +0.2186
-12.3809	 +4.2953	-13.9704	 +0.8382	 +1.7741	 -1.4098
+11.6422	 -6.1837	+25.4298	 +0.3108	 -1.8817	 +0.7920
-15.6314	 +0.4889	 +7.2124	 +1.1942	 -2.1022	 -0.4807
-24.3895	-43.6266	+22.3191	 +0.5444	 -1.0044	 -0.1198
 -1.5302	 -5.1025	-16.2066	 -0.7499	 -1.7980	 -3.3635
+19.9102	+19.0676	-17.4554	 -1.1986	 -1.2952	 +2.5558
-11.7952	 -4.7533	-11.9314	 -0.9017	 +0.7093	 +2.8791
+100.7191	+92.6498	+206.3507	 +1.2909	 +1.5544	 +2.7030
-10.7448	+18.9478	 +3.6296	 +1.8790	 -0.1478	 +1.7654
 +0.0797	 +3.0322	 -3.4818	 +2.3491	 +1.3260	 +0.8407
-18.0283	 -3.5947	 -7.4411	 -1.0583	 -1.2071	 -0.1907
 +9.0292	 -0.1997	 +8.8738	 -2.9263	 +0.2537	 +1.3323
-12.5597	 +0.9409	 +3.5662	 -2.7105	 +1.2891	 -2.7141
+14.2675	-11.4458	-14.1864	 -3.6335	 +1.0199	 +0.9461
+21.0910	-31.8708	 +5.8676	 -0.1545	 +1.3109	 -0.5029
 -8.9190	 +3.4126	 +0.5602	 +2.2974	 -2.1900	 -3.2546
+242.0944	+36.1968	-153.3566	 +5.4012	 +0.7398	 -3.1527
