# Num Particles: 1000
# Num Cores: 4
# Total Energy: -1.005002e+04
# Iterations: 811 of 1000
# Current Time: 2018-05-05 20:41:39.969356
# Elapsed Time: 3:38:37.556404
# Avg. Step Time: 0:00:16.174546
# 
# x	y	z	vx	vy	vz
# 
 -5.9513	-14.8190	+18.1030	 +0.0381	 -0.2279	 +1.2048
+22.0540	 +9.7973	+11.9415	 -0.1136	 +0.4229	 +0.1766
 -9.2112	 -5.5605	 -1.7625	 +0.7919	 +1.7725	 +2.4101
-29.5166	+39.2226	 -7.4599	 -0.7298	 -1.8348	 +1.0656
 -5.1932	 -7.0983	 -0.1347	 -0.4101	 +0.9239	 -0.9492
 +9.3522	 +6.8967	 -1.8792	 +0.2659	 -1.1155	 +2.2887
 +2.2190	 +1.9055	 -0.1645	 +1.7855	 -2.0623	 -2.0860
 -1.2412	 -9.3625	 -6.7320	 -0.6657	 -3.5311	 +0.5007
 +8.2648	-29.3371	-16.9259	 -0.2684	 +1.8475	 +1.4632
 +6.9151	-31.2393	 +0.1208	 +2.3330	 -2.0578	 -0.3892
-11.4898	+13.5587	+15.2196	 +2.1511	 +0.7067	 -1.3958
 -2.1629	 +7.2249	 -2.1151	 -1.3181	 -0.9336	 -0.1998
 +5.8018	 +2.6026	 +4.3625	 -0.3370	 -2.6511	 -1.8349
-30.5793	 -0.1122	+13.4855	 -0.9596	 -1.2638	 +2.9081
 -9.7635	 -5.2724	-11.8505	 -0.2651	 +1.7969	 +1.5132
-18.3862	 -4.7826	 +1.9412	 +0.1527	 +3.2989	 +2.4256
+13.7402	-26.3479	+16.3370	 +1.7803	 +0.9974	 -0.7644
-16.4769	+10.4583	 -6.2518	 +0.9546	 -0.3579	 +3.8127
 +2.5495	 -2.5304	-10.9215	 +1.6051	 +2.0380	 -1.8709
-47.9576	-34.4743	 +5.6927	 -1.1360	 +1.6487	 -2.5525
 +6.4231	-10.7182	 -3.9569	 +0.7788	 -2.2237	 -0.1380
-10.6022	 -9.3104	 -3.8051	 +1.4205	 -1.4658	 +2.3322
 -5.9469	 -4.8364	 -3.5922	 +0.4500	 +3.1281	 +0.6878
 -4.1270	+18.9011	 +6.9084	 +0.2624	 +0.3883	 -1.0059
 +7.7766	 -7.8271	+23.3164	 +1.8689	 +0.2981	 +2.0032
 +4.8148	 +5.2242	-16.5822	 +1.6209	 -3.2926	 +3.1247
 +4.6278	 -4.2773	 +1.0246	 +2.7775	 -3.6062	 +1.1773
 +5.6762	 +7.5504	 -9.1386	 +3.3690	 -1.5475	 -0.0284
+12.5144	+20.2828	 +8.3321	 +2.6298	 -1.1346	 -0.9969
-29.0641	+44.6508	+20.4894	 -0.6152	 +0.2164	 +0.0846
 +1.3858	-12.3268	-11.2525	 +4.1551	 -1.1002	 -0.6297
+40.4086	+16.9019	+18.4220	 +0.5506	 -2.1522	 -1.8213
+34.2476	 -7.2021	-26.3316	 -0.8561	 -0.7801	 -0.1208
 -5.5310	-16.1296	 +1.7844	 +1.3121	 -3.8995	 -2.7573
+16.4305	-67.4027	+40.8874	 +0.4678	 -1.2285	 +0.2326
+250.9143	+1052.9185	+67.7389	 +6.1533	+25.7583	 +1.8921
-12.4247	-21.2512	 +1.1837	 -0.8615	 +2.6410	 +0.9993
 -6.7491	 +0.1069	 +5.0007	 +2.2006	 +1.1603	 +2.0975
+130.5288	+25.6418	+288.6165	 +2.0754	 +0.6970	 +5.1844
-23.4666	 -5.6687	+10.5268	 +0.0572	 -0.1461	 +1.1280
 -8.0634	 -4.6651	-30.2734	 -0.1717	 +0.8935	 +0.8748
-38.0402	+12.6892	-15.9242	 +0.6201	 -0.6093	 +0.6313
 -2.9934	 -1.3774	 +7.6488	 -1.2759	 -3.2812	 +0.2107
 -1.3427	+13.4368	 +3.2098	 -2.7796	 -0.7662	 +0.3942
 -1.6144	+27.7956	 -1.9109	 +1.2517	 +0.9972	 +0.6153
 +3.3797	+15.5846	 -9.1634	 +1.5650	 -0.5159	 -0.3184
-14.3929	-15.1381	-20.4514	 -0.1331	 +1.9537	 -0.4734
-44.6654	 -4.6072	-31.0743	 -1.8205	 +0.4466	 +0.1652
 -1.1836	 -4.9915	 -3.1241	 -2.2676	 +1.2872	 -2.2927
 -1.5668	-19.3901	 -1.7094	 -0.9846	 +0.9891	 -0.5757
-40.3665	+66.3459	-66.3961	 -0.6741	 -0.3664	 -0.7755
+37.5678	-11.2736	+70.0828	 -0.7484	 -0.3171	 -0.8628
+11.9837	+16.5767	+47.8218	 -1.3164	 +1.4863	 +0.6644
+14.0962	-15.8213	 +4.5975	 -1.7078	 -2.2654	 -1.8628
+10.2749	+88.6758	+18.3532	 -0.2243	 -0.2898	 -1.4707
+11.9391	-13.0526	 +1.9338	 +2.1779	 -4.0733	 -0.3974
 -5.3770	 +0.5900	 -3.3828	 -2.5674	 -3.1422	 +4.1865
-10.0892	 -0.7473	 -9.0463	 +0.3158	 +0.4512	 -0.3961
 -3.0150	-15.8410	-24.4740	 +0.6753	 -0.5347	 +1.3606
-36.9426	+41.4681	 -9.7331	 +0.8779	 +0.9920	 -0.5771
+28.6636	-11.6563	+13.9273	 -1.1292	 -0.0430	 +1.9244
+13.6010	-23.1804	+30.7991	 +0.1843	 -2.0336	 -0.2292
 +4.6340	-10.6646	 -4.3717	 -0.5650	 +1.6432	 +0.1854
 +5.4237	-21.7380	 +6.5322	 +0.8687	 +2.2092	 +2.1043
 +7.2762	-34.8252	+13.1120	 +0.7649	 +1.2794	 +0.8358
+16.1209	+12.6937	-35.4635	 -0.0393	 -0.0433	 -0.9240
 +4.8954	+11.8384	-22.0421	 -1.2094	 -0.7353	 -0.1935
-11.1320	-10.8176	+36.1224	 -0.7984	 -1.0458	 -2.0440
+30.6972	 -1.3607	+24.3402	 +0.0400	 +0.7897	 +0.0774
-720.9007	+592.1558	+1014.0762	-10.5273	 +8.7077	+15.1239
-19.8923	 +3.1668	 -2.3441	 -1.6542	 +1.3774	 -0.0283
 -9.8160	 -0.1061	-12.4274	 +0.3391	 -1.7488	 +1.6433
 -4.5111	 -4.3826	 +5.8288	 -2.0478	 +2.5575	 -1.1150
+120.3212	 +4.2572	-114.9070	 +1.2736	 -0.2017	 +0.4471
+54.3651	 -3.1492	+14.3226	 +0.6804	 -0.0464	 +0.5883
+15.8392	+25.6154	-11.2601	 -2.0968	 +0.5108	 -1.6888
 -6.4642	+40.2598	-27.2709	 +0.3847	 -0.2897	 +0.1180
+12.4059	 +8.9406	-22.7412	 +1.1608	 +0.6533	 +1.9575
-100.0360	+234.8623	-168.7558	 -1.1923	 +3.2142	 -1.9280
-40.7084	 +0.1467	 -1.1838	 +0.3742	 -1.6441	 -0.4455
 +4.9066	-10.2170	 -1.3469	 +0.5996	 +2.0946	 +0.8232
 -5.6228	 -8.1797	 +4.6102	 -4.4485	 -0.3212	 +2.0545
+10.2026	-14.3875	 -3.3608	 -2.3912	 +1.1015	 +1.7684
 -9.8040	+54.0801	 +7.8635	 -0.3267	 +0.3004	 +1.5159
-33.8190	+18.9946	+23.1344	 +0.0067	 -0.6424	 -0.9748
-10.5502	 -2.0843	 +5.7891	 -3.2776	 -1.7595	 -2.9241
 +0.4973	+10.2476	-14.6427	 +1.0984	 +1.0407	 +0.4653
-68.3493	+49.7255	-66.9712	 -1.0350	 +0.5174	 -1.1247
 +0.0022	-24.8791	 +7.1037	 +2.4147	 -1.5677	 -1.6661
-18.4555	 +9.4322	-10.3923	 +0.8155	 +4.2328	 +0.0293
 +8.3904	-12.8503	 +4.6110	 -2.1193	 -0.3871	 -2.4650
 +0.9302	 -1.9531	 -1.2411	 -2.8228	 -1.0783	 -0.6379
+27.2978	+42.8026	-23.0288	 -0.9787	 -0.9960	 -0.3087
+23.8753	 -2.2563	 -4.3722	 +1.6603	 -0.1661	 +0.2993
-30.1258	 +2.0346	+16.7681	 -1.8813	 +1.6413	 +0.8219
 -6.8803	 -4.2305	 -8.0777	 -2.6824	 +0.2093	 +1.8133
+12.2536	-55.5451	 +7.5187	 +0.8339	 -0.6056	 -1.4885
 +4.2691	+14.0457	-18.8869	 +1.7816	 +0.5617	 +0.0021
+17.8846	-10.0945	 +9.2698	 -1.2870	 +2.3260	 +0.4011
 -0.2232	 -2.2417	+26.1002	 -2.4759	 -1.5478	 -1.1853
-44.9389	-57.3122	+16.0757	 -2.0884	 -1.9258	 +0.9668
 +4.8291	-13.3298	 -3.3806	 -1.2257	 +3.1250	 +2.2985
 +1.8601	 +0.1413	 -4.4937	 -0.0057	 +0.0603	 +2.7841
 +8.4752	 +6.7330	 -0.7792	 -0.3373	 +0.6940	 +2.3399
+507.1101	+127.6969	-256.5994	 +6.1590	 +1.5716	 -3.0423
 -1.4044	 -1.5922	 -1.0767	 +0.1395	 +1.2366	 +3.1361
+36.2448	 -1.8034	 -7.9805	 +1.7367	 +1.7397	 -1.9358
 -3.1514	-25.0978	 +7.7411	 -1.2737	 -0.4864	 +0.0974
-27.6943	-16.0075	 -8.3458	 +1.3461	 -0.7605	 +1.7866
 +6.2694	 -6.9996	 +9.4686	 -3.5224	 +1.6875	 -0.4071
 -7.4769	+14.0946	-20.3945	 +1.4667	 +2.2575	 -1.5915
+449.8286	+440.1409	-200.9026	 -0.3366	 +0.6219	 +0.3412
-139.1000	+182.7259	+222.1416	 +0.0873	 +0.9354	 +0.1353
-11.6543	 -4.7853	 -7.0254	 -0.9818	 +2.1106	 +1.2124
 +1.2490	 +5.1230	-15.3575	 +2.6055	 +2.1475	 +0.6185
 -8.3230	 +7.8776	 -5.8541	 -1.6605	 -1.5193	 -1.1142
 +0.6064	-17.8136	 +4.9133	 -1.3101	 -2.0316	 -1.5954
 -1.6818	 +0.8577	+101.7542	 -0.6416	 -0.1643	 +0.3576
-209.0560	+200.0709	-266.7355	 -5.8660	 +5.9370	 -7.9700
-50.3725	+51.8457	-41.9564	 +0.1497	 +0.0794	 -0.7343
 +2.4554	 -5.2980	 -8.1565	 +2.4446	 -3.3318	 +2.0524
 +4.2335	 +5.3583	 +9.7552	 +1.8705	 -1.1075	 -1.3963
+20.4101	 +0.3515	 -4.4109	 +1.0649	 +0.5805	 -2.9146
-10.5843	 +9.7249	 +9.7964	 -0.5557	 +0.4834	 -0.7505
 -8.5231	-27.9268	 +3.5401	 +0.8288	 -2.5823	 +0.8148
 +4.6927	-34.3674	 -9.1781	 +0.0097	 -1.6662	 +0.2199
 -7.5758	 -4.0223	 +9.2074	 -2.0859	 +0.4218	 -3.3743
+66.5587	-21.4306	+26.1645	 +1.1745	 -0.5040	 +0.5672
 -5.7319	 -3.0755	 -3.5047	 -0.1012	 +0.6377	 -0.8341
-18.0329	 +4.7894	+12.4149	 -0.9471	 +1.7625	 +1.1039
+16.0609	-62.3521	-229.3075	 -0.0041	 -1.1280	 -0.4447
 +1.9992	+11.1166	-27.0522	 -1.5953	 +0.8802	 +2.7916
+20.3221	+13.1945	+13.5424	 +0.6174	 -0.0318	 +1.2336
 +2.5891	 +1.9465	 -1.2606	 -0.9093	 -2.0921	 +1.1791
 -9.3279	-15.6475	 +2.0751	 +1.3038	 -0.6053	 +0.5023
-52.5116	-26.7947	+12.1939	 -0.4179	 -0.6954	 +0.6477
+14.0386	 -6.2962	 -8.4074	 +0.5362	 +3.3677	 +1.4035
-36.9955	 +7.2592	-30.6355	 -0.1853	 +1.3080	 -1.2981
 +1.1623	 +2.1159	-12.6791	 -1.1838	 +3.3726	 +1.0006
-118.0445	+113.5187	+57.9949	 -0.6766	 +0.7813	 +0.2939
 +6.7584	 -7.1799	 +4.9232	 +1.4783	 +1.3069	 -0.7583
+11.9759	+16.8691	-22.2102	 +2.4069	 -1.0480	 +1.1624
+809.3344	-264.6882	-209.1601	+13.5723	 -4.3411	 -3.3378
-37.0739	-63.7784	+22.1769	 -1.2454	 +0.0701	 -1.3701
+14.9067	+53.6471	+17.9317	 +2.3115	 +0.4130	 +0.6555
 +4.8117	 -1.2721	 +5.2850	 -3.0653	 +0.2457	 +3.1895
-25.2282	+57.4610	 +4.3897	 +1.8081	 +0.4794	 -1.9825
 -9.9142	+13.9104	-13.7984	 -1.9990	 -0.5156	 +0.4029
 +9.1118	 +1.7279	-21.1501	 -0.6480	 -1.9021	 -3.0313
 -8.8153	+21.9405	 +3.7823	 -0.3846	 -2.5393	 -0.5639
 -5.1259	 +7.9501	 -4.2347	 -2.3433	 -1.2886	 -0.1624
 +2.5069	 -4.0619	 -3.4437	 +0.4819	 +0.5583	 -0.8824
-14.4363	+10.1006	 +2.2302	 +0.8873	 -0.2065	 -0.1830
-10.9857	+18.8201	+17.6197	 -0.5712	 +0.0191	 -1.5335
-10.3618	 +5.3809	-15.8196	 -1.4095	 -0.5094	 -0.1365
+23.7838	 -4.3126	+26.8259	 +0.3757	 -0.6080	 -0.4055
 +8.7848	-13.2468	+10.4853	 -3.0635	 -0.1281	 +2.0722
-12.2291	 -0.0345	-29.1115	 +2.4916	 -0.9933	 -1.3165
 +4.7437	 -9.5607	 -5.0859	 -0.1418	 +0.1544	 -0.6587
-13.9861	 +3.6044	 +0.3313	 -0.7266	 +1.2244	 +0.8182
+15.0646	-12.3119	+71.2125	 +0.5443	 -0.8195	 +0.0220
-12.2258	-19.4838	 +5.5244	 +2.0695	 +2.3519	 -1.8061
 +0.3444	 -9.6001	 +1.0932	 +1.8126	 -3.1476	 +0.5439
+33.1801	 +0.9210	-10.3649	 -0.5091	 +1.5021	 +0.0891
 -9.9082	-13.5664	 +2.0697	 +1.9329	 -0.8876	 +1.7406
 +5.1221	 +2.0138	 -6.9860	 +2.0148	 +1.2478	 +0.3605
 -5.2327	-24.7437	+12.9459	 -1.1335	 -0.7130	 -0.4836
-37.0840	-10.7274	-16.6987	 -0.2123	 -0.5167	 +1.2512
-14.2618	 -2.6877	 +9.9339	 +1.7751	 -1.8623	 +1.0701
 +0.8388	 -9.4305	+20.3578	 -0.4024	 -0.0081	 +2.0009
 -4.0342	 +2.6473	-18.0798	 +1.8105	 -1.6481	 +2.2728
 -4.1222	 -4.2795	 +1.2447	 -2.4095	 -0.2036	 +0.5606
+10.9560	+11.2930	-22.6996	 +0.4901	 -2.1726	 -0.6504
 +5.8942	-60.9465	+18.9327	 -0.3366	 -1.5487	 +0.0641
 -4.8855	-34.9182	-11.4793	 -0.2266	 +0.5787	 +0.0801
+35.0689	-95.1549	+39.2633	 +1.4152	 -0.4876	 +0.0331
+10.7964	-31.6717	+20.2638	 -1.8621	 -0.8899	 -0.5806
+27.0876	-18.0567	+19.6887	 -1.4554	 +1.6721	 -0.6979
 +1.8286	 +1.9664	 -1.5939	 -1.9407	 -0.4767	 -1.3992
 +6.4132	 -0.6053	 +6.4095	 -1.8035	 +0.6420	 +2.6503
-681.1126	+109.2416	+273.1850	 -9.7070	 +1.5537	 +3.8082
+48.9454	-120.4542	+24.4606	 +1.9261	 -4.1493	 +0.9729
 -9.8340	 -7.8542	-35.9691	 +0.8389	 +1.5252	 -0.0027
-31.7302	-10.3878	+21.6518	 +1.2485	 -0.3593	 +0.6161
 +9.6267	 +7.5805	 -7.5343	 -1.7399	 +1.9738	 -2.7256
+36.3973	+84.5363	+52.1389	 +2.2812	 +4.4070	 +2.6272
 +4.1645	-12.3833	+20.4211	 -1.3600	 -0.0848	 -0.9294
 -3.3097	-15.9723	 -3.5273	 +0.2957	 +0.1133	 -0.1713
+13.3763	+16.8656	 -8.0482	 -0.0793	 -1.6241	 +1.5612
 -0.0469	 +4.4700	 -0.0408	 -0.0089	 -3.3746	 -0.8702
 -6.2651	-48.4796	 +2.5730	 +0.2692	 -0.2948	 +0.0630
 +6.6454	-13.2899	 +1.0723	 -1.9693	 +0.9884	 +1.4766
 -3.9933	+13.6935	-24.4770	 -1.9989	 -2.8471	 +0.2217
 -0.2496	 -9.3731	 -0.7613	 +2.2354	 +0.7093	 -0.4955
 +1.2728	 -2.5296	 +5.4430	 +0.9569	 -4.0841	 +0.1339
 -5.4241	 -4.9607	 -0.7450	 +2.9595	 -0.3299	 -0.3813
 +1.6656	-65.1734	+14.1703	 -0.1704	 -2.2284	 +0.5520
+17.4807	+55.1972	 -8.6991	 +2.3319	 +0.7480	 -1.6686
 +3.7148	 +8.2278	 +4.8304	 +1.2106	 -1.2130	 +2.4036
 +8.5696	-51.2527	+16.3395	 -0.8819	 -9.2327	 -0.4670
-16.3411	-17.6607	+18.0357	 +0.7262	 +2.4599	 +2.7103
-33.6349	+12.2905	-18.5088	 -0.5894	 -1.6462	 +1.0147
 -7.4171	+16.8042	 +1.1517	 -1.8838	 -3.5496	 +2.6658
 -2.7860	 +4.1023	 +0.7747	 -0.4023	 +1.0474	 +4.1315
 +1.1849	 -5.7598	 -5.6854	 -4.4669	 +1.3886	 -0.5058
-10.6273	 -4.8379	 -1.3527	 -1.6730	 -0.0868	 +0.7984
 -4.2964	+13.2121	 -2.1223	 -1.7874	 +1.0939	 +0.0956
-35.3909	 -2.0759	+26.2742	 +0.6733	 -2.0695	 +1.1944
+34.7487	-48.8716	 -1.9627	 +1.4852	 +0.7398	 -1.8189
 +9.5439	+22.1308	 +4.8665	 -0.7030	 -3.2740	 +0.0550
 -9.4086	-14.1607	 -0.6178	 -2.6715	 +1.4324	 +1.0146
 -8.7722	 -2.7847	 -9.7409	 +0.3616	 +2.7279	 +2.4419
 -4.9892	 -4.9889	 +1.6945	 -0.1367	 -0.0796	 -0.7242
 +9.3838	 -7.3401	 +8.8234	 -0.2740	 +0.2729	 -4.4257
+25.0653	-17.4390	 +5.0533	 -1.4289	 +0.5649	 -1.5544
+42.3930	 +8.3621	+23.5059	 -3.0771	 -0.2992	 +0.4754
-18.7915	-25.5011	-11.8319	 -1.2781	 -0.1720	 +2.9733
 +7.4697	-13.9996	-11.8536	 -0.2313	 -1.3110	 +0.4810
 -9.5127	-11.7496	 +5.3139	 -2.8669	 -1.7006	 -0.6285
 -7.4907	 -5.1522	 -2.5626	 +0.7527	 +3.5971	 +3.0286
 -8.3504	+26.2836	+30.6710	 +0.9087	 -1.9541	 -1.5890
 -0.2473	 +1.0168	-10.0958	 +2.0293	 +3.6041	 +1.6090
-160.6213	-114.6489	-162.7067	 -2.1075	 -1.3092	 -2.2745
+85.8395	-64.0037	+41.7766	 +3.6141	 -2.6690	 +1.0577
-10.2529	 +3.9663	 -8.0444	 -2.6731	 +1.7254	 +0.8946
 -6.9099	 +1.2041	 -3.6116	 +1.0880	 -0.4939	 +0.7208
+11.8394	 +6.7845	-14.1184	 +2.3596	 +0.6096	 -0.3205
-37.3615	-155.8258	+160.1566	 -0.2414	 -1.1524	 +1.6800
+11.9479	 -3.5508	+18.3500	 +0.9810	 -0.5656	 -0.7698
 +5.7865	 -4.5561	+11.0570	 -1.5088	 +1.4849	 +1.7076
-11.1422	-15.5979	-10.9697	 -0.3806	 -2.2969	 -0.0913
+358.2550	-470.4188	-289.9592	 +5.5584	 -7.3534	 -4.4417
-11.7441	 -2.8004	 -9.5303	 +1.6619	 +0.8870	 -1.3538
 +9.8233	 -1.8137	 +3.6515	 +0.8393	 -1.1396	 +1.2586
 +6.1483	 +5.3372	 +7.1486	 -0.5219	 -1.1430	 -0.7431
 +1.4165	 +0.3068	 -0.2300	 -0.4827	 -3.6833	 +2.6228
 -1.0980	-18.6325	 +1.8007	 -0.2948	 +3.3007	 -2.7890
 -4.5613	+23.7501	-32.9646	 -1.2894	 +1.3445	 +0.5965
 -9.9298	 -6.8126	 +9.7991	 -2.0674	 +0.0401	 -0.7975
 +4.2747	-22.2898	 -2.6282	 -0.8577	 +1.0485	 +2.4527
 -2.5194	+63.7884	-10.2311	 -1.3400	 +1.7645	 -0.1388
-12.2117	 +1.2984	 +2.2799	 -1.4470	 +0.2693	 +2.9008
-57.1826	+87.7979	-45.3808	 -1.5855	 +1.8605	 -1.6867
+32.8143	-37.6546	-14.4242	 +1.1154	 -0.9031	 -0.5665
-93.0564	+60.6258	-72.3475	 -3.3388	 +2.2974	 -3.2993
 -2.2867	 -4.7395	 +8.5738	 +0.3154	 -2.0447	 +1.9425
 -1.0850	-26.9758	 +2.2872	 -1.7360	 +3.4759	 +1.3097
+15.8902	 -1.7766	 +2.0988	 +2.1164	 -0.4749	 +0.0343
-12.6711	 +5.0519	-14.3595	 +0.3510	 +2.2380	 +0.0724
+32.9657	+128.9266	-49.5780	 -0.0917	 +0.7809	 -0.5476
-20.2118	-17.2332	 -2.8344	 -1.6665	 +2.8986	 +0.9113
+19.2725	-53.7596	+15.2904	 +0.3092	 +1.8013	 -0.0970
 +7.4823	 -9.7392	 -5.4151	 +2.7231	 -0.4454	 +0.3973
-17.9023	 -1.1296	 +0.6805	 -1.0745	 -1.4084	 -1.8539
+1888.5499	-49.4084	+795.3988	 +0.2133	 -0.2336	 +0.0628
 +1.3425	 -5.6349	 -2.2019	 +2.6703	 -0.4628	 +0.0708
 -1.7465	 -0.2441	 -0.4658	 -2.4047	 +0.2583	 +2.3231
-18.4050	 +7.3841	 +9.0066	 -1.5641	 -1.3033	 -0.5864
 +4.5367	+11.5319	-29.7236	 +1.4793	 +0.7209	 -1.9242
 -5.1191	 +5.4792	+14.3763	 -0.2736	 +1.6021	 -1.3520
-71.9434	-95.9666	-37.6625	 +0.3952	 +0.1190	 +0.8435
 -8.6604	+16.8781	+12.8832	 -0.1062	 -3.4958	 -0.2918
+16.4554	-23.1691	+12.9096	 -0.5535	 +3.5699	 +0.8888
 +0.0863	+25.2854	 -6.9548	 -1.7329	 -1.9620	 -0.7757
 +1.8654	 -2.0473	 +0.9012	 +0.4050	 -0.0287	 -2.5579
-28.2184	-26.5340	 +7.4777	 -0.5383	 +2.1834	 -0.3401
 +1.9737	-16.9283	 +8.8134	 +0.5723	 -0.5751	 -1.3733
 +8.6751	+10.6772	+16.6088	 +0.0481	 +0.5191	 +0.6799
 -9.1348	-22.6145	 -1.2094	 -2.2537	 -0.3074	 -2.2729
+98.5176	+211.0827	+36.2258	 +0.9900	 +2.4394	 +0.2318
 +5.6111	 -4.0784	+44.4042	 -0.8492	 -0.9237	 -1.2307
 -0.8026	 +1.4507	 +0.6220	 -3.7318	 +1.2235	 -1.4389
 -6.0180	+36.4866	 +0.5879	 -1.1964	 -0.0403	 -0.1354
 +6.9157	 -1.6863	 +8.5262	 +0.9947	 -0.4648	 -2.2937
 -9.9869	-43.7303	 +4.4474	 +1.3221	 +1.3939	 +0.5313
 +8.3720	-16.6739	 -3.6922	 +0.7972	 -1.5175	 -1.5357
+697.4136	-275.3751	-775.3446	+10.4224	 -4.1119	-11.3023
 +1.9724	+22.3960	+17.0511	 -0.9419	 -1.2538	 -0.2412
 -1.0815	 -8.6805	-32.0136	 -0.0152	 -2.1135	 +2.0569
 -9.6022	+31.6969	+23.9032	 +0.3891	 -0.1530	 -0.6097
-15.7716	 +3.3270	 +7.2212	 +1.2818	 -1.2192	 +1.2592
-13.2454	 -3.8951	 -0.2564	 +0.4266	 -0.7215	 -0.5056
 -4.3442	-19.8728	 -5.7270	 +0.0423	 -2.8016	 -0.5488
+93.1635	-87.2142	-103.6238	 +1.6445	 -1.3141	 -1.8334
+10.2857	-11.7174	 -9.1557	 +0.9576	 -0.2752	 +0.6331
 -8.5085	-40.5395	 +7.9769	 -0.3378	 -1.9013	 +1.3980
-18.3310	+10.4157	 -5.4540	 -2.6558	 +0.2141	 +2.4612
+31.2457	 +5.6043	+19.7871	 -0.8857	 -0.7472	 +1.9792
 -8.7519	 +8.6116	 +4.3362	 +0.7122	 +2.0395	 +0.3881
-41.1056	-94.9322	+95.0359	 +1.5661	 -0.2561	 -0.2128
 -8.3392	 -8.9006	 +0.8692	 -3.4592	 -2.3194	 -1.9841
 -3.3320	 +5.4925	 +4.6370	 +1.4568	 -1.0552	 -0.1006
 -5.6381	 -3.8845	 +3.6525	 +5.2480	 -0.6627	 +2.4402
 +7.3076	 +9.7711	-25.9797	 +1.4114	 +0.3961	 -0.9899
-17.2324	 -1.6008	-35.9038	 -0.1828	 +0.6640	 +1.8212
+473.2216	-16.5758	+177.3559	 +6.6541	 -0.0857	 +2.6177
-27.0359	 -0.5899	-14.4302	 -1.8496	 +0.2704	 -1.1083
-57.2777	-97.0606	+68.4331	 +1.0778	 +0.5812	 -0.7844
-42.8246	 -7.7722	+38.5215	 +0.3746	 +2.1458	 +0.3993
-11.1571	 +4.5196	+20.4457	 +2.3456	 +2.9163	 -0.8744
-23.6436	 +6.2090	-40.3297	 +2.2017	 -0.3632	 -1.1223
 +4.1291	+26.0955	 +6.9106	 +1.5362	 -2.2244	 -0.1481
 -5.6412	-11.5599	-12.3728	 -0.1427	 +2.0723	 +0.8516
 -9.4564	 +1.4537	 +0.8055	 -2.5082	 +1.8544	 -0.5264
-30.6226	+13.7837	 +3.3040	 -0.2630	 +1.5448	 -0.6591
-13.0853	 -4.8065	 +7.6633	 +2.3242	 +0.2864	 -1.9244
 +8.6732	 +3.1185	 +6.3318	 -1.9519	 -3.1743	 +0.6109
 +6.2009	-14.2585	 -6.3283	 +2.6357	 +1.9829	 -1.2584
+53.0609	+59.7576	+79.7962	 +1.0399	 +0.1002	 +1.4797
+11.1947	 -6.0257	 -2.4354	 +0.4871	 +0.4896	 -1.9173
 -5.0016	-16.7474	 -5.3871	 -1.9527	 +1.4870	 +0.1211
-10.7547	 -6.7305	 -0.6979	 +1.5875	 -2.5102	 +0.7820
 -2.3974	 -2.4175	 -9.0169	 +1.9157	 -3.8193	 -0.5411
 -7.6469	 +2.8998	 +3.3065	 -1.1056	 -1.8894	 +3.6603
 +2.4712	-10.2973	-10.2333	 -0.3587	 +4.3419	 +0.9858
 +5.0924	 +8.4084	 -0.4646	 -1.9731	 -3.4871	 +1.5116
 -7.2499	 -6.5580	-25.5855	 +0.3639	 -2.4274	 +2.1762
-13.7006	 +0.9336	 +2.9305	 -2.6369	 +0.9004	 +0.8621
-37.4593	 +5.1399	+29.0468	 -0.9491	 +0.7276	 -0.4166
 +4.9475	 -5.3459	 -0.5512	 +0.4374	 -0.4157	 -3.4082
 -8.3614	 +5.4450	 -1.2462	 -0.1596	 -0.7065	 +0.2804
-40.5502	+44.1277	+28.2067	 +0.3347	 +1.4383	 +0.5115
-16.2178	 -4.5392	 +7.7108	 -1.3845	 -0.9583	 -2.4760
 -1.5168	 -4.1034	 +2.8848	 +2.5105	 -1.6393	 +0.3823
 -6.4401	 -3.4838	 -0.5080	 +3.0788	 +1.7022	 -1.0993
 +8.9580	-10.7710	 -2.7438	 +1.4849	 -2.6219	 -2.0603
-103.0017	-101.7485	+203.9939	 +0.7911	 -0.5224	 -0.2000
-14.8501	+11.1490	 +4.1948	 +0.5436	 -0.0584	 -1.3237
 -9.9688	 -6.3078	 -8.7316	 +1.8206	 +2.1940	 +0.2330
-12.6386	 -0.0495	 -9.4876	 +3.7067	 +0.0329	 -0.6420
-19.3433	-20.8135	 +8.9890	 +0.2985	 -0.2675	 -1.1974
-10.0396	 +3.4485	+13.6034	 -1.1396	 +0.8970	 +0.4500
+10.0646	-12.4118	+15.0814	 +3.8057	 +2.5043	 +0.8394
 -4.5136	-11.2690	 +3.0257	 -0.3750	 +0.4358	 +0.3959
-16.2778	+10.7152	-12.4692	 -3.3896	 +0.4536	 +0.3858
-11.8377	 -0.9760	-26.1775	 +1.5509	 +0.7526	 +0.4705
 -2.5764	 -9.2471	 +2.5504	 +1.5741	 +1.1688	 -3.3513
-23.4290	 -1.2963	 +5.9222	 -3.2938	 -0.1195	 +0.5308
 -3.0390	 +4.8005	 +8.7895	 -2.1485	 +0.4685	 -1.8840
 -1.2906	-11.5934	+12.2419	 -2.1564	 +0.1675	 -0.8145
 -0.0671	 -3.0509	 +2.8686	 +0.4020	 +3.8960	 -2.4048
 +8.3270	-10.5705	+13.7601	 +0.0641	 +3.1894	 -0.2155
 -6.4480	 -6.6823	 +8.1218	 -0.9522	 +1.7545	 -3.5134
 +3.0724	 +1.5586	 -4.1029	 +3.4704	 +1.4073	 +2.8619
-84.7158	+425.4096	-104.8317	 -1.8669	 +9.6057	 -2.3785
 -3.3559	 +2.1392	 -3.5742	 -3.2635	 +0.7921	 -1.6387
 +7.1537	 +2.5471	+13.1696	 +0.7126	 +0.1623	 +0.2125
-20.7098	-25.0715	+32.2532	 +1.0657	 +0.5719	 +2.4981
+10.6867	 -8.2032	+15.6979	 -2.0691	 +1.2575	 -0.8662
 -5.1514	-10.7878	+16.2912	 -1.6091	 +0.9197	 -1.4967
+32.1398	-325.7705	-180.9354	 +0.7568	 -7.2845	 -4.0379
-12.5355	+19.2042	-11.9581	 +0.4485	 -0.3627	 -0.2914
-23.2719	 +7.2886	 -9.7014	 +0.9289	 -2.5707	 -1.1459
 -4.5169	 -1.8277	-20.9100	 +0.0101	 -2.2847	 -1.1733
-11.8723	-13.8568	 -3.4188	 +2.1814	 +0.8166	 -0.0034
-25.8443	 +6.8293	+15.3762	 +2.1317	 -0.0069	 -2.5383
-16.8651	-39.7895	+16.7318	 +0.7538	 +1.6845	 -1.7941
 +5.6333	 -1.3420	 +5.0398	 -2.0994	 +1.2207	 -0.7229
-11.8083	 -5.8895	 +5.5429	 +4.2107	 -0.1232	 -2.1342
 -2.1541	 -5.9982	 +8.4029	 -2.4513	 +2.1760	 +0.6050
 +3.5005	 +1.4728	 +3.2816	 +3.4413	 -0.6277	 -0.9712
-86.6763	+31.4746	+51.3970	 -0.9118	 -0.6533	 +0.3610
 -9.0783	 -5.5974	 -9.2251	 +1.7210	 -0.4522	 -3.7445
+169.1625	-80.3963	+82.3708	 +7.4860	 -3.7679	 +3.6895
-32.5069	 +8.7805	+12.5076	 +1.1901	 -0.5778	 +2.5230
-33.9475	-21.4522	-21.9715	 +0.5571	 +0.9800	 -0.1961
 -4.9435	 +0.1453	 -2.1323	 -1.7532	 +1.3533	 +0.4337
-95.4372	-90.4054	-135.3530	 -2.9925	 -2.5183	 -4.3193
 +5.7418	+15.7735	 +3.9364	 -1.1049	 +1.6696	 -1.3476
 +3.0409	-10.3215	 +2.1595	 -1.7009	 +1.7934	 +2.1257
 -9.7821	+23.3661	 -4.1803	 -0.7305	 -1.1151	 +0.4075
 -4.6658	-34.2039	 +2.0757	 -0.4402	 -1.1049	 +2.1323
-11.8677	 -8.5341	 +1.0970	 -3.7964	 +1.3417	 -0.8074
+18.0507	 +5.5301	 -8.5537	 -1.2743	 -0.7174	 -3.0740
-33.4589	-58.1156	+45.3989	 -1.0728	 +0.3896	 -0.3925
 +6.9409	-12.6904	 +6.6538	 -1.6991	 -1.4759	 +0.3899
 +3.4299	 -2.9795	 +8.5880	 -3.7422	 -0.8939	 +0.2615
 +3.4589	 +3.0813	 +5.1496	 -1.7847	 +1.2076	 +2.4170
 -3.3067	 -9.5977	 +0.7229	 -1.5420	 -2.3320	 +2.0597
-11.5742	 -4.7204	+17.3088	 -0.5430	 -0.3917	 -1.0181
-15.7510	-38.5313	-14.3739	 +0.7154	 -0.9969	 -1.0646
-19.2451	+25.4231	 +2.8581	 -0.1830	 -0.7213	 +2.7143
-28.7366	+10.0029	-91.7508	 +0.5207	 +0.1198	 -2.0890
-12.9630	 +4.0129	 +3.9603	 +1.9213	 +1.3410	 -2.9216
+87.9628	+44.1958	+177.6649	 +1.0785	 +0.1821	 +1.9271
-11.1165	 +9.4872	 +7.0172	 +0.1860	 -1.3642	 +0.7898
+12.4487	-12.3682	 +4.4211	 +0.0959	 +1.4936	 -0.8742
 -2.5433	 +3.2142	 +3.0316	 +0.5636	 -0.7653	 +0.0927
 -9.4119	 +4.4683	-14.7981	 +0.1784	 -1.2250	 +1.1966
 -4.5138	+17.8870	 -3.9182	 -0.7744	 -0.2984	 -2.2993
 +9.4924	-21.4460	+15.9026	 -0.8315	 +0.4571	 +1.1614
+13.2579	-12.1906	-18.7015	 -1.1819	 -1.1665	 -0.4482
 +5.1267	 +8.3812	 +1.1225	 -0.3308	 -1.9489	 +0.8753
-464.6986	-71.7154	-105.3245	 -6.9830	 -1.0425	 -1.7377
 -4.6573	 +3.3268	+13.6167	 +2.7305	 -2.6145	 -0.6181
 +6.7897	 +4.6206	 +2.0750	 +0.1470	 +1.0421	 -1.9983
 -9.1178	-14.2721	 -1.9471	 -3.8238	 +1.5612	 +3.1299
-10.9085	+22.4311	 -6.9443	 -1.0794	 +1.3012	 +1.1166
 +4.3452	 +2.2645	 -0.6438	 -1.0765	 +0.8410	 -2.7278
+55.0798	-31.4932	-102.7951	 -0.6637	 -0.0147	 -0.8201
 +8.2229	 -4.0297	 +5.8317	 +1.4708	 +1.3199	 -1.6363
+21.3216	-63.8780	 +4.4892	 -0.2201	 -1.8141	 -0.4909
-11.1600	 -8.9645	 -0.7332	 +0.5899	 +0.9183	 +1.4392
-15.3006	 +1.1312	 +2.5434	 -2.8484	 -0.4806	 +2.6312
-27.7826	 +5.4587	 +0.1518	 -0.0014	 -2.7912	 -0.3722
 +6.0878	-47.0751	 -7.1945	 +1.1897	 +0.4026	 +0.4775
-10.0774	 -4.6763	-20.8752	 -0.2344	 +1.5242	 -0.5806
-34.7094	 +2.0976	 +9.2526	 +1.5243	 +1.5231	 -1.1154
+18.2722	-13.1944	-22.9981	 -0.1149	 -2.1052	 -0.6493
-19.5456	-30.8234	-23.4565	 -0.0782	 +3.0713	 -1.4094
 -6.9249	 -7.0131	 +2.1506	 -3.1528	 +1.8978	 +2.4773
 -7.2245	 +1.8921	 +1.4175	 -2.5128	 -1.5306	 +0.1485
 -7.3342	 -1.5242	 +5.7154	 -0.7912	 -0.1510	 +0.6712
 -3.1582	-37.1288	 -6.8911	 +0.6202	 -0.6596	 +0.7835
-18.0402	+12.3975	-13.6757	 +0.4073	 -1.8433	 +1.7350
+17.8151	-15.5752	+17.7330	 +1.2174	 -1.1987	 -0.0621
+18.3010	+11.6283	-11.2076	 +0.8589	 -2.0323	 -0.9343
-17.1607	+31.9539	-19.1507	 -0.1034	 +0.3191	 -0.0348
 +3.7273	+52.1680	-14.1328	 +0.9891	 +0.7474	 -0.7614
 +7.4706	 -2.6914	+13.0028	 +1.2051	 +0.5997	 -1.2983
-88.3638	+52.5414	+130.6610	 -1.6851	 +1.3403	 +2.0388
 +9.8191	 -4.7431	+15.3452	 +1.1338	 +0.5611	 +0.2785
 -3.8476	 +7.8049	 -8.8053	 -0.8486	 -0.8160	 -2.5674
 -2.0651	 +3.9139	 -3.2162	 +0.6580	 +1.5011	 +0.1822
-17.6448	 +0.1147	 +5.8582	 -1.2090	 +1.4418	 +1.0113
 -3.3417	 +5.2810	 -8.0711	 -1.8596	 -2.6386	 +0.9518
+45.1859	+69.1324	-14.5996	 +1.1081	 +2.2540	 -0.7835
 -5.4152	-19.6423	 +2.5266	 -1.6404	 -2.8138	 -3.6657
 +3.9903	 +0.3695	 -7.9145	 -2.7120	 -3.6357	 -0.1255
+58.7065	-96.2876	+34.2974	 +1.3150	 -2.8387	 +0.3313
 -3.8586	 -1.0079	+27.2289	 +0.6917	 +1.0615	 +1.3008
+31.6826	+58.0803	-270.9446	 +1.6014	 +3.5806	-15.0644
 +0.3589	-15.4948	 -2.8784	 +1.6190	 +1.1649	 -1.3781
 +9.4281	-17.0935	+12.0625	 -0.2808	 -2.4741	 -0.3083
 +9.8628	 -5.1641	+12.2908	 -0.2527	 -1.2220	 -1.6548
-21.8592	 -3.6731	 -1.9048	 +0.7580	 -2.2108	 +3.6703
-19.0887	-11.1857	 -0.5912	 +0.5054	 -2.4747	 -0.5092
+12.2341	-10.3371	 -2.8874	 -0.2350	 +0.9606	 -0.1455
-188.1200	+268.3821	+40.8059	 -1.9858	 +2.7915	 +0.4700
 -9.7973	-16.5351	 +5.5774	 -1.3765	 +0.8657	 -0.1676
-216.3597	+25.7840	-249.9296	 -5.4386	 +0.3845	 -6.3502
+29.2539	+37.0068	-74.1306	 -0.0067	 +0.0686	 -0.5635
+14.4623	-26.7710	 -1.0363	 +1.0312	 -0.4788	 +1.2760
 -8.0948	 -9.2849	 -4.2840	 +2.1194	 -1.5649	 +0.5793
 -2.9993	 -2.0476	 +5.6613	 -1.8822	 -0.8348	 -1.8321
 +0.0547	 +1.6656	 -2.6240	 -1.4961	 +0.9918	 -0.1899
+20.0180	+19.0410	+53.2451	 -0.5391	 -1.1450	 -1.1583
 -1.1979	+39.7912	 -9.6584	 -0.0855	 -2.5784	 +0.1232
 +4.0324	 +9.7696	 +5.3591	 +0.5635	 -1.2862	 +3.9500
 -5.5210	 -5.1756	 -1.2685	 -1.8946	 +2.6730	 -1.1792
-13.4973	 -0.1583	 -9.8375	 +1.9215	 -2.2059	 -1.0913
+18.9280	-33.4641	+14.8070	 +0.6022	 -1.1338	 +0.8559
 +0.1914	-34.0243	 -3.3923	 -0.0474	 -2.3400	 -0.4573
 +6.0662	-33.5516	+33.4805	 -1.0799	 +0.7736	 +0.1155
-162.3871	+126.6439	-81.6500	 -1.6346	 +1.1614	 -0.6281
+10.1070	 -1.8348	-18.6814	 -0.2696	 -0.4834	 +0.5167
+10.2289	-55.1315	-65.0663	 -0.6971	 -1.3410	 -0.1860
+15.5750	-18.7210	 -4.7679	 +1.4785	 -0.2721	 +0.2236
-57.7855	+26.6588	-140.5105	 -0.4449	 +0.6285	 -1.6583
 -6.8532	 -2.9973	 +2.2996	 +2.7208	 -1.2377	 -4.0360
+13.3548	 -5.3010	 -9.6337	 -0.3546	 +0.8199	 +1.8577
-79.2019	+70.6201	 +7.5748	 +1.2829	 -0.4336	 +0.3605
 +2.3355	 -2.8019	 +5.5832	 +2.6782	 +3.4564	 -1.9133
 -5.6105	 -7.2485	 +5.5278	 -0.7887	 -0.2019	 +3.4802
 -6.1704	-14.1813	 +0.6558	 -1.7278	 +2.0442	 +1.6371
 -2.4841	 -2.5556	 +5.8208	 +1.1068	 +1.9378	 +2.4406
 -2.4520	-25.3232	 -1.9081	 +1.2402	 -3.3134	 +1.1005
+17.9712	+10.0410	 -1.6306	 +0.2620	 -2.4580	 +0.6073
 +7.1028	 +3.3246	 +1.8758	 -2.1299	 -0.8697	 +2.9924
+16.6823	-10.6570	 -5.5680	 -0.0208	 +1.2170	 -1.1641
+24.3786	-28.7068	+22.1441	 -0.2587	 -0.6147	 -1.0178
 +3.9290	-14.3771	 -0.1087	 -3.6574	 +1.6470	 -0.7196
+33.7128	-63.6633	-25.7527	 +0.3079	 -0.7450	 +0.8265
 -2.4237	 -1.5550	 +2.3163	 -2.2644	 +0.9041	 +0.3544
 +4.5988	 +5.0193	 -9.0392	 +1.8255	 +1.6342	 -1.9781
-27.8829	+45.6176	-13.1435	 -0.6293	 +1.6902	 -0.7999
-15.0599	-31.4761	+26.0106	 +0.3561	 +1.4447	 +0.5994
+26.2771	+46.8197	+27.5640	 -0.4331	 -0.9463	 +0.0439
+10.4622	 -3.0151	-10.5647	 -3.3259	 -0.4656	 -1.3165
 -5.9413	-14.2528	 -9.2459	 +1.1555	 +1.2007	 -1.7233
-24.4333	 -9.3591	+19.9347	 +0.1264	 -0.5853	 +2.9060
 -4.9308	 +0.5686	 -3.9201	 +0.8518	 -1.6751	 +0.1270
+25.6540	 -3.7034	 +6.9605	 +0.0816	 -0.7502	 +0.6911
+192.1971	-81.5231	+264.9011	 +4.6497	 -2.0628	 +6.3235
 -7.2141	 +6.2797	 -7.9594	 -0.0876	 +2.6349	 +2.3759
 -0.5948	 +1.5619	 +1.7098	 -2.3222	 -1.7257	 +3.6140
 +4.4491	+25.4633	-21.2042	 +0.5051	 -1.4899	 +0.1815
 +9.2249	-13.5524	 -5.4611	 +0.4500	 -5.0972	 -1.6082
 -8.3663	 -3.8376	 +9.8251	 +2.3282	 +0.5060	 +2.9261
+38.3691	+124.6539	-29.0529	 +0.8301	 -0.0088	 -0.4012
-22.5322	-15.6125	-12.4760	 -2.1053	 -0.7545	 -2.0155
 -1.5918	 -8.6157	 +9.9357	 -0.5752	 +0.8522	 -1.1426
 -1.9469	 -4.6385	 +2.6239	 +1.2419	 +1.0136	 +1.3102
-57.2828	 -3.8479	-23.7303	 -1.0845	 -1.7266	 +1.0291
-62.2473	+10.8157	 +1.2354	 -0.2235	 -0.6214	 -0.0323
+18.6419	+16.8742	+16.3460	 -1.7480	 -1.3719	 +0.1335
+14.6851	-26.4202	-44.4546	 +0.9886	 +0.8950	 +0.2882
 -1.4927	+42.3565	 -8.8088	 +0.5017	 -1.6437	 -0.1595
 +0.3991	+12.3429	 -6.6399	 -1.6859	 -2.2888	 -0.6206
-60.8427	+51.2662	-21.3376	 -0.0087	 -0.1381	 -0.3220
-10.9395	 -9.1458	 -9.0029	 +0.5097	 -0.9520	 +2.3479
 +8.3365	 -0.2760	-11.9363	 -0.9251	 -1.6062	 +0.5148
 +2.9670	 -8.3601	 -1.3164	 -1.2158	 +1.2605	 -3.8328
 -8.1084	-14.3555	+16.7323	 -3.1162	 -0.5659	 +0.8230
 -4.9947	+34.6572	 +4.2003	 +1.1150	 +0.8221	 +1.9993
 -6.0717	-15.8062	+26.3757	 +0.5226	 -1.2542	 +3.9691
-811.5189	+196.0719	+304.4689	-13.4898	 +3.3509	 +5.2408
-49.3328	-170.5190	+66.2795	 -1.0588	 -2.6080	 +1.0249
 +2.5864	 +7.9696	 -7.2901	 +0.3544	 +2.8826	 -0.3503
+13.1579	+30.5564	+22.4553	 -0.7066	 -0.9874	 +0.2593
 +3.1764	 -6.9037	 +4.6110	 -2.9949	 +0.3615	 -1.6254
 +2.2375	-13.8592	 -0.3051	 +2.5045	 +2.1115	 +1.9831
 -5.9762	-27.9196	-10.4778	 +0.1090	 +0.3341	 +0.9168
-12.3698	 +0.2450	 +3.9064	 +2.4588	 -0.3098	 -3.0899
 -4.9781	 +1.9650	 +9.2291	 -1.6775	 -4.3851	 +0.7116
-15.9602	+20.3235	 -4.6187	 +1.7559	 +0.0124	 -0.0300
-12.2885	 +4.8183	 +4.2345	 +1.8188	 +0.8339	 -2.7167
 +2.7331	 -2.1683	 +1.1598	 -2.2051	 -1.0276	 -0.3874
 +2.6414	-26.6182	 -9.7922	 +1.7084	 +0.6178	 +0.9123
 -7.4610	 -0.4921	+23.0295	 -1.5354	 +2.9573	 -1.7395
 +1.3345	 -8.6794	+13.4590	 -0.2613	 -3.4930	 -0.3826
+13.5228	+25.7374	 -2.9871	 +1.8187	 -0.4240	 +0.0262
 -0.1587	 +5.3433	 +7.0444	 -2.5436	 +3.3812	 +1.1069
-11.4222	 +6.4579	 +5.2297	 +3.1096	 -1.8282	 -1.1456
+32.1630	 +5.1243	+12.2107	 +0.7947	 -0.3480	 +0.7799
 -5.3304	-47.1982	+13.9608	 +0.5698	 -0.5768	 -1.5955
 -6.4659	 -7.6425	-17.9549	 -2.5117	 -1.6439	 +0.9618
-43.0923	+18.4249	-13.5173	 +1.5782	 -1.1856	 -1.2460
-19.8580	-21.6187	+10.4740	 -2.1973	 -3.0058	 -1.1166
 -6.3785	 +5.7007	 -4.3870	 +1.8872	 -2.8741	 +1.5350
-15.9858	 -4.6999	 -0.7318	 -3.3284	 -1.5760	 -1.6277
 +6.4184	 +3.1625	+37.1070	 -0.6953	 +0.7091	 +0.4813
+12.7030	 -4.6429	 +4.1983	 +2.9289	 +2.3062	 +0.9403
 +1.9940	 -4.0913	 -1.7127	 -0.3227	 +2.2811	 -2.0539
 -2.1053	 -3.6709	-11.4135	 -1.1121	 -2.8524	 -1.6502
-18.3233	 -2.3298	 +1.1941	 -0.2416	 -1.3239	 +1.5229
-10.6956	+14.5033	 +3.7317	 -0.3088	 -1.5488	 +2.4589
 -0.6486	 -4.6472	-23.5296	 -1.5313	 -1.6335	 -0.5440
 -2.7426	 +9.0325	 -6.3063	 +1.2540	 -2.8159	 +0.3189
-10.4114	+86.4215	-12.0400	 +0.0869	 +3.1645	 -0.1078
 +3.6048	+10.9422	-21.9140	 -1.6903	 -0.8019	 -1.2909
 +2.0174	 -4.4290	-10.8792	 -1.9138	 +0.8906	 -2.1835
 -6.5403	 +0.5575	 +4.6497	 -0.1166	 +0.4168	 +0.8483
 -1.5740	 -3.8945	 -9.2832	 -0.2231	 +0.6246	 -1.8219
 -5.6605	 +1.6766	 -2.8623	 +1.5208	 +2.7820	 +1.1864
 +4.1231	 -7.0785	-27.6319	 +2.0553	 -0.5122	 -2.1531
 -7.9143	-17.8702	 +6.4068	 +1.5620	 -1.3890	 +1.5370
+292.9325	+132.1516	 -5.0990	 +4.5591	 +2.1371	 +0.1858
 -1.7606	-11.6172	+12.2018	 +0.3015	 +1.6533	 +1.1830
-24.1044	-23.0593	+14.6524	 -0.0582	 +1.8237	 -0.4510
 -9.1532	+15.7650	-17.3432	 +3.2804	 +0.9577	 -0.6563
-41.2388	+25.1935	 +6.6466	 -1.0787	 -0.2097	 +0.5342
 -5.5942	 +5.8991	+62.1422	 -0.6726	 +0.5254	 -0.3871
+11.4263	+22.2855	 -2.3947	 -0.1728	 -3.0644	 -1.1596
-16.1863	 +7.2520	+12.3287	 +2.6738	 -0.6130	 -0.5044
-10.7231	 -7.0753	 +4.7894	 +1.7422	 +1.0425	 +0.6803
-32.3406	+207.9373	-108.2257	 -0.7653	 +3.5629	 -1.8431
+14.6782	 -3.7426	+18.4384	 +1.6190	 -3.1705	 -1.0472
-33.2801	-38.1562	-27.6034	 -1.6921	 -1.3957	 -1.5948
-15.5036	 +0.1824	 -0.5392	 +2.1181	 -2.1031	 -1.9368
-10.1779	 -2.0394	 +3.9783	 +1.5471	 -4.5343	 -0.4351
 +9.2612	 -0.4363	 +5.2586	 -0.6175	 -1.3182	 -1.1194
-16.9849	-17.5472	 -6.7087	 -1.4090	 -0.3220	 -1.8247
 -7.5080	-17.9530	 +9.3342	 +0.1600	 +2.2967	 +1.6671
-21.3953	 -3.9374	-21.3835	 +0.4411	 +1.8497	 -2.0832
-66.1710	-48.1561	-26.9006	 -1.7816	 +0.0234	 -0.1407
-32.0830	+10.4255	 +8.9692	 -0.2420	 +0.9197	 -0.4860
 -8.6538	-10.2839	-18.6410	 -0.7962	 -2.7568	 -0.0685
 +5.0969	-23.6692	+10.3123	 -0.3501	 +0.0393	 +1.1623
 -6.3402	-21.8808	 +4.9633	 -0.9723	 +1.3588	 -1.5253
+24.5397	+12.4155	-65.9739	 +0.2663	 -0.1666	 -0.0841
+15.3241	 +5.2109	 -0.5609	 -0.3527	 +0.3022	 +0.1293
-22.0840	 +1.3099	 +1.2806	 -0.4688	 +2.6300	 -1.2993
-22.8184	 -3.8062	 +7.2728	 +1.0357	 -0.6915	 +1.4406
 +8.8358	-32.6289	+21.0842	 -0.4184	 -1.2949	 -2.0776
-11.1466	 +5.6326	 -0.4371	 +0.4228	 -0.6082	 -0.3331
+66.9079	+88.9056	+88.8563	 +0.2530	 +0.6165	 +0.9391
+15.8784	-14.5385	 -6.5075	 -1.1511	 -1.1332	 -1.0256
+22.9231	 +5.3829	 -1.4279	 -0.6027	 -0.0347	 -2.4861
+34.1845	-26.4040	 -4.8529	 +0.8498	 -0.1712	 -0.0185
+18.7364	-34.6630	-23.6780	 -1.0336	 -1.7756	 +1.3796
 -6.2166	 -5.4493	 +1.0634	 +1.9153	 +0.4378	 -1.2251
-19.8378	 -7.8887	 +1.1488	 +0.5824	 +0.8379	 +1.5745
 +6.7617	 +7.3681	 +7.8520	 +1.5412	 +1.1583	 -1.5042
 -8.3931	 -3.1487	 +3.4094	 -1.8928	 +4.1368	 -2.6772
 +6.9543	 +4.0744	 +8.6447	 +1.5040	 -0.6523	 +2.7917
 +2.3449	 -3.9766	 -2.9455	 +0.0549	 +1.1042	 +1.6301
 +1.1937	-17.9297	 -1.7148	 +0.0961	 +0.3101	 -0.2940
 -6.2815	 +6.1436	-11.3070	 -1.4412	 -2.4223	 -1.6798
+12.0161	 -6.7648	 +1.5578	 -0.8437	 -0.4997	 -0.5512
-747.4831	-226.0770	+627.5203	 -9.3159	 -2.7998	 +7.8924
 -3.8521	 -0.9890	 -5.2396	 +0.2222	 +3.6660	 +1.4407
 -1.5309	-11.3203	-12.4972	 +0.3180	 -1.4832	 +0.8062
 -1.1589	 -8.6099	 +3.2037	 +4.6250	 +0.3534	 +0.7068
 +6.9079	+17.6006	+16.8115	 +0.0374	 -0.2826	 -0.8588
+44.6593	 +9.8686	 -9.1388	 +0.0176	 +0.4289	 +0.1736
+14.7137	+11.3991	+23.0523	 -0.5292	 -1.6593	 +0.1878
 -0.3284	+10.2347	 -0.8690	 +3.8326	 +0.9179	 -2.4494
 -6.0017	 -5.1549	 +1.0218	 +3.8393	 -0.4886	 -1.8817
-12.0127	+19.2124	+10.3947	 -1.8570	 +2.3870	 -0.2375
 +8.6763	 +3.2364	-53.8028	 +1.7571	 -0.0155	 -0.4022
 -6.7628	-44.1440	 -3.6959	 +0.5759	 -1.7072	 -0.8311
 -0.8302	 +3.6593	 +8.5733	 -2.0846	 +0.1122	 -0.1552
-12.9174	 +4.8578	 +0.8250	 -0.2971	 -0.8871	 +0.4403
 -8.5212	 -2.1186	 -9.2776	 -1.5820	 +0.4386	 -1.9671
+58.3795	+56.9661	+21.8610	 +5.8225	 +5.4991	 +2.7746
-48.8792	-15.1295	-25.9141	 -1.2959	 +0.8911	 +0.6708
 -1.0256	-20.5104	 +7.6819	 +0.7112	 -0.2530	 -0.4215
+37.3893	+88.0245	 +0.2319	 +1.1297	 +2.1210	 +0.5843
 -9.9107	 +3.6604	 -4.4036	 -1.2743	 +1.1607	 +1.1861
+21.6431	 +1.6037	+18.4833	 -0.0217	 -0.0927	 -1.6803
 +4.5169	+13.9881	+11.0724	 +1.1566	 +0.8634	 +0.4800
 +3.5183	-12.2289	+12.3032	 -3.0577	 +0.9643	 -0.3906
-49.9530	 +7.8080	-62.9500	 +0.9841	 -0.0412	 -0.0572
+95.2500	-14.2596	 +2.0109	 -0.1863	 +1.0420	 -0.8737
 +1.1253	-35.3259	-72.9274	 -2.4306	 -1.0246	 +0.3672
+13.2333	-38.1694	 -1.6442	 -1.6994	 -1.6980	 -0.4753
-74.2911	+28.4596	 +4.1685	 -0.6028	 +1.6793	 -0.3977
 -6.8233	 +8.0233	+20.8099	 +0.2547	 +0.5994	 +0.2308
 +3.0787	-17.9170	 +4.2458	 +2.0170	 +2.1369	 -0.8639
-26.8887	 -2.5733	-28.9385	 -2.7925	 +0.1545	 -1.0046
 +6.1078	+48.4561	+53.6028	 -0.5757	 -1.8262	 +0.6877
+13.2687	 -0.1998	 +4.6719	 +2.3307	 +1.5567	 -3.9348
 +9.6511	+22.5144	+16.9638	 -2.1682	 +0.1742	 -0.0655
 -7.7374	+10.5221	-22.6972	 +1.0609	 -0.9028	 +1.0323
-12.0661	 -5.9367	 -3.6316	 -2.8603	 +2.8094	 -0.3760
 +3.8020	+15.2110	+45.3483	 +1.3617	 -0.5091	 -0.1548
 -7.6249	+18.3944	 -1.3715	 -0.5140	 -1.5925	 +0.0075
-13.9839	 -0.2871	 +6.3266	 +2.8291	 +1.7156	 +0.6689
 -4.8474	 -1.7332	 +4.4708	 -3.2880	 -0.8147	 -0.7658
+19.6849	+45.8955	 -9.8553	 -0.0106	 +0.9364	 +0.7506
 +5.3061	-21.0375	-14.0680	 +0.8884	 +1.5467	 -1.6226
+18.8858	 +6.4900	-22.5481	 +0.0643	 +1.0824	 -1.8453
 -5.5126	 +5.2662	 -9.2342	 -1.6700	 +0.5625	 -0.0800
 -4.8879	 -0.9977	 +0.6905	 +0.5501	 +0.7695	 +6.0299
 -0.6754	 -9.4724	-10.0516	 +2.1296	 -2.4876	 -1.7497
 +0.4290	-21.7055	 +0.3554	 -1.0285	 +0.3013	 +0.6730
-84.4902	-21.8188	 +2.3908	 -0.9955	 -0.6480	 +0.0118
+44.9858	-30.7906	-114.5225	 +0.4309	 -0.4155	 -0.7551
 +3.0374	 -0.3772	+11.7038	 -1.2656	 +1.7676	 -3.6396
 -1.7680	 +3.1481	 -0.5095	 +0.4503	 +3.1159	 -1.6003
 +8.2561	-13.1565	-21.2618	 -0.1207	 +0.5839	 +1.0734
-21.2954	 -8.4055	-11.8207	 +1.0132	 +1.2558	 +1.0040
+38.9942	-31.0359	-51.9436	 -1.4531	 +0.3498	 +0.1714
 +3.7314	+11.5321	 +7.2260	 -3.1160	 +0.0270	 -0.6091
 -6.4615	 +7.2889	 +2.7076	 +3.1649	 +0.6047	 +3.4622
+38.2699	-55.9673	+63.9652	 +1.0128	 -0.5968	 +0.2371
 -8.3172	 +3.4297	 +0.8632	 +0.8087	 +2.5698	 +2.6257
-46.7372	+17.1222	-52.3333	 -1.0852	 +1.6802	 -0.4925
-61.5899	+26.7268	-49.6943	 -0.8091	 -0.2467	 +0.4385
-10.0478	 +1.3252	 -6.4718	 +0.8653	 +0.2119	 +3.4437
+22.3890	-72.7480	-64.6176	 -0.2299	 -0.7199	 +0.3682
 -8.5490	-75.9319	-24.0851	 -0.4775	 +0.8251	 +0.4826
-87.7075	-10.0903	-18.3175	 -3.0237	 -0.5751	 -0.5966
+13.6325	-10.3552	 +3.2814	 -1.4375	 +3.1056	 +0.9094
 +5.1606	 -3.3830	 -4.5488	 +1.6783	 +1.9955	 +2.2866
-25.3119	 -7.0850	 +0.0478	 +1.3728	 +0.7392	 -0.3971
 -3.0692	 -3.9992	 +2.9003	 -0.2039	 +1.2952	 +4.6310
+30.4233	 +3.8687	+22.3305	 +1.9031	 -1.2429	 +0.4255
-20.2502	-112.5879	+84.2313	 -0.2792	 -0.4078	 -1.0012
+69.6796	-83.0711	+53.8869	 +1.6758	 -0.9116	 +0.5123
+10.0465	-19.2591	 -9.0883	 +3.1018	 +0.0408	 -0.9069
 +4.3326	 -5.5726	 -1.2425	 -0.6931	 +1.0831	 +3.3580
 -8.2805	-14.4264	 -5.6894	 -1.6168	 -1.7327	 +0.8289
 +5.1150	-10.7413	-13.6654	 -2.9772	 -0.5675	 +2.1733
 -3.7594	-31.3384	 -5.5904	 +0.9117	 +1.0751	 -2.8810
+39.5329	-16.5615	-127.1076	 +0.6106	 -0.3133	 -0.5218
-21.1628	-12.4434	+15.5707	 -1.2528	 -2.4813	 -1.7415
+12.8531	 +3.5159	+15.9814	 +0.1835	 +0.9422	 +2.1321
-14.4944	 -1.8185	 -0.6602	 -2.7552	 +0.6956	 +0.4536
-24.3530	+12.4583	 +9.3006	 -0.6004	 +0.3571	 -2.3741
-12.4065	 -4.8070	 -4.6603	 +1.9028	 -3.8668	 +0.9808
-18.8080	 -5.6716	 -5.0791	 -1.8831	 +2.5875	 +1.7602
-43.7128	+11.0167	+10.4800	 -1.9862	 +1.0453	 +0.9191
 +2.7190	+12.8072	+25.2807	 -0.3793	 +2.4866	 -0.4255
-11.0200	 -2.7672	+23.0106	 -0.4828	 +3.4223	 -0.6550
-93.8291	+99.4097	+121.3986	 -1.3808	 +1.0114	 +2.0274
-400.2998	+10.8051	+472.7098	 -5.8366	 +0.1964	 +6.9913
 +4.9134	 -6.8662	 +8.3371	 -1.7541	 -3.3299	 -1.9487
 -7.8481	 -7.4452	 +1.0045	 +0.5473	 +3.6106	 +0.6321
 -0.1998	 +1.1002	 +2.7830	 -1.9525	 +2.1475	 +1.0881
+39.1282	+10.1770	+37.3344	 +2.1964	 -0.0817	 +0.0605
 -5.3411	-15.6103	 +3.9154	 -0.7631	 -1.1973	 -0.9855
 +4.2768	 +6.2932	 +7.2259	 +1.4071	 -2.0201	 -0.3992
+12.1894	+52.8072	+23.9587	 -0.0741	 +6.6720	 +0.9527
-38.2701	 +6.6159	+16.2287	 -1.9571	 +1.3619	 +0.6829
+28.8060	+12.4115	 -2.9254	 +0.3312	 +1.9783	 -0.4108
 +7.3410	 +1.8977	 -1.4335	 -2.8369	 +0.6912	 -1.0697
+25.5378	+14.0986	 -8.8779	 -0.7423	 +1.8254	 -0.8049
 -3.1686	 +6.1587	 +4.9057	 +0.5786	 +1.9715	 +1.9755
 -2.0834	 -3.8014	+23.3783	 -0.1140	 -1.3019	 -1.9216
 -1.7473	 -7.7312	-16.7962	 +2.6418	 -2.1407	 +1.4831
 +8.4889	 -8.6978	+14.4241	 -1.4260	 -1.8026	 -2.4855
 +7.6374	-11.9440	+13.4064	 -1.9820	 -0.0218	 +1.6413
 -3.3158	 -7.4494	+10.1363	 -3.4956	 +2.0694	 +2.6128
 -2.7397	 +1.2234	 -5.6414	 -1.0559	 +2.2847	 -2.9107
-11.1221	+26.0612	-43.4152	 +0.6863	 +0.6842	 -0.9123
 +2.7013	+24.0545	-18.8876	 +0.3781	 -0.4003	 +0.1120
 -4.3527	-21.4437	+14.2225	 +3.2203	 +1.0151	 -0.4003
+22.4390	-22.6280	+22.5269	 -1.8729	 -0.4877	 -1.3804
+934.4162	-364.3101	-661.4108	+13.2585	 -5.1944	 -9.4741
+251.0720	-93.9521	+234.5245	 +7.6554	 -2.7223	 +6.7534
 +0.9197	 -6.0666	-14.0499	 +2.7309	 -3.5021	 -0.4300
-12.3582	 -6.1084	-10.1490	 +1.0952	 -1.6289	 +1.4565
+13.4995	+41.3385	-31.6246	 -0.1268	 +1.1494	 +1.6780
+10.6347	-20.8973	 -5.5721	 -1.9092	 +2.8378	 +1.6420
 -8.8448	 +4.0479	+18.2401	 -2.3056	 -0.0951	 +2.4699
+40.4024	+268.6914	+40.6923	 +0.5090	 +3.7439	 +0.3598
-24.3442	-14.8880	-50.5880	 -2.3256	 +1.9230	 +0.6081
-25.5110	 -2.9284	-25.4007	 +0.1788	 -2.1453	 +0.5257
 +1.8754	 -1.4105	 +8.5351	 -2.8225	 +2.1020	 +0.1570
-14.9210	-14.4923	 +0.9397	 -0.1470	 -1.5966	 -0.9293
 -7.9381	 +5.5446	 +2.3243	 -0.9427	 -3.2146	 +1.2189
-10.2020	-13.2758	-15.6878	 +0.9197	 +1.1708	 -0.0375
-16.8867	 +4.9541	+22.8951	 +0.6135	 +0.9497	 -1.1339
+10.0824	 -4.0093	 +7.0749	 -1.4596	 -0.8653	 -1.1213
+16.6528	 -1.5468	+17.7104	 +1.1992	 -0.3253	 -1.3403
-19.8489	+14.8119	 -2.9124	 -1.6311	 +0.8666	 -2.4870
 +0.1307	 +8.5478	-71.7514	 +0.0710	 +0.9269	 -2.4429
-95.3584	-145.8022	-201.4425	 -1.1232	 -1.7563	 -2.3614
+51.4037	+13.5417	-107.5156	 +0.3335	 +0.0539	 -1.1661
+16.8900	 +7.2989	-11.3188	 -0.0427	 +0.3322	 -1.5413
 -7.5624	-13.8834	-11.7287	 +2.5907	 +1.9517	 -2.9614
-35.8241	 -2.2532	 +0.0567	 +0.7513	 +0.8052	 +1.5849
 -9.7761	-27.1503	+37.3364	 -0.2679	 +0.4051	 -1.0148
-97.2540	+43.9470	-50.5333	 +0.5265	 -0.2745	 -0.1901
 +5.2116	 -0.2993	 +8.5578	 -1.7567	 +0.5552	 -3.0482
-11.5399	-25.5745	-11.4825	 +0.1155	 +2.6067	 +1.4811
+20.8788	 -0.6898	-14.0360	 +5.1055	 +1.1360	 -3.3175
-13.7426	 -8.9484	 -0.7960	 +0.1871	 -2.0356	 -1.4283
 +2.1430	 -5.8103	 -1.9662	 -0.1890	 -2.3221	 +1.6966
-17.0262	-10.3583	 -3.9311	 -0.4998	 +3.1718	 -0.3051
 +3.0138	 -2.3721	+11.4874	 +2.1084	 -2.2469	 -0.8141
+10.0306	-125.5217	+12.5370	 +1.3525	 +1.3059	 -0.2492
 -8.3563	 -3.7663	 +1.0994	 -1.2024	 -0.4282	 +0.1083
 -8.2991	 -0.5446	 +9.8592	 +0.6675	 +3.3989	 +0.5233
-13.9962	+14.1409	 -6.9425	 -1.3180	 +0.4734	 -0.8158
-12.5942	 -3.0204	+23.7588	 +0.2586	 -0.1145	 +2.5828
-10.2221	 -3.2178	+14.8930	 +1.3555	 +1.2623	 +2.5744
 -2.1187	 +3.2433	 -3.1531	 +1.7495	 -1.6642	 -2.3762
 +2.4767	 +9.4444	+14.6598	 +1.0923	 -0.3462	 -1.2413
+11.5578	-39.6631	 +2.5700	 +1.6736	 +0.1303	 -2.2698
 +3.1360	 +5.9729	 +6.5955	 -1.0363	 +1.8453	 -0.0706
 -6.1619	 -8.3125	 -1.7205	 -1.2587	 -1.8755	 -2.6859
 +6.5659	-19.3349	 -2.4005	 -0.1768	 +2.3273	 +3.0577
-14.4178	 +5.9743	 +3.3981	 -3.9900	 +1.4193	 +0.3406
-15.3891	 -8.4376	 +1.6657	 -0.7026	 +0.9990	 +0.5450
 +1.4976	 +0.4197	 -9.6436	 +0.5774	 +0.7393	 +2.7523
 +4.3941	-35.5407	 -5.2868	 +0.2446	 +1.8944	 -1.3074
-11.9448	+20.1312	-12.1535	 +1.1333	 +0.9690	 -1.5214
+21.9119	 -3.0945	 +1.2466	 -1.9558	 -0.5507	 +1.5390
+72.9421	+107.7160	+76.7913	 +1.6244	 +2.1385	 +1.9738
-65.6515	+52.1405	-53.7478	 +0.0315	 -0.3073	 +0.5239
 -2.8645	+55.8060	-26.0358	 -0.8674	 +1.3582	 +0.3366
 -6.2399	 -9.8614	-12.5997	 +2.3866	 +1.9379	 +2.1389
 +9.9697	-16.2978	+31.4146	 +0.2915	 -0.0318	 -0.7739
+26.1521	 -8.0455	 -3.8053	 +1.2269	 +1.4301	 +0.2660
-35.6255	+27.7805	-28.2182	 +0.9406	 -0.7763	 -0.4477
+54.2890	+55.4557	+32.7101	 +0.5368	 -1.3537	 +1.7219
-181.5673	+136.7644	+130.9823	 -3.6605	 +2.5384	 +2.6111
 +7.1755	 -4.3709	+21.6726	 -1.3616	 +0.2374	 -2.1667
 +5.7622	-19.9251	 -8.3022	 -0.5124	 +1.4891	 -0.2165
 +1.9281	+18.4310	+19.8418	 -0.0956	 +1.5494	 +1.7519
 +9.6808	 +5.3867	-24.3060	 -0.9342	 +0.5228	 +1.6846
 -8.5906	-10.2764	-10.4311	 -1.6398	 +0.9252	 +0.5272
+19.5625	+55.1214	-24.3100	 +0.3903	 +1.3451	 +0.8560
 +6.2644	 +9.1632	 +5.6909	 +1.2200	 -1.0276	 +0.6548
 -5.9535	 +5.6918	+12.2011	 -0.5097	 -1.3158	 +2.6967
-11.2727	 +8.8220	-22.9773	 -0.5920	 +1.8394	 -1.0534
 +8.1145	+10.2483	 +9.5985	 +1.6055	 +2.8541	 +0.1970
 -1.8564	-11.5602	-35.2374	 +2.9525	 +1.8393	 -1.5258
+29.6690	+14.9921	+60.0321	 +0.6097	 +0.7491	 -0.4724
+16.5228	 -0.6967	+15.3156	 +0.4924	 +1.6725	 -1.5936
-10.5937	 -1.5337	 -9.1807	 +2.7789	 -2.3185	 -2.0795
+16.8229	-14.3570	-12.5660	 +1.2601	 -1.6670	 -1.4882
+35.2933	-23.5673	-50.4130	 +1.2737	 +0.2915	 +0.5115
-10.6594	-14.5584	 -5.4900	 +1.5493	 -1.3909	 -0.6508
 +8.5503	+23.7123	 -1.9344	 -0.1755	 +0.9385	 +1.2394
 -1.7189	 +4.9092	-15.3515	 +3.7597	 +0.9968	 +1.2492
 -6.0389	 -7.9707	 -1.3565	 +0.9423	 -0.3149	 -2.4189
-21.5575	 -0.1352	+18.0512	 +3.1571	 -1.3033	 +1.7456
 -9.9687	+41.8309	-11.5962	 +0.6089	 +0.4670	 +1.3178
 -8.1967	 -6.5040	-20.5616	 -1.2299	 -1.3577	 -0.0336
-18.8312	+13.8622	+10.8711	 -0.7208	 +0.0153	 +0.4238
 +8.8323	 -1.8465	-19.8230	 -3.2181	 +0.8095	 +1.5527
 -2.0108	+17.0743	 +7.8845	 -1.6073	 -1.1195	 +2.1102
 +3.5684	 -9.6154	 +3.7251	 +3.3027	 -0.2870	 -2.2061
 -5.6829	 +2.7666	 -3.4729	 +0.2858	 -0.0714	 +3.7222
+38.2966	 +5.0320	+31.7357	 +1.0604	 -0.8882	 +1.3206
 -4.0642	 +1.4321	 -2.7167	 +2.4386	 -1.7663	 -0.0726
+12.5721	 -2.2444	-37.1509	 -0.5958	 +2.4545	 -1.6481
 -5.2615	 -5.6969	 +2.8997	 +1.7951	 -0.8085	 +1.8874
 -0.6939	-12.4886	 -4.0177	 +1.5703	 -0.5463	 +1.2912
+11.6986	-330.1116	+233.9245	 +0.1224	 -3.7632	 +2.5635
 -0.7982	+16.4230	 +9.2527	 -0.5184	 -0.1023	 -1.8733
 +7.2013	-15.0458	 +4.5960	 +0.6748	 +3.5572	 +1.9601
 +4.3561	 -0.8893	 -5.5718	 -0.6305	 +1.1513	 +1.9973
+22.7584	 +1.1985	 +8.3906	 -2.0421	 -0.7737	 -0.9100
 +9.1865	 +4.0332	-21.6918	 -1.4270	 -1.2600	 +1.2464
 -4.4376	 -3.0963	 -8.7331	 +2.1479	 -2.0340	 -1.2649
+34.7335	-86.3788	+73.7429	 +1.5309	 -2.4092	 +2.6528
 -1.8732	 -1.9462	-12.5867	 +0.1451	 -2.1960	 +1.3582
-37.5614	-10.6379	-16.0429	 -1.8388	 -1.9215	 +1.8192
 +3.5513	-11.9511	 -6.2246	 -0.4427	 -1.0154	 +1.7719
+14.2507	 -4.2864	 +0.8555	 +1.0469	 -0.5017	 +0.3683
+13.5733	 -1.6810	 -7.6407	 +3.1106	 +0.8615	 -0.6851
+13.7254	+21.0983	 +5.2166	 -0.8627	 -0.7776	 +0.6144
+30.7726	-65.5056	-25.0359	 +0.2183	 -0.6683	 -0.2642
+192.4676	+17.5170	-295.7987	 +2.8098	 +0.3050	 -4.0320
 +6.9970	-16.1152	-15.8414	 +1.6125	 -1.1942	 +1.2937
 +6.7992	 -5.7623	-15.3523	 +0.8172	 -0.7419	 -2.5623
 +1.9202	-14.8575	 +0.2697	 +0.3967	 -1.0661	 -1.1444
 -1.9483	 +7.7278	+20.2771	 +1.8203	 -0.9940	 -1.6155
 -6.6723	+16.3708	 +2.2276	 +3.8705	 +0.1938	 -0.1714
+19.6739	-36.1694	-62.1414	 -0.1660	 -0.8060	 -1.5937
+11.5835	 -2.7663	-12.6103	 -0.5934	 -2.2787	 -3.0078
 -2.3613	 -3.8808	 -0.8413	 -0.7431	 -2.7727	 -0.4605
-11.8927	 -2.9236	 +5.4950	 -1.2115	 +0.3259	 +0.4130
-20.2419	+97.6744	+64.5045	 -0.8137	 +2.6012	 +1.2566
-44.2870	-63.9486	-69.4045	 +0.1182	 -0.9082	 -0.6482
+35.2297	+14.5740	+10.8191	 +1.4303	 -0.0570	 +1.1389
 -0.4064	+15.4323	-36.7901	 -1.7473	 -0.9107	 -0.7630
 -7.5169	 -0.8468	 -1.7788	 +0.6314	 +3.5653	 +1.3976
 -1.6950	-16.1715	 +2.9677	 -0.8093	 +1.7001	 -0.3113
 -2.4417	-15.1347	 +9.1695	 -1.3763	 +3.6289	 -1.0531
-10.4827	 -4.9275	 -1.8528	 +1.6316	 -0.3119	 -0.5896
+21.0834	 -2.4576	 +3.2975	 -0.3485	 -1.5030	 -1.2598
-282.3352	+117.9951	-236.7437	 -5.4268	 +2.3958	 -4.2561
+22.4253	-13.1967	 +5.2345	 +0.7413	 -0.0282	 +0.5363
+17.0880	+51.1536	-63.9022	 +0.7512	 +0.1131	 +1.0041
 -0.2370	 +3.3174	 -7.7915	 +4.4372	 -1.5615	 -1.3096
+136.7130	+298.0021	-19.6284	 +1.5454	 +3.3986	 +0.0516
+15.3318	 -4.7907	+12.4271	 -2.9451	 +0.8518	 -0.8179
-14.6996	 +4.3211	 +4.1221	 -0.6759	 +0.4121	 +1.4456
-12.9729	 -2.8142	 -2.6545	 -1.6517	 -0.0485	 +4.2174
 +5.9099	 -7.4689	 +0.0665	 -3.9069	 -0.1396	 -1.2513
 -9.4582	 +1.7682	 -5.9125	 +0.6247	 +2.9175	 +3.2118
-141.5630	-994.0040	-76.0036	 -3.3945	-24.0423	 -1.6079
+10.6260	+12.0392	-21.3879	 -1.0440	 +2.3750	 -2.1720
+19.7412	 -4.7612	-11.7377	 +0.6339	 -2.7783	 -0.7601
+10.7817	 -2.4204	+66.9277	 -1.6858	 -0.7224	 -0.2046
 -3.9373	 -3.0150	 -0.9876	 -4.9217	 -0.3212	 +0.6211
 +1.9565	 +4.3904	 -4.5064	 -3.3215	 -4.1990	 +1.0531
-12.4079	-14.5981	 -5.3946	 +1.6992	 +3.1588	 -1.9469
 -9.0299	-15.9620	 +0.3803	 +1.5477	 -2.4680	 +0.1158
 -7.3306	 +8.8136	 +9.5083	 -0.5394	 -0.8330	 -1.6789
 -6.2142	 +5.4611	 +6.3642	 +0.3365	 +4.6628	 +1.8606
 +8.1128	 -9.4442	+19.4040	 +1.8728	 -1.7867	 +1.1101
 -0.5175	 -3.9123	 +7.2713	 -0.5417	 +1.1144	 -3.0005
-22.9184	 +5.7534	+16.8600	 -0.8476	 -2.1734	 -0.0255
 -9.4244	 -2.8770	 +0.6446	 -0.1685	 +2.5533	 -2.5254
-19.4096	+10.7669	 +9.0779	 -0.1126	 +1.7286	 +1.5725
-24.5766	+37.3856	+15.9750	 +1.8314	 -1.3761	 -0.5537
-10.6276	 -9.7145	 +5.5312	 +2.3312	 +0.9102	 +1.5525
+11.1438	-10.6417	 +0.0725	 -0.0432	 +1.2681	 +3.3483
 -1.1643	-50.3349	 +5.6275	 -1.1145	 +1.7544	 -0.9828
-64.6583	+61.0908	 -9.7226	 +0.2314	 -0.7253	 -0.6048
-23.1855	 -0.4497	+11.6389	 +1.2389	 -0.1487	 -0.8915
 -1.7153	-10.2138	-15.7276	 -0.7720	 +0.8407	 -1.6287
+82.2676	+83.0314	-58.6056	 +1.4819	 +1.8082	 -0.9945
 -3.2562	-13.4583	+18.8290	 -2.0691	 +2.3097	 -0.3804
-53.9448	+121.4935	-29.2778	 -0.2306	 +0.5883	 -1.3083
 +4.8764	-33.1409	+11.8509	 +0.9175	 -2.3499	 -0.8708
-24.4459	-14.1617	-66.0142	 -0.0480	 -0.2538	 -1.2121
 -2.3843	 -2.2968	 -0.1571	 -1.8257	 -0.1853	 -2.2821
-22.2844	 +9.1523	-10.6850	 -0.1559	 +2.3718	 -0.8697
 -3.4841	 -8.1027	 -3.7626	 +1.0569	 -2.9416	 +1.3841
 -9.2755	 +3.3160	-18.3701	 -0.6052	 +2.4790	 +2.2429
 -9.0953	 -8.2701	 +8.9190	 -1.3080	 +3.5332	 -0.3198
-12.2115	+14.2142	-38.1368	 -0.1858	 -0.1583	 +2.2991
+20.7671	 +0.0241	+22.2043	 +1.1428	 +0.1802	 +0.1107
 +3.9451	 +3.9470	 -6.6698	 +1.8660	 -1.4021	 -1.1415
 -4.5177	 +3.2725	 -1.8922	 -0.6454	 +2.8491	 +0.3869
-57.5258	+299.4552	-938.4739	 -0.7135	 +3.6782	-11.6124
 +1.8359	+11.2508	 +6.8363	 +0.3654	 +0.9524	 -1.8015
+51.5923	+37.0068	-36.2885	 +1.1209	 +0.7987	 +0.0887
+114.9477	+63.8176	-141.6726	 +1.5001	 +1.0291	 -1.9107
+152.9004	+11.1685	-42.9573	 +1.3957	 -0.0214	 -0.3804
 -1.5140	 +2.2102	 -7.0565	 -0.5589	 -0.2240	 -0.8571
 -0.8963	-12.6363	 -3.1232	 -0.0545	 -0.4436	 -3.1237
 -8.8409	-87.7681	+80.6707	 +1.0313	 +0.9972	 -1.0079
+18.5095	+17.3250	 -6.1561	 +1.0768	 +1.6162	 -1.6181
 +0.7254	-16.9369	 +2.3821	 +3.2772	 +2.2337	 +2.5834
-11.2337	 -3.5421	 -2.2295	 -0.2313	 +1.8519	 -3.1632
-60.1093	+34.9788	+69.1829	 -1.1569	 -0.5445	 -0.0926
+11.2313	-15.1203	 -1.5131	 +0.9915	 -2.7339	 -0.7513
 -8.1135	+17.8419	 -2.0724	 -0.0219	 -0.4053	 -1.6968
-25.1039	+21.6931	-61.9804	 -0.8201	 -2.0174	 -0.4712
 -3.0516	 +1.8003	-12.5874	 +2.4957	 -1.0018	 +0.9923
-15.5600	 -1.6739	-14.5737	 +0.5253	 +0.2576	 -0.0417
+19.2618	-35.4576	-39.3120	 -0.4283	 -0.0641	 +1.0227
 -6.4492	 +3.2737	+16.5866	 +1.5369	 -3.6010	 +0.7000
-16.2153	-48.4628	 +4.9574	 +0.4008	 -1.1562	 -0.4237
-14.5366	 -6.3115	-13.0272	 +2.1389	 +2.7956	 +0.5456
 -3.5640	 +3.9703	 -6.0699	 -0.5036	 -4.0188	 +0.7409
-21.1445	 -1.6118	-11.8716	 -0.4663	 +1.1123	 +0.8871
 -6.0875	+12.9681	-15.5124	 +1.6787	 -0.7701	 -0.8846
-24.6760	-30.2324	 -2.4755	 +1.8120	 +1.5799	 +0.8532
 +0.2255	 +2.5965	 -0.8414	 +2.0943	 -2.1683	 +1.5098
 -5.0354	+13.4323	-12.7391	 +0.7514	 +2.1791	 -1.6863
-20.3446	 +3.8836	 -9.1152	 -2.7354	 -0.5556	 -0.2799
 +4.2902	 -7.0146	 +7.7734	 -3.4259	 -1.5562	 +0.9887
 -1.0925	-28.6507	+63.9194	 -0.9000	 +0.8252	 -0.8380
+11.3390	 +6.8523	 +6.2387	 +3.2797	 -1.6147	 -0.8169
-11.4052	 -6.7405	 +0.0229	 +0.8882	 -1.7621	 +3.2313
 +2.8427	-13.4274	-20.4371	 +1.7328	 +1.7624	 -0.4486
 +5.3888	+15.2337	+31.9571	 -0.2325	 -0.4605	 -0.9805
+12.4054	+76.9405	+82.1976	 -0.0794	 +1.1766	 +0.3919
+20.0345	-59.2589	 -1.9575	 +1.1043	 +0.5184	 -0.6698
-58.0526	-56.5643	+29.7610	 +1.5470	 -1.4500	 +1.1066
+177.2494	+153.1053	 -0.5372	 +1.6278	 +1.6207	 -0.0915
+30.9928	+13.5847	 -0.4051	 -0.2360	 +0.7567	 -1.3666
+30.2039	-12.9845	-43.4096	 -0.9868	 +0.9816	 +1.4263
+16.8870	+17.9168	 -8.8718	 -0.4340	 -0.1198	 -0.6978
+16.8408	 -3.0563	 +0.3035	 -0.5302	 +1.0837	 -2.8887
 -6.4206	 +3.0852	 +2.7893	 +1.9194	 -1.6202	 -2.7785
 +6.5950	+22.5632	 -6.9124	 -0.1639	 +3.4584	 +1.2294
 -6.5387	 +8.2212	 -2.2053	 +1.0202	 -1.1051	 +1.0990
 +0.7659	 +1.3183	+12.1872	 +0.0667	 +2.2275	 -1.9225
+21.9607	 -4.3860	-10.9977	 +1.7846	 -1.6912	 +0.5204
+73.5048	-30.8270	 -3.6024	 +0.3889	 +0.3859	 -0.7318
-26.8937	 -5.4234	-10.5696	 +0.4420	 -0.0471	 -2.3581
-27.3287	+37.0922	 +3.8895	 +1.3910	 +1.4058	 -0.7492
-12.4938	 -3.3066	 -2.0570	 -4.6468	 +0.2849	 +3.7443
 -1.7156	 -8.9963	 +2.4056	 +0.7916	 +2.0291	 -0.8633
+15.9056	 +5.2373	 +3.8284	 +1.8665	 +1.3806	 -0.0004
 -7.8665	-11.8996	 +8.6478	 +0.4396	 -1.6423	 +1.9167
-97.7481	-89.6190	+107.2508	 +0.8298	 +1.3669	 -0.3384
 +0.6064	-19.9634	 -1.7122	 +2.3749	 -0.0530	 -0.2218
+56.8477	+72.1946	-67.6766	 +0.2478	 +1.2275	 +0.1430
 +0.3470	 -7.3511	 -7.1844	 +2.4522	 -2.1130	 -2.2621
 -4.2635	-80.1261	+23.2223	 -0.1672	 -2.4109	 +0.2992
 -5.0468	-24.3045	 -4.4636	 -1.0773	 -2.1484	 +2.3840
+15.5588	 +2.5808	 -7.2100	 +2.2735	 +0.2397	 +1.0827
+22.9567	-16.0442	 +8.6771	 -2.7207	 -0.0237	 +0.6079
-57.5373	+50.6077	+60.0377	 -0.3721	 +1.0771	 +0.8162
-25.2256	-16.9407	-11.8173	 -0.5931	 +2.6473	 +0.0493
 +8.0024	+22.4201	-10.9943	 -1.8733	 +2.0945	 -0.6829
 +1.1924	 +1.5775	-13.5635	 -0.2851	 -3.3140	 -0.0769
-44.1453	-49.2787	 -9.6799	 -3.5347	 -4.3575	 -0.0882
-15.5899	 +1.5177	 +7.3566	 +0.9268	 -0.6790	 -2.1652
 -3.5400	-19.9047	 -5.4759	 +1.3909	 -3.4588	 -1.3867
-11.1881	+13.3813	-34.4908	 +0.8856	 -0.6471	 +1.0462
-51.9173	 +1.3860	+27.7822	 -1.4539	 -0.1626	 +0.6413
 -8.9457	+26.6408	-36.6191	 -0.2716	 -0.6397	 +0.8356
-16.6784	 -1.0343	-18.3827	 -2.1678	 -1.9956	 +0.4797
 +4.2133	-20.2430	+38.4399	 -0.5008	 -1.5338	 -1.0163
 -3.3706	-17.3921	-11.8744	 -1.9134	 -2.5310	 -1.4601
-23.2236	-80.4367	-63.5027	 -0.6215	 -0.6418	 -0.1105
-20.5286	 +6.9441	 -1.9889	 +0.5958	 +0.0270	 +1.2762
 -3.2033	+11.7970	 -0.7182	 -0.6196	 -0.5935	 -0.5356
 +2.4477	 -3.1236	 +0.6444	 +0.8312	 +0.7136	 +0.5847
 -3.3702	 -4.0683	-26.3936	 +0.3105	 -1.9996	 +0.0900
-18.2373	 +7.8369	 -0.8795	 +2.6474	 -2.0108	 +0.6736
+13.9285	-38.9177	-10.8756	 +1.3929	 +1.0529	 +0.2629
-11.9068	-19.1318	+16.2042	 +0.1590	 -0.7131	 -0.8571
+12.9195	-17.9894	+15.5677	 +1.5225	 -1.4968	 -0.2046
+48.3343	 -8.2520	 -6.1174	 +0.0557	 -0.0699	 -0.1738
 -1.3520	+14.3588	+15.8155	 -1.6102	 +0.7396	 +0.4474
-23.3806	 -9.6496	 +7.9490	 +2.5739	 -1.2797	 +0.5334
 -8.2319	-14.3723	+13.4863	 -0.5060	 +1.9445	 -0.7112
-377.2787	+413.4553	+687.1273	 -5.9720	 +6.4813	+10.8923
-155.0345	-211.2779	+32.9314	 -2.0426	 -2.6694	 +0.7396
 -3.4821	 -4.5773	 -5.4373	 -3.5030	 +0.9333	 +0.3948
 +9.9619	+31.0802	-17.5101	 -1.7141	 +0.0206	 +0.0630
 -1.7573	 +7.5572	-17.8275	 -3.9581	 +1.4781	 +0.5955
 +2.9106	+28.5074	+32.6912	 +0.6073	 +1.8919	 +1.4550
-29.3983	-74.7956	+223.2493	 -1.9354	 -4.0455	+13.3421
 +3.8925	 +0.0109	 +2.0457	 +1.4944	 +0.9642	 -5.3457
 -6.6230	 -6.2505	 +0.3723	 -2.2973	 -0.7027	 -2.1850
 -6.6493	 -7.7715	+14.7297	 +0.5718	 -1.3933	 +2.0680
 -1.1078	 -8.4888	+25.4668	 +0.4646	 +0.9444	 -2.2235
+18.9216	 -1.3961	 -2.0441	 -1.8314	 -1.6425	 +2.0093
 +6.6462	 +3.9189	 +0.1370	 +0.8396	 +2.0304	 -0.2274
-14.8675	+18.0961	-24.2900	 -0.8495	 +2.3353	 -1.5228
 -2.9431	-16.6565	 +3.8563	 +0.3582	 -1.2233	 +1.5299
+21.2063	-11.7415	 +6.8143	 +0.3769	 -3.6736	 +0.8720
 +1.8337	+11.2530	+13.7548	 +0.2160	 -0.5352	 -1.0943
 -1.1920	-11.1290	 -4.5982	 +2.5369	 -0.0218	 +1.4659
 -5.3008	+21.2977	+24.5370	 -1.5186	 -1.2028	 -0.0839
 +1.3203	 +8.3792	 -7.2096	 -1.5339	 -3.5061	 +0.6386
+23.2929	-39.8682	 +1.9381	 -0.0989	 -2.7987	 +0.3534
-14.7011	 +6.5705	 -1.0118	 -0.2029	 -1.0722	 +0.7349
 -2.5773	+10.4008	-16.1145	 +1.9288	 +0.3704	 +0.5990
+10.8544	-16.0347	+25.3078	 -0.5055	 -1.3545	 -0.7805
 -0.4226	 -8.9941	 -2.2058	 +3.4939	 +0.0032	 -1.5242
-19.7873	-47.7357	+20.5922	 +0.9571	 -0.3554	 -0.4557
 -7.5303	-13.2382	-27.5663	 -0.9291	 -0.9727	 -0.8514
 +8.2515	 +8.0459	 +0.4399	 -2.9169	 -2.6806	 +3.2591
-12.8063	 -0.2740	 +8.5052	 +1.2241	 +0.2519	 +3.0336
+108.4150	+101.9287	+222.4689	 +1.2751	 +1.5392	 +2.6711
 +1.6369	+10.4799	+11.9360	 +2.0885	 -2.5405	 +0.8530
 +6.2191	 +2.5924	 +5.2680	 -0.8125	 -1.3579	 +1.1221
-14.7498	 -9.1069	 -4.9950	 +2.1231	 -0.3650	 +0.9105
-14.8222	 -1.0844	 +6.5439	 -3.4698	 -0.2471	 -2.1253
-19.1393	 +5.5058	-12.1780	 +0.4055	 +0.3547	 -2.2731
-11.6345	 -1.4357	 -1.9584	 -4.1069	 +1.9928	 +3.0480
+17.0062	-20.5315	 +2.1155	 -1.3198	 +2.5120	 -0.7108
 +6.3319	-12.0004	-13.6681	 +1.9912	 -2.2255	 -1.0108
+274.4285	+40.6246	-172.2275	 +5.3782	 +0.7363	 -3.1385
