# Num Particles: 1000
# Num Cores: 1
# Total Energy: -1.382064e+04
# Iterations: 461 of 1000
# Current Time: 2018-05-05 22:16:34.922049
# Elapsed Time: 5:02:54.182076
# Avg. Step Time: 0:00:39.423388
# 
# x	y	z	vx	vy	vz
# 
 -2.3205	 -4.5431	 -3.2800	 +0.4637	 -2.8156	 +1.7375
 +8.0646	 +0.7065	 +3.9248	 -4.0370	 +1.6734	 -0.8183
 -8.3422	 -5.9700	 -5.4603	 +0.2408	 -1.6822	 -2.6893
+16.2985	+40.5617	-26.4601	 -1.2019	 +1.7206	 -0.3026
-16.2382	 -2.9293	 -2.2581	 +1.7524	 -1.0640	 +0.6818
 -3.4777	 +6.5510	 -9.2022	 +3.4804	 +0.4803	 +1.3408
-10.1860	 -4.6849	 -6.4575	 -2.5071	 +0.1455	 +1.0722
-10.6767	 +9.1201	 +3.7382	 +0.5504	 +0.1794	 +0.4531
 -4.1786	 +9.8750	+11.2794	 -0.6048	 -3.5819	 -3.1953
+20.6964	+43.5866	 -7.5374	 -1.3043	 +0.9502	 +0.1820
+19.2562	+13.7745	 -5.0199	 +1.2238	 -0.8703	 -1.6029
 -1.2919	 -8.7102	 +0.6481	 -2.6336	 -0.9664	 +1.6848
 -3.8015	 +2.2374	+16.0206	 +1.0948	 -0.3256	 -1.8954
+37.8411	-22.6877	+11.5950	 +0.8250	 +0.6512	 -1.4110
 -4.8427	-11.7119	 +2.5908	 -0.5301	 -1.5950	 -1.4206
-18.9463	 +4.0412	 +6.3679	 +2.2908	 +2.2970	 +1.6365
+18.5689	+13.1398	 -6.4488	 -1.2620	 +1.4003	 -1.5549
 -2.1809	 +1.3982	+11.7237	 +2.7744	 -3.2927	 -1.8605
 -3.5278	 -5.8583	 +6.4522	 +1.5645	 -1.0883	 -3.7840
+22.7745	-56.1695	+67.2783	 -2.2199	 -0.1872	 -0.8742
 -6.5761	 -4.9105	 -7.5912	 +4.1187	 -0.3891	 -2.2417
 -2.2057	 +5.6626	 +6.8602	 -0.9239	 +1.7335	 -1.4580
 -7.7171	 -9.2940	 -1.0772	 -0.1183	 -3.0760	 -0.9583
 -7.4679	 +5.7864	 +9.8606	 -0.7772	 +0.8189	 +1.6328
 +0.6065	+12.7160	-28.9711	 -0.5646	 +0.4810	 -2.3117
-44.2792	+55.0640	-39.8176	 +0.8285	 -0.3349	 -0.3440
+16.0804	 -7.7185	 +2.7568	 -4.0996	 +0.0790	 -0.2767
 -4.1887	 +8.5890	 -9.3350	 +4.1193	 +0.2958	 -1.5458
 +8.5651	-21.9151	-15.0390	 -2.7990	 -1.4074	 -0.5757
 +4.0977	-36.8697	 -6.5528	 +0.5811	 +1.0083	 -0.1343
 +3.8641	-11.1005	-14.2504	 +2.0576	 +2.6239	 +2.3134
-13.0294	+55.2012	+48.0350	 +1.8043	 -0.0911	 +0.0687
-32.0077	-14.5938	 -1.1629	 +1.0088	 +1.5661	 +1.6214
 +1.3762	+30.2454	 -7.8078	 +0.2495	 +2.6646	 +0.0268
 -5.3698	+19.0257	-25.3919	 -0.0810	 -1.1566	 +2.7061
+35.3917	+150.7161	 +1.4771	 +6.1747	+25.8484	 +1.8959
 -8.9241	 -0.5309	 +2.2704	 -1.7788	 +3.7985	 +1.3914
 +7.0786	 -0.8672	 +2.7540	 +0.0839	 -1.0828	 -1.9397
+55.8397	 +0.9685	+102.8994	 +2.2545	 +0.7123	 +5.5386
-11.5598	 +5.0351	-10.3043	 -2.1263	 -0.0294	 -0.0962
 -4.4886	+29.5147	+17.9547	 +0.3711	 -0.2697	 +1.3351
+20.9644	-21.4504	+14.7380	 -0.3774	 +1.3141	 -0.4529
 -1.4927	 +5.7863	 -7.5058	 +1.7547	 -0.1506	 +3.7273
 +9.4576	 +5.4478	 -1.6667	 -1.9167	 +2.0493	 +0.7257
+18.5201	 -2.9613	 +7.9167	 +1.2575	 -2.7705	 +1.4317
-13.4431	 +3.4637	 -5.2737	 +1.1659	 +1.8880	 -1.7910
 -8.8930	 -7.7561	 -6.3340	 -1.5834	 +3.4032	 -1.8453
 +5.3940	+17.7987	+38.7080	 +1.2409	 -0.7826	 -0.7880
 +1.3139	 +0.7056	 -1.3420	 +2.2889	 -0.5980	 +2.2307
 +4.3630	 -6.4923	 -4.5565	 +0.8809	 -2.7326	 -2.1426
 -8.3638	+56.2985	-22.1266	 -1.1680	 +1.3016	 -1.8238
+47.2526	 +1.7939	+73.5709	 +0.1878	 -0.3825	 +0.6214
-18.8444	 -5.1347	-27.6674	 +2.5971	 -2.2799	 +0.0133
 -3.6057	-19.8964	 -6.3964	 -2.9598	 +1.1682	 -2.1125
+14.4538	+74.6009	+60.5128	 -0.0057	 +1.0313	 -0.8354
-15.3928	 +4.1372	 -3.1027	 -3.7925	 +3.2612	 +0.1539
+14.6401	 +6.0267	-10.8180	 +2.7193	 +1.3936	 -2.6101
 +7.2596	 -7.4351	 +3.0003	 -1.2133	 -0.1684	 +1.0959
 -2.3134	 -6.2544	 -4.4932	 +2.6567	 -2.1304	 +3.7672
+23.7310	 -9.2604	 -1.5951	 -2.6808	 -1.9830	 +1.3330
-23.0961	 -1.1659	+25.4094	 -1.0916	 +0.3954	 -1.9819
-14.5298	-20.0016	-27.6262	 -0.3492	 +1.5130	 -1.2455
-11.0983	 -0.7604	 -0.6987	 -0.7718	 -3.0054	 +0.7464
 +2.7940	-10.5564	 +6.3068	 +0.4996	 +1.5916	 +2.5128
 -1.2855	 -4.8748	 +8.4289	 +1.4983	 +3.1842	 +0.0217
-20.9424	-21.1574	+13.9965	 -0.6155	 -0.4911	 +1.6984
 +5.4251	 +7.9034	 -1.6485	 -1.7935	 -2.7905	 -2.5100
+15.6637	+15.2387	+10.2712	 +0.6676	 +0.7612	 +3.7072
-23.4173	+25.3723	-18.2431	 -0.5433	 -0.5563	 -0.5983
-352.3271	+287.2878	+484.5724	-10.5363	 +8.7152	+15.1365
-22.5988	 -1.3474	 -4.3882	 -0.9823	 +0.8455	 -0.3218
 -6.4886	+11.8113	-12.9709	 -0.4834	 -2.2646	 -0.1649
 +4.6164	 -2.2027	-12.4818	 +0.6448	 -0.9794	 +1.7757
+68.9374	+10.8507	-122.9770	 +1.6619	 -0.1675	 -0.0387
-48.1006	 +3.3404	 -1.4735	 +1.4337	 -0.6603	 -0.5008
-23.0848	-13.2033	 -0.8830	 +1.0321	 -2.3904	 +2.2657
 +1.3839	 -3.4059	 +1.7036	 -1.7654	 +1.5009	 +2.7562
+12.7504	 +5.8876	 +5.4446	 -0.1778	 -0.6844	 +3.4341
-56.9594	+119.1941	-98.9009	 -1.2904	 +3.4402	 -2.1027
 +6.6182	-32.6507	 -7.4927	 +1.7704	 +1.5555	 +0.2914
-14.6327	-15.9348	 +2.2486	 +0.1066	 -1.4614	 -0.3292
+10.2091	 -8.6335	 -0.2689	 +0.5416	 +0.5223	 -1.3189
 +2.2758	 -3.6679	 -2.3343	 -2.9261	 +0.9925	 +3.8071
 -1.6497	-29.5651	+10.7347	 +0.7140	 +0.7633	 -3.3656
 +6.1086	-18.2752	-24.1769	 +0.4785	 +1.2454	 +1.5883
-25.8575	 -3.8172	 +4.4590	 +1.7368	 -0.8761	 -2.0398
-17.7549	 -2.8893	 -3.7954	 -0.5831	 +1.2254	 -1.8660
 -5.5800	 +6.8682	 -1.4043	 -4.2274	 +4.3242	 -3.5166
 +4.7457	-14.2586	 -0.1779	 +2.8045	 +2.3132	 -2.8144
+41.0710	-34.8771	+22.8634	 -1.1234	 -1.1690	 -0.2356
 +5.2069	 +4.0422	 +7.2999	 +0.7157	 -2.1782	 -0.2771
 -4.4530	 -0.6494	 +6.2217	 +1.4955	 +0.5086	 +2.9920
+25.0204	+31.9015	 +3.0232	 +1.5231	 +1.9532	 -0.8938
 +8.2911	 +1.0797	 -9.5148	 -3.6597	 -1.2202	 +2.7777
-15.8992	 -9.7955	 +5.7792	 +1.9889	 +2.2102	 -0.6793
 -1.4741	 -7.0536	 +7.9146	 +2.4523	 -1.3147	 -1.5199
 +0.0671	+17.2808	-16.7645	 -1.7440	 +1.0970	 +3.2868
 -5.8713	 +3.0313	 -9.2567	 +4.8017	 -0.3299	 +1.1255
 +1.4221	+14.6663	 +9.2074	 -1.8661	 +2.3364	 +0.1337
-19.5382	-12.6141	 -9.5024	 +2.6239	 +1.2647	 -2.7481
 -3.9770	+26.1909	 +5.9515	 +1.6652	 +1.4211	 +0.1329
 -0.0194	+21.9152	 +8.4863	 -1.2948	 +0.1020	 -0.5860
 -7.4703	 -0.5804	 +6.9702	 -2.2390	 -0.3883	 -0.9641
 -6.2812	 -6.9483	-10.7199	 +1.3788	 +1.7161	 -2.5091
+290.5696	+72.4456	-149.6251	 +6.2275	 +1.5889	 -3.0769
 -3.0521	 +1.7052	 +0.8546	 -1.1305	 -2.0795	 -2.5847
-50.2836	+18.9896	 -8.9938	 -0.1677	 -1.2448	 +1.2850
+12.5058	-12.6428	 -1.3950	 -2.6084	 +0.0487	 +0.2839
 +5.5265	-21.5290	+20.0100	 +1.1203	 +2.0408	 -0.3337
-21.8957	+10.1017	 +7.8024	 -1.3332	 +1.1293	 +0.1121
+20.2515	 -2.5162	 +9.9122	 +1.6886	 -1.5207	 +2.4063
+461.1832	+417.9660	-212.6552	 -0.3120	 +0.6452	 +0.3302
-140.9607	+148.4856	+215.4699	 +0.0159	 +1.0217	 +0.2499
 -0.3725	 +0.5923	 +9.6087	 +3.4587	 -1.2862	 -3.7502
 +1.7933	 +6.0817	-14.1458	 +2.9630	 +0.7458	 +2.8286
 -0.8068	 +3.5972	 +9.0826	 +0.1967	 +3.5756	 -1.1665
+11.1846	 -1.2768	 +7.1750	 +0.5600	 -1.9554	 +0.8352
+18.3786	 +5.0516	+61.0162	 -0.3568	 -0.0361	 +2.2240
 -7.3250	 -4.8423	 -0.2997	 -1.5230	 +1.8419	 +1.9434
-25.4069	+18.0823	 +0.9671	 -2.5257	 +2.6318	 -1.6110
+14.2859	-13.2087	-10.0960	 -0.7072	 +0.4688	 +2.6212
-10.0865	 -5.8640	 -8.9156	 -0.9301	 +2.1580	 +2.2564
+10.0331	 -1.5125	 +2.3981	 -0.9397	 +1.3426	 -4.2638
 +1.0021	 +4.4650	 +0.9555	 +0.3403	 +2.1677	 +2.8958
 -9.5713	-10.4057	 -4.5260	 -0.7556	 -2.9927	 +0.9571
 +4.7236	-10.7868	-13.4953	 -1.4262	 +1.3809	 +3.7235
-21.0908	 +1.4067	 +7.1840	 -1.7440	 +0.7124	 -1.5522
-25.3055	 +3.9630	 +0.1434	 -0.5203	 +0.4591	 -0.0974
 -4.7730	 -5.3597	 -3.0187	 +0.7470	 -1.7154	 -1.3641
-13.3163	 -1.6856	 -7.8306	 -3.2508	 +0.2108	 +1.1658
+15.8165	-21.8183	-208.8076	 +0.0192	 -1.1829	 -0.7423
+19.9425	-22.3990	-21.1677	 +1.1738	 +0.0933	 -2.4711
 +7.1491	+13.7948	 -7.6819	 +0.6055	 -0.4468	 +1.5106
 -2.0298	+12.2624	 -4.4405	 +2.3677	 +1.9561	 -0.3058
 +1.2868	 +4.6992	 -3.7867	 -1.3892	 -2.4369	 -0.3123
+38.3603	 +9.2790	 +9.9406	 -1.3214	 +0.1832	 -1.0754
 +6.1272	+12.8247	 +2.6489	 -3.7105	 +0.8002	 +1.8427
+26.2240	+20.7901	 +0.5932	 +0.9736	 -1.1386	 +1.4468
 +2.8822	 -4.1622	-12.9722	 +0.7014	 +2.8378	 -1.8048
-87.3776	+79.3969	+44.2202	 -1.1310	 +1.2165	 +0.5235
 -8.8383	 +1.3842	 -7.2955	 -1.2021	 -2.3039	 +0.8078
 -9.6335	-15.8584	+18.2496	 -3.7435	 +0.6576	 -0.2492
+333.7474	-112.5664	-92.1945	+13.6169	 -4.3559	 -3.3493
+16.7952	-29.1717	+45.9659	 -1.4209	 -1.9979	 +0.4611
 -9.6908	-35.0247	-10.6900	 -2.9474	 +2.0156	 -0.4722
 -0.7842	 -2.9257	-10.4439	 +1.3961	 +0.4317	 +3.2717
-59.9614	 +4.7561	+54.6307	 +0.1287	 +2.0059	 -0.7151
 -3.5046	 +5.7258	 -5.1588	 -4.6281	 -2.5931	 +0.3947
-22.8438	-11.0403	 -5.0696	 -2.5345	 -0.5176	 +2.6874
-14.6917	-29.8272	 -7.5229	 +1.0313	 +0.6310	 -0.1600
 +6.8181	+12.0142	 +0.2052	 -0.3769	 +2.1564	 -0.4170
 -4.3978	 +7.5322	 -4.1148	 -2.7294	 -0.4754	 +0.3563
 +2.4202	-10.6973	 -2.2421	 -1.0976	 +1.1417	 +0.4498
 -9.8440	 +1.9092	-17.5314	 +0.3067	 -0.7459	 -3.1865
 -2.6716	 -6.2004	 +2.4530	 +0.0898	 +2.3552	 +1.0603
 +0.5242	-13.0194	-17.1119	 -1.3819	 -0.6484	 -2.7249
 -1.3331	-14.7888	+15.3275	 -2.2914	 +0.3101	 +0.9766
+24.8664	 -8.3976	+16.3464	 -1.2451	 +0.7901	 +2.5234
-16.3072	 +2.2076	 -1.2603	 +2.0866	 -0.2154	 +0.7173
 +9.6330	 -6.9905	 +7.0505	 -0.5931	 +0.0554	 -0.8899
 -8.2242	+10.9045	 +7.8749	 +0.1266	 +1.1074	 +5.5463
+11.7578	+10.1791	-13.3993	 -3.2669	 -1.2282	 +2.5747
 -8.3364	 +8.3073	 -5.6177	 -0.4215	 -3.5327	 +0.8459
-13.0892	 +9.8250	 -2.3447	 -3.2767	 +0.8240	 +0.9035
-15.5978	 -4.8701	-15.0989	 -0.4151	 -2.0921	 +2.3057
 -7.4187	 -6.5127	 +6.9272	 -2.3410	 +1.1033	 -2.4010
 +9.5269	 -6.5131	 +6.1233	 -0.3459	 -2.5864	 +0.6254
 +1.4477	-18.0000	+22.1003	 +1.7098	 +1.0447	 +1.0748
-16.8420	 +0.4999	 +5.7583	 +1.1297	 -2.7699	 +2.7255
 +5.4935	 -6.1954	 +0.9920	 +1.1121	 -1.2655	 +3.7752
+21.9102	-16.6672	 -5.7914	 -0.3926	 +0.3970	 +1.3494
 -5.5706	 -1.3288	 -2.5861	 -1.6591	 -2.0604	 +0.7047
 +4.0138	-26.0209	-12.9483	 -0.4589	 -1.7665	 +1.5509
-18.0636	+37.4074	-24.2645	 +0.6870	 -0.7450	 +0.8123
 -4.3699	 +8.7727	 -3.5832	 -0.6963	 +4.7683	 +0.6621
-18.8127	-51.4587	+25.8190	 +1.4427	 -2.3524	 +0.9372
-29.6693	-10.0741	-10.0455	 +0.6900	 +2.5483	 -1.0497
 +6.6370	-21.7680	 +3.3491	 +2.6847	 -2.8998	 +1.7159
 -6.7967	 -5.3628	 -0.9545	 +3.0373	 +0.3262	 +0.8634
 -2.1024	 -6.6515	 -9.5818	 +1.4387	 +0.0556	 -1.0557
-340.6942	+54.7733	+139.6193	 -9.7568	 +1.5587	 +3.8300
 -3.4729	 -9.8544	 +2.0336	 +1.0685	 -0.4316	 +0.1355
 +8.4422	+10.4833	 -0.3517	 +1.9453	 +0.7870	 +2.6059
+32.5875	-10.0306	+13.2863	 -0.3777	 +0.9157	 -1.4728
 -4.9043	 +4.2827	-10.4958	 -4.7949	 -2.0025	 +0.7887
 -4.5193	 +8.0243	 +2.0092	 +1.6144	 -1.0651	 +1.8602
 +9.1221	 +5.1343	 +8.1113	 -1.0150	 -1.4640	 -0.2806
 +0.7206	 +9.4020	 -1.8874	 -0.0936	 -0.4584	 -0.7786
 +4.7287	 -6.5436	 +3.8880	 +0.1696	 -3.5429	 +2.3775
 -6.5739	 -0.5084	 -0.7318	 -1.3175	 +1.7285	 -0.1903
 +9.9594	+44.2602	 -6.1120	 -0.1525	 -0.8269	 +0.2519
 -8.5964	 -1.7590	 +0.3583	 +2.1887	 -0.7157	 -2.0054
+24.8231	+18.8575	+20.8431	 +1.0323	 +2.0204	 -0.9135
 -4.7073	 +9.9020	 +0.0604	 -0.4151	 +0.1674	 -1.7160
 -0.0805	 +1.3757	 +4.1118	 +2.6532	 -2.4578	 +3.4738
 +4.7868	 +3.5459	 +1.0546	 -1.3244	 +1.4311	 -0.7599
 +8.2155	+28.2647	 -2.7272	 -0.1050	 +1.4251	 -0.2682
-31.2647	-42.1468	+15.2169	 -0.9035	 +3.0130	 +1.0039
 -6.9059	 +7.6426	 -5.0102	 +1.3027	 +2.5641	 +3.4702
 -6.4296	-17.1557	 +5.8207	 -1.2641	 -1.4999	 -1.9525
+19.0391	 +2.9962	-44.9930	 -0.8644	 -1.9132	 -0.6915
 +1.0695	-25.7182	+18.7489	 +2.0957	 +2.0813	 -1.2342
+34.2511	+33.3963	-52.7818	 -0.4977	 +0.8405	 +0.4575
 -0.7444	 -3.0986	 -1.3131	 +0.1224	 +1.9563	 -0.0729
-17.7381	 +8.9753	-19.1036	 -0.9058	 -0.2017	 +0.0704
 -2.6153	 -0.1410	 +1.2756	 +1.4815	 -1.8956	 +1.9470
 -3.9770	 -7.1765	 -0.6506	 +0.3610	 +1.8436	 +0.6957
+23.4041	 -7.3347	-16.5351	 -1.0946	 +2.8566	 -1.6135
-36.2063	-12.2534	+34.0101	 +1.3369	 -2.6460	 +0.5026
 -8.2124	+21.7724	 -9.4444	 +0.4948	 +3.7193	 -0.0720
 +7.5944	 +0.5049	 -6.4583	 -1.0506	 -3.2296	 -0.6647
 +1.1411	-15.9548	 +2.0081	 -2.0427	 +0.4947	 -1.6150
 -2.0840	 +2.2199	 -3.9344	 -1.6078	 +0.2932	 +1.8695
 +4.4178	 -0.7466	-16.5514	 -3.3429	 +0.2160	 +2.9800
-14.1012	 +0.6655	-26.0608	 -0.5908	 +0.5848	 +0.8016
+106.0659	+10.3281	 -5.5371	 -0.9848	 +0.0650	 +0.9253
+11.3483	+18.2244	+12.8990	 +2.0906	 +0.9507	 -2.5687
 +7.9257	 -5.6901	 -9.3112	 +1.8798	 -0.8617	 -1.8487
 +5.1412	 +6.8377	 -6.8326	 +0.1348	 -2.0886	 +2.5797
 -3.1743	 -8.7244	 -5.3329	 -0.8218	 +3.8732	 -0.0782
-25.6888	+50.9996	+40.8330	 +0.0993	 +0.3005	 +0.6165
 +1.2306	 +9.2391	-15.8846	 +1.8557	 +1.0098	 +1.4592
-82.9814	-66.0241	-79.2930	 -2.3908	 -1.5180	 -2.5510
 +0.0181	-10.6214	 -0.6192	 +0.5290	 -1.3574	 -2.1339
 -0.0347	 -4.2869	 -0.8752	 +0.3369	 +2.8393	 -4.0715
 +1.3894	 +0.0157	 -3.9986	 +0.2528	 -0.4749	 -0.7326
 -9.2404	 -1.7431	 +2.0596	 -0.2385	 +0.3368	 -3.8826
-27.9132	-110.6323	+96.5520	 -0.2979	 -1.4869	 +1.9923
 -6.8424	 +7.1165	 +0.7553	 +0.5635	 +2.2419	 +2.5276
 -0.4344	 -6.2148	 -7.2276	 +2.3058	 +1.9804	 +1.4019
-14.0031	 -5.9621	-22.2143	 +0.7150	 -0.7735	 +1.0038
+163.1600	-212.3301	-134.0560	 +5.6011	 -7.4090	 -4.4761
 +0.5293	 +2.2572	 +4.6396	 -3.4458	 +0.0499	 +1.7064
+19.2939	 +8.6719	 +3.0186	 -1.4189	 -1.4014	 -0.4977
-13.9187	 +0.7368	 +4.7793	 +0.4659	 +1.5859	 +1.9790
+12.7566	-23.3346	 +1.9509	 -0.2977	 -0.3964	 +0.9971
 -5.4708	 +5.6157	-20.9142	 +0.4517	 +0.6789	 +3.3227
-22.4330	 +4.2766	+29.8610	 +1.2467	 -1.7455	 +0.1164
 +4.9643	 +3.0175	 -5.6595	 +0.2857	 +0.9937	 +2.5502
 -2.8008	 -8.6130	 +3.6424	 -0.7801	 -0.2971	 +4.6295
-28.4851	-37.8060	 +8.9855	 +2.5714	 +0.3836	 -0.2042
 +4.4928	 -8.8118	 -6.8692	 -1.9472	 +0.6036	 -2.1683
 -4.2002	-14.9601	 -7.0348	 +1.3476	 +0.5093	 +3.1956
 +5.4752	-13.0284	 -6.0248	 +0.3528	 +0.5736	 +0.1068
 -1.9565	 +5.2317	 -4.2809	 +0.4842	 -2.4647	 -2.4576
 -8.2573	 -1.2482	 -9.9912	 +1.5302	 +2.0842	 +2.9075
+29.7972	-48.1379	-29.2263	 -0.1011	 -1.0337	 +0.2954
 -3.8088	 -1.6301	 -3.4117	 +4.9795	 +1.3558	 +2.0746
-10.8479	 -6.3428	 -0.2551	 -2.4238	 +1.9720	 -1.6440
+31.8247	+87.9879	-25.1539	 +0.2208	 +1.6798	 -0.8653
-18.3815	+13.2650	 +2.9319	 +3.6332	 +1.3749	 +0.5871
 -5.9450	-63.4360	 +6.3382	 +0.8453	 -1.2232	 +0.4719
 -2.6662	 -5.2962	 -3.6867	 +2.2412	 -2.2427	 -3.9976
 +4.8310	 +6.7163	 +1.7582	 -1.6518	 +1.9678	 +1.3419
+1881.0236	-41.2324	+793.1747	 +0.2168	 -0.2336	 +0.0643
 -4.9937	 -2.2327	 -3.5267	 -2.4015	 +0.6931	 +0.3775
 -5.4779	-13.5444	 -5.9044	 +3.1360	 +1.0509	 -0.8206
 +4.3853	+15.1144	 -0.9887	 -1.6550	 -0.1986	 +0.8903
 +7.1969	-18.6093	+19.4480	 -0.3112	 -1.1602	 +2.7092
 -7.4669	 -5.4200	 +9.7005	 +0.6599	 +3.9107	 +0.5234
-76.7495	-88.7377	-61.6449	 -0.1132	 -0.5118	 +0.5084
 +3.5835	+18.4830	-18.9891	 +0.1504	 +3.4285	 +0.0619
 -3.6822	-66.2174	-24.5109	 +0.8582	 -0.4351	 +0.7995
-24.7948	-16.2320	-10.3716	 +2.6842	 -0.1157	 +1.4805
 -3.0503	 -0.9759	 -2.1528	 -1.7066	 -1.3562	 -1.9305
 +4.1916	+15.6780	 -5.9398	 +3.4517	 -2.9792	 +0.3553
 +5.8916	-12.9443	 +9.9224	 -0.6046	 +0.6807	 -0.8214
 -6.8334	 +6.6793	 -0.3557	 -0.7224	 +0.8326	 +0.7942
-11.5382	-13.2603	 -6.0200	 -1.3514	 +3.0890	 -2.5925
+61.0559	+120.0748	+26.9939	 +1.1902	 +2.8301	 +0.3146
 +4.7684	 +8.6760	 +3.5410	 +2.5629	 +2.1273	 +4.4744
 +0.0029	-11.5411	 +3.9864	 +2.0823	 -1.1647	 +0.1569
-14.4428	 -5.3180	 -1.5084	 -3.0227	 -2.3475	 -1.5325
 -5.7394	 +0.8456	+13.3688	 +2.7896	 -0.9875	 +1.6568
 -7.0453	 +0.8912	 -6.9481	 -2.1377	 -2.3524	 +1.6436
+18.9987	-24.4978	+17.3498	 -0.1139	 +1.7755	 -1.9239
+332.3956	-131.3679	-379.4954	+10.4399	 -4.1188	-11.3225
 +2.0386	+10.9057	 -2.0334	 -1.5689	 -0.1568	 +1.3829
 -4.0070	+24.9759	 +4.6786	 -0.0609	 +2.3791	 -2.9498
+14.8264	-15.3682	-22.8998	 -0.3183	 -0.6362	 -0.1453
 -3.0827	 +0.8581	-12.7865	 -1.9237	 +0.4190	 +0.0243
 +0.1193	 -9.1802	 -5.3912	 +0.5591	 -0.3552	 -1.6070
 -2.8642	-10.6421	 +3.4694	 +1.3335	 -3.2447	 +0.5604
+25.1781	-31.2604	-28.6409	 +2.5795	 -2.2435	 -2.7996
 -5.3928	 -2.1435	 +0.3903	 +0.9783	 -2.4769	 -3.5065
 -3.3293	 -7.3031	-13.5419	 -0.7956	 -1.2365	 +0.7019
-11.8109	 -4.0286	+12.5701	 +2.4127	 -2.8256	 +2.5348
-25.9890	-12.4463	+10.8020	 -0.7166	 +0.0366	 -2.8916
 -2.5137	 -6.9279	 -3.1174	 -2.4593	 +2.7313	 +2.1020
-90.8600	-78.7019	+93.8074	 +1.2498	 -0.6420	 +0.2614
 -0.1831	 -3.2727	 +0.3185	 -2.0970	 -3.3222	 +1.0760
-10.9439	 -7.9325	 -8.1899	 -2.4470	 +1.5596	 -0.4868
-22.2172	 +6.2672	-29.6363	 -2.0271	 +0.1303	 -1.3095
 +8.5948	-13.9525	+11.8012	 -0.4751	 -2.2010	 +3.0845
 -3.8178	 +3.0872	+14.1608	 +2.6396	 -1.8629	 -2.4958
+238.8325	-13.5178	+85.1814	 +6.7648	 -0.0906	 +2.6585
-21.1597	 +7.1324	 -7.7573	 +0.1921	 -1.3844	 -0.1761
-88.7759	-108.5117	+89.5312	 +0.7380	 +0.1107	 -0.4432
 -9.0672	-47.4187	 -9.4873	 -2.0501	 -0.8021	 +1.7453
 -2.8112	-29.0400	-26.2362	 -1.6557	 -2.0360	 +0.6483
-14.1648	 -0.4305	+31.4986	 -3.2211	 +0.7193	 -0.3878
+10.1720	-19.1882	 -0.6255	 -3.5390	 +1.1066	 -1.0172
 -4.4773	 -7.1014	 +4.3493	 -0.8213	 -2.5803	 +0.6358
 +1.2670	 -9.3555	-12.6705	 -0.0193	 +0.1977	 +1.5584
 -5.6893	 +6.9942	 -6.9260	 +3.1748	 +1.5257	 -3.6245
 -0.9127	 -5.9966	 +1.0359	 +4.6454	 -2.7436	 -0.3103
 +3.6025	-12.0548	+10.3489	 -1.0764	 -2.2755	 +1.3510
+10.0138	-17.5144	 -9.7103	 +1.4440	 +2.3676	 -1.2496
 +3.6219	+35.7169	 +8.6950	 +1.9517	 +2.1721	 +2.9078
-12.4507	 -1.2364	 +6.9277	 +2.7120	 -1.6736	 +1.8118
 -0.8140	 +5.1526	 -2.0937	 +2.7623	 -0.8842	 +1.0511
 +1.3086	 +2.3579	 +3.8175	 +0.4040	 +1.1273	 -0.3333
 +4.5001	 -3.8555	 -7.4093	 +3.3222	 -2.0007	 -1.6681
 -3.3290	 +0.3033	 -9.2428	 -2.3135	 +2.4661	 +2.5501
 -3.8766	 +9.7475	 +1.8503	 -1.2401	 -4.3780	 +3.5624
 -6.8417	-19.7094	+19.3494	 -0.6352	 +0.6079	 -2.1035
 -6.2506	 -0.5527	 +9.1420	 +0.9445	 +5.6915	 +1.2753
 +2.4541	 -4.2961	 -2.7632	 -2.7313	 +2.4170	 -2.2724
+13.4527	+16.7119	-43.5694	 +0.4179	 -1.1135	 +1.1481
 -5.0007	 +9.9316	 +2.6381	 -0.3494	 +0.7902	 +2.9153
 -4.2892	 -7.3486	 -5.7608	 -0.6437	 -1.8291	 -0.1969
+28.2771	 -7.3998	-12.0791	 -2.8142	 -1.6460	 +0.0956
 +1.2259	 +4.5496	+13.4675	 -2.0091	 -2.0118	 +0.0609
 +0.1376	 +0.5053	 +0.7639	 -0.5375	 +1.1408	 +1.0827
 +0.4600	 +4.6560	 -4.2148	 -1.6623	 +0.7903	 +1.2076
+12.8904	 -1.1967	 +0.1482	 +1.5820	 -1.7154	 -1.0711
-128.8429	-81.9428	+207.5525	 +0.6832	 -0.6057	 -0.0047
 -4.9130	 +2.5498	 +4.5528	 -1.6673	 +1.6613	 +2.5042
 -4.0954	-10.8589	 +6.2651	 -0.7576	 -0.0147	 -0.4155
 +5.4120	 -7.9510	-17.2039	 +2.6903	 -0.1424	 -0.8216
 -6.8286	 -7.3204	 +4.2750	 +1.9936	 -0.2456	 -4.4218
 -3.7045	 +0.6551	 +5.9978	 -0.6454	 +0.9977	 +3.5122
-36.5709	+19.1535	-45.4419	 -1.0741	 -2.0193	 +0.5326
 -7.2812	 +7.7323	 +0.1079	 +0.9758	 -2.1698	 -0.5320
-17.0813	 +1.6843	 +2.4118	 -0.3311	 -2.5980	 +3.6203
+26.4854	 +5.9320	 -5.6980	 +1.1144	 -0.3027	 +1.7520
 -6.4278	 -0.2800	 +8.8743	 -1.6190	 -1.3871	 +2.3460
-11.7086	 +4.7850	 +2.6386	 +0.7563	 -1.1044	 +0.3436
 +4.3121	 -8.1386	 -2.4152	 +2.1863	 -0.1270	 +1.8670
 +2.7258	 +3.7592	 -5.1272	 +2.9436	 -0.7785	 +0.1476
 +3.6306	+21.0881	 -5.3253	 +0.5679	 +0.2688	 -0.6051
 +0.6836	 +3.1720	+11.5402	 -0.1383	 +3.3993	 +1.2725
 -5.2278	 -2.7125	+10.6862	 -3.9089	 -0.0139	 -0.2994
+13.8293	 +1.8075	 -6.5737	 +1.5813	 +0.6022	 +0.5068
-18.7512	+86.0185	-20.8201	 -1.9390	 +9.9618	 -2.4626
 +0.0944	-10.1823	 +6.5805	 +0.3975	 +2.3425	 -1.5087
 -1.3631	 +5.5579	 +3.3140	 +1.4784	 +0.8928	 +3.3624
+22.6655	+22.8731	-25.2202	 -1.6104	 -1.5411	 -1.7928
-14.9551	+13.7758	 +4.0806	 -2.4194	 +1.7815	 -0.3627
+11.6849	 -2.7100	 -0.0264	 -1.6452	 -1.5787	 +1.8470
 +5.2185	-66.7147	-37.3283	 +0.8031	 -7.7425	 -4.2994
 -4.1960	 +5.8129	 -7.5452	 +2.7169	 -3.4216	 -3.1083
-13.5576	-22.1946	-20.4198	 +2.2900	 -0.5456	 +0.6178
-11.7703	+13.6251	 -6.9539	 +1.7929	 -1.0524	 -2.2832
 +7.2938	 -1.0054	 -5.0528	 -1.6820	 -1.4489	 +1.4954
-28.7049	 -8.7874	+34.8011	 -1.5113	 +0.4170	 +1.2523
-21.8036	-47.2691	+46.1810	 -0.3647	 -0.8719	 +0.0341
 -1.5784	 -8.1108	 -3.5700	 +2.8672	 -0.8469	 +0.2029
 +9.4865	-10.9618	 -7.1773	 -0.6228	 +2.9230	 +0.9500
 -1.7675	 -2.8706	-12.0699	 +2.1158	 -1.0829	 +0.3005
-17.1518	 -1.3090	 -1.1316	 +4.0087	 +0.7916	 +0.5099
-32.5749	+41.4227	+24.0828	 -2.3348	 +0.4432	 +1.3871
-15.1315	-10.7539	 -1.2103	 -0.7696	 -1.5258	 -2.8403
 -1.3362	 -6.7652	 +4.2182	 -3.2099	 -0.8075	 -0.7214
+19.6755	-11.8809	 +0.5292	 +0.3340	 +0.3466	 -3.9264
+14.3093	+25.4183	 -0.2278	 +0.1640	 -1.4952	 +0.8579
 -7.9266	 -1.1868	 +0.6595	 -0.2159	 -0.1115	 -0.4775
+12.7576	 +6.0121	 -1.2265	 +0.0016	 -0.8481	 +1.9524
 +2.3340	 +5.7252	+10.3919	 -0.2812	 +2.8306	 -1.4792
 -2.6458	 -8.3410	-15.8424	 +0.6646	 +1.5888	 +2.1138
 -5.0811	 -6.5943	 -1.7808	 -0.5286	 -5.7123	 +0.3789
 -4.8700	 +2.3939	+21.6913	 +0.1771	 +2.8451	 +1.4431
-28.7328	 -9.5136	 -1.9748	 +0.3055	 +1.0267	 -0.0577
-18.8678	 -9.7586	-16.5967	 -2.1887	 -1.3486	 +2.6513
+12.8805	-37.2878	+29.7213	 -1.2608	 -1.9737	 +1.5638
 -0.8702	 +3.4157	 +1.4260	 +3.4381	 -0.6295	 -0.0006
 +1.3733	 +3.5905	 +1.2736	 -3.5568	 +1.6124	 +2.6806
 +6.8199	 -0.1555	 -4.6429	 +2.4887	 +3.8127	 +0.7220
-13.3093	 +7.5178	 -2.5129	 +0.7725	 +0.4099	 -2.0119
 -2.0810	 +1.7312	+13.2636	 -2.6024	 -2.7993	 -0.2896
+22.1520	+15.8248	-17.5929	 +0.7035	 +1.3759	 +0.7012
 +0.6182	-14.7571	+10.1490	 +1.8275	 -1.7433	 -3.4554
 -7.6991	 -1.6002	+14.6624	 -3.8557	 +0.6119	 -0.2260
 -0.9709	+16.0354	 -7.2328	 +1.6655	 +1.1597	 -2.0048
+46.6141	+35.7464	+102.9218	 +1.3235	 +0.3372	 +2.4332
 -0.2605	 -9.2420	 -4.0917	 +0.9009	 +1.9316	 -3.0103
-11.1588	 -3.3603	 -0.2661	 -0.4728	 -1.3881	 +3.1702
-11.6762	-12.2219	 +6.2737	 +0.1017	 -0.6084	 -2.3013
 -3.1472	+12.4055	-11.4785	 -0.2313	 +0.6979	 -0.4728
 -4.6017	 +8.1921	 +4.8404	 -0.1681	 +0.6929	 -4.4313
 +2.2403	 -4.8554	 -0.4598	 -2.0014	 +2.7984	 +4.4431
+16.1298	 -0.2092	 +0.5987	 -0.4369	 -0.9319	 -2.0033
 -8.0272	 +9.8059	 -8.6803	 +3.1946	 -0.0451	 -0.0745
-218.4915	-34.9469	-44.1130	 -7.1208	 -1.0641	 -1.7671
+10.0766	-16.1075	+11.9469	 +0.0148	 -0.3684	 -2.2363
 -4.8159	 -2.0729	-11.1715	 -1.7273	 -1.1111	 +2.3435
+38.0777	+13.0754	 -1.7971	 +1.6446	 -0.6274	 -1.0000
 -5.8494	 +4.1467	 +4.3120	 -0.7472	 -2.1612	 +5.3284
-12.4453	-11.1047	 +0.5762	 +0.6192	 -0.7890	 +2.3187
+66.6361	-25.9017	-59.1236	 +0.1230	 -0.3413	 -1.7271
-13.1450	 +2.9602	 -9.0824	 -0.8609	 -2.0270	 -0.3091
-31.9867	+26.8156	-21.7285	 +1.5546	 -0.0840	 +1.3601
 +7.3282	 +0.6928	 +7.6274	 +0.2482	 -1.3626	 -1.8122
-11.0632	+13.2992	 -3.6507	 -2.1320	 +1.4172	 +1.2217
-18.4997	-11.0746	 +1.0517	 +1.0300	 -3.0404	 +0.0625
+18.1525	+13.9923	 +2.9104	 -0.9408	 +1.1106	 +0.7099
-10.5907	-18.0881	 -3.0335	 -1.7960	 +1.1278	 -1.1726
+10.1295	+11.8889	 -9.4341	 +1.0929	 -3.5966	 +1.6076
-28.4481	-24.7489	 +7.7788	 -1.1281	 +1.1483	 +1.7464
 +5.7133	-67.0712	+41.6445	 -0.8582	 -0.4165	 -1.5550
+10.3854	 -2.2668	-10.7658	 -0.6692	 -0.4582	 -0.3131
 -7.8210	-10.3846	 -1.9166	 +2.5582	 +1.1449	 -2.1771
 -0.8980	 -8.5201	 +0.8177	 +0.2112	 -0.3097	 +1.0817
 +5.7714	 +1.1791	 +4.0256	 +2.6526	 +3.2887	 +2.6556
 -6.5684	-13.6450	+11.2680	 +0.9075	 -0.9716	 +1.8955
 -2.2692	 -2.4285	-18.3479	 -1.8199	 +1.0485	 -3.5451
+10.9030	 -4.4176	 -6.5929	 +0.1480	 -4.0211	 -0.5516
+17.7540	-28.4316	+25.8285	 +0.0087	 -0.3145	 +0.1109
+18.1814	-28.4793	 -6.5666	 -1.6763	 -0.4215	 +1.2784
 -7.6000	 -0.5429	 -9.2703	 -0.5914	 -1.5222	 +2.3792
-20.8449	 +1.3383	+44.5932	 -2.4066	 +1.6413	 +3.4341
 -0.8298	 -7.2309	+12.0521	 -0.6545	 +0.4808	 +2.8922
 +1.2403	 -3.0695	+10.8467	 -0.4500	 +2.2504	 +1.2827
 -9.9462	-13.6806	 -2.6897	 -0.7544	 -1.8505	 +0.2583
 +5.5793	 -5.4790	 -3.2393	 -1.2545	 +0.3461	 -1.1366
 +2.6501	+13.2548	 +1.5789	 -1.2868	 -2.1619	 -1.0785
 -2.0490	 -0.6991	 -3.1706	 -3.1344	 -3.1645	 +2.6508
+17.0248	+52.6269	 -3.7414	 +0.4010	 +0.0824	 +1.3351
 -5.3795	-21.3192	-16.1234	 -0.6495	 +0.4387	 +1.1218
 -9.9896	 +5.9747	-10.8009	 +0.5371	 +2.0892	 +2.6557
 +0.4531	 +2.6829	 +3.9141	 +4.2214	 +2.1034	 -3.6440
 -8.6812	 -9.2980	-16.7118	 -0.4932	 +0.5130	 +2.5521
-13.1751	-11.2463	 +7.4718	 +0.9792	 -0.5161	 -0.0625
 -0.7070	 +2.9641	 +2.8695	 +2.6293	 -1.3379	 +2.8463
 +4.2858	 +0.5772	 +5.3792	 +1.2160	 -3.5787	 -3.5527
+29.9018	+18.1566	-17.1823	 -0.3881	 +1.0790	 -1.9695
 +4.7142	 -2.2889	 -4.0965	 -0.2398	 +2.1773	 +1.0003
 -6.7382	 +7.0056	 -0.4876	 -2.2160	 -0.4961	 -1.7306
-116.7588	+167.9893	+23.9402	 -2.1123	 +2.9752	 +0.4982
 -0.8563	 +2.1547	 -8.8647	 +2.6216	 -1.4471	 -1.4760
-21.5988	 +9.2718	-21.1726	 -6.0156	 +1.3148	 -7.4565
+13.2806	+14.4397	-19.4299	 +1.4577	 +1.9259	 -3.3829
 -1.7811	+28.0872	+22.5388	 -0.9466	 +1.3513	 +0.3947
 +2.7411	 +6.5552	 +6.1333	 -0.1687	 +1.2792	 +0.1227
 -1.7980	 -7.6234	 -5.1524	 +3.2364	 -1.3629	 +0.7898
 -0.8106	 -0.0816	 -3.1006	 -1.7613	 -1.1256	 +1.0388
+22.9611	+39.6193	+56.1548	 +0.3434	 -0.0215	 +0.8635
 -5.1184	+61.4615	 -0.4470	 +0.0685	 +1.0403	 -0.3459
 +2.1548	+15.8569	 -2.4619	 +1.0505	 +0.0477	 +3.1236
 -1.5149	 -0.1469	 +6.0196	 +1.3541	 +0.6537	 -1.8821
 -8.6516	 -5.9658	 +7.5500	 -1.6980	 +0.7022	 -0.3578
-18.6813	+29.5499	 -0.1638	 -0.8084	 +1.3171	 -0.6213
 -5.2353	+28.3312	 -0.1003	 -0.2678	 +2.5674	 +0.1722
-15.3392	 +9.4799	 +2.8125	 +0.5344	 -0.2526	 -2.1543
-100.0331	+81.8743	-57.0102	 -1.9799	 +1.4419	 -0.8121
 -0.2966	 +8.7892	-16.7004	 +0.9909	 -0.8713	 +0.0259
+14.6843	+11.5108	-11.3153	 +2.0093	 -1.7738	 -4.1927
 +0.4138	-26.0754	-21.2800	 +0.9752	 +0.4285	 +0.5405
-35.9923	 +2.4982	-67.9123	 -0.9293	 +0.7518	 -2.7358
+16.0381	-15.2656	-12.3458	 +0.3773	 +0.0077	 -0.7515
 -1.0983	-12.6589	 -9.6659	 +0.4975	 +1.0790	 -0.4204
-109.5879	+73.8743	 -6.0158	 +0.4864	 +0.1903	 +0.3894
+11.4253	+10.7490	 +9.1609	 +0.0282	 +0.3677	 -1.1517
 +2.5399	 +7.8730	 -7.7669	 -1.3075	 -2.3084	 -0.1294
 +4.0610	 -0.1980	-15.3448	 +0.6798	 -1.3784	 +0.4115
-10.4477	 -5.1342	-10.4062	 +0.7099	 +0.1996	 -0.1594
 +7.8010	+27.1971	+11.7089	 -0.0801	 +2.2877	 +0.6636
+11.6791	-21.5346	 +4.1634	 -2.1346	 -1.5940	 +0.5299
 +6.1786	 +3.8492	 +4.4634	 -0.3171	 -0.2575	 +3.9825
 +4.0132	 +6.6108	 -9.9771	 -1.0853	 +3.7238	 -2.2687
-18.2916	-11.6547	-30.5847	 -0.0674	 +1.6383	 +0.4762
-24.5201	 -6.6339	 -7.1184	 -1.3703	 +1.0513	 -0.5797
 -6.3165	 +5.0951	 -7.8568	 +1.5627	 -3.0026	 -5.4277
-11.7733	 -0.9833	 +1.9484	 +0.3741	 -2.6756	 -1.0630
 -6.0948	 -0.4662	 -0.5455	 +2.0180	 +3.2993	 -1.5752
+33.5095	-32.5540	 -2.6964	 -0.3822	 -0.1529	 +0.4648
 +3.4182	+21.6401	 +6.1155	 +0.5736	 -1.0816	 -2.6697
+15.4623	+35.4362	 +5.7001	 +1.2748	 +2.1155	 +1.2372
 -3.5284	 +1.0058	-21.6723	 -2.7937	 -0.9925	 +0.9540
 +2.3688	 -8.9044	 +7.6677	 -1.8298	 -1.7794	 +0.5461
+42.3901	 +4.8767	 +0.7490	 +0.3017	 +0.4843	 -1.4675
-10.2307	 -8.7246	 +0.6719	 -2.6621	 +0.7299	 +1.2992
 +6.7948	 +1.8462	 -3.8441	 -3.2636	 -1.4628	 +3.0415
+25.7264	 -7.8955	+38.3762	 +5.1399	 -2.2216	 +7.0032
 -3.7031	 -2.3564	-10.3006	 -0.1903	 +2.9833	 -2.1204
 -6.1017	 +0.9356	+11.3393	 -1.0745	 -0.6016	 +3.3519
 +8.8112	-18.1347	 -1.4951	 -0.3432	 -2.2755	 +1.1477
-58.8844	+44.1908	+24.7480	 +1.0431	 -0.0090	 +0.0267
 -1.2611	 +3.4355	-13.0768	 -2.3137	 -0.2599	 +0.8830
 +5.9299	+110.3815	-12.8474	 +0.9983	 +0.9016	 -0.5258
+17.7269	+12.6342	 +0.1318	 +2.5167	 +1.7251	 +1.3266
 -2.5406	-15.0415	 +3.1617	 +0.5459	 -1.5492	 +2.0572
 -5.9513	 +4.0994	 +3.2890	 +1.1546	 -0.0218	 -0.7260
+27.3517	+22.4421	 -6.6934	 -2.0919	 +1.5222	 -2.3657
+15.9224	-21.4863	 -2.5010	 -1.0085	 +3.5791	 +0.0283
-12.5573	 -4.4045	 +3.9796	 -2.3381	 -1.2702	 -1.2059
 -4.1620	 +7.0273	+11.6299	 -3.3166	 -3.5511	 -0.8431
 -2.2899	 -0.4321	 +1.0389	 -0.0107	 +6.5131	 -0.4939
-10.2823	 -1.8796	 -6.8649	 -3.5399	 -2.6907	 -1.5869
-28.5049	+26.7247	 -2.6023	 -2.3875	 +2.1618	 -0.7404
 -2.5720	 +9.0235	 -4.1099	 +0.7052	 +0.0716	 -3.7417
 -9.7687	 +1.0468	 +2.6549	 +2.8642	 +1.4978	 -1.2701
 -3.5868	-12.4558	-20.4223	 -0.6588	 +0.3918	 -2.0227
 -6.4267	 -8.5056	 +8.5769	 -2.8267	 +2.5752	 -2.5964
+12.6811	-15.5721	+20.1185	 -0.2523	 -2.6778	 -0.9968
 -0.4996	 +1.5894	-10.5861	 -0.2998	 +0.3674	 -0.7524
-338.8084	+78.6347	+120.8425	-13.5356	 +3.3648	 +5.2556
 -9.4583	-67.5859	+25.9928	 -1.2589	 -3.5750	 +1.3948
 +5.0916	 +9.1011	-17.5138	 +1.3798	 +1.3148	 -0.6357
-16.0754	-27.6272	 +4.9485	 +0.4297	 +0.6138	 -1.3852
+10.4465	 +2.2537	 -3.4645	 +0.5731	 +0.2962	 +0.7944
+10.4343	-13.0458	 -3.6320	 +2.9686	 +0.6842	 +0.8064
 -5.8388	-10.7341	 -4.1890	 +0.1976	 +3.9672	 +1.0953
 +4.3281	 +5.9030	-16.3927	 +2.0564	 +0.2689	 -2.8311
-17.3533	-10.0432	+10.1868	 +2.4962	 -1.4704	 -1.8112
+28.8479	 -2.4039	 -3.4205	 +1.0280	 -1.4460	 +0.4455
 -0.1926	+14.3582	 -3.4706	 +2.1070	 +1.6268	 -1.9167
 -2.3536	 -4.4347	 +8.2046	 -0.0360	 +0.7340	 +2.6076
+10.4434	 -3.6310	 +1.8276	 +3.5254	 +1.4798	 +2.2019
+20.6453	-23.8624	-17.6633	 +1.1524	 -2.1004	 +1.4655
 +7.4278	 +5.6171	+13.1144	 +0.1839	 -2.0983	 +2.1951
+22.2284	 -4.5993	 +0.1056	 +0.9881	 -2.6999	 +0.3782
 +3.9959	+16.7501	+15.6586	 -0.8963	 +0.0533	 -0.4425
+28.5787	 -9.5189	-11.9234	 +0.0461	 -0.1105	 -0.6837
-26.4969	-25.0333	 -7.5978	 -1.5692	 -0.6556	 -0.1063
 +4.0215	+15.7163	-22.3270	 -0.5675	 +1.4535	 +2.3452
 -8.0901	-11.8533	-10.8489	 -2.6062	 -1.9139	 +2.8757
-37.7918	+26.4254	+28.6060	 -1.6578	 +0.7075	 -0.6289
+30.2975	+29.2791	-38.8293	 +0.3963	 +0.4763	 +0.9166
+13.0883	 -8.5345	 +6.1441	 +2.3889	 -1.8068	 +1.2364
-15.6542	 -2.8044	 +2.5883	 +1.8324	 -0.8869	 -0.6737
-27.9557	 +9.8342	-20.9486	 -0.1549	 -0.5831	 -1.5071
+17.9594	 -9.5183	 +0.0547	 +0.1762	 +0.8366	 +0.7528
-10.8827	 -9.8523	 -3.0711	 -1.5221	 -2.0524	 +0.5125
 -0.4162	 +0.5719	 +9.7121	 -1.1069	 +0.0542	 -0.4379
 -0.0146	 +1.9116	 -6.9367	 -2.2929	 +2.8348	 -1.9448
-11.2932	+12.0750	 +4.2880	 -0.4542	 -1.6378	 +3.7045
 +3.2484	+10.0326	 +0.9304	 +1.0449	 -0.7064	 -2.5716
-11.9830	+10.3938	 -1.3543	 +2.6131	 -2.2710	 -1.8348
+16.8780	-41.4089	+20.1472	 -1.1900	 +0.7220	 -1.0541
-19.9185	-10.6277	-19.9941	 -1.7673	 -1.2989	 +0.5531
 -5.7653	 +4.4707	 +9.7773	 +1.7685	 -1.9634	 -0.5425
 -2.5186	 -4.7847	 +5.2783	 -1.6835	 -1.3685	 -2.1294
 -5.0624	 +3.9078	 -3.3795	 -0.2636	 -0.7813	 +3.9466
 +4.4852	 -3.3798	 -2.9407	 +1.5301	 -1.7599	 -0.3752
 +8.6758	 +1.3167	+21.7132	 -0.3568	 +0.6974	 +3.0690
-24.7100	-12.3579	-14.2219	 +0.3350	 -0.6462	 +0.6525
+129.5555	+55.6983	-11.4850	 +4.8569	 +2.2646	 +0.1726
 -5.8174	-11.6184	 -9.2393	 -0.2641	 -1.7119	 +2.7974
-10.8046	+29.7616	 -1.2810	 +1.6388	 -0.6051	 -0.5719
+14.7409	-12.6848	+13.8182	 -1.5299	 -2.3699	 +1.9716
+13.7110	-37.6586	 +4.9695	 +0.9271	 +0.2818	 -0.2218
+10.8946	 -9.1527	 +8.3376	 +1.2103	 -0.5177	 +4.9933
 -6.0615	+31.3129	+15.2155	 +0.5868	 +2.4807	 +0.5598
 -5.4796	 -0.4792	 +6.6099	 +3.4863	 -1.6309	 +2.0334
 -1.0733	 +2.4866	 -0.9232	 +1.2526	 +0.9639	 -2.0172
 -4.7162	+75.8513	-39.8807	 -0.8240	 +4.1889	 -2.1722
-11.9042	-13.7873	-27.0514	 -2.1962	 +1.7178	 -0.8770
 -4.4736	 +3.5502	 -7.0492	 +1.3773	 +5.1413	 +0.1596
 -7.4402	-10.5879	 -8.8184	 +1.0261	 -2.6434	 -3.0248
 -2.7542	-11.7658	 +3.2324	 -0.4325	 -2.9860	 +0.4018
 -8.9096	 -7.9505	 -2.0043	 +0.9932	 +0.8173	 +3.0702
-10.2651	-18.9896	 +8.4866	 -0.9070	 +1.4462	 -1.6374
 -4.8522	 -7.6462	 +2.2554	 +0.5646	 +1.6215	 +4.4792
+19.5482	+16.8412	 -3.3075	 +1.9386	 -0.0173	 +1.8832
+14.8171	 +9.6443	 +5.0973	 +0.7798	 -4.1234	 -1.7541
 +7.6878	 -1.6391	-17.3453	 +2.6038	 -1.3055	 -2.2892
 -2.3697	 +6.9464	+10.2298	 +0.1682	 +0.1374	 -2.5327
 +0.4200	-16.4183	 -8.5070	 +0.2882	 +1.1248	 +2.7509
 +5.2476	 -7.7242	 +5.8465	 -1.9797	 -0.4793	 -0.3135
 -4.6087	 -0.0855	 +2.6309	 +1.0281	 +2.0807	 -6.4680
+10.7155	 -7.3276	 +9.9393	 +1.8267	 +0.6118	 +0.4895
 -8.6462	-15.0553	 +5.8544	 -1.4855	 +2.7702	 +0.1444
 -8.7550	 -2.6804	 +2.4012	 +3.1253	 -2.6302	 +3.4357
-10.4804	+10.4725	-23.2154	 +0.4372	 +2.9728	 +2.0137
 -5.7964	 -2.5299	 -3.5746	 -1.4117	 +1.9894	 -3.6049
+49.9480	+57.7097	+46.5600	 +0.8162	 +1.2701	 +1.5445
+13.1691	 -2.4795	 +5.3724	 -1.5559	 -1.0547	 -2.9070
 +3.2040	 +3.0891	-16.6459	 -2.3743	 -0.3388	 -2.4926
-15.1294	+26.2837	 +3.7220	 -1.2309	 +1.0535	 +0.4754
-10.9173	+25.4799	 +7.3167	 +2.1098	 +1.5261	 -2.4606
 +1.5014	 +1.2652	 -6.6344	 -2.2430	 +1.8426	 -1.7372
 -2.7956	 +2.7404	 -8.3786	 -2.6499	 -0.7587	 -2.2106
 -5.8858	 -5.4973	 -7.9092	 -0.4685	 -1.7698	 +1.9815
-20.4631	+10.3734	 -1.6843	 +2.1850	 -0.2128	 -1.0783
 -8.7454	 -2.4273	 -4.2926	 -0.3821	 +1.1197	 -1.3476
 +0.4124	 +3.8851	 -4.9023	 -0.3987	 -1.3439	 +0.1493
-10.3466	 -4.3212	 -2.8954	 +0.3201	 -3.9201	 -0.1262
 -8.7058	+12.6179	 -9.1620	 -0.7040	 -3.2316	 -2.0853
 -6.2355	 +5.0737	 -1.0727	 +1.4172	 +0.2718	 +2.7510
-421.1341	-127.9925	+351.0391	 -9.3367	 -2.8063	 +7.9099
 -5.5829	 +0.6872	 -3.3183	 +1.3513	 +4.6433	 -1.7388
 -2.9867	 +3.5505	 +5.3101	 +0.3185	 -1.9712	 -3.2803
 +1.4099	-16.4446	 +9.0155	 +2.5323	 -0.7345	 +1.1917
 +1.9130	 +3.0241	+11.1910	 +0.3157	 -0.6920	 -3.2801
-33.7132	 +8.3839	 +6.7048	 -0.1858	 -0.6343	 +0.2187
 -1.8984	-19.1994	 +6.4658	 -1.4600	 -2.4536	 -0.7905
 +5.2746	 -0.9679	 -4.5892	 -1.5850	 -5.3212	 +0.2871
 +2.2949	 +0.2979	 -2.7446	 -2.4627	 -0.0569	 +1.8386
 -5.5338	 -0.8625	 -8.4685	 +1.3696	 -3.3382	 -4.5082
+13.4513	 -4.3040	+25.4775	 -3.3139	 +0.1015	 +0.2053
+19.1404	+30.3987	-20.7272	 -0.0216	 +0.9460	 +0.3034
 -5.2108	 -6.4251	 +0.2047	 +1.9222	 -2.6970	 +0.5183
 -0.2484	 -5.0201	 -0.8984	 -0.4844	 -0.5185	 +1.5840
 +6.9275	 -0.3292	 +4.2897	 -0.4906	 -0.9228	 +1.9873
 +0.3012	 +2.6114	 +6.4940	 -0.5971	 -4.5274	 -0.9385
 +5.2857	+21.6013	+21.2828	 +1.7944	 -2.3258	 -1.0842
 -6.3352	-13.6015	 -0.1217	 +1.0044	 +0.1731	 +1.8728
-11.7691	-33.1856	+14.3926	 +0.2697	 +2.1238	 -2.5804
 -2.3829	 -5.7856	 +0.9966	 +0.7805	 -0.3350	 +1.5678
 -4.9013	 +6.2300	-32.9510	 -0.6313	 -0.0852	 -0.7158
 -8.9850	 +2.7029	 +3.7715	 -1.1148	 +2.6529	 +2.4566
-13.8091	 -1.0949	 +6.6753	 -3.7776	 +0.4657	 +0.1277
-57.9547	 +6.0950	-34.2682	 -0.7478	 +0.1618	 -1.5686
+77.8163	-45.0757	+29.6025	 +1.1654	 +0.6246	 -0.6226
+73.9079	 +8.7010	-54.4943	 -1.5004	 -1.3187	 -1.2322
-37.5663	+18.1134	 -7.8276	 +1.5563	 +1.7466	 +0.5336
+14.1826	-15.6745	 +1.2674	 -4.1082	 -2.4983	 +1.6042
-15.1910	 +6.5618	+11.2732	 +0.4174	 +0.0794	 +0.1577
 +7.4456	-15.0911	 +3.3156	 +3.0920	 +1.3072	 -0.0228
 +1.6127	 -7.8820	+63.3587	 +0.9319	 +0.0930	 -0.8483
+20.4713	+83.1683	 +9.8653	 -0.2000	 -0.1203	 +1.5734
-57.4658	-16.9303	 +0.6225	 -0.0554	 -0.3982	 +1.3752
-25.6753	 +4.7697	 -0.7129	 -0.2220	 -2.3189	 -2.1923
+21.9913	-12.0588	 +7.6928	 +1.0796	 -0.6475	 +1.3268
 -6.2064	-10.8992	 -3.8177	 -3.6715	 -1.9796	 -1.0095
+13.3022	 -9.8546	 -0.3684	 -1.0934	 +0.6962	 -2.2126
 -5.7907	+16.1360	 +4.3428	 +0.6140	 -1.6528	 -1.9139
-12.8031	 -7.0261	 -5.8002	 -1.2730	 +2.5891	 +2.3594
 +4.4884	-15.1544	 -1.6170	 +0.1506	 +1.6025	 +0.7076
-19.6259	-23.6020	+25.1522	 +0.3550	 -0.6720	 -1.0354
 +6.8317	 -5.8362	-15.1617	 +1.3122	 +2.5623	 -1.8293
-32.8349	 +2.5680	 +1.1136	 -1.8223	 -0.7868	 +1.6328
 -2.9061	 -4.2274	 +1.5730	 -1.8480	 +2.6338	 -2.5973
 -1.5568	-10.4681	-31.0171	 -0.2608	 -0.5172	 -2.7664
 +4.9122	-11.2006	-11.9005	 +1.2979	 -2.1423	 -1.4640
 -5.5846	 +7.2110	 -1.8268	 +1.3584	 -2.7480	 -1.0091
+16.6021	 +0.2598	 -0.5830	 -3.4083	 +1.3903	 +0.2078
+22.8282	-11.7597	-69.3502	 +0.9160	 -0.6969	 -2.0704
-10.2481	+20.0476	 -8.6505	 -0.0549	 -0.6529	 -1.1806
 -4.3747	-14.8656	 -5.4053	 -0.4610	 +0.6754	 +2.1345
 +5.1097	-12.1090	 -6.4932	 -0.6649	 +0.4548	 -1.5026
 -5.4206	 +3.6735	 +1.2954	 +2.9378	 +4.2019	 +2.3946
+62.5738	-28.3878	-34.5960	 +0.1706	 -0.4702	 -1.0439
 -0.3932	+11.8265	 +3.0422	 -3.6687	 +1.8915	 -0.4062
 +0.3229	+11.0644	 +5.9820	 +2.8544	 -3.8160	 -0.6036
 -9.2677	 -9.9657	+16.8592	 +1.0122	 -2.7999	 +5.1740
 -6.0280	 -4.3967	 -7.5953	 -2.2505	 +3.7589	 -1.1676
+16.3953	 +4.0728	+28.0203	 -0.1381	 -2.9789	 -2.0781
 -7.4808	+18.2497	-33.1270	 -2.3107	 +1.2100	 -2.1522
 -0.9944	 -4.8674	-11.5566	 -1.3813	 +3.5791	 +1.9903
+22.1596	-28.3366	-55.9527	 +0.3395	 -1.8654	 -1.1288
 +8.9487	-70.7708	-28.6394	 -0.4297	 -1.1567	 -0.2500
 +4.7873	 -7.4943	 -2.5691	 -1.5687	 -1.3083	 -0.3691
+10.0817	+19.5968	+11.0575	 -2.2822	 +1.0254	 -0.7563
 -3.6446	-10.1814	-11.3429	 +3.6869	 -0.3802	 -1.6442
 +1.8655	 -3.2458	 +3.5168	 +4.9661	 +0.2920	 +2.1547
 -3.2422	 -4.1287	-12.8484	 -0.2615	 +0.1593	 +1.7332
 +1.3614	-23.7290	 -8.6566	 -2.2517	 -1.8734	 -1.5013
 -9.8807	-88.2857	+110.2931	 -0.3019	 -0.9426	 -0.4670
 -3.7067	-28.6687	+19.6739	 +2.5408	 -3.0958	 +2.1051
 +5.9139	+20.6581	 +2.4424	 -1.2855	 +2.6840	 +1.8361
 -2.5806	 -6.1287	-17.0397	 +2.6214	 -0.0762	 -1.0825
 +7.7018	 -7.1746	-10.3846	 +0.7011	 -2.5026	 -2.3962
-30.3352	-15.9829	 -2.9861	 +1.1665	 +0.5171	 +1.2279
 +1.1226	 +3.3164	-17.3985	 -0.4652	 +2.6628	 +3.6725
+14.0496	 -4.4375	-91.9406	 +0.8521	 -0.3813	 -1.6318
 +3.5234	-13.1458	-25.2648	 +2.4947	 +1.8974	 -1.0174
+14.9586	 -1.3058	 -3.4301	 +0.6716	 +0.8921	 +0.8255
+10.0103	 -4.7847	 +4.2692	 -1.7728	 +0.7637	 -1.1202
 -4.8110	 +2.2551	-21.7036	 +2.3969	 -1.4716	 -1.8036
-15.8485	-14.1614	 -7.4668	 +0.8340	 -2.6025	 -0.2742
-16.1256	 -7.6697	-11.6724	 -1.4138	 +2.4347	 +1.8343
+47.5790	-14.5306	 +2.0851	 +0.1739	 -0.2684	 -0.1170
 -8.2103	+16.8126	 -9.7432	 -0.7709	 -0.3702	 -3.5792
 +9.2193	-12.2330	-30.8073	 +0.4801	 -2.9151	 +0.0707
-39.5883	+56.6731	+42.6035	 -1.8309	 +1.6159	 +2.6159
-195.3102	 +3.9124	+227.1662	 -5.8902	 +0.1977	 +7.0551
 -1.3672	-16.9022	 +6.8509	 -1.1452	 -1.9796	 -0.9646
 +2.7399	-15.7935	-12.2479	 -1.2143	 +0.0053	 +0.3300
 -8.6342	 +7.0450	 +4.7671	 +2.4302	 -0.2217	 -1.2730
 -8.4902	-11.2200	-45.4205	 -1.6419	 +0.2706	 +1.5174
 -8.9004	 +8.7019	 -7.0746	 +0.6519	 -1.1872	 -1.0921
-11.8855	 -5.9435	 -3.6472	 -0.7421	 +0.8981	 +1.4410
 +5.5572	 -2.2227	 -0.6222	 +0.8878	 -4.5495	 -2.4204
-20.8980	 -3.5247	 +2.3447	 +1.9768	 +1.0826	 +0.5732
-13.3849	+13.9658	 -7.8280	 -3.4816	 +0.9234	 -0.5479
 -2.7062	-12.1238	+13.0301	 +0.7890	 +1.2943	 -0.5194
-12.7617	+12.5665	-11.1676	 -3.5760	 -0.5400	 +0.0776
 -7.4379	 +6.2982	 -2.1901	 +0.0436	 +4.5145	 +2.1740
 -2.9261	-21.9892	 -5.3251	 -0.1017	 -1.7228	 -1.8681
+12.7694	-13.7751	 -6.0857	 -0.2504	 +0.7213	 +3.3994
 +2.7562	 +1.9967	 +4.5452	 -0.1023	 -2.1328	 +0.1986
 +6.3020	 +0.4160	 -9.6134	 +1.5514	 -1.1041	 +0.5485
 -4.2139	 -6.7086	+18.4548	 -1.1875	 +1.2698	 -1.4675
 -6.3018	 -6.5144	 +8.1394	 +1.9309	 +2.6370	 -1.0526
+32.5809	-14.7747	+17.0997	 -1.0547	 -0.2910	 +0.7768
-11.1315	 +7.5628	-15.0360	 +2.1182	 -1.1969	 +1.2900
+14.8028	 +1.3956	 +2.1948	 -1.4118	 +2.2929	 -2.9836
 +8.6611	+10.7686	 +4.1341	 +4.0296	 +0.2736	 +2.9632
+470.1371	-182.4168	-329.6572	+13.2757	 -5.2010	 -9.4859
 -9.8600	 -3.7896	 +4.3580	 -0.4211	 +1.2503	 -0.3133
 -6.8582	 +3.5199	+27.6561	 -1.5065	 +1.7900	 +1.8332
 -1.8309	+11.8494	 +3.7926	 -0.8672	 +0.0181	 -2.7109
 -2.9384	-26.0468	-20.4642	 +0.8887	 +1.1233	 -3.4169
 +8.2993	-23.3375	-13.6445	 +1.7174	 -2.7692	 -1.2980
 -4.8071	-10.8765	 -4.4537	 +1.1876	 -3.4725	 -4.1518
+21.8005	+132.5101	+27.1857	 +0.5690	 +4.1251	 +0.4328
+55.0822	-52.2358	-22.4979	 -1.6610	 +0.1582	 -1.6462
 -6.2123	-27.3853	 +4.5632	 +1.8208	 +0.5992	 +1.6916
 +3.9816	 -7.3100	 +2.5935	 -0.8456	 +1.8682	 +3.2312
-10.3364	-10.2959	 -2.7301	 -0.6684	 -2.7737	 +1.8035
 +2.2433	 +2.8650	-10.9474	 -2.2396	 +1.7175	 +2.5633
 +2.7179	 +0.4056	 +2.3000	 -1.2415	 -1.8382	 +0.3205
+12.5616	+11.8923	-13.5263	 +1.5575	 +0.2147	 -1.8764
 -8.8839	 +2.1310	 -1.0920	 +1.4330	 +2.0016	 +2.2040
 +8.4191	 -5.1916	 -1.8737	 +1.7197	 -0.7640	 -4.4546
 -4.6569	 +3.0895	-13.6146	 +3.1191	 -1.9444	 -3.2614
 +6.3298	 +2.2805	+54.4910	 -0.3171	 -0.6788	 -1.5342
-54.1863	-81.3909	-114.6943	 -1.2545	 -1.9631	 -2.6517
+27.8188	 +7.9770	-45.1771	 +1.2876	 +0.3303	 -2.7894
 -0.3758	 +0.9561	 -7.2403	 -4.9279	 -1.9694	 -1.3735
 +3.4139	 -0.0510	-13.7229	 +1.8090	 +3.1840	 +2.7127
 +4.7856	+11.5527	+28.0126	 +1.6642	 -0.4869	 -0.7646
-11.9040	 +9.7469	-21.7147	 +1.7349	 -0.6244	 +1.4385
-100.3479	+46.8317	-37.0832	 -0.3579	 +0.1201	 -0.5662
 -0.1038	 -2.7830	 +3.8594	 -2.7609	 +3.4150	 -2.8757
 +2.8198	+11.0583	 +2.6184	 +1.3430	 -3.8669	 -1.7348
 +4.5394	 +0.6420	 -6.0799	 -4.6257	 -2.5460	 +2.2420
 +6.5653	 +3.7835	 -7.1762	 -0.8484	 +1.1350	 +0.4315
-15.0720	 +6.3335	 -1.7764	 +1.5528	 +0.7781	 -0.5096
-11.2081	-10.8077	 -0.2749	 -2.9009	 +2.2584	 -0.4168
-13.5284	 +2.3304	 -6.2892	 +2.5758	 +0.5073	 +2.7532
-37.0750	-157.5275	+19.9403	 +1.3071	 +0.5840	 -0.1751
 -0.3815	 -3.2804	 -1.6591	 +1.0938	 -2.4252	 -0.5540
-15.3587	-11.2606	 +6.3935	 -0.9373	 +1.2894	 +2.4304
 +0.5001	 +6.3863	 -1.8605	 -0.3709	 +3.9933	 -0.0258
 +5.6492	 -5.2488	 +3.6014	 +4.4614	 -1.2354	 -2.9605
 -5.7158	 -2.1577	+10.2406	 +4.5977	 +1.8988	 -0.1302
 -1.8477	 -1.0140	 -2.5947	 -2.2955	 +1.1318	 +0.0466
-10.9652	+14.0466	 +5.4562	 +0.7414	 -0.2453	 +1.3358
-18.1836	+35.2246	 +8.9868	 -1.1719	 -1.3164	 +2.0456
 -7.0707	 -5.3640	 -8.8243	 +1.8095	 -2.2465	 +0.9163
 +3.8713	 +9.5386	 +8.8879	 +0.5794	 -0.9367	 -0.9945
 +7.3984	 +0.6343	+11.8963	 +0.1271	 +1.6444	 +2.6051
 +0.4883	 -9.6492	 -2.9128	 +3.5545	 -4.3124	 -1.6857
 +7.4580	 +1.8189	 -0.9954	 -0.2691	 -0.6502	 -0.3033
-13.5918	 -5.2703	 -2.7940	 +0.0519	 -1.1464	 -2.3307
 +1.9603	+17.0855	-14.5920	 -0.7520	 -0.5405	 +3.1769
-16.6167	 -2.9225	 +0.6186	 -0.3640	 +2.1787	 -0.4968
-12.8178	 -3.9615	+12.4784	 -2.7201	 +0.1198	 +1.5972
 +1.3847	+10.5684	 -3.7167	 +3.6755	 +5.5761	 +2.7503
-51.0777	+48.0218	-58.0489	 -0.8713	 +0.5528	 -0.3457
-19.6033	-21.7100	+25.1226	 +2.1927	 -0.5665	 -1.5956
+15.5735	 +5.0718	 -5.3405	 +1.5093	 +0.5160	 +1.3602
 +1.9937	 -3.7901	+10.4922	 -1.6384	 +0.0673	 -2.6623
 +6.0986	 -7.0317	 -5.8653	 +1.4501	 +4.0064	 +1.2067
 -3.6177	 -0.4590	 +8.5612	 -4.7413	 +3.6914	 +0.8407
+17.0885	+76.7370	-31.9533	 +1.4615	 +0.2457	 +1.7306
-48.0545	+43.7003	+35.5371	 -4.1621	 +2.9477	 +2.9990
-13.2174	 +4.0558	-14.2840	 -1.6084	 -0.1429	 -2.2722
 -1.9427	-15.4378	 -1.6121	 +0.2482	 +2.4265	 -0.2479
 -4.6198	+18.6661	 +6.2081	 +0.8288	 -0.5624	 -0.3701
 -9.3214	 +4.6445	+21.3085	 -0.3125	 -0.4267	 +1.8758
-10.3604	 -2.1484	 +3.5107	 +1.2445	 -0.4206	 +0.2409
 -9.5622	-19.2725	+24.6654	 -0.0625	 -0.8317	 -3.0628
-13.5996	+13.3288	 -0.6163	 +1.9892	 +1.0394	 +0.9380
 -4.6612	+11.0076	 -1.0524	 -0.0277	 +1.7789	 +3.4698
-18.8527	 +1.0504	-11.3656	 +0.0667	 +0.5349	 -1.5735
 +0.8674	 +7.6001	 +9.6104	 -0.3773	 -1.2484	 -5.0014
-26.3155	 -5.2878	+61.1444	 -1.0265	 -1.2218	 -1.6828
 -9.6042	-15.7149	+20.0093	 +1.3393	 +0.3977	 +3.2313
+10.0868	+15.6612	 -8.0616	 -0.4831	 +1.4539	 -2.3745
 -5.9349	 -8.9100	 +5.6921	 -1.8724	 -0.3266	 -0.3199
-17.4602	 -0.2978	 -2.0037	 -4.2809	 +1.2711	 +1.4676
-18.6359	 -4.2551	 -1.6195	 -0.8145	 -2.5561	 -4.7345
 -1.3628	+11.8532	 +0.9429	 -0.5208	 +0.1886	 +0.7373
 -5.0617	 -1.2458	+10.1802	 -1.5457	 -2.8102	 +4.0247
 +9.7241	 +9.8982	-10.4216	 +0.7836	 -1.3552	 +3.5250
 +4.9243	 -0.5233	 -2.8169	 +1.4824	 +1.5997	 +1.5950
-18.1665	+15.0129	-48.0803	 -1.8682	 +0.3958	 +0.3975
+13.6923	 -8.1895	+25.2125	 -0.9091	 -1.6521	 -1.1736
 -1.9066	 +2.3391	 -3.3305	 +1.4483	 +0.6990	 -3.6992
-12.7782	+15.7789	 +1.6289	 -0.2175	 -0.9126	 +0.3231
 -5.6375	 -2.3806	 +8.2452	 +5.4372	 -2.1351	 +1.1567
 -2.6102	+13.8841	 +5.0137	 -1.8439	 -0.5563	 +2.8607
 -2.7411	 -9.6982	+10.2584	 +2.4664	 -1.4216	 +1.0258
 -7.1144	 -9.8865	 -9.4326	 +0.3397	 +2.5419	 +0.5742
-13.4248	-33.9206	 +2.1574	 -1.4328	 +0.0287	 -1.2976
-18.1879	 -1.7414	 +6.1997	 +0.0616	 +0.7259	 -0.9344
-23.8567	+13.7635	+40.2147	 +0.9763	 -2.1910	 +0.3169
 -0.1926	 +6.9062	 -5.5278	 -0.3979	 +0.6777	 -2.5321
 -2.7759	 +8.9933	 +8.6151	 -1.4166	 -0.5295	 -0.8093
 +7.3255	-196.5501	+142.8793	 +0.1290	 -3.8905	 +2.6552
 -3.7629	 +6.4567	 -0.4110	 -0.7181	 +0.0375	 -5.3244
 +9.4240	 +4.3434	 +9.6181	 -3.1169	 +2.1931	 -1.0264
 -9.2553	 -0.9510	 +4.9820	 +0.5371	 -2.6619	 -0.2181
-20.4722	 -6.1565	 -6.3180	 -1.7711	 -0.2714	 -0.8908
-11.0976	-24.2324	 -2.3970	 -0.6567	 -0.6921	 +2.4399
 -7.2760	 +3.3660	 +2.8472	 -2.0473	 +0.4730	 +1.9883
 -1.9220	+16.4439	 +0.6685	 -1.4844	 +1.2848	 -1.5622
 -7.7679	 +2.1818	 +5.2182	 -1.3449	 +0.6994	 -0.6519
+37.6406	 +9.6422	+15.0478	 +0.2388	 +1.0440	 -2.2071
 -4.9366	 -1.4352	 +2.8932	 -0.8557	 +1.6328	 -0.2020
+16.8364	 +5.6643	 +2.5166	 +0.4374	 -0.0922	 +0.1183
 +9.7637	 -5.4377	-11.8394	 -1.2641	 +2.2209	 +2.3246
 +0.5074	 -1.8221	 +3.4171	 -1.5363	 -4.1475	 +2.5834
-11.8962	+16.8248	 +6.3104	 +0.6953	 -1.8039	 -0.7585
+92.3522	 +6.6856	-151.9315	 +2.9406	 +0.3160	 -4.2368
 +7.2558	-10.1233	-11.6485	 +2.0223	 -1.4990	 +3.0767
 +5.2076	 -5.9618	 +1.8669	 +3.2994	 +0.0725	 -2.1155
 -1.1903	 +5.3812	 -3.7383	 -2.0228	 +0.8475	 +1.2693
+10.0837	 -2.7402	 +1.7986	 +3.0049	 -0.5966	 -1.1316
+11.1635	 -9.2384	 -0.3013	 -2.1172	 -4.5174	 -0.0250
-31.5325	+21.7100	+29.6689	 +2.5399	 -1.2396	 -0.9274
 -0.1530	 -7.3397	-12.2909	 -3.2417	 -2.7732	 +0.5076
 -8.5773	 +4.2705	 -3.4033	 -0.1143	 +1.8090	 -0.4583
 +0.9928	 -8.2887	 -1.1722	 +0.2207	 -0.9698	 -2.9514
 -4.5293	 -1.7025	 -4.3905	 +1.3228	 -1.3551	 +2.6451
-29.6155	-13.5994	-23.9274	 -1.6254	 -2.2672	 -2.5113
-27.9388	-32.5977	+12.3661	 -0.8957	 -0.2374	 -0.4652
-20.8525	-21.7604	 -5.7597	 +0.8902	 -0.1918	 +2.9177
 -4.1914	-14.6941	 +1.6400	 -0.9142	 -0.6098	 -1.1294
 +1.0084	-10.6980	 -9.3532	 -1.4871	 +2.9425	 +2.8856
-13.5154	+18.8847	 +1.9061	 +0.8179	 -0.4249	 -0.8885
 +5.7850	 -0.9627	 -5.1068	 -1.3621	 +0.5367	 +0.7897
 +6.1086	 +5.1269	 +8.6590	 +1.8905	 -2.4249	 -2.5724
-89.8597	+33.1239	-85.5851	 -5.6483	 +2.4822	 -4.4557
 -9.5804	 +4.1309	 -1.6448	 +1.8689	 -2.7286	 -2.1168
-12.5741	+29.1159	-72.3183	 +0.8265	 +1.1011	 -0.6396
 -2.6195	-10.5885	+13.0498	 -2.7004	 -0.3575	 +3.8740
+81.1771	+175.9775	-21.1749	 +1.6463	 +3.6115	 +0.0312
-26.0377	+10.4231	 +2.6100	 -0.2472	 -0.1010	 -0.5748
 +3.8757	 -8.8978	 -7.2538	 -3.3764	 +2.4640	 +1.2088
-24.4322	 +1.6874	 -0.2171	 -0.6016	 -0.0736	 +2.3788
 -3.1156	 -5.6834	 -2.2218	 -4.1691	 -1.8439	 -2.0286
-11.5914	+20.7353	 -1.4831	 +1.4238	 +0.4720	 +2.0499
-22.6486	-151.7647	-19.6581	 -3.4080	-24.1413	 -1.6186
 +5.8262	-11.9463	 +4.2914	 +1.6243	 +0.3520	 -1.3435
 -7.2020	-23.1865	 +5.7308	 -3.1843	 -0.2470	 +1.6112
+49.0988	+17.9020	+32.4288	 -0.1735	 -0.2860	 +2.0099
-21.2856	 -3.9275	-13.7746	 -1.3060	 -0.1606	 -0.4403
+20.6694	+32.7699	 +1.0288	 +1.2009	 +1.5063	 -0.3727
 -4.2098	+10.9860	-23.6801	 +1.6374	 +0.0839	 +2.3421
-21.2379	 -6.0364	 -6.4310	 +1.0978	 -3.0897	 +0.6812
 +0.9007	 +1.4380	 +7.9980	 +0.4493	 +1.4507	 +0.9131
+12.7964	-32.8944	-30.6380	 -0.1007	 -1.2784	 -0.8890
 +1.4549	 -4.5287	 +0.5220	 -0.8557	 -1.4498	 -5.6240
 -0.6856	 -0.4370	 -5.4499	 +0.0414	 -1.0178	 +1.0646
 -6.5042	-24.2288	 +5.2810	 +1.0593	 -2.4411	 -1.5067
 -1.3746	 -6.5472	 -2.8333	 +1.7234	 +0.5289	 -3.0674
-19.6062	 +2.3328	 -0.9333	 +3.7252	 +1.1071	 +2.1460
-55.3060	+43.8509	+19.0106	 -0.0311	 +0.7701	 +0.2037
 +0.3265	 -1.0011	 -8.8814	 -2.7728	 -2.8184	 -0.2355
+12.9694	 -1.7490	 +0.7970	 +1.5641	 +1.5290	 +2.7541
+26.3531	-48.2202	+26.6901	 -0.2114	 -1.5132	 -0.0233
-52.9412	+64.7702	+11.5016	 -0.9060	 +0.5728	 -0.5544
+13.6488	 -7.9431	 -1.6520	 +3.5060	 -0.6523	 -1.3509
 +2.7402	-14.0694	 -1.2900	 +0.2549	 -2.5944	 -2.2521
 +6.6808	 +0.8301	 -8.6550	 +4.6855	 +3.8778	 -3.1734
-16.9300	 +7.9002	+12.4590	 -0.3079	 +2.1532	 -1.6814
-39.4889	+85.5199	+17.8133	 -0.6478	 +1.5871	 -1.3121
 +1.8341	 -5.6524	 -7.3021	 +0.3782	 +3.3295	 -4.1957
+22.7009	 +7.3222	+31.4304	 -1.7600	 -0.3146	 -1.3042
 +9.9535	 -8.2672	 +1.9413	 +0.5545	 +1.2916	 +1.6924
+17.6286	+10.0579	 -6.0261	 +3.3172	 -0.7684	 +0.6615
 -3.2102	+12.9072	 +6.2691	 -1.2657	 -0.1680	 -0.9228
 -6.7127	 +9.5514	 -8.8792	 -0.1943	 +2.5377	 +3.0050
-11.0240	-15.1083	 +3.7168	 -2.3778	 +0.7285	 +1.1130
 +3.9425	 -0.4651	-39.3573	 -0.4317	 +0.7602	 -2.4497
 -1.2608	 -3.3548	+11.2528	 +1.0358	 +0.2231	 +1.1032
+11.0912	 +3.8796	 -5.7910	 +3.4370	 +0.6517	 -1.3394
 -3.7700	+14.6862	 -4.1870	 -0.6472	 +3.7365	 -0.8572
-32.5316	+170.5955	-531.6590	 -0.7151	 +3.6868	-11.6393
 -5.6632	 -7.5470	 +4.7992	 -0.5617	 +0.5348	 +3.3663
-13.8258	 -8.4505	+24.8673	 -0.1914	 -0.3437	 -2.7119
+55.9423	+24.2730	-67.1493	 +2.0001	 +1.2873	 -2.4941
+91.6116	+10.7208	-26.3544	 +2.2521	 +0.0679	 -0.6065
-10.3951	-14.7674	 +1.3452	 -0.0541	 +1.1769	 +2.0043
 -2.2122	 +9.6206	 -0.7342	 -0.1543	 -1.2691	 +2.3570
-42.5792	-113.2108	+106.3918	 +0.8694	 +0.4989	 -0.5093
+14.5891	 +1.8121	 +2.5580	 -2.1939	 +1.3289	 -0.3428
 +7.0184	 -0.0377	+10.8402	 -0.7752	 +3.3080	 -1.5765
+10.5304	 -0.4883	 -1.7418	 -0.7013	 +0.2426	 +1.9585
 -6.4780	+40.3543	+48.7509	 -1.8273	 +0.4641	 +1.4921
+16.0168	 -5.7916	 +1.7483	 -2.0869	 -0.1825	 -0.8618
 -2.9022	+11.8703	 +8.5086	 +0.1600	 -0.9247	 -1.7991
+11.3743	+60.3947	 -9.1126	 -1.0116	 +0.2510	 -2.2437
-17.4100	 +5.6099	 +6.0163	 +0.5835	 -0.0173	 -1.9692
-17.6347	 +2.3134	 -4.8731	 -1.0154	 +0.5153	 -1.2960
 +3.3195	 +1.8528	-15.6811	 +2.0908	 -1.5745	 -4.7074
 +4.5964	-16.5525	+11.2655	 +1.1223	 -0.6974	 -3.5098
+30.4624	+23.9873	-20.2352	 -0.7356	 +0.4935	 +0.6892
 -1.3759	+16.9522	-11.7216	 +1.6064	 +1.3343	 +1.2893
 +2.6490	-10.9961	 -2.8091	 +0.5631	 -4.3907	 -0.0566
-10.2647	-12.6446	-14.3125	 -0.4592	 +2.0862	 +1.1386
-12.8959	 +6.3409	 +2.9257	 +1.4053	 +0.0176	 -3.3437
-21.3550	-17.8036	-13.9967	 -2.3555	 -2.5086	 -0.8680
-20.4101	 -2.1375	 -3.8666	 +1.2356	 +0.5428	 -2.2271
-19.6061	+14.3563	 -6.7117	 +1.9656	 -0.4244	 -0.3303
 -8.1875	+14.3138	-14.5021	 -1.1702	 -1.2163	 -0.3591
 +1.7590	 +4.9546	 -7.7820	 +0.6813	 -2.7552	 +2.0772
+25.2978	-40.3819	+56.3806	 -0.4476	 -0.2011	 +1.1961
 +6.7687	 +7.1841	 +6.4771	 +2.2973	 -0.6961	 -0.9103
 -6.1727	 -1.4978	 -8.0632	 -3.5052	 -3.1665	 +1.2018
 +3.2817	 +0.5197	-16.3917	 +2.0863	 +2.9738	 +0.5267
 -4.3941	-18.2505	-26.8325	 -0.1018	 -0.3363	 -0.0037
+11.3394	+19.8552	+47.4444	 +0.2608	 +2.2391	 +2.0272
-16.3801	 +1.7134	 +8.3255	 -1.6861	 -4.6355	 +2.1745
-80.6332	 +9.1684	-15.8027	 -0.4005	 -2.0521	 +1.3034
+115.5633	+92.4541	 +2.6078	 +1.9488	 +1.8849	 -0.0851
 -1.3493	 +8.3461	 -6.2549	 -3.5841	 -0.8055	 -3.6022
+35.0931	-34.8211	-55.1268	 +0.5556	 +0.1638	 -0.6180
 +1.7336	 +1.0055	 -1.7081	 -3.2867	 -4.3039	 -2.4769
+15.3634	 +1.2442	-13.5402	 -1.5890	 +0.7484	 -1.9584
 -7.3059	 +1.3588	 +3.6544	 +4.6605	 -0.5573	 +0.4904
 +4.3915	+12.9595	 -9.6334	 -0.8564	 +0.4286	 +1.7307
 -5.4697	 +0.1543	 -8.4889	 -1.7292	 +1.8529	 -3.2094
 +1.4119	-16.0394	 +9.3893	 -0.3902	 +0.8798	 +1.4616
 -7.2301	-19.0927	 +9.4843	 -2.9695	 -1.1476	 +1.9529
+17.6550	-23.1197	+16.3213	 +2.8179	 -1.6153	 +1.0227
-14.5807	 -6.5608	 -5.4690	 +2.1738	 -0.4955	 -3.6937
+24.2456	-13.0163	-11.0866	 -1.9062	 -2.3322	 +1.2367
+49.7893	 -8.1971	 +3.4481	 +0.9612	 -0.0584	 -0.7064
 +1.0410	 +5.0704	 -1.6961	 +0.0856	 -1.6926	 -1.5267
+13.7048	 -4.6831	+10.3322	 -0.1486	 +1.5728	 +0.1833
 +0.0227	 +6.7266	 -6.6571	 +0.4371	 -2.6475	 -1.9711
-122.1703	-133.2246	+114.3866	 +0.5825	 +1.1314	 -0.0921
-15.2799	-13.9584	 +7.2854	 +2.6245	 -0.6862	 -0.4408
+35.4158	+16.5893	-56.8012	 +1.1468	 +1.9755	 -1.0330
-13.4431	 +8.7540	 +2.1776	 +1.9766	 -0.8559	 -0.5748
 +5.9373	+42.5412	-35.3911	 -0.2104	 -1.8124	 +2.0576
 -5.1394	 -9.1065	 +4.5135	 -0.5143	 +3.1183	 +4.6360
 -3.2738	 +3.1928	-16.9454	 +2.5043	 +0.0296	 -0.3703
-24.6082	 -2.9490	 +7.3196	 +2.2630	 +1.8622	 -2.2196
-10.9337	 -6.3301	 +0.7009	 -4.5258	 +1.7498	 +4.1594
-12.1803	+15.2210	 -4.7455	 +3.0319	 +1.6323	 +1.5581
-25.5321	 -0.5897	 -2.8152	 -2.2056	 -2.5435	 +0.7056
 -6.7745	 +1.3727	 +8.5089	 -0.4774	 +0.2435	 -0.8555
 -4.4178	 +4.4135	 +3.8722	 +1.0689	 -0.0794	 -2.9866
 -9.3670	 +2.2321	+13.6128	 +0.5159	 -0.6287	 -2.1364
-10.7443	-22.4737	 -4.3198	 +1.4395	 +0.3142	 +0.0832
+14.5674	-14.7557	+24.5829	 -1.8551	 +1.1246	 -1.1596
+42.5415	-23.0085	-22.3573	 -0.8090	 +0.9281	 +0.2916
 -7.0777	-19.7920	+17.8134	 +1.1237	 +1.3400	 -2.3140
-14.1050	 -3.3284	-15.3994	 -0.3142	 -2.8893	 +2.0602
-14.0972	-14.6703	-21.3429	 +1.0161	 +3.2115	 -0.0311
 -2.9268	-11.7111	-15.0052	 -1.2004	 +1.3809	 +3.5722
 +2.7850	-34.8594	-38.9108	 -0.8016	 -2.2979	 -1.7112
 -8.3416	 +0.2416	-10.2443	 -1.6355	 +0.9400	 -0.3386
 -1.1733	 +8.4734	 -6.2378	 +1.2835	 +3.9650	 -0.7795
 -1.8960	 +4.3525	 +0.4760	 -0.3476	 -0.3476	 -2.7200
 +3.5778	-22.7024	 -5.7516	 +0.9571	 -1.8302	 +2.5974
+15.0309	-24.0195	+11.3646	 +0.4144	 +0.5330	 -0.3331
 +8.0157	 +7.1989	 -2.4671	 -2.3114	 +2.8050	 -0.1941
 -7.4559	 -1.3268	 +8.7355	 +1.3025	 -1.8638	 -3.0132
 +2.5018	 -4.1767	 +5.4493	 +0.2643	 +1.2619	 -4.9440
-36.5741	 +5.0548	 -5.0327	 +0.2559	 -0.0665	 +0.4978
+13.9623	 +6.7663	 +4.2865	 -1.3583	 +1.0427	 +0.4123
 +9.8701	-23.6383	+10.6551	 +1.6303	 +1.9591	 -0.8189
 -0.9315	-17.1445	 -1.9769	 -0.2471	 +1.9888	 +0.7823
-168.0197	+186.3421	+305.4542	 -5.9905	 +6.5023	+10.9269
-80.1823	-113.2553	 +6.4949	 -2.2855	 -3.0039	 +0.7733
 +1.9837	 -2.5275	+12.6593	 +1.0034	 -0.3640	 +0.0602
-31.9150	 -5.2032	 -0.6459	 +0.6366	 -1.3898	 +1.1489
 -9.2189	-11.1114	+18.3121	 +2.9070	 -2.2066	 +1.8063
 -9.9344	+10.1018	 +8.5401	 +0.8191	 +0.2262	 +1.8159
 +0.8360	 -1.6480	-10.5359	 +0.4329	 +0.9574	 +2.4568
-24.7063	-20.3612	+26.6166	 -0.5216	 -0.4246	 +1.9822
 +9.8092	 -7.2191	 +6.6302	 +1.5676	 +0.7035	 +0.3609
-14.8957	 -3.8048	+19.0182	 +1.9734	 -0.1084	 -0.4404
 +1.0263	+12.8754	-15.0332	 +0.1105	 -0.0930	 -1.9291
 -2.4889	-21.9051	+18.9626	 -1.6460	 +0.6917	 -0.1827
-14.7302	 -5.7561	 -4.4952	 +1.1904	 +1.0756	 +2.0919
 -9.7892	 +5.1562	-17.2815	 -0.1469	 +0.5338	 -0.1231
 -2.0966	 +3.6944	 -3.6432	 +2.1277	 -3.3522	 -1.5090
-38.8891	 -7.9236	 -4.8770	 -1.2688	 +1.7783	 -0.7478
 -6.5809	 +6.6823	+10.3377	 +0.7920	 -0.1169	 +0.2371
-14.4776	 +0.5078	 +1.5884	 -1.7423	 -1.2823	 -0.8575
-26.4255	-18.7184	 +3.0023	 +1.0906	 -0.9168	 -1.8106
 -0.6014	-14.6141	 -9.6191	 -0.8798	 -3.0526	 -0.1586
-33.7767	 +6.0534	 -2.1088	 -1.0928	 +1.8089	 -0.0658
 -5.8630	 +8.3587	 -6.2382	 -0.8575	 +2.2919	 -0.6036
-19.8021	 -3.1887	 -9.0039	 +2.0427	 +1.1807	 -0.4545
 -5.5362	-14.9113	 -0.9532	 -1.8223	 -2.1515	 -3.0625
 -3.0606	-24.2858	 +3.0194	 +2.2266	 -1.7456	 -0.3203
+17.6238	+10.5063	-20.2971	 -1.4499	 -0.0355	 +1.1637
 -0.1307	 +3.3526	-13.1297	 -1.2241	 -2.5682	 +1.8373
+19.7770	+25.3023	-52.9959	 +0.7398	 +0.5249	 +0.0369
-15.6405	 -1.6251	 +8.6390	 -1.2401	 +0.6163	 +1.7187
+61.5950	+46.0573	+124.5882	 +1.4342	 +1.6770	 +2.9883
+15.1256	 +0.7874	+17.7265	 +0.7258	 -1.7261	 -0.5080
-11.4781	 -3.2371	 -4.2386	 +1.8451	 +2.9488	 -1.3877
-14.7242	 +9.4599	 -6.9285	 -0.5029	 -1.1655	 -1.6819
 +1.6880	 +8.5885	 +7.6326	 -3.5517	 +0.5523	 +1.5609
-13.9147	 -1.0118	 +7.1544	 -0.8581	 +0.5305	 -0.2678
+32.7487	 -7.6665	 -3.3578	 +2.0521	 -0.9129	 -1.0573
 -7.5945	+16.1867	 -9.3682	 -0.6652	 -3.1247	 +1.6763
 +4.6036	 -6.6146	-21.3624	 +0.5501	 -0.1523	 +1.3328
+82.1102	+14.2148	-59.8093	 +5.7476	 +0.7976	 -3.3769
