# Num Particles: 1000
# Num Cores: 1
# Total Energy: -1.001222e+04
# Iterations: 801 of 1000
# Current Time: 2018-05-06 02:13:50.363004
# Elapsed Time: 9:00:09.623026
# Avg. Step Time: 0:00:40.461452
# 
# x	y	z	vx	vy	vz
# 
 -5.9630	-14.4536	+16.6749	 -0.0666	 -0.5515	 +1.7263
+22.0549	 +9.3216	+11.7166	 +0.1367	 +0.5409	 +0.2857
 -9.8795	 -7.1764	 -4.0137	 +0.4754	 +1.5374	 +2.1783
-28.7551	+41.0102	 -8.5192	 -0.7999	 -1.7310	 +1.0532
 -4.9415	 -7.7961	 +0.8227	 -0.2387	 +0.4093	 -0.9487
 +8.8534	 +7.8249	 -4.0343	 +0.7355	 -0.6911	 +2.0264
 +0.2397	 +3.6743	 +1.7716	 +2.1263	 -1.4288	 -1.7941
 -0.6188	 -5.6279	 -6.9994	 -0.5139	 -3.9970	 -0.0629
 +8.4959	-31.0960	-18.3199	 -0.1872	 +1.6544	 +1.3116
 +4.5298	-29.0428	 +0.5069	 +2.4537	 -2.3761	 -0.3820
-13.5721	+12.7422	+16.4915	 +1.9961	 +0.9462	 -1.1216
 -0.8950	 +7.8569	 -1.8792	 -1.1948	 -0.2823	 -0.2746
 +6.1150	 +4.9834	 +6.1687	 +0.0183	 -2.1059	 -1.7026
-29.4932	 +1.1510	+10.5291	 -1.2470	 -1.2546	 +3.0123
 -9.3983	 -6.9933	-13.0819	 -0.4845	 +1.6145	 +0.8956
-18.2727	 -8.0250	 -0.5208	 -0.3761	 +3.2018	 +2.4718
+11.9036	-27.2569	+17.0369	 +1.9011	 +0.8029	 -0.6217
-17.3264	+10.6674	 -9.9384	 +0.6814	 -0.0320	 +3.5404
 +0.7728	 -4.5723	 -8.7443	 +1.9883	 +1.9618	 -2.5547
-46.7809	-36.0938	 +8.2397	 -1.2260	 +1.5835	 -2.5390
 +5.3834	 -8.3984	 -3.8027	 +1.3667	 -2.4101	 -0.1512
-11.7806	 -7.6221	 -5.9596	 +0.8365	 -1.9300	 +1.9340
 -6.3674	 -7.8286	 -4.0252	 +0.3821	 +2.7787	 +0.1904
 -4.3606	+18.3272	 +7.8513	 +0.2010	 +0.7915	 -0.8605
 +5.8569	 -8.0911	+21.1296	 +1.9756	 +0.2222	 +2.4217
 +3.1112	 +8.4419	-19.5484	 +1.7875	 -3.1232	 +2.7786
 +1.5367	 -0.6219	 -0.1797	 +3.3660	 -3.6440	 +1.2135
 +2.1619	 +8.9139	 -8.9484	 +3.6643	 -1.1427	 -0.3931
 +9.8131	+21.3053	 +9.2736	 +2.7826	 -0.8814	 -0.8768
-28.4262	+44.3936	+20.3847	 -0.6657	 +0.3079	 +0.1299
 -2.8079	-11.0519	-10.4333	 +4.2277	 -1.4730	 -1.0471
+39.8055	+19.0254	+20.2207	 +0.6655	 -2.0885	 -1.7707
+35.0445	 -6.4149	-26.1684	 -0.7247	 -0.7954	 -0.2144
 -6.7446	-11.9989	 +4.4821	 +1.0661	 -4.4234	 -2.5700
+15.9559	-66.1511	+40.6388	 +0.4830	 -1.2802	 +0.2684
+244.7610	+1027.1600	+65.8468	 +6.1534	+25.7587	 +1.8922
-11.4395	-23.7052	 +0.1802	 -1.1265	 +2.2320	 +1.0002
 -8.6993	 -1.1153	 +2.7078	 +1.7073	 +1.3579	 +2.4729
+128.4526	+24.9447	+283.4303	 +2.0772	 +0.6974	 +5.1884
-23.3581	 -5.4796	 +9.2987	 -0.3118	 -0.2406	 +1.3468
 -7.8666	 -5.5462	-31.0060	 -0.2268	 +0.8617	 +0.5579
-38.5853	+13.2704	-16.5276	 +0.4554	 -0.5472	 +0.5691
 -1.7106	 +1.7710	 +7.1206	 -1.3089	 -2.9782	 +0.8714
 +1.4096	+13.9692	 +2.7738	 -2.7114	 -0.2452	 +0.4841
 -2.8692	+26.6620	 -2.5224	 +1.2570	 +1.3039	 +0.6044
 +1.7580	+15.9228	 -8.7612	 +1.6815	 -0.1106	 -0.5134
-14.1856	-17.0066	-19.8555	 -0.2956	 +1.7616	 -0.7443
-42.7975	 -5.0503	-31.2035	 -1.9264	 +0.4383	 +0.0841
 +1.1156	 -5.9984	 -0.8409	 -2.1828	 +0.6510	 -2.2262
 -0.4102	-19.9742	 -1.5063	 -1.1296	 -0.0137	 +0.3283
-39.6865	+66.7005	-65.6091	 -0.6871	 -0.3401	 -0.8012
+38.3028	-10.9536	+70.9228	 -0.7187	 -0.3235	 -0.8123
+13.2849	+15.0711	+47.1078	 -1.2818	 +1.5287	 +0.7752
+15.6250	-13.4207	 +6.4051	 -1.3042	 -2.5468	 -1.7366
+10.4966	+88.9459	+19.8194	 -0.2185	 -0.2459	 -1.4606
 +9.5658	 -8.8578	 +2.2989	 +2.6280	 -4.3593	 -0.3109
 -2.5725	 +3.0898	 -7.5428	 -2.7963	 -2.2712	 +3.8644
-10.3181	 -1.2350	 -8.3845	 -0.1221	 +0.3522	 -0.8357
 -3.6907	-15.2241	-25.7056	 +0.6776	 -0.7162	 +1.0757
-37.7846	+40.4378	 -9.1478	 +0.7979	 +1.0768	 -0.5948
+29.6862	-11.5876	+11.9604	 -0.8908	 -0.0998	 +2.0166
+13.3802	-21.1002	+30.9519	 +0.2667	 -2.1373	 -0.0575
 +5.0970	-12.0648	 -4.4520	 -0.3011	 +1.1119	 -0.0641
 +4.4688	-23.7638	 +4.3739	 +1.0558	 +1.7989	 +2.2149
 +6.4790	-35.9992	+12.2343	 +0.8303	 +1.0494	 +0.9259
+16.1185	+12.7082	-34.4675	 +0.0548	 +0.0212	 -1.0848
 +6.0030	+12.4392	-21.7023	 -0.9922	 -0.4351	 -0.5388
-10.3101	 -9.7546	+38.0761	 -0.8493	 -1.0823	 -1.8453
+30.5824	 -2.1466	+24.2071	 +0.2071	 +0.7820	 +0.2007
-710.3734	+583.4481	+998.9522	-10.5274	 +8.7078	+15.1241
-17.9934	 +1.7152	 -2.2594	 -2.2091	 +1.5478	 -0.1577
-10.0493	 +1.5939	-13.8235	 +0.1032	 -1.6473	 +1.1171
 -2.4247	 -6.8384	 +6.6449	 -2.1308	 +2.3340	 -0.4648
+119.0427	 +4.4586	-115.3495	 +1.2846	 -0.2012	 +0.4370
+53.6364	 -3.1021	+13.7233	 +0.7882	 -0.0480	 +0.6125
+17.8705	+25.0146	 -9.5365	 -1.9479	 +0.7107	 -1.7636
 -6.8433	+40.4979	-27.3548	 +0.3719	 -0.1754	 +0.0423
+11.1467	 +8.2473	-24.5818	 +1.3706	 +0.7563	 +1.6925
-98.8430	+231.6465	-166.8266	 -1.1938	 +3.2179	 -1.9306
-40.9813	 +1.7830	 -0.7338	 +0.1511	 -1.6253	 -0.4547
 +4.1561	-12.1340	 -2.1616	 +0.9047	 +1.6846	 +0.7820
 -1.2089	 -7.6387	 +2.3189	 -4.2664	 -0.7698	 +2.5522
+12.4002	-15.3301	 -5.0464	 -1.9824	 +0.7615	 +1.5886
 -9.4714	+53.7311	 +6.3390	 -0.3403	 +0.4090	 +1.5347
-33.7746	+19.5993	+24.0665	 -0.1058	 -0.5590	 -0.8803
 -7.1345	 -0.3877	 +8.4326	 -3.5382	 -1.5933	 -2.2963
 -0.6511	 +9.0598	-14.9685	 +1.2012	 +1.3627	 +0.1441
-67.3042	+49.2008	-65.8351	 -1.0575	 +0.5338	 -1.1503
 -2.4673	-23.1432	 +8.6756	 +2.5063	 -1.9129	 -1.4101
-19.1496	 +5.0604	-10.3155	 +0.6413	 +4.6259	 -0.4097
+10.3280	-12.3124	 +7.0051	 -1.7292	 -0.7184	 -2.3042
 +3.5267	 -0.9319	 -0.4777	 -2.2348	 -0.9468	 -0.9309
+28.2498	+43.7643	-22.7017	 -0.9196	 -0.9202	 -0.3490
+22.0367	 -2.0869	 -4.6287	 +2.0612	 -0.1812	 +0.1970
-28.1345	 +0.3837	+15.8636	 -2.1357	 +1.6573	 +1.0063
 -4.1486	 -4.3398	 -9.6239	 -2.7896	 +0.0056	 +1.1864
+11.4053	-54.8867	 +9.0009	 +0.8658	 -0.7230	 -1.4735
 +2.4542	+13.3579	-18.7985	 +1.8452	 +0.8429	 -0.2060
+19.0182	-12.3648	 +8.7910	 -0.9445	 +2.1955	 +0.5704
 +2.2244	 -0.7115	+27.1242	 -2.4150	 -1.5066	 -0.8327
-42.8286	-55.3609	+15.1019	 -2.1376	 -1.9836	 +0.9826
 +5.9146	-16.2498	 -5.6212	 -0.8877	 +2.6872	 +2.1415
 +1.6812	 +0.1268	 -7.0316	 +0.4166	 +0.0097	 +2.2614
 +8.6412	 +5.9318	 -3.1108	 +0.0522	 +0.9355	 +2.2981
+500.9506	+126.1251	-253.5568	 +6.1601	 +1.5719	 -3.0429
 -1.6455	 -2.8425	 -3.9850	 +0.3312	 +1.2455	 +2.6394
+34.4086	 -3.5379	 -6.0294	 +1.9599	 +1.7268	 -1.9692
 -1.8287	-24.3882	 +7.5773	 -1.3539	 -1.0274	 +0.2145
-28.9147	-15.1875	-10.1011	 +1.0710	 -0.8895	 +1.7126
 +9.6324	 -8.5618	 +9.7136	 -3.1584	 +1.4304	 -0.0815
 -8.9096	+11.7305	-18.6702	 +1.3829	 +2.4944	 -1.8941
+450.1648	+439.5187	-201.2437	 -0.3359	 +0.6226	 +0.3409
-139.1866	+181.7894	+222.0050	 +0.0855	 +0.9378	 +0.1383
-10.4282	 -6.8135	 -8.0512	 -1.4669	 +1.9217	 +0.7564
 -1.4158	 +2.8870	-15.7600	 +2.7226	 +2.3318	 +0.1252
 -6.5270	 +9.0991	 -4.6167	 -1.9004	 -0.8507	 -1.3751
 +1.8544	-15.6048	 +6.3748	 -1.1502	 -2.4200	 -1.3145
 -1.0400	 +1.0214	+101.3791	 -0.6419	 -0.1629	 +0.3964
-203.1893	+194.1333	-258.7646	 -5.8675	 +5.9385	 -7.9720
-50.5082	+51.7500	-41.2098	 +0.1185	 +0.1158	 -0.7616
 -0.0817	 -1.9376	-10.0386	 +2.6496	 -3.3600	 +1.6204
 +2.3029	 +6.3322	+10.9013	 +1.9892	 -0.8062	 -0.8562
+19.1685	 -0.3734	 -1.4825	 +1.4311	 +0.8602	 -2.8860
 -9.9319	 +9.0753	+10.3878	 -0.7706	 +0.8453	 -0.4055
 -9.2867	-25.1669	 +2.6981	 +0.6775	 -2.9882	 +0.8771
 +4.6511	-32.5908	 -9.3458	 +0.0824	 -1.9163	 +0.1050
 -5.4645	 -4.4272	+12.2804	 -2.1553	 +0.4093	 -2.7263
+65.3566	-20.9191	+25.5868	 +1.2364	 -0.5206	 +0.5907
 -5.5693	 -3.7000	 -2.4672	 -0.2262	 +0.6011	 -1.2092
-16.9310	 +2.9735	+11.1526	 -1.3003	 +1.8949	 +1.4809
+16.0648	-61.2232	-228.8595	 -0.0035	 -1.1299	 -0.4520
 +3.6427	+10.2265	-29.7089	 -1.6868	 +0.8755	 +2.4315
+19.6122	+13.1512	+12.2545	 +0.8234	 +0.1373	 +1.3533
 +3.0039	 +3.6753	 -2.2190	 +0.0355	 -1.3618	 +0.7789
-10.4662	-14.7680	 +1.4515	 +0.9398	 -1.2294	 +0.7473
-52.0494	-26.0799	+11.5348	 -0.5169	 -0.7386	 +0.6729
+13.3142	 -9.5928	 -9.7243	 +0.9398	 +3.2162	 +1.1920
-36.7573	 +5.9374	-29.2919	 -0.3047	 +1.3383	 -1.3996
 +2.2166	 -1.2654	-13.4967	 -0.8805	 +3.4019	 +0.4879
-117.3637	+112.7333	+57.6989	 -0.6859	 +0.7905	 +0.2986
 +5.0630	 -8.3169	 +5.6046	 +1.9002	 +0.8565	 -0.5901
 +9.5084	+17.8269	-23.2903	 +2.5367	 -0.8465	 +0.9765
+795.7619	-260.3470	-205.8222	+13.5728	 -4.3413	 -3.3380
-35.8137	-63.8216	+23.5366	 -1.2784	 +0.0105	 -1.3469
+12.5823	+53.1923	+17.2661	 +2.3391	 +0.5073	 +0.6796
 +7.7973	 -1.5540	 +2.1338	 -2.7741	 +0.2592	 +3.0797
-27.0209	+56.9432	 +6.3678	 +1.7734	 +0.5643	 -1.9723
 -7.8373	+14.2721	-14.1180	 -2.1911	 -0.0618	 +0.2739
 +9.6742	 +3.6132	-17.9895	 -0.4482	 -1.8486	 -3.3207
 -8.3902	+24.3162	 +4.3105	 -0.4713	 -2.1854	 -0.4846
 -2.7667	 +8.9527	 -4.0065	 -2.3588	 -0.6641	 -0.2800
 +1.5808	 -5.0885	 -3.7433	 +0.9418	 +0.8787	 +0.1975
-15.1667	+10.1143	 +2.4113	 +0.5371	 +0.2133	 -0.1720
-10.3712	+18.6962	+19.0549	 -0.6652	 +0.2472	 -1.3159
 -8.9653	 +5.4891	-15.4170	 -0.9877	 +0.3779	 -0.4765
+23.3400	 -3.6978	+27.1498	 +0.5275	 -0.6221	 -0.2230
+11.6956	-12.9868	 +8.3090	 -2.6999	 -0.4233	 +2.3151
-14.6631	 +0.9325	-27.6513	 +2.3560	 -0.9306	 -1.6302
 +4.8168	 -9.6543	 -4.2619	 +0.0063	 -0.1136	 -0.9402
-12.9929	 +2.2290	 -0.4009	 -1.3606	 +1.6159	 +0.6184
+14.5131	-11.4871	+71.1595	 +0.5602	 -0.8313	 +0.0910
-14.1656	-21.6663	 +7.2592	 +1.7958	 +1.9911	 -1.6553
 -1.6558	 -6.2645	 +0.4695	 +2.2532	 -3.5533	 +0.7094
+33.5947	 -0.5934	-10.4172	 -0.2980	 +1.5266	 +0.0068
-11.6265	-12.5085	 +0.2653	 +1.4185	 -1.2619	 +1.8529
 +2.9013	 +0.6541	 -7.2414	 +2.5001	 +1.4720	 +0.0371
 -4.0765	-23.8699	+13.3276	 -1.1758	 -1.0670	 -0.2489
-36.7848	 -9.9624	-17.6952	 -0.4943	 -0.9709	 +0.8845
-15.8271	 -0.8277	 +8.6086	 +1.2990	 -1.8464	 +1.6120
 +1.2306	 -9.3745	+18.1680	 -0.3793	 -0.1197	 +2.4282
 -5.8279	 +4.2426	-20.1368	 +1.7722	 -1.5181	 +1.7963
 -1.6178	 -4.3343	 +0.7128	 -2.4552	 +0.2542	 +0.5904
+10.3894	+13.3761	-21.9068	 +0.6633	 -1.9738	 -0.9272
 +6.2243	-59.3549	+18.8497	 -0.3218	 -1.6446	 +0.1068
 -4.6429	-35.3903	-11.5007	 -0.2613	 +0.3420	 -0.0514
+33.6484	-94.6533	+39.2243	 +1.4269	 -0.5186	 +0.0463
+12.6054	-30.7105	+20.7916	 -1.7494	 -1.0525	 -0.4589
+28.4639	-19.6931	+20.3381	 -1.2814	 +1.5938	 -0.5931
 +3.6395	 +2.3499	 -0.1798	 -1.5228	 -0.2038	 -1.3994
 +7.9173	 -1.3719	 +3.5932	 -1.1739	 +0.8682	 +2.9917
-671.4053	+107.6878	+269.3767	 -9.7077	 +1.5538	 +3.8084
+47.0148	-116.2943	+23.4859	 +1.9362	 -4.1730	 +0.9769
-10.6479	 -9.3565	-35.8608	 +0.7821	 +1.4724	 -0.2362
-32.8990	-10.0028	+20.9767	 +1.0717	 -0.4158	 +0.7458
+11.1880	 +5.4835	 -4.7080	 -1.3201	 +2.2313	 -2.9471
+34.1104	+80.1165	+49.5039	 +2.2940	 +4.4360	 +2.6448
 +5.4891	-12.2149	+21.1820	 -1.2785	 -0.2696	 -0.5549
 -3.5911	-15.8853	 -3.2887	 +0.2994	 -0.3107	 -0.2933
+13.3816	+18.3852	 -9.5613	 +0.0892	 -1.3913	 +1.4496
 -0.1341	 +7.5102	 +0.7769	 +0.1807	 -2.6883	 -0.7511
 -6.5259	-48.1049	 +2.5096	 +0.2519	 -0.4726	 +0.0644
 +8.4365	-14.1094	 -0.4409	 -1.5713	 +0.6224	 +1.5489
 -1.9899	+16.4548	-24.5817	 -2.0080	 -2.6548	 -0.0302
 -2.6241	 -9.7735	 -0.2601	 +2.5667	 -0.0329	 -0.5271
 +0.2396	 +1.4737	 +5.0831	 +1.1098	 -3.9048	 +0.6713
 -8.2979	 -4.6438	 -0.1963	 +2.7577	 -0.3450	 -0.7658
 +1.8367	-62.8996	+13.6101	 -0.1718	 -2.3305	 +0.5706
+15.1334	+54.4057	 -7.0268	 +2.3660	 +0.8457	 -1.6766
 +2.4606	 +9.2677	 +2.3856	 +1.3088	 -0.8144	 +2.5142
 +9.4367	-41.9611	+16.7803	 -0.8451	 -9.3717	 -0.4037
-16.9792	-20.0375	+15.2208	 +0.5302	 +2.2685	 +2.9405
-32.9774	+13.9010	-19.4774	 -0.7400	 -1.5655	 +0.9129
 -5.5514	+20.1553	 -1.5589	 -1.7930	 -3.0969	 +2.7532
 -2.3602	 +2.7406	 -3.4591	 -0.3572	 +1.7608	 +4.2338
 +5.4793	 -7.0305	 -4.9539	 -4.0016	 +1.1353	 -1.0316
 -9.1153	 -4.7575	 -2.3086	 -1.6413	 -0.1365	 +0.8577
 -2.4868	+11.8455	 -2.1525	 -1.8149	 +1.7002	 -0.0513
-36.0001	 -0.0041	+25.0255	 +0.5298	 -2.0737	 +1.3137
+33.2311	-49.5748	 -0.1421	 +1.5571	 +0.6577	 -1.8223
+10.1957	+25.2749	 +4.7867	 -0.5897	 -2.9900	 +0.1112
 -6.6142	-15.3793	 -1.5922	 -2.9525	 +0.9324	 +0.9368
 -9.0407	 -5.4734	-11.8799	 +0.1643	 +2.6598	 +1.8200
 -4.9481	 -5.0331	 +2.2312	 -0.2059	 +0.4685	 -0.3320
 +9.4486	 -7.5355	+13.0986	 +0.1504	 +0.1076	 -4.0787
+26.3677	-17.9315	 +6.6019	 -1.1503	 +0.3992	 -1.5437
+45.4154	 +8.6486	+23.0054	 -2.9572	 -0.2717	 +0.5298
-17.4391	-25.2307	-14.7461	 -1.4398	 -0.3884	 +2.8370
 +7.5761	-12.5540	-12.1848	 +0.0433	 -1.6019	 +0.1384
 -6.5145	 -9.8416	 +5.7884	 -3.1321	 -2.1408	 -0.2642
 -8.1307	 -8.5842	 -5.3524	 +0.5515	 +3.1765	 +2.4996
 -9.2446	+28.1866	+32.1994	 +0.8767	 -1.8424	 -1.4568
 -2.2963	 -2.6676	-11.4242	 +2.0412	 +3.7239	 +0.9498
-158.5119	-113.3384	-160.4303	 -2.1118	 -1.3122	 -2.2788
+82.2143	-61.3276	+40.7139	 +3.6393	 -2.6851	 +1.0691
 -7.4243	 +2.0664	 -8.7276	 -3.0053	 +2.0742	 +0.4185
 -7.6746	 +1.5492	 -4.1627	 +0.4698	 -0.1695	 +0.3915
 +9.3577	 +6.0942	-13.6836	 +2.6314	 +0.7948	 -0.5809
-37.1196	-154.6707	+158.4738	 -0.2427	 -1.1583	 +1.6861
+10.8874	 -2.9937	+18.9508	 +1.1603	 -0.5484	 -0.3913
 +7.1361	 -5.9819	 +9.0828	 -1.1333	 +1.2925	 +2.2853
-10.6186	-13.1351	-10.7209	 -0.6986	 -2.6569	 -0.4551
+352.6964	-463.0651	-285.5174	 +5.5589	 -7.3541	 -4.4421
-13.1558	 -3.6569	 -7.9598	 +1.0952	 +0.8244	 -1.8193
 +8.6968	 -0.6949	 +2.4014	 +1.5354	 -1.0435	 +1.2323
 +6.4757	 +6.3093	 +7.7784	 -0.0725	 -0.7707	 -0.4834
 +1.7624	 +3.9103	 -2.7644	 -0.2056	 -3.3109	 +2.3297
 -0.8109	-21.6567	 +4.5297	 -0.2736	 +2.7129	 -2.6597
 -3.2710	+22.3518	-33.4959	 -1.2915	 +1.4643	 +0.4492
 -7.7073	 -6.7591	+10.3354	 -2.3924	 -0.1643	 -0.2417
 +5.0641	-23.1226	 -5.0368	 -0.7202	 +0.5704	 +2.3557
 -1.1792	+61.9837	-10.0875	 -1.3403	 +1.8548	 -0.1497
-10.5943	 +0.8993	 -0.5978	 -1.8364	 +0.5596	 +2.8389
-55.5903	+85.9258	-43.6886	 -1.6007	 +1.8865	 -1.6991
+31.6560	-36.7122	-13.8386	 +1.2115	 -0.9914	 -0.6093
-89.7094	+58.3230	-69.0418	 -3.3572	 +2.3097	 -3.3138
 -2.5802	 -2.6777	 +6.3018	 +0.2591	 -2.0823	 +2.6513
 +0.6384	-30.2739	 +0.9598	 -1.7079	 +3.0978	 +1.3487
+13.5543	 -1.3570	 +2.0372	 +2.6233	 -0.3555	 +0.0883
-12.8713	 +2.7332	-14.2654	 +0.0156	 +2.4118	 -0.3087
+33.0553	+128.1374	-49.0269	 -0.0870	 +0.7994	 -0.5554
-18.3895	-19.9973	 -3.7289	 -2.0073	 +2.5902	 +0.8706
+18.9407	-55.5170	+15.3713	 +0.3586	 +1.7041	 -0.0612
 +4.5053	 -9.2313	 -5.5638	 +3.2259	 -0.6291	 -0.2070
-16.5475	 +0.2053	 +2.4950	 -1.6959	 -1.2844	 -1.7581
+1888.3365	-49.1748	+795.3360	 +0.2134	 -0.2336	 +0.0629
 -1.4510	 -5.1245	 -2.0234	 +2.9401	 -0.5342	 -0.4906
 +0.5673	 -0.5993	 -2.7302	 -2.1567	 +0.4213	 +2.1236
-16.6907	 +8.5807	 +9.4917	 -1.8789	 -1.0549	 -0.3453
 +2.9788	+10.7198	-27.6776	 +1.6391	 +0.9467	 -2.1370
 -4.8782	 +3.7514	+15.4789	 -0.1781	 +1.8160	 -0.8232
-72.3316	-96.0763	-38.5022	 +0.3796	 +0.0984	 +0.8352
 -8.5221	+20.2348	+13.0797	 -0.1784	 -3.1863	 -0.0871
+16.9234	-26.6501	+11.9753	 -0.3691	 +3.3747	 +0.9856
 +1.8034	+27.1146	 -6.1453	 -1.6945	 -1.6691	 -0.8477
 +1.3478	 -2.0312	 +3.2982	 +0.7206	 -0.0467	 -2.1414
-27.6027	-28.6488	 +7.7972	 -0.7071	 +2.0311	 -0.2946
 +1.3349	-16.1856	+10.0328	 +0.7200	 -0.9425	 -1.0298
 +8.5390	+10.0635	+15.7950	 +0.2464	 +0.7321	 +0.9789
 -6.7994	-22.0951	 +1.0777	 -2.4301	 -0.7818	 -2.2894
+97.5262	+208.6403	+35.9935	 +0.9932	 +2.4462	 +0.2330
 +6.4496	 -3.1527	+45.5629	 -0.8251	 -0.9276	 -1.0719
 +2.8128	 +0.1961	 +2.0322	 -3.4078	 +1.4480	 -1.2968
 -4.8127	+36.4252	 +0.7281	 -1.2105	 +0.1909	 -0.1449
 +5.7075	 -1.1886	+10.6407	 +1.3219	 -0.5224	 -1.9408
-11.2830	-45.0451	 +3.9088	 +1.2651	 +1.2206	 +0.5478
 +7.4245	-14.9468	 -2.1051	 +1.1342	 -1.9819	 -1.6618
+686.9911	-271.2632	-764.0422	+10.4227	 -4.1120	-11.3026
 +2.8989	+23.5336	+17.2205	 -0.9067	 -0.9992	 -0.0825
 -1.0812	 -6.5473	-33.9487	 +0.0179	 -2.1549	 +1.7866
 -9.9755	+31.7834	+24.4674	 +0.3535	 -0.0064	 -0.5088
-16.8048	 +4.3986	 +5.8263	 +0.7186	 -0.8995	 +1.5252
-13.3837	 -3.2286	 +0.3095	 -0.3682	 -0.5266	 -0.8372
 -4.1235	-16.6308	 -4.7489	 -0.3108	 -3.7717	 -1.3996
+91.5149	-85.8964	-101.7860	 +1.6537	 -1.3224	 -1.8432
 +9.1597	-11.3492	 -9.6463	 +1.3262	 -0.4857	 +0.3211
 -8.1502	-38.5520	 +6.5525	 -0.3849	 -2.0983	 +1.4552
-15.5033	+10.0763	 -7.9210	 -2.9928	 +0.4978	 +2.4440
+32.0471	 +6.3234	+17.7727	 -0.6976	 -0.6877	 +2.0608
 -9.3676	 +6.3154	 +3.8286	 +0.4898	 +2.6058	 +0.6622
-42.6686	-94.6699	+95.2417	 +1.5594	 -0.2698	 -0.1973
 -4.6915	 -6.1764	 +2.5780	 -3.9518	 -3.0059	 -1.2630
 -4.3302	 +6.3624	 +4.3882	 +0.8534	 -0.5006	 +0.5271
-10.7440	 -3.2969	 +0.9738	 +4.8276	 -0.4326	 +2.8838
 +5.8491	 +9.3307	-24.8561	 +1.5138	 +0.4932	 -1.2876
-17.0119	 -2.2637	-37.6346	 -0.2646	 +0.6612	 +1.6219
+466.5668	-16.4901	+174.7379	 +6.6557	 -0.0857	 +2.6183
-25.0446	 -0.8709	-13.2423	 -2.1740	 +0.2944	 -1.2886
-58.3505	-97.6339	+69.2119	 +1.0666	 +0.5637	 -0.7720
-43.1630	 -9.9114	+38.0858	 +0.2943	 +2.1305	 +0.4795
-13.4277	 +1.5580	+21.1548	 +2.1805	 +3.0089	 -0.5152
-25.8093	 +6.5591	-39.1445	 +2.1207	 -0.3339	 -1.2611
 +2.5700	+28.1925	 +7.0258	 +1.5837	 -1.9452	 -0.0755
 -5.4843	-13.4610	-13.0217	 -0.1824	 +1.6927	 +0.3988
 -6.7651	 -0.5166	 +1.2975	 -2.8520	 +2.1433	 -0.4445
-30.2507	+12.1716	 +3.9556	 -0.5077	 +1.6950	 -0.6407
-15.2239	 -4.9758	 +9.3712	 +1.9130	 -0.0003	 -1.4601
+10.3552	 +6.1736	 +5.6192	 -1.3742	 -2.8975	 +0.8141
 +3.4793	-16.0235	 -4.8938	 +2.7843	 +1.5050	 -1.6150
+52.0143	+59.6504	+78.3068	 +1.0548	 +0.1161	 +1.5013
+10.4703	 -6.4982	 -0.4511	 +1.0272	 +0.4486	 -2.0733
 -3.1008	-18.1179	 -5.2983	 -1.7087	 +1.1242	 -0.3939
-12.2400	 -4.1487	 -1.5894	 +0.8951	 -2.6817	 +0.8943
 -4.3135	 +1.3438	 -8.2152	 +1.9033	 -3.6773	 -1.1330
 -6.3430	 +4.5512	 -0.4261	 -1.4655	 -1.3510	 +3.7963
 +2.7338	-14.4996	-11.0319	 -0.1666	 +4.0108	 +0.5781
 +6.9334	+11.6508	 -1.8968	 -1.6757	 -2.9626	 +1.3670
 -7.5825	 -4.1017	-27.6103	 +0.2959	 -2.4807	 +1.8460
-10.8214	 -0.0272	 +1.9858	 -3.1593	 +1.0602	 +1.0626
-36.4567	 +4.3982	+29.4118	 -1.0678	 +0.7587	 -0.3001
 +4.2246	 -4.8355	 +2.8098	 +1.0171	 -0.6221	 -3.2825
 -8.0595	 +5.9017	 -1.4686	 -0.4537	 -0.1686	 +0.1377
-40.8619	+42.6633	+27.6773	 +0.2831	 +1.4962	 +0.5515
-14.5629	 -3.5246	 +9.9906	 -1.9297	 -1.0217	 -1.9922
 -4.1240	 -2.5552	 +2.2535	 +2.6043	 -1.3925	 +0.8558
 -9.2833	 -5.2458	 +0.7008	 +2.5022	 +1.6943	 -1.2669
 +7.2524	 -8.0605	 -0.6533	 +1.9608	 -2.8218	 -2.1178
-103.7915	-101.2249	+204.1913	 +0.7881	 -0.5251	 -0.1943
-15.2436	+11.0082	 +5.4419	 +0.2158	 +0.3780	 -1.1581
-11.6211	 -8.3283	 -8.7545	 +1.4276	 +1.8143	 -0.2258
-16.2363	 +0.0564	 -8.7623	 +3.2993	 -0.1974	 -0.8931
-19.5204	-20.4405	+10.1985	 +0.0181	 -0.5155	 -1.1824
 -8.7907	 +2.4840	+12.9543	 -1.3753	 +1.0361	 +0.8940
 +6.1592	-14.7534	+14.0421	 +3.9640	 +2.1246	 +1.2832
 -4.0856	-11.4013	 +2.5209	 -0.4876	 -0.2515	 +0.6115
-12.7892	+10.1463	-12.7407	 -3.6157	 +0.7167	 +0.1275
-13.3329	 -1.7248	-26.5237	 +1.4263	 +0.7361	 +0.1900
 -4.0739	-10.0918	 +5.6185	 +1.4779	 +0.5316	 -2.7301
-19.9124	 -1.1999	 +5.3281	 -3.8083	 -0.0775	 +0.6905
 -0.8857	 +4.1634	+10.4351	 -2.1571	 +0.8127	 -1.3472
 +0.7299	-11.6595	+12.7992	 -1.9463	 -0.0774	 -0.2821
 -0.6474	 -6.8573	 +5.0829	 +0.7528	 +3.6843	 -1.9955
 +8.1549	-13.7356	+13.7331	 +0.3075	 +3.0756	 +0.2853
 -5.4376	 -8.3200	+11.3715	 -1.0651	 +1.4981	 -2.9385
 -0.5516	 -0.0482	 -6.8079	 +3.7187	 +1.7659	 +2.4764
-82.8487	+415.8030	-102.4529	 -1.8673	 +9.6079	 -2.3791
 -0.1884	 +1.2353	 -1.7916	 -3.0719	 +1.0942	 -1.8780
 +6.3177	 +2.2938	+12.7405	 +0.9808	 +0.3745	 +0.6966
-21.7380	-25.6049	+29.6956	 +0.9809	 +0.4851	 +2.6301
+12.5929	 -9.4005	+16.3981	 -1.7183	 +1.1178	 -0.5104
 -3.5141	-11.6474	+17.5880	 -1.6626	 +0.7930	 -1.0512
+31.3829	-318.4847	-176.8968	 +0.7571	 -7.2873	 -4.0394
-12.7388	+19.6205	-11.2773	 +0.1006	 -0.1659	 -1.2332
-24.0003	 +9.7915	 -8.5229	 +0.5090	 -2.3933	 -1.2287
 -4.5194	 +0.4472	-19.5344	 -0.0014	 -2.2611	 -1.6315
-13.8546	-14.4969	 -3.3921	 +1.7493	 +0.4189	 -0.0667
-27.8645	 +6.7875	+17.8338	 +1.8934	 +0.0966	 -2.3578
-17.5890	-41.4128	+18.4937	 +0.6890	 +1.5511	 -1.7235
 +7.4624	 -2.4535	 +5.5884	 -1.5880	 +1.0507	 -0.3636
-15.7766	 -5.6430	 +7.5262	 +3.6797	 -0.3987	 -1.8329
 +0.2317	 -8.0635	 +7.5590	 -2.2821	 +1.9758	 +1.1478
 -0.0465	 +1.9214	 +4.1032	 +3.6250	 -0.1912	 -0.6749
-85.7511	+32.1229	+51.0278	 -0.9417	 -0.6421	 +0.3791
-10.7258	 -5.0919	 -5.2745	 +1.4521	 -0.5640	 -4.1980
+161.6726	-76.6266	+78.6794	 +7.4948	 -3.7719	 +3.6937
-33.5841	 +9.3236	 +9.9270	 +0.9137	 -0.5013	 +2.6504
-34.4464	-22.3942	-21.7347	 +0.4280	 +0.8957	 -0.2855
 -3.1647	 -1.2397	 -2.5166	 -1.8435	 +1.4334	 +0.2952
-92.4420	-87.8845	-131.0297	 -2.9988	 -2.5242	 -4.3283
 +6.7514	+13.9036	 +5.2527	 -0.8815	 +2.1207	 -1.2685
 +4.5943	-11.9157	 -0.0385	 -1.3741	 +1.3594	 +2.2709
 -9.0147	+24.3198	 -4.5737	 -0.8140	 -0.7596	 +0.3700
 -4.2046	-32.9626	 -0.0707	 -0.4888	 -1.4145	 +2.1690
 -7.8143	 -9.6450	 +1.7868	 -4.3543	 +0.8298	 -0.5388
+19.1652	 +6.1832	 -5.4297	 -0.9185	 -0.5719	 -3.1796
-32.3746	-58.4859	+45.7741	 -1.0982	 +0.3467	 -0.3540
 +8.5372	-11.0783	 +6.1396	 -1.4642	 -1.7714	 +0.6347
 +7.0343	 -2.0715	 +8.1349	 -3.4058	 -0.8674	 +0.6453
 +5.1266	 +1.7199	 +2.5999	 -1.4838	 +1.5969	 +2.7872
 -1.8052	 -7.0373	 -1.3026	 -1.3633	 -2.8034	 +1.9085
-10.9375	 -4.3000	+18.1341	 -0.7404	 -0.4503	 -0.6014
-16.4320	-37.4567	-13.2752	 +0.6374	 -1.1715	 -1.1396
-18.9972	+26.0393	 +0.1321	 -0.3269	 -0.4876	 +2.7367
-29.2519	 +9.8808	-89.6427	 +0.5085	 +0.1249	 -2.1318
-14.6519	 +2.6484	 +6.7312	 +1.3930	 +1.4100	 -2.5896
+86.8823	+44.0128	+175.7339	 +1.0829	 +0.1843	 +1.9359
-11.2031	+10.6392	 +6.1154	 -0.0226	 -0.8986	 +1.0278
+12.1689	-13.7331	 +5.2179	 +0.4977	 +1.1936	 -0.7337
 -3.1291	 +3.7796	 +2.7926	 +0.6891	 -0.3359	 +0.3860
 -9.4188	 +5.8945	-15.8889	 -0.6068	 -1.6581	 +0.7162
 -3.7588	+17.9909	 -1.5729	 -0.7222	 +0.1237	 -2.3853
+10.2653	-21.7895	+14.6461	 -0.6947	 +0.2036	 +1.3675
+14.3371	-10.9698	-18.1342	 -0.9520	 -1.2861	 -0.7121
 +5.3343	+10.1088	 +0.2238	 -0.0401	 -1.4727	 +0.8959
-457.7148	-70.6728	-103.5867	 -6.9848	 -1.0428	 -1.7381
 -7.3434	 +5.8904	+14.0785	 +2.6173	 -2.4468	 -0.2951
 +6.4288	 +3.3779	 +4.0975	 +0.5560	 +1.1708	 -2.2236
 -5.1965	-15.6063	 -4.9620	 -4.0820	 +1.1394	 +2.8388
 -9.7834	+20.9826	 -8.0120	 -1.1756	 +1.6325	 +1.0094
 +5.1594	 +1.3138	 +2.0898	 -0.5266	 +0.9977	 -2.7896
+55.7368	-31.4753	-101.9651	 -0.6489	 -0.0218	 -0.8420
 +6.5257	 -5.3328	 +7.3627	 +1.8779	 +1.3729	 -1.3372
+21.5240	-62.0227	 +4.9760	 -0.1798	 -1.9060	 -0.4813
-11.5122	 -9.6154	 -2.1290	 +0.0477	 +0.3579	 +1.3484
-12.1358	 +1.5236	 -0.1038	 -3.4897	 -0.3038	 +2.6746
-27.6229	 +8.1976	 +0.5257	 -0.3464	 -2.6713	 -0.3753
 +4.8848	-47.4020	 -7.6542	 +1.2181	 +0.2343	 +0.4376
 -9.7378	 -6.1852	-20.1112	 -0.4719	 +1.4709	 -0.9965
-36.1171	 +0.5696	+10.3415	 +1.2680	 +1.5301	 -1.0553
+18.3029	-11.0505	-22.2564	 +0.0754	 -2.1897	 -0.8566
-19.4309	-33.8341	-21.9957	 -0.1583	 +2.9359	 -1.5218
 -3.7217	 -8.4016	 -0.5332	 -3.0972	 +0.8844	 +2.6494
 -4.6649	 +3.2723	 +1.2145	 -2.6292	 -1.1732	 +0.2911
 -6.4616	 -1.4089	 +4.7218	 -0.9446	 -0.0730	 +1.3646
 -3.7686	-36.3499	 -7.6446	 +0.5992	 -0.9246	 +0.7171
-18.3358	+14.1316	-15.3103	 +0.1650	 -1.6099	 +1.5205
+16.4924	-14.3178	+17.7010	 +1.4554	 -1.3325	 +0.1521
+17.3286	+13.5808	-10.2089	 +1.1099	 -1.8564	 -1.0783
-17.0258	+31.5669	-19.0781	 -0.1736	 +0.4704	 -0.1194
 +2.7316	+51.3699	-13.3589	 +1.0038	 +0.8611	 -0.7897
 +6.1563	 -3.3186	+14.0679	 +1.4338	 +0.6429	 -0.7808
-86.6751	+51.1990	+128.6167	 -1.6930	 +1.3450	 +2.0510
 +8.5734	 -5.3081	+14.8581	 +1.3675	 +0.5529	 +0.7448
 -2.9915	 +8.3383	 -6.0674	 -0.8483	 -0.1040	 -2.8609
 -2.8786	 +2.0316	 -2.9835	 +0.7862	 +2.0487	 -0.5025
-16.1135	 -1.3592	 +4.7642	 -1.9131	 +1.5454	 +1.1217
 -1.5416	 +7.7150	 -8.7925	 -1.7110	 -2.1825	 +0.4464
+44.0640	+66.8593	-13.8121	 +1.1391	 +2.2970	 -0.7923
 -3.7152	-16.5733	 +6.1160	 -1.7552	 -3.3592	 -3.4481
 +6.4525	 +3.9499	 -7.5063	 -2.1689	 -3.4583	 -0.6546
+57.3839	-93.4380	+33.9623	 +1.3321	 -2.8632	 +0.3398
 -4.5323	 -2.0890	+25.7560	 +0.6496	 +1.1126	 +1.6935
+30.0809	+54.4991	-255.8777	 +1.6021	 +3.5819	-15.0701
 -1.2839	-16.4309	 -1.4085	 +1.6414	 +0.6478	 -1.5258
 +9.6015	-14.4651	+12.2671	 -0.0171	 -2.8287	 -0.0830
 +9.9335	 -3.9463	+13.8000	 +0.1568	 -1.1892	 -1.3298
-22.3777	 -1.4547	 -5.5253	 +0.2404	 -2.2188	 +3.5565
-19.3755	 -8.5508	 -0.0758	 +0.1037	 -2.8611	 -0.4735
+12.2014	-11.2342	 -2.6583	 +0.3986	 +0.8318	 -0.3116
-186.1332	+265.5892	+40.3357	 -1.9881	 +2.7948	 +0.4705
 -8.1377	-17.1290	 +5.2568	 -1.8232	 +0.1041	 +1.0527
-210.9199	+25.3994	-243.5780	 -5.4412	 +0.3848	 -6.3533
+29.2524	+36.9288	-73.5486	 +0.0118	 +0.0897	 -0.6047
+13.3404	-26.1699	 -2.3019	 +1.2343	 -0.7535	 +1.2512
-10.1013	 -7.4663	 -4.6517	 +1.7774	 -2.1577	 +0.0094
 -1.1476	 -1.3479	 +7.1764	 -1.8010	 -0.6102	 -1.1366
 +1.4037	 +0.5642	 -2.2365	 -1.0930	 +1.2474	 -0.5797
+20.5415	+20.1696	+54.3662	 -0.5050	 -1.1086	 -1.0762
 -1.1236	+42.3253	 -9.7534	 -0.0544	 -2.4859	 +0.0551
 +3.3804	+10.7535	 +1.3820	 +0.7643	 -0.6322	 +3.9931
 -3.7590	 -7.7277	 +0.1831	 -1.6062	 +2.5108	 -1.6541
-15.0254	 +1.7530	 -8.4824	 +1.2375	 -1.6490	 -1.5706
+18.2699	-32.2557	+13.9184	 +0.7286	 -1.3025	 +0.9294
 +0.2247	-31.5501	 -2.9198	 -0.0128	 -2.6454	 -0.5000
 +7.1354	-34.2775	+33.3095	 -1.0556	 +0.6677	 +0.2385
-160.7496	+125.4803	-81.0204	 -1.6411	 +1.1665	 -0.6313
+10.2553	 -1.3593	-19.1094	 -0.0315	 -0.4668	 +0.2899
+10.9227	-53.7750	-64.8614	 -0.6898	 -1.3755	 -0.2283
+13.9450	-18.3191	 -4.9470	 +1.8159	 -0.5678	 +0.1216
-57.3376	+26.0288	-138.8448	 -0.4514	 +0.6317	 -1.6749
 -9.3892	 -1.8738	 +6.1302	 +2.3370	 -1.0521	 -3.5311
+13.5381	 -6.0998	-11.3497	 +0.0198	 +0.7598	 +1.5485
-80.4728	+71.0427	 +7.2126	 +1.2565	 -0.4093	 +0.3642
 -0.4844	 -6.1844	 +7.2839	 +2.9552	 +3.3310	 -1.4162
 -4.7466	 -6.8697	 +1.7001	 -0.7747	 -0.8025	 +4.1999
 -4.3930	-15.9926	 -0.9626	 -1.8460	 +1.5183	 +1.6289
 -3.6284	 -4.4244	 +3.1231	 +1.2069	 +1.8900	 +3.0866
 -3.6766	-21.7814	 -2.9785	 +1.1869	 -3.8448	 +1.0178
+17.5704	+12.4007	 -2.2313	 +0.5666	 -2.2423	 +0.5963
 +8.9217	 +4.0686	 -1.1090	 -1.4984	 -0.5702	 +2.9545
+16.5054	-11.8214	 -4.3519	 +0.4153	 +1.1128	 -1.2627
+24.5819	-28.0390	+23.1170	 -0.1364	 -0.7326	 -0.9177
 +7.4505	-15.7982	 +0.5880	 -3.3717	 +1.1456	 -0.6519
+33.3777	-62.9015	-26.5632	 +0.3671	 -0.7832	 +0.7895
 -0.3099	 -2.5437	 +1.6966	 -1.5855	 +0.7602	 +0.9012
 +2.6009	 +3.2398	 -6.8371	 +2.2183	 +1.9328	 -2.4725
-27.2303	+43.8791	-12.3286	 -0.6812	 +1.7997	 -0.8352
-15.3875	-32.8624	+25.3556	 +0.2930	 +1.3152	 +0.7220
+26.6906	+47.7350	+27.5017	 -0.3898	 -0.8773	 +0.0845
+13.6261	 -2.5277	 -9.1514	 -2.9401	 -0.5220	 -1.5315
 -7.0535	-15.2525	 -7.3614	 +1.0337	 +0.7380	 -2.0936
-24.4586	 -8.7406	+16.9344	 -0.1075	 -0.6614	 +3.1146
 -5.9477	 +2.7261	 -3.4670	 +0.9617	 -2.0591	 -0.7760
+25.4197	 -2.9487	 +6.2338	 +0.4227	 -0.7597	 +0.7689
+187.5464	-79.4599	+258.5762	 +4.6519	 -2.0637	 +6.3265
 -6.9938	 +3.4574	-10.1370	 -0.3582	 +3.0412	 +1.8940
 +1.6842	 +2.9420	 -2.0559	 -2.2034	 -1.1274	 +3.8419
 +3.9168	+26.8594	-21.3131	 +0.5626	 -1.2816	 +0.0238
 +8.5643	 -8.3362	 -3.7268	 +0.9470	 -5.3303	 -1.8784
-10.5165	 -4.2974	 +6.6373	 +1.9343	 +0.3679	 +3.5005
+37.5360	+124.6534	-28.6500	 +0.8370	 +0.0120	 -0.4050
-20.3108	-14.7771	-10.3813	 -2.3798	 -0.9465	 -2.1919
 -1.0648	 -9.3156	+10.8052	 -0.5025	 +0.5467	 -0.5420
 -3.3773	 -5.3745	 +1.1288	 +1.6101	 +0.5792	 +1.6568
-56.1545	 -2.1206	-24.7418	 -1.1820	 -1.7279	 +0.9893
-61.9805	+11.4284	 +1.2663	 -0.3196	 -0.6019	 -0.0291
+20.3156	+18.1703	+16.1525	 -1.5833	 -1.2064	 +0.2626
+13.6808	-27.2914	-44.6968	 +1.0227	 +0.8422	 +0.1863
 -1.9900	+43.9012	 -8.6510	 +0.4844	 -1.4218	 -0.1487
 +2.0286	+14.4064	 -5.9492	 -1.5595	 -1.7976	 -0.7591
-60.8153	+51.3879	-21.0091	 -0.0505	 -0.1017	 -0.3363
-11.2795	 -8.0193	-11.1314	 +0.1400	 -1.3120	 +1.8330
 +9.1160	 +1.2823	-12.2840	 -0.6050	 -1.5005	 +0.1465
 +4.0198	 -9.4688	 +2.4974	 -0.8577	 +0.9222	 -3.7492
 -4.9064	-13.7124	+15.7792	 -3.2521	 -0.7183	 +1.0836
 -6.1009	+33.7438	 +2.1748	 +1.0889	 +1.0233	 +2.0546
 -6.5656	-14.4869	+22.2677	 +0.4515	 -1.4036	 +4.2908
-798.0288	+192.7209	+299.2280	-13.4904	 +3.3510	 +5.2410
-48.2726	-167.9059	+65.2527	 -1.0620	 -2.6193	 +1.0291
 +2.1153	 +4.8736	 -6.7792	 +0.6073	 +3.3870	 -0.7775
+13.8345	+31.4813	+22.1539	 -0.6402	 -0.8493	 +0.3522
 +6.0625	 -7.1720	 +6.1129	 -2.7407	 +0.1937	 -1.3447
 -0.3655	-15.8010	 -2.2061	 +2.7626	 +1.7469	 +1.8054
 -6.0593	-28.1207	-11.3192	 +0.0519	 +0.0409	 +0.7503
-14.6169	 +0.4575	 +6.8555	 +1.9764	 -0.0681	 -2.7647
 -3.2477	 +6.2238	 +8.2892	 -1.7716	 -4.0687	 +1.1771
-17.6260	+20.1765	 -4.5686	 +1.5542	 +0.3071	 -0.0744
-14.0453	 +3.7244	 +6.7522	 +1.6537	 +1.4102	 -2.2962
 +4.5898	 -1.2111	 +1.4602	 -1.4762	 -0.9362	 -0.2168
 +0.9079	-27.0926	-10.6249	 +1.7583	 +0.3000	 +0.7333
 -5.8902	 -3.4608	+24.6060	 -1.6275	 +2.9641	 -1.3899
 +1.5588	 -5.1279	+13.5983	 -0.1885	 -3.6124	 +0.1630
+11.6292	+26.0297	 -2.9954	 +1.9825	 -0.1195	 -0.0359
 +2.3398	 +1.7791	 +5.7688	 -2.4021	 +3.7574	 +1.5051
-14.3962	 +8.0701	 +6.2326	 +2.7992	 -1.3864	 -0.8579
+31.2715	 +5.4504	+11.4042	 +1.0120	 -0.2982	 +0.8393
 -5.8927	-46.5543	+15.5275	 +0.5527	 -0.7252	 -1.5313
 -3.9219	 -5.9375	-18.6967	 -2.5508	 -1.8388	 +0.3530
-44.6112	+19.5800	-12.2554	 +1.4478	 -1.1189	 -1.2803
-17.5681	-18.5145	+11.4597	 -2.4014	 -3.2065	 -0.8591
 -8.1353	 +8.3751	 -5.8025	 +1.5615	 -2.4551	 +1.2446
-12.2220	 -2.9859	 +0.7438	 -4.2054	 -1.8628	 -1.0333
 +7.0941	 +2.4392	+36.5351	 -0.6510	 +0.7407	 +0.6840
 +9.5396	 -6.9122	 +3.1848	 +3.4430	 +2.2189	 +1.1171
 +2.1087	 -6.2751	 +0.2720	 +0.1863	 +1.9843	 -1.9058
 -1.0113	 -0.7682	 -9.5021	 -1.0585	 -2.8825	 -2.1793
-17.7508	 -0.9452	 -0.3120	 -0.9475	 -1.4108	 +1.4631
-10.2691	+15.8805	 +1.2426	 -0.5901	 -1.2069	 +2.4257
 +0.8465	 -2.9992	-22.8146	 -1.4467	 -1.6601	 -0.9265
 -4.0063	+11.5575	 -6.5159	 +1.2543	 -2.1728	 +0.0787
-10.4961	+83.2341	-11.9293	 +0.0817	 +3.2162	 -0.1144
 +5.3210	+11.7140	-20.5287	 -1.7213	 -0.7224	 -1.4726
 +3.7456	 -5.2089	 -8.4301	 -1.4814	 +0.6733	 -2.7704
 -6.4747	 -0.1373	 +3.6301	 -0.0962	 +0.8891	 +1.1965
 -1.3908	 -4.4499	 -7.2095	 -0.1451	 +0.5184	 -2.4143
 -6.9344	 -1.1775	 -4.0190	 +1.0537	 +2.9464	 +1.0382
 +2.0242	 -6.5365	-25.3331	 +2.1514	 -0.5832	 -2.4856
 -9.5075	-16.3519	 +5.1309	 +1.4403	 -1.5282	 +0.8071
+288.3716	+130.0138	 -5.2848	 +4.5630	 +2.1388	 +0.1857
 -1.9483	-13.0863	+10.8633	 +0.1465	 +1.2658	 +1.5609
-23.9650	-24.8109	+15.0476	 -0.2356	 +1.6640	 -0.3292
-12.3695	+14.6764	-16.5725	 +3.1273	 +1.2427	 -0.9086
-40.1053	+25.3637	 +6.1026	 -1.2008	 -0.1214	 +0.5561
 -4.9176	 +5.3681	+62.4884	 -0.6813	 +0.5375	 -0.2964
+11.5230	+25.2478	 -1.2411	 -0.0154	 -2.8408	 -1.1208
-18.7415	 +7.7614	+12.6813	 +2.4014	 -0.3961	 -0.1776
-12.2350	 -7.9783	 +3.9417	 +1.2148	 +0.7412	 +1.0536
-31.5748	+204.3714	-106.3810	 -0.7663	 +3.5697	 -1.8466
+12.9535	 -0.5784	+19.3280	 +1.8308	 -3.1222	 -0.6933
-31.5564	-36.7240	-25.9800	 -1.7636	 -1.4782	 -1.6594
-17.3297	 +2.1813	 +1.4520	 +1.4774	 -1.8510	 -2.0189
-11.5398	 +2.4066	 +4.2680	 +1.1588	 -4.3005	 -0.0940
 +9.6040	 +0.7988	 +6.2667	 -0.0233	 -1.1211	 -0.8665
-15.4213	-17.0663	 -4.8092	 -1.7727	 -0.6893	 -2.0007
 -7.5923	-20.0640	 +7.5196	 -0.0179	 +1.8803	 +1.9735
-21.7327	 -5.7680	-19.1908	 +0.2043	 +1.8031	 -2.3289
-64.3696	-48.1653	-26.7516	 -1.8258	 -0.0084	 -0.1594
-31.7449	 +9.4485	 +9.4431	 -0.4308	 +1.0469	 -0.4613
 -7.7887	 -7.4322	-18.3855	 -0.9443	 -2.9661	 -0.4831
 +5.3865	-23.5531	 +9.0612	 -0.2104	 -0.3067	 +1.3553
 -5.3058	-23.0237	 +6.4200	 -1.1113	 +0.8874	 -1.3773
+24.2607	+12.5758	-65.8606	 +0.2945	 -0.1526	 -0.1490
+15.4867	 +4.8192	 -0.6754	 +0.0727	 +0.5005	 +0.1004
-21.3590	 -1.3591	 +2.5673	 -1.0438	 +2.6980	 -1.2741
-23.6451	 -3.0788	 +5.7631	 +0.5649	 -0.7577	 +1.5830
 +9.2498	-31.2521	+23.0883	 -0.4007	 -1.4706	 -1.9155
-11.4213	 +5.9925	 -0.0423	 +0.1188	 -0.0460	 -0.4668
+66.6506	+88.2837	+87.9114	 +0.2626	 +0.6285	 +0.9520
+16.8532	-13.2992	 -5.4105	 -0.7503	 -1.3825	 -1.1910
+23.3733	 +5.3616	 +1.0588	 -0.2662	 +0.0889	 -2.4813
+33.2668	-26.1918	 -4.8233	 +1.0015	 -0.2630	 -0.0437
+19.7340	-32.8378	-25.0154	 -0.9531	 -1.8843	 +1.2852
 -8.0082	 -5.2853	 +2.2158	 +1.6747	 -0.4694	 -0.9867
-20.1307	 -8.6553	 -0.4502	 -0.2002	 +0.7011	 +1.5818
 +5.0711	 +5.9983	 +9.1347	 +1.8016	 +1.5644	 -0.9822
 -6.2852	 -7.1874	 +5.7589	 -2.2891	 +3.9119	 -1.9598
 +5.2888	 +4.6645	 +5.6104	 +1.6970	 -0.4672	 +3.2891
 +2.0110	 -4.5410	 -2.7663	 +1.2253	 +0.2708	 -0.6055
 +0.9800	-18.0153	 -1.3693	 +0.3776	 -0.1907	 -0.3942
 -4.7738	 +8.3685	 -9.4001	 -1.5818	 -1.9752	 -2.1575
+12.6185	 -6.2047	 +2.0994	 -0.2813	 -0.6271	 -0.5173
-738.1671	-223.2772	+619.6278	 -9.3162	 -2.7999	 +7.8927
 -4.0617	 -4.6339	 -6.4301	 +0.1817	 +3.5990	 +0.8667
 -1.8557	 -9.7189	-13.0985	 +0.3277	 -1.7047	 +0.3569
 -5.8613	 -8.8483	 +2.2960	 +4.6502	 -0.1099	 +1.1175
 +6.8155	+17.7797	+17.5774	 +0.1596	 -0.0532	 -0.6513
+44.5794	 +9.4229	 -9.2991	 +0.1561	 +0.4659	 +0.1438
+15.1800	+13.0025	+22.7721	 -0.3899	 -1.5340	 +0.3902
 -4.1991	 +9.0533	 +1.5485	 +3.8717	 +1.5047	 -2.3445
 -9.4123	 -5.0906	 +2.6951	 +2.8764	 -0.0505	 -1.7543
-10.0872	+16.6795	+10.5634	 -2.0061	 +2.7098	 -0.0763
 +6.9083	 +3.2476	-53.3484	 +1.7809	 -0.0060	 -0.5190
 -7.3226	-42.3480	 -2.8500	 +0.5389	 -1.9071	 -0.8628
 +1.2196	 +3.4223	 +8.4807	 -2.0052	 +0.4002	 +0.3816
-12.3974	 +5.5359	 +0.3878	 -0.8513	 -0.4503	 +0.4633
 -6.8574	 -2.5795	 -7.0796	 -1.8106	 +0.4258	 -2.5322
+52.5394	+51.4510	+19.0818	 +5.8628	 +5.5358	 +2.7854
-47.5366	-16.0053	-26.5594	 -1.3998	 +0.8565	 +0.6135
 -1.7466	-20.0641	 +7.9806	 +0.7285	 -0.6783	 -0.1541
+36.2517	+85.8861	 -0.3527	 +1.1473	 +2.1600	 +0.5848
 -8.4115	 +2.2971	 -5.4679	 -1.7820	 +1.6127	 +0.8784
+21.5555	 +1.6637	+20.0907	 +0.2207	 -0.0188	 -1.5181
 +3.2843	+12.9419	+10.4776	 +1.3241	 +1.2709	 +0.7367
 +6.5331	-13.0623	+12.5345	 -2.9764	 +0.6946	 -0.0674
-50.9202	 +7.8471	-62.8704	 +0.9463	 -0.0364	 -0.1070
+95.4178	-15.2996	 +2.8842	 -0.1453	 +1.0374	 -0.8728
 +3.5551	-34.2905	-73.2698	 -2.4285	 -1.0484	 +0.3119
+14.8839	-36.3855	 -1.1593	 -1.5894	 -1.8900	 -0.4949
-73.6617	+26.7695	 +4.5640	 -0.6624	 +1.7031	 -0.3927
 -7.0398	 +7.3403	+20.4087	 +0.1638	 +0.7788	 +0.6112
 +0.9451	-19.8307	 +5.0297	 +2.2539	 +1.6550	 -0.6839
-24.0275	 -2.7207	-27.8354	 -2.9402	 +0.1316	 -1.2274
 +6.6805	+50.2614	+52.8930	 -0.5690	 -1.7799	 +0.7367
+10.6761	 -1.8123	 +8.5121	 +2.9016	 +1.7066	 -3.6893
+11.7675	+22.2439	+16.9647	 -2.0516	 +0.3845	 +0.0771
 -8.7683	+11.3519	-23.5827	 +0.9918	 -0.7359	 +0.7072
 -8.9267	 -8.5250	 -3.0895	 -3.4037	 +2.2396	 -0.6259
 +2.4372	+15.6974	+45.4442	 +1.3681	 -0.4582	 -0.0238
 -7.1152	+19.6666	 -1.3596	 -0.5913	 -0.9532	 -0.0746
-16.5395	 -2.0393	 +5.5834	 +2.2216	 +1.6495	 +0.9542
 -1.5153	 -1.0496	 +5.0211	 -3.3523	 -0.5446	 -0.2948
+19.6701	+44.9122	-10.5973	 +0.0464	 +1.0412	 +0.7307
 +4.3689	-22.4461	-12.3252	 +0.9957	 +1.2380	 -1.8908
+18.7228	 +5.3781	-20.6157	 +0.2876	 +1.1482	 -2.0395
 -3.8031	 +4.5634	 -8.9139	 -1.7386	 +0.9035	 -0.6293
 -5.3366	 -1.8278	 -5.3156	 +0.3767	 +0.8786	 +5.8402
 -2.8201	 -6.8439	 -8.0520	 +2.1494	 -2.8311	 -2.3296
 +1.3897	-21.7366	 -0.3329	 -0.8631	 -0.2907	 +0.6976
-83.4706	-21.1651	 +2.3778	 -1.0493	 -0.6609	 +0.0146
+44.5511	-30.3721	-113.7568	 +0.4395	 -0.4221	 -0.7788
 +4.2163	 -2.2120	+15.0476	 -1.1066	 +1.8860	 -3.0088
 -2.2003	 -0.1512	 +1.0014	 +0.4091	 +3.5212	 -1.3700
 +8.3091	-13.6746	-22.1938	 +0.0278	 +0.4379	 +0.7627
-22.1527	 -9.6049	-12.7260	 +0.6685	 +1.1303	 +0.7876
+40.4266	-31.3712	-52.0919	 -1.4070	 +0.3181	 +0.1203
 +6.7413	+11.2743	 +7.7244	 -2.8647	 +0.5245	 -0.3648
 -9.5304	 +6.2953	 -0.6837	 +2.8770	 +1.3665	 +3.3481
+37.2480	-55.3590	+63.7134	 +1.0333	 -0.6223	 +0.2701
 -8.9318	 +0.6501	 -1.7261	 +0.3917	 +2.9880	 +2.5386
-45.6310	+15.4333	-51.8162	 -1.1322	 +1.6994	 -0.5478
-60.7616	+26.9650	-50.1175	 -0.8516	 -0.2277	 +0.4045
-10.6147	 +0.9337	 -9.6279	 +0.3021	 +0.6172	 +2.8505
+22.6141	-72.0145	-64.9735	 -0.2191	 -0.7502	 +0.3409
 -8.0686	-76.7297	-24.5580	 -0.4837	 +0.7647	 +0.4611
-84.6607	 -9.5129	-17.7161	 -3.0757	 -0.5801	 -0.6075
+14.8376	-13.3830	 +2.3474	 -0.9444	 +2.9089	 +0.9471
 +3.2144	 -5.3610	 -6.6378	 +2.2208	 +1.9410	 +1.8392
-26.4869	 -7.7759	 +0.4444	 +0.9421	 +0.6332	 -0.3948
 -3.0072	 -5.0085	 -1.7387	 +0.0106	 +0.7760	 +4.4726
+28.4504	 +5.0942	+21.8425	 +2.0610	 -1.1997	 +0.5625
-19.9698	-112.1722	+85.2267	 -0.2818	 -0.4251	 -0.9883
+67.9958	-82.1511	+53.3686	 +1.6936	 -0.9304	 +0.5258
 +6.8234	-19.1585	 -8.0686	 +3.3734	 -0.2609	 -1.1642
 +4.7331	 -6.5576	 -4.5157	 -0.1287	 +0.9478	 +3.2292
 -6.5778	-12.5019	 -6.3790	 -1.8127	 -2.1473	 +0.5119
 +7.9913	-10.1552	-15.6005	 -2.7355	 -0.6523	 +1.6861
 -4.6459	-32.2780	 -2.6786	 +0.8500	 +0.7751	 -2.9504
+38.9194	-16.2474	-126.5756	 +0.6171	 -0.3150	 -0.5446
-19.8034	 -9.9032	+17.2096	 -1.4854	 -2.6081	 -1.5050
+12.5450	 +2.5020	+13.7179	 +0.4746	 +1.1047	 +2.4235
-11.4284	 -2.6357	 -1.0574	 -3.4072	 +1.0102	 +0.2938
-23.6306	+12.0110	+11.6177	 -0.8681	 +0.5565	 -2.2411
-13.9563	 -0.9216	 -5.4397	 +1.1392	 -3.8530	 +0.6200
-16.6614	 -8.2089	 -6.7315	 -2.4796	 +2.4965	 +1.4545
-41.6481	 +9.9465	 +9.5436	 -2.1644	 +1.1016	 +0.9581
 +3.0767	+10.2604	+25.5856	 -0.3304	 +2.6185	 -0.1539
-10.5107	 -6.1590	+23.5018	 -0.5693	 +3.3512	 -0.2888
-92.4454	+98.3951	+119.3674	 -1.3872	 +1.0186	 +2.0359
-394.4630	+10.6086	+465.7180	 -5.8373	 +0.1965	 +6.9922
 +6.5734	 -3.4950	+10.0538	 -1.5477	 -3.3997	 -1.4501
 -8.0908	-10.8207	 +0.4435	 +0.0051	 +3.0012	 +0.5157
 +1.6705	 -1.1278	 +1.4640	 -1.7512	 +2.3034	 +1.5161
+36.8950	+10.2446	+37.2362	 +2.2783	 -0.0504	 +0.1454
 -4.5303	-14.2017	 +4.7313	 -0.8616	 -1.6836	 -0.6245
 +2.8059	 +8.0734	 +7.4577	 +1.5189	 -1.5180	 -0.0646
+12.2540	+46.0964	+22.9839	 -0.0508	 +6.7609	 +1.0025
-36.2239	 +5.2347	+15.5012	 -2.1584	 +1.4046	 +0.7847
+28.3747	+10.3885	 -2.4994	 +0.5597	 +2.0774	 -0.4426
 +9.8901	 +1.1519	 -0.2784	 -2.2104	 +0.8162	 -1.2378
+26.1768	+12.2160	 -8.0376	 -0.5106	 +1.9509	 -0.8844
 -4.1772	 +3.8307	 +2.9606	 +1.0140	 +2.6115	 +2.0886
 -1.9726	 -2.4931	+25.1442	 -0.0922	 -1.3114	 -1.5774
 -4.4259	 -5.5488	-18.0779	 +2.7087	 -2.1719	 +1.1606
 +9.8238	 -6.8447	+16.7299	 -1.2035	 -1.9209	 -2.0726
 +9.5264	-11.7774	+11.7323	 -1.7232	 -0.2755	 +1.7722
 +0.2107	 -9.3696	 +7.2834	 -3.4945	 +1.6388	 +3.1418
 -1.7539	 -1.1121	 -2.4720	 -0.8957	 +2.4199	 -3.4170
-11.7958	+25.3442	-42.4483	 +0.6571	 +0.7572	 -1.0343
 +2.3147	+24.3643	-18.9456	 +0.3981	 -0.1988	 -0.0097
 -7.5388	-22.3313	+14.4921	 +3.1274	 +0.7285	 -0.1164
+24.2509	-22.0968	+23.8469	 -1.7389	 -0.5815	 -1.2469
+921.1576	-359.1157	-651.9366	+13.2588	 -5.1945	 -9.4743
+243.4155	-91.2293	+227.7701	 +7.6580	 -2.7233	 +6.7557
 -1.8680	 -2.5092	-13.3481	 +2.8386	 -3.6252	 -1.0662
-13.2326	 -4.4115	-11.3741	 +0.6215	 -1.7536	 +0.9450
+13.6104	+40.1504	-33.2714	 -0.0914	 +1.2350	 +1.6082
+12.4272	-23.5793	 -7.1584	 -1.6569	 +2.5083	 +1.5144
 -6.4470	 +4.1134	+15.5252	 -2.5014	 -0.0433	 +3.0215
+39.8930	+264.9450	+40.3321	 +0.5099	 +3.7495	 +0.3607
-21.9997	-16.7976	-51.1514	 -2.3665	 +1.8925	 +0.5088
-25.6106	 -0.7865	-25.8596	 -0.0035	 -2.1283	 +0.3776
 +4.6564	 -3.5467	 +8.1440	 -2.7240	 +2.1370	 +0.6415
-14.5532	-12.7098	 +1.8248	 -0.6527	 -2.0143	 -0.8162
 -6.9135	 +8.5688	 +0.9195	 -1.0916	 -2.7085	 +1.5673
-11.0315	-14.3212	-15.4771	 +0.7185	 +0.8873	 -0.4198
-17.4249	 +3.9668	+23.8989	 +0.4473	 +1.0303	 -0.8466
+11.2857	 -3.1229	 +8.0654	 -0.8862	 -0.9379	 -0.8448
+15.3125	 -1.2503	+18.9051	 +1.5130	 -0.2588	 -1.0138
-18.0850	+13.8040	 -0.4179	 -1.9270	 +1.1881	 -2.4992
 +0.0584	 +7.6163	-69.2751	 +0.0739	 +0.9370	 -2.5182
-94.2343	-144.0443	-199.0790	 -1.1254	 -1.7598	 -2.3662
+51.0645	+13.4860	-106.3384	 +0.3463	 +0.0579	 -1.1908
+16.7996	 +6.8959	 -9.6907	 +0.2596	 +0.4908	 -1.7313
-10.0697	-15.6433	 -8.5980	 +2.3831	 +1.5089	 -3.3145
-36.4600	 -3.0507	 -1.5254	 +0.4956	 +0.7876	 +1.5764
 -9.4948	-27.5183	+38.2896	 -0.2975	 +0.3233	 -0.8788
-97.7689	+44.2166	-50.3378	 +0.5008	 -0.2637	 -0.2021
 +6.8344	 -1.0407	+11.3223	 -1.3762	 +0.9730	 -2.3729
-11.5994	-28.0595	-12.8918	 -0.0045	 +2.3418	 +1.3250
+15.6368	 -1.8576	-10.6116	 +5.4214	 +1.2021	 -3.5633
-13.6185	 -6.7445	 +0.6324	 -0.5074	 -2.3774	 -1.3998
 +2.3739	 -3.3995	 -3.7312	 -0.3267	 -2.1549	 +1.7093
-16.2892	-13.3805	 -3.5637	 -1.0230	 +2.8441	 -0.4331
 +0.8788	 -0.1191	+12.0579	 +2.1734	 -2.2045	 -0.3054
 +8.6772	-126.8156	+12.7852	 +1.3545	 +1.2793	 -0.2469
 -6.9749	 -3.4841	 +0.9346	 -1.5273	 -0.0173	 +0.2300
 -8.8664	 -4.0010	 +9.0366	 +0.4417	 +3.4751	 +1.1814
-12.5832	+13.5010	 -6.0713	 -1.5339	 +0.8490	 -0.9359
-12.7386	 -2.9114	+21.0172	 +0.0294	 -0.1057	 +2.9366
-11.4641	 -4.4663	+12.0883	 +1.0870	 +1.2187	 +3.0980
 -3.7483	 +4.6171	 -0.9163	 +1.5305	 -0.9412	 -2.2004
 +1.3361	 +9.7202	+15.7006	 +1.1861	 -0.1938	 -0.8007
 +9.8511	-39.7030	 +4.8281	 +1.7465	 -0.0711	 -2.2442
 +4.1472	 +3.9882	 +6.5415	 -0.9791	 +2.1521	 +0.2557
 -5.1343	 -6.1659	 +1.5863	 -1.1582	 -2.1597	 -3.5917
 +6.6288	-21.4677	 -5.4215	 +0.0784	 +1.9157	 +2.9754
-10.2505	 +4.3003	 +3.0082	 -4.3486	 +1.9319	 +0.4944
-14.3966	 -9.2766	 +1.0367	 -1.3440	 +0.6357	 +0.7107
 +0.7770	 -0.3855	-12.1710	 +0.8709	 +0.8961	 +2.2408
 +4.1196	-37.3160	 -3.9615	 +0.3083	 +1.6321	 -1.3462
-13.1987	+18.8375	-10.8821	 +1.1936	 +1.3769	 -0.8868
+23.6806	 -2.5355	 -0.2883	 -1.5481	 -0.5662	 +1.5336
+71.3136	+105.5714	+74.8137	 +1.6337	 +2.1521	 +1.9824
-65.6711	+52.4375	-54.2625	 +0.0052	 -0.2844	 +0.5037
 -1.9964	+54.4084	-26.3532	 -0.8686	 +1.4463	 +0.2933
 -8.5570	-11.7073	-14.5055	 +2.2287	 +1.7100	 +1.6332
 +9.6487	-16.2323	+32.0901	 +0.3553	 -0.1063	 -0.5559
+24.7783	 -9.4397	 -4.0451	 +1.5541	 +1.3475	 +0.2054
-36.5302	+28.5249	-27.7408	 +0.8609	 -0.7054	 -0.5129
+53.7372	+56.7942	+30.9784	 +0.5704	 -1.3196	 +1.7434
-177.9048	+134.2244	+128.3698	 -3.6650	 +2.5418	 +2.6143
 +8.4817	 -4.6240	+23.6645	 -1.2357	 +0.2634	 -1.7790
 +6.2123	-21.2351	 -7.9790	 -0.3739	 +1.0806	 -0.4603
 +2.0074	+16.7786	+17.9797	 -0.0579	 +1.7868	 +2.0026
+10.5457	 +4.8448	-25.8345	 -0.7818	 +0.5550	 +1.3398
 -6.8679	-11.0634	-10.7744	 -1.8069	 +0.6176	 +0.1100
+19.1578	+53.7414	-25.1503	 +0.4222	 +1.4228	 +0.8206
 +4.8752	 +9.9705	 +4.9714	 +1.5534	 -0.5401	 +0.7928
 -5.3925	 +6.8514	 +9.3203	 -0.6272	 -0.9655	 +3.1049
-10.6124	 +6.9267	-21.7780	 -0.7434	 +1.9669	 -1.3873
 +6.3480	 +7.2101	 +9.2386	 +1.9738	 +3.2868	 +0.6063
 -4.8102	-13.3575	-33.6018	 +2.9525	 +1.7442	 -1.7688
+29.0427	+14.2347	+60.4741	 +0.6466	 +0.7673	 -0.4045
+15.8846	 -2.3973	+16.8393	 +0.8203	 +1.7136	 -1.4319
-13.0667	 +0.7465	 -6.9384	 +2.1607	 -2.1684	 -2.4139
+15.4235	-12.6119	-10.9786	 +1.5788	 -1.8456	 -1.7147
+33.9984	-23.8486	-50.8957	 +1.3206	 +0.2683	 +0.4472
-12.0818	-12.9803	 -4.7003	 +1.2438	 -1.8050	 -0.9417
 +8.6952	+22.6455	 -3.1661	 -0.0989	 +1.2172	 +1.2168
 -5.4672	 +3.8209	-16.3909	 +3.7293	 +1.1952	 +0.7789
 -6.3799	 -7.3489	 +0.8562	 -0.1785	 -1.0346	 -2.2972
-24.6063	 +1.1619	+16.1866	 +2.9193	 -1.2837	 +2.0046
-10.5613	+41.2968	-12.8954	 +0.5726	 +0.6156	 +1.2756
 -6.9358	 -5.1099	-20.3282	 -1.2991	 -1.4226	 -0.4914
-18.0069	+13.7147	+10.3639	 -0.9519	 +0.3108	 +0.6073
+11.9725	 -2.6245	-21.1651	 -3.0160	 +0.7435	 +1.1228
 -0.4182	+18.0064	 +5.7265	 -1.5675	 -0.7012	 +2.2166
 +0.1426	 -9.1410	 +5.7811	 +3.5775	 -0.7190	 -1.8974
 -5.8140	 +2.5397	 -6.9554	 -0.0153	 +0.4789	 +3.2172
+37.1886	 +5.9125	+30.3766	 +1.1674	 -0.8700	 +1.4062
 -6.3935	 +2.9631	 -2.6397	 +2.1230	 -1.1930	 +0.0028
+13.1301	 -4.6941	-35.4174	 -0.5100	 +2.4412	 -1.8390
 -6.9926	 -4.8010	 +0.6812	 +1.6466	 -0.9188	 +2.3616
 -2.3300	-11.6791	 -5.1515	 +1.7353	 -1.1082	 +0.9705
+11.5762	-326.3474	+231.3603	 +0.1225	 -3.7655	 +2.5650
 -0.2968	+16.3530	+11.0189	 -0.4889	 +0.2888	 -1.6459
 +6.3948	-18.3997	 +2.5631	 +0.9627	 +3.1066	 +2.1099
 +4.7359	 -2.0585	 -7.3896	 -0.0777	 +1.1973	 +1.5929
+24.6591	 +1.9391	 +9.2508	 -1.7336	 -0.7021	 -0.8006
+10.5362	 +5.2600	-22.8149	 -1.2541	 -1.1987	 +0.9840
 -6.5431	 -1.0788	 -7.2028	 +2.0512	 -1.9300	 -1.8617
+33.1984	-83.9599	+71.0811	 +1.5404	 -2.4309	 +2.6730
 -2.0212	 +0.2256	-13.6328	 +0.1533	 -2.1177	 +0.6838
-35.6435	 -8.9255	-18.0408	 -1.9265	 -1.5527	 +2.0128
 +3.9091	-10.7626	 -7.7902	 -0.2405	 -1.3897	 +1.3114
+12.9759	 -3.7794	 +0.5144	 +1.5691	 -0.5048	 +0.2999
+10.2701	 -2.5656	 -6.8826	 +3.5360	 +0.8991	 -0.8571
+14.4955	+21.7685	 +4.5818	 -0.6611	 -0.5423	 +0.6630
+30.5526	-64.8038	-24.7653	 +0.2236	 -0.7423	 -0.2775
+189.6569	+17.2120	-291.7653	 +2.8118	 +0.3051	 -4.0350
 +5.3112	-14.8033	-16.9824	 +1.7711	 -1.4507	 +0.9528
 +5.8608	 -4.9896	-12.5935	 +1.1000	 -0.8093	 -3.0086
 +1.4270	-13.5615	 +1.3046	 +0.6268	 -1.5554	 -0.9485
 -3.7764	 +8.6452	+21.7248	 +1.8319	 -0.8230	 -1.2456
-10.5134	+15.9881	 +2.3197	 +3.8065	 +0.6548	 +0.0723
+19.8305	-35.3492	-60.5208	 -0.1448	 -0.8379	 -1.6538
+12.0116	 -0.5306	 -9.4151	 -0.2399	 -2.1700	 -3.3914
 -1.7153	 -1.0522	 -0.4792	 -0.6348	 -2.7563	 -0.2851
-10.4401	 -3.1970	 +4.9023	 -1.7486	 +0.2341	 +0.8191
-19.4261	+95.0626	+63.2409	 -0.8183	 +2.6250	 +1.2723
-44.3977	-63.0301	-68.7444	 +0.1015	 -0.9313	 -0.6747
+33.7252	+14.5930	 +9.6622	 +1.5977	 +0.0293	 +1.1796
 +1.3324	+16.3049	-35.9419	 -1.7268	 -0.8245	 -0.9528
 -7.9832	 -4.4912	 -3.0704	 +0.3189	 +3.6771	 +1.1603
 -0.9407	-17.6729	 +3.1949	 -0.6957	 +1.2419	 -0.1213
 -1.0598	-18.5932	+10.0568	 -1.3815	 +3.2549	 -0.6834
-11.6569	 -4.5437	 -0.8521	 +0.9624	 -0.3813	 -1.0746
+21.2588	 -0.9719	 +4.5129	 +0.0332	 -1.4606	 -1.1681
-276.9074	+115.5989	-232.4868	 -5.4290	 +2.3967	 -4.2579
+21.5301	-13.1011	 +4.6912	 +1.0837	 -0.1768	 +0.5568
+16.3314	+51.0254	-64.8881	 +0.7630	 +0.1466	 +0.9638
 -4.7405	 +4.6713	 -6.2419	 +4.5019	 -1.0874	 -1.7774
+135.1668	+294.6019	-19.6800	 +1.5471	 +3.4023	 +0.0514
+18.1075	 -5.6268	+13.1506	 -2.5746	 +0.8159	 -0.6124
-13.7019	 +3.7530	 +2.6291	 -1.3253	 +0.7692	 +1.5531
-10.9951	 -2.8596	 -6.6991	 -2.2877	 +0.0975	 +3.8526
 +9.5737	 -7.2445	 +1.2980	 -3.4001	 -0.3030	 -1.2249
-10.0655	 -1.2559	 -9.0627	 +0.6520	 +3.2313	 +2.8022
-138.1685	-969.9615	-74.3957	 -3.3946	-24.0428	 -1.6080
+11.5845	 +9.5921	-19.1777	 -0.8411	 +2.5288	 -2.2989
+19.0045	 -1.9656	-10.8911	 +0.8523	 -2.7740	 -0.9288
+12.4614	 -1.6992	+67.0973	 -1.6717	 -0.7195	 -0.1270
 +1.0093	 -2.6650	 -1.3129	 -4.8042	 -0.3918	 +0.1199
 +5.1187	 +8.3474	 -5.4813	 -2.9653	 -3.6848	 +0.8744
-13.9170	-17.5185	 -3.3527	 +1.3279	 +2.6370	 -2.1061
-10.4264	-13.2225	 +0.2956	 +1.2420	 -3.0472	 +0.0440
 -6.7467	 +9.4590	+11.0320	 -0.6382	 -0.4194	 -1.3345
 -6.4787	 +0.6046	 +4.2656	 +0.1802	 +5.1359	 +2.4206
 +6.1780	 -7.6074	+18.1134	 +2.0012	 -1.8938	 +1.5136
 -0.0570	 -4.9920	 +9.9740	 -0.4011	 +1.0485	 -2.3371
-21.9743	 +7.8739	+16.7766	 -1.0640	 -2.0503	 +0.2154
 -8.8216	 -5.4662	 +2.9624	 -1.0190	 +2.4874	 -1.5770
-19.1378	 +8.9105	 +7.4403	 -0.4844	 +2.0092	 +1.7125
-26.3797	+38.7123	+16.5060	 +1.7691	 -1.2685	 -0.5047
-12.7307	-10.4283	 +3.8164	 +1.8220	 +0.4725	 +1.9013
+10.9867	-11.8101	 -3.2721	 +0.3552	 +1.0169	 +3.2802
 -0.0537	-52.0189	 +6.6016	 -1.1067	 +1.6003	 -0.9636
-64.8740	+61.8000	 -9.1164	 +0.1966	 -0.6897	 -0.6079
-24.2716	 -0.3111	+12.4334	 +0.9078	 -0.1295	 -0.6846
 -0.9758	-10.9402	-13.8475	 -0.6725	 +0.5593	 -2.2077
+80.7787	+81.2165	-57.6067	 +1.4976	 +1.8231	 -1.0046
 -1.1963	-15.6676	+19.0294	 -2.0480	 +2.0794	 +0.0116
-53.7104	+120.8960	-27.9675	 -0.2390	 +0.6088	 -1.3127
 +3.9449	-30.6873	+12.6736	 +0.9529	 -2.5873	 -0.7557
-24.3870	-13.9014	-64.7693	 -0.0725	 -0.2683	 -1.2855
 -0.5700	 -2.2305	 +2.1135	 -2.1417	 +0.3063	 -2.1897
-21.9869	 +6.6869	 -9.7118	 -0.5035	 +2.5629	 -1.0832
 -4.5371	 -4.9768	 -4.9297	 +1.0209	 -3.3182	 +0.9224
 -8.6010	 +0.8021	-20.4102	 -0.7598	 +2.5467	 +1.7966
 -7.6507	-11.6505	 +8.9912	 -1.6003	 +3.1824	 +0.2379
-12.0043	+14.3426	-40.3516	 -0.2309	 -0.0942	 +2.1155
+19.5378	 -0.1681	+21.9858	 +1.3350	 +0.2051	 +0.3538
 +1.9146	 +5.1861	 -5.4055	 +2.2066	 -1.0092	 -1.3501
 -3.8228	 +0.1602	 -2.3656	 -0.7780	 +3.3291	 +0.4917
-56.8123	+295.7769	-926.8613	 -0.7135	 +3.6784	-11.6128
 +1.4663	+10.0841	 +8.5266	 +0.3822	 +1.4212	 -1.5454
+50.4495	+36.1933	-36.3630	 +1.1697	 +0.8316	 +0.0568
+113.4446	+62.7868	-139.7581	 +1.5069	 +1.0330	 -1.9190
+151.4978	+11.1893	-42.5750	 +1.4111	 -0.0201	 -0.3846
 -1.0363	 +2.3288	 -5.9638	 -0.3618	 +0.0599	 -1.3583
 -0.8857	-11.9534	 +0.0284	 +0.0771	 -0.9761	 -3.1891
 -9.8715	-88.7563	+81.6695	 +1.0297	 +0.9771	 -0.9877
+17.3215	+15.6174	 -4.5307	 +1.3244	 +1.8259	 -1.6378
 -2.6030	-18.9471	 -0.2294	 +3.3069	 +1.7401	 +2.6777
-10.7071	 -5.5627	 +0.7618	 -0.8889	 +1.9775	 -2.7613
-58.9416	+35.5170	+69.2618	 -1.1809	 -0.5303	 -0.0620
+10.0371	-12.2114	 -0.7710	 +1.4430	 -3.1058	 -0.7301
 -7.9347	+18.1751	 -0.3104	 -0.3232	 -0.1994	 -1.7630
-24.2729	+23.6984	-61.4782	 -0.8442	 -1.9900	 -0.5402
 -5.5152	 +2.7238	-13.3332	 +2.4203	 -0.8266	 +0.4562
-15.9282	 -1.9335	-14.3606	 +0.1742	 +0.2597	 -0.4246
+19.6703	-35.3630	-40.2989	 -0.3845	 -0.1315	 +0.9437
 -7.9457	 +6.7691	+15.6872	 +1.4070	 -3.3177	 +1.1534
-16.5853	-47.2395	 +5.3743	 +0.3309	 -1.3062	 -0.4075
-16.5044	 -9.0333	-13.3955	 +1.7681	 +2.6276	 +0.1680
 -3.0488	 +7.7712	 -6.6621	 -0.5207	 -3.6299	 +0.3826
-20.5046	 -2.7229	-12.6502	 -0.8524	 +1.1048	 +0.6420
 -7.7556	+13.6074	-14.4876	 +1.6859	 -0.5720	 -1.2499
-26.4191	-31.7340	 -3.3206	 +1.6612	 +1.4094	 +0.8349
 -1.9991	 +4.4438	 -2.3012	 +2.3690	 -1.4455	 +1.4237
 -5.7712	+11.0768	-10.9494	 +0.7021	 +2.5824	 -1.9374
-17.4314	 +4.3994	 -8.7673	 -3.1080	 -0.4554	 -0.4223
 +7.5992	 -5.2874	 +6.6957	 -3.0213	 -1.9720	 +1.1508
 -0.1923	-29.4628	+64.7248	 -0.9003	 +0.7962	 -0.7660
 +7.8399	 +8.3012	 +6.9728	 +3.7632	 -1.2186	 -0.6318
-11.5863	 -4.5446	 -3.0958	 -0.3781	 -2.5199	 +2.7666
 +1.0780	-15.0991	-19.8284	 +1.7992	 +1.5555	 -0.8022
 +5.6025	+15.6494	+32.8521	 -0.1914	 -0.3618	 -0.7924
+12.4832	+75.7545	+81.7956	 -0.0759	 +1.1974	 +0.4145
+18.9130	-59.7350	 -1.2811	 +1.1418	 +0.4240	 -0.6846
-59.5815	-55.0986	+28.6450	 +1.5066	 -1.4849	 +1.1274
+175.6190	+151.4823	 -0.4457	 +1.6336	 +1.6257	 -0.0915
+31.1287	+12.7775	 +0.9536	 -0.0146	 +0.8678	 -1.3509
+31.1605	-13.9576	-44.7968	 -0.9205	 +0.9629	 +1.3406
+17.2208	+17.9349	 -8.1230	 -0.2067	 +0.1068	 -0.8034
+17.1384	 -4.1254	 +3.1917	 -0.0236	 +1.0531	 -2.8643
 -8.3010	 +4.4716	 +5.3543	 +1.7631	 -1.1345	 -2.3308
 +6.7157	+18.9724	 -8.1063	 -0.0625	 +3.7578	 +1.1432
 -7.4560	 +9.0322	 -3.2943	 +0.7750	 -0.4689	 +1.0965
 +0.6982	 -0.9887	+13.8288	 +0.0575	 +2.3779	 -1.2789
+19.9600	 -2.6738	-11.4473	 +2.2983	 -1.7627	 +0.3271
+73.0909	-31.2037	 -2.8692	 +0.4443	 +0.3654	 -0.7349
-27.1778	 -5.3542	 -8.1570	 +0.0866	 -0.0965	 -2.4742
-28.6816	+35.6300	 +4.6307	 +1.3053	 +1.5307	 -0.7309
 -7.5672	 -3.5758	 -5.5628	 -5.2694	 +0.1805	 +3.0143
 -2.7054	-10.6678	 +3.2375	 +1.1661	 +1.3135	 -0.6883
+13.8382	 +3.7644	 +3.7837	 +2.3253	 +1.5870	 +0.1013
 -8.1933	-10.0577	 +6.5214	 +0.1255	 -2.0722	 +2.3967
-98.5740	-90.9825	+107.5850	 +0.8212	 +1.3595	 -0.3290
 -1.9559	-19.7859	 -1.0063	 +2.5834	 -0.2661	 -1.3737
+56.5931	+70.9586	-67.8116	 +0.2631	 +1.2463	 +0.1252
 -2.1689	 -5.0878	 -4.7185	 +2.5319	 -2.4962	 -2.6745
 -4.0947	-77.6877	+22.9147	 -0.1709	 -2.4728	 +0.3183
 -3.9276	-21.9469	 -6.7635	 -1.1627	 -2.6199	 +2.1757
+13.1134	 +2.2822	 -8.2137	 +2.6630	 +0.3800	 +0.8995
+25.5576	-15.9595	 +8.0189	 -2.4597	 -0.1442	 +0.7174
-57.1547	+49.5201	+59.2098	 -0.3957	 +1.1005	 +0.8421
-24.5200	-19.5040	-11.8071	 -0.8359	 +2.4612	 -0.0794
 +9.8190	+20.2066	-10.2484	 -1.7422	 +2.3637	 -0.8244
 +1.3938	 +4.7562	-13.1771	 -0.0865	 -3.0345	 -0.6511
-40.5812	-44.8895	 -9.5844	 -3.6021	 -4.4302	 -0.1050
-16.2914	 +2.1223	 +9.3151	 +0.4469	 -0.5149	 -1.7241
 -5.0241	-16.2799	 -4.3455	 +1.2690	 -3.8537	 -0.8863
-12.0510	+13.9944	-35.4630	 +0.8340	 -0.5711	 +0.8820
-50.4176	 +1.5458	+27.1151	 -1.5567	 -0.1561	 +0.6993
 -8.6633	+27.2336	-37.4018	 -0.2942	 -0.5358	 +0.7196
-14.3921	 +0.9444	-18.6979	 -2.4303	 -1.9529	 +0.1095
 +4.7056	-18.6789	+39.3797	 -0.4820	 -1.6000	 -0.8459
 -1.4634	-14.6717	-10.2441	 -1.8864	 -2.9569	 -1.8462
-22.5986	-79.7818	-63.3816	 -0.6292	 -0.6711	 -0.1340
-20.9096	 +6.8270	 -3.2301	 +0.1330	 +0.2203	 +1.2002
 -2.5907	+12.1325	 -0.2237	 -0.6047	 -0.0099	 -0.4247
 +1.4431	 -3.7155	 +0.0311	 +1.2547	 +0.4742	 +0.6727
 -3.6861	 -2.0691	-26.3174	 +0.3232	 -1.9950	 -0.2788
-20.7059	 +9.7027	 -1.5544	 +2.2551	 -1.7001	 +0.6751
+12.4979	-39.8943	-11.1076	 +1.4749	 +0.8828	 +0.1944
-11.9935	-18.3114	+16.9410	 -0.0037	 -0.9448	 -0.5850
+11.2962	-16.3928	+15.6622	 +1.7499	 -1.7271	 +0.0518
+48.2182	 -8.1748	 -5.9353	 +0.1899	 -0.0860	 -0.1920
 +0.2652	+13.4795	+15.2272	 -1.6282	 +1.0621	 +0.7688
-25.7864	 -8.2964	 +7.3563	 +2.1999	 -1.4360	 +0.6595
 -7.6401	-16.1862	+14.0559	 -0.6953	 +1.6517	 -0.3985
-371.3065	+406.9739	+676.2348	 -5.9723	 +6.4815	+10.8927
-152.9902	-208.6062	+32.1914	 -2.0464	 -2.6745	 +0.7403
 -0.0266	 -5.4712	 -5.6073	 -3.2937	 +0.8615	 -0.0683
+11.6430	+30.9813	-17.5338	 -1.6392	 +0.1932	 -0.0241
 +2.1752	 +5.9894	-18.2294	 -3.8888	 +1.6555	 +0.1811
 +2.2946	+26.5637	+31.1796	 +0.6265	 +2.0087	 +1.5833
-27.4625	-70.7490	+209.9038	 -1.9363	 -4.0479	+13.3499
 +2.2047	 -1.0006	 +7.2447	 +1.8638	 +1.0577	 -4.9504
 -4.3362	 -5.2267	 +2.6000	 -2.0827	 -1.3298	 -1.9846
 -7.1548	 -6.3161	+12.4068	 +0.4098	 -1.5311	 +2.6653
 -1.5711	 -9.3963	+27.5321	 +0.4606	 +0.8630	 -1.8791
+20.5836	 +0.3309	 -3.9992	 -1.4347	 -1.7838	 +1.8423
 +5.5764	 +1.7249	 +0.4495	 +1.4091	 +2.3895	 -0.4223
-13.9653	+15.6846	-22.6776	 -0.9704	 +2.5093	 -1.7301
 -3.2634	-15.2193	 +2.2279	 +0.2986	 -1.7092	 +1.7139
+20.6693	 -8.0383	 +5.9012	 +0.7427	 -3.7381	 +0.9596
 +1.5806	+11.6253	+14.6870	 +0.3090	 -0.1925	 -0.7532
 -3.6957	-10.9495	 -5.8595	 +2.4567	 -0.3803	 +1.0143
 -3.7716	+22.4254	+24.5389	 -1.5402	 -1.0361	 +0.0965
 +2.7835	+11.6355	 -7.7294	 -1.3577	 -2.9854	 +0.3868
+23.3411	-37.0081	 +1.5829	 +0.0165	 -2.9371	 +0.3569
-14.2883	 +7.4485	 -1.6856	 -0.6658	 -0.6429	 +0.6061
 -4.4991	 +9.8981	-16.5546	 +1.9125	 +0.6609	 +0.2417
+11.3084	-14.6295	+25.9786	 -0.3899	 -1.4645	 -0.5356
 -3.9529	 -8.7665	 -0.4666	 +3.4415	 -0.8478	 -1.9928
-20.7209	-47.3303	+21.0221	 +0.9042	 -0.4668	 -0.3980
 -6.5733	-12.2045	-26.5845	 -0.9904	 -1.1057	 -1.1437
+10.9704	+10.5090	 -2.8225	 -2.4940	 -2.2337	 +3.2443
-13.9076	 -0.6767	 +5.2403	 +0.9141	 +0.4636	 +3.4496
+107.1388	+100.3884	+219.7956	 +1.2776	 +1.5416	 +2.6761
 -0.4556	+12.8648	+10.9637	 +2.0863	 -2.1871	 +1.1192
 +6.5905	 +3.9492	 +3.9394	 +0.0986	 -0.9755	 +1.6047
-16.6369	 -8.6125	 -5.7912	 +1.6104	 -0.6777	 +0.7338
-11.1421	 -0.6788	 +8.3598	 -3.8596	 -0.4395	 -1.4671
-19.3691	 +5.1281	 -9.7740	 -0.1281	 +0.3243	 -2.3739
 -7.3638	 -3.6327	 -4.9009	 -4.3718	 +2.3635	 +2.9352
+18.2054	-22.9325	 +2.8159	 -1.0597	 +2.2712	 -0.6877
 +4.2403	 -9.6345	-12.5147	 +2.2004	 -2.4868	 -1.3710
+269.0488	+39.8880	-169.0881	 +5.3816	 +0.7369	 -3.1406
