# Num Particles: 1000
# Num Cores: 1
# Total Energy: -2.324264e+04
# Iterations: 1 of 1000
# Current Time: 2018-05-05 17:14:21.047387
# Elapsed Time: 0:00:40.307415
# Avg. Step Time: 0:00:40.307415
# 
# x	y	z	vx	vy	vz
# 
 -6.7219	 -4.4121	 -2.6514	 +0.3078	 +0.2784	 -0.3353
 +2.4825	-20.1849	-12.2634	 +1.1976	 +1.7555	 +1.6009
 -1.0154	 -3.4375	 +6.7725	 -1.8175	 -2.9812	 +3.0025
-22.8438	+25.8918	 -1.4031	 -2.3499	 -0.7073	 +1.1786
 -5.5489	-17.6577	 -6.3541	 +1.7348	 -2.8973	 +0.7850
 -4.6096	 +0.4578	-16.1297	 +2.6756	 +0.6675	 -1.1875
+14.4957	-14.7880	 -8.1637	 -1.1003	 -1.1299	 -1.0882
+11.9348	 +7.6028	 -6.0326	 -1.0524	 +0.4634	 -0.4232
-27.5259	-35.9493	-11.1908	 +1.8816	 +1.6282	 -0.1227
-12.1645	+22.2392	 +1.7085	 -3.3163	 +0.0036	 +0.6168
-24.7635	+10.5302	+17.5510	 +2.0583	 +1.0283	 -0.2301
 -3.7777	 -4.6442	 +0.5753	 -2.1970	 +1.7458	 -1.1901
 +4.5783	 -2.4600	 -3.6108	 -1.7869	 +2.7777	 -5.1576
+26.2184	+11.7173	-26.6342	 -1.1811	 +1.0049	 -1.2205
 -2.7685	 -3.4866	 -1.2456	 +3.5386	 -2.4097	 -1.3832
+12.0079	 +3.7576	 -0.3828	 +2.5160	 -1.6422	 -1.9021
 -8.0800	 -0.6139	 -8.6692	 -1.5509	 -4.4499	 +2.2600
 -4.4582	 -0.5358	-17.8327	 -1.6180	 +0.6242	 -2.1224
 +9.6065	 -6.8352	 +7.6532	 +0.4923	 -1.4606	 -0.3957
+105.6346	-28.2839	+78.4398	 -1.3576	 -0.8405	 +0.2098
 -7.5138	 -5.4702	 -2.7580	 +2.0688	 +1.5731	 -3.3538
 -4.0811	 +1.6674	 -8.0802	 +0.2371	 -4.4380	 -0.0549
 +5.9013	 +0.0423	-10.3465	 -0.9849	 +2.6444	 +1.6081
 -2.7132	 -5.1671	 +0.2752	 -2.8424	 -0.1401	 +4.8321
 +6.7320	 +7.1073	 -8.5127	 +1.6384	 +1.0949	 -0.4676
-34.2165	+19.3375	 +0.6928	 -2.2251	 +2.4029	 -1.3022
 -2.7085	 +1.1095	 -2.5537	 -1.8777	 -5.2431	 -3.0920
+11.0725	 -7.3524	 +2.8057	 -3.6448	 -0.4677	 +2.3388
 +8.9159	+13.7744	 +7.5085	 +3.1797	 -1.9219	 -2.0781
-19.3814	-19.6123	 -5.0029	 +3.1790	 +1.9553	 +0.5290
 -6.6175	 -2.9197	 -2.2818	 +4.3192	 -3.3709	 -4.6655
-55.9492	 +7.4930	 -1.0599	 -0.9287	 +2.0134	 +1.8291
 +0.1203	 -5.6084	-13.7400	 -4.3066	 -0.6314	 +1.6072
 -0.1483	-15.6121	 +5.5767	 -0.8239	 +1.5982	 -1.1694
-10.1066	 -2.9322	+21.5876	 +0.2004	 -0.6603	 +1.2314
 +4.2883	 +1.6672	 -0.4421	 +0.1612	 +0.7478	 +0.4710
 +3.2047	 -2.2443	 -3.3145	 +0.0004	 -5.2627	 +1.6131
 -4.6166	 +0.7359	 +4.7621	 +4.1699	 -3.2861	 +2.4867
 -2.4194	+31.8937	-11.7311	 -0.7554	 -1.4812	 +0.6068
 +3.5897	 -2.3728	 +1.6979	 +1.0912	 +4.3357	 +2.7672
+12.5068	-10.3636	 +9.8986	 +2.3339	 -3.7466	 +0.6987
 -4.7009	+11.0799	-12.3996	 -0.4206	 -0.8677	 +1.1637
 -4.9514	 -3.0515	-10.0539	 -2.2082	 +3.8292	 -0.5595
 -4.3477	 +3.9398	 -1.1529	 -4.0328	 -0.3716	 -0.9633
 -6.5163	+22.4999	-21.1937	 +2.3457	 +0.0845	 +0.6652
 +2.6153	 -0.0418	 -4.5437	 -1.1008	 -1.2891	 +4.8167
 -2.8924	 +0.5827	-11.1336	 +2.4316	 +4.6989	 -1.3624
+34.8708	 -5.1348	 +2.2139	 +0.1614	 -1.2874	 -1.5751
 -3.4263	 +4.6659	 +0.4451	 +2.4341	 +2.4970	 -0.4502
 -6.4683	 -0.4730	 -4.4964	 +2.1818	 +4.5593	 -0.0982
-34.2141	-57.1165	-38.4651	 +1.1163	 +0.2447	 +1.5790
 -1.3997	 -4.6981	 +0.5921	 -1.9909	 -3.2541	 -3.7583
+16.4792	 -9.9822	 +6.2054	 -0.1457	 +2.5781	 +3.9975
 +2.7716	+12.5800	 +4.6193	 +2.3384	 -3.8224	 +2.2987
 +5.1108	 -4.7628	+52.8584	 +0.4799	 +2.2127	 +1.9161
-27.4454	 -6.9194	 -4.3226	 -2.0085	 +0.3063	 -0.1854
+32.1845	 -5.2145	 +4.6815	 -1.2108	 +0.9515	 -1.0274
 -5.0920	 +6.3699	 +5.3372	 -1.5248	 -0.8117	 -2.8110
 -1.6850	 -6.4480	 -2.9024	 +3.7028	 +1.7259	 +4.0867
 +2.2146	-21.8783	 +8.4348	 -3.6511	 +1.0673	 +0.1747
-14.6166	 +1.0702	 +9.1985	 -4.3164	 +1.0159	 -1.3760
 -8.2868	 +3.5713	-20.6616	 -0.4144	 +4.0281	 -1.7405
 -2.4554	 -9.3615	 -2.5302	 +2.5940	 +1.7358	 -1.6327
 -5.8221	 -5.3030	 -8.4060	 +0.2805	 -3.2038	 +3.2294
 -2.4177	 -4.2215	 -5.8798	 -1.5573	 -0.8808	 +4.0509
 -7.1866	 -4.0400	-10.2821	 -2.3675	 -3.0424	 -1.9884
 +5.1605	 -1.8270	+22.3702	 +0.5909	 +1.0003	 -0.1019
-14.1586	-12.3468	+27.4338	 -2.4535	 -2.0296	 +0.5273
 -3.3243	 -7.7287	-20.2915	 +0.5390	 -0.9115	 +0.8699
 -4.0339	+10.8443	 -4.7436	 -0.3864	 -1.8578	 +4.1181
 -1.7834	 -4.8506	 -2.0016	 -1.8463	 -1.9632	 -1.9326
-13.0982	-12.0603	 -6.0642	 +1.7741	 +0.3283	 +1.0974
-11.8222	 +6.4903	 -2.5669	 +0.6315	 +0.3774	 -1.9856
-15.9585	+15.2803	-93.8364	 +1.9174	 +0.0091	 -1.4521
+26.5294	-28.2216	-14.1545	 -0.1278	 +1.5434	 +0.5624
-10.8209	+10.2774	-11.0924	 -2.6446	 -3.6732	 +0.8874
 -4.9137	 +2.7734	 -8.6078	 +1.0184	 +2.2840	 -1.6177
 -2.0180	 -8.8212	+13.1097	 -2.9238	 -2.3859	 -0.9732
 -4.0662	+10.0782	 -3.7577	 +3.0540	 +0.1760	 +3.0925
+20.7490	-15.0233	 -5.6851	 +2.7263	 +1.4740	 -0.0715
 -1.0309	 +0.9178	 -2.0439	 -0.8490	 +1.4190	 +2.9734
 +9.5477	 +9.7966	 -8.2927	 +0.3729	 +2.6899	 -1.2044
 -2.2758	 -0.5607	 -4.8234	 +1.8842	 -0.4189	 +4.5070
-10.8909	+24.5786	+14.6302	 -1.0207	 -0.0325	 +3.6594
+13.0093	 +4.3751	 +0.8168	 +3.2668	 +2.6728	 +3.0062
 +3.4830	+13.0408	 +8.9654	 -2.7522	 -1.5743	 +0.8287
-16.6392	 -4.8138	 +1.8782	 -1.5071	 +0.5875	 -2.9097
 -0.9841	+16.2902	 +9.2697	 -0.8132	 +3.1248	 +0.9757
 -5.2340	-27.5774	 +9.6849	 +2.0142	 -1.2819	 -1.3649
 +5.3713	 -9.0503	 +2.2658	 -0.8795	 -1.3159	 -0.6032
-11.3685	 -0.2504	 -3.0726	 -1.3847	 +2.1486	 +3.2939
 -3.4804	 -0.4480	 +0.8176	 +1.8045	 +1.3176	 +0.9994
-13.7081	-26.1611	-47.9760	 -0.7532	 -0.8984	 -0.5037
 +5.6719	 +2.5309	 -8.1135	 -3.5617	 -0.2506	 +4.1195
 +5.1972	+13.0913	 +0.0205	 +0.7756	 -0.9744	 -1.1703
 +6.8500	 -8.2311	 +3.4074	 +2.1720	 +0.9638	 -3.9298
 -7.5491	+32.9400	-19.6682	 -0.4999	 +0.0449	 +2.2039
 +1.8626	 -2.5379	+17.3190	 -1.8627	 -0.4760	 +1.8217
 -9.9014	+14.7244	 +1.6790	 -0.7243	 -1.1802	 -1.2383
-13.1244	-11.7333	-22.3269	 +3.0274	 +1.5801	 -0.7974
 +6.5575	 -1.5146	 -3.0621	 -1.7204	 -5.9194	 -0.8206
-13.4101	 -1.6908	-10.9007	 +0.3368	 -0.2559	 -0.7809
 -3.1999	 +0.0309	 +4.3436	 -0.8054	 -1.7434	 -1.9991
 -3.3570	 -7.0149	 -9.3279	 +1.1343	 +2.9537	 -3.1620
 -0.0947	 +2.8527	 -5.0051	 -0.9018	 -1.6612	 -1.1082
 -8.2059	 -0.6248	 +3.7293	 +3.2312	 +3.2612	 +3.3536
-16.6109	-17.7979	+21.8319	 +3.0496	 -0.4690	 -0.7276
 -7.2563	-14.0463	 -0.5910	 -0.6091	 +0.9888	 -0.2466
+25.8390	+10.0843	+18.1039	 +1.2179	 +1.8901	 -0.2080
 +1.5370	 +1.4193	 -8.0189	 +2.8357	 -0.1017	 -4.3379
 -5.2639	 +1.2149	 -2.8864	 +2.0633	 +6.1023	 -2.0703
+474.7587	+387.6104	-227.4845	 -0.2779	 +0.6744	 +0.3143
-138.8969	+98.7881	+199.7687	 -0.1130	 +1.1387	 +0.4445
 +8.2139	 -2.6256	 +9.9108	 +4.6466	 -1.4188	 +1.0125
 +6.6653	 +1.9358	+20.1886	 -1.6609	 -1.1267	 +0.6870
 +0.6051	 +9.6141	 +8.0312	 +0.0390	 +2.9879	 -2.0319
 +3.4873	 +5.1735	 +1.2496	 +4.1802	 -2.2003	 -2.4507
-74.0047	-16.0162	-10.1151	 +1.3012	 +0.1720	 -0.7532
 -3.2863	 +0.0600	 +0.6570	 -3.4970	 +1.6064	 -1.7583
+45.4958	-21.9229	-43.9828	 +0.5741	 -0.7365	 +0.2058
-15.2373	 +8.4515	 -6.6713	 -0.0200	 -0.7505	 -2.3511
 +0.1071	 -1.2155	 -0.7800	 -1.9007	 +4.1493	 -1.4716
 +2.3437	 -1.8927	 +0.8127	 +4.9747	 +1.8971	 -1.3954
 +1.1638	 -8.4911	 -1.4396	 -4.8568	 -2.0046	 +0.6166
 -4.0766	 +0.9038	 -1.5986	 +1.4878	 -3.2639	 +2.1050
 +1.2841	 -5.0932	 +2.4653	 -1.5144	 +2.7743	 +1.4757
-16.8757	 +1.0956	 -2.7176	 +0.7428	 +0.1026	 -3.1303
 -7.9222	 -4.1137	 +2.7298	 -2.2419	 -0.3014	 +0.8452
 -7.3150	 +0.0561	 -8.3686	 -2.8523	 +1.8508	 +0.7370
+12.6728	-12.8384	 +0.4616	 -1.5187	 -0.4527	 -2.5208
+13.9036	+32.7133	-162.4442	 +0.0706	 -1.1573	 -1.3216
 +6.8465	 -2.8047	 +6.6246	 +3.3218	 +2.1424	 -0.1483
 +6.5236	 -4.9786	 -8.8327	 -1.2241	 +3.0529	 -1.5637
 -4.4037	 -7.6188	 +2.4541	 -4.4241	 -0.4105	 +0.4270
 -2.4586	 +2.4447	 -1.5943	 -0.6278	 -2.9428	 -1.6692
-17.4424	+25.0777	-35.9123	 -0.5653	 -1.0692	 +0.6268
 -4.6271	-11.1524	 -7.4322	 +4.8861	 +0.6710	 -1.5808
+19.7614	-14.7354	+15.1795	 -0.7897	 -2.8098	 +1.2950
 +2.3960	 -1.8941	 +5.4679	 +2.2218	 -3.8992	 -0.5615
+13.4270	 -9.3520	-12.7143	 -1.5029	 -0.1125	 +1.3890
 +0.5100	 -4.4674	+10.4362	 +1.3849	 +0.7542	 +1.9292
+10.9082	 -8.1913	 +5.3409	 -2.8262	 -1.4528	 +2.7517
 +0.2938	 -2.4427	 -2.4091	 +1.1420	 +1.4466	 +1.3408
-32.5176	 +4.1643	-37.1925	 +1.9158	 +2.2205	 -0.1598
+57.9062	 +6.4005	+20.8573	 +0.6372	 -1.9086	 -0.1783
 +1.5353	 +5.4506	 -0.7095	 +0.1351	 +1.2572	 -4.1212
-27.9801	-71.2973	+45.5074	 -1.2954	 +0.9448	 +0.9944
 +4.1358	 +8.2831	 -8.1134	 -0.7596	 +3.4790	 +0.3271
+19.6721	 +7.7893	 -2.8162	 +0.7098	 -1.0049	 -3.3267
 -5.4923	 -4.0805	 -1.4791	 +4.4818	 +2.6334	 -2.3876
 +1.4665	 -5.4528	+11.0891	 +1.3598	 +2.8871	 -0.7873
 -1.9993	 -5.8390	 +0.7628	 +6.2465	 +0.4733	 -1.6720
 +4.3761	 -3.3948	 -1.2954	 -4.9697	 +1.8825	 -0.6321
 -7.7255	+12.6352	 -6.5612	 +0.3992	 -0.3559	 -0.8813
 +6.2250	 -1.3980	 -7.7570	 +1.5535	 -3.8122	 -1.7673
 -9.1256	 -2.8819	-17.6231	 -1.3462	 +1.6938	 +0.8871
 +1.0277	 +8.2069	-13.8568	 +3.2688	 -0.0873	 -3.0931
 +8.7113	 +2.5374	+28.5332	 -2.7471	 +1.1777	 +1.0375
 -6.9751	 +3.5139	 -7.9151	 +1.3864	 -1.7877	 +3.6228
 -6.5449	 +3.3339	 -0.5567	 +0.2546	 +0.2233	 -1.1220
 +2.0745	 +0.4543	 -5.1084	 -3.2094	 +3.8658	 +1.9524
-19.7854	 +2.0248	+10.0360	 +3.4921	 -2.3713	 -1.1862
 +6.6786	 +1.5343	 -2.3507	 -2.8802	 +1.4138	 +0.0856
+14.9112	 +8.1000	 +4.8692	 -0.4619	 +1.6571	 +0.0000
 -8.3705	 -4.3622	 -6.2745	 +1.5803	 -1.2095	 +3.8340
 +3.1386	 -2.4972	 +4.3672	 -4.7103	 -1.3556	 +2.8703
 -3.9179	 -2.5888	 +2.4797	 +1.0753	 +0.9041	 -2.8156
-16.2379	 -1.6202	-16.7756	 -0.0356	 -2.8779	 +2.2663
 -1.2517	 -1.5169	 -4.6129	 -3.4462	 +0.5714	 -0.6168
 +2.5060	 -3.7010	-14.2748	 +2.9289	 -1.6731	 -0.0973
-15.8530	 +2.2857	-14.7513	 -0.1699	 -1.0925	 -2.4747
 +2.1015	 +1.0935	 -3.5791	 +1.0005	 -0.2364	 +1.7926
 -3.7433	 +1.5723	 -7.9040	 -0.8391	 -0.3123	 -5.7316
+29.6771	-13.2786	+25.3958	 -0.5042	 -0.4453	 -0.4190
 -5.4609	 -1.2977	 +3.7946	 -0.9551	 +2.3153	 -0.7491
+54.5957	+26.2139	-26.1265	 -1.8678	 +0.9961	 -0.1817
-14.1471	-13.5956	 +2.9342	 -3.2298	 +1.3613	 -2.2253
 -7.3800	-24.5713	-10.4414	 +1.5237	 +1.0087	 +1.3586
 -0.8649	 -6.4098	 -3.2328	 +1.5580	 -2.4801	 +1.6072
 -2.2720	 -3.8051	 +2.1588	 -0.8690	 -5.3094	 +0.3602
 -0.9185	 +3.9491	 -2.7464	 -4.1394	 +1.6147	 -2.2526
 +3.9125	 +2.8940	 -9.1210	 -1.3727	 +3.9304	 +0.6866
 +6.5733	 +4.2657	 +5.5706	 +0.8192	 -0.1463	 -0.5363
+15.0652	+18.9375	-21.3603	 -0.5328	 +1.3811	 -1.5408
 +8.3769	 -0.8215	 +3.8470	 +2.6344	 +2.8066	 -4.1785
 +2.5009	 -2.0272	 +1.7166	 +1.2193	 -2.2313	 -2.2904
 +1.3230	 +4.3758	-11.0945	 +0.1744	 +1.4476	 +1.2119
 +1.3300	 -1.7659	 -5.4282	 +0.9871	 +1.5793	 -1.7727
 -8.2157	 -8.1499	 -0.0025	 -4.2016	 -1.6871	 -2.1471
 -5.2189	 +4.3921	-11.3996	 +1.1569	 +1.4133	 -1.3202
 -3.9126	-10.0763	 +4.9230	 -1.6696	 -4.7331	 +2.3562
 +0.2896	 -1.4718	 -8.5434	 +2.4493	 -0.2986	 -0.7044
 +0.0593	+25.2982	-29.9902	 -1.5766	 -0.5674	 -2.1154
 +2.3451	 -4.9030	 +5.3097	 +0.1696	 +1.9152	 +4.0425
 -0.7130	+10.0871	 -0.7033	 +2.0687	 -0.5520	 +1.4802
 +6.2309	 +2.5233	 +0.3919	 -0.2497	 +1.8473	 -0.3177
 +8.9826	 +4.1335	 +5.4014	 -2.3574	 +3.5981	 +0.6847
+32.0376	-101.3066	-36.7466	 -1.3227	 +0.1786	 +0.9602
 -7.5306	 +8.7715	 -2.3038	 -0.3381	 +3.3672	 +2.5102
 -9.8598	 -6.7296	-11.4757	 +2.0472	 +3.2107	 -0.1053
 -7.8966	-22.6858	-21.8801	 -1.5884	 -0.9764	 +2.4901
+26.7822	 +4.2703	 +6.5140	 -0.8057	 +1.4107	 -1.6250
 -2.3455	 +6.4598	 -3.1300	 -1.5370	 -0.5061	 +3.1109
 -4.0598	 +1.8435	 -0.4312	 -4.6216	 +4.4305	 +0.8209
-18.9749	 -4.8941	 +0.9653	 +0.9736	 -1.0966	 +1.5965
 -1.5533	 -0.6938	 +0.7779	 +3.0197	 -3.6950	 +0.3070
 -6.7338	 -2.5458	 +3.3533	 -0.7188	 +0.1067	 -0.3294
-13.5503	+20.8238	 -8.0898	 -3.1500	 -0.6287	 +2.9482
 +5.9197	+49.1598	-36.2738	 -2.0326	 +0.9401	 +1.0783
 -6.3191	 +0.8533	 -4.4432	 +5.0241	 +1.5800	 +1.4464
+11.2039	 +6.1759	 -5.3539	 +1.9253	 -2.0469	 -0.7031
 -0.2709	-10.6299	 +3.3864	 -2.3654	 -1.3722	 -1.3676
 +4.6469	 +2.1384	 -5.8509	 -1.6025	 +3.5175	 -1.8551
 +8.3254	 +0.9235	 -2.9447	 -4.9779	 -0.2217	 -3.0520
+20.4824	-11.3384	-18.0224	 -0.3247	 -0.2330	 -1.4560
+119.3614	 +4.9837	-43.8399	 +0.3328	 +0.1499	 +0.6807
+17.9721	+14.0868	 -5.2859	 +0.7363	 -1.2218	 -3.9583
 +3.4109	 -7.8947	 +2.6336	 +2.1527	 -0.0746	 -0.6082
 +6.8612	 +1.4191	 +2.5330	 -2.6435	 -1.9814	 +1.7811
 +5.1114	 -8.2605	 -0.2960	 -0.9511	 +0.2510	 -1.4601
+33.5755	-32.8111	 -5.9020	 -0.7461	 +0.0038	 -0.5811
 +1.1415	 +2.4142	 -2.3782	 +3.1069	 +4.8742	 +1.4588
-13.9907	 -9.4036	 -1.8026	 -1.6626	 +0.3391	 -2.4125
 +2.6245	 -2.9856	 +0.4098	 +2.4359	 +2.0676	 -4.0783
 +1.3657	 -4.9087	-10.7862	 +1.4472	 -0.3241	 -2.8930
 -3.3628	 +0.0562	 +2.0616	 +2.7926	 -1.2387	 -0.1086
 -3.7410	 -0.4881	 -6.8783	 +3.4166	 +1.8806	 +1.6365
 +1.6755	 +1.1137	 +3.0255	 -0.4887	 -4.5173	 -3.3275
 +7.1225	 +7.0564	 +1.9375	 +0.3720	 -1.3905	 -1.4111
-11.6898	 +6.5712	 +4.0541	 -0.6536	 -0.5776	 -1.0784
 -6.2552	 +4.2128	 -5.0689	 -0.3999	 -0.5413	 -1.2236
 +2.5022	 +8.9320	 -2.2486	 +1.0515	 +1.6330	 -1.1409
+10.7938	 +5.3570	-11.4203	 +1.1060	 +0.6488	 +1.8588
 -3.7848	 -6.8864	 -4.2032	 +0.4200	 +2.7255	 +2.4104
 -4.2900	 -8.0393	 -8.7172	 -1.0110	 -2.0757	 +3.8125
 -5.8753	 -3.4584	 +8.0048	 +0.5389	 +3.1306	 -1.2019
 +2.4622	 -9.1937	 +0.7320	 +0.7079	 -4.0958	 -1.9178
 -1.8478	 -6.9835	+17.3528	 +1.9249	 -3.4329	 +1.1936
 +5.3434	 +2.8518	 -5.4503	 +1.9534	 +3.1294	 +1.5362
 -2.0484	 -2.3280	 +0.5537	 +2.3832	 -0.0116	 -1.4504
-47.7737	 +8.5529	 -0.4713	 -2.1595	 -1.4990	 +0.4320
 +3.7113	 +4.0552	 +3.7681	 +0.0919	 -1.1470	 +2.4216
 +0.0633	 -2.1051	 +2.8191	 +2.2079	 +6.2666	 -0.6584
 +9.9561	 -6.6609	 -3.9335	 +3.3871	 -2.3057	 +0.2805
 -6.3743	 -5.7488	 -2.7423	 -1.2311	 -2.9770	 +2.0296
-16.4161	 +6.8203	 +1.5313	 -0.1395	 +1.7226	 +1.1511
-32.0509	 -9.9129	+42.1732	 +0.1829	 +1.0882	 -0.4022
 +3.0929	 +0.4243	 +0.4770	 -5.2530	 -0.1329	 +4.1206
 -0.1363	-10.0586	 +6.9879	 -2.2661	 +0.6555	 -1.7828
-40.3493	-31.7197	-24.7670	 +1.5266	 +0.3021	 +1.4555
-20.3194	+19.5305	 +4.4026	 +1.5704	 +2.4620	 +0.8398
-13.7382	 +4.2323	-11.3182	 +0.8296	 -4.1975	 +1.1031
 +8.4779	 -4.9857	 +2.2879	 +1.7893	 -1.6594	 -0.2600
 -3.6845	 -1.8569	 -5.3153	 +4.3641	 -4.3037	 +0.2276
+1870.9478	-30.4828	+790.1738	 +0.2213	 -0.2337	 +0.0662
 -6.1954	 +3.6663	 +6.8435	 +0.0236	 +0.5194	 -1.4159
 -4.8057	 -6.4294	 -2.2399	 +5.3093	 +0.2698	 -1.1731
 -0.3897	 +1.9837	 +2.2383	 -1.3426	 +1.1548	 +6.0342
+26.3380	-16.3047	-15.1207	 -0.8906	 -0.0970	 +1.4033
 -6.1598	 -6.4040	 +0.5018	 +1.7440	 +3.1534	 +2.4745
-54.5474	-46.6355	-68.9768	 -0.9249	 -1.3536	 -0.3315
 +4.6606	-13.5477	-24.0837	 -0.0188	 +3.4933	 +0.8485
+21.5909	 +3.2765	+23.3466	 -1.9937	 +2.1300	 -1.3887
+19.1687	-27.8578	 +9.6498	 +1.2033	 +0.3482	 +0.4771
 -9.4739	 -1.8903	 -6.7353	 +0.3249	 +0.0417	 -0.1429
+12.4467	+27.9071	 -9.9881	 +1.6347	 -2.2206	 +0.3790
 -9.2822	+20.8572	 +3.4594	 -0.1993	 +0.6008	 -0.0727
 +3.7193	 -5.3446	 +0.3921	 +2.2065	 -2.7594	 -0.6914
 -0.6400	 +9.8491	 +6.6067	 +0.9421	 +1.2548	 +0.0619
 -0.5030	 +3.8672	 -5.5409	 +0.0615	 -3.8033	 -5.3587
 -4.4384	 -2.7915	+13.5058	 +0.6294	 -1.1865	 +0.7164
 +0.3991	 -4.0107	 -6.7310	 +3.1509	 +1.3282	 -1.7851
 +5.2692	 -1.2501	 -8.5982	 +2.3009	 +1.3046	 +3.0366
 +0.0673	 -3.2765	 +6.3006	 +3.4001	 -3.7313	 +0.3906
 -5.3584	 -1.7420	 -2.3737	 +3.4810	 +1.7978	 +1.4433
+22.2555	+14.8759	-25.0935	 -2.5318	 +0.1855	 +0.8268
 -2.1776	 +4.0432	 -3.4981	 +2.6853	 +3.5651	 +3.5052
 -1.4183	 +1.0505	 -2.9259	 -3.0792	 -1.4404	 +2.0168
 -0.8892	+13.2384	+14.2374	 +0.1644	 +2.6606	 -3.4881
 +3.5116	 -4.9130	 -6.5845	 -2.1881	 +2.3049	 +0.7203
-11.6009	 -2.2955	 -1.1108	 +1.2384	 +0.3194	 +1.3124
 -9.6038	 +7.1030	 -4.8720	 +1.2649	 -0.4764	 +2.0056
-12.5217	 +2.7319	 -4.0773	 -2.6074	 -2.4503	 +0.9407
+11.1493	-11.5561	 +0.7472	 +0.4449	 -0.5163	 -0.5544
 -1.8396	 +8.0136	 +6.2573	 +1.5881	 -0.9764	 -2.0740
 -6.5597	 -1.9975	 +1.2197	 +2.1427	 +2.4572	 -0.6463
-13.3942	 +8.0892	-17.2578	 -3.2169	 +0.5902	 +1.3877
-22.0276	 -4.0625	 +7.8251	 -2.7220	 -1.0739	 -2.3788
 -8.6230	 +4.2586	+11.8231	 +0.0699	 +1.1982	 -0.1085
-135.0204	-41.1527	+70.8860	 +0.6345	 -0.9600	 +0.7096
 -1.8314	 -0.0530	 +1.2366	 -1.1811	 -1.3326	 -1.1882
 +2.9113	 -7.2661	 +0.0911	 -3.9176	 -0.9623	 -1.5806
-10.6643	 -1.8573	 +5.0872	 +3.3521	 -2.9723	 +1.1152
 -7.3139	 +2.2762	 +2.9625	 +0.6417	 +2.6630	 -4.9091
-10.7488	+10.0210	-15.0632	 -2.2278	 +1.3413	 -0.2204
 +7.5466	 -2.9713	 +2.3439	 -0.2124	 +4.6961	 +1.2687
 -5.8148	 -2.0319	-12.4920	 +0.1465	 -2.6729	 -2.2231
-114.1661	-103.9889	+101.6906	 +0.3674	 -0.2845	 -0.0933
-20.6920	+30.5069	+26.2992	 +1.9236	 +1.6487	 -1.2430
-18.1880	-27.1893	 +4.5485	 -1.8078	 +0.0054	 +2.4602
-30.6666	+10.1042	-20.5652	 +1.2244	 -0.2510	 -2.8264
-10.5785	-23.9532	 -6.5776	 -2.3352	 -0.4176	 -0.7806
 +0.4165	 -0.4560	 -1.9192	 +2.3002	 -1.7145	 -2.9393
 -3.7584	 +0.1612	 -0.7167	 -0.7482	 -1.3018	 +3.1226
 -9.8923	 +2.9473	 -2.1721	 +3.0438	 +2.0610	 -1.9431
 +5.9567	 -7.9073	 +8.0230	 -0.4690	 +0.2122	 -2.1118
-23.6788	 -6.3513	 +3.3733	 -0.6460	 +0.5328	 -1.2342
-17.5769	 -7.3453	 +9.7112	 +0.6614	 -3.3178	 -0.4761
+22.9894	-98.5017	+22.0713	 -0.9481	 +1.1722	 -1.1674
 -8.1498	 +1.7159	 -3.6956	 -3.3429	 +2.3698	 +3.9626
 -0.9521	 -2.5087	 -7.3594	 +1.4051	 +0.2417	 -0.2719
 -3.6570	 -3.5724	 -1.8592	 +2.6226	 +0.5707	 -1.8870
 -2.7177	 +2.7312	-12.8781	 +0.5380	 -2.7642	 +1.3391
 -2.6652	 +4.3307	-10.0284	 -2.7458	 +3.0918	 -0.4309
 -9.6339	+13.4850	+18.1989	 +0.0040	 -2.3865	 +0.4571
 +8.2668	 -2.0497	+21.6804	 -0.4991	 -0.5968	 -1.0639
 -4.3883	 +8.5561	+10.3051	 +2.7111	 +1.6931	 -4.5400
 -1.7269	 +3.8055	 -2.8019	 -2.8193	 -1.8382	 +0.0111
 +9.1775	 -3.8979	 +0.4904	 +2.9066	 -2.6827	 +2.1326
 -4.7445	 -2.4147	 +3.8230	 -0.7481	 -4.1219	 -2.5686
 +2.4864	 +0.0907	 -5.6304	 -0.3188	 +0.9243	 +1.0406
-13.4085	-22.3377	 -6.5622	 -0.8028	 +3.8246	 +1.2733
 -1.1876	 -4.7845	 +2.2059	 -1.2035	 +0.8678	 -6.6062
 -4.8114	 +2.2220	-14.7472	 +0.2321	 -0.7696	 +1.1083
 +0.7246	 -4.9565	 -3.1343	 +2.0322	 +2.3096	 -2.1269
 -4.0964	 +9.2122	 +2.6617	 +1.0275	 +2.2276	 +0.6169
-156.6069	-52.1535	+202.1069	 +0.5184	 -0.6832	 +0.2400
 +2.7079	 -3.7665	 +1.0881	 -0.2875	 -0.5331	 +0.4912
 +5.0344	 -7.2221	 -7.5782	 +2.4736	 -1.6477	 +0.6853
+12.1943	 +2.9041	 -4.7742	 -0.4664	 +0.7502	 +2.2337
 +1.9658	 +3.6357	-11.0671	 +0.8195	 +4.7759	 -0.6322
 -2.4781	 +1.4119	 +7.5688	 +0.2155	 +0.1362	 -2.1869
+32.4726	+37.8929	 -0.2318	 -0.7412	 +1.8744	 -1.9296
 -6.5633	 +4.3018	 +8.5797	 +1.7893	 +1.0286	 -2.5162
 +2.1596	 -7.6355	 +8.3304	 +3.6887	 +0.1842	 -1.0373
-12.6586	 +3.1375	-20.8266	 +2.7766	 +0.7001	 +0.1530
 +1.4346	 +9.7940	 -9.1960	 +0.5378	 -0.8495	 -1.3951
 -4.6185	 +3.2106	 +3.7666	 -2.6237	 -1.1865	 -0.6494
 +2.0328	 +9.4044	 +4.1306	 -2.8775	 +0.0650	 -0.0224
 -0.2995	 +1.2520	 -5.5977	 +0.6010	 +0.5096	 -1.1093
 -9.0301	 -5.6470	 -9.5859	 +1.1521	 -1.4922	 -0.3980
 -3.5402	 -6.5917	 +9.7904	 -0.1606	 -0.4449	 +0.0842
+11.4137	 -2.1649	 +0.1724	 -1.5507	 -0.4468	 +2.8815
 -4.1761	 +1.1416	 -1.5261	 -2.8545	 +2.2708	 +0.3636
 -3.8422	 -3.4311	 -5.9534	 +1.5566	 -1.5776	 +2.0929
 +6.2874	 -0.2343	-10.6539	 -0.2746	 +1.4449	 -0.4194
 +0.5191	 +1.5161	 -5.5415	 -0.1298	 +0.4165	 -1.9564
-16.4908	-15.2518	+14.1212	 +1.2561	 +1.2438	 +3.8763
 +1.2271	 +0.0038	 +1.7535	 -0.0322	 +0.7469	 -0.7027
+12.8600	 -7.1251	 -4.9032	 -0.5777	 -2.4142	 +0.9819
 -6.6924	-10.1322	 -6.9049	 -2.1534	 +0.3063	 +1.9274
-16.1464	 +0.9987	 +8.6248	 +2.5122	 +1.0442	 -1.7425
 -1.1205	 -7.4419	 -1.9775	 +3.9944	 -1.5679	 +2.1068
 +5.9873	 -3.9407	 -9.0163	 +3.6650	 -3.1652	 +2.0793
 -6.0269	 +5.0060	 -1.6146	 +0.2464	 +3.2133	 -2.0258
-14.9962	+27.4091	-42.7871	 +0.5439	 +0.3754	 -1.2968
 +8.5988	-12.4213	-51.1189	 -0.0696	 +0.9783	 +0.3726
 +0.9141	 -3.1216	 -5.6446	 +3.9980	 -0.4763	 +0.6251
-15.7458	 +1.7744	 -7.8465	 -2.3443	 -2.5887	 -2.0682
 -0.0325	 -0.0902	 +1.9244	 -2.7349	 +2.3444	 +1.4385
-12.8037	-15.3434	 -6.0647	 +0.9356	 +3.0510	 +0.0970
-19.6006	-71.8777	 -2.8811	 +1.2505	 +0.7349	 -0.6945
 +0.2829	 +1.8565	 +7.6825	 -1.5375	 -3.0763	 +2.1098
 +1.5826	 +6.3030	 -6.1700	 +3.1529	 -2.8843	 +2.0032
+19.0705	 -6.9300	 -2.4942	 -1.1219	 +1.3573	 -4.2959
 -7.9036	+10.1422	-14.3437	 +3.4004	 +0.0550	 +2.8351
 -5.9796	 +3.9263	-19.2754	 +1.7765	 -0.9921	 -0.1071
-12.1298	 -1.2024	 -9.1094	 +1.6260	 +1.5999	 -0.8771
 -3.7952	 +1.6732	 -1.5231	 -4.5802	 +4.3880	 +0.8189
 +0.9163	 -2.3911	 -3.9475	 +4.1608	 +4.4276	 +1.2198
 -2.5007	 +1.4347	 -3.1162	 -4.7836	 -0.7461	 +1.9746
 -7.0065	-22.4232	-15.1011	 -0.7078	 -0.3372	 +2.2958
 -4.7769	 +2.5779	 +0.5295	 +2.6484	 +2.1273	 +2.2006
 +4.4504	+16.4299	 +7.7529	 +0.2674	 -2.5440	 -1.0179
-58.6566	 -5.0655	-10.0073	 +0.1960	 +1.2536	 -1.0783
 -4.3102	 +0.6080	 -0.0182	 +0.9432	 +1.7140	 +2.8775
 -2.1315	 -1.1702	 -7.6659	 +3.5748	 +2.5565	 -1.9758
 +5.5467	 -8.0356	 -3.5509	 +1.7188	 +3.0803	 -0.2672
 +1.4307	 +0.7912	 -6.0152	 +1.7072	 -3.2655	 -1.8162
 -4.4296	 -5.7257	-12.8382	 +3.2320	 +1.9310	 -3.6824
 +0.5674	-12.3263	-25.6668	 +0.5758	 +1.8981	 +1.7795
 -8.6442	 +7.0716	 -0.5466	 -0.7426	 +0.5569	 +5.5709
 -8.0914	 +1.8613	-11.7125	 +4.0206	 -0.0784	 -2.8925
 +9.1666	 +1.3191	 -3.0001	 +3.3933	 -2.4277	 -1.1010
 +3.1280	-30.0429	-19.8624	 -0.6617	 +0.3953	 -1.1317
-10.2745	+19.6421	 -1.3868	 -1.3113	 +0.9686	 +2.3919
 -4.7866	 -0.9095	 -2.9688	 +0.3521	 +2.3721	 +2.3195
 +1.8372	 +3.4801	 +5.4466	 -1.3744	 -4.0958	 +0.7948
 -7.2662	 -7.8536	 +6.1872	 -0.2080	 -3.0740	 +2.4826
 -2.8185	 +8.0962	 -4.3708	 +0.8356	 -3.3793	 -3.3807
 +4.8022	 -2.3682	 +6.3320	 -2.2450	 +2.0930	 -1.4879
 +4.4758	 +1.5006	-11.1304	 -4.8490	 -1.1159	 -0.6844
 -1.0130	 +6.5607	 +3.4461	 +1.6503	 +3.7672	 +2.5866
+33.9135	 +6.6548	 +3.7937	 +1.1291	 -0.0416	 +0.8248
-23.8962	+12.6057	 -0.0516	 +0.6022	 +0.3256	 +1.8455
 -4.4161	 -4.0591	 -8.6796	 +0.2811	 -1.1572	 +1.0256
 +5.5225	-19.8712	-18.6461	 -0.8726	 -2.6626	 -2.0992
 +6.5135	-13.6966	 -3.2082	 -0.6070	 +3.0268	 -2.4360
+10.1539	 +9.6938	 -3.2883	 +1.0715	 -1.1409	 -2.2362
-34.9251	 +7.8987	 -3.3760	 +2.3259	 -0.0784	 +3.3157
 +5.0191	 +2.8630	 -0.1256	 +0.1481	 +4.0010	 -0.3676
 +8.3255	 +7.9352	 +5.4772	 +0.3825	 -2.6907	 +0.4275
 -4.9170	 +6.2808	 -1.3448	 +4.1167	 +1.4254	 +3.1158
-12.4269	-10.1332	 +7.6077	 -0.7007	 -2.0982	 +1.8351
 -9.9491	 -0.0632	 +1.3986	 -0.2165	 -4.2175	 -0.4394
 +0.2287	-12.1895	 -7.3899	 +2.9206	 -2.4248	 -1.8504
 -0.5175	+14.8676	 -2.9689	 +3.7656	 +1.8395	 +1.6911
+16.0340	+13.2566	-15.6364	 +2.8044	 -1.4723	 -0.1307
-18.7296	 -6.5360	+14.7640	 -0.7742	 +2.7540	 +2.5622
+30.9077	 -7.2311	+67.2734	 -0.0482	 -1.8425	 +0.6691
 +9.1949	 +7.1808	 +5.1347	 +2.1741	 -0.5639	 -0.2773
 -1.5804	-14.1004	 -3.4177	 +2.7290	 +0.6016	 -2.0209
 +2.3553	 +0.0363	 +3.0336	 +0.5136	 -1.2575	 -1.1839
-19.0445	+11.0650	-16.0787	 +1.3435	 -1.2331	 +0.5709
 -6.6638	 -4.5696	 -5.7943	 +2.9795	 +2.0618	 +1.9882
+23.5019	 +3.2481	 -3.1119	 +2.4852	 -0.4613	 -2.1366
-10.4598	-18.1396	 -4.6635	 -1.7360	 +1.6870	 +1.6555
-12.9846	+12.8200	-12.3973	 -2.2688	 +2.6576	 -2.6017
 -5.4589	-21.4285	 +8.5356	 -2.6930	 -1.4255	 +1.8586
 -1.9841	 +3.9427	 -2.0206	 -2.2568	 +1.6484	 +2.6798
 +9.9370	 +6.8481	 -9.8872	 +3.9215	 -1.3324	 -0.2903
 -1.0812	-20.1273	+14.2147	 +1.5507	 +0.2734	 +0.4925
 +0.0489	 -7.2119	 -6.1561	 +1.8628	 -1.4998	 +2.2653
 +1.8306	 -5.9285	 +2.0470	 -4.5594	 -0.2754	 -2.7939
-10.0424	 -3.2000	 +1.6505	 -1.6083	 -0.7036	 -2.3964
 +0.8428	 +0.6032	 +1.5813	 -3.4658	 -4.7209	 -1.9400
 +4.3952	 -6.8399	-15.3739	 -1.4561	 -1.7534	 +0.2975
+10.4136	 +3.2582	+27.4233	 -0.1694	 -1.8223	 +1.2881
 -2.4011	 -7.6384	 -3.0237	 -3.6838	 -2.3682	 +1.0494
 -1.8362	+11.7237	 -0.6705	 +0.6771	 +1.8909	 +4.4156
 +4.8513	 +2.6233	 -4.1963	 +1.7312	 -0.5498	 -3.2448
-11.9977	 +2.1495	+14.9962	 +2.0093	 +0.0762	 -1.8767
 -3.3290	 -4.0685	 +3.9223	 -3.4927	 -0.3370	 +3.5227
 +3.4409	 -0.5650	 +0.7161	 +1.0269	 -0.6844	 -2.8029
+34.1093	 +8.8433	-19.2602	 -0.4554	 -1.1256	 -0.1438
 -4.2312	+12.0932	-26.1075	 -3.2250	 -0.2219	 -1.6753
 +2.5658	 +1.1423	 +1.5660	 -4.0042	 +1.0769	 -1.2085
 -0.9791	 -4.2637	-10.4908	 +3.8817	 -0.6751	 +0.1996
 -0.7448	 -2.8232	 -2.6433	 -0.3592	 +5.9346	 +1.2274
 -6.2826	 +3.9426	 -0.7996	 -1.0806	 +3.0599	 -3.7492
 +1.6039	+10.8385	 -2.4421	 -0.2626	 -3.0216	 +2.8400
+15.2736	+12.1201	 -1.4817	 -2.6751	 -1.8213	 -1.3853
+25.7249	 -0.5679	 +5.9798	 -1.8193	 +0.8586	 +0.6815
 -0.4816	 +1.6029	-10.6329	 -0.7361	 -1.0841	 -2.0667
-11.9963	 +1.1687	 -1.3145	 -3.1366	 -0.8593	 -2.5386
 -0.3672	 +0.8886	 -4.8846	 +2.0013	 +0.4584	 +0.8004
 -2.7260	+13.0108	 -2.7774	 +1.9344	 -2.2590	 +1.8674
+18.0571	-63.6802	-33.7609	 -0.4141	 +0.8583	 +0.6649
 +1.9945	+10.9337	 +7.2764	 -0.3071	 -2.8933	 +2.9271
 +0.9045	 -3.1952	 -4.6562	 +2.2205	 +0.1934	 -1.9107
 -7.7958	 +3.4003	-11.1362	 +1.3135	 -0.3253	 -1.0248
+11.4488	+18.6029	+29.8985	 -0.9519	 +0.1439	 -0.8493
 -0.3268	 +0.6680	 -0.3548	 +3.2809	 -5.9053	 -0.8471
 +0.8006	 -3.2804	 +5.4822	 -2.4980	 +2.8986	 -1.8988
+16.4837	-19.6204	+22.9393	 -0.6117	 +1.1346	 -1.9265
 +2.1685	 -6.6442	 +0.5654	 -2.3450	 -2.0375	 +1.7229
-72.4525	-58.3511	+27.7469	 +0.5227	 +1.2255	 +0.5337
-14.2283	 -4.1249	-12.6672	 +1.9890	 -0.6020	 +0.1771
+61.0017	+43.4924	+41.9698	 -1.2019	 -1.2406	 -0.3236
 -4.9770	+11.0604	 -8.5595	 -1.6538	 -2.0323	 +2.8041
+10.0426	 -5.4756	 +0.3363	 -0.1654	 -2.3956	 +0.4664
-109.2086	+51.2507	-21.7969	 -0.5491	 +0.7844	 +0.2631
 +4.6509	 -4.2613	-15.7532	 -3.2191	 -0.0911	 +1.1444
 +5.9184	+11.0704	 +4.4565	 +2.0402	 +0.2999	 -0.4516
 +4.6861	 +0.7149	 -2.0606	 +2.2934	 +0.8416	 -4.0135
 -2.5903	 +0.8678	 -4.6530	 +1.1102	 +3.5777	 -2.7213
 +0.6819	 -3.7876	 +1.7505	 -1.9327	 +0.3719	 -1.6366
 -8.7687	 +6.7038	 -3.0378	 +1.1492	 +4.6824	 -2.0663
 -2.5070	 -0.3713	 +0.1230	 +4.5831	 +3.8037	 +0.3833
 -7.7065	 +4.1445	 -1.5678	 +1.8875	 -4.2109	 +1.2110
 -5.9290	 +8.4066	-12.1470	 -0.7802	 +5.2915	 -0.5585
 +6.0883	+11.3046	-11.8646	 +0.0355	 -0.3505	 +1.0660
 +0.8056	 -0.7326	 +0.8396	 -0.7007	 +2.3798	 -1.1131
 +2.9966	 -4.0763	 -2.2248	 +1.9926	 +1.5003	 -3.0775
 +2.6474	 +3.2729	 -4.2832	 +3.5467	 -1.4414	 +3.2919
-32.8238	+10.4128	+12.2836	 -1.4892	 +1.0918	 +0.6126
 -8.2230	 -5.4821	 +3.5917	 +2.2408	 +4.2487	 +3.3032
 -1.4116	-10.3811	 +7.5133	 -1.4182	 -5.1710	 +2.6246
-15.3799	 -3.7146	 +1.6977	 +0.7667	 -1.0352	 +4.2050
 -0.6137	 +0.5604	 -4.9677	 -2.1844	 +1.4245	 -3.1924
+10.4235	+15.0424	-20.5693	 -1.0481	 +1.2195	 -2.7824
 -1.1897	 +8.5793	 -7.5776	 +3.6861	 -0.8319	 -0.9420
-10.0556	 +1.6332	-13.9702	 +0.6713	 +0.8984	 -1.7147
 +2.7224	+12.6483	 -1.9230	 +0.6546	 -1.9393	 +1.5470
 +3.8848	 -0.1053	 +4.6573	 +1.0700	 -4.2895	 -1.5066
 -7.8338	 +3.8397	 +6.3839	 -1.0028	 +0.1414	 +1.2196
-14.5779	 -3.3048	+16.1423	 -0.7852	 +1.2894	 -0.7434
-42.9262	 +9.6714	 +3.9817	 -2.4937	 +1.5302	 +0.8429
 +0.1415	 +3.0698	 -2.1540	 -0.5546	 +1.2401	 +0.9562
-26.1239	 +8.2716	 +8.8984	 -1.2789	 +4.6875	 +0.3098
 -9.5712	-11.3578	 +7.2961	 +0.6051	 +0.4305	 -0.5631
 -2.8668	 +0.2266	 -2.0309	 -4.7063	 -3.4624	 -2.8166
 -4.7813	 -0.2667	 +2.5446	 -0.1588	 -1.0404	 +1.3380
-16.1442	-51.3019	+31.9032	 +1.8829	 -0.0112	 +0.8917
 -2.2603	 +9.5546	 +1.2991	 -2.0420	 -0.4969	 -1.4199
 -2.6475	 +0.7134	 -7.5451	 +4.5718	 -0.0689	 +0.6848
 +2.3827	+16.1808	+13.9294	 -1.8098	 +0.4667	 +2.2131
 +4.9953	+14.0704	+16.3523	 +0.4940	 +2.0258	 +0.9645
 -0.3907	 +5.5614	 -3.7358	 -0.4895	 +2.3925	 -3.6600
 -5.3428	 +6.3087	 -0.9335	 +0.7777	 +2.0726	 -0.7245
 -1.7220	 -2.0749	 -7.0637	 -1.7267	 -0.9139	 +3.0600
 -2.7854	 +2.7660	 -1.9027	 -0.4352	 +1.6676	 -1.4132
+10.2596	-11.0577	 +2.8650	 +1.3243	 -3.1547	 -0.6401
 -2.2648	 -0.8184	 -0.2283	 +0.5445	 +2.8754	 -3.9869
 -3.1786	+22.1439	 -0.8297	 +1.7916	 +0.0188	 +2.7193
 -6.1336	 -3.7239	 +0.8395	 -1.3462	 -3.8034	 +1.5906
 -5.6485	 +2.9661	 -1.1953	 -0.0766	 -0.4907	 +1.9043
+19.1023	+14.8340	 -3.0438	 +0.7047	 -1.9802	 +0.3115
-12.4692	 -2.1392	-11.2451	 +2.1436	 +0.1721	 -1.1106
 -1.6963	 -1.1835	+13.0489	 -1.2567	 -1.3177	 -2.4785
 +2.3597	 +1.5838	 -1.0148	 +1.0694	 +0.6325	 +2.2554
+10.3618	 +8.1851	 +4.9355	 -1.8154	 +3.5355	 +0.0446
 +0.9462	 +4.1982	 +1.5848	 +5.9183	 -2.8974	 +0.8376
 -5.4803	+10.9268	 -5.1021	 +2.3328	 -1.5096	 -1.0351
 +4.7727	+14.7631	-17.7809	 -0.2464	 +1.5679	 +1.1739
+10.9155	 +0.8211	 -5.6492	 +1.3595	 -3.6603	 +0.2312
-11.2935	 +0.5818	 -1.9373	 +0.7500	 +2.3726	 -0.4244
 +0.2779	 +6.8435	 -8.3350	 -0.6201	 -2.5455	 +0.6452
-11.9667	 +3.7736	 +9.0871	 -2.7039	 -0.1050	 +2.1390
 +8.3662	 -9.5668	+35.5208	 -1.0149	 +0.7853	 +2.1090
 -2.9014	 -7.2532	 -1.2845	 -0.4661	 -2.7270	 -3.0752
-16.2397	 +5.1803	 +0.7914	 -0.1384	 +3.7830	 -0.0216
 +3.0741	 +0.6593	 -1.9319	 +1.8485	 +0.5153	 +0.2867
+17.5290	 -9.6302	 +8.8559	 -0.0012	 +0.5786	 -0.6242
 -2.1985	 -5.6475	 -0.4791	 +3.1838	 -2.4018	 -0.4380
 -0.1519	 -4.7029	-10.6353	 +0.9235	 +5.8490	 -2.2526
 -2.4869	 -2.4936	-12.1772	 -3.1257	 -2.2886	 +1.0556
-23.3940	 +5.7491	-40.0819	 +1.0223	 -1.0957	 -1.2015
+15.2574	+17.0655	+29.4461	 -1.0226	 -0.8466	 +0.8420
 +4.9772	 -2.5034	 -1.5342	 +0.3765	 +0.6587	 +1.0073
 +2.6754	 +7.7925	 +2.4560	 -1.8664	 -1.2233	 -2.1129
 -5.4296	 +7.9956	+24.5587	 -1.2157	 +0.7883	 -2.5739
 -9.3513	 -3.5433	-10.5778	 +2.1829	 -1.9306	 -0.4649
 +1.1434	 +2.6151	 +1.0250	 -4.8759	 -0.5486	 +0.3965
 -8.2595	+14.7802	+13.0415	 -1.7117	 +1.2608	 +0.0730
 +3.7231	 -8.8069	-10.8197	 +0.5413	 +0.9561	 -1.9645
 -5.1769	 -2.7992	 +5.8441	 +1.8013	 -5.0272	 +0.8692
 -1.0096	 -2.9493	 -4.6381	 -2.7648	 -2.6007	 -0.6558
 -4.9708	 +4.4591	-11.8731	 +3.2685	 -1.2412	 +0.0196
-19.5799	 -0.5761	-17.0835	 +2.4563	 +2.3151	 +0.9496
-12.9182	 -6.8421	 -2.5703	 +0.7508	 +0.2724	 +3.1835
 +4.3597	 -1.1819	 -3.2106	 +1.1573	 -0.5786	 -2.4840
 -5.2298	 -3.8498	 -1.2687	 -0.5750	 +2.2793	 -2.9932
 -3.0857	 +5.9053	 +3.0840	 +0.8664	 -3.9890	 -1.0835
 -1.8430	 +2.7245	 +1.3163	 +1.3013	 +1.7183	 -3.0008
+21.8658	-14.8357	 +3.8917	 +1.5226	 -0.2843	 +1.1846
-14.5424	+19.0566	 -7.2892	 -1.2554	 -0.0999	 -1.0509
-10.6347	 +4.4481	 +2.2463	 -1.8703	 -1.0786	 -1.9001
 +0.9314	 +5.7937	 -7.0147	 -1.0361	 -2.6098	 -3.8030
-13.2202	-11.5000	+10.3337	 -1.4559	 +1.2210	 +0.0432
 +7.1067	+10.9275	-21.1001	 +2.7871	 -0.7651	 +1.7953
 -5.7110	 -5.5830	 -0.6841	 +6.1287	 +1.5692	 -0.6370
+20.2477	-12.0497	-25.7125	 +0.2419	 -0.1980	 +1.8590
 +2.4580	 -0.4885	 -4.1354	 -4.3021	 -5.9613	 +0.2570
 -6.4040	 +1.1185	 -4.7104	 -1.6789	 -2.2552	 +2.8380
 -1.3851	 -0.1182	 -0.3076	 +1.0437	 -1.9309	 -2.9946
+23.2341	 +5.5465	 +0.0474	 +0.3351	 +1.8844	 -0.2239
 +6.9478	-12.2839	 -5.4281	 -3.3714	 -0.0973	 -4.2054
 -2.4072	 -6.3355	 +2.1378	 -4.3179	 +0.1747	 -5.0145
+20.8351	 -7.0464	 -6.4810	 +1.3465	 +0.7915	 +0.1190
-19.1710	 -2.8089	 -4.6707	 -1.2700	 -2.0433	 -0.3971
 -6.8282	 +6.5179	 +5.7032	 +2.2697	 +1.6264	 -0.9570
 -9.3753	 -3.8791	-10.1377	 +1.5004	 +2.0812	 -0.8072
-15.4502	 -3.1122	 -1.3061	 +0.4434	 -0.3481	 +0.9083
-17.3493	 -3.7151	 -8.5198	 -1.5144	 +1.5368	 -3.0099
-24.2878	 -8.4718	 -5.6203	 -3.4715	 +2.4945	 +0.7782
 +1.8087	 -1.4016	 +5.9256	 -3.3977	 +2.5393	 -2.9980
 -0.6904	 +0.3843	 -2.9589	 -1.0385	 -4.2697	 +1.9855
 -3.1442	+17.1318	 +0.5165	 -0.9987	 +2.2575	 -2.5653
 +2.7743	+12.7809	 +2.9793	 +1.5895	 -3.2039	 +0.7538
-12.6690	+14.1884	-48.7290	 +0.0948	 +0.0524	 -0.2873
+10.0423	 +6.1162	 -1.8010	 +2.2384	 +3.0483	 -0.3916
+12.9020	 +7.4599	-12.4415	 +2.3988	 -1.3734	 -2.4467
-13.9245	 -3.0819	 -1.1986	 +1.7016	 -0.1129	 +3.1826
 -7.2469	+15.8310	-20.5550	 +0.8692	 +2.7603	 +2.4966
 -0.2203	-13.4477	 -3.9322	 -1.0240	 +2.5018	 -1.6980
 -4.7093	 -2.3636	 +1.3955	 -0.5434	 -3.5867	 -1.3162
 +0.6676	 -1.8402	 -7.1742	 -5.8946	 -0.2180	 +0.0154
 +2.5167	 +0.5593	 +1.9662	 -2.5904	 +0.2646	 +1.7771
 -9.5461	-12.3448	 -1.1030	 -0.2036	 -2.0989	 -0.1678
 -1.4279	+25.0112	 -0.7459	 +2.8594	 +0.0738	 -2.7218
 +0.0358	 +2.5606	 -4.4967	 -0.5179	 -0.1442	 +0.8558
+10.3183	+10.4110	 +7.2188	 +0.7093	 +2.1381	 -1.2414
 -5.3938	-10.0292	 -4.4570	 +1.5599	 +1.9701	 +3.4590
 +2.8347	-10.3025	+17.8494	 -1.4851	 +0.7035	 +0.4771
 -3.5577	 -1.0538	 -8.9852	 +1.7231	 +0.7105	 -2.2544
 +3.6686	 +1.9740	 -8.7883	 +1.6674	 +1.0152	 +0.3540
 +6.0054	 +3.8498	 -0.2864	 -2.6051	 +0.8382	 -0.4191
 -2.1493	-18.0892	 +6.4914	 -2.4702	 +1.3571	 +0.5221
 -3.2202	 +5.2482	 -4.4623	 -1.7743	 +0.6264	 -0.6369
 +1.8607	 +0.2235	 -3.9608	 -1.5603	 -1.1079	 -1.0791
 -5.3801	 +1.2850	 -2.0987	 -1.4837	 +1.0509	 -3.3623
 -0.8703	 +7.2074	 +0.6544	 -0.2365	 -0.3256	 +0.6065
 -3.2059	 +2.6100	 -1.3256	 -2.8978	 -2.2941	 +2.2896
 +9.7612	 -2.5386	 +5.1198	 +1.5907	 +0.0954	 -1.2244
-13.2787	+21.4607	 -7.7463	 +0.9355	 -1.9568	 +0.8729
 -4.9576	-10.4536	-16.1372	 -0.4353	 +2.5486	 +0.8195
 +6.3795	 +1.0986	 -3.5779	 +0.0672	 -4.3258	 -1.0133
 -2.9326	 -0.9855	 -0.4611	 -2.8762	 -1.3596	 -0.5834
 -2.9354	 +6.1043	 -9.9691	 +0.1616	 -2.2925	 +0.2355
-18.6460	 +2.0744	+16.6738	 -1.3649	 +0.1799	 -3.8150
 -1.2787	 +6.1577	 +2.5224	 -2.9455	 +1.4267	 +6.4030
 -0.4083	 -2.5883	 +1.4014	 +0.5596	 -0.8829	 -0.3183
 +1.5019	 +1.9595	 -2.0451	 +1.0554	 +1.0915	 -0.8208
 +0.1158	 +8.0570	 -2.5213	 +3.7345	 +2.5259	 +0.7203
 +0.1535	 -4.2080	 +3.5065	 -1.9861	 -1.5894	 -4.4990
+21.7144	 -5.8804	 +6.2349	 -2.3810	 -1.6635	 -3.0725
 -0.3437	 -0.0694	 +1.8112	 +0.7150	 +4.0052	 +0.5835
 -1.9720	-34.3008	+57.9259	 -0.3756	 -1.1885	 +0.5346
 +0.4679	 -4.2589	 +0.5204	 -0.0927	 -4.2145	 -0.3885
+38.5381	+35.8223	-30.6195	 -1.7208	 -1.1765	 +0.5582
 +2.0928	 +4.9372	 -4.3893	 -0.1961	 -2.4553	 +3.0828
 -1.2296	 +1.8248	 +2.1214	 -1.0383	 -3.0680	 -2.6803
+52.0837	 +1.6756	-45.2972	 -0.2702	 -0.1700	 +1.4770
-14.5907	-31.6885	+26.4749	 +2.5318	 -2.0484	 +1.6432
+104.1505	+59.0422	+15.9776	 +0.0594	 -0.7874	 -1.6061
 -0.4798	+31.2486	 +4.3233	 +2.8245	 -0.8281	 +0.6563
+23.0476	+66.9673	-34.0193	 +1.1762	 -0.3452	 +0.0026
 -8.9535	 -9.9805	 +1.5080	 -0.0337	 +0.2440	 +2.2401
-10.0082	+18.1509	 -3.6135	 -2.9743	 -1.0240	 +1.0929
 -6.5773	 +1.8246	 -8.9289	 -5.8370	 -0.4405	 +4.4504
+11.2117	+27.6694	-48.8127	 +0.7367	 +2.7039	 +0.1604
 +6.5003	-12.7029	+42.9206	 +1.5029	 +0.9216	 -0.9323
+23.8626	 +6.1960	 +2.2143	 -2.1321	 +1.5567	 +0.9198
 -4.3095	 -2.0669	 -7.2501	 +2.2283	 -4.0043	 -1.7689
 +4.4277	 -8.0259	 -5.6924	 -4.8672	 +1.5885	 +1.0622
 +6.9234	 -4.4238	 +0.2799	 +2.7363	 -1.1207	 -3.3856
 +0.3716	 -2.7732	 -6.1334	 -3.0161	 -2.0707	 +4.4665
-11.6261	-10.0906	 -6.7337	 -0.6359	 +1.3578	 +0.6330
 -5.1447	 -4.0467	 -3.1419	 +3.0542	 +2.2865	 +0.1040
 +1.2290	+24.6394	 +7.1511	 -1.2032	 -1.7825	 +0.8680
 +3.6274	 +3.9753	-15.5267	 +0.3629	 +3.4929	 -0.5159
 +9.0374	+15.2175	-25.8662	 -1.5309	 +0.2483	 -0.2177
 -3.6221	 +6.6414	 -1.4946	 -2.1645	 +5.3961	 -0.5825
+18.5795	-21.6670	-10.9747	 -1.0119	 +0.6999	 -1.0617
 -4.1320	 +1.5743	 +3.0585	 -1.2022	 +1.5196	 +0.5520
 -2.6501	 +3.6274	 -0.2317	 +1.1402	 +2.0396	 -3.0553
+12.8575	-19.1022	 +0.3785	 -0.7092	 +0.6273	 -0.3989
 +1.9547	 +4.2370	-15.6139	 +0.3870	 -2.4159	 +2.2017
 -2.1049	 -5.9796	 -2.1402	 -3.2245	 -1.0849	 +6.2153
 -1.1643	 +6.1237	 +3.8468	 +1.4064	 -0.4259	 -4.5683
 +1.7711	 -2.3669	 +7.0792	 +0.5187	 +0.6975	 -2.2387
-23.3188	+23.1311	 +7.9459	 -0.1882	 +1.9531	 +0.9226
 -3.6864	-10.6424	 +2.6665	 -3.2531	 -2.5206	 -1.1496
-11.8298	 +6.3378	 +0.4664	 -4.0223	 -2.2740	 -0.7844
+11.0180	+10.7264	 +5.6882	 +4.3636	 -0.1246	 +1.4420
-10.7582	 +4.7247	 -5.1945	 -3.5229	 -0.1779	 +1.4122
 +2.9008	 +1.0421	+12.1360	 +1.4869	 -1.3946	 -1.2961
-15.0793	+66.0094	+20.8120	 +0.7237	 +0.3147	 +1.2653
+19.3487	 -6.8079	 +6.0123	 +1.8154	 +0.9649	 -0.7034
 +3.5227	 -8.0273	 +6.2252	 +1.8425	 -3.6092	 +1.1512
-12.5871	-33.8497	+25.5695	 -0.8922	 +0.4078	 +1.1560
-41.1446	+34.9125	+25.7971	 +1.1974	 -0.1712	 -0.6037
 -0.3656	 +3.4580	 +2.5072	 +1.7324	 -2.6653	 -1.3131
 -5.6100	-17.5071	 -6.5112	 +3.2388	 +0.1033	 +0.9716
+10.3553	 +8.2954	 +1.5845	 -3.4419	 +2.3496	 +2.2565
 -6.5633	 +1.9943	 -4.5877	 +1.3755	 -5.8063	 +3.2322
 +2.0888	 -1.8256	 +3.2935	 +5.9378	 -0.9316	 +1.0919
 +7.0160	+12.6950	 +6.2944	 +3.3686	 -0.0899	 +1.6872
 +4.3384	-32.3884	+110.3866	 -0.2981	 -1.4628	 +0.5708
-23.8660	+12.0371	 -3.4214	 +0.0877	 -2.8589	 +0.2726
 +4.4495	-13.7937	-17.8673	 +2.5538	 +0.6683	 -1.5189
 -3.2704	 +0.9787	 +3.0038	 -2.4095	 -3.5627	 +1.0268
+12.9655	 +2.1262	-12.3222	 -3.2175	 -2.3106	 +1.3264
 -5.5249	 -6.5899	-20.2363	 -0.6111	 +0.0154	 +2.0226
 -1.0109	 -6.8071	 +5.0197	 +3.4224	 -1.5523	 -3.2998
+25.8043	-25.6495	+39.3192	 -1.3014	 +1.0972	 -0.3097
-11.2103	-16.1272	 -7.0012	 +2.4567	 +0.1161	 -3.6259
 -1.7619	 -6.3522	 +1.7201	 +0.8984	 -4.8683	 -1.1020
 +5.0104	 +1.4945	 -1.9490	 +1.8624	 +4.9734	 -2.6531
-15.1787	 +5.8280	+15.3547	 -1.9236	 +1.9108	 -1.0997
 +8.8815	 -7.8578	 -2.6041	 +1.7653	 +4.0543	 +2.0111
+13.6417	 +5.8403	 +6.8026	 +1.2535	 -3.3742	 -2.2667
+14.6198	 +1.4163	 +4.3159	 -3.2492	 -0.4335	 -1.3857
 -0.0499	 -2.1829	+22.4181	 -0.3252	 +2.9660	 +0.7926
 +3.6973	 -7.1860	-13.4993	 -0.1681	 -5.4303	 +1.3251
 -2.4669	 +2.2941	 +4.6175	 +3.0857	 -2.5406	 +1.4408
 -3.3920	 +0.1743	 +3.9141	 -2.7029	 -1.1726	 +2.0779
-14.7903	 -4.2816	-10.3080	 -0.7350	 +0.7506	 -0.5347
-13.5044	 +3.0374	 +0.0096	 +1.1827	 +1.3448	 +0.7879
 +1.8118	 +7.7809	 -9.0270	 +0.1968	 +1.0281	 +2.0833
-20.1613	 +1.8444	 +8.6316	 +4.2330	 +0.5167	 +1.8626
 -3.2253	-10.7129	 +0.8919	 +1.1629	 -0.0493	 +2.9477
 -6.7476	 -1.8853	 -4.1011	 +0.2024	 -0.5643	 +0.4246
-12.0135	-12.2087	 +0.2076	 +0.5382	 +2.3754	 +0.7482
 -2.3013	 +8.5815	 +4.7477	 +1.7983	 -1.4257	 -0.0752
+27.6943	+22.5356	 -5.1766	 -0.7305	 +0.9784	 -0.2611
 -6.5046	 -9.2110	 -0.3948	 +1.5323	 -0.7872	 +0.7461
+25.6266	 +1.8784	 +6.5516	 -0.7111	 +2.2834	 -0.7220
 -2.4106	 -4.2933	 -5.3918	 -4.2587	 -0.1010	 -3.3246
 -5.1857	 +2.8350	 -8.3256	 -0.5494	 +2.1538	 -0.8458
 -5.0207	 +5.0539	-12.1336	 +4.3531	 -3.6208	 -0.6591
 +1.7468	 -2.5707	 +2.4028	 +0.3867	 -4.3351	 -1.7214
 -6.6596	-22.1629	 +6.0905	 -0.0472	 -3.5806	 -1.5745
-12.4581	 +9.5157	 +6.6666	 +1.3473	 +0.5927	 -2.9164
 -3.3781	 -5.3215	 -4.2147	 +1.2337	 +5.1573	 +2.3043
-14.9279	 -9.5815	+16.2175	 -3.3145	 -0.6714	 +1.1007
 -5.6916	 -0.1967	 +2.3605	 -6.3589	 +0.9543	 -0.0365
-16.2629	 -5.6792	 -6.9906	 -2.1861	 -2.8157	 +1.0976
 -0.6438	+25.0906	-13.0458	 +1.6939	 -2.0829	 +2.1068
-13.6988	+10.9486	 -4.1981	 -0.1384	 +3.0212	 +1.3677
 +5.8596	 -7.6390	 +5.6140	 -3.7754	 +1.1759	 -0.0051
+13.9254	-24.3855	 +1.4247	 -0.9887	 +1.2020	 +1.6326
+11.7812	 +1.7383	 +1.4623	 -0.9663	 +2.9368	 -1.1073
 +6.9057	+36.9346	-15.4305	 -0.0800	 +1.7319	 +2.1990
 +3.3786	 -3.5060	 +4.2789	 +0.6998	 +0.2738	 +3.0921
 -0.2114	 +8.5039	 -1.2129	 -3.4404	 +0.5367	 +0.2622
 -3.3380	 +0.3990	 -4.1877	 -1.3609	 -3.7342	 -1.4208
+86.8998	-28.9041	+52.4967	 +0.1518	 -0.9315	 -1.3620
 +1.0536	+12.3136	-13.3426	 -2.4277	 -1.7474	 -1.7384
 -2.0574	 -0.0933	 -8.2441	 +2.3659	 -3.6048	 -2.2231
 -2.4739	 -0.3420	 +7.5573	 +1.9149	 +0.9640	 +0.4715
 +2.9189	 +4.5106	-14.0714	 -0.8306	 +2.4249	 -1.1120
 -7.7743	 -1.5256	 +4.0634	 +2.5715	 +3.3159	 -3.3693
 +0.6340	 -0.8136	 +2.2575	 +1.8584	 +1.7334	 +3.3784
 +5.1198	 -5.0984	-10.2264	 -1.3313	 -3.1852	 -1.0762
 -7.9006	 +1.2308	+18.7439	 +2.1921	 -1.0773	 +2.5621
 +4.2049	 -7.2584	 +7.5068	 -3.3158	 +2.7118	 +2.4714
 +4.0189	+14.4135	+23.1504	 +0.6224	 +0.9524	 +3.8859
+10.1469	 +5.0992	+13.8018	 +0.9132	 +0.8785	 +2.4188
 +7.6278	 +0.4059	 -2.4070	 -1.4833	 +1.3562	 +0.1648
 -4.3694	 -9.0054	+21.9428	 +1.3609	 +1.0781	 -0.7284
 -8.3588	 +0.1391	+16.8777	 -1.7403	 -2.2004	 -1.9065
-20.8379	 +0.9731	 -7.9260	 +1.1767	 +1.0298	 +3.6922
 +5.3849	 +3.9568	 +3.5374	 -2.8650	 -2.3633	 -1.3564
-41.2362	+21.2145	 -0.0730	 -3.0269	 +1.4364	 -1.0392
 -3.1252	 -0.4514	 -3.1723	 +0.0015	 -7.4030	 +0.0525
-13.9765	 +0.7778	 -1.4746	 +1.9234	 +2.8191	 +2.2651
+19.0118	 +6.9512	 +8.5459	 -1.1642	 -0.9319	 -1.6569
 -5.1173	 +5.9359	+11.3225	 +1.9557	 -0.1557	 +1.9062
 +4.8624	-19.8730	 +4.0482	 -0.5021	 -0.6877	 +0.8997
 -5.0768	-13.1480	 -1.2032	 -2.2827	 +1.9507	 -1.6019
 -0.7585	+12.4167	 +4.7532	 +0.7800	 +0.2612	 +1.2736
-92.5923	-169.9785	+26.1235	 +1.0923	 -0.0008	 -0.0971
 +6.5468	 +3.9946	 +2.4534	 -0.6387	 +0.0313	 -0.1332
 -0.8428	 -7.0820	 -3.3846	 -3.7626	 -0.6461	 +2.5821
 +0.1456	 -3.4816	 -2.4023	 +4.3616	 +2.4699	 +1.8032
 -8.9023	 -0.9358	 +5.9755	 +1.5839	 -2.8388	 +4.9357
-10.4330	 -1.7781	 -3.8537	 -2.5777	 +0.0266	 +5.2561
 +0.0336	 +2.5421	 -6.7001	 +1.2546	 -2.9296	 -0.8060
 +2.6004	 -5.4638	-11.6475	 -1.8154	 -0.3062	 -1.4095
-15.0555	 -9.7639	+22.9521	 +1.5806	 -3.1278	 -0.9919
 +4.1987	 +0.5542	 +0.7209	 -2.4218	 +4.4333	 +1.6296
 +3.1563	 +3.2756	 -3.3343	 -1.1653	 -1.1256	 -2.3122
 +2.8589	 -8.6287	 +2.3159	 -2.5649	 +3.0572	 +2.8732
 +0.2898	 -0.0800	 -0.6124	 -1.2250	 +5.4131	 +4.5784
 -4.0218	 -3.2584	 -1.9010	 +5.4975	 -1.4432	 +0.6426
 -3.0013	 +4.7024	 +6.9847	 -2.8373	 +1.2021	 +1.6660
 -2.8959	+20.0664	 -7.2544	 -0.7890	 +2.9103	 +2.5545
 +9.4640	 +2.7287	 -6.4003	 +0.9878	 -1.7691	 +1.3973
 -3.9976	 -1.7342	-11.9973	 +0.8363	 +0.9761	 -2.5249
 +0.3025	+28.8358	-31.4746	 +0.2055	 -0.9856	 +2.3491
 -0.8684	-19.6850	+41.1210	 +0.4413	 +0.5302	 -1.7236
+17.9133	-21.7873	 -7.7697	 -0.4917	 +2.9932	 -1.3101
 +1.5045	 +3.6630	+16.4782	 -1.6124	 -1.1637	 -1.5119
 +1.8797	 +1.4764	 +5.2575	 -2.5000	 -2.1942	 -3.8334
-11.9938	+14.6198	 +0.0298	 -2.5588	 +0.0769	 +1.1801
 +4.8406	 -6.6430	+29.6990	 -1.5111	 +1.2378	 -0.9419
-47.0533	+20.1579	-75.7188	 +0.9952	 +1.8945	 -0.0247
 +7.9443	 -2.5068	 -1.3117	 -0.7036	 +3.1052	 -0.2215
+13.4278	-17.4556	 -4.9375	 -0.5715	 +1.3396	 +0.7433
 -3.1760	+15.4056	-13.3141	 -0.2928	 +1.3538	 -1.0517
-27.6227	 -2.6966	 -7.3850	 -0.3275	 +1.1042	 -0.0367
 +0.5213	 +3.4387	 +0.2752	 -0.8758	 +3.6064	 +2.6431
 -3.5931	 +6.2967	 +4.8969	 +1.5836	 +0.0093	 -2.5657
 -4.2777	-26.9803	-15.9577	 +0.7497	 +2.8173	 -1.4018
 -2.9046	+10.5065	 +1.2778	 +2.4728	 +2.9595	 +0.7071
 -5.6513	 +3.9249	 -1.8806	 +0.1929	 -2.7539	 +1.9503
 -0.8955	 -2.6245	 +8.7185	 -2.6305	 +0.6441	 +1.3809
+20.1041	+16.0133	-33.6826	 -1.0586	 -0.9514	 +0.3551
+29.6898	+40.7655	+68.5925	 -1.0361	 -0.5582	 +1.1031
 -4.4924	 +3.2478	-22.9880	 -1.7243	 -2.5824	 -0.8047
 +0.3707	 -8.6740	+14.0032	 +3.0224	 +0.3276	 +2.8298
 +1.2107	 +1.8400	 +2.5245	 -0.7908	 -0.0600	 +0.0506
 +2.3304	+17.3458	 +6.9992	 +1.7152	 -0.7947	 -0.0079
+68.4855	+28.4349	+34.4802	 -0.6205	 +0.1938	 +0.6769
 +2.1631	 -4.1710	 -0.8560	 -1.7971	 +2.3146	 -4.5897
 -1.0430	 +8.5032	 +2.2674	 -0.8360	 -2.4268	 +2.8676
-15.1498	 -8.2984	 +2.7938	 -0.6227	 +1.0684	 -3.2531
 +2.8279	 -3.3161	 -1.7855	 -1.6439	 +1.9012	 +4.1178
-41.6339	+10.6710	 +9.7851	 +0.9242	 -1.1098	 +1.8640
 -1.7126	 +2.9599	 -7.7214	 -0.8090	 +4.8122	 -2.7157
 +0.9500	 +5.1338	 -3.9756	 +1.3829	 +4.0759	 -3.9586
 -3.2084	 -9.3029	 -1.9309	 +3.6889	 +3.2092	 +0.8940
 -9.7536	 -0.0719	+29.5375	 +1.8160	 -0.1934	 -0.5487
 -7.0615	 -1.2804	 +8.2998	 -1.1633	 -4.8136	 -1.0345
-10.9129	 +8.8591	 -0.3806	 +1.3057	 -4.6593	 -1.0429
 +8.2956	 -3.3868	 +4.4790	 +1.0073	 -1.0296	 +1.1666
 +7.4112	 -4.6264	 +8.9734	 -3.7646	 -3.4873	 -2.0325
 -0.3552	-12.5437	 +8.0654	 -0.1687	 +1.0089	 -0.2942
 +4.4984	 +5.4226	-25.3515	 -1.6826	 +4.1100	 -1.0567
 -3.0214	 +4.2548	-10.1775	 -1.6648	 -3.1634	 +2.1159
 +0.9302	 +3.2484	 +0.2934	 -4.0619	 +1.3483	 +4.7867
 -1.0128	 -0.0423	 +5.2591	 +0.7819	 +0.5519	 -1.2027
 -4.9709	-20.9225	-11.2438	 +0.5958	 -0.1431	 +2.9642
 -9.1351	-10.9559	-16.1686	 +3.0978	 -1.0745	 +0.9722
 -3.4160	 +4.1723	 +0.0945	 -1.4903	 -0.0800	 +0.5010
 -3.9379	 -9.4338	 +9.2126	 -0.5584	 +0.8077	 -2.8746
+17.2158	+13.7882	-11.9810	 -0.3678	 -1.1344	 -2.3830
 -6.7783	 -6.2918	 -4.7183	 +2.3679	 -0.0469	 +0.1485
 +2.9144	 +1.9637	 +3.6396	 -2.2601	 +4.8786	 -0.4607
 -1.9123	 +2.1176	 +3.3379	 -0.7623	 +3.8839	 -1.7992
 -2.0669	+12.3090	-26.0457	 -3.5154	 -1.8305	 +0.1624
 -5.7585	 -4.1480	 +2.0543	 -0.3439	 +1.9152	 -1.0370
+18.8337	 +7.9277	 +3.6211	 +3.4581	 +1.2279	 +0.7551
 +2.5633	 +8.9299	 -2.6129	 +1.3304	 -1.5811	 +3.4586
 +4.2326	 +1.3742	 +4.1174	 -0.7255	 -4.8488	 +0.3038
-14.6391	+19.0275	+11.4484	 -0.0483	 +0.8577	 +0.1540
 -1.9968	 -1.7408	 -3.7356	 +0.6431	 -1.1820	 -0.1912
-15.6259	 +6.4784	 +6.9557	 -1.4249	 +1.1369	 -3.7017
 -5.4634	 +6.3308	 -1.9400	 +0.8139	 -1.7846	 -1.6029
 -3.5055	 -1.9139	-10.2704	 -2.2143	 +0.7443	 -0.8155
 +4.6028	 +4.5749	 -8.1306	 +1.1850	 +0.7408	 -2.3030
+22.5963	+12.3838	 -0.5675	 +0.0446	 -3.1395	 -0.2330
-84.1653	+42.9153	+24.5995	 +0.1155	 +0.1041	 +0.6114
-10.1718	 -1.9191	 +5.4010	 +3.0112	 +4.0255	 +2.4126
 -7.4013	 -2.2957	 -1.1485	 -0.2960	 +2.5776	 -1.8077
 -2.4976	 +6.0145	 -5.2104	 -3.9377	 +2.7392	 +1.6963
 -9.1456	 -3.9325	 -0.0323	 +1.2864	 -1.2702	 +1.7176
-20.0408	+11.7607	 +5.5903	 +0.1890	 -1.4751	 -2.0015
 -8.4483	+13.3170	-30.5405	 +0.8147	 +1.7370	 -2.0777
-16.8654	-19.0486	 -3.7515	 +0.1088	 -1.6127	 +3.0035
 -2.2705	 +2.0210	 -3.4846	 +1.5625	 +4.5269	 +2.0993
 +1.5051	+12.5029	 -8.5872	 +0.7818	 +1.0587	 -3.2177
 -1.4243	 +0.5950	 -9.1605	 +1.8302	 +0.5901	 -0.1495
 +5.6486	 -2.1709	 -3.2890	 -2.5011	 -0.0094	 -1.0143
 -7.1275	 -3.3741	-14.7971	 -3.1707	 +1.0176	 -1.7979
 -6.8403	 +1.0230	 -1.4450	 +2.4865	 +4.2722	 -4.2585
 +3.7038	 +1.4772	 +4.9219	 +0.0178	 +0.4238	 +0.5864
+30.7268	+20.9502	 +6.5367	 -1.3933	 -1.8214	 +1.8242
 +8.6520	 +3.4811	-17.4169	 +3.0588	 -3.0729	 -0.4704
 -6.1401	 -2.9402	 +5.9968	 -1.0977	 -3.3013	 -2.7377
 -4.5647	 +2.4109	 +0.5816	 +3.6153	 -4.6857	 -2.2386
+22.4704	 +1.8133	 +1.1070	 +1.0399	 -0.5466	 -0.3722
 -1.7673	 +2.4408	+10.3657	 +3.8782	 -1.1168	 -1.5405
 +6.1369	-13.8489	 -3.2088	 -1.8832	 -2.0530	 -0.9896
 +6.6150	-13.3001	 +3.9092	 -2.0769	 -3.2331	 -0.5445
 -0.1405	 +4.2851	 +2.5920	 +0.4891	 +3.4232	 -4.0746
+12.9906	 -8.0919	 -0.2345	 +0.9972	 +2.1482	 -1.8200
+19.0000	 +5.4674	 -9.4737	 +0.7213	 -3.7288	 +0.4180
-34.8368	-18.2620	+16.4000	 -0.3085	 +0.1162	 -3.0193
 -0.8572	 -8.4395	+12.2751	 +1.9082	 -0.5690	 +1.4747
 +1.6711	+11.9388	+15.1277	 +1.2316	 -0.8564	 -2.6928
 -9.4769	-10.2878	 -2.7933	 +1.5615	 +4.1618	 -2.7890
 +5.6868	-12.0712	 +1.2719	 +3.4441	 +1.4207	 +1.9380
-10.6765	 -4.9317	 -9.1746	 -2.5999	 -2.0537	 +0.7298
-40.7745	+25.8649	+37.2704	 -0.0950	 +0.5780	 +0.3312
 +6.2590	 +2.2962	 +4.9013	 +5.7994	 -0.4673	 -0.1553
 +2.4867	 +0.3937	 -5.0427	 -1.2302	 -2.4715	 +2.3667
 +3.5943	 +8.8676	 -7.1086	 -1.4159	 +3.6122	 +3.0647
 -3.5599	 +4.6955	 +2.1618	 -2.7360	 -1.2324	 +4.6029
 -4.2957	 -0.8530	 -4.0458	 -0.9547	 +6.0601	 +3.9988
+43.7197	 +5.9586	-16.6597	 -0.6292	 -0.7268	 +0.2604
 -0.4144	 -3.5011	 +0.9716	 +1.9709	 +3.8524	 -1.0888
 +9.0897	 +3.0410	 +4.8007	 -0.0004	 +2.2762	 +3.0561
 +6.7983	+13.4415	 +2.7702	 -0.4883	 -2.8705	 +2.1311
 -3.4170	-15.4560	-34.0121	 +1.0216	 -0.8096	 +0.8419
 -4.3568	 -0.1181	 -7.9738	 -1.4727	 +2.5945	 -2.1696
 +3.7624	 +1.4297	 +7.6268	 +0.5727	 -1.1399	 -2.2899
-102.7221	-32.5695	+85.3200	 +1.3908	 +0.1665	 -1.2282
 -2.5759	 +8.5705	 -7.8212	 +3.3474	 -2.0433	 -3.1971
+12.3469	-36.0181	 +8.2839	 -0.9631	 +1.7133	 +3.6031
 +2.9821	-24.6796	 -2.9551	 +1.0158	 -1.1127	 -2.2924
 +0.7599	 +0.8539	 +2.5569	 -2.4495	 -0.1016	 -3.5497
 -5.1582	 -4.8558	 -2.3092	 +0.9502	 -4.6255	 -3.3133
 +4.1554	 +6.6558	 -8.9944	 +3.7498	 -2.3243	 -1.4570
 +7.1939	-12.4162	 -0.4771	 +1.0600	 +1.0037	 +0.7024
 -1.9630	 -6.5234	 -8.3197	 -1.9044	 +1.2258	 -3.1511
 -9.6510	 -9.4535	 +6.3972	 -2.6904	 +0.0054	 +0.6678
+12.1695	-24.5679	 -6.1119	 -0.1845	 +1.1738	 -1.1813
 -5.5058	 -0.6604	 +3.2615	 +1.3930	 +0.5824	 -0.4359
-19.8823	 -6.2991	 +4.0837	 -1.7091	 -0.5447	 +0.1448
 -1.2402	 +1.2712	 +1.8541	 -0.7630	 -5.0918	 +4.2833
 -0.3653	 +1.5768	 +4.8220	 +0.3601	 -0.6494	 -0.7752
 +5.2276	 -2.7847	 -2.4217	 -1.5130	 -1.1003	 +0.3521
-11.5730	-12.7334	 -5.9739	 -1.4119	 -2.1410	 -3.7448
-64.9685	+23.3719	+50.8689	 +1.2061	 -0.8317	 -0.8193
-58.8473	-32.6141	+18.7468	 +1.2661	 +1.0114	 -0.5389
 -9.1029	 -8.6254	 +9.4311	 +0.7262	 +2.0196	 +2.6378
 -2.6107	 +3.6885	 -3.5787	 -0.4259	 -2.0457	 +0.7467
-77.8627	-125.2975	+119.3831	 +0.6635	 +0.0530	 -0.0814
 -4.7938	 +7.6875	 +0.0877	 -4.4010	 -3.7090	 +0.4747
 -9.7398	+11.6861	 -9.5279	 -1.8315	 -1.2842	 -2.7477
 +0.6564	 +3.8565	 -4.5399	 +0.7653	 -2.2700	 -0.1198
-47.2774	-25.8010	-13.7373	 +1.8144	 -0.6042	 -1.1759
-10.2676	 +5.0502	-10.8126	 -2.0818	 -0.0301	 -0.2605
 +5.9478	 +6.1732	-18.8655	 -0.7172	 -1.4861	 +0.0351
 +7.6825	-32.2260	+35.5255	 +1.3779	 +2.1275	 +1.6489
-11.9482	 +3.1734	 +1.5119	 -2.1550	 +0.2670	 -2.1090
 -0.4266	 -8.3289	 +7.2958	 -1.8986	 +0.6902	 +1.7650
 +3.5069	+15.4258	-21.8839	 -0.0045	 -2.3018	 +1.5888
 -7.2005	 +2.6965	+17.3798	 +2.4371	 -2.8189	 +1.3369
-17.3356	+12.8877	+22.4546	 -1.7900	 -0.3376	 +1.6113
+12.5613	+10.9017	 +1.5871	 +0.4976	 -2.9920	 +2.3494
+11.8744	 -2.6840	-12.2499	 +0.1427	 -0.6748	 +0.3323
-12.0736	 +2.5758	 -1.3949	 +3.2665	 +2.8783	 +0.6456
 -6.6868	 +4.5809	-16.6702	 +2.1862	 -1.8371	 +0.2884
-11.2913	-15.8860	-23.6567	 -0.2158	 -0.2571	 +0.3123
 -5.4069	-13.5318	 -5.7998	 +1.9147	 +1.3893	 -1.9934
-10.6291	 -9.7504	+21.0042	 -1.5698	 +0.1096	 +0.1745
 -8.6709	 +6.0335	 -9.8506	 -1.6271	 -2.7874	 -1.8358
 -9.7882	 +2.4196	 -5.6463	 +3.9073	 +1.0453	 -0.4349
-36.6762	+14.1190	+13.0024	 +0.0793	 +0.6732	 -1.5921
 -1.0125	 -8.4103	 -7.5484	 -1.1842	 -0.4042	 +1.5342
 -6.9151	-10.7016	+12.8800	 +0.8043	 +0.4706	 +2.4972
 +8.2278	+10.0875	 -5.4499	 +1.3441	 +0.8984	 +3.2020
 +4.9363	 +3.4405	 +4.9796	 -4.4734	 -0.3142	 -0.2960
-30.5687	+38.7153	-75.8454	 +0.4272	 -1.3899	 +0.6504
+11.8360	+21.2483	 -7.5423	 -1.4818	 +2.3183	 +1.3030
-12.1383	+76.9608	-52.1618	 -2.1231	 -0.6083	 +0.1531
-18.3964	 -4.5959	 -2.8890	 -0.3556	 -1.6427	 +0.3301
-15.7116	-17.3440	 -8.1252	 +1.0408	 -0.8904	 +1.9573
 +1.6569	+10.7211	 -4.8414	 -0.3773	 +5.0404	 +1.4830
 -9.8773	 -1.3583	+11.9888	 +2.9460	 +1.7017	 -1.1212
-20.0908	 -4.0862	 +4.5282	 +0.4716	 -1.0237	 +2.8570
 +1.5668	 +3.0795	 +7.3235	 +2.0810	 -3.3735	 -2.9760
 -1.8896	 -4.7547	 -9.0868	 +2.6699	 -0.8036	 -2.0060
 +4.2773	 -4.0044	 +1.6834	 +1.3796	 -0.8391	 +1.7578
 +2.7170	 +9.3583	 +5.6721	 -1.5233	 -0.2066	 -4.7009
-15.5402	 -0.0874	 +0.3408	 -0.2686	 +3.3673	 -1.9887
 +3.9399	 +2.5147	-10.0792	 -3.9587	 +2.3855	 +1.2247
+11.6431	 +7.6042	 -3.2145	 -3.0093	 +0.5620	 +3.4683
+10.6436	-24.6369	 -7.4304	 -2.8827	 -0.5282	 +1.8350
 -5.0356	 +0.9392	 -6.8388	 -2.9883	 -1.1317	 +4.1467
 -9.1227	 -2.2910	 +6.0544	 -0.0322	 +1.5541	 +3.7493
+11.1624	+10.5329	 +1.5671	 -0.7269	 +3.0783	 -0.6566
 -5.0508	 +7.5092	 +6.4722	 +2.2697	 +3.9068	 +0.9964
-143.7556	-179.2462	+114.0217	 +0.3694	 +0.8789	 +0.0919
 +4.3685	-10.2472	 +0.7508	 -0.0894	 +4.0158	 -3.3736
-17.1382	+47.6725	+46.2197	 -0.3330	 -2.1485	 -0.2089
 +5.8282	 +2.0060	-12.9756	 -1.4662	 -2.4600	 +1.9172
 +7.1369	+74.6931	-83.2525	 +0.0813	 +0.0172	 +0.3182
 +1.2825	 +1.1833	 -9.6543	 -0.7186	 -6.0491	 -1.6328
 -3.8340	 -5.1895	 +8.1936	 -2.5164	 +1.2231	 +0.3012
-14.4914	+25.7064	-25.2314	 +1.4807	 +0.1825	 -0.2627
-16.5391	-16.9798	 +0.8637	 +0.8368	 +2.8994	 +0.6311
 -1.6921	-14.0062	 +1.7493	 -4.5809	 -0.8250	 -1.2705
 -1.7272	 +9.4393	 -2.8154	 -2.9686	 +2.1447	 +1.2651
 -2.0711	 -5.0943	 -3.0640	 -0.0745	 -5.0177	 +3.2160
-10.1881	 -2.4164	 -6.6439	 -2.0819	 -0.1498	 +1.4505
 -4.3667	 +2.9371	 +3.1191	 +2.2656	 -2.9320	 -0.0062
 -8.7026	+11.8697	 +0.3642	 -4.3278	 +0.8504	 -0.7602
 -0.4822	 +0.6797	 +1.7733	 -4.5653	 +5.4348	 +2.3114
-22.2523	+26.6206	 +2.1625	 +0.3011	 -1.2236	 -0.0412
 -1.1079	 -1.9744	-19.6282	 +0.7040	 +0.5418	 -3.9974
+13.2292	 +4.0024	+11.1682	 +1.6419	 +2.2261	 -0.7636
 -5.5123	 +1.1496	-21.3374	 +1.0360	 +2.9757	 -1.2152
 +4.2105	 +7.4157	-13.2396	 -0.0145	 -1.9424	 +0.4733
 -3.1752	 -5.9222	 -5.1447	 -6.4599	 -2.3613	 +2.8213
 -1.7464	 -3.2957	 +2.0659	 +6.0349	 +1.3521	 -0.3859
 +7.0159	 +5.2787	 +6.9967	 +2.7378	 -1.5080	 +3.0531
 +0.6404	 +8.3035	 -0.3435	 -1.3862	 -2.7083	 -0.9701
 +5.0481	 -7.1254	 +6.4717	 +1.3535	 +1.4657	 +3.3681
 -6.7104	-22.1379	+12.2142	 +0.8685	 -0.6546	 +0.3333
+12.8192	 -0.8304	 +0.3027	 -1.3022	 +2.8110	 +0.4550
 -3.5594	 +4.9532	 -0.2313	 +1.5247	 -2.2716	 +2.8300
-20.0744	 +3.9093	 -2.6752	 +1.6642	 -0.4951	 +1.7440
 +2.2815	 -1.5352	 +0.7147	 -4.7197	 +4.7674	 -2.0718
 +3.4277	+13.0323	 +4.6224	 -1.0714	 +2.7351	 +1.5290
-16.0726	 +3.0937	 -6.4586	 -1.5388	 -2.4348	 +1.5672
 +7.8082	 +7.2860	 +7.0239	 -1.3857	 +1.5142	 +1.4040
 +2.7394	+12.6013	 +2.5324	 -0.9440	 +1.8995	 +1.6957
 +6.9256	+25.7464	+35.5232	 +0.6173	 +0.3507	 -1.2781
-12.6834	 -0.8065	 +0.8757	 -0.9779	 -1.4955	 +1.2855
 +4.5635	+21.4844	-12.1019	 -2.6469	 -1.4233	 +0.6464
+19.0165	-13.1925	+10.6067	 +3.5460	 +0.1954	 -1.7395
 -6.4140	 +1.6123	 -8.1323	 -0.9418	 +2.1305	 +3.3899
 -3.1931	 -0.5663	 -0.7470	 -3.1945	 -3.2620	 -4.8730
 +2.2077	 +2.4476	 -1.9791	 +4.1120	 +3.4585	 -4.0649
-10.2479	 +1.4398	 -4.9638	 -3.6293	 +0.1500	 -0.5462
-18.6041	+11.3055	-26.6914	 -0.2280	 -1.0063	 +1.7799
 +4.6360	 -0.9063	-13.0576	 +0.8250	 -2.9990	 -2.5430
+22.6565	 -2.0038	-18.1591	 -0.5062	 -0.8145	 +1.9472
 +2.2996	 -0.6186	 -2.8973	 +1.4341	 -2.6923	 -4.3107
 +0.6109	 -2.1422	 -4.5187	 +0.2333	 -2.4284	 -0.3030
+11.7955	+15.7165	-13.9380	 +0.2625	 -0.5991	 -0.3789
-17.1061	+36.8077	-11.2902	 +1.6323	 +1.7399	 -0.0542
 -4.7254	 +1.6225	 +3.4355	 -1.2620	 +1.9391	 -2.5059
-10.8135	 -5.0684	-15.3864	 +0.9549	 -1.3388	 -3.4680
-11.1128	 +4.4116	+12.0136	 -2.0842	 -4.2356	 -0.2541
+18.4552	 -9.9965	 -9.4187	 -0.1036	 -0.5401	 +0.3827
 +6.8828	-18.2002	 -2.9377	 -1.9227	 -2.7214	 +0.3882
 +2.1679	 -2.1185	 +6.4564	 -1.1577	 -1.1739	 -1.6207
 +3.9978	 +7.5095	+14.4119	 -1.1870	 -0.0942	 +2.8276
 -6.2476	 +1.9880	-25.2391	 +0.4311	 +2.0798	 +0.1338
-13.1454	+19.8490	 +0.5399	 -1.5524	 -2.6497	 +1.3195
 +5.9396	 -6.2774	-19.9372	 +0.9472	 +0.6181	 +0.3113
 -9.7958	 -1.7024	 -1.7422	 +0.2983	 -2.1479	 +0.3982
+15.6871	 +6.6549	+40.2199	 -0.5337	 -0.5117	 +0.6253
 -9.8387	 -3.2121	 +1.7407	 +1.2547	 +0.4999	 -1.3170
 +7.4791	 +1.9485	 +7.2956	 -1.1808	 +2.6740	 +0.8738
-12.9545	+19.4109	 -2.2010	 +2.5548	 -0.5362	 +1.5939
-11.6385	 +2.2453	 +2.8057	 -2.5390	 +1.5654	 +0.8078
-12.8131	 +6.2754	-13.6017	 -0.4215	 -1.9714	 -2.2481
 -7.6721	 +9.3981	 +8.2018	 -4.0334	 -0.3502	 -0.2326
 -0.1875	 +3.2587	 -6.7912	 +0.7290	 +1.4774	 +2.9267
-61.0433	-18.1213	-25.6548	 -0.5472	 +0.1584	 -0.0817
 -4.0801	 +0.7246	 +4.3964	 -1.4085	 -3.7403	 +3.0269
 +5.7354	 -2.4267	 +5.2682	 -0.4573	 +0.0314	 +1.5318
+11.3981	 -4.9210	 -4.4287	 -0.1121	 -0.8845	 +1.1981
