# Num Particles: 1000
# Num Cores: 1
# Total Energy: -1.633613e+04
# Iterations: 271 of 1000
# Current Time: 2018-05-05 20:10:52.903383
# Elapsed Time: 2:57:12.163405
# Avg. Step Time: 0:00:39.233075
# 
# x	y	z	vx	vy	vz
# 
 -2.1673	 -4.1868	 -5.4611	 +0.0846	 -3.4734	 +0.2689
 +0.5554	 -7.5790	 -3.9807	 +4.5838	 -3.0815	 +0.7509
-11.5246	 -9.3602	 -6.6940	 +1.0052	 +1.2214	 -1.2649
+13.2045	-12.6971	 -2.8921	 +3.4601	 +2.6754	 -2.3258
+11.0727	-10.6067	 +0.1071	 +1.6968	 +0.8052	 +0.1098
+12.5639	 +2.6581	 -5.3384	 +0.0955	 -0.8425	 +2.1783
 -7.2617	 -7.3542	-14.3616	 -1.1385	 +0.6008	 +0.8045
 -7.8361	 -1.6686	 +1.7401	 -0.5352	 +0.8377	 +0.9573
 +7.4567	+34.4403	+26.0135	 -0.3700	 +0.2260	 +0.5287
+23.7484	 +1.7714	 -6.6521	 +2.1184	 +3.3262	 -0.4275
 -8.0622	-24.1189	-15.1589	 -1.5633	 +0.8918	 +1.5954
 +9.1717	-12.1383	 -4.6379	 -1.1724	 -0.6825	 +1.1030
+15.2756	 -1.7612	-20.1601	 -1.8375	 +0.1293	 -0.1851
 -0.8280	-15.6366	+21.3632	 +2.9615	 -1.8977	 +1.2891
 -3.1060	 -7.7107	 +3.8638	 +1.0268	 -0.7036	 -0.8393
 +9.4069	 -4.2036	 -6.5837	 -1.6068	 -3.4829	 -2.8427
-18.4550	 -0.6975	-12.2719	 +0.0192	 -2.1565	 +2.0912
 -3.9247	 +2.8583	-10.5710	 -3.8376	 +3.6387	 +0.3992
 +5.2626	-11.6747	-11.6656	 -1.0990	 +2.1825	 -0.6974
+61.9259	-48.2489	+77.9377	 -1.8826	 -0.5973	 -0.2902
 +8.4195	 +0.4081	 -6.4003	 +0.3052	 +2.4478	 +4.1323
 -1.4169	 +6.6081	 +4.3990	 -0.0002	 +1.9592	 -2.5000
 -9.4058	-12.0443	 -0.0508	 +0.4023	 -1.0149	 -1.1892
 -7.0519	 +6.3700	 +7.6494	 +0.7384	 -0.4485	 -2.0912
-15.4270	-19.6880	+29.0890	 +0.6630	 +0.8536	 -0.6004
-53.6703	+53.6025	-28.5384	 +0.1343	 +0.4975	 -0.8158
+33.7185	 +0.7590	 -0.6889	 +1.5329	 -0.4810	 +0.3211
 +5.6418	 -9.8255	 +6.1191	 -2.4909	 -1.8191	 +2.9542
 -7.2170	+15.4551	+10.6752	 +3.7347	 +0.7062	 +0.3226
 -7.2277	 -0.8758	 -0.7110	 -1.0903	 -5.9990	 +0.0041
-18.8777	 -5.4849	 -1.7322	 -1.8633	 -2.6535	 -2.2307
-43.8294	+47.6108	+38.3331	 +1.3259	 +0.8724	 +0.9345
 -5.0786	-10.1306	-18.4139	 -3.3296	 -2.4813	 -1.2626
 -3.6129	-26.9000	 +8.7602	 -0.3076	 -0.5911	 -0.0491
 -0.4500	+18.5718	-45.3712	 -0.3660	 +0.8153	 -0.4121
 +4.7949	 +2.6286	 -2.4887	 +1.9822	 +1.9727	 +1.4226
 -8.9368	 +3.2006	 +9.1490	 +0.5520	 +1.5637	 -1.8329
 +4.3637	 -1.5307	 -1.9459	 -2.3788	 -1.6437	 -3.8572
+14.6838	-16.5177	 +3.5675	 -0.8952	 +2.6000	 -0.7482
 -5.9498	 +3.4809	 -9.0728	 -0.3251	 -2.9650	 +0.8638
 +7.3589	-25.0852	 -8.1510	 -1.9244	 +2.7003	 -0.7917
 -1.9497	-10.0214	 +1.1010	 +2.9251	 -4.2899	 +2.5765
 +2.2064	 +8.1208	 +8.4836	 +0.8846	 -1.4564	 +1.2603
 +3.1489	 +7.5811	 -0.8352	 -2.6476	 +2.0618	 +0.2580
-28.8092	-14.1078	 -6.8112	 -0.1256	 +1.5055	 -1.3182
 -6.9480	 +2.9295	-10.4098	 +3.0195	 +0.2779	 -0.3631
 +2.4788	 +9.8366	 -2.0576	 +3.5639	 -0.3275	 +2.8676
-17.2843	+17.6604	+25.4360	 +0.6946	 +1.0340	 +2.3571
 -4.0565	 +2.7958	 -3.0171	 +1.2992	 -1.7416	 -1.6684
 +9.5550	 -7.2381	 -3.0489	 -1.3010	 -1.1522	 -1.0315
 +7.6673	 -2.1868	+12.0238	 +0.9965	 +5.8213	 +0.0657
+37.5530	 +8.2097	+53.0994	 +0.9078	 -0.2763	 +1.6311
-34.0465	+28.3338	 +0.5059	 -0.8665	 -0.7346	 -2.0887
 +3.4878	+16.2278	 +8.1048	 +2.6014	 -1.0406	 +2.1893
+13.1871	+49.2384	+70.7000	 +0.1454	 +1.6369	 -0.1792
+32.0186	-13.8062	 +0.7214	 +0.2126	 -0.9847	 -0.1572
-39.9365	 -8.0636	+10.3482	 +0.5521	 -0.2414	 +0.4602
 +6.2168	 -3.5048	 +0.9492	 -2.0472	 +1.6822	 +1.5364
 +3.7281	 -7.3837	 +5.8213	 -0.3536	 +4.1419	 -0.1928
+23.4700	+28.3175	-17.0193	 +1.9925	 -1.1855	 +0.1772
+10.7972	 -5.6571	+15.8550	 -1.1141	 -0.3253	 +3.8165
 +6.0095	+11.0926	+12.1145	 -0.3504	 -4.3156	 +0.8128
 -9.4337	 +4.3918	 +0.0723	 -1.2166	 -1.3578	 +0.3464
 +1.9484	 -2.6395	 +8.0868	 +0.6516	 +3.9808	 +0.1313
 +5.1521	 +9.6813	 +3.2791	 -0.7036	 -0.3109	 -3.2880
+21.9755	+22.0771	 -0.8285	 -0.8065	 -0.8139	 -1.1108
 -8.4750	-10.9914	 -8.5189	 +1.4398	 +2.3361	 +3.1935
-33.1554	-25.7251	 -5.6793	 +1.1973	 +1.0605	 -1.8285
 +4.1391	-14.4865	 +3.8092	 +0.5086	 +2.1292	 +0.9930
-151.9686	+121.5610	+196.7487	-10.5632	 +8.7356	+15.1701
 +8.8715	 +7.2319	 -1.1725	 +3.0989	 +1.5124	 +0.3466
-11.1677	-18.8899	 -0.8256	 +0.2096	 -0.7738	 +0.9071
 +2.7675	 -2.5027	 -2.3943	 +0.4440	 -2.3070	 +4.2849
+35.6408	+13.5930	-118.4428	 +1.8395	 -0.1173	 -0.4691
-48.5869	+12.0915	 +6.4705	 -1.3325	 -0.2056	 -0.2652
+19.6855	 +9.5166	 +1.6320	 -1.9547	 +2.3146	 -2.0444
 +4.8136	 -1.9302	 +2.6310	 +0.4555	 +0.7746	 +2.4180
-11.7647	-11.6660	+10.6185	 -2.2225	 -0.7959	 -2.2027
-30.9157	+50.6888	-56.1355	 -1.5059	 +3.8608	 -2.5026
-20.9908	-16.5234	 -3.1208	 -0.0074	 -3.4811	 -0.6640
 +5.3103	 +1.0560	 -9.3449	 +2.4837	 +3.2122	 -1.3573
 -1.7715	+11.0271	 -7.6497	 -2.4724	 +2.8429	 -0.8040
 -8.3692	 +1.9914	+17.1934	 -0.7640	 -0.1332	 -1.1264
-14.2266	-13.8681	+49.2601	 +0.4481	 -1.6105	 -0.6733
 -7.2587	 -2.5587	 -2.3668	 -0.6913	 -3.4492	 -5.3854
 +4.0849	 +8.1301	 +5.5027	 -3.5845	 +1.1467	 +3.5623
 -1.4230	 +6.2093	-14.3386	 +3.1748	 +1.0871	 -0.2253
+13.1841	-33.1539	 +2.4565	 +0.7476	 -0.4547	 +0.7101
-23.7066	 +8.7085	+10.3239	 -1.2360	 -2.0299	 +1.6113
+45.3011	 -4.0296	+18.7915	 +0.8653	 -1.9320	 +0.7158
+10.4930	 -2.7111	 -2.8429	 -0.3486	 -2.6553	 -1.7222
 -6.2500	 -2.0256	 -0.3154	 -0.1478	 +0.8353	 +3.3903
-19.3018	-24.8365	-23.8089	 +0.6697	 +1.3058	 +2.4835
+17.7148	 +8.5050	-16.4816	 +1.9583	 +0.7154	 -1.4490
 +6.9403	 +8.5380	 -7.7013	 -1.8696	 -2.7013	 +0.9694
+11.4804	-10.6301	-10.0143	 -0.1617	 +1.9597	 -2.3166
+12.8959	-22.0302	-24.7717	 +0.5866	 +1.3491	 -1.9007
 +3.7894	 -2.1430	 +1.2467	 -5.0979	 -0.4121	 +2.2922
-16.7392	 -1.5288	-16.3730	 -0.1599	 -1.8715	 -1.3328
-19.6525	 -5.3891	+32.8353	 -1.7572	 -1.1606	 -0.7744
+18.8838	-10.7831	-10.4947	 -0.9884	 -1.7243	 -0.1541
-18.2112	-11.6208	-17.9079	 +0.8841	 -0.0457	 +0.2505
 -5.5357	 -2.9700	 +3.2378	 -2.5099	 -2.1814	 -1.3924
 +3.4437	 +9.4672	 -4.2543	 +1.1917	 +1.4470	 +3.7552
+171.3948	+42.0423	-90.7278	 +6.3367	 +1.6163	 -3.1329
 +2.8390	 +0.8937	 -4.4377	 -0.3879	 -2.7226	 -3.4349
-26.9195	+30.4129	-26.5563	 -2.2183	 +0.2307	 +0.3443
-20.4029	 -0.2286	 +1.7801	 +1.2977	 +1.3635	 -0.2500
-14.0816	-10.4333	 -6.6200	 -0.9355	 -4.1196	 +2.0440
+13.1321	 -8.3224	-21.3488	 +1.0840	 -0.8197	 -0.2185
-36.5397	 -6.0768	 -9.7050	 +0.1645	 +1.0811	 -0.3556
+466.9802	+405.5912	-218.8686	 -0.2981	 +0.6575	 +0.3238
-140.8048	+128.6178	+210.0696	 -0.0318	 +1.0703	 +0.3217
-20.5718	 +4.9106	 +3.0404	 -2.2266	 +0.6009	 +2.6751
 -0.8929	 -4.6523	 +9.1085	 -4.0773	 -1.8637	 -0.3228
 -1.9985	+10.1761	 -6.0870	 -0.8037	 -1.6233	 -3.6713
 -3.6832	 -7.8703	 -1.6489	 -4.2167	 -1.3565	 -1.5587
 +6.5125	 +1.2349	 -7.2174	 +4.4539	 +1.3560	 +4.9256
 -0.9296	 -1.8958	 -1.2331	 -2.3290	 +2.6550	 +1.3804
+35.3042	-27.1342	-18.5236	 -1.5423	 +0.5476	 +1.7130
 -8.7428	 +7.6634	 +6.4598	 -1.0357	 -0.7340	 -4.4637
 -6.2802	 +0.5595	 -2.2459	 -2.1079	 +2.7118	 +1.3506
-14.5521	 -4.1500	 +4.7066	 -0.0908	 -1.7658	 +3.8376
 -5.8956	 +2.2424	 +1.5361	 +0.0979	 +2.7146	 +0.8875
 -7.3962	 -5.9742	 -3.5980	 +0.6292	 +0.1995	 +0.2146
 +0.9545	 -3.8847	-17.8164	 +1.0779	 -1.8984	 -3.6838
 -3.2432	 +2.5743	-21.2350	 +2.0606	 +0.2656	 -1.2211
 +9.2211	 +0.4437	 -5.2146	 +3.8400	 -0.0828	 -0.6993
 +1.4001	 -6.6834	 -3.5747	 +1.2548	 -1.7582	 -2.1598
 -7.5532	 -2.5281	 -8.9271	 -1.1377	 +1.0420	 +3.2709
+15.3011	 +0.7872	-192.8184	 +0.0358	 -1.1933	 -0.9482
 -0.2606	 +9.1155	-10.8509	 -2.3666	 -0.5932	 -0.5242
 +5.0963	 -2.2433	 +8.0322	 +0.0599	 -2.4994	 +2.0376
 -5.8688	+12.4687	 -6.3186	 +1.9538	 -1.1872	 +0.0360
 +0.0108	 +1.3393	 -1.8626	 -1.9168	 -4.0521	 -0.5916
+35.2225	 -0.1993	+19.7453	 +1.6567	 +0.6892	 +0.2063
 -6.8190	-17.4365	 -8.7132	 +2.9033	 -1.3807	 -1.9268
-20.3795	 -4.8848	 -6.4467	 +1.0994	 +3.7820	 -1.9434
 +1.7297	 +4.8249	-11.0485	 -1.2354	 +2.6089	 +2.3387
-61.6602	+52.4203	+31.9624	 -1.6432	 +1.6863	 +0.8051
 -3.9560	 +3.0564	 -8.0965	 -2.5198	 -2.0213	 +1.1840
+20.5328	 +6.7971	-18.3654	 +1.9090	 -1.7151	 +1.7933
+73.7649	-29.3625	-28.1903	+13.8594	 -4.4442	 -3.4255
+29.7567	+14.2715	+16.4045	 +0.5806	 -2.1265	 +2.7601
+40.3585	-38.7267	 +5.0305	 -1.9048	 -1.0316	 -0.9029
 +5.0848	 +1.0107	 +7.0724	 +1.1891	 +0.6344	 +2.1512
-54.8960	-32.4364	+60.6045	 -0.6270	 +1.8310	 +0.0774
-14.9001	 +3.7447	 +0.1996	 -0.0189	 -2.8719	 +0.4602
+10.9187	 +9.1709	+15.4939	 +2.3110	 +0.6674	 -1.5536
 +1.8069	 +7.8787	 +2.0311	 -1.8695	 -1.8924	 +0.6065
 +2.0977	 +7.6196	 -0.6507	 -2.0682	 -1.7301	 -2.8734
 -0.8246	 +9.1195	 -7.3163	 -2.8836	 +0.4330	 -0.0208
 +0.8092	 -5.5824	 +0.1947	 -3.5612	 +2.4442	 +1.0982
 +7.6563	 -6.9140	 +4.6888	 +1.5762	 -0.1644	 +3.6307
 -4.7599	 -9.2657	 +1.7619	 -0.3445	 +2.6433	 +1.5952
-16.4724	+14.0823	 +1.7807	 -0.4849	 +1.1800	 +2.2773
-19.0354	+14.9865	 -9.6292	 +1.3093	 +0.5626	 -1.4916
 -3.3249	 -3.9374	-27.0617	 +3.5658	 -1.3097	 -0.4145
 +8.7800	 -5.5441	 +0.6535	 +3.1907	 -0.3777	 +0.3636
 -2.5379	 -0.4283	 -0.8077	 -4.1536	 +1.8475	 -1.8003
 -6.0999	 -6.4248	 +4.1084	 +1.2842	 -4.0610	 -0.8731
+40.3043	+12.3719	-32.8376	 -0.2577	 +0.4399	 +0.0333
 -5.9494	-15.4915	 -1.2525	 +0.6634	 -1.4349	 +0.1886
 -7.6384	 +5.3677	 +0.7180	 -0.5245	 -3.5997	 -0.3172
 -1.0679	-10.7808	 +8.0958	 +2.2916	 +2.8824	 +0.3735
-13.1377	 +1.3807	 -7.2407	 +0.0452	 +1.3710	 -2.4539
 +4.6701	 -2.6594	 -0.6025	 -3.2842	 -2.8212	 +1.1552
 +4.2231	+17.3003	-14.3102	 -2.6480	 -1.7800	 -1.1490
+10.2384	 -8.5796	 -0.8580	 +1.5434	 +1.9560	 -2.9160
+10.8944	 -6.3646	 +2.8733	 -2.1608	 +0.4049	 +1.0720
-10.5910	+10.2002	+12.1103	 -0.2112	 -1.2269	 -2.8506
 +4.0166	 +1.5156	 -1.8495	 -1.3959	 -1.5858	 +0.5212
-11.6234	 +7.6644	+20.7909	 +0.1566	 -0.2925	 -1.5828
-21.2614	+30.9001	-26.1227	 -0.4186	 +1.4672	 -0.7000
 -3.5983	 +3.9106	 -1.5940	 +0.6011	 -5.0799	 +1.9904
-22.7255	+13.1583	 -5.0317	 -2.4219	 -3.7010	 +2.2518
 -3.4912	-24.5804	+12.1145	 -2.7554	 -1.7159	 -0.2826
-12.0527	+40.2095	 -2.6365	 -0.5395	 -0.7382	 -0.4625
 -5.8804	 -0.9367	 -4.9367	 +2.5697	 -0.9959	 +1.2909
 -2.1355	-10.1267	-11.1760	 +0.2678	 +2.2628	 -0.4306
-154.4285	+25.0426	+66.4557	 -9.8816	 +1.5772	 +3.8842
 -1.8233	 -8.5581	 +1.8051	 +0.9460	 -0.4850	 -1.9846
 -1.7499	 +7.1492	 -4.9699	 +1.2503	 -1.0351	 +1.6287
 +9.9257	-16.7755	+19.3796	 +2.6661	 -0.7506	 +1.3516
+17.7355	 -4.2069	+15.0381	 +2.5168	 +1.2121	 -0.3058
 -3.5829	 +3.5452	 +3.1400	 +2.0588	 -1.7834	 +2.8665
 -5.0587	-16.2406	 -5.2766	 -1.2131	 -0.5906	 -1.4670
 +1.7118	 +4.7758	 +0.3673	 +0.5564	 +1.6725	 +0.1147
 -0.4713	 -5.4355	 +2.7866	 -3.7751	 +1.1574	 -3.4569
 -2.7482	 -4.2616	 +4.4135	 -1.3948	 +0.6446	 -0.4699
 +5.9948	+31.9015	 -7.4879	 +0.6723	 +2.5201	 -0.1582
 -3.0873	 -4.5410	 -2.8744	 +2.2227	 -1.0841	 -2.7706
-17.3296	-16.7423	-11.1965	 +1.3240	 -0.7619	 +3.8305
 -5.0942	+12.4813	 -3.1077	 +0.1724	 -1.9650	 -1.9247
+11.5373	 -2.3955	+12.3806	 -0.6949	 -1.2779	 -1.2822
 +3.0450	 -7.0312	 -1.7531	 +1.0011	 +2.2910	 +1.6013
-24.2968	-23.7515	-11.2491	 +0.9958	 +0.1560	 +0.8132
 -6.5215	-82.2359	 -7.0965	 -1.4735	 +1.3696	 +1.2095
 -5.0212	+10.7910	 +8.0812	 +1.8260	 -1.5408	 +0.8701
-10.1626	 +7.8188	-20.9732	 +1.2620	 +1.7598	 -0.6764
+19.6326	+27.6682	 -8.3194	 +1.0409	 +0.1051	 -2.8440
-29.8534	-31.6646	+17.3685	 +0.8406	 -1.0710	 +0.9521
+35.5243	+11.3208	-50.1328	 +0.4401	 +1.4237	 -0.8259
 -1.5247	 -8.0558	 -0.0362	 +1.4791	 +1.8794	 -0.1803
 -2.9207	-15.1856	+17.8102	 +1.5516	 -0.1882	 +0.1362
 -4.1734	 +2.5032	 -0.0496	 -0.2972	 -1.2872	 +1.7472
 -2.3256	 -4.8510	 +3.0473	 -2.4663	 -0.0793	 +1.5475
 +5.9915	-32.7555	+21.4200	 +2.1478	 -0.4862	 -1.3621
-40.4024	+35.4736	 +8.8926	 -0.8600	 -1.9622	 +1.8870
+14.0090	-22.2955	+10.6183	 -0.3599	 -1.3106	 -0.2434
 +2.4040	-18.5422	 -5.7609	 -1.9369	 -0.6882	 +0.1783
-16.0070	 -2.2002	-12.6000	 -0.0996	 +2.0510	 -0.3641
 +2.2354	 -1.5789	 -2.3385	 -0.3911	 +1.2234	 -2.5968
+24.7764	 -2.6062	-17.8293	 +1.1364	 -0.0924	 -1.7805
 +1.5279	 +4.5473	+23.2947	 +0.9230	 -0.8421	 -1.3210
+118.8673	 +8.5926	-22.6930	 -0.3818	 +0.1138	 +0.8670
-24.6015	-19.7441	 -0.2243	 -0.2306	 +1.1340	 +2.9749
 +5.9683	 -2.8120	 -6.1588	 -3.4450	 +2.5290	 +1.2184
 +7.6009	-16.2138	+14.1690	 -1.4699	 -0.3116	 -0.5100
 -5.0131	+13.9459	 -4.5905	 -0.4855	 +1.1314	 +0.0682
-21.5787	+32.1442	+18.8632	 -0.6800	 +1.9501	 +1.8820
+10.6157	 +3.0882	 +7.1918	 -1.5457	 -2.3347	 +0.6676
-32.8561	-33.1871	-26.5109	 -3.0960	 -2.1534	 -3.1731
 +3.4605	 -6.3778	 +2.2094	 +1.6832	 -1.2371	 -1.1208
 +4.1429	 +7.8945	-14.5188	 -0.8210	 -0.0681	 +1.9296
 -0.6455	 -2.1925	 -3.0198	 +1.9290	 -0.2756	 +0.0189
 -6.8447	 -1.5121	 -1.9324	 -0.8745	 +0.3541	 -3.6445
-21.4911	-79.0292	+55.9929	 -0.3969	 -1.9034	 +2.3182
-12.9537	 +8.9617	 +1.1638	 +0.6414	 +0.6836	 +0.7662
+11.6059	 +0.2388	 -3.9600	 +1.6226	 +2.2407	 +1.7497
 +9.3969	 -7.4386	+12.7662	 -0.1127	 +0.9109	 +0.3305
+55.8189	-70.3780	-48.2585	 +5.7505	 -7.5991	 -4.5990
 -4.7364	 +3.1973	+11.4153	 -1.9843	 -1.6473	 -1.0624
-14.5127	-11.1004	 -6.0045	 +1.4195	 +2.3085	 +0.9110
 -7.9347	 -1.0125	 +4.8380	 +2.5356	 +2.8111	 -0.1617
-21.9608	+16.3707	 +3.6698	 +0.5284	 +0.1538	 -0.8578
 -2.6529	 -9.6169	-14.4934	 -0.9321	 -0.3578	 -4.4083
-17.3894	+19.5563	 -0.7076	 -2.2383	 +1.1784	 +2.7787
 -1.9723	 -1.4243	 -8.5961	 +2.0498	 +1.0878	 -0.6720
 -1.2623	 -6.5274	 +2.8664	 +0.2903	 +0.0214	 +2.7428
-60.2335	-28.9418	 +8.6311	 +0.8388	 -1.0340	 +0.1900
 -6.9750	 -2.3516	-15.7085	 -2.0071	 +1.1515	 -0.8205
 +4.2886	 +1.6940	+18.0017	 -0.1574	 +1.8212	 -1.3783
 +4.1534	 -8.0038	 -2.4825	 -2.2153	 +1.7928	 -0.5014
 -0.2925	 +4.5763	-10.4122	 -0.2338	 -0.8758	 -2.4408
 -2.1196	+12.0467	+11.6751	 +1.1435	 -0.9751	 +0.2277
+19.2077	-12.9594	-23.0643	 +1.6257	 -2.9231	 -1.4126
 -2.5572	 -0.9454	 +0.2280	 -5.7762	 -1.3863	 -0.3713
-14.1471	 -1.1358	 -5.7024	 +2.1215	 +2.5473	 -0.8415
+23.2888	+46.3569	 -6.4742	 +0.8100	 +2.9474	 -1.1083
-14.7271	-22.2395	 -9.8003	 -3.2748	 +0.4491	 +0.0386
-14.9302	-12.2815	 -4.5134	 -1.0324	 -5.3908	 +0.6001
 +8.7487	-13.5023	 -8.6566	 -0.6407	 +2.0487	 -0.0091
 +7.2307	 +6.2793	 +5.2081	 -1.3007	 +1.6111	 -0.1699
+1876.8873	-36.7928	+791.9459	 +0.2186	 -0.2337	 +0.0651
 +3.8601	 -2.9405	 -0.8269	 -2.2977	 -0.2110	 +0.3432
+11.5189	 -2.1693	-10.4688	 -0.3848	 +3.2767	 +1.1537
-12.3596	 -4.9398	 +5.2906	 -1.8714	 -2.1343	 +0.2146
-23.4753	+23.8008	-17.1558	 +0.9789	 -0.4480	 -0.5485
 -3.9819	+12.4962	 +4.4854	 +2.0502	 +1.1878	 -2.4527
-71.9307	-75.9281	-69.0430	 -0.4012	 -0.8383	 +0.2554
-13.0686	-15.1850	+29.7948	 +0.4551	 -1.1919	 -1.4164
-17.8003	-43.0680	-32.7043	 +0.5309	 -2.0812	 -0.0856
-35.0607	 +1.8125	-17.8815	 -1.4333	 -1.1478	 -0.6172
 +2.1843	 +2.6279	 +1.5600	 -1.8482	 -0.6533	 -1.3499
-37.8546	 +6.3062	 +2.4232	 -0.0282	 +2.0617	 -0.5038
-13.6660	+11.6446	-13.3028	 -0.7965	 +0.3077	 -0.9920
 -6.2720	 +7.9770	 +0.2481	 -1.1917	 +0.5339	 -0.1265
+16.6967	 +8.0777	+10.0258	 +1.1187	 -2.3896	 +2.0171
+35.6859	+61.4110	+19.6744	 +1.5584	 +3.4714	 +0.5019
-21.7061	-34.5413	-25.2568	 +0.0259	 +0.9173	 -0.4330
 -4.1124	-10.5269	 +1.2929	 +2.0800	 -0.5076	 -1.4741
-15.6329	 +1.5206	 +2.1194	 -0.5477	 -1.7171	 -0.2938
 +8.0746	 -7.6529	 +6.3376	 +1.2143	 -0.7073	 -3.6268
 -7.2811	 -5.7592	 -5.5229	 -0.3017	 -2.1725	 -0.1610
 +4.8050	-33.3737	+33.4061	 +1.1697	 -0.6300	 +0.2107
+133.7222	-52.9865	-163.9967	+10.4862	 -4.1371	-11.3776
 +5.6159	 +5.0162	 -5.9249	 +0.4182	 -0.2088	 -0.0486
 -0.3682	-31.9113	 -7.5963	 -0.2533	 +0.1188	 +2.8677
-10.0311	 +4.3359	 +5.2716	 -1.7366	 +0.4628	 +1.3787
 -0.1389	 +1.9407	-12.5277	 -1.6813	 -0.1738	 +0.7608
 +4.0622	 -9.2799	 -8.5905	 +0.1811	 -1.1250	 -1.4111
 -1.3606	-15.8420	 +0.5962	 +0.8097	 +0.7340	 -0.0635
 -4.1508	 +6.0620	 -2.7676	 -2.4202	 +3.0119	 +1.6164
 +0.4066	-10.6851	-13.4443	 -0.0970	 -0.5796	 -0.6445
 -2.3144	 -5.7155	 -8.9750	 -1.8843	 -0.8079	 +2.3586
+15.9423	 -0.8480	-22.9888	 -1.7799	 +1.4073	 -1.7262
 +9.2800	 +2.0755	+15.0707	 -1.3317	 -0.9824	 +3.6177
-11.2935	+10.6622	 +3.6147	 -0.8925	 +1.0270	 -0.0326
-112.4954	-65.0093	+86.8614	 +1.0207	 -0.7957	 +0.4659
 -3.2823	 -7.6808	 +2.0144	 -1.4877	 -3.1602	 +1.1529
 -9.6194	 -4.6215	 -8.3327	 -0.2417	 +3.6464	 +0.0138
 -1.7970	-13.5470	+19.4088	 +1.1864	 -0.2000	 +0.2779
-26.3349	+12.3008	 -6.5586	 -0.1305	 +0.9170	 -1.7703
 -5.3624	 +1.6903	 -6.5467	 -4.3863	 +2.2033	 +2.1739
+108.4586	-11.6691	+34.0222	 +7.0281	 -0.1113	 +2.7493
 +3.5396	-17.9828	 -3.2458	 +1.4585	 -0.5125	 +1.3935
-101.3200	-108.8514	+96.5018	 +0.5830	 -0.0702	 -0.2922
+22.8909	 -0.6838	-25.5561	 -0.4157	 -3.6883	 -0.7453
 -1.6586	+17.2381	+12.4793	 +2.6910	 +0.4852	 -3.1830
+28.0427	 -7.4206	-10.1869	 +0.4131	 -0.3547	 +3.5651
+32.8356	 -4.8107	+10.4669	 +0.9619	 -1.6597	 +0.0726
 -2.3306	 -2.6342	+10.2216	 -0.5946	 -1.7075	 +1.2693
 +0.6967	 -1.6968	 -2.4904	 -0.9648	 +1.7279	 +3.8911
 +0.7001	 +9.8865	-11.4612	 +2.6016	 -1.8171	 +0.9758
 +6.7373	 -9.0756	 -0.9556	 -1.7483	 +2.7604	 -1.6476
-13.0412	 +0.1561	 -5.0879	 -2.1993	 +2.2416	 -2.9274
-14.9485	+14.0254	 +7.6889	 -1.6049	 -2.8305	 +1.2743
 -5.8170	-45.2246	-11.6515	 -1.1056	 +3.3302	 -1.1799
 +5.9598	 +1.0735	+10.0439	 +2.3876	 -0.9900	 -0.2585
 -5.0604	 +0.5588	 -4.2015	 +1.2158	 +0.8649	 +1.3565
 -2.0543	 +1.1852	 +6.0863	 +1.5824	 +0.5243	 +0.1865
 +5.8058	 -9.3874	 -7.5152	 -0.3769	 +1.3545	 +2.6768
-10.3294	+13.3463	 +5.8305	 +0.9519	 -1.7863	 +0.3836
+11.0938	+18.2599	-39.2249	 -0.2449	 +1.2158	 +0.4663
 +1.5079	 +1.8369	 +1.0317	 +0.9354	 -2.4196	 +5.8921
 +4.7624	-38.2339	-28.5524	 -0.6987	 -0.3688	 +1.1863
 -3.6048	 +2.5431	-13.4614	 -1.1142	 +0.0966	 -0.4587
 +0.9623	+26.4179	-43.7790	 +0.8162	 +0.2183	 -1.1517
 +3.5514	 +7.0416	 -5.8852	 +0.0356	 +0.2557	 +2.3194
 +1.0988	 -4.3178	 -0.7065	 -0.5197	 -2.3591	 -0.9078
+44.0254	+21.0101	 -4.2674	 +0.7369	 -1.0961	 -0.5993
-10.7930	-18.9513	 -0.5047	 +0.2469	 +0.9923	 -1.8358
 +3.1346	 +0.1735	 +8.5609	 +0.3971	 +1.0602	 +1.5305
 +3.2826	 -1.3201	 -1.3106	 +0.3244	 +2.4875	 -0.4762
 +6.2400	 -2.1928	 -2.9832	 -3.8030	 -1.3341	 -1.6388
-141.2232	-70.0774	+206.6721	 +0.6188	 -0.6424	 +0.0977
 +0.9939	 +1.0003	 +2.6867	 -0.9267	 +2.0440	 +2.7406
 -3.8159	 -7.1207	 +4.7469	 -1.7730	 +2.4861	 -2.2859
 +5.5368	+15.5914	+17.8001	 -1.4490	 +0.3769	 +1.3015
 +0.8869	 +8.2180	 -6.4070	 -1.2992	 +2.6862	 +4.2204
 -2.1506	 -0.6388	 +3.5534	 -0.7346	 +0.3070	 +3.1688
 -8.1379	+48.1659	-41.8232	 -1.7545	 -0.8955	 -0.8643
 -2.1241	 +2.3495	 -1.2892	 +0.5197	 -3.0019	 -2.3550
+17.7939	 -6.1729	 -2.9397	 +1.3284	 +1.3313	 -2.7899
-20.8492	-10.8463	+15.5848	 -0.4330	 +0.7947	 -2.4926
 -3.2441	 +3.2802	 +8.3869	 -0.8590	 +0.3468	 +1.2044
 +0.5149	 +2.8378	 +0.5065	 -2.0342	 -1.6193	 +0.9808
 +2.4978	 -7.9527	 -7.0938	 +2.7151	 -0.1984	 +1.2887
 +5.2228	 +0.6080	 -2.2707	 +3.2576	 -0.0479	 +0.6030
 +0.6001	 +6.0894	 -1.3134	 -0.4922	 -2.0277	 -0.8337
 +1.1147	 +8.4621	 -6.6978	 -0.3419	 +0.0367	 -4.7307
-13.2754	 -0.9166	 +3.4154	 -0.6203	 +0.6522	 -3.3766
 +8.0087	 +0.0164	 -6.4170	 -1.4431	 +1.2232	 +0.5792
 -2.0922	 -4.4776	 -0.9571	 -0.1209	 -1.9311	 +3.7238
 +5.7830	+14.7847	-13.9023	 -0.1293	 +0.6308	 -0.8355
 -2.9548	 +2.2679	 -4.0005	 +0.3724	 +0.7361	 +0.9440
+30.6707	+31.0190	+16.7330	 +0.7292	 +0.6842	 -2.0874
 +2.9611	-12.0913	-16.2805	 +1.5071	 -2.5004	 -1.0421
 -8.5280	-14.2685	 +6.5367	 -2.1728	 +0.1988	 +0.5624
 +1.5744	 -2.2694	 -7.4288	 -1.2617	 -1.7791	 -0.7298
-12.3287	 +8.0642	+14.0058	 -1.3243	 +1.9699	 +2.2475
 -6.5128	 +8.9684	 +3.4963	 -4.9939	 -0.5997	 -2.4906
 +7.6681	 -5.5372	-15.6346	 +0.5187	 -1.6526	 +2.8233
 -2.8838	-10.2926	 +4.2166	 -2.5559	 -1.3521	 +2.3362
 +6.1024	 +9.6360	-29.4354	 +0.5709	 -1.7972	 +2.9273
 -9.5403	-18.5051	+30.8285	 -0.9707	 -2.4000	 +2.0413
 -2.1120	 -9.1122	 -5.6903	 +1.4632	 -1.6479	 -0.1704
 -3.4680	+18.0049	 +4.8440	 -1.2457	 -2.4605	 -0.6477
 -4.0097	 -4.3233	-13.1559	 +2.1982	 -0.7876	 +2.2217
 -8.7814	 -5.4337	 -4.6548	 -5.4737	 -1.4412	 -1.2515
+13.2021	 -6.2967	-12.1495	 +0.0525	 +5.5381	 +1.2514
 -4.1729	 -4.7053	-12.8384	 +1.9093	 +2.1129	 -1.9743
 -6.6560	 -8.1171	 +1.1955	 -3.2779	 +0.0416	 -1.2067
-22.9262	 +5.3682	+24.0060	 +1.9029	 -1.1166	 +1.7757
 -8.0846	 -7.8076	 -3.6452	 +0.4158	 +4.9562	 -2.4043
 -4.7885	 +1.5834	 +3.1465	 -2.3477	 +0.0150	 +0.3968
 +1.6019	 -7.6407	 +4.9556	 -1.8518	 -2.4471	 +1.7685
 -0.3751	+12.7164	 -3.9224	 -0.6025	 -0.6104	 -3.4520
 +3.5981	+12.4706	+10.3202	 -0.0908	 -0.5224	 +0.7724
 -1.7107	 -9.9190	 +3.6889	 +1.4110	 +1.9357	 -2.6158
 +7.2649	+12.8317	-28.4683	 -0.4475	 -2.0928	 -0.3971
+19.7683	+10.9900	 -0.2391	 -0.9795	 -1.8700	 -0.1083
+16.6776	+10.6780	 +5.9265	 +1.1506	 +0.9008	 -3.0860
 -1.4783	+16.6125	-17.3069	 +4.3561	 -1.5054	 +1.6047
 -4.1562	 +1.7411	 +0.2698	 +2.9184	 -0.7181	 +0.2741
 -6.9997	 +8.4958	 +9.1815	 -1.7831	 -1.5580	 -0.5485
 +3.8855	 +6.1665	 -1.5316	 -4.6156	 -0.2521	 +1.1026
 -9.7362	 +3.7603	 -7.8581	 +1.6382	 +0.0105	 -2.0413
-10.7876	-12.8304	-10.8194	 +1.4395	 +1.1676	 -3.1788
-18.1478	 -6.5305	+21.3180	 +0.3010	 -0.6701	 -2.3011
-15.0094	+17.0090	 -5.9393	 -1.2930	 +0.8904	 +2.8996
 -5.2291	 +1.6232	-25.4948	 +2.3591	 -0.2571	 -0.8683
 +5.6820	-16.9328	 -2.5272	 -0.8165	 -2.9544	 +1.3047
+18.5780	+26.6419	+50.1299	 +1.6991	 +0.7290	 +3.3129
 +5.8472	 +6.1380	-21.3553	 -1.3935	 +1.7861	 +1.4652
-11.3238	 -4.1502	 -3.6903	 -0.8681	 -1.0929	 +2.1630
 -4.0666	 -4.9857	-14.0638	 +0.5130	 +1.6561	 -2.3001
 -1.0643	 -8.5610	 +3.3220	 +1.4505	 -3.0785	 +3.2625
 -0.8943	 -4.7696	-10.1110	 +1.3991	 -3.0044	 +3.6872
 -3.0759	 -2.0249	-13.9834	 +0.7551	 -2.0874	 -4.0819
-12.0571	 -4.6035	-20.6165	 -1.3971	 +0.0701	 +1.3483
+12.3929	 +6.2616	 -1.6042	 -0.7685	 -2.0923	 -0.3584
-80.4021	-14.2577	-10.0399	 -7.5604	 -1.1407	 -1.8373
 -4.9678	 +1.6952	-20.5586	 -1.8799	 +1.6750	 +2.7318
 -4.0120	 -4.4753	 -6.3454	 -2.1173	 -0.4591	 +2.2060
-18.8344	-15.0184	-10.4853	 +0.4062	 +2.9075	 +2.2514
 +6.1125	-10.6449	-21.0101	 +0.2525	 +0.4735	 -2.9528
 -6.9936	 -4.0478	 +1.3644	 +1.2880	 +1.0638	 +3.9234
+55.4982	-16.4205	-20.3802	 +1.2494	 -0.7030	 -2.3709
-10.1437	 -4.8999	 -4.9907	 +1.2879	 -3.9001	 +1.6952
-43.7703	+15.7440	-34.3986	 -0.2782	 +1.0457	 -0.0226
 +6.7800	 -9.0996	 -6.8302	 -1.9928	 -0.8687	 -2.5354
 -4.9842	 -6.5396	 +4.3520	 +1.4522	 -4.1603	 +2.2631
+11.9750	 -9.8262	 -6.0060	 +1.7896	 +2.5415	 -0.4488
-29.0170	 -0.2682	 -0.6163	 +0.9896	 -1.3402	 -0.9049
-10.4571	+19.0752	-11.5255	 +2.2187	 +0.8653	 +0.9261
-20.1812	+20.8634	 -6.0518	 +0.5397	 +2.2932	 -1.3776
+12.3096	 +5.4658	-13.0018	 -0.5193	 -4.1526	 -1.9765
+20.3522	-50.5749	+64.2053	 -0.6550	 -1.2546	 -0.7903
 +7.1660	 -1.8769	 -4.7362	 -3.0635	 -0.0233	 -0.3754
+11.2773	 +0.8085	-15.1623	 +0.1158	 +1.7508	 +0.7479
 +0.0641	 -4.1053	 -1.5724	 -0.5663	 -1.4348	 -0.0334
-12.1610	 -2.2324	-13.6505	 -1.8352	 -1.6662	 -2.9114
 +5.5991	 +9.2195	 -0.6236	 +1.4088	 +3.0526	 -2.2512
-11.8068	 +7.0002	+18.5482	 +0.5041	 +1.3410	 +2.8104
-10.6648	 -9.5131	 -0.5665	 -3.6842	 +1.8937	 +1.2612
 -7.7344	 +8.2417	-12.4481	 +2.3967	 -2.8649	 +3.1810
 +8.8756	 +7.4436	-11.7713	 +3.8377	 -1.9834	 -1.8749
 +0.2514	 +3.2655	 -7.7762	 -1.6825	 -2.7172	 +0.7775
 -5.6235	+18.9786	-16.6810	 +1.9109	 -1.0834	 -0.1563
 -0.2624	+13.4881	-39.4019	 -0.1791	 -0.7517	 -0.0030
 -6.6187	+13.5823	 +0.9919	 -1.7309	 +1.3237	 -2.6919
 -3.5824	 -3.1643	 -3.6218	 +1.1570	 +4.8489	 -0.6938
 +4.9846	 -2.7593	 +0.4816	 -1.7122	 +0.2095	 +1.5473
-10.0262	-11.7492	-11.5640	 +0.3773	 -0.8758	 -0.0094
 -9.8130	-20.5160	 -1.2672	 -0.4548	 +0.2284	 +1.6328
 +1.6353	+27.0387	-22.8712	 +1.1668	 +3.0146	 +0.2337
 -7.7054	+10.5717	+14.1582	 +1.5543	 +0.9381	 -0.7395
 -5.0667	+11.2681	 +3.5335	 +1.8604	 -2.3834	 +2.2543
-26.3974	-18.1313	 +1.1151	 -1.3641	 -0.5320	 +1.4632
 -3.5909	 +5.1653	+18.2547	 +1.0288	 -0.1522	 -1.0154
 +3.3973	 -1.5772	 -4.0978	 +3.4289	 +1.5440	 -1.9100
 +8.3714	 -1.9508	 +6.3612	 +1.3360	 -1.1723	 +0.3740
-26.6091	+13.7275	+23.8134	 +0.2103	 +0.9388	 +0.4993
-14.1597	-11.0634	+10.4695	 +3.9576	 +0.2293	 +1.7545
 +2.1867	 -6.5938	 -4.4679	 +1.9265	 +2.3693	 +0.8550
 -3.4095	 +5.2551	 +4.2508	 -3.2191	 -0.3148	 -1.4202
-75.2618	+109.4312	+14.1781	 -2.2803	 +3.2273	 +0.5345
 +5.0391	 -4.8001	-13.6360	 +0.9798	 -0.8908	 +2.6339
 -5.1701	 -7.0190	 -4.4157	 -1.9747	 -0.8385	 -2.0295
-27.6208	-27.3524	+18.9303	 +0.7749	 +0.7338	 +0.0980
-15.6852	-15.1420	-23.4858	 +1.8588	 +0.2495	 +1.0715
 +3.0323	 +4.3450	 +8.1852	 +0.4226	 +0.9290	 -0.9878
 -3.2347	-11.9751	 -9.3494	 +1.7110	 -0.5347	 +0.5878
 +4.7857	 +2.2190	 -0.5171	 +0.7388	 -1.4477	 +0.1383
+10.7059	+30.2593	+27.6656	 +1.0602	 +1.2557	 +2.3510
 -4.1938	+13.1062	 +3.2591	 -0.4168	 +5.8169	 +0.3666
 +4.9472	 -3.9902	+13.5012	 -0.5763	 -3.0670	 -0.4060
 -3.7598	 -2.6530	 +3.1616	 +3.0863	 +0.0242	 -0.4141
 -4.3115	 -4.4953	 +6.9958	 -1.5766	 +0.8582	 -1.0433
+11.4492	-26.0744	-11.4763	 +0.1313	 +0.4327	 +1.3783
 +3.1793	-24.3360	 -2.1326	 -0.0992	 -1.5378	 -0.0807
 +0.6196	 +0.2796	-15.1144	 +1.1324	 -0.7023	 -1.9294
-58.7288	+51.2765	-39.3092	 -2.4403	 +1.8540	 -1.1112
 -0.2159	 +4.4788	 -7.1451	 +1.4286	 -2.0393	 +1.0254
-41.5334	-13.7383	+33.2437	 +2.0217	 +2.1120	 -0.3910
 +3.1391	+14.0851	+12.6033	 -2.1201	 -1.8191	 -2.3737
 +1.5267	 -4.8841	 +7.9584	 -4.5042	 -2.1721	 -4.6204
-17.2761	+17.8045	 -1.8805	 -1.1313	 -0.3229	 +0.3781
 -2.8408	 +2.0807	 -5.5592	 -0.8405	 +4.5578	 -0.2194
-115.0932	+67.8215	-13.1979	 +0.0884	 +0.4444	 +0.3613
 -8.3689	 -8.4201	-23.2736	 -0.9429	 -0.4846	 -0.2221
 -9.2208	 -9.5830	 -8.4830	 -1.8935	 -2.2402	 +0.1696
 +2.7785	 +2.7493	-10.8127	 +0.7951	 -1.9997	 +2.5942
 -8.5463	 -3.5897	 -4.3391	 -0.4334	 +1.1107	 -1.2810
-20.9612	-15.8690	-15.8329	 +0.5016	 -0.7985	 -0.0801
-18.4109	 +7.9058	 -4.7558	 +2.1785	 +2.2216	 -0.8168
 +8.7925	 +6.1755	 +8.2144	 -1.9282	 -1.3150	 +0.4343
-14.0801	-15.1622	+23.2936	 +1.0474	 -1.2592	 +0.6100
 +2.2479	-10.0044	 +1.7928	 -1.2130	 -4.1642	 -3.5402
+14.8278	+14.2374	 -5.4094	 +1.5105	 +0.3505	 +0.7456
-15.6704	 +1.3147	+13.0808	 -2.4172	 +1.5795	 +1.6801
 -7.2238	 -9.9626	 +7.4836	 +0.9798	 -2.1795	 -0.4214
 -3.5411	 +6.6219	 -7.3045	 +1.1121	 +2.2224	 -1.2404
+10.9561	 -6.5965	 -6.8001	 +4.1217	 -3.2012	 -0.8001
-10.5250	 -9.3442	 +5.9233	 -0.8437	 +2.0820	 +4.0602
-15.7193	-34.7208	 +5.6754	 +0.3818	 +1.7232	 -1.0835
-13.3673	 -1.9874	 +7.3346	 +3.0902	 +0.2595	 +1.6803
 +1.0085	 -3.1449	 +4.9910	 -3.7828	 -0.2437	 -0.6667
 -2.0835	 -6.2809	+10.6410	 +4.4911	 -0.2105	 +2.8875
 -7.4457	 -6.5523	 +1.4389	 -2.9063	 +1.3514	 +0.4616
 -8.3468	 -5.9597	 +7.8310	 +0.2750	 +2.2688	 -4.0763
 -4.8546	 -6.8774	 -4.2996	 -1.9168	 -0.8195	 -3.6453
 -7.9704	 -1.3674	-15.1855	 +0.2282	 +1.4921	 -0.1134
 -5.6494	 +0.3428	+10.8118	 +0.6535	 -1.3485	 -2.4680
-24.6912	+14.3356	 +7.3870	 -0.0995	 +1.2452	 -0.2003
-69.0407	+37.9945	+20.3112	 +0.0243	 +0.6340	 +0.4012
 +0.8333	 +3.1222	 -7.6738	 -2.4884	 +0.1178	 -0.3594
-12.9861	+86.1771	 -2.3000	 +0.9663	 +1.7150	 -0.5746
-23.9270	-14.8300	 +3.6987	 -1.1900	 -0.5119	 -0.5137
 -4.6831	 -9.2939	 +3.1180	 +2.0132	 +1.7208	 +1.0287
 -1.8725	 +1.2368	 +4.7985	 +0.1855	 +0.8045	 +1.7011
+32.4871	-19.7011	+31.0865	 +1.1771	 +2.1880	 -1.1744
+13.4287	-53.4614	 -2.5139	 +0.7030	 +0.2539	 +0.0190
 -8.2765	 -2.4760	 +1.8505	 -0.6789	 -1.1076	 -3.2242
+24.5939	+13.0309	-14.4482	 +0.7571	 +1.7770	 +1.4286
 -3.9220	-39.4201	 -9.2989	 +0.0654	 -0.7915	 +0.4873
 -8.6957	 -2.7653	 -6.7514	 +3.9045	 -0.8601	 +2.0341
 -1.3183	 +1.5285	 -3.0064	 +1.1341	 -0.8120	 -0.6920
 +3.0611	 +1.9652	 +0.6721	 -1.2192	 -0.3297	 -3.5455
 +0.1670	 +1.0565	 -2.7246	 +3.5084	 +1.7542	 -1.6110
 -5.8736	+26.2781	+19.0645	 +0.8325	 -0.8798	 +0.6899
+15.8934	 -0.7108	 -6.2175	 +2.8243	 -2.0996	 +1.8650
-10.7236	+15.9536	-14.2369	 +0.9393	 +2.0115	 +2.6629
 +1.6170	 +4.4828	-11.9962	 -0.2756	 +0.4943	 -0.8877
-80.3624	+14.3937	+20.5909	-13.7900	 +3.4175	 +5.3332
 -9.9748	+16.7306	 -4.0675	 +3.0698	 -1.2343	 +0.2471
 +3.9724	 +0.8766	+10.1624	 -0.7209	 -1.0628	 +3.9596
 +5.2785	 +7.6917	 -4.0829	 -1.8683	 -2.9064	 +3.9601
 +5.7758	 +0.1061	 -3.7451	 +0.3460	 +1.5975	 +3.0193
 +5.1760	+13.9807	 +4.7857	 -2.9235	 +2.1326	 -0.1132
 +0.2814	+19.7469	 +5.0737	 +0.9676	 -1.1621	 -0.6484
 -2.5000	 -7.4164	 +9.5669	 -1.7680	 -1.0939	 +3.5044
 -3.9035	+13.3644	 +0.4853	 -3.4638	 +1.7523	 +2.4338
-12.1331	-15.7897	 -3.1499	 -1.9704	 +1.0186	 -0.0929
 +4.9992	 -1.4695	 -4.7831	 +0.5297	 -5.0376	 -0.0409
 -6.2584	 -2.6929	+13.1396	 +0.2343	 +0.8551	 +0.1512
-24.5245	+11.0496	 -3.3825	 -1.9799	 -0.7396	 -0.9676
-17.8232	+13.5768	+17.6795	 +0.0339	 +0.3023	 -3.6955
 -7.7366	-20.6691	 -1.9090	 -1.1537	 -0.2913	 -2.6132
-22.1949	-19.7735	 -2.9910	 -1.2817	 +1.9191	 +0.0205
-12.8252	-12.7635	-13.6325	 +0.4637	 -0.4094	 -0.6825
-28.9656	 +7.2091	 -3.2247	 +2.0564	 -0.6221	 +0.8065
 +5.2551	+16.0921	 +5.5375	 +1.4876	 +0.7953	 +0.1026
 -2.6493	-13.1634	 +1.2799	 +0.8726	 -1.9214	 -4.7441
 -5.5584	 +0.6019	+11.1894	 +2.7226	 +3.5584	 +0.8628
 +8.1204	 -3.2436	+11.7481	 -2.3736	 +2.1807	 +4.3471
+11.2885	 +9.5910	-39.0623	 +1.6530	 +1.5764	 -1.3225
-16.7678	 +5.4787	 -9.3875	 -2.5023	 +1.2965	 -0.8894
 +7.6030	-14.6830	 -2.5355	 +2.1352	 +0.0853	 -0.1766
+20.7394	-15.0526	 -0.0146	 -1.3132	 +1.3150	 +1.7072
 -2.8161	 +9.7078	 +3.0287	 -2.0058	 +1.9231	 -0.2732
 -9.0740	 -8.6205	 -9.9059	 +1.5814	 +0.6665	 +0.8070
 -4.4260	 +4.8522	 -1.9632	 -2.8941	 +0.9077	 -3.6611
 +0.9088	 +9.9391	-17.6628	 -0.9904	 +0.1456	 +0.8294
 +2.9609	-13.3383	 +4.5043	 +1.7824	 -1.0127	 -3.3232
 +6.6012	 +2.1662	 -6.2861	 +0.0512	 -1.4391	 -2.6173
 +6.6217	 -6.2731	 -3.9033	 -1.8230	 +0.9353	 +3.9300
+29.6167	-36.0564	+29.6312	 -0.0982	 -1.1456	 +0.0843
 -2.2289	 +1.0504	+22.2569	 +1.9017	 +1.0197	 +0.1736
 +5.6264	-11.9025	 +0.4460	 +1.6245	 -2.0757	 -1.5558
 -3.7937	 -5.3293	 -0.8756	 -2.4500	 -1.9602	 -2.4580
 -2.7576	 +2.1091	 +2.2451	 -0.7291	 -0.6230	 +3.8831
 -3.7626	 +2.6160	 -3.6086	 +1.6824	 -1.3690	 -2.2733
-23.7324	 +0.5052	-24.7066	 +0.3697	 -0.4716	 -0.7073
+20.7847	 +0.0567	+13.8248	 -1.2397	 +1.2265	 -1.2443
+29.8529	 +9.6040	-13.6534	 +6.2103	 +2.7843	 -0.1475
 -3.1087	 -9.8883	 +2.9046	 +0.5873	 +0.8763	 +3.6335
 -1.2714	 -7.7243	 +1.2775	 -5.0551	 +2.4188	 +2.0868
-21.3752	 +9.6150	-15.9484	 +2.1970	 +1.3499	 -1.6415
 -5.6050	+10.8812	 -2.1192	 -1.9383	 -4.7314	 +1.1436
-31.3998	+18.8906	-12.5000	 +0.4728	 -0.3664	 -1.5844
+16.1315	-10.2120	-17.7377	 -0.6751	 -1.1013	 -0.2143
 +8.3082	 -4.8738	 +9.1637	 +0.4192	 +0.1585	 -2.6722
 -1.0310	 -3.5896	 -0.2691	 +1.1982	 +0.6947	 -1.5766
 -1.5136	-18.7612	 +0.1587	 +2.2759	 +2.6516	 -0.1335
 +2.7217	+11.4541	+16.9390	 +2.4046	 -2.8394	 +0.0370
 +2.5513	-16.1378	+10.2314	 -0.6874	 -3.1756	 +0.7504
 +6.4529	 +1.9518	 -0.7513	 +2.3384	 +3.9748	 +2.0662
 -4.4879	-12.9967	 +3.7753	 +0.7655	 -0.4978	 -0.1335
 -8.1819	 -4.8407	 -1.9190	 +0.3825	 +1.3025	 +2.3706
 -6.2344	+13.4082	-12.7756	 +1.9640	 -0.6585	 +1.6928
 -2.7112	 -4.0027	+13.6982	 +0.7517	 +1.9889	 -1.1933
-13.6125	-21.5168	+11.3422	 -1.2068	 +0.3828	 -1.4785
-21.9100	+40.1688	+14.4989	 +1.8831	 +0.2612	 +0.2636
 -9.7662	 -1.4675	+29.0942	 -0.8977	 +0.5068	 +0.3559
 +0.5098	 +3.4090	 -5.4238	 +0.7960	 +0.4229	 -3.4795
 +1.2591	 +4.6641	+18.0771	 -0.8054	 +1.5252	 -1.9742
 -3.0750	 -2.5828	 -4.4309	 -4.2168	 +0.7748	 -1.1933
 -0.5651	 -7.9137	+19.8030	 -0.4613	 -0.9406	 +2.8197
 -0.6741	+10.4058	 -7.1497	 -1.5247	 +2.8323	 -2.4145
-10.7984	+15.8726	 +0.8613	 +2.0143	 -0.2739	 -1.4068
 +3.7444	 -8.4136	 +5.9092	 +1.1847	 +2.5559	 -2.7592
 +0.7024	-29.4646	 +1.0683	 -1.0581	 -0.6903	 -3.0608
 -8.8355	 -0.9922	-11.1593	 +2.1682	 +2.0564	 +2.0679
+26.2441	+25.0457	+11.0017	 +2.0173	 +2.4722	 +2.3555
 -7.7128	 -1.5588	-15.5236	 -1.2394	 +0.1892	 +3.6465
-16.7710	-10.5565	 +8.5809	 +0.1018	 -0.1071	 +2.5972
 -2.9183	-20.0103	 -2.5598	 +0.3872	 -1.8742	 -0.4279
 -9.9016	-25.4416	+11.0719	 -2.0819	 +1.5706	 +2.1061
 +5.2171	 +4.8314	 -7.1344	 -1.2792	 +1.8277	 -1.2325
 -3.5534	 +3.4520	-16.7428	 -1.4137	 -1.3296	 +0.7528
 -0.4803	 -0.2377	 -6.4894	 -0.9662	 -2.7984	 +0.1023
+13.1615	 -3.0780	 -7.6305	 -2.4145	 -1.2932	 +3.1130
 -6.4946	 -3.9321	 +1.6445	 -0.8099	 +0.0549	 -1.8044
 +0.6411	 +0.5927	 -1.0828	 +0.6330	 +2.4815	 +0.0277
-13.7147	-10.2704	 -0.6873	 +0.7658	 -1.2823	 +0.2138
 +5.6482	 -8.7755	 +9.9763	 +0.7265	 +2.5502	 +3.1019
 -4.4065	 +2.8419	 -3.0638	 -2.0861	 +1.6978	 +0.9479
-243.4661	-74.5886	+200.5243	 -9.3720	 -2.8172	 +7.9393
 +1.6415	 -0.1086	 -2.3352	 +1.3272	 -5.0105	 +2.1943
 +5.3049	 -9.6342	-15.8024	 -0.1099	 +0.1092	 -0.4611
 +7.2134	 +8.3049	 -7.9031	 -0.1487	 +3.4957	 -1.6660
 +8.3417	 -6.0399	-19.4254	 -2.0918	 +0.3383	 +0.4319
+21.5048	-15.7321	 -5.6277	 -1.7252	 +1.9738	 -0.0064
 -8.3474	 +4.1006	-19.4152	 -0.2209	 +2.3256	 -1.0553
 -7.1043	 +4.5703	 +1.8947	 -0.1100	 +5.4631	 +0.3145
 +6.9630	 +0.6076	 -6.5106	 -1.1750	 +0.7169	 +1.7980
 +0.6250	 -3.0203	 -2.6248	 +0.6285	 +1.9789	 +5.6148
+41.5217	 -3.5665	 -4.0918	 +0.4446	 -0.2100	 +2.1143
-11.6187	-11.1926	 +9.2921	 +2.4103	 +0.5368	 -3.4248
 -6.3820	 -4.5333	 +0.5263	 +0.5113	 -2.9910	 +0.7780
 +1.7374	 +1.4177	 -3.8505	 +0.2017	 -2.7476	 +0.4092
+10.5994	 +3.0154	 +7.4488	 -1.0475	 -0.0100	 -0.4225
 +0.0914	-16.5582	 -4.1690	 -0.8743	 +2.8205	 -1.4651
-27.7140	+34.6450	+15.9160	 +1.1812	 +0.6673	 +1.1172
 -2.6102	 -7.5859	 -2.6385	 +2.0874	 +1.5729	 +1.9827
-10.6621	-49.8451	+48.3207	 -0.2318	 +0.0816	 -1.1458
 -4.7599	 -3.3953	 +2.2343	 +0.8310	 -1.6490	 +1.7786
 -5.1504	-10.8311	+22.1595	 +0.8843	 +0.5870	 -0.3510
 -8.6822	 +5.0988	 +4.4874	 +2.4697	 +0.1933	 -1.5340
 +2.6888	 +0.9229	 +3.8406	 -0.3605	 -1.8566	 +1.4697
-17.5442	 +0.4696	 +4.4318	 -5.1338	 +0.4404	 -2.0020
+48.7963	-52.2904	+38.1004	 +1.8941	 +0.0735	 -0.2225
+95.2227	+32.6284	-27.5869	 -0.7628	 -1.1597	 -1.5606
-31.1448	-20.6097	-10.3263	 -2.3814	 +1.5789	 -0.3372
+41.9830	+35.7459	-22.9091	 -0.0064	 -1.9898	 +0.8629
 +5.1594	 +2.4077	 -9.9276	 +2.0468	 -0.1253	 -3.2356
 +6.6443	+17.5082	-11.8718	 -3.0374	 +1.1525	 +0.2163
-15.4950	 -7.7294	+63.7382	 +0.7983	 -0.1079	 +0.8092
+21.5496	+75.8501	-20.2924	 +0.0976	 +0.9200	 +1.5270
-31.9748	 -3.2418	-21.6292	 -2.9953	 -1.0620	 +0.5119
+13.1526	 -7.6958	 -5.4149	 +1.1018	 +3.1383	 +2.6481
-35.2064	+15.1103	 -2.0994	 +0.8292	 -0.5167	 -0.7304
 -9.3597	-10.1354	 -2.3568	 -0.4740	 +3.2368	 +1.5827
 -4.9831	 +1.9475	-18.3160	 -1.4370	 +0.7700	 +0.8316
 +6.4331	-18.4603	-16.8694	 -1.0328	 +0.5944	 +1.5944
-11.1444	+11.1256	 +8.9736	 +2.6098	 +0.7292	 -0.1880
 +1.6265	+14.2931	 +1.1562	 -0.9734	 +2.1494	 -0.1357
 -3.1579	 +7.6667	 +4.6767	 -2.7058	 -0.9391	 +4.9482
 +1.5500	 +6.1700	 -9.9344	 -1.0930	 +2.6305	 +3.5109
+22.7091	-14.7616	+10.6184	 +0.2930	 +0.9812	 -1.4915
 -8.2715	+12.8629	 -7.2671	 -0.2437	 +1.1577	 -0.9822
-14.2045	+18.8289	+28.3460	 +0.5625	 -0.6310	 -0.3383
 +3.9626	 -5.7209	 -8.6264	 -1.4135	 +0.6173	 +2.9129
 -4.3812	 +3.2659	 -1.1378	 +0.9388	 +1.0812	 -2.2234
+12.5273	-13.8850	 +1.1273	 +3.5423	 -1.1116	 +0.1855
 -4.5763	 +3.4017	 -0.6770	 +3.3612	 -0.7577	 -5.4109
 +7.5808	-21.9314	-14.5495	 -0.2675	 -0.4522	 +1.1132
 -2.1278	 -5.1942	 +1.1558	 -1.4148	 +3.6747	 +2.3412
 -5.1231	 +6.1559	 -7.7460	 -2.8711	 +3.2313	 -1.0408
 +3.0532	-18.4938	-11.2232	 -1.2705	 -2.6287	 -1.3497
+46.1106	-14.5096	 -9.6894	 +1.8366	 -1.0569	 -1.5667
-14.1838	 -1.7823	 -4.6762	 +0.4477	 -3.6159	 -1.5652
-23.1900	+11.8339	 -2.6585	 -1.0765	 +2.6943	 +0.8778
+20.3003	+13.8981	-32.3455	 -1.0309	 +0.4833	 -0.1284
 -8.3373	 +5.0765	-11.8752	 -1.0808	 +1.9444	 +0.5846
 +6.8562	+48.0350	+41.9831	 +0.7821	 -1.6086	 +0.1566
-12.2752	-15.2194	+19.3798	 +2.2581	 -0.0676	 +0.2428
 -5.7246	 +7.8334	 +4.6440	 +2.0453	 -4.1710	 -0.4745
 +1.9329	+11.0545	 -7.7466	 +2.8487	 -0.7196	 -5.4350
+13.2588	-33.0476	-17.3692	 +0.1931	 -3.2088	 -1.1344
 +5.3548	 -1.4329	 +0.4365	 -0.4580	 -1.5868	 -0.7841
 -8.0182	-11.5984	 -9.1019	 +4.0550	 -1.8942	 +1.2821
+10.6887	+11.3474	 +8.1903	 -1.4212	 +1.7400	 +2.5125
-16.8667	 +7.0002	-13.2300	 -2.7419	 -0.0162	 -1.5146
 +0.8309	 -1.8724	 -9.0833	 -2.4209	 +0.7001	 +1.0235
-21.3285	+20.4251	 -4.0878	 +1.5472	 +1.2343	 +1.0775
 -4.0270	-68.1513	+115.9187	 -0.3130	 -1.1752	 -0.1120
+22.7507	+20.9402	 -4.0586	 -2.0272	 +0.7047	 -0.2689
-22.8325	-20.6300	 +3.4919	 +0.7834	 -1.3318	 -1.2338
 +8.4895	 +3.3724	 -2.9600	 +1.4281	 +1.5137	 +2.8539
-27.7563	+19.2675	+30.5532	 +0.9427	 +0.3105	 -0.4257
 -5.0857	 -3.3543	 -9.6150	 -4.7420	 -2.3749	 -1.9856
 +1.1734	-29.9037	-15.9034	 +0.2508	 -0.1934	 -2.2789
 -3.3377	 +3.0222	-48.3197	 +0.9368	 -0.3817	 -3.3358
 -9.6281	 +5.7819	+19.9586	 -2.2260	 -2.8199	 -0.4418
 +6.9980	 -0.2236	 -3.7751	 -3.0650	 +1.9247	 +1.9214
 -9.3494	 +8.3947	 -9.9481	 -2.2741	 +0.3763	 -0.7536
+11.1134	-14.3305	+19.8374	 -1.5937	 +1.0455	 +1.3238
+19.5476	 -3.2971	 +3.3293	 +0.7829	 +2.1714	 +1.0411
 +2.7752	 +9.6863	 +8.5864	 +3.6834	 -1.8595	 -0.8143
 +7.0833	 -0.5495	 +1.0119	 +6.0656	 -1.1021	 +1.0955
 +2.4232	-27.3837	 -0.7699	 +0.1307	 -0.0010	 +2.5736
-11.0712	 +8.8835	+20.7271	 +0.3149	 +2.6352	 -2.6291
 +3.2968	 +0.2962	-14.1631	 -1.8630	 +6.3441	 +1.8339
-82.4161	 +0.1308	+91.9637	 -6.0363	 +0.2006	 +7.2267
-11.8614	 +6.8794	-15.2952	 -0.5409	 +2.2020	 -1.4961
-21.4199	+12.4575	+15.0497	 +0.2817	 +0.2388	 +0.0816
+18.8877	 +3.3052	-10.7308	 +0.5615	 -1.0153	 -0.1694
+21.5213	-10.2752	-47.8462	 -1.2550	 -0.3522	 -1.1564
 -3.7894	 +5.2971	 -4.4520	 +0.8415	 -2.3492	 -2.9816
 -8.1099	 -5.7875	 -3.2495	 -0.5440	 +0.0440	 +0.5910
-10.5221	 -2.9256	 -2.9837	 -3.8847	 +3.1758	 +1.8102
+17.0315	 +6.4038	 +6.2433	 -0.3627	 -0.5991	 -1.6162
 +3.8106	-31.9380	 +6.7915	 +1.4345	 -0.0436	 +0.1078
 +1.9759	 +9.8130	 -5.2731	 +0.5641	 +2.0474	 -1.9874
 +8.6387	-25.6586	+13.5810	 +1.9595	 +0.9806	 -0.2332
 -3.3437	 +5.5996	 +1.5112	 +2.4334	 -3.0381	 +1.9704
 -5.4101	+21.2479	-13.8694	 +0.3632	 +1.9082	 +0.8404
 -9.4215	 +7.2761	 -2.8933	 +0.3752	 -1.0125	 -5.0500
 +0.9987	 +5.8810	 +0.6371	 +0.3161	 -0.4210	 +1.8440
 +4.1561	 -2.3536	-13.9294	 +0.2755	 -0.4122	 +2.3370
-12.7343	+11.4934	-12.1686	 +1.3815	 -1.4567	 -0.4117
 +7.9411	 +9.3976	 -2.0220	 +0.5092	 -0.1357	 -1.3336
+10.5621	 +2.0675	 -7.4598	 +5.1637	 -0.9283	 +1.0030
+13.2573	 -8.7672	+12.5448	 -2.1474	 +0.5099	 -0.8426
-11.5515	 -2.9007	 -7.0383	 -0.3495	 -3.1609	 +3.5170
-26.6510	-33.9171	 -4.6223	 -0.5624	 +1.0334	 -0.7368
+217.6151	-83.4869	-149.2328	+13.3161	 -5.2167	 -9.5131
 -5.1159	 -3.9349	 +7.7035	 -1.3008	 +1.9634	 -2.9710
 -6.0829	 +7.8113	-34.3795	 +0.8859	 -1.5620	 +0.3917
-10.7507	 +3.0751	-14.6487	 -0.3898	 -1.6461	 -1.7012
 -5.8456	 +9.6081	+31.7018	 -0.5460	 -3.2426	 -0.1839
 -1.2334	 -5.2855	-11.1511	 +0.5418	 -1.5248	 -0.1507
 +1.2677	+26.4661	+13.1425	 -0.4136	 +0.8501	 +1.1739
 +9.7521	+47.4808	+17.1706	 +0.7669	 +5.1174	 +0.7265
+78.4836	-48.7329	+10.1486	 -0.8179	 -0.4735	 -1.7193
 +3.3504	+14.1576	 -3.6408	 -2.8170	 -0.9560	 -3.0972
 +3.7789	 +0.8002	 +9.8851	 -1.6014	 +2.5704	 +0.3836
 -6.2926	 -9.7064	 -8.9271	 -0.5319	 -0.0216	 +1.9148
 -4.9506	+13.7044	 +0.6257	 -1.1853	 -1.2515	 +1.4195
 +9.9664	 +0.5699	 -1.9790	 -1.5903	 -1.0009	 +0.8387
 -1.5573	 -4.5373	 -6.8689	 -2.8418	 -3.5960	 +1.0057
 -9.4656	 -1.7239	 +6.8238	 +1.6566	 +1.9606	 +1.2342
-25.7646	+11.5908	 -4.7338	 -1.1632	 +0.5243	 +2.3915
 +4.2114	 -8.4667	+21.8401	 -1.4697	 +1.0445	 +1.9273
 +9.7331	+13.2298	+66.1209	 -0.0424	 -0.4500	 +0.2113
-28.5721	-41.3171	-60.3358	 -1.4959	 -2.3358	 -3.1884
 -7.8460	-15.0761	 +1.2618	 +1.0692	 -1.2493	 +0.2002
 +0.9133	 -2.2595	 +7.9159	 +3.6613	 +0.8948	 +3.4065
 -5.2620	 -0.6132	 +9.5306	 -3.3503	 -3.7247	 -0.5895
 -8.4616	 -3.1859	-12.0157	 -3.5407	 +1.6913	 +3.3805
 +3.9150	 -3.1622	 +6.0062	 -3.2209	 +0.1352	 -2.9260
-88.0796	+42.0283	-24.5253	 -0.9732	 +0.4035	 -0.7577
 -4.9511	 +7.1932	 -7.5015	 +1.0273	 -4.4155	 +1.1165
-17.8797	 +4.7520	 +2.5315	 -1.4981	 +3.0816	 +1.5110
+15.6895	+10.1134	 -4.1060	 +2.7519	 +1.3821	 -0.9968
 +9.9766	 -5.2266	 -4.1853	 -1.5171	 +0.0035	 -0.9933
 -6.0534	 +1.3835	 -1.7087	 +1.5797	 +1.1641	 -2.6167
-10.9915	 +8.1448	 -6.1296	 +3.0521	 +2.0752	 +1.0362
+11.2758	 +2.2959	+10.2573	 -0.3884	 -0.7091	 -1.5865
-61.2034	-165.9479	+22.9279	 +1.2288	 +0.3106	 -0.1403
 -1.1664	 +2.6913	 -2.5411	 +0.9151	 -1.3449	 -1.6368
 -4.0734	 +9.6473	 +5.6659	 +2.2398	 +2.6585	 -1.1296
 +2.6087	+11.2338	 +1.2604	 -1.2974	 -2.4748	 -0.9996
-28.4808	 +7.0135	 -7.5630	 -1.8134	 -0.1025	 +1.3104
-10.6220	 -2.6531	-17.9582	 -3.9441	 -1.4290	 -0.7261
 -9.1128	 +2.9259	 +1.9722	 -3.1891	 +0.7988	 +0.1055
 -0.2686	 +5.4647	 +3.0823	 +2.8693	 -2.1421	 +2.4514
+10.9415	+22.1610	-26.3941	 -1.3185	 +2.6952	 +0.8927
 -9.9193	 -9.3735	 -9.3075	 +1.6959	 -1.7212	 +0.0602
 +3.2500	 +3.9339	 +1.2033	 +1.3988	 -2.0956	 -2.1001
 -0.4230	 +3.6361	 +3.6096	 -2.7998	 +1.9097	 -3.4520
 -6.1481	 +9.3104	 +3.8062	 -2.2968	 +3.7775	 +1.8580
 +9.2299	 +5.4666	 -1.6364	 -1.5063	 +0.3907	 -0.2758
 -9.2543	 -8.4249	 -5.0480	 +2.5365	 +0.1372	 -2.1173
 +2.5190	 -9.2764	-21.4139	 +0.6260	 +1.8448	 -3.2333
 -7.4356	 +3.3164	 -4.2328	 +1.7814	 +3.0056	 -1.5505
 +5.2797	 +5.9438	-18.9456	 +1.8730	 +1.1750	 -1.8804
 -9.8559	-41.9172	 +2.1536	 -0.2178	 +0.0032	 -0.8322
-28.5323	+31.3864	-43.7528	 -1.5782	 +1.2974	 -1.3101
-39.0903	 -0.6856	+30.1467	 -0.1167	 -1.3514	 +0.8078
 -8.5565	 -0.6893	 +9.8994	 -3.4010	 -0.6164	 +1.3718
 -5.8270	 -1.2972	-12.6999	 -0.3834	 +0.0605	 -1.9848
 -5.2565	 +3.7547	 +2.1666	 -4.5342	 -3.5189	 +0.8175
+23.7986	-17.2125	-29.8147	 +0.7202	 -0.7051	 +1.0699
-11.7657	+63.1673	-59.9172	 +1.5107	 +1.1585	 +1.1603
 -9.9668	 -9.4823	 -4.3464	 +1.1539	 -2.2071	 +0.5059
+11.0360	-10.3422	 +6.8549	 +1.9967	 -0.9254	 +2.0551
 -1.5016	+12.9778	 -5.8259	 -0.0101	 +2.2348	 -0.0177
+23.8558	-19.8952	 -2.7852	 -1.5927	 +0.0653	 -0.2979
 +1.6366	 -4.3575	 -4.4970	 +0.8551	 -2.0061	 -4.3719
 -7.8967	 -0.8960	 +2.1298	 +1.7209	 -2.6343	 +1.1404
 -2.6373	 +8.6188	+43.4016	 -0.5015	 -1.5459	 +0.9045
+11.8607	 +4.3392	 +2.3723	 +1.7037	 -2.4675	 +0.1252
 -4.9974	 +4.0095	 -4.8774	 -0.9693	 +1.5746	 +2.0548
 +2.7781	 +0.8923	 -9.4346	 +3.9573	 +0.5640	 +0.5709
 -2.9456	 +4.4010	+40.4116	 +0.4098	 +0.7137	 +0.5382
 -3.2679	+17.3808	+79.7707	 -1.3065	 -1.1062	 -0.3411
 +7.3527	+22.5265	-11.5177	 -1.0667	 -0.9279	 -2.3232
-22.4644	-13.7638	 -8.3894	 -0.2513	 -1.3039	 +1.3564
 +0.2310	 -5.0347	 +4.7680	 -2.0422	 -0.6939	 +0.8528
+23.0391	 +2.1867	 +6.2474	 +1.9304	 -0.4462	 -0.3690
+31.5979	+24.3378	+39.4917	 -2.1793	 -0.6217	 -0.5322
 -0.8263	 +6.4063	 +3.0405	 -0.3696	 -3.5814	 -0.8181
 -1.0798	 -8.3137	-11.7578	 +0.4554	 +0.6528	 -4.1889
-14.5185	 -4.3563	 -7.9471	 -1.0165	 +1.6567	 -4.0273
 -1.9935	 -3.1278	 -6.5252	 +3.3563	 +0.4968	 +1.0329
+18.2124	 +0.2579	-25.8644	 -1.2036	 +1.1036	 -3.3268
 +2.3610	+14.3889	 +1.5975	 +2.7433	 +1.3017	 +3.6051
 +1.6808	 +6.3289	-10.3738	 +0.6594	 +0.6094	 -2.0122
 +3.0319	-24.2643	 -5.2705	 +1.1790	 -0.5232	 -0.1916
-27.5441	+12.4038	-30.0920	 -1.1777	 +0.1713	 +0.9290
-11.8468	-14.2789	 +7.4574	 +0.4178	 -1.9974	 -2.3624
 +9.6305	 -1.5148	 -3.3559	 +1.5311	 +2.8226	 -2.8439
 -4.6721	 +2.1900	 -5.5093	 -0.2121	 +3.1143	 +0.4388
 -0.6225	+15.9901	 -6.3674	 +2.4951	 -1.6968	 +3.1106
 +4.7877	 +6.9333	-10.0849	 +2.3556	 +1.5641	 -1.9346
-30.0051	+43.0235	+16.0773	 -0.3853	 -0.7337	 +1.9057
 +3.8721	 +6.1154	 +4.3165	 +0.5353	 +1.2769	 -1.4711
 -7.7839	 -0.2564	 -0.1288	 -3.1362	 -1.9863	 -2.6575
 +4.7776	-121.1726	+91.3590	 +0.1413	 -4.0724	 +2.7896
 -2.4096	-12.9504	 +4.6017	 -0.1581	 -1.3488	 +4.3184
 +4.2760	-14.4414	-10.8840	 +3.3668	 -2.0468	 +0.7887
 -6.2197	 +3.9740	 +2.5485	 -1.4550	 -1.6268	 +1.9136
 -1.7346	 +0.5945	 -4.7306	 +4.3718	 +2.6543	 -0.0799
 +2.4842	+17.2657	+17.1985	 +0.6831	 +1.2351	 -2.0896
 -1.3043	 +9.6872	 +5.0139	 -1.6194	 -0.2837	 +1.0742
 -9.2145	 -2.8355	-12.8523	 -0.6255	 -3.4612	 -1.1285
 -2.7984	 +1.4154	 +4.3842	 -2.1235	 +0.2278	 +1.5659
 +9.1844	-13.0573	+36.0226	 +2.4383	 +1.0043	 +0.4082
 -3.5624	 -3.5104	 +1.5261	 -2.1975	 +0.5478	 +1.0908
-18.0445	 -4.4267	 -8.3444	 -2.4396	 -0.3961	 -0.2439
 -7.0630	 -4.7001	 +1.9132	 -1.5152	 -1.1745	 -4.0681
 -3.6306	-10.4544	 +1.6246	 -2.6627	 +1.0434	 -3.0772
 +8.5139	-21.4619	-10.5841	 -0.8968	 +1.8282	 +0.8075
+34.2573	 +0.6208	-67.8912	 +3.2512	 +0.3231	 -4.7588
 -7.2086	 +2.8843	+16.0417	 -3.0093	 +1.7659	 -1.4282
+11.5007	 -3.6822	 -0.9497	 -0.6024	 +2.1237	 -2.2359
 +4.5098	 -4.3559	 -3.1625	 -0.9343	 +0.2759	 -0.5282
 -0.7427	 -2.5590	 +6.7763	 -0.0096	 +0.5492	 +1.2684
-18.4215	+29.6968	 -3.3445	 +2.0303	 +1.1489	 +0.1395
-66.0901	+37.6403	+35.2063	 +1.2613	 -0.5163	 +0.1043
-12.5096	 +1.8619	+13.7869	 +1.1853	 +2.7202	 +1.5493
 -8.8962	 -1.5998	 -5.4033	 -1.5839	 +1.2273	 -0.9102
 +2.9115	-11.1675	 -1.8523	 +1.3566	 +0.8178	 -1.2221
 -3.2897	 -0.7714	 -4.3533	 -0.6322	 -2.0977	 +3.1737
+28.4532	 +6.5955	+16.7403	 -1.5828	 +0.7069	 +0.2680
 +9.3917	+12.4614	 -9.9050	 -0.7665	 -2.8023	 +3.5786
 -3.1976	+10.2602	-25.0177	 -2.2504	 -1.7785	 -2.0069
 +3.5216	 -5.1364	 +4.6080	 -1.2785	 +0.1553	 -1.8822
 +1.5944	 -0.5103	-12.0399	 +1.3437	 -2.8849	 -3.9660
 +0.0450	 -0.7539	 -7.4688	 +2.4076	 -1.7685	 -1.7487
 +7.7916	 -1.3130	 -6.6117	 +0.3675	 +0.6580	 -0.9859
 +3.2674	-11.5317	-14.7431	 -3.1828	 +1.8702	 -0.5323
 +9.3791	 -3.3246	 -1.6096	 +1.7749	 -3.0218	 +1.4367
 +2.8593	-10.9780	-15.6475	 +0.6350	 -0.5478	 +0.1698
-24.5558	 +3.8680	-46.2405	 +0.2521	 +1.5191	 -2.3404
-11.2612	+18.4442	-14.6734	 +0.9013	 +0.6952	 -2.2872
+48.6972	+104.8254	-21.4104	 +1.7987	 +3.9321	 -0.0183
+14.0652	-12.9995	 -7.5608	 +1.0664	 -0.5298	 -0.0312
 -6.8952	 +3.4056	 +1.6830	 +5.1115	 -1.6506	 -0.6753
+15.8869	 -3.5263	+15.2295	 +1.4424	 -0.2776	 -1.5771
-11.4693	-12.1185	 -6.3747	 -0.8262	 +1.5308	 +0.5028
+14.4490	 -6.6483	+11.7516	 -0.9604	 -2.0141	 -1.7263
 +2.5976	 +0.5136	 +6.0705	 -0.1532	 +1.4881	 +1.7611
 +5.3138	+11.9237	-13.9450	 -1.5278	 +2.0749	 -0.6837
 -8.9893	+23.3115	 -3.9827	 +2.7572	 +0.2610	 -1.2733
+33.2196	+15.1903	-12.5907	 +2.2546	 +0.8015	 +2.4634
+11.2056	 -0.8706	+10.1891	 +2.1414	 +0.2684	 +1.4829
-16.1291	-27.4116	-15.3187	 +0.5740	 +1.2181	 +1.5164
-14.4798	 -7.3623	-11.0440	 -1.8479	 +0.8742	 -3.6887
+11.4175	-11.6747	 +1.2096	 +1.4572	 +2.8349	 +0.9541
 -4.3625	 -1.4597	 +8.5827	 +1.9556	 +1.2309	 -0.9659
-16.2669	+18.7728	+16.9823	 +2.2408	 -1.7294	 -2.2400
-11.9586	+10.0177	+24.7190	 +0.5324	 +0.1482	 +2.0107
 +5.2513	 +1.1467	 -3.8110	 +0.9001	 -0.1747	 +0.2995
 +9.4929	+14.5540	-22.7240	 -0.4580	 +1.7365	 +0.9766
 +1.9306	-12.6626	 -4.9233	 +0.8812	 +1.0957	 -2.2545
-25.2893	-11.9218	-19.6867	 -2.1176	 +0.1123	 -0.3677
-41.8316	+20.1823	+11.3012	 -1.6946	 +1.8059	 +0.7012
 -3.9314	-10.7289	-12.4402	 -0.8497	 -0.6347	 +0.6240
 -3.5273	 +6.4740	 +6.6442	 -4.5037	 +1.1434	 -0.2706
+13.5265	 -1.1974	+12.3195	 +2.5084	 -3.5528	 +2.4662
-28.3219	+43.4933	+19.5241	 -1.7666	 +1.9097	 -0.1435
-23.2671	+16.1188	 -7.4545	 -1.6186	 +0.2332	 +0.7253
 +1.2788	 -5.4497	 -5.5776	 -3.4367	 +2.7557	 -1.7255
-56.6611	-24.8405	+44.6249	 +2.1708	 +0.4746	 -1.8966
 +1.8431	 +8.9571	-19.1209	 +1.5574	 -2.5338	 -0.1272
-23.4369	+46.3059	+39.2965	 -1.0782	 +2.6395	 -0.7891
-14.0588	 +1.8531	+29.3822	 -0.0543	 -1.6223	 +1.0118
+38.3304	 +7.7677	+35.6664	 +0.0459	 +0.2058	 +0.6744
 +2.7951	 -5.0051	 -3.2266	 -2.0303	 +2.6747	 +1.8084
 +1.3998	-13.2818	 +2.5411	 -2.2997	 -2.3392	 +1.9729
 -3.7680	 +5.0750	 -2.9756	 -2.7535	 -1.3092	 -3.2533
 -2.8770	+12.2573	 +0.8765	 +1.1622	 -1.2719	 +2.3335
-14.0996	 +9.2382	 +1.5713	 +0.4296	 +3.0137	 -0.7298
-17.8645	+10.7258	+24.4202	 +1.1422	 -1.2777	 -0.5079
 -1.0488	 -2.7168	 +7.3593	 +1.3152	 +0.1970	 -0.4000
-13.0720	 -2.0277	 -0.5486	 -4.3629	 -0.6986	 +0.8207
 -0.4132	-11.3036	 +1.3689	 +1.0143	 -4.4142	 +0.5556
-18.9244	+100.4343	-310.1695	 -0.7177	 +3.7012	-11.6836
 +3.2419	 -3.2337	 +4.3695	 -1.4433	 +0.7746	 +2.2011
 +0.0915	 +3.5904	+29.1486	 -0.8440	 -0.5908	 +2.3279
 +2.4389	 -3.0817	 -3.2354	 +5.3327	 +0.7197	 -6.0789
+36.9493	 +7.7972	-11.7941	 +3.9982	 +0.3133	 -1.0506
 -0.8190	+12.6500	+11.1575	 +1.3294	 +1.9821	 -0.6717
 -0.9662	 +6.2664	 -5.6150	 +0.7992	 +0.1828	 +3.0733
-58.2853	-120.6920	+114.1379	 +0.7849	 +0.2945	 -0.3127
-13.8932	+14.1015	 -5.6202	 -0.3736	 -2.5999	 +0.1408
 -8.2939	 +5.0706	-12.1244	 -0.5490	 -4.1796	 -1.6442
 +1.4194	 +1.6150	 -4.3925	 +2.3089	 -0.4102	 -1.0260
+22.2299	+13.8004	 +3.5640	 -0.3032	 +2.9356	 +3.4128
-20.9732	 +4.0293	 -9.6693	 +0.4054	 -0.2914	 +0.4248
 -1.7767	 -8.1682	-24.4869	 -0.4538	 -0.9621	 +0.1557
+24.4694	+37.6499	+30.8658	 -0.2428	 +2.1124	 -1.7127
 -5.3323	 -2.0447	-18.6433	 +1.7112	 -0.6013	 -1.2230
 -9.6325	 +0.4187	 -4.3825	 +3.2321	 +0.1110	 -1.6108
-16.3568	 -9.2042	+41.0853	 -0.1111	 +0.6690	 -0.4274
-14.1410	+15.3516	 +0.6552	 -0.7805	 -0.0931	 +3.9072
+14.5527	 -0.6463	-15.4015	 +3.2950	 +1.9545	 -1.9697
 +9.8769	 +3.6745	 +6.7413	 +0.6528	 -3.5803	 +3.1895
 +1.9199	 -9.1105	 -1.3996	 -3.5434	 +2.1402	 +0.7980
-10.2743	+13.6233	+10.1174	 +1.3357	 -0.3464	 +0.1165
+13.2427	 -6.6166	-17.3111	 +0.2012	 -0.1217	 +1.0377
+21.8431	+22.8833	+18.2547	 -0.1162	 -0.2155	 -0.5980
+12.3991	 -1.9867	-19.1241	 +0.8558	 +1.0500	 +0.9517
+17.9976	 -6.3865	 -5.6921	 -2.5375	 -0.5225	 +1.6403
 -6.1012	-15.7409	 -7.1277	 +0.0879	 -2.0963	 +1.8009
 +8.7020	 -8.7820	 +2.5572	 -0.2921	 -1.7281	 +1.2213
+26.3975	-27.4918	+21.7347	 +0.5781	 -1.3668	 +2.5841
 +7.4354	 +6.1415	 +1.1074	 +1.6273	 -0.9622	 -1.6976
 -1.9552	 -0.2820	 +8.2625	 +3.4166	 +2.7069	 +2.5506
 +0.5829	 +2.5650	 +9.7883	 -2.1330	 -2.4922	 +2.8910
 +0.8277	+14.2119	+20.1062	 -0.0571	 -0.4567	 -0.4931
 -8.8776	 -7.0367	-29.5663	 +1.4772	 -1.7511	 +3.8339
+15.7882	-12.7817	-16.6231	 +1.3669	 +1.9995	 -1.2680
-62.7529	+45.2835	-37.5371	 -1.4308	 -1.6818	 +0.9380
+74.8908	+53.8470	 +4.0381	 +2.4082	 +2.2296	 -0.0581
 -8.6608	-10.6001	 -4.4139	 +1.2226	 -2.8697	 +3.3545
+16.6577	-29.0850	-31.2959	 +1.4965	 -1.0258	 -2.1136
 +1.7773	+13.8248	+16.2393	 +1.5321	 +2.0681	 +1.3091
-20.6448	 +2.0478	 -7.6523	 -0.0721	 -0.7623	 +3.1918
+14.6034	 +0.6269	 +4.9509	 -1.3081	 -0.6662	 -2.1364
 -5.4332	 +2.0982	 +3.6062	 -3.1331	 -1.2262	 +2.9307
 -5.6320	 +4.8541	-13.7647	 +0.6037	 -0.5343	 +1.3059
 +0.1886	+24.7526	 -2.7585	 -0.3868	 +0.5068	 -1.6376
 -8.8705	+21.1872	 -8.0788	 +0.9831	 +1.4963	 -1.4015
 -2.7094	+22.2868	-20.4932	 -1.4637	 +0.2379	 +0.4956
 +8.7855	 +3.5541	 -3.1745	 +1.1676	 +3.3674	 +4.4975
+18.4811	+28.7357	-13.4454	 +2.0652	 -1.1386	 -0.8632
 -8.3691	 -1.0120	 +1.8518	 +4.7502	 -0.7461	 +2.7534
 +1.7087	 +1.9343	 +0.0841	 -0.0405	 -0.3272	 -3.7802
 -4.4766	+11.4798	 -5.0469	 -3.0952	 +0.6858	 -0.9735
 +9.5289	 +2.2990	 -9.7844	 -0.4531	 -1.6968	 -1.9442
-132.2798	-153.6502	+115.2669	 +0.4842	 +1.0199	 -0.0038
+16.3968	 -1.5411	 -8.8300	 -1.1321	 +1.8283	 -0.5612
 +0.5769	-19.0825	-13.7321	 +2.6689	 +0.5788	 -4.5963
+12.2836	-12.8123	-17.4207	 +0.4604	 -0.2408	 +0.6932
 +8.0221	+65.4132	-64.4140	 -0.0285	 -0.7553	 +1.1128
 +6.9214	 +6.9800	-26.7714	 +0.1496	 -1.7468	 -2.0741
 +5.1338	 -0.5093	 -8.3126	 +2.8632	 -1.0316	 +2.6632
-22.6254	-23.1860	+22.4750	 -1.6830	 +0.0880	 +0.4453
+38.5685	 +2.7489	-24.4337	 -0.5167	 -0.9399	 -0.1800
 +7.8255	-18.4209	 +1.5860	 -2.7867	 -2.1781	 -0.8566
 -4.7858	-10.5516	 -0.9372	 +3.2369	 -1.5594	 -0.0630
 -3.6220	 -1.5044	 +9.3491	 -0.6556	 +1.0263	 -2.1166
 +5.4939	 -0.6310	 -6.4681	 +0.8508	 +0.0851	 -3.5984
 +5.5073	-13.2215	-15.5228	 +0.6441	 +0.2055	 -0.7715
+20.3774	+10.7920	 +0.6978	 -1.3674	 +0.6634	 +0.0005
+27.1320	-20.3017	+18.2296	 +0.6124	 -0.5841	 +1.5064
+40.7810	-30.8353	-19.9281	 +0.9879	 -0.1878	 -0.5302
-12.4791	-14.8350	+25.5843	 -0.6448	 -1.3826	 +1.6802
 +2.4555	 -7.5239	+12.4884	 +2.0662	 +3.0528	 -0.8754
-11.4536	-37.4024	 +2.8716	 -1.0549	 -0.8869	 -1.7091
 +6.3486	 -2.9880	-15.8282	 +0.9777	 -1.6409	 -3.5724
-11.6338	+13.5519	+22.1557	 +2.1261	 -0.0286	 -1.7562
 -1.8934	 +3.6937	-14.5285	 -1.6224	 +0.3186	 -0.1723
 +2.5506	 -2.6690	 +1.7371	 +0.5617	 -5.1215	 +2.1709
 -1.0177	 -1.1748	 +5.5171	 -0.4324	 +1.8032	 -1.6368
 -2.8429	+14.1540	+13.9625	 -0.9382	 +2.2079	 -0.9730
 -9.0191	+16.1702	-17.0259	 -0.0149	 -1.6170	 +1.8714
-11.3027	 +7.9399	 +0.4684	 -1.9731	 -2.9758	 -0.6719
 +3.8804	-11.2691	-17.0602	 +0.1960	 +0.3115	 -1.3327
-12.5777	 -1.2601	+10.5221	 -0.9789	 -1.0160	 +3.6638
+17.8819	 -6.9567	 +3.1013	 -2.2015	 +0.9561	 -0.5492
-12.9688	 +6.1502	 +1.5120	 -2.9742	 -0.4151	 -0.3057
-17.4275	 -7.3087	 +0.8980	 -0.9319	 -3.6632	 +2.0491
 -2.6133	+23.0297	 +2.1105	 -0.1193	 +0.2999	 -0.4471
-53.8168	+62.3172	+97.0430	 -6.0556	 +6.5827	+11.0573
-33.0461	-50.7385	 -8.2139	 -2.8134	 -3.7978	 +0.7433
 +2.5489	 -1.8364	 +5.3976	 +2.0521	 +1.3506	 -3.5481
+16.9375	 -4.7598	 +1.5797	 -1.4278	 +3.0711	 -1.7861
+13.0535	+14.4627	-31.8871	 -2.7012	 +0.5291	 +0.4240
 -2.9137	 +5.5807	 +4.2625	 +3.8598	 -2.3132	 +0.3012
 +0.2911	 -1.3930	 -1.8063	 +2.3815	 +2.0797	 +3.8161
 -6.7858	 -3.4291	+16.9522	 +0.7837	 +1.0069	 -2.5109
 -1.8484	 -1.6300	 +3.6717	 +3.5270	 -0.0162	 -1.7177
+15.9607	 +0.9828	 -8.5903	 -3.4633	 +0.4853	 -1.0422
 -1.1066	-16.8665	 -4.6098	 -0.8868	 -2.5926	 +1.5519
-11.0240	+10.6696	-11.5806	 +3.5630	 -1.2980	 -0.0038
 -1.9349	 +5.2335	 +4.3036	 +2.9008	 +1.9865	 +1.1119
 -0.1385	 -2.6581	 -7.4887	 +1.1584	 +1.7454	 -0.6600
+12.3495	 -2.8394	-13.1994	 -0.4057	 -1.8498	 +0.2550
+21.3433	 +5.5581	 +1.0825	 -1.1796	 -4.0721	 +0.6994
 -6.3460	 -0.1433	 +3.8319	 +1.3320	 +1.5433	 -1.3393
-16.6688	 -1.3282	 +2.8686	 +1.1300	 -0.9399	 -2.7559
 +5.3777	+14.1680	 +4.8523	 -3.0408	 -0.1936	 +3.2992
 +0.0371	-11.6058	 -3.4240	 -1.4530	 +2.4178	 +0.7521
+23.1537	+10.9353	 -6.9881	 +0.0507	 -1.8536	 +0.2713
 -6.4043	 +8.5791	-10.1937	 +0.2967	 -0.5905	 +1.6174
+17.4664	 +4.0384	 -9.3891	 -0.9331	 -0.6662	 +2.2817
 -1.1235	 +5.5004	-14.8162	 +1.3360	 +3.9745	 -0.2316
+21.1043	+16.3481	-12.9839	 -1.9304	 +1.4361	 +0.5773
 -2.7298	 -1.7698	 -0.4677	 +4.8210	 +0.3577	 -4.2192
 -4.0456	 -4.6360	 -5.9628	 -0.3713	 -2.8424	 +2.2249
 -0.7354	 +6.7207	-31.7558	 +1.3851	 +1.5268	 -2.9557
 +5.9759	 +1.4142	 -3.6883	 +3.6838	 +1.3058	 -3.1876
+31.9226	+12.7031	+63.1210	 +1.7673	 +1.8580	 +3.6331
-12.0152	-16.4508	-20.8473	 -0.7614	 +2.4990	 +0.6968
 -5.1788	 +8.2926	-10.3141	 +2.6029	 -0.1732	 +0.3839
 -1.2947	 -8.7951	-12.0741	 +1.7125	 -3.2142	 +0.5249
-15.2191	 +3.3024	 +4.7037	 -1.2416	 -2.0272	 -2.2717
 -7.2354	 +0.0827	 +0.8990	 +2.0648	 +2.5345	 -2.4406
-42.4015	 -5.1071	-14.2372	 +2.3148	 +0.7926	 +1.0038
 +1.7172	 +2.0120	 -4.1574	 +1.4397	 +5.4801	 -2.7891
 +5.6486	 -1.9537	+18.0144	 -1.1894	 +0.1301	 +0.6133
 -9.6985	 +6.1654	 -4.2071	 +0.0403	 +1.3111	 -2.6314
