# Iterations: 1 of 100
# Total Energy: -6.698e+05
#    Kinetic Energy: 6.692e+05
#    Potential Energy: -1.339e+06
# Current Time: 2018-05-09 11:37:26.689514
# Elapsed Time: 0:00:08.222051
# 
# Med. Times for Sections
#    Force Computation:		1.560100
#        [1.560100]
#    Gather Particles:		0.000199
#        [0.000199]
#    Overall:		3.442096
#        [3.442096]
#    Scatter Particles:		0.000996
#        [0.000996]
#    Time Integration:		0.000092
#        [0.000092]
#    Tree Broadcast:		0.898731
#        [0.898731]
#    Tree Construction:		0.981915
#        [0.981915]
# 
# x	y	z	vx	vy	vz
# 
 -6.7828	 -4.4648	 -2.5908	 +0.0483	 +0.1734	 -0.3940
 +2.2672	-20.5022	-12.5522	 +1.2120	 +1.6879	 +1.5643
 -0.6833	 -2.9324	 +6.2280	 -1.9387	 -3.2151	 +3.2391
-22.4214	+26.0199	 -1.6154	 -2.3801	 -0.6709	 +1.1734
 -5.8774	-17.1439	 -6.5126	 +2.0545	 -2.7505	 +1.0212
 -5.0924	 +0.3375	-15.9190	 +2.6425	 +0.6652	 -1.3350
+14.6949	-14.5856	 -7.9684	 -1.0437	 -1.1818	 -1.1186
+12.1269	 +7.5206	 -5.9577	 -0.9223	 +0.5371	 -0.4813
-27.8649	-36.2428	-11.1688	 +1.8667	 +1.6073	 -0.1283
-11.5680	+22.2402	 +1.5978	 -3.3468	 +0.0830	 +0.6335
-25.1348	+10.3454	+17.5930	 +2.0221	 +1.0448	 -0.1993
 -3.3829	 -4.9601	 +0.7903	 -2.3334	 +1.5699	 -1.0873
 +4.9008	 -2.9682	 -2.6846	 -1.6501	 +2.6024	 -5.3278
+26.4316	+11.5366	-26.4149	 -1.1545	 +1.0127	 -1.2437
 -3.4081	 -3.0544	 -0.9972	 +3.5029	 -2.5246	 -1.3654
+11.5552	 +4.0563	 -0.0398	 +2.6342	 -1.5970	 -1.9168
 -7.8035	 +0.1886	 -9.0788	 -1.7575	 -4.4588	 +2.0868
 -4.1670	 -0.6484	-17.4537	 -1.6290	 +0.6057	 -2.2705
 +9.5202	 -6.5734	 +7.7264	 +0.6030	 -1.5237	 -0.3008
+105.8790	-28.1326	+78.4021	 -1.3550	 -0.8411	 +0.2117
 -7.8897	 -5.7563	 -2.1552	 +1.8326	 +1.3939	 -3.3839
 -4.1198	 +2.4736	 -8.0715	 +0.2317	 -4.3028	 -0.2583
 +6.0627	 -0.4441	-10.6724	 -1.2597	 +2.7637	 +1.4663
 -2.2021	 -5.1677	 -0.6152	 -2.7560	 -0.0983	 +5.0674
 +6.4398	 +6.9121	 -8.4305	 +1.7627	 +1.1889	 -0.5558
-33.8167	+18.9054	 +0.9273	 -2.2568	 +2.4221	 -1.3006
 -2.3635	 +2.0482	 -2.0044	 -1.8796	 -5.1806	 -3.2026
+11.7311	 -7.2691	 +2.3851	 -3.5118	 -0.5338	 +2.3707
 +8.3447	+14.1220	 +7.8838	 +3.2445	 -1.8294	 -2.0163
-19.9546	-19.9652	 -5.0983	 +3.1259	 +1.9044	 +0.5189
 -7.4014	 -2.3083	 -1.4421	 +4.0878	 -3.4123	 -4.7287
-55.7825	 +7.1306	 -1.3891	 -0.9485	 +2.0156	 +1.8289
 +0.8959	 -5.4964	-14.0320	 -4.2914	 -0.7130	 +1.4526
 +0.0003	-15.9018	 +5.7881	 -0.8122	 +1.4829	 -1.1223
-10.1433	 -2.8136	+21.3674	 +0.1738	 -0.6698	 +1.3052
 +4.2621	 +1.5384	 -0.5270	 +0.3708	 +0.8747	 +0.4970
 +3.2093	 -1.2987	 -3.6074	 +0.1764	 -5.3869	 +1.5004
 -5.3723	 +1.3311	 +4.3147	 +3.9363	 -3.2440	 +2.7789
 -2.2834	+32.1611	-11.8406	 -0.7563	 -1.4368	 +0.5946
 +3.3991	 -3.1553	 +1.1986	 +1.3853	 +4.2414	 +2.8668
+12.0884	 -9.6904	 +9.7744	 +2.4022	 -3.8006	 +0.7646
 -4.6257	+11.2379	-12.6110	 -0.4422	 -0.7647	 +1.0682
 -4.5541	 -3.7442	 -9.9598	 -2.2812	 +3.7349	 -0.7792
 -3.6242	 +4.0106	 -0.9803	 -4.1773	 -0.1758	 -1.0047
 -6.9387	+22.4855	-21.3141	 +2.3359	 +0.1255	 +0.6309
 +2.8111	 +0.2093	 -5.4251	 -0.6283	 -1.3628	 +4.8703
 -3.3306	 -0.2628	-10.8932	 +2.4099	 +4.7169	 -1.6001
+34.8426	 -4.9031	 +2.4975	 +0.2055	 -1.2935	 -1.5755
 -3.8680	 +4.2167	 +0.5248	 +2.2383	 +2.7493	 -0.2439
 -6.8692	 -1.2847	 -4.4892	 +1.9605	 +4.5879	 -0.2562
-34.4151	-57.1607	-38.7494	 +1.1121	 +0.2371	 +1.5741
 -1.0545	 -4.0925	 +1.2859	 -2.0736	 -3.4387	 -3.6593
+16.5070	-10.4473	 +5.4864	 -0.0711	 +2.5313	 +4.0232
 +2.3526	+13.2714	 +4.2073	 +2.3211	 -3.6649	 +2.3814
 +5.0245	 -5.1611	+52.5139	 +0.4819	 +2.2114	 +1.9354
-27.0853	 -6.9750	 -4.2894	 -2.0781	 +0.2876	 -0.1914
+32.4033	 -5.3860	 +4.8667	 -1.1699	 +0.9422	 -1.0166
 -4.8159	 +6.5196	 +5.8468	 -1.6060	 -0.6980	 -2.6870
 -2.3551	 -6.7653	 -3.6391	 +3.6143	 +1.5017	 +3.9591
 +2.8721	-22.0718	 +8.4039	 -3.6366	 +0.9959	 +0.2063
-13.8417	 +0.8874	 +9.4480	 -4.4042	 +1.0200	 -1.2902
 -8.2131	 +2.8462	-20.3505	 -0.4596	 +4.0425	 -1.8444
 -2.9220	 -9.6766	 -2.2355	 +2.6341	 +1.5044	 -1.6740
 -5.8752	 -4.7295	 -8.9901	 +0.1731	 -3.3500	 +3.0928
 -2.1382	 -4.0660	 -6.6112	 -1.5958	 -1.0384	 +3.8555
 -6.7639	 -3.4931	 -9.9282	 -2.4774	 -3.1143	 -2.1524
 +5.0544	 -2.0072	+22.3900	 +0.6074	 +0.9928	 -0.0280
-13.7173	-11.9819	+27.3397	 -2.4702	 -2.0476	 +0.5702
 -3.4211	 -7.5656	-20.4499	 +0.5427	 -0.9582	 +0.7756
 -3.9651	+11.1818	 -5.4860	 -0.4093	 -1.6690	 +4.0413
 -1.4514	 -4.5009	 -1.6528	 -1.8374	 -2.1430	 -1.9294
-13.4192	-12.1211	 -6.2625	 +1.6707	 +0.2474	 +1.0577
-11.9390	 +6.4243	 -2.2094	 +0.4742	 +0.4816	 -1.9989
-16.3037	+15.2787	-93.5752	 +1.9165	 +0.0101	 -1.4585
+26.5528	-28.4999	-14.2560	 -0.1069	 +1.5216	 +0.5520
-10.3458	+10.9404	-11.2534	 -2.7142	 -3.5934	 +0.8195
 -5.1978	 +2.3538	 -8.2718	 +1.0139	 +2.1208	 -2.4056
 -1.4928	 -8.3918	+13.2881	 -2.9628	 -2.4543	 -0.8296
 -4.6174	+10.0493	 -4.3158	 +2.9864	 +0.3404	 +3.0644
+20.2594	-15.2895	 -5.6725	 +2.7819	 +1.4370	 -0.0826
 -0.8795	 +0.6555	 -2.5819	 -0.7977	 +1.3642	 +3.0313
 +9.4829	 +9.3143	 -8.0771	 +0.4690	 +2.7823	 -1.2661
 -2.6154	 -0.4848	 -5.6364	 +1.8381	 -0.4656	 +4.3159
-10.7074	+24.5854	+13.9720	 -1.0356	 +0.0115	 +3.6878
+12.4280	 +3.8929	 +0.2756	 +3.4604	 +2.7135	 +3.0403
 +3.9792	+13.3260	 +8.8179	 -2.7168	 -1.4789	 +0.9181
-16.3700	 -4.9204	 +2.4029	 -1.6313	 +0.5334	 -2.8628
 -0.8379	+15.7297	 +9.0955	 -0.8218	 +3.2202	 +1.0398
 -5.5968	-27.3478	 +9.9310	 +2.0071	 -1.3372	 -1.3443
 +5.5322	 -8.8163	 +2.3752	 -0.7585	 -1.4683	 -0.5554
-11.1234	 -0.6374	 -3.6664	 -1.5894	 +2.1348	 +3.2358
 -3.8081	 -0.6823	 +0.6379	 +1.5115	 +1.2254	 +1.1507
-13.5726	-25.9996	-47.8856	 -0.7573	 -0.9074	 -0.5197
 +6.3159	 +2.5772	 -8.8569	 -3.3825	 -0.1991	 +4.0029
 +5.0589	+13.2694	 +0.2311	 +0.8474	 -0.8364	 -1.1747
 +6.4610	 -8.4079	 +4.1156	 +2.3007	 +0.8348	 -3.8671
 -7.4593	+32.9326	-20.0653	 -0.5060	 +0.0776	 +2.1865
 +2.1985	 -2.4525	+16.9933	 -1.8407	 -0.4888	 +1.9278
 -9.7721	+14.9388	 +1.9026	 -0.7761	 -1.0781	 -1.2035
-13.6700	-12.0183	-22.1843	 +2.9950	 +1.5509	 -0.8498
 +6.8688	 -0.4504	 -2.9166	 -1.4858	 -5.9502	 -0.8986
-13.4752	 -1.6423	-10.7612	 +0.1499	 -0.2175	 -0.8518
 -3.0573	 +0.3463	 +4.7070	 -0.8479	 -1.7863	 -1.6372
 -3.5628	 -7.5525	 -8.7569	 +1.1463	 +2.8194	 -3.2880
 +0.0700	 +3.1582	 -4.8054	 -0.8732	 -1.3626	 -1.3572
 -8.7908	 -1.2130	 +3.1275	 +3.0329	 +3.2708	 +3.4473
-17.1603	-17.7140	+21.9635	 +3.0268	 -0.4962	 -0.6945
 -7.1475	-14.2270	 -0.5462	 -0.6614	 +0.8445	 -0.2306
+25.6205	 +9.7443	+18.1419	 +1.2515	 +1.9032	 -0.1828
 +1.0285	 +1.4383	 -7.2450	 +2.9396	 -0.0623	 -4.5954
 -5.6387	 +0.1160	 -2.5120	 +1.8086	 +6.0976	 -2.1696
+474.8088	+387.4890	-227.5410	 -0.2778	 +0.6745	 +0.3143
-138.8766	+98.5831	+199.6887	 -0.1134	 +1.1391	 +0.4451
 +7.3789	 -2.3704	 +9.7319	 +4.7439	 -1.4266	 +1.1574
 +6.9650	 +2.1388	+20.0664	 -1.6303	 -1.1155	 +0.7620
 +0.5986	 +9.0783	 +8.3998	 +0.0600	 +3.0857	 -1.8870
 +2.7367	 +5.5736	 +1.6929	 +4.3165	 -2.0083	 -2.3809
-74.2392	-16.0472	 -9.9795	 +1.2910	 +0.1697	 -0.7544
 -2.6659	 -0.2432	 +0.9839	 -3.6374	 +1.6309	 -1.5038
+45.3926	-21.7904	-44.0200	 +0.5829	 -0.7408	 +0.1977
-15.2360	 +8.5879	 -6.2488	 -0.1278	 -0.6845	 -2.3885
 +0.4509	 -1.9639	 -0.5173	 -1.8193	 +3.9948	 -1.4833
 +1.4549	 -2.2394	 +1.0664	 +5.0572	 +1.7805	 -1.3923
 +2.0398	 -8.1343	 -1.5518	 -4.7833	 -2.2282	 +0.5784
 -4.3399	 +1.4901	 -1.9749	 +1.1374	 -3.0718	 +1.9347
 +1.5573	 -5.5985	 +2.2001	 -1.4842	 +2.5607	 +1.5933
-17.0126	 +1.0776	 -2.1541	 +0.5856	 +0.1206	 -3.1420
 -7.5224	 -4.0626	 +2.5804	 -2.4204	 -0.4348	 +0.9615
 -6.8061	 -0.2790	 -8.5053	 -2.9790	 +1.8178	 +0.5996
+12.9480	-12.7585	 +0.9157	 -1.4237	 -0.5388	 -2.5134
+13.8909	+32.9216	-162.2063	 +0.0708	 -1.1569	 -1.3238
 +6.2534	 -3.1935	 +6.6547	 +3.4861	 +2.0763	 +0.0166
 +6.7463	 -5.5298	 -8.5532	 -1.0799	 +2.9568	 -1.6580
 -3.6080	 -7.5498	 +2.3789	 -4.5012	 -0.6232	 +0.5355
 -2.3589	 +2.9835	 -1.2901	 -0.3669	 -2.7034	 -1.4364
-17.3408	+25.2705	-36.0255	 -0.5756	 -1.0547	 +0.6070
 -5.5073	-11.2778	 -7.1490	 +4.8607	 +0.5070	 -1.6672
+19.9044	-14.2301	+14.9471	 -0.7514	 -2.8369	 +1.3285
 +1.9959	 -1.1925	 +5.5797	 +2.3090	 -3.8910	 -0.4383
+13.6987	 -9.3326	-12.9653	 -1.4391	 -0.1537	 +1.3354
 +0.2610	 -4.6046	+10.0927	 +1.3984	 +0.7047	 +2.1023
+11.4194	 -7.9309	 +4.8468	 -2.7106	 -1.5230	 +2.8150
 +0.0893	 -2.7062	 -2.6501	 +1.2516	 +1.3555	 +1.3312
-32.8628	 +3.7646	-37.1641	 +1.8991	 +2.2219	 -0.1779
+57.7918	 +6.7441	+20.8895	 +0.6504	 -1.9072	 -0.1734
 +1.5136	 +5.2282	 +0.0338	 +0.2647	 +1.4856	 -4.0928
-27.7469	-71.4675	+45.3285	 -1.2976	 +0.9389	 +0.9982
 +4.2786	 +7.6565	 -8.1753	 -0.6154	 +3.5975	 +0.2112
+19.5460	 +7.9709	 -2.2175	 +0.7909	 -0.9750	 -3.3371
 -6.2993	 -4.5575	 -1.0487	 +4.2230	 +2.4664	 -2.3377
 +1.2223	 -5.9736	+11.2337	 +1.4025	 +2.8199	 -0.6248
 -3.1262	 -5.9308	 +1.0668	 +6.1704	 +0.1864	 -1.5709
 +5.2756	 -3.7359	 -1.1822	 -4.7525	 +1.6973	 -0.6214
 -7.7988	+12.7019	 -6.4033	 +0.3321	 -0.2254	 -0.9250
 +5.9492	 -0.7124	 -7.4419	 +1.7397	 -3.8501	 -1.8756
 -8.8842	 -3.1875	-17.7850	 -1.3974	 +1.6674	 +0.7709
 +0.4396	 +8.2247	-13.3029	 +3.2852	 +0.0042	 -3.2227
 +9.2061	 +2.3253	+28.3475	 -2.7387	 +1.1757	 +1.0931
 -7.2265	 +3.8373	 -8.5693	 +1.2374	 -1.6660	 +3.5048
 -6.5967	 +3.3033	 -0.3597	 -0.1814	 +0.2258	 -1.0691
 +2.6865	 -0.2645	 -5.4498	 -3.2712	 +3.6396	 +1.8325
-20.4154	 +2.4520	+10.2502	 +3.4174	 -2.3548	 -1.1230
 +7.1997	 +1.2804	 -2.3668	 -2.6636	 +1.4853	 +0.0803
+14.9964	 +7.8026	 +4.8699	 -0.3596	 +1.7055	 +0.0365
 -8.6573	 -4.1465	 -6.9663	 +1.4218	 -1.3137	 +3.7375
 +3.9907	 -2.2544	 +3.8531	 -4.5132	 -1.4044	 +3.0448
 -4.1141	 -2.7544	 +2.9909	 +0.9701	 +0.7638	 -2.6325
-16.2328	 -1.1022	-17.1850	 -0.1027	 -2.8876	 +2.1910
 -0.6335	 -1.6162	 -4.5039	 -3.4558	 +0.5346	 -0.7604
 +1.9795	 -3.4003	-14.2606	 +2.9729	 -1.7062	 -0.2555
-15.8243	 +2.4827	-14.3074	 -0.2581	 -1.0768	 -2.5486
 +1.9230	 +1.1371	 -3.9069	 +1.1589	 -0.0669	 +1.7073
 -3.5953	 +1.6314	 -6.8737	 -0.8858	 -0.1936	 -5.8433
+29.7682	-13.1987	+25.4716	 -0.4828	 -0.4544	 -0.4006
 -5.2933	 -1.7194	 +3.9303	 -1.1467	 +2.2448	 -0.5424
+54.9321	+26.0347	-26.0939	 -1.8567	 +1.0012	 -0.1865
-13.5670	-13.8425	 +3.3354	 -3.3021	 +1.2768	 -2.1925
 -7.6546	-24.7541	-10.6864	 +1.5101	 +0.9448	 +1.3367
 -1.1264	 -5.9806	 -3.5353	 +1.7315	 -2.7187	 +1.4515
 -2.1634	 -2.8961	 +2.0927	 -0.3059	 -4.8566	 +0.6097
 -0.1732	 +3.6649	 -2.3378	 -4.0268	 +1.8632	 -2.2505
 +4.1627	 +2.1850	 -9.2477	 -1.2268	 +4.0294	 +0.5450
 +6.4293	 +4.2941	 +5.6716	 +0.9677	 -0.0555	 -0.3889
+15.1617	+18.6895	-21.0836	 -0.5047	 +1.4129	 -1.5724
 +7.9059	 -1.3264	 +4.6018	 +2.8155	 +2.8089	 -4.0827
 +2.2883	 -1.6274	 +2.1283	 +1.4653	 -2.2824	 -2.1404
 +1.2930	 +4.1163	-11.3166	 +0.2061	 +1.5601	 +1.0244
 +1.1576	 -2.0552	 -5.1128	 +1.2022	 +1.4918	 -1.9764
 -7.4629	 -7.8518	 +0.3873	 -4.3555	 -1.8595	 -2.0942
 -5.4270	 +4.1403	-11.1686	 +1.0926	 +1.4306	 -1.3875
 -3.6134	 -9.2280	 +4.5015	 -1.7206	 -4.8934	 +2.4655
 -0.1491	 -1.4182	 -8.4218	 +2.5338	 -0.3415	 -0.9685
 +0.3431	+25.4009	-29.6099	 -1.5743	 -0.5452	 -2.1418
 +2.3164	 -5.2511	 +4.5856	 +0.2591	 +1.7484	 +4.2206
 -1.0853	+10.1901	 -0.9693	 +2.0788	 -0.3393	 +1.4942
 +6.2805	 +2.1923	 +0.4500	 +0.0056	 +1.9158	 -0.2626
 +9.4104	 +3.4861	 +5.2803	 -2.1932	 +3.6604	 +0.7981
+32.2757	-101.3388	-36.9195	 -1.3213	 +0.1745	 +0.9587
 -7.4722	 +8.1694	 -2.7571	 -0.4540	 +3.5521	 +2.4795
-10.2299	 -7.3093	-11.4584	 +1.9600	 +3.1121	 -0.2140
 -7.6109	-22.5108	-22.3291	 -1.5984	 -1.0140	 +2.4539
+26.9283	 +4.0166	 +6.8069	 -0.7456	 +1.4276	 -1.6046
 -2.0700	 +6.5560	 -3.6924	 -1.5704	 -0.2562	 +3.0422
 -3.2291	 +1.0459	 -0.5779	 -4.7571	 +4.5733	 +0.9791
-19.1526	 -4.6974	 +0.6781	 +0.8514	 -1.1293	 +1.6060
 -2.0933	 -0.0185	 +0.7302	 +3.0573	 -3.7385	 +0.4481
 -6.6081	 -2.5667	 +3.4160	 -0.9004	 +0.0029	 -0.1795
-12.9832	+20.9394	 -8.6205	 -3.1704	 -0.6045	 +2.8861
 +6.2857	+48.9908	-36.4680	 -2.0306	 +0.9529	 +1.0693
 -7.2252	 +0.5649	 -4.7078	 +4.8040	 +1.5477	 +1.3499
+10.8591	 +6.5459	 -5.2280	 +2.0371	 -1.9974	 -0.7465
 +0.1553	-10.3866	 +3.6340	 -2.3494	 -1.5528	 -1.2992
 +4.9429	 +1.5042	 -5.5167	 -1.4089	 +3.4944	 -1.9904
 +9.2267	 +0.9689	 -2.3969	 -4.7191	 -0.2854	 -3.0482
+20.5417	-11.2969	-17.7609	 -0.2848	 -0.2536	 -1.4882
+119.3016	 +4.9568	-43.9624	 +0.3362	 +0.1500	 +0.6795
+17.8405	+14.3075	 -4.5739	 +0.7924	 -1.1760	 -3.9821
 +3.0242	 -7.8868	 +2.7447	 +2.2370	 -0.2425	 -0.4968
 +7.3412	 +1.7765	 +2.2136	 -2.4253	 -1.9570	 +1.8549
 +5.2855	 -8.3091	 -0.0334	 -0.8132	 +0.0900	 -1.4774
+33.7102	-32.8121	 -5.7974	 -0.7283	 -0.0129	 -0.5831
 +0.5889	 +1.5345	 -2.6381	 +3.1909	 +4.9643	 +1.3514
-13.6937	 -9.4664	 -1.3681	 -1.7784	 +0.2531	 -2.4103
 +2.1832	 -3.3626	 +1.1538	 +2.5003	 +1.9483	 -4.0714
 +1.1064	 -4.8524	-10.2691	 +1.5245	 -0.4156	 -3.0544
 -3.8662	 +0.2853	 +2.0798	 +2.6930	 -1.2088	 +0.0398
 -4.3653	 -0.8261	 -7.1781	 +3.2960	 +1.8415	 +1.5418
 +1.7637	 +1.9313	 +3.6270	 -0.3551	 -4.3686	 -3.0444
 +7.0578	 +7.3092	 +2.1920	 +0.4950	 -1.2666	 -1.3821
-11.5746	 +6.6771	 +4.2496	 -0.7753	 -0.4860	 -1.0022
 -6.1854	 +4.3140	 -4.8501	 -0.5442	 -0.3711	 -1.3349
 +2.3157	 +8.6426	 -2.0460	 +1.1665	 +1.7871	 -1.1035
+10.5967	 +5.2409	-11.7567	 +1.2047	 +0.6796	 +1.7724
 -3.8621	 -7.3827	 -4.6389	 +0.3258	 +2.4701	 +2.3038
 -4.1079	 -7.6661	 -9.4105	 -1.1065	 -2.2638	 +3.6579
 -5.9740	 -4.0233	 +8.2239	 +0.4564	 +3.0580	 -1.0213
 +2.3352	 -8.4604	 +1.0784	 +0.7400	 -4.3166	 -1.9121
 -2.1945	 -6.3662	+17.1401	 +1.9187	 -3.4656	 +1.2969
 +4.9939	 +2.2915	 -5.7320	 +2.1836	 +3.2975	 +1.4032
 -2.4802	 -2.3316	 +0.8162	 +2.3209	 -0.2028	 -1.3711
-47.3855	 +8.8228	 -0.5490	 -2.1852	 -1.4948	 +0.4311
 +3.6979	 +4.2650	 +3.3337	 +0.2136	 -0.9823	 +2.5389
 -0.3336	 -3.2370	 +2.9410	 +2.2117	 +6.1397	 -0.4268
 +9.3494	 -6.2477	 -3.9851	 +3.5222	 -2.3886	 +0.2293
 -6.1567	 -5.2217	 -3.1111	 -1.3949	 -3.2276	 +1.9220
-16.3934	 +6.5115	 +1.3245	 -0.2621	 +1.7954	 +1.1807
-32.0840	-10.1089	+42.2459	 +0.1720	 +1.0847	 -0.3867
 +4.0430	 +0.4449	 -0.2569	 -5.0614	 -0.1152	 +4.1513
 +0.2716	-10.1800	 +7.3116	 -2.2230	 +0.4969	 -1.6768
-40.6243	-31.7743	-25.0291	 +1.5141	 +0.2917	 +1.4476
-20.6029	+19.0882	 +4.2517	 +1.5277	 +2.5042	 +0.8537
-13.8896	 +4.9887	-11.5179	 +0.7208	 -4.1581	 +1.0329
 +8.1621	 -4.6918	 +2.3372	 +1.9780	 -1.7796	 -0.1931
 -4.4749	 -1.0792	 -5.3540	 +4.2273	 -4.3672	 +0.0534
+1870.9079	-30.4407	+790.1618	 +0.2213	 -0.2337	 +0.0662
 -6.2012	 +3.5738	 +7.1020	 -0.0617	 +0.5794	 -1.2407
 -5.7634	 -6.4819	 -2.0296	 +5.2087	 +0.0125	 -1.2041
 -0.1462	 +1.7749	 +1.1542	 -1.2301	 +1.2882	 +6.1554
+26.4989	-16.2876	-15.3736	 -0.8563	 -0.1164	 +1.3856
 -6.4734	 -6.9746	 +0.0559	 +1.6227	 +2.9399	 +2.5549
-54.3810	-46.3919	-68.9172	 -0.9282	 -1.3565	 -0.3358
 +4.6643	-14.1771	-24.2373	 -0.0010	 +3.4602	 +0.7958
+21.9503	 +2.8931	+23.5971	 -1.9637	 +2.1335	 -1.3562
+18.9526	-27.9211	 +9.5641	 +1.2259	 +0.3169	 +0.4900
 -9.5354	 -1.8921	 -6.7075	 +0.2364	 +0.1231	 -0.2136
+12.1528	+28.3077	-10.0566	 +1.6553	 -2.1775	 +0.3675
 -9.2468	+20.7505	 +3.4731	 -0.2217	 +0.6773	 -0.0450
 +3.3288	 -4.8544	 +0.5177	 +2.4142	 -2.9689	 -0.6756
 -0.8090	 +9.6263	 +6.5980	 +0.9432	 +1.4001	 +0.1815
 -0.5140	 +4.5578	 -4.5777	 +0.0474	 -3.5563	 -5.5375
 -4.5524	 -2.5783	+13.3796	 +0.5951	 -1.2087	 +0.8548
 -0.1658	 -4.2530	 -6.4134	 +3.2316	 +1.1157	 -1.9870
 +4.8570	 -1.4857	 -9.1475	 +2.4205	 +1.2526	 +2.8916
 -0.5497	 -2.5750	 +6.2440	 +3.4704	 -3.6576	 +0.6116
 -5.9892	 -2.0664	 -2.6351	 +3.2774	 +1.7366	 +1.3995
+22.7117	+14.8428	-25.2428	 -2.5072	 +0.2016	 +0.8023
 -2.6805	 +3.4240	 -4.1118	 +2.7538	 +3.4295	 +3.0287
 -0.8871	 +1.3158	 -3.2873	 -3.1726	 -1.2962	 +1.9079
 -0.9191	+12.7606	+14.8669	 +0.1545	 +2.7224	 -3.4101
 +3.9076	 -5.3298	 -6.7155	 -2.0623	 +2.1766	 +0.6088
-11.8275	 -2.3543	 -1.3471	 +1.0470	 +0.2552	 +1.3170
 -9.8340	 +7.1911	 -5.2340	 +1.1352	 -0.3459	 +1.9393
-12.0560	 +3.1747	 -4.2472	 -2.7939	 -2.3858	 +0.8900
+11.0711	-11.4651	 +0.8471	 +0.5348	 -0.6061	 -0.5507
 -2.1262	 +8.1919	 +6.6336	 +1.5718	 -0.8471	 -1.9145
 -6.9493	 -2.4415	 +1.3384	 +1.9184	 +2.4078	 -0.5600
-12.8163	 +7.9837	-17.5092	 -3.2752	 +0.6295	 +1.3089
-21.5392	 -3.8695	 +8.2541	 -2.8037	 -1.0887	 -2.3373
 -8.6369	 +4.0433	+11.8451	 +0.0139	 +1.2322	 +0.0131
-135.1347	-40.9799	+70.7583	 +0.6324	 -0.9606	 +0.7107
 -1.6147	 +0.1865	 +1.4551	 -1.1671	 -1.2742	 -0.9147
 +3.6197	 -7.0961	 +0.3764	 -3.7658	 -1.1771	 -1.5890
-11.2693	 -1.3237	 +4.8895	 +3.1389	 -2.9488	 +1.2184
 -7.4330	 +1.7976	 +3.8495	 +0.4415	 +2.7391	 -4.7707
-10.3497	 +9.7806	-15.0253	 -2.2907	 +1.4040	 -0.3055
 +7.5868	 -3.8162	 +2.1158	 -0.0398	 +4.6548	 +1.3308
 -5.8433	 -1.5509	-12.0962	 +0.0585	 -2.6999	 -2.4171
-114.2323	-103.9377	+101.7074	 +0.3664	 -0.2854	 -0.0923
-21.0385	+30.2104	+26.5232	 +1.9129	 +1.6664	 -1.2265
-17.8631	-27.1912	 +4.1058	 -1.8331	 -0.0369	 +2.4694
-30.8877	+10.1496	-20.0568	 +1.1915	 -0.2402	 -2.8471
-10.1584	-23.8795	 -6.4373	 -2.3534	 -0.4881	 -0.7917
 +0.0044	 -0.1505	 -1.3825	 +2.3616	 -1.7211	 -3.0323
 -3.6310	 +0.3779	 -1.2651	 -0.9310	 -1.4924	 +3.1803
-10.4431	 +2.5780	 -1.8227	 +2.8674	 +2.1416	 -1.9511
 +6.0425	 -7.9470	 +8.4059	 -0.3725	 +0.1129	 -1.9704
-23.5642	 -6.4477	 +3.5959	 -0.7330	 +0.5064	 -1.2171
-17.6974	 -6.7486	 +9.7980	 +0.5875	 -3.3508	 -0.4238
+23.1601	-98.7128	+22.2814	 -0.9468	 +1.1671	 -1.1662
 -7.5520	 +1.2963	 -4.4090	 -3.5860	 +2.4523	 +3.9165
 -1.2071	 -2.5550	 -7.3111	 +1.4860	 +0.0402	 -0.4708
 -4.1307	 -3.6775	 -1.5208	 +2.5721	 +0.3902	 -1.9187
 -2.8146	 +3.2300	-13.1226	 +0.5371	 -2.7165	 +1.1453
 -2.1732	 +3.7779	 -9.9569	 -2.7129	 +3.1482	 -0.5872
 -9.6350	+13.9154	+18.1177	 -0.0194	 -2.3467	 +0.5143
 +8.3573	 -1.9424	+21.8732	 -0.4637	 -0.6056	 -0.9986
 -4.8768	 +8.2529	+11.1248	 +2.6834	 +1.7819	 -4.4158
 -1.2197	 +4.1447	 -2.8004	 -2.7730	 -1.5266	 -0.1242
 +8.6592	 -3.4161	 +0.1077	 +3.1084	 -2.7399	 +2.1457
 -4.6089	 -1.6689	 +4.2928	 -0.7793	 -4.2328	 -2.3105
 +2.5248	 -0.0721	 -5.8210	 -0.1641	 +0.7782	 +0.4241
-13.2647	-23.0274	 -6.7917	 -0.8388	 +3.7604	 +1.2583
 -0.9713	 -4.9438	 +3.3992	 -1.1966	 +0.6640	 -6.4055
 -4.8537	 +2.3613	-14.9499	 +0.1996	 -0.7371	 +0.9474
 +0.3618	 -5.3775	 -2.7501	 +2.1716	 +2.0735	 -2.1840
 -4.2835	 +8.8148	 +2.5524	 +0.9348	 +2.4114	 +0.7061
-156.7002	-52.0306	+202.0637	 +0.5179	 -0.6834	 +0.2407
 +2.7588	 -3.6718	 +0.9936	 -0.0913	 -0.8144	 +0.5569
 +4.5910	 -6.9286	 -7.7040	 +2.5773	 -1.7806	 +0.5788
+12.2817	 +2.7695	 -5.1772	 -0.3048	 +0.7766	 +2.1905
 +1.8195	 +2.7766	-10.9585	 +0.8925	 +4.8138	 -0.8315
 -2.5173	 +1.3879	 +7.9669	 +0.1813	 +0.1829	 -1.9489
+32.6064	+37.5558	 +0.1156	 -0.7268	 +1.8909	 -1.9287
 -6.8870	 +4.1174	 +9.0354	 +1.7089	 +1.0864	 -2.3503
 +1.4966	 -7.6706	 +8.5202	 +3.7295	 +0.0771	 -0.8866
-13.1594	 +3.0116	-20.8556	 +2.7271	 +0.7110	 +0.0734
 +1.3385	 +9.9501	 -8.9469	 +0.5699	 -0.6943	 -1.5024
 -4.1484	 +3.4274	 +3.8839	 -2.7298	 -0.9979	 -0.3792
 +2.5519	 +9.3956	 +4.1366	 -2.8246	 +0.2082	 +0.0582
 -0.4032	 +1.1628	 -5.4037	 +0.6243	 +0.6149	 -1.4600
 -9.2383	 -5.3830	 -9.5162	 +1.0676	 -1.6346	 -0.5002
 -3.5123	 -6.5133	 +9.7784	 -0.2005	 -0.5280	 +0.2399
+11.6957	 -2.0850	 -0.3469	 -1.3856	 -0.4802	 +2.8800
 -3.6709	 +0.7566	 -1.6149	 -3.0692	 +2.2281	 +0.2906
 -4.1245	 -3.1509	 -6.3327	 +1.4420	 -1.7311	 +1.9436
 +6.3587	 -0.4857	-10.5477	 +0.2921	 +1.2739	 -0.5687
 +0.5420	 +1.4396	 -5.1895	 -0.0115	 +0.5027	 -2.1255
-16.7178	-15.4766	+13.4242	 +1.2151	 +1.2002	 +3.9148
 +1.2371	 -0.1240	 +1.8864	 +0.1747	 +0.7779	 -0.5605
+12.9665	 -6.6917	 -5.0808	 -0.4528	 -2.4753	 +0.9395
 -6.3064	-10.1886	 -7.2544	 -2.2367	 +0.1768	 +1.8388
-16.6001	 +0.8108	 +8.9397	 +2.4120	 +1.0483	 -1.6791
 -1.8447	 -7.1643	 -2.3539	 +4.0295	 -1.8601	 +2.1723
 +5.3296	 -3.3722	 -9.3932	 +3.7952	 -3.2224	 +1.9609
 -6.0751	 +4.4287	 -1.2493	 +0.0173	 +3.4192	 -2.0025
-15.0942	+27.3417	-42.5541	 +0.5382	 +0.3874	 -1.3154
 +8.6114	-12.5975	-51.1863	 -0.0656	 +0.9733	 +0.3533
 +0.1953	 -3.0363	 -5.7637	 +4.0962	 -0.6646	 +0.4319
-15.3264	 +2.2404	 -7.4755	 -2.4723	 -2.5795	 -2.1344
 +0.4624	 -0.5105	 +1.6901	 -2.5776	 +2.3192	 +1.7210
-12.9746	-15.8941	 -6.0827	 +0.8521	 +2.9717	 +0.0773
-19.8257	-72.0102	 -2.7561	 +1.2480	 +0.7248	 -0.6947
 +0.5602	 +2.4116	 +7.3068	 -1.5216	 -3.0272	 +2.3471
 +1.0093	 +6.8265	 -6.5412	 +3.2497	 -2.5906	 +1.9189
+19.2741	 -7.1749	 -1.7210	 -1.0357	 +1.3289	 -4.3005
 -8.5156	+10.1338	-14.8558	 +3.3697	 +0.1313	 +2.7445
 -6.2998	 +4.1056	-19.2584	 +1.7577	 -0.9594	 -0.2190
-12.4253	 -1.4906	 -8.9525	 +1.4859	 +1.5965	 -0.9471
 -2.9699	 +0.8749	 -1.6763	 -4.5833	 +4.4773	 +0.7627
 +0.1475	 -3.2041	 -4.1735	 +4.1753	 +4.2874	 +1.2380
 -1.6515	 +1.5744	 -3.4811	 -4.7586	 -0.6328	 +1.8972
 -6.8793	-22.3635	-15.5152	 -0.7214	 -0.3902	 +2.2576
 -5.2565	 +2.1976	 +0.1376	 +2.4192	 +2.1566	 +2.2623
 +4.4029	+16.8897	 +7.9371	 +0.3053	 -2.4445	 -0.9645
-58.6922	 -5.2912	 -9.8133	 +0.1796	 +1.2519	 -1.0809
 -4.4836	 +0.2973	 -0.5372	 +0.6405	 +1.6965	 +2.9837
 -2.7743	 -1.6342	 -7.3126	 +3.5366	 +2.4837	 -2.1770
 +5.2389	 -8.5932	 -3.5038	 +1.8283	 +2.9321	 -0.3163
 +1.1309	 +1.3821	 -5.6951	 +1.8842	 -3.2170	 -2.0951
 -5.0125	 -6.0757	-12.1787	 +3.1939	 +1.8275	 -3.8433
 +0.4638	-12.6685	-25.9881	 +0.5796	 +1.8696	 +1.7222
 -8.5139	 +6.9757	 -1.5496	 -0.8961	 +0.7226	 +5.6020
 -8.8183	 +1.8760	-11.1942	 +3.8951	 -0.0661	 -3.0432
 +8.5594	 +1.7532	 -2.8011	 +3.6216	 -2.2755	 -1.1870
 +3.2472	-30.1148	-19.6591	 -0.6554	 +0.3597	 -1.1535
-10.0393	+19.4695	 -1.8172	 -1.3397	 +1.0573	 +2.3971
 -4.8514	 -1.3379	 -3.3882	 +0.1958	 +2.3139	 +2.2437
 +2.0862	 +4.2205	 +5.3067	 -1.3022	 -3.9458	 +0.9881
 -7.2308	 -7.3028	 +5.7429	 -0.2920	 -3.1874	 +2.5953
 -2.9703	 +8.7084	 -3.7623	 +0.7839	 -3.1763	 -3.4511
 +5.2059	 -2.7447	 +6.6029	 -2.1442	 +2.0504	 -1.2927
 +5.3537	 +1.7023	-11.0114	 -4.7120	 -1.1068	 -0.8800
 -1.3111	 +5.8873	 +2.9847	 +1.6662	 +3.9701	 +2.7230
+33.7112	 +6.6624	 +3.6453	 +1.1717	 -0.0327	 +0.8302
-24.0058	+12.5477	 -0.3836	 +0.5405	 +0.3595	 +1.8531
 -4.4681	 -3.8526	 -8.8652	 +0.2150	 -1.2821	 +0.8839
 +5.6801	-19.3930	-18.2691	 -0.8538	 -2.7106	 -2.1404
 +6.6151	-14.2361	 -2.7737	 -0.4322	 +2.7196	 -2.3859
 +9.9629	 +9.9012	 -2.8860	 +1.1695	 -1.0369	 -2.2518
-35.3445	 +7.9130	 -3.9730	 +2.2844	 -0.0696	 +3.3114
 +4.9994	 +2.1458	 -0.0572	 +0.3736	 +4.1531	 -0.3251
 +8.2587	 +8.4222	 +5.4016	 +0.4552	 -2.5597	 +0.4997
 -5.6720	 +6.0362	 -1.9128	 +4.0879	 +1.4563	 +3.0546
-12.3027	 -9.7569	 +7.2788	 -0.7892	 -2.1677	 +1.8983
 -9.9133	 +0.6969	 +1.4789	 -0.4029	 -4.1962	 -0.3699
 -0.2966	-11.7566	 -7.0583	 +2.9468	 -2.5784	 -1.9254
 -1.1952	+14.5401	 -3.2738	 +3.7766	 +2.0046	 +1.6683
+15.5302	+13.5223	-15.6137	 +2.8527	 -1.4385	 -0.1719
-18.5915	 -7.0322	+14.3039	 -0.8326	 +2.7317	 +2.6143
+30.9165	 -6.8995	+67.1532	 -0.0439	 -1.8434	 +0.6782
 +8.8059	 +7.2840	 +5.1856	 +2.2994	 -0.5156	 -0.2219
 -2.0716	-14.2117	 -3.0544	 +2.7211	 +0.4429	 -2.0394
 +2.2651	 +0.2628	 +3.2502	 +0.6910	 -1.2820	 -0.9436
-19.2874	+11.2876	-16.1822	 +1.2900	 -1.2002	 +0.5299
 -7.2026	 -4.9436	 -6.1539	 +2.8468	 +1.9330	 +1.8753
+23.0561	 +3.3312	 -2.7277	 +2.5607	 -0.4570	 -2.1528
-10.1480	-18.4452	 -4.9618	 -1.7719	 +1.5901	 +1.6456
-12.5780	+12.3433	-11.9301	 -2.3382	 +2.7331	 -2.6560
 -4.9742	-21.1736	 +8.2018	 -2.7014	 -1.4967	 +1.8950
 -1.5782	 +3.6452	 -2.5103	 -2.3196	 +1.8567	 +2.7412
 +9.2332	 +7.0894	 -9.8369	 +4.0234	 -1.2686	 -0.3703
 -1.3603	-20.1777	+14.1270	 +1.5531	 +0.2163	 +0.5390
 -0.2845	 -6.9461	 -6.5662	 +1.9365	 -1.6998	 +2.1417
 +2.6541	 -5.8811	 +2.5531	 -4.4151	 -0.5020	 -2.6680
 -9.7872	 -3.2103	 +2.0887	 -0.7176	 +0.6967	 -2.0513
 +1.4712	 +1.4522	 +1.9275	 -3.3287	 -4.6088	 -1.9029
 +4.6586	 -6.5259	-15.4298	 -1.3949	 -1.8251	 +0.1720
+10.4446	 +3.5866	+27.1923	 -0.1404	 -1.8084	 +1.3288
 -1.7313	 -7.2160	 -3.2144	 -3.7001	 -2.7399	 +0.9734
 -1.9589	+11.3879	 -1.4661	 +0.6511	 +2.1049	 +4.4169
 +4.5444	 +2.7251	 -3.6139	 +1.9515	 -0.4191	 -3.3158
-12.3605	 +2.1359	+15.3355	 +1.9519	 +0.0867	 -1.7906
 -2.7013	 -4.0119	 +3.2938	 -3.5744	 -0.5064	 +3.7612
 +3.2601	 -0.4439	 +1.2210	 +1.2665	 -0.7401	 -2.7397
+34.1919	 +9.0461	-19.2346	 -0.4270	 -1.1190	 -0.1580
 -3.6509	+12.1336	-25.8071	 -3.2410	 -0.1961	 -1.7335
 +3.2955	 +0.9487	 +1.7932	 -3.6895	 +1.3335	 -1.1185
 -1.6769	 -4.1450	-10.5313	 +3.8961	 -0.7665	 -0.0105
 -0.6343	 -3.9248	 -2.9104	 -0.3257	 +5.7633	 +0.9970
 -6.0926	 +3.3858	 -0.1188	 -1.1741	 +3.3036	 -3.6285
 +1.6521	+11.3856	 -2.9541	 -0.2117	 -2.8285	 +2.8121
+15.7565	+12.4490	 -1.2322	 -2.5978	 -1.7594	 -1.3872
+26.0536	 -0.7228	 +5.8573	 -1.7580	 +0.8439	 +0.6958
 -0.3486	 +1.7985	-10.2653	 -0.7043	 -1.0502	 -2.2998
-11.4351	 +1.3247	 -0.8570	 -3.3126	 -0.8284	 -2.4941
 -0.7318	 +0.7949	 -5.0297	 +1.9016	 +0.4892	 +0.6071
 -3.0752	+13.4204	 -3.1138	 +1.9036	 -2.0853	 +1.8479
+18.1317	-63.8348	-33.8807	 -0.4114	 +0.8494	 +0.6604
 +2.0499	+11.4571	 +6.7512	 -0.2809	 -2.7654	 +3.0334
 +0.5303	 -3.2229	 -4.3118	 +2.4930	 -0.0984	 -2.1052
 -8.0346	 +3.4599	-10.9546	 +1.1997	 -0.2550	 -1.1684
+11.6203	+18.5774	+30.0520	 -0.9433	 +0.1628	 -0.8203
 -0.9177	 +1.7343	 -0.2008	 +3.3465	 -5.7963	 -0.8143
 +1.2520	 -3.8045	 +5.8290	 -2.4423	 +2.7637	 -1.6847
+16.5942	-19.8251	+23.2866	 -0.5926	 +1.1126	 -1.8996
 +2.5933	 -6.2835	 +0.2538	 -2.2750	 -2.2557	 +1.7230
-72.5467	-58.5717	+27.6509	 +0.5180	 +1.2216	 +0.5356
-14.5885	 -4.0172	-12.7009	 +1.8846	 -0.6431	 +0.0795
+61.2181	+43.7158	+42.0281	 -1.1966	 -1.2366	 -0.3198
 -4.6799	+11.4288	 -9.0659	 -1.6910	 -1.8967	 +2.7192
+10.0761	 -5.0458	 +0.2526	 +0.0113	 -2.4826	 +0.4706
-109.1098	+51.1095	-21.8443	 -0.5528	 +0.7862	 +0.2623
 +5.2317	 -4.2453	-15.9615	 -3.1526	 -0.1204	 +1.0170
 +5.5529	+11.0186	 +4.5390	 +2.1204	 +0.4088	 -0.3982
 +4.2668	 +0.5757	 -1.3360	 +2.3719	 +0.7572	 -4.0360
 -2.7985	 +0.2165	 -4.1605	 +1.0743	 +3.5091	 -2.9675
 +1.0301	 -3.8590	 +2.0489	 -1.8592	 +0.1697	 -1.4885
 -8.9808	 +5.8630	 -2.6671	 +0.9774	 +4.8187	 -2.1112
 -3.3288	 -1.0581	 +0.0400	 +4.3236	 +3.6042	 +0.5034
 -8.0479	 +4.9037	 -1.7849	 +1.6697	 -4.0848	 +1.2049
 -5.7894	 +7.4580	-12.0496	 -0.8278	 +5.4096	 -0.6801
 +6.0831	+11.3694	-12.0580	 +0.0936	 -0.2605	 +0.9897
 +0.9401	 -1.1647	 +1.0375	 -0.5498	 +2.2922	 -1.1569
 +2.6404	 -4.3459	 -1.6729	 +2.1258	 +1.2499	 -3.1294
 +2.0134	 +3.5360	 -4.8794	 +3.7443	 -1.2758	 +3.1591
-32.5565	+10.2165	+12.1737	 -1.5246	 +1.1023	 +0.6292
 -8.6292	 -6.2494	 +2.9984	 +2.0925	 +4.1085	 +3.4059
 -1.1573	 -9.4539	 +7.0432	 -1.4628	 -5.3147	 +2.7363
-15.5212	 -3.5296	 +0.9415	 +0.6323	 -1.0724	 +4.2424
 -0.2193	 +0.3075	 -4.4002	 -2.0892	 +1.2497	 -3.2572
+10.6129	+14.8237	-20.0694	 -1.0166	 +1.2564	 -2.8288
 -1.8534	 +8.7319	 -7.4106	 +3.7014	 -0.6642	 -1.0522
-10.1785	 +1.4717	-13.6643	 +0.5768	 +0.9122	 -1.8455
 +2.6056	+13.0008	 -2.2016	 +0.7146	 -1.7645	 +1.5336
 +3.6941	 +0.6601	 +4.9372	 +1.2430	 -4.3592	 -1.2750
 -7.6561	 +3.8157	 +6.1670	 -1.1503	 +0.2129	 +1.3538
-14.4376	 -3.5373	+16.2776	 -0.8368	 +1.2750	 -0.6732
-42.4779	 +9.3960	 +3.8300	 -2.5226	 +1.5358	 +0.8459
 +0.2455	 +2.8462	 -2.3274	 -0.4381	 +1.4201	 +0.9490
-25.8949	 +7.4282	 +8.8431	 -1.3351	 +4.7051	 +0.3330
 -9.6814	-11.4374	 +7.3988	 +0.5448	 +0.3216	 -0.4925
 -2.0153	 +0.8540	 -1.5220	 -4.6723	 -3.5240	 -2.8324
 -4.8037	 -0.0846	 +2.2987	 -0.0377	 -0.8529	 +1.5301
-16.4832	-51.3001	+31.7428	 +1.8795	 -0.0232	 +0.8991
 -1.8945	 +9.6497	 +1.5565	 -2.0579	 -0.2868	 -1.3583
 -3.4720	 +0.7252	 -7.6739	 +4.5382	 -0.0340	 +0.4893
 +2.7088	+16.0983	+13.5323	 -1.7951	 +0.5371	 +2.2749
 +4.9070	+13.7068	+16.1801	 +0.5230	 +2.0755	 +1.0323
 -0.2999	 +5.1391	 -3.0758	 -0.4407	 +2.6910	 -3.7055
 -5.4850	 +5.9392	 -0.8049	 +0.6262	 +2.2886	 -0.5669
 -1.4085	 -1.9090	 -7.6226	 -1.7465	 -0.9264	 +2.8264
 -2.7261	 +2.4792	 -1.6166	 -0.5157	 +1.5781	 -1.6989
+10.0234	-10.4918	 +2.9810	 +1.4200	 -3.2519	 -0.5984
 -2.3699	 -1.3326	 +0.4888	 +0.6209	 +2.6198	 -3.8807
 -3.5012	+22.1422	 -1.3193	 +1.7848	 +0.1042	 +2.7194
 -5.8938	 -3.0398	 +0.5547	 -1.5222	 -3.9252	 +1.6665
 -5.6387	 +3.0567	 -1.5400	 -0.2814	 -0.4081	 +1.8498
+18.9770	+15.1917	 -3.0997	 +0.7699	 -1.9257	 +0.3142
-12.8558	 -2.1729	-11.0483	 +2.0831	 +0.1124	 -1.2425
 -1.4701	 -0.9464	+13.4978	 -1.2585	 -1.3211	 -2.3271
 +2.1750	 +1.4736	 -1.4239	 +1.3346	 +0.6762	 +2.3155
+10.6911	 +7.5495	 +4.9287	 -1.6764	 +3.6059	 +0.0969
 -0.1183	 +4.7209	 +1.4362	 +6.0092	 -2.6729	 +0.9254
 -5.9017	+11.2018	 -4.9161	 +2.2403	 -1.3439	 -1.0838
 +4.8175	+14.4819	-17.9934	 -0.2241	 +1.6241	 +1.1162
+10.6739	 +1.4802	 -5.6922	 +1.5249	 -3.6663	 +0.1626
-11.4330	 +0.1551	 -1.8611	 +0.5641	 +2.3632	 -0.4418
 +0.3894	 +7.3046	 -8.4537	 -0.6087	 -2.3999	 +0.5006
-11.4823	 +3.7934	 +8.7043	 -2.8032	 -0.0659	 +2.2345
 +8.5491	 -9.7083	+35.1418	 -1.0053	 +0.7761	 +2.1417
 -2.8175	 -6.7685	 -0.7310	 -0.5194	 -3.0067	 -3.0504
-16.2177	 +4.5003	 +0.7960	 -0.2777	 +3.8235	 +0.0010
 +2.7481	 +0.5672	 -1.9849	 +2.0785	 +0.5297	 +0.2525
+17.5305	 -9.7350	 +8.9691	 +0.0642	 +0.5470	 -0.5807
 -2.7725	 -5.1975	 -0.3792	 +3.0405	 -2.8777	 -0.6462
 -0.3176	 -5.7589	-10.2332	 +0.9577	 +5.7086	 -2.4260
 -1.9237	 -2.0820	-12.3715	 -3.1045	 -2.3365	 +0.8338
-23.5783	 +5.9464	-39.8661	 +1.0091	 -1.0929	 -1.2254
+15.4419	+17.2182	+29.2950	 -1.0038	 -0.8318	 +0.8685
 +4.9106	 -2.6240	 -1.7134	 +0.5662	 +0.5985	 +1.0617
 +3.0130	 +8.0153	 +2.8375	 -1.7743	 -1.0669	 -2.0446
 -5.2109	 +7.8540	+25.0232	 -1.2242	 +0.8075	 -2.5138
 -9.7466	 -3.1972	-10.4959	 +2.0647	 -1.9089	 -0.6402
 +2.0246	 +2.7180	 +0.9543	 -4.6932	 -0.3633	 +0.4908
 -7.9520	+14.5546	+13.0297	 -1.7403	 +1.3236	 +0.1331
 +3.6269	 -8.9815	-10.4682	 +0.6031	 +0.8343	 -2.0665
 -5.5064	 -1.8939	 +5.6926	 +1.7384	 -5.0716	 +1.0664
 -0.5122	 -2.4832	 -4.5228	 -2.7942	 -2.7716	 -0.7988
 -5.5616	 +4.6844	-11.8775	 +3.2252	 -1.1691	 -0.2238
-20.0233	 -0.9930	-17.2554	 +2.3874	 +2.3108	 +0.8952
-13.0560	 -6.8928	 -3.1439	 +0.6177	 +0.1895	 +3.1627
 +4.1554	 -1.0807	 -2.7644	 +1.3862	 -0.6197	 -2.5521
 -5.1298	 -4.2681	 -0.7289	 -0.6695	 +2.1322	 -2.8804
 -3.2426	 +6.6268	 +3.2809	 +0.7869	 -3.7975	 -0.9601
 -2.0770	 +2.4163	 +1.8602	 +1.2230	 +1.9193	 -2.8723
+21.5929	-14.7853	 +3.6787	 +1.5770	 -0.3204	 +1.1951
-14.3174	+19.0759	 -7.1004	 -1.3083	 -0.0483	 -1.0684
-10.3010	 +4.6444	 +2.5899	 -2.0126	 -0.9773	 -1.8173
 +1.1254	 +6.2668	 -6.3241	 -0.9963	 -2.5457	 -3.9635
-12.9593	-11.7211	+10.3271	 -1.5164	 +1.1577	 +0.1069
 +6.6055	+11.0659	-21.4246	 +2.8151	 -0.7329	 +1.7285
 -6.8185	 -5.8676	 -0.5684	 +5.9482	 +1.3785	 -0.5892
+20.2047	-12.0143	-26.0478	 +0.2675	 -0.2125	 +1.8279
 +3.2363	 +0.5906	 -4.1873	 -3.9927	 -5.9839	 +0.2214
 -6.1058	 +1.5255	 -5.2218	 -1.8115	 -2.1782	 +2.6956
 -1.5649	 +0.2322	 +0.2317	 +1.1541	 -1.8845	 -3.0199
+23.1752	 +5.2077	 +0.0876	 +0.4057	 +1.9006	 -0.2305
 +7.5566	-12.2683	 -4.6721	 -3.2913	 -0.2012	 -4.2617
 -1.6290	 -6.3702	 +3.0402	 -4.3454	 -0.0946	 -4.8275
+20.5942	 -7.1893	 -6.5029	 +1.4219	 +0.7702	 +0.0986
-18.9451	 -2.4411	 -4.5999	 -1.3966	 -2.0550	 -0.4241
 -7.2394	 +6.2274	 +5.8777	 +2.1378	 +1.7441	 -0.8431
 -9.6458	 -4.2520	-10.0008	 +1.4030	 +1.9950	 -0.9332
-15.5339	 -3.0503	 -1.4693	 +0.2611	 -0.3892	 +0.9037
-17.0799	 -3.9922	 -7.9792	 -1.6417	 +1.5129	 -3.0613
-23.6644	 -8.9216	 -5.7607	 -3.5427	 +2.4619	 +0.7620
 +2.4430	 -1.8749	 +6.4352	 -3.2835	 +2.5664	 -2.9229
 -0.4775	 +1.1530	 -3.3203	 -0.7557	 -4.3396	 +1.8449
 -2.9648	+16.7281	 +0.9788	 -1.0135	 +2.3835	 -2.5469
 +2.4891	+13.3594	 +2.8417	 +1.6044	 -3.0008	 +0.7858
-12.6862	+14.1791	-48.6777	 +0.0901	 +0.0578	 -0.3083
 +9.6425	 +5.5696	 -1.7310	 +2.3773	 +3.1311	 -0.4045
+12.4720	 +7.7082	-12.0025	 +2.4869	 -1.3279	 -2.5136
-14.2331	 -3.0626	 -1.7725	 +1.5658	 -0.1671	 +3.1686
 -7.4038	+15.3350	-21.0055	 +0.8518	 +2.8056	 +2.4423
 -0.0356	-13.9009	 -3.6270	 -0.9886	 +2.3514	 -1.7321
 -4.6163	 -1.7209	 +1.6353	 -0.7229	 -3.7060	 -1.2157
 +1.7336	 -1.8031	 -7.1798	 -5.7239	 -0.2742	 -0.2379
 +2.9819	 +0.5157	 +1.6409	 -2.4332	 +0.1660	 +1.8892
 -9.5108	-11.9704	 -1.0715	 -0.2822	 -2.2375	 -0.1526
 -1.9426	+24.9995	 -0.2558	 +2.8626	 +0.1521	 -2.7179
 +0.1296	 +2.5881	 -4.6595	 -0.4188	 -0.1357	 +0.8045
+10.1925	+10.0278	 +7.4439	 +0.7952	 +2.2152	 -1.1500
 -5.6756	-10.3865	 -5.0801	 +1.4967	 +1.8016	 +3.4123
 +3.1024	-10.4300	+17.7650	 -1.4632	 +0.6587	 +0.5557
 -3.8692	 -1.1839	 -8.5863	 +1.6531	 +0.6394	 -2.5214
 +3.3696	 +1.7932	 -8.8560	 +1.7400	 +1.0053	 +0.2200
 +6.4780	 +3.7009	 -0.2109	 -2.3991	 +0.9921	 -0.4188
 -1.7046	-18.3355	 +6.3981	 -2.4749	 +1.2580	 +0.5612
 -2.9031	 +5.1413	 -4.3508	 -1.8939	 +0.8534	 -0.7744
 +2.1505	 +0.4201	 -3.7681	 -1.4397	 -1.1823	 -1.1398
 -5.1183	 +1.0955	 -1.4928	 -1.8049	 +1.1160	 -3.3757
 -0.8275	 +7.2712	 +0.5462	 -0.2151	 -0.1084	 +0.6484
 -2.6667	 +3.0191	 -1.7663	 -3.2956	 -1.7992	 +2.3896
 +9.4786	 -2.5566	 +5.3425	 +1.7736	 +0.0658	 -1.1194
-13.4484	+21.8130	 -7.9044	 +0.8928	 -1.8427	 +0.8834
 -4.8795	-10.9137	-16.2863	 -0.4504	 +2.4760	 +0.7315
 +6.3714	 +1.8805	 -3.3959	 +0.2803	 -4.2536	 -1.1148
 -2.4159	 -0.7380	 -0.3480	 -2.8697	 -1.5840	 -0.8260
 -2.9650	 +6.5196	-10.0140	 +0.1361	 -2.1393	 +0.0938
-18.4013	 +2.0421	+17.3616	 -1.4174	 +0.1863	 -3.7583
 -0.7476	 +5.9078	 +1.3714	 -2.9168	 +1.6483	 +6.4797
 -0.5103	 -2.4339	 +1.4611	 +0.5660	 -1.0131	 -0.2161
 +1.3166	 +1.7695	 -1.9023	 +1.1543	 +1.1596	 -0.9148
 -0.5562	 +7.6070	 -2.6505	 +3.7723	 +2.7292	 +0.6726
 +0.5120	 -3.9233	 +4.3202	 -1.9524	 -1.7513	 -4.2861
+22.1443	 -5.5812	 +6.7885	 -2.3085	 -1.6782	 -3.0476
 -0.4722	 -0.7859	 +1.7100	 +0.5334	 +3.9038	 +0.7817
 -1.9044	-34.0869	+57.8299	 -0.3757	 -1.1948	 +0.5454
 +0.4839	 -3.5043	 +0.5903	 -0.0138	 -4.4203	 -0.4011
+38.8481	+36.0343	-30.7201	 -1.7108	 -1.1675	 +0.5509
 +2.1309	 +5.3820	 -4.9457	 -0.0312	 -2.2432	 +2.9885
 -1.0400	 +2.3784	 +2.6051	 -1.0220	 -2.9174	 -2.4374
+52.1325	 +1.7062	-45.5632	 -0.2609	 -0.1698	 +1.4693
-15.0466	-31.3202	+26.1794	 +2.5199	 -2.0656	 +1.6618
+104.1399	+59.1840	+16.2667	 +0.0629	 -0.7855	 -1.6055
 -0.9882	+31.3987	 +4.2054	 +2.8261	 -0.7773	 +0.6661
+22.8360	+67.0296	-34.0198	 +1.1792	 -0.3370	 -0.0013
 -8.9495	-10.0272	 +1.1057	 -0.1386	 +0.1038	 +2.2909
 -9.4733	+18.3370	 -3.8108	 -3.0062	 -0.9402	 +1.0715
 -5.5261	 +1.9048	 -9.7345	 -5.9506	 -0.3860	 +4.1940
+11.0792	+27.1829	-48.8419	 +0.7410	 +2.7125	 +0.1449
 +6.2299	-12.8689	+43.0889	 +1.5072	 +0.9145	 -0.9079
+24.2479	 +5.9163	 +2.0490	 -2.0586	 +1.5787	 +0.9370
 -4.7215	 -1.3528	 -6.9268	 +2.0374	 -4.1591	 -1.9085
 +5.3061	 -8.3141	 -5.8852	 -4.7664	 +1.4440	 +0.9859
 +6.4345	 -4.2243	 +0.8905	 +2.9212	 -1.2384	 -3.3632
 +0.9158	 -2.4036	 -6.9402	 -2.9120	 -2.1940	 +4.2209
-11.5133	-10.3369	 -6.8489	 -0.7253	 +1.2743	 +0.5747
 -5.6923	 -4.4568	 -3.1618	 +2.9481	 +2.1670	 -0.0506
 +1.4458	+24.9616	 +6.9952	 -1.1954	 -1.7165	 +0.8908
 +3.5627	 +3.3467	-15.4372	 +0.4285	 +3.5085	 -0.6752
 +9.3134	+15.1733	-25.8280	 -1.5109	 +0.2746	 -0.2644
 -3.2310	 +5.6767	 -1.3926	 -2.1933	 +5.6778	 -0.6177
+18.7623	-21.7937	-10.7840	 -0.9772	 +0.6635	 -1.0849
 -3.9195	 +1.3005	 +2.9611	 -1.3620	 +1.6338	 +0.6511
 -2.8602	 +3.2621	 +0.3222	 +1.1373	 +2.1741	 -2.9378
+12.9861	-19.2164	 +0.4505	 -0.6628	 +0.5619	 -0.3913
 +1.8858	 +4.6730	-16.0127	 +0.4006	 -2.3677	 +2.0468
 -1.5445	 -5.7786	 -3.2520	 -3.3131	 -1.2197	 +6.2503
 -1.4171	 +6.2033	 +4.6704	 +1.4194	 -0.2611	 -4.3642
 +1.6787	 -2.4932	 +7.4858	 +0.5483	 +0.6109	 -1.9356
-23.2856	+22.7802	 +7.7802	 -0.2201	 +1.9869	 +0.9389
 -3.1011	-10.1930	 +2.8745	 -3.2859	 -2.7101	 -1.0814
-11.1084	 +6.7497	 +0.6086	 -4.1678	 -2.1638	 -0.7451
+10.2343	+10.7511	 +5.4297	 +4.4594	 -0.0254	 +1.4834
-10.1270	 +4.7588	 -5.4503	 -3.6828	 -0.0779	 +1.3366
 +2.6339	 +1.2935	+12.3723	 +1.5298	 -1.3779	 -1.1414
-15.2096	+65.9530	+20.5843	 +0.7216	 +0.3254	 +1.2689
+19.0236	 -6.9821	 +6.1395	 +1.8898	 +0.9422	 -0.6774
 +3.1925	 -7.3798	 +6.0220	 +1.8800	 -3.7498	 +1.2703
-12.4266	-33.9235	+25.3617	 -0.8957	 +0.3834	 +1.1711
-41.3603	+34.9435	+25.9059	 +1.1867	 -0.1615	 -0.5965
 -0.6722	 +3.9482	 +2.7508	 +1.6662	 -2.5108	 -1.2325
 -6.1776	-17.5224	 -6.6705	 +2.8841	 -0.2603	 +0.6685
+10.9775	 +7.8736	 +1.1784	 -3.3238	 +2.4222	 +2.2691
 -6.8144	 +3.0403	 -5.1717	 +1.1899	 -5.6726	 +3.1196
 +1.0153	 -1.6623	 +3.1016	 +5.9880	 -0.9833	 +1.4183
 +6.4112	+12.7138	 +5.9921	 +3.4364	 +0.0207	 +1.7535
 +4.3921	-32.1252	+110.2839	 -0.2979	 -1.4640	 +0.5750
-23.8829	+12.5524	 -3.4708	 +0.0257	 -2.8254	 +0.2605
 +3.9902	-13.9151	-17.5952	 +2.5771	 +0.6127	 -1.5813
 -2.8392	 +1.6242	 +2.8228	 -2.4404	 -3.4560	 +1.1896
+13.5464	 +2.5423	-12.5622	 -3.1221	 -2.3043	 +1.2567
 -5.4154	 -6.5932	-20.6022	 -0.6375	 -0.0180	 +1.9253
 -1.6282	 -6.5302	 +5.6173	 +3.4029	 -1.7074	 -3.1403
+26.0388	-25.8472	+39.3752	 -1.2921	 +1.0884	 -0.2962
-11.6522	-16.1499	 -6.3488	 +2.4268	 +0.0221	 -3.6671
 -1.9260	 -5.4814	 +1.9222	 +0.8981	 -5.1049	 -0.9972
 +4.6920	 +0.5847	 -1.4816	 +2.2999	 +5.1066	 -2.7373
-14.8336	 +5.4846	+15.5540	 -1.9784	 +1.9395	 -1.0319
 +8.5661	 -8.5897	 -2.9670	 +1.8885	 +3.9420	 +1.9795
+13.4180	 +6.4486	 +7.2121	 +1.3565	 -3.3398	 -2.1991
+15.2069	 +1.4945	 +4.5662	 -3.1261	 -0.4292	 -1.3404
 +0.0087	 -2.7170	+22.2770	 -0.3227	 +2.9583	 +0.8733
 +3.7288	 -6.2096	-13.7404	 -0.1099	 -5.5153	 +1.2086
 -3.0226	 +2.7543	 +4.3629	 +3.0481	 -2.3865	 +1.7180
 -2.9058	 +0.3846	 +3.5472	 -2.7276	 -1.2339	 +2.2832
-14.6605	 -4.4180	-10.2132	 -0.8550	 +0.6971	 -0.5998
-13.7207	 +2.7966	 -0.1315	 +0.9965	 +1.4087	 +0.8233
 +1.7771	 +7.5982	 -9.4057	 +0.2479	 +1.1623	 +1.9330
-20.9248	 +1.7515	 +8.2971	 +4.1435	 +0.5225	 +1.8883
 -3.4352	-10.7079	 +0.3623	 +1.1350	 -0.2488	 +2.9808
 -6.7836	 -1.7949	 -4.1706	 +0.0001	 -0.7180	 +0.3654
-12.1121	-12.6384	 +0.0733	 +0.4471	 +2.2704	 +0.7680
 -2.6258	 +8.8416	 +4.7632	 +1.7645	 -1.2463	 +0.0358
+27.8264	+22.3600	 -5.1297	 -0.6997	 +1.0030	 -0.2654
 -6.7825	 -9.0738	 -0.5294	 +1.4418	 -0.9887	 +0.7584
+25.7557	 +1.4675	 +6.6821	 -0.6552	 +2.2874	 -0.6979
 -1.6442	 -4.2790	 -4.7990	 -4.2720	 -0.2655	 -3.4627
 -4.9976	 +2.4577	 -8.2245	 -0.8125	 +2.6037	 -0.4044
 -5.8058	 +5.7050	-12.0162	 +4.2812	 -3.4489	 -0.8376
 +1.6823	 -1.7882	 +2.7231	 +0.5092	 -4.5020	 -1.5170
 -6.6518	-21.5200	 +6.3743	 -0.0711	 -3.6568	 -1.5579
-12.7022	 +9.4104	 +7.1928	 +1.2657	 +0.6706	 -2.8514
 -3.6012	 -6.2517	 -4.6325	 +1.1287	 +4.9830	 +2.1912
-14.3321	 -9.4614	+16.0207	 -3.3571	 -0.7050	 +1.1595
 -4.5073	 -0.3690	 +2.3836	 -6.9253	 +0.7339	 +0.0457
-15.8715	 -5.1738	 -7.1888	 -2.2988	 -2.8752	 +1.0614
 -0.9487	+25.4666	-13.4255	 +1.6953	 -2.0270	 +2.0818
-13.6759	+10.4067	 -4.4446	 -0.2358	 +3.1120	 +1.3487
 +6.5418	 -7.8521	 +5.6179	 -3.6406	 +1.0606	 +0.0902
+14.1039	-24.6029	 +1.1310	 -0.9582	 +1.1499	 +1.6395
+11.9585	 +1.2097	 +1.6625	 -0.8033	 +2.9460	 -1.0715
 +6.9202	+36.6235	-15.8266	 -0.0725	 +1.7631	 +2.1877
 +3.2557	 -3.5564	 +3.7268	 +0.8570	 +0.1239	 +3.2653
 +0.4099	 +8.4106	 -1.2605	 -3.3983	 +0.7374	 +0.2522
 -3.1065	 +1.0758	 -3.9432	 -1.6630	 -3.6393	 -1.6124
+86.8725	-28.7365	+52.7420	 +0.1559	 -0.9329	 -1.3595
 +1.4911	+12.6301	-13.0312	 -2.4083	 -1.6504	 -1.8221
 -2.4822	 +0.5576	 -7.8476	 +2.4101	 -3.6008	 -2.4551
 -2.8198	 -0.5159	 +7.4773	 +1.8687	 +0.9454	 +0.7159
 +3.0695	 +4.0751	-13.8745	 -0.7785	 +2.4795	 -1.2473
 -8.2375	 -2.1228	 +4.6718	 +2.4225	 +3.2651	 -3.2153
 +0.2929	 -1.1330	 +1.6480	 +1.9195	 +1.4990	 +3.5896
 +5.3627	 -4.5278	-10.0356	 -1.2258	 -3.2860	 -1.2237
 -8.2966	 +1.4258	+18.2856	 +2.1590	 -1.0631	 +2.6813
 +4.8041	 -7.7497	 +7.0643	 -3.2460	 +2.5949	 +2.6436
 +3.9071	+14.2427	+22.4521	 +0.6334	 +0.9835	 +3.9389
 +9.9838	 +4.9417	+13.3683	 +0.9740	 +0.9051	 +2.5090
 +7.9019	 +0.1612	 -2.4375	 -1.2462	 +1.3187	 +0.1448
 -4.6145	 -9.2000	+22.0752	 +1.3532	 +1.0499	 -0.6594
 -8.0453	 +0.5341	+17.2219	 -1.7704	 -2.2217	 -1.8297
-21.0515	 +0.7879	 -8.5913	 +1.0773	 +1.0365	 +3.6567
 +5.9033	 +4.3849	 +3.7828	 -2.7160	 -2.2279	 -1.2738
-40.6919	+20.9562	 +0.1140	 -3.0524	 +1.4507	 -1.0390
 -3.1332	 +0.8887	 -3.1775	 -0.1572	 -7.4682	 -0.0083
-14.3260	 +0.2703	 -1.8829	 +1.7353	 +2.8242	 +2.2497
+19.2227	 +7.1194	 +8.8449	 -1.0931	 -0.9072	 -1.6154
 -5.4702	 +5.9652	+10.9821	 +1.9182	 -0.0965	 +2.0488
 +4.9533	-19.7510	 +3.8867	 -0.4753	 -0.7760	 +0.9218
 -4.6664	-13.5022	 -0.9144	 -2.3120	 +1.7889	 -1.5954
 -0.8992	+12.3727	 +4.5253	 +0.7645	 +0.4190	 +1.3429
-92.7889	-169.9784	+26.1410	 +1.0915	 -0.0022	 -0.0969
 +6.6651	 +3.9908	 +2.4781	 -0.4483	 +0.1379	 -0.0904
 -0.1640	 -6.9694	 -3.8504	 -3.6279	 -0.9371	 +2.4714
 -0.6827	 -3.8987	 -2.6812	 +4.4077	 +2.2835	 +1.9651
 -9.1913	 -0.4244	 +5.0893	 +1.4253	 -2.8054	 +5.0975
 -9.9731	 -1.7836	 -4.8005	 -2.7731	 -0.0269	 +5.1984
 -0.1949	 +3.0801	 -6.5627	 +1.3383	 -2.8387	 -0.9246
 +2.9286	 -5.4106	-11.3965	 -1.7389	 -0.3985	 -1.5543
-15.3406	 -9.2012	+23.1316	 +1.5512	 -3.1450	 -0.9437
 +4.6378	 -0.2475	 +0.4290	 -2.1028	 +4.4035	 +1.7115
 +3.3693	 +3.4824	 -2.9187	 -0.9612	 -0.9375	 -2.3510
 +3.3222	 -9.1826	 +1.7983	 -2.4904	 +2.8346	 +2.9356
 +0.5102	 -1.0580	 -1.4439	 -1.0870	 +5.3204	 +4.6098
 -5.0127	 -2.9999	 -2.0176	 +5.3494	 -1.4914	 +0.5760
 -2.4908	 +4.4882	 +6.6893	 -2.8612	 +1.3050	 +1.8781
 -2.7539	+19.5446	 -7.7149	 -0.7932	 +3.0038	 +2.5257
 +9.2891	 +3.0482	 -6.6535	 +1.1389	 -1.7237	 +1.3131
 -4.1494	 -1.9116	-11.5477	 +0.7890	 +0.9339	 -2.7509
 +0.2656	+29.0136	-31.8979	 +0.2073	 -0.9606	 +2.3244
 -0.9478	-19.7807	+41.4317	 +0.4409	 +0.5193	 -1.7011
+18.0025	-22.3270	 -7.5341	 -0.4559	 +2.9509	 -1.3185
 +1.7951	 +3.8729	+16.7524	 -1.5966	 -1.1393	 -1.4039
 +2.3314	 +1.8730	 +5.9519	 -2.4304	 -2.1248	 -3.5816
-11.5346	+14.6079	 -0.1826	 -2.6317	 +0.1673	 +1.1872
 +5.1128	 -6.8661	+29.8695	 -1.5021	 +1.2269	 -0.8962
-47.2325	+19.8170	-75.7145	 +0.9914	 +1.8960	 -0.0308
 +8.0746	 -3.0674	 -1.2737	 -0.4885	 +3.0407	 -0.2510
+13.5316	-17.6979	 -5.0717	 -0.5217	 +1.2775	 +0.7281
 -3.1234	+15.1639	-13.1262	 -0.3011	 +1.4453	 -1.1158
-27.5651	 -2.8955	 -7.3787	 -0.3950	 +1.0990	 -0.0539
 +0.6855	 +2.7928	 -0.1979	 -0.8560	 +3.8042	 +2.7166
 -3.8774	 +6.2968	 +5.3602	 +1.5517	 +0.1442	 -2.4238
 -4.4127	-27.4883	-15.7058	 +0.7469	 +2.7681	 -1.4270
 -3.3508	 +9.9778	 +1.1517	 +2.3951	 +3.1821	 +0.7477
 -5.6894	 +4.4248	 -2.2328	 +0.0328	 -2.6050	 +1.8137
 -0.4219	 -2.7415	 +8.4748	 -2.6362	 +0.6008	 +1.6146
+20.2950	+16.1848	-33.7470	 -1.0429	 -0.9400	 +0.3300
+29.8763	+40.8661	+68.3941	 -1.0334	 -0.5545	 +1.1094
 -4.1821	 +3.7130	-22.8451	 -1.7256	 -2.5626	 -0.9022
 -0.1712	 -8.7356	+13.4968	 +3.0628	 +0.2544	 +2.9589
 +1.3515	 +1.8550	 +2.5251	 -0.7011	 +0.1814	 +0.2394
 +2.0218	+17.4909	 +7.0014	 +1.7240	 -0.6865	 +0.0338
+68.5973	+28.4001	+34.3585	 -0.6134	 +0.1966	 +0.6804
 +2.4848	 -4.5917	 -0.0333	 -1.6962	 +2.1153	 -4.6392
 -0.8907	 +8.9432	 +1.7525	 -0.8003	 -2.2309	 +2.9584
-15.0397	 -8.4921	 +3.3803	 -0.7255	 +0.9982	 -3.2128
 +3.1261	 -3.6656	 -2.5293	 -1.4769	 +1.7974	 +4.0177
-41.8008	+10.8709	 +9.4498	 +0.8956	 -1.1031	 +1.8732
 -1.5666	 +2.0939	 -7.2369	 -0.8330	 +4.9203	 -2.9382
 +0.7069	 +4.4042	 -3.2643	 +1.5449	 +4.3255	 -3.9910
 -3.8741	 -9.8843	 -2.0935	 +3.5820	 +2.9770	 +0.8970
-10.0808	 -0.0371	+29.6372	 +1.8028	 -0.1924	 -0.4996
 -6.8540	 -0.4138	 +8.4896	 -1.2579	 -4.8171	 -0.8486
-11.1497	 +9.6998	 -0.1925	 +1.1900	 -4.5351	 -1.0229
 +8.1182	 -3.2028	 +4.2704	 +1.1762	 -1.0963	 +1.2588
 +8.0915	 -3.9993	 +9.3417	 -3.6601	 -3.5420	 -1.9038
 -0.3248	-12.7277	 +8.1199	 -0.1607	 +0.8793	 -0.2054
 +4.8017	 +4.6830	-25.1628	 -1.6624	 +4.1207	 -1.1304
 -2.7195	 +4.8244	-10.5603	 -1.7121	 -3.0149	 +1.9051
 +1.6642	 +3.0113	 -0.5659	 -3.8336	 +1.5735	 +4.7996
 -1.1535	 -0.1416	 +5.4807	 +0.7814	 +0.5408	 -0.9295
 -5.0782	-20.8980	-11.7781	 +0.5894	 -0.2115	 +2.9288
 -9.6936	-10.7636	-16.3451	 +3.0566	 -1.1360	 +0.8953
 -3.1492	 +4.1945	 +0.0090	 -1.4851	 +0.1388	 +0.5370
 -3.8380	 -9.5811	 +9.7321	 -0.5956	 +0.7015	 -2.7625
+17.2832	+13.9932	-11.5526	 -0.3125	 -1.0946	 -2.4103
 -7.2074	 -6.2865	 -4.7463	 +2.2184	 -0.2275	 +0.0545
 +3.3265	 +1.0831	 +3.7242	 -2.0916	 +4.9550	 -0.3050
 -1.7729	 +1.4177	 +3.6671	 -0.7467	 +3.9692	 -1.5296
 -1.4339	+12.6392	-26.0762	 -3.5039	 -1.8002	 +0.1030
 -5.6988	 -4.4962	 +2.2434	 -0.4820	 +1.7361	 -0.8991
+18.2132	 +7.7074	 +3.4856	 +3.5467	 +1.2623	 +0.7754
 +2.3253	 +9.2173	 -3.2336	 +1.4379	 -1.3889	 +3.3715
 +4.3630	 +2.2500	 +4.0635	 -0.5166	 -4.7486	 +0.4183
-14.6310	+18.8741	+11.4214	 -0.0813	 +0.9051	 +0.1878
 -2.1139	 -1.5300	 -3.7032	 +0.5818	 -1.2961	 -0.2684
-15.3712	 +6.2746	 +7.6233	 -1.5208	 +1.1841	 -3.6408
 -5.6019	 +6.6491	 -1.6415	 +0.5747	 -1.3137	 -1.7145
 -3.1061	 -2.0493	-10.1281	 -2.2291	 +0.6819	 -1.0377
 +4.3923	 +4.4435	 -7.7186	 +1.3219	 +0.8514	 -2.4201
+22.5895	+12.9496	 -0.5254	 +0.1069	 -3.1049	 -0.2299
-84.1862	+42.8966	+24.4895	 +0.1101	 +0.1069	 +0.6131
-10.7185	 -2.6438	 +4.9685	 +2.8468	 +3.9296	 +2.5391
 -7.3499	 -2.7661	 -0.8218	 -0.5447	 +2.5061	 -1.7281
 -1.7894	 +5.5255	 -5.5200	 -3.9695	 +2.9593	 +1.5212
 -9.3819	 -3.7056	 -0.3411	 +1.0749	 -1.3775	 +1.7363
-20.0760	+12.0270	 +5.9511	 +0.1248	 -1.4329	 -1.9748
 -8.5952	+13.0047	-30.1675	 +0.8025	 +1.7561	 -2.1237
-16.8861	-18.7596	 -4.2923	 +0.0593	 -1.6738	 +2.9989
 -2.5297	 +1.2010	 -3.8611	 +1.4438	 +4.6602	 +1.8168
 +1.3651	+12.3158	 -8.0094	 +0.8131	 +1.2114	 -3.2866
 -1.7534	 +0.4887	 -9.1386	 +1.8705	 +0.6105	 -0.4189
 +6.1045	 -2.1694	 -3.1094	 -2.2153	 -0.0698	 -1.1559
 -6.5577	 -3.5585	-14.4768	 -3.2243	 +0.9680	 -1.9491
 -7.2912	 +0.2546	 -0.6775	 +2.2291	 +4.2882	 -4.2279
 +3.7047	 +1.4095	 +4.8176	 +0.1642	 +0.5187	 +0.8373
+30.9781	+21.2784	 +6.2084	 -1.3648	 -1.8016	 +1.8318
 +8.1027	 +4.0347	-17.3343	 +3.1241	 -3.0569	 -0.5677
 -5.9428	 -2.3467	 +6.4950	 -1.2477	 -3.3941	 -2.4896
 -5.2196	 +3.2543	 +0.9846	 +3.4296	 -4.4972	 -2.0371
+22.2848	 +1.9117	 +1.1742	 +1.1156	 -0.5501	 -0.3648
 -2.4659	 +2.6425	+10.6464	 +3.8646	 -1.0750	 -1.3540
 +6.4857	-13.4897	 -3.0278	 -1.9445	 -1.9966	 -1.0892
 +6.9905	-12.7207	 +4.0084	 -2.0086	 -3.3577	 -0.4907
 -0.2318	 +3.6650	 +3.3266	 +0.6423	 +3.6648	 -3.7658
+12.8135	 -8.4800	 +0.0929	 +1.1212	 +2.0818	 -1.8226
+18.8717	 +6.1390	 -9.5496	 +0.7998	 -3.7101	 +0.3841
-34.7817	-18.2832	+16.9438	 -0.3328	 +0.1028	 -3.0064
 -1.2018	 -8.3389	+12.0112	 +1.9165	 -0.6409	 +1.5613
 +1.4497	+12.0939	+15.6140	 +1.2464	 -0.8082	 -2.6096
 -9.7599	-11.0386	 -2.2925	 +1.4645	 +4.0469	 -2.8160
 +5.0680	-12.3309	 +0.9227	 +3.5108	 +1.2557	 +1.9578
-10.2145	 -4.5638	 -9.3042	 -2.7805	 -2.1429	 +0.6730
-40.7576	+25.7610	+37.2110	 -0.1048	 +0.5843	 +0.3413
 +5.2184	 +2.3833	 +4.9352	 +5.9933	 -0.4444	 +0.0101
 +2.7082	 +0.8353	 -5.4707	 -0.9900	 -2.1300	 +2.1520
 +3.8500	 +8.2236	 -7.6601	 -1.3441	 +3.8031	 +3.0310
 -3.0671	 +4.9241	 +1.3355	 -2.8047	 -1.0002	 +4.7665
 -4.1239	 -1.9489	 -4.7695	 -1.0856	 +5.9517	 +3.9184
+43.8334	 +6.0895	-16.7067	 -0.6059	 -0.7242	 +0.2527
 -0.7553	 -4.2245	 +1.1535	 +2.0725	 +3.6075	 -1.0589
 +9.0932	 +2.6320	 +4.2519	 +0.1704	 +2.2862	 +3.1187
 +6.8877	+13.9606	 +2.3869	 -0.4119	 -2.7461	 +2.1509
 -3.6009	-15.3106	-34.1644	 +1.0195	 -0.8267	 +0.8049
 -4.0804	 -0.5809	 -7.5903	 -1.5683	 +2.6175	 -2.4467
 +3.6610	 +1.6356	 +8.0432	 +0.6691	 -1.1030	 -2.0707
-102.9725	-32.5994	+85.5411	 +1.3885	 +0.1658	 -1.2262
 -3.1800	 +8.9415	 -7.2472	 +3.2828	 -1.8806	 -3.3035
+12.5205	-36.3271	 +7.6354	 -0.9520	 +1.6819	 +3.6109
 +2.7994	-24.4808	 -2.5425	 +1.0267	 -1.1858	 -2.2970
 +1.2014	 +0.8736	 +3.1995	 -2.4184	 -0.0726	 -3.2645
 -5.3361	 -4.0244	 -1.7115	 +0.8374	 -4.8117	 -3.3797
 +3.4799	 +7.0759	 -8.7358	 +3.8329	 -2.2370	 -1.6027
 +7.0047	-12.5993	 -0.6033	 +1.1456	 +0.8793	 +0.7032
 -1.6208	 -6.7478	 -7.7560	 -1.8963	 +1.0529	 -3.3039
 -9.1681	 -9.4567	 +6.2785	 -2.7696	 -0.0885	 +0.7380
+12.2031	-24.7803	 -5.8992	 -0.1512	 +1.1191	 -1.1813
 -5.7602	 -0.7650	 +3.3422	 +1.1476	 +0.5855	 -0.2562
-19.5766	 -6.2020	 +4.0585	 -1.8033	 -0.5922	 +0.1788
 -1.1002	 +2.1962	 +1.0883	 -0.7900	 -4.9669	 +4.3672
 -0.4296	 +1.6952	 +4.9668	 +0.3883	 -0.5679	 -0.5032
 +5.5066	 -2.5833	 -2.4883	 -1.2224	 -1.2166	 +0.3032
-11.3208	-12.3502	 -5.3003	 -1.4771	 -2.2441	 -3.7735
-65.1857	+23.5217	+51.0165	 +1.2001	 -0.8295	 -0.8143
-59.0754	-32.7963	+18.8439	 +1.2562	 +1.0057	 -0.5354
 -9.2349	 -8.9904	 +8.9583	 +0.6602	 +1.9495	 +2.7405
 -2.5196	 +4.0398	 -3.7354	 -0.7187	 -1.5209	 +0.8981
-77.9821	-125.3071	+119.3977	 +0.6629	 +0.0518	 -0.0804
 -4.0028	 +8.3582	 +0.0017	 -4.4881	 -3.4878	 +0.5137
 -9.4116	+11.9193	 -9.0344	 -1.8968	 -1.1797	 -2.8002
 +0.5223	 +4.2713	 -4.5221	 +0.9051	 -2.0454	 -0.2608
-47.6043	-25.6924	-13.5257	 +1.7983	 -0.6133	 -1.1800
 -9.8955	 +5.0574	-10.7679	 -2.2041	 +0.0405	 -0.3644
 +6.0777	 +6.4414	-18.8737	 -0.6766	 -1.4532	 -0.0613
 +7.4346	-32.6092	+35.2290	 +1.3820	 +2.1125	 +1.6650
-11.5642	 +3.1276	 +1.8929	 -2.3337	 +0.3459	 -2.0554
 -0.0834	 -8.4555	 +6.9801	 -1.8844	 +0.5816	 +1.8899
 +3.5080	+15.8410	-22.1709	 +0.0065	 -2.2586	 +1.5337
 -7.6398	 +3.2047	+17.1410	 +2.4158	 -2.7824	 +1.4281
-17.0139	+12.9489	+22.1654	 -1.8157	 -0.3153	 +1.6517
+12.4730	+11.4420	 +1.1643	 +0.6056	 -2.8945	 +2.3572
+11.8507	 -2.5630	-12.3113	 +0.2400	 -0.6991	 +0.2558
-12.6653	 +2.0574	 -1.5116	 +3.0671	 +2.9521	 +0.6329
 -7.0813	 +4.9125	-16.7243	 +2.1427	 -1.7902	 +0.1699
-11.2528	-15.8404	-23.7139	 -0.2351	 -0.2911	 +0.2659
 -5.7522	-13.7845	 -5.4415	 +1.8808	 +1.2492	 -2.0343
-10.3470	 -9.7707	+20.9740	 -1.5915	 +0.0816	 +0.2343
 -8.3799	 +6.5378	 -9.5218	 -1.7269	 -2.6756	 -1.9266
-10.4956	 +2.2311	 -5.5689	 +3.7140	 +1.1225	 -0.5481
-36.6911	+13.9980	+13.2893	 +0.0504	 +0.6862	 -1.5783
 -0.7983	 -8.3419	 -7.8274	 -1.1511	 -0.6027	 +1.4087
 -7.0606	-10.7878	+12.4323	 +0.7682	 +0.4004	 +2.5874
 +7.9876	 +9.9282	 -6.0270	 +1.4317	 +1.0113	 +3.1640
 +5.7462	 +3.4957	 +5.0342	 -4.3475	 -0.2123	 -0.1380
-30.6457	+38.9655	-75.9626	 +0.4248	 -1.3866	 +0.6442
+12.1035	+20.8322	 -7.7772	 -1.4464	 +2.3770	 +1.2877
-11.7562	+77.0704	-52.1894	 -2.1239	 -0.6026	 +0.1494
-18.3351	 -4.3011	 -2.9487	 -0.4814	 -1.6844	 +0.3186
-15.9001	-17.1849	 -8.4783	 +0.9846	 -0.9513	 +1.9239
 +1.7263	 +9.8177	 -5.1101	 -0.3187	 +5.2216	 +1.4098
-10.4089	 -1.6650	+12.1926	 +2.8762	 +1.6848	 -1.0123
-20.1780	 -3.9021	 +4.0145	 +0.3686	 -1.0316	 +2.8918
 +1.1926	 +3.6887	 +7.8633	 +2.1336	 -3.2676	 -2.7551
 -2.3706	 -4.6136	 -8.7298	 +2.6624	 -0.9448	 -2.1885
 +4.0387	 -3.8582	 +1.3697	 +1.6540	 -1.0083	 +1.8570
 +2.9921	 +9.3974	 +6.5208	 -1.4618	 -0.1027	 -4.5842
-15.4949	 -0.6935	 +0.6999	 -0.4380	 +3.3677	 -1.9470
 +4.6534	 +2.0863	-10.3009	 -3.8455	 +2.4375	 +1.0309
+12.1875	 +7.5043	 -3.8387	 -2.8794	 +0.6339	 +3.4567
+11.1630	-24.5427	 -7.7613	 -2.8673	 -0.5812	 +1.8076
 -4.5003	 +1.1445	 -7.5913	 -3.1563	 -1.0949	 +4.0100
 -9.1226	 -2.5728	 +5.3837	 -0.1753	 +1.4752	 +3.9277
+11.2959	 +9.9806	 +1.6859	 -0.6377	 +3.1642	 -0.6378
 -5.4662	 +6.8081	 +6.2966	 +2.1613	 +4.0707	 +1.1767
-143.8221	-179.4044	+114.0051	 +0.3689	 +0.8782	 +0.0923
 +4.3853	-10.9726	 +1.3596	 -0.0230	 +3.8440	 -3.3536
-17.0783	+48.0594	+46.2574	 -0.3356	 -2.1403	 -0.2006
 +6.0940	 +2.4494	-13.3234	 -1.3618	 -2.4333	 +1.7659
 +7.1222	+74.6901	-83.3098	 +0.0817	 +0.0205	 +0.3146
 +1.4131	 +2.2750	 -9.3629	 -0.6469	 -6.0109	 -1.8425
 -3.3818	 -5.4113	 +8.1424	 -2.5615	 +1.1401	 +0.4574
-14.7582	+25.6741	-25.1846	 +1.4658	 +0.2090	 -0.2866
-16.6908	-17.5029	 +0.7503	 +0.7792	 +2.8340	 +0.6434
 -0.8673	-13.8608	 +1.9786	 -4.5774	 -0.9824	 -1.2404
 -1.1921	 +9.0582	 -3.0445	 -2.9755	 +2.3712	 +1.2153
 -2.0630	 -4.1935	 -3.6430	 -0.1393	 -5.1677	 +3.1258
 -9.8172	 -2.3962	 -6.9121	 -2.3418	 -0.3111	 +1.3241
 -4.7786	 +3.4687	 +3.1258	 +2.0746	 -2.7602	 +0.0846
 -7.9251	+11.7197	 +0.5017	 -4.4039	 +0.9880	 -0.7332
 +0.3396	 -0.2930	 +1.3325	 -4.5750	 +5.6791	 +2.2480
-22.3070	+26.8416	 +2.1700	 +0.2739	 -1.1852	 -0.0327
 -1.2343	 -2.0724	-18.9115	 +0.7166	 +0.5220	 -4.1236
+12.9353	 +3.6019	+11.3073	 +1.7236	 +2.2413	 -0.6873
 -5.6991	 +0.6138	-21.1210	 +1.0193	 +2.9689	 -1.3238
 +4.2142	 +7.7669	-13.3271	 +0.0469	 -1.8613	 +0.3548
 -2.0123	 -5.5013	 -5.6551	 -6.4878	 -2.5791	 +2.6509
 -2.7894	 -3.4978	 +2.1418	 +5.3291	 +0.6058	 -0.2953
 +6.5250	 +5.5534	 +6.4501	 +2.8370	 -1.4109	 +3.2038
 +0.8909	 +8.7956	 -0.1680	 -1.2907	 -2.5016	 -0.9070
 +4.8060	 -7.3923	 +5.8670	 +1.4536	 +1.3678	 +3.4578
 -6.8670	-22.0212	+12.1550	 +0.8522	 -0.7115	 +0.3723
+13.0573	 -1.3368	 +0.2213	 -1.1250	 +2.8031	 +0.4677
 -3.8395	 +5.3658	 -0.7383	 +1.4242	 -1.9802	 +2.8715
-20.3760	 +3.9989	 -2.9893	 +1.5512	 -0.4671	 +1.7362
 +3.1332	 -2.3872	 +1.0922	 -4.4569	 +4.7478	 -2.0734
 +3.6196	+12.5425	 +4.3479	 -0.9733	 +2.8627	 +1.6028
-15.7986	 +3.5337	 -6.7415	 -1.6762	 -2.3814	 +1.5317
 +8.0599	 +7.0145	 +6.7739	 -1.2943	 +1.5899	 +1.5361
 +2.9100	+12.2637	 +2.2292	 -0.8851	 +2.0011	 +1.6740
 +6.8146	+25.6836	+35.7537	 +0.6214	 +0.3661	 -1.2569
-12.5113	 -0.5375	 +0.6454	 -1.1627	 -1.5116	 +1.3438
 +5.0404	+21.7418	-12.2187	 -2.6279	 -1.3590	 +0.6172
+18.3792	-13.2285	+10.9205	 +3.5955	 +0.1581	 -1.7061
 -6.2467	 +1.2299	 -8.7487	 -1.1225	 +2.1446	 +3.2457
 -2.6263	 +0.0155	 +0.1296	 -3.3408	 -3.1072	 -4.9566
 +1.4618	 +1.8174	 -1.2400	 +4.3197	 +3.6755	 -3.9745
 -9.5985	 +1.4150	 -4.8673	 -3.8185	 +0.1648	 -0.6076
-18.5635	+11.4870	-27.0125	 -0.2545	 -0.9900	 +1.7421
 +4.4888	 -0.3668	-12.6038	 +0.9014	 -3.0249	 -2.7164
+22.7484	 -1.8573	-18.5103	 -0.4610	 -0.8184	 +1.9143
 +2.0423	 -0.1375	 -2.1218	 +1.5806	 -2.7829	 -4.3426
 +0.5738	 -1.7060	 -4.4651	 +0.3491	 -2.4509	 -0.4007
+11.7490	+15.8254	-13.8706	 +0.3035	 -0.5452	 -0.4167
-17.4001	+36.4951	-11.2806	 +1.6195	 +1.7695	 -0.0617
 -4.5016	 +1.2673	 +3.8971	 -1.5279	 +2.0355	 -2.2916
-10.9870	 -4.8283	-14.7646	 +0.8825	 -1.3862	 -3.5788
-10.7391	 +5.1752	+12.0613	 -2.1583	 -4.1908	 -0.1544
+18.4751	 -9.8999	 -9.4883	 -0.0377	 -0.5724	 +0.3512
 +7.2299	-17.7125	 -3.0080	 -1.8826	 -2.8229	 +0.3751
 +2.3597	 -1.8926	 +6.7809	 -1.0506	 -1.2696	 -1.1580
 +4.2123	 +7.5275	+13.9051	 -1.1523	 -0.0480	 +2.9310
 -6.3254	 +1.6136	-25.2649	 +0.4143	 +2.0812	 +0.0450
-12.8668	+20.3274	 +0.3025	 -1.6010	 -2.5812	 +1.3335
 +5.7698	 -6.3894	-19.9950	 +0.9850	 +0.5862	 +0.2209
 -9.8534	 -1.3160	 -1.8142	 +0.1027	 -2.1842	 +0.3932
+15.7834	 +6.7471	+40.1079	 -0.5234	 -0.5075	 +0.6502
-10.0382	 -3.1686	 +1.9737	 -0.0391	 -1.0544	 -1.5190
 +7.6945	 +1.4675	 +7.1410	 -1.0428	 +2.6894	 +1.0244
-13.4154	+19.5087	 -2.4879	 +2.5014	 -0.4658	 +1.5854
-11.1852	 +1.9642	 +2.6624	 -2.7076	 +1.5924	 +0.9169
-12.7389	 +6.6315	-13.1987	 -0.5056	 -1.9190	 -2.3325
 -6.9472	 +9.4635	 +8.2457	 -4.0997	 -0.2420	 -0.1333
 -0.3159	 +2.9887	 -7.3197	 +0.7294	 +1.6882	 +2.5649
-60.9450	-18.1498	-25.6402	 -0.5586	 +0.1548	 -0.0866
 -3.8256	 +1.4062	 +3.8547	 -1.4706	 -3.6709	 +3.3473
 +5.8207	 -2.4332	 +4.9952	 -0.2876	 -0.0133	 +1.6501
+11.4210	 -4.7627	 -4.6454	 +0.0315	 -0.9262	 +1.1484
