# Iterations: 21 of 100
# Total Energy: -6.701e+05
#    Kinetic Energy: 6.714e+05
#    Potential Energy: -1.341e+06
# Current Time: 2018-05-08 11:19:39.363900
# Elapsed Time: 0:05:52.748541
# 
# Med. Times for Sections
#    Force Computation:		12.750184
#        [12.82977612.75292712.79390112.93751512.93407312.69534812.70025712.74744212.64633812.728788]
#    Gather Particles:		0.993764
#        [0.8260451.5960660.9988770.7463790.8061971.6468050.9886520.7259061.5117651.645132]
#    Overall:		15.658943
#        [15.53162516.26046315.70485015.60728515.61303716.24415615.57733515.35836216.09669416.277565]
#    Scatter Particles:		0.002609
#        [0.0023180.0028820.0023890.0029780.0023130.0029390.0022280.0028300.0023270.003013]
#    Time Integration:		0.000076
#        [0.0000810.0000740.0000780.0000740.0000740.0000720.0000810.0000800.0000730.000080]
#    Tree Broadcast:		0.905413
#        [0.8779330.9092650.9012840.9169700.8965320.9047160.8894440.9061090.9363520.914798]
#    Tree Construction:		0.995999
#        [0.9954000.9991711.0082441.0032860.9737700.9941930.9965980.9759160.9997620.985674]
# 
# x	y	z	vx	vy	vz
# 
 -6.7327	 -4.4142	 -2.6608	 +0.4212	 +0.3305	 -0.3032
 +2.5073	-20.1541	-12.2337	 +1.1905	 +1.7889	 +1.6190
 -1.0462	 -3.5381	 +6.8371	 -1.7467	 -2.9375	 +2.8751
-22.8927	+25.8801	 -1.3798	 -2.3352	 -0.7245	 +1.1810
 -5.5154	-17.7027	 -6.3517	 +1.4550	 -2.5974	 +0.3149
 -4.5588	 +0.4710	-16.1631	 +2.6869	 +0.6680	 -1.1173
+14.4774	-14.8140	 -8.1873	 -1.1273	 -1.1048	 -1.0731
+11.9222	 +7.6165	 -6.0451	 -1.1134	 +0.4256	 -0.3975
-27.4893	-35.9180	-11.1936	 +1.8888	 +1.6383	 -0.1200
-12.2326	+22.2445	 +1.7220	 -3.3008	 -0.0340	 +0.6091
-24.7247	+10.5518	+17.5483	 +2.0757	 +1.0202	 -0.2452
 -3.8278	 -4.6194	 +0.5570	 -2.1209	 +1.8293	 -1.2416
 +4.5502	 -2.4204	 -3.7232	 -1.8739	 +2.8461	 -5.0790
+26.1965	+11.7379	-26.6601	 -1.1939	 +1.0010	 -1.2093
 -2.7024	 -3.5417	 -1.2730	 +3.5420	 -2.3433	 -1.3958
+12.0636	 +3.7301	 -0.4208	 +2.4466	 -1.6565	 -1.8954
 -8.1232	 -0.7011	 -8.6347	 -1.4578	 -4.4271	 +2.3386
 -4.4910	 -0.5243	-17.8848	 -1.6107	 +0.6332	 -2.0525
 +9.6236	 -6.8684	 +7.6516	 +0.4397	 -1.4304	 -0.4409
+105.6076	-28.3007	+78.4441	 -1.3588	 -0.8402	 +0.2089
 -7.4862	 -5.4498	 -2.8271	 +2.1934	 +1.6570	 -3.3352
 -4.0700	 +1.5914	 -8.0895	 +0.3744	 -4.5141	 +0.1137
 +5.8451	 +0.0962	-10.3503	 -1.0403	 +2.6496	 +1.6808
 -2.7783	 -5.1795	 +0.3828	 -2.8668	 +0.0069	 +4.8999
 +6.7730	 +7.1351	 -8.5280	 +1.5799	 +1.0483	 -0.4259
-34.2631	+19.3868	 +0.6669	 -2.2103	 +2.3937	 -1.3029
 -2.7372	 +1.0033	 -2.6293	 -1.8193	 -5.2643	 -3.0927
+11.0081	 -7.3655	 +2.8542	 -3.7089	 -0.4333	 +2.3210
 +8.9834	+13.7418	 +7.4709	 +3.1471	 -1.9669	 -2.1083
-19.3211	-19.5764	 -4.9929	 +3.2062	 +1.9805	 +0.5346
 -6.5480	 -2.9853	 -2.3768	 +4.4308	 -3.3388	 -4.6363
-55.9691	 +7.5334	 -1.0233	 -0.9191	 +2.0122	 +1.8291
 +0.0354	 -5.6261	-13.7175	 -4.3141	 -0.5920	 +1.6844
 -0.1640	-15.5872	 +5.5563	 -0.8297	 +1.6557	 -1.1926
-10.1044	 -2.9460	+21.6170	 +0.2130	 -0.6560	 +1.1967
 +4.3034	 +1.6945	 -0.4315	 +0.0542	 +0.7070	 +0.4564
 +3.2175	 -2.3565	 -3.2899	 -0.0772	 -5.1987	 +1.6626
 -4.5475	 +0.6756	 +4.8243	 +4.2959	 -3.3043	 +2.3118
 -2.4346	+31.8669	-11.7198	 -0.7548	 -1.5029	 +0.6129
 +3.6301	 -2.2924	 +1.7559	 +0.9466	 +4.3844	 +2.7060
+12.5582	-10.4420	 +9.9171	 +2.3026	 -3.7206	 +0.6687
 -4.7108	+11.0689	-12.3827	 -0.4102	 -0.9192	 +1.2088
 -4.9987	 -2.9830	-10.0820	 -2.1637	 +3.8667	 -0.4693
 -4.4376	 +3.9455	 -1.1750	 -3.9651	 -0.4707	 -0.9557
 -6.4700	+22.5042	-21.1826	 +2.3502	 +0.0645	 +0.6819
 +2.6133	 -0.0670	 -4.4544	 -1.2769	 -1.3274	 +4.8869
 -2.8453	 +0.6778	-11.1766	 +2.4413	 +4.6915	 -1.2507
+34.8769	 -5.1609	 +2.1824	 +0.1405	 -1.2841	 -1.5752
 -3.3917	 +4.7272	 +0.4439	 +2.4765	 +2.3361	 -0.5870
 -6.4442	 -0.3691	 -4.5183	 +2.2766	 +4.5986	 -0.0563
-34.1920	-57.1121	-38.4338	 +1.1184	 +0.2484	 +1.5814
 -1.4406	 -4.7456	 +0.5386	 -1.9151	 -3.1094	 -3.7751
+16.4812	 -9.9338	 +6.2870	 -0.1813	 +2.6002	 +3.9846
 +2.8196	+12.5148	 +4.6706	 +2.3621	 -3.8695	 +2.2576
 +5.1206	 -4.7186	+52.8980	 +0.4789	 +2.2133	 +1.9070
-27.4901	 -6.9146	 -4.3267	 -1.9754	 +0.3150	 -0.1827
+32.1629	 -5.1961	 +4.6617	 -1.2309	 +0.9557	 -1.0323
 -5.1245	 +6.3628	 +5.2907	 -1.4750	 -0.8665	 -2.8687
 -1.6173	 -6.4304	 -2.8275	 +3.7226	 +1.8380	 +4.1345
 +2.1426	-21.8615	 +8.4402	 -3.6577	 +1.1023	 +0.1590
-14.7091	 +1.0908	 +9.1766	 -4.2788	 +1.0127	 -1.4170
 -8.2980	 +3.6524	-20.7033	 -0.3933	 +4.0186	 -1.6922
 -2.4012	 -9.3393	 -2.5634	 +2.5788	 +1.8654	 -1.6002
 -5.8240	 -5.3771	 -8.3505	 +0.3288	 -3.1375	 +3.2953
 -2.4513	 -4.2497	 -5.8081	 -1.5435	 -0.8115	 +4.2209
 -7.2427	 -4.1051	-10.3335	 -2.3279	 -3.0041	 -1.9154
 +5.1734	 -1.8075	+22.3729	 +0.5832	 +1.0034	 -0.1374
-14.2088	-12.3886	+27.4472	 -2.4453	 -2.0210	 +0.5073
 -3.3132	 -7.7499	-20.2801	 +0.5378	 -0.8891	 +0.9154
 -4.0434	+10.8186	 -4.6657	 -0.3747	 -1.9532	 +4.1567
 -1.8198	 -4.9021	 -2.0386	 -1.8587	 -1.8917	 -1.9318
-13.0689	-12.0591	 -6.0448	 +1.8262	 +0.3656	 +1.1148
-11.8197	 +6.5045	 -2.6070	 +0.7074	 +0.3276	 -1.9767
-15.9202	+15.2806	-93.8659	 +1.9179	 +0.0087	 -1.4489
+26.5282	-28.1922	-14.1440	 -0.1380	 +1.5539	 +0.5675
-10.8777	+10.2094	-11.0790	 -2.6077	 -3.7099	 +0.9206
 -4.9148	 +2.8525	 -8.6009	 +1.3074	 +2.6251	 -1.0023
 -2.0794	 -8.8719	+13.1001	 -2.9076	 -2.3479	 -1.0351
 -4.0097	+10.0920	 -3.6987	 +3.0834	 +0.0945	 +3.0986
+20.8071	-14.9963	 -5.6872	 +2.6994	 +1.4914	 -0.0661
 -1.0474	 +0.9362	 -1.9836	 -0.8889	 +1.3915	 +2.9579
 +9.5618	 +9.8564	 -8.3208	 +0.3291	 +2.6456	 -1.1759
 -2.2410	 -0.5707	 -4.7437	 +1.9061	 -0.3922	 +4.6018
-10.9122	+24.5808	+14.7052	 -1.0133	 -0.0534	 +3.6456
+13.0903	 +4.4290	 +0.8781	 +3.1931	 +2.6475	 +2.9899
 +3.4304	+13.0154	 +8.9876	 -2.7682	 -1.6198	 +0.7847
-16.6769	 -4.8052	 +1.8231	 -1.4442	 +0.6148	 -2.9291
 -1.0009	+16.3590	 +9.2935	 -0.8091	 +3.0799	 +0.9461
 -5.1943	-27.6066	 +9.6590	 +2.0175	 -1.2554	 -1.3746
 +5.3617	 -9.0862	 +2.2568	 -0.9365	 -1.2410	 -0.6282
-11.4096	 -0.2081	 -3.0101	 -1.2885	 +2.1594	 +3.3247
 -3.4606	 -0.4211	 +0.8446	 +1.9417	 +1.4251	 +0.9055
-13.7234	-26.1797	-47.9871	 -0.7512	 -0.8940	 -0.4961
 +5.6113	 +2.5295	 -8.0381	 -3.6533	 -0.2737	 +4.1798
 +5.2172	+13.0808	 -0.0032	 +0.7401	 -1.0405	 -1.1693
 +6.9009	 -8.2209	 +3.3324	 +2.1067	 +1.0212	 -3.9610
 -7.5595	+32.9430	-19.6253	 -0.4968	 +0.0291	 +2.2122
 +1.8270	 -2.5482	+17.3624	 -1.8720	 -0.4704	 +1.7711
 -9.9193	+14.7074	 +1.6565	 -0.6983	 -1.2296	 -1.2544
-13.0660	-11.7035	-22.3462	 +3.0425	 +1.5943	 -0.7717
 +6.5344	 -1.6358	 -3.0842	 -1.8589	 -5.9050	 -0.7892
-13.4161	 -1.6917	-10.9205	 +0.4141	 -0.2596	 -0.7413
 -3.2211	 -0.0033	 +4.3222	 -0.8315	 -1.6868	 -2.2268
 -3.3358	 -6.9677	 -9.3960	 +1.1411	 +3.0209	 -3.0860
 -0.1089	 +2.8407	 -5.0395	 -0.9090	 -1.7623	 -0.9860
 -8.1531	 -0.5608	 +3.8023	 +3.3345	 +3.2363	 +3.3024
-16.5514	-17.8090	+21.8194	 +3.0604	 -0.4557	 -0.7436
 -7.2716	-14.0358	 -0.5948	 -0.5829	 +1.0593	 -0.2539
+25.8656	+10.1229	+18.1014	 +1.2018	 +1.8836	 -0.2200
 +1.6005	 +1.4197	 -8.1242	 +2.7849	 -0.1220	 -4.2365
 -5.2380	 +1.3361	 -2.9294	 +2.1726	 +6.0812	 -1.9811
+474.7532	+387.6239	-227.4782	 -0.2780	 +0.6744	 +0.3143
-138.8992	+98.8109	+199.7776	 -0.1128	 +1.1386	 +0.4442
 +8.3125	 -2.6545	 +9.9409	 +4.5968	 -1.4134	 +0.9484
 +6.6341	 +1.9139	+20.2072	 -1.6750	 -1.1324	 +0.6511
 +0.6074	 +9.6803	 +7.9998	 +0.0302	 +2.9413	 -2.1020
 +3.5786	 +5.1420	 +1.2061	 +4.1076	 -2.2879	 -2.4774
-73.9794	-16.0129	-10.1302	 +1.3062	 +0.1732	 -0.7526
 -3.3703	 +0.0767	 +0.6461	 -3.4509	 +1.5047	 -1.8178
+45.5079	-21.9379	-43.9792	 +0.5699	 -0.7344	 +0.2097
-15.2448	 +8.4408	 -6.7207	 +0.0315	 -0.7826	 -2.3325
 +0.0744	 -1.1414	 -0.8125	 -1.9401	 +4.2221	 -1.4706
 +2.4554	 -1.8600	 +0.7867	 +4.9698	 +2.0903	 -1.4273
 +1.0718	 -8.5450	 -1.4304	 -4.8907	 -1.8933	 +0.6286
 -4.0467	 +0.8698	 -1.5283	 +1.7772	 -2.7088	 +2.7814
 +1.2558	 -5.0533	 +2.5000	 -1.5459	 +2.8669	 +1.3983
-16.8711	 +1.0990	 -2.7806	 +0.8163	 +0.0953	 -3.1228
 -7.9787	 -4.1291	 +2.7548	 -2.1585	 -0.2435	 +0.7955
 -7.3824	 +0.0897	 -8.3641	 -2.7919	 +1.8488	 +0.8014
+12.6484	-12.8528	 +0.4120	 -1.5650	 -0.4102	 -2.5225
+13.9050	+32.6902	-162.4707	 +0.0705	 -1.1575	 -1.3206
 +6.9254	 -2.7683	 +6.6324	 +3.2505	 +2.1613	 -0.2238
 +6.5078	 -4.9233	 -8.8702	 -1.3002	 +3.1074	 -1.5179
 -4.4959	 -7.6416	 +2.4691	 -4.3805	 -0.3169	 +0.3743
 -2.4694	 +2.4082	 -1.6126	 -0.7249	 -2.9638	 -1.7271
-17.4543	+25.0573	-35.9011	 -0.5602	 -1.0763	 +0.6364
 -4.5313	-11.1511	 -7.4689	 +4.8977	 +0.7439	 -1.5369
+19.7481	-14.7933	+15.2076	 -0.8076	 -2.7966	 +1.2792
 +2.4430	 -1.9705	 +5.4718	 +2.1376	 -3.8634	 -0.6151
+13.4010	 -9.3569	-12.6900	 -1.5339	 -0.0924	 +1.4150
 +0.5388	 -4.4561	+10.4863	 +1.3803	 +0.7735	 +1.8489
+10.8593	 -8.2245	 +5.3999	 -2.8803	 -1.4172	 +2.7207
 +0.3225	 -2.4216	 -2.3822	 +1.0805	 +1.4831	 +1.3526
-32.4804	 +4.2087	-37.1968	 +1.9239	 +2.2197	 -0.1510
+57.9198	 +6.3624	+20.8541	 +0.6308	 -1.9093	 -0.1807
 +1.5467	 +5.4897	 -0.7889	 +0.0759	 +1.1500	 -4.1274
-28.0061	-71.2788	+45.5275	 -1.2944	 +0.9476	 +0.9925
 +4.1335	 +8.3569	 -8.1153	 -0.8102	 +3.4092	 +0.3771
+19.6916	 +7.7713	 -2.8832	 +0.6708	 -1.0187	 -3.3214
 -5.4128	 -4.0373	 -1.5224	 +4.6695	 +2.7597	 -2.3501
 +1.4961	 -5.3990	+11.0833	 +1.3363	 +2.9209	 -0.8680
 -1.8815	 -5.8491	 +0.7372	 +6.2518	 +0.6062	 -1.7104
 +4.2914	 -3.3678	 -1.3081	 -5.0685	 +1.9715	 -0.6401
 -7.7219	+12.6365	 -6.5815	 +0.4304	 -0.4179	 -0.8593
 +6.2678	 -1.4762	 -7.8004	 +1.4596	 -3.7902	 -1.7206
 -9.1557	 -2.8499	-17.6128	 -1.3206	 +1.7049	 +0.9435
 +1.0942	 +8.2113	-13.9273	 +3.2605	 -0.1302	 -3.0319
 +8.6571	 +2.5607	+28.5575	 -2.7501	 +1.1773	 +1.0107
 -6.9557	 +3.4849	 -7.8501	 +1.4638	 -1.8508	 +3.6796
 -6.5665	 +3.3461	 -0.5809	 +0.4138	 +0.2127	 -1.1789
 +2.0397	 +0.5156	 -5.0686	 -3.0927	 +3.9607	 +2.0433
-19.7203	 +1.9785	+10.0155	 +3.5282	 -2.3783	 -1.2226
 +6.6329	 +1.5662	 -2.3498	 -2.9936	 +1.3711	 +0.0869
+14.9085	 +8.1362	 +4.8715	 -0.5110	 +1.6337	 -0.0177
 -8.3483	 -4.3932	 -6.2039	 +1.6620	 -1.1587	 +3.8810
 +3.0575	 -2.5276	 +4.4349	 -4.7922	 -1.3299	 +2.7856
 -3.9042	 -2.5803	 +2.4364	 +1.1186	 +0.9674	 -2.8991
-16.2428	 -1.6781	-16.7351	 -0.0023	 -2.8719	 +2.3019
 -1.3235	 -1.5027	 -4.6333	 -3.4583	 +0.6127	 -0.5356
 +2.5673	 -3.7363	-14.2872	 +2.9072	 -1.6553	 -0.0232
-15.8622	 +2.2650	-14.8056	 -0.1292	 -1.0996	 -2.4393
 +2.1302	 +1.0981	 -3.5521	 +0.9164	 -0.3051	 +1.8133
 -3.7683	 +1.5756	 -8.0270	 -0.9254	 -0.3180	 -5.7170
+29.6683	-13.2881	+25.3886	 -0.5145	 -0.4409	 -0.4279
 -5.4926	 -1.2596	 +3.7901	 -0.8728	 +2.3582	 -0.8722
+54.5590	+26.2341	-26.1305	 -1.8732	 +0.9936	 -0.1794
-14.2162	-13.5740	 +2.8918	 -3.1941	 +1.4007	 -2.2402
 -7.3504	-24.5552	-10.4157	 +1.5302	 +1.0404	 +1.3691
 -0.8006	 -6.4928	 -3.2242	 +1.5402	 -2.4566	 +1.6312
 -2.2117	 -3.8296	 +2.0445	 +0.1049	 -4.2100	 -1.1654
 -0.9960	 +3.9991	 -2.7879	 -4.2117	 +1.5012	 -2.2325
 +3.8947	 +2.9752	 -9.1167	 -1.4352	 +3.8644	 +0.7505
 +6.5999	 +4.2689	 +5.5711	 +0.7572	 -0.1879	 -0.5965
+15.0564	+18.9671	-21.3932	 -0.5460	 +1.3658	 -1.5254
 +8.4407	 -0.7649	 +3.7706	 +2.5454	 +2.8068	 -4.2188
 +2.5432	 -2.0756	 +1.6771	 +1.1256	 -2.1919	 -2.3842
 +1.3297	 +4.4103	-11.0826	 +0.1713	 +1.3832	 +1.2988
 +1.3649	 -1.7436	 -5.4763	 +0.9034	 +1.6073	 -1.6730
 -8.3102	 -8.1971	 -0.0393	 -4.1329	 -1.6179	 -2.1593
 -5.1974	 +4.4237	-11.4368	 +1.2312	 +1.4069	 -1.3435
 -3.9495	-10.1819	 +4.9777	 -1.6459	 -4.6598	 +2.3077
 +0.3448	 -1.4795	 -8.5745	 +2.4097	 -0.2730	 -0.5783
 +0.0279	+25.2884	-30.0342	 -1.5774	 -0.5777	 -2.1025
 +2.3543	 -4.8755	 +5.4019	 +0.1284	 +1.9901	 +3.9568
 -0.6711	+10.0891	 -0.6727	 +2.0614	 -0.6588	 +1.4712
 +6.2417	 +2.5649	 +0.3890	 -0.3716	 +1.8166	 -0.3440
 +8.9464	 +4.2085	 +5.4224	 -2.4314	 +3.5620	 +0.6333
+32.0112	-101.3033	-36.7275	 -1.3233	 +0.1807	 +0.9609
 -7.5450	 +8.8512	 -2.2565	 -0.2829	 +3.2810	 +2.5188
 -9.8243	 -6.6716	-11.4842	 +2.0900	 +3.2590	 -0.0492
 -7.9290	-22.7078	-21.8327	 -1.5832	 -0.9581	 +2.5072
+26.7698	 +4.2995	 +6.4828	 -0.8352	 +1.4024	 -1.6342
 -2.3789	 +6.4664	 -3.0737	 -1.5248	 -0.6222	 +3.1349
 -4.1590	 +1.9383	 -0.4059	 -4.5466	 +4.3645	 +0.7610
-18.9633	 -4.9181	 +0.9978	 +1.0329	 -1.0802	 +1.5915
 -1.4874	 -0.7568	 +0.7999	 +3.0012	 -3.6070	 +0.2621
 -6.7600	 -2.5502	 +3.3570	 -0.6331	 +0.1572	 -0.3983
-13.6137	+20.8151	 -8.0335	 -3.1221	 -0.6236	 +2.9846
 +5.8792	+49.1794	-36.2528	 -2.0336	 +0.9339	 +1.0825
 -6.2311	 +0.8812	 -4.4256	 +5.1115	 +1.6658	 +1.4054
+11.2490	 +6.1388	 -5.3706	 +1.8665	 -2.0684	 -0.6827
 -0.3170	-10.6691	 +3.3635	 -2.3734	 -1.2849	 -1.4013
 +4.6312	 +2.2068	 -5.8938	 -1.6820	 +3.5049	 -1.7764
 +8.2433	 +0.9184	 -3.0055	 -5.0726	 -0.2281	 -3.0220
+20.4785	-11.3444	-18.0535	 -0.3439	 -0.2232	 -1.4404
+119.3683	 +4.9867	-43.8263	 +0.3312	 +0.1498	 +0.6813
+17.9903	+14.0651	 -5.3666	 +0.7077	 -1.2445	 -3.9476
 +3.4580	 -7.9093	 +2.6281	 +2.0937	 -0.0134	 -0.6640
 +6.8222	 +1.3814	 +2.5732	 -2.7469	 -1.9918	 +1.7460
 +5.1014	 -8.2661	 -0.3260	 -1.0173	 +0.3264	 -1.4521
+33.5617	-32.8120	 -5.9137	 -0.7547	 +0.0119	 -0.5801
 +1.2152	 +2.5117	 -2.3510	 +3.0926	 +4.7685	 +1.5193
-14.0316	 -9.4025	 -1.8504	 -1.6072	 +0.3813	 -2.4117
 +2.6738	 -2.9542	 +0.3379	 +2.3592	 +2.1373	 -4.0612
 +1.3994	 -4.9214	-10.8553	 +1.4111	 -0.2787	 -2.8204
 -3.3128	 +0.0396	 +2.0645	 +2.8430	 -1.2247	 -0.2026
 -3.6876	 -0.4508	 -6.8584	 +3.4600	 +1.9029	 +1.6810
 +1.6715	 +1.0350	 +2.9735	 -0.5694	 -4.5615	 -3.4700
 +7.1377	 +7.0366	 +1.9112	 +0.3127	 -1.4483	 -1.4253
-11.7109	 +6.5657	 +4.0374	 -0.5955	 -0.6202	 -1.1145
 -6.2719	 +4.2134	 -5.0999	 -0.3282	 -0.6176	 -1.1678
 +2.5317	 +8.9762	 -2.2759	 +1.0199	 +1.5590	 -1.2947
+10.8222	 +5.3720	-11.3888	 +1.0580	 +0.6348	 +1.9000
 -3.7823	 -6.8493	 -4.1617	 +0.4676	 +2.8451	 +2.4623
 -4.3139	 -8.0900	 -8.6538	 -0.9738	 -1.9891	 +3.8761
 -5.8699	 -3.4004	 +7.9916	 +0.5787	 +3.1648	 -1.2957
 +2.4782	 -9.2894	 +0.6952	 +0.6855	 -3.9887	 -1.9224
 -1.8098	 -7.0542	+17.3835	 +1.9271	 -3.4169	 +1.1449
 +5.3947	 +2.9245	 -5.4305	 +1.8370	 +3.0638	 +1.5896
 -2.0067	 -2.3428	 +0.5296	 +2.4047	 +0.0655	 -1.4902
-47.8186	 +8.5232	 -0.4627	 -2.1474	 -1.5008	 +0.4324
 +3.7213	 +4.0427	 +3.8230	 +0.0392	 -1.2250	 +2.3602
 +0.1087	 -1.9896	 +2.8195	 +2.2080	 +6.3198	 -0.7777
+10.0331	 -6.7127	 -3.9313	 +3.3235	 -2.2675	 +0.3050
 -6.4107	 -5.8293	 -2.7106	 -1.1578	 -2.8751	 +2.0586
-16.4268	 +6.8592	 +1.5560	 -0.0813	 +1.6865	 +1.1355
-32.0479	 -9.8914	+42.1662	 +0.1882	 +1.0899	 -0.4097
 +3.0011	 +0.4188	 +0.5703	 -5.3433	 -0.1657	 +4.1354
 -0.1795	-10.0560	 +6.9598	 -2.2864	 +0.7256	 -1.8274
-40.3195	-31.7143	-24.7384	 +1.5326	 +0.3072	 +1.4594
-20.2907	+19.5825	 +4.4203	 +1.5908	 +2.4414	 +0.8330
-13.7285	 +4.1511	-11.3005	 +0.8827	 -4.2151	 +1.1390
 +8.5289	 -5.0295	 +2.2885	 +1.7129	 -1.6165	 -0.2875
 -3.6079	 -1.9442	 -5.3173	 +4.4220	 -4.2612	 +0.3013
+1870.9522	-30.4875	+790.1751	 +0.2213	 -0.2337	 +0.0662
 -6.2003	 +3.6804	 +6.8268	 +0.0651	 +0.4895	 -1.4959
 -4.7062	 -6.4395	 -2.2657	 +5.3627	 +0.3922	 -1.1626
 -0.4092	 +2.0118	 +2.3656	 -1.3971	 +1.0576	 +5.9446
+26.3224	-16.3079	-15.0938	 -0.9073	 -0.0876	 +1.4118
 -6.1299	 -6.3532	 +0.5541	 +1.8171	 +3.2541	 +2.4295
-54.5662	-46.6628	-68.9837	 -0.9233	 -1.3522	 -0.3295
 +4.6614	-13.4799	-24.0700	 -0.0274	 +3.5094	 +0.8749
+21.5529	 +3.3193	+23.3208	 -2.0085	 +2.1281	 -1.4048
+19.1943	-27.8529	 +9.6601	 +1.1924	 +0.3633	 +0.4711
 -9.4746	 -1.8800	 -6.7390	 +0.3827	 +0.0453	 -0.0899
+12.4807	+27.8654	 -9.9813	 +1.6245	 -2.2417	 +0.3848
 -9.2876	+20.8741	 +3.4598	 -0.1884	 +0.5635	 -0.0856
 +3.7801	 -5.4164	 +0.3804	 +2.1223	 -2.6700	 -0.7000
 -0.6204	 +9.8837	 +6.6156	 +0.9455	 +1.1875	 +0.0056
 -0.5022	 +3.8084	 -5.6576	 +0.0684	 -3.9142	 -5.2676
 -4.4280	 -2.8166	+13.5291	 +0.6450	 -1.1758	 +0.6502
 +0.4682	 -3.9969	 -6.7794	 +3.1127	 +1.4340	 -1.6842
 +5.3224	 -1.2270	 -8.5465	 +2.2421	 +1.3281	 +3.1110
 +0.1280	 -3.3189	 +6.3346	 +3.3604	 -3.6854	 +0.3011
 -5.3022	 -1.7096	 -2.3488	 +3.5816	 +1.8354	 +1.4532
+22.2064	+14.8806	-25.0785	 -2.5441	 +0.1777	 +0.8389
 -2.1416	 +4.1051	 -3.4491	 +2.5217	 +3.2701	 +3.5490
 -1.5151	 +1.0367	 -2.8883	 -3.1584	 -1.4565	 +2.0794
 -0.8867	+13.2955	+14.1728	 +0.1684	 +2.6301	 -3.5252
 +3.4755	 -4.8745	 -6.5764	 -2.2519	 +2.3714	 +0.7815
-11.5884	 -2.2935	 -1.0844	 +1.3310	 +0.3492	 +1.3084
 -9.5868	 +7.1019	 -4.8358	 +1.3292	 -0.5391	 +2.0398
-12.5857	 +2.6878	 -4.0612	 -2.5173	 -2.4766	 +0.9679
+11.1641	-11.5724	 +0.7364	 +0.4019	 -0.4756	 -0.5563
 -1.8092	 +8.0025	 +6.2257	 +1.5922	 -1.0382	 -2.1543
 -6.5304	 -1.9524	 +1.2132	 +2.2541	 +2.4803	 -0.6789
-13.4623	 +8.1035	-17.2351	 -3.1887	 +0.5718	 +1.4248
-22.0873	 -4.0850	 +7.7802	 -2.6826	 -1.0667	 -2.3984
 -8.6254	 +4.2844	+11.8289	 +0.0955	 +1.1795	 -0.1658
-135.0078	-41.1719	+70.9003	 +0.6356	 -0.9597	 +0.7091
 -1.8495	 -0.0767	 +1.2307	 -1.1480	 -1.3535	 -1.2954
 +2.8430	 -7.2980	 +0.0602	 -3.9852	 -0.8545	 -1.5695
-10.6071	 -1.9168	 +5.1183	 +3.5074	 -2.9809	 +1.1019
 -7.3133	 +2.3335	 +2.8741	 +0.7414	 +2.6205	 -4.9691
-10.7982	+10.0517	-15.0732	 -2.2011	 +1.3107	 -0.1805
 +7.5516	 -2.8785	 +2.3720	 -0.3028	 +4.7202	 +1.2357
 -5.8180	 -2.0867	-12.5499	 +0.1854	 -2.6568	 -2.1351
-114.1588	-103.9946	+101.6888	 +0.3680	 -0.2840	 -0.0937
-20.6542	+30.5410	+26.2754	 +1.9288	 +1.6400	 -1.2508
-18.2258	-27.1920	 +4.5982	 -1.7956	 +0.0254	 +2.4556
-30.6443	+10.0998	-20.6230	 +1.2403	 -0.2563	 -2.8163
-10.6263	-23.9661	 -6.5939	 -2.3257	 -0.3833	 -0.7750
 +0.4666	 -0.4936	 -1.9783	 +2.2420	 -1.6935	 -2.9164
 -3.7889	 +0.1039	 -0.6333	 -0.6536	 -1.3198	 +3.1559
 -9.8422	 +2.9938	 -2.2116	 +3.1330	 +2.0216	 -1.9390
 +5.9528	 -7.9089	 +7.9898	 -0.5201	 +0.2643	 -2.1796
-23.6973	 -6.3424	 +3.3498	 -0.6040	 +0.5452	 -1.2419
-17.5685	 -7.4136	 +9.7051	 +0.6967	 -3.3006	 -0.5013
+22.9705	-98.4786	+22.0480	 -0.9487	 +1.1747	 -1.1680
 -8.2309	 +1.7750	 -3.6187	 -3.2277	 +2.3493	 +3.9875
 -0.9220	 -2.5154	 -7.3749	 +1.3715	 +0.3176	 -0.1551
 -3.6097	 -3.5708	 -1.8996	 +2.6003	 +0.6980	 -1.8734
 -2.7070	 +2.6794	-12.8635	 +0.5378	 -2.7839	 +1.4343
 -2.7246	 +4.3985	-10.0519	 -2.8873	 +3.0454	 -0.4168
 -9.6353	+13.4399	+18.2116	 +0.0151	 -2.4054	 +0.4290
 +8.2591	 -2.0622	+21.6634	 -0.5162	 -0.5925	 -1.0953
 -4.3359	 +8.5955	+10.2224	 +2.7248	 +1.6491	 -4.5997
 -1.7812	 +3.7916	 -2.8057	 -2.8290	 -1.9403	 +0.0570
 +9.2497	 -3.9552	 +0.5350	 +2.8170	 -2.6576	 +2.1275
 -4.7609	 -2.4986	 +3.7907	 -0.7090	 -4.0541	 -2.6748
 +2.4725	 +0.1005	 -5.6406	 -0.4222	 +0.9567	 +1.2611
-13.4268	-22.2653	 -6.5377	 -0.7848	 +3.8562	 +1.2805
 -1.2117	 -4.7794	 +2.0868	 -1.2098	 +0.9736	 -6.6979
 -4.8086	 +2.2089	-14.7354	 +0.2492	 -0.7836	 +1.1858
 +0.7749	 -4.9265	 -3.1775	 +1.9734	 +2.4176	 -2.0845
 -4.0820	 +9.2687	 +2.6798	 +1.0696	 +2.1385	 +0.5747
-156.5966	-52.1672	+202.1118	 +0.5187	 -0.6832	 +0.2397
 +2.7075	 -3.7913	 +1.0959	 -0.3872	 -0.4180	 +0.4466
 +5.0903	 -7.2641	 -7.5717	 +2.4207	 -1.5858	 +0.7350
+12.1954	 +2.9207	 -4.7325	 -0.5439	 +0.7368	 +2.2527
 +1.9866	 +3.7334	-11.0938	 +0.7777	 +4.7595	 -0.5440
 -2.4755	 +1.4173	 +7.5402	 +0.2332	 +0.1108	 -2.3006
+32.4588	+37.9314	 -0.2703	 -0.7481	 +1.8665	 -1.9300
 -6.5328	 +4.3256	 +8.5394	 +1.8276	 +0.9971	 -2.5993
 +2.2362	 -7.6384	 +8.3194	 +3.6714	 +0.2367	 -1.1103
-12.6063	 +3.1521	-20.8285	 +2.8006	 +0.6947	 +0.1920
 +1.4477	 +9.7869	 -9.2306	 +0.5226	 -0.9248	 -1.3428
 -4.6772	 +3.1986	 +3.7664	 -2.5444	 -1.2827	 -0.7928
 +1.9787	 +9.4149	 +4.1359	 -2.9011	 -0.0029	 -0.0574
 -0.2816	 +1.2702	 -5.6423	 +0.6159	 +0.4728	 -0.9601
 -9.0114	 -5.6883	 -9.6003	 +1.1975	 -1.4342	 -0.3494
 -3.5463	 -6.6059	 +9.8022	 -0.1438	 -0.4051	 +0.0105
+11.3929	 -2.1759	 +0.2292	 -1.6325	 -0.4308	 +2.8761
 -4.2629	 +1.1903	 -1.5838	 -2.8802	 +1.7909	 -0.2894
 -3.8183	 -3.4737	 -5.9208	 +1.6149	 -1.5128	 +2.1700
 +6.3372	 -0.2104	-10.6449	 -0.3585	 +1.4583	 -0.3508
 +0.5211	 +1.5269	 -5.5883	 -0.2116	 +0.3626	 -1.8577
-16.4684	-15.2298	+14.2012	 +1.2752	 +1.2642	 +3.8575
 +1.2401	 +0.0283	 +1.7526	 -0.1366	 +0.7867	 -0.7584
+12.8565	 -7.1772	 -4.8863	 -0.6372	 -2.3843	 +1.0025
 -6.7408	-10.1329	 -6.8731	 -2.1142	 +0.3755	 +1.9662
-16.1020	 +1.0199	 +8.5941	 +2.5659	 +1.0420	 -1.7709
 -1.0446	 -7.4913	 -1.9300	 +3.9553	 -1.4280	 +2.0876
 +6.0683	 -4.0079	 -8.9826	 +3.6039	 -3.1447	 +2.1375
 -6.0363	 +5.0814	 -1.6532	 +0.3486	 +3.1094	 -2.0111
-14.9857	+27.4174	-42.8143	 +0.5466	 +0.3697	 -1.2880
 +8.5976	-12.4020	-51.1127	 -0.0715	 +0.9808	 +0.3819
 +0.9984	 -3.1395	 -5.6475	 +3.9143	 -0.3647	 +0.7037
-15.8009	 +1.7231	 -7.8920	 -2.2817	 -2.5941	 -2.0355
 -0.0794	 -0.0436	 +1.9903	 -2.8901	 +2.3698	 +1.2975
-12.7914	-15.2874	 -6.0642	 +0.9708	 +3.0910	 +0.1065
-19.5757	-71.8637	 -2.8950	 +1.2517	 +0.7398	 -0.6943
 +0.2537	 +1.7988	 +7.7392	 -1.5454	 -3.0979	 +1.9946
 +1.6455	 +6.2597	 -6.1420	 +3.1016	 -3.0057	 +2.0495
+19.0535	 -6.9047	 -2.5803	 -1.1641	 +1.3708	 -4.2927
 -7.8368	+10.1482	-14.2928	 +3.4201	 +0.0177	 +2.8801
 -5.9454	 +3.9087	-19.2848	 +1.7854	 -1.0070	 -0.0537
-12.1065	 -1.1707	 -9.1310	 +1.6925	 +1.6006	 -0.8400
 -3.8839	 +1.7552	 -1.5156	 -4.5607	 +4.2602	 +0.8271
 +0.9852	 -2.3272	 -3.9337	 +4.1073	 +4.4817	 +1.1790
 -2.6035	 +1.4317	 -3.0873	 -4.7402	 -0.7511	 +2.0355
 -7.0214	-22.4333	-15.0577	 -0.7009	 -0.3113	 +2.3139
 -4.7272	 +2.6225	 +0.5880	 +3.0461	 +1.9982	 +2.3310
 +4.4580	+16.3853	 +7.7358	 +0.2482	 -2.5921	 -1.0446
-58.6537	 -5.0405	-10.0290	 +0.2040	 +1.2544	 -1.0769
 -4.3092	 +0.6386	 +0.0432	 +1.0834	 +1.6996	 +2.8104
 -2.0613	 -1.1262	 -7.7169	 +3.5860	 +2.5805	 -1.8685
 +5.5874	 -7.9838	 -3.5594	 +1.6599	 +3.1502	 -0.2427
 +1.4809	 +0.7316	 -6.0707	 +1.6583	 -3.2841	 -1.6857
 -4.3680	 -5.6944	-12.9224	 +3.2473	 +1.9774	 -3.6054
 +0.5791	-12.2902	-25.6348	 +0.5740	 +1.9122	 +1.8078
 -8.6693	 +7.0947	 -0.4341	 -0.6708	 +0.4859	 +5.5522
 -8.0199	 +1.8610	-11.7793	 +4.0735	 -0.0825	 -2.8159
 +9.2478	 +1.2779	 -3.0267	 +3.2488	 -2.4570	 -1.0822
 +3.1152	-30.0373	-19.8864	 -0.6646	 +0.4125	 -1.1211
-10.3028	+19.6672	 -1.3386	 -1.2993	 +0.9265	 +2.3900
 -4.7880	 -0.8665	 -2.9278	 +0.4433	 +2.3969	 +2.3529
 +1.8146	 +3.4079	 +5.4738	 -1.4076	 -4.1654	 +0.6962
 -7.2762	 -7.9227	 +6.2446	 -0.1694	 -3.0212	 +2.4311
 -2.8055	 +8.0416	 -4.4414	 +0.8566	 -3.4801	 -3.3375
 +4.7612	 -2.3279	 +6.3137	 -2.3087	 +2.1167	 -1.5873
 +4.3902	 +1.4798	-11.1570	 -4.8980	 -1.1179	 -0.5930
 -0.9808	 +6.6487	 +3.5089	 +1.6169	 +3.6339	 +2.5488
+33.9389	 +6.6545	 +3.8105	 +1.1088	 -0.0457	 +0.8221
-23.8881	+12.6143	 -0.0142	 +0.6321	 +0.3090	 +1.8419
 -4.4149	 -4.0898	 -8.6664	 +0.3136	 -1.0970	 +1.1058
 +5.5064	-19.9277	-18.6908	 -0.8810	 -2.6398	 -2.0794
 +6.4961	-13.6509	 -3.2573	 -0.8733	 +3.0577	 -2.4461
+10.1816	 +9.6778	 -3.3340	 +1.0236	 -1.1910	 -2.2284
-34.8812	 +7.8977	 -3.3100	 +2.3462	 -0.0827	 +3.3174
 +5.0392	 +2.9530	 -0.1284	 +0.0612	 +3.9324	 -0.3800
 +8.3386	 +7.8901	 +5.4903	 +0.3522	 -2.7484	 +0.3916
 -4.8457	 +6.3189	 -1.2872	 +4.1196	 +1.3099	 +3.1602
-12.4470	-10.1797	 +7.6486	 -0.6600	 -2.0649	 +1.8056
 -9.9649	 -0.1456	 +1.3942	 -0.1239	 -4.2239	 -0.4723
 +0.2887	-12.2486	 -7.4318	 +2.9073	 -2.3548	 -1.8132
 -0.4417	+14.9153	 -2.9365	 +3.7590	 +1.7624	 +1.7013
+16.0932	+13.2294	-15.6416	 +2.7809	 -1.4883	 -0.1103
-18.7489	 -6.4825	+14.8187	 -0.7466	 +2.7639	 +2.5375
+30.9071	 -7.2680	+67.2874	 -0.0503	 -1.8421	 +0.6647
 +9.2463	 +7.1735	 +5.1326	 +2.1122	 -0.5827	 -0.3038
 -1.5261	-14.0985	 -3.4593	 +2.7340	 +0.6817	 -2.0125
 +2.3754	 +0.0105	 +3.0238	 +0.4197	 -1.2420	 -1.3026
-19.0210	+11.0425	-16.0698	 +1.3701	 -1.2493	 +0.5910
 -6.6125	 -4.5374	 -5.7612	 +3.0470	 +2.1203	 +2.0470
+23.5566	 +3.2392	 -3.1557	 +2.4494	 -0.4634	 -2.1294
-10.4967	-18.1121	 -4.6311	 -1.7174	 +1.7335	 +1.6590
-13.0349	+12.8781	-12.4529	 -2.2385	 +2.6230	 -2.5759
 -5.5131	-21.4619	 +8.5751	 -2.6876	 -1.3923	 +1.8415
 -2.0328	 +3.9842	 -1.9714	 -2.2449	 +1.5193	 +2.6349
+10.0220	 +6.8257	 -9.8987	 +3.8729	 -1.3623	 -0.2553
 -1.0501	-20.1256	+14.2276	 +1.5493	 +0.3007	 +0.4699
 +0.0916	 -7.2552	 -6.1187	 +1.8305	 -1.4068	 +2.3230
 +1.7489	 -5.9462	 +1.9996	 -4.6131	 -0.1581	 -2.8437
-10.0327	 -3.1829	 +1.6260	 -1.0432	 -1.0398	 -2.1796
 +0.7854	 +0.5123	 +1.5408	 -3.5161	 -4.8004	 -1.9571
 +4.3701	 -6.8797	-15.3757	 -1.4834	 -1.7209	 +0.3580
+10.4119	 +3.2228	+27.4517	 -0.1842	 -1.8275	 +1.2680
 -2.4696	 -7.7073	 -3.0079	 -3.6607	 -2.2267	 +1.0900
 -1.8247	+11.7758	 -0.5830	 +0.6857	 +1.7901	 +4.4090
 +4.9005	 +2.6212	 -4.2661	 +1.6285	 -0.6053	 -3.2144
-11.9612	 +2.1517	+14.9640	 +2.0370	 +0.0706	 -1.9199
 -3.4032	 -4.0876	 +4.0093	 -3.4552	 -0.2614	 +3.4197
 +3.4749	 -0.5831	 +0.6643	 +0.8928	 -0.6557	 -2.8260
+34.1021	 +8.8212	-19.2640	 -0.4690	 -1.1287	 -0.1369
 -4.2966	+12.0904	-26.1448	 -3.2165	 -0.2344	 -1.6472
 +2.5088	 +1.1768	 +1.5551	 -4.1204	 +0.9729	 -1.2264
 -0.8996	 -4.2846	-10.5010	 +3.8900	 -0.6428	 +0.2942
 -0.6845	 -2.7619	 -2.6346	 -0.1890	 +5.8856	 +1.4796
 -6.3121	 +4.0107	 -0.8640	 -0.9876	 +2.9392	 -3.7844
 +1.6018	+10.7897	 -2.3876	 -0.2882	 -3.1175	 +2.8493
+15.2249	+12.0875	 -1.5094	 -2.7135	 -1.8520	 -1.3841
+25.6925	 -0.5517	 +5.9942	 -1.8487	 +0.8651	 +0.6738
 -0.4943	 +1.5832	-10.6892	 -0.7522	 -1.1036	 -1.9532
-12.0702	 +1.1542	 -1.3626	 -3.0405	 -0.8724	 -2.5577
 -0.3404	 +0.8834	 -4.8800	 +1.9159	 +0.2817	 +0.8467
 -2.6898	+12.9762	 -2.7411	 +1.9462	 -2.3463	 +1.8779
+18.0490	-63.6636	-33.7479	 -0.4154	 +0.8626	 +0.6671
 +1.9896	+10.8842	 +7.3413	 -0.3240	 -2.9514	 +2.8730
 +0.9815	 -3.1950	 -4.6992	 +2.1258	 +0.3443	 -1.8296
 -7.7770	 +3.3980	-11.1660	 +1.3662	 -0.3593	 -0.9567
+11.4304	+18.6070	+29.8834	 -0.9562	 +0.1348	 -0.8633
 -0.2581	 +0.5587	 -0.3688	 +3.2460	 -5.9604	 -0.8554
 +0.7551	 -3.2311	 +5.4591	 -2.5195	 +2.9574	 -1.9868
+16.4727	-19.5991	+22.9025	 -0.6210	 +1.1455	 -1.9398
 +2.1277	 -6.7009	 +0.5982	 -2.3718	 -1.9458	 +1.7058
-72.4424	-58.3268	+27.7577	 +0.5249	 +1.2274	 +0.5328
-14.1954	 -4.1393	-12.6698	 +2.0376	 -0.5817	 +0.2242
+60.9780	+43.4679	+41.9635	 -1.2044	 -1.2425	 -0.3254
 -5.0121	+11.0284	 -8.5089	 -1.6331	 -2.0982	 +2.8439
+10.0509	 -5.5287	 +0.3462	 -0.2486	 -2.3526	 +0.4647
-109.2198	+51.2665	-21.7917	 -0.5474	 +0.7836	 +0.2634
 +4.5908	 -4.2648	-15.7382	 -3.2498	 -0.0759	 +1.2076
 +5.9646	+11.0835	 +4.4511	 +2.0021	 +0.2491	 -0.4773
 +4.7310	 +0.7389	 -2.1418	 +2.2025	 +0.8659	 -4.0061
 -2.5762	 +0.9279	 -4.7176	 +1.1349	 +3.5356	 -2.6083
 +0.6470	 -3.7939	 +1.7282	 -1.9775	 +0.4611	 -1.7030
 -8.7589	 +6.8056	 -3.0822	 +1.2183	 +4.6156	 -2.0479
 -2.4300	 -0.3134	 +0.1274	 +4.5954	 +3.7396	 +0.3129
 -7.6795	 +4.0671	 -1.5426	 +2.0112	 -4.2764	 +1.2195
 -5.9476	 +8.5218	-12.1669	 -0.7569	 +5.2448	 -0.5051
 +6.0927	+11.3032	-11.8482	 +0.0072	 -0.3951	 +1.1036
 +0.8080	 -0.6942	 +0.8124	 -0.7473	 +2.4152	 -1.1176
 +3.0441	 -4.0577	 -2.2894	 +1.9080	 +1.6329	 -3.0225
 +2.7318	 +3.2550	 -4.2271	 +3.4654	 -1.5155	 +3.3571
-32.8559	+10.4353	+12.2969	 -1.4724	 +1.0869	 +0.6047
 -8.1875	 -5.4059	 +3.6634	 +2.3127	 +4.3193	 +3.2458
 -1.4430	-10.4945	 +7.5731	 -1.4005	 -5.1042	 +2.5690
-15.3740	 -3.7384	 +1.7841	 +0.8261	 -1.0211	 +4.1835
 -0.6472	 +0.5883	 -5.0392	 -2.1094	 +1.6259	 -3.1159
+10.4047	+15.0692	-20.6279	 -1.0629	 +1.2018	 -2.7599
 -1.1154	 +8.5729	 -7.6040	 +3.6778	 -0.9170	 -0.8918
-10.0486	 +1.6521	-14.0131	 +0.7148	 +0.8916	 -1.6532
 +2.7392	+12.6206	 -1.8929	 +0.6244	 -2.0231	 +1.5526
 +3.9154	 -0.2020	 +4.6468	 +0.9792	 -4.2858	 -1.5952
 -7.8631	 +3.8472	 +6.4172	 -0.9323	 +0.1083	 +1.1561
-14.5969	 -3.2800	+16.1320	 -0.7603	 +1.2957	 -0.7774
-42.9779	 +9.7023	 +3.9988	 -2.4799	 +1.5274	 +0.8415
 +0.1407	 +3.1017	 -2.1368	 -0.5898	 +1.1404	 +0.9538
-26.1532	 +8.3664	 +8.9061	 -1.2525	 +4.6790	 +0.2989
 -9.5631	-11.3561	 +7.2893	 +0.6336	 +0.4833	 -0.5975
 -2.9551	 +0.1597	 -2.0866	 -4.6871	 -3.4202	 -2.7961
 -4.7961	 -0.3325	 +2.5874	 +0.0339	 -1.3441	 +1.3395
-16.1068	-51.3028	+31.9215	 +1.8845	 -0.0055	 +0.8881
 -2.3035	 +9.5601	 +1.2756	 -2.0386	 -0.5830	 -1.4453
 -2.5589	 +0.7123	 -7.5456	 +4.5817	 -0.1017	 +0.7693
 +2.3475	+16.1947	+13.9777	 -1.8163	 +0.4334	 +2.1835
 +5.0071	+14.1142	+16.3761	 +0.4811	 +2.0021	 +0.9323
 -0.3953	 +5.6317	 -3.8097	 -0.5062	 +2.2704	 -3.6243
 -5.3352	 +6.3633	 -0.9431	 +0.8929	 +1.9583	 -0.8225
 -1.7545	 -2.0923	 -7.0210	 -1.7069	 -0.8696	 +3.1434
 -2.8115	 +2.8047	 -1.9274	 -0.3680	 +1.5361	 -1.3456
+10.2926	-11.1271	 +2.8548	 +1.2802	 -3.1088	 -0.6606
 -2.2577	 -0.7707	 -0.3012	 +0.4682	 +2.9914	 -3.9813
 -3.1432	+22.1497	 -0.7754	 +1.7948	 -0.0228	 +2.7183
 -6.1710	 -3.8060	 +0.8765	 -1.2532	 -3.7389	 +1.5587
 -5.6633	 +2.9625	 -1.1623	 +0.0223	 -0.5243	 +1.9091
+19.1207	+14.7981	 -3.0374	 +0.6743	 -2.0047	 +0.3113
-12.4300	 -2.1411	-11.2762	 +2.1810	 +0.1875	 -1.0522
 -1.7214	 -1.2101	+13.0088	 -1.2553	 -1.3161	 -2.5526
 +2.3997	 +1.6025	 -0.9694	 +0.9753	 +0.5943	 +2.2292
+10.3341	 +8.2597	 +4.9399	 -1.8822	 +3.4959	 +0.0212
 +1.0694	 +4.1510	 +1.6076	 +5.8595	 -3.0197	 +0.7862
 -5.4392	+10.9072	 -5.1251	 +2.3787	 -1.5891	 -1.0048
 +4.7692	+14.7980	-17.7612	 -0.2570	 +1.5406	 +1.2014
+10.9531	 +0.7481	 -5.6490	 +1.2779	 -3.6555	 +0.2634
-11.2917	 +0.6290	 -1.9468	 +0.8265	 +2.3744	 -0.4168
 +0.2661	 +6.8019	 -8.3310	 -0.6273	 -2.6173	 +0.7180
-12.0275	 +3.7742	 +9.1364	 -2.6581	 -0.1232	 +2.0951
 +8.3465	 -9.5517	+35.5651	 -1.0194	 +0.7896	 +2.0934
 -2.9127	 -7.3266	 -1.3447	 -0.4303	 -2.5978	 -3.0956
-16.2515	 +5.2586	 +0.7927	 -0.0731	 +3.7638	 -0.0302
 +3.1288	 +0.6712	 -1.9296	 +1.7515	 +0.5089	 +0.2943
+17.5331	 -9.6207	 +8.8461	 -0.0337	 +0.5942	 -0.6459
 -2.1293	 -5.7142	 -0.4975	 +3.2640	 -2.3406	 -0.5300
 -0.1318	 -4.5955	-10.6915	 +0.8907	 +5.9121	 -2.1635
 -2.5478	 -2.5418	-12.1705	 -3.1337	 -2.2605	 +1.1601
-23.3744	 +5.7274	-40.1075	 +1.0287	 -1.0971	 -1.1899
+15.2382	+17.0496	+29.4646	 -1.0315	 -0.8537	 +0.8288
 +4.9939	 -2.4946	 -1.5091	 +0.2591	 +0.6823	 +0.9855
 +2.6437	 +7.7776	 +2.4180	 -1.9136	 -1.3007	 -2.1462
 -5.4544	 +8.0126	+24.5111	 -1.2115	 +0.7788	 -2.6031
 -9.3156	 -3.5830	-10.5956	 +2.2352	 -1.9661	 -0.3352
 +1.0578	 +2.6169	 +1.0378	 -4.9550	 -0.6182	 +0.3420
 -8.2956	+14.8095	+13.0469	 -1.6980	 +1.2312	 +0.0446
 +3.7380	 -8.7958	-10.8658	 +0.5118	 +1.0134	 -1.9161
 -5.1495	 -2.9015	 +5.8754	 +1.8137	 -4.9921	 +0.7713
 -1.0660	 -3.0112	 -4.6603	 -2.7586	 -2.5196	 -0.5866
 -4.9107	 +4.4405	-11.8840	 +3.2529	 -1.2410	 +0.1653
-19.5351	 -0.5301	-17.0679	 +2.4904	 +2.3166	 +0.9763
-12.9118	 -6.8420	 -2.5082	 +0.8159	 +0.3134	 +3.1911
 +4.3974	 -1.1982	 -3.2643	 +1.0475	 -0.5720	 -2.4447
 -5.2511	 -3.8211	 -1.3241	 -0.5871	 +2.2660	 -3.0924
 -3.0726	 +5.8375	 +3.0695	 +0.9048	 -4.0808	 -1.1494
 -1.8200	 +2.7690	 +1.2661	 +1.3287	 +1.6194	 -3.0505
+21.8998	-14.8437	 +3.9161	 +1.4967	 -0.2672	 +1.1795
-14.5708	+19.0583	 -7.3114	 -1.2289	 -0.1226	 -1.0426
-10.6816	 +4.4334	 +2.2138	 -1.8035	 -1.1232	 -1.9379
 +0.9185	 +5.7505	 -7.0940	 -1.0613	 -2.6561	 -3.7280
-13.2532	-11.4798	+10.3386	 -1.4265	 +1.2508	 +0.0124
 +7.1641	+10.9143	-21.0685	 +2.7730	 -0.7806	 +1.8274
 -5.6010	 -5.5623	 -0.6937	 +6.2054	 +1.6710	 -0.6641
+20.2542	-12.0546	-25.6774	 +0.2295	 -0.1908	 +1.8740
 +2.3908	 -0.5998	 -4.1377	 -4.4118	 -5.8520	 +0.2497
 -6.4472	 +1.0758	 -4.6585	 -1.5862	 -2.3647	 +2.9986
 -1.3497	 -0.1512	 -0.3678	 +1.0232	 -1.9364	 -2.9834
+23.2454	 +5.5853	 +0.0427	 +0.3008	 +1.8769	 -0.2207
 +6.8859	-12.2924	 -5.5156	 -3.4081	 -0.0462	 -4.1767
 -2.4922	 -6.3475	 +2.0452	 -4.2540	 +0.2986	 -5.1252
+20.8669	 -7.0320	 -6.4799	 +1.3103	 +0.8014	 +0.1293
-19.2048	 -2.8502	 -4.6805	 -1.2104	 -2.0362	 -0.3846
 -6.7912	 +6.5579	 +5.6914	 +2.3330	 +1.5689	 -1.0129
 -9.3498	 -3.8388	-10.1700	 +1.5591	 +2.1597	 -0.8130
-15.4532	 -3.1217	 -1.2879	 +0.5274	 -0.3286	 +0.9112
-17.3886	 -3.6858	 -8.5834	 -1.4569	 +1.5491	 -2.9853
-24.3619	 -8.4242	 -5.6058	 -3.4382	 +2.5094	 +0.7858
 +1.7708	 -1.3691	 +5.8408	 -3.3744	 +2.4745	 -3.1294
 -0.6642	 +0.2941	 -2.9310	 -1.0381	 -4.2576	 +2.0287
 -3.1651	+17.1852	 +0.4667	 -0.9921	 +2.1974	 -2.5728
 +2.8072	+12.7270	 +2.9917	 +1.5726	 -3.3267	 +0.6581
-12.6674	+14.1898	-48.7361	 +0.0971	 +0.0497	 -0.2772
+10.0965	 +6.1830	 -1.8102	 +2.1747	 +3.0116	 -0.3893
+12.9557	 +7.4356	-12.4948	 +2.3576	 -1.3937	 -2.4148
-13.8986	 -3.0876	 -1.1368	 +1.7724	 -0.0862	 +3.1820
 -7.2307	+15.8891	-20.5086	 +0.8775	 +2.7381	 +2.5224
 -0.2390	-13.4074	 -3.9679	 -1.0436	 +2.5751	 -1.6792
 -4.7334	 -2.4439	 +1.3771	 -0.4678	 -3.5355	 -1.3561
 +0.5627	 -1.8492	 -7.1878	 -5.9540	 -0.1905	 +0.1354
 +2.4701	 +0.5631	 +2.0021	 -2.7041	 +0.2797	 +1.6992
 -9.5550	-12.3965	 -1.1041	 -0.1647	 -2.0358	 -0.1695
 -1.3706	+25.0177	 -0.7999	 +2.8573	 +0.0357	 -2.7226
 +0.0308	 +2.5586	 -4.4908	 -0.5645	 -0.1750	 +0.8481
+10.3383	+10.4588	 +7.1996	 +0.6709	 +2.1017	 -1.2858
 -5.3664	 -9.9999	 -4.3903	 +1.5922	 +2.0577	 +3.4854
 +2.8064	-10.2913	+17.8639	 -1.4951	 +0.7250	 +0.4386
 -3.5279	 -1.0451	 -9.0499	 +1.7544	 +0.7335	 -2.1438
 +3.7060	 +1.9959	 -8.7909	 +1.6177	 +1.0266	 +0.4152
 +5.9660	 +3.8753	 -0.2946	 -2.7066	 +0.7566	 -0.4186
 -2.1988	-18.0685	 +6.5042	 -2.4672	 +1.4049	 +0.5024
 -3.2633	 +5.2774	 -4.4847	 -1.7184	 +0.5323	 -0.5743
 +1.8446	 +0.1948	 -3.9868	 -1.5771	 -1.1102	 -1.0664
 -5.4299	 +1.3088	 -2.1663	 -1.3392	 +1.0207	 -3.3654
 -0.8737	 +7.2158	 +0.6697	 -0.2472	 -0.4224	 +0.5854
 -3.2760	 +2.5850	 -1.2887	 -2.8274	 -2.3983	 +2.2905
 +9.8048	 -2.5388	 +5.1024	 +1.5048	 +0.1068	 -1.2715
-13.2637	+21.4264	 -7.7295	 +0.9374	 -2.0308	 +0.8609
 -4.9673	-10.4072	-16.1264	 -0.4278	 +2.5839	 +0.8626
 +6.3940	 +1.0190	 -3.6029	 -0.0385	 -4.3412	 -0.9555
 -2.9876	 -1.0201	 -0.4825	 -2.7969	 -1.1940	 -0.5754
 -2.9337	 +6.0679	 -9.9732	 +0.1737	 -2.3701	 +0.3063
-18.6766	 +2.0784	+16.6011	 -1.3393	 +0.1768	 -3.8423
 -1.3348	 +6.2036	 +2.6557	 -2.9473	 +1.3415	 +6.3766
 -0.3981	 -2.6169	 +1.4023	 +0.5498	 -0.8380	 -0.3733
 +1.5306	 +1.9911	 -2.0705	 +0.9801	 +1.0887	 -0.8343
 +0.1923	 +8.1215	 -2.5085	 +3.7081	 +2.4332	 +0.7499
 +0.1165	 -4.2484	 +3.4295	 -1.9967	 -1.5055	 -4.6042
+21.6712	 -5.9146	 +6.1751	 -2.4185	 -1.6566	 -3.0839
 -0.3368	 +0.0092	 +1.8379	 +0.8771	 +4.0602	 +0.5529
 -1.9795	-34.3249	+57.9373	 -0.3755	 -1.1855	 +0.5294
 +0.4689	 -4.3565	 +0.5119	 -0.1427	 -4.1052	 -0.3872
+38.5043	+35.7994	-30.6088	 -1.7257	 -1.1809	 +0.5617
 +2.0988	 +4.9003	 -4.3336	 -0.2837	 -2.5601	 +3.1289
 -1.2456	 +1.7704	 +2.0798	 -1.0000	 -3.1835	 -2.8073
+52.0789	 +1.6722	-45.2681	 -0.2746	 -0.1701	 +1.4807
-14.5408	-31.7306	+26.5089	 +2.5378	 -2.0406	 +1.6339
+104.1519	+59.0266	+15.9455	 +0.0578	 -0.7884	 -1.6064
 -0.4233	+31.2353	 +4.3371	 +2.8234	 -0.8529	 +0.6517
+23.0713	+66.9609	-34.0195	 +1.1747	 -0.3492	 +0.0044
 -8.9609	 -9.9846	 +1.5559	 +0.0165	 +0.3107	 +2.2144
-10.0696	+18.1359	 -3.5931	 -2.9580	 -1.0641	 +1.1025
 -6.6983	 +1.8193	 -8.8556	 -5.7571	 -0.4699	 +4.5759
+11.2267	+27.7240	-48.8105	 +0.7346	 +2.6997	 +0.1680
 +6.5306	-12.6849	+42.9035	 +1.5008	 +0.9250	 -0.9442
+23.8248	 +6.2286	 +2.2338	 -2.1669	 +1.5461	 +0.9108
 -4.2859	 -2.1606	 -7.2851	 +2.2837	 -3.9558	 -1.6684
 +4.3372	 -8.0027	 -5.6762	 -4.9145	 +1.6629	 +1.0994
 +6.9902	 -4.4536	 +0.2147	 +2.6485	 -1.0668	 -3.3922
 +0.3188	 -2.8231	 -6.0579	 -3.0325	 -2.0218	 +4.5932
-11.6446	-10.0691	 -6.7249	 -0.5925	 +1.3976	 +0.6603
 -5.0853	 -4.0040	 -3.1479	 +3.1274	 +2.3508	 +0.1815
 +1.2055	+24.6079	 +7.1699	 -1.2070	 -1.8147	 +0.8567
 +3.6380	 +4.0459	-15.5472	 +0.3266	 +3.4818	 -0.4403
 +9.0082	+15.2241	-25.8736	 -1.5402	 +0.2357	 -0.1949
 -3.6652	 +6.7688	 -1.5107	 -2.1508	 +5.2724	 -0.5767
+18.5615	-21.6553	-10.9974	 -1.0286	 +0.7178	 -1.0502
 -4.1677	 +1.6092	 +3.0761	 -1.1543	 +1.4576	 +0.5025
 -2.6327	 +3.6758	 -0.2830	 +1.1171	 +1.9565	 -3.0931
+12.8463	-19.0938	 +0.3711	 -0.7317	 +0.6590	 -0.4024
 +1.9639	 +4.1920	-15.5790	 +0.3848	 -2.4350	 +2.2803
 -2.1992	 -5.9968	 -2.0040	 -3.2469	 -0.9516	 +6.2274
 -1.1349	 +6.1267	 +3.7646	 +1.4096	 -0.4676	 -4.7103
 +1.7841	 -2.3573	 +7.0511	 +0.5116	 +0.7445	 -2.4061
-23.3247	+23.1723	 +7.9654	 -0.1730	 +1.9370	 +0.9148
 -3.7530	-10.7056	 +2.6475	 -3.2317	 -2.4332	 -1.1857
-11.9193	 +6.3000	 +0.4536	 -3.9511	 -2.3224	 -0.8011
+11.1112	+10.7306	 +5.7199	 +4.3152	 -0.1687	 +1.4231
-10.8386	 +4.7278	 -5.1713	 -3.4453	 -0.2238	 +1.4472
 +2.9332	 +1.0154	+12.1200	 +1.4654	 -1.4023	 -1.3702
-15.0650	+66.0164	+20.8375	 +0.7247	 +0.3096	 +1.2636
+19.3900	 -6.7901	 +6.0000	 +1.7808	 +0.9765	 -0.7154
 +3.5626	 -8.1077	 +6.2577	 +1.8230	 -3.5349	 +1.1045
-12.6052	-33.8431	+25.5936	 -0.8909	 +0.4200	 +1.1490
-41.1213	+34.9097	+25.7855	 +1.2026	 -0.1760	 -0.6073
 -0.3307	 +3.4190	 +2.4896	 +1.7251	 -2.7402	 -1.3997
 -5.5464	-17.5320	 -6.4829	 +3.5349	 -0.0916	 +1.4724
+10.2944	 +8.3468	 +1.6303	 -3.4964	 +2.3127	 +2.2493
 -6.5473	 +1.8843	 -4.5305	 +1.4725	 -5.8957	 +3.2869
 +2.2061	 -1.8506	 +3.3348	 +5.8814	 -0.9060	 +0.9722
 +7.0881	+12.7007	 +6.3325	 +3.3382	 -0.1389	 +1.6561
 +4.3325	-32.4178	+110.3983	 -0.2982	 -1.4622	 +0.5688
-23.8681	+11.9822	 -3.4168	 +0.1183	 -2.8746	 +0.2779
 +4.5020	-13.7840	-17.9018	 +2.5424	 +0.6944	 -1.4893
 -3.3219	 +0.9166	 +3.0356	 -2.3973	 -3.5959	 +0.9443
+12.9071	 +2.0805	-12.3000	 -3.2645	 -2.3131	 +1.3613
 -5.5388	 -6.5916	-20.2021	 -0.5990	 +0.0321	 +2.0695
 -0.9446	 -6.8473	 +4.9643	 +3.4268	 -1.4716	 -3.3740
+25.7789	-25.6281	+39.3139	 -1.3059	 +1.1014	 -0.3163
-11.1621	-16.1308	 -7.0757	 +2.4762	 +0.1614	 -3.6039
 -1.7473	 -6.4653	 +1.7067	 +0.8611	 -4.7376	 -1.1446
 +5.0823	 +1.5866	 -2.0155	 +1.7191	 +4.9018	 -2.6431
-15.2208	 +5.8680	+15.3371	 -1.8979	 +1.8973	 -1.1319
 +8.9247	 -7.7839	 -2.5662	 +1.7048	 +4.1076	 +2.0237
+13.6732	 +5.7754	 +6.7618	 +1.2030	 -3.3885	 -2.2974
+14.5625	 +1.4080	 +4.2911	 -3.3098	 -0.4354	 -1.4077
 -0.0562	 -2.1242	+22.4392	 -0.3261	 +2.9686	 +0.7542
 +3.6978	 -7.2993	-13.4807	 -0.1942	 -5.3866	 +1.3796
 -2.4071	 +2.2534	 +4.6635	 +3.1034	 -2.6019	 +1.3053
 -3.4464	 +0.1471	 +3.9737	 -2.6619	 -1.1623	 +2.0453
-14.8129	 -4.2702	-10.3231	 -0.6783	 +0.7741	 -0.5033
-13.4924	 +3.0683	 +0.0276	 +1.2726	 +1.3156	 +0.7719
 +1.8188	 +7.8096	 -8.9959	 +0.1709	 +0.9613	 +2.1494
-20.0822	 +1.8551	 +8.6709	 +4.2779	 +0.5133	 +1.8535
 -3.2038	-10.7266	 +0.9533	 +1.1758	 +0.0473	 +2.9333
 -6.7511	 -1.9167	 -4.0862	 +0.3180	 -0.5380	 +0.4903
-12.0085	-12.1681	 +0.2239	 +0.5822	 +2.4254	 +0.7386
 -2.2675	 +8.5644	 +4.7530	 +1.8140	 -1.5131	 -0.1302
+27.6817	+22.5567	 -5.1821	 -0.7454	 +0.9664	 -0.2592
 -6.4801	 -9.2404	 -0.3797	 +1.5762	 -0.6959	 +0.7361
+25.6159	 +1.9244	 +6.5388	 -0.7384	 +2.2814	 -0.7331
 -2.4967	 -4.3066	 -5.4722	 -4.2528	 -0.0107	 -3.3372
 -5.1993	 +2.8592	 -8.4037	 -0.7465	 +1.6730	 -1.2929
 -4.9386	 +4.9876	-12.1553	 +4.3807	 -3.7424	 -0.5398
 +1.7639	 -2.6626	 +2.3875	 +0.3341	 -4.2531	 -1.8020
 -6.6623	-22.2395	 +6.0602	 -0.0369	 -3.5442	 -1.5822
-12.4363	 +9.5324	 +6.6125	 +1.3873	 +0.5545	 -2.9469
 -3.3593	 -5.2285	 -4.1771	 +1.2818	 +5.2374	 +2.3486
-14.9970	 -9.5972	+16.2435	 -3.2940	 -0.6559	 +1.0732
 -5.8382	 -0.1415	 +2.3689	 -6.3566	 +1.2400	 -0.1218
-16.3138	 -5.7395	 -6.9709	 -2.1308	 -2.7881	 +1.1161
 -0.6098	+25.0525	-13.0053	 +1.6930	 -2.1106	 +2.1192
-13.7079	+11.0150	 -4.1720	 -0.0917	 +2.9785	 +1.3767
 +5.7928	 -7.6219	 +5.6214	 -3.8405	 +1.2374	 -0.0403
+13.9076	-24.3648	 +1.4578	 -1.0035	 +1.2276	 +1.6289
+11.7726	 +1.7975	 +1.4426	 -1.0422	 +2.9301	 -1.1241
 +6.9046	+36.9713	-15.3873	 -0.0836	 +1.7169	 +2.2042
 +3.4025	 -3.5083	 +4.3529	 +0.6200	 +0.3573	 +3.0175
 -0.2759	 +8.5270	 -1.2086	 -3.4478	 +0.4368	 +0.2634
 -3.3976	 +0.3367	 -4.2335	 -1.3007	 -3.7259	 -1.3307
+86.9031	-28.9228	+52.4697	 +0.1497	 -0.9308	 -1.3632
 +1.0065	+12.2849	-13.3826	 -2.4360	 -1.7942	 -1.6965
 -2.0069	 -0.1629	 -8.3026	 +2.3538	 -3.6002	 -2.1060
 -2.4388	 -0.3237	 +7.5826	 +1.9340	 +0.9743	 +0.3563
 +2.9057	 +4.5624	-14.1029	 -0.8551	 +2.3973	 -1.0502
 -7.7292	 -1.4616	 +4.0048	 +2.6579	 +3.3447	 -3.4494
 +0.6674	 -0.7973	 +2.3333	 +1.8115	 +1.8078	 +3.2597
 +5.1013	 -5.1694	-10.2575	 -1.3759	 -3.1411	 -1.0065
 -7.8597	 +1.2110	+18.8033	 +2.2041	 -1.0790	 +2.5103
 +4.1440	 -7.2127	 +7.5660	 -3.3429	 +2.7580	 +2.3868
 +4.0321	+14.4346	+23.2317	 +0.6175	 +0.9382	 +3.8613
+10.1692	 +5.1186	+13.8561	 +0.8850	 +0.8659	 +2.3766
 +7.6161	 +0.4307	 -2.4058	 -1.5837	 +1.3761	 +0.1608
 -4.3426	 -8.9857	+21.9326	 +1.3647	 +1.0915	 -0.7619
 -8.3947	 +0.0932	+16.8442	 -1.7214	 -2.1960	 -1.9489
-20.8206	 +0.9941	 -7.8545	 +1.2264	 +1.0260	 +3.7088
 +5.3368	 +3.9182	 +3.5152	 -2.9396	 -2.4257	 -1.3979
-41.2984	+21.2441	 -0.0938	 -3.0149	 +1.4297	 -1.0392
 -3.1409	 -0.5932	 -3.1682	 +0.0426	 -7.3443	 +0.1103
-13.9496	 +0.8344	 -1.4305	 +2.0182	 +2.8146	 +2.2686
+18.9930	 +6.9341	 +8.5154	 -1.1986	 -0.9435	 -1.6768
 -5.0808	 +5.9368	+11.3698	 +1.9722	 -0.1839	 +1.8378
 +4.8541	-19.8924	 +4.0676	 -0.5149	 -0.6451	 +0.8889
 -5.1241	-13.1194	 -1.2344	 -2.2666	 +2.0289	 -1.6031
 -0.7439	+12.4320	 +4.7831	 +0.7866	 +0.1864	 +1.2395
-92.5705	-169.9786	+26.1216	 +1.0926	 -0.0002	 -0.0972
 +6.5457	 +4.0018	 +2.4535	 -0.7316	 -0.0213	 -0.1558
 -0.9104	 -7.1103	 -3.3385	 -3.8223	 -0.4645	 +2.6533
 +0.1718	 -3.3971	 -2.3530	 +4.1643	 +2.7061	 +1.5957
 -8.8818	 -0.9908	 +6.0837	 +1.6495	 -2.8575	 +4.8529
-10.4975	 -1.7805	 -3.7518	 -2.4859	 +0.0551	 +5.2879
 +0.0606	 +2.4968	 -6.7267	 +1.2096	 -2.9417	 -0.6958
 +2.5689	 -5.4759	-11.6850	 -1.8535	 -0.2610	 -1.3378
-15.0258	 -9.8275	+22.9354	 +1.5945	 -3.1190	 -1.0149
 +4.1677	 +0.6375	 +0.7592	 -2.5775	 +4.4140	 +1.5946
 +3.1452	 +3.2657	 -3.3831	 -1.2700	 -1.2114	 -2.2983
 +2.8129	 -8.5807	 +2.3757	 -2.5856	 +3.1708	 +2.8379
 +0.2717	 +0.0197	 -0.5228	 -1.2920	 +5.4103	 +4.5925
 -3.9192	 -3.2919	 -1.8925	 +5.6162	 -1.4569	 +0.6741
 -3.0592	 +4.7334	 +7.0321	 -2.8238	 +1.1556	 +1.5693
 -2.9119	+20.1309	 -7.2053	 -0.7868	 +2.8662	 +2.5675
 +9.4932	 +2.6965	 -6.3778	 +0.9111	 -1.7882	 +1.4370
 -3.9841	 -1.7186	-12.0632	 +0.8582	 +0.9883	 -2.4209
 +0.3067	+28.8175	-31.4291	 +0.2046	 -0.9982	 +2.3610
 -0.8596	-19.6751	+41.0880	 +0.4414	 +0.5356	 -1.7346
+17.9057	-21.7302	 -7.7965	 -0.5094	 +3.0138	 -1.3058
 +1.4734	 +3.6413	+16.4549	 -1.6194	 -1.1753	 -1.5644
 +1.8346	 +1.4375	 +5.1961	 -2.5325	 -2.2235	 -3.9574
-12.0496	+14.6274	 +0.0539	 -2.5231	 +0.0347	 +1.1758
 +4.8109	 -6.6190	+29.6831	 -1.5154	 +1.2432	 -0.9644
-47.0337	+20.1959	-75.7197	 +0.9971	 +1.8938	 -0.0217
 +7.9435	 -2.4491	 -1.3197	 -0.8100	 +3.1335	 -0.2182
+13.4195	-17.4328	 -4.9236	 -0.5961	 +1.3699	 +0.7506
 -3.1823	+15.4387	-13.3395	 -0.2887	 +1.3109	 -1.0214
-27.6336	 -2.6749	 -7.3868	 -0.2952	 +1.1067	 -0.0286
 +0.5135	 +3.5218	 +0.3347	 -0.7971	 +3.4619	 +2.6325
 -3.5616	 +6.3046	 +4.8532	 +1.6095	 -0.0607	 -2.6427
 -4.2629	-26.9271	-15.9873	 +0.7512	 +2.8411	 -1.3892
 -2.8597	+10.5796	 +1.2951	 +2.5074	 +2.8456	 +0.6845
 -5.6578	 +3.8803	 -1.8490	 +0.2768	 -2.8299	 +2.0103
 -0.9481	 -2.6147	 +8.7614	 -2.6260	 +0.6619	 +1.2727
+20.0839	+15.9950	-33.6771	 -1.0664	 -0.9569	 +0.3673
+29.6692	+40.7546	+68.6150	 -1.0375	 -0.5599	 +1.1001
 -4.5270	 +3.1974	-23.0103	 -1.7238	 -2.5918	 -0.7577
 +0.4354	 -8.6736	+14.0685	 +3.0105	 +0.3566	 +2.7708
 +1.1970	 +1.8532	 +2.5436	 -0.8527	 -0.1748	 -0.0264
 +2.3651	+17.3368	 +7.0017	 +1.7104	 -0.8473	 -0.0283
+68.4736	+28.4390	+34.4940	 -0.6239	 +0.1925	 +0.6752
 +2.1291	 -4.1379	 -0.9537	 -1.8591	 +2.4182	 -4.5874
 -1.0560	 +8.4664	 +2.3300	 -0.8462	 -2.5265	 +2.8228
-15.1690	 -8.2815	 +2.7315	 -0.5727	 +1.1031	 -3.2716
 +2.8055	 -3.2896	 -1.7116	 -1.7138	 +1.9401	 +4.1280
-41.6173	+10.6492	 +9.8230	 +0.9380	 -1.1129	 +1.8595
 -1.7292	 +3.0611	 -7.7900	 -0.7967	 +4.7489	 -2.6145
 +0.9917	 +5.2310	 -4.0577	 +1.3342	 +3.9593	 -3.9363
 -3.1407	 -9.2527	 -1.9145	 +3.7342	 +3.3280	 +0.8811
 -9.7182	 -0.0757	+29.5297	 +1.8224	 -0.1938	 -0.5725
 -7.0909	 -1.3766	 +8.2910	 -1.1169	 -4.8103	 -1.1248
-10.8936	 +8.7734	 -0.4003	 +1.3657	 -4.7212	 -1.0532
 +8.3272	 -3.4116	 +4.5079	 +0.9302	 -0.9990	 +1.1203
 +7.3432	 -4.6991	 +8.9411	 -3.8122	 -3.4610	 -2.0960
 -0.3582	-12.5317	 +8.0650	 -0.1741	 +1.0731	 -0.3384
 +4.4661	 +5.5055	-25.3775	 -1.6917	 +4.1043	 -1.0220
 -3.0506	 +4.1989	-10.1448	 -1.5132	 -3.2141	 +2.2710
 +0.8608	 +3.2919	 +0.3918	 -4.2258	 +1.2807	 +4.7877
 -0.9969	 -0.0312	 +5.2526	 +0.7823	 +0.5632	 -1.3304
 -4.9593	-20.9297	-11.1869	 +0.5990	 -0.1092	 +2.9812
 -9.0758	-10.9812	-16.1541	 +3.1177	 -1.0435	 +1.0093
 -3.4462	 +4.1900	 +0.1105	 -1.4594	 -0.1159	 +0.4847
 -3.9513	 -9.4244	 +9.1622	 -0.5392	 +0.8590	 -2.9295
+17.2120	+13.7681	-12.0304	 -0.3950	 -1.1537	 -2.3694
 -6.7405	 -6.3040	 -4.7207	 +2.4396	 +0.0410	 +0.1976
 +2.8820	 +2.0616	 +3.6384	 -2.3310	 +4.8120	 -0.5419
 -1.9240	 +2.1980	 +3.3193	 -0.7478	 +3.8182	 -1.9198
 -2.1365	+12.2744	-26.0463	 -3.5210	 -1.8445	 +0.1906
 -5.7738	 -4.1214	 +2.0420	 -0.2745	 +1.9995	 -1.1069
+18.9088	 +7.9546	 +3.6375	 +3.4181	 +1.2119	 +0.7450
 +2.5956	 +8.9097	 -2.5425	 +1.2532	 -1.6720	 +3.6345
 +4.2267	 +1.2853	 +4.1289	 -0.8425	 -4.8707	 +0.2464
-14.6422	+19.0477	+11.4537	 -0.0324	 +0.8347	 +0.1376
 -1.9884	 -1.7719	 -3.7447	 +0.6693	 -1.1229	 -0.1537
-15.6605	 +6.5041	 +6.8857	 -1.3785	 +1.1139	 -3.7293
 -5.4557	 +6.3177	 -1.9714	 +0.9004	 -1.8972	 -1.5344
 -3.5494	 -1.9035	-10.3014	 -2.1999	 +0.7741	 -0.7109
 +4.6354	 +4.5963	 -8.1843	 +1.1195	 +0.6854	 -2.2461
+22.6011	+12.3232	 -0.5719	 +0.0142	 -3.1562	 -0.2343
-84.1634	+42.9176	+24.6118	 +0.1181	 +0.1027	 +0.6106
-10.1251	 -1.8431	 +5.4559	 +3.0442	 +4.0642	 +2.3211
 -7.4203	 -2.2536	 -1.1805	 -0.1765	 +2.5995	 -1.8301
 -2.5783	 +6.0832	 -5.1890	 -3.9204	 +2.6340	 +1.7720
 -9.1343	 -3.9644	 +0.0033	 +1.3811	 -1.2156	 +1.7086
-20.0410	+11.7339	 +5.5520	 +0.2207	 -1.4958	 -2.0143
 -8.4328	+13.3530	-30.5851	 +0.8203	 +1.7278	 -2.0559
-16.8666	-19.0848	 -3.6919	 +0.1316	 -1.5835	 +3.0043
 -2.2255	 +2.1067	 -3.4561	 +1.5848	 +4.3651	 +2.2342
 +1.5230	+12.5343	 -8.6560	 +0.7676	 +0.9883	 -3.1842
 -1.3855	 +0.6076	 -9.1806	 +1.8095	 +0.5748	 -0.0234
 +5.6173	 -2.1736	 -3.3187	 -2.6310	 +0.0324	 -0.9530
 -7.1942	 -3.3573	-14.8433	 -3.1441	 +1.0390	 -1.7283
 -6.8052	 +1.1098	 -1.5275	 +2.6232	 +4.2650	 -4.2692
 +3.7148	 +1.4998	 +4.9447	 -0.0436	 +0.4038	 +0.4527
+30.7007	+20.9150	 +6.5736	 -1.4072	 -1.8310	 +1.8204
 +8.7173	 +3.4208	-17.4327	 +3.0273	 -3.0793	 -0.4246
 -6.1689	 -3.0111	 +5.9587	 -1.0166	 -3.2570	 -2.8363
 -4.5156	 +2.3272	 +0.5387	 +3.4138	 -4.6846	 -2.5098
+22.4962	 +1.8022	 +1.1001	 +1.0037	 -0.5453	 -0.3752
 -1.6909	 +2.4210	+10.3466	 +3.8819	 -1.1376	 -1.6326
 +6.1117	-13.8914	 -3.2313	 -1.6731	 -1.9638	 -0.9551
 +6.5782	-13.3729	 +3.9018	 -2.1073	 -3.1735	 -0.5698
 -0.1242	 +4.3630	 +2.5281	 +0.4592	 +3.2943	 -4.1625
+13.0184	 -8.0533	 -0.2711	 +0.9368	 +2.1788	 -1.8199
+19.0195	 +5.3942	 -9.4675	 +0.6830	 -3.7370	 +0.4345
-34.8445	-18.2605	+16.3405	 -0.2967	 +0.1228	 -3.0255
 -0.8200	 -8.4559	+12.3098	 +1.8990	 -0.5369	 +1.4270
 +1.6967	+11.9249	+15.0792	 +1.2250	 -0.8801	 -2.7331
 -9.4520	-10.2114	 -2.8514	 +1.6098	 +4.2226	 -2.7786
 +5.7596	-12.0543	 +1.3110	 +3.4097	 +1.4944	 +1.9238
-10.7432	 -4.9785	 -9.1602	 -2.5295	 -2.0116	 +0.7712
-40.7770	+25.8769	+37.2777	 -0.0902	 +0.5749	 +0.3263
 +6.3871	 +2.2911	 +4.9120	 +5.7131	 -0.4756	 -0.2191
 +2.4680	 +0.3599	 -5.0074	 -1.5053	 -2.5932	 +2.4480
 +3.5699	 +8.9548	 -7.0484	 -1.4538	 +3.5329	 +3.0879
 -3.6172	 +4.6887	 +2.2637	 -2.6891	 -1.3233	 +4.5288
 -4.3215	 -0.7407	 -3.9721	 -0.8826	 +6.1000	 +4.0771
+43.7086	 +5.9442	-16.6550	 -0.6403	 -0.7280	 +0.2641
 -0.3718	 -3.4717	 +0.9376	 +1.8790	 +3.8858	 -1.1204
 +9.1008	 +3.0878	 +4.8659	 -0.0829	 +2.2740	 +3.0246
 +6.7934	+13.3920	 +2.8140	 -0.5252	 -2.9306	 +2.1216
 -3.3967	-15.4733	-33.9977	 +1.0225	 -0.8012	 +0.8597
 -4.3784	 -0.0614	 -8.0352	 -1.3923	 +2.6023	 -2.0508
 +3.7797	 +1.4091	 +7.5949	 +0.5244	 -1.1575	 -2.3942
-102.6945	-32.5662	+85.2956	 +1.3919	 +0.1668	 -1.2292
 -2.5133	 +8.5401	 -7.8913	 +3.3746	 -2.1225	 -3.1408
+12.3283	-35.9859	 +8.3564	 -0.9685	 +1.7285	 +3.5992
 +3.0031	-24.7066	 -3.0012	 +1.0104	 -1.0775	 -2.2901
 +0.7129	 +0.8543	 +2.5020	 -2.4713	 -0.1317	 -3.6900
 -5.1505	 -4.9578	 -2.3769	 +1.0058	 -4.5145	 -3.2823
 +4.2333	 +6.6149	 -9.0337	 +3.7000	 -2.3737	 -1.3937
 +7.2205	-12.4041	 -0.4626	 +1.0178	 +1.0645	 +0.7041
 -2.0013	 -6.5105	 -8.3931	 -1.9102	 +1.3067	 -3.0816
 -9.7097	 -9.4600	 +6.4153	 -2.6504	 +0.0472	 +0.6353
+12.1676	-24.5480	 -6.1355	 -0.2024	 +1.2001	 -1.1805
 -5.4931	 -0.6487	 +3.2629	 +1.5001	 +0.5807	 -0.5299
-19.9227	 -6.3130	 +4.0890	 -1.6643	 -0.5216	 +0.1294
 -1.2527	 +1.1846	 +1.9492	 -0.7222	 -5.0957	 +4.2528
 -0.3559	 +1.5692	 +4.8236	 +0.3486	 -0.6882	 -0.9069
 +5.2165	 -2.8084	 -2.4204	 -1.6388	 -1.0219	 +0.3750
-11.6064	-12.7831	 -6.0505	 -1.3857	 -2.0925	 -3.7286
-64.9448	+23.3554	+50.8528	 +1.2089	 -0.8327	 -0.8217
-58.8226	-32.5943	+18.7362	 +1.2708	 +1.0141	 -0.5406
 -9.0926	 -8.5897	 +9.4905	 +0.7578	 +2.0524	 +2.5884
 -2.6170	 +3.6793	 -3.5621	 -0.1667	 -1.9563	 +0.8761
-77.8495	-125.2965	+119.3815	 +0.6638	 +0.0535	 -0.0820
 -4.8867	 +7.6262	 +0.0981	 -4.3528	 -3.8245	 +0.4416
 -9.7808	+11.6672	 -9.5863	 -1.8009	 -1.3333	 -2.7223
 +0.6816	 +3.8275	 -4.5528	 +0.7054	 -2.3667	 -0.0659
-47.2421	-25.8137	-13.7611	 +1.8221	 -0.5997	 -1.1739
-10.3174	 +5.0547	-10.8247	 -2.0251	 -0.0601	 -0.2107
 +5.9360	 +6.1457	-18.8709	 -0.7372	 -1.5011	 +0.0819
 +7.7104	-32.1844	+35.5595	 +1.3758	 +2.1347	 +1.6411
-12.0032	 +3.1846	 +1.4737	 -2.0736	 +0.2362	 -2.1343
 -0.4622	 -8.3223	 +7.3385	 -1.8993	 +0.7422	 +1.6998
 +3.5076	+15.3826	-21.8556	 -0.0096	 -2.3225	 +1.6162
 -7.1534	 +2.6425	+17.4125	 +2.4459	 -2.8339	 +1.2928
-17.3731	+12.8824	+22.4895	 -1.7777	 -0.3479	 +1.5920
+12.5771	+10.8480	 +1.6344	 +0.4380	 -3.0364	 +2.3428
+11.8836	 -2.6991	-12.2484	 +0.0959	 -0.6632	 +0.3694
-12.0211	 +2.6363	 -1.3831	 +3.3550	 +2.8333	 +0.6455
 -6.6459	 +4.5473	-16.6718	 +2.2069	 -1.8589	 +0.3463
-11.2969	-15.8934	-23.6535	 -0.2064	 -0.2407	 +0.3344
 -5.3708	-13.5131	 -5.8420	 +1.9309	 +1.4576	 -1.9706
-10.6619	 -9.7500	+21.0116	 -1.5594	 +0.1226	 +0.1462
 -8.7099	 +5.9855	 -9.8930	 -1.5793	 -2.8371	 -1.7897
 -9.7229	 +2.4436	 -5.6608	 +3.9895	 +1.0033	 -0.3779
-36.6765	+14.1332	+12.9715	 +0.0933	 +0.6668	 -1.5986
 -1.0334	 -8.4316	 -7.5263	 -1.1960	 -0.3105	 +1.5930
 -6.9014	-10.6969	+12.9357	 +0.8214	 +0.5028	 +2.4537
 +8.2603	+10.1129	 -5.3884	 +1.3005	 +0.8439	 +3.2200
 +4.8565	 +3.4370	 +4.9817	 -4.5313	 -0.3680	 -0.3814
-30.5603	+38.6877	-75.8328	 +0.4284	 -1.3915	 +0.6534
+11.8088	+21.2984	 -7.5173	 -1.4987	 +2.2893	 +1.3099
-12.1808	+76.9490	-52.1590	 -2.1227	 -0.6111	 +0.1548
-18.4119	 -4.6314	 -2.8832	 -0.2966	 -1.6224	 +0.3352
-15.6944	-17.3657	 -8.0883	 +1.0680	 -0.8608	 +1.9728
 +1.6538	+10.8338	 -4.8168	 -0.4017	 +4.9534	 +1.5156
 -9.8229	 -1.3255	+11.9731	 +2.9797	 +1.7085	 -1.1766
-20.0883	 -4.1072	 +4.5874	 +0.5192	 -1.0198	 +2.8390
 +1.6112	 +3.0186	 +7.2777	 +2.0533	 -3.4219	 -3.0850
 -1.8369	 -4.7809	 -9.1393	 +2.6725	 -0.7412	 -1.9219
 +4.3277	 -4.0341	 +1.7259	 +1.2744	 -0.7691	 +1.7127
 +2.6901	 +9.3607	 +5.5858	 -1.5556	 -0.2586	 -4.7567
-15.5561	 -0.0200	 +0.3041	 -0.1869	 +3.3657	 -2.0060
 +3.8664	 +2.5659	-10.0640	 -4.0153	 +2.3619	 +1.3371
+11.5915	 +7.6199	 -3.1456	 -3.0717	 +0.5262	 +3.4746
+10.5873	-24.6507	 -7.3955	 -2.8889	 -0.5011	 +1.8470
 -5.1053	 +0.9203	 -6.7682	 -2.9083	 -1.1480	 +4.2024
 -9.1360	 -2.2656	 +6.1417	 +0.0225	 +1.5925	 +3.6651
+11.1547	+10.6001	 +1.5555	 -0.7628	 +3.0349	 -0.6624
 -5.0173	 +7.5965	 +6.5037	 +2.3009	 +3.8303	 +0.9184
-143.7483	-179.2287	+114.0235	 +0.3696	 +0.8792	 +0.0917
 +4.3702	-10.1769	 +0.6860	 -0.1281	 +4.1057	 -3.3771
-17.1450	+47.6301	+46.2160	 -0.3318	 -2.1526	 -0.2129
 +5.8052	 +1.9585	-12.9465	 -1.5171	 -2.4714	 +1.9922
 +7.1385	+74.6937	-83.2463	 +0.0811	 +0.0156	 +0.3199
 +1.2728	 +1.0672	 -9.6983	 -0.7544	 -6.0538	 -1.5205
 -3.8870	 -5.1706	 +8.2098	 -2.4925	 +1.2647	 +0.2230
-14.4627	+25.7118	-25.2383	 +1.4877	 +0.1696	 -0.2512
-16.5259	-16.9260	 +0.8771	 +0.8652	 +2.9312	 +0.6247
 -1.7832	-14.0328	 +1.7259	 -4.5809	 -0.7476	 -1.2850
 -1.7859	 +9.4975	 -2.7939	 -2.9619	 +2.0408	 +1.2846
 -2.0812	 -5.2040	 -3.0035	 -0.0668	 -4.9474	 +3.2788
-10.2455	 -2.4335	 -6.6277	 -1.9730	 -0.1110	 +1.4852
 -4.3351	 +2.8900	 +3.1282	 +2.3229	 -3.0052	 -0.0433
 -8.7940	+11.8960	 +0.3508	 -4.2905	 +0.7875	 -0.7725
 -0.5731	 +0.8083	 +1.7888	 -4.5599	 +5.3807	 +2.2320
-22.2480	+26.5986	 +2.1622	 +0.3141	 -1.2420	 -0.0451
 -1.0929	 -1.9649	-19.7166	 +0.6983	 +0.5502	 -3.9394
+13.2673	 +4.0478	+11.1579	 +1.6029	 +2.2180	 -0.8000
 -5.4927	 +1.2087	-21.3689	 +1.0443	 +2.9785	 -1.1644
 +4.2139	 +7.3819	-13.2376	 -0.0457	 -1.9824	 +0.5316
 -3.3052	 -5.9833	 -5.0982	 -6.4385	 -2.2523	 +2.9134
 -1.7142	 -3.3691	 +2.1998	 +5.1254	 +0.3877	 +0.9607
 +7.0771	 +5.2563	 +7.0674	 +2.6922	 -1.5427	 +2.9819
 +0.6180	 +8.2634	 -0.3593	 -1.4342	 -2.8008	 -0.9998
 +5.0810	 -7.1037	 +6.5444	 +1.3041	 +1.5048	 +3.3154
 -6.6941	-22.1547	+12.2234	 +0.8763	 -0.6272	 +0.3143
+12.8048	 -0.7750	 +0.3129	 -1.3852	 +2.8136	 +0.4497
 -3.5393	 +4.9246	 -0.1700	 +1.5654	 -2.4359	 +2.8412
-20.0482	 +3.9012	 -2.6409	 +1.7198	 -0.5088	 +1.7469
 +2.1996	 -1.4400	 +0.6803	 -4.8622	 +4.6362	 -2.0167
 +3.4094	+13.0943	 +4.6570	 -1.1376	 +2.6469	 +1.4911
-16.1125	 +3.0493	 -6.4296	 -1.4732	 -2.4556	 +1.5849
 +7.7870	 +7.3206	 +7.0607	 -1.4246	 +1.4741	 +1.3422
 +2.7240	+12.6488	 +2.5695	 -0.9630	 +1.8779	 +1.7841
 +6.9382	+25.7544	+35.4990	 +0.6152	 +0.3431	 -1.2885
-12.7153	 -0.8372	 +0.9051	 -0.8908	 -1.4880	 +1.2562
 +4.5119	+21.4600	-12.0907	 -2.6558	 -1.4550	 +0.6610
+19.0905	-13.1910	+10.5741	 +3.5214	 +0.2130	 -1.7548
 -6.4432	 +1.6571	 -8.0778	 -0.8614	 +2.1223	 +3.4286
 -3.2716	 -0.6222	 -0.8520	 -3.0978	 -3.2273	 -4.8300
 +2.2958	 +2.5200	 -2.0498	 +3.9909	 +3.3462	 -4.0712
-10.3329	 +1.4457	 -4.9791	 -3.5342	 +0.1476	 -0.5130
-18.6103	+11.2864	-26.6582	 -0.2149	 -1.0144	 +1.7985
 +4.6571	 -0.9676	-13.1203	 +0.7860	 -2.9853	 -2.4640
+22.6492	 -2.0203	-18.1223	 -0.5282	 -0.8124	 +1.9631
 +2.3357	 -0.6802	 -2.9858	 +1.3524	 -2.6580	 -4.3112
 +0.6269	 -2.1927	 -4.5292	 +0.2160	 -2.4196	 -0.2177
+11.8033	+15.7080	-13.9480	 +0.2424	 -0.6252	 -0.3598
-17.0743	+36.8444	-11.2918	 +1.6382	 +1.7259	 -0.0507
 -4.7640	 +1.6602	 +3.4062	 -1.1177	 +1.8820	 -2.6104
-10.7994	 -5.0982	-15.4632	 +0.9886	 -1.3162	 -3.4165
-11.1592	 +4.3302	+12.0149	 -2.0482	 -4.2543	 -0.3022
+18.4574	-10.0094	 -9.4131	 -0.1352	 -0.5245	 +0.3979
 +6.8471	-18.2613	 -2.9309	 -1.9409	 -2.6743	 +0.3937
 +2.1311	 -2.1300	 +6.4769	 -1.2463	 -1.1282	 -1.7391
 +3.9765	 +7.5107	+14.4752	 -1.2021	 -0.1152	 +2.7791
 -6.2400	 +2.0296	-25.2421	 +0.4391	 +2.0788	 +0.1771
-13.1795	+19.8005	 +0.5670	 -1.5282	 -2.6823	 +1.3117
 +5.9609	 -6.2671	-19.9368	 +0.9285	 +0.6330	 +0.3547
 -9.8027	 -1.7472	 -1.7346	 +0.3902	 -2.1266	 +0.4004
+15.6771	 +6.6450	+40.2340	 -0.5386	 -0.5137	 +0.6133
 -9.8815	 -3.2438	 +1.7002	 +0.8836	 +0.9057	 -1.6044
 +7.4645	 +2.0029	 +7.3225	 -1.2445	 +2.6658	 +0.8001
-12.9068	+19.4046	 -2.1695	 +2.5805	 -0.5710	 +1.5986
-11.7009	 +2.2787	 +2.8288	 -2.4618	 +1.5522	 +0.7577
-12.8270	 +6.2397	-13.6521	 -0.3808	 -1.9938	 -2.2076
 -7.7567	 +9.3984	 +8.2036	 -3.9996	 -0.3993	 -0.2794
 -0.1707	 +3.2949	 -6.7524	 +0.7218	 +1.3577	 +3.0512
-61.0550	-18.1183	-25.6567	 -0.5417	 +0.1601	 -0.0793
 -4.1129	 +0.6613	 +4.4750	 -1.3879	 -3.7662	 +2.8947
 +5.7368	 -2.4287	 +5.3070	 -0.5415	 +0.0545	 +1.4750
+11.4049	 -4.9416	 -4.4080	 -0.1830	 -0.8650	 +1.2217
