# Num Particles: 1000
# Num Cores: 8
# Total Energy: -1.002180e+04
# Iterations: 761 of 1000
# Current Time: 2018-05-05 20:04:18.668622
# Elapsed Time: 3:00:53.988877
# Avg. Step Time: 0:00:14.262797
# 
# x	y	z	vx	vy	vz
# 
 -4.3566	 -9.9319	 +6.4307	 -0.9071	 -1.9180	 +3.5675
+19.5185	 +6.0998	 +9.5219	 +1.1899	 +1.1363	 +0.9003
 -8.9062	 -9.8741	-10.3861	 -1.1184	 -0.0502	 +0.6217
-24.9475	+46.9965	-12.7320	 -1.0804	 -1.2547	 +1.0153
 -2.5867	 -5.4704	 +2.1262	 -1.2787	 -1.4079	 +0.5705
 +3.6864	 +7.7033	-10.8256	 +1.8247	 +0.7317	 +1.2590
 -8.3802	 +5.9545	 +6.7708	 +1.9931	 +0.4012	 -0.5463
 -0.5110	 +8.8723	 -3.6906	 +0.2589	 -2.6671	 -1.4480
 +8.7300	-36.4034	-22.5372	 +0.0605	 +1.0064	 +0.8066
 -5.5815	-16.1252	 +1.8440	 +2.5055	 -4.3305	 -0.1874
-20.3157	 +7.6630	+18.6682	 +1.2401	 +1.3851	 +0.1613
 +1.7235	 +5.0828	 -1.7707	 -0.0992	 +1.8693	 -0.0158
 +5.3857	 +8.8323	+11.2256	 +0.6200	 +0.1537	 -0.6267
-21.7753	 +5.6424	 -2.0319	 -2.7686	 -0.8863	 +3.1759
 -8.7924	-11.5424	-13.1956	 -0.3913	 +0.7004	 -0.7867
-13.1521	-18.4476	 -9.4803	 -2.0980	 +1.8954	 +1.9081
 +3.7629	-28.9151	+18.2902	 +2.1552	 -0.0295	 +0.0366
-17.8551	 +9.2706	-22.3318	 -0.3316	 +0.6735	 +2.5977
 -7.7346	 -8.8755	 +4.5820	 +1.6397	 +0.0322	 -3.2182
-41.2118	-41.9110	+18.2139	 -1.5598	 +1.3179	 -2.4323
 -3.0999	 +1.4853	 -1.8998	 +2.6074	 -1.9631	 -0.9181
-11.2275	 +0.9396	-10.6522	 -0.8973	 -2.1094	 +0.3497
 -6.0977	-14.9360	 -2.7812	 -0.5205	 +0.6487	 -0.6458
 -4.2911	+11.9440	 +9.3290	 -0.1975	 +2.4736	 +0.2689
 -2.5029	 -7.3907	 +7.3503	 +2.0007	 -0.6444	 +4.5556
 -4.2324	+19.5561	-28.4517	 +1.8195	 -2.4490	 +1.7338
-12.2050	+10.3223	 -5.0354	 +3.4788	 -1.5281	 +1.1584
-12.5631	 +9.2750	 -5.2751	 +2.6132	 +0.9237	 -1.3305
 -2.0518	+22.6553	+11.8424	 +3.0636	 +0.2487	 -0.3671
-25.4233	+42.3834	+19.4517	 -0.8314	 +0.7047	 +0.3408
-17.6677	 -5.5494	 -2.4629	 +2.6178	 -1.5077	 -2.6085
+36.3555	+26.8863	+26.8771	 +1.0519	 -1.8356	 -1.5468
+36.9257	 -3.1535	-24.6148	 -0.2004	 -0.8284	 -0.5673
 -8.6058	 +7.4422	+10.5502	 -0.1619	 -4.6740	 -0.3935
+13.9023	-60.6044	+39.2626	 +0.5463	 -1.5034	 +0.4287
+220.1468	+924.1220	+58.2779	 +6.1538	+25.7604	 +1.8923
 -5.6533	-29.6348	 -3.5871	 -1.6612	 +0.7340	 +0.8802
 -8.7227	 -5.8986	 -3.4804	 -0.8661	 +0.7412	 +1.6183
+120.1288	+22.1522	+262.6438	 +2.0851	 +0.6989	 +5.2057
-18.7373	 -3.8690	 +2.5378	 -2.1345	 -0.5255	 +2.0046
 -6.6604	 -8.5933	-30.9600	 -0.3664	 +0.6641	 -0.6074
-39.2175	+14.9808	-18.3108	 -0.1440	 -0.3010	 +0.3146
 +2.6577	+10.6694	 +0.5532	 -0.5591	 -1.2197	 +2.0774
+10.6843	+11.3573	 +0.1692	 -1.7918	 +1.4431	 +0.7819
 -7.7398	+18.6350	 -4.8221	 +1.0899	 +2.8273	 +0.5152
 -4.6924	+12.4284	 -4.8677	 +1.3499	 +1.9032	 -1.4257
-11.8599	-22.3147	-14.9249	 -0.8777	 +0.8092	 -1.7208
-34.2039	 -6.6928	-30.7909	 -2.3943	 +0.3713	 -0.3282
 +6.4391	 -6.8545	 +7.6070	 -0.4353	 -0.2179	 -1.9019
 +2.9141	-16.2093	 -2.7422	 +0.0440	 -1.4800	 +1.3015
-36.8373	+67.8467	-62.2019	 -0.7389	 -0.2285	 -0.9055
+40.9516	 -9.6154	+73.7917	 -0.6037	 -0.3453	 -0.6197
+18.0811	 +8.6441	+43.0900	 -1.0977	 +1.6857	 +1.2580
+17.4018	 -2.2513	+12.0274	 +0.4585	 -2.8823	 -0.9720
+11.3256	+89.5940	+25.5770	 -0.1953	 -0.0751	 -1.4158
 -4.1387	 +8.2219	 +3.0776	 +3.6366	 -3.6258	 +0.1699
 +7.1161	 +9.9563	-19.5367	 -2.0712	 -1.2747	 +2.2340
 -6.6934	 -3.4338	 -1.4440	 -1.6914	 +0.7340	 -2.5219
 -6.3912	-11.1255	-27.7356	 +0.6439	 -1.3021	 -0.1072
-40.3365	+35.4724	 -6.6509	 +0.4637	 +1.4163	 -0.6527
+31.3210	-10.8368	 +3.3980	 +0.1013	 -0.2700	 +2.2193
+11.5363	-11.7685	+29.6814	 +0.6825	 -2.5278	 +0.7639
 +4.0285	-13.4184	 -2.2084	 +0.8334	 -0.4532	 -0.8866
 -0.8871	-27.6233	 -4.9661	 +1.4424	 +0.0485	 +2.3997
 +3.0048	-38.6710	 +7.9889	 +0.8886	 +0.2803	 +1.1362
+15.0562	+12.0564	-28.8153	 +0.5073	 +0.3302	 -1.7782
 +8.9087	+12.5721	-16.9439	 -0.4221	 +0.3625	 -1.7961
 -6.5968	 -5.2495	+44.0355	 -0.9976	 -1.1559	 -1.1359
+28.3951	 -5.2114	+22.4410	 +0.9178	 +0.7431	 +0.7042
-668.2628	+548.6161	+938.4545	-10.5279	 +8.7082	+15.1248
 -4.7854	 -5.7469	 -0.6090	 -4.4881	 +1.9215	 +0.1389
 -8.3786	 +6.9426	-14.8343	 -0.7563	 -0.9190	 -0.6515
 +4.6948	-14.4365	 +5.2303	 -1.2549	 +1.0483	 +0.9484
+113.8185	 +5.2594	-117.0168	 +1.3287	 -0.1991	 +0.3951
+49.5888	 -2.8957	+11.0850	 +1.2595	 -0.0547	 +0.7099
+24.2908	+20.6926	 -2.1075	 -1.2144	 +1.4407	 -1.9203
 -8.2118	+40.3138	-26.9281	 +0.3068	 +0.2813	 -0.2661
 +4.7561	 +4.4328	-29.1679	 +1.7734	 +1.0912	 +0.5845
-94.0554	+218.7454	-159.0828	 -1.2002	 +3.2333	 -1.9418
-39.9077	 +8.0564	 +1.1335	 -0.7156	 -1.4920	 -0.4717
 -0.9057	-15.5427	 -4.1570	 +1.5297	 -0.0110	 +0.0990
+12.3485	 -1.9353	 -7.2864	 -2.2408	 -1.8259	 +2.1150
+17.6276	-16.5040	-10.0280	 -0.6610	 -0.1325	 +0.9015
 -7.9834	+51.1995	 +0.0753	 -0.4112	 +0.8793	 +1.5953
-32.5373	+21.2161	+26.8630	 -0.5134	 -0.2457	 -0.5084
 +7.5958	 +4.7647	+13.3599	 -3.5133	 -0.8852	 -0.1072
 -6.0669	 +1.4522	-12.0788	 +1.3151	 +2.2620	 -1.8031
-62.8959	+46.9390	-61.0140	 -1.1486	 +0.5978	 -1.2664
-11.2030	-12.6043	+11.9925	 +1.7030	 -3.2864	 -0.1577
-18.2533	-13.1215	 -6.2551	 -1.1964	 +4.2003	 -1.4720
+14.2242	 -7.5558	+14.2829	 -0.2433	 -1.5172	 -1.0462
 +6.4802	 +0.9894	 +3.0620	 +0.5981	 +0.2483	 -0.6874
+31.4776	+46.8733	-21.0224	 -0.6910	 -0.6294	 -0.4891
+10.5025	 -1.3181	 -4.7264	 +3.8341	 -0.0736	 -0.1853
-17.0778	 -5.7447	 +9.9885	 -3.5383	 +1.2801	 +1.8762
 +5.7875	 -4.0912	 -9.0333	 -1.5826	 -0.0049	 -1.3381
 +7.6645	-51.0938	+14.7118	 +1.0160	 -1.1792	 -1.3755
 -5.2644	 +7.7564	-15.6299	 +1.9645	 +2.1165	 -1.6489
+20.2695	-19.7220	 +5.5977	 +0.2873	 +1.4406	 +0.9788
+11.3614	 +4.8653	+28.0584	 -2.1069	 -1.2353	 +0.3413
-33.8371	-46.8743	+11.0279	 -2.3786	 -2.2901	 +1.0588
 +7.1915	-24.8987	-12.8393	 +0.2498	 +1.5599	 +1.6075
 -2.0524	 -1.4619	-10.7294	 +1.3099	 +0.9941	 -0.0366
 +5.5559	 +0.4180	-10.6184	 +1.5520	 +1.6363	 +1.3097
+476.3009	+119.8353	-241.3804	 +6.1650	 +1.5731	 -3.0454
 -3.8478	 -7.9974	-11.0186	 +0.6593	 +0.9913	 +0.7924
+24.5323	-10.1775	 +2.0951	 +3.0792	 +1.5399	 -2.0719
 +2.7996	-17.0615	 +4.8699	 -0.8221	 -2.7434	 +1.0486
-31.2741	-10.8091	-16.2261	 +0.1103	 -1.2727	 +1.3232
+18.6601	-13.3412	 +8.2987	 -1.4128	 +0.8428	 +0.6728
-12.1102	 -0.5318	 -8.7196	 -0.0663	 +3.6146	 -2.9844
+451.5031	+437.0230	-202.6050	 -0.3332	 +0.6253	 +0.3397
-139.5144	+178.0189	+221.4284	 +0.0782	 +0.9476	 +0.1504
 -3.1324	-10.1043	 -7.5423	 -1.9006	 -0.1727	 -0.9892
-12.0104	 -6.9705	-11.8906	 +2.3349	 +2.3461	 -2.0480
 +1.4976	 +8.0947	 +1.8164	 -1.7427	 +1.5788	 -2.0131
 +4.4818	 -2.9513	 +9.2641	 -0.0497	 -3.6349	 +0.0934
 +1.5273	 +1.6612	+99.4855	 -0.6411	 -0.1566	 +0.5554
-179.7057	+170.3660	-226.8592	 -5.8747	 +5.9456	 -7.9814
-50.7287	+50.9966	-37.9518	 -0.0138	 +0.2660	 -0.8700
-11.2656	 +9.7997	-12.8427	 +2.5159	 -2.2593	 +0.0480
 -5.6227	 +7.1245	+10.5849	 +1.9337	 +0.4874	 +1.0710
 +9.6505	 -4.0619	 +9.4919	 +3.3959	 +0.9494	 -2.2112
 -5.3091	 +3.5280	 +9.3108	 -1.5289	 +1.7972	 +1.1364
 -9.7955	 -9.6315	 -1.3419	 -0.7270	 -4.9346	 +1.0833
 +3.6326	-22.4291	 -8.7664	 +0.4558	 -3.2645	 -0.4390
 +3.8804	 -5.9819	+18.5363	 -2.3541	 +0.3723	 -0.3603
+59.8891	-18.6998	+23.0290	 +1.5126	 -0.5925	 +0.6934
 -2.7972	 -4.4193	 +0.2104	 -1.0959	 -0.3218	 +0.3204
-10.9514	 -4.1131	 +0.7478	 -2.3679	 +1.9430	 +3.1560
+16.0742	-56.6883	-226.9932	 -0.0011	 -1.1377	 -0.4820
 +9.9094	 +6.2148	-37.4709	 -1.4343	 +1.1008	 +1.4977
+14.5074	+11.0193	 +5.8943	 +1.8156	 +1.0387	 +1.8444
 -0.6371	 +5.6147	 -4.2962	 +1.6176	 +0.3459	 +0.0119
-11.2612	 -5.4515	 -2.1231	 -0.6740	 -3.1337	 +0.7738
-49.1612	-22.7721	 +8.6611	 -0.9494	 -0.9240	 +0.7651
 +7.2550	-20.7375	-12.2655	 +2.0517	 +2.2658	 +0.1013
-34.4509	 +0.3786	-22.8712	 -0.9007	 +1.4377	 -1.8286
 +3.6885	-13.7993	-11.0145	 +0.0837	 +2.5741	 -1.6567
-114.5446	+109.4973	+56.4668	 -0.7249	 +0.8287	 +0.3181
 -4.3127	 -9.9663	 +5.0920	 +2.4280	 -0.2248	 +0.9004
 -1.2954	+19.8038	-25.6071	 +2.8057	 -0.1571	 +0.1713
+741.4661	-242.9804	-192.4692	+13.5752	 -4.3420	 -3.3385
-30.4451	-63.3941	+28.7248	 -1.4075	 -0.2315	 -1.2409
 +3.0634	+50.3741	+14.2917	 +2.4135	 +0.9249	 +0.8180
+14.1863	 -2.6144	 -8.0285	 -0.4732	 +0.2293	 +2.0091
-33.8195	+54.0513	+14.1445	 +1.6173	 +0.8850	 -1.9091
 +0.4994	+11.1209	-13.0655	 -1.9800	 +1.6099	 -0.9367
 +9.1992	 +9.5349	 -2.5572	 +0.7730	 -0.9320	 -4.2414
 -5.9990	+30.8278	 +5.7041	 -0.7120	 -1.1084	 -0.2302
 +4.6936	 +7.1029	 -1.3499	 -1.1124	 +1.5548	 -1.0215
 -4.7662	 -5.2585	 -1.2285	 +1.9195	 -0.6514	 -1.8013
-14.4919	 +6.5039	 +2.6810	 -0.8958	 +1.6739	 +0.2005
 -7.1110	+16.1371	+22.6343	 -0.9503	 +1.0336	 -0.4378
 -4.2182	 +2.4042	-10.6903	 -1.3809	 +1.1522	 -1.8808
+19.9891	 -1.1704	+26.5345	 +1.1872	 -0.6392	 +0.5781
+19.1384	 -9.5465	 -1.5394	 -0.9358	 -1.1933	 +2.4058
-22.6803	 +4.1719	-19.0415	 +1.5550	 -0.6939	 -2.6602
 +1.6842	 -5.6329	 +0.5921	 +1.4999	 -1.9481	 -1.3311
 -3.2795	 -6.2283	 -1.5514	 -2.7133	 +1.9768	 -1.0174
+12.1637	 -8.0738	+70.2432	 +0.6132	 -0.8741	 +0.3770
-19.9739	-27.2805	+12.9461	 +1.1310	 +0.8966	 -1.1803
-11.1831	 +4.5191	 -1.8985	 +1.6296	 -2.0334	 +1.0177
+33.1140	 -6.6877	 -9.8476	 +0.5617	 +1.4898	 -0.2927
-13.6601	 -3.4585	 -6.0497	 -0.4990	 -2.9265	 +1.2043
 -8.9192	 -5.8327	 -3.6240	 +1.9992	 +1.9619	 -2.5791
 +0.7984	-16.9465	+11.9212	 -1.1917	 -2.3938	 +1.0087
-33.0899	 -5.6077	-20.6168	 -1.3329	 -1.1636	 +0.5253
-16.7106	 +6.2531	 +0.2232	 -0.7275	 -1.5569	 +2.7036
 +1.8542	 -7.4252	 +4.8741	 +0.2994	 -1.0813	 +4.1189
-12.4002	 +9.1472	-24.0268	 +1.4331	 -0.9538	 +0.2420
 +3.7618	 -3.7614	 -1.5629	 +0.0355	 -0.1316	 +0.2144
 +6.4532	+19.5886	-16.5929	 +1.2397	 -1.0845	 -1.7438
 +7.3779	-51.9668	+18.0137	 -0.2488	 -2.0765	 +0.3448
 -3.4857	-34.7331	-10.2050	 -0.2919	 -0.7396	 -0.5671
+27.8524	-92.3255	+38.9295	 +1.4716	 -0.6510	 +0.1037
+18.7248	-25.2836	+21.5644	 -1.2949	 -1.6578	 +0.0743
+32.3806	-25.4558	+22.0671	 -0.6915	 +1.2736	 -0.2785
 +7.1516	 -1.2966	 +4.5475	 -0.1811	 +1.5087	 -0.9317
 +8.2469	 -4.7372	 -7.7898	 +0.9380	 +0.9814	 +2.2217
-632.5685	+101.4716	+254.1405	 -9.7109	 +1.5543	 +3.8097
+39.1793	-99.3912	+19.5438	 +1.9853	 -4.2874	 +0.9952
-13.2966	-14.7368	-33.1826	 +0.5312	 +1.1961	 -1.1138
-35.8144	 -7.9334	+17.0729	 +0.3642	 -0.6213	 +1.2065
+12.8573	 -5.1933	 +7.6086	 +0.5139	 +2.9146	 -2.8980
+24.8130	+62.0945	+38.7538	 +2.3614	 +4.5914	 +2.7409
 +9.7141	 -9.8106	+20.5928	 -0.8032	 -1.0469	 +0.8435
 -4.3645	-11.3551	 -1.1644	 -0.0869	 -2.1089	 -0.4278
+11.5985	+21.9495	-14.2050	 +0.7673	 -0.3867	 +0.8542
 -1.4057	+13.9657	 +2.3656	 +0.4268	 -0.4397	 -0.1017
 -7.4105	-44.8154	 +2.2062	 +0.1776	 -1.1956	 +0.0915
+11.5656	-13.8069	 -6.0051	 +0.0595	 -0.7818	 +1.0726
 +5.9374	+25.5303	-22.9094	 -1.8946	 -1.8768	 -0.7719
-11.4406	 -4.8317	 +1.4993	 +1.4683	 -2.1229	 +0.1444
 -5.2406	+13.1292	 -0.0887	 +1.2845	 -1.8006	 +1.6366
-14.5180	 -0.3879	 +2.3541	 -0.0540	 -1.3394	 -0.2676
 +2.5528	-52.6689	+11.0775	 -0.2007	 -2.7971	 +0.7234
 +5.4079	+50.1755	 -0.3011	 +2.4963	 +1.2996	 -1.6729
 -4.0569	 +8.2245	 -7.8423	 +1.7492	 +1.3350	 +2.2650
+11.8557	 -2.9031	+17.2243	 -0.1407	-10.1056	 +0.4048
-17.4308	-27.4673	 +2.3193	 -0.3208	 +1.3568	 +3.3715
-28.9018	+19.4520	-22.3472	 -1.2996	 -1.1866	 +0.5084
 +1.4131	+29.8615	-11.8980	 -1.6953	 -1.8402	 +2.4055
 -1.4850	 -6.2010	-16.5355	 +0.2189	 +2.2871	 +2.0951
+17.2686	-10.1477	 +0.7928	 -2.0283	 +0.3983	 -1.6575
 -0.3130	 -3.5013	 -2.7388	 -2.1158	 -0.0849	 -1.0089
 +3.6576	 +1.2797	 -0.6325	 -0.9329	 +3.1979	 -0.7898
-36.8772	 +8.1550	+18.9155	 -0.1238	 -1.9641	 +1.7345
+26.4528	-51.5337	 +7.1310	 +1.8428	 +0.3101	 -1.8043
+11.7613	+35.3809	 +3.7652	 -0.1322	 -2.0469	 +0.4785
 +5.7608	-15.5842	 -5.0967	 -2.6749	 -0.8240	 +0.4548
 -5.7258	-14.1198	-14.4844	 -1.2120	 +1.3594	 -0.5176
 -2.1591	 -6.6549	 +1.2519	 -0.5849	 -0.2525	 +0.8325
 +7.0696	 -6.9328	+26.3991	 +0.8764	 -0.2787	 -2.5094
+29.2044	-18.2642	+12.3128	 -0.2810	 -0.1626	 -1.2752
+56.4237	 +9.5536	+20.5501	 -2.5548	 -0.1830	 +0.6883
-10.7094	-22.0850	-24.6854	 -1.8720	 -1.1820	 +2.0583
 +4.7465	 -4.4748	 -9.2208	 +1.4904	 -2.5665	 -1.7423
 +5.7625	 +0.1643	 +3.8762	 -2.5056	 -2.5503	 +1.1904
 -8.3801	-17.2946	-12.3051	 -0.3198	 +1.1766	 +1.0064
-12.5257	+34.7958	+37.1544	 +0.7657	 -1.4693	 -1.0352
-10.0127	-15.7298	-10.6394	 +1.6330	 +2.6087	 -1.0648
-150.0290	-108.0647	-151.2799	 -2.1304	 -1.3252	 -2.2971
+67.4303	-50.4417	+36.3297	 +3.7627	 -2.7644	 +1.1288
 +4.8094	 -6.9849	 -6.3260	 -2.6523	 +2.2309	 -1.4647
 -7.2150	 -0.8693	 -3.3268	 -1.0057	 +1.2055	 -1.1823
 -2.9886	 +1.2959	 -8.4866	 +3.4405	 +1.6443	 -2.1788
-36.1382	-149.9894	+151.6795	 -0.2482	 -1.1833	 +1.7120
 +5.0049	 -1.3546	+17.1938	 +1.7615	 -0.2762	 +1.3891
 +9.3900	-10.1259	 -1.6987	 +0.3640	 +0.5370	 +2.7927
 -5.3632	 -0.5857	 -4.5891	 -1.7760	 -3.2432	 -2.8524
+330.4561	-433.6427	-267.7451	 +5.5614	 -7.3573	 -4.4441
-11.7998	 -6.2689	 +1.3280	 -2.2931	 +0.2132	 -2.2838
 -1.9165	 -0.2951	 -0.4834	 +3.3343	 +0.9247	 +0.2487
 +2.0945	 +8.1127	 +7.5259	 +1.8010	 +0.2258	 +0.3960
 +0.1285	+14.0825	-10.4826	 +0.8931	 -2.0981	 +1.4572
 -0.0473	-28.4156	+14.5844	 -0.1925	 +0.8909	 -2.1890
 +1.8980	+15.6108	-33.9597	 -1.2731	 +1.8926	 -0.2690
 +2.7910	 -5.2077	 +7.1032	 -2.6080	 -0.4622	 +1.8306
 +7.4383	-21.9755	-13.6849	 -0.3676	 -0.8956	 +1.5654
 +4.1376	+53.7449	 -9.3834	 -1.2960	 +2.3005	 -0.2108
 -0.7444	 -2.4819	 -9.9403	 -2.6909	 +0.9742	 +1.5945
-49.0584	+78.1536	-36.7896	 -1.6691	 +2.0075	 -1.7531
+25.9713	-31.9577	-11.0243	 +1.6659	 -1.4219	 -0.8128
-76.1068	+48.9720	-55.6564	 -3.4546	 +2.3699	 -3.3833
 -3.8159	 +3.1374	 -6.5575	 +0.3089	 -0.7168	 +3.0406
 +7.0086	-40.3775	 -4.4617	 -1.4607	 +2.0438	 +1.3108
 -1.2062	 -1.0013	 +1.1624	 +4.1920	 +0.4628	 +0.6777
-10.0309	 -7.4188	 -9.7536	 -1.4237	 +2.4992	 -1.9310
+33.3638	+124.7926	-46.7428	 -0.0663	 +0.8756	 -0.5877
 -8.4413	-27.6774	 -6.5621	 -2.8616	 +1.2225	 +0.5331
+17.1729	-61.5998	+15.3583	 +0.5201	 +1.3295	 +0.0651
 -9.4083	 -3.3227	 -1.6508	 +3.0380	 -2.0270	 -1.5823
 -6.3971	 +3.5173	 +7.5934	 -3.1459	 -0.4258	 -0.4809
+1887.4821	-48.2406	+795.0842	 +0.2138	 -0.2336	 +0.0630
-12.0730	 -2.5225	 +1.6607	 +1.6445	 -0.4801	 -1.0301
 +5.1895	 -3.6384	 -9.3556	 -0.2321	 +1.3441	 +1.0433
 -7.4127	+10.4171	 +8.4680	 -2.7176	 +0.3443	 +0.9579
 -3.6906	 +5.8797	-16.3784	 +1.6830	 +1.5076	 -3.8102
 -3.5968	 -4.2269	+14.6938	 -0.5560	 +2.1097	 +1.2654
-73.7296	-96.3128	-41.7775	 +0.3181	 +0.0184	 +0.8015
 -7.2856	+30.9461	+12.3304	 -0.4195	 -2.2063	 +0.4279
+17.3145	-38.6985	 +7.7319	 +0.1380	 +2.6350	 +1.1435
 +8.1799	+31.6760	 -2.4122	 -1.4681	 -0.6241	 -0.9924
 -2.2805	 -2.3529	 +7.5214	 +0.8578	 +0.2051	 +0.0455
-23.6408	-35.5853	 +8.6360	 -1.2620	 +1.4176	 -0.1235
 -2.0955	 -9.3075	+11.0343	 +0.7624	 -2.5403	 +0.8360
 +5.6614	 +5.2215	 +9.3136	 +1.3106	 +1.6934	 +2.2907
 +3.3049	-15.2841	 +9.4384	 -2.3440	 -2.5434	 -1.6989
+93.5268	+198.8007	+35.0515	 +1.0071	 +2.4747	 +0.2382
 +9.5550	 +0.5406	+48.6940	 -0.7236	 -0.9111	 -0.4922
+12.8720	 -5.8995	 +4.6046	 -1.2983	 +1.4359	 -0.1324
 +0.0132	+33.8818	 +1.2092	 -1.1958	 +1.1019	 -0.0962
 -0.6314	 -0.0401	+14.3553	 +1.7609	 -0.0131	 +0.2931
-15.9430	-48.6278	 +1.6702	 +1.0577	 +0.5640	 +0.5633
 -0.1268	 -3.7411	 +4.2791	 +3.2208	 -3.4949	 -0.6482
+645.2983	-254.8145	-718.8294	+10.4237	 -4.1124	-11.3038
 +6.1662	+25.7566	+16.4268	 -0.7080	 -0.1098	 +0.4688
 -1.3385	 +2.2016	-39.1893	 +0.0972	 -2.1879	 +0.8535
-11.0936	+30.7310	+25.7071	 +0.2003	 +0.5374	 -0.0940
-16.7506	 +5.6375	 -1.0340	 -0.6214	 +0.2327	 +1.8365
 -7.1428	 -3.4644	 +1.9785	 -2.3139	 +0.4359	 +0.3060
 -4.2492	 +1.1160	 +2.1197	 +0.4186	 -4.3533	 -1.2177
+84.8226	-80.5373	-94.3316	 +1.6944	 -1.3590	 -1.8860
 +1.1554	 -7.1200	 -8.5531	 +2.5598	 -1.7674	 -0.8624
 -5.9157	-28.0699	 +0.3816	 -0.7449	 -3.2686	 +1.6176
 -1.6400	 +5.3524	-15.6960	 -3.6061	 +1.7946	 +1.1921
+33.2548	 +8.6181	 +8.8612	 +0.1498	 -0.4394	 +2.3786
 -8.9034	 -7.1884	 -1.1010	 -0.8440	 +3.6316	 +1.6865
-48.8517	-93.4857	+95.9122	 +1.5310	 -0.3232	 -0.1368
 +7.5192	 +5.9004	 +4.9864	 -2.4741	 -2.2598	 -0.1184
 -6.7808	 +4.2542	 +0.0921	 +0.4668	 +1.5442	 +1.5200
-25.0549	 -1.3428	 -9.6581	 +2.5105	 -0.5140	 +2.3574
 -1.1500	 +6.4288	-17.1547	 +2.0727	 +1.0746	 -2.7824
-15.4350	 -4.8506	-42.6884	 -0.5115	 +0.6249	 +0.9097
+439.9308	-16.1468	+164.2596	 +6.6627	 -0.0860	 +2.6209
-12.9349	 -2.2190	 -6.1260	 -4.0841	 +0.5209	 -2.3189
-62.5311	-99.7575	+72.2064	 +1.0228	 +0.4973	 -0.7248
-43.7199	-18.2668	+35.5767	 -0.0232	 +2.0364	 +0.7768
-20.6551	-10.5047	+20.6485	 +1.3990	 +2.8947	 +0.7166
-33.5741	 +7.6495	-33.0826	 +1.7348	 -0.2053	 -1.7697
 -3.9349	+34.0365	 +6.7865	 +1.6422	 -0.9757	 +0.1972
 -4.3967	-17.2072	-11.4373	 -0.2904	 +0.1181	 -1.1526
 +3.4917	-10.5449	 +2.3751	 -2.0141	 +1.9317	 +0.1011
-26.0735	 +4.3236	 +6.1947	 -1.6655	 +2.2005	 -0.4418
-20.1843	 -3.9530	+12.2415	 +0.5609	 -0.4476	 -0.0261
+12.9496	+15.3347	 +1.5661	 -0.0375	 -1.6578	 +1.1867
 -8.4701	-18.0972	 +2.3854	 +2.7834	 -0.6710	 -1.7621
+47.6733	+59.0519	+72.1259	 +1.1183	 +0.1871	 +1.5929
 +2.5762	 -6.4786	 +7.0247	 +2.7299	 -0.7126	 -1.0269
 +3.2305	-17.4542	 -1.7150	 -1.4740	 -1.7590	 -1.0862
-10.9398	 +5.1659	 -3.4568	 -1.4967	 -1.7528	 +0.0442
-10.7958	+12.6799	 -1.7563	 +1.0911	 -1.7910	 -1.7165
 +0.0752	 +6.3015	-13.4102	 -1.5081	 +0.3319	 +2.5909
 +2.6503	-28.0075	-10.7967	 +0.1196	 +2.7088	 -0.5656
+11.8167	+20.5063	 -7.1840	 -0.9071	 -1.4381	 +1.1757
 -8.3424	 +5.7099	-32.5494	 +0.0938	 -2.3800	 +0.6519
 +2.4235	 -6.7255	 -1.8566	 -2.8360	 +2.1005	 +0.5041
-31.2711	 +1.2017	+29.5873	 -1.5388	 +0.8234	 +0.2411
 -1.5345	 -1.3757	+12.4353	 +1.5181	 -1.0713	 -1.2428
 -5.7372	 +2.1338	 -2.7816	 -0.5798	 +1.9452	 +0.2091
-41.5467	+36.2196	+25.1410	 +0.0437	 +1.7330	 +0.7250
 -4.8153	 +0.4982	+14.1196	 -2.8388	 -0.8840	 -0.0299
-12.6714	 -2.0317	 -1.3576	 +1.1505	 +0.6661	 +0.7082
-14.8346	-10.0726	 +3.9636	 +0.2261	 +0.5673	 -0.1396
 -2.9306	 +3.8958	 +6.8499	 +2.7443	 -2.6364	 -1.3271
-106.9210	-99.1034	+204.9237	 +0.7763	 -0.5358	 -0.1714
-13.8818	 +6.7207	 +8.5969	 -1.0142	 +1.6421	 -0.2903
-13.8948	-13.5378	 -5.1651	 -0.3080	 +0.6075	 -1.4019
-25.4817	 +0.6492	 -4.0196	 +1.3198	 -0.0393	 -1.3916
-17.5925	-16.8918	+13.7441	 -0.9737	 -1.2575	 -0.5076
 -1.5446	 -2.8720	 +5.4845	 -2.2203	 +1.6530	 +2.8030
-10.0075	-20.2536	 +6.2171	 +3.8237	 +0.5279	 +2.5463
 -1.6129	 -5.0547	 -0.1966	 -0.3492	 -2.7206	 +0.7103
 +2.2985	 +4.5804	-10.8267	 -3.4346	 +2.0260	 -1.2585
-17.9694	 -4.4226	-24.8458	 +0.8373	 +0.6036	 -1.0591
 -7.9197	 -9.3856	+11.9578	 +0.4257	 -0.5820	 -0.5210
 -1.2476	 -2.6148	 -0.2001	 -5.0145	 +0.9580	 +2.0431
 +6.6730	 -1.0395	+11.5844	 -1.3179	 +1.6972	 +0.8503
 +6.4227	 -9.1884	+10.3515	 -0.5522	 -1.2144	 +1.5893
 -4.5181	-19.1445	+10.9530	 +0.8378	 +2.4133	 -0.7531
 +5.5735	-23.3985	+10.3780	 +0.9849	 +1.7521	 +1.2757
 -0.2286	-12.8014	+19.1218	 -1.4869	 +0.6888	 -0.9956
-14.5957	 -6.9557	-12.9158	 +2.8649	 +0.9515	 +0.5950
-75.3758	+377.3531	-92.9322	 -1.8692	 +9.6176	 -2.3814
 +9.6834	 -5.3324	 +5.6164	 -1.6605	 +1.5572	 -1.5896
 +0.4172	 -1.2001	 +6.1469	 +1.8764	 +1.4824	 +2.5395
-24.8532	-26.7708	+18.1593	 +0.5259	 +0.0705	 +3.1490
+17.0093	-13.0592	+16.3256	 -0.4933	 +0.6387	 +0.5202
 +3.1830	-13.3308	+18.2506	 -1.5826	 -0.0612	 +0.7010
+28.3521	-289.3118	-160.7260	 +0.7584	 -7.2999	 -4.0464
-12.1313	+17.1584	 -5.2753	 -0.5373	 +1.4213	 -1.6948
-23.7484	+17.7558	 -2.8444	 -0.6357	 -1.5290	 -1.5491
 -4.3187	 +8.0075	 -9.0664	 -0.2188	 -1.1838	 -3.4356
-17.8579	-14.0789	 -2.5735	 +0.0911	 -0.7793	 -0.2534
-34.0842	 +5.8683	+26.0174	 +1.2530	 +0.3360	 -1.7579
-20.0108	-46.7377	+24.8573	 +0.5418	 +1.1076	 -1.4428
+10.6374	 -6.4558	 +4.9240	 +0.0967	 +0.5639	 +0.7423
-27.1329	 -3.0424	+13.0122	 +2.0988	 -0.8310	 -0.9696
 +7.0241	-12.7041	 +0.2978	 -0.9633	 +0.1521	 +2.2149
-13.1420	 +0.3011	 +3.4956	 +2.5456	 +0.9548	 +1.0775
-81.7453	+34.5969	+49.3655	 -1.0652	 -0.5924	 +0.4547
-11.0836	 -1.1352	+10.7338	 -0.9947	 -0.9288	 -3.0469
+131.6110	-61.5027	+63.8657	 +7.5402	 -3.7918	 +3.7152
-35.2416	+10.5111	 -0.9052	 -0.0663	 -0.0893	 +2.7201
-35.1623	-25.3278	-19.9599	 -0.0844	 +0.5609	 -0.6016
 +1.9480	 -7.4658	 -1.7613	 -0.5404	 +0.8414	 -0.8777
-80.3918	-77.7353	-113.6376	 -3.0284	 -2.5525	 -4.3708
 +7.9238	 +2.1983	 +9.1575	 +0.4927	 +3.6345	 -0.4738
 +7.1368	-14.3660	 -8.3323	 +0.0937	 -0.0980	 +1.5438
 -5.0511	+24.6998	 -5.5469	 -1.1171	 +0.6106	 +0.1103
 -2.3153	-24.7852	 -8.5181	 -0.5188	 -2.7646	 +1.9023
 +9.8085	-10.3356	 +2.5278	 -3.8031	 -0.4963	 +0.0453
+20.1286	 +7.1860	 +7.4792	 +0.4537	 +0.1234	 -3.1940
-27.7939	-59.5326	+46.8843	 -1.1925	 +0.1712	 -0.1957
 +9.6584	 -1.6292	 +2.8253	 +1.6240	 -2.7148	 +0.6629
+16.8130	 +0.1074	 +3.3790	 -1.3590	 -0.2335	 +1.5978
 +6.4337	 -7.9503	 -6.4175	 +0.5954	 +2.3855	 +1.6350
 +0.8623	 +4.7624	 -6.8757	 +0.4622	 -2.6513	 +0.2356
 -6.7977	 -2.2929	+17.2881	 -1.3942	 -0.4878	 +1.1425
-18.2081	-31.2826	 -8.1916	 +0.2054	 -1.9726	 -1.3968
-16.6289	+26.1672	-10.6842	 -0.8555	 +0.4382	 +2.6069
-31.1755	 +9.3385	-80.7598	 +0.4487	 +0.1474	 -2.3190
-18.5377	 -3.8865	+14.1203	 +0.5601	 +1.9892	 -1.2714
+82.5144	+43.2574	+167.9189	 +1.1017	 +0.1939	 +1.9731
 -9.7113	+10.6983	 +0.7985	 -0.7920	 +0.9703	 +1.5745
 +7.7203	-15.6836	 +7.2979	 +1.7327	 -0.2426	 -0.1838
 -5.7843	 +1.5943	 -1.0350	 +0.6812	 +1.2959	 +1.3831
 -5.9500	 +8.2794	-14.8217	 -1.0703	 +0.5563	 -1.1744
 -0.9786	+14.0020	 +7.4401	 -0.6395	 +1.9739	 -1.9449
+11.5604	-20.5227	 +7.8755	 +0.1154	 -0.8948	 +1.9930
+15.9590	 -5.0217	-13.4080	 +0.2514	 -1.6637	 -1.6429
 +3.0757	+12.5583	 -3.2860	 +1.0855	 +0.3009	 +0.7861
-429.7601	-66.4993	-96.6309	 -6.9929	 -1.0440	 -1.7399
-16.3342	+14.3868	+12.6701	 +1.8847	 -1.6709	 +0.8563
 +0.1910	 -2.8046	 +9.3956	 +2.2176	 +1.4957	 -0.2001
+10.4784	-17.1712	-12.9645	 -3.5360	 -0.2040	 +1.3696
 -4.4646	+11.4689	-10.7462	 -1.4911	 +3.2417	 +0.1883
 +3.9318	 -1.5369	 +9.0113	 +1.1003	 +0.6335	 -0.6507
+58.2133	-31.3318	-98.4228	 -0.5871	 -0.0509	 -0.9320
 -2.1095	 -9.4600	 +9.5016	 +2.1706	 +0.5797	 +0.3234
+21.8741	-53.6648	 +6.8233	 +0.0109	 -2.2915	 -0.4418
 -8.0182	 -8.1096	 -6.0937	 -1.8671	 -1.1019	 +0.5194
 +3.2455	 -0.5800	 -9.9541	 -3.5847	 +1.0292	 +1.9299
-23.9568	+17.5390	 +1.9203	 -1.4572	 -1.9108	 -0.2662
 -0.1353	-47.0181	 -9.0795	 +1.2775	 -0.4477	 +0.2690
 -6.5841	-10.7365	-12.2099	 -0.9664	 +0.7374	 -3.0792
-39.4130	 -5.4472	+14.0270	 +0.3916	 +1.4668	 -0.7793
+16.1959	 -1.8104	-17.0693	 +1.0797	 -2.4117	 -1.8722
-18.2457	-44.4686	-15.2069	 -0.4286	 +2.3621	 -1.8456
 +6.5112	 -7.9298	 -9.0212	 -1.8400	 -0.9363	 +1.5002
 +4.5988	 +4.4662	 -0.8607	 -1.6106	 +0.5692	 +0.9118
 -3.0572	 -3.5891	 -5.3886	 -0.7654	 +1.2804	 +2.3302
 -5.8922	-30.6272	-10.0649	 +0.4308	 -1.9974	 +0.4363
-17.4586	+18.9021	-19.9432	 -0.5412	 -0.7871	 +0.8039
 +8.8373	 -7.5294	+14.9017	 +2.3828	 -2.0492	 +1.3263
+10.8853	+19.1768	 -4.9398	 +2.0475	 -0.8385	 -1.3999
-15.7554	+28.4591	-17.8925	 -0.4767	 +1.1153	 -0.4963
 -1.5158	+46.9481	 -9.7997	 +1.1635	 +1.3197	 -1.0520
 -0.8586	 -6.2894	+13.6508	 +1.8223	 +0.8878	 +1.1271
-79.8372	+45.7801	+120.3102	 -1.7277	 +1.3654	 +2.1049
 +1.0322	 -6.5383	 +8.6677	 +2.3846	 +0.0362	 +2.5581
 +0.5853	 +5.3195	 +5.2849	 -0.7511	 +1.5996	 -2.4500
 -5.0959	 -7.7097	 +0.5827	 -0.0881	 +1.7404	 -0.9439
 -4.5981	 -5.8395	 -2.6837	 -3.7863	 +0.2975	 +1.9173
 +3.7429	+13.5316	 -7.4778	 -0.8065	 -0.5637	 -0.8278
+39.2305	+57.2946	-10.5706	 +1.2892	 +2.4993	 -0.8296
 +3.5630	 -0.9804	+16.9959	 -1.6848	 -4.0443	 -1.8317
+12.2265	+15.7748	 -3.2130	 -0.8297	 -2.4267	 -1.2455
+51.9071	-81.7765	+32.5283	 +1.4113	 -2.9741	 +0.3803
 -6.4206	 -6.6594	+15.9180	 +0.1823	 +1.0011	 +3.3768
+23.6655	+40.1590	-195.5413	 +1.6061	 +3.5889	-15.1017
 -7.7524	-15.0062	 +3.6068	 +1.3355	 -1.4760	 -0.8535
 +7.1255	 -1.7695	 +9.9655	 +1.3701	 -3.3538	 +1.4129
 +6.5668	 -0.0480	+15.8768	 +1.4266	 -0.6750	 +0.3035
-19.9238	 +6.8594	-18.3282	 -1.3035	 -1.8543	 +2.7551
-15.1503	 +3.1475	 +1.2208	 -2.3699	 -2.7450	 -0.0480
 +6.9494	-12.5150	 -0.9875	 +2.2014	 -0.4462	 -0.5162
-178.1625	+254.3834	+38.4496	 -1.9977	 +2.8087	 +0.4726
 +0.0990	-13.7417	 -0.5714	 -1.9022	 -1.8706	 +1.8388
-189.1322	+23.8575	-218.1382	 -5.4534	 +0.3862	 -6.3674
+29.0547	+36.4014	-70.8030	 +0.0901	 +0.1773	 -0.7738
 +6.5933	-20.7999	 -6.9341	 +2.2208	 -1.9957	 +0.9837
-12.1185	 +1.5452	 -1.9663	 -0.6863	 -2.0465	 -1.1650
 +5.7593	 -0.5399	 +7.7583	 -1.3825	 +0.5843	 +0.5857
 +2.6160	 -6.3284	 +0.9831	 +0.6367	 +1.7834	 -0.4933
+22.3264	+24.3229	+58.0823	 -0.3876	 -0.9659	 -0.7824
 -1.3650	+51.3147	 -9.4196	 +0.1041	 -1.8996	 -0.1357
 -0.7910	 +9.1588	-13.3116	 +1.1580	 +1.2639	 +3.0575
 +0.6299	-12.3700	 +6.1348	 -0.7542	 -0.1894	 -1.0966
-16.0687	 +6.4337	 -0.2003	 -0.5062	 -0.3968	 -2.5532
+14.2415	-25.5655	 +9.3286	 +1.3209	 -2.1003	 +1.3646
 +0.0886	-17.8828	 -0.4343	 +0.0942	 -4.4337	 -0.6749
+11.1232	-36.1145	+31.4403	 -0.9252	 +0.2395	 +0.6958
-154.1330	+120.7729	-78.4688	 -1.6683	 +1.1880	 -0.6450
 +8.7008	 +0.5279	-17.6367	 +0.8570	 -0.4571	 -1.1264
+13.6148	-47.9991	-63.5990	 -0.6531	 -1.5170	 -0.4115
 +4.1554	-13.1526	 -4.4016	 +3.1335	 -2.0652	 -0.5301
-55.4782	+23.4763	-132.0105	 -0.4795	 +0.6449	 -1.7451
-16.7266	 +1.6421	+16.7504	 +1.3949	 -0.7203	 -1.7438
+10.9487	 -8.5104	-15.3206	 +1.2510	 +0.3889	 +0.3615
-85.2971	+72.4989	 +5.7299	 +1.1537	 -0.3180	 +0.3768
-11.3087	-17.6327	 +8.0799	 +2.1816	 +2.1442	 +0.5502
 -1.3773	 -0.9152	-11.6697	 -0.6339	 -1.9692	 +1.8827
 +2.8319	-17.5129	 -6.8731	 -1.6410	 -0.6848	 +0.9588
 -8.9407	 -9.7514	 -8.1105	 +1.0552	 +0.5481	 +2.1764
 -7.1821	 -2.0136	 -4.5544	 +0.6457	 -5.7158	 -0.6806
+12.6081	+19.4438	 -5.0678	 +1.8893	 -1.1932	 +0.8331
+11.4671	 +4.5318	-11.9915	 +0.2475	 +0.2919	 +2.3200
+11.9825	-14.6362	 +0.8839	 +1.9123	 +0.0964	 -1.3751
+24.2428	-24.2415	+25.9633	 +0.3121	 -1.1613	 -0.4828
+18.4899	-17.5357	 +2.7315	 -2.1361	 -0.1388	 -0.4596
+31.5414	-59.4104	-29.3964	 +0.5445	 -0.9765	 +0.6243
 +4.6185	 -5.1935	 -3.5840	 -0.6717	 +0.1964	 +1.1008
 -7.7842	 -6.6715	 +3.3930	 +2.2922	 +2.9383	 -1.9820
-24.1313	+35.8683	 -8.6009	 -0.9152	 +2.2423	 -0.9977
-16.0884	-37.1276	+21.5836	 +0.0542	 +0.8039	 +1.1617
+27.9331	+50.7114	+26.8646	 -0.2299	 -0.6065	 +0.2342
+22.0329	 -0.3033	 -1.8841	 -1.2715	 -0.5392	 -2.0898
 -8.9884	-14.0850	 +2.7738	 -0.2781	 -1.3328	 -2.6785
-21.5169	 -5.1478	 +2.9522	 -1.5723	 -1.1634	 +3.8548
 -8.1693	 +7.2885	 +0.9634	 -0.0750	 +0.0761	 -1.0184
+20.8606	 +0.1044	 +2.7260	 +1.9450	 -0.7343	 +0.9631
+168.9205	-71.1971	+233.2437	 +4.6617	 -2.0679	 +6.3406
 -4.3400	 -9.6359	-14.1651	 -0.8275	 +3.0612	 +0.0957
 +7.7825	 +5.4767	-14.9333	 -0.9319	 -0.1830	 +2.4402
 +1.3723	+30.4121	-20.3875	 +0.6917	 -0.4840	 -0.4788
 +0.1476	+11.3276	 +5.1723	 +2.8770	 -4.0164	 -2.0685
-12.8385	 -4.2649	 -8.8574	 -0.5577	 -0.6350	 +3.4277
+34.1353	+124.4396	-27.0011	 +0.8637	 +0.0975	 -0.4195
 -7.6251	 -8.4233	 -0.1275	 -4.0387	 -2.5281	 -2.7787
 +0.4997	 -9.6295	 +9.3477	 -0.0514	 -0.4856	 +1.4288
 -8.6428	 -6.6021	 -3.9715	 +0.6252	 -0.5337	 +0.7220
-50.6524	 +4.7636	-28.3413	 -1.5815	 -1.7056	 +0.7962
-59.9483	+13.6728	 +1.3532	 -0.7078	 -0.5159	 -0.0134
+25.4251	+21.8612	+14.3249	 -0.9630	 -0.6404	 +0.6328
 +9.3688	-30.2311	-44.6634	 +1.1282	 +0.6172	 -0.2114
 -3.3329	+48.3870	 -8.4117	 +0.1857	 -0.8880	 +0.0029
 +7.2202	+18.1962	 -2.5001	 -0.9620	 -0.1376	 -0.8988
-60.2831	+51.5067	-19.5571	 -0.2208	 +0.0471	 -0.3901
 -8.7309	 -1.7783	-14.1738	 -1.3311	 -1.6383	 -0.3695
 +9.0668	 +6.3655	-10.2503	 +0.6620	 -0.8177	 -1.1228
 +4.6047	-10.0686	+15.4815	 +0.3447	 -0.6400	 -2.5181
 +7.8335	 -8.4096	 +8.2739	 -2.8109	 -2.0572	 +2.5151
-10.0286	+27.7757	 -6.0910	 +0.8430	 +2.0364	 +2.0308
 -6.5995	 -7.1643	 +1.7701	 -0.6676	 -2.4030	 +6.0289
-744.0629	+179.3157	+278.2623	-13.4927	 +3.3516	 +5.2419
-43.9986	-157.3349	+61.1011	 -1.0757	 -2.6685	 +1.0475
 -3.0575	-10.2010	 -0.1448	 +1.7574	 +3.0869	 -2.2382
+15.8037	+33.8544	+20.0660	 -0.3402	 -0.3171	 +0.6925
+12.3502	 -4.9232	 +8.6104	 -0.5592	 -0.9573	 +0.2233
-11.5902	-18.6758	 -7.2012	 +2.4833	 -0.2881	 +0.8459
 -5.6243	-26.0192	-12.7916	 -0.2533	 -1.2294	 -0.4291
-17.6457	 +0.9226	+14.4375	 -0.3335	 +0.0891	 -1.1621
 +3.6753	+18.7419	 +1.7630	 -1.5325	 -2.1702	 +1.9358
-22.2322	+16.8599	 -3.9650	 +0.7714	 +1.3647	 -0.2594
-17.3831	 -4.1948	+15.1955	 +0.0906	 +1.5911	 -1.4236
 +8.6621	 +1.9891	 +1.4875	 -0.2443	 -0.1888	 -0.3069
 -6.3009	-25.9424	-12.2521	 +1.7711	 -0.8018	 +0.4086
 +1.0147	-14.6885	+27.5390	 -1.7643	 +2.6133	 -0.1042
 +1.5529	 +8.3452	 +9.0736	 +0.2419	 -2.7558	 +2.1226
 +2.9135	+24.3400	 -2.5015	 +2.3451	 +1.0460	 -0.1497
 +9.0562	-12.6374	 -2.6564	 -0.7362	 +3.0797	 +2.1361
-22.8636	+11.5369	 +8.2224	 +1.4549	 -0.3618	 -0.1805
+25.2801	 +6.0537	 +7.5573	 +2.0599	 +0.0352	 +1.0898
 -7.9558	-42.5323	+21.1041	 +0.4746	 -1.2954	 -1.2359
 +5.1059	 +1.9228	-16.3094	 -1.9380	 -2.0315	 -1.5728
-49.4695	+23.5812	 -6.9407	 +0.9814	 -0.8817	 -1.3676
 -5.8458	 -4.1520	+12.5887	 -3.5000	 -3.8974	 +0.5763
-12.6001	+14.5772	 -9.2317	 +1.0174	 -0.3510	 +0.5241
 +5.8867	 +3.0614	 -3.4958	 -4.1917	 -1.0207	 +1.4227
 +9.2852	 -0.7527	+32.0504	 -0.4270	 +0.8552	 +1.6242
 -6.3868	-12.6765	 -2.2788	 +4.3240	 +0.4192	 +0.9980
 -1.6221	-10.8939	 +5.8341	 +1.4534	 +0.3202	 -0.8836
 +1.6564	 +7.9714	 +2.2683	 -0.0074	 -1.5698	 -2.8369
 -8.4706	 +3.5052	 -5.4027	 -3.4317	 -0.6523	 +0.6359
 -6.6318	+17.4451	 -8.1946	 -1.1681	 +0.5393	 +2.1418
 +5.4565	 +3.3753	-15.8559	 -0.7319	 -1.3444	 -2.6225
 -8.2523	+16.2055	 -5.6133	 +0.8123	 -0.2873	 -0.4466
-10.7711	+69.9053	-11.4099	 +0.0522	 +3.4687	 -0.1488
+11.0084	+13.1966	-13.5012	 -1.0057	 +0.0538	 -2.1469
 +5.1657	 -6.3117	 +4.9496	 +0.6576	 -0.3736	 -3.3595
 -3.1111	 -6.2934	 -2.9899	 -0.8788	 +1.0023	 +1.9404
 -2.8144	 -4.0659	 +4.0849	 +0.9899	 -0.0548	 -1.9125
 -8.1441	-11.6014	 -5.5417	 -0.4247	 +1.6241	 -0.1487
 -7.0546	 -3.2879	-11.8142	 +2.1754	 -1.1011	 -4.4399
-12.2494	 -6.5733	 -0.1976	 -0.3153	 -3.4596	 +1.8688
+270.0881	+121.4446	 -6.0273	 +4.5796	 +2.1462	 +0.1855
 -2.5967	-14.0387	 +1.9077	 +0.2114	 -0.8977	 +2.6913
-21.8226	-30.2666	+15.5040	 -0.8232	 +1.0392	 +0.1036
-23.1526	 +7.7918	-11.3317	 +2.1246	 +2.1357	 -1.6718
-34.2995	+25.1017	 +3.7097	 -1.7302	 +0.2744	 +0.6375
 -2.1354	 +3.1345	+62.9677	 -0.7085	 +0.5785	 +0.0665
+10.6662	+34.7440	 +3.1193	 +0.3238	 -1.9886	 -1.1788
-26.1951	 +8.2047	+11.7965	 +1.3128	 +0.1787	 +0.5857
-11.9457	 -8.3125	 -1.9559	 -1.4082	 -0.9356	 +1.6731
-28.5020	+190.0360	-98.9653	 -0.7703	 +3.5995	 -1.8620
 +4.3198	+10.6605	+19.5185	 +2.4345	 -2.4441	 +0.6254
-23.8226	-30.0212	-18.7265	 -2.1426	 -1.9226	 -2.0032
-18.8620	 +8.1633	 +8.7148	 -0.5209	 -1.1065	 -1.4383
-13.8020	+16.7739	 +3.2786	 +0.0463	 -2.7900	 +0.4161
 +5.9755	 +3.0648	 +7.5035	 +1.7233	 +0.0720	 +0.2787
 -5.9016	-10.7626	 +3.3616	 -3.0403	 -2.3370	 -1.9483
 -6.0257	-24.1693	 -1.4209	 -0.6759	 +0.1098	 +2.3475
-20.2012	-12.3361	 -7.9716	 -1.1257	 +1.3703	 -3.2364
-56.7073	-47.8585	-25.9566	 -2.0131	 -0.1539	 -0.2428
-28.2735	 +4.4340	+10.4772	 -1.4030	 +1.4649	 -0.0063
 -3.3051	 +4.9507	-12.8237	 -1.1328	 -2.8865	 -2.5026
 +4.7157	-19.4246	 +2.5805	 +0.6330	 -1.9003	 +1.8256
 -0.0218	-23.0571	+10.5790	 -1.4067	 -0.8451	 -0.6506
+22.8633	+13.0751	-64.7524	 +0.4069	 -0.0949	 -0.4138
+11.5551	 +1.1941	 -0.8378	 +1.9281	 +1.2950	 -0.1110
-12.7515	-10.7936	 +6.3536	 -3.1628	 +1.8286	 -0.3291
-22.1922	 -0.1258	 -1.0827	 -1.3421	 -0.6787	 +1.7734
+10.4627	-24.2346	+29.4797	 -0.1845	 -2.0283	 -1.2603
 -7.6413	 +2.7662	 -2.0384	 -1.8219	 +1.6756	 +0.5912
+65.5215	+85.6735	+83.9993	 +0.3037	 +0.6785	 +1.0061
+16.1370	 -6.6586	 +0.6223	 +1.1483	 -1.8040	 -1.7246
+21.9069	 +4.1163	+10.5710	 +1.0545	 +0.4920	 -2.1607
+27.9803	-24.3523	 -4.4072	 +1.6871	 -0.6873	 -0.1777
+22.8688	-24.5552	-29.3761	 -0.5957	 -2.2489	 +0.8750
-12.1857	 -3.1246	 +2.3718	 +0.0893	 -0.6447	 +1.3020
-14.4922	 -9.6060	 -6.1560	 -2.5566	 -0.2893	 +1.0894
 -2.3192	 -2.6248	 +9.3119	 +1.5144	 +2.6063	 +0.9411
 +3.2429	-20.0423	 +9.7037	 -2.1724	 +2.3168	 -0.2514
 -3.1351	 +3.3987	 -7.7867	 +2.3818	 +0.9903	 +2.9489
 -5.2491	 -5.4341	 -0.9883	 +1.4709	 -0.1445	 -0.6208
 -2.1057	-13.7393	 -0.2028	 +0.9149	 -2.1311	 -0.3530
 +1.9195	+12.7011	 +1.1177	 -1.5127	 +0.0334	 -2.7933
 +9.9208	 -3.4871	 +4.2342	 +1.0430	 -0.8338	 -0.6464
-700.8994	-212.0767	+588.0547	 -9.3177	 -2.8004	 +7.8939
 -4.5613	-15.3626	 -5.6545	 +0.2656	 +1.7611	 -1.0235
 -3.5479	 -1.5530	 -9.8809	 +0.3280	 -2.2477	 -1.9503
-19.6553	 -5.9506	 -3.6700	 +2.0007	 -1.1290	 +1.5886
 +5.3520	+16.2502	+18.4944	 +0.5579	 +0.8415	 +0.2204
+42.8535	 +7.2867	 -9.6212	 +0.7284	 +0.6038	 +0.0104
+15.6994	+18.0891	+19.7976	 +0.1430	 -0.9834	 +1.1014
-17.7345	 -0.2907	 +8.9054	 +2.6252	 +2.8030	 -1.2400
-16.4510	 -3.5484	 +5.5624	 +0.5728	 -0.6169	 +0.0991
 -1.1247	 +3.0000	 +8.9231	 -2.3718	 +4.1328	 +1.0867
 -0.3642	 +3.1973	-50.3096	 +1.8482	 +0.0322	 -1.0233
 -9.0573	-32.8943	 +0.7463	 +0.2907	 -2.9124	 -0.9049
 +7.3637	 -0.8141	 +4.8328	 -0.6568	 +1.9420	 +1.7057
 -7.1212	 +3.4260	 +0.5798	 -1.8452	 +1.4101	 +0.4073
 +1.1737	 -5.8317	 +4.1333	 -1.4054	 +1.0251	 -2.4443
+28.6140	+28.8593	 +7.8024	 +6.1587	 +5.8203	 +2.8667
-41.1143	-19.1250	-28.5126	 -1.8238	 +0.6916	 +0.3443
 -4.9360	-14.4170	 +5.8485	 +0.7704	 -2.2874	 +1.3905
+31.5127	+76.9101	 -2.6906	 +1.2268	 +2.3392	 +0.5832
 -0.5184	 -6.6221	 -4.7283	 -1.8143	 +2.2883	 -1.3205
+18.9780	 +1.2238	+24.6967	 +1.0434	 +0.2400	 -0.7529
 -3.1686	 +4.5933	 +4.6248	 +1.7863	 +2.8707	 +2.2078
+16.8763	-13.6607	+10.7784	 -2.0284	 -0.3776	 +0.8997
-54.4055	 +7.9544	-62.0669	 +0.7919	 -0.0166	 -0.2970
+95.6821	-19.4080	 +6.3643	 +0.0167	 +1.0151	 -0.8661
+13.2254	-29.9240	-74.0798	 -2.4009	 -1.1345	 +0.0869
+20.2607	-27.2481	 +0.9488	 -1.0567	 -2.7191	 -0.5610
-70.5113	+19.7754	 +6.0852	 -0.9272	 +1.7951	 -0.3648
 -6.8591	 +3.0638	+14.8754	 -0.3120	 +1.3953	 +2.2942
 -8.1252	-23.0345	 +6.7143	 +2.0669	 -0.1221	 -0.1218
-10.8686	 -3.0544	-21.0557	 -3.6667	 +0.0385	 -2.3352
 +8.9016	+57.0193	+49.5910	 -0.5404	 -1.5944	 +0.9141
 -3.5060	 -8.3585	+19.8076	 +3.7733	 +1.4043	 -1.7457
+18.9886	+19.2643	+15.6653	 -1.5217	 +1.1018	 +0.5610
-12.0727	+12.9053	-24.1185	 +0.6343	 -0.0143	 -0.4226
 +5.2153	-13.0080	 -0.5305	 -3.1886	 +0.0815	 -0.6288
 -3.0390	+17.1142	+44.5154	 +1.3603	 -0.2415	 +0.5013
 -4.1642	+20.3250	 -1.1071	 -0.8250	 +0.6648	 +0.0051
-21.2621	 -8.0356	 +0.5070	 +0.1456	 +1.2514	 +1.4249
+10.1037	 -0.9773	 +3.2706	 -1.9275	 +0.5681	 +0.9054
+19.0036	+39.8696	-13.3132	 +0.3018	 +1.5041	 +0.6133
 -0.0257	-24.6161	 -3.0470	 +1.1720	 -0.1973	 -2.5769
+15.4050	 +0.2762	-10.7606	 +1.5246	 +1.4145	 -2.9391
 +3.0574	 -2.0069	 -1.7753	 -1.4093	 +2.1291	 -3.0070
 -6.2572	 -5.0986	-23.6855	 +0.0585	 +0.6488	 +3.4608
-10.6662	 +4.7817	 +4.1258	 +1.3507	 -2.4952	 -2.8530
 +2.6726	-16.0268	 -2.8490	 -0.1052	 -2.6756	 -0.5379
-78.8321	-18.4180	 +2.2968	 -1.2806	 -0.7143	 +0.0264
+42.7221	-28.6325	-110.4536	 +0.4765	 -0.4485	 -0.8761
 +7.9653	 -9.8594	+23.1533	 -0.8024	 +1.7687	 -1.2123
 -4.4983	-13.2757	 +3.6747	 +0.5497	 +2.3715	 -0.1325
 +7.1724	-14.3091	-23.0091	 +0.5350	 -0.1278	 -0.3790
-22.2226	-12.9781	-14.3315	 -0.6342	 +0.5460	 -0.0212
+45.7030	-32.4247	-52.2040	 -1.2284	 +0.2090	 -0.0644
+15.5448	 +6.5816	 +7.4952	 -1.5343	 +1.7100	 +0.4291
-17.7519	 -1.6797	-12.3303	 +1.1221	 +2.3286	 +2.3285
+32.9535	-52.6637	+62.3613	 +1.1164	 -0.7296	 +0.4126
 -7.3232	-11.5389	 -9.0870	 -1.0049	 +2.5571	 +0.9645
-40.7058	 +8.5001	-49.1433	 -1.3418	 +1.7654	 -0.8064
-57.0280	+27.7233	-51.4591	 -1.0187	 -0.1489	 +0.2604
 -9.4571	 -2.4796	-17.4353	 -0.8178	 +0.9450	 +0.9096
+23.4040	-68.7773	-66.1184	 -0.1744	 -0.8714	 +0.2276
 -6.0944	-79.3310	-26.2405	 -0.5025	 +0.5325	 +0.3788
-71.8958	 -7.1500	-15.1889	 -3.3259	 -0.6028	 -0.6600
+15.8554	-22.8569	 -1.4215	 +0.3305	 +1.8012	 +0.8915
 -7.2458	-10.5259	 -9.7059	 +2.7730	 +0.6371	 -0.3716
-27.2962	 -9.3982	 +1.9016	 -0.5519	 +0.1418	 -0.3064
 -2.4521	 -5.4108	-15.8723	 -0.1805	 -0.4122	 +2.5105
+18.7989	 +9.2970	+18.4529	 +2.8037	 -0.8457	 +1.1873
-18.8224	-110.3376	+89.0771	 -0.2921	 -0.4939	 -0.9352
+61.0752	-78.2725	+51.1512	 +1.7700	 -1.0132	 +0.5860
 -7.3718	-14.8784	 -1.0446	 +3.4113	 -2.1457	 -2.2019
 +0.9589	 -8.2436	-13.1150	 +1.8295	 -0.1956	 +0.6538
 -0.0511	 -0.1679	 -4.0668	 -1.1571	 -3.2755	 -1.5867
+17.2367	 -6.6192	-19.7653	 -1.8629	 -1.0904	 +0.4467
 -7.3918	-33.0005	 +8.9979	 +0.6212	 -0.3880	 -2.7451
+36.4001	-14.9737	-124.2160	 +0.6433	 -0.3220	 -0.6383
-12.2102	 +1.0764	+20.9318	 -2.2670	 -2.7661	 -0.2438
 +7.4066	 -3.3390	 +1.6665	 +2.2079	 +1.6718	 +3.3889
 +3.9621	 -6.1248	 -0.8292	 -3.3523	 +0.1038	 -0.3942
-18.0983	 +8.2383	+19.2975	 -1.7751	 +1.4282	 -1.5967
-14.9427	+13.1487	 -5.8126	 -0.4884	 -2.8226	 -0.1978
 -3.5506	-14.8483	 -9.7427	 -3.6671	 +0.7584	 +0.0226
-31.2168	 +5.0630	 +5.3529	 -3.1369	 +1.3601	 +1.1088
 +4.0348	 -1.1214	+23.8099	 -0.1559	 +3.0348	 +1.1527
 -7.2799	-18.7354	+22.0873	 -1.0201	 +2.8441	 +0.9751
-86.8448	+94.2619	+111.1540	 -1.4144	 +1.0495	 +2.0724
-371.1076	 +9.8226	+437.7418	 -5.8405	 +0.1965	 +6.9961
+10.2194	 +8.8999	+12.9873	 -0.2547	 -2.6289	 -0.0327
 -6.1364	-18.3576	 -1.7880	 -0.8754	 +0.6816	 +0.4886
 +5.1082	 -9.3481	 -4.3192	 +0.0233	 +1.4565	 +1.0529
+27.1167	+10.1840	+35.9108	 +2.6275	 +0.0918	 +0.5460
 -0.2852	 -3.6689	 +4.0649	 -1.5443	 -3.0170	 +0.8427
 -3.5297	+10.2169	 +6.7695	 +1.6326	 +0.5587	 +0.4789
+12.1507	+18.0220	+18.3744	 +0.1628	 +7.3535	 +1.3891
-25.6463	 -0.6135	+11.3525	 -3.2529	 +1.5046	 +1.3006
+23.9454	 +1.3801	 -0.5593	 +1.7667	 +2.4127	 -0.5181
+13.5196	 -2.9791	 +5.2130	 +0.5341	 +1.0759	 -1.4692
+26.1725	 +3.5340	 -3.8633	 +0.5991	 +2.3826	 -1.1995
 -6.8783	 -7.8930	 -5.5440	 +0.3747	 +2.6426	 +1.5087
 -1.6086	 +2.4138	+28.7614	 -0.1347	 -1.1230	 -0.2410
-13.9782	 +3.0707	-19.3432	 +1.9670	 -2.0652	 -0.6018
+12.6051	 +1.2107	+22.0177	 -0.2096	 -1.9572	 -0.6009
+14.3641	 -8.7860	 +3.0382	 -0.3782	 -1.1805	 +2.4849
+11.3098	-12.1352	 -6.2147	 -1.9453	 +0.0545	 +3.1735
 +0.2372	-10.4756	 +9.7192	 -0.2300	 +1.6138	 -2.4779
-14.1220	+21.7136	-37.3401	 +0.4943	 +1.0804	 -1.5380
 +0.5355	+23.4887	-17.8753	 +0.4844	 +0.6749	 -0.5589
-18.9551	-23.1983	+13.2563	 +2.5437	 -0.2218	 +0.6865
+30.2179	-19.2256	+27.8533	 -1.2345	 -0.8393	 -0.7613
+868.1205	-338.3370	-614.0380	+13.2598	 -5.1949	 -9.4751
+212.7612	-80.3281	+200.7277	 +7.6700	 -2.7276	 +6.7662
-12.2306	+10.3486	 -4.7490	 +2.3341	 -2.6410	 -3.1314
-12.3800	 +2.4226	-12.1402	 -1.0551	 -1.4877	 -0.6357
+13.6915	+34.5775	-39.1144	 +0.0558	 +1.5525	 +1.2964
+17.5583	-31.7890	-12.3030	 -0.9668	 +1.6468	 +1.0855
 +4.1106	 +1.9012	 +0.5040	 -2.3919	 +1.3271	 +4.3317
+37.8468	+249.9011	+38.8817	 +0.5134	 +3.7735	 +0.3646
-12.2881	-24.0810	-52.4078	 -2.4786	 +1.7381	 +0.1101
-24.2032	 +7.4347	-25.9592	 -0.6965	 -1.9492	 -0.3600
+13.3651	-11.4065	 +3.0779	 -1.4892	 +1.4184	 +1.6980
 -9.0096	 +0.3959	 +2.2078	 -2.0220	 -3.7157	 +0.5065
 -1.4306	+14.9065	 -5.7015	 -1.4509	 -0.5094	 +1.6345
-12.1262	-15.2821	-11.3822	 -0.2896	 -0.4220	 -1.6506
-18.0254	 -0.5764	+25.1575	 -0.1583	 +1.2027	 +0.2416
+10.6354	 +0.3586	 +8.8821	 +1.1437	 -0.6363	 +0.5289
 +7.4857	 -1.0543	+20.3685	 +2.3028	 +0.1837	 +0.3887
 -7.9394	 +5.9774	 +8.6840	 -3.1782	 +2.7132	 -1.7460
 -0.2645	 +3.7912	-58.5215	 +0.0897	 +0.9758	 -2.8909
-89.7152	-136.9770	-189.5753	 -1.1346	 -1.7745	 -2.3865
+49.5756	+13.2216	-101.3758	 +0.4005	 +0.0750	 -1.2945
+12.8854	 +3.5425	 -1.6240	 +1.8238	 +1.2518	 -2.2711
-16.8844	-17.8997	 +5.2862	 +0.9252	 -0.2341	 -3.2989
-36.4853	 -6.0341	 -7.6281	 -0.4988	 +0.6922	 +1.4506
 -8.0912	-28.2139	+40.7968	 -0.4030	 +0.0219	 -0.3687
-99.5710	+45.1878	-49.4380	 +0.3976	 -0.2207	 -0.2488
 +9.9824	 -5.3517	+17.5777	 -0.2625	 +1.0331	 -0.8404
-10.9025	-35.6615	-17.1333	 -0.3161	 +1.4705	 +0.7999
 -9.2178	 -6.1679	 +5.6509	 +6.4040	 +0.7335	 -3.6799
 -6.5620	 +2.3350	 +3.6834	 -2.5943	 -1.8692	 +0.0311
 +0.3466	 +3.2595	 -7.0686	 +0.9163	 -0.7800	 +0.8385
 -8.4750	-21.1456	 -0.8354	 -2.5349	 +0.9810	 -0.8795
 -7.3557	 +7.0517	 +9.0668	 +1.8738	 -1.1643	 +1.7417
 +3.2476	-131.7311	+13.7554	 +1.3597	 +1.1771	 -0.2379
 -0.3760	 -4.1748	 -2.2462	 -1.2534	 +0.4630	 +1.3073
 -7.7110	-15.6362	 +0.4825	 -0.9502	 +1.9948	 +2.7507
 -4.6826	 +6.1440	 -1.8671	 -2.2194	 +3.0258	 -1.1240
-10.9834	 -2.3125	 +6.0621	 -1.0122	 -0.2785	 +4.6718
-12.3333	 -7.7921	 -3.9577	 -1.0311	 +0.2920	 +4.4013
 -8.2079	 +4.7890	 +6.5800	 +0.5464	 +0.5430	 -1.4008
 -3.3487	 +9.0719	+15.5081	 +1.1102	 +0.6413	 +0.9736
 +2.2404	-37.6462	+13.4042	 +2.0461	 -0.9871	 -1.9436
 +5.9206	 -6.2930	 +3.5940	 +0.4726	 +2.6339	 +1.0905
 +1.3330	 +3.1837	+10.4163	 -1.7375	 -1.8219	 -1.2501
 +4.4250	-25.4692	-14.9509	 +0.8082	 +0.2438	 +1.7228
 +7.3702	 -6.4099	 -1.4290	 -3.6679	 +3.0107	 +1.4506
 -5.0041	 -8.4124	 -1.9116	 -3.0002	 -1.3395	 +0.6643
 -4.2818	 -3.9942	-16.4473	 +1.4319	 +0.7077	 -0.2496
 +2.5425	-41.9455	 +1.5661	 +0.4596	 +0.6904	 -1.3843
-15.8738	+11.3662	 -6.3508	 -0.0414	 +2.4989	 -1.4935
+27.1460	 -0.2599	 -6.0927	 -0.2027	 -0.5696	 +1.3069
+64.7014	+96.8476	+66.8130	 +1.6745	 +2.2131	 +2.0198
-65.4916	+53.3885	-56.1297	 -0.0965	 -0.1854	 +0.4286
 +1.4566	+47.8937	-27.1412	 -0.8509	 +1.8291	 +0.0861
-16.1054	-16.7618	-17.9249	 +1.4749	 +0.8366	 +0.1824
 +7.8577	-15.2018	+32.6066	 +0.5366	 -0.4382	 +0.3292
+15.7955	-13.9026	 -4.1657	 +3.0181	 +0.7734	 -0.2048
-39.3557	+30.8011	-25.2217	 +0.5434	 -0.4265	 -0.7456
+51.1878	+61.7913	+23.8668	 +0.7073	 -1.1734	 +1.8104
-163.2077	+124.0292	+117.8857	 -3.6846	 +2.5567	 +2.6285
+12.4467	 -5.5917	+28.1324	 -0.7203	 +0.2374	 -0.4739
 +5.9980	-23.8743	 -5.0124	 +0.4527	 -0.0399	 -0.8652
 +1.5649	 +6.8364	 +7.6842	 +0.2597	 +3.2840	 +3.1596
+12.5063	 +2.5695	-28.9872	 -0.2033	 +0.6033	 +0.2735
 +0.5227	-10.1989	 -7.2472	 -1.6468	 -1.0746	 -1.7918
+17.2098	+47.4226	-28.1128	 +0.5588	 +1.7492	 +0.6469
 -2.8353	 +8.2539	 +0.5474	 +2.0173	 +1.5582	 +1.5175
 -1.8704	 +6.9989	 -5.2052	 -1.0561	 +1.0127	 +3.6896
 -6.5465	 -1.7846	-12.4627	 -1.3322	 +2.3496	 -3.3935
 -2.8918	 -8.1352	 +2.6393	 +2.4035	 +3.8164	 +2.6598
-16.2548	-19.4098	-24.6892	 +2.6845	 +1.2513	 -2.6966
+26.1765	+11.0349	+61.5513	 +0.7884	 +0.8335	 -0.1253
+10.2183	 -8.9490	+20.4546	 +2.0075	 +1.5650	 -0.2790
-17.4991	 +6.3213	 +2.3602	 -0.3431	 -0.2724	 -1.7129
 +5.5639	 -4.0294	 -2.1698	 +3.5784	 -2.3255	 -2.7503
+28.3619	-24.7077	-52.1558	 +1.4997	 +0.1558	 +0.1710
-12.5371	 -4.0687	 +0.5233	 -0.9148	 -2.3006	 -1.5168
 +8.0667	+15.2691	 -7.5741	 +0.4608	 +2.4974	 +0.8757
-18.6786	 -1.5385	-15.8528	 +2.6443	 +1.4242	 -0.9497
 -3.2506	 -1.8641	 +6.3922	 -1.3789	 -1.3450	 -0.3513
-34.2292	 +5.7644	 +6.8956	 +1.8145	 -1.0493	 +2.5606
-12.5618	+37.6854	-17.6033	 +0.4191	 +1.2085	 +1.0595
 -2.0802	 +0.7204	-13.4254	 -1.0109	 -1.3151	 -2.9868
-12.2055	 +9.7660	 +6.3633	 -2.0261	 +1.7710	 +1.4245
+22.3873	 -5.4498	-23.6016	 -2.1872	 +0.6696	 +0.1531
 +5.2173	+17.4937	 -3.7398	 -1.2448	 +0.9738	 +2.4299
-12.8474	 -4.1957	 +9.5623	 +2.6717	 -1.5371	 +0.0626
 -4.3586	 -1.2386	-16.5821	 -0.5495	 +1.1526	 +1.4253
+31.5717	 +9.1508	+24.0429	 +1.6784	 -0.7253	 +1.7825
-10.9862	 +4.5802	 -2.1443	 +0.4670	 +0.7951	 -0.8337
+14.3733	-14.1341	-26.4933	 -0.0731	 +2.2273	 -2.6574
 -9.7437	 +0.0412	 -6.6127	 -0.3273	 -1.0323	 +1.0493
 -9.4940	 -3.7417	 -6.7517	 +1.3793	 -2.4058	 -0.5240
+11.0855	-311.2675	+221.0873	 +0.1229	 -3.7749	 +2.5717
 +1.3877	+12.0485	+15.7093	 -0.2841	 +1.8753	 -0.5768
 +0.7236	-27.5393	 -6.0206	 +1.8036	 +1.4317	 +2.0406
 +1.7004	 -7.5657	 -9.7112	 +1.2646	 +1.2285	 -0.5508
+29.4875	 +4.4622	+11.6128	 -0.6708	 -0.5797	 -0.3601
+14.0890	 +9.4695	-25.0171	 -0.5402	 -0.8706	 +0.1048
-10.6059	 +4.7451	 +2.5375	 -0.0944	 -0.7601	 -2.4368
+26.9547	-74.0415	+60.2117	 +1.5841	 -2.5364	 +2.7685
 -4.0711	 +7.2490	-12.4860	 +0.8535	 -1.2563	 -1.1236
-26.7412	 -2.6670	-25.0077	 -2.5776	 -1.5982	 +1.4231
 +3.4148	 -2.9690	 -9.8228	 +0.5015	 -2.2602	 -0.3859
 +1.6514	 -1.4759	 -0.1413	 +3.9760	 -0.3799	 +0.0634
 -7.4162	 -5.8688	 +0.0294	 +4.4191	 +0.2421	 -2.6325
+15.7484	+22.1446	 +1.5267	 +0.0492	 +0.3934	 +0.8635
+29.5053	-61.2983	-23.5681	 +0.3170	 -1.0131	 -0.3278
+178.3939	+15.9900	-275.6011	 +2.8201	 +0.3059	 -4.0477
 -2.7796	 -7.3400	-17.7243	 +2.2239	 -2.3195	 -0.7350
 -1.5220	 -1.1104	 +2.8024	 +2.3995	 -0.8567	 -4.0504
 -2.9351	 -3.7065	 +3.5603	 +0.9040	 -3.3383	 -0.2532
-10.7153	+10.7200	+24.1659	 +1.5816	 -0.2327	 -0.0069
-23.6776	+10.4445	 +1.4758	 +2.6676	 +1.9939	 +0.2924
+20.2217	-31.7251	-53.3939	 -0.0438	 -0.9827	 -1.9264
 +9.6200	 +6.9488	 +5.2714	 +1.4408	 -1.3000	 -3.6572
 +0.2981	 +7.4391	 -0.0658	 -0.4264	 -1.5004	 -0.2018
 -1.0467	 -5.3075	 -2.9865	 -2.3647	 +0.8679	 +2.5827
-16.1147	+84.3595	+58.0156	 -0.8384	 +2.7330	 +1.3452
-44.6659	-59.1201	-65.8323	 +0.0293	 -1.0271	 -0.7856
+25.8444	+13.5792	 +4.5976	 +2.4001	 +0.5387	 +1.3443
 +7.8959	+18.8435	-30.6713	 -1.5166	 -0.4167	 -1.6891
 -6.7194	-15.9954	 -5.4350	 -0.9827	 +1.8380	 +0.0599
 +0.8780	-19.0001	 +2.7142	 -0.2178	 -0.6863	 +0.3143
 +3.6831	-28.8372	+10.7419	 -0.9771	 +1.8745	 +0.1655
-10.5052	 -5.0508	 +4.8167	 -1.4418	 +0.1684	 -0.9950
+18.3184	 +4.2480	 +8.3499	 +1.4351	 -1.1414	 -0.6970
-255.1729	+106.0043	-215.4398	 -5.4388	 +2.4008	 -4.2660
+14.0921	-10.9909	 +2.1432	 +2.7817	 -1.0208	 +0.7270
+13.1961	+50.1842	-68.4271	 +0.8040	 +0.2760	 +0.8011
-19.8144	 +5.8214	 +3.0984	 +2.5642	 -0.0259	 -2.9990
+128.9643	+280.9629	-19.8834	 +1.5544	 +3.4178	 +0.0503
+25.9287	 -8.5654	+14.2476	 -1.3669	 +0.6359	 +0.0306
 -4.7877	 -1.7969	 -4.2715	 -2.6945	 +1.8763	 +1.7546
 +0.0436	 -2.6901	-17.8816	 -2.7233	 +0.0163	 +1.6335
+18.6091	 -4.3854	 +5.8702	 -1.1648	 -0.9458	 -0.9887
-10.1223	-13.2467	-16.3352	 -0.6064	 +2.5884	 +0.8662
-124.5896	-873.7866	-67.9635	 -3.3949	-24.0448	 -1.6081
+12.5919	 -1.5418	 -7.7533	 +0.5767	 +3.0437	 -3.5932
+12.7333	 +8.1074	 -6.0000	 +2.3446	 -2.2009	 -1.5681
+19.0073	 +1.1434	+67.0148	 -1.5940	 -0.7008	 +0.1739
+16.0611	 -0.9859	 -0.0685	 -2.6750	 -0.3578	 -0.6270
+15.0618	+20.5591	 -7.5523	 -1.9882	 -2.5307	 +0.0986
-16.9798	-24.9715	 +4.8423	 +0.2628	 +1.2532	 -1.9451
-13.0762	 +1.4708	 +0.8299	 -0.3206	 -3.7193	 -0.2025
 -3.5338	 +8.5540	+13.4702	 -0.9856	 +0.8821	 +0.2174
 -4.4096	-17.3760	 -8.8230	 -0.8395	 +3.3566	 +3.1156
 -1.9460	 -0.0158	 +7.9132	 +2.0884	 -1.4819	 +3.7536
 +0.9394	 -8.9443	+15.5906	 +0.0575	 +1.1282	 -0.3553
-16.2014	+14.6685	+13.9877	 -1.8576	 -1.2140	 +1.2387
 -3.4013	-12.3875	 +4.9336	 -1.6218	 +0.8030	 +0.4404
-13.7778	 -0.9655	 -0.6989	 -2.3980	 +2.8021	 +2.1950
-32.9469	+43.0964	+18.2382	 +1.5028	 -0.9226	 -0.3613
-14.6558	-10.0689	 -4.3190	 -0.7671	 -0.8906	 +2.0439
 +6.8652	-13.8862	-14.3382	 +1.6236	 +0.0322	 +2.1180
 +4.3266	-57.3708	+10.4077	 -1.0694	 +1.0559	 -0.9647
-65.3950	+64.2851	 -6.6652	 +0.0616	 -0.5498	 -0.6170
-25.6884	 -0.0492	+13.7994	 -0.2101	 +0.0120	 +0.1162
 +0.4112	-10.0720	 -1.3925	 +0.1273	 -1.0843	 -3.8187
+74.6569	+73.7994	-53.5042	 +1.5671	 +1.8887	 -1.0489
 +6.6297	-22.0425	+16.3710	 -1.7823	 +1.0852	 +1.2560
-52.6866	+118.2956	-22.6846	 -0.2741	 +0.6944	 -1.3288
 -0.2796	-18.0055	+14.0807	 +1.1484	 -3.8465	 +0.2638
-23.8819	-12.7115	-59.0168	 -0.1874	 -0.3299	 -1.6059
 +6.0672	 -3.1905	 +7.7657	 -0.9587	 +0.0628	 -0.6363
-16.2391	 -4.8353	 -3.9406	 -2.5299	 +3.0602	 -1.7777
 -7.9456	 +6.8624	 -5.4201	 +0.5538	 -2.4037	 -0.5179
 -4.7907	 -9.2448	-24.0040	 -1.0652	 +2.3560	 +0.0058
 +1.0263	-20.6967	 +6.1885	 -2.5202	 +1.1785	 +0.9231
-10.8404	+14.3334	-47.5882	 -0.3431	 +0.0926	 +1.5145
+12.4144	 -1.2961	+18.6458	 +2.3366	 +0.3975	 +1.3715
 -7.4865	 +5.5079	 +1.4590	 +2.3221	 +1.0320	 -1.7072
 -0.4493	-12.5587	 -2.7754	 -0.6438	 +2.2480	 -0.3566
-53.9581	+281.0623	-880.4063	 -0.7136	 +3.6790	-11.6147
 -0.4612	 +1.4967	+11.6431	 +0.5227	 +2.7780	 +0.2249
+45.3696	+32.5985	-36.3152	 +1.3799	 +0.9719	 -0.0898
+107.3607	+58.6229	-132.0150	 +1.5364	 +1.0497	 -1.9542
+145.7290	+11.2591	-41.0036	 +1.4757	 -0.0146	 -0.4018
 -0.5504	 -1.1322	 +1.1614	 +0.2607	 +1.5334	 -2.2252
 -2.1001	 -5.1756	+10.2562	 +0.1222	 -2.0461	 -1.4971
-13.9758	-92.5156	+85.4698	 +1.0220	 +0.9021	 -0.9118
+10.1757	 +6.4512	 +2.3238	 +2.4686	 +2.8641	 -1.7172
-13.9181	-21.8723	-10.1292	 +2.4083	 -0.1352	 +2.1661
 -3.0990	-10.2983	 +8.1546	 -2.4438	 +0.6562	 -0.8326
-54.0340	+37.5219	+69.2626	 -1.2747	 -0.4692	 +0.0666
 +0.4002	 +1.9059	 +2.2229	 +3.3453	 -3.3878	 -0.5371
 -5.7523	+15.7905	 +6.0368	 -0.7403	 +1.4667	 -1.3782
-20.7188	+31.4114	-58.7831	 -0.9328	 -1.8572	 -0.8130
-13.7697	 +4.6532	-12.1617	 +1.4597	 -0.0737	 -1.0730
-13.3091	 -2.8990	 -9.5989	 -1.6322	 +0.2675	 -2.0716
+20.8690	-34.3440	-43.4791	 -0.2113	 -0.3792	 +0.6425
-12.4677	+17.1543	 +8.2474	 +0.8199	 -1.8560	 +2.3668
-17.3010	-40.8261	 +6.7839	 +0.0221	 -1.9301	 -0.2870
-21.1941	-17.9507	-12.0598	 +0.5896	 +1.7827	 -0.7299
 -1.8915	+18.0659	 -6.5496	 +0.0085	 -1.5676	 -0.2834
-13.9670	 -6.6331	-12.7891	 -2.4937	 +1.2066	 -0.7747
-12.4524	+13.8049	 -7.2731	 +0.3762	 +0.3370	 -2.3895
-32.0396	-36.2547	 -6.5419	 +1.1521	 +0.8581	 +0.7769
-11.3546	 +6.7298	 -7.1911	 +1.8336	 +0.1034	 +0.6865
 -7.3114	 -2.4207	 -0.5543	 -0.3359	 +4.0034	 -2.9112
 -2.5723	 +3.5791	 -4.4442	 -4.0006	 +1.0721	 -1.7813
+15.0139	 +2.2364	 +0.6852	 -0.7665	 -1.4653	 +1.7026
 +3.3987	-32.4247	+67.2554	 -0.8928	 +0.6827	 -0.4971
 -8.5470	+10.0407	 +7.4284	 +3.9546	 +0.3919	 +0.4110
 -5.9228	 +4.2644	-11.1286	 -2.1066	 -1.7596	 +1.2115
 -6.3282	-19.2881	-13.9261	 +1.8446	 +0.4133	 -2.1957
 +6.0814	+16.3700	+34.6469	 -0.0487	 +0.0086	 -0.0955
+12.7574	+70.7981	+79.9526	 -0.0604	 +1.2838	 +0.5111
+14.0961	-60.6530	 +1.5543	 +1.2665	 +0.0186	 -0.7272
-65.2764	-48.8946	+23.9844	 +1.3332	 -1.6186	 +1.2028
+169.0373	+144.9397	 -0.0799	 +1.6582	 +1.6464	 -0.0914
+29.4050	 +8.5279	 +6.3000	 +0.9322	 +1.2568	 -1.3149
+34.3673	-17.6818	-49.5619	 -0.6817	 +0.8995	 +1.0439
+15.8309	+15.6391	 -4.4047	 +1.0052	 +1.0223	 -1.0490
+13.8851	 -8.0785	+13.5349	 +1.6049	 +0.8242	 -2.3460
-13.5039	 +6.7368	+11.6457	 +0.7629	 -0.0750	 -0.7927
 +5.3855	 +1.4097	-10.8388	 +0.8501	 +5.0146	 +0.0170
 -8.4371	 +6.5166	 -6.1983	 -0.2302	 +1.7536	 -0.0152
 +1.2674	 -9.7942	+13.6581	 -0.4840	 +1.3653	 +1.3698
 +7.9730	 +4.6389	-10.6096	 +3.6391	 -1.7417	 -0.7245
+70.8765	-32.4968	 +0.0898	 +0.6699	 +0.2773	 -0.7435
-24.4320	 -4.5598	 +2.2498	 -1.5747	 -0.3112	 -2.6371
-33.1575	+28.5506	 +7.3627	 +0.9076	 +2.0248	 -0.6159
+12.2884	 -4.6961	-12.2603	 -4.2026	 +0.3376	 +0.7013
 -6.5624	-11.5110	 +3.6597	 +0.3881	 -0.9570	 +0.5453
 +0.2411	 -4.4043	 +2.1060	 +4.4056	 +2.2847	 +0.7719
 -5.6783	 +0.0731	 -5.3848	 -1.0824	 -2.1782	 +2.5729
-101.7928	-96.3635	+108.8310	 +0.7877	 +1.3304	 -0.2936
-11.3947	-13.9510	 +3.4858	 +1.6471	 -2.5377	 -0.7297
+55.4165	+65.8251	-68.1676	 +0.3276	 +1.3227	 +0.0495
-10.2926	 +3.5852	 +6.4934	 +1.3956	 -1.6157	 -2.1972
 -3.3790	-67.2550	+21.4662	 -0.1882	 -2.7636	 +0.4143
 +0.7480	 -7.9595	-12.6490	 -1.1519	 -4.2545	 +0.7426
 -0.4958	 -0.3775	 -9.1089	 +4.0821	 +1.0047	 -0.7531
+33.4729	-14.8406	 +4.8561	 -1.4970	 -0.4643	 +0.8396
-55.3757	+44.9296	+55.6312	 -0.4991	 +1.1982	 +0.9518
-19.5698	-27.8752	-10.6698	 -1.6177	 +1.6921	 -0.4841
+15.3682	 +8.8072	 -5.8565	 -0.8003	 +3.3006	 -1.3830
 +0.4763	+13.9639	 -7.4584	 +0.4460	 -1.1888	 -2.0150
-25.3754	-26.3851	 -8.9267	 -4.0911	 -4.8869	 -0.2541
-14.7480	 +1.2596	+13.4692	 -0.9321	 +0.6767	 -0.3074
 -6.6782	 +3.0220	 -0.6557	 -0.4250	 -5.1408	 -0.5808
-14.9543	+15.7106	-37.7409	 +0.6115	 -0.2920	 +0.2482
-43.2976	 +2.1084	+23.8018	 -2.0366	 -0.1226	 +0.9795
 -7.3799	+28.6003	-39.4013	 -0.3455	 -0.1473	 +0.2661
 -2.7833	 +7.6669	-15.5773	 -3.1131	 -1.2275	 -1.8323
 +6.4698	-11.8506	+41.4024	 -0.3924	 -1.8026	 -0.1413
 +4.1219	 -0.2409	 +0.4991	 -0.5064	 -3.6823	 -3.5133
-20.0214	-76.8641	-62.6545	 -0.6600	 -0.7919	 -0.2334
-17.9178	 +4.1859	 -7.3269	 -1.6998	 +1.0987	 +0.7050
 +0.1681	 +7.2770	 +0.6526	 -0.9740	 +2.4552	 +0.1343
 -5.5295	 -5.3675	 -1.1418	 +1.8409	 +1.4745	 +0.4890
 -5.0358	 +5.5880	-22.1360	 +0.3144	 -1.7588	 -1.8980
-27.2072	+14.8285	 -4.0744	 +1.0093	 -0.9394	 +0.5568
 +6.0757	-42.0683	-11.3696	 +1.7224	 +0.1797	 -0.0707
-10.5703	-12.9568	+16.9345	 -0.7350	 -1.7367	 +0.6626
 +2.5400	 -7.5612	+12.4344	 +2.6340	 -2.5924	 +1.7876
+46.3907	 -7.7060	 -5.0203	 +0.7453	 -0.1501	 -0.2678
 +5.7532	 +6.2662	+10.0255	 -1.0348	 +2.5194	 +2.0780
-31.8003	 -1.9116	 +4.0382	 +0.8145	 -1.6870	 +0.9560
 -3.7274	-20.3659	+13.0337	 -1.2222	 +0.3700	 +0.9520
-347.4154	+381.0455	+632.6602	 -5.9733	 +6.4827	+10.8947
-144.7737	-197.8664	+29.2239	 -2.0625	 -2.6964	 +0.7435
 +9.8520	 -6.6173	 -2.3494	 -1.3837	 -0.2245	 -1.3090
+17.5124	+28.9480	-16.7667	 -1.2644	 +0.8297	 -0.3692
+16.2039	 -1.4073	-16.2320	 -2.9974	 +2.0417	 -1.0658
 -0.3519	+17.4990	+23.5569	 +0.6865	 +2.5681	 +2.3068
-19.7087	-54.5332	+156.4274	 -1.9412	 -4.0617	+13.3935
 -5.1793	 -5.7021	+23.0863	 +1.6799	 +1.2198	 -2.9567
 +4.4004	 -0.7005	 +4.4549	 -2.1334	 -0.8503	 +0.2202
 -7.0081	 -0.6611	 -2.8899	 -0.3288	 -0.9380	 +4.8718
 -3.2812	-12.2459	+32.7100	 +0.3667	 +0.5683	 -0.7320
+23.5686	 +6.7937	-10.5043	 -0.1107	 -1.4379	 +1.3684
 -2.0813	 -8.5274	 +1.3721	 +2.5494	 +1.9371	 +0.1772
 -8.5072	 +4.2032	-13.1220	 -1.9955	 +3.0051	 -3.3681
 -4.2108	 -3.6123	 -4.6246	 +0.1705	 -3.9653	 +1.0297
+14.1928	 +6.7760	 +1.5518	 +2.5537	 -3.3921	 +1.1678
 -0.0460	+10.7607	+14.5093	 +0.4759	 +0.7491	 +0.8134
-10.9371	 -7.2975	 -7.5431	 +0.9248	 -1.5710	 -0.3611
 +2.4432	+25.2369	+22.9059	 -1.5396	 -0.3383	 +0.7239
 +7.0911	+20.5785	 -7.6904	 -0.8678	 -1.4810	 -0.3557
+22.0507	-24.0465	 +0.1860	 +0.7258	 -3.5677	 +0.3247
 -8.2541	 +6.3009	 -3.5482	 -2.2753	 +1.3168	 +0.3557
-11.3734	 +5.9611	-15.1247	 +1.1386	 +1.5715	 -0.9548
+11.8697	 -8.0426	+26.0827	 +0.1570	 -1.8315	 +0.5371
-14.1873	 -1.6606	 +6.5388	 +1.6479	 -2.1815	 -0.8423
-23.8071	-44.5770	+22.1673	 +0.6139	 -0.9066	 -0.1770
 -2.4356	 -6.7955	-19.2888	 -1.0013	 -1.6241	 -2.7512
+18.6135	+17.6960	-14.8283	 -1.3816	 -1.4371	 +2.6872
-12.7372	 -3.6652	 -8.8398	 -1.5220	 +1.2033	 +3.1117
+102.0084	+94.2027	+209.0506	 +1.2881	 +1.5517	 +2.6973
 -8.8182	+18.5784	 +5.3419	 +1.9720	 -0.5533	 +1.6649
 +2.3086	 +4.0125	 -2.3630	 +2.0750	 +0.8242	 +1.2883
-18.7991	 -4.7820	 -7.5043	 -0.5311	 -1.1672	 +0.0413
 +5.4044	 +0.0533	 +9.9465	 -4.0508	 +0.1748	 +0.8170
-15.0507	 +2.0831	 +0.6946	 -2.2288	 +1.0489	 -2.9343
+10.4653	-10.3385	-13.0830	 -3.9431	 +1.1892	 +1.2340
+20.8567	-30.4604	 +5.3433	 -0.3018	 +1.4941	 -0.5429
 -6.3153	 +1.1090	 -2.7668	 +2.8800	 -2.3240	 -3.3836
+247.4933	+36.9363	-156.5078	 +5.3969	 +0.7391	 -3.1500
