# Num Particles: 1000
# Num Cores: 8
# Total Energy: -7.258075e+03
# Iterations: 931 of 1000
# Current Time: 2018-05-05 20:38:54.477402
# Elapsed Time: 3:35:29.797656
# Avg. Step Time: 0:00:13.888075
# 
# x	y	z	vx	vy	vz
# 
 -0.1331	 -1.3125	 +0.8151	 +0.2886	 +2.0020	 -4.3101
 +0.2267	 +2.1631	 +4.5177	 -3.9538	 -2.2872	 -1.6355
 +3.8695	 +3.2655	 +8.3134	 -0.2806	 -0.6928	 -1.7305
-29.4055	 +7.8912	 +5.8906	 +1.1207	 -3.5055	 +1.0172
 -2.7928	 +1.4447	 +6.3914	 +0.0388	 -0.7198	 +0.3314
-13.9621	-14.7386	 +5.6420	 -1.4921	 -0.4794	 -1.7393
 -7.1698	-13.0159	 -1.5384	 -0.3941	 +1.0389	 +1.9013
 -4.3299	-13.2937	+10.2916	 +0.3379	 +2.6290	 +0.3405
 -7.2611	+10.9007	+11.7226	 -2.0631	 +3.0491	 +1.7915
+27.0791	-41.7158	 -4.4312	 +0.9954	 +0.0095	 -0.3023
 +6.3624	 -9.2379	-11.4519	 -0.6666	 -3.3749	 -1.1247
 -1.5255	 -7.9800	 +2.6283	 +1.5002	 +1.0471	 -0.7013
-13.7202	 -9.3649	 -6.4837	 -0.0072	 +1.0854	 +1.4026
-28.8918	-13.7850	+38.8477	 +0.8739	 -0.9770	 +1.3665
 +1.2195	 +1.5568	+11.6379	 +0.5071	 -1.0445	 -0.5196
 -8.9384	+47.6648	+18.3359	 +1.2575	 +3.4219	 +0.8507
+16.7305	 -1.9442	 -0.7670	 -1.9028	 +2.5893	 -1.9168
+13.2913	-13.6412	+18.1317	 +2.3095	 -2.0905	 -0.5880
 +2.5363	 +8.1760	 -3.9921	 -1.7327	 -1.0390	 +2.2897
-54.4193	-10.8695	-24.2656	 +0.0445	 +2.1933	 -2.3283
 -5.6557	 -1.0818	 +4.6233	 -1.1819	 +5.6513	 +1.1238
 +5.9724	 +1.8827	 -0.9646	 -1.5160	 +1.2798	 -1.2147
 -3.8183	 +3.1319	 +9.3330	 -0.1979	 -2.6272	 -0.3160
 -5.0087	 -6.7920	 -5.4835	 -0.7649	 -2.5441	 +0.0867
+21.1778	 -2.0343	+29.0356	 +0.3130	 +0.6048	 -0.6560
 -3.1725	-22.9109	+27.1363	 -1.8372	 -0.8625	 +2.3137
 +8.2956	-25.5708	 +5.8351	 -1.0707	 +0.1753	 -0.1856
+16.8868	-18.5871	 +2.9772	 -1.2444	 -1.6695	 +1.3484
+24.1800	 -6.7149	 -6.8977	 -1.0640	 -2.8629	 -1.0610
-32.7715	+41.1521	+18.6670	 +0.0160	 -0.7908	 -0.3785
+31.6603	-12.4748	 -2.9174	 +0.9143	 +0.5950	 +1.2340
+35.5649	-11.3690	 -5.7496	 -1.4927	 -2.3709	 -2.0662
+13.4107	-13.9599	-19.0392	 -2.7177	 -0.1685	 +1.6078
+10.0930	-38.2813	-23.5256	 +1.0929	 -0.6548	 -1.3299
+21.0109	-78.8000	+41.4598	 +0.3006	 -0.6963	 -0.1119
+324.7481	+1361.9958	+90.4432	 +6.1524	+25.7549	 +1.8919
 +4.3430	+20.2846	 +3.1080	 +2.2725	 +1.5887	 -0.7071
 -0.8483	 -4.5589	 -4.5522	 -2.4062	 -0.2959	 -1.3409
+155.3225	+33.9818	+350.5819	 +2.0582	 +0.6932	 +5.1459
 +3.0143	 +0.0192	 +0.3358	 +2.8774	 +0.5887	 -2.9340
 -3.7081	 +1.1258	 +6.2487	 +1.2856	 -1.5536	 +4.3236
-13.0877	 -0.6992	 -2.0267	 +4.3935	 -1.6820	 +1.9237
 -2.6513	 -9.7766	 -6.7519	 +0.7277	 +2.0997	 -0.3421
 -3.9809	-17.1867	 -5.4283	 +2.6395	 -0.8893	 -0.8420
 +9.9440	+20.2805	 +4.7199	 +0.4181	 -2.2580	 +0.3941
 +2.0714	-10.8971	 +1.7969	 -2.4071	 -2.1287	 +2.5514
 +0.6396	 +7.2313	 +3.6352	 +2.1856	 -0.7429	 +4.6471
-59.5814	 +0.8150	-24.6585	 -0.7028	 +0.4319	 +0.8196
 -7.6151	 +1.0910	 +4.9290	 +2.4007	 -1.0380	 +1.8813
 -3.8406	+16.3958	 +9.5014	 +0.2823	 +1.9330	 +1.5230
-47.5014	+60.2017	-73.8583	 -0.5147	 -0.6450	 -0.4713
+26.2002	-14.4554	+55.5759	 -1.1656	 -0.1982	 -1.5990
 -5.0542	+30.6982	+48.4483	 -1.4495	 +0.8560	 -0.4853
-16.4878	-13.5912	-13.6198	 -2.1232	 +2.4661	 -0.1435
 +7.1400	+81.8044	 +0.1894	 -0.3003	 -0.8683	 -1.5409
+21.3396	-45.4278	 -3.7342	 +0.0500	 -1.7370	 -0.4567
 -9.0405	-19.5402	+24.7309	 +0.7247	 -0.3286	 +0.4804
 -4.6233	 -1.5653	+12.2823	 -0.2047	 -0.3704	 +0.2255
 -0.5026	 -0.8123	+12.5292	 -1.0128	 +3.1374	 +2.9673
-21.7971	+46.9720	-15.1049	 +1.5713	 -0.1042	 -0.2952
 +0.1712	 -7.6455	+23.8346	 -3.2555	 +0.7651	 -0.8826
+10.8690	-39.2180	+18.1650	 -0.5754	 -0.5609	 -1.7462
-15.8295	+13.9490	 +1.7592	 -1.6605	 +1.7002	 -0.9700
 -2.3608	+17.3840	 +7.2672	 -2.0322	 +2.2255	 -1.8877
 +7.3138	 -3.9058	+11.0971	 -1.4517	 +3.8233	 -2.0028
 +9.9094	 +8.6448	-35.1345	 -0.8860	 -0.5646	 +1.0119
-12.3207	 -7.7659	 +2.1312	 +0.3493	 -1.8623	 +4.0799
-10.6176	-13.4262	 -6.1017	 +1.6129	 +1.3034	 -4.6118
+18.6224	 +7.0264	+15.7222	 -2.2169	 +0.3002	 -1.6081
-847.2199	+696.6414	+1195.5513	-10.5260	 +8.7066	+15.1221
 -4.6651	 +5.3817	 +4.0371	 +3.6297	 -1.8795	 -0.0486
 +3.9613	 -5.9540	+19.1439	 +1.3778	 +0.4215	 +0.3158
 -5.3638	 -0.4934	 -6.1926	 +1.8372	 -1.9174	 +1.5306
+134.8170	 +1.8062	-108.8614	 +1.1442	 -0.2064	 +0.5563
+55.3838	 -3.6027	+19.5076	 -0.4771	 -0.0322	 +0.2686
-15.1171	+16.7321	-22.3988	 -2.6191	 -1.9120	 +0.2727
 -1.4659	+27.2267	-19.7385	 +0.3874	 -2.0226	 +1.2337
 +5.9382	 +2.4168	+11.3388	 -2.8983	 -2.1096	 +2.5885
-114.2458	+273.1975	-191.7240	 -1.1769	 +3.1770	 -1.9015
-17.7127	-16.6803	 -4.8914	 +3.7518	 -0.7194	 -0.0209
-11.8335	 -3.3294	 +4.9229	 +0.0118	 -2.9530	 -0.5178
-28.7425	 +4.8292	 +9.4538	 +0.2293	 +1.3165	 -0.5864
-15.8011	+18.8606	 +0.6941	 -0.1112	 +2.0890	 -1.0530
-12.7302	+50.4043	+24.0222	 -0.1506	 -0.8835	 +1.1266
-21.3442	 +3.7783	 +3.8939	 +2.6833	 -1.9699	 -2.2694
-18.5922	-11.4390	-20.3942	 +1.2136	 +0.0104	 -0.5951
 +1.3979	 -5.5950	 +4.7232	 -1.3876	 -2.7742	 +0.9547
-79.3047	+54.8564	-78.8836	 -0.8036	 +0.3479	 -0.8767
+17.7395	-23.4552	-15.2122	 +0.2128	 +1.1249	 -1.5126
 +1.2738	+40.8259	 -3.1328	 +1.8194	 +1.3218	 +0.8807
-17.3957	+10.0409	 -6.0693	 +0.2507	 +2.3937	 +1.0681
-30.5331	-54.1453	-13.4189	 -1.9272	 -4.3383	 -1.0515
+10.8356	+24.0572	-22.5260	 -1.8228	 -2.2587	 +0.5328
+23.6149	 -2.4909	 +2.4145	 -1.8343	 +0.0245	 +0.4178
-39.4260	+18.0130	+18.4939	 +0.0863	 +0.9153	 -0.3410
 +2.9751	 +4.0531	+13.4282	 +2.4878	 +0.1073	 -0.9472
+19.7976	-54.5932	-10.4313	 +0.3965	 +0.7374	 -1.4176
+12.4436	 +4.3221	 -3.8686	 -1.0911	 -2.0734	 +2.4272
-21.6870	 +6.5578	 -1.9044	 -2.9789	 -0.5907	 -1.5277
-14.6233	 -9.9198	-13.1280	 +1.3008	 +0.8525	 -3.6161
-67.1725	-77.3013	+26.7624	 -1.6691	 -1.4630	 +0.8233
-15.8573	+17.2630	 +6.7072	 -0.3419	 -0.1044	 -1.0982
-10.3957	 -4.3854	 +9.6379	 -0.0896	 -0.2709	 -2.0827
-12.9909	 -7.6039	 +6.2747	 -1.2755	 -1.0457	 -2.4348
+580.9430	+146.5371	-293.0700	 +6.1471	 +1.5686	 -3.0364
 -7.3148	 -2.1240	 +1.2425	 +0.2128	 -0.9895	 -3.3106
+45.9200	+17.7115	-27.6465	 +0.1448	 +1.4448	 -1.3487
 -8.0389	 -1.6856	 +0.8735	 +1.5142	 +4.1603	 -0.8159
 +9.4013	 -4.8205	 +9.9035	 +3.2383	 +3.1280	 +0.0432
-20.7580	 +9.0041	-10.8019	 +0.2397	 -0.0399	 -0.6996
+10.3375	+27.6045	-24.7084	 +1.2633	 +0.1973	 +0.5372
+445.7399	+447.5549	-196.7860	 -0.3448	 +0.6138	 +0.3448
-137.9251	+193.7738	+223.5526	 +0.1080	 +0.9062	 +0.1005
 +3.9910	 +0.7541	 +8.4843	 +1.1116	 -1.1670	 -0.8232
+14.3681	 +9.3564	 +7.9985	 -0.6701	 -1.3472	 +2.0530
 +2.6587	-14.6292	 +6.2383	 +2.1440	 +0.3969	 +1.5018
 -8.2814	 -3.2071	 -9.0514	 +0.2556	 +3.1843	 +1.2524
 -9.3043	 -1.1955	+103.3119	 -0.6249	 -0.1764	 -0.0903
-279.3607	+271.2272	-362.2605	 -5.8529	 +5.9238	 -7.9527
-46.4993	+50.2433	-48.7038	 +0.4832	 -0.3402	 -0.3839
 +3.8915	-23.4924	+20.1592	 -1.0218	 +0.2146	 +1.2383
 -9.4999	-12.2841	 -7.8730	 -2.8227	 +0.3210	 +1.1064
+11.0908	 +4.5598	-26.1036	 -1.9748	 +0.1188	 -0.5337
 +1.9657	-17.5483	 -9.6038	 +1.4274	 -2.6013	 -0.3414
+10.4529	-38.4533	+10.5895	 +1.7674	 +0.4461	 +0.2395
 +1.4272	-38.5103	 -0.8679	 -0.4642	 +0.8794	 +0.9153
 -0.1074	 +2.8699	-13.3517	 +1.6015	 +0.5187	 +1.3280
+76.7483	-26.3991	+31.4448	 +0.5603	 -0.3323	 +0.3253
 -4.2375	 -0.1895	 -0.3147	 +0.1437	 -0.1303	 -0.4991
 -7.6827	+10.4516	 +4.8251	 +3.0213	 -1.2866	 -2.4619
+15.9713	-75.7412	-234.1279	 -0.0107	 -1.1035	 -0.3607
-13.8080	 -2.2441	+20.2022	 -0.1464	 -3.0718	 +3.2223
+12.7893	 +2.5891	+16.9834	 -1.9984	 -1.5656	 -0.9170
 -9.7031	 -9.3440	 +1.7001	 +0.6617	 +1.4701	 -1.3522
 +2.6985	 +7.4165	 +0.4700	 -1.1035	 +1.2746	 -0.5839
-51.1043	-31.8601	+18.0242	 +0.6150	 -0.1465	 +0.3163
 -7.6303	+17.3458	+11.9902	 -2.9460	 -0.3079	 +0.8909
-32.5500	+20.3248	-39.4637	 +0.8230	 +0.8424	 -0.2098
-13.7564	 +8.9158	+13.7344	 -0.5129	 -2.1487	 +1.4871
-125.5190	+122.2541	+61.2006	 -0.5727	 +0.6777	 +0.2421
-10.1369	 -1.1483	 -5.1186	 -1.8634	 -0.8747	 +0.8260
+25.1313	 -5.0259	 +3.2093	 -0.5526	 -1.9494	 +2.7254
+972.1678	-316.7703	-249.2054	+13.5670	 -4.3394	 -3.3365
-49.4444	-58.8851	 +4.6540	 -0.7890	 +0.7259	 -1.5148
+40.1693	+53.3465	+23.9887	 +1.8829	 -0.3835	 +0.3626
-22.9683	 -0.7949	 +6.6340	 -0.1986	 +0.1471	 -1.8005
 -1.8806	+56.6932	-19.1901	 +2.0056	 -0.6028	 -1.8718
 -8.7751	 -8.4443	 +6.5251	 +3.4949	 -2.2083	 +1.5693
 -4.6170	-18.9656	-37.1435	 -1.2675	 -1.3786	 -0.0327
 +0.2108	-25.2294	 -1.4603	 +1.3584	 -2.0618	 -0.0555
 -0.7019	-13.1360	 +4.7349	 +2.5174	 +0.3065	 -0.4990
-15.0083	 -4.1905	 +7.0137	 +0.4282	 +0.0792	 +0.2559
 +2.7978	-13.0063	 -0.4967	 +1.0858	 -0.8382	 +0.1032
 -0.7416	-12.8122	 -3.4186	 +2.4819	 -3.4924	 -1.9327
 -0.6449	 -5.9924	+10.1754	 +2.9453	 -0.0468	 +1.9800
+14.6982	 -9.2429	 +9.0865	 -2.3307	 -0.1584	 -2.6280
-23.8544	 +2.8754	 +6.5663	 -1.0110	 +1.7226	 -2.5150
+17.8657	-11.7275	-24.5013	 +2.0455	 -0.7336	 +1.8440
-12.4347	 +6.8265	 +5.1464	 -0.8474	 +0.5170	 -0.2063
 +7.1934	 -8.8706	 +0.4477	 +0.8027	 -0.4875	 -0.5414
+20.3088	-21.2106	+66.6749	 +0.3215	 -0.6516	 -0.7687
+17.2363	+20.2355	 -6.8807	 +1.1813	 +2.1572	 +0.0143
 +3.1299	 -9.1050	 +0.8838	 -1.8146	 +3.2056	 -0.1959
 +9.4502	+12.6834	 -4.0971	 -3.5765	 -0.1251	 +1.0193
 +4.7362	 +4.2482	 -1.8455	 -1.1582	 +2.0982	 -1.2961
 -6.5617	 -4.5084	 +5.6997	 -3.0022	 -2.0419	 -0.4500
 -7.5918	 -4.7742	 -5.0333	 +1.0993	 +4.3507	 -1.6682
-26.9289	-12.8645	 +4.6273	 +2.4138	 +0.4088	 +1.8411
 +9.8469	 -7.7317	 -7.5547	 -0.0363	 +1.3950	 -1.8552
 -5.7576	 -2.7303	+14.5969	 -0.3255	 +0.7834	 -3.2897
 -0.2196	-13.9750	+24.3719	 -1.0773	 -0.2830	 +1.9230
 +0.9350	 +2.8741	 -1.8728	 +2.5243	 -1.4647	 +0.7293
 +3.7500	-16.2712	 -7.7841	 -1.7554	 -1.5263	 +3.4166
 +1.2813	-73.8210	+17.2159	 -0.4161	 -0.6492	 -0.2859
 -3.3655	 -4.1301	 -0.5056	 +0.4063	 +5.1246	 +1.8141
+51.1250	-98.9680	+38.7885	 +1.2576	 -0.1638	 -0.1049
-13.6728	-29.7621	 +3.0779	 -1.7379	 +1.6425	 -1.9741
-16.8014	 +8.8764	 -6.6970	 -5.8705	 +1.7275	 -3.8567
 -8.6248	 -5.6128	 +4.6731	 +1.9465	 +0.7817	 +0.5267
-15.2485	 +0.8268	 -1.7090	 +0.6311	 -0.5440	 -2.2691
-797.5486	+127.8787	+318.8638	 -9.6995	 +1.5526	 +3.8052
+71.4927	-168.9377	+35.8944	 +1.8420	 -3.9553	 +0.9364
 +2.1642	 +9.9168	-16.4299	 +0.8641	 +0.9070	 +3.4812
 -3.3636	 -8.6350	+14.5725	 +3.3910	 +0.9194	 -2.4897
-19.2553	+10.3962	-20.1646	 -1.9677	 -0.9530	 +0.5794
+63.1283	+135.9735	+82.8034	 +2.1889	 +4.1991	 +2.5043
 -8.3766	 +1.2147	-18.7120	 +0.0016	 +1.3523	 -2.9639
 -5.6679	+10.2784	 +5.1037	 -1.5742	 +0.6714	 +0.6458
 -7.6678	-17.3864	 +0.0517	 -2.3273	 -1.8050	 -1.6557
 -3.2924	-15.1877	 +1.4366	 -1.2345	 +1.7758	 +0.9845
 -0.0816	-38.8316	 +2.9058	 +0.7156	 +1.9446	 -0.1457
-15.3970	+11.9420	 -1.8787	 +0.0359	 +1.0239	 -0.9995
-14.6265	-22.1324	 +2.6451	 +0.9504	 -1.7555	 +3.5593
 -5.0673	 -0.4396	 +0.1308	 -0.7455	 -1.2956	 +1.2701
 -4.1875	-19.5681	 -6.2047	 -1.1514	 +1.6829	 -0.4718
 +0.9695	 +0.2928	 +3.5213	 -1.3359	 -0.3753	 +1.0253
 -0.0986	-86.2053	+19.6514	 -0.1411	 -1.3699	 +0.3696
+42.6564	+58.9178	-27.6958	 +1.8769	 -0.0163	 -1.4758
 -1.8478	-16.5440	 +6.1114	 -1.9471	 -0.5582	 -2.4776
 -2.8920	-157.3721	 +9.8604	 -0.9672	 -8.6431	 -0.5602
 +0.8818	+15.6710	+29.8422	 +1.7009	 +2.3785	 -0.6038
-23.5567	 -8.9178	 +0.0825	 +2.8967	 -1.4603	 +1.7957
 -9.2906	-36.0659	+14.0563	 +0.9743	 -3.3960	 -0.3025
 -4.5142	 -7.0884	+15.6001	 +0.1174	 -1.2171	 -1.8213
-19.1678	+12.5783	 +9.6923	 +1.2122	 +0.4729	 +1.1518
 +8.2862	 -0.0603	 +0.1035	 +1.8667	 -2.0050	 -0.3844
 -8.4880	-10.4144	 +1.9855	 +2.3838	 -3.4773	 +0.1514
-18.0999	-24.0767	+30.8944	 +2.0732	 -1.4081	 -0.4498
+46.9200	-35.0310	-22.8320	 +0.5320	 +1.4756	 -1.5952
 -9.9149	-26.0596	 -1.3163	 -1.3949	 -2.0736	 -1.4304
-14.0860	+17.9089	 +4.9663	 +2.1916	 +1.9100	 -0.1259
 +0.6845	 +3.9518	+17.9956	 +0.5209	 -1.6849	 -0.0617
 -3.8934	 -0.2975	 +3.0405	 +1.0775	 -0.3427	 +2.0332
-19.7277	 +3.6705	-21.7025	 -2.4391	 +1.0015	 +0.2275
-17.9938	 -0.0764	 -6.1745	 -4.0531	 +1.6612	 +0.4875
 -4.9078	 +0.3523	+18.6273	 -4.6422	 -1.0380	 -2.2156
-19.1054	-11.5422	+23.7515	 +1.2464	 +2.1767	 +2.1682
 -6.8662	 -0.4896	 +7.8193	 -1.4162	 +3.2773	 +1.5114
-10.0449	 -7.4612	 -7.0906	 +2.8322	 +1.6386	 -0.6704
 -0.5403	 +9.9101	+15.7147	 +0.1848	 -1.4941	 -0.6067
 +2.2416	 -9.3673	 -8.3427	 +0.3562	 -3.3157	 -4.2674
 +8.1155	+15.2679	+19.0671	 -0.5133	 -0.7606	 +1.7021
-185.6281	-130.1643	-189.7220	 -2.0626	 -1.2786	 -2.2305
+127.8308	-95.1507	+53.8834	 +3.4107	 -2.5382	 +0.9727
 -8.4705	 -0.2597	 +9.1632	 +3.0599	 -1.8003	 +0.1053
 +1.5871	 -5.6966	 +0.3163	 -1.0371	 +0.7822	 -1.0034
+23.4486	 +0.6244	 +2.6617	 -0.8437	 -1.3181	 +1.8515
-40.1706	-169.2623	+179.9006	 -0.2275	 -1.0899	 +1.6134
 -3.7951	 -3.9985	 -8.7921	 -3.8394	 +1.2319	 -1.0961
-12.2222	 +2.2850	 -9.6175	 +0.6371	 -0.8276	 -2.7902
 -2.2225	-15.8668	 +2.2895	 +1.5373	 +3.2097	 +1.4086
+424.9195	-558.6122	-343.2305	 +5.5528	 -7.3460	 -4.4372
 +6.4477	 -3.0397	 +8.9298	 -2.1622	 +0.1512	 +2.0002
-13.5841	 -6.7773	 -3.8695	 -1.8409	 +1.1299	 -1.1876
-12.7056	-10.1652	 -9.2368	 -0.5526	 +0.8018	 -0.7960
 -8.8186	-16.6425	 +8.5848	 -0.0117	 +1.6952	 -0.7080
 -6.6882	+28.6367	-11.3694	 -0.6339	 +2.4367	 +0.2622
-18.2729	+30.0655	-17.1644	 -0.8106	 -0.3697	 +1.9881
 +1.5439	 +6.1139	 -9.8927	 +2.5075	 +0.2494	 +0.4303
-13.1133	+17.0144	 +5.6784	 -0.8988	 +2.7926	 -1.4667
-18.2412	+79.6548	-11.2532	 -1.2608	 +0.9472	 -0.0423
 -0.2883	 -4.0098	 +3.8608	 +2.2749	 -0.2642	 -3.6637
-75.2812	+108.6160	-64.8379	 -1.4426	 +1.6327	 -1.5644
+40.4298	-43.1787	-18.3742	 +0.2177	 -0.0582	 -0.1163
-132.1645	+87.5543	-111.1617	 -3.1994	 +2.2042	 -3.1849
 -1.7451	 -1.0538	 -7.3169	 +0.1512	 +3.2819	 -2.5519
-10.0041	+26.5160	 +1.2342	 +0.2035	 +2.5378	 -0.8834
 +7.3360	 -6.8019	 +0.4218	 -3.9376	 -0.1162	 +0.1617
 +2.7947	 +4.6552	 +6.7520	 +1.3115	 -2.8660	 +2.2022
+31.5548	+137.0204	-55.6123	 -0.1409	 +0.5745	 -0.4608
 -7.3007	+20.6838	 +6.2176	 +3.1218	 +1.5243	 +0.2149
+17.4423	-23.0955	+10.4221	 -0.9146	 +3.5185	 -0.8777
 +0.3295	 -1.4976	 +3.6854	 -3.9806	 +1.3969	 -0.6170
 +3.8430	 -6.4570	 -1.4860	 +2.3035	 +1.4817	 +1.9005
+1891.1027	-52.2109	+796.1497	 +0.2122	 -0.2335	 +0.0623
 -8.4282	 -0.9998	 +3.8987	 -2.6351	 +1.4378	 -0.0303
 -5.0139	 -1.6116	 -1.6352	 +2.8235	 +0.5169	 -1.2419
 +3.5865	 -8.6657	 -6.2467	 +3.9567	 +0.1662	 -0.3567
+18.3121	+13.6882	-39.1608	 +0.7749	 -0.2872	 +0.0965
 -5.9089	-10.2793	-12.2293	 -0.0163	 -2.1493	 -0.1243
-66.0241	-92.9447	-26.9439	 +0.5924	 +0.3901	 +0.9424
 +1.5496	-26.9335	-12.6285	 +1.2242	 -1.6951	 -2.0536
 -9.2745	+20.5770	 +4.5146	 -3.2596	 +1.9510	 -2.1171
-10.4953	-18.3920	 -1.0681	 +1.2972	 -3.2218	 +2.1653
 -5.4971	 -3.8425	 +6.4591	 -0.4703	 +1.6595	 +1.7733
-13.3985	 +8.4408	 -0.3869	 +3.7431	 +2.8377	 -0.9244
 -8.7000	 +8.6503	 -4.6360	 -1.7536	 +2.5436	 +1.0787
 +0.3483	 -3.4169	 +2.2629	 +0.7469	 -3.9396	 -3.0124
-18.9997	 -1.7902	-16.1137	 +0.7730	 +3.3023	 +0.7444
+110.1842	+239.9094	+38.9294	 +0.9562	 +2.3684	 +0.2196
 -5.8553	-12.3049	+13.3127	 -0.8308	 +0.0429	 -4.5477
-12.5163	 -5.7142	 +0.1237	 +2.8167	 -0.8609	 +0.8782
-16.7483	+20.0389	 -1.2082	 -0.3183	 -2.9790	 -0.1121
-12.4629	 -3.2081	 -8.7939	 -1.9257	 +0.6650	 +1.6271
 +1.7338	 -9.8770	 +4.9069	 +0.2403	 +5.0359	 -1.1136
 +2.1475	 -8.5713	 -9.5293	 -1.6222	 +2.4932	 +1.2461
+822.4671	-324.7113	-910.9543	+10.4200	 -4.1109	-11.2995
 -8.0866	-13.2414	 -5.7842	 -0.1445	 -3.1394	 -3.0312
 -2.5445	-15.8280	+12.2567	 -0.2790	 +2.2369	 +3.9137
 -2.8174	+15.5328	 +7.5156	 +0.5906	 -3.1594	 -2.3236
+10.5227	-10.1854	 -7.5615	 +0.8682	 +0.4417	 -1.2211
 +5.9753	 +1.1242	 +1.3499	 -0.8044	 -0.4217	 -0.4704
 +2.3199	-26.8710	 -3.7326	 +0.5142	 +1.4563	 +0.6912
+112.3130	-102.4651	-125.0019	 +1.5534	 -1.2335	 -1.7360
 -9.8122	 +2.1369	 +4.9795	 -2.7916	 +1.1452	 -0.4477
-10.0692	-51.9918	+20.3316	 +0.0147	 -0.1434	 +0.6966
-26.4551	 -3.7219	+19.5607	 +1.0017	 -1.6578	 +1.1815
+11.0321	 -6.7302	+32.7523	 -2.3618	 -1.0834	 -0.0878
 -0.2408	 -8.6991	 +0.0903	 -0.5321	 -2.8519	 -0.6188
-21.9002	-96.9570	+91.3160	 +1.6280	 -0.0790	 -0.4083
-21.4456	-11.7700	-16.2093	 +0.8006	 +0.9757	 -0.4034
 -6.9330	-13.8247	 -5.6301	 -1.5274	 +0.6953	 +0.4877
+35.0446	 -4.0336	+11.0264	 +1.6489	 +0.1134	 -0.1872
+16.4218	 +7.6706	-21.4855	 -0.0168	 -0.7304	 +1.5390
 -6.4972	 +3.1765	 +5.5696	 +2.8302	 -0.7567	 +5.1368
+552.9659	-17.6005	+208.7296	 +6.6376	 -0.0852	 +2.6116
-32.6148	 +1.5864	-17.5490	 +0.7636	 +0.0846	 +0.4881
-43.4961	-88.6608	+58.0087	 +1.2205	 +0.8300	 -0.9608
-32.4892	+17.5209	+36.8371	 +1.3284	 +1.9432	 -0.7057
+14.5252	+18.2033	 -8.0641	 +1.2507	 -0.7627	 -2.7485
 +5.9272	 +0.4951	-42.5067	 +2.5046	 -0.5361	 +0.8096
 +4.0949	-19.3558	 -0.9762	 -2.6110	 -3.6081	 -1.2653
 -2.8451	 +5.1431	+18.0600	 +0.1151	 -1.1103	 +1.3622
 +2.2915	 -3.9501	 +0.4847	 +3.2361	 -1.9355	 -0.4342
-18.0708	+19.7111	 -4.3161	 +2.3541	 -0.7777	 -0.4819
+13.6991	 +1.4641	-18.2781	 +0.6539	 +0.0979	 -0.3591
-22.8519	-17.3353	 -6.0558	 -1.0617	 +0.3675	 -1.1028
+362.0484	-191.3769	-127.2317	+41.4496	-22.1100	-14.1065
+64.5653	+59.9936	+96.1361	 +0.8852	 -0.0489	 +1.2551
-10.0795	 -0.4870	 +1.6893	 -1.1377	 +0.1993	 +2.9168
 -3.2467	+19.5431	 +9.1693	 +1.7010	 +1.6999	 +0.8072
 +7.2277	 -7.5128	 +1.1291	 -0.6867	 +2.5253	 -1.6315
 +9.6231	-23.5231	 +6.5601	 -0.1095	 +0.2314	 +1.8487
 -1.9386	-15.6837	 +5.3581	 +1.3427	 +0.2845	 -2.4505
-13.8234	+15.8001	+21.5509	 -1.4659	 -0.0560	 +1.4994
-13.2885	-24.4965	 -0.2755	 +0.0091	 -0.1460	 -1.2582
 -1.4154	-11.9429	+19.5599	 +0.1760	 +2.0784	 +3.0367
 -8.1751	 -0.0340	 +1.6189	 +3.8704	 -0.7005	 -1.2963
-39.6433	+11.6708	+16.8658	 +0.6511	 +0.3559	 -1.5351
 -8.8000	 -1.7539	 +0.1854	 -0.2656	 +1.2066	 +3.3636
 +4.1688	 -5.5915	 +1.6237	 +0.7055	 +1.2313	 -0.2502
-33.5427	+57.2759	+31.7172	 +0.7865	 +0.7640	 +0.0943
 +0.5881	 -1.8101	-11.7436	 +2.8176	 +0.9789	 +1.3825
 -6.6751	 -2.8674	 +1.0282	 -2.2826	 +1.5401	 +0.4135
 +2.8485	 -7.4230	 +1.4920	 -2.3995	 +0.6966	 +1.2111
 +3.0951	-26.1428	-18.2655	 -1.2578	 +0.0352	 -0.1585
-93.3034	-107.8134	+201.1766	 +0.8246	 -0.4883	 -0.2693
 -1.3467	-20.6549	 -6.4648	 +1.4010	 -1.6107	 +0.8254
 +2.9748	 +2.6884	+11.9834	 -1.0331	 -1.6629	 +0.5921
+14.1822	 -9.5500	+12.9146	 -0.3231	 -0.1862	 +1.5647
 +1.5381	 +0.6565	 -5.6704	 +1.9117	 +3.3331	 +0.7704
 +2.3223	 -3.5935	 -7.2965	 +3.1430	 -1.5828	 -1.2580
+38.3925	+19.3200	+12.0042	 +1.2842	 +2.3029	 -0.7586
 -5.6026	 +3.1519	 -1.1390	 +0.6614	 -0.8330	 +0.7024
-36.7328	 +7.8780	 +0.0678	 -0.1852	 -0.7962	 +1.4084
 +4.7073	 +1.9864	 +7.4128	 -0.3665	 -0.4733	 +4.3463
 -0.6573	 +1.3817	 -4.4191	 -0.1873	 -2.0833	 +2.4740
-38.8960	 -1.8776	 +6.5449	 +0.2318	 +0.0357	 -0.2535
 -6.7951	 -9.5365	 -3.8966	 +1.5379	 -0.7869	 +1.4971
-15.0497	+17.1186	-16.2707	 +0.7453	 +1.8122	 -2.2720
 -8.8934	+11.6745	-12.1042	 -0.9791	 -1.1336	 +0.7550
-13.5871	+11.5864	 -8.3881	 -2.1232	 -1.0559	 -1.8901
 -2.6584	 +5.0918	-20.8675	 +0.6659	 -0.5610	 +0.1736
 +4.2029	 -2.8293	+21.2235	 -1.7487	 -1.0226	 +0.1079
-107.0937	+540.5480	-133.3426	 -1.8631	 +9.5858	 -2.3737
 -6.5464	 -5.5375	 +7.7569	 +2.9423	 -0.4015	 +0.9709
-10.3027	 -6.4692	-10.8175	 -2.7210	 -0.7589	 -1.7791
 -4.2409	-13.8404	+52.7351	 +1.4921	 +1.1503	 +0.9833
-17.8867	 +2.5908	-17.3095	 -0.6727	 -0.1791	 -1.8749
 +1.1723	 +7.6104	-11.3967	 +0.8500	 +0.2178	 -0.1621
+41.2032	-413.0157	-229.2965	 +0.7540	 -7.2586	 -4.0235
 +0.9480	 -9.1665	 +1.9942	 +0.5835	 -3.4120	 +2.9938
 +7.6993	-18.1003	 +0.7372	 +2.3167	 +0.2059	 +2.7184
 -1.8880	-22.7778	 -9.7350	 +0.3250	 -0.3526	 +2.8383
 +4.9239	 +8.5899	 +7.0543	 -1.0537	 +0.1375	 +0.4073
+18.7621	-12.1180	-10.2089	 +2.9338	 -2.0587	 -0.4271
 +0.2546	 +0.7011	 -7.2876	 +1.9438	 +5.3367	 -0.9952
-14.3606	 -4.1002	 -7.2969	 +1.0234	 +0.2624	 -0.0005
+31.2175	 +3.3524	-17.3348	 +1.9612	 +0.6678	 -0.9922
 -8.7509	 +3.7932	-12.0570	 +1.3143	 -1.2774	 -0.9144
 +0.1921	 -9.1178	 +1.7726	 -3.0769	 +0.7320	 -0.0156
-95.5110	+22.9401	+54.4724	 -0.5678	 -0.7601	 +0.1576
+11.8926	 -4.6343	-18.8935	 +1.1556	 +0.3520	 +1.4021
+258.5401	-125.4042	+126.4274	 +7.4202	 -3.7377	 +3.6580
 -4.9204	 -3.8792	+28.9389	 +2.9844	 -1.5365	 -0.3940
-14.8388	 -5.4230	-14.5246	 +3.0354	 +1.2096	 +1.5055
 +2.7927	 -5.2135	 +2.6525	 +1.8990	 -1.1530	 -1.4942
-130.9943	-120.2945	-186.6753	 -2.9398	 -2.4691	 -4.2430
-11.9757	 +3.4210	 -8.9102	 -0.7502	 -3.8704	 -0.0488
-11.2246	 +7.1787	 +0.1261	 +0.7134	 -1.0819	 -1.0739
 -2.1284	-15.7797	 +3.9187	 +2.3639	 -3.3196	 +0.7326
 -6.8348	-30.2789	+20.6997	 +0.0787	 +1.6042	 +0.7647
-15.3161	+11.1397	 -1.7743	 +2.6459	 +0.9443	 +0.6235
-11.8516	 -6.4186	-24.1112	 -2.7837	 -0.8964	 +0.8662
-44.2349	-50.4224	+37.9829	 -0.6991	 +0.8842	 -0.8343
 -8.8848	 +4.4712	 -4.4465	 +0.6542	 +2.8280	 -0.5370
-17.7782	 +0.6471	 -9.6068	 +1.5703	 +1.0998	 -1.0500
-11.8159	 -7.6433	 +0.3743	 +0.3041	 -1.1994	 -3.3575
 -6.4252	 -1.1986	 +3.2727	 +1.5307	 +2.7695	 -2.5149
 +3.1034	 +4.5857	-15.1946	 +1.3067	 +1.4076	 -1.1205
 -3.4550	-39.4301	-21.1491	 +1.2206	 +0.7985	 -0.0159
-10.4547	 +0.6475	+24.5564	 +1.5551	 -3.0122	 +0.1920
-21.8345	+11.1319	-114.1459	 +0.6160	 +0.0723	 -1.6725
+15.7818	 -6.3784	-10.4428	 +0.9729	 -1.3937	 +0.7577
+100.6088	+46.2385	+200.2082	 +1.0314	 +0.1598	 +1.8346
 +4.9979	-15.9856	 -6.9761	 +0.9065	 -0.7497	 -1.3182
-15.2455	 +3.2242	 -5.6847	 -2.1024	 -0.7519	 +0.4244
 -2.6050	-15.2181	 +0.1249	 -0.9845	 +0.0805	 +0.0437
 +2.2466	 -9.1487	+16.2832	 +0.2157	 +0.0410	 +0.9888
 -8.9670	 -8.1159	 -8.5186	 +0.6542	 -2.4029	 +2.6518
 -6.5599	 -0.7814	 +4.8055	 -0.5314	 +2.7851	 -4.8245
-10.7320	 -9.6451	 +2.4877	 -1.2168	 +2.4008	 +3.8462
-12.4197	-18.7647	 -0.8365	 -0.6005	 +0.1629	 -1.0119
-548.3753	-84.2065	-126.1496	 -6.9643	 -1.0396	 -1.7334
 +9.2908	-15.8360	-18.0072	 -0.4330	 +0.0822	 -2.1496
 -8.7401	 -4.8851	 -4.1451	 -1.9007	 -1.8867	 +2.5647
-17.2606	+17.5834	+21.8564	 +0.8862	 +2.1979	 +0.4170
-14.8195	+14.6717	 +8.7868	 +0.3931	 -2.5069	 +1.2811
-14.2368	 -8.0419	 +0.1298	 +0.9989	 -0.1296	 +1.9794
+46.1476	-31.1964	-111.1502	 -0.8125	 +0.0598	 -0.5799
-12.3903	 -5.6205	 -4.0869	 -2.8451	 -1.4192	 +1.5785
+16.7004	-79.9682	 -1.6182	 -0.5045	 -0.9291	 -0.5097
 +1.8077	 +5.9322	 +4.6444	 -0.7949	 -1.2962	 -0.7828
-12.7287	 -6.4652	+14.2920	 +2.4666	 -0.2470	 -0.9401
 +2.3868	-20.0820	 -1.1449	 +4.0214	 +0.0791	 +0.3893
+15.8958	-28.7971	 +0.8062	 +0.2689	 +2.7666	 +0.7375
 -4.3215	 +5.7766	 +1.5239	 +0.9289	 -1.1303	 +3.9035
 +5.6138	 +8.2430	 -6.5891	 +4.1482	 -1.7719	 -0.6874
 +7.3258	-29.7435	-17.4586	 -1.4662	 -0.4833	 +1.4634
-13.0761	+12.3458	-27.1870	 +1.1461	 +3.6044	 +1.0779
 -8.2958	+12.4868	 +5.5797	 +1.4652	 -0.7551	 -1.1238
 +0.5349	 -7.7599	 -2.9951	 +2.2987	 +1.3583	 +0.5748
 +0.7589	 +1.3379	 -5.1138	 +0.3093	 +0.0723	 +0.8573
 +6.7149	-28.4092	 +4.4726	 +0.7786	 +2.2702	 +0.7780
+12.2577	-16.2503	+12.5172	 +3.1702	 -1.0997	 +0.6664
+16.0795	-20.4427	 +5.0985	 -1.5929	 +0.5350	 -1.8186
 +6.2841	-15.9527	 -8.1890	 -2.9093	 -1.5761	 +1.7554
-13.1311	+24.1087	-13.4821	 +0.8206	 -1.7946	 +1.0733
+14.3747	+53.9968	-21.2564	 +0.7577	 -0.3820	 -0.4069
-11.3832	 -1.6919	-12.4548	 -3.1466	 +0.1083	 -0.0334
-108.0833	+68.3214	+154.3643	 -1.6069	 +1.2927	 +1.9204
 -2.9740	 -1.4157	 -5.6609	 -3.5857	 -0.1944	 -2.4991
 -6.0628	-12.3283	 -0.2999	 +0.8032	 -0.7749	 +3.6315
-11.5723	 -7.7241	 +2.7718	 -0.0680	 +0.1977	 -1.0298
 +1.8987	 -1.8380	 -1.9876	 +2.3639	 -2.2298	 -1.1811
 -4.1314	-17.6731	+10.5213	 +1.5775	 +0.3691	 -0.0833
+56.7352	+93.6715	-23.4499	 +0.8462	 +1.8730	 -0.6982
-16.4143	-29.0126	-33.6292	 -0.4615	 +0.2880	 -2.1747
-19.8533	-20.6645	+11.2071	 -0.2561	 +0.1648	 +1.5869
+73.4852	-128.8662	+37.7950	 +1.1641	 -2.6108	 +0.2597
 +3.4143	 +6.8941	+19.4820	 +0.3370	 -0.1176	 -2.6079
+50.8662	+100.9865	-451.4422	 +1.5967	 +3.5719	-15.0254
 -1.0382	+11.2278	 +5.2322	 -1.8779	 +0.1320	 +1.5602
 -3.9984	-21.8507	 -1.9969	 -1.4247	 +2.1959	 -1.5488
-13.1617	 -0.8981	 -9.8921	 -1.1970	 +1.2422	 +0.4597
+14.4161	-12.9980	+21.5914	 +3.1612	 +0.4660	 -0.2599
 +8.8142	 -7.9665	 +0.7640	 +1.5631	 +3.3515	 +1.1340
-14.1409	 +3.6012	 +5.5982	 -1.5350	 -0.0524	 +0.8410
-211.7990	+301.6622	+46.4121	 -1.9619	 +2.7568	 +0.4647
 -0.8118	+17.2823	 -4.9976	 +1.2685	 +2.1567	 -0.2403
-281.4665	+30.3812	-325.9494	 -5.4148	 +0.3820	 -6.3224
+27.9407	+36.3660	-78.0039	 -0.2045	 -0.1698	 -0.0905
+11.8011	-17.2987	+11.0674	 -1.7914	 +1.3675	 +0.3779
 +1.4994	 +4.5840	 +5.6807	 -1.7115	 +1.5385	 -1.0721
 -6.7409	 -2.6472	 -3.1292	 +1.8084	 +1.1974	 +2.6025
 +0.1741	 -5.5949	 +4.3809	 +2.2520	 +0.2351	 -0.4222
+10.0102	 +3.4978	+30.5381	 -1.1772	 -1.3853	 -2.9421
 -4.4771	-10.6912	 -1.0750	 -0.7360	 -5.8241	 +1.9704
 -1.4294	-19.2086	+22.2278	 -0.9657	 -1.9742	 -0.9168
 +5.1164	 +7.4075	+11.9920	 +1.2059	 -1.9520	 +0.6710
+15.6137	 -9.8005	 +9.4071	 +0.1906	 +0.6503	 +2.2493
+18.9705	-37.0042	+19.3398	 -0.5476	 +0.4617	 -0.1353
 -1.2771	-45.2593	 -5.3814	 -0.0335	 +0.2404	 +0.2607
 -7.1784	-15.2198	+23.0169	 -0.9893	 +2.3453	 -2.2151
-181.5669	+140.2386	-88.9728	 -1.5650	 +1.1068	 -0.5940
-11.3795	 -4.4393	+12.4547	 -1.8131	 +0.8522	 +2.4742
 +1.5286	-68.8287	-64.5424	 -0.7414	 -0.9506	 +0.2513
 +7.6329	 -5.2812	 +1.4355	 -3.3835	 +2.6229	 +0.4282
-62.7037	+33.9805	-159.3242	 -0.3786	 +0.5929	 -1.4861
+14.7194	 -4.1076	-20.5394	 +0.2767	 +0.4959	 +0.0493
-18.0325	 +1.4068	 +9.0049	 -2.3233	 +0.1767	 -0.7418
-61.7670	+63.3904	+11.5554	 +1.6315	 -0.7915	 +0.2962
+11.5516	+16.8442	-12.6539	 -0.4996	 -0.1474	 -0.8709
 -3.6897	 +0.1176	 +1.4615	 +1.6818	 -0.1236	 -2.6477
 -6.8071	+11.7764	 +0.1590	 +0.8034	 -0.6999	 -1.2430
 -6.1308	 -2.0516	 -3.2356	 -2.2930	 -2.4986	 -1.7421
+10.0104	-44.1048	+10.1208	 +0.7927	 -0.2682	 +0.7937
-10.2855	-18.5252	 +3.3245	 -3.7373	 -0.2213	 -0.3670
-20.6971	-11.5960	 +2.8307	 -0.3849	 -0.2306	 -2.2780
-341.1520	+213.2733	+107.4546	-42.1897	+25.9961	+13.8127
+11.2418	-25.8030	 +2.8952	 -2.0455	 +1.4328	 -2.0914
-17.8610	+17.3926	 -2.6916	 +0.7476	 +1.4196	 +0.3905
+33.8205	-69.2245	-14.9236	 -0.2151	 -0.1402	 +0.9652
 +0.0051	 -1.6778	 +0.2433	 +2.3064	 -0.3997	 +0.4052
 +8.0128	 +8.4096	-10.9547	 -1.1070	 -1.0395	 +1.4851
-32.3807	+59.6594	-20.7876	 -0.1576	 +0.7354	 -0.4961
 -5.3332	 -4.9447	+20.1129	 +1.3123	 +2.8628	 -2.2799
+17.5288	+29.8384	+24.4856	 -1.0840	 -1.9625	 -0.6356
-23.5401	 +0.0214	 +8.0706	 -0.0186	 +0.5893	 +2.8381
 +4.6344	 +9.0338	 +5.4978	 -0.8611	 +0.3334	 +2.9666
-13.6828	-12.3134	+40.9157	 +1.3721	 +0.0177	 +0.7104
 +1.3340	 -7.7537	 +6.1261	 -0.1632	 +1.2731	 -0.7686
 +1.3081	 -8.4995	 +5.0885	 -4.2757	 +0.6054	 -1.6598
+247.8642	-106.2214	+340.5992	 +4.6300	 -2.0544	 +6.2955
 +4.5676	 -1.1097	+15.6048	 +1.2000	 -2.1119	 -0.6958
-16.1449	-16.8834	+15.0113	 +0.1964	 -0.5922	 -0.8412
 +0.4188	 -6.1728	 +0.9894	 -2.1519	 -3.5148	 +3.9905
 +3.1752	-54.7059	-13.7765	 -0.8077	 -2.3601	 -0.1696
 +9.9146	 +0.1198	 +2.6836	 -1.0801	 -0.3809	 -2.8082
+47.7967	+123.0853	-33.5540	 +0.7403	 -0.2473	 -0.3473
-35.0305	-15.9418	-27.2248	 -0.1922	 +0.4442	 -0.5855
 -4.2559	 +1.3146	 -5.5959	 +0.5822	 -0.6521	 +1.7787
 -7.7166	 -1.7084	 -2.6820	 -1.2859	 -1.4486	 -0.3566
-63.4787	-23.6114	 -9.3786	 +0.0061	 -1.5134	 +1.3083
-57.7241	 +2.2477	 +0.7189	 +1.0030	 -0.7824	 -0.0512
-14.5179	 -9.8626	 -3.1547	 -2.0703	 -1.6542	 -3.4804
+22.7639	-11.9663	-32.8954	 +0.2260	 +1.5058	 +1.6784
 +1.7100	 +4.9811	 -6.7050	 -0.4387	 -5.1495	 +1.1357
 -8.7639	-21.3181	 +7.9335	 +1.0063	 -0.6849	 +1.3977
-57.9262	+47.0096	-23.9857	 +0.4938	 -0.5681	 -0.1034
 +9.0754	 +1.9148	+10.7276	 +0.3391	 +1.2131	 -1.0225
 -9.9965	 -5.2081	+13.6183	 +0.2046	 +1.3390	 +1.1971
-12.1254	+10.5799	 -6.9393	 +0.0575	 +0.3427	 +2.2265
-29.4062	 -8.1689	 +8.7387	 -0.2069	 +1.2421	 -1.6278
 +7.3836	+30.9003	+23.6650	 +0.8297	 -1.3022	 +1.1295
 +0.9712	-25.5279	+61.3410	 +0.5624	 -0.5310	 +2.2306
-973.3627	+236.2738	+367.3464	-13.4845	 +3.3495	 +5.2389
-61.8286	-201.0997	+78.3057	 -1.0257	 -2.4963	 +0.9821
 -4.2113	+10.0077	 -0.3549	 -1.2661	 -2.7620	 +1.1268
 -1.2248	 +6.2692	+14.8840	 -1.7421	 -3.4166	 -2.2717
-15.3718	 +8.3476	-10.9329	 +0.7906	 +0.4599	 +0.5507
 +2.9738	+14.4154	 +9.7599	 -2.0606	 +0.8217	 -0.6228
 -1.9439	 +4.1334	 +6.0086	 +0.0502	 +4.0343	 +0.5960
+18.1043	 -9.3837	-11.0644	 +0.6624	 -0.7282	 +0.7616
 -5.7408	-27.4227	 -4.4436	 +1.0135	 +0.2305	 -1.4356
 +4.6407	-12.4145	 +3.8044	 -0.6011	 -5.0497	 +1.5220
 +5.7754	-19.3273	 -9.6376	 +0.5300	 -1.8026	 +1.4626
-20.7900	+22.1215	-13.7129	 -0.6743	 +1.6276	 -0.3361
 +5.2618	 +5.1395	 +6.3220	 -2.9321	 +3.4767	 +0.5891
-13.3652	+16.0878	-15.6247	 +0.7293	 -0.6179	 -3.2149
 -5.5467	-19.2504	 -9.8520	 -0.3881	 +2.0712	 -1.5542
+22.3534	 +5.5794	 -1.9222	 -0.6966	 -2.7597	 +0.1810
-24.0744	+22.6379	 -9.3338	 -0.9553	 +0.0330	 -2.2323
+13.0585	-17.6800	 -8.8741	 +0.2033	 -0.4234	 +0.0411
+27.2473	 -1.4666	+16.5011	 -1.6326	 -0.6825	 -0.2097
 +0.9201	-41.4222	 -8.4265	 +0.4037	 +1.5503	 -1.9028
-16.1017	-11.4874	+11.8038	 +1.4174	 +1.1852	 +2.3626
-12.0457	 -1.1124	-20.7288	 +3.7554	 -1.8916	 +0.7206
-35.1182	-45.0460	 -6.4959	 -0.6442	 -1.2308	 -1.4400
 +2.2862	-23.5061	 +4.8587	 -0.4503	 -0.0927	 -0.2833
-22.6136	-12.4473	-10.7401	 +1.5731	 +0.1108	 -0.0688
 -4.0944	 +8.2900	+27.4825	 -0.9570	 +0.0235	 -2.2870
+20.5326	+14.5971	 +7.2300	 -1.0348	 +0.6870	 -0.2795
 -8.9418	 -3.1888	 +2.6737	 +0.9553	 -1.5922	 +1.6996
 -6.3049	-14.7344	 +1.9169	 +0.8221	 +1.7097	 +2.4559
+15.5328	 -4.1586	 -1.9251	 +2.1843	 +1.0404	 -1.2654
 +1.7690	-19.9559	 +2.7775	 +1.4636	 -1.4807	 -2.5245
-11.7967	-13.9766	 -2.8070	 +0.5824	 +0.8053	 +3.7756
 -0.2434	-24.6834	+12.1502	 -0.9795	 -0.4402	 +0.9585
 -9.1275	+121.5104	-12.9939	 +0.1204	 +2.7335	 -0.0588
-13.8525	 -4.6987	-10.6541	 -0.5460	 -1.4853	 +3.4711
-11.1547	 +2.3197	 +5.3634	 +1.2892	 -0.4498	 +3.2987
 -0.8788	 -2.9170	 -5.4689	 -0.9436	 +0.3832	 -0.0015
 -4.6836	 -0.0456	 +9.3743	 +0.6706	 +0.5333	 +2.5454
 -1.0077	 -1.3011	 +6.3167	 -1.3397	 -2.2195	 -0.9427
+22.5419	-10.1375	-37.6627	 +1.0629	 -0.0935	 +0.1486
 +7.6102	 -2.8775	 +2.3675	 -0.6823	 +3.1934	 -1.9927
+347.3985	+157.6878	 -2.8671	 +4.5210	 +2.1200	 +0.1861
 -4.8522	 -2.2823	 -9.1796	 -0.7642	 -1.7688	 -0.6660
 -1.8872	 +8.2089	 -3.4743	 +3.6931	 +1.9291	 -2.0717
+25.7874	 +8.8383	-11.6756	 +1.8963	 -1.6514	 +1.3501
-45.5361	+17.1351	+11.4480	 +0.3719	 -1.0756	 +0.2646
-12.7732	+10.9443	+50.5234	 -0.4964	 +0.2817	 -1.5904
 -9.6615	-24.6338	 -1.8737	 -2.6783	 -2.4346	 +1.7513
+13.6263	-13.0887	-14.4981	 +0.6769	 -1.3679	 -1.8850
 +5.4244	 +2.0603	 -3.0994	 -1.2963	 -1.3685	 -0.0618
-41.4638	+250.2648	-130.1236	 -0.7558	 +3.4964	 -1.8089
+15.1619	-32.3621	 -5.1352	 -1.0650	 -1.3644	 -2.1070
-49.8218	-50.7615	-43.3029	 -1.1313	 -0.7924	 -1.0815
+19.9576	 -6.1341	 +1.0521	 +1.0203	 +1.0990	 +1.2824
+13.2830	-24.7685	 -4.3062	 +1.2032	 +0.5374	 -0.4220
-13.0410	 -6.9083	 -2.2462	 +0.1119	 +0.7507	 +0.4884
-16.1998	 -7.4252	-14.6459	 +1.3034	 +1.6739	 +0.7072
 -2.4123	+18.2604	 -5.2027	 +0.2706	 +0.8046	 -2.3195
 -5.6066	+15.0655	-29.3689	 +1.7515	 +1.0915	 +0.7046
-84.6265	-45.9948	-27.4355	 -1.3146	 +0.3104	 +0.0373
-15.7466	+10.1560	 -0.7777	 +3.3414	 -1.3894	 -1.0787
 -7.6782	-23.1475	 +1.0959	 +0.8792	 +1.0875	 +2.6592
 -4.7185	 +1.7704	 +1.5261	 -0.7004	 +3.4180	 -3.7118
 -1.7972	+15.9283	 -3.5523	 +0.9804	 +1.4545	 +0.3175
+25.6457	 +9.4209	-62.2270	 -0.0844	 -0.3304	 +0.7160
-15.1625	 -7.0064	 +2.4059	 -2.0532	 -0.9930	 +0.4542
 -1.2809	+10.1193	 -8.0837	 +2.8701	 -1.7889	 +0.4786
+10.8659	 -2.6905	 -0.8011	 +1.8086	 +0.4587	 -2.5564
 -0.2942	-30.3557	 -8.7470	 -1.1571	 +1.7938	 -2.3903
 +4.5977	-11.3023	 +3.9117	 -0.2167	 +0.2756	 +0.2405
+69.3016	+95.4897	+99.2505	 +0.1507	 +0.4857	 +0.7987
-12.4647	 -6.7078	 +0.5057	 -1.5054	 +2.9390	 +2.0987
 -4.1125	 -3.6851	-14.7526	 -3.3136	 -1.1629	 +1.3284
+33.6818	-22.5247	 -3.7364	 -0.9804	 +0.8128	 +0.1964
 +1.5375	-45.5404	 -1.4986	 -1.7676	 +0.1247	 +2.1119
 +1.3486	 -4.0981	 +3.6696	 -2.8631	 +0.0364	 +0.5625
 +8.7265	 +7.4570	 -1.6875	 +1.8426	 -0.7728	 -1.3709
 -6.4734	 -6.7430	 -8.6055	 -2.8280	 -1.9028	 +1.0912
 -6.0156	+20.9344	-15.2292	 +0.9354	 +0.0868	 -0.2561
 -1.8714	 -8.6765	 +8.7531	 -2.1676	 -0.6162	 -3.1538
-14.6050	 +1.9966	 +8.8778	 -0.2643	 -0.5855	 -1.3716
 -6.2835	+10.3201	 +3.3905	 -0.9112	 +1.0214	 +0.2131
 -7.0867	-16.0069	 +1.7673	 +2.1287	 +0.5500	 +2.2359
-16.2820	 +2.2101	 +2.3390	 -0.5636	 +1.4021	 +0.6028
-859.2520	-259.6677	+722.2107	 -9.3124	 -2.7987	 +7.8895
 -3.2785	 +2.9646	+15.4493	 +0.2549	 -1.6661	 -0.0574
 -2.2335	 +3.7527	+10.1632	 -0.8183	 +2.4483	 -0.1315
+20.2920	 +3.1317	 -1.0336	 -0.6984	 +0.7517	 -0.7148
-10.5180	 -7.8808	 -5.7084	 -2.6530	 -3.2937	 -1.8978
+34.4211	+11.6769	 -5.2919	 -1.7930	 -0.1931	 +0.4625
 -5.0912	-12.3298	 +0.7927	 -2.6690	 -1.2616	 -4.0259
+27.4149	 +0.9320	-20.1977	 +0.9678	 -1.3865	 -0.6712
 -2.2396	 -2.7189	 +1.9618	 -2.3372	 -0.3276	 +1.9791
-25.6461	+30.1063	 +2.1340	 -0.4203	 -0.2702	 -0.9094
+27.3282	 +2.4530	-50.9958	 +1.3026	 -0.1049	 +0.8058
 +1.6570	-52.3660	-10.7893	 +0.7705	 +0.2420	 -0.3733
 -8.1211	 -0.8369	 -9.1550	 +1.6937	 -0.9138	 -0.0353
 +7.6253	 -7.3252	 -1.4228	 +1.8813	 +0.3822	 +0.4652
 -0.7824	 -0.7057	 +7.6756	 +1.1758	 -0.3780	 +1.8387
+126.6582	+121.4901	+54.6081	 +5.6110	 +5.3047	 +2.6987
-57.1728	 -2.8387	-14.5645	 -0.0874	 +1.0860	 +1.1496
 -5.0876	+10.0196	 -2.5754	 -1.9987	 +2.4445	 +0.4209
+49.8744	+111.1600	 +7.1478	 +0.9646	 +1.7675	 +0.5655
 +2.6349	 -6.2312	 -0.1870	 +1.4201	 -1.3043	 -0.8112
 -5.4368	 -5.0329	 -7.3983	 -4.3836	 -0.5411	 -0.5144
 +0.9017	 -0.9422	 +2.2738	 -2.6419	 -3.4922	 -1.9178
-11.4855	+12.2937	-13.7058	 +1.5095	 +1.2239	 -2.0615
-35.4172	 +6.8600	-59.7108	 +1.4381	 -0.1331	 +0.6231
+89.9459	 -1.5691	 -8.4207	 -0.7010	 +1.0617	 -0.8561
-27.6499	-45.7053	-64.7534	 -2.3293	 -0.6994	 +0.9692
 -9.4162	-43.7623	 -6.4160	 -1.6938	 +0.7168	 -0.3273
-77.7690	+46.8365	 -0.8100	 -0.0149	 +1.3830	 -0.4242
 -2.2118	 -2.8051	 -7.8759	 +0.0543	 -2.6556	 -3.6577
 -7.5598	+15.0223	 -7.2935	 -2.6557	 +0.6150	 +0.0253
-51.9507	 -0.5529	-32.6633	 -1.5247	 +0.1762	 +0.1518
 -1.2060	+23.2453	+57.4451	 -0.6380	 -2.3531	 -0.1202
+16.1119	 +9.4454	-38.2421	 -0.8816	 +0.3645	 -2.7074
-17.2393	 +3.2717	 +2.1959	 -0.9695	 -3.5327	 -2.6853
 -0.6515	-10.9731	+14.7274	 -0.8652	 -1.6289	 +3.2838
 -7.5038	+10.2673	 +6.0219	 +1.9278	 -0.8496	 +0.4832
+17.7665	 +4.8404	+34.3668	 +0.7341	 -1.3099	 -1.7026
 -0.1507	-22.0072	 +6.2415	 +1.4970	 -2.0593	 +0.5861
+15.8154	 -9.7917	 -4.7389	 -0.1479	 -1.8408	 -1.0715
 +0.0245	 +2.1263	 -4.4517	 +3.5195	 +0.0105	 +0.7326
+16.0805	+49.8579	 -0.2538	 -0.5686	 -0.2713	 +0.8111
 +5.0022	 +9.3195	 -8.7889	 -1.3666	 +2.2394	 +2.6553
 +9.0540	+13.9685	-31.5357	 -1.3815	 +0.0933	 +0.2620
 -3.8249	 -7.4408	 +8.1224	 +1.8471	 -0.0582	 -0.1545
 +2.4042	 -0.8873	+35.7352	 +0.3949	 -0.1696	 +0.8336
+13.2324	-15.6794	 -6.9527	 -0.6914	 +0.8067	 +1.3485
 -6.5952	+11.4972	 -0.6326	 +0.8663	 +2.4113	 -1.0540
-92.9113	-28.6771	 +2.3676	 -0.4338	 -0.4980	 -0.0138
+49.5512	-35.2825	-121.9014	 +0.3288	 -0.3316	 -0.4802
-14.9461	 -2.3658	-28.8408	 -0.7041	 -0.7788	 -1.3296
 -6.0672	 -4.9455	 -1.5350	 -0.4026	 -2.8799	 +2.5615
 -9.7616	 +2.7855	+13.9404	 -1.9598	 +0.9418	 +2.6374
+11.9438	 +1.7042	+14.4348	 +1.9221	 -0.4445	 +1.2079
+18.4403	-24.2088	-45.1863	 -1.9674	 +0.8051	 +1.0397
-15.7915	-17.0431	 -8.8857	 +1.2037	 -2.0110	 -0.7597
+21.0380	 -3.5513	+23.0987	 +1.0438	 -1.4127	 +0.1238
+48.9673	-61.4195	+64.6671	 +0.7735	 -0.3223	 -0.1023
 +2.8956	 -1.9710	+12.5315	 +0.2916	 -2.8904	 -1.6112
-56.8517	+35.7771	-54.8838	 -0.6328	 +1.4298	 +0.0264
-68.1115	+22.5149	-42.1548	 -0.2751	 -0.4457	 +0.8057
 +8.2686	 -7.0608	+19.5793	 +0.5709	 -0.7905	 -0.4793
+18.8863	-79.1635	-58.3041	 -0.3505	 -0.3495	 +0.6765
-13.5234	-61.0823	-16.5648	 -0.3207	 +1.7053	 +0.7861
-121.0774	-16.6867	-24.8619	 -2.5875	 -0.5280	 -0.5050
-22.9197	 +9.5110	 +1.4420	 -1.7863	 -0.6852	 -0.7240
 -7.8091	 +4.5311	+15.4650	 -1.9295	 -0.4009	 -1.2599
+11.4203	 -2.8201	 +6.4181	 +0.5151	 -1.0089	 +1.0623
 -2.5504	 +4.7056	+12.5037	 +1.0785	 -0.6544	 -2.4970
+41.5268	-11.0561	+20.8409	 +0.1096	 -1.1684	 -0.5535
-23.3906	-116.1812	+71.3124	 -0.2425	 -0.1893	 -1.1485
+88.6313	-92.8375	+59.1940	 +1.4922	 -0.7293	 +0.3822
+26.1488	 -5.6203	 -8.5358	 -0.3438	 +1.5961	 +0.8551
-13.8614	 +2.8566	 +2.3522	 +0.2188	 -0.9611	 -2.6029
 -6.3261	 -7.1153	 +1.5201	 +2.5945	 +2.6029	 +0.0684
-16.1358	 +4.3132	+23.2267	 +0.0418	 +1.9531	 +1.7413
 +5.9896	 -0.0872	-24.0222	 +0.4817	 +3.3995	 +0.3009
+46.3870	-20.2062	-131.7912	 +0.5320	 -0.2949	 -0.2655
-18.8461	-28.7127	-11.3792	 +1.3963	 -0.0961	 -2.1903
 +1.7483	 +5.1323	+21.7107	 -1.8094	 -0.5425	 -1.5218
 -2.3238	 -0.2406	 +2.9231	 +4.1383	 -1.0320	 -0.7291
 -7.7757	 +0.1054	-14.4987	 +3.3002	 -2.2262	 -0.2275
+19.8123	-16.2875	+11.8149	 +1.9607	 +1.8499	 +0.7365
 -6.1011	+14.7171	+14.0757	 +2.6649	 +0.1450	 +0.0838
-58.1216	+20.4014	+19.2010	 -0.5557	 +0.5551	 +0.5539
 -4.3272	+30.6455	 +6.3574	 -0.6498	 +0.3725	 -2.2928
 -7.6264	+23.6641	 -6.4174	 +0.8451	 +0.1042	 -3.0605
-109.9895	+111.0927	+145.1741	 -1.3164	 +0.9403	 +1.9401
-470.2908	+13.1611	+556.5485	 -5.8291	 +0.1962	 +6.9823
-15.8823	-12.9988	-15.7247	 -0.5015	 +1.5654	 -0.3784
 +2.0501	+12.1559	 +5.0174	 +0.2941	 -1.6764	 -0.0520
-12.0574	 -8.1426	 -7.4193	 +2.2383	 -1.9596	 +0.1365
+59.9449	 +7.4867	+33.7276	 +1.3214	 -0.3227	 -0.5655
 -2.8597	 +5.9109	 -4.3978	 +1.0889	 +2.4709	 +0.4500
-10.5915	-15.3551	 -7.6667	 -2.0086	 +0.6415	 +0.7143
+10.6177	+129.0631	+33.8041	 -0.1585	 +6.1603	 +0.7547
-51.4839	+19.8960	+19.7284	 -0.4427	 +0.8565	 -0.0174
+20.9592	+24.5997	 -5.8033	 -1.6116	 +0.0844	 -0.1132
-19.8195	 -7.0783	 +1.9900	 +0.7977	 -0.8268	 +0.3217
 +4.3265	+25.1102	-13.2139	 -2.4531	 -0.2491	 +0.1461
 -4.3851	 -6.5890	 -2.0880	 -0.0483	 -1.5307	 -2.2564
 -1.6537	 -4.1415	-19.5469	 -0.2890	 +1.3718	 -2.3266
+13.2887	-16.2049	+17.0588	 -0.4226	 +0.6790	 +2.2981
-15.1076	 -5.6641	-17.7527	 -1.5408	 +2.0013	 -0.5931
-17.2852	 +1.9731	 -1.7286	 +0.2374	 +1.7905	 -3.3267
-26.3463	+15.2653	 +9.0018	 -0.2843	 +1.0420	 -1.5141
-10.8777	 +4.3347	 -7.2797	 -0.1129	 -1.6980	 +2.0463
 -1.9234	+29.5143	-46.8024	 +0.8054	 -0.0874	 +0.2946
 +2.3041	 -0.0221	 -4.8578	 -1.4792	 -3.8934	 +3.2085
+18.8005	 +6.5366	 -7.0388	 -0.2470	 +2.4979	 -2.0760
 -8.6918	-10.6812	 -6.2273	 -2.6393	 +3.2942	 -2.7410
+1093.5024	-426.6364	-775.0895	+13.2560	 -5.1934	 -9.4724
+342.7888	-126.5665	+315.4362	 +7.6332	 -2.7143	 +6.7339
+18.5165	-30.8839	 +2.3485	 +0.2881	 -0.2963	 +1.9553
+12.6432	 -2.2206	+15.5499	 +0.7430	 +1.4033	 +0.5613
 +9.5495	+48.1851	 -7.6887	 -0.5250	 -0.0512	 +2.2031
-22.3979	+21.5469	 +8.3332	 -1.8545	 +1.8890	 +0.2862
-23.8060	 -1.8221	+24.2834	 -0.2328	 -0.5814	 -0.9939
+46.4585	+313.2556	+44.9543	 +0.5008	 +3.6868	 +0.3511
-48.0942	 +9.1122	-36.6494	 -1.5777	 +1.9779	 +1.6361
 -9.5615	-20.6029	 -3.8839	 +2.6523	 +0.1430	 +3.1087
-13.2554	 -2.9605	 -7.0844	 +1.8886	 -1.3914	 -0.0695
 +4.8726	 -0.4112	 +3.2979	 +1.5787	 +3.1458	 +1.4454
 +3.0832	-17.0424	 -1.9029	 +0.8818	 +1.2610	 -0.8355
 +3.7434	 +6.4718	+12.6579	 -0.1054	 +0.0391	 +2.8570
 +4.0471	 -6.3278	-12.2909	 +1.5292	 -3.3876	 -2.6274
-17.4072	 +2.5450	 -5.8062	 -0.5899	 +1.0021	 +0.4779
 +3.0312	 -5.6374	 -8.3589	 -4.0481	 -0.1889	 -1.3639
-22.8069	+10.5781	-25.1146	 +0.8542	 -1.1205	 -0.9482
 +0.8334	+18.9793	-96.8851	 +0.0485	 +0.8161	 -1.8171
-108.6960	-166.6506	-229.4659	 -1.1010	 -1.7202	 -2.3117
+54.5687	+13.9182	-119.8525	 +0.2005	 +0.0107	 -0.9007
 -1.9485	 +4.0936	-21.9981	 -2.4387	 -0.8775	 +0.8501
+18.5366	+16.9241	-18.9634	 +1.3037	 +2.1238	 +0.9038
 -2.9343	 +4.3898	+11.2831	 +4.5407	 -0.3565	 -1.0459
 -9.4598	-12.5945	+12.2237	 +0.6664	 +2.4598	 -3.5634
-89.0289	+39.8299	-51.8493	 +0.8467	 -0.4134	 -0.0235
-22.6375	 -4.2424	-18.0308	 -0.8877	 -0.3052	 -0.1163
 +5.6709	+21.4291	+11.2089	 +1.4568	 +2.7095	 +1.1682
+71.5881	+11.5992	-46.9434	 +3.7840	 +0.9536	 -2.4624
 +5.3243	 -0.5352	 +3.7098	 -0.1785	 +2.2735	 +1.9381
 -3.9530	 -0.6302	 +4.6726	 -1.0810	 +2.6552	 -1.6146
 +6.3510	+13.2263	 +7.0145	 +1.9199	 -0.7435	 +1.2712
 +1.4434	 -8.5951	-17.0205	 -2.1241	 +0.8907	 -1.1625
+25.9393	-107.7372	 +9.3859	 +1.2845	 +1.6675	 -0.2763
 +1.9080	 +0.5981	 -4.7420	 +0.2081	 -0.2395	 -0.4100
 -3.0677	 +0.6917	 -9.0163	 -1.7560	 -2.5231	 -0.5728
-10.4548	 -1.6840	 -4.0077	 +2.5767	 -2.7388	 +1.6713
 -3.3512	 -3.4660	+32.7553	 +0.9899	 +0.0160	 -0.8984
 +6.9149	 +5.4727	 +9.6348	 +0.2787	 -0.3948	 -3.1685
 -5.1126	 -9.2483	 +0.8102	 -1.4442	 +1.0834	 +2.3560
-10.9488	-17.7862	-11.4191	 -1.4070	 -2.1883	 -0.1430
+23.4383	-25.5957	-22.3450	 +0.2581	 +2.0060	 -1.5759
-10.3295	 -8.4846	 -4.7040	 +0.7296	 -2.5817	 -0.6695
 -2.1495	 +0.5899	 +0.2980	 +1.2180	 +2.0963	 +2.4544
-12.4365	+22.7115	 +7.7010	 -1.7091	 +2.0533	 -1.4717
-32.3063	 +9.1568	 +3.8357	 +0.4421	 -0.1846	 -0.0349
 +9.0219	 -1.3750	 -0.5441	 +1.2829	 -0.5137	 +0.6423
-12.1308	 -7.4544	+18.8067	 -1.0212	 -0.9467	 -0.2714
 -0.7162	 +7.1409	 -6.4375	 -1.7147	 +4.1996	 +2.4116
 +4.3835	+11.0938	-16.5789	 +1.1469	 -2.1876	 +0.9690
-18.7878	 -2.8702	 +5.0143	 -2.3877	 +0.4421	 -1.2821
+91.8657	+132.5632	+99.9199	 +1.5365	 +2.0144	 +1.8864
-63.1982	+46.7556	-45.8550	 +0.3881	 -0.5958	 +0.7948
-12.8945	+66.4116	-19.5766	 -0.7895	 +0.4470	 +0.7007
 +8.6959	 +7.4314	+22.5105	 -0.5195	 +0.3717	 +1.5686
 +4.4483	 -8.2562	 +3.5906	 -2.0546	 +2.0089	 -4.2078
+14.2675	 +7.1500	 -0.0798	 -3.3347	 +0.6967	 +0.3694
-17.9405	+12.7618	-26.8732	 +2.0703	 -1.7960	 +0.9403
+58.3046	+37.1090	+51.7260	 +0.1355	 -1.6800	 +1.4347
-225.2190	+167.0201	+162.1178	 -3.6181	 +2.5068	 +2.5805
-17.9917	 +3.9520	-20.2332	 -1.4359	 +0.9053	 -1.9661
-10.6249	+12.0248	 +7.5043	 -1.0776	 +0.7269	 +2.4319
 -1.3594	+23.3008	+26.9476	 -0.3851	 -0.5468	 -0.4153
-10.0786	 -6.0463	+14.4363	 -1.7018	 -2.4798	 +2.1395
 +0.4035	 +8.9425	 +9.9756	 +1.6706	 +0.3729	 -0.1020
+22.2353	+66.0054	-12.1524	 +0.0665	 +0.5013	 +1.1140
 -8.0935	-14.5133	 -3.6265	 -2.8627	 -0.2854	 -1.6594
 -3.2795	-13.2515	 +7.6644	 +0.9706	 -0.6465	 -3.3931
-10.1414	+19.7117	-19.6680	 +0.6774	 -0.1808	 +1.3229
+11.4130	+24.0731	 +2.5358	 -0.7730	 -0.4003	 -0.9603
+30.0498	+11.8585	-39.8169	 +2.2302	 +1.8688	 +0.4220
+34.1846	+22.3265	+49.6970	 +0.1313	 +0.4527	 -1.2315
 -3.6723	 +4.5571	-11.4080	 -3.5601	 -1.3495	 -1.5485
+15.1424	-11.4881	 +3.5772	 +0.0460	 +0.5658	 +2.6129
+16.1231	-23.7982	-17.7532	 -1.0575	 +0.0173	 +0.5594
+46.5727	-18.5835	-40.0038	 +0.5834	 +0.5394	 +1.2007
 +6.5167	 +5.9006	 +5.6652	 -0.8786	 +2.7955	 +0.7612
 -1.4490	+12.7439	 +9.8546	 -1.5999	 -3.1479	 +0.1467
+25.1970	 +3.8654	+13.4364	 +0.3961	 -0.8821	 +2.2869
 +1.1694	 +3.0799	 +0.6243	 -1.3173	 +0.3692	 +2.2816
+20.9461	-11.9785	+12.3475	 +2.5602	 -0.4172	 -2.3940
 -1.3356	+35.5414	 +5.5484	 +0.7276	 -1.6050	 +1.4042
 -6.6142	 -9.2408	 +5.0832	 +2.1174	 +1.7857	 +3.0303
 +0.4556	 -6.0121	 +0.1831	 +3.4193	 -2.5371	 -2.4839
-17.7621	 -0.8031	+25.2610	 -0.0411	 -0.2291	 +3.4149
-10.4303	-15.0772	 +4.3010	 +1.1552	 -2.3397	 -2.9465
 +8.4433	 +0.9970	-13.4029	 -1.8889	 +0.9779	 +0.2666
 +0.7003	 -9.5332	 +6.4609	 -0.2789	 +0.1430	 -2.4800
+44.7231	 -6.0009	+42.1414	 +0.0909	 -0.9194	 +0.4701
 -7.2726	-10.3668	 +3.3134	 -2.2666	 -0.0991	 +0.1681
 +2.1248	+25.2215	-45.2379	 -1.0137	 +2.0012	 +0.1174
 +2.7828	 +0.9676	 -4.4302	 -1.7547	 +0.2145	 -1.2865
 -7.1779	 +3.5200	 +5.3071	 -2.0389	 +0.7091	 -1.3671
+13.1611	-375.1241	+264.5825	 +0.1214	 -3.7400	 +2.5471
 -5.3023	-17.7898	 -3.5990	 +0.6257	 -3.2574	 +1.1474
 -7.8177	+20.1960	 +1.9150	 -2.1209	 +0.4002	 -1.3710
-10.9146	 -4.1054	 +3.6375	 +0.9856	 +0.0206	 -2.5007
-25.0486	 -5.8780	 -6.9589	 -3.0827	 +0.1111	 -0.6392
-12.2388	 -8.8431	+18.5905	 -0.9597	 +0.3375	 +3.2691
 +5.1193	 -4.5153	 +7.6661	 -1.2388	 +1.5928	 +1.8062
+52.5400	-114.0832	+104.4252	 +1.4454	 -2.2299	 +2.4801
 -0.5270	 -6.3914	+18.5007	 +0.1387	 +1.2754	 +0.3659
-45.4958	-28.3684	 +6.0964	 +0.1438	 -1.0777	 +1.8752
 -8.7063	 +8.3745	 +2.0370	 -0.1089	 +1.7039	 -1.6294
-11.2510	 -4.0254	 +2.9067	 -3.5094	 +0.2336	 -0.0671
+25.3446	 +5.8197	 -5.6952	 -0.8781	 +0.2461	 +0.7656
 -8.6480	-11.2312	 -0.5105	 -2.3294	 -2.9974	 -1.8308
+32.4578	-68.9375	-25.8091	 -0.0025	 +0.0404	 +0.1200
+226.0607	+21.1651	-343.9936	 +2.7902	 +0.3031	 -4.0023
 +2.5142	 -0.2183	+10.9799	 -2.7363	 +3.0063	 +1.2164
 +3.2768	-10.0456	-17.4230	 -1.1349	 +0.2740	 +2.0235
 -5.9519	 +6.4089	 +1.9588	 -0.9738	 +1.6546	 +1.4595
 +1.9293	-13.4196	-17.5538	 -1.3767	 -1.4349	 -2.1602
+23.9705	 -7.8477	 -0.9793	 +0.5848	 -2.8371	 -0.1303
+16.5306	-43.8859	-77.5185	 -0.3362	 -0.5028	 -1.0090
 -8.7009	-21.8064	-26.0762	 -1.8748	 -0.7580	 +0.4666
 -3.2540	 +3.5229	 +0.8034	 +1.0035	 +1.0470	 -0.8703
 +3.2711	 -0.5712	 -5.5969	 +0.8708	 +0.2787	 +0.1769
-29.7168	+127.4575	+78.6615	 -0.7685	 +2.3818	 +1.1165
-41.7877	-73.2699	-75.3799	 +0.2891	 -0.6526	 -0.3564
+42.7366	 +9.1584	+21.3101	 -0.1042	 -0.7284	 +0.5742
-19.8297	 +0.2417	-32.1838	 -1.2520	 -1.4700	 +1.5680
 -7.2904	 -1.1926	 +4.8629	 -4.2450	 -2.5120	 -1.2024
 -6.3604	 +5.5714	 -1.2911	 +1.1969	 -1.2577	 +0.4772
-13.5447	+21.8773	-11.1066	 -0.0399	 +0.8319	 -1.2505
+11.2785	-27.0145	+10.1513	 +0.6954	 -1.1110	 +0.0380
-18.0534	 -7.4676	 -4.4464	 -2.7674	 +1.6566	 +1.3486
-347.3189	+146.6875	-287.7046	 -5.4055	 +2.3869	 -4.2387
 +4.8800	 -5.2876	 +6.2526	 -4.3376	 +1.5652	 -0.7974
+24.9874	+49.8777	-48.9371	 +0.5447	 -0.3402	 +1.4880
+24.7805	-18.9725	 -0.9096	 +0.0688	 -1.2351	 +1.3534
+155.1449	+338.5442	-18.9925	 +1.5275	 +3.3603	 +0.0542
-25.3671	 +0.1749	-13.4802	 -1.3616	 -0.0681	 -1.7726
 +5.7309	 -4.1566	 -4.6714	 +1.6255	 -0.5363	 -1.3792
 -5.5703	 -4.0532	+28.5476	 +1.6675	 +0.2773	 +0.6129
-18.7835	 +9.0025	 +2.0189	 +1.3301	 +1.2418	 +0.6012
 +1.2079	 +7.2221	+13.8381	 -0.0737	 -1.0561	 -1.0869
-182.2936	-1282.4855	-95.2969	 -3.3940	-24.0383	 -1.6076
 -6.6338	+29.5262	-34.4193	 -1.5433	 +0.7660	 -0.2148
 +8.4082	-28.8514	 -7.7853	 -2.0945	 -0.7210	 +1.2503
 -9.9170	-10.9126	+58.2713	 -1.7113	 -0.6736	 -1.2867
-31.2317	 +4.5113	 +6.6264	 +0.1772	 +0.4688	 +0.5147
-16.5671	+11.3333	+17.5299	 +0.5167	 +1.0819	 +0.3800
+12.9351	+19.6710	 +3.5190	 +1.0911	 +0.9340	 +1.8372
 +9.1752	 -4.1256	 +1.8661	 -0.4534	 +3.2606	 +0.0795
 -3.1559	-14.7181	 -6.9263	 +0.2382	 -1.1177	 +1.5059
 -0.4989	+30.2993	+14.8409	 +0.3318	 +0.1186	 +0.0135
+18.4950	-21.8645	+14.0496	 -0.1988	 -0.2082	 -1.6172
-11.4493	 +3.1895	-15.8132	 -0.6898	 +0.5133	 +1.0544
 -9.8626	-16.5267	 -0.2180	 +3.3791	 -0.4554	 -2.5306
 +2.9606	 -0.7452	 -1.2680	 -0.4900	 -2.4351	 +1.6607
-11.0434	+14.1110	+12.0278	 +1.7996	 -1.4362	 -1.1350
 +1.8136	 +4.9115	 +3.1405	 +2.2559	 -5.0365	 -1.7574
 +8.2497	 +8.2958	 -6.4459	 -0.7804	 -0.0923	 -1.5435
-11.7827	+10.6451	+12.3657	 -1.9409	 +0.9549	 -1.7104
-11.3524	-13.3902	 -5.8033	 +0.2726	 +5.2228	 -0.4168
-59.1417	+49.6582	-16.6437	 +0.7043	 -1.1898	 -0.5436
+13.5548	 -0.3603	-10.8988	 +2.4465	 -0.1188	 -0.6499
 -5.8572	 +6.8149	 +4.4188	 +0.5495	 +0.1751	 +4.3036
+99.0856	+103.7949	-69.9071	 +1.3328	 +1.6626	 -0.8962
 -7.3055	+10.5679	-15.8080	 +1.3674	 +0.1710	 -2.8546
-56.1450	+127.1540	-44.6268	 -0.1399	 +0.3636	 -1.2481
+12.1545	-46.5810	 -1.9969	 +0.2510	 -0.0527	 -1.2726
-23.5721	-16.2718	-75.9151	 +0.1743	 -0.1065	 -0.4754
 -1.9483	 +0.7408	 +2.9327	 +1.4611	 -0.9887	 +1.3691
 -7.8721	+19.8349	 -9.2697	 +1.9971	 -0.8849	 +0.9905
 +5.5127	 -4.3344	+10.0830	 -0.3548	 +2.4582	 -0.7539
 -6.7538	 +6.6962	+20.2020	 +0.9947	 -2.0019	 +1.9694
 -1.6965	 +9.7022	-11.1197	 +1.2610	 -1.5068	 -0.6117
 -4.7886	 +0.1178	 +6.3747	 +2.3320	 -3.2065	 +4.6191
+20.2129	 +0.0838	+10.8681	 -1.4828	 -0.1719	 -1.8748
 -3.3307	-13.1821	 +7.2019	 -2.5232	 +0.4212	 +2.0720
 -3.6764	 -8.3309	 +5.0867	 +0.4297	 -1.4779	 -1.0232
-66.0854	+343.5847	-1077.7941	 -0.7132	 +3.6768	-11.6079
 -8.0498	-10.8402	 -5.4471	 -1.7104	 -2.6076	 +1.4762
+61.8318	+44.3803	-33.3186	 +0.6082	 +0.4443	 +0.3801
+132.5083	+75.9154	-164.0701	 +1.4309	 +0.9894	 -1.8270
+168.6118	+10.8282	-47.2471	 +1.2297	 -0.0346	 -0.3364
 -4.3467	 +0.0362	 +9.8767	 +1.7788	 +0.2532	 -0.2536
 -2.4318	 +6.1936	 -5.1429	 -0.5704	 +1.1460	 +3.2010
 +3.5781	-74.1504	+66.9178	 +1.0309	 +1.2861	 -1.2983
+18.9263	+22.7403	-20.0457	 -0.7942	 -0.4812	 -0.6000
+16.3501	+21.1570	+13.4842	 -0.3573	 +2.5197	 -0.2292
 +2.7784	 +0.1373	 -1.5692	 +0.1432	 -1.7774	 +3.1441
-72.1950	+27.4947	+65.9967	 -0.8555	 -0.6956	 -0.4275
 +4.4081	-24.3824	 -6.4797	 -1.4958	 +1.0473	 +0.2032
 -1.2823	-10.7389	 -2.0826	 +0.8653	 -2.3767	 +2.2529
-33.0637	 -3.6878	-62.6045	 -0.5007	 -2.1462	 +0.3590
 -1.5752	-11.8436	+17.5666	 -2.0291	 +0.0154	 +1.0766
 +5.7136	 -2.1796	+15.0267	 +1.1048	 -0.1595	 +2.1190
+10.5185	-29.9179	-20.0445	 -1.1119	 +1.1565	 +2.3511
 +5.4236	-28.6118	 -5.3980	 +0.3406	 -0.5493	 -2.8095
 -7.6479	-52.1642	 -0.5952	 +0.9549	 +0.5302	 -0.4879
+13.9314	 +5.7219	+20.2158	 +0.8032	 -0.8457	 +2.3933
 -5.3281	-24.2881	+10.6313	 +0.3543	 -0.1015	 -0.1610
 +4.2600	 +0.8851	 +9.8259	 +3.7470	 -1.7302	 +0.7952
 +9.8306	 -9.1606	 +1.7525	 -0.4760	 -1.8327	 +3.5880
 +8.8975	 +9.4537	 +3.4042	 +2.3152	 +3.6452	 -0.4329
 -6.3135	-15.0172	 -0.7056	 -1.6732	 +1.4870	 -0.3510
 +3.5845	+20.1314	-19.5480	 +0.4488	 -0.7112	 +0.5209
-28.4114	 -6.0010	 -2.9985	 +1.2017	 -0.9286	 +1.1611
-19.4515	 +0.2183	 -3.5363	 +1.0866	 +1.9422	 -1.3896
-11.3992	-16.3612	+47.4818	 -0.7450	 +1.2651	 -2.0092
+21.1352	-19.2668	 -6.7788	 -1.2058	 -1.9670	 -0.7714
 +7.7276	 -2.4246	 +6.1570	 +0.3213	 +1.0007	 -2.5227
+10.4382	+10.1301	 -1.8850	 -1.1668	 +1.1672	 +2.9393
 -2.4258	 -2.1558	 -0.4429	 -0.7695	 -3.1872	 -4.5746
+11.2291	+89.6447	+85.4275	 -0.1149	 +0.9482	 +0.1587
+29.4384	-46.1588	 -8.9420	 +0.3842	 +1.6663	 -0.4694
-37.0607	-71.2648	+41.3474	 +1.9077	 -0.9937	 +0.8231
+196.3947	+172.2236	 -1.6340	 +1.5659	 +1.5679	 -0.0912
+11.8709	+15.5751	-14.8428	 -2.7715	 -0.7450	 -0.5932
+11.0684	 +0.0135	-16.8146	 -2.4889	 +1.0919	 +3.4186
 -3.8976	 -2.3601	 -6.0274	 -2.9232	 -3.3388	 +2.3723
-15.4925	 +1.6563	-15.6395	 -3.2514	 -0.8182	 +0.7943
 +6.0579	-12.6672	 -7.7287	 -0.4104	 -0.0341	 +1.3774
 +0.2965	+47.8636	 +8.9282	 -0.7171	 +1.1043	 +1.2369
 +3.4600	-14.5355	 +2.3136	 -0.5386	 +0.4898	 -0.4143
-11.5111	 -1.7277	-18.4657	 -0.3879	 -2.0675	 -0.1982
+21.4386	-19.1300	 +0.8331	 -1.7214	 -0.4538	 +1.0200
+74.1844	-24.8585	-12.0228	 -0.2722	 +0.5974	 -0.6616
 -3.6171	 -2.9010	-21.6657	 +2.7663	 +0.4737	 +1.0588
 -6.3279	+44.0001	 -5.5498	 +1.9748	 -0.2994	 -0.7526
-35.0073	 +3.3921	+28.9475	 -0.4856	 +0.5344	 +1.6859
 -7.0561	 +3.8253	 -2.9444	 -0.3340	 -1.8552	 +1.2314
+13.7845	 +7.1027	 -0.2423	 -1.8469	 -1.2510	 -0.5319
 +2.0736	 -3.8737	 +8.4015	 +0.6594	 +2.3720	 -2.6266
-87.1222	-72.6616	+102.4413	 +0.9436	 +1.4600	 -0.4681
 +1.8082	 +4.2381	 +3.6316	 -3.1636	 +2.1191	 +1.1645
+58.7848	+85.5937	-64.7967	 +0.0815	 +1.0097	 +0.3277
+12.7445	-19.5361	 -7.5463	 -0.1695	 +0.3104	 +1.6550
 -6.0010	-105.4468	+25.7225	 -0.1270	 -1.8625	 +0.1383
-11.0259	-25.9243	+20.8811	 +0.0553	 +1.3427	 +1.2735
+15.0809	 -1.8838	 +7.6564	 -2.4538	 -0.7481	 +0.6811
-21.3427	 +3.6193	 -3.7079	 -2.0485	 +2.9048	 -2.2717
-60.5050	+61.9675	+68.1049	 -0.1367	 +0.8267	 +0.5408
 -7.1681	+16.3257	 -0.4486	 +3.5289	 +1.4745	 +1.6837
-16.1841	+30.4133	-12.7562	 -1.8320	 -0.6737	 +0.3046
 -1.4347	-15.6578	+13.4574	 +0.3350	 +1.4750	 +1.8032
-83.7796	-98.4618	-10.1793	 -3.1535	 -3.9305	 -0.0196
+15.5344	 -8.0869	-10.6502	 +1.7938	 -0.4161	 +0.6539
 +7.4146	-35.9483	-11.7341	 +0.6523	 +0.1447	 +0.0950
 -0.0620	 -2.0603	 -0.4607	 +0.5142	 -2.1040	 +5.6540
-63.0849	 -0.7646	+31.9935	 -0.4752	 -0.1841	 +0.1002
 -9.6023	+10.4838	-14.2799	 +0.2599	 -2.3069	 +3.3135
-22.1235	-17.7866	 +2.4775	 +1.3927	 -0.2920	 +2.1745
 -3.6426	-31.0999	+14.9130	 -0.7684	 +0.0829	 -2.8652
-19.3735	-28.2351	-13.1788	 -0.6042	 +0.3641	 +0.8253
-30.0988	-86.1063	-63.2402	 -0.5238	 -0.3105	 +0.1445
 +6.1507	 -8.8955	 -2.2458	 -0.3490	 -1.6419	 -0.4297
 -6.1798	-16.9894	 +7.5007	 +1.1509	 -0.8407	 +0.9054
 -4.0714	 -2.7388	 +4.6165	 +1.1016	 -0.0642	 -0.3933
 -2.8693	-15.4862	 +4.2043	 +0.1155	 +1.3528	 +4.3613
+33.0377	-24.8705	+18.2069	 +3.6142	 -1.3960	 +1.4745
+20.3296	-14.3268	 -2.9344	 -0.7028	 +3.0345	 +1.0111
 +0.1512	 -0.5542	 -8.1368	 +0.5538	 +3.9729	 -1.0993
+18.3583	-21.9524	 +2.4533	 -0.8862	 +0.8603	 -1.5387
+38.8901	 -7.9150	 -6.7624	 -1.7360	 +0.1153	 +0.1137
-12.8953	 -0.1436	 -0.8587	 +0.9998	 -3.0595	 -2.8184
+18.8284	 -0.3486	 -5.4658	 +1.9579	 +2.0677	 -1.9032
 +1.5910	 +5.4668	-13.0075	 +1.6598	 -0.7750	 -0.7799
-448.9280	+491.2132	+817.8065	 -5.9697	 +6.4786	+10.8879
-179.3002	-242.9796	+41.7537	 -2.0038	 -2.6172	 +0.7311
 -6.3552	 +4.0251	 +8.6356	 +2.6034	 -0.3960	 -0.4058
-13.1353	+15.4099	 -8.9071	 -1.7973	 -2.8862	 +1.5043
-34.6829	 +9.0324	 +8.5041	 -1.0908	 -0.9909	 +2.5903
 +8.9531	+44.7620	+43.6613	 +0.4039	 +0.9214	 +0.5002
-52.5789	-123.2277	+382.9896	 -1.9290	 -4.0295	+13.2907
 +1.2083	 +2.3921	-40.8207	 -0.6411	 -0.1320	 -1.9857
 -0.1491	 +4.3343	 -1.0838	 +1.5168	 +0.0076	 +1.1032
 +0.2501	 -8.7206	 +6.0348	 +0.7941	 +1.9494	 -3.5505
 -4.7544	 +5.4464	-24.3844	 -0.8149	 +0.5500	 -3.1364
-23.1845	-10.3140	 +3.6475	 -2.2848	 +0.5873	 -0.9986
 -9.0281	 -8.0294	 +1.7247	 -0.9198	 -2.5511	 +0.0131
-19.5924	+37.3218	-33.3757	 -0.0802	 +1.0094	 -0.1816
 -4.0610	 +3.6320	 -1.5291	 -1.5404	 +2.7448	 -2.1616
+10.7605	-43.5965	+12.0507	 -1.5738	 -1.6085	 +0.0240
-10.3912	-17.1464	-12.2982	 -2.1404	 -1.5648	 -1.0543
 +6.8013	 -0.8337	 +9.3233	 -1.1156	 -0.0843	 -0.5558
-14.8717	 -5.0948	 +3.8489	 +1.0654	 -2.8695	 -3.7718
-11.9619	-30.1190	+15.4264	 -0.0802	 -1.6450	 +1.3610
+16.8998	-65.1865	 +5.3494	 -0.8060	 -1.5170	 +0.2027
 +7.2495	 -9.5831	 -0.4385	 +1.5442	 -1.6419	 -0.2928
 +6.3291	 -4.4660	 +8.6324	 -1.2925	 -2.7211	 +2.4039
 -2.9155	-16.8291	 -2.3139	 -1.9201	 +2.1919	 -3.3834
 +9.3468	 +4.0831	 -3.6362	 -2.0026	 +0.6906	 +1.1288
 -4.6787	-43.4027	+10.9491	 +1.5071	 +1.1873	 -1.1370
-13.3141	-15.8080	-19.4267	 +0.0573	 +0.6080	 +2.2150
-24.6976	-27.5811	+14.6032	 -1.5320	 -1.7867	 -0.2704
 +8.8963	 -2.3056	 +4.0136	 +0.4003	 -0.6295	 -3.0939
+123.5562	+120.2438	+254.1991	 +1.2499	 +1.5146	 +2.6201
 +1.7442	-18.9955	 -5.5032	 -2.2864	 -0.8670	 -2.3084
-10.3884	 -7.4334	 -7.9091	 +0.4114	 +0.7449	 -1.1996
+16.2290	 +0.7220	 +5.9356	 +0.2407	 +0.7389	 -0.0512
 -0.0019	-15.8375	-12.9963	 +2.7644	 +0.5085	 +0.2215
 +1.1030	 +0.4971	-14.3840	 +2.0342	 -0.9945	 +2.5690
-31.8676	+11.3229	+26.7702	 -0.3617	 +0.5346	 +1.4658
-23.7428	+11.9053	 -1.2634	 -2.9677	 +0.9131	 +0.5290
+13.6838	-23.1855	 -5.6932	 -0.5943	 +0.3099	 +1.6347
+338.7520	+49.4291	-209.7579	 +5.3450	 +0.7315	 -3.1182
