# Num Particles: 1000
# Num Cores: 8
# Total Energy: -1.009924e+04
# Iterations: 831 of 1000
# Current Time: 2018-05-05 20:18:26.755408
# Elapsed Time: 3:15:02.075662
# Avg. Step Time: 0:00:14.081920
# 
# x	y	z	vx	vy	vz
# 
 -5.7258	-14.7259	+19.7044	 +0.1758	 +0.2844	 +0.4447
+21.3013	+10.3900	+12.0846	 -0.6129	 +0.1756	 -0.0226
 -6.7256	 -1.5341	 +3.5829	 +1.6172	 +2.1136	 +2.7664
-30.8132	+35.3252	 -5.2951	 -0.5681	 -2.0540	 +1.0973
 -5.7025	 -3.7133	 -1.5729	 +0.2133	 +2.1694	 -0.4095
 +8.5137	 +3.9524	 +3.0578	 -1.0427	 -1.8123	 +2.4561
 +3.8359	 -2.5666	 -4.6281	 +0.0485	 -2.3150	 -1.9484
 -2.3941	-15.5614	 -4.7732	 -0.4978	 -2.6245	 +1.3859
 +7.5278	-25.1669	-13.6442	 -0.4669	 +2.3247	 +1.8150
+11.3570	-34.8121	 -0.6666	 +2.1224	 -1.5665	 -0.3962
 -6.8511	+14.3217	+11.7518	 +2.4643	 +0.0150	 -2.0460
 -4.8952	 +3.6450	 -2.1032	 -1.2637	 -2.5111	 +0.3928
 +3.9925	 -2.9486	 +0.2793	 -1.5784	 -2.8048	 -2.0942
-31.9769	 -2.5965	+19.0336	 -0.4817	 -1.2241	 +2.6448
 -9.3520	 -1.0976	 -7.8051	 +0.7907	 +2.2300	 +2.2372
-18.1741	 +4.4725	 +6.1105	 -0.0502	 +5.7281	 +1.8110
+16.9966	-23.9153	+14.5246	 +1.4779	 +1.4197	 -1.0240
-13.9068	 +8.9582	 +1.6615	 +1.7021	 -1.1557	 +4.0720
 +5.1165	 +1.4181	-13.5683	 +1.0441	 +1.8631	 -0.8500
-50.0334	-31.0453	 +0.5741	 -0.9473	 +1.7722	 -2.5623
 +7.0911	-14.4159	 -3.8176	 -0.0395	 -1.4919	 +0.2949
 -7.0377	-10.9740	 +1.3972	 +2.0685	 +0.4375	 +2.5758
 -4.4177	 +1.7656	 -1.2835	 +1.2781	 +3.1008	 +1.5130
 -3.5370	+18.7370	 +4.6687	 +0.3134	 -0.5214	 -1.2112
+11.2469	 -7.1355	+26.5942	 +1.6167	 +0.3781	 +1.3455
 +7.4498	 -1.6737	 -9.4604	 +0.9525	 -3.5227	 +4.0158
 +8.9238	-11.1377	 +3.0402	 +1.6222	 -3.1581	 +0.8630
+11.6142	 +3.8011	 -8.6408	 +2.5921	 -2.1075	 +0.4762
+17.3294	+17.5401	 +6.0793	 +2.1872	 -1.5832	 -1.2092
-30.1903	+44.9006	+20.5702	 -0.5163	 +0.0435	 +0.0017
 +9.3094	-13.8126	-11.6978	 +3.7226	 -0.5184	 +0.1095
+41.2369	+12.4708	+14.6749	 +0.2791	 -2.2673	 -1.9215
+32.2547	 -8.7214	-26.3673	 -1.1249	 -0.7386	 +0.0781
 -2.7063	-22.7755	 -3.6621	 +1.4669	 -2.8282	 -2.6517
+17.3350	-69.7548	+41.2805	 +0.4382	 -1.1295	 +0.1647
+263.2206	+1104.4343	+71.5232	 +6.1531	+25.7576	 +1.8921
-13.4493	-14.9972	 +3.0897	 -0.1773	 +3.6132	 +0.8884
 -2.2726	 +2.0008	 +7.3678	 +2.1845	 +0.6354	 +0.7793
+134.6761	+27.0351	+298.9773	 +2.0720	 +0.6963	 +5.1769
-22.5718	 -5.7498	+12.2690	 +0.8046	 +0.0542	 +0.6271
 -8.2962	 -2.8072	-27.8800	 -0.0582	 +0.9656	 +1.4758
-36.4257	+11.3285	-14.5372	 +0.9836	 -0.7510	 +0.7477
 -5.3830	 -7.8642	 +6.5986	 -0.9472	 -2.9678	 -1.1257
 -6.9518	+10.7760	 +3.8189	 -2.8245	 -1.8683	 +0.2917
 +0.8548	+29.1896	 -0.6755	 +1.2156	 +0.4345	 +0.6158
 +6.1975	+13.7692	 -9.4515	 +1.2490	 -1.2673	 +0.0110
-14.2678	-10.8698	-20.8014	 +0.2542	 +2.2826	 +0.1060
-48.0932	 -3.7021	-30.5879	 -1.6192	 +0.4567	 +0.3106
 -6.0029	 -2.1721	 -6.6404	 -2.5481	 +1.4227	 -1.1671
 -3.4239	-16.2078	 -2.5819	 -0.8696	 +2.1779	 -0.3250
-41.6875	+65.5592	-67.8934	 -0.6481	 -0.4174	 -0.7244
+36.0071	-11.8934	+68.2482	 -0.8095	 -0.3031	 -0.9674
 +9.2873	+19.4502	+48.9211	 -1.3738	 +1.3887	 +0.4459
+10.0125	-19.6173	 +0.5999	 -2.3012	 -1.5429	 -2.0967
 +9.8142	+88.0024	+15.3919	 -0.2359	 -0.3796	 -1.4893
+15.5082	-20.5720	 +1.0660	 +1.4873	 -3.4593	 -0.4806
 -9.2541	 -5.8354	 +4.9157	 -1.3779	 -3.0103	 +3.7910
 -8.7272	 -0.6589	 -9.4180	 +1.0391	 -0.2761	 +0.1324
 -1.6664	-16.4926	-21.1233	 +0.6714	 -0.1222	 +1.9691
-35.0273	+43.2698	-10.8458	 +1.0268	 +0.8181	 -0.5373
+25.9141	-11.6265	+17.5541	 -1.5988	 +0.0619	 +1.7048
+13.8080	-27.0261	+30.0033	 +0.0322	 -1.8213	 -0.5441
 +2.8243	 -6.9164	 -3.4440	 -1.1978	 +1.9066	 +0.8764
 +6.7374	-16.5054	+10.3533	 +0.4545	 +2.9632	 +1.6928
 +8.6268	-31.8146	+14.5670	 +0.5999	 +1.6921	 +0.6454
+15.8585	+12.4773	-36.9824	 -0.2118	 -0.1659	 -0.6124
 +2.0890	 +9.8887	-21.9136	 -1.5452	 -1.1504	 +0.3008
-12.5998	-12.8088	+31.5873	 -0.6689	 -0.9422	 -2.4777
+30.4473	 +0.2544	+24.2172	 -0.2644	 +0.8279	 -0.1921
-741.9550	+609.5710	+1044.3236	-10.5270	 +8.7075	+15.1235
-22.1643	 +5.6095	 -2.0589	 -0.6887	 +1.1055	 +0.4004
 -9.4679	 -3.9698	 -7.7032	 +0.0295	 -1.7999	 +2.8805
 -8.0775	 +0.7831	 +2.2155	 -1.3619	 +2.3757	 -2.2770
+122.8454	 +3.8528	-113.9922	 +1.2517	 -0.2026	 +0.4667
+55.5068	 -3.2385	+15.4476	 +0.4734	 -0.0430	 +0.5389
+11.3737	+26.2183	-14.4594	 -2.3477	 +0.1123	 -1.5162
 -5.6710	+39.4353	-26.8752	 +0.4066	 -0.5247	 +0.2707
+14.2226	+10.0506	-18.4088	 +0.7057	 +0.4321	 +2.3598
-102.4175	+241.2835	-172.6066	 -1.1894	 +3.2073	 -1.9230
-39.4760	 -3.1497	 -2.0440	 +0.8363	 -1.6435	 -0.4152
 +4.9475	 -5.4089	 +0.3212	 -0.5211	 +2.5883	 +0.7964
-13.8586	 -7.7518	 +7.9326	 -3.6999	 +0.6364	 +1.2816
 +4.5041	-11.3883	 +0.2858	 -3.3077	 +1.8701	 +1.8620
-10.4302	+54.4594	+10.8506	 -0.3009	 +0.0910	 +1.4720
-33.5545	+17.5255	+20.9816	 +0.2505	 -0.8209	 -1.1694
-16.1377	 -5.4885	 -0.5671	 -2.2948	 -1.5339	 -3.2114
 +2.4011	+11.6098	-13.1421	 +0.8158	 +0.3367	 +0.9835
-70.3734	+50.7265	-69.1696	 -0.9916	 +0.4854	 -1.0767
 +4.6518	-27.1629	 +3.5113	 +2.2329	 -0.7791	 -1.8821
-16.2615	+17.3138	-10.0810	 +1.3208	 +3.6463	 +0.3061
 +3.1975	-12.7903	 -0.5572	 -2.9671	 +0.5121	 -2.6436
 -5.2280	 -4.1462	 -1.5957	 -3.4920	 -2.2142	 +1.0294
+25.2141	+40.6455	-23.5552	 -1.0996	 -1.1550	 -0.2203
+26.4441	 -2.6119	 -3.6457	 +0.9669	 -0.1995	 +0.4114
-33.4196	 +5.2345	+18.0733	 -1.4401	 +1.5655	 +0.5162
-11.6305	 -3.4562	 -3.5360	 -1.8363	 +0.5451	 +2.7546
+13.8522	-56.5149	 +4.5189	 +0.7682	 -0.3771	 -1.5097
 +7.5997	+14.6397	-18.4585	 +1.5483	 +0.0744	 +0.4129
+14.5090	 -5.2212	 +9.6807	 -2.0761	 +2.5261	 +0.0047
 -5.2142	 -5.3669	+22.8992	 -2.4708	 -1.5568	 -2.0035
-49.0187	-61.0546	+17.9800	 -1.9972	 -1.8242	 +0.9395
 +1.5732	 -6.0542	 +1.3525	 -2.0364	 +4.0293	 +2.3164
 +1.0546	 -0.1314	 +1.9266	 -0.7862	 -0.3359	 +3.4451
 +6.8189	 +7.0313	 +3.9025	 -1.2301	 -0.3669	 +2.2788
+519.4257	+130.8395	-262.6829	 +6.1568	 +1.5710	 -3.0412
 -1.5720	 +0.6600	 +5.0548	 -0.2181	 +1.0030	 +2.7129
+39.2886	 +1.6757	-11.7602	 +1.3410	 +1.7322	 -1.8438
 -5.5779	-25.2278	 +7.5799	 -1.1551	 +0.3081	 -0.2280
-24.3979	-17.1883	 -4.6456	 +1.9267	 -0.4182	 +1.9122
 -1.4667	 -3.2520	 +7.5295	 -4.1126	 +2.0094	 -1.5287
 -4.4297	+18.1170	-23.0107	 +1.5640	 +1.8002	 -1.0675
+449.1539	+441.3833	-200.2195	 -0.3380	 +0.6206	 +0.3418
-138.9216	+184.5916	+222.4059	 +0.0909	 +0.9305	 +0.1293
-12.3264	 -0.4332	 -3.7142	 +0.3213	 +2.1475	 +2.0323
 +6.0291	 +8.8636	-13.2343	 +2.1966	 +1.6059	 +1.4477
-10.8567	 +3.7695	 -7.3895	 -0.8862	 -2.4703	 -0.3709
 -2.1069	-20.7616	 +1.1932	 -1.1625	 -0.7761	 -2.1670
 -2.9640	 +0.5262	+102.3888	 -0.6405	 -0.1670	 +0.2810
-220.7851	+211.9419	-282.6716	 -5.8632	 +5.9342	 -7.9663
-50.0094	+51.9291	-43.3674	 +0.2100	 +0.0077	 -0.6793
 +6.2707	-11.7084	 -3.0059	 +1.3322	 -2.9703	 +2.9577
 +7.2281	 +2.4930	 +5.6487	 +0.9497	 -1.7461	 -2.5783
+21.7421	 +1.3742	 -9.9821	 +0.3121	 +0.4599	 -2.6475
-11.1595	 +9.8235	 +7.5143	 +0.0316	 -0.2730	 -1.4673
 -6.6300	-32.3847	 +5.0405	 +1.0336	 -1.9433	 +0.6932
 +4.5792	-37.1814	 -8.4794	 -0.1113	 -1.1727	 +0.4494
-10.9379	 -3.2999	 +1.3240	 -0.8547	 +0.2416	 -4.2448
+68.7832	-22.4050	+27.2511	 +1.0572	 -0.4722	 +0.5221
 -5.3295	 -2.1620	 -3.4477	 +0.4718	 +0.0252	 +0.7193
-19.2775	 +7.9999	+13.9667	 -0.3551	 +1.4413	 +0.4926
+16.0515	-64.6039	-230.1815	 -0.0052	 -1.1240	 -0.4301
 -1.1870	+12.5285	-20.8272	 -1.5876	 +0.5096	 +3.3986
+21.1174	+12.7950	+15.7322	 +0.1986	 -0.3493	 +0.9602
 +0.2870	 -2.5221	 +1.5917	 -1.3118	 -2.2209	 +1.2939
 -6.1236	-15.7231	 +2.7692	 +1.8125	 +0.4132	 +0.1983
-53.1473	-28.0935	+13.4342	 -0.2292	 -0.6072	 +0.5950
+14.0714	 +0.4859	 -5.3120	 -0.3865	 +3.3046	 +1.7457
-37.1360	 +9.8076	-33.0241	 +0.0293	 +1.2426	 -1.1020
 -1.4917	 +8.1887	 -9.7308	 -1.4182	 +2.6971	 +1.8912
-119.3781	+115.0621	+58.5731	 -0.6581	 +0.7631	 +0.2847
 +8.7470	 -4.2051	 +3.0810	 +0.4948	 +1.6057	 -1.0056
+16.4476	+14.3778	-19.5292	 +2.0715	 -1.4127	 +1.5004
+836.4779	-273.3700	-215.8354	+13.5713	 -4.3408	 -3.3376
-39.4965	-63.5142	+19.3920	 -1.1808	 +0.1876	 -1.4113
+19.4637	+54.2977	+19.1938	 +2.2487	 +0.2489	 +0.6067
 -1.6749	 -0.7679	+10.5156	 -3.4476	 +0.2528	 +2.0171
-21.5442	+58.2369	 +0.4102	 +1.8712	 +0.3042	 -1.9944
-13.5769	+12.2703	-12.5054	 -1.6669	 -1.0968	 +0.8774
 +7.4721	 -2.0600	-26.4826	 -0.9522	 -1.8983	 -2.3499
 -9.3455	+16.0011	 +2.5025	 -0.1384	 -3.3945	 -0.7054
 -9.4231	 +3.9691	 -3.9335	 -1.8691	 -2.6111	 +0.5408
 +2.0882	 -2.4742	 -3.3208	 -1.4475	 +1.1113	 +0.6914
-12.0526	 +8.8188	 +1.8848	 +1.4110	 -1.0093	 -0.2241
-11.8991	+18.3122	+14.1045	 -0.3446	 -0.5163	 -1.9545
-12.5945	 +3.9617	-15.1598	 -0.8448	 -0.8400	 +0.7374
+24.2157	 -5.4864	+25.6397	 +0.0699	 -0.5655	 -0.7617
 +2.1626	-12.8157	+14.0070	 -3.4856	 +0.5245	 +1.4267
 -7.0557	 -2.1092	-31.0818	 +2.6470	 -1.0762	 -0.6795
 +3.7019	 -8.7331	 -5.1294	 -0.7763	 +0.8040	 +0.5296
-13.9616	 +5.3659	 +1.9098	 +0.5977	 +0.4515	 +0.5285
+16.1180	-13.9262	+71.1142	 +0.5106	 -0.7959	 -0.1129
 -7.3592	-13.7337	 +1.5687	 +2.7941	 +3.3654	 -2.0864
 +3.6687	-14.7776	 +1.8278	 +1.5596	 -2.0439	 +0.2055
+31.7169	 +3.8516	-10.0341	 -0.9386	 +1.4278	 +0.2301
 -5.4328	-14.4647	 +4.9958	 +2.4078	 +0.0238	 +1.1431
 +7.8796	 +4.0038	 -5.6584	 +0.8769	 +0.6959	 +0.8839
 -7.3338	-25.4829	+11.5257	 -0.9694	 -0.0666	 -0.9082
-37.4591	-11.7406	-13.7046	 -0.0591	 -0.4891	 +1.5977
 -9.7924	 -6.2273	+10.9020	 +2.6338	 -1.6464	 -0.0460
 -0.0681	 -9.1732	+23.5300	 -0.5107	 +0.2702	 +1.1956
 -0.3990	 -0.8972	-12.4111	 +1.7767	 -1.9364	 +3.3889
 -8.9441	 -4.8118	 +1.5533	 -2.2366	 +0.1930	 -0.0135
+11.5989	 +6.7143	-23.4014	 +0.1651	 -2.3807	 -0.0981
 +5.2033	-63.8471	+18.9628	 -0.3501	 -1.3707	 -0.0332
 -5.2482	-33.2423	-11.0501	 -0.1354	 +1.0811	 +0.3340
+37.8741	-96.0666	+39.3023	 +1.3910	 -0.4276	 +0.0074
 +6.7896	-33.2888	+18.7649	 -2.0682	 -0.7269	 -0.9456
+23.7732	-14.5279	+18.0245	 -1.8506	 +1.8551	 -0.9670
 -2.7214	 +0.0801	 -3.5063	 -2.5853	 -1.3768	 -0.5200
 +1.7585	 +0.4466	+10.5413	 -2.6735	 +0.4095	 +1.4670
-700.5250	+112.3487	+280.8007	 -9.7055	 +1.5535	 +3.8076
+52.7778	-128.7070	+26.3983	 +1.9076	 -4.1065	 +0.9653
 -8.0559	 -4.7186	-35.4655	 +0.9300	 +1.6008	 +0.4878
-28.8541	-10.9790	+22.5937	 +1.6114	 -0.2347	 +0.3357
 +5.4456	+10.7910	-12.5403	 -2.3443	 +1.2544	 -2.2941
+40.9357	+93.2960	+57.3605	 +2.2590	 +4.3569	 +2.5970
 +1.2785	-12.1475	+17.7545	 -1.5143	 +0.3125	 -1.7268
 -2.5517	-14.6474	 -3.4201	 +0.4619	 +1.1813	 +0.2433
+12.7959	+13.1148	 -4.7480	 -0.5208	 -2.1117	 +1.7241
 -0.5822	 -3.6047	 -1.9298	 -0.5290	 -4.5468	 -0.8832
 -5.6605	-48.6977	 +2.7085	 +0.3420	 +0.0658	 +0.0758
 +1.9951	-10.3882	 +3.5827	 -2.5589	 +1.8857	 +0.9976
 -7.9343	 +7.6534	-23.3640	 -1.9164	 -3.1519	 +0.8810
 +3.8333	 -6.8990	 -1.5617	 +1.7324	 +1.6189	 -0.2217
 +2.5826	-10.3118	 +4.7266	 +0.3469	 -3.6094	 -0.8180
 -0.3320	 -5.7584	 -1.3542	 +2.2705	 -0.2790	 -0.6609
 +1.3329	-69.4277	+15.2391	 -0.1583	 -2.0383	 +0.5193
+22.0697	+56.5009	-12.0148	 +2.2595	 +0.5687	 -1.6471
 +5.6384	 +4.8263	 +9.2846	 +0.6676	 -2.1129	 +1.9297
 +6.7515	-69.5068	+15.3387	 -0.9359	 -9.0394	 -0.5149
-14.5107	-12.4062	+22.9110	 +1.0762	 +2.7617	 +2.1742
-34.4868	 +8.8584	-16.2540	 -0.2736	 -1.7675	 +1.2325
-10.7735	 +8.6869	 +6.3944	 -1.4575	 -4.5406	 +2.5510
 -3.4239	 +4.7555	 +8.5960	 -0.2979	 -0.2524	 +3.5701
 -7.8669	 -2.3170	 -5.3667	 -4.2525	 +2.0922	 +0.8189
-12.5448	 -4.3699	 -0.4209	 -0.2628	 +0.6321	 +0.1714
 -7.7753	+14.3238	 -1.7272	 -1.7961	 +0.1287	 +0.2879
-33.7522	 -6.1931	+28.3988	 +0.9500	 -2.0448	 +0.9403
+37.5651	-47.2269	 -5.5869	 +1.3381	 +0.8951	 -1.8045
 +7.8350	+14.9360	 +4.8553	 -1.0255	 -3.9087	 -0.0630
-15.1494	-10.3578	 +1.1055	 -2.6430	 +2.3228	 +0.9198
 -7.8617	 +3.0313	 -4.2871	 +0.6237	 +2.7245	 +3.1747
 -5.3684	 -3.9293	 -0.9216	 -0.0968	 +0.8861	 -1.7155
 +7.7606	 -6.2898	 -0.5441	 -1.3274	 +0.6983	 -4.7596
+21.5806	-15.9573	 +1.9306	 -2.0351	 +0.8988	 -1.5615
+35.9676	 +7.6902	+24.3158	 -3.3404	 -0.3767	 +0.3321
-20.9689	-25.3639	 -5.6631	 -0.9076	 +0.2895	 +3.1705
 +6.4808	-15.9359	-10.2697	 -0.7055	 -0.6280	 +1.0617
-14.3653	-14.2602	 +3.4240	 -1.9788	 -0.8924	 -1.1723
 -5.6028	 +2.3216	 +3.7115	 +1.1158	 +3.4493	 +2.9597
 -6.4662	+22.1027	+27.1713	 +0.9709	 -2.2272	 -1.9100
 +3.4810	 +7.5124	 -5.7569	 +1.6227	 +2.8287	 +2.5410
-164.8275	-117.2611	-167.2471	 -2.0992	 -1.3034	 -2.2663
+93.0190	-69.3107	+43.8706	 +3.5687	 -2.6401	 +1.0378
-14.6713	 +6.6733	 -5.4703	 -1.7795	 +1.0209	 +1.5868
 -3.8721	 -0.4061	 -1.1485	 +1.5426	 -1.0777	 +1.4064
+16.0984	 +7.6663	-14.2122	 +2.1314	 +0.2867	 +0.3624
-37.8416	-158.1185	+163.5038	 -0.2388	 -1.1410	 +1.6680
+13.3977	 -4.7276	+16.0107	 +0.4477	 -0.5820	 -1.5308
 +2.2081	 -1.5154	+13.1513	 -2.0097	 +1.5119	 +0.4448
-11.4013	-19.4584	-10.5241	 +0.0805	 -1.6310	 +0.4987
+369.3706	-485.1241	-298.8417	 +5.5573	 -7.3519	 -4.4408
 -7.0589	 -1.4946	-11.2649	 +2.5958	 +0.3420	 -0.2427
 +9.9168	 -4.1586	 +5.8704	 -0.6505	 -1.2280	 +0.7564
 +4.4468	 +2.4835	 +6.1184	 -0.9638	 -1.8416	 -0.4659
 -0.2318	 -7.2922	 +4.4767	 -1.0667	 -3.6773	 +2.0554
 -1.6780	-10.8376	 -3.7604	 -0.2999	 +4.4414	 -2.6230
 -7.1370	+26.1856	-31.4933	 -1.2865	 +1.0994	 +0.8529
-12.9694	 -6.2034	 +6.9144	 -1.0364	 +0.5178	 -1.9210
 +2.1377	-19.0590	 +2.3152	 -1.2481	 +2.1417	 +2.4235
 -5.1954	+67.1412	-10.4870	 -1.3355	 +1.5997	 -0.1185
-14.2640	 +1.2212	 +7.5784	 -0.6129	 -0.2756	 +2.3013
-60.3232	+91.4678	-48.7293	 -1.5569	 +1.8126	 -1.6632
+34.8537	-39.2878	-15.4717	 +0.9354	 -0.7410	 -0.4858
-99.6991	+65.1972	-78.9183	 -3.3064	 +2.2757	 -3.2734
 -2.0029	 -8.6772	+10.7839	 +0.0631	 -1.8276	 +0.4734
 -4.5231	-19.0246	 +4.7230	 -1.6564	 +4.4714	 +1.0812
+19.1381	 -2.9245	 +1.9994	 +1.1752	 -0.6695	 -0.0807
-11.3118	 +8.9745	-13.5586	 +0.9614	 +1.6667	 +0.6983
+32.7726	+130.4500	-50.6570	 -0.1009	 +0.7445	 -0.5323
-22.7272	-10.8801	 -0.9225	 -0.8572	 +3.4049	 +0.9942
+19.7796	-49.9471	+15.0169	 +0.2025	 +2.0042	 -0.1743
+11.8846	-10.3503	 -4.0073	 +1.7317	 -0.1149	 +0.9035
-18.6170	 -4.1247	 -2.7323	 +0.2586	 -1.4837	 -1.5366
+1888.9764	-49.8755	+795.5244	 +0.2131	 -0.2336	 +0.0627
 +6.0491	 -6.3771	 -1.3096	 +1.8130	 -0.2976	 +0.6885
 -6.8950	 -0.5139	 +3.7848	 -2.9079	 -0.4436	 +1.5304
-20.6849	 +4.3024	 +7.3855	 -0.7149	 -1.7579	 -1.0233
 +7.3742	+12.7571	-33.0349	 +1.3662	 +0.5223	 -1.4372
 -5.6409	 +7.9243	+10.5906	 -0.2174	 +0.8763	 -2.3685
-71.1199	-95.6846	-35.9583	 +0.4268	 +0.1610	 +0.8599
 -8.6913	 +9.2056	+11.8190	 +0.1114	 -4.1503	 -0.8295
+14.8687	-15.6248	+14.4488	 -1.0154	 +3.9229	 +0.6381
 -3.4242	+20.7022	 -8.3240	 -1.7725	 -2.6092	 -0.5930
 +1.9749	 -2.6212	 -3.6275	 +0.2296	 -0.5352	 -2.0573
-28.8892	-21.8458	 +6.7008	 -0.1374	 +2.4878	 -0.4325
 +2.8490	-17.1965	 +5.4128	 +0.3066	 +0.3159	 -1.9533
 +8.3883	+11.2862	+17.3542	 -0.3087	 +0.1101	 +0.0974
-13.1754	-22.3281	 -5.5933	 -1.7979	 +0.5201	 -2.1080
+100.4910	+215.9478	+36.6870	 +0.9837	 +2.4264	 +0.2295
 +3.8630	 -5.9082	+41.5902	 -0.8965	 -0.9045	 -1.5721
 -8.4547	 +2.7903	 -2.1936	 -3.8510	 +0.0410	 -1.1016
 -8.3473	+35.9714	 +0.3135	 -1.1341	 -0.4504	 -0.1438
 +7.8176	 -2.6540	 +2.9350	 -0.0843	 -0.6480	 -3.2443
 -7.2271	-40.5554	 +5.4902	 +1.4286	 +1.7679	 +0.5069
 +9.4016	-18.8987	 -6.4348	 +0.2665	 -0.7614	 -1.2187
+718.2580	-283.5986	-797.9487	+10.4220	 -4.1117	-11.3018
 +0.0321	+19.3225	+16.2226	 -0.9946	 -1.7970	 -0.5823
 -1.1626	-12.7338	-27.3092	 -0.0631	 -1.9222	 +2.6371
 -8.7537	+31.0682	+22.4666	 +0.4548	 -0.4644	 -0.8186
-12.2393	 +0.2961	 +8.7068	 +2.1801	 -1.6965	 +0.2255
-10.8340	 -5.1113	 -0.8661	 +1.7782	 -0.5050	 +0.2269
 -3.6079	-24.6075	 -6.3614	 +0.4895	 -1.9993	 -0.1724
+96.4337	-89.8258	-107.2708	 +1.6268	 -1.2984	 -1.8147
+11.3031	-11.8592	 -7.2179	 +0.0621	 +0.1466	 +1.2480
 -9.0893	-43.9750	+10.6257	 -0.2440	 -1.5546	 +1.2578
-22.8291	+10.2432	 -0.3654	 -1.8952	 -0.3557	 +2.6013
+29.1483	 +3.9313	+23.5777	 -1.1807	 -0.9113	 +1.7968
 -6.9587	+11.5018	 +4.7662	 +1.0682	 +0.8978	 +0.0318
-37.9598	-95.4151	+94.5774	 +1.5789	 -0.2281	 -0.2442
-14.3897	-12.2276	 -3.2831	 -2.4879	 -1.1898	 -2.1551
 -0.7129	 +2.4063	 +3.7771	 +1.1352	 -2.1496	 -0.7422
 +4.8040	 -4.5200	 +7.4111	 +4.9713	 -0.0702	 +1.3662
 +9.9117	+10.3505	-27.3589	 +1.2023	 +0.1958	 -0.4370
-17.3972	 -0.2769	-31.8242	 +0.0155	 +0.6564	 +2.2434
+486.5264	-16.7470	+182.5901	 +6.6509	 -0.0856	 +2.6166
-30.1468	 -0.0940	-16.3087	 -1.3068	 +0.2294	 -0.7949
-55.0983	-95.8603	+66.8375	 +1.1006	 +0.6175	 -0.8102
-41.9057	 -3.4588	+39.1451	 +0.5365	 +2.1637	 +0.2311
 -6.1471	 +9.9277	+17.8955	 +2.6089	 +2.4889	 -1.5992
-19.0889	 +5.4265	-42.2702	 +2.3403	 -0.4151	 -0.8298
 +7.0463	+21.0052	 +6.4495	 +1.3695	 -2.8498	 -0.3090
 -5.6531	 -6.6465	 -9.6634	 +0.1633	 +2.7687	 +1.8280
-13.4109	 +4.5060	 -0.0686	 -1.5204	 +1.1738	 -0.2777
-30.6605	+16.5562	 +1.9626	 +0.1970	 +1.2394	 -0.6784
 -7.3598	 -3.7248	 +2.5103	 +3.2022	 +0.7760	 -3.2406
 +3.4615	 -3.5592	 +6.7349	 -3.0945	 -3.3775	 -0.2444
+10.8479	 -9.6458	 -8.1273	 +2.0184	 +2.4671	 -0.5834
+55.1103	+59.9264	+82.7115	 +1.0112	 +0.0705	 +1.4380
+11.1354	 -4.9681	 -5.9121	 -0.4592	 +0.6010	 -1.5504
 -8.6367	-12.7244	 -4.5629	 -1.6432	 +2.5190	 +0.6897
 -7.0259	-10.9900	 +1.0994	 +2.1189	 -2.4002	 +1.0390
 +1.1588	 -9.7742	 -9.4261	 +1.5800	 -3.3968	 +0.2321
 -9.0590	 -1.6379	 +9.4700	 -0.3681	 -2.4703	 +2.4723
 +1.1065	 -1.2990	 -7.1541	 -1.0168	 +4.5530	 +2.0878
 +0.6807	 +0.2630	 +2.8585	 -2.4884	 -4.6101	 +1.8724
 -6.3697	-11.1712	-20.4488	 +0.5123	 -2.1607	 +2.9369
-17.7491	 +2.2315	 +4.3873	 -1.5857	 +0.3531	 +0.5764
-39.1070	 +6.5318	+27.9868	 -0.7100	 +0.6675	 -0.6299
 +4.1268	 -6.0219	 -6.7740	 -0.9606	 -0.2806	 -2.7053
 -8.0378	 +2.7778	 -0.5746	 +0.4376	 -1.8688	 +0.2614
-39.7790	+46.8837	+29.1482	 +0.4300	 +1.3237	 +0.4344
-17.8872	 -6.0427	 +2.0799	 -0.4041	 -0.5631	 -2.9245
 +2.1272	 -6.9037	 +2.9157	 +1.4143	 -1.1022	 -0.2624
 +1.0910	 -3.1409	 -1.6496	 +3.4278	 -0.0465	 -0.4807
+10.9037	-15.4457	 -6.5860	 +0.5702	 -2.0438	 -1.7804
-101.4135	-102.7875	+203.5819	 +0.7969	 -0.5169	 -0.2114
-12.9450	 +9.8736	 +1.2025	 +1.3435	 -1.2732	 -1.5928
 -5.7567	 -1.3423	 -7.3843	 +2.2777	 +2.5780	 +1.2224
 -4.6612	 -1.0245	 -9.5664	 +4.0392	 -0.8418	 +0.5999
-18.2860	-20.8827	 +6.4196	 +0.7531	 +0.2125	 -1.3844
-11.8064	 +4.8543	+13.5415	 -0.6390	 +0.5214	 -0.4792
+17.0802	 -7.0142	+16.1293	 +3.2946	 +2.7849	 +0.2856
 -5.0593	 -9.3840	 +3.0465	 -0.2443	 +1.3349	 -0.2817
-22.3852	+11.4085	-11.3955	 -2.7679	 +0.2531	 +0.6877
 -8.4893	 +0.4483	-24.6033	 +1.7727	 +0.6593	 +1.0961
 +0.7838	 -5.6695	 -3.9325	 +1.5290	 +2.1866	 -2.8730
-29.0760	 -1.5733	 +6.7599	 -2.4401	 -0.1348	 +0.3223
 -7.0676	 +4.8551	 +3.9887	 -1.8428	 -0.4154	 -2.7798
 -6.2394	 -9.7153	+10.7140	 -2.3819	 +1.3176	 -1.1735
 +0.1754	 +4.1604	 -2.5632	 -0.1350	 +3.0768	 -2.8124
 +7.4263	 -3.6850	+12.5094	 -0.7930	 +3.4916	 -0.9606
 -8.0405	 -2.6539	 -0.1197	 -0.6486	 +2.1861	 -4.3993
 +8.2978	 +3.3028	 +1.9352	 +1.8984	 +0.4837	 +3.0953
-88.4488	+444.6168	-109.5877	 -1.8661	 +9.6017	 -2.3776
 -9.4763	 +2.6678	 -5.6503	 -2.6629	 -0.2494	 -0.4768
 +8.0680	 +2.5430	+12.5151	 +0.3795	 -0.1345	 -0.8081
-18.4195	-23.7602	+36.9697	 +1.2129	 +0.7279	 +2.2308
 +5.9457	 -5.4700	+12.9020	 -2.5763	 +1.5268	 -1.9651
 -8.1024	 -8.4665	+12.3370	 -1.2999	 +1.3731	 -2.4730
+33.6527	-340.3339	-189.0081	 +0.7562	 -7.2793	 -4.0350
-11.2229	+18.0765	-12.2895	 +0.7914	 -0.8191	 -0.0227
-20.6399	 +1.8528	-11.5876	 +1.6366	 -2.8519	 -0.7059
 -4.4367	 -6.4382	-22.4108	 +0.0816	 -2.3225	 -0.3944
 -6.7500	-11.1685	 -3.0635	 +2.7820	 +1.8868	 +0.3931
-20.9624	 +6.5290	 +9.9146	 +2.7627	 -0.3018	 -2.9300
-15.1988	-36.1016	+12.9830	 +0.9113	 +1.9992	 -1.9498
 +0.6856	 +0.9539	 +2.8568	 -2.3735	 +0.7944	 -1.8313
 -2.8114	 -5.3353	 +0.4991	 +4.8774	 +0.7054	 -2.7345
 -6.7526	 -1.1118	 +8.2925	 -2.1057	 +2.4959	 -0.7477
 +9.2249	 -0.3643	 +1.6017	 +2.2104	 -1.1622	 -0.7499
-88.4374	+30.1452	+52.0812	 -0.8525	 -0.6747	 +0.3252
 -5.4013	 -6.0371	-15.4008	 +1.9922	 -0.0716	 -2.4998
+184.1178	-87.9246	+89.7418	 +7.4705	 -3.7609	 +3.6821
-29.6636	 +7.4281	+17.3017	 +1.6208	 -0.7685	 +2.2737
-32.5557	-19.3140	-22.1605	 +0.8244	 +1.1500	 +0.0018
 -8.0185	 +2.3336	 -1.2242	 -1.2371	 +0.9140	 +0.6267
-101.4101	-95.4305	-143.9741	 -2.9811	 -2.5075	 -4.3029
 +3.1972	+18.2513	 +1.1747	 -1.4070	 +0.8522	 -1.3925
 -0.7983	 -5.5447	 +5.7563	 -2.0995	 +2.8254	 +1.3619
-11.0960	+20.3867	 -3.3551	 -0.5979	 -1.8414	 +0.4102
 -5.4712	-35.8296	 +6.2574	 -0.3740	 -0.5607	 +2.0423
-18.0869	 -5.0620	 -0.6521	 -2.5104	 +2.0105	 -0.7647
+14.8159	 +3.8922	-14.3668	 -1.9015	 -0.8737	 -2.7169
-35.5495	-57.2467	+44.5342	 -1.0200	 +0.4748	 -0.4683
 +3.0360	-14.8466	 +6.6377	 -2.1574	 -0.6658	 -0.3762
 -4.4452	 -4.5360	 +7.8195	 -4.0314	 -0.6680	 -0.9877
 -0.1676	 +4.5733	 +9.4228	 -1.5653	 +0.2086	 +1.9906
 -6.2935	-12.9150	 +4.7710	 -1.4138	 -1.1067	 +1.8378
-12.1067	 -5.3098	+14.3165	 +0.0183	 -0.2014	 -1.9501
-14.1758	-40.1808	-16.3396	 +0.8488	 -0.6732	 -0.9083
-19.3039	+23.4867	 +8.1972	 +0.1150	 -1.1936	 +2.6196
-27.6716	+10.2325	-95.8430	 +0.5426	 +0.1103	 -2.0081
 -8.1379	 +5.1274	 -1.8726	 +2.3925	 -0.2440	 -3.4043
+90.1106	+44.5554	+181.5012	 +1.0699	 +0.1778	 +1.9101
-10.1100	 +5.9252	 +8.0010	 +0.8203	 -2.1240	 +0.1716
+11.5951	 -8.7556	 +2.3353	 -0.9738	 +2.0929	 -1.1480
 -1.3682	 +0.7791	 +2.9386	 +0.5214	 -1.5691	 -0.1046
 -8.5713	 +1.6601	-11.5418	 +0.7456	 -1.6555	 +2.0224
 -6.0774	+16.4057	 -8.2146	 -0.7728	 -1.1229	 -1.9896
 +7.5930	-20.0294	+17.7276	 -1.0548	 +0.9270	 +0.6782
+10.4037	-14.2407	-19.0102	 -1.6522	 -0.8801	 +0.1322
 +3.8838	 +3.1404	 +2.7072	 -0.9282	 -3.1994	 +0.7583
-478.6608	-73.7997	-108.7990	 -6.9794	 -1.0419	 -1.7369
 +0.7393	 -2.1618	+11.1092	 +2.6013	 -2.8160	 -1.9171
 +6.6955	 +6.1149	 -2.1335	 -0.2107	 +0.5090	 -1.9299
-14.6196	-10.0375	 +4.6088	 -2.0580	 +2.5114	 +3.0590
-12.8106	+24.3164	 -4.4850	 -0.8338	 +0.6088	 +1.3042
 +1.1781	 +2.7089	 -5.5787	 -1.9642	 -0.3760	 -2.0610
+53.7218	-31.5079	-104.3901	 -0.6926	 -0.0008	 -0.7773
+10.0828	 -1.2810	 +2.3685	 +0.2959	 +1.2981	 -1.7687
+20.8071	-67.3202	 +3.4938	 -0.2889	 -1.6396	 -0.5025
 -8.6299	 -5.9585	 +2.1499	 +1.8109	 +2.0256	 +1.3630
-19.4573	 -0.1444	 +7.3828	 -1.4830	 -0.6890	 +2.1140
-26.9585	 -0.3047	 -0.5623	 +0.8096	 -2.9355	 -0.3342
 +8.3966	-45.9102	 -6.1569	 +1.1197	 +0.7488	 +0.5564
-10.1781	 -1.6372	-21.2257	 +0.1026	 +1.5113	 +0.1826
-31.0859	 +5.0711	 +6.8928	 +2.0866	 +1.4357	 -1.2432
+17.6808	-17.2064	-23.8833	 -0.4507	 -1.9110	 -0.2592
-19.5200	-24.4052	-26.0091	 +0.0994	 +3.3317	 -1.1468
-11.8419	 -2.1423	 +6.2371	 -1.7280	 +2.7543	 +1.6676
-11.5302	 -1.8730	 +1.2014	 -1.6462	 -2.1364	 -0.3098
 -8.1332	 -2.0305	 +5.6617	 -0.0682	 -0.3060	 -0.6508
 -1.8470	-37.8983	 -5.1835	 +0.7080	 -0.1419	 +0.9245
-16.8961	 +8.0146	 -9.4277	 +0.7735	 -2.4241	 +2.3827
+19.7898	-17.7195	+17.2081	 +0.7843	 -0.9566	 -0.4350
+19.4180	 +7.1809	-12.7884	 +0.2551	 -2.3809	 -0.6637
-17.2224	+32.2758	-19.0480	 +0.0344	 +0.0177	 +0.1282
 +5.6749	+53.4374	-15.5994	 +0.9597	 +0.5355	 -0.7082
 +9.1646	 -1.6738	 +9.4480	 +0.4876	 +0.3837	 -2.1526
-91.7178	+55.2124	+134.7140	 -1.6699	 +1.3312	 +2.0157
+11.5409	 -3.6745	+15.0840	 +0.6178	 +0.5152	 -0.4803
 -5.5000	 +5.1981	-12.9981	 -0.7878	 -1.6553	 -1.6430
 -1.2184	 +5.1737	 -2.1899	 +0.1495	 +0.0078	 +0.7641
-18.7155	 +2.6905	 +7.1709	 +0.0117	 +1.1060	 +0.2705
 -6.8196	 -0.8917	 -4.9616	 -1.5789	 -3.4201	 +2.1340
+47.3417	+73.5558	-16.1486	 +1.0517	 +2.1748	 -0.7666
 -8.3774	-24.1533	 -4.7851	 -1.3285	 -1.8134	 -3.5979
 -2.1511	 -6.8765	 -7.1563	 -3.2458	 -3.4612	 +0.7032
+61.3024	-101.9160	+34.9436	 +1.2832	 -2.7927	 +0.3159
 -2.4351	 +1.0185	+29.0948	 +0.7142	 +0.9715	 +0.6181
+34.8841	+65.2392	-301.0628	 +1.6002	 +3.5785	-15.0547
 +3.2985	-11.8912	 -4.9671	 +1.2996	 +2.3532	 -0.6445
 +8.4311	-21.4193	+10.9875	 -0.6899	 -1.8768	 -0.7295
 +8.5187	 -7.4074	 +8.2763	 -1.1139	 -0.9795	 -2.3866
-19.0078	 -7.8484	 +5.4466	 +2.0724	 -1.8619	 +3.5634
-17.0761	-15.4862	 -1.5618	 +1.4341	 -1.8426	 -0.4365
+10.6174	 -8.0935	 -2.9419	 -1.3329	 +1.2494	 +0.0755
-192.0870	+273.9584	+41.7449	 -1.9814	 +2.7851	 +0.4690
-11.8428	-13.9098	 +4.6044	 -0.7187	 +1.7423	 -0.7805
-227.2316	+26.5524	-262.6239	 -5.4337	 +0.3840	 -6.3445
+29.2027	+37.1004	-75.1723	 -0.0425	 +0.0272	 -0.4824
+16.1123	-27.1901	 +1.5313	 +0.6406	 +0.0267	 +1.2793
 -3.5374	-11.1289	 -2.2999	 +2.3975	 -0.3477	 +1.2766
 -6.6840	 -3.9715	 +1.0653	 -1.8976	 -0.8052	 -2.6474
 -3.3079	 +2.6843	 -2.4071	 -1.8623	 -0.0202	 +0.3699
+18.8604	+16.6766	+50.7460	 -0.6166	 -1.2152	 -1.3346
 -1.3885	+34.3460	 -9.3071	 -0.0994	 -2.8766	 +0.2214
 +4.6919	 +6.0655	+12.6061	 +0.1011	 -2.2372	 +3.2951
 -8.5584	 +0.7855	 -2.2014	 -1.0272	 +3.0661	 -0.0737
 -7.9372	 -4.4571	-10.8741	 +3.3347	 -1.8848	 +0.0729
+19.8922	-35.4043	+16.3691	 +0.3790	 -0.8270	 +0.7133
 +0.0487	-38.1412	 -4.2806	 -0.1118	 -1.8195	 -0.4413
 +3.8614	-31.7777	+33.4463	 -1.1212	 +0.9913	 -0.1390
-165.6430	+128.9562	-82.8996	 -1.6220	 +1.1514	 -0.6218
 +8.9342	 -2.7991	-16.9577	 -0.8466	 -0.5021	 +1.2055
 +8.8212	-57.7421	-65.3523	 -0.7096	 -1.2732	 -0.1047
+17.8177	-18.7061	 -4.1427	 +0.7988	 +0.2402	 +0.3851
-58.6621	+27.9092	-143.7934	 -0.4324	 +0.6222	 -1.6264
 -0.8465	 -5.5409	 -5.6019	 +3.0619	 -1.0295	 -3.4897
+11.9313	 -3.5745	 -5.1936	 -1.1333	 +0.8578	 +2.4964
-76.5799	+69.7003	 +8.2875	 +1.3367	 -0.4842	 +0.3525
 +6.9544	 +3.9229	 +1.7563	 +1.8938	 +3.0912	 -1.9018
 -6.9715	 -6.8462	+11.1782	 -0.5350	 +0.4931	 +2.2258
 -9.2275	 -9.0529	 +3.7603	 -1.1999	 +3.0648	 +1.3922
 -0.7663	 +1.1583	 +9.2690	 +0.7043	 +1.7227	 +1.1250
 +0.0017	-31.0700	 +0.3564	 +1.2059	 -2.5236	 +1.1376
+17.7610	 +4.6505	 -0.3634	 -0.4729	 -2.9053	 +0.6534
 +1.8025	 +0.8600	 +7.5230	 -2.9771	 -1.5111	 +2.4529
+15.7285	 -7.9542	 -7.5773	 -0.8931	 +1.4615	 -0.8390
+23.5939	-29.6855	+19.9021	 -0.5150	 -0.3755	 -1.2136
 -3.8786	 -9.9804	 -1.5182	 -3.9713	 +2.5624	 -0.7883
+34.1938	-65.0772	-24.0477	 +0.1804	 -0.6711	 +0.8688
 -6.7674	 +0.0204	 +2.3515	 -1.8485	 +0.7587	 -0.2437
 +7.6325	 +7.6875	-12.2191	 +1.2242	 +1.0922	 -1.3076
-29.0396	+48.7897	-14.6807	 -0.5343	 +1.4954	 -0.7412
-14.2105	-28.3109	+26.9381	 +0.4882	 +1.7086	 +0.3370
+25.3183	+44.7806	+27.5631	 -0.5216	 -1.0866	 -0.0415
 +3.0840	 -3.7800	-12.4264	 -3.9799	 -0.2891	 -0.4686
 -3.4210	-10.9506	-11.9237	 +1.3680	 +2.0434	 -0.9366
-23.7933	-10.3872	+25.3188	 +0.4769	 -0.4527	 +2.5013
 -3.2195	 -2.8948	 -2.2617	 +0.7999	 -1.8824	 +1.3511
+25.1146	 -5.1746	 +8.1653	 -0.5858	 -0.7181	 +0.5202
+201.4922	-85.6468	+277.5419	 +4.6457	 -2.0611	 +6.3177
 -6.9890	+10.3241	 -2.4616	 +0.2689	 +1.4237	 +3.0172
 -5.3808	 -2.2941	 +8.1567	 -2.4427	 -1.9993	 +2.7833
 +5.2923	+22.0516	-20.4555	 +0.3345	 -1.8961	 +0.5599
 +9.4037	-22.9908	 -8.0807	 -0.1568	 -4.3453	 -1.0954
 -3.2902	 -2.8203	+14.1221	 +2.6102	 +0.5134	 +1.5116
+40.0144	+124.5929	-29.8469	 +0.8159	 -0.0500	 -0.3931
-26.3113	-16.7833	-16.1118	 -1.6920	 -0.4413	 -1.6595
 -2.8845	 -6.1371	 +6.6080	 -0.7053	 +1.5653	 -2.1571
 +0.5259	 -2.0440	 +4.6820	 +1.0447	 +1.3894	 +0.6159
-59.2489	 -7.2919	-21.5962	 -0.8915	 -1.7164	 +1.0995
-62.4919	 +9.5343	 +1.1652	 -0.0306	 -0.6576	 -0.0374
+14.7927	+13.7522	+16.2898	 -2.0921	 -1.7366	 -0.1872
+16.5824	-24.5208	-43.6600	 +0.9103	 +0.9989	 +0.4971
 -0.5100	+38.6361	 -9.0881	 +0.4770	 -2.0513	 -0.1134
 -3.1473	 +6.6232	 -7.3666	 -1.8226	 -3.3785	 -0.0675
-60.7727	+50.9143	-21.9505	 +0.0745	 -0.2102	 -0.2920
 -9.1265	-10.2981	 -3.5328	 +1.2975	 -0.1986	 +3.0814
 +5.6994	 -3.7045	-10.1313	 -1.7140	 -1.7387	 +1.2626
 -0.1032	 -5.2462	 -8.1940	 -1.8420	 +1.7494	 -2.9907
-13.9402	-15.0210	+17.6480	 -2.7371	 -0.1282	 +0.1586
 -2.7538	+35.8666	 +8.0892	 +1.1216	 +0.4114	 +1.8966
 -4.9489	-18.0695	+33.7844	 +0.5850	 -1.0367	 +3.4909
-838.4974	+202.7734	+314.9502	-13.4888	 +3.3506	 +5.2404
-51.4438	-175.7122	+68.3207	 -1.0526	 -2.5865	 +1.0168
 +2.7358	+12.7282	 -7.4738	 -0.0809	 +1.9504	 +0.0956
+11.6008	+28.2804	+22.7656	 -0.8452	 -1.2771	 +0.0571
 -3.3428	 -5.3613	 +0.6182	 -3.6628	 +1.3366	 -2.4484
 +6.6718	 -9.0752	 +3.4914	 +1.8559	 +2.7156	 +1.7975
 -5.6006	-26.5975	 -8.2873	 +0.2759	 +0.9774	 +1.2531
 -6.1638	 -0.3930	 -2.6610	 +3.5889	 -0.3352	 -3.2874
 -7.9921	 -7.0565	 +9.2683	 -1.2530	 -4.4693	 -0.5695
-12.0279	+19.7002	 -4.5702	 +2.1654	 -0.6018	 +0.0958
 -8.0505	 +5.6679	 -2.0945	 +2.8978	 -0.2221	 -2.7928
 -2.4421	 -4.0344	 -0.3484	 -2.7448	 -0.8082	 -0.9465
 +5.8766	-24.6868	 -7.6309	 +1.5211	 +1.2928	 +1.2191
-10.4165	 +5.2807	+18.7085	 -1.4164	 +2.7766	 -2.5294
 +0.5706	-15.1441	+11.5218	 -0.4738	 -2.8929	 -1.4187
+16.8295	+24.3815	 -2.9025	 +1.5062	 -0.8926	 +0.0548
 -5.3993	+10.9762	 +8.2943	 -2.6239	 +2.2973	 +0.2273
 -4.6214	 +1.6812	 +2.1201	 +3.6004	 -2.9585	 -1.8198
+33.3196	 +4.3350	+13.6481	 +0.3874	 -0.4342	 +0.6631
 -4.1656	-48.0268	+10.6372	 +0.5895	 -0.2620	 -1.7205
-11.1889	-10.6568	-15.1426	 -2.1303	 -1.3621	 +1.7936
-39.6403	+15.8996	-15.9171	 +1.8659	 -1.3365	 -1.1509
-23.7943	-27.1151	 +7.9634	 -1.7891	 -2.5417	 -1.3369
 -2.3159	 -1.4461	 -0.6201	 +1.8695	 -4.1994	 +1.9714
-21.2791	 -7.4446	 -3.7089	 -2.1003	 -1.1780	 -1.3268
 +4.9439	 +4.5110	+37.6542	 -0.7730	 +0.6417	 +0.0867
+17.5167	 -0.0405	 +5.7261	 +2.0208	 +2.2392	 +0.6367
 +1.2438	 +0.0818	 -5.1503	 -0.6623	 +1.9444	 -1.2083
 -4.2527	 -8.9549	-13.3103	 -1.0330	 -2.4375	 -0.3713
-17.3462	 -4.7766	 +4.0906	 +1.0756	 -1.1748	 +1.2757
-10.8310	+10.3806	 +8.3002	 +0.1605	 -2.6512	 +2.0428
 -3.8527	 -7.7910	-23.8913	 -1.6319	 -1.4954	 +0.1207
 -0.3887	 +2.0436	 -4.9519	 +1.0522	 -4.1277	 +1.0994
-10.2282	+92.6504	-12.2431	 +0.0956	 +3.0710	 -0.0962
 +0.2984	 +9.1871	-23.8478	 -1.6526	 -0.9510	 -0.6364
 -2.2179	 -2.4539	-13.9566	 -2.1822	 +1.0118	 -0.8864
 -6.1284	 +0.2440	 +5.9083	 +0.4368	 -0.4567	 +0.1251
 -2.2788	 -2.7500	-11.5734	 -0.3666	 +0.4191	 -0.6057
 -2.9969	 +6.2730	 -0.2414	 +1.0465	 +1.5976	 +1.2308
 +8.0335	 -7.9926	-31.3320	 +1.8677	 -0.4103	 -1.5953
 -4.4852	-19.6802	 +8.8911	 +1.8292	 -0.4823	 +0.9666
+302.0430	+136.4223	 -4.7273	 +4.5518	 +2.1338	 +0.1859
 -0.4569	 -8.6166	+12.3557	 +0.5490	 +1.6571	 -0.5657
-23.8079	-19.0669	+13.4629	 +0.3468	 +2.1644	 -0.7337
 -2.4353	+17.0635	-18.1682	 +3.3904	 +0.3793	 -0.1809
-43.1438	+24.5966	 +7.6692	 -0.8392	 -0.3768	 +0.4904
 -6.9196	 +6.9222	+61.1762	 -0.6533	 +0.4984	 -0.5702
+10.7131	+15.6052	 -4.6474	 -0.5304	 -3.6251	 -1.0867
-10.2567	 +5.4818	+10.5579	 +3.2556	 -1.1488	 -1.2747
 -6.3864	 -3.8144	 +4.8568	 +2.4018	 +2.0342	 -0.5904
-33.8693	+215.0493	-111.9049	 -0.7635	 +3.5500	 -1.8365
+17.2622	 -9.9464	+15.7140	 +0.9611	 -2.9930	 -1.6272
-36.5300	-40.7944	-30.6713	 -1.5675	 -1.2540	 -1.4818
 -9.8705	 -4.4360	 -3.8315	 +3.3862	 -2.2471	 -1.4108
 -6.1054	-11.1540	 +2.7700	 +2.3377	 -4.2625	 -0.7788
 +6.9182	 -3.4475	 +2.8160	 -1.5559	 -1.5582	 -1.1731
-19.1803	-17.5866	-10.0201	 -0.8322	 +0.2232	 -1.4968
 -6.7706	-12.4558	+11.6342	 +0.6632	 +3.0746	 +0.3855
-20.0947	 -0.2172	-25.0417	 +0.8244	 +1.8512	 -1.6005
-69.6441	-48.0466	-27.1444	 -1.6963	 +0.0823	 -0.1053
-32.0646	+12.0183	 +7.8770	 +0.2378	 +0.6838	 -0.6060
 -9.9320	-15.2988	-17.9336	 -0.4952	 -2.2602	 +0.6982
 +4.1719	-22.8711	+12.2066	 -0.5511	 +0.7245	 +0.7519
 -7.9194	-18.0315	 +1.5820	 -0.5482	 +2.4892	 -1.8221
+25.0131	+12.0532	-66.0066	 +0.2098	 -0.1943	 +0.0449
+13.7701	 +5.3515	 -0.2163	 -1.1496	 -0.1649	 +0.2036
-21.8902	 +6.2942	 -1.3964	 +0.5887	 +2.3012	 -1.4431
-19.8321	 -5.0100	 +9.7244	 +1.9071	 -0.5054	 +0.9858
 +8.0346	-34.6382	+16.6835	 -0.4377	 -0.7330	 -2.2731
 -9.3507	 +3.2845	 -0.7485	 +1.4288	 -1.6034	 -0.0587
+67.3941	+90.1140	+90.7078	 +0.2343	 +0.5931	 +0.9139
+12.7709	-16.3429	 -8.2061	 -1.9159	 -0.6787	 -0.6817
+20.9796	 +5.0373	 -6.3226	 -1.3170	 -0.3130	 -2.3881
+35.5747	-26.5629	 -4.8429	 +0.5568	 +0.0016	 +0.0250
+16.5100	-37.9682	-20.7264	 -1.1825	 -1.5368	 +1.5614
 -0.4324	 -3.4288	 -1.9353	 +3.1595	 +1.2982	 -1.5406
-17.3973	 -5.5673	 +4.0316	 +1.8834	 +1.6112	 +1.1659
 +8.5491	 +8.7095	 +4.1897	 +0.3530	 +0.1718	 -1.9967
-11.1478	 +4.6284	 -2.1396	 -0.7873	 +3.6809	 -2.6020
 +8.9675	 +2.2868	+13.3414	 +0.4304	 -1.1004	 +2.0027
 +1.1499	 -1.1188	 +0.3958	 -1.0759	 +1.6437	 +1.7704
 +1.1281	-16.1489	 -2.0162	 -0.0645	 +1.5124	 -0.0196
 -8.9945	 +0.7184	-13.5419	 -1.3331	 -2.8848	 -0.4982
 +9.1888	 -7.5411	 +0.5199	 -2.0103	 -0.2544	 -0.4626
-766.1142	-231.6764	+643.3046	 -9.3153	 -2.7996	 +7.8919
 -3.6648	 +5.8709	 -1.0649	 -0.1156	 +2.9439	 +2.5564
 -0.8865	-13.4529	 -9.9104	 +0.3400	 -0.6197	 +1.7403
 +7.3265	 -7.3125	 +3.7821	 +3.8468	 +0.8898	 +0.0189
 +6.7193	+16.5191	+14.6523	 -0.2181	 -0.7909	 -1.2874
+44.4030	+10.6440	 -8.7324	 -0.2603	 +0.3492	 +0.2288
+13.3506	 +7.8309	+22.9555	 -0.8235	 -1.8952	 -0.2778
 +6.9119	+10.9119	 -5.6056	 +3.3900	 -0.1110	 -2.2709
 +0.1460	 -4.6425	 -1.9912	 +2.7678	 +1.1999	 -0.7933
-15.4408	+23.3466	 +9.6437	 -1.5969	 +1.7969	 -0.4851
+12.1357	 +3.1857	-54.3693	 +1.7034	 -0.0342	 -0.1774
 -5.5449	-47.1678	 -5.2790	 +0.6363	 -1.3409	 -0.7537
 -5.0673	 +3.1919	 +7.0399	 -2.0293	 -0.6193	 -1.3264
-12.5778	 +2.3081	 +1.5393	 +0.7134	 -1.5217	 +0.0369
-11.2142	 -1.7822	-11.1966	 -0.6654	 +0.2870	 -0.2993
+69.9542	+67.8997	+27.3897	 +5.7591	 +5.4407	 +2.7552
-51.2564	-13.2802	-24.4594	 -1.0924	 +0.9536	 +0.7769
 +0.3132	-20.0624	 +6.2894	 +0.6044	 +0.6792	 -0.9309
+39.6137	+92.1891	 +1.3990	 +1.0968	 +2.0484	 +0.5827
-11.2441	 +4.9159	 -1.3748	 -0.0471	 +0.0094	 +1.8415
+21.0541	 +1.2740	+14.7642	 -0.5580	 -0.2317	 -2.0274
 +6.4964	+14.9347	+11.5605	 +0.8456	 +0.1496	 +0.0500
 -2.8897	 -9.5500	+10.8074	 -3.2762	 +1.7512	 -1.1343
-47.9065	 +7.7155	-62.9582	 +1.0586	 -0.0509	 +0.0445
+94.7907	-12.1671	 +0.2626	 -0.2691	 +1.0499	 -0.8743
 -3.7360	-37.3233	-72.0785	 -2.4295	 -0.9748	 +0.4759
 +9.6637	-41.1567	 -2.5085	 -1.8412	 -1.3016	 -0.4021
-75.3768	+31.7677	 +3.3641	 -0.4898	 +1.6311	 -0.4059
 -6.2337	 +8.7983	+20.4609	 +0.3124	 +0.2009	 -0.5722
 +6.4410	-12.5554	 +2.1133	 +1.3139	 +3.1030	 -1.2359
-32.1677	 -2.2582	-30.5991	 -2.5110	 +0.1606	 -0.6919
 +4.9428	+44.7068	+54.8701	 -0.5885	 -1.9184	 +0.5834
+16.9270	 +2.5876	 -3.3117	 +1.4148	 +1.2555	 -3.9760
 +5.0967	+22.3700	+16.5226	 -2.3665	 -0.3064	 -0.3631
 -5.4656	 +8.4210	-19.9808	 +1.1930	 -1.1885	 +1.6564
-16.2836	 -0.0155	 -3.7528	 -1.4772	 +2.9361	 +0.2374
 +6.5034	+14.0927	+44.7662	 +1.3371	 -0.6021	 -0.4137
 -8.4830	+14.1609	 -1.6465	 -0.1839	 -2.6009	 -0.1717
 -7.5213	 +2.6709	 +6.6650	 +3.6119	 +1.1831	 -0.3172
-10.6471	 -3.6908	 +2.1019	 -2.5249	 -1.0232	 -1.5579
+19.5516	+47.5558	 -8.3219	 -0.1154	 +0.7351	 +0.7790
 +6.8671	-17.2895	-16.7096	 +0.6871	 +2.1642	 -1.0193
+18.5976	 +8.5199	-25.8338	 -0.3179	 +0.9530	 -1.4602
 -8.4735	 +5.5778	 -8.3960	 -1.2969	 -0.2643	 +0.8539
 -3.4930	 -0.0675	+11.7821	 +0.8005	 +0.2416	 +4.8750
 +3.4693	-13.6860	-12.5626	 +1.9888	 -1.6979	 -0.8242
 -1.8378	-19.9354	 +1.7406	 -1.4222	 +1.2112	 +0.8790
-86.3720	-23.0877	 +2.4092	 -0.8922	 -0.6222	 +0.0068
+45.8297	-31.6077	-115.9835	 +0.4140	 -0.4023	 -0.7083
 +0.0803	 +2.6648	 +3.1620	 -1.7315	 +1.1515	 -4.7218
 -1.2517	 +7.6978	 -3.7402	 +0.0157	 +1.4746	 -1.4954
 +7.6655	-11.6722	-18.4060	 -0.4623	 +0.8905	 +1.7596
-18.4931	 -5.6355	 -9.3098	 +1.7742	 +1.4998	 +1.5038
+35.9932	-30.2632	-51.4862	 -1.5421	 +0.4206	 +0.2824
 -2.8582	+10.4739	 +5.2775	 -3.3946	 -1.0568	 -1.1806
 +0.0299	 +7.5616	 +9.4153	 +3.1462	 -0.0827	 +3.1557
+40.2527	-57.1086	+64.3722	 +0.9722	 -0.5473	 +0.1737
 -6.2844	 +7.2172	 +5.9936	 +1.1293	 +1.2551	 +2.3841
-48.8131	+20.4407	-53.2084	 -0.9963	 +1.6400	 -0.3893
-63.1181	+26.1945	-48.7475	 -0.7231	 -0.2836	 +0.5045
 -7.0785	 +1.3943	 +1.2834	 +1.9915	 -0.2431	 +3.9837
+21.9070	-74.1241	-63.8245	 -0.2511	 -0.6592	 +0.4219
 -9.4892	-74.1518	-23.0740	 -0.4629	 +0.9497	 +0.5267
-93.6540	-11.2305	-19.4893	 -2.9295	 -0.5658	 -0.5766
 +9.5444	 -3.8777	 +4.7755	 -2.6658	 +3.3627	 +0.6032
 +7.0439	 +0.5670	 +0.6198	 +0.3074	 +1.8688	 +2.7821
-21.4812	 -5.3483	 -0.7019	 +2.4600	 +0.9895	 -0.3387
 -3.7418	 -1.3926	+10.9038	 -0.3741	 +1.3584	 +3.3677
+33.8550	 +1.3556	+22.9120	 +1.5321	 -1.2708	 +0.1953
-20.8029	-113.3668	+82.2019	 -0.2738	 -0.3728	 -1.0268
+72.9950	-84.8563	+54.8842	 +1.6416	 -0.8759	 +0.4866
+15.6666	-18.5279	-10.4363	 +2.5326	 +0.6320	 -0.4845
 +1.9836	 -3.0465	 +5.2634	 -1.6462	 +1.3976	 +2.9796
-11.1627	-16.7879	 -3.8430	 -1.1498	 -0.6878	 +1.0168
 -1.2903	-11.4931	 -8.4124	 -3.3257	 -0.1934	 +3.0366
 -1.8941	-28.5396	-11.1316	 +0.9336	 +1.6965	 -2.6357
+40.7404	-17.1846	-128.1041	 +0.5975	 -0.3100	 -0.4771
-23.1401	-17.0953	+11.6795	 -0.7498	 -2.1829	 -2.1044
+12.7344	 +5.1159	+19.6230	 -0.2610	 +0.6886	 +1.5445
-18.4409	 -0.6477	 +0.4423	 -1.3518	 +0.4651	 +0.6705
-24.9642	+12.7411	 +4.3636	 -0.0342	 -0.0601	 -2.5370
 -7.6420	-11.9263	 -1.7920	 +2.7614	 -3.1671	 +1.6028
-21.3271	 -0.4123	 -1.0934	 -0.6754	 +2.6011	 +2.1649
-47.3545	+13.0009	+12.2423	 -1.6800	 +0.9464	 +0.8482
 +1.8696	+17.4779	+23.9013	 -0.4650	 +2.1949	 -0.9196
-11.7258	 +4.0818	+20.9445	 -0.2571	 +3.4532	 -1.3863
-96.5779	+101.4182	+125.4361	 -1.3687	 +0.9978	 +2.0110
-411.9715	+11.1979	+486.6906	 -5.8351	 +0.1964	 +6.9896
 +0.5377	-12.7148	 +3.5684	 -2.3489	 -2.4731	 -2.7406
 -6.0094	 +0.5093	 +1.8762	 +0.9851	 +4.0491	 +0.5464
 -4.9283	 +4.1620	 +3.5772	 -2.5027	 +0.9004	 -0.0076
+43.3499	 +9.9498	+37.2919	 +2.0336	 -0.1416	 -0.0909
 -6.7098	-16.9099	 +1.5243	 -0.6483	 -0.0661	 -1.2484
 +6.0760	 +1.2936	 +4.7219	 +0.1707	 -2.7369	 -1.8301
+12.0097	+65.9878	+25.7830	 -0.1029	 +6.5231	 +0.8826
-41.8078	 +9.2493	+17.4179	 -1.6099	 +1.2759	 +0.5224
+29.1118	+16.1261	 -3.6182	 +0.0388	 +1.7015	 -0.2684
 +0.5861	 +2.8222	 -2.8910	 -3.8141	 +0.0319	 -0.4941
+23.5949	+17.4651	-10.3249	 -1.1738	 +1.5519	 -0.6494
 -2.1923	 +8.3025	 +7.9433	 +0.4670	 +0.2739	 +1.1410
 -2.2882	 -6.3746	+18.7357	 -0.0913	 -1.2580	 -2.7202
 +3.3543	-11.7282	-12.7235	 +2.4664	 -1.8308	 +2.5354
 +5.6165	-12.1591	 +8.8706	 -1.6474	 -1.4814	 -3.1126
 +3.3606	-11.3905	+15.8193	 -2.3123	 +0.4750	 +0.7780
 -9.9981	 -2.9151	+13.9846	 -3.1450	 +2.3658	 +1.3328
 -4.8938	 +5.2176	-10.0602	 -1.0626	 +1.6385	 -1.6629
 -9.7029	+27.2806	-44.9966	 +0.7278	 +0.5437	 -0.6841
 +3.4300	+22.8120	-18.4234	 +0.3518	 -0.8330	 +0.3412
 +2.1014	-18.7473	+12.7968	 +3.2040	 +1.6685	 -1.0032
+18.3876	-23.3557	+19.4641	 -2.1693	 -0.2357	 -1.6781
+960.9328	-374.6987	-680.3588	+13.2580	 -5.1942	 -9.4738
+266.3777	-99.3949	+248.0270	 +7.6507	 -2.7206	 +6.7493
 +5.9390	-12.7853	-13.8347	 +2.2758	 -3.1957	 +0.5564
 -9.1365	 -8.8783	 -6.3369	 +2.0610	 -1.1629	 +2.2510
+13.1735	+43.4513	-28.1302	 -0.1952	 +0.9705	 +1.8077
 +6.2184	-14.1973	 -2.1966	 -2.5003	 +3.8413	 +1.6955
-13.0992	 +3.6058	+22.3778	 -1.8922	 -0.3796	 +1.6714
+41.4188	+276.1677	+41.4102	 +0.5075	 +3.7331	 +0.3582
-28.8979	-10.9876	-49.1651	 -2.2301	 +1.9723	 +0.8043
-24.7791	 -7.1614	-23.9644	 +0.5370	 -2.0785	 +0.8992
 -3.9521	 +2.2973	 +7.4741	 -2.9281	 +1.5572	 -1.2825
-14.2843	-16.7920	 -0.9540	 +0.6982	 -0.7301	 -0.9170
 -9.0689	 -1.9059	 +3.9819	 -0.0813	 -4.0433	 +0.4419
 -7.9415	-10.3350	-15.0007	 +1.2918	 +1.7451	 +0.6922
-15.2718	 +6.6212	+19.9935	 +1.0023	 +0.7045	 -1.7452
 +6.0568	 -5.4916	 +4.0040	 -2.4149	 -0.6055	 -1.9207
+18.4296	 -2.2503	+14.4660	 +0.6042	 -0.3670	 -1.8514
-22.5185	+15.9485	 -7.7857	 -1.0799	 +0.3211	 -2.3766
 +0.2675	+10.3807	-76.4919	 +0.0661	 +0.9071	 -2.3073
-97.6004	-149.3078	-206.1556	 -1.1190	 -1.7497	 -2.3522
+52.0448	+13.6412	-109.7972	 +0.3089	 +0.0460	 -1.1182
+16.1671	 +7.6250	-14.0334	 -0.8368	 +0.0061	 -1.3662
 -2.1350	 -9.2163	-16.6942	 +2.7524	 +2.6289	 -2.0410
-33.7505	 -0.6229	 +3.2125	 +1.3121	 +0.8190	 +1.5646
-10.2469	-26.1548	+35.0077	 -0.2051	 +0.5860	 -1.3030
-96.1469	+43.3750	-50.8876	 +0.5780	 -0.2965	 -0.1652
 +0.7559	 +0.4420	 +1.2550	 -2.9909	 +0.1667	 -3.9569
-10.9787	-19.6952	 -8.1410	 +0.4515	 +3.2797	 +1.8457
+30.5582	 +1.5232	-20.3142	 +4.6378	 +1.0860	 -3.0062
-12.0429	-12.1105	 -3.2261	 +1.3100	 -1.1978	 -0.8619
 +1.2396	 -9.4867	 +0.9105	 -0.5393	 -1.4173	 +1.2150
-16.8492	 -3.4769	 -4.0445	 +0.6001	 +3.6173	 +0.2309
 +6.8245	 -6.7461	 +8.7383	 +1.6618	 -2.0838	 -1.8339
+12.7304	-122.8525	+12.0340	 +1.3473	 +1.3608	 -0.2536
 -9.2864	 -4.3117	 +0.9710	 +0.2732	 -0.0322	 +0.0116
 -6.4734	 +5.7669	 +9.6276	 +1.1029	 +2.8785	 -0.6697
-16.1977	+14.3769	 -8.3186	 -0.9013	 -0.1734	 -0.5885
-11.7288	 -3.1724	+28.1620	 +0.5448	 -0.0585	 +1.8883
 -7.1471	 -0.7035	+19.0115	 +1.6747	 +1.2395	 +1.5831
 +0.9532	 -0.6916	 -6.7170	 +1.3268	 -2.2340	 -1.1513
 +4.2905	 +8.1312	+11.0671	 +0.7150	 -1.0545	 -2.2388
+14.7041	-38.9958	 -2.0449	 +1.4640	 +0.5088	 -2.3246
 +0.9577	 +8.6724	 +5.9109	 -1.2604	 +0.8410	 -0.5428
 -7.9075	-10.5691	 -6.0020	 -0.6578	 -0.7107	 -1.7491
 +5.5724	-13.5718	 +3.7027	 -0.8305	 +3.4917	 +2.9468
-21.3048	 +7.9151	 +3.8032	 -2.9995	 +0.6533	 +0.0909
-15.5094	 -5.7067	 +2.3711	 +0.4259	 +1.7104	 +0.2149
 +1.9426	 +1.6371	 -3.0749	 -0.1984	 +0.3859	 +3.7318
 +4.7291	-31.2292	 -7.8088	 +0.0968	 +2.3927	 -1.1973
 -9.5985	+21.2243	-14.7764	 +1.2412	 +0.2431	 -1.1389
+17.9021	 -4.1896	 +4.6174	 -2.2249	 -0.5328	 +1.5701
+76.1724	+111.9658	+80.7213	 +1.6070	 +2.1130	 +1.9572
-65.5320	+51.4782	-52.6559	 +0.0855	 -0.3527	 +0.5662
 -4.5931	+58.3443	-25.2789	 -0.8608	 +1.1902	 +0.4146
 -1.2855	 -5.5635	 -7.3318	 +2.6016	 +2.3844	 +3.0766
+10.3984	-16.1961	+29.3984	 +0.1400	 +0.1284	 -1.2225
+27.9245	 -5.0441	 -3.1810	 +0.5759	 +1.5616	 +0.3443
-33.5745	+26.0759	-28.9672	 +1.1032	 -0.9218	 -0.3056
+55.2934	+52.6816	+36.1089	 +0.4707	 -1.4165	 +1.6794
-188.8795	+141.8345	+136.1981	 -3.6521	 +2.5321	 +2.6050
 +4.1859	 -3.9298	+16.4605	 -1.6370	 +0.2214	 -3.0504
 +4.4383	-16.0694	 -8.2086	 -0.7915	 +2.3427	 +0.2884
 +1.6608	+21.0872	+22.8780	 -0.1676	 +1.1269	 +1.3235
 +7.4958	 +6.2616	-20.2709	 -1.2300	 +0.3459	 +2.3077
-11.2532	 -7.7143	 -8.3272	 -0.9293	 +1.5781	 +1.5789
+20.2778	+57.6523	-22.5286	 +0.3286	 +1.1943	 +0.9211
 +8.0919	 +6.1070	 +6.7636	 +0.6193	 -1.8942	 +0.3262
 -6.6666	 +2.6218	+16.6499	 -0.2690	 -1.7015	 +1.7476
-12.1547	+12.2224	-24.4813	 -0.3157	 +1.5676	 -0.5015
+10.7031	+15.2440	 +9.5292	 +1.0465	 +2.2111	 -0.1973
 +4.0032	 -7.7486	-37.7840	 +2.9025	 +1.9500	 -1.0581
+30.8103	+16.4492	+58.9470	 +0.5351	 +0.7093	 -0.6055
+16.8576	 +2.4329	+11.7258	 -0.1318	 +1.4572	 -1.9910
 -4.4367	 -5.4340	-12.1011	 +3.1613	 -1.7711	 -0.8682
+18.7567	-17.3558	-15.1298	 +0.7169	 -1.3533	 -1.1053
+37.7375	-22.9426	-49.2602	 +1.1733	 +0.3301	 +0.6340
 -6.8783	-16.2792	 -5.8119	 +2.1094	 -0.3645	 +0.2284
 +7.9888	+24.9708	 +0.5353	 -0.3863	 +0.3575	 +1.2281
 +5.6867	 +6.4519	-11.9143	 +3.5943	 +0.5894	 +2.0881
 -4.2505	 -7.9585	 -5.7812	 +0.9785	 +0.4073	 -1.8208
-14.7451	 -2.7423	+20.9163	 +3.6258	 -1.2938	 +1.1231
 -8.6795	+42.4439	 -8.8853	 +0.6742	 +0.1589	 +1.3859
-10.3581	 -9.0091	-19.7737	 -0.9157	 -1.1596	 +0.7707
-19.5249	+13.0527	+11.3298	 +0.3927	 -0.7744	 +0.2486
 +2.1192	 -0.2535	-15.8340	 -3.4942	 +0.7507	 +2.4385
 -5.0804	+13.9497	+11.6619	 -1.5264	 -1.9740	 +1.6358
 +9.1514	 -9.4873	 -1.0536	 +2.2837	 +0.3797	 -2.3720
 -4.0365	 +0.9285	 +3.6952	 +0.8473	 -1.3989	 +3.3106
+40.2070	 +3.2317	+34.2012	 +0.8630	 -0.9084	 +1.1549
 +0.2496	 -2.3678	 -2.4869	 +1.8435	 -2.0731	 +0.5089
+11.2251	 +2.6611	-40.0625	 -0.7374	 +2.4443	 -1.2865
 -1.6189	 -6.2629	 +5.6207	 +1.8349	 +0.0897	 +0.9931
 +1.7618	-12.4714	 -0.9536	 +1.1650	 +0.5210	 +1.5781
+11.9432	-337.6336	+239.0482	 +0.1222	 -3.7589	 +2.5604
 -2.0898	+15.3495	 +5.1149	 -0.7196	 -0.9774	 -2.2085
 +7.7549	 -7.0980	 +7.9390	 -0.0781	 +4.2884	 +1.3772
 +1.9224	 +1.0386	 -0.6040	 -1.7542	 +0.6288	 +2.8024
+17.9034	 -0.5185	 +6.2991	 -2.8544	 -0.9385	 -1.2152
 +5.9843	 +1.3196	-18.5609	 -1.7631	 -1.4323	 +1.9022
 +0.0718	 -6.7526	-10.1969	 +2.1441	 -1.5283	 -0.1713
+37.7763	-91.1549	+79.0088	 +1.5131	 -2.3698	 +2.6158
 -1.6541	 -6.4100	 -8.2236	 +0.1281	 -2.2361	 +2.9848
-40.5215	-14.2967	-12.5863	 -1.2638	 -1.7483	 +1.7553
 +2.1036	-12.9961	 -1.9178	 -1.0188	 -0.0476	 +2.4255
+15.3472	 -5.0536	 +1.5991	 +0.0224	 -0.1144	 +0.3686
+18.9475	 -0.0991	 -8.5769	 +2.3233	 +0.7523	 -0.2691
+11.5986	+18.9629	 +6.3808	 -1.2383	 -1.3416	 +0.5305
+31.2102	-66.6850	-25.5133	 +0.2188	 -0.5204	 -0.2090
+198.0833	+18.1266	-303.8568	 +2.8061	 +0.3046	 -4.0264
 +9.7923	-17.8931	-12.5872	 +1.1787	 -0.5819	 +1.8911
 +7.9640	 -7.0728	-19.6194	 +0.3990	 -0.5912	 -1.7487
 +2.3728	-15.6606	 -2.1007	 -0.0192	 +0.1371	 -1.1558
 +1.5917	 +5.3695	+16.1840	 +1.7026	 -1.3570	 -2.4738
 +0.9886	+15.7664	 +1.7345	 +3.7743	 -0.7610	 -0.2532
+19.3012	-37.7175	-65.2082	 -0.2040	 -0.7460	 -1.4801
 +9.6594	 -7.2542	-17.9003	 -1.2706	 -2.1905	 -2.3417
 -4.4386	 -8.0475	 -1.0854	 -1.0151	 -1.3836	 +0.0918
-12.9073	 -2.1804	 +5.2599	 +0.1033	 +0.3630	 -0.5242
-21.8599	+102.8295	+66.9866	 -0.8049	 +2.5568	 +1.2275
-44.0168	-65.7176	-70.6464	 +0.1501	 -0.8632	 -0.5966
+37.7722	+14.2975	+13.0215	 +1.1381	 -0.2104	 +1.0699
 -3.9234	+13.4474	-37.9212	 -1.7640	 -1.0623	 -0.3867
 -5.1797	 +5.3895	 +0.8982	 +1.4445	 +2.5447	 +1.1496
 -3.3762	-11.8208	 +1.9990	 -0.8574	 +2.6872	 -0.6558
 -5.1647	 -6.9445	 +6.2906	 -1.5241	 +4.5530	 -1.6124
 -6.3160	 -4.9767	 -1.7201	 +2.5764	 +0.3471	 +0.4128
+18.5469	 -5.3485	 +0.2666	 -1.9821	 -1.3248	 -1.5011
-293.1842	+122.7849	-245.2522	 -5.4226	 +2.3941	 -4.2527
+23.1577	-13.0404	 +6.2918	 +0.0464	 +0.1640	 +0.4844
+18.5639	+51.3081	-61.8097	 +0.7255	 +0.0445	 +1.0843
 +7.9131	 -0.4355	 -9.4083	 +3.7042	 -2.0477	 -0.3690
+139.8003	+304.7919	-19.5246	 +1.5421	 +3.3915	 +0.0521
 +8.5638	 -3.0578	+10.2241	 -3.8127	 +0.8968	 -1.4347
-14.9291	 +4.3747	 +6.3789	 +0.3162	 -0.3369	 +0.8364
-15.0900	 -3.3830	 +6.3815	 -0.5192	 -0.2766	 +4.3498
 -3.0123	 -7.1103	 -2.3044	 -4.7217	 +0.6361	 -1.0247
 -7.6269	 +6.4212	 +1.1500	 +1.1030	 +1.6068	 +3.6663
-148.3519	-1042.0878	-79.2194	 -3.3944	-24.0415	 -1.6079
 +8.2862	+16.3279	-25.3521	 -1.2741	 +1.9715	 -1.7788
+20.4074	-10.1784	-12.8238	 +0.0529	 -2.6366	 -0.3583
 +7.3848	 -3.8676	+66.3520	 -1.7089	 -0.7238	 -0.3641
-14.0106	 -1.6493	 -0.1572	 -4.4179	 +0.7720	 +0.5167
 -5.2734	 -4.5472	 -1.4789	 -3.5183	 -3.1684	 +1.0220
 -8.1392	 -7.3455	 -8.4636	 +2.4040	 +4.0505	 -1.0529
 -5.4596	-19.6238	 +0.7951	 +1.9427	 -1.2738	 +0.2809
 -8.0269	 +6.2215	 +5.3127	 -0.0876	 -1.7471	 -2.4593
 -5.3040	+13.7198	 +9.3009	 +0.5293	 +3.6285	 +1.1795
+11.5121	-12.7519	+20.8743	 +1.5434	 -1.5387	 +0.4349
 -1.9801	 -1.7116	 +0.1371	 -0.8010	 +1.0056	 -3.9545
-24.1047	 +1.2527	+16.2818	 -0.3432	 -2.3013	 -0.5209
 -8.4174	 +1.7748	 -3.9633	 +1.0975	 +2.1389	 -1.9008
-19.3107	+13.9376	+11.8618	 -0.2217	 +1.4573	 +1.0308
-20.7741	+34.3738	+14.7500	 +1.9670	 -1.6329	 -0.6691
 -5.2125	 -6.7858	 +7.5795	 +3.0362	 +1.8733	 +0.4403
+10.0549	 -7.5929	 +6.6114	 -1.0470	 +1.7792	 +3.0812
 -3.4320	-46.4766	 +3.6142	 -1.1583	 +2.0866	 -1.0293
-64.1211	+59.5646	-10.9248	 +0.3026	 -0.7975	 -0.5975
-19.9006	 -0.8118	 +9.3058	 +2.0514	 -0.2037	 -1.4599
 -3.2351	 -8.0585	-17.9129	 -0.7584	 +1.2147	 -0.5909
+85.2000	+86.6178	-60.5743	 +1.4524	 +1.7799	 -0.9753
 -7.2720	 -8.4241	+17.0611	 -1.8177	 +2.6895	 -1.4173
-54.3887	+122.6276	-31.8850	 -0.2142	 +0.5480	 -1.2993
 +6.6586	-37.3582	 +9.9699	 +0.8520	 -1.8927	 -0.9996
-24.4939	-14.6396	-68.2911	 -0.0029	 -0.2258	 -1.0734
 -6.1608	 -2.5225	 -4.2454	 -1.6047	 +0.3758	 -1.7535
-21.8671	+13.4318	-12.0699	 +0.5309	 +1.8895	 -0.5272
 -1.2460	-12.9052	 -0.3951	 +1.2012	 -1.8169	 +1.8148
-10.2655	 +7.9383	-12.8717	 -0.4029	 +2.1163	 +3.1428
-11.0825	 -0.7155	 +7.0670	 -0.6051	 +3.8236	 -1.5220
-12.4391	+13.7250	-33.1171	 -0.0362	 -0.3320	 +2.7020
+22.6568	 +0.3183	+21.9784	 +0.7696	 +0.1160	 -0.3005
 +6.8766	 +0.4345	 -8.1598	 +1.0344	 -2.0044	 -0.4302
 -5.4780	 +7.1864	 -0.9692	 -0.2901	 +1.1069	 +0.7120
-58.9526	+306.8114	-961.6978	 -0.7134	 +3.6779	-11.6116
 +2.4261	+11.9902	 +3.2344	 +0.1117	 -0.1393	 -1.8309
+53.7347	+38.5366	-36.0478	 +1.0269	 +0.7347	 +0.1481
+117.9339	+65.8680	-145.4773	 +1.4869	 +1.0217	 -1.8950
+155.6600	+11.1231	-43.7097	 +1.3657	 -0.0238	 -0.3724
 -2.9808	 +1.2470	 -7.4097	 -0.8073	 -0.7490	 +0.4625
 -0.5241	-12.1925	 -8.8300	 +0.1197	 +0.7530	 -2.5269
 -6.7754	-85.7300	+78.6111	 +1.0340	 +1.0391	 -1.0499
+20.1758	+20.1335	 -9.3203	 +0.6379	 +1.2133	 -1.5330
 +6.9169	-11.5567	 +7.0700	 +2.8364	 +3.0726	 +2.0715
-10.6768	 -0.1579	 -7.6874	 +0.8031	 +1.5300	 -2.3269
-62.3724	+33.8605	+68.9350	 -1.1085	 -0.5722	 -0.1520
+12.3683	-19.8213	 -2.9710	 +0.2419	 -2.0153	 -0.6866
 -7.7903	+16.2172	 -4.9317	 +0.2628	 -1.2354	 -1.2783
-26.6920	+17.6070	-62.7773	 -0.7701	 -2.0648	 -0.3326
 +1.8806	 -0.5772	 -9.3878	 +2.3205	 -1.3796	 +2.1524
-13.7616	 -1.2093	-13.8186	 +1.2484	 +0.2123	 +0.7780
+18.3123	-35.4372	-37.0949	 -0.5171	 +0.0793	 +1.1877
 -3.2869	 -4.0880	+16.8982	 +1.5976	 -3.7202	 -0.3645
-15.2815	-50.4704	 +4.0866	 +0.5240	 -0.8682	 -0.4442
 -9.3110	 -0.4797	-10.6891	 +3.0115	 +2.8918	 +1.9821
 -4.4527	 -4.7020	 -3.1305	 -0.4753	 -4.3020	 +2.2518
-21.2798	 +0.6019	 -9.6133	 +0.2931	 +1.1087	 +1.3370
 -2.6209	+10.8375	-16.6566	 +1.7612	 -1.3193	 -0.2887
-20.6982	-26.6534	 -0.7383	 +2.1603	 +1.9989	 +0.8773
 +3.4236	 -2.9831	 +1.7022	 +0.7926	 -3.0715	 +1.2019
 -3.4989	+17.0349	-15.7189	 +0.7845	 +1.4932	 -1.3252
-24.9875	 +2.6263	 -9.3598	 -1.9362	 -0.7003	 +0.0091
 -2.5934	 -9.4853	 +8.8711	 -3.5852	 -0.8760	 +0.1297
 -2.8900	-26.9384	+62.0868	 -0.8970	 +0.8844	 -0.9887
+16.9891	 +3.0981	 +4.2729	 +2.4387	 -2.0737	 -1.1104
 -8.3173	 -9.4338	 +5.7229	 +2.0048	 -0.9138	 +2.4820
 +6.1248	 -9.5567	-20.5460	 +1.5532	 +2.0621	 +0.3216
 +4.8258	+14.0967	+29.5701	 -0.3293	 -0.6679	 -1.3941
+12.2397	+79.2509	+82.9353	 -0.0860	 +1.1361	 +0.3484
+22.1545	-58.0253	 -3.2696	 +1.0178	 +0.7061	 -0.6442
-54.8767	-59.3899	+31.9284	 +1.6241	 -1.3789	 +1.0623
+180.4930	+156.3366	 -0.7202	 +1.6165	 +1.6111	 -0.0915
+29.9911	+14.8814	 -3.2247	 -0.7759	 +0.5920	 -1.4651
+28.0796	-10.9798	-40.3609	 -1.1336	 +1.0215	 +1.6177
+15.6208	+17.2266	-10.0131	 -0.8083	 -0.5466	 -0.4661
+14.9114	 -0.9263	 -5.2196	 -1.4030	 +1.0439	 -2.6570
 -2.5258	 -0.8563	 -3.2270	 +1.9040	 -2.0391	 -2.9297
 +6.0913	+28.8905	 -4.3335	 -0.3277	 +2.9086	 +1.3309
 -4.1457	 +4.2990	 -0.2306	 +1.2776	 -2.7135	 +0.7463
 +0.4281	 +5.3050	 +6.7717	 -0.7414	 +1.7804	 -3.5344
+24.7962	 -7.6961	 -9.6778	 +1.1135	 -1.6106	 +0.7802
+74.1670	-30.0134	 -5.0581	 +0.2789	 +0.4254	 -0.7241
-25.3324	 -5.4072	-14.9705	 +1.0683	 +0.0578	 -2.0400
-24.3833	+39.6337	 +2.3580	 +1.5422	 +1.1467	 -0.7791
-20.1219	 -2.2900	 +5.0009	 -3.2953	 +0.5146	 +3.2133
 -0.6587	 -4.1229	 +0.1485	 +0.3029	 +2.8342	 -1.3621
+18.7825	 +7.5567	 +3.6453	 +1.0736	 +0.9512	 -0.1670
 -6.6704	-14.4285	+11.9244	 +0.6092	 -0.7912	 +1.6831
-96.0700	-86.8696	+106.5540	 +0.8474	 +1.3818	 -0.3576
 +5.0160	-18.8587	 -1.8844	 +2.0200	 +1.0776	 +0.0165
+57.3117	+74.6104	-67.3544	 +0.2178	 +1.1903	 +0.1772
 +4.8417	-11.0090	-10.7819	 +1.9929	 -1.6018	 -1.4111
 -4.5901	-84.8258	+23.7836	 -0.1597	 -2.2964	 +0.2645
 -6.9836	-27.6866	 +0.4668	 -0.8718	 -1.2978	 +2.4873
+19.3381	 +2.7847	 -4.7682	 +1.5342	 -0.0197	 +1.3278
+16.9646	-15.7091	 +9.5906	 -3.2394	 +0.3344	 +0.3198
-58.2341	+52.7138	+61.6170	 -0.3273	 +1.0316	 +0.7660
-25.8116	-11.3471	-11.4668	 -0.0265	 +2.9124	 +0.2961
 +4.0653	+26.0807	-12.1211	 -2.0366	 +1.5947	 -0.4715
 +0.1854	 -5.1489	-12.3514	 -0.7341	 -3.3770	 +1.1958
-51.0987	-57.8660	 -9.8292	 -3.4293	 -4.2410	 -0.0640
-12.5784	 -0.0855	 +2.2467	 +2.0676	 -0.9166	 -2.8036
 -1.2419	-25.7878	 -7.8122	 +1.0567	 -2.5394	 -0.9752
 -9.3376	+11.9369	-32.0326	 +0.9533	 -0.7892	 +1.4087
-54.6207	 +1.0499	+28.9505	 -1.2618	 -0.1724	 +0.5341
 -9.4199	+25.1385	-34.6743	 -0.2009	 -0.8511	 +1.1067
-20.4419	 -5.0132	-16.7515	 -1.6240	 -1.9590	 +1.0906
 +3.1710	-23.1544	+36.0520	 -0.5405	 -1.3805	 -1.3541
 -7.1021	-21.6760	-14.1189	 -1.8007	 -1.8253	 -0.8474
-24.4501	-81.6598	-63.6752	 -0.6057	 -0.5844	 -0.0646
-18.3246	 +6.4169	 +0.6715	 +1.5445	 -0.5506	 +1.3721
 -4.4977	 +9.3747	 -1.7198	 -0.6820	 -1.8404	 -0.4211
 +2.5632	 -0.9831	 +1.3813	 -0.3600	 +1.1098	 -0.0247
 -2.7573	 -8.0102	-25.3526	 +0.2826	 -1.9203	 +0.9624
-11.5046	 +1.4240	 +1.1092	 +4.0773	 -4.6174	 +1.5001
+16.5172	-36.4621	-10.2050	 +1.1987	 +1.3847	 +0.4002
-11.2460	-19.9920	+13.9628	 +0.4846	 -0.1610	 -1.3546
+15.5847	-20.5646	+14.6967	 +1.1783	 -1.0861	 -0.6293
+48.1651	 -8.3576	 -6.4278	 -0.2113	 -0.0372	 -0.1385
 -4.5586	+15.2234	+16.0956	 -1.5980	 +0.1501	 -0.1415
-17.4379	-11.7883	 +8.6382	 +3.3374	 -0.8460	 +0.1361
 -8.7551	 -9.8663	+11.2310	 +0.0243	 +2.5629	 -1.5349
-389.2223	+426.4172	+708.9110	 -5.9716	 +6.4807	+10.8914
-159.1120	-216.6063	+34.4089	 -2.0353	 -2.6596	 +0.7381
-10.1142	 -2.2137	 -3.3153	 -2.9414	 +1.3103	 +1.5451
 +6.3965	+30.7360	-17.1938	 -1.8393	 -0.3529	 +0.2474
 -9.5882	+10.0810	-15.8121	 -3.8364	 +1.0359	 +1.3479
 +4.0866	+32.0656	+35.3614	 +0.5712	 +1.6818	 +1.2332
-33.2674	-82.8822	+249.9194	 -1.9339	 -4.0414	+13.3291
 +5.3957	 +1.6255	 -8.4536	 +0.2231	 +0.5846	 -4.9901
-10.2969	 -6.4676	 -3.5082	 -1.4096	 +0.3227	 -1.6783
 -5.3083	-10.3881	+17.8362	 +0.6503	 -1.1676	 +1.1495
 -0.2094	 -6.4521	+20.1581	 +0.3943	 +1.0702	 -3.0769
+14.2007	 -4.8267	 +2.1443	 -2.7536	 -1.8967	 +2.1262
 +6.7165	 +6.8736	 +0.3215	 -0.6129	 +0.8579	 +0.1828
-16.3550	+22.4503	-26.9847	 -0.6563	 +2.0436	 -1.2036
 -2.1398	-18.0577	 +6.2947	 +0.4099	 -0.2675	 +0.9627
+21.3470	-18.8441	 +8.3369	 -0.2118	 -3.3961	 +0.6858
 +2.2038	 +9.2302	+10.7816	 +0.1342	 -1.4478	 -1.8247
 +3.6835	-10.5110	 -1.0019	 +2.2367	 +0.6481	 +1.9851
 -8.2608	+18.5413	+23.9676	 -1.4346	 -1.5367	 -0.4726
 -2.1085	 +0.3609	 -5.1161	 -1.8741	 -4.3902	 +1.5558
+22.8856	-45.1940	 +2.6322	 -0.2912	 -2.5438	 +0.3401
-14.2300	 +5.0924	 +0.4879	 +0.7688	 -0.0295	 +0.6661
 +1.2550	+10.5265	-14.2099	 +1.9083	 -0.1893	 +1.2848
 +9.6189	-18.4727	+23.2404	 -0.7149	 -1.0866	 -1.2634
 +6.1502	 -7.9680	 -4.8190	 +2.8623	 +0.9629	 -1.2045
-17.7683	-48.2131	+19.5619	 +1.0557	 -0.1325	 -0.5687
 -9.2495	-14.8964	-28.6873	 -0.7937	 -0.7034	 -0.3052
 +1.5298	 +1.5542	 +6.6282	 -3.6819	 -3.7474	 +2.8957
 -9.6377	 -0.0124	+13.3571	 +1.8853	 +0.0332	 +1.8890
+110.9602	+105.0023	+227.8011	 +1.2704	 +1.5346	 +2.6616
 +5.5158	 +4.9910	+13.0259	 +1.7171	 -2.8742	 +0.1026
 +3.5634	 -0.6431	 +6.5786	 -1.7864	 -1.7424	 +0.2269
 -9.3269	 -9.1500	 -2.5224	 +3.2504	 +0.2809	 +1.4646
-18.8330	 -3.9562	 +1.9726	 -0.4772	 -2.6937	 -2.1076
-17.6996	 +5.9515	-16.1264	 +0.9901	 +0.0997	 -1.6967
-18.7219	 +1.9272	 +4.3365	 -2.9182	 +1.5578	 +3.2382
+13.5808	-14.9646	 +0.6507	 -2.1229	 +2.9962	 -0.7535
 +9.7718	-16.0305	-14.8684	 +1.4830	 -1.8330	 -0.2577
+285.1779	+42.0962	-178.5002	 +5.3716	 +0.7354	 -3.1345
