# Num Particles: 1000
# Num Cores: 8
# Total Energy: -1.107323e+04
# Iterations: 641 of 1000
# Current Time: 2018-05-05 19:40:17.944503
# Elapsed Time: 2:36:53.264757
# Avg. Step Time: 0:00:14.685280
# 
# x	y	z	vx	vy	vz
# 
 +0.1218	+10.2067	-15.6644	 +0.0253	 -0.2983	 -1.0508
-18.0949	 -8.9918	 -7.9499	 +2.1165	 -0.4547	 +1.0734
 -5.3095	 +2.8029	 +2.7024	 +0.4411	 +0.7826	 -0.9929
 -9.2317	+54.8596	-22.6769	 -1.4577	 -0.0629	 +0.6129
 -4.0759	 -4.5084	 +1.1257	 -0.8210	 -0.2141	 -0.7309
-11.1496	-11.3714	 +5.7258	 -1.2748	 +0.9210	 -2.5936
 +4.6571	 -5.9001	 -4.2849	 -3.1123	 -0.6236	 -0.0469
 -5.5078	 -0.9184	 +3.1871	 -0.5965	 +3.6953	 +1.4733
 +5.0272	-38.5984	-25.0899	 +0.5275	 -0.6659	 -0.3332
 -6.8795	+33.7782	 -2.3294	 -1.2140	 -2.3417	 +0.4338
-14.0777	-10.5977	 +0.0093	 -2.9506	 +0.7455	 +2.7148
 -1.9063	 -5.0935	 +1.8629	 -1.3151	 -2.6258	 +0.7685
 -7.9130	 -9.8696	-11.4448	 +0.1096	 +0.8551	 +2.7012
+24.1194	 -1.0855	-14.9473	 -2.7935	 +1.4930	 -0.9213
 +3.8731	 +7.7760	+10.0331	 -0.2432	 -2.1071	 +0.3592
+14.7899	-18.7028	-13.4661	 -1.5782	 -1.6205	 -1.1635
-17.9106	-13.9290	 +5.1212	 +0.6023	 -2.8178	 +2.1640
 -6.2630	 -2.5228	-36.0495	 -1.3279	 +1.1011	 -0.2511
 -4.8696	 +1.4070	 +7.9587	 -1.8376	 -0.9880	 +3.0463
-18.1269	-53.0726	+44.0168	 -2.1887	 +0.5939	 -1.7939
 -7.1092	 +0.5450	 +3.8906	 -3.2871	 +0.9243	 -0.0399
 +3.2172	 -6.7576	+10.1807	 +0.5197	 +2.7886	 -0.1763
 +3.1124	 +8.4829	 -0.3648	 -0.3720	 -1.5573	 -0.1255
 +1.3552	-17.7443	-12.5440	 -0.4562	 +0.0604	 +1.1237
 -9.1138	 +6.4764	-34.3584	 -0.3077	 -0.9543	 +1.5412
-23.9511	+41.0820	-39.9521	 +1.4295	 -1.2793	 +0.4192
-33.4862	+13.1431	 -8.5133	 +0.2957	 +0.4737	 -0.2051
 -4.3241	-11.9585	 +7.7927	 -3.3428	 +1.1399	 +0.2558
-27.9287	 +1.0871	 +3.5670	 +0.4055	 +2.8679	 +1.5139
-11.3547	+24.9781	+10.5038	 -1.5597	 +2.5022	 +1.3549
-20.3801	+11.8598	+19.7656	 -1.5193	 -0.7964	 -0.6911
+19.2902	+44.5023	+41.2264	 +1.6856	 -1.1048	 -0.8468
+27.9112	 +5.6183	-11.3552	 +1.9857	 -0.4660	 -1.7329
 -1.6799	+41.1800	 +1.1926	 -0.6856	 -1.3546	 +1.1760
 +6.0649	-37.5723	+30.0021	 +0.7723	 -2.4277	 +1.2652
+146.2910	+614.9531	+35.5677	 +6.1558	+25.7690	 +1.8928
+11.3127	-13.7737	-11.7324	 -0.5170	 -3.2700	 -0.3179
 +5.0992	 +1.5791	 +6.3604	 +0.4958	 -0.8219	 -0.7998
+94.9238	+13.7324	+199.7790	 +2.1192	 +0.7047	 +5.2788
+17.2970	 -2.3739	 -1.1926	 -0.5253	 +0.7668	 -1.4030
 -0.5482	 -5.7767	 +4.0549	 -0.8753	 -2.5320	 -5.0311
-26.7742	+13.3645	-16.3970	 -2.0970	 +0.7387	 -0.8428
 -3.4694	 -2.7037	 -9.0561	 +0.9777	 +2.8367	 -1.9943
 +0.6667	-15.1782	 -3.1874	 +3.2767	 +0.6967	 -0.6000
 -3.9941	-23.0113	 +4.7127	 -2.4693	 +1.6645	 -1.5116
 -0.1447	-17.9868	 +8.9108	 -2.0651	 +0.4253	 -0.0213
 +6.9125	 -1.4997	 +9.0721	 -0.4673	 -4.0000	 -0.6365
 +3.9586	 -7.5959	-10.9892	 -3.5033	 -0.5273	 -4.2610
 -7.6132	 -1.6278	 -5.4468	 +1.6463	 -0.0207	 +2.3358
 -4.7854	+13.0298	 +7.2245	 +0.4379	 +0.4132	 -0.4720
-27.0099	+68.2491	-49.3975	 -0.9035	 +0.1888	 -1.2360
+46.2674	 -5.2102	+78.1014	 -0.2848	 -0.3837	 -0.1061
+24.0918	-12.5482	+17.2726	 +0.4803	 +1.6432	 +3.1554
 -4.9472	+21.0058	 +6.7420	 +2.4625	 -0.1097	 +1.6773
+13.2385	+87.6222	+41.5893	 -0.1234	 +0.4016	 -1.2403
-29.4336	+27.4178	 +2.3515	 +0.9036	 -0.2273	 +0.1268
+24.5023	+16.2317	-31.0189	 -0.8181	 -0.0838	 +0.0428
 +3.7356	 -4.2461	 +1.2836	 +1.8047	 -0.8967	 +2.7470
 -4.8973	 +5.3236	 -0.4837	 -1.4108	 -0.2586	 -4.9278
-37.6680	+12.2197	 +1.7980	 -1.1605	 +2.4420	 -0.7023
 +9.8494	 -4.5200	-18.4552	 +3.6631	 -0.7963	 +0.5307
 -1.9030	+13.3521	 -3.6138	 +1.8213	 +0.1233	 +4.3836
 -5.2508	 +9.7794	 +0.7429	 -1.6218	 -0.1669	 +1.2425
-12.6769	 -8.1685	-21.0086	 +0.1197	 -2.8216	 -0.4861
 -7.8664	-25.1023	 -7.1195	 +0.6603	 -2.9543	 +1.1285
 -3.2822	 -3.1782	 +9.3491	 +2.6911	 +2.3029	 -3.4839
 -6.9616	-10.8516	+10.3309	 +2.1292	 +2.4791	 +0.1502
 +6.1229	 +8.1559	+46.9187	 -1.0292	 -0.9940	 +0.6187
 -0.5741	 -8.1023	 -0.2023	 +4.2183	 -1.7305	 +3.4642
-541.9157	+444.1074	+756.9400	-10.5301	 +8.7100	+15.1278
+19.1126	-12.1003	 +2.2082	 +0.5317	 -1.0021	 -0.0870
 +5.8290	 -6.0321	+15.7877	 -0.2150	 +1.5955	 -1.2325
 -3.3389	 +4.3938	 -2.4003	 +2.5278	 -2.2934	 -1.6550
+97.0750	 +7.6019	-120.9266	 +1.4634	 -0.1907	 +0.2498
+21.7722	 -2.5184	 +0.3800	 +4.0174	 +0.0947	 +1.0146
+22.9682	 -4.4980	+18.3100	 +1.5543	 +2.3924	 -0.9673
-10.1199	+27.1516	-17.5136	 -0.0857	 +2.1435	 -1.4147
-15.0476	 -9.6494	-13.3619	 +0.6069	 +0.8474	 -3.4267
-79.5162	+179.6184	-135.5425	 -1.2247	 +3.2918	 -1.9848
-15.2770	+18.1313	 +4.8971	 -3.4737	 +0.2510	 +0.0932
 +0.1151	+10.6767	 +2.6471	 -1.3105	 -1.1592	 +0.1734
 -5.9741	 -0.3803	 +2.9975	 +3.6754	 +0.0984	 -1.3344
 +4.0542	 -2.4000	 -7.6308	 +3.2161	 -2.0897	 -1.9363
 -1.8487	+30.2137	-17.9011	 -0.5140	 +2.8275	 +1.1276
-19.6507	+18.3645	+25.1541	 -1.6678	 +0.8178	 +0.9756
+28.3520	 +5.0956	 +3.0986	 +0.1836	 +0.5698	 +1.2074
 +3.5594	 -8.2268	+15.1285	 -1.5941	 -0.8028	 +0.3312
-47.0741	+38.1431	-43.4954	 -1.5400	 +0.9174	 -1.6787
 -9.4399	+21.5927	 -4.7613	 -1.6760	 -0.9463	 +1.8026
 +8.3939	-41.3294	+10.8590	 -2.3956	 +0.8123	 -1.1319
 -4.8339	 +6.8081	 +2.9363	 +2.5842	 +0.2391	 +3.1278
-12.2339	 -3.7505	 -7.5891	 -0.2925	 -0.3521	 +1.5942
+35.9053	+49.4326	-13.1823	 -0.0357	 +0.2132	 -0.7901
-28.3650	 -4.1817	 +8.0770	 +0.8284	 +0.0539	 -0.9817
+15.3225	 +2.4789	-12.5555	 -1.3886	 -1.1601	 +0.6730
 -9.4278	 -1.2868	 +6.2091	 +1.8122	 -1.0900	 +1.6857
 -4.0198	-26.8152	+26.5353	 +0.9693	 -2.9469	 -0.2458
 +2.5203	-12.7684	+18.1215	 -2.3214	 +0.1062	 -1.0112
 +0.6733	-17.1016	 -7.7916	 +2.8169	 -2.4442	 +0.6514
+25.4691	+12.6512	 +9.4585	 +0.0762	 -0.0615	 +2.4728
 +3.2425	 -5.0784	 -3.1425	 -3.8015	 -5.9820	 +0.9601
 -2.6040	-26.0153	-19.9709	 +1.0255	 -1.2708	 -0.4966
 -0.1389	 -0.4048	 +8.2700	 -2.4358	 -0.9331	 +0.3899
 -7.8586	 -8.6895	+10.4165	 -0.7431	 -1.8742	 -1.2997
+402.2196	+100.9326	-204.7849	 +6.1831	 +1.5776	 -3.0545
 +0.5774	 +3.1951	 +6.7665	 -1.7188	 -1.4278	 -0.3390
-25.6987	 -9.3247	+13.1782	 +3.4532	 -1.5258	 +0.6505
-11.0031	+16.8052	 -5.8487	 +1.7599	 -0.7303	 -0.3361
-17.9384	 +7.1295	-21.2870	 -2.3238	 -1.4364	 -0.7876
+12.0405	 -8.7380	 -4.6678	 +3.0680	 -1.7469	 +0.9629
+10.3127	-21.6120	+22.0809	 -2.0237	 -0.1197	 -1.0537
+455.4513	+429.4719	-206.6594	 -0.3248	 +0.6333	 +0.3360
-140.3153	+166.4721	+219.4008	 +0.0548	 +0.9771	 +0.1883
 -5.0588	 +1.9546	 +7.2777	 +2.3980	 -0.3956	 +1.4795
-11.7958	-14.9491	+18.7815	 -1.8778	 -0.8157	 -1.5753
 -4.0803	-16.4950	 +0.7860	 +1.5662	 -0.0145	 +2.6810
-10.8256	+13.7311	 -8.6678	 +1.4287	 +1.4168	 +0.8149
 +9.0792	 +3.3866	+89.7591	 -0.6079	 -0.1290	 +1.0864
-109.0018	+98.8197	-130.8192	 -5.9172	 +5.9861	 -8.0350
-47.7545	+44.7577	-25.5398	 -0.5245	 +0.8071	 -1.2090
-25.1251	+19.4653	 -0.5965	 -0.3064	 +0.5148	 -1.4810
 -1.9917	 -9.8988	 -7.4097	 -2.5763	 +0.7032	 -0.8502
-25.3038	 -3.1472	 +0.8357	 +0.8926	 -0.8737	 +2.4322
 +1.4640	-13.1546	-15.2978	 +0.7114	 -0.2650	 +0.3260
 +3.1419	+17.4295	 -5.7286	 -0.4921	 +0.7523	 -0.7748
 -7.3648	+17.4954	 +8.2337	 +1.0811	 -0.9138	 -1.6814
+15.5640	 -5.3645	 -0.6427	 +1.4925	 -0.5946	 +2.8179
+34.5780	 -9.9675	+12.1457	 +2.9683	 -0.9012	 +1.2096
 -5.7264	 -3.0055	 -0.2408	 +0.8953	 -1.1577	 -0.9070
+10.7193	 -4.2609	 -6.9524	 +0.5153	 -1.0282	 -2.3776
+16.0436	-42.9074	-220.6454	 +0.0064	 -1.1587	 -0.5783
+22.4576	 -7.9029	-44.4309	 -0.6516	 +1.1610	 -0.2346
-14.5339	-15.0804	 -4.2766	 +0.6215	 +1.0353	 -1.1597
-12.1623	-14.7608	 +0.5854	 -0.8006	 -0.0392	 -0.3155
 +7.7074	 +7.7238	 +0.3304	 -0.0035	 +2.0505	 -0.6807
-26.0124	 -7.3589	 -1.9609	 -3.4181	 -1.7919	 +1.0614
-19.0991	-26.2270	 -3.2797	 +1.5778	 -1.2543	 -1.2592
 -3.8414	-12.6934	 +6.6452	 -4.6216	 -0.6423	 -2.4121
 -5.9342	-10.5648	+14.0769	 +0.4742	 -2.9055	 -0.5767
-105.0829	+98.8100	+52.2667	 -0.8575	 +0.9576	 +0.3845
 -1.8563	 +5.0175	 -7.1905	 -1.6866	 -0.2798	 -1.8471
-30.0523	+11.1729	-14.3167	 +1.4691	 +1.3978	 -1.8825
+578.5106	-190.8584	-152.3933	+13.5849	 -4.3452	 -3.3410
-11.7831	-55.9694	+41.1235	 -1.6499	 -1.0221	 -0.8025
-23.6572	+27.8424	 +1.2078	 +1.6434	 +3.0664	 +1.3350
 -3.4824	 -3.7827	 -7.9099	 +2.7267	 -0.0087	 -2.7136
-49.7320	+38.4662	+34.7051	 +1.0188	 +1.6283	 -1.4813
 -4.8806	-18.0765	+11.0415	 +2.2912	 +1.5242	 -0.5060
-16.6480	 +1.5674	+27.0906	 +2.2100	 +1.1963	 -0.3642
 +1.9529	+28.4579	 +5.0198	 -0.3959	 +1.7779	 +0.4541
 -5.7166	-18.3530	 +2.5544	 +1.3263	 -0.2641	 +1.0246
 +3.0760	 +1.9104	 -3.9381	 -1.9198	 +0.5538	 +0.8772
+10.9876	-10.3055	 -2.7436	 -0.5286	 -0.4716	 +0.2802
 +4.5281	 -6.7035	 +0.9853	 +0.0170	 +1.5945	 +5.0586
 -0.5057	-15.9525	 +9.1745	 +0.6350	 -0.0286	 +1.1577
 -8.6467	 +2.4296	 -1.0363	 +2.2116	 +1.0956	 +4.4527
 +4.7290	 +5.9134	-17.2023	 +2.8263	 -0.6662	 -0.5413
-19.7142	 +6.0443	+18.9041	 -2.1940	 +0.4243	 -2.5940
 -6.3044	 +2.9097	 -0.9728	 -2.2207	 +1.5035	 +0.9380
 -0.9310	 +1.2352	 +2.0914	 +3.0597	 -0.8262	 -0.1593
 +3.9460	 +2.6903	+59.8450	 +0.7453	 -0.8717	 +1.4421
-24.7986	-28.1628	+19.7889	 -0.0262	 -0.8459	 -0.0318
 +2.8853	 -3.3067	 +2.0894	 -2.6717	 +2.6362	 -2.1348
 +7.5378	-16.3714	 -1.2124	 +4.0494	 -0.7573	 -1.0665
+12.1590	 +9.1504	 +6.9129	 -0.7176	 +1.3993	 -2.0971
 +0.6039	 -4.1627	 +8.3526	 -2.2127	 -2.1619	 +1.7726
 -5.0026	+11.4496	 -8.9550	 +1.3990	 +0.0278	 +0.4868
 -3.2756	 +6.9359	-12.3423	 -3.5991	 -0.4562	 -2.5861
+10.8933	 -1.2049	-13.9656	 -2.0702	 +2.0661	 -1.3345
 -9.5206	 +3.6809	-14.6718	 +0.2430	 -0.2417	 -1.5364
-20.4422	+13.1029	-12.7374	 -0.4384	 +0.4621	 -2.0491
 -8.6286	 -1.8835	 +0.5963	 -1.2380	 -1.1368	 +0.9024
 -7.2373	 +3.7682	+11.7924	 +0.4518	 +4.2055	 -1.2293
 +4.8312	-15.5942	 +6.9112	 +0.8942	 -4.7433	 +1.7656
 +0.8876	 +3.5226	 +4.2905	 +0.4117	 -4.8082	 -1.4919
 +9.4847	-81.7192	+36.4451	 +1.5836	 -1.1472	 +0.3265
+22.0588	 +1.5410	+10.3811	 +1.2337	 -2.4049	 +1.9487
+33.2125	-35.1827	+20.9460	 +0.5072	 +0.3414	 +0.4351
 -7.9716	 -1.3381	 -6.2232	 +0.9778	 -0.7299	 -0.0550
-11.6752	 -3.9213	 +4.0172	 -0.2562	 -1.5282	 -2.7793
-515.9698	+82.8100	+208.3963	 -9.7232	 +1.5561	 +3.8147
+13.6399	-44.1001	 +6.9956	 +2.3733	 -5.1647	 +1.1295
-11.7175	-19.6528	 -4.9517	 -1.2051	 -0.9764	 -3.4180
-23.4515	 +1.3794	 -2.7280	 -3.0077	 -0.6882	 +1.8565
 -9.5415	-22.4212	+21.2337	 +2.0846	 +0.1147	 +0.4669
 -5.0398	 +1.2572	 +0.1675	 +1.0006	 +1.2798	 +2.6829
 -9.5063	 -2.7133	-12.0075	 +2.1758	 +0.9561	 +1.9118
 +0.4761	 +5.6134	 -2.7227	 +0.5118	 +1.6950	 +0.0187
 -4.5597	 +9.9740	-10.9865	 +1.5831	 +2.7782	 -1.9357
 -0.9073	-11.2205	 -2.9076	 -1.1452	 +2.0179	 +0.0892
 -5.0362	-12.5094	 +0.2206	 -1.0693	 -5.0092	 +0.1916
 -9.6938	 +1.6615	 +5.5772	 -0.2227	 -0.0931	 -1.9341
+23.4702	+36.7723	 -6.4760	 -0.9811	 -0.0481	 -1.7256
 +3.8030	 +6.7751	 -0.2118	 -1.1988	 +2.7572	 -0.2096
-10.4292	 +3.2484	 -9.8805	 -1.3343	 +2.7471	 -0.7731
 +7.2732	 -3.9265	 -1.9295	 -0.2212	 +0.4252	 -0.3479
 +1.2266	 -1.7573	 -0.9985	 +0.9472	 -6.4986	 +1.0548
-23.6709	+23.2667	+17.3783	 +1.9979	 +3.3250	 -1.0449
 -4.8058	-14.1079	 -3.6542	 -1.5324	 +0.4830	 -2.8513
+11.4093	+20.0114	 -2.6196	 +1.2918	 +0.5561	 +2.0521
 -4.1868	-27.1749	-32.8937	 -1.5060	 -1.0797	 +2.0787
 -4.6937	+23.6180	-19.8242	 -2.5391	 +0.7743	 -1.1054
+18.8999	+40.3475	-35.2218	 -1.1985	 -0.1838	 +1.5056
 -4.7247	-18.4106	-13.6507	 -0.0136	 -0.5533	 -2.1709
+17.0847	 -9.4116	+12.8041	 +1.9387	 -0.6387	 +0.0795
 -6.1068	 -0.2990	 -1.3380	 +1.7724	 -1.2341	 +1.4737
 -3.7063	-15.0704	 -0.0979	 +0.8047	 -1.8739	 +0.4178
-22.7075	+24.5252	 -6.6132	 -2.3531	 -0.3305	 +2.1948
 +0.2694	-47.4646	+25.9776	 +2.3462	 -1.0368	 -1.2542
 +6.7651	+47.0674	 -1.6922	 +0.6847	 -0.0528	 +0.4484
 +3.7234	 +6.9310	 +2.0530	 +2.9516	 -0.6739	 -0.7268
 +2.0039	 +0.6993	 +7.3984	 +0.8174	 -3.7036	 -0.8311
 +7.7075	 -3.8191	 -1.4751	 -0.5510	 +1.9556	 -0.6114
 -4.4692	 -2.2121	+37.8297	 +0.9650	 -0.4436	 +0.4188
+18.5792	 -9.5383	+19.8513	 +2.1004	 -1.2562	 +0.3451
+81.8765	+10.7339	+10.9004	 -1.7490	 -0.0330	 +0.8787
+11.9703	 -0.1750	-31.9278	 -1.5928	 -2.1120	 -0.9477
-13.9673	 +6.0358	+12.9970	 +0.0922	 +0.8276	 -0.1133
 -0.2943	 +3.4379	 -7.7296	 +2.8596	 +2.2791	 -1.0817
 +2.7714	 -6.4083	 -0.3523	 -0.7651	 -4.3032	 -2.6848
-20.1122	+47.4620	+44.3983	 +0.5023	 -0.6859	 -0.2323
-14.5343	-23.9112	 +7.7648	 -0.7983	 -1.1062	 -1.3864
-124.0711	-91.8817	-123.3264	 -2.2009	 -1.3758	 -2.3666
+17.7819	-14.4427	+19.8789	 +4.8218	 -3.4417	 +1.9531
 +5.0347	-11.1156	 +9.7745	 +2.2114	 -1.9185	 +0.2395
 +4.9459	 -2.7928	 -3.5110	 +1.0214	 -1.3976	 +0.3740
 -6.3179	 -6.5179	+14.0844	 -2.2130	 -0.3476	 +0.3330
-33.0469	-135.2806	+130.6158	 -0.2680	 -1.2732	 +1.8031
 -9.5799	 -9.1439	-11.0939	 -0.9088	 +1.2758	 +0.2237
-11.3229	 -1.5511	 -0.2490	 +0.6459	 -0.7484	 -2.9190
 +7.5321	+11.9483	+19.2793	 -0.3683	 +0.6678	 -0.1979
+263.6658	-345.2846	-214.3727	 +5.5712	 -7.3701	 -4.4520
+12.6592	 -2.7455	 +0.4787	 +0.8269	 -0.0784	 +1.8009
-29.6332	 -6.9742	 -1.7568	 +0.2532	 +0.7402	 -0.1099
 -4.9614	-10.9227	 -7.9195	 -2.0568	 +0.2212	 +0.6000
 -9.4674	+16.6141	-11.4330	 +0.4509	 +1.4966	 -1.2921
 +1.0642	-23.1735	+29.2909	 +0.0610	 -1.3666	 -0.1351
+10.6212	-11.2845	-12.0189	 +0.6336	 +1.9870	 -3.9256
 +0.1499	 -1.0320	 -7.4124	 +2.6417	 +0.0642	 -1.4809
 -0.4463	 +2.7661	 -7.5133	 +1.4263	 -2.3847	 -3.4452
+15.6531	+14.9085	 -4.7272	 -0.1508	 +4.5340	 -0.7270
 +8.4911	 -8.1010	 +1.7673	 +1.8840	 -0.7813	 -2.3127
-27.2775	+50.7199	-14.5130	 -2.0158	 +2.6838	 -1.9815
 -8.0448	 +1.8240	 +3.5657	 +2.8249	 -2.5724	 -0.8372
-31.0893	+18.4343	-12.9556	 -4.3182	 +2.9115	 -3.8730
 -3.9335	 -4.4614	 -7.2547	 -0.9795	 +0.9500	 -3.2789
+20.7642	-54.1486	-17.9114	 -0.8814	 +0.4261	 +0.9243
-13.1211	 -5.2503	 -4.1107	 -2.6527	 -0.0341	 -0.6164
+10.6730	-10.1799	 +8.6214	 -0.4614	 -2.2396	 -0.0876
+33.7067	+112.8137	-39.0861	 +0.0149	 +1.1312	 -0.6903
+20.4728	-20.1316	 -6.3521	 -1.2895	 -2.2982	 -0.6108
 +9.1188	-71.2162	+13.1262	 +0.7743	 +0.2847	 +0.2780
 -5.3271	 +6.3947	 +7.9815	 -2.8085	 +0.6146	 +1.2828
 +8.9472	-10.1780	 -4.4637	 +2.0001	 +1.5195	 +1.1580
+1884.9093	-45.4375	+794.3249	 +0.2150	 -0.2336	 +0.0635
 +2.5851	 -4.2949	 -4.0880	 -0.8133	 +0.4539	 +0.8670
-10.0614	 -1.3450	 +6.6868	 +0.6394	 -2.6492	 -1.5306
 +6.8281	-16.6043	 -7.7162	 +1.2321	 +1.7173	 -0.0936
 -6.6545	-15.8488	+27.8137	 -0.7972	 +1.1889	 -1.6713
 +3.3839	 +1.5389	-17.2596	 -0.5322	 -2.8386	 +0.6772
-76.4866	-95.1869	-50.7672	 +0.1414	 -0.2043	 +0.6940
 -1.3253	+44.0880	 +2.0583	 -0.4960	 +0.0327	 +1.0944
+11.3269	-60.6693	 -6.5177	 +0.7325	 +1.1158	 +1.1523
+18.5801	+24.6461	 +8.5752	 -0.0383	 +1.7710	 -0.6660
 -1.0363	 -4.0212	 -2.1148	 -0.5286	 -0.7016	 -1.3804
 -2.5754	-39.5741	 +7.4758	 -2.0381	 -0.9022	 +0.3237
-12.0896	+16.3859	-13.9658	 +0.4549	 -0.5272	 +0.8727
 -6.4623	-16.7314	 -9.0588	 -0.2458	 -0.2226	 -0.1827
 +9.8804	+19.4779	 +6.7326	 +1.0883	 -1.7823	 +1.7553
+81.1517	+168.5134	+32.0801	 +1.0588	 +2.5795	 +0.2585
+15.8222	+10.1685	+45.6434	 -0.2637	 -0.6385	 +0.9792
 -5.1979	 -4.5317	 -1.1493	 +3.2836	 -2.2498	 +0.2449
 +7.1128	 -0.0148	 -0.9888	 +1.6241	 +3.3159	 +2.7332
 -8.4316	 -2.7934	-13.7387	 -2.1883	 +0.8381	 +1.4684
-24.5137	-45.6439	 -4.8927	 +0.3272	 -1.0369	 +0.4918
-17.7148	+16.4554	 -4.4640	 -0.3742	 +0.1301	 +0.8037
+520.1902	-205.4568	-583.1570	+10.4279	 -4.1140	-11.3086
 +7.5459	 +9.1106	 +1.3519	 +1.1620	 +3.4253	 +2.1609
 -3.0714	+25.1844	-36.9276	 +0.1522	 -1.4969	 -1.2293
-10.1259	+13.8126	+16.7212	 -0.4847	 +2.5551	 +1.9539
+10.9418	 -5.9036	 +4.1239	 -0.4769	 +0.9014	 -2.4227
 -4.7044	 -1.4903	 +0.6312	 +2.0196	 -1.0047	 -1.2241
 -3.4882	+16.0070	 -0.0217	 -0.6214	 +1.8160	 +1.2453
+63.5585	-63.3741	-70.7294	 +1.8668	 -1.5192	 -2.0650
 -6.2165	 +0.3744	 +5.0510	 -2.8780	 +0.1571	 +0.5220
 +2.6114	+14.3419	 +4.6433	 +0.4154	 -1.1007	 -1.8159
+23.1028	-16.7114	 -2.9489	 -0.1250	 +1.2585	 -2.2340
+14.1621	 +7.0167	-18.2789	 +3.1049	 +0.8692	 +1.5916
 +3.6369	-10.6363	 -6.6436	 -0.4958	 -2.8962	 -1.2552
-66.6541	-88.7277	+96.5179	 +1.4322	 -0.4667	 +0.0348
+13.9245	+12.9580	 -0.0287	 +1.4525	 +0.8323	 +0.5392
+10.7987	-10.4479	 -3.0450	 -0.4663	 -1.8902	 -1.9828
-38.5888	 +3.5834	-29.4027	 +0.1537	 -0.3342	 +0.9944
 -9.9026	-17.6769	+22.4376	 -0.7566	 +1.4435	 -1.5294
 -6.3077	-10.8338	-42.4363	 -1.0379	 +0.3391	 -0.9625
+359.8282	-15.1098	+132.7525	 +6.6898	 -0.0870	 +2.6310
+22.8601	 -5.8073	 +8.1617	 -0.4646	 +0.1412	 +0.2392
-74.0603	-104.6626	+80.1484	 +0.8999	 +0.3240	 -0.6016
-37.7162	-39.5473	+21.7081	 -0.9901	 +1.4013	 +1.4939
-24.8625	-35.8179	 +2.0370	 -0.5494	 +1.1680	 +1.9331
-44.8772	 +8.0416	 -5.6161	 -0.0109	 +0.1282	 -2.6332
-19.8333	+30.6108	 +2.2025	 +0.9309	 +1.5144	 +0.4933
 +3.0623	 +8.3862	 +2.5103	 -0.4582	 -1.2965	 +1.3923
 -3.5494	 -0.9821	 -1.5299	 +2.4477	 -2.8183	 -1.2849
+16.2355	 -7.4360	 -5.4561	 -2.4406	 -1.2422	 +2.0518
 +5.5151	 -0.5200	 -5.3309	 -4.3788	 +0.7673	 +0.8485
 -0.3357	+15.2070	 -9.5146	 +1.9502	 +2.1316	 -0.1435
-17.3644	 +8.3783	 +8.8175	 -1.3733	 -2.3203	 +1.0290
+32.9109	+55.1078	+51.0918	 +1.3589	 +0.5064	 +1.9373
 -5.2167	 +2.7994	 -8.2411	 -2.9659	 +0.5170	 +1.2298
 -7.6162	 +9.5976	 -1.3913	 +1.6535	 +0.7695	 +0.7222
 +2.9033	 -4.0078	 +3.7709	 +0.6817	 +2.1031	 +1.5807
-11.6839	 +5.8715	 +4.7194	 -1.9211	 +2.7578	 +0.4325
 +6.0662	 -7.7785	-12.4165	 +0.7875	 +1.2486	 -2.7398
 -2.7328	-41.1751	 +0.8482	 +0.5394	 -0.3331	 -1.1533
+10.2146	+22.1448	-16.8231	 +0.9840	 +1.1018	 +0.6714
 -7.5126	+27.6841	-25.8531	 -0.2479	 -1.0360	 -1.6054
 +1.7180	 -6.9511	 +0.8805	 +2.3781	 -3.1050	 +0.1017
 -2.4320	 -7.8874	+10.7680	 -3.3378	 +0.2212	 +3.8276
 -1.1800	 -5.9856	-11.1101	 -0.7825	 +1.1351	 +0.7800
 +1.6538	 -5.6453	 -0.0359	 +0.5909	 -2.2711	 +0.8704
-35.3269	+10.6375	+12.4642	 -1.3653	 +2.5911	 +1.4610
 +9.5569	 -7.0009	-14.5109	 +1.6632	 +1.2866	 +2.0128
 +6.8465	 -4.0864	 +2.0081	 +0.3321	 -0.0569	 +0.1576
 +9.6294	 -1.1647	 -5.2945	 -0.4822	 +0.9038	 +1.0047
-22.7607	 +9.5476	 +3.4878	 -0.0905	 +1.0636	 +1.1479
-116.0239	-92.4925	+206.5761	 +0.7403	 -0.5658	 -0.1037
 +8.0731	-11.5955	 -8.4246	 -0.2121	 +0.2855	 +0.8472
 +7.9489	+10.6477	 +5.9457	 -0.5735	 -2.0089	 +0.2247
-13.8257	 +0.0623	+10.6054	 -3.3944	 +0.0758	 -0.2098
 +7.8001	 +6.8133	 -6.2024	 -1.7793	 -0.8049	 +2.8140
 +7.4467	-10.3468	-18.8469	 +0.3481	 -0.3391	 -0.4003
-37.4499	-10.4409	-23.7239	 +1.0202	 -1.4593	 +2.0023
 -5.8070	 +7.2066	 +2.3382	 -0.4755	 +1.1449	 -0.7825
+13.4094	-20.3244	+14.8372	 +1.2789	 +0.8353	 -1.7362
 -8.8121	 -7.0713	 +5.8430	 -3.4903	 -0.7749	 -3.2621
 +4.9986	 +3.6269	 -9.5367	 -0.6294	 +0.4317	 +1.5176
+28.0298	-11.3820	 -8.8809	 -0.3233	 +0.2377	 -0.0609
-10.3411	 -6.2080	-13.0136	 +2.3234	 -1.0205	 -0.0354
-10.7365	 +2.8463	 -7.3168	 +1.9026	 +1.0194	 -0.5997
 -8.6389	-27.6176	 +8.2333	 -0.1706	 -0.9191	 +1.0410
 -7.7293	-17.5366	 -9.2574	 +0.3482	 -2.8915	 +1.2000
+10.1887	 -6.0001	 +3.0895	 +0.8560	 -1.8576	 +3.6019
-25.2919	-10.0813	 -3.9181	 -0.9413	 -0.5386	 -1.5477
-52.8988	+261.6991	-64.2968	 -1.8781	 +9.6640	 -2.3926
 -2.2721	 -7.3037	 +1.3070	 +2.8246	 -2.3918	 +2.4073
 -7.3622	-10.5669	-17.1443	 -0.5609	 -0.4885	 -0.3595
-17.2732	-15.7134	-21.3957	 -1.8792	 -2.0157	 +2.7206
 -0.1833	 -7.0071	 -3.9496	 +4.0487	 -2.5882	 +1.6989
 -0.6291	 +2.8643	 -9.3958	 +3.0035	 -1.3402	 +1.6346
+19.2175	-201.4013	-111.9962	 +0.7648	 -7.3596	 -4.0795
 +6.3153	-20.0639	 +1.9438	 -1.6366	 +1.9915	 +1.6235
 -1.6421	+16.1196	+11.8666	 -2.5035	 +2.1457	 -0.1720
 -1.4183	-11.5109	+17.9428	 -0.6631	 +2.0004	 +0.6301
 +7.6979	 +4.5779	 -0.0255	 -0.8577	 -0.9414	 +0.7422
-41.2988	 +0.3461	+39.5494	 +0.0422	 +0.5213	 -0.5667
-24.0792	-53.9072	+38.2229	 +0.1380	 +0.1474	 -0.8689
-11.0118	 -1.4354	 -3.2878	 +0.4022	 -1.0476	 -0.3611
-34.5124	 +7.0505	+15.5440	 -0.7276	 -0.6819	 +0.4628
 -7.8088	 +3.5616	 -2.2140	 +1.4957	 -0.8677	 -2.9409
 +1.7534	 -5.5877	 -3.1274	 -4.1481	 -0.6180	 -1.6761
-66.5437	+40.5484	+42.3943	 -1.4882	 -0.3762	 +0.7224
 +7.6192	 +4.2430	+12.8647	 -0.9203	 +0.4301	 +2.6558
+39.1180	-15.2150	+18.3329	 +8.0870	 -3.9878	 +3.9726
-19.2132	 +6.1412	-27.4170	 -2.4624	 +0.7810	 +1.2447
-24.1174	-24.5237	 -7.6989	 -1.9253	 -0.9144	 -1.4597
 -5.0647	 +1.0563	 -1.4817	 -0.1502	 -0.6629	 +0.6471
-43.1647	-46.2398	-59.9222	 -3.2153	 -2.7389	 -4.6437
 -7.8204	-19.9188	 -9.5785	 +1.3630	 -1.3635	 +2.1089
 -9.3008	 +5.6870	 +8.7055	 +0.4449	 -1.4315	 -2.9212
 +0.0952	-14.1974	 +3.4710	 +0.5612	 +3.9621	 -0.4164
 -1.4350	+19.1106	 -1.7181	 +0.1508	 -2.0722	 -2.8316
+24.4077	 +2.6013	 -1.2801	 +1.0992	 -0.9374	 +0.2692
 -3.5572	 -4.3950	+27.8808	 +2.6850	 +1.2596	 +0.2458
-12.1709	-58.1550	+46.0112	 -1.3833	 -0.4410	 +0.3908
-15.4304	 +4.7657	 -0.7612	 +0.3093	 +1.7602	 -0.2666
 +2.2318	 -2.0450	 -9.1195	 +3.9281	 +0.9207	 -0.7493
 -8.7599	 -4.6597	 +0.8430	 +0.0377	 -3.5945	 -1.6767
 -4.3487	 -0.7204	 +5.3865	 -0.5532	 +2.8507	 -0.9391
 +5.2502	 -1.9529	-19.7224	 +1.2421	 +1.5102	 +1.4873
 +0.7211	+10.0280	 +5.1940	 -3.3828	 -3.2609	 +0.8683
 -2.3767	+10.3137	-30.6081	 -1.3358	 +2.1111	 +0.3954
-34.6682	 +7.0255	-48.6170	 +0.0483	 +0.2517	 -3.1207
 -6.4615	-15.0272	 +8.1650	 -2.2141	 -0.4856	 +2.2803
+68.9107	+40.7232	+143.4750	 +1.1693	 +0.2313	 +2.1090
 +1.8061	 -8.7251	 +1.9775	 +1.5515	 +0.4786	 -1.2970
 -4.7980	 +6.1697	 -9.8752	 -1.6355	 -0.5018	 +0.5798
 -2.2292	 -3.7988	 +3.9054	 -1.8663	 -2.0193	 -1.1832
 -0.5247	-17.1855	+11.2456	 +0.3893	 +0.6056	 -0.8917
 +2.3323	-18.5983	 -3.7631	 -0.2879	 +0.6654	 +3.1730
-13.7250	 +8.2638	 +0.7655	 +2.1534	 -1.6505	 -2.0420
-14.2486	 +2.0382	 +8.0743	 +2.4611	 +0.9416	 +0.3195
 -9.5634	-12.9787	 +4.6849	 -1.1205	 +1.7288	 -1.2515
-345.6676	-53.9434	-75.7131	 -7.0251	 -1.0490	 -1.7470
-22.6484	+18.4438	 -5.0704	 -0.7643	 +0.9235	 +1.6462
 -3.5611	 -0.0582	 -9.1377	 -2.1536	 -1.0721	 -0.2168
+39.6293	 -5.4768	-15.9375	 -1.3868	 -1.1908	 -0.4113
 +0.6310	-24.7067	+11.7720	 +0.4594	 +0.5306	 -2.2502
 -4.9563	 +0.3523	-10.3012	 -0.9741	 -1.9126	 +0.8905
+64.0189	-30.1659	-85.5370	 -0.3686	 -0.1469	 -1.2238
 +2.6987	 +4.7519	 -2.6412	 -2.2327	 -0.5869	 -1.3871
+15.1129	-16.7746	 +9.1506	 +1.5889	 -4.1971	 +0.3599
 +2.7514	 +3.6864	 +6.7377	 +2.1793	 +0.5503	 +0.0605
+10.5450	-12.7789	 -7.8527	 +1.4721	 -0.2205	 -2.1883
 +3.8330	+18.1949	 -0.0109	 -2.2420	 +2.6216	 +0.5876
-12.4066	-27.6780	 -7.0577	 +0.6014	 -2.9110	 -0.9244
 +5.3051	 +5.0129	+15.6997	 -0.4745	 -1.8928	 +0.7020
-30.9576	-19.6675	+17.7082	 -1.7426	 +0.7600	 +0.2517
-14.4570	 +7.5175	+15.2203	 +2.7522	 +1.4592	 -1.6437
-10.2086	-63.6316	 +8.8038	 -0.8339	 +0.9099	 -2.0213
 -2.0049	 +3.2736	 +0.7037	 +3.0819	 +0.3872	 -3.1255
 -6.1283	 -9.2717	 +1.3502	 +1.2973	 -0.7279	 -0.7126
 +0.3500	 -3.9851	 +2.9262	 +0.6507	 -1.3745	 -0.3695
 -0.0624	+12.0081	 +6.0557	 -1.6307	 -2.4671	 -2.8190
 -4.0749	+16.0274	-17.5001	 -1.4384	 +1.4047	 -1.4946
-18.7645	 +8.9455	-19.2431	 +0.6092	 -0.2090	 +2.3086
-15.7553	 -0.8971	 +6.4472	 +0.7817	 +3.8635	 +0.2049
 -0.9099	 -5.5447	 +1.1159	 -2.3487	 +4.3424	 -3.4872
-13.6656	+18.9935	 +4.3139	 +0.5067	 +3.9236	 -1.0961
 -2.5025	 -0.4214	-10.3167	 -1.4269	 -0.7490	 -1.1102
-58.3183	+28.9569	+93.7910	 -1.8727	 +1.4442	 +2.3405
 -7.2148	 +2.2838	-18.0182	 -1.0124	 -0.6378	 -0.3033
 -0.4595	-13.9416	 -1.9907	 +0.9351	 -0.4870	 +2.5786
 +1.6929	 +7.3035	 -5.6679	 +0.1190	 -1.9492	 +0.6147
+12.3195	 -3.3432	 -1.5738	 +1.7659	 -0.8231	 -1.3505
 -5.6255	 -9.4133	 +5.8092	 +1.4181	 +3.0662	 +0.0182
+18.6119	+21.1782	 -0.1825	 +2.4838	 +3.8606	 -0.8856
+16.6332	+35.0224	+17.9361	 -0.5222	 -2.0543	 +0.8661
 +9.4546	+24.5552	 +9.5326	 +1.0541	 +0.8688	 -0.6068
+32.7485	-43.2346	+26.6276	 +1.8658	 -3.5357	 +0.6771
 +7.3910	 -2.5617	-25.3175	 -1.3966	 -1.1632	 +1.1861
 +4.0417	 -3.3360	-11.7233	 +1.7137	 +3.7309	-16.2895
 +1.3349	+15.9310	 -5.5074	 -2.0688	 -0.5751	 +1.4988
-10.1486	 +4.5052	-12.0221	 -0.1347	 +2.2370	 +0.1385
-10.4531	-11.2971	-16.7072	 -0.4585	 +1.5892	 +2.1932
 +3.8915	+22.1365	-34.5881	 -2.0573	 -0.6998	 +0.2052
 +7.4209	 -4.5750	 -3.3677	 +1.5588	 +2.9310	 +0.0041
 -3.1190	 -0.1006	 +0.2366	 -1.6608	 +1.0058	 +0.0110
-153.9930	+220.3943	+32.7335	 -2.0325	 +2.8591	 +0.4805
 -6.5272	 +8.5745	 +2.7128	 +1.7613	 +0.7035	 -1.5124
-123.3744	+19.1817	-141.3601	 -5.5157	 +0.3946	 -6.4397
+26.3467	+32.4258	-58.1563	 +0.3821	 +0.5131	 -1.3714
-13.8252	+21.7547	 +7.1309	 -0.0069	 -2.3895	 -1.9100
 +4.9447	 -6.2475	 +0.5134	 +0.3313	 +2.9296	 +1.0179
-11.7771	 -3.0237	 -4.9224	 +1.7711	 -1.5283	 -0.7649
 +0.4837	 +2.6925	 -0.7154	 -1.3517	 -1.0861	 -0.3605
+25.1602	+33.6695	+63.1039	 -0.0920	 -0.6006	 -0.0782
 -3.0098	+65.3755	 -6.5453	 +0.1469	 -0.5619	 -0.3030
 -9.9176	-16.2636	-13.6929	 +0.0635	 +1.1338	 -2.4428
 -1.1498	 +6.3317	 -2.9664	 +1.1827	 -0.0895	 +1.5629
 +9.1862	 -5.1174	 -2.8562	 -1.2031	 +0.0482	 +3.5200
-13.1549	+17.3381	 -7.8652	 +1.5677	 -2.9527	 +0.1204
 -4.4269	+30.9267	 -0.1043	 +0.3325	 -1.9235	 -0.1791
+17.4975	-30.9499	+15.5681	 +0.1341	 -1.1334	 +2.0386
-133.5633	+106.0799	-70.4494	 -1.7651	 +1.2651	 -0.6944
-10.3558	 -7.8966	+13.5651	 +0.5204	 +1.2117	 -1.1575
+20.2941	-27.1099	-54.4632	 -0.4127	 -1.9711	 -1.1952
-10.6659	+11.4444	 +6.4690	 -1.3368	 -0.1069	 -0.2598
-49.1128	+15.4865	-109.5953	 -0.5901	 +0.6880	 -2.0085
-18.9349	 +5.5607	+16.7338	 -0.9896	 +0.0065	 +1.6125
 -9.5263	 -1.8653	+10.5782	 +0.2669	 -1.8928	 -2.2009
-97.4136	+74.8813	 +1.0738	 +0.8690	 -0.0862	 +0.3947
-21.1785	-24.1218	 -5.3830	 -0.4871	 -0.8586	 +1.1627
 +1.0732	 +0.5971	 +1.3521	 +0.4466	 +2.8807	 -2.7377
 -6.9611	 +5.4074	 +4.8031	 +2.0970	 -0.2390	 -2.7349
 +1.0370	 -1.1908	 +2.0586	 -1.5961	 -1.1193	 -3.6696
 -1.9455	+35.7852	 +9.2422	 -0.7430	 -1.1816	 -0.7746
-16.1511	+11.0058	 -5.5682	 +1.6294	 +2.7897	 -0.9342
 -6.1545	 -5.4932	-15.1485	 +1.6753	 +1.0359	 -2.5364
-16.3820	+11.8574	 -2.7587	 +0.1983	 -2.6601	 +1.4991
+11.2439	 -4.1041	+20.1526	 +2.0721	 -2.0817	 +1.9450
+19.8616	 -4.6742	 +4.5518	 +2.1210	 -1.7641	 +0.2841
+22.1988	-43.2903	-33.7869	 +1.0380	 -1.7662	 +0.0495
 -6.6448	 +2.2313	 +5.4004	 -0.4726	 -2.3175	 -0.0736
-12.2566	-19.3940	 +7.9382	 -1.0796	 -0.8684	 +0.6731
 -0.2832	 -7.9385	 +4.4601	 -3.8335	 +4.4625	 +0.0108
-11.8918	-35.0780	 +1.9025	 -0.8447	 -1.3865	 +1.9497
+27.8584	+53.2665	+21.7744	 +0.2462	 +0.1955	 +0.6102
+11.0989	 -0.1040	+21.1890	 +2.6186	 +0.3543	 -0.5705
 +4.2285	+11.1132	 -3.0951	 +0.0577	 -0.1820	 +2.5597
+18.8172	 +8.3704	-20.0647	 -3.0807	 -0.3780	 -0.3050
 +5.5243	 -8.9834	 -2.0827	 -1.5620	 -1.1069	 +0.8925
-19.6864	 -8.6951	 +0.3796	 +1.7075	 +0.8617	 -1.1422
+112.7293	-46.2772	+156.7950	 +4.7106	 -2.0882	 +6.4108
 -1.5558	-13.4365	 +9.0796	 +0.2757	 -3.0346	 -2.0225
 +5.2582	 -1.8878	-18.9375	 +0.3954	 +0.4822	 -1.9347
 -7.1009	+21.2565	 -6.5477	 +0.6414	 +2.5035	 -1.8077
-31.0816	+36.3536	+19.7209	 +2.0834	 -1.0375	 -0.6279
+11.1866	 -1.1125	-11.2248	 -0.7483	 +0.0616	 -2.3601
+23.3521	+121.6385	-21.7252	 +0.9308	 +0.3785	 -0.4605
+25.8599	+15.8159	+12.9745	 -1.2123	 -0.9603	 +0.0300
 -2.9953	 +8.8643	-13.3041	 +0.0001	 -0.7021	 -0.3073
 +2.8800	 -0.7883	 +3.3472	 +0.6440	 +1.5115	 -0.7036
-24.4578	+23.0230	-32.4248	 -2.7522	 -1.1860	 -0.2501
-43.4971	+17.6050	 +1.1876	 -2.1752	 -0.0467	 +0.0498
+25.9505	+20.4564	 +2.6960	 +1.0075	 +0.9099	 +1.2220
 -5.0293	-32.4929	-34.6856	 +1.1983	 -0.3477	 -1.5334
 -4.9240	+49.4149	 -7.0408	 +0.1030	 +0.7225	 -0.2330
 +0.7096	 -5.5425	 +4.1278	 +3.2455	 +3.6521	 +0.2202
-54.3446	+48.0182	-14.0189	 -0.7968	 +0.5620	 -0.5324
 -0.2170	 -1.0131	+11.3444	 +0.0017	 +2.3507	 +0.0976
-11.1651	 -4.6508	 +5.6999	 +0.0030	 +1.6284	 +0.1813
 -1.3663	 +2.4299	+14.7934	 +0.8634	 -0.6091	 +3.1174
 +9.4493	+13.7216	-20.0713	 +1.7086	 -0.9178	 +1.1465
-10.9916	-12.2406	-16.9634	 -1.1056	 +3.6197	 -1.2085
 +1.9194	 -3.6745	 -2.9644	 -1.0423	 +0.0027	 -3.4139
-582.0971	+139.0824	+215.3403	-13.5025	 +3.3542	 +5.2454
-30.8009	-124.2150	+48.1210	 -1.1275	 -2.8689	 +1.1228
-11.3490	-13.3051	+11.0471	 -0.6904	 -1.8535	 +0.5342
+14.1896	+27.0095	 +6.3847	 +0.7314	 +1.7167	 +1.5999
-14.0412	 -1.6859	 -5.4072	 +1.9105	 +1.1054	 -0.0253
-18.1928	 +1.1532	 -5.7969	 -1.8084	 -2.0626	 -1.3438
 +1.4171	+11.2868	 +6.7938	 -0.6039	 -2.8971	 -1.2077
 +3.7860	 -2.5769	 -1.9135	 -2.3193	 +0.4848	 +3.7312
+17.3532	+20.6462	-15.6267	 -0.4545	 +1.3556	 +0.3247
 -5.0858	-10.6065	 +2.3519	 -4.4476	 +2.1787	 -0.2705
 -5.0100	-14.9408	 +9.5842	 -2.2364	 -0.8145	 +2.5235
 -8.5497	 -8.9721	 -8.4231	 +0.1180	 -0.5732	 +1.9835
 -4.2587	 +4.9507	 +1.8199	 -3.4114	 -2.5701	 -2.5922
+18.9955	-35.5651	+15.5238	 -1.1431	 +0.7476	 +1.6773
 -7.2818	 +4.2214	-15.2453	 +0.4232	 +2.8842	 -0.0643
 -9.6864	-14.6701	 +2.5162	 -2.3669	 +3.0853	 -0.3273
 +0.6143	-23.9999	-16.0072	 +1.3963	 -0.9089	 -0.1148
-19.7837	 +3.7094	 +3.4230	 -2.3966	 +1.5814	 +0.8797
-20.5879	-10.4537	 -3.6063	 +2.7135	 +2.1165	 -0.0361
-11.0083	-16.3934	+26.9624	 -0.1324	 -3.1549	 +0.4802
 +2.5054	 +7.6177	+17.6227	 +2.0062	 +1.4905	 -1.8930
-54.1352	+30.2729	 +9.5666	 -0.1691	 -0.2388	 -1.3207
+24.6905	+25.4725	-11.1907	 -1.2272	 -1.1193	 +2.1031
 -4.5977	 -3.6273	 +0.0832	 -3.1605	 +3.1927	 -1.6967
+30.3792	 +3.6672	 -9.6113	 -0.2530	 +0.4987	 +0.0001
 -0.2685	 -8.3572	-10.0541	 +2.8394	 -0.6169	 +4.1339
-28.4837	 -2.7453	 -7.2896	 -0.4101	 -1.2287	 -0.2960
 +1.7374	 +8.2337	 -5.5629	 -1.8227	 -0.4705	 +0.1668
 -2.5172	 -3.6855	 +9.7850	 +0.2195	 +2.3263	 +2.8121
 +9.7284	 -9.2107	 +4.8743	 +1.6882	 +0.6688	 -1.0039
 +5.5345	-10.1975	 -8.8681	 -0.0058	 +2.7659	 -2.5475
 -7.8540	 -2.2264	+13.3493	 +1.6069	 +1.9481	 +0.3085
 +4.4540	-13.3780	 +4.8416	 -1.7276	 +2.8630	 +0.4564
 -9.3588	+19.4447	 -7.7827	 -0.5602	 +5.5396	 -0.6828
 -3.6821	 -5.9521	+11.1905	 +3.9235	 +2.2841	 +0.7826
 -8.0927	 +3.4034	 +4.2653	 -0.1206	 +0.1619	 +3.6478
 +1.5967	 +0.6013	 +4.5510	 -0.5047	 -1.5438	 -1.6096
 -1.7223	 -1.7948	-10.1862	 -0.7464	 +0.3992	 +1.7463
 +1.1110	 +3.9164	 +2.6781	 +2.1392	 -1.8335	 -0.0151
 -7.6716	 +5.7724	+31.9116	 -0.9822	 -0.2502	 -1.5750
+10.9775	+13.5974	 -4.2920	 -1.0387	 +0.6293	 -1.2879
+214.7641	+95.5282	 -8.2454	 +4.6468	 +2.1757	 +0.1839
 +1.6346	+14.9176	 -8.5573	 -0.5806	 -1.3277	 -1.7886
 -4.9752	-28.4241	 +7.0849	 -1.8498	 -1.7794	 +1.2370
-25.5610	-18.2478	+12.3530	 -1.5028	 +1.6242	 -1.6783
 +0.2434	 +6.5621	 -3.0123	 -4.0036	 +4.0435	 -0.3715
 +6.4929	 -4.1268	+55.4482	 -0.6936	 +0.5829	 +1.2204
 +5.8590	+48.3051	+13.3041	 +0.5849	 -0.2863	 -0.5788
-19.1731	 -0.7432	 -1.9577	 -2.9268	 +1.1556	 +1.3009
 +2.7382	 -1.5271	 +7.8738	 +1.7013	 +1.2508	 -0.7471
-19.1720	+146.1622	-76.2711	 -0.7858	 +3.7248	 -1.9266
-21.9794	+20.9538	 -4.3328	 +1.3640	 +0.7985	 +2.6360
 +8.3274	 +9.8836	 +7.3020	 -1.2596	 -3.2036	 -0.2924
 +4.1508	 +1.0555	 +2.2861	 -2.1507	 +2.7318	 +3.1945
 -5.5249	+22.8471	 -2.5261	 -1.1384	 +1.6737	 +0.3850
-11.8541	 -4.5783	 -4.6234	 -0.8210	 -0.6982	 +0.2390
+14.8219	+17.0226	 +1.1940	 +0.2257	 -0.9056	 +1.2139
 +2.6123	 +2.1641	-11.3573	 +0.0955	 -2.9417	 -2.2400
+13.1719	 -7.2442	+19.9753	 -2.5499	 -1.9467	 -0.4361
-28.5786	-42.1584	-20.8581	 -2.7209	 -0.9220	 -0.6769
+10.7491	-11.9428	 -6.7979	 -2.5628	 +0.8740	 +2.6946
 +0.6506	 +0.5203	+12.9058	 +0.5080	 +3.0951	 +0.5957
 -8.1169	+18.5480	 -0.9407	 +0.3491	 -1.3830	 -1.4306
 +2.7085	 +7.5129	 -1.5949	 +1.8291	 -2.8524	 +1.6926
+15.9019	+12.9806	-54.4136	 +0.7727	 +0.1338	 -1.3896
-18.9407	 -6.0942	 -2.6758	 -0.1982	 -0.6539	 +0.4135
+17.3817	 +1.9523	 -7.5709	 +0.2326	 -2.0724	 +1.0295
+17.2855	 -4.1733	 +0.1232	 -1.9910	 +1.3642	 -1.9913
 +7.4832	 +5.6676	+30.0385	 +0.7145	 -2.5959	 +1.3621
 +6.3283	-14.6364	 +7.4796	 +0.3822	 -1.5221	 -0.5525
+61.0192	+76.5019	+70.8786	 +0.4554	 +0.8600	 +1.1864
-20.4135	 +3.2495	 +2.0948	 +1.9231	 +0.4962	 +1.6018
 -9.0435	 -3.8421	+15.5962	 +2.9151	 +0.6268	 +2.2674
 -9.4473	 +2.3179	 +1.6868	 +2.9812	 -4.1129	 -0.6759
+22.2521	 +5.7681	-30.4222	 +0.7947	 -2.5691	 -0.8251
 +7.0582	 -3.6686	 +0.4575	 +0.5835	 +1.3230	 -1.8904
+13.3277	 -0.1826	 +7.1479	 +0.6471	 -0.1613	 -1.4901
 -1.3420	 -4.5610	 -8.6326	 -1.4577	 -2.2598	 -0.5105
+19.5193	-27.8368	 +3.8497	 -0.4313	 -0.7625	 +0.8695
 -6.8720	-10.3458	 -4.6826	 -2.1025	 -0.3144	 -2.8004
 +3.4440	 +3.2804	 -2.7286	 -1.3182	 +0.1011	 +0.6478
 -1.9754	+10.2647	 +0.9654	 -1.5567	 +1.1610	 +0.2435
 +9.9770	-10.0144	+18.3133	 +0.3630	 +2.4412	 +0.6804
 -9.9915	 -3.5809	 -7.1440	 -0.3385	 +1.1832	 +1.5947
-589.0571	-178.4630	+493.3023	 -9.3231	 -2.8020	 +7.8985
 +2.9707	 +1.9836	 +1.8838	 -1.9481	 -4.3675	 +0.5887
 -3.6163	 +2.2903	+10.4151	 -0.7930	 +1.8384	 +1.1751
-14.9318	 +7.6295	-11.4037	 -2.4258	 -0.6186	 -0.6176
 -7.2932	 -6.9319	 -8.3814	 +1.0680	 +0.8819	 +3.3925
+20.3057	 -2.4355	 -6.5144	 +3.5675	 +0.9904	 -0.6897
 +2.3630	+13.4878	 -2.3402	 +2.3036	 +2.3750	 +2.1823
-26.5443	-25.2862	+12.3522	 -0.5895	 +1.2146	 +0.3675
 +8.6812	 -3.8481	 -2.0142	 -1.0925	 -0.0172	 +0.3944
+11.2052	-27.0746	-15.5143	 +0.1515	 +0.4419	 +1.5626
-20.3921	 +1.7429	-26.3507	 +1.1531	 +0.2318	 -3.2064
 +3.1433	+18.8378	 -2.3697	 -1.8900	 -3.0504	 +1.7009
-10.7943	 -2.3735	 -2.9680	 +0.6860	 -2.8122	 -0.0994
 -1.6142	 -4.5562	 +1.3125	 +1.3592	 -1.8206	 +0.0509
 +2.7917	 -0.7648	 -1.8214	 +1.6283	 -0.9809	 +2.7991
-11.3402	-16.4397	-20.8406	 +0.4274	 +1.6076	 +0.5109
-11.5458	-22.3552	-24.8322	 -3.0519	 -0.3815	 -1.3542
 -4.4486	+20.0041	 -9.0272	 -1.0145	 -1.1224	 +0.0640
+14.7194	+43.9345	 -9.3233	 +1.6352	 +3.3342	 +0.4715
 -1.8619	 -2.9056	 +2.9006	 +1.4674	 -2.0628	 +2.0685
 -3.1823	 -4.7080	 +8.5189	 +2.1633	 +0.1465	 +4.5402
 +1.6575	-16.3009	-14.7770	 -1.2410	 -0.3815	 -0.6671
+12.7422	 -0.9974	 -5.9057	 +3.3346	 -1.2322	 +1.0306
-61.0326	 +7.8218	-55.4215	 +0.2969	 +0.0399	 -0.8050
+92.6631	-31.0182	+16.4870	 +0.4872	 +0.9086	 -0.8114
+40.7830	-15.1870	-71.1839	 -2.1522	 -1.2995	 -0.5590
+12.7208	+15.1504	 +4.9312	 +2.6672	 -3.1381	 +0.2841
-53.0827	 -2.8905	 +9.5036	 -2.1040	 +1.9378	 -0.1706
 +9.0267	-14.2474	-17.1532	 -0.6764	 -0.1241	 +0.6853
-15.5705	 +0.4619	 -0.8856	 -1.9807	 -2.9780	 +1.1454
+14.1221	 -4.9541	+28.7937	 +0.1186	 +0.2164	 -3.3674
+14.7350	+72.7634	+36.1130	 -0.4246	 -1.0227	 +1.3004
-39.4857	-17.9151	+21.9313	 +2.1274	 +0.3528	 +0.7744
+22.5732	 -4.7039	 +1.2608	 +1.3945	 +2.5456	 +1.8231
 -8.7293	 +0.7444	 -1.2469	 -2.4349	 +2.2443	 -3.5170
 +7.9539	 +3.1758	 +1.2412	 +3.6483	 -1.0282	 +0.1999
-17.5102	+15.3253	+28.3227	 +0.9097	 +0.6392	 +2.3542
 -0.5153	-17.7935	 +0.8633	 +0.3267	 +2.6190	 +0.5495
 +6.6207	 -7.8603	 -6.6209	 -3.1871	 -1.9412	 -1.6025
 -6.5416	 -5.5398	 -2.5347	 +3.3701	 -1.4511	 -0.6370
 +8.3730	+10.8882	-14.8679	 +1.7188	 +3.5776	 -0.7883
 -7.9814	 +6.2114	+11.2152	 -0.8534	 -3.4221	 +1.5854
-21.3815	-10.9962	+16.8209	 +2.7681	 -0.3804	 -0.3895
 +0.9960	 -9.0085	 +6.0842	 +1.1226	 -1.9293	 +2.2535
 -5.2218	-11.2201	-46.2815	 -0.0859	 +0.2886	 +0.6898
 -9.4802	 +9.2026	+13.9606	 -1.1821	 +1.5346	 +1.2724
 -8.0263	 +9.4990	 +3.8612	 -0.3878	 +0.8273	 +0.0170
-58.1938	 -8.8067	 +1.7698	 -2.2734	 -0.8967	 +0.0588
+36.2439	-22.7508	-97.9938	 +0.6101	 -0.5346	 -1.2206
 +9.7181	-20.9919	+19.0116	 +0.6216	 +0.0106	 +1.6820
 +0.1969	 +1.1329	 -4.2068	 -0.9737	 -3.4895	 +0.2393
 -7.5669	 +2.2130	 +6.8132	 +1.6492	 -1.9620	 -2.5793
 +4.7370	 -0.8623	 +2.0196	 -2.7003	 -3.4129	 -2.1949
+57.3558	-33.2210	-48.6551	 -0.7085	 -0.0725	 -0.5101
 +3.7147	-14.7169	 -2.7459	 +3.7699	 +0.2025	 +1.0266
-14.6662	-23.8410	-22.3366	 -1.3416	 +1.0264	 -0.3886
+17.9799	-41.6330	+54.2315	 +1.3868	 -1.1428	 +0.9935
 +6.8388	-11.7891	 +0.2483	 -0.3156	 -2.8841	 -1.7037
-19.4479	-12.7503	-32.5153	 -2.3438	 +1.6134	 -2.1898
-41.8818	+27.9504	-51.4978	 -1.5142	 +0.1314	 -0.2975
 +3.5366	 -6.7806	 +7.7394	 +0.5440	 -1.5870	 -3.6956
+24.6191	-56.1335	-66.5911	 -0.0205	 -1.2424	 -0.1698
 +0.0891	-81.8190	-29.3878	 -0.5199	 -0.1166	 +0.1453
-23.1360	 +0.4614	 -5.2660	 -5.4509	 -0.5473	 -1.2080
 +0.4499	-23.7013	 -8.6876	 +2.0028	 -2.0189	 +0.0046
 -7.8849	 +2.0976	 +6.3449	 -3.8149	 -1.7442	 -0.5200
 +8.8078	 +1.1996	 +0.1251	 -4.0143	 -0.4933	 -1.3213
 -1.5153	 -1.4722	 -8.7849	 +0.2881	 +0.0582	 -4.0190
-19.9617	 -3.6876	 -6.8215	 +1.3437	 +3.1182	 +1.8538
-15.2204	-103.1389	+99.2522	 -0.2963	 -0.7041	 -0.7530
+38.2347	-64.1687	+42.7169	 +2.0536	 -1.3757	 +0.8456
-19.3712	+19.4232	+16.2274	 -0.6502	 -2.0344	 -0.3937
 -5.9239	 +2.8638	+10.3993	 -1.9919	 -0.3901	 -1.5706
 -5.0841	 +6.9850	 +6.7076	 +1.0767	 +2.5541	 +0.9180
+23.5953	 +5.9329	-11.0342	 +0.9457	 -0.7233	 -1.6936
-10.9060	-17.2506	+30.5249	 +0.0032	 -1.8996	 -0.4280
+28.2033	-10.9715	-114.7218	 +0.7238	 -0.3453	 -0.9582
+16.2057	+18.9842	 +0.7394	 -1.5615	 +0.3687	 +2.9097
-22.3205	 -8.4417	-10.5657	 +0.7528	 -0.6391	 -1.0251
 +3.1724	 -1.7504	 +0.7862	 +4.0720	 -0.1096	 +0.6811
 +9.4971	-12.3049	+12.4422	 -1.9310	 +1.2844	 +3.0514
 +2.3585	+18.5113	 +1.5242	 -1.8398	 +2.4550	 -0.4438
+19.8297	 -0.9059	 +7.1153	 +0.5838	 -1.9586	 -1.5596
+24.4929	-11.4980	 -1.6731	 -3.2678	 +0.7947	 -0.2828
 -1.2719	-19.9915	-13.2939	 +0.9392	 -1.1538	 +3.4043
 +4.7697	-38.8698	 -1.9432	 -0.7753	 +0.3169	 +2.3840
-69.2852	+80.9793	+85.5017	 -1.5203	 +1.1756	 +2.2135
-300.9507	 +7.4623	+353.7047	 -5.8533	 +0.1969	 +7.0113
 +2.1543	+18.3140	 +1.3525	 +1.3604	 +0.8633	 +1.8350
 +4.4301	 +7.3260	 +2.4414	 +0.7335	 -2.3481	 -2.2046
 -5.2219	 +0.0919	 +1.7991	 +1.3464	 +3.1599	 +0.1981
-10.1739	 +3.7618	+15.0024	 +3.1296	 +1.2468	 +3.7924
 -4.2798	 +5.6254	 -1.8642	 +0.4989	 +2.4384	 -1.0776
 +1.0980	-11.8771	 -4.9179	 -2.6577	 -0.2235	 -0.1290
-11.5987	 -9.1385	-10.5396	 +0.4974	 +2.9393	 +1.7183
+17.0847	 -7.2202	 -8.5222	 -1.4185	 -0.9851	 +0.6582
-21.1267	 -5.7426	 -0.0194	 +2.8077	 -1.7922	 +0.5649
-11.8124	 -3.4493	 -4.4510	 +0.4570	 -1.4718	 +3.3693
 -7.5982	-17.5714	 +7.7524	 +4.0509	 -0.6352	 +0.1070
 +1.2628	 -4.0259	 +0.0739	 -0.9902	 -3.5146	 -2.3153
 -0.1500	 +7.7997	 +7.8502	 +0.1071	 +1.0446	 +4.2624
-20.5578	+18.0747	 +3.0061	 -0.9100	 -0.1550	 -2.3269
 +3.7397	+14.5371	 +9.5627	 +1.7368	 +0.3484	 +2.7334
-11.7116	 +4.6451	 -4.4120	 +1.9673	 -0.0155	 -2.0622
+14.3406	 -4.5300	-25.5444	 +1.0754	 -1.0592	 +0.0647
 +1.7328	 -6.9649	 +7.2618	 +0.3620	 -1.8394	 +3.2969
-13.1125	 +1.2229	 -5.0120	 -1.5185	 +2.4920	 -4.3032
 -4.0732	 -3.5725	 +6.4366	 -0.2851	 +1.6191	 -2.8918
-34.4604	-10.7818	 -1.0292	 -0.1763	 -1.7158	 +1.4873
+36.8223	 -6.5246	+30.0138	 +0.1311	 -1.1904	 +0.3877
+708.9793	-275.9892	-500.3214	+13.2640	 -5.1965	 -9.4779
+120.3827	-47.4722	+119.2351	 +7.7385	 -2.7530	 +6.8274
-22.5303	+22.0940	+24.4148	 -0.1094	 +0.1160	 -1.6301
 +4.6448	 -3.1569	+10.6689	 +0.1147	 +2.4191	 -0.5292
+10.4234	+11.5174	-47.6794	 +0.4817	 +2.2208	 +0.0313
+22.2785	-41.7454	-20.3907	 +0.0806	 +0.1614	 +0.2907
+12.2827	-18.3088	-28.1946	 +0.2826	 +1.1515	 +0.6571
+31.6089	+204.1014	+34.4192	 +0.5274	 +3.8667	 +0.3805
+17.7302	-41.3742	-47.1435	 -2.4321	 +1.0981	 -0.9334
 -5.0101	+21.0736	 -9.0182	 -2.0683	 +0.5094	 -2.6192
 +3.2271	 -7.5663	-11.0030	 +2.5863	 -2.1674	 -0.3051
+10.5509	+15.9302	 -4.5245	 -0.3334	 +1.1329	 -0.0160
 +3.7953	 -6.4573	 -2.1603	 +1.7853	 +2.7413	 -2.9173
 +6.1454	 +5.9084	 +4.1653	 -0.2848	 -0.5335	 +1.0911
 -2.8592	-10.3308	 -1.1059	 -2.6282	 -0.9005	 +4.0398
-12.0205	-11.0032	 -6.4490	 -0.4762	 +0.6221	 +0.0979
 -7.6060	 -5.2094	-17.4696	 -1.3283	 +0.5538	 +2.9939
+21.4427	-19.0780	 -2.6492	 -0.7996	 +0.3856	 +2.1608
 -1.9825	 -7.6091	 -9.8730	 +0.0908	 +0.5848	 -6.3071
-75.9075	-115.3775	-160.5132	 -1.1690	 -1.8289	 -2.4621
+43.6085	+11.9617	-83.6935	 +0.6100	 +0.1404	 -1.6789
-23.7434	-11.6626	+10.3699	 +1.8909	 +0.4906	 +0.8352
-12.2951	 -2.5700	+29.0702	 -1.2929	 -1.7674	 -0.3808
-12.5677	-10.2498	-17.3650	 -3.6594	 -0.2075	 -0.4984
 -2.1221	-23.2788	+35.9339	 -0.5456	 -0.8936	 +1.3073
-102.5598	+47.0548	-45.6370	 +0.1005	 -0.0893	 -0.3835
 -0.6995	 -5.8861	 +2.6017	 +2.0275	 -1.2864	 +4.1080
 -4.3362	-41.0503	-19.6607	 -0.7053	 -0.5355	 -0.3126
-33.6874	-13.3469	+15.5380	 +0.4589	 +0.1867	 +0.1226
 +6.1663	 -3.4693	 -2.9971	 +1.9004	 +2.5595	 -1.2679
 -2.8005	-12.2158	 +3.2054	 -2.1004	 +2.1435	 -0.5367
+13.1714	 -0.3960	 +3.4361	 +0.7313	 -3.4680	 +0.3822
 -0.0189	 -3.2069	 -5.8598	 -2.8642	 +1.8845	 -1.4715
-13.0650	-144.2045	+16.4531	 +1.3545	 +0.9081	 -0.2120
 -1.9626	 +3.0668	 +5.7302	 +0.5654	 -1.7704	 -0.2908
 +7.6050	 -7.2555	-15.5053	 -0.4017	 -2.5765	 -1.0003
 +1.4568	-18.5685	 +0.0479	 +0.9759	 -1.2740	 +0.3217
+12.4745	 -6.0293	-28.4886	 -1.6627	 +0.5821	 +0.2298
+12.6620	 -0.8348	-25.2266	 -1.8049	 -0.9972	 -0.4685
 +2.7588	 -5.6672	 -6.7179	 -1.7677	 -0.3446	 -0.0232
 -2.1253	-11.3767	-12.7667	 -1.4684	 +1.1274	 +0.4493
-19.6160	-11.2497	+27.2992	 +1.1824	 -3.0981	 -0.1146
 -9.9636	 +0.8862	 -6.7936	 -0.2685	 -2.9223	 -1.1294
 -1.6380	 -0.2919	 -3.1629	 +2.2460	 +2.6804	 +2.4612
 -7.6611	-11.1394	-15.7780	 +0.8706	 -2.7673	 -2.0228
+25.6100	-27.8858	-10.4225	 -0.1469	 +0.7058	 +0.2430
 +5.6314	 +3.9842	 +0.6748	 +2.3537	 +0.3614	 +0.4749
 +1.4358	 +0.7435	+11.9432	 -1.9175	 -1.2451	 -1.1590
 -3.5092	-35.5268	+16.1519	 +0.4732	 -1.7925	 -0.8220
+10.8344	-16.5999	 +4.8505	 -1.8028	 +0.1430	 +0.8639
 +7.9850	 +2.3119	-12.4245	 +3.5812	 +0.5682	 -0.8033
+43.6078	+68.8103	+41.6770	 +1.8679	 +2.4970	 +2.1912
-62.4556	+53.7862	-59.5898	 -0.4079	 +0.1063	 +0.1423
+10.1827	+17.3407	-22.0224	 -0.4190	 +3.4419	 -1.2153
-20.9474	-16.1573	 -6.4753	 -0.9529	 -1.1274	 -1.7791
 -1.1848	 -2.5732	 +8.2606	 +0.6042	 -1.6774	 +4.1395
-18.1558	 +6.1218	 +6.3204	 +0.0888	 -2.6061	 -1.0708
-39.9024	+30.7490	-13.0282	 -0.5104	 +0.4854	 -1.2509
+40.3883	+72.9118	 +1.4068	 +1.0839	 -0.6567	 +1.9072
-118.5271	+92.9930	+86.0015	 -3.7718	 +2.6237	 +2.6931
 +9.0526	 -5.6788	+13.8255	 +1.6572	 -0.2737	 +3.0422
 -5.4918	+10.4174	 +0.7521	 +0.8427	 -3.2843	 +0.2000
 -5.4018	-25.5681	-12.9317	 +0.1175	 +0.4289	 +0.1428
 +4.9513	 -5.3693	-13.1045	 +1.6116	 +0.7794	 -3.6137
 -2.7834	 +0.5463	 +5.3295	 +1.4990	 +0.6256	 +2.2546
 +7.2670	+19.5736	-30.1196	 +1.1471	 +2.9873	 -0.5691
 -2.5241	-22.2315	 -7.5773	 -1.5568	 +0.5595	 -0.7617
 -0.4088	-12.8154	-16.9566	 +0.2658	 +1.0204	 -2.0316
 +7.8869	-10.6433	+18.2568	 -0.6644	 -0.5591	 +0.4920
-13.7090	-22.6904	-23.5901	 +0.1322	 -0.3545	 +1.1132
-35.0203	-23.2910	+15.5614	 +0.4291	 -0.5036	 -3.3855
+14.4999	 -0.0757	+57.7298	 +1.1627	 +0.9831	 +0.8338
-11.1516	-10.2815	 -2.6667	 +0.8079	 -2.5239	 +3.1636
 +9.4064	 -8.1194	 +0.9931	 -0.5663	 +1.4114	 +2.8242
-30.8436	 +8.2077	+15.6012	 +1.4359	 -0.3808	 -0.0999
 +7.6829	-24.4399	-48.0054	 +1.8872	 -0.2529	 -0.9464
 +5.5770	 +1.5081	 -2.4889	 -0.2654	 +2.6198	 +0.8473
 -9.0089	-21.4960	 +7.9983	 +0.9260	 +1.2121	 -2.3809
-26.7185	-14.5854	 +5.2325	 -1.1786	 +0.3711	 -1.8633
 -2.3577	 -5.5362	 -9.6628	 +1.7575	 +0.7839	 +0.1692
-41.0190	+14.8367	-23.1958	 -0.4312	 -0.4458	 +2.1994
-13.6566	+12.0179	-22.7103	 -0.3919	 +3.0366	 -0.6309
 -3.6440	 -4.9091	+16.9936	 +0.2873	 +1.2441	 +0.4104
+11.3333	-19.7530	 -7.5109	 -0.3209	 +0.8804	 -0.0871
+36.0484	-11.4039	-15.3267	 -0.0981	 +0.2507	 -1.4006
 +4.0732	-11.1919	-14.7591	 +1.4436	 +2.2777	 -1.2326
-15.1701	 +8.0677	 -4.7984	 -2.4194	 +0.0271	 +1.1844
 +0.7967	 -5.0870	 +6.2604	 -0.0099	 -2.3153	 -3.7933
 -3.7787	 +6.5097	 -6.2814	 +4.1925	 +2.5586	 +2.5043
 +8.8576	 -9.5993	 -2.8504	 -2.2359	 +0.2069	 +1.5959
 +3.4134	-24.8154	+15.8043	 +1.7387	 -1.1708	 -3.4033
 +5.2020	 -5.4117	 +9.3695	 +0.0620	 +1.5010	 -1.6678
 +4.4236	 +1.2934	 +4.8814	 -1.5672	 +2.1699	 +0.9876
 +9.6018	-265.7742	+190.0877	 +0.1245	 -3.8094	 +2.5964
 -2.2070	-15.2723	-10.9391	 +0.4376	 +0.1633	 +3.4045
-19.5635	-22.3069	-20.0880	 +0.9887	 -1.8202	 +0.3406
 -2.4856	 +5.5368	 +6.2271	 -1.4499	 -1.4810	 +1.1859
+18.3387	 +6.0204	 +7.8658	 +2.7731	 +0.6155	 +1.1384
 +6.6122	+13.0292	-12.6125	 +1.4421	 +0.7809	 -2.3557
 +6.2532	 -4.6398	 -1.8071	 -1.0230	 +0.2513	 +2.7385
 +6.6409	-40.0454	+24.0901	 +1.8650	 -3.3462	 +3.3751
 +0.8174	 -7.2753	 +7.0854	 -1.6015	 +2.2470	 +0.7560
+10.8467	+14.0278	-25.9702	 -3.1019	 -0.8622	 -1.3933
 -5.8045	 -5.7655	 +7.6985	 -0.6010	 +2.3088	 +0.0345
-26.7736	 -6.2398	 -3.2502	 -0.0939	 +0.2365	 -0.1004
-28.7028	 +1.0335	+17.5646	 -0.0966	 -0.8536	 -0.3770
 -4.3876	 -3.0779	 -5.7083	 +2.7786	 +3.7075	 -0.7678
+22.6240	-43.7237	-17.7319	 +0.9203	 -2.0426	 -0.6856
+144.3745	+12.3027	-226.7540	 +2.8522	 +0.3088	 -4.0973
 -8.2232	 +8.8623	+16.4625	 -1.6057	 +0.7687	 -2.1890
-15.0813	 +2.3258	+12.9688	 -0.4615	 +0.0968	 +1.7314
 -2.8742	 +4.8051	 -6.9948	 -1.3692	 +2.5074	 +0.5397
-18.3977	 +3.6260	 +5.3615	 -1.1264	 +1.4109	 +3.0210
-33.4474	-17.0672	 -1.6634	 -0.9115	 +1.9845	 +0.0884
+17.3755	-16.4906	-23.5150	 +0.7848	 -1.7319	 -3.2923
-14.5203	 +1.8972	+23.9250	 +1.5472	 +1.6243	 +0.3971
 -4.7923	-10.3249	 -0.5319	 +0.2992	 +2.4667	 -0.4378
 -2.0795	 -5.0632	 +5.1684	 +1.8105	 -1.0770	 -2.1458
 -5.6361	+48.7805	+39.8429	 -0.9052	 +3.2774	 +1.7559
-43.4146	-44.8945	-54.1470	 -0.2641	 -1.3586	 -1.1779
-18.1230	-11.3320	 -3.3369	 +2.6533	 +2.9466	 -1.1498
+17.4966	+13.1166	 +0.5875	 +0.5368	 +1.5906	 -3.2352
 +2.4806	 +5.6549	 +3.5668	 +0.2929	 -2.9900	 +0.2748
 -0.6918	+16.8477	 +7.5683	 +0.5313	 -2.0041	 -1.3958
 +9.9523	-33.9127	 +3.3829	 -0.0005	 -0.9846	 +0.8826
 +8.3771	 -2.6822	 -5.2291	 +1.4418	 -0.5812	 +0.4346
-12.8353	 -1.1822	 -2.1644	 +1.3678	 +2.5130	 +2.5417
-189.6787	+77.1022	-164.0562	 -5.4813	 +2.4180	 -4.3019
-14.1702	 +3.7407	 +4.5788	 -0.6859	 +0.0176	 -0.4997
 +3.0516	+44.7237	-75.0260	 +0.8748	 +0.6295	 +0.2860
-30.3094	 -0.9659	+27.5708	 -0.2974	 +0.7867	 -1.0221
+110.1596	+239.6261	-20.4612	 +1.5813	 +3.4751	 +0.0456
+24.6037	-12.0782	 +6.5621	 +1.7730	 -0.1696	 +1.1806
 +2.0350	 -7.2258	 +1.7736	 +2.3124	 -2.3172	 -3.0200
+17.9579	 -2.7026	 -9.6267	 +0.3440	 +0.0263	 -2.4312
 +3.8446	 +3.9614	 +5.0198	 +4.0129	 +0.3020	 +1.7080
 +3.8073	-25.2234	 -4.7987	 -1.2658	 -1.1127	 -1.9849
-83.8437	-585.1971	-48.6619	 -3.3963	-24.0549	 -1.6089
-14.7152	 -3.7458	 +7.1373	 +1.7587	 -1.4428	 +1.0853
-22.2815	 +8.2968	+12.0340	 +1.8557	 +1.9668	 -0.5867
+35.8929	 +9.2497	+59.7697	 -1.1821	 -0.6237	 +1.0050
+18.1367	 +0.9063	 +6.8426	 +2.0970	 +0.3306	 -0.0412
+27.8732	+38.7000	 -5.6774	 -0.3779	 -0.7027	 -0.3010
-10.1510	-24.7087	+20.0101	 -1.2421	 -1.2717	 -0.3735
 +9.2769	+16.6287	 +0.7970	 -1.4532	 +1.6433	 +0.4198
 -1.7810	-13.0402	-11.3808	 +1.1160	 +0.7551	 +1.5525
 +4.8003	-37.9700	-30.4544	 -0.6850	 +0.7078	 +0.8792
-13.7423	 -1.3630	-29.5538	 -0.1007	 +0.6453	 +1.2958
 -0.6843	 -2.9484	 -5.2808	 +0.8918	 -1.9668	 +1.1977
 +8.4185	 -1.0612	-11.1443	 -0.7160	 +4.0921	 +1.2855
 -2.3239	 +4.4518	 +0.2684	 +0.9465	 -0.7849	 -1.9514
+21.8594	-11.4370	-10.5623	 -1.4853	 -0.8974	 -0.7670
-47.2631	+49.4378	+20.6931	 +0.8966	 -0.1603	 -0.0717
 +6.5528	 +3.6873	 +2.1838	 +0.5308	 +1.4894	 -3.2094
-13.7152	 -2.4711	-12.5083	 +0.5990	 -1.3405	 -2.5218
+16.1094	-62.6097	+20.1792	 -0.8535	 -0.1024	 -0.6390
-63.8368	+68.4107	 +0.7801	 -0.3211	 -0.1328	 -0.6187
 +5.6243	 -2.6732	 -6.4032	 -4.4017	 +0.8516	 +2.0824
 -4.7385	 +9.7698	 +9.5584	 +0.0843	 -0.1541	 +2.3900
+54.1920	+49.6093	-39.8618	 +1.8816	 +2.1745	 -1.2503
+14.6415	-16.7287	 -8.2406	 +0.8582	 -2.1802	 +2.1206
-48.7019	+108.2793	 -6.5171	 -0.3955	 +0.9876	 -1.3612
 -7.0371	+21.7316	-12.4278	 -0.3202	 -0.8821	 +1.9717
-18.3928	 -7.1693	-31.8883	 -0.8480	 -0.6121	 -3.1726
-10.8611	 -4.3498	 -8.4006	 +2.3851	 -0.3257	 +0.8366
+24.7403	-13.5970	 +8.2547	 -2.2063	 -1.0362	 +0.3480
 +1.7496	 -4.6012	 +1.6790	 -0.1883	 +3.6357	 +1.1235
 +5.6496	-22.1614	 -1.4436	 -0.3183	 -0.9720	 -3.1430
+16.0526	 -7.8922	 -7.6632	 +0.7968	 -2.8644	 +0.6687
 -5.5850	+10.8487	-57.2487	 -0.5094	 +0.4497	 +0.1304
-13.3414	 -4.9568	-16.6999	 -0.1027	 -0.3893	 +1.5567
 +0.0466	 -6.1635	 -2.2699	 -3.6869	 -1.4924	 +1.7179
 -1.8844	 +7.3863	 -1.1282	 +1.0312	 -4.6146	 +1.2061
-45.3926	+236.9022	-740.9902	 -0.7140	 +3.6812	-11.6218
 -2.5113	 -7.0835	-14.1502	 -0.3322	 -2.0634	 +0.5351
+23.8705	+17.7047	-31.1896	 +2.3298	 +1.6647	 -0.9333
+88.2845	+45.6690	-107.8072	 +1.6520	 +1.1140	 -2.0908
+126.7080	+11.3143	-35.8341	 +1.7074	 +0.0071	 -0.4630
 +0.7156	 -5.0137	 -3.3824	 -1.4168	 -2.8403	 +2.3233
 -0.7983	 +0.9125	 -9.2583	 -0.2153	 +1.9922	 +1.6394
-25.9965	-102.2658	+95.2688	 +0.9685	 +0.7289	 -0.7309
-23.6003	-15.8177	 -0.6037	 +1.3438	 -0.1902	 +1.3880
-26.7339	 -6.7249	-23.4480	 -0.1377	 -1.8356	 +0.0465
 +0.5396	 +1.7532	 -7.1772	 +3.2875	 -0.6629	 +1.0003
-37.1414	+41.7688	+65.9116	 -1.5392	 -0.2177	 +0.5114
-27.5889	+13.8114	 +1.0020	 +0.5496	 +0.4304	 +0.4063
 +3.4537	-20.4218	 -2.9418	 -0.2929	 +1.5640	 +1.9187
 -8.3568	+50.3828	-44.4470	 -1.1003	 -1.2457	 -1.5585
 +5.8535	 -5.3257	 +9.1861	 -2.8590	 +0.7693	 +0.6697
+15.3667	 -7.1333	+10.1422	 -0.5944	 +0.0736	 +0.3984
+20.1782	-25.4305	-45.8261	 +0.3461	 -1.0674	 -0.3075
 -9.8503	+16.9359	-20.6101	 -1.1317	 +1.6018	 +1.5073
 -7.6792	 -1.4457	 +5.6222	 -2.5367	 -5.0985	 +1.2093
-11.5848	-23.5407	 +2.9804	 -1.9905	 -1.1797	 -1.4856
 -3.2358	 +8.7725	 -0.7522	 +0.3266	 +4.0004	 -0.7810
+13.3164	 +0.7634	+14.4227	 -0.1514	 -1.5843	 -1.2888
 +4.5169	-13.2651	 +9.0748	 -2.2680	 +1.7860	 +1.4093
-38.6982	-39.3128	-14.0431	 -0.0015	 -0.2917	 +0.4567
 +1.1985	 -8.5159	 +4.9692	 -3.5559	 +0.4025	 -1.0760
 +7.0963	-25.4520	+10.8437	 -0.9314	 -0.1248	 +0.4320
+14.6566	-13.3741	+14.7511	 +0.7721	 +0.9885	 -0.0209
 -4.6141	 +2.1231	 -5.9122	 +3.0240	 +2.0393	 -1.9099
+13.6495	-38.6815	+68.9377	 -0.7988	 +0.3588	 +0.2081
-24.9410	-10.3548	 -6.0285	 -1.1543	 +1.5050	 +1.1164
 +6.9173	 +1.2353	 +1.8101	 +1.9094	 +2.5528	 -2.7039
-10.5058	 +0.4240	+14.9884	 -1.7448	 -2.8512	 -0.9450
 +3.8999	 +8.9934	+22.0181	 +0.5218	 +1.3518	 +2.5427
+13.1251	+53.6851	+71.7537	 +0.0053	 +1.5824	 +0.8834
 -2.4470	-52.8346	+10.1484	 +1.4226	 -1.3972	 -0.6352
-77.7065	-27.4443	 +8.5537	 +0.7082	 -1.9352	 +1.3490
+148.6387	+124.7627	 +1.0137	 +1.7465	 +1.7204	 -0.0907
 +0.0152	-11.0183	 +8.4931	 +3.0908	 +1.3646	 +2.4653
+38.9991	-27.1317	-57.6421	 -0.1192	 +0.6577	 +0.3285
-14.5253	-13.3792	 -0.3599	 +1.8320	 +2.2796	 +0.8468
-13.1775	 -5.7602	+16.8187	 +1.8176	 -0.8511	 +2.1690
 +2.8655	 -6.2129	 -6.2062	 -3.6672	 +1.3852	 +1.6997
 -6.0350	-26.1008	 +4.3938	 +0.8325	 -0.3938	 -1.5172
 +4.8757	-12.0274	 +7.2785	 -0.5751	 -1.1088	 -0.6767
 -4.6524	 +0.7855	-16.7461	 +0.9103	 -1.7179	 +0.3330
-27.5440	 -2.6462	 +9.5546	 +0.8469	 +1.7835	 -1.6059
+58.4505	-33.9092	 +8.8732	 +1.4390	 -0.0730	 -0.6968
+12.7044	 +3.3694	 +9.3702	 -2.2231	 -0.3810	 +2.1902
-31.2233	 -3.0342	+10.4905	 -1.6084	 +2.9702	 +0.2097
+45.2189	 -7.3710	 -9.5257	 -1.5064	 +0.1654	 -0.6408
 +6.2778	 +6.3720	 -2.5436	 +0.1477	 +1.2289	 -1.5506
-27.7294	-10.5005	 -7.4631	 +0.0442	 -0.8875	 +0.3655
 +0.3668	 +8.7681	 -3.3878	 +0.4909	 +1.7424	 -2.8043
-110.6894	-111.8278	+111.7857	 +0.6966	 +1.2472	 -0.2012
 -0.5446	+15.3007	 -5.6033	 -1.2589	 -0.6338	 +1.5091
+50.1608	+48.5167	-67.1585	 +0.5629	 +1.5693	 -0.2378
 -7.0435	 +4.7366	 +3.9541	 -2.2343	 +2.0985	 +2.1083
 -0.7490	-25.4639	+12.6886	 -0.2388	 -4.6370	 +1.3728
 +0.7872	+26.6019	 +4.2912	 +0.8099	 -0.7099	 -2.1674
-17.3607	 -6.3213	+13.4603	 -1.3689	 +0.1608	 -1.0497
+36.5831	 -5.2022	 -5.9346	 +1.0219	 -1.0301	 +0.8697
-46.9539	+28.6343	+41.7262	 -0.9562	 +1.5349	 +1.4176
 +6.0536	-29.0713	 +0.4633	 -2.1376	 -1.7066	 -1.1694
 -7.0295	-25.3387	 +7.7054	 +3.1112	 +0.7607	 +0.0220
 -5.0144	 +2.2212	 +4.8624	 -0.1905	 +3.6901	 +1.2830
 +1.3017	 -0.3885	+10.6703	 +0.2090	 +0.2733	 -0.6927
 +7.7003	 -3.0316	-13.9604	 -0.8686	 -0.4215	 +2.4682
 -1.1104	+27.1717	 +3.2126	 -0.4655	 +0.3570	 +0.1499
-17.5539	+14.5646	-29.1587	 -0.2641	 +0.5696	 -1.7442
 -3.2508	 +1.4904	 +1.4658	 -5.4029	 +0.9227	 +3.3830
 -2.7843	+23.8292	-33.9878	 -0.4291	 +1.0327	 -1.1975
+14.5421	 +1.1766	+15.5302	 +0.7475	 +1.9027	 -1.7722
 +8.2842	+10.0611	+29.5261	 +0.2096	 -1.5604	 +2.2498
 +0.6609	+16.6652	+26.2273	 +0.5925	 +0.0968	 -0.5974
-11.5631	-64.9719	-57.7962	 -0.7494	 -1.2121	 -0.6008
+13.5963	 -9.4093	 +9.4554	 -0.5179	 +0.2159	 -1.6325
 -3.0330	-18.5931	 -0.3665	 +0.2247	 -0.8802	 -0.3124
 -0.2512	 +6.3508	 +0.1568	 -0.8694	 +1.4075	 -1.3611
 -0.5546	 -0.1265	+17.7338	 -1.0525	 +2.7930	 -1.8583
-22.4630	+14.8131	 -6.8799	 -1.9277	 +0.9916	 -0.2405
-15.8379	-29.2413	 -7.4486	 +1.4770	 -2.6527	 -0.3956
 +6.8103	 +4.1858	-17.2501	 -1.0452	 +0.2315	 +2.1346
-16.7678	 +7.6150	-19.8469	 -0.0879	 +0.0571	 +1.5035
+24.1406	 -4.9002	 -0.4625	 +3.4864	 -0.3863	 -0.5145
-10.9078	-18.3738	-11.4768	 +1.7864	 -0.2622	 +0.0208
-19.4170	+14.7843	 -7.0468	 -2.7618	 -0.7427	 +0.5829
 +3.5762	 +4.0727	 -9.3443	 +0.9433	 -3.4448	 +0.1713
-275.7124	+303.2271	+501.8811	 -5.9775	 +6.4875	+10.9025
-119.6796	-165.0427	+20.2389	 -2.1241	 -2.7802	 +0.7544
 -9.0390	 -0.2703	 -4.6310	 +1.1411	 +0.1085	 +2.4443
+21.5545	 +8.7438	 -6.4296	 +1.0079	 +2.5727	 -1.3542
+28.9003	-20.1262	 +5.4396	 +0.5476	 +0.8911	 -1.9898
 -3.4804	-12.3414	-12.3608	 -0.2887	 +0.5073	 +1.3126
 +3.7162	 -4.1699	 -8.6817	 -1.6431	 -4.7266	+14.6001
-20.2249	-17.0568	+40.6133	 +0.8532	 +0.6705	 -0.3773
-10.0806	 -4.9597	 -3.6379	 +2.9137	 +0.7248	 -0.3386
 +2.8136	 +3.1183	-27.9439	 -0.8613	 +0.2080	 -0.2030
 -5.7334	-13.8290	+25.0062	 +0.1258	 -0.3385	 +2.1845
 +8.6282	+15.1866	-16.7180	 +2.4825	 +0.3802	 -0.6195
 -3.6786	 +0.8091	 -3.3637	 -3.4663	 -1.5313	 +0.0037
 +6.5319	-13.4172	+20.1758	 +0.0721	 -0.5715	 -0.7167
 -4.5085	+12.7161	 +1.8361	 -0.3513	 +2.1312	 -0.8738
-25.0192	+20.6678	 -9.9802	 +2.6512	 +0.7257	 +0.3400
 -3.3493	-15.8646	-13.0525	 -0.3373	 +1.0289	 +1.7367
 +9.0110	 +3.9807	 +7.5815	 -1.3856	 +1.1050	 +0.5180
+14.9551	+14.8907	 +2.9481	 +0.1313	 +2.2860	 +2.6500
 +5.7819	+15.1037	 +1.6062	 +1.2772	 +2.5582	 -1.0587
-12.5158	+17.3820	 -1.4069	 +3.2692	 -1.2531	 +0.1003
 +5.8561	-19.9628	 +0.2728	 +0.5645	 +0.0551	 -0.6435
 +7.9440	 -7.4975	+13.7568	 -1.9208	 -0.8322	 -1.1623
 -2.4625	 +7.2891	 -1.1481	 +2.1862	 +1.0321	 +4.2107
 -0.3697	 +6.9407	 -2.6282	 -3.6782	 +2.1233	 +1.4405
-25.0740	-26.0135	+18.9743	 -0.7909	 -2.1724	 +0.8947
 -4.0144	 -0.1670	+23.4252	 +0.6624	 +0.6836	 -1.3361
+26.2691	+27.4799	-39.1709	 -0.1320	 -0.3292	 +1.4586
 +8.9454	 -4.7626	-14.3961	 -1.3543	 -0.7983	 -2.5247
+86.3282	+75.3724	+176.2340	 +1.3281	 +1.5890	 +2.7777
-18.1615	 +3.7384	-11.8605	 -1.1043	 +2.4756	 +0.6316
 -8.4667	-10.7005	 +4.5704	 -1.7457	 -0.5469	 -0.3743
+12.6753	 -1.3596	 +6.3888	 -1.0888	 +0.9469	 -0.6318
 +7.3169	 -7.8058	-10.7792	 +3.1322	 +0.3643	 +0.7381
+16.9302	-10.7705	 +0.7342	 -0.5887	 +0.1335	 +2.1271
+38.4193	-16.6856	-16.3421	 -1.1158	 -0.0389	 -0.2719
+15.8701	-36.6089	+10.0386	 +1.0509	 -0.5187	 -0.2324
-16.2300	 +9.3357	+21.2651	 -0.4691	 +0.5211	 -0.3127
+182.3710	+28.0124	-118.4847	 +5.4639	 +0.7493	 -3.1917
