# Num Particles: 1000
# Num Cores: 8
# Total Energy: -1.029583e+04
# Iterations: 731 of 1000
# Current Time: 2018-05-05 19:58:27.827328
# Elapsed Time: 2:55:03.147583
# Avg. Step Time: 0:00:14.368191
# 
# x	y	z	vx	vy	vz
# 
 -2.0636	 -3.0315	 -5.3797	 -0.5996	 -2.5411	 +3.6084
+14.1207	 +2.0682	 +5.8752	 +2.4106	 +1.6131	 +1.5244
 -4.9477	 -8.9119	 -9.6580	 -1.4526	 -0.6913	 -1.1138
-21.4961	+50.3087	-15.6610	 -1.2206	 -0.9462	 +0.9325
 +0.8900	 -1.6131	 -1.0098	 -0.7031	 -0.8333	 +1.6087
 -2.7975	 +4.1496	-12.8258	 +2.4048	 +1.6524	 -0.1756
-12.7718	 +3.3489	 +6.9678	 +0.7676	 +1.1529	 +0.5361
 -1.6485	+14.6360	 +0.8881	 +0.4846	 -1.1418	 -1.5177
 +8.3383	-38.7998	-24.4890	 +0.2008	 +0.5826	 +0.4897
-11.3135	 -1.0776	 +1.8609	 +1.0394	 -5.3895	 +0.3874
-22.9706	 +3.0201	+17.1439	 +0.4923	 +1.6963	 +0.8805
 +0.5315	 -2.5678	 -1.8649	 +0.9719	 +3.1796	 -0.3334
 +2.7665	 +6.7130	+11.5185	 +1.0838	 +1.2796	 +0.5281
-11.3159	 +7.2938	-10.7523	 -4.1630	 -0.0543	 +2.3876
 -6.7227	-12.1406	 -8.4916	 -0.9904	 -0.3768	 -2.3578
 -5.8965	-22.5965	-14.1130	 -2.6257	 +0.8708	 +1.0765
 -2.9188	-28.2590	+17.2669	 +2.2426	 -0.4201	 +0.6005
-16.2049	 +6.8857	-28.9809	 -0.7422	 +0.8784	 +1.8175
-11.0261	 -7.8217	+11.9991	 +0.5305	 -0.7117	 -1.7362
-36.2140	-45.5656	+25.3404	 -1.7727	 +1.1105	 -2.3105
-10.7884	 +5.5290	 +0.8221	 +2.1008	 -0.8239	 -0.8983
 -7.7154	 +6.4769	 -9.4596	 -1.4822	 -1.1443	 -1.5161
 -4.0050	-14.5838	 -0.7976	 -0.8451	 -0.9804	 -0.4733
 -3.6806	 +2.6922	 +6.5997	 -0.2588	 +3.6385	 +1.6153
 -7.7645	 -4.5236	 -7.8092	 +1.2745	 -1.5027	 +4.9340
 -9.5896	+26.3221	-32.8845	 +1.7529	 -2.0640	 +1.2436
-21.1727	+13.3386	 -7.3565	 +2.4792	 -0.5755	 +0.5411
-18.0158	 +5.3128	 -1.0335	 +0.8503	 +1.7778	 -1.4375
-11.0909	+20.6162	+12.2212	 +2.8810	 +1.1570	 +0.1759
-22.7184	+39.8270	+18.2097	 -0.9832	 +1.0186	 +0.4959
-23.4958	 -0.5388	 +4.9916	 +1.1992	 -1.7547	 -2.3710
+32.8613	+32.1180	+31.2605	 +1.2763	 -1.6468	 -1.3693
+36.9257	 -0.6734	-22.5386	 +0.2218	 -0.8186	 -0.8261
 -7.3460	+19.7670	+10.0850	 -0.5445	 -3.6152	 +0.5537
+12.1900	-55.8267	+37.7746	 +0.5977	 -1.6915	 +0.5720
+201.6850	+846.8386	+52.6009	 +6.1541	+25.7620	 +1.8924
 -0.6004	-30.1751	 -6.3617	 -1.6745	 -0.3852	 +1.0480
 -7.1515	 -7.1125	 -6.2888	 -1.0945	 -0.2778	 +0.1799
+113.8637	+20.0536	+247.0055	 +2.0920	 +0.7002	 +5.2206
 -9.4600	 -2.1759	 -3.8191	 -4.1453	 -0.4042	 +1.9853
 -5.4868	-10.2800	-27.6864	 -0.4124	 +0.4129	 -1.5955
-38.1624	+15.6073	-18.9621	 -0.5733	 -0.1075	 +0.1098
 +3.3304	+12.3696	 -5.6106	 +0.0747	 +0.0710	 +1.9329
+14.4063	 +5.6696	 -1.8752	 -0.6335	 +2.3202	 +0.6054
-12.0837	 +8.7914	 -5.6945	 +1.2742	 +3.8633	 -0.0652
 -8.7354	 +4.3502	 -0.5766	 +1.2576	 +3.4372	 -1.2772
 -8.3860	-23.2828	 -8.8732	 -1.5024	 -0.2443	 -2.1906
-26.4603	 -7.6843	-29.1985	 -2.7859	 +0.2810	 -0.7723
 +6.2994	 -5.2899	+11.2997	 +0.5503	 -0.7824	 -0.3960
 +1.3894	 -7.2635	 -3.7694	 +0.6378	 -4.1050	 -0.5261
-34.5637	+68.4015	-59.3698	 -0.7783	 -0.1370	 -0.9856
+42.6419	 -8.5598	+75.4522	 -0.5208	 -0.3583	 -0.4839
+21.0890	 +3.4530	+38.7167	 -0.8848	 +1.7687	 +1.6809
+14.5826	 +6.2319	+13.8405	 +1.3593	 -2.7401	 -0.1851
+11.8855	+89.6395	+29.7704	 -0.1773	 +0.0482	 -1.3779
-14.2961	+16.9837	 +2.2689	 +2.5737	 -2.3053	 -0.1528
+12.8022	+13.1041	-25.0738	 -1.7740	 -0.8001	 +1.4854
 -0.3830	 -5.4714	 +5.6428	 -2.2366	 +0.4260	 -1.9308
 -8.0222	 -6.7925	-26.1713	 +0.4060	 -1.5377	 -0.9723
-41.3215	+30.8432	 -4.6394	 +0.1762	 +1.6795	 -0.6882
+29.9015	 -9.8006	 -3.2427	 +0.8854	 -0.4317	 +2.1906
 +9.0668	 -3.7800	+26.1555	 +0.8703	 -2.8229	 +1.6566
 +0.5518	 -9.6309	 +0.5552	 +1.5647	 -2.3768	 -1.1160
 -5.0996	-26.4795	-11.9017	 +1.3881	 -0.8593	 +2.1043
 +0.2211	-38.6150	 +4.3779	 +0.9567	 -0.3290	 +1.2624
+13.2434	+10.4901	-22.4044	 +0.6477	 +0.6831	 -2.4594
 +9.2688	+10.4606	-10.3841	 +0.2760	 +1.1078	 -2.6239
 -3.5057	 -1.7642	+46.7475	 -1.0586	 -1.1623	 -0.6629
+24.7856	 -7.3498	+19.7020	 +1.5213	 +0.6713	 +1.1508
-636.6783	+522.4908	+893.0792	-10.5284	 +8.7086	+15.1255
 +7.4188	-11.2896	 -0.2993	 -3.2913	 +1.3551	 -0.3445
 -4.8933	 +7.9675	-10.7910	 -1.4214	 +0.3617	 -2.1135
 +7.1562	-15.4111	 +1.4945	 -0.4450	 -0.6499	 +1.5295
+109.7840	 +5.8542	-118.1543	 +1.3621	 -0.1973	 +0.3618
+45.2225	 -2.7319	 +8.8403	 +1.6778	 -0.0529	 +0.7912
+27.0198	+15.7045	 +3.6904	 -0.5753	 +1.8898	 -1.9231
 -9.0455	+38.9463	-25.7778	 +0.2457	 +0.6486	 -0.5108
 -0.7918	 +0.9786	-29.6952	 +1.9048	 +1.2076	 -0.2717
-90.4471	+209.0272	-153.2444	 -1.2055	 +3.2461	 -1.9510
-36.7843	+12.2145	 +2.5006	 -1.3804	 -1.2403	 -0.4234
 -5.6560	-13.1386	 -3.5463	 +1.3395	 -1.5779	 -0.5225
+14.8537	 -0.3790	 -7.6733	 +0.0925	 -0.4166	 -0.2561
+18.3304	-15.3064	-12.0852	 +0.2064	 -0.6884	 +0.4756
 -6.6329	+47.9919	 -4.7586	 -0.4962	 +1.2798	 +1.6239
-30.5891	+21.6235	+27.9703	 -0.7929	 -0.0182	 -0.2164
+16.9507	 +6.5219	+12.3358	 -2.6587	 -0.2793	 +0.6755
 -8.6431	 -5.1550	 -3.8283	 +0.0137	 +1.8912	 -3.7152
-59.3503	+45.0725	-57.0796	 -1.2196	 +0.6512	 -1.3599
-14.9785	 -1.9102	+10.7600	 +0.7578	 -3.7235	 +1.0499
-13.1726	-24.2610	 -1.5826	 -2.0990	 +3.1796	 -1.5728
+13.2796	 -2.9866	+16.0840	 +0.8392	 -1.5374	 -0.1480
 +4.7734	 -1.2607	 +5.8423	 +1.4453	 +0.9912	 +0.0371
+33.3149	+48.4565	-19.4209	 -0.5293	 -0.4196	 -0.5807
 -2.9088	 -1.6132	 -3.0351	 +4.8519	 +0.3152	 -0.9759
-10.6048	 -7.3520	 +6.2705	 -2.1127	 +0.1087	 +1.4811
 +8.2331	 -4.1108	 -3.8754	 -0.0772	 +0.0829	 -2.2165
 +4.7207	-46.9798	+18.8353	 +0.9277	 -1.6022	 -1.2980
-10.0619	 +0.7478	 -7.9330	 +1.1525	 +2.6159	 -3.4712
+18.3914	-23.0516	 +2.3207	 +0.9560	 +0.7315	 +1.1828
+17.1800	 +8.1420	+25.9663	 -1.7321	 -0.9356	 +1.0547
-26.3359	-39.5392	 +7.7527	 -2.6512	 -2.6349	 +1.1296
 +5.7919	-28.3155	-16.9109	 +0.6627	 +0.7354	 +1.0935
 -6.1293	 -4.0696	 -7.8130	 +1.3358	 +0.8270	 -2.0420
 +0.2760	 -6.1539	-10.4856	 +2.0472	 +2.3708	 -0.9912
+457.8003	+115.1146	-232.2415	 +6.1689	 +1.5741	 -3.0474
 -5.8994	 -9.9760	-10.9932	 +0.6217	 +0.1708	 -1.0426
+13.7291	-14.1782	 +8.0262	 +4.1155	 +1.0102	 -1.7733
 +4.4049	 -6.7285	 +0.4627	 +0.1395	 -4.2007	 +2.1402
-30.6656	 -6.6858	-19.6886	 -0.5320	 -1.4861	 +0.9496
+21.4135	-15.0200	 +5.8551	 -0.4247	 +0.2379	 +0.9775
 -9.3207	-11.0102	 +1.3272	 -1.7699	 +2.9884	 -3.5596
+452.4996	+435.1443	-203.6228	 -0.3311	 +0.6273	 +0.3388
-139.7408	+175.1653	+220.9639	 +0.0725	 +0.9550	 +0.1596
 +2.3382	 -7.8523	 -2.8032	 -1.5903	 -1.2706	 -1.9667
-17.0138	-12.9207	 -4.2923	 +1.0802	 +1.4186	 -3.0672
 +5.4018	 +1.7348	 +8.0354	 -0.7341	 +2.7395	 -1.7877
 +3.5112	 +7.4713	 +6.5803	 +0.7416	 -3.0151	 +1.5687
 +3.4466	 +2.1230	+97.6406	 -0.6378	 -0.1509	 +0.6795
-162.0719	+152.5199	-202.9028	 -5.8816	 +5.9523	 -7.9902
-50.5328	+50.0275	-35.2241	 -0.1218	 +0.3854	 -0.9511
-17.7680	+15.3337	-11.7355	 +1.7907	 -1.4477	 -0.7488
-11.0402	 +4.4743	 +5.1626	 +1.5957	 +1.1419	 +2.3838
 -1.5510	 -6.2169	+13.8924	 +3.8407	 +0.4221	 -0.5274
 -0.3815	 -2.6132	 +3.6145	 -1.6748	 +2.3482	 +2.5624
 -5.6691	 +5.6323	 -3.9786	 -1.0671	 -3.5329	 +1.2907
 +2.8519	-11.3130	 -7.5437	 +0.1983	 -4.1566	 -0.4487
+10.6602	 -6.8603	+17.7841	 -2.1563	 +0.1886	 +0.8599
+55.0033	-16.8364	+20.8222	 +1.7596	 -0.6528	 +0.7830
 +0.5169	 -3.4239	 -0.3447	 -0.8020	 -0.4467	 +0.1408
 -2.7613	 -8.4592	 -9.0467	 -2.8477	 +0.8056	 +2.7681
+16.0750	-53.2671	-225.5136	 +0.0007	 -1.1433	 -0.5052
+13.9179	 +2.7997	-41.1961	 -1.2329	 +1.1695	 +0.9856
 +7.5415	 +6.5025	 -0.0210	 +2.8800	 +2.0551	 +2.0337
 -5.9701	 +2.1540	 -3.8418	 +1.8167	 +1.9737	 -0.2639
 -7.2357	 +3.4360	 -3.4322	 -2.1125	 -2.9494	 -0.1251
-45.7725	-19.7759	 +6.2718	 -1.3343	 -1.0818	 +0.8287
 +0.5318	-26.2567	-11.8014	 +2.4220	 +1.3526	 -0.4288
-30.8385	 -4.0370	-16.8846	 -1.5647	 +1.4825	 -2.1719
 +2.0980	-19.9223	 -4.3974	 +0.9952	 +1.2835	 -2.5669
-112.3256	+106.9679	+55.4902	 -0.7557	 +0.8588	 +0.3335
 -9.4453	 -7.8712	 +0.1077	 +0.9040	 -1.2342	 +2.1438
 -9.6983	+19.5954	-25.3199	 +2.7702	 +0.3091	 -0.3872
+700.7376	-229.9533	-182.4529	+13.5772	 -4.3427	 -3.3391
-26.0926	-62.4290	+32.3138	 -1.4954	 -0.4194	 -1.1463
 -4.2015	+47.0679	+11.6530	 +2.4202	 +1.3042	 +0.9505
+14.0139	 -2.9254	-12.7917	 +0.5580	 +0.0281	 +1.0798
-38.4799	+51.0643	+19.7773	 +1.4820	 +1.1152	 -1.8398
 +5.4431	 +4.6154	 -8.8287	 -1.2712	 +2.5772	 -1.9560
 +5.6484	+10.6710	 +9.9721	 +1.7538	 +0.2847	 -3.8053
 -3.7576	+33.2794	 +6.2156	 -0.7534	 -0.5003	 -0.1030
 +6.4664	 +0.3103	 +2.1354	 -0.1375	 +2.9837	 -1.4632
 -9.5045	 -4.5228	 +1.2306	 +0.3636	 -0.8318	 -0.3755
 -9.6142	 +0.2249	 +0.9332	 -2.2246	 +2.3858	 +0.8849
 -4.0202	+12.2352	+22.8194	 -1.0994	 +1.5879	 +0.3823
 -0.9747	 -1.6889	 -2.6507	 -0.6026	 +1.7881	 -3.6215
+15.2532	 +1.0763	+24.0250	 +2.0132	 -0.7754	 +0.9728
+20.1474	 -5.5408	 -8.2612	 +0.2755	 -1.4472	 +2.0440
-26.1678	 +5.9058	-10.2401	 +0.7250	 -0.4355	 -3.1893
 -4.1350	 -0.0599	 +3.8904	 +2.0758	 -1.5762	 -0.7961
 +4.2970	 -8.7644	 +0.8343	 -2.2496	 -0.0159	 -0.2141
+10.2740	 -5.4184	+68.7872	 +0.6479	 -0.8954	 +0.6034
-22.7981	-29.3064	+16.0366	 +0.7290	 +0.4592	 -0.8522
-13.1588	 +8.0198	 -4.3877	 +0.0048	 -0.5587	 +0.6455
+30.4441	-10.9879	 -8.6499	 +1.2588	 +1.3546	 -0.5167
 -9.3268	 +4.6861	 -8.2358	 -2.2447	 -2.3218	 +0.1062
-11.7890	-10.3362	 +3.7304	 +0.1686	 +0.9457	 -2.2518
 +3.4298	 -7.9613	 +7.4428	 -0.2701	 -3.4580	 +2.0266
-28.2896	 -1.9946	-21.5664	 -1.8787	 -1.2176	 +0.0484
-12.4627	 +8.9353	 -7.8798	 -1.9580	 -0.1918	 +2.4742
 -0.5138	 -3.5638	 -7.4375	 +1.2351	 -1.1745	 +3.4570
-16.3403	+11.5457	-23.6393	 +1.2163	 -0.6134	 -0.3528
 +1.4680	 -3.5262	 -1.2641	 +1.6691	 +0.1156	 -0.4074
 +2.3728	+21.7218	-10.5612	 +1.4748	 -0.2641	 -2.2777
 +7.7640	-45.2422	+16.4712	 +0.0139	 -2.4126	 +0.6316
 -2.5670	-31.0879	 -8.0859	 -0.3514	 -1.7850	 -0.8467
+23.3917	-90.2158	+38.5497	 +1.5030	 -0.7606	 +0.1518
+22.0563	-19.7358	+20.7940	 -0.8951	 -2.0435	 +0.4548
+33.9409	-28.9246	+22.6017	 -0.3477	 +1.0335	 -0.0747
 +6.8424	 -4.4773	 +5.4486	 +0.7523	 +0.8461	 +0.3359
 +3.2286	 -7.0534	-12.4302	 +2.2411	 +0.5177	 +0.5415
-603.4321	+96.8082	+242.7098	 -9.7135	 +1.5547	 +3.8108
+33.1555	-86.3698	+16.5334	 +2.0345	 -4.4027	 +1.0131
-14.5551	-17.9436	-28.9168	 +0.2865	 +0.9185	 -1.7499
-36.1387	 -5.8833	+13.0193	 -0.1884	 -0.7360	 +1.4832
 +9.4106	-12.8063	+15.0125	 +1.6810	 +2.1525	 -1.9989
+17.6296	+48.0711	+30.3711	 +2.4332	 +4.7767	 +2.8616
 +9.6260	 -5.6402	+16.7395	 +0.7142	 -1.0117	 +1.9441
 -3.3862	 -2.9211	 +0.8438	 -0.6488	 -3.1898	 -0.3083
 +8.7281	+22.1610	-16.0925	 +1.1384	 +0.2569	 +0.3803
 -2.8199	+12.9940	 +2.2601	 +0.4925	 +1.1272	 +0.2621
 -7.8004	-40.3830	 +1.8885	 +0.0718	 -1.7923	 +0.1235
 +9.5855	-10.1915	 -8.1782	 +1.3712	 -1.5618	 +0.2312
+11.3290	+30.4390	-19.9957	 -1.6877	 -1.3892	 -1.1617
-12.8005	 +3.5942	 -0.0090	 -0.5254	 -2.7580	 +0.6283
 -8.9418	+16.2233	 -5.0305	 +1.2022	 -0.1111	 +1.5343
-11.2874	 +2.5855	 +2.7455	 -2.0553	 -0.6192	 +0.2179
 +3.1313	-43.6447	 +8.7876	 -0.1638	 -3.2663	 +0.8272
 -2.1625	+45.6833	 +4.6478	 +2.5397	 +1.7218	 -1.6204
 -7.8743	 +3.6075	-13.5622	 +0.8669	 +2.0431	 +1.1385
+13.6518	+13.1258	+14.5565	 -0.7863	 -1.8152	 +1.3980
-15.7385	-30.3773	 -7.8380	 -0.8123	 +0.5610	 +3.3780
-24.4510	+22.5331	-23.4044	 -1.6763	 -0.8469	 +0.1805
 +6.3511	+34.4532	-18.7742	 -1.5859	 -1.2355	 +2.1671
 -2.6906	-11.9537	-20.7689	 +0.4369	 +1.6535	 +0.7323
+21.4840	-10.7552	 +5.7201	 -0.7916	 +0.0622	 -1.5949
 +4.6048	 -4.2438	 +0.9652	 -0.9744	 +0.3392	 -1.0945
 +4.6367	 -8.9121	 +1.8190	 +0.4279	 +3.2887	 -0.3759
-35.7619	+13.7666	+13.3172	 -0.6440	 -1.7566	 +2.0015
+20.5539	-52.0167	+12.4059	 +2.0742	 -0.0128	 -1.7017
+11.3539	+40.5020	 +2.3510	 +0.2967	 -1.4154	 +0.4427
+12.2693	-11.4195	 -5.4460	 -1.5040	 -1.9054	 -0.2250
 -1.9753	-16.6862	-11.1789	 -1.3102	 +0.3332	 -1.4676
 -1.1235	 -4.3018	 -1.4378	 -0.1538	 -1.2029	 +0.6933
 +4.3269	 -5.9654	+32.5645	 +0.9437	 -0.3603	 -1.6092
+29.1909	-17.3522	+15.7798	 +0.3044	 -0.4522	 -1.0190
+63.7246	+10.0265	+18.3694	 -2.3109	 -0.1327	 +0.7632
 -4.8990	-17.8731	-29.8440	 -1.9858	 -1.6177	 +1.3478
 -0.7804	 +3.0191	 -2.8865	 +2.3492	 -2.1910	 -2.5715
+10.3543	 +5.6184	 -1.0227	 -0.7723	 -1.1731	 +1.5979
 -6.8479	-19.6503	-13.7092	 -0.6969	 +0.4035	 -0.0801
-14.7186	+38.8643	+39.8976	 +0.6951	 -1.2410	 -0.7927
-13.9365	-21.9934	 -6.6693	 +0.9112	 +1.5436	 -1.5170
-143.6160	-104.0736	-144.3669	 -2.1457	 -1.3360	 -2.3122
+55.9662	-42.0349	+32.8513	 +3.8908	 -2.8472	 +1.1969
+10.8094	-13.0263	 -1.0399	 -1.1984	 +1.5859	 -1.9217
 -3.0729	 -3.9501	 +0.1022	 -1.6949	 +1.1705	 -1.0047
-12.2155	 -3.6652	 -0.2755	 +1.6675	 +1.2654	 -2.8715
-35.3871	-146.4105	+146.5137	 -0.2527	 -1.2035	 +1.7328
 -0.6942	 -0.5063	+10.6991	 +2.0426	 -0.1625	 +3.1268
 +6.1787	-10.6131	 -8.9458	 +1.7603	 -0.2193	 +1.8586
 -0.8889	 +7.5885	 +4.6552	 -1.4047	 -2.0173	 -3.0060
+313.7690	-411.5669	-254.4105	 +5.5634	 -7.3600	 -4.4457
 -2.9376	 -5.5920	 +6.5371	 -3.3368	 -0.5776	 -1.1700
-12.1402	 -3.4492	 -1.0373	 +3.5493	 +0.7536	 +0.5368
 -3.8227	 +5.6468	 +5.1312	 +2.0629	 +1.4711	 +1.2978
 -2.7391	+18.7387	-13.6968	 +0.9758	 -1.0290	 +0.6990
 +0.5931	-29.7193	+20.5586	 -0.1631	 -0.0260	 -1.7360
 +5.5622	 +9.5599	-32.2751	 -1.1527	 +2.1430	 -0.8864
 +9.1064	 -3.5205	 +0.5881	 -1.3764	 -0.5783	 +2.3269
 +7.7348	-18.2342	-17.1419	 +0.1618	 -1.6168	 +0.7364
 +7.8700	+46.2995	 -8.6544	 -1.1886	 +2.6835	 -0.2792
 +6.4940	 -5.0572	-12.4413	 -2.0276	 +0.8427	 -0.0189
-43.9649	+71.9725	-31.4645	 -1.7303	 +2.1209	 -1.7994
+20.3321	-27.0642	 -8.3215	 +2.1284	 -1.8879	 -1.0032
-65.5957	+41.7861	-45.4233	 -3.5598	 +2.4258	 -3.4427
 -4.9214	 +3.8834	-14.0946	 +0.3816	 +0.0825	 +1.5978
+11.1194	-45.7089	 -8.2750	 -1.2785	 +1.5147	 +1.2224
-11.8521	 -3.2240	 -2.2871	 +2.6523	 +0.4019	 +1.1456
 -4.3995	-14.3151	 -2.8525	 -1.9191	 +2.0328	 -2.1966
+33.5378	+122.0801	-44.9437	 -0.0489	 +0.9352	 -0.6127
 +0.5195	-29.8528	 -7.9071	 -2.9460	 +0.2397	 +0.3204
+15.4762	-65.1945	+15.0537	 +0.6115	 +1.0600	 +0.1380
-15.8080	 +1.5702	 +3.3611	 +0.9798	 -1.3398	 -1.5919
 +3.2461	 +3.3756	 +7.4195	 -3.1160	 +0.6112	 +0.6590
+1886.8402	-47.5399	+794.8949	 +0.2141	 -0.2336	 +0.0632
-13.3936	 -1.9923	 +2.8733	 -0.5715	 -0.3082	 +0.0793
 +4.3776	 -7.3304	-10.5217	 +0.8217	 +1.1221	 -0.1352
 +0.9485	 +6.9935	 +4.3173	 -2.7032	 +1.9827	 +1.8068
 -8.0377	 +0.5882	 -2.6055	 +1.0685	 +2.1188	 -5.1928
 -1.6952	 -9.9905	 +7.7589	 -0.6020	 +1.4179	 +3.2969
-74.6185	-96.2837	-44.1446	 +0.2730	 -0.0394	 +0.7756
 -5.8739	+36.6983	+10.6128	 -0.5106	 -1.6178	 +0.7186
+16.5430	-45.9471	 +4.1921	 +0.3665	 +2.1978	 +1.2011
+12.2422	+32.6139	 +0.5981	 -1.2187	 +0.0077	 -0.9998
 -4.3155	 -3.3135	 +5.2182	 +0.4921	 +0.4592	 +1.1645
-19.3477	-39.1323	 +8.8232	 -1.5956	 +0.9136	 +0.0034
 -4.7378	 +0.0762	 +5.5954	 +1.1229	 -3.3688	 +2.8570
 +0.6850	 -1.9317	 +2.0602	 +2.0427	 +2.9379	 +2.6265
 +9.2260	 -6.2241	+12.9841	 -1.5084	 -3.3926	 -0.5767
+90.4894	+191.3432	+34.3306	 +1.0184	 +2.4980	 +0.2426
+11.6043	 +3.2230	+49.5927	 -0.6374	 -0.8723	 -0.0985
+14.4127	 -9.4776	 +4.3940	 +0.2503	 +0.8942	 +0.3154
 +3.5034	+29.5387	 +1.4234	 -1.1126	 +1.8380	 -0.0365
 -7.0683	 +0.0098	+11.2011	 +2.1658	 -0.0979	 +1.7500
-18.8866	-49.6798	 -0.0225	 +0.8986	 +0.1300	 +0.5647
 -9.1162	 +5.7840	 +4.0169	 +2.6074	 -2.8013	 +0.7446
+614.0258	-242.4769	-684.9165	+10.4246	 -4.1127	-11.3048
 +8.0032	+25.1552	+14.5008	 -0.5020	 +0.5393	 +0.8236
 -1.6690	 +8.6610	-40.9176	 +0.1243	 -2.0992	 +0.2948
-11.5203	+28.5452	+25.4919	 +0.0784	 +0.9357	 +0.2573
-12.4702	 +4.4876	 -5.7375	 -2.2458	 +0.6705	 +1.2677
 -0.0466	 -5.4070	 -0.5552	 -2.2193	 +0.2243	 +1.2406
 -5.2837	+11.6167	 +5.0163	 +0.2906	 -2.5764	 -0.5523
+79.6898	-76.4155	-88.6217	 +1.7293	 -1.3906	 -1.9225
 -7.2312	 -1.4375	 -4.2667	 +2.6327	 -1.8233	 -1.3758
 -3.4413	-16.1258	 -4.6422	 -0.8383	 -4.8242	 +1.5508
 +8.4174	 -0.2665	-16.9832	 -3.0512	 +1.9713	 -0.3024
+31.7627	 +9.5920	 +1.5940	 +0.8601	 -0.1995	 +2.4449
 -5.8954	-15.6929	 -5.7639	 -0.8035	 +1.7767	 +1.1005
-53.4117	-92.4602	+96.2582	 +1.5080	 -0.3615	 -0.0926
+13.5146	+11.1907	 +4.7254	 -1.4848	 -1.2797	 +0.2992
 -6.1679	 -2.6338	 -4.9555	 -2.4197	 +3.1092	 +1.2195
-31.2014	 +0.1472	-16.1436	 +1.6304	 -0.4561	 +1.9743
 -7.2934	 +2.1667	 -6.0979	 +1.9097	 +1.9203	 -4.4828
-13.7025	 -6.6568	-44.7322	 -0.6435	 +0.5743	 +0.4425
+419.9345	-15.8886	+156.3938	 +6.6685	 -0.0862	 +2.6231
 +0.5409	 -3.7467	 +1.6404	 -4.7451	 +0.2940	 -2.3766
-65.5530	-101.1815	+74.3325	 +0.9909	 +0.4509	 -0.6918
-43.3065	-24.2323	+32.9469	 -0.2606	 +1.9322	 +0.9807
-24.0135	-18.7122	+17.5895	 +0.8247	 +2.5498	 +1.3070
-38.2776	 +8.1218	-27.2998	 +1.3831	 -0.1083	 -2.0848
 -8.7397	+35.9065	 +5.9877	 +1.5259	 -0.2768	 +0.3204
 -3.5386	-15.8878	 -6.5904	 -0.2653	 -1.1006	 -2.0819
 +7.9411	-14.5592	 +1.2964	 -0.8114	 +0.7246	 +0.5163
-19.4035	 -2.5238	 +7.0529	 -2.9288	 +2.3112	 -0.0924
-20.3010	 -2.3982	+11.0149	 -0.5250	 -0.5647	 +0.9165
+12.0484	+19.1982	 -2.3065	 +0.6250	 -0.9166	 +1.2948
-15.5453	-14.1095	 +6.9898	 +1.8382	 -1.9167	 -1.2510
+44.2435	+58.4021	+67.2400	 +1.1706	 +0.2497	 +1.6678
 -6.4781	 -3.3615	 +7.9344	 +2.8543	 -1.4112	 +0.6401
 +6.1537	 -9.4953	 +1.3801	 -0.2485	 -3.5298	 -0.8689
 -5.1020	 +8.2896	 -2.0546	 -2.1591	 -0.1709	 -1.0447
-13.2790	+15.9459	 +2.7703	 +1.0068	 -0.4136	 -0.7526
 +3.7572	 +4.3378	-19.2011	 -1.0126	 +0.9446	 +1.2130
 +1.8924	-34.7776	 -8.5809	 +0.3859	 +1.7964	 -0.8773
+13.7391	+23.6232	-10.1033	 -0.3689	 -0.6706	 +0.7981
 -8.4664	+12.5919	-33.5015	 -0.0044	 -2.1886	 -0.0162
 +8.6915	-11.9167	 -2.6000	 -1.3521	 +1.2623	 +0.0536
-26.1146	 -1.2891	+28.1870	 -1.9229	 +0.8360	 +0.7276
 -4.2905	 +0.9893	+12.7431	 +0.4737	 -0.3343	 +1.1936
 -3.7976	 -3.7648	 -1.7626	 -1.0300	 +2.0831	 -0.6507
-41.3655	+30.7533	+22.7576	 -0.1792	 +1.9196	 +0.8713
 +3.7774	 +1.8760	+11.4950	 -2.6323	 -0.0184	 +1.7744
-11.6272	 -2.9033	 -2.2031	 -1.9698	 +0.2815	 -0.2408
-12.9795	-10.3184	 +3.5741	 -1.5865	 -0.5455	 +0.4212
-11.0164	 +9.9169	 +9.1531	 +2.5073	 -1.3244	 -0.1606
-109.2372	-97.4847	+205.4131	 +0.7675	 -0.5436	 -0.1543
 -8.7400	 +1.3338	 +7.5918	 -2.3872	 +1.8007	 +1.0617
-11.1631	-13.4605	 -0.7660	 -1.5545	 -0.7463	 -1.4832
-27.6837	 +0.6339	 +0.3765	 +0.1464	 +0.0262	 -1.5099
-13.6884	-12.2428	+14.1632	 -1.6383	 -1.8844	 +0.3116
 +3.8554	 -6.8139	 -4.7245	 -1.2226	 +1.0314	 +3.4367
-20.3306	-20.2662	 -1.7998	 +2.9932	 -0.4565	 +2.7384
 -1.7405	 +2.2067	 -1.3661	 +0.3142	 -1.8416	 +0.2823
+11.0800	 -2.4430	 -5.6540	 -2.2778	 +2.6407	 -2.1818
-19.7107	 -6.0786	-20.4855	 +0.2843	 +0.5017	 -1.8813
 -7.9921	 -6.6834	+11.3745	 -0.3969	 -1.1806	 +0.9942
+11.9256	 -5.9213	 -5.0999	 -3.6026	 +1.0374	 +1.1533
 +8.4056	 -5.8928	 +6.2692	 +0.3240	 +1.4043	 +2.5446
 +6.6038	 -3.8285	 +4.1343	 +0.4528	 -2.3215	 +2.3484
 -6.4971	-24.9441	+12.2687	 +0.5256	 +1.4636	 -0.1289
 +2.1794	-27.0626	 +5.9774	 +1.2332	 +0.6710	 +1.6399
 +4.2899	-13.9120	+20.4062	 -1.5347	 +0.0073	 +0.2065
-21.3952	 -9.2168	-13.2425	 +1.7454	 +0.5786	 -0.2667
-69.7658	+348.4879	-85.7849	 -1.8709	 +9.6264	 -2.3835
+12.5475	 -9.1761	 +8.9906	 -0.2400	 +0.9158	 -0.6601
 -5.0825	 -6.5529	 -3.2267	 +1.4437	 +1.7585	 +2.9923
-25.6637	-26.4105	 +8.2657	 -0.0180	 -0.3579	 +3.4124
+17.3996	-14.2815	+13.8403	 +0.2608	 +0.1557	 +1.1477
 +7.3750	-11.9550	+14.6090	 -1.1739	 -0.8846	 +1.7321
+26.0751	-267.3964	-148.5780	 +0.7596	 -7.3111	 -4.0526
 -9.6061	+10.7880	 -0.0724	 -1.1822	 +2.8979	 -1.7908
-20.7876	+21.2454	 +1.8864	 -1.3923	 -0.8071	 -1.6164
 -4.2517	 +7.9655	 +2.3801	 -0.0210	 +0.8852	 -3.9246
-16.2015	-10.6481	 -1.9426	 -1.2763	 -1.4794	 -0.1838
-37.2882	 +4.7137	+30.7685	 +0.8824	 +0.4270	 -1.4054
-21.4727	-49.6245	+28.8923	 +0.4287	 +0.8186	 -1.2476
 +8.3035	 -6.9694	 +2.4565	 +1.6086	 -0.2610	 +1.0659
-32.1493	 -0.3910	+15.2314	 +1.2669	 -0.8964	 -0.5198
 +7.4017	-11.4183	 -5.9002	 +0.5472	 -1.0501	 +1.7595
-18.0257	 -2.2708	 -1.1269	 +0.5933	 +0.8047	 +1.6148
-78.4097	+36.3133	+47.9149	 -1.1625	 -0.5495	 +0.5149
 -7.0467	 +1.4676	+17.7752	 -1.6364	 -0.7669	 -1.5576
+108.9216	-50.0980	+52.6877	 +7.5910	 -3.8133	 +3.7391
-34.0421	+10.4053	 -8.9094	 -0.7552	 +0.1635	 +2.5870
-34.3413	-26.6214	-17.8459	 -0.4787	 +0.2880	 -0.8125
 +2.0944	 -8.7235	 +1.3318	 +0.2552	 +0.1088	 -1.2375
-71.2666	-70.0394	-100.4681	 -3.0571	 -2.5802	 -4.4118
 +6.2468	 -9.8186	 +8.4652	 +0.9843	 +3.7421	 +0.9296
 +5.5357	-12.7626	-11.2886	 +1.0093	 -1.0138	 +0.2600
 -1.5635	+21.1434	 -5.5399	 -0.9938	 +2.1268	 -0.3643
 -1.0993	-14.8408	-13.2378	 -0.1446	 -3.8620	 +1.0199
+19.3151	 -7.9418	 +1.8073	 -2.4378	 -1.0459	 +0.3279
+17.2210	 +5.7922	+16.3767	 +1.4734	 +0.7407	 -2.6253
-24.1236	-59.8493	+47.2911	 -1.2551	 +0.0344	 -0.0701
 +3.1817	 +5.7895	 +0.9709	 +2.6951	 -1.9011	 +0.6451
+19.3432	 +0.8868	 -1.5203	 -0.1963	 -0.1911	 +1.5494
 +3.1564	-13.8100	 -9.3423	 +1.4493	 +1.4163	 +0.2567
 -1.7556	+10.8108	 -6.6146	 +1.1197	 -1.3766	 -0.5175
 -1.8627	 -0.6770	+11.1622	 -1.9112	 -0.6904	 +3.1084
-18.0686	-24.2952	 -3.8662	 -0.3754	 -2.7232	 -1.4900
-13.5927	+24.1659	-18.1289	 -1.1275	 +0.7497	 +2.2094
-32.4384	 +8.8684	-73.5745	 +0.3887	 +0.1672	 -2.4802
-18.6148	 -9.3914	+16.8508	 -0.5142	 +1.6260	 -0.5236
+79.1875	+42.6643	+161.9563	 +1.1169	 +0.2019	 +2.0033
 -5.7504	 +5.5039	 -4.0605	 -2.6850	 +1.4932	 +0.7810
 +1.3802	-13.0599	 +6.6533	 +2.3680	 -1.7300	 +0.6264
 -6.4820	 -2.4856	 -4.8450	 +1.3416	 +1.7348	 +0.9142
 -2.2809	 +4.2737	 -9.2315	 -1.2504	 +2.1291	 -2.5381
 +0.5271	 +6.0026	+11.8874	 -0.3275	 +3.3401	 -0.8851
+10.0824	-16.4077	 +1.4047	 +0.9840	 -1.9649	 +2.2920
+13.0866	 -0.2226	 -7.3252	 +1.5982	 -1.4885	 -2.4839
 -0.9466	 +9.7747	 -5.1995	 +1.6480	 +1.5182	 +0.5054
-408.7716	-63.3658	-91.4091	 -6.9997	 -1.0451	 -1.7414
-20.9231	+18.3409	 +9.4815	 +1.1952	 -0.9531	 +1.3031
 -5.3955	 -8.0250	 +7.5935	 +1.6110	 +1.6592	 +1.2180
+20.0322	-15.6346	-16.0503	 -2.8291	 -0.8191	 +0.6872
 -0.2108	 -0.3211	 -9.7636	 -1.1808	 +4.3571	 -1.0368
 +0.4828	 -3.6440	 +8.7360	 +1.3322	 +0.6426	 +0.9084
+59.9039	-31.1467	-95.5261	 -0.5378	 -0.0735	 -1.0018
 -7.6431	 -9.5646	 +6.1997	 +1.3218	 -0.6621	 +1.8102
+21.6598	-46.3403	 +8.1455	 +0.1697	 -2.6032	 -0.4296
 -1.7074	 -3.7615	 -5.2403	 -2.1042	 -1.9195	 -1.2862
 +9.9424	 -5.0956	-14.5102	 -1.5003	 +1.6080	 +0.8225
-18.6863	+22.1964	 +2.3908	 -2.0295	 -1.1193	 -0.0329
 -3.9493	-44.8962	 -9.7017	 +1.2536	 -0.9935	 +0.1415
 -3.8431	-11.4005	 -1.2262	 -0.9494	 -0.4210	 -3.9718
-39.6972	 -9.7138	+16.0690	 -0.2084	 +1.3566	 -0.5622
+11.7982	 +4.9792	 -9.9781	 +2.0024	 -2.0630	 -2.8081
-16.7250	-50.9515	 -9.4673	 -0.5831	 +1.9514	 -1.9733
+10.1220	 -4.2443	-11.6446	 -0.5060	 -1.4254	 +0.2762
 +7.5895	 +1.3456	 -2.8134	 -0.3187	 +1.5044	 +0.3002
 -0.8216	 -6.7467	 -9.2275	 -0.7381	 +0.8313	 +0.1045
 -6.8407	-23.0534	-10.7069	 +0.1715	 -3.1459	 -0.0434
-15.3134	+20.5074	-21.6434	 -0.8877	 -0.2740	 +0.3082
 +0.4950	 -1.1398	 +8.6129	 +3.1614	 -2.0261	 +2.9702
 +4.2430	+20.2607	 -0.6880	 +2.3844	 +0.1801	 -1.4081
-13.9349	+24.0316	-15.8586	 -0.7863	 +2.0437	 -0.7741
 -5.0372	+42.5380	 -6.4867	 +1.1633	 +1.6711	 -1.1478
 -5.7996	 -7.7253	 +7.7466	 +0.9900	 +0.0968	 +3.1807
-74.6122	+41.6598	+113.9293	 -1.7573	 +1.3824	 +2.1516
 -5.9346	 -5.5420	 -0.7854	 +1.9928	 -0.7086	 +3.5750
 +2.5039	 -0.5632	+10.8369	 -0.3624	 +2.2969	 -1.1044
 -4.1491	-11.0017	 +2.6384	 -0.4380	 +0.2565	 -0.4103
 +6.2826	 -6.6826	 -6.6234	 -2.9988	 +0.1086	 +0.5991
 +5.3470	+13.5960	 -4.2886	 -0.1983	 +0.6043	 -1.2907
+35.1536	+49.5257	 -8.0435	 +1.4407	 +2.6937	 -0.8550
 +8.2998	+10.3238	+20.5064	 -1.3996	 -3.5092	 -0.5892
+13.7310	+21.7290	 +0.6066	 -0.2266	 -1.4613	 -1.2230
+47.5691	-72.7126	+31.3311	 +1.4857	 -3.0746	 +0.4210
 -5.7910	 -8.9480	 +3.5252	 -0.9446	 +0.5709	 +4.6580
+18.8403	+29.3809	-150.1831	 +1.6114	 +3.5975	-15.1419
-10.2951	 -7.5697	 +5.3322	 +0.2402	 -3.2053	 -0.2483
 +1.8959	 +7.3660	 +4.0710	 +2.2095	 -2.3480	 +2.3789
 +1.2797	 +1.2797	+12.8748	 +2.0606	 -0.2004	 +1.9589
-15.0197	+11.9297	-25.5769	 -1.9856	 -1.5496	 +1.8969
 -6.6878	 +8.7274	 +0.8226	 -3.0873	 -0.9144	 +0.2629
 -0.6807	 -9.9771	 +0.2568	 +2.3793	 -1.6000	 -0.0433
-172.1583	+245.9413	+37.0291	 -2.0055	 +2.8199	 +0.4744
 +4.6951	 -6.3680	 -5.4583	 -0.8628	 -3.0766	 +1.0899
-172.7565	+22.6970	-199.0177	 -5.4645	 +0.3876	 -6.3804
+28.6935	+35.7680	-68.2901	 +0.1536	 +0.2484	 -0.9071
 -1.1566	-12.0009	 -8.2298	 +2.6945	 -3.9272	 -0.3078
 -8.3733	 +6.8635	 +1.3691	 -1.7760	 -1.1502	 -0.9952
 +8.1260	 -2.9428	 +4.7331	 +0.1153	 +1.0128	 +1.5415
 -0.7815	 -9.8239	 +1.3498	 +1.2128	 +0.4726	 +0.5007
+23.3720	+27.0751	+60.1426	 -0.3076	 -0.8670	 -0.5876
 -1.7075	+56.3741	 -8.8982	 +0.1270	 -1.4792	 -0.2074
 -4.1060	 +3.1664	-19.8178	 +1.0720	 +2.3482	 +1.3299
 +2.1928	 -9.6617	 +8.3211	 -0.4926	 -1.6040	 -0.3544
-12.9458	 +6.0318	 +6.8432	 -1.6335	 +0.5747	 -2.0578
 +9.3943	-17.9878	 +4.7100	 +1.9827	 -3.0623	 +1.7690
 -0.4670	 -2.1001	 +1.0078	 +0.3478	 -5.6029	 -0.0791
+13.7071	-36.3725	+28.9022	 -0.7866	 -0.0784	 +1.0039
-149.0966	+117.1840	-76.5180	 -1.6902	 +1.2054	 -0.6560
 +4.9315	 +1.7438	-12.4018	 +1.6998	 -0.2831	 -2.3970
+15.5228	-43.2894	-62.1432	 -0.6159	 -1.6271	 -0.5674
 -5.5833	 -5.0152	 -1.6344	 +3.0644	 -3.5873	 -0.9345
-54.0063	+21.5267	-126.6928	 -0.5030	 +0.6552	 -1.8027
-19.9323	 +3.4839	+20.4790	 +0.7446	 -0.5084	 -0.7639
 +6.0901	 -9.1378	-14.6684	 +2.0185	 -0.0256	 -0.9079
-88.6499	+73.3601	 +4.5886	 +1.0794	 -0.2547	 +0.3840
-16.7787	-22.7027	 +5.5274	 +1.4394	 +1.2315	 +1.0666
 -0.1924	 +4.7631	-14.5504	 -0.2129	 -1.6418	 -0.0471
 +6.5130	-13.8235	 -8.7421	 -0.6169	 -1.7771	 +0.2057
-10.2488	-10.2557	-12.5952	 -0.1462	 -0.2629	 +0.7125
 -7.1982	+13.4597	 -1.0692	 -0.1440	 -4.2642	 -1.3849
 +5.9850	+21.8719	 -7.2346	 +2.4135	 -0.4245	 +0.5542
 +9.2297	 +3.0618	-17.6336	 +1.2065	 +0.6789	 +1.3714
 +4.4985	-13.1179	 +4.3876	 +3.0652	 -1.2188	 -0.7600
+22.8027	-20.3540	+26.8562	 +0.6634	 -1.4375	 -0.0857
+23.5769	-16.3221	 +3.9946	 -1.1960	 -0.6671	 -0.3612
+29.7428	-56.2374	-31.0969	 +0.6582	 -1.1472	 +0.5051
 +4.4559	 -5.5788	 -5.2925	 +0.8802	 +0.3165	 +0.0001
-12.7303	-14.1891	 +7.7590	 +1.0648	 +1.9470	 -0.9300
-20.9605	+28.4426	 -5.4878	 -1.2300	 +2.7594	 -1.0869
-15.9908	-38.9427	+17.6839	 -0.1257	 +0.3774	 +1.4403
+28.4495	+52.2474	+26.0194	 -0.1091	 -0.4102	 +0.3313
+24.0747	 +0.5535	 +5.5077	 -0.0210	 -0.1378	 -2.4641
 -6.4981	 -8.8667	 +9.0610	 -1.3979	 -2.4034	 -1.2093
-14.1134	 -1.3339	 -8.2681	 -3.1840	 -1.5975	 +3.4075
 -7.0351	 +4.5256	 +3.5569	 -0.6304	 +1.7136	 -0.6836
+13.0197	 +1.0531	 -0.5186	 +3.2735	 +0.1182	 +1.1348
+154.9231	-64.9882	+214.2039	 +4.6705	 -2.0716	 +6.3534
 -2.0556	-17.7911	-12.1115	 -0.6847	 +2.2449	 -1.6584
 +9.4830	 +5.2465	-20.5805	 -0.2479	 +0.3046	 +1.3141
 -0.7426	+31.0540	-18.4375	 +0.7116	 +0.0712	 -0.8267
 -8.6526	+21.2710	+10.6310	 +2.9102	 -2.6233	 -1.5630
 -6.9060	 -2.9663	-16.0156	 -2.4806	 -0.2901	 +1.5189
+31.5169	+124.0512	-25.7276	 +0.8823	 +0.1640	 -0.4297
 +4.9804	 +0.1629	 +6.8672	 -4.0148	 -2.7090	 -1.7297
 -0.2117	 -6.5698	 +3.3093	 +0.4907	 -1.6802	 +2.5933
 -7.0414	 -4.0340	 -4.2296	 -1.3428	 -1.0726	 -0.2056
-45.4598	 +9.8133	-30.4688	 -1.8935	 -1.6527	 +0.6082
-57.3875	+15.1130	 +1.3754	 -1.0126	 -0.4393	 -0.0010
+27.6583	+23.2104	+12.1160	 -0.5131	 -0.2490	 +0.8355
 +5.9007	-31.8090	-43.5951	 +1.1833	 +0.4241	 -0.5121
 -3.7613	+50.4389	 -8.3635	 +0.1280	 -0.4783	 -0.0571
 +9.4158	+17.1980	 -0.0335	 -0.4585	 +0.8325	 -0.7434
-59.4304	+51.1976	-18.3323	 -0.3529	 +0.1637	 -0.4272
 -4.0524	 +2.9325	-10.2859	 -1.6357	 -1.4203	 -2.2672
 +5.5228	 +7.6017	 -6.0108	 +1.6805	 +0.0805	 -1.6150
 +3.2821	 -7.4060	+21.2103	 +0.3542	 -1.0669	 -1.2280
+14.3572	 -1.3133	 -0.1478	 -1.2297	 -2.4030	 +3.0059
-12.1679	+20.4134	-11.8575	 +0.5570	 +2.9009	 +1.7495
 -7.0547	 -4.9280	 -8.9285	 +0.0385	 -0.6649	 +2.1080
-703.5820	+169.2601	+262.5356	-13.4947	 +3.3521	 +5.2426
-40.7555	-149.2700	+57.9365	 -1.0869	 -2.7102	 +1.0630
 -7.8086	-16.6653	 +5.8774	 +1.2705	 +1.2982	 -1.6476
+16.5305	+34.2222	+17.6536	 -0.1331	 +0.0875	 +0.9206
+11.7078	 -2.3900	 +6.1902	 +1.1231	 -0.8246	 +1.3793
-17.7120	-16.2838	 -9.2567	 +1.5546	 -1.2652	 +0.4356
 -5.2269	-20.8875	-10.4285	 -0.1300	 -2.2439	 -1.1235
-15.4222	 +0.4521	+16.5416	 -1.1354	 +0.2236	 -0.1538
 +7.8920	+23.5485	 -4.3140	 -1.2682	 -1.0090	 +2.0749
-23.4308	+11.8876	 -2.9073	 -0.0610	 +1.9651	 -0.4201
-16.9972	 -8.5872	+17.6742	 -0.3553	 +1.3518	 -0.2339
 +6.8180	 +1.1269	 +2.8035	 +1.4306	 +1.0093	 -0.4302
-10.7034	-21.9694	-12.5320	 +1.1759	 -1.8826	 -0.3287
 +6.2427	-21.9122	+26.7775	 -1.6953	 +2.1752	 +0.5970
 +0.2157	+14.2534	 +1.4675	 +0.7018	 -1.1622	 +2.8171
 -4.2800	+19.5267	 -2.0729	 +2.3917	 +2.2749	 -0.1224
 +9.5419	-19.9891	 -8.4525	 +0.3250	 +1.8019	 +1.6840
-26.0262	+11.7533	 +8.2471	 +0.6340	 +0.2117	 +0.1592
+17.6004	 +5.3948	 +4.0301	 +3.1434	 +0.4868	 +1.2743
 -9.2785	-38.0401	+24.3983	 +0.3995	 -1.7125	 -0.9350
 +9.6562	 +7.6935	 -9.5612	 -0.9877	 -1.6341	 -2.8056
-51.9524	+25.9868	 -2.7926	 +0.6674	 -0.7173	 -1.3935
 +5.0434	 +6.9816	 +8.7705	 -3.4065	 -3.3296	 +1.9471
-14.7076	+14.0821	 -9.7438	 +0.3734	 +0.6687	 -0.1461
+16.6277	 +5.0747	 -6.8265	 -2.9535	 -0.3541	 +0.7927
+10.2400	 -3.5116	+25.9284	 -0.1165	 +1.0375	 +2.5209
-17.7069	-12.1713	 -4.8654	 +2.9632	 -0.4716	 +0.8716
 -6.0875	 -9.6424	 +6.7016	 +1.4782	 -1.3145	 +0.3804
 +1.0269	+10.1462	 +9.3603	 +0.3969	 +0.0565	 -1.9914
 +1.9649	 +3.4824	 -5.8437	 -3.1333	 +0.8025	 -0.3380
 -2.8376	+14.1511	-13.5964	 -1.3406	 +1.6371	 +1.3897
 +6.5591	 +6.3379	 -6.7376	 +0.1588	 -0.6973	 -3.4232
 -8.5054	+14.5261	 -3.6353	 -0.3814	 +1.2955	 -0.8942
-10.8739	+59.1373	-10.9080	 +0.0096	 +3.7334	 -0.1908
+12.8420	+12.0178	 -6.2475	 -0.1411	 +0.7835	 -2.6724
 +1.9684	 -4.1627	+13.2687	 +1.3642	 -0.9992	 -1.9233
 -0.5627	 -7.2535	 -6.5232	 -0.8508	 -0.1551	 +0.6570
 -4.4242	 -3.0862	 +7.7547	 +0.1252	 -0.5287	 -0.4611
 -4.9656	-14.2510	 -4.1025	 -2.2200	 +0.1489	 -0.8196
-11.7666	 +0.1092	 +3.1571	 +0.6487	 -1.0098	 -5.0506
 -7.9367	 +4.0651	 -5.6575	 -2.5071	 -3.0389	 +1.3965
+256.3293	+114.9972	 -6.5835	 +4.5937	 +2.1524	 +0.1852
 -3.2446	 -8.2635	 -6.1131	 +0.1462	 -2.7070	 +2.4486
-18.8776	-32.5735	+14.7026	 -1.1346	 +0.4889	 +0.4317
-28.0783	 +0.9180	 -5.7455	 +1.1151	 +2.3936	 -2.0229
-28.4670	+23.7167	 +1.7469	 -2.1909	 +0.6930	 +0.6775
 +0.0094	 +1.3640	+62.3675	 -0.7204	 +0.6016	 +0.3442
 +9.9087	+40.1563	 +6.3674	 +0.2814	 -1.5617	 -0.9661
-28.9091	 +7.1071	 +9.3982	 +0.4452	 +0.5415	 +0.9931
 -5.2920	 -3.4553	 -5.8506	 -2.5792	 -2.1481	 +0.5111
-26.1863	+179.2012	-93.3607	 -0.7737	 +3.6251	 -1.8751
 -3.2180	+16.9420	+16.3121	 +2.5361	 -1.6575	 +1.4923
-16.7501	-23.4554	-12.1716	 -2.6215	 -2.5400	 -2.4014
-15.9039	+10.4445	+11.9982	 -1.4803	 -0.3527	 -0.6770
-13.0656	+23.3618	 +1.8933	 -0.4615	 -1.4880	 +0.5127
 +0.3804	 +2.1917	 +4.8131	 +1.9921	 +0.8091	 +1.4341
 +3.2946	 -1.8511	 +7.4700	 -2.8161	 -3.3047	 -0.5699
 -3.6973	-22.6379	 -8.1741	 -0.8225	 -1.2150	 +2.1294
-14.8467	-15.2939	 +2.1665	 -2.4457	 +0.4617	 -3.3704
-50.4478	-47.2101	-25.1227	 -2.1674	 -0.2869	 -0.3179
-22.5996	 -0.2467	 +9.8419	 -2.4717	 +1.6524	 +0.4478
 -0.4199	+11.6636	 -4.0809	 -0.9052	 -1.2097	 -3.2273
 +1.8506	-11.0693	 -3.0688	 +1.2486	 -3.7972	 +1.7468
 +4.0266	-18.9848	+11.5500	 -1.2259	 -1.8908	 +0.0586
+21.5202	+13.2929	-63.2105	 +0.4914	 -0.0481	 -0.6234
 +3.5095	 -3.1776	 +0.1926	 +3.5176	 +1.7357	 -0.5417
 -1.8492	-14.0995	 +5.3334	 -3.8366	 +0.1600	 +0.9583
-15.8810	 +1.5734	 -6.0562	 -2.9988	 -0.4178	 +1.4448
+10.7211	-17.6368	+32.4883	 +0.0268	 -2.3685	 -0.7089
 -2.1532	 -5.6402	 -2.5046	 -1.8145	 +3.7061	 -0.8675
+64.5621	+83.5797	+80.9194	 +0.3375	 +0.7192	 +1.0489
+10.2387	 -1.2901	 +5.6722	 +2.8495	 -1.6577	 -1.4723
+17.2582	 +2.4110	+16.1230	 +2.0544	 +0.6217	 -1.4915
+21.9967	-21.6586	 -3.6718	 +2.3468	 -1.1597	 -0.3212
+24.2204	-17.4951	-31.4943	 -0.2916	 -2.4538	 +0.5167
 -9.5645	 -1.1248	 -2.4537	 -1.7227	 -0.4633	 +1.6730
 -4.8384	 -7.2390	 -7.9766	 -3.7622	 -1.2132	 -0.0550
 -5.8547	 -9.5587	 +4.3350	 +1.1493	 +1.5945	 +2.2772
 +9.1409	-25.6066	 +9.6299	 -1.7607	 +1.3795	 +0.2569
 -9.4294	 -0.5685	-13.9654	 +1.4008	 +1.5199	 +1.0630
 -9.1221	 -3.9618	 +1.6761	 +1.2102	 -0.3937	 -0.5844
 -5.1843	 -5.1246	 +1.0610	 +1.0614	 -3.6092	 -0.1711
 +5.6284	+10.3695	 +8.9479	 -1.0125	 +1.5335	 -2.5128
 +4.2621	 -0.8358	 +5.7044	 +1.7817	 -1.1545	 -0.3690
-672.9447	-203.6751	+564.3715	 -9.3188	 -2.8007	 +7.8949
 -5.3033	-18.8280	 -2.1811	 -0.0791	 +0.4265	 -1.0418
 -4.4713	 +4.8257	 -2.1124	 +0.5146	 -1.6538	 -3.0713
-23.4340	 -2.2168	 -7.8603	 +0.5721	 -1.3138	 +1.1910
 +3.2518	+12.5858	+16.7447	 +0.8387	 +1.6541	 +1.0306
+39.9898	 +5.3283	 -9.4900	 +1.2077	 +0.7063	 -0.1039
+14.6970	+20.2498	+15.7992	 +0.5457	 -0.4206	 +1.5649
-23.9174	 -8.4007	+11.6879	 +1.4631	 +2.5073	 -0.6206
-15.8195	 -1.3964	 +4.2172	 -1.0738	 -0.7775	 +0.7724
 +5.2780	 -9.8295	 +3.8719	 -1.7902	 +3.9445	 +2.2520
 -5.9082	 +3.0558	-46.6403	 +1.8321	 +0.0652	 -1.4462
 -9.4994	-22.7290	 +3.2479	 -0.0357	 -3.9513	 -0.7225
 +6.4481	 -7.2853	 +0.4363	 +1.2355	 +1.9949	 +1.3846
 -1.2674	 -1.9563	 -1.8627	 -2.0213	 +2.3657	 +1.0263
 +4.2526	 -7.8449	 +9.8975	 -0.6388	 +0.2993	 -1.1922
 +9.3417	+10.5996	 -0.9987	 +6.7851	 +6.4856	 +3.0399
-35.1756	-20.9754	-29.1858	 -2.1466	 +0.5300	 +0.0865
 -7.2044	 -5.2005	 +0.4132	 +0.6063	 -3.5113	 +1.7663
+27.7310	+69.6597	 -4.4323	 +1.2988	 +2.5053	 +0.5769
 +3.9390	-11.8130	 +0.4485	 -1.0434	 +1.0572	 -1.9118
+15.4026	 -0.0863	+25.8043	 +1.3338	 +0.5660	 +0.2263
 -7.4591	 -4.9335	 -3.5787	 +0.4813	 +3.1773	 +3.2450
+21.6857	-11.8748	 +7.1756	 -1.1057	 -0.7884	 +1.5206
-56.6112	 +7.9832	-60.9811	 +0.6741	 -0.0023	 -0.4304
+95.4584	-22.4238	 +8.9506	 +0.1362	 +0.9942	 -0.8573
+20.3738	-26.4397	-74.0947	 -2.3606	 -1.1888	 -0.0823
+22.4692	-18.1026	 +2.6104	 -0.3367	 -3.3997	 -0.5505
-67.3983	+14.2998	 +7.1353	 -1.1614	 +1.8551	 -0.3326
 -4.4356	 -2.1872	 +6.0324	 -1.4699	 +2.2052	 +3.6158
-13.7651	-21.0368	 +6.3761	 +1.6510	 -1.1909	 +0.3551
 +0.4596	 -3.2772	-11.4722	 -3.7147	 +0.1192	 -4.1604
+10.4891	+61.5980	+46.6755	 -0.5162	 -1.4530	 +1.0310
-14.3656	-12.0346	+23.4149	 +3.4377	 +1.0403	 -0.7067
+22.8041	+15.2580	+13.4959	 -0.9809	 +1.5769	 +0.8940
-13.6626	+12.1027	-21.8273	 +0.4399	 +0.5480	 -1.0934
+13.2290	-11.0475	 +0.4715	 -1.9230	 -1.1894	 -0.2082
 -7.0654	+17.5848	+42.4340	 +1.3170	 -0.0639	 +0.9018
 -1.6177	+16.4026	 -1.2653	 -0.9102	 +2.2482	 +0.0683
-19.6117	-10.9727	 -3.7800	 -1.3161	 +0.7248	 +1.3759
+13.1309	 -3.1376	 +0.5673	 -0.2690	 +0.8302	 +0.7855
+17.7673	+34.7803	-14.9613	 +0.5390	 +1.9140	 +0.4713
 -3.7802	-22.0686	 +4.4104	 +1.2569	 -1.5852	 -2.2736
 +9.3283	 -5.4903	 -1.2551	 +2.6351	 +2.2445	 -3.4472
 +5.4835	 -8.1792	 +6.1107	 -0.1367	 +1.7304	 -2.1704
 -6.2550	 -7.0259	-32.5275	 -0.0504	 +0.6368	 +2.4574
-12.9256	+10.5374	+11.2780	 +0.2679	 -1.2772	 -1.8518
 +2.5019	 -7.1495	 -1.5581	 +0.5585	 -3.6852	 -0.7171
-74.7120	-16.2147	 +2.2041	 -1.4763	 -0.7561	 +0.0357
+41.2495	-27.2576	-107.7146	 +0.5066	 -0.4688	 -0.9532
 +9.9271	-14.5165	+25.3936	 -0.4745	 +1.3346	 -0.3099
 -5.7707	-17.4407	 +3.1308	 +0.2660	 +0.4276	 +0.4755
 +5.0412	-13.3197	-20.4877	 +0.9216	 -0.5562	 -1.3794
-19.0390	-14.0199	-13.3941	 -1.5105	 +0.1189	 -0.6334
+49.1995	-32.9432	-51.8285	 -1.0985	 +0.1348	 -0.1882
+18.6750	 +0.8252	 +6.1555	 -0.3987	 +2.0611	 +0.5379
-19.7185	 -8.5611	-18.0544	 +0.2366	 +2.2085	 +1.4736
+29.5114	-50.3500	+60.9520	 +1.1809	 -0.8170	 +0.5332
 -3.9255	-17.1669	-10.5376	 -1.3398	 +1.2752	 -0.0443
-36.4199	 +3.1532	-46.3827	 -1.5259	 +1.7967	 -1.0497
-53.7940	+28.0813	-52.0715	 -1.1411	 -0.0873	 +0.1420
 -5.9101	 -5.1638	-18.0422	 -1.4636	 +0.8136	 -0.6546
+23.8766	-66.0311	-66.6715	 -0.1391	 -0.9626	 +0.1374
 -4.5727	-80.6854	-27.2902	 -0.5116	 +0.3656	 +0.3193
-61.5694	 -5.3122	-13.1353	 -3.5790	 -0.6237	 -0.7134
+14.0059	-27.1072	 -3.9234	 +0.8990	 +1.0025	 +0.7724
-14.3046	-10.2896	 -7.3047	 +1.6717	 -0.5675	 -1.2353
-24.0114	 -9.2591	 +2.6349	 -1.6937	 -0.2526	 -0.1801
 -2.0422	 -4.3313	-21.0867	 -0.0449	 -0.4176	 +0.8712
 +9.1885	+11.3762	+14.0197	 +3.6322	 -0.5450	 +1.8023
-17.9355	-108.7807	+91.8229	 -0.2993	 -0.5461	 -0.8936
+55.6750	-75.1310	+49.3188	 +1.8330	 -1.0852	 +0.6385
-15.5769	 -6.5160	 +5.4092	 +1.9222	 -3.3588	 -1.9774
 -4.9532	 -6.4144	-12.6357	 +2.0276	 -0.8893	 -1.0646
 +2.2164	 +8.0818	 +0.6353	 -0.3236	 -1.9955	 -1.6391
+21.8598	 -3.1900	-20.0830	 -1.2069	 -1.1601	 -0.2333
 -9.0080	-30.8142	+16.7676	 +0.4423	 -1.0652	 -2.4050
+34.4415	-13.9996	-122.1949	 +0.6632	 -0.3276	 -0.7121
 -4.9029	 +8.9598	+20.0263	 -2.5767	 -2.4173	 +0.8847
 -1.4742	 -7.8463	 -7.7976	 +3.4975	 +1.1223	 +2.5182
+11.6346	 -5.6346	 +0.5952	 -1.7510	 -0.3862	 -0.6577
-12.1091	 +3.4157	+22.7797	 -2.2168	 +1.7547	 -0.6612
-12.1224	+19.7573	 -4.7096	 -1.2837	 -1.5869	 -0.5460
 +7.0207	-15.5166	 -8.0784	 -3.2614	 -0.5477	 -1.1415
-20.2365	 +0.6598	 +1.8544	 -4.3351	 +1.5963	 +1.2086
 +4.2245	-10.2246	+18.4855	 +0.1436	 +2.9391	 +2.4158
 -3.9322	-26.4362	+18.0996	 -1.2037	 +2.2856	 +1.6776
-82.5692	+91.0763	+104.8935	 -1.4370	 +1.0756	 +2.1027
-353.5821	 +9.2329	+416.7490	 -5.8432	 +0.1966	 +6.9993
+10.0651	+15.4950	+12.1157	 +0.3406	 -1.7109	 +0.5780
 -3.4667	-17.7543	 -3.6412	 -0.7622	 -1.0312	 +1.0798
 +3.5892	-12.1113	 -6.1642	 +0.9832	 +0.2746	 +0.1889
+18.8114	 +9.6880	+33.7172	 +2.9201	 +0.2573	 +0.9537
 +1.9218	 +4.2920	 +1.0096	 -0.2281	 -2.1426	 +1.2456
 -8.1515	 +6.4152	 +4.4996	 +1.3742	 +2.1007	 +1.2550
 +8.7704	 +8.3347	+13.3245	 +1.9091	 +0.5536	 +2.0856
-14.2378	 -5.1013	 +6.7019	 -4.4159	 +1.4096	 +1.9756
+16.7601	 -5.2283	 +0.1020	 +3.1197	 +2.0463	 -0.1995
 +9.5541	 -6.0539	 +8.8771	 +2.1362	 +0.8194	 -0.7462
+22.7856	 -3.8699	 +0.0256	 +1.7543	 +2.4876	 -1.3788
 -7.8561	-13.6003	 -8.5682	 -0.0326	 +1.1529	 +0.4463
 -1.1408	 +5.4989	+28.1784	 -0.1707	 -0.9204	 +0.6580
-18.8960	 +8.8312	-16.1699	 +1.2741	 -1.7368	 -1.4724
+12.5060	 +6.6729	+22.5699	 +0.2676	 -1.6630	 +0.2421
+13.1149	 -4.7128	 -4.1689	 +1.3463	 -1.5033	 +2.1920
+15.4480	-11.6561	-14.5193	 -0.8901	 -0.3920	 +2.3684
 +0.8246	-13.4189	+15.0966	 -0.1874	 +0.3430	 -1.1224
-15.3797	+18.0371	-32.1200	 +0.3274	 +1.3838	 -1.9712
 -0.9721	+20.4150	-15.4140	 +0.5321	 +1.4328	 -1.1426
-25.7708	-21.8636	+10.6544	 +1.9629	 -0.6659	 +1.0336
+33.3974	-16.4952	+29.6847	 -0.8773	 -0.9796	 -0.4543
+828.3398	-322.7518	-585.6119	+13.2607	 -5.1952	 -9.4757
+189.7352	-72.1394	+180.4152	 +7.6814	 -2.7318	 +6.7762
-17.8550	+16.4651	 +4.1445	 +1.3532	 -1.5338	 -2.8620
 -6.7741	 +5.5734	 -8.8434	 -2.5792	 -0.6113	 -1.3182
+13.3619	+29.6106	-42.6210	 +0.1672	 +1.7610	 +1.0276
+19.9696	-36.0248	-15.2124	 -0.6396	 +1.1769	 +0.8540
 +9.2736	 -3.2283	-11.4758	 -1.1231	 +1.9388	 +3.4979
+36.3025	+238.5520	+37.7832	 +0.5163	 +3.7935	 +0.3679
 -4.7886	-29.1004	-52.3142	 -2.5169	 +1.6012	 -0.1803
-21.3801	+12.9299	-24.0653	 -1.2093	 -1.6872	 -0.9114
+15.8755	-14.1214	 -2.3116	 -0.1929	 +0.4617	 +1.7826
 -2.1215	+10.0862	 -0.2901	 -2.2078	 -2.4801	 +0.9806
 +2.9680	+14.3511	 -9.6440	 -1.3457	 +0.8379	 +0.9319
 -9.7016	-12.5959	 -5.2131	 -1.4034	 -1.4848	 -2.4073
-16.8832	 -4.1619	+23.2069	 -0.6235	 +1.1701	 +1.1022
 +4.7896	 +1.0073	 +5.7872	 +2.7203	 +0.3990	 +1.6277
 +0.1132	 -1.8449	+17.1605	 +2.5510	 +0.3197	 +1.8835
 +2.1260	 -3.0573	+11.5865	 -3.3277	 +3.1603	 -0.1380
 -0.5763	 +0.8370	-49.2977	 +0.1262	 +0.9889	 -3.2897
-86.3008	-131.6364	-182.3922	 -1.1421	 -1.7865	 -2.4031
+48.3104	+12.9768	-97.3718	 +0.4452	 +0.0889	 -1.3786
 +4.7342	 -1.0373	 +5.5908	 +3.9276	 +2.0562	 -2.9353
-18.3794	-16.1408	+14.4752	 +0.1043	 -0.9279	 -2.7664
-33.9361	 -7.9403	-11.7536	 -1.2271	 +0.5620	 +1.2834
 -6.7883	-27.9691	+41.3666	 -0.4651	 -0.1913	 +0.0018
-100.6534	+45.8023	-48.6407	 +0.3217	 -0.1879	 -0.2837
 +9.9168	 -7.8449	+19.1171	 +0.3219	 +0.3676	 -0.0831
 -9.7400	-39.2588	-19.0524	 -0.4580	 +0.9228	 +0.4769
-20.6936	 -9.0274	+11.6370	 +2.5235	 +0.8494	 -1.1556
 +1.4927	 +6.5062	 +1.8403	 -2.4500	 -0.7629	 +0.9104
 -3.4853	 +4.3442	 -8.1833	 +1.5119	 +0.1767	 -0.1042
 -0.3519	-22.0848	 +1.4786	 -2.7461	 -0.4013	 -0.6598
-11.9580	 +8.3296	 +2.4309	 +0.9944	 +0.3621	 +2.5607
 -0.8340	-135.1567	+14.4593	 +1.3610	 +1.1049	 -0.2312
 +2.2865	 -5.1970	 -4.3214	 -0.3866	 +0.4347	 -0.0423
 -3.2438	-19.0233	 -7.5298	 -1.9614	 +0.2508	 +2.2972
 +1.2491	 -4.8836	 +1.1595	 -1.5948	 +3.9861	 -0.4373
 -6.4454	 -1.7358	 -8.9656	 -2.0778	 -0.0818	 +4.5243
 -7.2360	 -7.9667	-15.5472	 -2.2311	 -0.1559	 +3.0850
 -9.1949	 +2.8889	 +8.8298	 +0.0601	 +0.8715	 +0.1165
 -6.1397	 +5.8223	+10.3760	 +0.7224	 +1.5775	 +2.4788
 -3.9409	-33.7912	+18.7797	 +2.0579	 -1.6062	 -1.6142
 +2.6199	-12.6344	 -0.4470	 +1.5766	 +1.1661	 +1.6108
 +5.7843	 +7.4632	+12.0796	 -1.0546	 -1.0773	 +0.1382
 +1.7507	-25.0742	-19.0430	 +0.9884	 -0.5065	 +0.9814
+16.1916	-14.6021	 -5.2140	 -2.2183	 +2.3723	 +1.0310
 +4.2589	 -2.7122	 -2.8363	 -2.7403	 -2.0273	 -0.0230
 -7.6933	 -5.5650	-13.8576	 +0.8488	 +0.2895	 -1.5951
 +1.0649	-43.1191	 +5.6935	 +0.5179	 +0.0711	 -1.3634
-13.5043	 +2.6464	 -0.5596	 -1.7107	 +3.2905	 -2.2497
+26.4404	 +1.3358	 -9.5658	 +0.6928	 -0.4646	 +1.0017
+59.6273	+90.1326	+60.7080	 +1.7103	 +2.2667	 +2.0521
-65.0899	+53.8208	-57.3195	 -0.1758	 -0.1012	 +0.3600
 +3.9579	+41.9439	-27.1223	 -0.8117	 +2.1553	 -0.1137
-19.6723	-18.5707	-17.4031	 +0.8963	 +0.3908	 -0.5532
 +6.0407	-13.4849	+30.5929	 +0.6706	 -0.7094	 +1.0487
 +4.8711	-14.6812	 -3.1764	 +4.2258	 -0.5035	 -0.4691
-40.6360	+31.7775	-22.7621	 +0.3012	 -0.2171	 -0.8959
+48.9198	+65.1420	+18.3770	 +0.8075	 -1.0552	 +1.8492
-152.1295	+116.3408	+109.9823	 -3.7018	 +2.5697	 +2.6410
+13.8852	 -6.2461	+28.2890	 -0.2191	 +0.1564	 +0.3774
 +3.8838	-21.9458	 -2.2152	 +0.9609	 -1.3296	 -0.9855
 -0.1707	 -4.9385	 -2.0278	 +1.0797	 +4.3697	 +2.5446
+12.5761	 +0.6798	-28.7883	 +0.1677	 +0.6562	 -0.4352
 +4.0868	 -5.6098	 -0.2247	 -0.4773	 -1.8097	 -2.7228
+15.3628	+41.7934	-29.8104	 +0.6797	 +2.0168	 +0.4704
 -8.6419	 +0.8246	 -4.2367	 +1.2933	 +3.8203	 +2.1037
 +0.4810	 +2.3787	-14.7537	 -0.3927	 +1.7770	 +2.4978
 -2.3668	 -8.1928	 -0.1300	 -1.3701	 +1.5807	 -4.5473
 -8.7032	-16.8719	 -5.8059	 +1.3752	 +2.0067	 +2.7940
-23.6297	-22.4953	-15.6992	 +2.1598	 +0.7695	 -3.2780
+23.6622	 +8.4594	+61.6177	 +0.8903	 +0.8876	 +0.0873
 +4.6158	-13.8704	+19.0942	 +2.0517	 +1.3189	 +0.9575
-13.9739	 +6.0146	 +6.5307	 -2.2711	 +0.4761	 -1.0366
 -6.9005	 +1.5926	 +6.2474	 +4.1279	 -1.3492	 -2.4508
+23.6725	-25.0572	-52.3382	 +1.6309	 +0.0762	 -0.0642
 -9.7578	 +2.3933	 +4.1549	 -1.2486	 -2.0267	 -0.6437
 +5.5848	 +6.4060	 -9.2934	 +1.2518	 +3.5059	 +0.1288
-25.0627	 -5.8108	-11.8529	 +1.6076	 +1.3862	 -1.6380
 +0.7722	 +1.1604	 +5.3635	 -1.1748	 -0.6649	 +0.9867
-38.5913	 +8.6980	 -0.9614	 +1.0914	 -0.9201	 +2.6359
-13.6143	+33.3898	-20.4680	 +0.2718	 +1.6747	 +0.8315
 -0.0891	 +3.7594	 -2.3726	 -0.1372	 -0.4339	 -4.0809
 -4.9442	 +2.6529	 +1.2020	 -2.6337	 +2.7909	 +2.0288
+28.1517	 -7.3512	-23.3382	 -1.6472	 +0.5936	 -0.3245
 +8.2168	+12.9927	-10.4780	 -0.6703	 +2.0525	 +1.9479
-19.2646	 +0.4874	 +7.7692	 +1.5274	 -1.4729	 +1.0629
 -2.7342	 -5.0344	-18.3847	 -0.5101	 +1.2806	 -0.2110
+25.8300	+11.0450	+18.1998	 +2.1921	 -0.5088	 +2.1394
-10.9602	 +1.6357	 +1.2010	 -0.8246	 +1.4664	 -1.3425
+13.9525	-20.3050	-17.5701	 +0.3900	 +1.8189	 -3.3123
 -6.9244	 +2.1771	 -7.8897	 -1.4840	 -0.4549	 -0.4400
-11.5400	 +2.8793	 -3.5668	 -0.2981	 -1.8555	 -1.5151
+10.7163	-299.9319	+213.3644	 +0.1232	 -3.7825	 +2.5772
 +1.8587	 +5.2417	+15.7077	 -0.0379	 +2.6264	 +0.7325
 -5.2166	-30.0840	-11.4578	 +2.0051	 +0.2608	 +1.5520
 -2.8422	 -9.7566	 -5.7076	 +1.6849	 -0.0201	 -2.0729
+30.4180	 +6.0054	+12.2463	 +0.0724	 -0.4310	 -0.0609
+14.6967	+11.8781	-24.6247	 +0.2808	 -0.7033	 -0.4465
 -8.6990	 +5.3591	 +8.7942	 -1.1560	 +0.6010	 -1.4436
+22.1456	-66.2850	+51.7779	 +1.6248	 -2.6430	 +2.8607
 -6.0547	 +8.7075	 -7.6488	 +0.4318	 +0.3781	 -2.1101
-18.3153	 +2.1140	-28.3908	 -3.0335	 -1.5782	 +0.7889
 +0.9363	 +3.2194	 -6.8777	 +1.2956	 -1.7637	 -1.6785
-11.4435	 -1.7753	 -0.4727	 +4.4366	 +0.5532	 +0.3869
-18.3160	 -5.7029	 +6.9802	 +2.7809	 -0.3392	 -2.0033
+14.6171	+19.7903	 -1.2145	 +0.8404	 +1.1971	 +0.9188
+28.4029	-57.9666	-22.4986	 +0.4250	 -1.2171	 -0.3907
+169.9238	+15.0713	-263.4429	 +2.8270	 +0.3065	 -4.0583
 -8.9672	 +0.1604	-13.0423	 +2.0167	 -2.4960	 -2.3730
 -7.9880	 +0.7056	+12.5732	 +1.8199	 -0.5357	 -2.1730
 -4.8241	 +5.4910	 +3.6403	 +0.5855	 -2.6202	 +0.2804
-15.0087	+10.8151	+23.0200	 +1.2499	 +0.1876	 +0.7894
-30.2121	 +3.7909	 +0.5472	 +1.6807	 +2.3983	 +0.3165
+20.2243	-28.5984	-47.2611	 +0.0471	 -1.1031	 -2.1761
 +3.8820	 +9.1680	+14.9852	 +2.2826	 -0.1798	 -2.6780
 +0.8460	 +9.4543	 +0.7267	 +0.1039	 +0.1561	 -0.2404
 +4.6303	 -7.2023	 -8.2418	 -1.3478	 +0.3902	 +0.7964
-13.5754	+76.0227	+53.8841	 -0.8554	 +2.8309	 +1.4138
-44.6671	-55.9294	-63.3473	 -0.0316	 -1.1033	 -0.8751
+17.4846	+11.2285	 +0.4745	 +3.2592	 +1.0877	 +1.3949
+12.1214	+19.5572	-24.8456	 -1.2819	 -0.0303	 -2.2111
 -3.2743	-18.8783	 -4.2016	 -1.0054	 -0.1260	 -0.9242
 +1.2505	-14.4244	 +1.1458	 +0.0012	 -2.4973	 +0.7699
 +6.3061	-33.2541	 +9.8084	 -0.7637	 +1.0771	 +0.4541
 -4.2535	 -5.4072	 +5.6061	 -2.8816	 +0.0585	 +0.3980
+12.9879	 +7.0311	 +9.5729	 +2.2214	 -0.5886	 -0.1218
-238.8444	+98.7971	-202.6318	 -5.4473	 +2.4042	 -4.2731
 +3.7233	 -6.8022	 +0.3156	 +4.0944	 -1.6591	 +0.3509
+10.7474	+49.2209	-70.6506	 +0.8287	 +0.3688	 +0.6767
-25.8018	 +5.2029	+11.5182	 +1.4807	 +0.4136	 -2.5797
+124.2925	+270.6912	-20.0328	 +1.5604	 +3.4305	 +0.0493
+28.9475	-10.2517	+13.6529	 -0.6314	 +0.4853	 +0.3654
 +1.3641	 -7.7720	 -8.5508	 -1.5943	 +1.8502	 +0.6778
 +7.5026	 -2.7125	-20.6439	 -2.2367	 -0.0178	 +0.2310
+20.2085	 -1.4275	 +8.2124	 +0.1036	 -1.0134	 -0.5271
 -7.6423	-20.0376	-17.1735	 -1.0295	 +1.9176	 -0.3105
-114.4046	-801.6496	-63.1389	 -3.3951	-24.0466	 -1.6083
+10.7782	 -6.1222	 -1.2609	 +1.4654	 +1.2435	 -2.3127
 +4.3937	+13.4938	 -0.7493	 +3.1583	 -1.3215	 -1.8258
+23.6838	 +3.2321	+66.1706	 -1.5187	 -0.6937	 +0.3972
+21.9754	 +0.2549	 +2.1653	 -1.2368	 -0.3996	 -0.7451
+20.0969	+27.1874	 -7.5365	 -1.4043	 -1.9096	 -0.0834
-16.9905	-27.6478	+10.2986	 -0.2341	 +0.5298	 -1.6718
 -9.6725	+11.8465	 +1.5244	 -1.9032	 -2.7929	 -0.1458
 -0.5560	 +4.8162	+10.9905	 -1.0410	 +1.5872	 +1.5590
 -1.9601	-25.6721	-16.9949	 -0.7848	 +2.2669	 +2.2787
 -7.8057	 +2.6325	 -4.9169	 +1.9107	 -0.2889	 +4.4865
 +0.7053	-11.4936	+14.3871	 +0.0978	 +0.5453	 +1.1614
-10.0424	+17.0725	 +9.1334	 -2.3049	 -0.3282	 +1.9589
 +1.1405	-12.1657	 +2.2958	 -1.4351	 -1.0201	 +1.3356
 -4.3903	 -9.6580	 -7.0332	 -3.8469	 +2.1999	 +2.0014
-37.2008	+45.5288	+19.1662	 +1.3322	 -0.7027	 -0.2566
 -9.6481	 -6.1691	 -9.7427	 -2.5391	 -1.6240	 +1.2580
 +1.3154	-13.0641	-19.0532	 +2.0286	 -0.5785	 +0.9778
 +7.4851	-60.0053	+13.2160	 -1.0340	 +0.7036	 -0.9007
-65.4374	+65.7841	 -4.8082	 -0.0362	 -0.4461	 -0.6205
-23.7425	 -0.2003	+12.4243	 -1.1656	 +0.0718	 +0.8438
 -0.8381	 -4.8912	 +9.1187	 +0.6202	 -2.2068	 -2.8352
+69.8697	+68.0531	-50.3030	 +1.6278	 +1.9453	 -1.0873
+11.3779	-24.2203	+11.6870	 -1.3393	 +0.3416	 +1.8562
-51.8242	+116.1151	-18.6822	 -0.3020	 +0.7621	 -1.3395
 -3.4416	 -4.9964	+11.2795	 +0.9036	 -4.7735	 +1.8614
-23.1698	-11.6433	-53.8076	 -0.2949	 -0.3860	 -1.8832
 +7.5102	 -3.0971	 +8.2053	 +0.0779	 +0.0440	 +0.5499
 -6.0724	-12.7948	 +1.8213	 -3.9463	 +2.0878	 -2.0521
 -8.6943	+11.5278	 -2.8623	 -0.0932	 -0.7405	 -1.2250
 -1.6095	-15.6833	-22.4696	 -1.0515	 +1.8900	 -1.0618
 +8.1120	-22.3204	 +2.8980	 -2.1320	 -0.1038	 +1.2362
 -9.7224	+13.8847	-51.5760	 -0.4017	 +0.2080	 +1.1372
 +4.2275	 -2.6850	+12.6991	 +3.1644	 +0.5323	 +2.7440
-13.0008	 +1.1888	 +5.3358	 +1.1416	 +1.6579	 -0.7360
 +1.3178	-16.7665	 -1.0476	 -0.4628	 +0.4322	 -0.6554
-51.8172	+270.0247	-845.5600	 -0.7137	 +3.6795	-11.6163
 -2.5656	 -7.2377	 +8.5289	 +0.8041	 +2.7267	 +2.0423
+40.9767	+29.5149	-35.8559	 +1.5583	 +1.0902	 -0.2255
+102.7165	+55.4542	-126.1107	 +1.5610	 +1.0635	 -1.9834
+141.2271	+11.2963	-39.7783	 +1.5277	 -0.0100	 -0.4156
 -2.4861	 -6.4086	 +6.4579	 +0.8726	 +1.5345	 -1.0533
 -2.0385	 +1.1619	+11.8801	 -0.1155	 -1.9103	 +0.4203
-17.0322	-95.1482	+88.1287	 +1.0151	 +0.8523	 -0.8598
 +1.2035	 -3.7263	 +6.7014	 +3.3439	 +3.6383	 -0.9699
-20.1342	-20.2675	-15.8836	 +1.7487	 -0.8824	 +1.6600
 +4.3205	-10.3356	 +8.5604	 -2.3598	 -0.6964	 +0.7377
-50.1105	+38.8551	+68.9147	 -1.3430	 -0.4167	 +0.1696
-10.1987	 +9.9362	 +3.3132	 +3.4254	 -1.8363	 -0.1134
 -3.2060	 +9.2642	 +9.1805	 -0.9428	 +2.9326	 -0.5865
-17.8353	+36.8102	-56.0548	 -0.9899	 -1.7347	 -1.0115
-16.1565	 +4.0337	 -7.4274	 -0.0453	 +0.4175	 -2.1008
 -5.9059	 -3.9321	 -1.4241	 -3.1302	 +0.2549	 -3.1042
+21.3164	-32.9447	-45.1026	 -0.0812	 -0.5657	 +0.4364
-14.0872	+21.2616	 +0.3576	 +0.2237	 -0.8476	 +2.8197
-17.0450	-34.2372	 +7.5003	 -0.2071	 -2.4893	 -0.1862
-21.7489	-22.4549	 -9.3016	 -0.2364	 +1.1927	 -1.0751
 -1.9655	+21.0310	 -5.2089	 -0.1527	 -0.6886	 -0.4190
 -5.2179	 -9.4882	 -7.9783	 -3.4166	 +0.4558	 -2.4054
-12.4627	+11.1188	 +0.5092	 -0.5865	 +1.5263	 -2.7040
-35.0120	-38.3378	 -8.7697	 +0.8265	 +0.5278	 +0.7043
-15.2249	 +5.1232	 -7.9032	 +0.6892	 +0.9884	 -0.2298
 -4.5334	-13.8389	 +6.4155	 -1.2735	 +3.1398	 -1.7215
 +8.0197	 -0.0338	 +2.7155	 -2.7448	 +1.2700	 -2.7611
+15.3893	 +5.7638	 -4.2002	 +0.5377	 -0.8427	 +1.5007
 +6.0588	-34.3527	+68.4738	 -0.8790	 +0.6003	 -0.3109
-18.7938	 +6.7505	 +5.0759	 +2.6967	 +1.6933	 +1.0833
 +0.3742	 +8.1261	-12.7335	 -1.9264	 -0.6458	 -0.2214
-11.4297	-18.8061	 -6.3033	 +1.3923	 -0.7262	 -2.7995
 +6.0857	+15.9386	+34.1874	 +0.0494	 +0.2896	 +0.4222
+12.9195	+66.8479	+78.3049	 -0.0470	 +1.3524	 +0.5911
+10.1764	-60.2439	 +3.7564	 +1.3459	 -0.3044	 -0.7396
-69.0727	-43.9034	+20.3044	 +1.1912	 -1.7106	 +1.2510
+164.0344	+139.9765	 +0.1942	 +1.6780	 +1.6631	 -0.0913
+25.4632	 +4.3717	+10.0244	 +1.7402	 +1.5135	 -1.1234
+36.1733	-20.3086	-52.4033	 -0.5199	 +0.8485	 +0.8461
+11.4229	+11.5728	 -0.9449	 +2.0089	 +1.7633	 -1.2727
 +7.9550	 -9.4782	+19.4398	 +2.3132	 +0.0844	 -1.4763
-14.4942	 +6.0158	+12.2835	 -0.1607	 +0.5299	 +0.4372
 +3.5708	-11.3480	 -9.7536	 +0.7066	 +3.6944	 -1.1883
 -6.3758	 -0.3725	 -4.4959	 -1.0304	 +2.7764	 -1.0985
 +2.1307	-12.4523	 +7.3297	 -0.1276	 +0.1543	 +2.9481
 -4.1898	 +8.5498	 -7.2443	 +4.3354	 -0.6633	 -1.6135
+68.6130	-33.2243	 +2.3224	 +0.8460	 +0.2041	 -0.7439
-17.6521	 -3.2805	 +9.6618	 -2.9683	 -0.5752	 -2.1759
-35.3135	+21.9522	 +8.9905	 +0.4980	 +2.3771	 -0.4653
+23.7157	 -5.3183	-13.2301	 -3.4346	 +0.2589	 +0.0115
 -5.4625	 -6.2487	 +0.7881	 -1.2016	 -2.8639	 +1.7651
-12.5125	 -9.6960	 -0.5712	 +3.4846	 +1.2686	 +0.8986
 -2.1634	 +5.2491	-11.3466	 -1.0798	 -1.3590	 +1.2223
-104.1208	-100.3238	+109.6754	 +0.7636	 +1.3091	 -0.2687
-14.2527	 -4.9963	 +4.7224	 +0.2145	 -3.2344	 -0.0627
+54.3591	+61.7720	-68.2268	 +0.3797	 +1.3815	 -0.0129
-12.8835	 +7.5887	+10.9658	 +0.3932	 -0.9385	 -0.7731
 -2.7882	-58.5757	+20.0819	 -0.2074	 -3.0421	 +0.5177
 +3.3050	 +4.7597	-12.5419	 -0.5093	 -4.0767	 -0.8276
-12.7765	 -3.2081	 -4.9278	 +3.4271	 +0.7804	 -2.2971
+37.0226	-13.1372	 +2.2471	 -0.8601	 -0.6642	 +0.8948
-53.7507	+41.2242	+52.6452	 -0.5890	 +1.2751	 +1.0437
-14.0705	-31.9172	 -8.7507	 -2.0218	 +0.9315	 -0.7978
+15.9535	 -1.8140	 -1.0427	 +0.5475	 +3.7172	 -1.8425
 -1.4691	+15.8006	 -1.0914	 +0.8402	 -0.0807	 -2.2387
-11.8721	-10.7972	 -7.7994	 -5.0526	 -5.5977	 -0.6544
-10.7922	 -1.0188	+12.6519	 -1.7658	 +0.8060	 +0.9783
 -5.5016	+15.5222	 +1.5283	 -0.5084	 -3.2447	 -0.6110
-16.5327	+16.3397	-37.7905	 +0.4320	 -0.1173	 -0.2374
-36.5422	 +2.4222	+20.4774	 -2.5007	 -0.0786	 +1.2612
 -6.2984	+28.6564	-39.6958	 -0.3733	 +0.1174	 -0.0841
 +5.6647	+10.3445	 -8.6956	 -2.5387	 -0.3133	 -2.8219
 +7.5204	 -6.3075	+41.0349	 -0.3011	 -1.8846	 +0.4073
 +4.3038	 +9.0085	+10.3515	 +0.4064	 -2.3287	 -2.8793
-18.0081	-74.3511	-61.8388	 -0.6829	 -0.8875	 -0.3141
-10.5953	 +0.3434	 -8.2406	 -3.3700	 +1.3547	 -0.3138
 +2.1041	 -1.8342	 -0.1092	 -0.0530	 +3.7886	 +0.3039
 -5.7497	 -1.1612	 -5.6504	 +0.1735	 -2.5073	 +0.6486
 -5.7196	+10.0315	-14.5082	 +0.1068	 -1.0682	 -3.2265
-29.1300	+16.9574	 -5.5243	 +0.2781	 -0.4672	 +0.4076
 +0.7456	-41.7999	-10.8647	 +1.8251	 -0.3868	 -0.2684
 -7.5331	 -6.8425	+13.0875	 -1.3110	 -2.3629	 +2.1280
 -5.9808	 +0.2033	 +4.6858	 +2.7120	 -2.2011	 +3.1574
+43.4922	 -7.1864	 -4.1339	 +1.2141	 -0.1975	 -0.3249
 +6.7977	 -3.0272	 +2.1195	 +0.4502	 +3.3979	 +2.9420
-32.8713	 +3.1817	 +1.0512	 -0.1388	 -1.6855	 +1.0314
 +0.0100	-19.9563	 +8.9502	 -1.2586	 -0.7075	 +1.7447
-329.4942	+361.5960	+599.9738	 -5.9742	 +6.4837	+10.8963
-138.5670	-189.7514	+26.9896	 -2.0759	 -2.7145	 +0.7461
+11.4327	 -5.5894	 +1.9280	 +0.4704	 -0.5463	 -1.2674
+20.7846	+25.8049	-15.2811	 -0.8907	 +1.2738	 -0.6278
+23.4515	 -7.3660	-12.1869	 -1.8218	 +1.8163	 -1.6503
 -2.3571	 +8.8786	+15.3712	 +0.6227	 +3.2501	 +3.2831
-13.8766	-42.3239	+116.1712	 -1.9476	 -4.0803	+13.4514
 -9.8709	 -9.1726	+30.4640	 +1.4507	 +1.0823	 -2.0085
 +8.8161	 +1.6195	 +2.7328	 -0.4007	 -0.3126	 +0.9286
 -5.3581	 +1.4754	-15.3889	 -0.8286	 -0.7062	 +3.3054
 -4.2366	-13.6535	+33.8852	 +0.2717	 +0.3598	 -0.0406
+22.7769	+10.6535	-14.0581	 +0.6414	 -1.1168	 +0.9870
 -9.8608	-11.7827	 +0.4802	 +2.0497	 -0.1157	 +0.5098
 -2.0523	 -5.3206	 -0.9823	 -1.8968	 +2.6351	 -4.0179
 -3.5963	 +7.6018	 -5.8149	 -0.1927	 -3.0247	 -0.0367
 +5.0770	+15.6169	 -2.1999	 +3.4651	 -2.3160	 +1.3025
 -1.5512	 +6.9464	+10.3904	 +0.4102	 +1.9168	 +2.0349
-11.2475	 -1.9753	 -4.7427	 -0.9635	 -1.8369	 -1.4012
 +6.9260	+25.4737	+20.0592	 -1.4310	 +0.2034	 +1.1899
 +9.2839	+23.4287	 -6.0802	 -0.5062	 -0.3739	 -0.7121
+18.6950	-12.5580	 -0.6197	 +1.6354	 -4.1273	 +0.2098
 -1.0672	 +0.2460	 -4.1035	 -2.2562	 +2.6893	 -0.0892
-13.3160	 +0.5013	-10.2231	 -0.0002	 +2.0028	 -2.3992
+10.7328	 -2.4131	+23.3461	 +0.6174	 -1.8672	 +1.3112
-17.1321	 +4.4713	 +7.6152	 +0.2445	 -1.8433	 +0.0958
-25.3480	-41.4281	+22.4381	 +0.4060	 -1.2052	 +0.0098
 -0.2504	 -1.4392	 -8.4419	 -0.4800	 -1.7806	 -4.4656
+22.0151	+21.4272	-22.3366	 -0.9035	 -1.0611	 +2.3168
 -9.2296	 -5.8872	-16.6963	 -1.6557	 +0.4494	 +1.8293
+98.1318	+89.5358	+200.9337	 +1.2968	 +1.5599	 +2.7148
-14.3364	+18.5649	 +0.0390	 +1.6340	 +0.5504	 +1.7706
 -5.0560	 -0.0928	 -4.6610	 +2.7649	 +1.8278	 +0.2722
-14.7899	 -1.2339	 -6.4721	 -2.4590	 -1.0052	 -0.8005
+13.7994	 -0.9826	 +5.5312	 -1.7983	 +0.5700	 +1.9588
 -6.4073	 -1.7404	 +8.1311	 -3.4995	 +1.3943	 -1.7684
+20.9963	-13.2788	-15.6071	 -3.0721	 +0.8311	 +0.4832
+21.1449	-34.1721	 +6.8038	 +0.1087	 +0.9795	 -0.4300
-12.8867	 +7.1836	 +6.7527	 +1.6764	 -1.3659	 -2.8890
+231.2836	+34.7160	-147.0461	 +5.4103	 +0.7411	 -3.1583
