# Num Particles: 1000
# Num Cores: 64
# Total Energy: -1.177935e+04
# Iterations: 601 of 1000
# Current Time: 2018-05-06 01:40:50.063953
# Elapsed Time: 0:30:22.101168
# Avg. Step Time: 0:00:03.031782
# 
# x	y	z	vx	vy	vz
# 
 -0.5397	 +8.8248	 -8.0502	 +0.2669	 +1.1751	 -2.7508
-24.6122	 -6.2051	-10.4543	 +1.0096	 -0.8659	 +0.1213
 -4.5406	 -0.5281	 +3.6103	 -0.8407	 +0.5514	 +0.8184
 -3.3340	+54.3683	-24.8200	 -1.4855	 +0.3178	 +0.4533
 +1.7437	 +0.0719	 +1.4354	 -1.6164	 -1.6746	 +0.1869
 -3.5593	-12.5669	+13.7067	 -2.2402	 -0.4059	 -1.1712
+11.2221	 -1.0960	 -1.6238	 +0.3034	 -0.8842	 -0.7997
 -0.5798	-11.4321	 -3.4469	 -1.4677	 +1.4173	 +1.2811
 +2.7118	-34.7510	-23.0048	 +0.6314	 -1.2943	 -0.7454
 -1.7714	+41.3544	 -3.8331	 -1.3376	 -1.5128	 +0.3193
 +0.3020	-10.4599	-10.2211	 -3.8280	 -1.0339	 +2.0167
 +0.0392	 +4.4909	 -2.8561	 +0.3099	 -1.4015	 +0.9714
 -6.7710	-10.7246	-18.7749	 -0.6526	 -0.3036	 +0.8557
+33.1589	 -7.0080	-10.1430	 -1.7247	 +1.4371	 -1.4289
 +2.9411	+12.9430	 +5.1460	 +0.6828	 -0.2769	 +1.9339
+18.6964	-10.2068	 -7.2701	 -0.1814	 -2.6408	 -1.9250
-17.0387	 -1.0463	 -4.4409	 -1.3859	 -3.4197	 +2.4685
 -0.8386	 -6.8228	-33.1055	 -1.3573	 +1.0280	 -1.2810
 +1.8465	 +2.8674	 -7.1905	 -1.4685	 +0.5636	 +3.2360
 -9.1554	-55.0648	+50.7085	 -2.2885	 +0.3943	 -1.5390
 +9.0296	 -2.6978	 +2.8561	 -3.4599	 +0.5433	 +1.1109
 +0.6267	-14.9499	 +5.8113	 +0.7672	 +0.9926	 +2.0056
 +2.4796	 +7.9028	 +0.3328	 +0.6624	 +1.6154	 +0.1903
 +2.1091	-14.3688	-14.4486	 +0.1258	 -1.6726	 -0.3612
 -7.5584	 +9.8603	-38.7941	 -0.4636	 -0.7257	 +0.6768
-29.4022	+45.7013	-41.1705	 +1.2938	 -1.0298	 +0.1930
-32.7764	+10.5087	 -7.2813	 -0.6868	 +0.8672	 -0.4295
 +9.4417	-12.4712	 +3.8608	 -2.9016	 -0.8815	 +1.4584
-26.6010	-10.4821	 -2.9487	 -1.0111	 +2.7887	 +1.6270
 -4.2075	+12.0076	 +3.6506	 -2.1555	 +4.2550	 +2.1483
-12.9372	+13.9529	+20.8880	 -2.3215	 -0.3065	 +0.3202
+12.3644	+48.4698	+44.1884	 +1.7711	 -0.8736	 -0.6298
+17.0019	 +6.8613	 -3.4403	 +3.6163	 -0.4883	 -2.4079
 +0.9672	+45.1593	 -2.2579	 -0.6147	 -0.4042	 +0.6426
 +2.7176	-26.7783	+23.8814	 +0.9153	 -3.0450	 +1.8601
+121.6655	+511.8677	+27.9959	 +6.1571	+25.7742	 +1.8931
 +9.7979	 +1.1821	 -6.9451	 +1.4653	 -3.8856	 -2.1866
 -0.5008	 +2.9521	 +4.5982	 +1.9055	 +0.2251	 +1.6990
+86.4151	+10.9096	+178.5979	 +2.1363	 +0.7068	 +5.3139
+15.3367	 -5.6805	 +3.4084	 +1.7914	 +0.7606	 -0.8267
 +0.6316	 +6.7796	+18.1281	 +0.1772	 -3.0500	 -1.9747
-16.4723	 +9.3404	-11.5646	 -3.1857	 +1.3799	 -1.6764
 -5.4193	-11.0585	 +2.5098	 -0.1519	 +1.0393	 -3.1241
-11.2713	-13.3713	 +0.2683	 +2.1618	 -1.4193	 -0.8233
 +5.5469	-26.5253	 +9.7677	 -2.2567	 +0.0893	 -0.9691
 +7.2281	-15.4306	 +6.8486	 -1.5906	 -1.9198	 +1.0794
 +5.7464	+12.5557	 +7.7218	 +1.0355	 -2.5531	 +1.1698
+13.6152	 -1.3918	 +7.3643	 -1.1236	 -2.0708	 -4.1402
-11.2627	 -0.9110	 -8.1979	 -0.2049	 +0.1802	 -0.4683
 -5.8399	 +7.1672	 +5.8169	 -0.2780	 +2.4670	 +1.5542
-23.2815	+67.1546	-44.2246	 -0.9624	 +0.3669	 -1.3541
+47.2079	 -3.6623	+78.2135	 -0.1831	 -0.3900	 +0.0536
+20.1312	-18.0574	 +3.4763	 +1.5836	 +1.0445	 +3.6878
-13.6986	+18.2158	 -0.8518	 +1.7543	 +1.5344	 +2.0217
+13.6869	+85.7201	+46.4026	 -0.1001	 +0.5518	 -1.1628
-31.8322	+27.1101	 +1.6587	 +0.2951	 +0.3855	 +0.2142
+26.5674	+16.1273	-30.2109	 -0.2564	 +0.1755	 -0.4544
 -4.5439	 +0.2124	 -7.0784	 +2.0564	 -1.5782	 +1.0678
 +2.7082	 +1.5968	+13.7218	 -1.6254	 +1.3141	 -1.9474
-31.1143	 +1.9247	 +4.4346	 -2.2264	 +2.7072	 -0.5911
 -6.0142	 -1.2280	-16.4525	 +4.0630	 -0.7709	 -1.6850
 -8.1739	 +9.1752	-18.7800	 +1.3392	 +1.7971	 +2.9587
 +2.3114	 +5.7820	 -3.5396	 -1.7529	 +2.1569	 +0.6368
-11.4596	 +2.9350	-15.3052	 -0.8728	 -2.5176	 -2.5047
 -9.2167	 -9.7898	-10.2620	 -0.3037	 -4.7936	 +0.1050
-12.1377	-11.5240	+18.6815	 +1.7616	 +1.7762	 -1.3773
-13.3102	-17.8632	 +6.9011	 +0.9928	 +1.0336	 +1.3931
+10.0481	+11.8356	+43.3591	 -0.9210	 -0.8324	 +1.1798
-14.6730	 +2.2480	-11.7770	 +2.4757	 -2.8364	 +2.0767
-499.7936	+409.2658	+696.4261	-10.5310	 +8.7108	+15.1292
+13.5474	 -6.2905	 +1.8811	 +2.4468	 -1.9437	 +0.2291
 +5.5924	-11.5757	+16.6644	 +0.3182	 +1.0265	 +0.7046
-11.2088	 +8.3525	 +5.8327	 +1.0982	 +0.2671	 -1.7332
+91.1335	 +8.3574	-121.8175	 +1.5085	 -0.1869	 +0.1935
 +1.1122	 -3.9604	 -3.9956	 +6.0279	 +0.6765	 +1.0853
+14.7184	-13.6976	+20.3820	 +2.5668	 +2.1050	 +0.0031
 -9.0059	+16.4389	-10.5578	 -0.5242	 +3.3519	 -2.1494
-14.3441	-11.0177	 +1.9806	 -0.9282	 -0.3811	 -3.9667
-74.5972	+166.4037	-127.5671	 -1.2354	 +3.3167	 -2.0038
 +0.5342	+13.0119	 +3.1891	 -4.0651	 +2.4074	 +0.7131
 +4.2895	 +9.6035	 +0.8319	 -0.4874	 +1.6947	 +0.8665
-15.1946	 +1.1696	 +4.9011	 +0.9182	 -0.7036	 +0.4510
 -8.6292	 +3.8470	 +3.9148	 +2.5233	 -0.9727	 -3.1559
 +0.0854	+17.0149	-21.1011	 -0.4697	 +3.8047	 +0.3570
-12.3520	+13.6079	+19.7441	 -1.8528	 +1.7116	 +1.7105
+24.9615	 +2.2076	 -1.9932	 +1.6074	 +0.8714	 +1.3074
 +8.4221	 -4.1173	 +9.7866	 -0.5532	 -1.0989	 +2.3667
-40.5259	+34.1412	-36.4254	 -1.7481	 +1.0970	 -1.8684
 -1.8004	+22.0902	-11.1322	 -2.0466	 +0.6817	 +1.2657
+17.5775	-43.2078	+14.9374	 -2.1754	 +0.1439	 -0.9073
-12.3625	 +2.2947	 -7.7556	 +0.6125	 +1.8887	 +1.9678
 -7.8320	 -2.3259	-10.3717	 -1.7295	 -0.6532	 -0.6113
+35.5935	+48.0018	 -9.8886	 +0.2008	 +0.5133	 -0.8563
-29.2981	 -4.4809	+11.8005	 -0.3550	 +0.0871	 -0.7457
+18.1624	 +6.0960	-13.1229	 -0.0056	 -0.6380	 -0.3734
-11.1425	 +2.4628	 -2.3329	 -1.2295	 -0.4138	 +2.4968
 -7.7048	-13.7785	+25.7555	 +0.8178	 -3.5263	 +0.7412
+11.0285	-11.4810	+19.4115	 -1.7498	 -0.7217	 +0.4090
 -9.6314	 -3.6394	 -8.5246	 +1.7030	 -4.2079	 -0.2789
+22.9955	+11.7925	 -1.0146	 +1.2602	 +0.5444	 +2.7177
+10.7139	+12.1715	 -1.3008	 -0.5420	 -3.3382	 -0.9662
 -6.4693	-18.6114	-16.0812	 +0.8199	 -2.5458	 -1.5382
 +6.7809	 +1.5007	 +1.7927	 -0.6321	 -0.1895	 +2.5429
 -2.3779	 +0.1111	+11.5528	 -1.9313	 -2.4169	 +0.9537
+377.4727	+94.6184	-192.5596	 +6.1907	 +1.5796	 -3.0583
 +4.4875	 +3.9142	 +3.4481	 +0.1945	 +1.1139	 +1.4081
-37.1982	 -2.6684	 +9.3826	 +2.2867	 -1.7289	 +1.1579
-16.6270	+16.8092	 -4.1428	 +0.9635	 +0.7710	 -0.4793
 -7.5537	 +9.8016	-14.8452	 -2.9601	 -0.0910	 -2.3251
 -3.4832	 +0.6664	 -4.3955	 +4.1678	 -2.9090	 -1.2091
+17.3979	-19.9100	+24.5714	 -1.4899	 -0.7056	 -0.2120
+456.7450	+426.9335	-208.0008	 -0.3220	 +0.6360	 +0.3347
-140.5185	+162.5444	+218.6222	 +0.0466	 +0.9870	 +0.2014
-10.1423	 +1.8935	 -2.6183	 +0.2237	 +0.6250	 +2.8436
 -3.1960	-10.4457	+22.5757	 -2.3211	 -1.4080	 -0.2019
 -8.0478	-12.0285	 -9.0287	 +0.2753	 -2.2384	 +1.9545
-14.1747	 +5.7253	 -9.8127	 +0.0264	 +2.6551	 -0.3677
+11.4619	 +3.8791	+85.0225	 -0.5812	 -0.1167	 +1.2898
-85.2761	+74.8227	-98.6093	 -5.9494	 +6.0158	 -8.0743
-45.2177	+41.0947	-20.4668	 -0.7566	 +1.0359	 -1.3313
-21.9680	+15.8086	 +4.9603	 -1.3285	 +1.3638	 -1.2514
 +7.6208	 -8.2211	 -1.4072	 -1.7412	 -1.7321	 -1.9682
-25.5414	 +0.2026	 -8.5894	 -0.8182	 -0.8613	 +2.0995
 -2.6561	-10.4983	-12.2492	 +1.2258	 -1.1539	 -1.8991
 +2.9907	+10.2057	 -2.0152	 +0.7616	 +3.0946	 -1.2089
-10.7184	+18.4390	+13.0563	 +0.5812	 +0.4255	 -0.7191
 +4.7683	 -1.9484	-10.0807	 +3.7379	 -1.0278	 +1.2635
+20.4516	 -6.0745	 +6.4310	 +4.1993	 -1.1200	 +1.9627
 -4.9987	 +2.9061	 +3.7004	 -1.1572	 -1.1263	 -0.5861
 +2.6711	 -1.5082	 +3.2054	 +3.5766	 -0.5495	 -2.1200
+16.0127	-38.2602	-218.2660	 +0.0091	 -1.1650	 -0.6125
+24.5101	-12.4010	-42.5601	 -0.3603	 +1.0812	 -0.7073
-14.7936	-16.4908	 +0.8289	 -0.5841	 -0.3941	 -1.2309
 -5.7535	-11.7352	 +1.2962	 -2.5145	 -1.6373	 +0.0294
 +1.4924	 -2.5073	 +1.9573	 +3.0389	 +2.5409	 -0.4297
 -8.3590	 +0.0878	 -5.3847	 -5.7420	 -1.9400	 +0.1742
-23.7445	-19.1014	 +1.5569	 +0.7057	 -2.3209	 -1.1344
+12.7746	 -6.1389	+12.4729	 -3.4262	 -2.2677	 -0.4281
 -6.4449	 +2.2875	+11.1818	 -0.2778	 -3.3341	 +2.1926
-101.5551	+94.8846	+50.6807	 -0.9084	 +1.0071	 +0.4094
 +3.7079	 +1.8131	 +3.3834	 -0.9127	 +1.5358	 -2.5241
-33.9993	 +5.1129	 -5.9667	 +0.4393	 +1.6255	 -2.2571
+524.1624	-173.4747	-139.0271	+13.5895	 -4.3467	 -3.3422
 -5.1905	-51.4824	+44.0519	 -1.6397	 -1.2102	 -0.6419
-28.7369	+14.0184	 -4.1597	 +0.7972	 +3.8338	 +1.3044
-10.3709	 -2.2192	 +4.5243	 +0.5310	 -0.8948	 -2.7274
-53.4100	+31.6452	+40.3266	 +0.8153	 +1.7768	 -1.3221
-13.1339	-21.4091	+10.8621	 +1.7584	 +0.1179	 +0.5107
-24.2916	 -3.3917	+25.8699	 +1.5765	 +1.1901	 +1.2173
 +2.6281	+18.4446	 +2.6036	 -0.0011	 +3.3575	 +0.7855
 -9.4780	-12.5007	 -1.4800	 +0.7514	 -2.9669	 +0.9070
 +7.4950	 -3.0213	 -3.9826	 +0.0066	 +1.9373	 -0.6940
 +4.4127	 -3.3068	 -2.2394	 +2.8938	 -2.5010	 -0.2062
 +3.3434	 -8.3051	-16.2141	 +0.6791	 -0.3282	 +3.2220
 -2.8347	-11.4455	 +1.9684	 +0.4406	 -2.4942	 +2.3341
-13.4099	 -3.2712	-16.4153	 +0.3228	 +1.4123	 +2.8770
 -6.9736	 +6.6032	-11.1106	 +2.8413	 +0.4886	 -2.6526
 -9.4952	 +3.8213	+26.8774	 -2.8369	 +0.7015	 -1.3565
 +2.7275	 -5.0741	 -2.4902	 -2.5242	 +1.6838	 -0.2130
-11.7871	 +2.2002	 +0.5872	 +1.3334	 +0.6212	 +1.3408
 +0.9403	 +6.0600	+53.2155	 +0.7579	 -0.8059	 +1.8974
-23.6970	-23.4025	+18.8403	 -0.5844	 -1.5415	 +0.5483
 +7.8354	-12.9010	 +8.1597	 -0.1522	 +1.7791	 -0.8595
 -9.7147	 -9.3739	 +2.8800	 +3.8967	 -2.6879	 -0.7360
+12.0215	 +1.6051	+12.8507	 +0.8231	 +2.2345	 -0.7235
 +5.6690	 +4.0501	 -2.5642	 +0.0265	 -1.5835	 +3.0479
 -8.9880	 +7.7322	 -8.1738	 +0.4542	 +1.9900	 -1.0067
 +9.3327	 +5.7736	 +1.8344	 -2.0805	 +1.1748	 -4.0393
+15.1198	 -9.0663	 -5.2836	 +0.0713	 +1.6097	 -2.7201
 -8.2770	 +2.1237	 -3.9352	 -0.5047	 +1.0782	 -3.8711
-16.1705	 +9.8150	 -2.9705	 -1.9169	 +1.3405	 -2.7330
 +0.9303	 +3.5574	 -1.6974	 -2.6594	 -1.3916	 +0.3697
 -7.1786	-13.1185	+12.1942	 -0.5766	 +3.8609	 +0.8525
 -1.2556	 +5.8837	 -1.7359	 +2.0170	 -5.0682	 +2.5676
 -1.7168	+18.0772	 +6.4750	 +0.6646	 -2.4784	 +0.1178
 +3.1027	-76.7360	+34.9561	 +1.6058	 -1.3540	 +0.4225
+13.7730	 +9.8561	 +1.2542	 +3.0405	 -1.5550	 +2.5849
+30.4198	-35.8944	+18.8094	 +0.9029	 -0.0105	 +0.6418
 -8.4115	 -0.4886	 -3.7852	 -1.0224	 -0.4206	 -0.7889
 -6.6049	 +3.1728	+11.7604	 -2.0572	 -1.6181	 -0.5938
-477.0670	+76.5843	+193.1332	 -9.7285	 +1.5568	 +3.8169
 +3.5588	-21.5093	 +2.2445	 +2.7115	 -6.4039	 +1.2722
 -4.8522	-12.2291	 +8.5913	 -2.2456	 -2.8054	 -2.9745
 -6.8921	 +2.7138	 -8.5441	 -5.2878	 +0.2139	 +0.4238
-16.7845	-21.4848	+17.6721	 +1.5468	 -0.6163	 +1.3195
 -5.8308	 -4.0650	 -7.8750	 -0.2656	 +1.1575	 +0.9767
-15.5612	 -6.3590	-15.6607	 +0.7473	 +0.6717	 -0.0205
 -1.2318	 -3.1076	 -0.6237	 +0.3001	 +2.3217	 -1.0354
 -8.4683	 -3.9616	 -0.3447	 +0.0498	 +3.5722	 -3.0000
 +2.7987	-14.9409	 -2.2619	 -0.4709	 -0.4572	 -0.4131
 +0.6692	+10.1874	 -0.9675	 -1.5659	 -5.1980	 +0.4065
 -5.5334	 +1.2103	 +9.1764	 -1.5314	 +0.2894	 +0.3441
+26.7473	+36.0195	 +0.4745	 -0.6333	 +0.4313	 -1.7265
 +4.6686	 -6.1837	 +0.3113	 +0.0683	 +2.4480	 +0.2318
 -3.2842	 -8.0107	 -2.3901	 -2.1247	 +2.3571	 -2.7383
 +4.7094	 -5.9946	 +0.3232	 +2.1803	 +0.9668	 -0.4690
 -1.0736	+19.3040	 -3.8726	 -0.8985	 -3.1868	 +0.2270
-30.4028	 +8.9145	+20.5876	 +1.3289	 +3.8125	 -0.5133
 +2.0017	-11.3324	 +7.7774	 -1.6008	 -1.9203	 -2.4480
 +4.4630	+14.4527	 -9.8920	 +2.1363	 +2.7824	 +1.2606
 +1.8402	-22.0760	-39.9537	 -1.4909	 -1.4628	 +1.4543
 +5.2836	+18.6024	-13.8549	 -2.3609	 +1.8583	 -1.9201
+23.3880	+40.4896	-40.7537	 -1.0433	 +0.1108	 +1.2582
 -4.2073	-12.2733	 -3.1560	 -0.2624	 -2.7235	 -2.8966
 +6.4013	 -6.2574	 +9.5068	 +3.3856	 -0.9681	 +1.7270
 -8.7299	 +2.5282	 -5.0129	 -0.6754	 +0.1759	 +0.5551
 -5.0831	 -3.8438	 -1.2932	 -0.2356	 -3.6120	 +0.2983
-12.1226	+23.7987	-14.6041	 -2.9207	 +0.7290	 +1.7285
 -9.0705	-42.4083	+30.4060	 +2.3082	 -1.4955	 -0.9445
 +3.7058	+46.0530	 -3.4239	 +0.8792	 +0.6021	 +0.4046
 -8.8065	 +4.3236	 +3.7002	 +2.6694	 +2.1957	 +0.1759
 -2.5028	+12.4563	 +4.9138	 +1.1990	 -1.8692	 +1.6179
 +5.2771	 -6.5356	 -1.7852	 +0.6383	 -0.7551	 +0.5165
 -8.1825	 -0.4647	+34.3208	 +0.8656	 -0.4253	 +1.3864
 +8.0984	 -3.8997	+15.9534	 +3.1612	 -1.5184	 +1.8151
+88.4771	+10.8058	 +7.3354	 -1.5500	 -0.0034	 +0.9025
+17.3775	 +7.9636	-26.1734	 -1.0449	 -1.9271	 -1.9271
-11.5256	 +1.4309	+10.2489	 -1.5357	 +1.2692	 +1.6940
 -9.7580	 -6.5207	 +0.1801	 +1.6429	 +1.9578	 -2.2453
 +1.3088	 +9.2020	 +7.1805	 +0.8649	 -2.6411	 -0.8051
-21.9579	+49.7705	+44.9241	 +0.4190	 -0.4641	 -0.0288
 -9.3904	-17.2435	+12.0643	 -1.7544	 -2.2196	 -0.6284
-115.2092	-86.3360	-113.8031	 -2.2315	 -1.3982	 -2.3965
 -3.3803	 +0.0771	 +8.7475	 +5.5187	 -3.6375	 +4.1388
 -4.6656	 -1.2121	 +5.4434	 +2.1134	 -2.7632	 +2.0729
 +0.0504	 +0.1058	 -2.1282	 +1.5787	 -0.4536	 -0.8663
 +2.7504	 -4.2001	 +7.2578	 -2.0319	 -0.7324	 +3.2879
-31.9595	-130.1176	+123.3345	 -0.2761	 -1.3100	 +1.8391
 -4.2474	-11.5080	 -9.4436	 -1.5994	 -0.4139	 -1.3870
 -9.4391	 +2.1790	+10.6013	 -1.0311	 -1.2760	 -2.1957
 +7.7565	 +7.6733	+17.5653	 +0.2960	 +1.4780	 +1.1707
+241.3726	-315.7931	-196.5580	 +5.5757	 -7.3760	 -4.4556
 +3.1124	 -4.2209	 -6.3991	 +3.2596	 +0.6358	 +0.9162
-27.4943	 -9.2007	 -1.3876	 -1.4734	 +0.3218	 -0.0130
 +3.7174	 -8.5929	 -7.6279	 -1.8988	 -1.4334	 -0.8672
 -9.7006	 +7.5012	 -4.2669	 -0.5318	 +3.4022	 -2.3405
 +0.4626	-16.7541	+28.1506	 +0.2804	 -1.7963	 +0.7483
 +5.1582	-15.7994	 +5.4023	 +2.1568	 +0.1499	 -4.3444
 -9.1537	 -2.5160	 +1.7025	 +1.6494	 -0.0036	 -2.2805
 -5.4978	 +8.2657	 +7.0371	 +0.8956	 +0.2649	 -3.5526
+12.7545	 -4.9912	 -0.8939	 +1.9405	 +5.2148	 -1.2523
 -0.5297	 -1.7722	 +7.4531	 +2.3495	 -2.0087	 -0.2504
-18.8009	+39.1025	 -6.3931	 -2.2466	 +3.1842	 -2.0806
-14.4057	 +8.8542	 +5.7453	 +0.5037	 -0.9193	 -0.1240
-11.3770	 +5.4338	 +3.0425	 -5.8753	 +3.8617	 -3.9547
 +1.9886	 -5.1430	 +6.2976	 -1.2425	 -0.5238	 -3.5193
+23.9604	-55.1116	-21.3587	 -0.7123	 +0.0551	 +0.7964
 +1.1513	 -1.3672	 +0.1121	 -3.9134	 -1.8124	 -1.2317
 +8.6215	 -0.6570	 +5.7669	 +1.7306	 -2.3467	 +1.6871
+33.5813	+108.0991	-36.2557	 +0.0493	 +1.2300	 -0.7259
+23.3945	 -9.5712	 -3.1643	 -0.0165	 -2.9658	 -0.8893
 +5.9364	-71.7438	+11.9161	 +0.8164	 -0.0277	 +0.3271
 +4.6179	 -0.0516	 -1.7135	 -1.7283	 +1.9943	 +2.9002
 -1.2894	-11.9507	 -6.8845	 +2.9679	 -0.6802	 -0.0793
+1884.0486	-44.5031	+794.0704	 +0.2154	 -0.2336	 +0.0637
 +5.9397	 -4.8865	 -3.2506	 -0.6633	 -0.3243	 -1.2023
 -8.3707	 +8.4522	 +8.8136	 -1.1955	 -1.7546	 +0.3621
 +0.2859	-19.8910	 -5.8608	 +1.8916	 -0.1512	 -0.8228
 -3.3014	-19.7890	+32.4339	 -0.9041	 +0.7712	 -0.6196
 +4.6085	+11.5895	-16.3549	 -0.0324	 -2.0659	 -1.0624
-76.9408	-94.2329	-53.4684	 +0.0844	 -0.2742	 +0.6554
 +0.6726	+42.6237	 -3.7249	 -0.5000	 +0.4960	 +1.6973
 +8.2482	-64.3545	-11.0218	 +0.8029	 +0.7247	 +1.0963
+17.2274	+15.9265	+10.3590	 +0.7962	 +2.6286	 -0.1723
 +0.2560	 +0.5952	 +2.9392	 -0.0368	 -1.0615	 -0.4339
 +5.5036	-34.0957	 +5.8023	 -1.9602	 -1.9098	 +0.5123
-12.6282	+16.4446	-15.4658	 -0.2010	 +0.5326	 -0.1384
 -4.3892	-12.5742	 -6.9335	 -0.8004	 -2.0026	 -1.0796
 +4.2074	+23.4031	 -0.8626	 +1.7516	 -0.0939	 +1.8979
+76.8744	+158.1127	+31.0290	 +1.0809	 +2.6228	 +0.2675
+16.4231	+12.4086	+40.7606	 -0.0184	 -0.4683	 +1.4810
-10.8911	 +4.2924	 -2.2647	 -0.6202	 -1.2542	 +0.3341
 -4.4922	-11.2386	 -9.0549	 +3.2496	 +2.1266	 +1.3732
 +1.1618	 -6.1397	-14.9006	 -2.4041	 +0.7374	 -0.9928
-25.2157	-40.3908	 -6.6996	 -0.0143	 -1.6247	 +0.3955
-13.5052	+13.8128	 -6.5523	 -1.7205	 +1.2497	 +0.1829
+478.4750	-188.9993	-537.9184	+10.4298	 -4.1148	-11.3108
 -1.7226	 -8.2080	 -5.5464	 +2.9249	 +4.1428	 +1.0273
 -3.5957	+30.2117	-30.8448	 +0.1151	 -0.9967	 -1.8001
 -7.0027	 +0.8152	 +5.6874	 -1.2295	 +3.8416	 +3.8395
 +8.6767	 -7.7665	+11.4996	 +1.5165	 -0.1414	 -1.1813
 -9.0745	 +2.0940	 +4.3503	 -0.0952	 -0.9759	 -0.1811
 -0.1368	 +3.9260	 -4.5435	 -1.0600	 +4.2042	 +0.5606
+55.9316	-57.1430	-62.3053	 +1.9521	 -1.6021	 -2.1526
 +4.4028	 -2.3069	 -2.3840	 -2.0404	 +0.9985	 +2.0816
 +0.3201	+14.3800	+10.7924	 +0.6471	 +0.9081	 -0.9641
+21.2938	-20.2600	 +5.8112	 +1.0489	 +0.4427	 -2.0951
 +0.3082	 +2.2976	-21.9946	 +3.6627	 +1.4559	 +0.1324
 +4.0630	 +3.8215	 +0.1508	 +0.6994	 -3.4735	 -1.9548
-72.3114	-86.7774	+96.2735	 +1.3952	 -0.5091	 +0.0885
 +4.9433	 +6.6748	 -1.8407	 +3.2377	 +2.9149	 +0.1946
+10.3589	 -1.5861	 +2.2653	 +1.5579	 -2.7974	 -0.9975
-38.2579	 +4.8070	-32.6148	 -0.3286	 -0.2742	 +0.6083
 -6.1498	-22.1187	+26.6790	 -1.1169	 +0.7306	 -0.5913
 -2.0345	-11.8489	-37.1794	 -1.0861	 +0.1458	 -1.7350
+333.0463	-14.7610	+122.2201	 +6.7018	 -0.0875	 +2.6354
+21.6385	 -6.2019	 +6.1720	 +1.2786	 +0.1806	 +0.5475
-77.5852	-105.8569	+82.4820	 +0.8618	 +0.2723	 -0.5646
-33.1595	-44.4788	+15.4025	 -1.2920	 +1.0444	 +1.6553
-21.8343	-39.1983	 -5.7120	 -0.9369	 +0.5162	 +1.9258
-43.3878	 +7.2613	 +4.9904	 -0.7631	 +0.2755	 -2.6367
-22.5425	+22.7267	 +0.0249	 +0.3502	 +2.4709	 +0.5946
 +1.8851	 +9.9834	 -2.6967	 +1.0401	 +0.5074	 +0.8582
-10.5921	 +8.0293	 +3.6868	 +0.7615	 -1.2273	 -1.1218
+21.2657	 -2.0021	-12.8898	 -0.1920	 -1.3428	 +1.4116
+17.9138	 -6.0521	 -6.5059	 -1.7610	 +1.5055	 -0.0829
 -7.8040	 +2.9058	 -6.0513	 +1.4164	 +4.3015	 -1.7696
 -9.4608	+14.6361	 +2.5174	 -2.5486	 -0.6136	 +2.0171
+27.2764	+52.7716	+43.0557	 +1.4635	 +0.6735	 +2.0887
 +7.4051	 -1.1737	 -8.1865	 -2.8364	 +0.7726	 -0.6935
-10.6751	 +1.8375	 -3.7058	 -0.3540	 +3.0256	 +0.3441
 -1.2736	 -9.4724	 -3.6913	 +1.2086	 +0.5759	 +1.5551
 +0.1516	 -4.9604	 -0.6112	 -3.6583	 +2.3209	 +2.0185
 +1.5982	 -7.7241	 +2.0536	 +1.0043	 -1.1806	 -3.4956
 -4.7374	-38.0567	 +5.4277	 +0.4529	 -1.2619	 -1.1065
 +5.3305	+15.8063	-18.0662	 +1.4859	 +2.1008	 -0.1590
 -6.2529	+30.3990	-18.3348	 -0.3808	 -0.2657	 -2.1467
 -7.4420	 +7.5241	 -1.3670	 +2.0568	 -2.8815	 +1.1904
 +9.5549	 -5.0162	 -7.7666	 -1.9190	 -1.7837	 +4.5721
 +1.5114	 -9.1413	 -9.4328	 -0.4038	 +0.2777	 -1.5413
 -2.0505	 +4.1635	 -1.6744	 +1.1709	 -1.9625	 -0.2989
-27.9115	 -0.2630	 +6.1315	 -2.4456	 +2.8260	 +1.7566
 +1.5086	-11.1424	-18.8295	 +2.1960	 +0.7353	 +0.0539
 +1.9702	 -4.7075	 -1.3361	 +1.7574	 -0.2839	 +1.0784
 +6.7930	 -4.8178	 -5.7040	 +1.7967	 +0.5778	 -1.0509
-19.1631	 +3.8280	 -1.5231	 -1.8970	 +1.8590	 +1.3105
-118.9608	-90.2110	+206.9474	 +0.7279	 -0.5751	 -0.0814
 +6.6346	 -9.4521	 -8.7419	 +0.8880	 -1.4330	 -0.7045
 +7.8313	+15.5400	 +3.7228	 +0.6412	 -0.3601	 +0.9302
 +2.1908	 -0.4787	 +7.1868	 -4.1151	 +0.3564	 +2.1980
+11.9493	 +7.6467	-15.0130	 -0.4001	 +0.3146	 +1.5455
 +3.9452	 -7.0657	-13.5195	 +1.5207	 -1.2091	 -2.3722
-40.4398	 -4.3726	-30.9810	 +0.4832	 -1.5624	 +1.6214
 -0.1413	 -1.7384	 +2.8742	 -1.9205	 +2.5222	 +0.6199
 +6.8714	-21.8177	+20.1440	 +1.9231	 -0.1045	 -0.8395
 +7.8061	 -3.6810	+12.7662	 -3.9854	 -0.8684	 -0.1806
 +4.5859	 -0.1893	-11.4844	 +0.7687	 +1.4106	 -0.8011
+27.0214	-11.5827	 -7.9606	 +0.8719	 -0.1759	 -0.4094
-15.7133	 -1.0356	 -9.5414	 +0.0586	 -1.4705	 -1.7206
-13.4390	 -2.7976	 -2.6292	 -0.6966	 +1.3939	 -1.4658
 -6.7725	-20.0847	 +3.5370	 -0.7764	 -2.8828	 +1.2772
 -6.6536	 -3.0640	-11.4550	 -0.6550	 -4.1818	 -0.5211
 +2.1927	 +0.0787	-10.7014	 +2.8467	 -0.4545	 +1.8921
-18.3827	 -6.7411	 +2.1682	 -2.6474	 -1.1667	 -1.4078
-45.3771	+222.9948	-54.7149	 -1.8831	 +9.6902	 -2.3988
 -9.8535	 +4.7505	 -6.9600	 +0.8264	 -2.6877	 +1.3844
 -4.4036	 -8.6473	-12.2154	 -1.0201	 -0.6915	 -2.2953
 -8.5679	 -6.8502	-30.1186	 -2.4001	 -2.3721	 +1.5630
-15.1819	 +5.0614	 -6.2096	 +2.6205	 -2.6979	 -0.2628
-11.5447	 +5.1729	-10.5617	 +2.1583	 +0.2011	 -0.9044
+16.1515	-171.9014	-95.6439	 +0.7684	 -7.3930	 -4.0981
+10.5319	-24.6061	 -4.7771	 -0.6058	 +0.3199	 +1.5563
 +7.6965	 +4.6864	 +9.1408	 -1.8664	 +3.5392	 +1.6225
 +1.1932	-17.4831	+12.1472	 -0.5781	 +0.8228	 +2.2655
 +5.4366	 +5.2989	 -2.0117	 +1.7882	 +0.7256	 +0.2097
-40.8296	 -1.7621	+41.1396	 -0.2834	 +0.5305	 -0.2186
-24.3640	-54.0239	+41.3516	 +0.0058	 -0.0925	 -0.6883
-10.4981	 +2.9551	 +1.5761	 -0.2733	 -1.1034	 -1.2412
-29.7529	 +9.6908	+13.3985	 -1.5975	 -0.5332	 +0.6474
 -9.1750	 +3.7004	 +8.8629	 -0.6750	 +0.6201	 -1.8340
+15.4521	 -2.8527	 +0.6245	 -1.9187	 -0.7489	 -0.3353
-60.2672	+41.8449	+39.2918	 -1.6570	 -0.2636	 +0.8335
 +7.7175	 +0.8445	 -0.9667	 +1.2321	 +1.2001	 +3.8126
 +4.4519	 +1.1260	 +1.2071	 +9.7129	 -4.1800	 +4.7413
 -8.4489	 +2.5884	-30.3287	 -2.8793	 +0.9974	 +0.1455
-14.1381	-18.7352	 -1.6512	 -3.0172	 -2.1957	 -1.5314
 -1.3624	 +0.7375	 -0.4303	 -1.4244	 +0.6525	 -0.4308
-30.1303	-35.0009	-40.9059	 -3.3317	 -2.9030	 -4.8763
-11.9588	-11.2719	-15.8728	 +0.6034	 -2.7691	 +0.8704
 -8.5775	 +9.0700	+16.7271	 -0.6159	 -0.2765	 -1.0663
 -2.3109	-25.6809	 +3.9547	 +0.5170	 +1.8115	 +0.1431
 -1.9007	+23.8821	 +9.1462	 +0.0669	 -0.3588	 -2.4929
+16.6954	 +5.4354	 -2.3084	 +2.8932	 -0.4261	 +0.2432
-13.8388	 -9.1659	+24.1964	 +2.3274	 +1.0789	 +1.6335
 -6.6016	-55.7836	+43.9692	 -1.4050	 -0.7657	 +0.6183
-11.6856	 -3.6582	 -0.3457	 -2.3179	 +2.0481	 +0.3931
-12.3642	 -4.4094	 -1.1218	 +2.7548	 -0.2682	 -2.5569
 -3.7115	 +9.4422	 +5.6284	 -2.0716	 -2.6746	 -0.3160
 +0.0660	-10.1432	 +5.1464	 -1.4427	 +1.2744	 +0.9022
 -0.2556	 -7.6944	-21.4536	 +1.5247	 +1.3093	 -0.5582
+12.3040	+19.0117	 +0.1428	 -2.2612	 -1.3716	 +1.4841
 +2.9255	 +1.2644	-30.0211	 -1.2849	 +2.3769	 -0.7744
-34.3041	 +5.8946	-35.3618	 -0.2599	 +0.3234	 -3.5413
 +4.1248	 -8.1068	 -2.4872	 -2.5286	 -3.5966	 +3.3281
+64.1811	+39.7663	+134.9323	 +1.1966	 +0.2479	 +2.1649
 -4.9599	 -4.8330	 +6.2731	 +1.3922	 -1.9156	 -0.6411
 +1.9586	 +5.0557	 -8.0822	 -1.2995	 +1.0363	 -1.5642
 +4.4733	 +3.9846	 +3.8840	 -1.2899	 -1.5921	 +1.6433
 -1.9772	-16.5630	+11.7664	 +0.2777	 -0.9819	 +0.6137
 +2.6370	-17.5249	-14.7582	 +0.2066	 -1.2114	 +2.1979
-19.0193	+12.3562	 +8.3273	 +0.5093	 -0.4823	 -1.6304
-19.8118	 -2.1269	 +4.5881	 +0.2419	 +1.0619	 +1.3879
 -2.9183	-16.3413	 +7.7449	 -2.3452	 -0.1013	 -0.2767
-317.5395	-49.7429	-68.7192	 -7.0397	 -1.0513	 -1.7501
-17.4719	+13.0072	-10.8677	 -1.8950	 +1.8835	 +1.1314
 +4.2520	 +0.6208	 -1.7040	 -1.3276	 +0.4773	 -3.3931
+43.8592	 -0.7300	-13.7964	 -0.7196	 -1.1738	 -0.6474
 -1.6693	-24.2908	+19.2151	 +0.6082	 -0.6678	 -1.4293
 +0.2515	 +6.4303	 -8.3496	 -1.3442	 -0.9245	 -1.8044
+65.3234	-29.5081	-80.4380	 -0.2799	 -0.1835	 -1.3289
 +8.0110	 +2.1606	 +4.1137	 -0.0002	 +1.7221	 -1.3541
 +5.5541	 +2.1821	 +5.8568	 +3.2442	 -4.9382	 +1.7515
 -7.0397	 +0.6171	 +2.1430	 +2.0594	 +0.7964	 +2.1905
 +1.3594	 -7.3889	 +1.6124	 +3.5919	 -2.4211	 -2.6851
+10.7744	 +4.6310	 -2.0764	 -0.9269	 +3.8895	 +0.4188
-13.3855	-13.2373	 -2.7617	 -0.3861	 -4.4147	 -1.2932
 +5.5057	+10.5039	 +9.1979	 +0.4113	 -0.6547	 +2.6753
-22.5004	-21.8226	+15.7625	 -2.5412	 +0.2536	 +0.7373
-23.5999	 +0.6695	+19.3432	 +1.8110	 +1.8450	 -0.5066
 -6.7608	-66.5409	+16.7669	 -0.8858	 +0.5456	 -1.9530
-11.9677	 -0.2801	 +9.1965	 +1.1752	 +1.1953	 -0.7611
 -7.4789	 -3.1425	 +2.8886	 -0.6322	 -2.2500	 +0.1903
 -2.5249	 +1.9998	 +1.1017	 +0.5722	 -1.2117	 +1.1719
 +6.7295	+17.9545	+13.2577	 -1.4241	 -0.7274	 -1.0053
 +1.6222	 +7.6516	 -8.4557	 -1.2049	 +2.9730	 -3.2599
-19.1983	 +8.7337	-26.6926	 -0.3183	 +0.2601	 +1.3678
-14.1924	-14.7744	 +4.3726	 -1.2570	 +2.9062	 +0.8393
 +7.7334	-18.1720	+12.9195	 -1.6780	 +2.2184	 -2.2889
-13.8251	 +1.8080	 +8.2593	 -0.9346	 +4.7466	 -0.5416
 +3.4146	 +2.3517	 -1.6485	 -1.3031	 -0.0473	 -2.7954
-50.6957	+23.1150	+84.2037	 -1.9429	 +1.4784	 +2.4613
 -3.5577	 +3.8691	-10.3252	 -0.7973	 -0.0064	 -3.4415
 -3.6941	 -8.2909	-10.2816	 +0.7307	 -2.1298	 +1.2747
 +1.1205	+11.1642	 -4.7951	 +0.3590	 +0.2895	 -0.9696
 +0.7880	 -0.5967	 +2.1038	 +3.5109	 -0.7842	 -0.0173
 -8.9343	-18.2986	 +4.0653	 +0.2238	 +1.1998	 +0.7300
 +5.3338	 +3.1078	 +2.2424	 +4.4506	 +5.2257	 -0.1850
+18.1934	+42.2290	+13.9626	 -0.2595	 -1.5475	 +1.1045
 +4.2538	+18.6406	+10.5608	 +1.5906	 +2.2100	 +0.1794
+24.7048	-28.4414	+23.3747	 +2.1952	 -3.8861	 +0.9915
+12.1601	 +1.9852	-27.3994	 -0.9204	 -1.0794	 -0.1538
 +6.6621	 -2.4694	 -3.3720	 -0.2710	 -0.0492	 -3.0560
 +7.4923	+14.6370	 -9.4917	 -0.8849	 +1.0837	 +0.4024
 -7.6139	 -5.4337	 -8.3904	 -0.9780	 +2.4092	 -2.0273
 -7.3412	-16.1477	-22.1548	 -1.0505	 +0.8035	 +0.5987
+11.7963	+24.0888	-34.2082	 -1.8794	 -0.2686	 -0.3902
 -1.6357	-11.8711	 -1.9838	 +2.5537	 +0.5799	 -0.4957
 +3.1161	 -4.9297	 +1.5824	 -1.0564	 +0.8460	 -0.3082
-145.8356	+208.9185	+30.8054	 -2.0468	 +2.8797	 +0.4837
 -9.7491	 +1.9409	 +6.7181	 -0.3048	 +2.6187	 -0.4192
-101.2409	+17.5922	-115.5196	 -5.5546	 +0.4007	 -6.4846
+24.5728	+30.0799	-52.1682	 +0.5116	 +0.6693	 -1.6407
-12.7572	+29.0906	+13.8355	 -0.4681	 -1.3137	 -1.4481
 -0.0969	-13.5451	 -4.2232	 +1.6717	 +0.5290	 +0.7584
-13.1557	 +1.4680	 -1.0105	 -1.3287	 -0.9527	 -1.1589
 +3.3762	 +3.0568	 +1.1662	 +0.1091	 +1.2795	 -0.2874
+25.3494	+35.8512	+63.0085	 +0.0001	 -0.4872	 +0.1305
 -3.5849	+66.9387	 -5.2847	 +0.1393	 -0.2133	 -0.3267
 -8.0841	-17.9861	 -2.5440	 -0.9507	 -0.5654	 -3.0084
 -4.8588	 +2.0854	 -6.3946	 +0.8484	 +2.3383	 +0.4062
 +9.1630	 -3.8672	-13.3189	 +0.9180	 -0.5123	 +1.5094
-17.9870	+26.5314	 -7.3925	 +0.8895	 -1.6906	 -0.2783
 -5.5497	+36.6512	 +0.4937	 +0.2145	 -0.9610	 -0.1162
+15.8235	-24.9533	 +6.6380	 +0.7866	 -1.9803	 +2.4344
-126.4281	+100.9594	-67.6335	 -1.8042	 +1.2965	 -0.7145
-10.1673	-10.9936	+14.9415	 -0.6129	 +0.3151	 +0.4241
+21.6423	-18.9412	-48.9395	 -0.2425	 -2.1150	 -1.5945
 -2.9831	 +7.8027	 +5.5965	 -2.0234	 +2.1302	 +0.9216
-46.6587	+12.7049	-101.3466	 -0.6397	 +0.7033	 -2.1215
-12.1229	 +4.4897	 +8.0631	 -2.6249	 +0.7258	 +2.9235
 -8.2990	 +5.3349	+14.9073	 -0.7731	 -1.5363	 +0.0957
-100.7167	+75.0944	 -0.5073	 +0.7809	 -0.0194	 +0.3956
-17.7374	-18.9330	 -8.8603	 -1.3528	 -1.8713	 +0.4744
 -1.8218	-10.2385	 +9.2879	 +1.0617	 +2.0511	 -0.8178
-11.7792	 +3.0224	+12.2432	 +0.3526	 +1.1176	 -0.7758
 +5.3121	 +2.6154	+11.9578	 -0.3973	 -0.7388	 -1.1907
 +0.9891	+38.9480	+11.7632	 -0.7136	 -0.4032	 -0.4881
-18.9784	 -1.9968	 -0.9540	 -0.3240	 +3.6804	 -1.2464
-10.7682	 -8.5623	 -2.1354	 +0.2563	 +0.1304	 -3.6505
-15.5158	+19.8652	 -9.0758	 -0.6296	 -1.2291	 +1.4615
 +1.1287	 +3.7754	 +8.7570	 +3.1172	 -1.5439	 +3.9779
 +7.1352	 +2.1194	 +2.1411	 +4.6856	 -1.3152	 +0.9709
+17.6536	-35.5793	-33.4204	 +1.2460	 -2.1067	 -0.2589
 -2.1704	 +6.4456	 +3.3675	 -1.2857	 +0.0622	 +1.2719
 -5.3782	-12.6978	 +3.4431	 -2.4781	 -2.6735	 +1.7559
+13.4450	-20.9647	 +3.4922	 -2.8408	 +2.2990	 +0.3374
 -7.8460	-27.2718	 -5.8036	 -1.1936	 -2.6291	 +1.8505
+26.5470	+51.9192	+19.1029	 +0.4162	 +0.4906	 +0.7287
 -0.4634	 -1.9588	+20.1321	 +3.0818	 +0.5160	 +1.2479
 +1.1709	 +8.6709	-10.7703	 +1.5121	 +1.3850	 +0.9061
+29.4317	 +9.1521	-17.5551	 -2.2101	 -0.0276	 -0.9045
 +7.5594	 -0.2858	 -4.7916	 +0.8806	 -2.3073	 +0.0441
-23.4650	-10.8348	 +4.1046	 +0.1540	 +0.2127	 -0.7202
+93.8326	-37.9029	+131.0762	 +4.7403	 -2.0999	 +6.4520
 -2.2333	 +1.3175	+11.9788	 +0.1033	 -3.7834	 +0.8547
 +2.4932	 -3.9339	 -7.1725	 +1.0959	 +0.4129	 -4.2418
 -8.3501	 +7.7801	 +1.2664	 -0.3353	 +4.5423	 -1.9643
-38.8716	+39.8057	+21.8477	 +1.8131	 -0.6984	 -0.4410
 +9.5295	 -2.9336	 +1.2383	 +1.5840	 +0.4291	 -3.6442
+19.5921	+119.9242	-19.8551	 +0.9493	 +0.4821	 -0.4750
+29.2157	+18.7072	+12.0575	 -0.4633	 -0.4859	 +0.4083
 -2.4208	 +8.7007	 -8.2735	 -0.3641	 +0.9604	 -2.2510
 -2.4790	 -5.5771	 +2.7636	 +1.3688	 +1.0745	 +1.2173
-12.8721	+26.9871	-30.4526	 -3.0295	 -0.7605	 -0.7601
-33.4075	+17.1037	 +0.9062	 -2.9284	 +0.3434	 +0.1008
+20.0499	+15.3953	 -2.3063	 +2.0245	 +1.7042	 +1.2534
 -9.6133	-30.0866	-27.4931	 +1.0734	 -0.8967	 -2.0939
 -5.2060	+45.3519	 -5.9122	 +0.0176	 +1.3480	 -0.3419
-10.5819	-16.4456	 +1.0000	 +2.3022	 +1.7225	 +1.2638
-50.7160	+45.3633	-11.8000	 -1.0280	 +0.7761	 -0.5778
 -1.2793	 -9.9706	 +5.9881	 +0.0362	 +1.5501	 +2.6997
 -7.1301	 -8.6397	 +2.7481	 -2.0205	 +0.3374	 +1.3307
 -4.4725	 +2.7012	 -2.7841	 +0.4973	 +0.7862	 +5.1224
 +1.9905	+15.9516	-22.5911	 +2.0176	 -0.1606	 +0.0581
 -5.0531	-23.7816	 -9.6800	 -1.7458	 +2.0900	 -2.2575
 +2.0318	 -3.2900	 +9.4622	 +0.9205	 +0.0104	 -2.0652
-528.0782	+125.6632	+194.3555	-13.5072	 +3.3555	 +5.2471
-26.2491	-112.5636	+43.5626	 -1.1494	 -2.9623	 +1.1586
 -5.7652	 -3.5639	 +5.6492	 -2.2723	 -2.9461	 +2.2847
 +9.8643	+17.7078	 -0.4256	 +1.4816	 +3.1482	 +1.7378
-16.9668	 -5.2333	 -2.5919	 +0.1604	 +0.2524	 -1.4036
 -6.3861	 +6.8775	 +0.6785	 -4.0783	 -0.4397	 -1.5936
 +2.3009	+19.7678	 +8.9719	 -0.0097	 -1.1724	 -0.0036
+11.6934	 +0.0881	-16.1613	 -1.2101	 -0.6029	 +2.5591
+17.7385	+13.7751	-15.8747	 +0.3088	 +2.0976	 -0.2444
+12.0779	-15.3783	 +2.7267	 -3.6716	 +0.3412	 +0.1148
 +3.6252	 -8.0995	 -2.9360	 -1.9209	 -2.4101	 +2.8047
 -6.9599	 -3.8886	-13.6568	 -0.7714	 -1.7345	 -0.0455
 +8.3745	+10.1705	 +9.3747	 -2.6108	 -0.4599	 -1.1576
+22.6845	-37.3329	 +8.3113	 -0.6947	 +0.1259	 +1.8992
 -7.4606	 -7.9708	-10.4874	 -0.5658	 +2.8682	 -2.5662
 +1.3796	-23.1827	 +2.9774	 -2.9383	 +1.1115	 +0.0377
 -5.2290	-17.4923	-13.6656	 +1.4250	 -2.4308	 -1.0881
 -4.1569	 -1.8977	 -4.8602	 -4.8406	 +1.3228	 +2.5017
-28.7536	-17.9123	 -4.4538	 +1.3653	 +1.5556	 +0.5505
 -9.5935	 -3.1194	+22.9843	 -0.5903	 -3.4304	 +1.5868
 -5.6604	 +0.5428	+21.7409	 +1.9822	 +1.9411	 -0.1174
-52.7983	+30.8392	+14.6998	 -0.5054	 -0.0397	 -1.2397
+28.5540	+28.9375	-19.1266	 -0.7194	 -0.6249	 +1.8578
 +8.5531	-12.4405	 +6.6745	 -2.8210	 +1.4093	 -1.2727
+29.1826	 +1.2757	 -9.0263	 +0.8692	 +0.7324	 -0.3088
-11.1852	 -4.3510	-22.1227	 +2.5093	 -1.1853	 +1.9091
-23.8703	 +1.6221	 -4.9902	 -1.9703	 -0.7647	 -0.9181
 +5.1232	 +5.2252	 -3.6861	 +0.0486	 +1.8749	 -1.3624
 -2.2919	 -9.9797	 -4.9256	 -0.5499	 +0.6720	 +3.7249
 -0.4820	 -8.3507	 +6.9269	 +3.1745	 -1.2277	 +0.1952
 +3.8455	-16.5856	 +3.0733	 +0.9039	 +0.4286	 -3.2207
-11.8717	 -9.1855	 +8.3864	 +0.2390	 +1.3812	 +2.0605
 +9.1052	-20.7126	 +2.3820	 -0.6165	 +0.7575	 +0.7508
 -5.6814	 -5.7717	 -3.1871	 -1.2952	 +6.5692	 -1.9587
-16.8765	-13.1044	 +5.1769	 +2.4979	 +1.3095	 +2.0806
 -3.7639	 -0.5155	 -8.9648	 -1.3978	 +1.5311	 +2.3597
 +2.1599	 +4.2451	 +6.2543	 +0.1516	 -0.0217	 +1.0138
 +0.8766	 -3.0626	-10.1949	 -0.4569	 +0.3248	 -1.6287
 -6.7035	 +7.5965	 +2.5851	 +1.3652	 +0.2412	 +0.0584
 -3.5540	 +6.2535	+36.3097	 -1.0549	 +0.0090	 -0.6160
+10.6771	 +8.1725	 +1.2463	 +1.6017	 +2.4016	 -1.0376
+196.1184	+86.8002	 -8.9790	 +4.6778	 +2.1890	 +0.1828
 +3.2132	+16.3086	 +0.4827	 -0.0557	 +0.9014	 -2.5251
 +2.2464	-17.6275	 +1.5419	 -1.7157	 -3.8319	 +1.4670
-18.3064	-23.4773	+18.1970	 -2.0964	 +0.9041	 -1.1805
+12.2972	-10.8207	 -0.7862	 -1.8783	 +3.9402	 -0.5202
 +9.1456	 -6.3438	+49.6774	 -0.6236	 +0.5151	 +1.6806
 +3.3724	+48.4591	+15.2763	 +0.6547	 +0.2224	 -0.4006
 -2.6766	 -4.0953	 -6.5809	 -4.9881	 +0.1401	 +0.7117
 -4.8452	 -6.5757	 +6.4377	 +1.3199	 +0.9222	 +1.5334
-16.0162	+131.1489	-68.5055	 -0.7925	 +3.7855	 -1.9581
-25.6433	+15.8388	-14.2835	 +0.4549	 +1.6748	 +2.2513
+10.6780	+19.8417	 +5.9602	 -0.0058	 -1.7273	 +0.7710
 +9.0273	 -9.9482	 -9.8644	 -0.1351	 +2.2412	 +2.4959
 -2.3349	+13.2751	 -4.1116	 +0.4380	 +2.7974	 +0.4929
 -4.9853	 +0.1121	 -3.5646	 -2.3419	 -1.3017	 -0.5409
+11.9845	+17.9574	 -3.5826	 +1.2849	 +0.4960	 +1.0694
 +2.0389	+11.1463	 +1.0782	 -0.2368	 -1.0609	 -3.2677
+21.4598	 +0.5098	+19.3256	 -1.5502	 -1.8906	 +0.6973
-17.1391	-37.5346	-17.6626	 -3.0085	 -1.4451	 -0.9436
+17.3081	-13.4758	-16.0826	 -0.9302	 -0.0867	 +1.8403
 -0.8873	 -9.5896	 +3.4979	 +0.5402	 +1.7226	 +3.2408
 -8.5076	+20.6838	 +4.5660	 -0.1550	 +0.3710	 -1.2480
 -5.3195	+13.9235	 -6.6761	 +1.7828	 -0.3984	 +0.7301
+12.5166	+12.2001	-47.9731	 +0.9255	 +0.2684	 -1.8583
-13.9684	 -2.4784	 -4.4068	 -2.5240	 -1.0608	 +0.3061
+13.3333	 +8.8007	-10.1318	 +1.7867	 -1.2480	 +0.1639
+21.5271	 -8.7482	 +7.1902	 -0.1745	 +0.8261	 -1.5248
 +4.0974	+15.3883	+22.3903	 +0.9782	 -2.1480	 +2.5121
 +1.9395	 -5.0655	 +6.7970	 +1.5704	 -3.3517	 +1.5888
+59.0791	+72.9223	+66.0039	 +0.5174	 +0.9328	 +1.2535
-24.3095	 +0.4504	 -4.4436	 +0.0463	 +0.8258	 +1.6991
-17.7609	 -5.4282	 +3.3772	 +1.2846	 +0.0961	 +3.6462
-17.1384	+15.7016	 +4.0389	 +1.1404	 -2.5975	 -0.4472
+17.9069	+15.6359	-25.8104	 +1.4114	 -2.2862	 -1.4992
 +0.2227	 -5.2473	 +6.2546	 +2.3478	 -0.2547	 -0.4685
 +7.2448	 -0.3919	 +9.8342	 +2.4288	 +0.2598	 +0.3504
 +2.2594	 +4.9919	 -3.1120	 -0.1799	 -1.6700	 -2.3844
+19.7264	-23.0526	 +0.2149	 +0.4025	 -1.6877	 +0.9150
 +2.9943	 -5.0864	 +7.0785	 -1.9068	 -2.3577	 -2.6195
 +4.3111	 -0.0941	 -2.7963	 +1.0225	 +1.3971	 -0.8524
 +3.7928	 -0.2537	 +0.1858	 -1.2460	 +3.8663	 +0.0354
 +6.6981	-17.8363	+12.8354	 +1.0886	 +1.3960	 +2.2098
 -6.5187	 -6.4893	-10.3372	 -1.3208	 +0.2644	 -0.0785
-551.7605	-167.2535	+461.7047	 -9.3254	 -2.8028	 +7.9004
 +7.6928	+15.2667	 -1.6299	 -0.4105	 -2.1812	 +0.8885
 +0.0178	 -5.9720	 +0.4683	 -0.9596	 +1.9646	 +3.3830
 -2.8270	 +7.4781	 -6.0170	 -3.4974	 +1.1038	 -2.1894
 -9.5939	 -8.6386	-18.2647	 +0.0498	 +0.0089	 +1.4608
 +1.1046	 -5.1135	 -2.8487	 +5.7779	 -0.4137	 -1.2641
 -6.6645	 -0.4994	 -8.3100	 +1.8804	 +4.3244	 +0.2589
-22.9303	-28.7379	+10.3827	 -1.2293	 +0.4633	 +0.6304
 +6.2790	 -3.3995	 -3.9174	 +2.0121	 -0.2826	 +0.2359
 +9.7404	-27.1311	-20.6122	 +0.5741	 -0.4079	 +0.9632
-23.1814	 +0.6032	-11.7084	 +0.0696	 +0.3773	 -4.1506
 +9.6767	+27.7234	 -8.5243	 -1.3789	 -1.5457	 +1.3816
 -9.9427	 +7.1156	 -3.7232	 -1.5192	 -1.4056	 -0.0846
 -4.2879	 +2.8589	 -0.5530	 +0.0918	 -1.7849	 +1.2734
 -5.0539	 +0.9974	 -9.9702	 +2.0372	 +0.0669	 +0.6274
-11.9776	-21.3111	-20.7909	 -0.1379	 +0.7660	 -0.4955
 +0.8433	-19.1248	-17.2442	 -3.0567	 -1.4048	 -2.5498
 -0.5914	+21.7361	 -7.2560	 -0.9137	 +0.4185	 -0.7594
 +7.6957	+29.2979	-10.8663	 +1.9012	 +4.0908	 +0.2468
 -5.4515	 +3.7900	 -3.9630	 +0.1873	 -0.8548	 +1.0755
 -8.7133	 -1.8841	-11.1173	 +0.4590	 -1.0309	 +4.4711
 +4.6774	-11.8303	 -9.1072	 -0.1959	 -1.9880	 -2.1522
 -4.9886	 +1.6366	 -6.4012	 +5.0511	 -0.4667	 -1.1128
-61.8623	 +7.6190	-51.8840	 +0.1110	 +0.0625	 -0.9678
+90.4173	-34.5583	+19.6740	 +0.6391	 +0.8590	 -0.7804
+49.1481	 -9.9374	-68.5816	 -2.0242	 -1.3239	 -0.7433
 +0.3601	+24.9079	 +2.6664	 +3.4114	 -1.5298	 +0.8100
-43.5052	-10.5461	 +9.9258	 -2.7366	 +1.8629	 -0.0274
+10.0597	-11.8767	-17.1157	 +0.2054	 -1.0514	 -0.7650
 -3.5904	 +9.7057	 -4.2713	 -3.7724	 -1.1039	 +0.3262
+12.8664	 -5.7153	+40.5563	 +0.4789	 +0.1634	 -2.5554
+16.3490	+76.4767	+30.7413	 -0.3809	 -0.8278	 +1.3845
-46.9065	-18.9237	+18.2646	 +1.5813	 +0.1473	 +1.0418
+13.2518	-13.3197	 -6.2620	 +3.2740	 +1.5365	 +1.8198
 +5.1659	 -7.5302	 +9.9754	 -3.4591	 +1.6500	 -1.6962
 -9.5701	 +3.3758	 -0.5539	 +4.0050	 +1.1703	 +0.1885
-20.0902	+11.9138	+17.1393	 +0.2637	 +1.1300	 +3.2429
 -1.7872	-23.7141	 -1.4052	 +0.2793	 +0.3951	 +0.4757
+13.5528	 +1.0563	 +1.3815	 -0.1221	 -1.9773	 -2.0037
-15.3807	 +2.5055	 -0.0414	 +0.7723	 -2.0105	 -0.3878
 -0.1667	 -5.3163	 -7.9835	 +2.4251	 +4.2426	 -2.9266
 -2.7975	+15.9597	 +1.6104	 -1.7154	 -1.2732	 +2.8988
-30.7358	 -8.7906	+16.7957	 +1.8816	 -0.6898	 +0.4076
 -2.7898	 +2.4771	 -5.1586	 +0.6988	 -3.2465	 +2.6810
 -4.7814	-12.1264	-47.7324	 -0.1397	 +0.1632	 +0.0337
 -3.7181	 +0.5808	 +4.7184	 -1.7404	 +2.7354	 +3.5114
 -3.4370	 +0.3380	 +2.1831	 -1.8195	 +3.2440	 +0.8590
-48.0522	 -5.0929	 +1.5325	 -2.8504	 -0.9585	 +0.0599
+33.7026	-20.5511	-92.8399	 +0.6628	 -0.5664	 -1.3628
 +6.3385	-18.9660	+10.4881	 +1.1227	 -1.2495	 +2.6131
 +1.2297	+11.8189	 -2.4986	 +0.5392	 -1.5201	 -1.0344
-10.9160	 +7.4547	+11.5010	 +0.1454	 -0.5417	 -0.0002
+11.5472	+10.2256	 +8.5713	 -0.7404	 -2.0815	 -1.0399
+59.8434	-32.7588	-46.3658	 -0.5300	 -0.1605	 -0.6363
-11.5663	-11.0728	 -5.7575	 +3.3018	 -1.9249	 +0.4725
 -8.4249	-26.0491	-19.5387	 -1.7419	 +0.0383	 -1.0669
+12.2487	-36.7060	+49.7378	 +1.4811	 -1.3315	 +1.2720
 +3.8550	 +2.7233	 +5.1516	 +1.8033	 -3.7361	 -0.1885
 -9.1591	-18.4240	-21.8983	 -2.8228	 +1.1158	 -3.2225
-35.4867	+27.1792	-49.8322	 -1.6887	 +0.2621	 -0.5488
 +0.0233	 +0.3373	+17.5058	 +1.0720	 -1.7959	 -1.1078
+24.5838	-50.9115	-65.6014	 +0.0407	 -1.3725	 -0.3322
 +2.1602	-80.9359	-29.8171	 -0.5148	 -0.3307	 +0.0670
 +2.8242	 +1.5544	 +0.6114	 -7.1836	 +0.2998	 -1.5224
 -7.4455	-11.4629	 -7.0208	 +1.6677	 -4.3700	 -0.8591
 +7.8162	 +5.9194	 +3.0416	 -3.3676	 +0.2613	 +1.8136
+20.0364	 +1.9130	 +4.9155	 -1.6836	 +0.0488	 -0.9365
 -1.1655	 +0.0017	 +7.4393	 -0.0503	 -0.5850	 -3.2361
-21.7387	-15.2097	-12.4833	 -0.3426	 +2.4963	 +0.9495
-14.0420	-100.2119	+102.1435	 -0.2938	 -0.7601	 -0.6913
+29.7957	-58.3264	+39.0912	 +2.1713	 -1.5575	 +0.9762
-15.7829	+26.0142	+16.6724	 -1.1384	 -1.2398	 +0.1813
 +3.3227	 +2.2715	+11.0479	 -2.7634	 +0.8304	 +1.2871
 -6.0661	 -5.9437	 -2.4018	 -0.7341	 +3.0422	 +3.1350
+17.5032	 +7.3210	 -3.3239	 +2.3263	 +0.6282	 -2.0258
-10.2827	 -8.9803	+30.1889	 -0.3176	 -2.2122	 +0.6419
+25.2552	 -9.5754	-110.6509	 +0.7510	 -0.3531	 -1.0822
+20.3386	+15.5409	-10.1347	 -0.4870	 +1.3364	 +2.5296
-21.8995	 -5.3169	 -4.9916	 -1.0046	 -0.9356	 -1.6774
-11.6293	 -0.4370	 -1.0560	 +2.6212	 -0.8839	 +0.7108
+14.7279	-14.9889	 -1.4817	 -0.6779	 +0.0775	 +3.5419
 +7.5232	 +4.3001	 +1.9587	 -0.4983	 +4.7708	 +0.2425
+13.9745	 +6.3447	+11.4952	 +2.4151	 -1.5251	 -0.5432
+35.1415	-13.8893	 -0.4997	 -2.1188	 +0.4215	 -0.2837
 -5.0261	-12.6942	-23.7389	 +0.8930	 -2.3068	 +1.6883
 +7.5334	-38.3955	-11.1875	 -0.5962	 -0.5611	 +2.2147
-63.1147	+76.1643	+76.5298	 -1.5674	 +1.2353	 +2.2757
-277.5268	 +6.6746	+325.6466	 -5.8590	 +0.1970	 +7.0181
 -3.2777	+10.5433	 -5.5232	 +1.4536	 +3.0998	 +1.4454
 -1.3203	+12.1825	 +8.0259	 +1.7068	 -0.1178	 -0.5581
 -5.5884	 -9.1816	 -1.0288	 -1.0765	 +1.3549	 +0.9532
-19.8076	 -1.7590	 -2.5071	 +1.2310	 +1.1934	 +4.7144
 -2.3411	 -5.9282	 +2.7432	 -1.4928	 +2.1537	 -1.2725
 +9.6585	 -6.5465	 -2.7874	 -1.1438	 -2.4288	 -0.9129
-10.5514	-18.5800	-15.0520	 -0.8940	 +1.6917	 +0.5565
+19.6464	 -2.3910	 -8.6770	 +0.1753	 -1.2851	 -0.3747
-29.1960	 +1.5136	 -2.7620	 +1.1810	 -1.7552	 +0.7432
-10.3264	 +2.5106	-14.3384	 -1.0270	 -0.7978	 +1.3775
-21.3604	-12.6533	 +5.7833	 +2.7410	 -1.7478	 +0.8213
 +3.5660	 +9.3695	 +8.5211	 -0.0014	 -3.0179	 -1.4842
 -0.9412	 -3.3177	 -8.4869	 +0.3118	 +3.7551	 +2.9372
-15.0420	+16.5982	+11.4109	 -1.8426	 +0.9748	 -1.7622
 -3.9406	 +8.5375	 -2.9428	 +1.7507	 +2.8536	 +3.2990
-14.8819	 +1.5901	 +4.0181	 -0.5224	 +1.3841	 -1.8744
 +8.6572	 +0.0186	-23.5819	 +1.7610	 -1.2097	 -1.1558
 -2.4797	 +2.6328	 -7.1089	 +1.5959	 -2.4632	 +2.9096
 -1.7649	 -8.1965	+10.5190	 -3.7331	 +1.7322	 -2.8960
 -1.5499	 -7.5506	+14.8514	 -0.9555	 +0.3374	 -1.0157
-31.2578	 -3.4556	 -6.7219	 -1.4989	 -1.9119	 +1.3012
+35.3559	 -1.7241	+27.7186	 +0.6231	 -1.2021	 +0.7719
+655.9197	-255.2017	-462.4073	+13.2659	 -5.1972	 -9.4792
+89.3416	-36.4276	+91.8430	 +7.7875	 -2.7714	 +6.8743
-21.3018	+20.6400	+29.8053	 -0.4951	 +0.5952	 -1.0539
 +2.6603	-12.2639	 +8.6576	 +0.8472	 +1.5719	 +1.4996
 +8.2610	 +2.4377	-46.7291	 +0.6048	 +2.3068	 -0.5393
+21.3963	-41.5410	-20.9256	 +0.3674	 -0.2897	 -0.0017
+10.4382	-21.9829	-29.2803	 +0.6392	 +0.6709	 -0.1160
+29.4873	+188.5569	+32.8829	 +0.5337	 +3.9077	 +0.3880
+27.2093	-45.3033	-42.8993	 -2.2963	 +0.8618	 -1.1846
 +3.2486	+14.8817	 +1.6905	 -1.9620	 +2.6823	 -2.5925
 -6.6581	 +2.7635	 -4.8374	 +1.8726	 -2.7345	 -2.8157
 +9.4606	 +8.1311	 -2.7871	 +1.1070	 +2.8849	 -0.9719
 -4.0643	-11.8295	 +8.6438	 +1.8965	 +0.1546	 -1.9606
 +3.1095	 +4.0027	 -2.4028	 +1.6469	 +1.5936	 +1.6810
 +7.7121	 -3.7479	-14.4062	 -2.3287	 -1.9967	 +2.2175
 -7.0368	-10.4723	 -5.3755	 -2.0192	 -0.9162	 -0.6420
 -1.7375	 -7.0643	-25.4864	 -1.5232	 +0.3516	 +1.0753
+22.5670	-18.6496	-10.9419	 +0.2428	 -0.5431	 +1.8858
 -0.5352	 -7.2263	+15.0897	 -0.7684	 -0.5647	 -5.1134
-71.2040	-108.0184	-150.6039	 -1.1835	 -1.8517	 -2.4940
+40.9923	+11.3424	-76.6604	 +0.7031	 +0.1709	 -1.8462
-29.0681	-12.6072	 +6.1031	 +0.6992	 -0.0303	 +1.2506
 -6.5268	 +4.3190	+28.2899	 -1.5541	 -1.6147	 +0.8293
 +3.1330	 -6.8347	-10.3458	 -3.7412	 -1.4607	 -3.1043
 -0.0081	-18.8304	+28.9962	 -0.4788	 -1.4126	 +2.2626
-102.7712	+47.3259	-44.0209	 +0.0026	 -0.0450	 -0.4254
 -7.8618	 +2.0419	-11.3468	 +1.4619	 -2.0478	 +2.1863
 -1.4161	-37.5328	-17.7813	 -0.7488	 -1.2648	 -0.6404
-33.8772	-13.5312	+14.2653	 -0.3977	 -0.1239	 +0.5228
 -4.1679	 -9.7100	 +2.7470	 +2.6405	 +0.4270	 -1.0803
 +5.2284	-15.8418	 +3.9676	 -1.8276	 -0.2698	 +0.1211
 +5.9419	+11.2360	 +0.7640	 +2.7951	 -1.9742	 +0.9608
+10.8886	 -7.4706	 +1.5764	 -1.8211	 +0.2201	 -1.6931
-18.4697	-147.6807	+17.2853	 +1.3473	 +0.8287	 -0.2039
 -4.9389	 +7.2861	 +4.0626	 +0.8245	 -0.0412	 +1.2203
 +7.2200	 +3.0517	 -7.0757	 +0.7977	 -2.2288	 -3.2390
 -3.1315	 -8.6578	 -0.7871	 +1.1050	 -3.7227	 +0.0653
+18.0110	 -7.8604	-27.3564	 -1.0683	 +0.3416	 -0.7688
+18.2793	 +2.8005	-21.3059	 -0.9408	 -0.8280	 -1.4917
 +8.0635	 -2.9380	 -2.3204	 -0.3911	 -1.3513	 -1.4425
 +2.5538	-14.2952	-11.4926	 -0.8279	 +0.0442	 -1.0671
-23.1818	 +1.5071	+26.7387	 +0.5964	 -3.1450	 +0.1446
 -6.3899	 +8.9527	 -0.0840	 -1.4022	 -0.7261	 -1.8999
 -8.6109	 -9.3520	 -9.8094	 +1.0829	 +1.4649	 +0.7111
 -8.6013	 +0.4183	 -2.9994	 -0.9386	 -2.7472	 -4.3341
+25.0036	-29.5372	-10.9266	 +0.4604	 +0.1057	 +0.0055
 -5.8732	 +1.0866	 -1.4795	 +2.7003	 +1.3973	 +0.5241
 +6.9392	 +3.8688	+11.6361	 -0.6825	 -0.2740	 +1.2713
 -5.1824	-26.5627	+18.4230	 +0.3363	 -2.7560	 -0.2475
+15.0078	-14.2003	 +0.7793	 -0.0081	 -1.3844	 +1.2076
 -8.0042	 -0.6723	 -3.8855	 +4.2714	 +0.4656	 -3.3988
+35.9248	+58.5210	+32.7408	 +1.9834	 +2.6616	 +2.2837
-60.6308	+53.1879	-59.9677	 -0.5068	 +0.1953	 +0.0439
+10.3911	 +2.0947	-15.1056	 +0.4184	 +4.1674	 -2.4091
-14.3840	 -9.6045	 +1.2084	 -2.6513	 -2.0504	 -1.8766
 -4.4380	 +2.5161	 -8.8527	 +0.9782	 -0.6500	 +3.2656
-15.3944	+14.6979	 +8.9750	 -1.3446	 -1.5804	 -0.2029
-36.9810	+28.0703	 -7.7642	 -0.9772	 +0.8781	 -1.3802
+35.8417	+75.1636	 -6.2197	 +1.1901	 -0.4629	 +1.9027
-103.3562	+82.4331	+75.1653	 -3.8166	 +2.6585	 +2.7275
 -0.9372	 -4.3772	 -1.8823	 +3.0616	 -0.6848	 +4.2990
 -6.8955	+18.7891	 -0.1916	 -0.0157	 -1.0259	 +0.2772
 -5.4126	-24.3941	-12.2308	 -0.1108	 -1.0945	 -0.5303
 -1.9985	 -6.3495	 +5.1875	 +1.6525	 -0.6015	 -4.7498
 -7.6973	 -2.4473	 -4.5849	 +0.5029	 +0.4478	 +2.3700
 +2.2695	 +6.6488	-26.0632	 +1.3522	 +3.4932	 -1.5946
 +3.7589	-20.5833	 -3.9226	 -1.4301	 -1.4640	 -1.0942
 -1.3120	-13.8361	 -5.3952	 +0.2296	 -0.8222	 -3.5264
 +9.1919	 -7.1976	+12.8715	 +0.1957	 -1.2215	 +2.3677
-13.2854	-20.0357	-26.1611	 -0.3584	 -1.0110	 +0.1500
-35.5969	-20.5684	+28.4368	 -0.1167	 -0.8356	 -3.0219
 +9.5664	 -4.0352	+53.5443	 +1.3051	 +0.9997	 +1.2978
-10.5743	 +2.2392	-13.5918	 -1.2514	 -3.2799	 +2.1838
 +7.9927	 -9.5119	-10.2988	 +1.1582	 -0.7270	 +2.1696
-35.0835	 +8.6894	+14.3953	 +0.5688	 +0.0898	 +0.6417
 +0.0136	-22.9749	-43.2335	 +1.9368	 -0.5030	 -1.4901
 +3.6271	 -9.7465	 -5.0861	 +1.0838	 +2.0110	 +0.0961
-11.5657	-23.6917	+15.8013	 +0.3771	 -0.0969	 -1.5046
-19.8849	-14.6525	+11.8784	 -2.2397	 -0.3540	 -1.3421
 -8.8927	 -6.5711	 -6.2865	 +1.4830	 -0.2996	 -1.5000
-38.3650	+16.2280	-31.3793	 -0.8886	 -0.2433	 +1.8795
-11.1530	 -1.1412	-17.4828	 -1.0028	 +3.5114	 -2.2453
 -4.1717	 -8.6878	+10.4284	 -0.2419	 +0.4455	 +2.9371
+10.6778	-20.4141	 -6.1266	 +0.6677	 -0.5676	 -0.6393
+34.9558	-12.0184	 -9.1839	 +0.7008	 +0.0307	 -1.6614
 -3.1392	-17.2753	 -7.2069	 +1.9500	 +0.4128	 -2.4359
 -2.6763	 +5.1785	 -7.5491	 -3.5006	 +1.5189	 -0.1010
 +1.8596	 +3.6227	+15.0164	 -0.3681	 -1.8505	 -0.7023
-16.4367	 -6.8292	-11.5086	 +1.8451	 +3.5941	 +0.1445
+13.7788	 -7.2939	 -7.4814	 -0.2168	 -1.1637	 +0.7793
 -3.8393	-18.3449	+27.5628	 +1.8317	 -1.9959	 -2.4534
 +2.0634	 -9.1883	+10.7017	 +1.3117	 +0.3674	 +1.1115
 +4.9766	 -7.7244	 -2.9350	 +1.8121	 +1.4215	 +2.2678
 +9.1023	-250.5094	+179.6825	 +0.1252	 -3.8237	 +2.6067
 -3.8280	-13.3233	-21.4565	 +0.3973	 -0.9724	 +1.7690
-22.0276	-13.8275	-20.0885	 +0.1912	 -2.4078	 -0.4034
 +2.9546	 +7.3555	 -2.2467	 -1.0091	 +0.6693	 +2.4531
 +3.4796	 +1.2360	 +1.6173	 +4.7564	 +1.8772	 +2.1449
 -0.9268	 +5.6172	 -0.3931	 +2.1591	 +3.2674	 -3.6136
 +6.8618	 -5.0546	 -9.2347	 +0.6521	 -0.3214	 +0.5917
 -1.0704	-25.1030	 +9.6995	 +1.9652	 -4.3190	 +3.8863
 +5.5442	-12.4157	 +0.8323	 -0.5633	 +0.2505	 +1.8629
+22.1295	+16.3999	-18.8253	 -2.4798	 -0.2937	 -2.1241
 -1.1115	-11.4731	 +4.1850	 -1.6548	 +0.2740	 +1.5896
-23.1343	 -6.7694	 -2.3605	 -1.7484	 -0.0445	 -0.2798
-26.5270	 +4.2197	+17.6937	 -1.0200	 -0.6973	 +0.3403
-12.0496	-14.8484	 -1.2837	 +0.9460	 +2.0506	 -1.3049
+18.3599	-34.5617	-14.7724	 +1.2415	 -2.5792	 -0.8464
+132.9389	+11.0650	-210.3232	 +2.8663	 +0.3101	 -4.1193
 -1.3200	 +4.1827	+21.7935	 -1.7828	 +1.5309	 -0.4386
 -8.8388	 +1.2874	 +2.3566	 -2.9137	 +0.3496	 +3.4340
 +3.4345	 -6.8286	 -5.5775	 -1.4515	 +2.4778	 -1.5315
-10.2558	 -3.2425	 -4.0090	 -3.4604	 +1.3476	 +1.9866
-27.9188	-23.8480	 -1.9131	 -1.8724	 +1.3296	 +0.0251
+12.3593	 -8.3211	 -8.2637	 +1.8825	 -2.5197	 -4.5248
-19.4281	 -4.6558	+20.1163	 +0.8375	 +1.6054	 +1.5063
 -3.0912	-16.0601	 +1.3107	 -0.8709	 +0.1271	 -0.3486
 -7.0874	 +0.7883	 +9.2044	 +0.5134	 -1.8277	 +0.2038
 -1.9883	+35.0549	+32.2880	 -0.9163	 +3.6195	 +2.0584
-41.9928	-39.1960	-49.1702	 -0.4469	 -1.4997	 -1.3364
-26.2663	-21.1721	 +1.1191	 +1.3996	 +1.9990	 -1.0573
+12.2537	 +4.9201	+12.3837	 +2.0651	 +2.5567	 -2.4192
 -0.2710	+12.7455	 -0.1338	 +0.7709	 -0.3635	 +1.3132
 -2.7216	+21.4978	+11.2346	 +0.4460	 -0.3942	 -0.4149
 +9.1007	-27.8069	 -0.1706	 +0.4681	 -2.1847	 +0.8665
 -1.0855	 -1.2784	 -3.4288	 +2.9561	 -0.3193	 -1.4643
-13.1159	 -9.3817	-11.3696	 -0.9897	 +1.4417	 +1.7510
-167.7141	+67.4144	-146.8145	 -5.5023	 +2.4264	 -4.3202
 -6.6111	 +1.9922	 +4.4621	 -2.9208	 +0.8631	 +0.7512
 -0.4627	+41.9930	-75.8127	 +0.8809	 +0.7381	 +0.1016
-27.9718	 -4.1063	+30.4182	 -0.8851	 +0.7704	 -0.3698
+103.8128	+225.6802	-20.6397	 +1.5925	 +3.4989	 +0.0435
+14.6172	-10.0941	 +1.2137	 +3.4460	 -0.9712	 +1.5026
 -6.8721	 +3.9944	 +9.5923	 +1.9536	 -2.5649	 -0.7084
+11.8975	 -3.2099	 +1.6595	 +2.9236	 +0.0505	 -2.9994
-12.3388	 -0.1943	 -3.2359	 +3.1830	 +1.5048	 +2.0426
 +7.7944	-17.0264	 +3.5983	 -0.6051	 -3.0688	 -2.1509
-70.2570	-488.9667	-42.2252	 -3.3971	-24.0609	 -1.6094
-18.0270	 +2.1032	 +0.9674	 -0.4769	 -1.2208	 +1.8507
-27.4026	 -0.3137	+13.0805	 +0.7081	 +2.2685	 +0.0672
+40.2906	+11.6468	+55.2800	 -1.0085	 -0.5719	 +1.2441
 +5.8530	 -1.1001	 +4.9275	 +4.1667	 +0.6071	 +1.3148
+28.6122	+40.5755	 -4.3677	 -0.0004	 -0.2306	 -0.3577
 -4.7447	-17.6749	+19.9594	 -1.4781	 -2.2212	 +0.5170
+13.6355	 +7.1147	 -0.6692	 -0.5754	 +2.9636	 +0.0523
 -5.1855	-12.4924	-15.5637	 +0.4964	 -0.9135	 +0.2302
 +7.3606	-39.8900	-33.1475	 -0.5941	 +0.2478	 +0.4717
-12.6038	 -3.9310	-32.6438	 -0.4864	 +0.6261	 +0.2193
 -5.1063	 +4.5822	 -5.7666	 +0.8360	 -0.9537	 -1.1710
 +9.0224	-16.3822	-12.8028	 +0.4054	 +3.2320	 -0.3785
 -5.5987	 +4.0474	 +6.8078	 +0.4931	 +0.8484	 -0.6694
+25.1710	 -7.0246	 -6.4206	 -0.1024	 -1.2536	 -1.2527
-50.4742	+49.6536	+20.8074	 +0.7041	 +0.0552	 +0.0155
 -0.1409	 -3.7333	+11.0576	 +2.4632	 +1.9559	 -0.8171
-11.3009	 +1.8691	 +0.7752	 -1.9650	 -0.9382	 -3.7732
+19.3065	-61.5788	+22.5105	 -0.7411	 -0.4180	 -0.5236
-62.3091	+68.6639	 +3.2442	 -0.4458	 +0.0103	 -0.6127
+18.9953	 -5.9815	-10.6129	 -2.2893	 +0.7484	 +0.2639
 -3.6736	 +5.1892	 -2.4077	 -0.7017	 +2.7116	 +3.0962
+46.3428	+40.6324	-34.6499	 +2.0575	 +2.3251	 -1.3652
 +8.7274	 -5.5180	-14.3279	 +2.1611	 -3.3039	 +0.6364
-47.0290	+104.1117	 -1.0654	 -0.4427	 +1.1004	 -1.3639
 -5.3847	+22.9872	-18.8000	 -0.4983	 +0.2340	 +1.1990
-13.7117	 -4.4004	-17.0562	 -1.6844	 -0.8380	 -4.4757
-15.3461	 -0.8697	 -7.9653	 -0.2184	 -1.0097	 -0.7010
+31.1811	 -8.5742	 +6.1272	 -1.0059	 -1.4103	 +0.6854
 +1.3210	-15.1093	 -3.2284	 +0.2644	 +1.3509	 +1.1880
 +5.2800	-14.2203	+10.2152	 +0.6251	 -2.6962	 -2.3683
 +8.8487	 +3.3721	 -7.7084	 +2.9759	 -2.3554	 -0.8236
 -3.4826	 +8.8799	-56.9095	 -0.5407	 +0.5364	 -0.3152
-10.7733	 -2.9415	-19.8591	 -1.1048	 -0.5969	 -0.1163
+14.4629	 -0.3684	 -7.8124	 -2.7075	 -1.0648	 +0.8941
 -5.0520	+20.7439	 -4.6168	 +0.4800	 -2.2192	 +0.6131
-42.5361	+222.1755	-694.4974	 -0.7142	 +3.6822	-11.6247
 -1.0950	 +1.3860	-10.9644	 -0.2727	 -1.9705	 -2.2594
+14.0254	+10.1508	-26.2639	 +2.6505	 +2.1148	 -1.6347
+81.5781	+41.1597	-99.3290	 +1.7040	 +1.1420	 -2.1515
+119.6978	+11.2678	-33.9348	 +1.8019	 +0.0166	 -0.4877
 +5.2515	 +4.8018	 -8.4631	 -0.4817	 -1.6725	 -0.0072
 -0.8507	 -7.2178	-10.6905	 +0.0542	 +1.7611	 -0.8312
-29.8249	-105.0667	+98.0880	 +0.9462	 +0.6703	 -0.6776
-26.1808	-12.8974	 -4.6328	 -0.0478	 -1.1766	 +0.4420
-24.5795	 +0.7908	-22.1711	 -0.9837	 -1.8821	 -0.7382
-11.9908	 +2.8585	 -6.7021	 +2.3512	 +0.2522	 -0.9065
-30.8244	+42.4270	+63.5310	 -1.6206	 -0.1057	 +0.6861
-27.5343	+10.9994	 -0.7838	 -0.6153	 +0.9913	 +0.4802
 +3.5551	-22.8102	 -9.6600	 +0.2410	 -0.3529	 +1.3422
 -3.9167	+54.8492	-37.8008	 -1.1173	 -0.9756	 -1.7665
+13.5136	 -7.4337	 +4.4627	 -0.9061	 +0.0892	 +1.5644
+14.0201	 -6.7065	 +6.6529	 +1.4357	 -0.4315	 +1.4753
+18.4109	-20.7778	-43.8479	 +0.5427	 -1.2698	 -0.7030
 -4.7947	 +9.0728	-24.4354	 -1.3734	 +2.3152	 +0.3095
 +4.9096	+14.9705	 -2.2897	 -3.0725	 -2.6674	 +2.1203
 -2.4174	-15.3824	 +8.1134	 -2.1520	 -3.1456	 -0.7026
 -3.0409	 -9.8645	 +2.1658	 -0.4564	 +4.2762	 -0.4646
+11.7618	 +5.9815	+17.0546	 +0.9656	 -1.0134	 +0.0918
+11.1189	-16.3568	 +0.7134	 -0.8234	 -0.0987	 +2.3078
-37.9850	-37.4754	-15.5995	 -0.3667	 -0.6385	 +0.3129
+11.1873	 -7.3940	 +6.3703	 -1.4771	 -0.8349	 +0.3511
 +9.6969	-22.4325	 +7.9758	 -0.3021	 -1.4789	 +1.0427
 +9.3655	-15.4500	+12.7826	 +1.9437	 -0.0009	 +1.0903
-12.9435	 -5.8562	 +3.4884	 +0.8836	 +1.5001	 -2.1166
+16.7424	-39.9006	+67.6706	 -0.7439	 +0.2469	 +0.4297
-17.6396	-14.7663	 -9.2450	 -2.5320	 +0.6346	 +0.4804
 -4.8761	 -7.5768	 +9.3371	 +3.0829	 +2.0821	 -0.6090
 -2.3789	+10.6044	+14.5693	 -2.1826	 -2.0155	 +1.1010
 +0.9768	 +1.6949	 +8.3673	 +0.8997	 +2.5446	 +4.4272
+13.0447	+47.1276	+67.9055	 +0.0366	 +1.7015	 +1.0500
 -8.0454	-46.1163	+12.4417	 +1.3625	 -1.9922	 -0.4958
-80.0789	-19.5637	 +3.1172	 +0.4704	 -2.0030	 +1.3669
+141.5839	+117.8244	 +1.3751	 +1.7824	 +1.7500	 -0.0900
-10.9296	-13.6727	 -2.5327	 +2.0460	 -0.0017	 +2.5819
+39.1703	-29.5734	-58.5435	 +0.0356	 +0.5598	 +0.1177
-18.9965	-19.9995	 -4.0034	 +0.4553	 +1.0122	 +0.9012
-17.5700	 -1.9916	 +5.2206	 +0.1952	 -1.0329	 +3.6118
+14.7939	 -8.3778	 -9.2296	 -2.0839	 -0.0509	 -0.1240
 -9.1339	-21.6524	 +9.6523	 +0.6247	 -1.9058	 -0.9651
 +4.2277	 -5.2819	 +6.5778	 +1.2377	 -2.1965	 +1.0918
 -6.5179	 +6.2169	-15.6349	 +0.0620	 -0.8756	 -1.2315
-29.1838	 -9.8913	+14.3737	 -0.0757	 +1.7203	 -0.8844
+52.0990	-33.3039	+11.5544	 +1.7510	 -0.2399	 -0.6372
+17.7934	 +3.4900	 -1.0500	 -0.1797	 +0.3286	 +2.8368
-22.2594	-14.1805	 +8.7198	 -2.8598	 +2.5387	 +0.7244
+50.0315	 -7.9159	 -6.8148	 -0.9016	 +0.1064	 -0.7078
 +1.8744	 -0.6803	 +3.2514	 +1.9059	 +2.4015	 -0.6913
-24.8859	 -6.1373	 -7.7922	 -1.5464	 -1.2901	 -0.1973
 -2.6310	 -0.3230	 +6.8214	 +0.7836	 +2.6418	 -1.4910
-113.4216	-116.7643	+112.5376	 +0.6690	 +1.2205	 -0.1743
 +4.7629	+14.2207	 -9.6057	 -1.1822	 +0.8023	 +0.6144
+47.7217	+42.0665	-65.9708	 +0.6612	 +1.6587	 -0.3624
 +3.1531	 -5.8080	 -4.1987	 -2.1806	 +2.2089	 +1.5658
 +0.4040	 -3.6809	 +4.7620	 -0.4137	 -6.2954	 +2.8887
 -2.4174	+26.9829	+11.7954	 +0.7940	 +0.5695	 -1.5764
 -9.1686	 -5.9139	+14.8874	 -2.6762	 -0.3029	 +0.4958
+30.5592	 -1.0534	 -9.1513	 +2.0727	 -1.0369	 +0.7070
-42.6812	+22.2279	+35.6123	 -1.1991	 +1.6781	 +1.6539
+13.2871	-19.3996	 +4.8281	 -1.2609	 -3.1989	 -0.8335
-17.9846	-26.0667	 +6.6749	 +2.3698	 -0.4479	 +0.4286
 -4.0513	 -9.6465	 -3.9132	 -0.6946	 +2.0577	 +2.1739
 -0.4788	 -3.9346	 +9.5130	 +0.3626	 +1.0719	 +1.4108
 +9.1129	 -1.7428	-19.9855	 +0.1276	 -0.3152	 +0.6118
 +0.9715	+22.7867	 +2.5528	 -0.5847	 +1.9006	 +0.2014
-15.5466	+11.2233	-20.4536	 -0.8093	 +1.1773	 -2.6679
+15.7660	 -4.1418	-10.1747	 -3.6303	 +1.7859	 +2.0158
 -1.0330	+18.8102	-27.9259	 -0.4403	 +1.5357	 -1.9180
 +9.2208	 -6.7725	+19.4399	 +1.8299	 +2.0195	 -0.0446
 +6.6210	+15.0877	+18.6243	 +0.6660	 -0.8591	 +3.2574
 -1.8083	+15.0397	+26.7837	 +0.6281	 +0.7280	 +0.3627
 -8.5118	-59.7943	-55.0902	 -0.7767	 -1.3846	 -0.7603
+12.5359	 -8.4161	+13.8486	 +1.1347	 -0.7060	 -0.4034
 -3.2966	 -9.9020	 +0.9750	 -0.1141	 -3.5380	 -0.3846
 +1.4563	 -2.0567	 +3.9060	 +0.0460	 +2.2855	 +0.0983
 +3.3281	-11.1707	+21.1460	 -0.8938	 +2.5887	 +0.1180
-12.1991	 +9.2538	 -5.2101	 -3.2904	 +2.0548	 -0.6639
-20.3537	-16.1914	 -5.2038	 +0.5955	 -3.8738	 -0.7403
 +9.4344	 +2.5083	-22.7378	 -0.2701	 +0.6001	 +0.6511
-14.8750	 +8.6617	-24.7985	 -0.8019	 -0.1421	 +0.6786
 +5.6371	 -3.0759	 +1.7731	 +5.8018	 -0.6309	 -0.3243
-15.5067	-14.6359	 -9.9551	 +0.5264	 -1.5903	 -0.8294
 -6.6948	+15.4294	 -7.7616	 -3.5679	 +0.6613	 -0.2510
 -1.6558	+14.0097	 -6.1473	 +1.4539	 -1.3518	 -1.6629
-251.7986	+277.2731	+458.2643	 -5.9795	 +6.4896	+10.9061
-111.1327	-153.8525	+17.2138	 -2.1507	 -2.8166	 +0.7583
-11.2671	 -0.3305	-13.5414	 +0.1840	 -0.2605	 +1.2989
+14.1021	 -2.7096	 -0.4066	 +3.1309	 +3.1287	 -1.7016
+25.0289	-22.5889	+12.8932	 +1.3947	 +0.3273	 -1.6860
 -1.4533	-13.0947	-13.7170	 -0.4924	 -0.4544	 -0.6074
 -2.5264	 -0.3943	 +0.0094	 +1.5161	 -1.1912	 -3.4260
-23.1424	-19.3592	+41.0595	 +0.5996	 +0.4735	 +0.1575
-17.2623	 -4.0660	 -4.0894	 -0.0006	 -0.8992	 +0.2633
 +5.8753	 +1.8477	-24.4782	 -0.6340	 +0.4315	 -1.6054
 -5.9270	-11.2989	+13.6196	 -0.1452	 -1.0458	 +3.7131
 -2.2861	+11.2963	-11.8916	 +2.8809	 +1.7435	 -2.0192
 +8.7543	 +4.7778	 -0.8991	 -2.0482	 -0.3658	 -1.1064
 +5.4105	 -9.8617	+19.4210	 +0.5013	 -1.1765	 +1.1548
 -1.7661	 -0.9635	 +3.5352	 -0.9616	 +4.2694	 +0.2710
-33.9688	+16.4577	-10.6046	 +1.8120	 +1.3342	 -0.0120
 -1.5937	-16.3999	-16.8403	 -0.4318	 -0.6664	 +0.1778
+10.4808	 -1.9886	 +3.0661	 +0.9577	 +1.8245	 +1.8380
+10.9760	 +3.6777	 -7.5311	 +2.0457	 +3.3764	 +2.2395
 -1.6712	 +0.6473	 +4.4057	 +2.1444	 +4.7149	 -0.0065
-23.7843	+19.8295	 -1.9761	 +2.3373	 -0.0568	 +0.1443
 +2.6779	-16.8297	 +2.8468	 +0.9313	 -1.9135	 -0.5396
+13.0785	 -3.6601	+15.1264	 -0.5434	 -0.9569	 +0.4667
 -9.3863	 -0.4583	-14.3396	 +1.4435	 +2.4406	 +2.0507
+10.9346	 -6.5071	 -4.9088	 -1.4129	 +3.8595	 -0.2072
-20.6679	-16.3755	+14.2472	 -1.5094	 -2.6850	 +1.5499
 -6.4078	 -3.1047	+25.8078	 +0.5208	 +0.7449	 +0.1647
+26.3376	+28.3424	-44.3837	 +0.0963	 -0.1051	 +1.1466
 +9.8947	 -1.7608	 -0.3473	 +1.1495	 -0.6546	 -4.2767
+80.9830	+68.9868	+165.0575	 +1.3454	 +1.6045	 +2.8122
-10.3377	 -6.5756	-11.1994	 -2.8905	 +2.3637	 -1.1986
 +1.6504	 -5.2268	 +4.5660	 -2.9662	 -2.3747	 +0.2464
+13.0231	 -4.7901	 +6.7988	 +1.0205	 +0.7949	 +0.5892
 -7.0096	 -8.2311	 -9.4133	 +3.5383	 -0.5279	 -1.2933
+15.8870	 -9.3648	 -7.2035	 +1.2551	 -0.8727	 +1.6656
+41.6724	-16.0365	-14.7687	 -0.4999	 -0.2796	 -0.5114
+10.9166	-33.0063	+10.5000	 +1.4342	 -1.3511	 +0.0371
-13.2438	 +6.1430	+20.2245	 -1.0853	 +1.0583	 +0.8875
+160.4521	+25.0053	-105.6779	 +5.4978	 +0.7546	 -3.2131
