# Num Particles: 1000
# Num Cores: 64
# Total Energy: -1.022467e+04
# Iterations: 741 of 1000
# Current Time: 2018-05-06 01:48:02.500936
# Elapsed Time: 0:37:34.538151
# Avg. Step Time: 0:00:03.042562
# 
# x	y	z	vx	vy	vz
# 
 -2.7253	 -5.6493	 -1.5115	 -0.7481	 -2.5091	 +4.0624
+16.3046	 +3.5733	 +7.3030	 +2.0194	 +1.4264	 +1.3537
 -6.3576	 -9.4625	-10.4242	 -1.3846	 -0.4361	 -0.5407
-22.6929	+49.3071	-14.7123	 -1.1768	 -1.0472	 +0.9616
 -0.0009	 -2.7681	 +0.3768	 -1.0500	 -1.2261	 +1.0878
 -0.4326	 +5.6546	-12.6662	 +2.3140	 +1.3516	 +0.4155
-11.7420	 +4.4326	 +7.2596	 +1.2575	 +1.0099	 +0.1034
 -1.1929	+13.2182	 -0.6523	 +0.4179	 -1.6404	 -1.5426
 +8.5152	-38.1417	-23.9436	 +0.1570	 +0.7203	 +0.5916
 -9.9688	 -6.4031	 +2.0652	 +1.6323	 -5.2535	 +0.0374
-22.3346	 +4.6728	+17.8919	 +0.7527	 +1.6120	 +0.6409
 +1.2783	 +0.3895	 -1.9444	 +0.5536	 +2.7670	 +0.0442
 +3.7811	 +7.8128	+11.8022	 +0.9763	 +0.9251	 +0.0983
-15.2880	 +7.0487	 -8.1267	 -3.7986	 -0.4314	 +2.8130
 -7.6053	-12.3206	-10.5840	 -0.7947	 -0.0046	 -1.8545
 -8.4824	-21.5335	-12.8532	 -2.5440	 +1.2074	 +1.4065
 -0.6786	-28.5530	+17.7925	 +2.2507	 -0.2067	 +0.4668
-16.8884	 +7.7381	-27.0290	 -0.6321	 +0.8328	 +2.0655
-10.2961	 -8.4091	+10.0092	 +0.8972	 -0.4831	 -2.1968
-37.9504	-44.4167	+23.0058	 -1.7060	 +1.1803	 -2.3539
 -8.4363	 +4.5274	 -0.0717	 +2.5041	 -1.0936	 -0.8793
 -8.9776	 +4.9810	-10.5861	 -1.1116	 -1.8331	 -0.6879
 -4.8084	-15.2438	 -1.3699	 -0.7678	 -0.4109	 -0.6478
 -3.9199	 +6.1481	 +7.9660	 -0.2068	 +3.3075	 +1.1621
 -6.2275	 -5.8082	 -2.6606	 +1.6529	 -1.0293	 +5.2167
 -7.8241	+24.1939	-31.5659	 +1.7747	 -2.1822	 +1.3827
-18.5267	+12.6372	 -6.7485	 +2.7894	 -0.8125	 +0.6648
-16.8644	 +6.9535	 -2.4472	 +1.4056	 +1.5189	 -1.3975
 -8.1377	+21.6018	+12.2750	 +2.9967	 +0.8413	 -0.0386
-23.6712	+40.7843	+18.6755	 -0.9285	 +0.9081	 +0.4417
-22.0295	 -2.2842	 +2.5888	 +1.6852	 -1.7274	 -2.4206
+34.1000	+30.4371	+29.8586	 +1.2072	 -1.7091	 -1.4286
+37.0668	 -1.4965	-23.3168	 +0.0759	 -0.8260	 -0.7393
 -7.8858	+16.0132	+10.5323	 -0.5105	 -3.8809	 +0.3435
+12.7780	-57.4822	+38.3187	 +0.5801	 -1.6265	 +0.5216
+207.8390	+872.6003	+54.4933	 +6.1540	+25.7614	 +1.8923
 -2.2794	-30.3707	 -5.3704	 -1.6864	 -0.0341	 +0.9461
 -7.9579	 -7.1617	 -5.9230	 -0.5342	 +0.1030	 +0.5878
+115.9544	+20.7536	+252.2232	 +2.0896	 +0.6998	 +5.2155
-13.2906	 -2.6499	 -1.6286	 -3.5396	 -0.7146	 +2.1971
 -5.8883	 -9.8127	-29.1105	 -0.3960	 +0.5158	 -1.2840
-38.6571	+15.4630	-18.8134	 -0.4304	 -0.1738	 +0.1801
 +3.3189	+12.2259	 -3.5926	 -0.0864	 -0.3204	 +2.0627
+13.5576	 +7.8456	 -1.2614	 -1.0202	 +2.0523	 +0.6283
-10.6557	+12.3898	 -5.6432	 +1.5510	 +3.3889	 +0.1612
 -7.3346	 +7.5587	 -1.8361	 +1.5175	 +3.0357	 -1.3070
 -9.7688	-23.3154	-11.0261	 -1.2878	 +0.1337	 -2.1227
-29.1724	 -7.3843	-29.8788	 -2.6521	 +0.3149	 -0.6078
 +6.6749	 -6.0167	+10.6098	 +0.2332	 -0.6792	 -0.9501
 +2.0259	-10.9934	 -3.9350	 +0.5824	 -3.3805	 +0.0573
-35.3347	+68.2472	-60.3406	 -0.7651	 -0.1684	 -0.9586
+42.1061	 -8.9160	+74.9439	 -0.5481	 -0.3543	 -0.5284
+20.1581	 +5.2104	+40.3167	 -0.9668	 +1.7473	 +1.5342
+15.8192	 +3.4471	+13.5008	 +1.1218	 -2.8012	 -0.4658
+11.7048	+89.6654	+28.3853	 -0.1833	 +0.0076	 -1.3910
-11.2064	+14.4399	 +2.4743	 +3.3847	 -2.5897	 +0.4581
+11.0010	+12.2082	-23.4620	 -1.8241	 -0.9715	 +1.7082
 -2.6979	 -4.9602	 +3.5511	 -2.3455	 +0.5772	 -2.1785
 -7.5655	 -8.3107	-26.9710	 +0.4991	 -1.4999	 -0.6672
-41.0895	+32.4742	 -5.3217	 +0.2769	 +1.5913	 -0.6773
+30.6365	-10.2012	 -1.0404	 +0.6139	 -0.3749	 +2.2105
 +9.9687	 -6.5328	+27.6261	 +0.8805	 -2.7080	 +1.3319
 +1.8784	-11.6600	 -0.5006	 +1.1628	 -1.6258	 -0.8781
 -3.6998	-27.1430	 -9.7035	 +1.4019	 -0.5121	 +2.2680
 +1.1707	-38.8342	 +5.6247	 +0.9427	 -0.1306	 +1.2313
+13.8314	+11.1479	-24.7873	 +0.5802	 +0.6457	 -2.3309
 +9.3833	+11.4157	-12.8475	 -0.0077	 +0.8330	 -2.3340
 -4.5559	 -2.9276	+46.0006	 -1.0427	 -1.1638	 -0.8163
+26.1906	 -6.6613	+20.7648	 +1.3114	 +0.7013	 +0.9923
-647.2066	+531.1994	+908.2045	-10.5282	 +8.7085	+15.1252
 +3.8276	 -9.6910	 -0.5839	 -3.8619	 +1.7644	 -0.2359
 -6.2669	 +8.0742	-12.6373	 -1.3182	 -0.1033	 -1.6298
 +6.6072	-15.6734	 +2.9337	 -0.6632	 +0.0414	 +1.3678
+111.1400	 +5.6565	-117.7862	 +1.3509	 -0.1979	 +0.3731
+46.8181	 -2.7858	 +9.6157	 +1.5299	 -0.0545	 +0.7627
+26.3254	+17.5164	 +1.7583	 -0.7918	 +1.7469	 -1.9377
 -8.7880	+39.5249	-26.2429	 +0.2669	 +0.5220	 -0.4280
 +1.0994	 +2.1678	-29.8054	 +1.8777	 +1.1739	 +0.0208
-91.6517	+212.2709	-155.1936	 -1.2037	 +3.2417	 -1.9478
-38.0485	+10.9205	 +2.0612	 -1.1679	 -1.3413	 -0.4524
 -4.0395	-14.4991	 -3.9230	 +1.6222	 -1.0634	 -0.3191
+14.6076	 -0.8583	 -7.8324	 -0.4973	 -0.5434	 -0.1159
+18.3881	-15.8919	-11.5373	 -0.0688	 -0.5003	 +0.6045
 -7.1121	+49.1952	 -3.1377	 -0.4654	 +1.1414	 +1.6175
-31.3315	+21.5634	+27.6988	 -0.7009	 -0.0942	 -0.3162
+14.1049	 +6.1293	+12.9306	 -2.9746	 -0.4932	 +0.5099
 -8.1879	 -3.0818	 -7.3013	 +0.7244	 +2.1405	 -3.1869
-60.5558	+45.7126	-58.4222	 -1.1943	 +0.6314	 -1.3286
-14.0373	 -5.6106	+11.5796	 +1.0889	 -3.6676	 +0.6339
-15.1600	-20.8902	 -3.1634	 -1.8840	 +3.5257	 -1.5818
+13.9414	 -4.5296	+15.7732	 +0.5142	 -1.5419	 -0.4418
 +5.5482	 -0.2187	 +5.0926	 +0.5803	 +0.7596	 -0.9623
+32.7562	+47.9986	-19.9851	 -0.5827	 -0.4892	 -0.5507
 +1.9559	 -1.3673	 -3.8940	 +4.7347	 +0.1865	 -0.7189
-12.4515	 -7.1559	 +7.4639	 -1.6533	 +0.2712	 +1.0048
 +7.8978	 -4.0736	 -5.9172	 -0.5357	 +0.0004	 -1.8837
 +5.6516	-48.5020	+17.4923	 +0.9407	 -1.4538	 -1.3800
 -8.7710	 +3.2364	-11.1191	 +1.4619	 +2.4382	 -2.9210
+19.2298	-22.1813	 +3.4820	 +0.7459	 +0.9848	 +1.1404
+15.3668	 +7.1510	+26.9008	 -1.8766	 -1.0372	 +0.8331
-28.9282	-42.1004	 +8.8684	 -2.5465	 -2.5037	 +1.1045
 +6.3932	-27.4453	-15.7249	 +0.5480	 +0.9829	 +1.2620
 -4.7749	 -3.2449	 -9.4568	 +1.3803	 +0.8239	 -1.3200
 +2.2119	 -3.7686	-11.1036	 +1.8491	 +2.3890	 -0.3510
+463.9685	+116.6885	-235.2885	 +6.1676	 +1.5737	 -3.0467
 -5.1972	 -9.5890	-11.6261	 +0.7070	 +0.5486	 -0.2934
+17.6666	-13.0256	 +6.1534	 +3.7976	 +1.2577	 -1.9434
 +4.1506	-10.6446	 +2.3144	 -0.4446	 -3.7178	 +1.6666
-31.0816	 -8.1314	-18.6577	 -0.3211	 -1.4120	 +1.0917
+20.8286	-14.6708	 +6.7720	 -0.7252	 +0.4428	 +0.8699
-10.8870	 -7.8004	 -2.2143	 -1.3421	 +3.4119	 -3.4294
+452.1681	+435.7712	-203.2838	 -0.3318	 +0.6266	 +0.3391
-139.6672	+176.1190	+221.1218	 +0.0744	 +0.9525	 +0.1565
 +0.5879	 -8.9772	 -4.7442	 -1.7948	 -1.0308	 -1.8581
-15.8325	-11.1856	 -7.1353	 +1.3743	 +1.8612	 -2.6806
 +4.4301	 +4.2652	 +6.0092	 -1.1713	 +2.3943	 -2.1578
 +4.0913	 +4.2289	 +8.0212	 +0.4425	 -3.4126	 +1.2784
 +2.8080	 +1.9710	+98.2970	 -0.6392	 -0.1529	 +0.6376
-167.9522	+158.4709	-210.8912	 -5.8792	 +5.9499	 -7.9870
-50.6341	+50.3904	-36.1603	 -0.0848	 +0.3447	 -0.9241
-15.8416	+13.7505	-12.3692	 +2.0384	 -1.6951	 -0.5290
 -9.2762	 +5.4886	 +7.4029	 +1.7704	 +1.1388	 +2.2196
 +2.2907	 -5.6903	+13.0074	 +3.8259	 +0.6083	 -1.1794
 -2.0835	 -0.3460	 +5.9571	 -1.7272	 +2.1880	 +2.1764
 -7.4134	 +0.7735	 -3.2787	 -1.7019	 -5.0828	 +0.7854
 +2.9948	-15.2373	 -7.8157	 +0.0935	 -3.7278	 -0.1629
 +8.4113	 -6.6090	+18.4313	 -2.1951	 +0.2792	 +0.4677
+56.7147	-17.4777	+21.5878	 +1.6727	 -0.6320	 +0.7516
 -0.4379	 -3.8254	 -0.2803	 -1.0825	 -0.3147	 +0.0396
 -5.6216	 -7.4767	 -5.9458	 -2.8545	 +1.1467	 +3.3334
+16.0754	-54.4094	-226.0145	 +0.0001	 -1.1414	 -0.4974
+12.6487	 +3.9600	-40.1232	 -1.2989	 +1.1521	 +1.1457
+10.2256	 +8.3459	 +2.0024	 +2.5240	 +1.6739	 +2.0077
 -4.1780	 +3.9273	 -4.0400	 +1.9029	 +1.5449	 -0.2178
 -9.0428	 +0.6111	 -3.2514	 -1.5430	 -2.6681	 +0.4422
-47.0310	-20.8274	 +7.0894	 -1.1979	 -1.0271	 +0.8083
 +2.8955	-24.7295	-12.1360	 +2.3127	 +1.6701	 -0.2569
-32.2716	 -2.5475	-18.9928	 -1.3245	 +1.4907	 -2.0562
 +3.0061	-18.3606	 -6.8925	 +0.8351	 +1.7950	 -2.4306
-113.0755	+107.8210	+55.8209	 -0.7453	 +0.8486	 +0.3283
 -8.2904	 -8.9050	 +2.1896	 +1.3563	 -0.8637	 +1.9834
 -6.9127	+19.8194	-25.6026	 +2.7968	 +0.1544	 -0.1974
+714.3144	-234.2959	-185.7918	+13.5765	 -4.3425	 -3.3389
-27.5726	-62.8134	+31.1492	 -1.4672	 -0.3559	 -1.1794
 -1.7781	+48.2970	+12.5769	 +2.4247	 +1.1693	 +0.9029
+14.3578	 -2.9012	-11.5326	 +0.1714	 +0.0287	 +1.4103
-36.9716	+52.1365	+17.9229	 +1.5292	 +1.0374	 -1.8657
 +4.0428	 +7.1082	-10.5828	 -1.4914	 +2.3892	 -1.5859
 +7.1463	+10.6922	 +5.9246	 +1.3064	 -0.1587	 -4.1506
 -4.5125	+32.6628	 +6.0877	 -0.7560	 -0.7108	 -0.1482
 +6.2385	 +3.0624	 +0.8184	 -0.3785	 +2.5187	 -1.2416
 -8.7055	 -5.0352	 +0.8316	 +1.1387	 -0.2889	 -0.4565
-11.7172	 +2.5443	 +1.7275	 -1.9737	 +2.2497	 +0.6983
 -5.1005	+13.7199	+23.0339	 -1.0621	 +1.4016	 +0.0819
 -1.7976	 -0.1763	 -5.8689	 -0.9412	 +1.3813	 -2.9405
+17.1522	 +0.2482	+24.9424	 +1.7801	 -0.8578	 +0.9221
+20.2128	 -6.9600	 -6.1405	 -0.1100	 -1.3906	 +2.1797
-25.2819	 +5.4179	-13.3491	 +1.0150	 -0.5308	 -3.0385
 -2.0405	 -1.7691	 +3.0125	 +2.1182	 -1.7986	 -0.9654
 +1.8442	 -8.4647	 +0.5189	 -2.6675	 +0.5079	 -0.8183
+10.9154	 -6.3105	+69.3481	 +0.6362	 -0.8893	 +0.5264
-21.9910	-28.7718	+15.1194	 +0.8714	 +0.5961	 -0.9713
-12.8982	 +7.2540	 -3.6956	 +0.4459	 -0.9428	 +0.7365
+31.5669	 -9.6000	 -9.1237	 +1.0140	 +1.4123	 -0.4394
-11.3187	 +2.1759	 -7.8946	 -1.7807	 -2.6428	 +0.5201
-11.4133	 -9.1811	 +1.3786	 +0.6093	 +1.3244	 -2.4135
 +2.9637	-11.3437	 +9.2806	 -0.7904	 -3.3174	 +1.6730
-30.0671	 -3.2182	-21.4162	 -1.6966	 -1.2256	 +0.2336
-14.2009	 +8.5211	 -5.2325	 -1.5514	 -0.6030	 +2.7622
 +0.5813	 -4.7785	 -3.6573	 +1.0329	 -1.2463	 +4.0190
-15.0705	+10.8674	-23.9773	 +1.2383	 -0.7519	 -0.3136
 +2.7822	 -3.4265	 -1.5507	 +1.0722	 +0.0297	 -0.2335
 +3.8112	+21.2868	-12.7476	 +1.4057	 -0.5700	 -2.1110
 +7.7429	-47.5878	+17.0760	 -0.0564	 -2.2952	 +0.5845
 -2.8905	-32.6646	 -8.8866	 -0.3098	 -1.3986	 -0.7619
+24.8890	-90.9557	+38.6924	 +1.4927	 -0.7231	 +0.1353
+21.0800	-21.7130	+21.1772	 -1.0407	 -1.9219	 +0.3255
+33.5345	-27.8483	+22.4913	 -0.4553	 +1.1116	 -0.1401
 +7.3144	 -3.5984	 +5.4781	 +0.2488	 +0.8905	 -0.1280
 +5.3626	 -6.4650	-11.5006	 +2.0130	 +0.6612	 +1.2711
-613.1451	+98.3628	+246.5204	 -9.7126	 +1.5546	 +3.8104
+35.1799	-90.7490	+17.5429	 +2.0165	 -4.3606	 +1.0065
-14.2185	-16.9677	-30.5506	 +0.3766	 +1.0208	 -1.5388
-36.2128	 -6.6022	+14.4604	 +0.0154	 -0.7053	 +1.4055
+10.9223	-10.5065	+12.8512	 +1.3706	 +2.4154	 -2.2929
+20.0480	+52.8080	+33.2062	 +2.4069	 +4.7060	 +2.8146
+10.1774	 -6.7797	+18.5992	 +0.3364	 -1.3014	 +1.8184
 -3.9101	 -6.1523	 +0.2134	 -0.4255	 -3.1153	 -0.8252
 +9.8072	+22.3032	-15.6222	 +1.0286	 +0.0481	 +0.5434
 -2.3229	+13.8463	 +2.4163	 +0.4944	 +0.6136	 +0.0796
 -7.7062	-42.0600	 +2.0052	 +0.1118	 -1.5843	 +0.1114
+10.6913	-11.6339	 -7.7577	 +0.8946	 -1.3455	 +0.5766
 +9.6008	+28.9648	-21.0952	 -1.7606	 -1.5450	 -1.0464
-12.9769	 +0.6646	 +0.6053	 +0.1536	 -3.0090	 +0.6292
 -7.7010	+15.7570	 -3.3944	 +1.2060	 -0.7863	 +1.6596
-13.0219	 +1.8095	 +2.8350	 -1.4450	 -0.8751	 -0.0234
 +2.9510	-46.8116	 +9.5847	 -0.1901	 -3.0885	 +0.7769
 +0.3745	+47.3223	 +3.0163	 +2.5336	 +1.5727	 -1.6405
 -6.8619	 +5.5044	-12.1003	 +1.1227	 +1.7559	 +1.7406
+12.7147	+11.1655	+15.8281	 -1.1147	 -2.1420	 +1.1412
-16.4575	-29.6802	 -4.4487	 -0.6509	 +0.8197	 +3.3958
-26.0597	+21.6197	-23.1616	 -1.5531	 -0.9664	 +0.2932
 +4.7440	+33.1212	-16.5609	 -1.6255	 -1.4143	 +2.2501
 -2.2466	-10.2235	-19.8120	 +0.4434	 +1.7945	 +1.1443
+20.4885	-10.6584	 +4.1027	 -1.1708	 +0.1374	 -1.6418
 +3.3384	 -3.9078	 -0.2165	 -1.4911	 +0.3272	 -1.2374
 +4.7742	 -5.4829	 +1.1108	 -0.0621	 +3.4756	 -0.8492
-36.3075	+11.9663	+15.2720	 -0.4657	 -1.8347	 +1.9159
+22.5962	-51.9682	+10.6855	 +2.0152	 +0.0998	 -1.7362
+11.6115	+38.9928	 +2.7983	 +0.2225	 -1.5876	 +0.4533
+10.5017	-13.1664	 -5.5588	 -1.9835	 -1.6002	 -0.0210
 -3.2816	-16.2103	-12.5908	 -1.2518	 +0.6411	 -1.3735
 -1.2951	 -5.4071	 -0.6222	 -0.2628	 -0.9607	 +0.9361
 +5.2601	 -6.3144	+30.8065	 +0.9251	 -0.3391	 -1.8839
+29.3900	-17.7523	+14.7100	 +0.1125	 -0.3574	 -1.1104
+61.3717	 +9.8855	+19.1208	 -2.3879	 -0.1481	 +0.7413
 -6.8723	-19.4204	-28.3615	 -1.9610	 -1.4875	 +1.5914
 +1.4100	 +0.6999	 -5.3034	 +2.0008	 -2.4418	 -2.2897
 +9.3401	 +4.2831	 +0.6092	 -1.2217	 -1.4783	 +1.6600
 -7.4718	-19.1182	-13.6065	 -0.5696	 +0.6367	 +0.2544
-14.0110	+37.5837	+39.0633	 +0.7179	 -1.3135	 -0.8689
-12.8823	-20.2616	 -8.1322	 +1.1769	 +1.8906	 -1.4142
-145.7588	-105.4076	-146.6763	 -2.1404	 -1.3323	 -2.3071
+59.8306	-44.8650	+34.0337	 +3.8437	 -2.8167	 +1.1711
 +9.3289	-11.2266	 -2.9359	 -1.7277	 +1.9575	 -1.8694
 -4.6522	 -2.8186	 -0.9568	 -1.4215	 +1.0454	 -1.1433
 -9.7062	 -2.0834	 -3.3783	 +2.9788	 +1.7185	 -3.0046
-35.6390	-147.6102	+148.2425	 -0.2512	 -1.1966	 +1.7257
 +1.2963	 -0.7516	+13.4745	 +1.9469	 -0.2896	 +2.4503
 +7.7059	-10.6985	 -6.8717	 +1.3389	 +0.0206	 +2.2435
 -2.2785	 +5.3058	 +1.5543	 -1.3802	 -2.4861	 -3.1442
+319.3321	-418.9264	-258.8560	 +5.5627	 -7.3591	 -4.4452
 -6.2119	 -6.0743	 +5.1260	 -3.2398	 -0.3374	 -1.5465
 -8.5888	 -2.5740	 -0.6629	 +3.5668	 +1.0722	 +0.0149
 -1.7693	 +6.8712	 +6.2292	 +2.0486	 +1.0382	 +0.9523
 -1.7547	+17.5385	-12.8783	 +0.9813	 -1.3496	 +0.9235
 +0.4023	-29.6352	+18.7213	 -0.2201	 +0.1836	 -1.9273
 +4.3820	+11.6602	-33.0425	 -1.2015	 +2.0644	 -0.6719
 +7.4192	 -4.1390	 +2.9244	 -1.9379	 -0.6437	 +2.3199
 +7.8071	-19.7206	-16.2546	 -0.0010	 -1.3785	 +1.0073
 +6.6615	+48.9084	 -8.9203	 -1.2244	 +2.5495	 -0.2552
 +4.3034	 -4.2357	-12.1710	 -2.3202	 +0.7867	 +0.5213
-45.6832	+74.0709	-33.2550	 -1.7087	 +2.0804	 -1.7833
+22.3669	-28.8517	 -9.2859	 +1.9609	 -1.7098	 -0.9339
-69.1346	+44.2001	-48.8540	 -3.5223	 +2.4048	 -3.4213
 -4.4948	 +3.8302	-12.1443	 +0.4517	 -0.1644	 +2.2543
 +9.8099	-44.1063	 -7.0339	 -1.3355	 +1.6766	 +1.2562
 -9.0742	 -2.3381	 -0.9046	 +2.9680	 +0.8992	 +1.5677
 -6.5322	-12.1638	 -5.2859	 -2.1349	 +2.1365	 -2.4443
+33.4856	+123.0041	-45.5518	 -0.0549	 +0.9150	 -0.6043
 -2.4953	-29.4596	 -7.5108	 -3.0532	 +0.5194	 +0.4440
+16.0719	-64.0859	+15.1793	 +0.5826	 +1.1485	 +0.1152
-14.4607	 +0.1592	 +1.7041	 +1.6653	 -1.4505	 -1.7163
 +0.0486	 +3.7865	 +7.8697	 -3.2249	 +0.2522	 +0.2714
+1887.0543	-47.7734	+794.9581	 +0.2140	 -0.2336	 +0.0631
-13.6210	 -2.2448	 +2.8289	 +0.0351	 -0.2069	 -0.1480
 +4.9999	 -6.1529	-10.4063	 +0.4582	 +1.2007	 +0.2581
 -1.7985	 +8.7041	 +5.9674	 -2.8036	 +1.4548	 +1.5399
 -6.8035	 +2.6231	 -7.6906	 +1.3537	 +1.8785	 -4.8422
 -2.3041	 -8.3119	+10.7698	 -0.6208	 +1.8675	 +2.7697
-74.3372	-96.3126	-43.3642	 +0.2880	 -0.0204	 +0.7843
 -6.3738	+34.9758	+11.2827	 -0.4899	 -1.8088	 +0.6281
+16.8749	-43.6744	 +5.3900	 +0.3021	 +2.3344	 +1.1936
+10.9723	+32.5103	 -0.4067	 -1.3106	 -0.1954	 -1.0075
 -3.7504	 -2.8315	 +6.2974	 +0.6178	 +0.4660	 +1.0579
-20.8917	-38.1188	 +8.8040	 -1.4973	 +1.0943	 -0.0386
 -3.6698	 -3.4166	 +8.1441	 +1.0504	 -3.5646	 +2.2024
 +2.5850	 +0.8222	 +4.5330	 +1.8023	 +2.6344	 +2.3919
 +7.5330	 -9.5307	+12.1802	 -1.8320	 -3.2105	 -0.9875
+91.5057	+193.8368	+34.5724	 +1.0145	 +2.4901	 +0.2411
+10.9500	 +2.3421	+49.4241	 -0.6678	 -0.8876	 -0.2266
+14.4038	 -8.4723	 +4.6219	 -0.2200	 +1.0943	 +0.1586
 +2.3684	+31.2319	 +1.3724	 -1.1513	 +1.5779	 -0.0619
 -4.8422	 -0.0842	+12.6443	 +2.3146	 -0.1083	 +1.1673
-17.9583	-49.4731	 +0.5421	 +0.9523	 +0.2701	 +0.5646
 -6.3225	 +2.8361	 +4.5835	 +2.8968	 -3.0370	 +0.3877
+624.4503	-246.5896	-696.2212	+10.4243	 -4.1126	-11.3045
 +7.4600	+25.5717	+15.2606	 -0.5761	 +0.3173	 +0.7074
 -1.5500	 +6.5387	-40.5261	 +0.1149	 -2.1397	 +0.4718
-11.4187	+29.4064	+25.6811	 +0.1204	 +0.8010	 +0.1346
-14.4312	 +4.9965	 -4.3452	 -1.7279	 +0.3992	 +1.4880
 -2.3271	 -4.8589	 +0.5312	 -2.3055	 +0.7219	 +0.9140
 -4.9636	 +8.7392	 +4.3176	 +0.3266	 -3.1380	 -0.8115
+81.4124	-77.8000	-90.5372	 +1.7172	 -1.3796	 -1.9099
 -4.3340	 -3.2979	 -6.0206	 +2.9014	 -1.9894	 -1.7600
 -4.3019	-20.6938	 -2.9726	 -0.8718	 -4.2356	 +1.7131
 +5.2455	 +1.6791	-17.0543	 -3.2652	 +1.9191	 +0.1360
+32.4949	 +9.3476	 +4.0354	 +0.6280	 -0.2807	 +2.4367
 -6.6848	-13.4677	 -4.3671	 -1.3892	 +2.7652	 +1.6855
-51.8994	-92.8148	+96.1576	 +1.5158	 -0.3489	 -0.1072
+11.8541	 +9.7494	 +4.9645	 -1.8078	 -1.5771	 +0.1872
 -6.7760	 +0.1790	 -3.2029	 -0.2399	 +2.5295	 +1.6120
-29.4372	 -0.3318	-14.1070	 +1.8772	 -0.4932	 +2.0881
 -5.3499	 +3.8926	-10.3304	 +1.9763	 +1.5741	 -4.0383
-14.3235	 -6.0718	-44.2059	 -0.6023	 +0.5934	 +0.5950
+426.6019	-15.9747	+159.0165	 +6.6665	 -0.0861	 +2.6223
 -4.0811	 -3.3772	 -1.0363	 -4.5909	 +0.3299	 -2.8183
-64.5564	-100.7223	+73.6347	 +1.0014	 +0.4661	 -0.7026
-43.5234	-22.2788	+33.8912	 -0.1812	 +1.9702	 +0.9143
-23.0853	-16.0930	+18.8028	 +1.0133	 +2.6746	 +1.1333
-36.8277	 +7.9967	-29.3317	 +1.5040	 -0.1391	 -1.9874
 -7.1826	+35.5161	 +6.2919	 +1.5822	 -0.4865	 +0.2910
 -3.8166	-16.7491	 -8.4904	 -0.2847	 -0.6651	 -1.7703
 +6.8647	-13.6437	 +1.7896	 -1.2780	 +1.1088	 +0.4767
-22.0530	 -0.1985	 +6.8882	 -2.4294	 +2.3155	 -0.2249
-20.6146	 -2.9422	+11.7545	 -0.1474	 -0.5319	 +0.5984
+12.5634	+18.1369	 -0.9814	 +0.4231	 -1.1711	 +1.3460
-13.5003	-15.8409	 +5.6304	 +2.2020	 -1.5673	 -1.4462
+45.4043	+58.6397	+68.8937	 +1.1528	 +0.2278	 +1.6422
 -3.3863	 -4.6575	 +8.1827	 +3.2197	 -1.1780	 -0.1108
 +5.5831	-12.7296	 +0.4001	 -0.8055	 -2.9837	 -1.0549
 -7.2580	 +7.7648	 -3.0323	 -2.2453	 -0.9054	 -0.8284
-12.5505	+15.3733	 +1.5456	 +0.6242	 -0.8757	 -1.5733
 +2.6777	 +5.1971	-17.7445	 -1.1364	 +0.7820	 +1.6624
 +2.2369	-32.8209	 -9.4177	 +0.3063	 +2.0882	 -0.8006
+13.2794	+22.8311	 -9.2479	 -0.5364	 -0.8942	 +0.9030
 -8.4574	+10.3627	-33.4042	 +0.0214	 -2.2611	 +0.1919
 +7.0827	-10.4585	 -2.4696	 -1.8171	 +1.5983	 +0.1791
-27.9622	 -0.4544	+28.8164	 -1.7872	 +0.8332	 +0.5518
 -3.7310	 +0.5440	+13.5587	 +0.6169	 -0.5654	 +0.4955
 -4.6915	 -1.8019	 -2.3648	 -0.7737	 +1.8276	 -0.5794
-41.5007	+32.6377	+23.6010	 -0.0999	 +1.8559	 +0.8209
 +0.9955	 +1.7047	+12.9821	 -2.8570	 -0.3003	 +1.2498
-12.9188	 -2.9096	 -2.2510	 -0.7119	 +0.3039	 +0.1725
-14.2122	-10.6404	 +3.8914	 -0.9784	 -0.1048	 +0.2317
 -8.4208	 +8.3525	 +8.8018	 +2.6672	 -1.7680	 -0.5294
-108.4681	-98.0269	+205.2556	 +0.7704	 -0.5410	 -0.1600
-10.9261	 +3.1351	 +8.4131	 -2.0021	 +1.8144	 +0.6129
-12.4863	-13.9452	 -2.2394	 -1.1414	 -0.2842	 -1.4706
-27.3372	 +0.6586	 -1.1266	 +0.5144	 +0.0213	 -1.4928
-15.2100	-14.0030	+14.3009	 -1.4255	 -1.6606	 +0.0012
 +2.4399	 -5.6643	 -1.1785	 -1.5789	 +1.1947	 +3.6186
-17.1713	-20.5831	 +0.9294	 +3.2949	 -0.1923	 +2.7137
 -1.4855	 +0.1052	 -1.1285	 +0.1729	 -2.3346	 +0.2205
 +8.5600	 +0.1184	 -7.6845	 -2.7202	 +2.4712	 -1.9146
-19.3151	 -5.5628	-22.2112	 +0.4838	 +0.5308	 -1.6008
 -8.2401	 -7.7785	+12.0956	 -0.1365	 -1.0246	 +0.4831
 +8.0468	 -4.8079	 -3.7639	 -4.1058	 +1.1648	 +1.4587
 +8.4342	 -4.3666	 +8.6002	 -0.2088	 +1.6036	 +2.1415
 +6.9017	 -5.9932	 +6.4721	 +0.1476	 -1.9956	 +2.2475
 -5.9328	-23.3261	+12.0406	 +0.5972	 +1.7484	 -0.3142
 +3.3822	-26.2005	 +7.5603	 +1.1774	 +1.0181	 +1.5347
 +2.7762	-13.7684	+20.3571	 -1.5047	 +0.2516	 -0.2208
-19.4763	 -8.5834	-13.3980	 +2.0631	 +0.6805	 -0.0605
-71.6364	+358.1126	-88.1681	 -1.8703	 +9.6233	 -2.3828
+12.0655	 -8.1389	 +8.1738	 -0.6846	 +1.1450	 -0.9449
 -3.4892	 -4.6186	 +0.0758	 +1.7339	 +2.0154	 +3.4243
-25.5792	-26.6763	+11.6475	 +0.1686	 -0.1923	 +3.3534
+17.5195	-14.0346	+14.8760	 +0.0062	 +0.3204	 +0.9440
 +6.1196	-12.6925	+16.1597	 -1.3261	 -0.6112	 +1.4031
+26.8345	-274.7053	-152.6294	 +0.7592	 -7.3072	 -4.0504
-10.6517	+13.4094	 -1.8257	 -0.9470	 +2.3854	 -1.7421
-22.0225	+20.3170	 +0.2771	 -1.1115	 -1.0278	 -1.5947
 -4.2352	 +8.5733	 -1.5763	 +0.0586	 +0.3628	 -3.9135
-17.2140	-12.0065	 -2.1365	 -0.7922	 -1.2596	 -0.1990
-36.3426	 +5.1280	+29.3021	 +0.9984	 +0.4031	 -1.5175
-21.0236	-48.7574	+27.6116	 +0.4662	 +0.9076	 -1.3083
 +9.5829	 -7.0752	 +3.4110	 +1.0182	 +0.0259	 +0.8628
-30.7491	 -1.2894	+14.6393	 +1.5129	 -0.8988	 -0.6535
 +7.7103	-12.2657	 -4.0124	 +0.1236	 -0.6718	 +1.9993
-17.0876	 -1.4412	 +0.5141	 +1.2260	 +0.8457	 +1.6513
-79.5541	+35.7556	+48.4185	 -1.1296	 -0.5644	 +0.4945
 -8.6025	 +0.6582	+15.9324	 -1.4799	 -0.8431	 -2.0777
+116.5018	-53.9068	+56.4217	 +7.5718	 -3.8053	 +3.7301
-34.6722	+10.5239	 -6.2878	 -0.5272	 +0.0819	 +2.6476
-34.7463	-26.2814	-18.6205	 -0.3454	 +0.3820	 -0.7435
 +2.4108	 -8.4473	 +0.0765	 +0.3847	 +0.3255	 -0.8916
-74.3180	-72.6140	-104.8718	 -3.0468	 -2.5702	 -4.3971
 +6.9893	 -5.8847	 +9.1638	 +0.5655	 +4.0790	 +0.5221
 +6.3770	-13.5964	-10.7398	 +0.6998	 -0.6966	 +0.7748
 -2.7534	+22.7898	 -5.6433	 -1.1879	 +1.3692	 -0.0348
 -1.3700	-18.5461	-11.9551	 -0.3883	 -3.5260	 +1.4608
+16.6238	 -8.9213	 +2.1161	 -2.9023	 -0.9195	 +0.2964
+18.5237	 +6.4499	+13.6099	 +1.1547	 +0.5826	 -2.8716
-25.3678	-59.7894	+47.1974	 -1.2352	 +0.0807	 -0.1128
 +5.6467	 +3.6481	 +1.6289	 +2.3156	 -2.3741	 +0.6554
+18.8909	 +0.6310	 +0.0669	 -0.6572	 -0.3089	 +1.6169
 +4.5140	-12.1478	 -8.8334	 +1.2658	 +1.8063	 +0.7231
 -0.6629	 +9.1817	 -6.9139	 +1.0319	 -1.7522	 -0.1363
 -3.6687	 -1.3082	+13.8994	 -1.7444	 -0.5666	 +2.4097
-18.3166	-26.8682	 -5.3422	 -0.1469	 -2.4577	 -1.4632
-14.6960	+24.8891	-15.7485	 -1.0855	 +0.8183	 +2.4805
-32.0376	 +9.0317	-76.0236	 +0.4105	 +0.1603	 -2.4240
-18.9450	 -7.6819	+16.1901	 -0.1768	 +1.7737	 -0.7738
+80.3015	+42.8647	+163.9539	 +1.1117	 +0.1991	 +1.9930
 -7.6154	 +7.7040	 -2.4490	 -1.6861	 +2.0750	 +1.7276
 +3.7109	-14.4287	 +7.1514	 +2.2574	 -1.1058	 +0.3762
 -6.4873	 -0.9306	 -4.0100	 +0.0004	 +1.3639	 +1.1954
 -3.5804	 +6.1300	-11.5955	 -1.2882	 +1.5850	 -2.1930
 +0.1355	 +9.1292	+10.7397	 -0.4590	 +2.9320	 -1.3175
+10.8622	-18.1345	 +3.6602	 +0.6313	 -1.5494	 +2.2204
+14.5319	 -1.7503	 -9.6353	 +1.3013	 -1.5334	 -2.1459
 +0.5694	+11.1279	 -4.6554	 +1.4083	 +1.1747	 +0.5532
-415.7700	-64.4106	-93.1502	 -6.9974	 -1.0447	 -1.7409
-19.6122	+17.2632	+10.7043	 +1.4049	 -1.1815	 +1.1549
 -3.9965	 -6.1351	 +8.7419	 +1.4211	 +1.9851	 +0.9550
+17.0799	-16.3475	-15.2460	 -3.0548	 -0.6270	 +0.9019
 -1.5022	 +3.9424	-10.4996	 -1.3921	 +4.2127	 -0.5197
 +1.7624	 -2.9367	 +9.3426	 +1.2374	 +0.7401	 +0.3790
+59.3568	-31.2159	-96.5149	 -0.5546	 -0.0658	 -0.9783
 -6.0437	 -9.9651	 +7.8072	 +1.7539	 -0.1848	 +1.4130
+21.7858	-48.8828	 +7.7057	 +0.0921	 -2.4945	 -0.4454
 -3.8965	 -5.5040	 -6.1500	 -2.2177	 -1.6685	 -0.6218
 +8.2625	 -3.4672	-13.4227	 -1.8276	 +1.6298	 +1.3029
-20.6319	+20.9079	 +2.3175	 -1.8720	 -1.4196	 -0.1122
 -2.6865	-45.7858	 -9.5367	 +1.2689	 -0.8056	 +0.1842
 -4.7379	-11.5749	 -5.1839	 -0.8683	 +0.0120	 -3.9090
-39.8046	 -8.3313	+15.4623	 -0.0220	 +1.4038	 -0.6431
+13.5983	 +2.8302	-12.6298	 +1.6379	 -2.2152	 -2.5252
-17.2829	-48.9269	-11.4219	 -0.5365	 +2.0848	 -1.9383
 +9.3671	 -5.6111	-11.1664	 -0.9447	 -1.3303	 +0.6421
 +7.0276	 +2.6966	 -2.3917	 -0.7616	 +1.2200	 +0.5279
 -1.5745	 -5.8576	 -8.7322	 -0.7545	 +0.9440	 +0.8195
 -6.6180	-25.9654	-10.6502	 +0.2645	 -2.7232	 +0.1281
-16.1423	+20.1424	-21.2419	 -0.7802	 -0.4399	 +0.4772
 +3.5635	 -3.2349	+11.3039	 +2.9466	 -2.1305	 +2.4344
 +6.5729	+20.2309	 -2.1144	 +2.2904	 -0.1840	 -1.4398
-14.6442	+25.8650	-16.6642	 -0.6424	 +1.5475	 -0.7948
 -3.8676	+44.1306	 -7.6199	 +1.1740	 +1.5303	 -1.1212
 -4.3821	 -7.5710	+10.3469	 +1.5627	 +0.3132	 +2.2201
-76.3638	+43.0389	+116.0719	 -1.7470	 +1.3765	 +2.1354
 -3.7297	 -6.1332	 +2.7165	 +2.3264	 -0.5266	 +3.3622
 +2.0012	 +1.6301	 +9.4523	 -0.6063	 +2.1071	 -1.5964
 -4.5333	-10.4272	 +2.1304	 -0.3509	 +0.8453	 -0.5815
 +2.9452	 -6.5065	 -5.7572	 -3.5654	 +0.2318	 +1.0651
 +5.0077	+13.9683	 -5.4975	 -0.4438	 +0.1788	 -1.1403
+36.5635	+52.1806	 -8.8943	 +1.3855	 +2.6240	 -0.8472
 +6.8351	 +6.7203	+19.7338	 -1.5180	 -3.6759	 -0.9309
+13.4223	+20.0795	 -0.6692	 -0.3582	 -1.8046	 -1.3102
+49.0401	-75.7676	+31.7438	 +1.4591	 -3.0393	 +0.4062
 -6.3640	 -8.3615	 +8.1580	 -0.3127	 +0.6471	 +4.4570
+20.4505	+32.9765	-165.3161	 +1.6093	 +3.5941	-15.1261
 -9.8458	-10.5834	 +4.9678	 +0.6321	 -2.8455	 -0.5052
 +3.9045	 +4.7414	 +6.3746	 +1.9091	 -2.8609	 +2.2635
 +3.2641	 +0.9919	+14.4410	 +1.8889	 -0.3476	 +1.2498
-16.9083	+10.3308	-23.4297	 -1.7267	 -1.6176	 +2.3387
 -9.6955	 +7.4992	 +1.0638	 -2.9047	 -1.4874	 +0.2187
 +1.9375	-11.2255	 +0.1971	 +2.8453	 -1.0464	 -0.2966
-174.1623	+248.7591	+37.5032	 -2.0028	 +2.8161	 +0.4738
 +3.5227	 -9.2039	 -4.1334	 -1.3892	 -2.6710	 +1.4845
-178.2188	+23.0843	-205.3955	 -5.4605	 +0.3871	 -6.3758
+28.8352	+36.0029	-69.1723	 +0.1319	 +0.2240	 -0.8618
 +1.5061	-15.6733	 -8.3259	 +2.6536	 -3.4698	 +0.0634
 -9.9857	 +5.4283	 +0.3260	 -1.4178	 -1.6741	 -1.0910
 +7.8699	 -1.9999	 +6.1138	 -0.5606	 +0.8874	 +1.2306
 +0.5196	 -9.1082	 +1.6020	 +1.3454	 +0.9167	 +0.0972
+23.0501	+26.1906	+59.5204	 -0.3337	 -0.8991	 -0.6506
 -1.5856	+54.8255	 -9.0953	 +0.1178	 -1.6067	 -0.1881
 -3.0182	 +5.4375	-18.2120	 +1.0975	 +2.2014	 +1.8360
 +1.7521	-11.0430	 +7.7703	 -0.3788	 -1.1908	 -0.6010
-14.4113	 +6.4980	 +4.6057	 -1.3077	 +0.3237	 -2.3163
+11.2339	-20.8368	 +6.3837	 +1.7280	 -2.6873	 +1.6034
 -0.2185	 -7.8324	 +0.7235	 +0.1314	 -5.6147	 -0.4506
+12.8924	-36.3925	+29.8507	 -0.8370	 +0.0277	 +0.9030
-150.7827	+118.3861	-77.1720	 -1.6827	 +1.1995	 -0.6523
 +6.4694	 +1.4034	-14.5643	 +1.4066	 -0.3872	 -1.9809
+14.8993	-44.8961	-62.6806	 -0.6295	 -1.5900	 -0.5133
 -2.3844	 -8.2583	 -2.6930	 +3.2858	 -2.9302	 -1.1349
-54.5048	+22.1800	-128.4847	 -0.4949	 +0.6517	 -1.7830
-19.0791	 +2.9365	+19.5532	 +0.9433	 -0.5778	 -1.0606
 +7.9671	 -9.0707	-15.3079	 +1.7601	 +0.1395	 -0.4317
-87.5570	+73.0941	 +4.9714	 +1.1039	 -0.2754	 +0.3818
-15.2019	-21.3133	 +6.5389	 +1.6912	 +1.5188	 +0.9596
 -0.4612	 +2.9714	-14.2350	 -0.3120	 -1.8714	 +0.6433
 +5.6722	-15.4211	 -8.3621	 -1.0445	 -1.4315	 +0.5043
-10.2013	-10.3748	-11.6296	 +0.2146	 +0.0064	 +1.1802
 -7.3033	 +8.8821	 -2.4367	 -0.0668	 -4.8700	 -1.3485
 +8.3535	+21.2933	 -6.6068	 +2.3340	 -0.6835	 +0.6867
+10.2918	 +3.6754	-16.0762	 +0.9361	 +0.5633	 +1.7093
 +7.4001	-14.0492	 +3.4586	 +2.7550	 -0.7311	 -1.0859
+23.4004	-21.7416	+26.6921	 +0.5441	 -1.3466	 -0.2269
+22.1950	-16.9032	 +3.6094	 -1.5281	 -0.5051	 -0.4021
+30.3802	-57.3522	-30.5697	 +0.6203	 -1.0885	 +0.5451
 +5.0479	 -5.4499	 -5.0883	 +0.3303	 +0.0688	 +0.3544
-11.5064	-12.0395	 +6.6627	 +1.3736	 +2.3274	 -1.2407
-22.1232	+31.0918	 -6.5551	 -1.1105	 +2.5633	 -1.0524
-16.0836	-38.4805	+19.0761	 -0.0656	 +0.5299	 +1.3521
+28.3179	+51.8007	+26.3332	 -0.1501	 -0.4764	 +0.2995
+23.8319	 +0.3871	 +3.0004	 -0.4283	 -0.1900	 -2.5386
 -7.6785	-10.9960	 +7.4570	 -0.9651	 -1.8788	 -1.8995
-17.1375	 -2.7421	 -4.6513	 -2.8566	 -1.2558	 +3.6540
 -7.6042	 +6.0256	 +2.7801	 -0.4759	 +1.2404	 -0.8616
+16.0397	 +1.0461	 +0.6318	 +2.8192	 -0.0890	 +1.1471
+159.5919	-67.0591	+220.5548	 +4.6674	 -2.0703	 +6.3489
 -2.7522	-15.2833	-13.3886	 -0.7214	 +2.6168	 -0.9279
 +9.1337	 +5.4777	-19.0747	 -0.4353	 +0.1690	 +1.6665
 -0.0329	+31.0236	-19.2040	 +0.7087	 -0.1128	 -0.7164
 -5.7154	+18.4069	 +8.9828	 +2.9436	 -3.0525	 -1.7145
 -9.2796	 -3.2656	-14.1816	 -2.2461	 -0.2912	 +2.0810
+32.3959	+124.2029	-26.1555	 +0.8762	 +0.1416	 -0.4264
 +0.8943	 -2.7408	 +4.8367	 -4.1176	 -2.9881	 -2.1596
 +0.2127	 -8.0358	 +5.7153	 +0.3553	 -1.2684	 +2.2673
 -8.1293	 -4.9415	 -4.2916	 -0.8089	 -0.7468	 -0.0282
-47.2949	 +8.1480	-29.8226	 -1.7875	 -1.6748	 +0.6762
-58.3428	+14.6585	 +1.3722	 -0.9089	 -0.4665	 -0.0051
+27.0637	+22.8911	+12.9187	 -0.6613	 -0.3770	 +0.7751
 +7.0749	-31.3477	-44.0515	 +1.1665	 +0.4912	 -0.4111
 -3.6327	+49.8892	 -8.4037	 +0.1304	 -0.6078	 -0.0267
 +8.8497	+17.8448	 -0.8048	 -0.6466	 +0.4962	 -0.7917
-59.7587	+51.3396	-18.7529	 -0.3082	 +0.1242	 -0.4151
 -5.6620	 +1.4509	-12.2564	 -1.6201	 -1.5587	 -1.7367
 +7.0486	 +7.4718	 -7.5857	 +1.3780	 -0.2729	 -1.5399
 +3.6813	 -8.4471	+19.7203	 +0.5185	 -0.9791	 -1.6921
+12.7320	 -3.7932	 +2.8027	 -1.9803	 -2.4791	 +2.8616
-11.5505	+23.1579	-10.0323	 +0.6643	 +2.6144	 +1.8810
 -6.8328	 -5.4778	 -6.3743	 +0.3410	 -0.4709	 +2.9008
-717.0763	+172.6121	+267.7781	-13.4940	 +3.3520	 +5.2424
-41.8403	-151.9722	+58.9965	 -1.0831	 -2.6958	 +1.0576
 -6.4101	-15.0956	 +4.0789	 +1.5109	 +1.8007	 -1.9173
+16.3574	+34.2345	+18.5335	 -0.2052	 -0.0489	 +0.8464
+12.5034	 -3.1837	 +7.3701	 +0.5360	 -0.7773	 +1.0245
-15.9792	-17.4066	 -8.7281	 +1.8837	 -0.9829	 +0.6113
 -5.3463	-22.9406	-11.4329	 -0.1218	 -1.8992	 -0.9105
-16.4227	 +0.6526	+16.1809	 -0.8894	 +0.1814	 -0.5247
 +6.5696	+22.3456	 -2.2491	 -1.3703	 -1.3758	 +2.0630
-23.3176	+13.7475	 -3.3081	 +0.2525	 +1.7716	 -0.3839
-17.2767	 -7.1995	+17.2390	 -0.2146	 +1.4187	 -0.6035
 +7.9967	 +1.7990	 +2.2690	 +0.9541	 +0.4418	 -0.5048
 -9.3982	-23.6783	-12.7190	 +1.4116	 -1.5503	 -0.0547
 +4.5243	-19.6526	+27.2612	 -1.7346	 +2.3285	 +0.3879
 +0.8032	+12.8162	 +4.1930	 +0.5112	 -1.6666	 +2.6543
 -1.8622	+21.5459	 -2.1988	 +2.4265	 +1.8159	 -0.1377
 +9.7213	-17.9798	 -6.6765	 +0.0502	 +2.1865	 +1.8512
-25.2447	+11.8702	 +8.3503	 +0.9026	 +0.0371	 +0.0564
+20.5271	 +5.7711	 +5.2668	 +2.7526	 +0.2899	 +1.2077
 -8.8628	-39.6765	+23.4016	 +0.4284	 -1.5740	 -1.0456
 +8.4708	 +5.9386	-12.2017	 -1.3450	 -1.8505	 -2.4928
-51.2291	+25.2397	 -4.1835	 +0.7695	 -0.7716	 -1.3883
 +1.4830	 +3.5094	+10.5240	 -3.6484	 -3.6001	 +1.5470
-14.2168	+14.5837	 -9.7847	 +0.5835	 +0.3594	 +0.0441
+13.4500	 +4.6220	 -5.9177	 -3.3536	 -0.5402	 +1.0016
+10.0057	 -2.5335	+28.2710	 -0.2818	 +0.9383	 +2.1959
-14.3632	-12.6596	 -4.0653	 +3.5591	 -0.3840	 +0.7698
 -4.5875	-10.6113	 +6.8306	 +1.4767	 -0.6924	 -0.0720
 +1.3865	 +9.9167	 +7.2187	 +0.3127	 -0.4624	 -2.2566
 -1.3678	 +4.0280	 -6.0247	 -3.4505	 +0.2708	 -0.0017
 -4.1664	+15.6090	-12.0451	 -1.3084	 +1.3102	 +1.6752
 +6.4895	 +5.5508	-10.0486	 -0.2394	 -0.8542	 -3.1999
 -8.7694	+15.6409	 -4.4615	 -0.1215	 +0.9919	 -0.7271
-10.8539	+62.8158	-11.0894	 +0.0276	 +3.6352	 -0.1743
+12.5238	+12.6537	 -8.8395	 -0.4591	 +0.5210	 -2.5220
 +3.2449	 -5.0724	+10.9850	 +1.1857	 -0.8379	 -2.5550
 -1.4325	 -7.2897	 -5.7601	 -0.8563	 +0.0951	 +0.9170
 -4.2515	 -3.5807	 +6.9532	 +0.3058	 -0.4192	 -1.0142
 -6.8346	-13.8620	 -4.8134	 -0.9576	 +0.4118	 -0.7335
-10.7826	 -0.9514	 -2.0373	 +1.2884	 -1.1997	 -5.2554
-10.1459	 +0.7323	 -4.0227	 -1.9272	 -3.5122	 +1.8157
+260.9202	+117.1484	 -6.3982	 +4.5888	 +2.1502	 +0.1853
 -3.0472	-10.7771	 -3.5678	 +0.2093	 -2.3020	 +2.6282
-19.9591	-31.9896	+15.0785	 -1.0387	 +0.6630	 +0.3299
-26.7744	 +3.2907	 -7.7200	 +1.4577	 +2.3493	 -1.9321
-30.5647	+24.3205	 +2.4152	 -2.0241	 +0.5336	 +0.6607
 -0.7094	 +1.9618	+62.6602	 -0.7173	 +0.5946	 +0.2507
+10.1665	+38.5048	 +5.3675	 +0.2398	 -1.7253	 -1.0306
-28.2962	 +7.5909	+10.3321	 +0.7493	 +0.4350	 +0.8805
 -7.8790	 -5.4902	 -4.9948	 -2.5279	 -1.9385	 +1.1485
-26.9593	+182.8213	-95.2333	 -0.7725	 +3.6162	 -1.8706
 -0.6760	+15.1250	+17.6603	 +2.5434	 -1.9502	 +1.2280
-19.2710	-25.8562	-14.4912	 -2.4421	 -2.2896	 -2.2554
-17.2069	 +9.9375	+11.1601	 -1.1611	 -0.6294	 -0.9642
-13.4783	+21.6287	 +2.3682	 -0.3703	 -1.9615	 +0.4541
 +2.3030	 +2.7286	 +6.1428	 +1.8505	 +0.3649	 +1.2231
 +0.3438	 -5.1065	 +6.5890	 -3.0492	 -3.2023	 -1.0947
 -4.5230	-23.5937	 -6.0004	 -0.8188	 -0.7481	 +2.2065
-17.0745	-14.6347	 -1.2431	 -2.0433	 +0.8160	 -3.4361
-52.5859	-47.4708	-25.4258	 -2.1144	 -0.2398	 -0.2913
-24.8494	 +1.3760	+10.2052	 -2.0769	 +1.5970	 +0.2970
 -1.3495	+10.0507	 -7.2372	 -0.9022	 -1.9866	 -3.0801
 +3.0094	-14.5171	 -1.2074	 +1.0766	 -3.1395	 +1.9277
 +2.7436	-20.6831	+11.4649	 -1.3255	 -1.5442	 -0.1991
+21.9961	+13.2359	-63.7945	 +0.4631	 -0.0641	 -0.5520
 +6.7186	 -1.5885	 -0.3058	 +2.9672	 +1.5040	 -0.4410
 -5.6815	-13.6069	 +6.1184	 -3.8137	 +0.7657	 +0.6315
-18.5404	 +1.0973	 -4.5144	 -2.3903	 -0.5218	 +1.6119
+10.7065	-19.9494	+31.6703	 -0.0484	 -2.2648	 -0.9054
 -3.7173	 -2.1791	 -2.7250	 -1.4705	 +3.1951	 +0.0866
+64.8932	+84.2912	+81.9603	 +0.3259	 +0.7053	 +1.0345
+12.7997	 -3.0275	 +4.1012	 +2.3130	 -1.7716	 -1.6410
+19.1447	 +3.0230	+14.4983	 +1.7408	 +0.6024	 -1.7328
+24.2127	-22.7161	 -3.9658	 +2.1118	 -0.9779	 -0.2714
+23.8717	-19.9159	-30.9083	 -0.3953	 -2.3927	 +0.6418
-11.0258	 -1.7637	 -0.7729	 -1.1933	 -0.7310	 +1.6501
 -8.4569	 -8.3498	 -7.7454	 -3.4690	 -0.9809	 +0.4610
 -4.8185	 -7.5667	 +6.3901	 +0.9793	 +2.1970	 +1.9457
 +7.3142	-24.0610	 +9.8198	 -1.8836	 +1.6836	 +0.1292
 -7.6743	 +0.8902	-12.5234	 +1.9619	 +1.4021	 +1.7072
 -7.8571	 -4.4776	 +0.8065	 +1.2924	 -0.5723	 -1.0443
 -4.1283	 -8.5435	 +0.6716	 +1.0626	 -3.1556	 -0.4628
 +4.5704	+11.6440	 +6.4752	 -1.1005	 +1.0476	 -2.5277
 +6.5878	 -1.7898	 +5.3265	 +2.2723	 -0.7416	 -0.4826
-682.2633	-206.4758	+572.2662	 -9.3184	 -2.8006	 +7.8946
 -5.2039	-18.0672	 -3.3067	 +0.3091	 +0.9966	 -1.1883
 -4.0951	 +2.8766	 -5.1449	 +0.2211	 -2.1810	 -2.8579
-22.6407	 -3.5186	 -6.5958	 +0.9829	 -1.2865	 +1.3231
 +4.0502	+14.0773	+17.5990	 +0.7607	 +1.3650	 +0.7190
+41.1046	 +6.0152	 -9.5720	 +1.0403	 +0.6714	 -0.0643
+15.1639	+19.7182	+17.2845	 +0.4040	 -0.6203	 +1.4192
-22.2472	 -5.8292	+10.9641	 +1.8445	 +2.6274	 -0.8138
-16.5692	 -2.1605	 +4.8832	 -0.5006	 -0.7547	 +0.5797
 +3.3487	 -5.6388	 +5.9301	 -2.0046	 +4.3416	 +1.8927
 -4.0668	 +3.1140	-48.0044	 +1.8478	 +0.0528	 -1.2985
 -9.4607	-26.4656	 +2.4762	 +0.0943	 -3.5678	 -0.8069
 +7.3075	 -5.2127	 +1.8220	 +0.5994	 +2.1252	 +1.3814
 -3.2497	 +0.1989	 -0.9211	 -1.9554	 +1.9875	 +0.9030
 +3.4844	 -7.4395	 +8.3881	 -0.8740	 +0.5051	 -1.7367
+15.9951	+16.9111	 +1.9976	 +6.5289	 +6.1841	 +2.9590
-37.2628	-20.4129	-29.0480	 -2.0387	 +0.5884	 +0.1787
 -6.2383	 -8.6479	 +2.1459	 +1.1851	 -3.6919	 +2.1017
+29.0156	+72.1321	 -3.8539	 +1.2734	 +2.4463	 +0.5796
 +2.6653	-10.4900	 -1.4311	 -1.4289	 +1.5739	 -1.8263
+16.6465	 +0.4910	+25.8129	 +1.1958	 +0.5764	 -0.2124
 -6.6417	 -1.6562	 -0.4503	 +0.9788	 +3.2786	 +3.0265
+20.3938	-12.5932	 +8.5830	 -1.4423	 -0.6709	 +1.3212
-55.9153	 +7.9784	-61.3874	 +0.7138	 -0.0069	 -0.3865
+95.5728	-21.4255	 +8.0914	 +0.0965	 +1.0016	 -0.8606
+18.0046	-27.6191	-74.1462	 -2.3759	 -1.1716	 -0.0261
+21.9854	-21.3747	 +2.0601	 -0.6070	 -3.1747	 -0.5542
-68.5145	+16.1448	 +6.7961	 -1.0797	 +1.8366	 -0.3444
 -5.7523	 -0.0643	 +9.2956	 -1.1716	 +2.0405	 +2.9896
-12.0218	-22.0545	 +6.6453	 +1.8102	 -0.8711	 +0.1992
 -3.3177	 -3.1708	-15.2736	 -3.8062	 +0.1105	 -3.5238
 +9.9680	+60.1190	+47.6862	 -0.5249	 -1.5004	 +0.9937
-10.8607	-10.9300	+22.5491	 +3.5589	 +1.1576	 -1.0012
+21.7144	+16.7508	+14.3312	 -1.1765	 +1.4235	 +0.7860
-13.1911	+12.5618	-22.8126	 +0.4925	 +0.3789	 -0.8939
+11.0297	-12.0800	 +0.2364	 -2.4239	 -0.8930	 -0.2615
 -5.7380	+17.4874	+43.2614	 +1.3352	 -0.1247	 +0.7668
 -2.4791	+18.1785	 -1.1762	 -0.8540	 +1.5331	 +0.0709
-20.6436	-10.1635	 -2.3743	 -0.8090	 +0.8814	 +1.4286
+12.6396	 -2.3093	 +1.3885	 -0.6581	 +0.7762	 +0.9087
+18.2589	+36.6141	-14.4599	 +0.4539	 +1.7695	 +0.5250
 -2.4956	-23.3980	 +2.0459	 +1.3006	 -1.1081	 -2.4507
+11.7332	 -3.2960	 -4.5883	 +2.1875	 +2.1146	 -3.2208
 +5.0942	 -6.3156	 +3.7399	 -0.5993	 +1.9774	 -2.5017
 -6.2889	 -6.3773	-29.9083	 -0.0204	 +0.6522	 +2.7595
-12.5209	 +9.0406	 +9.2344	 +0.5276	 -1.6842	 -2.1974
 +2.8936	-10.6311	 -2.2094	 +0.2608	 -3.3153	 -0.5140
-76.1508	-16.9631	 +2.2381	 -1.4086	 -0.7421	 +0.0326
+41.7504	-27.7227	-108.6534	 +0.4963	 -0.4620	 -0.9270
 +9.3878	-13.1084	+24.9406	 -0.5928	 +1.4695	 -0.5741
 -5.4380	-16.7057	 +3.5178	 +0.3767	 +1.0013	 +0.3163
 +5.8805	-13.7921	-21.6647	 +0.7754	 -0.4058	 -1.0156
-20.3938	-13.8159	-13.9098	 -1.2247	 +0.2721	 -0.4219
+48.0773	-32.7950	-51.9948	 -1.1417	 +0.1592	 -0.1481
+18.0431	 +2.8336	 +6.6177	 -0.8306	 +1.9684	 +0.4026
-19.3475	 -6.3094	-16.4384	 +0.4862	 +2.2792	 +1.7398
+30.6803	-51.1504	+61.4621	 +1.1591	 -0.7871	 +0.4915
 -5.1742	-15.6862	-10.4054	 -1.1803	 +1.6457	 +0.2865
-37.9102	 +4.9457	-47.3846	 -1.4616	 +1.7887	 -0.9635
-54.9127	+27.9826	-51.9069	 -1.1005	 -0.1081	 +0.1828
 -7.3127	 -4.3157	-18.3829	 -1.3426	 +0.8735	 -0.0832
+23.7309	-66.9769	-66.5172	 -0.1511	 -0.9321	 +0.1680
 -5.0829	-80.2895	-26.9601	 -0.5090	 +0.4208	 +0.3390
-65.0966	 -5.9318	-13.8377	 -3.4863	 -0.6164	 -0.6938
+14.8100	-25.9577	 -3.1291	 +0.7241	 +1.2698	 +0.8121
-12.3702	-10.7566	 -8.3945	 +2.1404	 -0.3672	 -0.9603
-25.4866	 -9.4359	 +2.4330	 -1.2996	 -0.1163	 -0.2201
 -2.1177	 -4.7356	-19.9208	 -0.1065	 -0.3823	 +1.4162
+12.7205	+10.6915	+15.6745	 +3.5008	 -0.7280	 +1.5579
-18.2336	-109.3171	+90.9215	 -0.2970	 -0.5285	 -0.9077
+57.4961	-76.2023	+49.9472	 +1.8115	 -1.0601	 +0.6203
-13.3346	 -9.6905	 +3.3353	 +2.4915	 -3.0443	 -2.1353
 -2.9163	 -7.2291	-13.3556	 +2.0292	 -0.7416	 -0.4469
 +1.7189	 +5.8240	 -0.9517	 -0.6281	 -2.4639	 -1.5485
+20.5356	 -4.3515	-20.2023	 -1.4202	 -1.1604	 -0.0234
 -8.5282	-31.7660	+14.2920	 +0.5084	 -0.8566	 -2.5310
+35.1010	-14.3261	-122.8932	 +0.6565	 -0.3257	 -0.6871
 -7.4377	 +6.4535	+20.7051	 -2.4974	 -2.5737	 +0.5094
 +1.8974	 -6.5258	 -4.9337	 +3.2512	 +1.4462	 +3.1006
 +9.5859	 -5.9381	 +0.0260	 -2.2531	 -0.2437	 -0.5035
-14.2543	 +5.1281	+21.9323	 -2.0840	 +1.6749	 -0.9957
-13.3092	+17.9627	 -5.1954	 -1.1002	 -1.9663	 -0.4364
 +3.6238	-15.7084	 -9.0802	 -3.4715	 +0.0912	 -0.8452
-24.2984	 +2.2080	 +3.0573	 -3.8574	 +1.5038	 +1.1920
 +4.2881	 -7.2087	+20.6983	 -0.0844	 +3.0351	 +2.0285
 -5.1056	-24.0607	+19.6585	 -1.1503	 +2.4586	 +1.4617
-84.0020	+92.1469	+106.9905	 -1.4293	 +1.0666	 +2.0923
-359.4248	 +9.4295	+423.7477	 -5.8423	 +0.1966	 +6.9982
+10.3074	+13.6068	+12.6002	 +0.1618	 -2.0324	 +0.4062
 -4.2713	-18.5305	 -2.7885	 -0.8961	 -0.6022	 +0.6604
 +4.4124	-11.5836	 -5.8734	 +0.6958	 +0.7191	 +0.4098
+21.6781	 +9.9097	+34.5849	 +2.8226	 +0.1935	 +0.8009
 +1.5663	 +1.9606	 +2.2444	 -0.4550	 -2.5220	 +1.2052
 -6.7253	 +8.1990	 +5.5349	 +1.4812	 +1.5539	 +0.8582
+10.5444	 +8.7869	+15.2406	 +1.6840	 +0.3756	 +1.7848
-18.4317	 -3.6381	 +8.4739	 -4.0242	 +1.5078	 +1.6338
+19.5943	 -3.1451	 -0.0872	 +2.6164	 +2.1089	 -0.1773
+11.3953	 -5.1525	 +7.9050	 +1.5952	 +0.9676	 -1.1421
+24.3065	 -1.3726	 -1.3341	 +1.3332	 +2.4999	 -1.3381
 -7.6863	-12.1763	 -7.9478	 +0.3112	 +1.6276	 +0.7516
 -1.3080	 +4.5384	+28.6713	 -0.1636	 -0.9925	 +0.3586
-17.4888	 +7.0234	-17.5091	 +1.5153	 -1.8644	 -1.2252
+12.6941	 +4.9489	+22.6621	 +0.1224	 -1.7715	 -0.0299
+14.1109	 -6.1848	 -1.8748	 +0.7114	 -1.4244	 +2.3643
+14.4091	-11.9759	-12.0103	 -1.1671	 -0.2560	 +2.6219
 +0.6347	-12.8491	+13.7485	 -0.1936	 +0.7560	 -1.5282
-15.0165	+19.3645	-34.0042	 +0.3909	 +1.2815	 -1.8159
 -0.4559	+21.6923	-16.4302	 +0.5078	 +1.1559	 -0.9190
-23.6939	-22.4544	+11.6342	 +2.1680	 -0.5290	 +0.9340
+32.4564	-17.4517	+29.1761	 -0.9936	 -0.9369	 -0.5534
+841.6003	-327.9470	-595.0875	+13.2604	 -5.1951	 -9.4755
+197.4144	-74.8704	+187.1894	 +7.6774	 -2.7303	 +6.7726
-16.3269	+14.7767	 +1.2335	 +1.6791	 -1.8232	 -2.9414
 -9.2982	 +4.8446	-10.0368	 -2.3972	 -0.7853	 -1.2391
+13.5089	+31.3354	-41.5421	 +0.1304	 +1.6947	 +1.1203
+19.2736	-34.7684	-14.3194	 -0.7428	 +1.3230	 +0.9258
 +7.9743	 -1.3684	 -7.7836	 -1.4606	 +1.8250	 +3.8672
+36.8182	+242.3417	+38.1505	 +0.5153	 +3.7867	 +0.3668
 -7.3007	-27.4731	-52.4421	 -2.5077	 +1.6483	 -0.0849
-22.4932	+11.1872	-24.8795	 -1.0348	 -1.7862	 -0.7341
+15.4670	-13.5090	 -0.5137	 -0.5910	 +0.7341	 +1.8067
 -4.4187	 +7.3086	 +0.6796	 -2.4013	 -3.0128	 +0.9108
 +1.5625	+14.9705	 -8.5705	 -1.4510	 +0.4365	 +1.1819
-10.8758	-13.8701	 -7.5199	 -0.9914	 -1.0967	 -2.2109
-17.4190	 -2.9793	+24.1447	 -0.4648	 +1.1914	 +0.8051
 +7.2554	 +1.1198	 +7.2412	 +2.2483	 -0.0554	 +1.2466
 +2.6459	 -1.5361	+18.7290	 +2.5107	 +0.2960	 +1.3231
 -1.2637	 +0.1405	+11.1276	 -3.4251	 +3.1921	 -0.6793
 -0.4594	 +1.8258	-52.5072	 +0.1096	 +0.9882	 -3.1452
-87.4414	-133.4206	-184.7921	 -1.1395	 -1.7824	 -2.3974
+48.7471	+13.0630	-98.7346	 +0.4298	 +0.0841	 -1.3499
 +8.1475	 +0.6023	 +3.0951	 +3.1686	 +1.5328	 -2.4821
-18.1497	-16.9540	+11.5944	 +0.3381	 -0.7162	 -2.9710
-35.0283	 -7.3490	-10.4348	 -0.9826	 +0.6138	 +1.3464
 -7.2432	-28.1216	+41.3001	 -0.4462	 -0.1208	 -0.1223
-100.3179	+45.6084	-48.9181	 +0.3468	 -0.1988	 -0.2722
+10.0828	 -7.3579	+18.7321	 +0.0089	 +0.6396	 -0.6629
-10.1741	-38.2409	-18.5195	 -0.4142	 +1.0968	 +0.5794
-17.9901	 -8.0807	+10.3555	 +2.8598	 +1.0323	 -1.3921
 -1.0587	 +5.5117	 +2.7172	 -2.6699	 -1.1930	 +0.8307
 -2.0061	 +4.3397	 -8.1318	 +1.4277	 -0.1637	 +0.1956
 -3.1216	-22.2212	 +0.7852	 -2.7811	 +0.0683	 -0.7043
-10.7175	 +8.4367	 +4.9150	 +1.4144	 -0.1261	 +2.3939
 +0.5270	-134.0388	+14.2269	 +1.3608	 +1.1286	 -0.2334
 +1.7320	 -4.7871	 -4.1055	 -0.7320	 +0.4040	 +0.4421
 -5.1728	-18.4698	 -5.0645	 -1.8137	 +0.7950	 +2.6681
 -0.5748	 -0.8586	 +0.3946	 -1.8337	 +3.9160	 -1.0732
 -8.3452	 -1.8913	 -4.0359	 -1.7003	 -0.2195	 +5.2101
 -9.3517	 -7.9916	-12.1621	 -1.9977	 +0.0618	 +3.6333
 -9.0097	 +3.6276	 +8.6105	 +0.2442	 +0.6440	 -0.4956
 -5.3474	 +7.2153	+12.5797	 +0.8531	 +1.2492	 +1.9826
 -1.8783	-35.2829	+17.0978	 +2.0653	 -1.3980	 -1.7348
 +4.1164	-10.9975	 +1.1059	 +1.3784	 +2.0000	 +1.4359
 +4.5412	 +6.2647	+11.9818	 -1.4038	 -1.2811	 -0.2940
 +2.7017	-25.4529	-17.9249	 +0.9222	 -0.2723	 +1.2290
+13.7511	-12.0885	 -4.0919	 -2.6412	 +2.6260	 +1.1908
 +1.2100	 -4.8526	 -2.6577	 -3.2470	 -2.1933	 +0.3070
 -6.7434	 -5.2243	-15.1683	 +1.0071	 +0.3978	 -1.0682
 +1.5777	-42.9352	 +4.3248	 +0.5056	 +0.2774	 -1.3732
-14.8231	 +5.8057	 -2.7336	 -1.0495	 +3.0363	 -2.1554
+26.9724	 +0.8422	 -8.5088	 +0.4002	 -0.5153	 +1.1015
+61.3307	+92.3889	+62.7538	 +1.6978	 +2.2479	 +2.0408
-65.2505	+53.7049	-56.9462	 -0.1482	 -0.1282	 +0.3842
 +3.1375	+44.0363	-27.1956	 -0.8271	 +2.0418	 -0.0414
-18.6746	-18.1145	-17.8171	 +1.0819	 +0.5156	 -0.3046
 +6.6911	-14.1467	+31.5053	 +0.6326	 -0.6228	 +0.8015
 +8.9242	-14.8727	 -3.5815	 +3.8975	 +0.0580	 -0.3595
-40.2900	+31.5218	-23.6318	 +0.3826	 -0.2872	 -0.8479
+49.7091	+64.0646	+20.2198	 +0.7745	 -1.0954	 +1.8373
-155.8280	+118.9080	+112.6210	 -3.6958	 +2.5652	 +2.6367
+13.5780	 -6.0601	+28.5180	 -0.3827	 +0.2095	 +0.1062
 +4.7542	-23.0169	 -3.1888	 +0.7980	 -0.8686	 -0.9598
 +0.6840	 -0.5902	 +1.0071	 +0.5890	 +4.1292	 +3.4411
+12.6758	 +1.3271	-29.0904	 +0.0445	 +0.6399	 -0.1945
 +3.3290	 -7.3984	 -2.8515	 -1.0072	 -1.6888	 -2.5739
+16.0190	+43.7593	-29.3038	 +0.6373	 +1.9246	 +0.5351
 -6.9047	 +4.0242	 -2.4942	 +1.9838	 +2.6626	 +1.4599
 -0.0331	 +4.1333	-11.9820	 -0.6434	 +1.7154	 +2.9717
 -3.7276	 -6.2966	 -4.6095	 -1.3768	 +2.1194	 -4.3238
 -7.1111	-14.5692	 -2.9633	 +1.7919	 +2.5799	 +2.8336
-21.3499	-21.6290	-18.8915	 +2.3733	 +0.9433	 -3.1132
+24.5343	 +9.3360	+61.6665	 +0.8571	 +0.8680	 +0.0171
 +6.5786	-12.4265	+19.9162	 +1.8970	 +1.5431	 +0.6724
-15.7803	 +6.3505	 +5.3754	 -1.4838	 +0.2352	 -1.2696
 -2.6495	 +0.0540	 +3.6044	 +4.3301	 -1.6946	 -2.7707
+25.2797	-24.9668	-52.3560	 +1.5874	 +0.1018	 +0.0192
-10.8606	 +0.3094	 +3.3154	 -0.9712	 -2.0959	 -1.0003
 +6.6835	 +9.7033	 -8.9610	 +0.9673	 +3.1227	 +0.4679
-23.2777	 -4.4015	-13.4013	 +1.9307	 +1.4249	 -1.4691
 -0.4442	 +0.3943	 +6.1383	 -1.2473	 -0.8882	 +0.6003
-37.3721	 +7.7558	 +1.6800	 +1.3242	 -0.9554	 +2.6432
-13.3130	+34.9773	-19.5899	 +0.3248	 +1.5167	 +0.9150
 -0.4171	 +2.9709	 -6.4120	 -0.4912	 -0.9465	 -3.9818
 -7.5526	 +5.3018	 +3.1806	 -2.6012	 +2.5970	 +1.9261
+26.4090	 -6.7429	-23.5831	 -1.8214	 +0.6202	 -0.1782
 +7.4228	+14.8487	 -8.4030	 -0.8946	 +1.7012	 +2.1696
-17.5050	 -1.0459	 +8.6936	 +1.9400	 -1.5732	 +0.7965
 -3.2589	 -3.7299	-18.3325	 -0.5251	 +1.3138	 +0.2691
+27.9165	+10.4870	+20.2674	 +2.0032	 -0.5958	 +2.0105
-11.5231	 +2.9097	 -0.1108	 -0.3479	 +1.0951	 -1.2595
+14.2487	-18.3865	-20.7657	 +0.2219	 +1.9933	 -3.0967
 -8.2650	 +1.6511	 -7.9467	 -1.1884	 -0.5770	 +0.2137
-11.4919	 +0.8828	 -4.9715	 +0.3616	 -2.0968	 -1.2885
+10.8394	-303.7130	+215.9405	 +0.1231	 -3.7799	 +2.5753
 +1.7790	 +7.7574	+16.1486	 -0.1106	 +2.4155	 +0.2155
 -3.1799	-29.6276	 -9.8216	 +2.0578	 +0.6187	 +1.7133
 -1.2127	 -9.4308	 -7.5828	 +1.5964	 +0.5612	 -1.6523
+30.3557	 +5.5414	+12.1352	 -0.1735	 -0.4899	 -0.1537
+14.8338	+11.1152	-24.9280	 -0.0198	 -0.8218	 -0.1666
 -9.7451	 +5.7008	 +7.0499	 -0.8533	 -0.1073	 -2.0859
+23.7622	-68.9063	+54.6202	 +1.6102	 -2.6042	 +2.8275
 -5.5290	 +8.7803	 -9.5799	 +0.5837	 -0.1670	 -1.7896
-21.2742	 +0.5295	-27.4775	 -2.8960	 -1.5902	 +1.0136
 +2.0684	 +1.3347	 -8.2889	 +0.9673	 -1.9733	 -1.2110
 -6.8005	 -1.3433	 -0.2248	 +4.7794	 +0.2955	 +0.0803
-15.2368	 -5.9349	 +4.8748	 +3.3263	 -0.1569	 -2.1915
+15.2720	+20.8583	 -0.2794	 +0.4850	 +0.9470	 +0.9415
+28.8067	-59.1453	-22.8763	 +0.3867	 -1.1476	 -0.3675
+172.7495	+15.3778	-267.4991	 +2.8246	 +0.3063	 -4.0546
 -6.9909	 -2.3476	-15.1757	 +2.0061	 -2.5130	 -1.8707
 -5.9430	 +0.0633	+10.0648	 +2.2260	 -0.7246	 -2.7550
 -4.2435	 +2.6669	 +3.8051	 +0.5764	 -2.9738	 +0.0530
-13.6896	+10.9254	+23.6666	 +1.3739	 +0.0462	 +0.5294
-28.3644	 +6.1369	 +0.8629	 +1.9913	 +2.2997	 +0.3134
+20.2538	-29.6813	-49.3894	 +0.0154	 -1.0654	 -2.0894
 +6.0758	 +8.8008	+12.0687	 +2.0907	 -0.5391	 -3.0983
 +0.8533	 +9.2991	 +0.4778	 -0.0845	 -0.3934	 -0.2575
 +3.0958	 -6.7309	 -7.1349	 -1.6822	 +0.5479	 +1.4005
-14.4276	+78.8344	+55.2843	 -0.8495	 +2.7964	 +1.3893
-44.6871	-57.0185	-64.2056	 -0.0106	 -1.0774	 -0.8446
+20.5601	+12.1939	 +1.8652	 +2.9319	 +0.8733	 +1.3858
+10.7915	+19.4488	-26.9619	 -1.3678	 -0.1705	 -2.0380
 -4.3325	-18.5450	 -4.9715	 -1.1589	 +0.6341	 -0.6531
 +1.2029	-16.5511	 +1.8290	 -0.0892	 -1.8399	 +0.6064
 +5.5032	-32.0443	+10.2147	 -0.8352	 +1.3214	 +0.3660
 -6.8487	 -5.2828	 +5.8480	 -2.3070	 +0.1169	 +0.0619
+15.0339	 +6.3198	 +9.3595	 +1.9035	 -0.8123	 -0.2834
-244.2901	+101.2007	-206.9035	 -5.4443	 +2.4030	 -4.2706
 +7.6871	 -8.4670	 +0.9018	 +3.6920	 -1.5719	 +0.6361
+11.5718	+49.5728	-69.9509	 +0.8209	 +0.3382	 +0.7185
-24.1527	 +5.5557	 +8.8494	 +1.7916	 +0.2969	 -2.7368
+125.8517	+274.1193	-19.9833	 +1.5583	 +3.4262	 +0.0496
+28.1848	 -9.7395	+13.9613	 -0.8704	 +0.5342	 +0.2610
 -0.3948	 -5.8022	 -7.5410	 -1.8779	 +2.0376	 +1.2916
 +5.1760	 -2.7209	-20.1825	 -2.3990	 -0.0002	 +0.6541
+20.0931	 -2.4337	 +7.5864	 -0.2962	 -0.9995	 -0.7020
 -8.6042	-17.9948	-17.2796	 -0.9056	 +2.1426	 +0.0621
-117.7996	-825.6959	-64.7471	 -3.3950	-24.0460	 -1.6082
+11.8747	 -4.7511	 -3.4939	 +0.8205	 +1.4544	 -2.1808
 +7.4387	+11.9930	 -2.5933	 +2.9506	 -1.6279	 -1.8285
+22.1501	 +2.5382	+66.5263	 -1.5456	 -0.6944	 +0.3220
+20.5034	 -0.1810	 +1.4072	 -1.6714	 -0.4611	 -0.7757
+18.6053	+25.1802	 -7.5984	 -1.5662	 -2.0901	 -0.0422
-17.1488	-26.9971	 +8.5707	 -0.0933	 +0.7536	 -1.7720
-11.4144	 +8.7457	 +1.2995	 -1.5729	 -3.3410	 -0.2667
 -1.5693	 +6.3003	+12.2869	 -0.9909	 +1.3911	 +1.0688
 -2.7523	-23.2475	-14.5707	 -0.8028	 +2.5593	 +2.5509
 -5.9245	 +2.1482	 -0.3737	 +1.8526	 -0.6408	 +4.4444
 +0.8009	-10.8435	+15.2967	 +0.0902	 +0.7384	 +0.6870
-12.2581	+16.5713	+10.9799	 -2.1356	 -0.6429	 +1.7487
 -0.3228	-12.8429	 +3.4646	 -1.4768	 -0.4025	 +1.0359
 -8.1187	 -7.1501	 -4.9414	 -3.6196	 +2.7972	 +2.1046
-35.8393	+44.7909	+18.8919	 +1.3860	 -0.7683	 -0.2895
-11.9048	 -7.6857	 -8.2223	 -2.0203	 -1.4355	 +1.7112
 +3.2953	-13.5401	-17.8618	 +1.9347	 -0.3897	 +1.3646
 +6.4440	-59.2427	+12.3018	 -1.0467	 +0.8119	 -0.9250
-65.4558	+65.3190	 -5.4283	 -0.0039	 -0.4806	 -0.6197
-24.7092	 -0.1359	+13.1219	 -0.8121	 +0.0605	 +0.5815
 -0.2743	 -6.9717	 +5.9657	 +0.5082	 -1.9604	 -3.3907
+71.4858	+69.9874	-51.3829	 +1.6066	 +1.9256	 -1.0740
 +9.9441	-23.7438	+13.4452	 -1.5073	 +0.5887	 +1.6754
-52.1210	+116.8646	-20.0199	 -0.2926	 +0.7392	 -1.3361
 -2.4764	 -9.6577	+12.7604	 +1.0039	 -4.5410	 +1.1755
-23.4432	-12.0182	-55.6369	 -0.2564	 -0.3660	 -1.7860
 +7.3458	 -3.0867	 +8.4508	 -0.3404	 -0.0353	 -0.0076
 -9.9422	-10.4850	 -0.2239	 -3.7766	 +2.4123	 -1.9404
 -8.6676	+10.5237	 -3.9659	 +0.1237	 -1.2367	 -0.9974
 -2.6655	-13.6926	-23.3355	 -1.0584	 +2.0674	 -0.7060
 +5.8854	-22.1983	 +4.0929	 -2.2978	 +0.3061	 +1.1585
-10.1145	+14.0726	-50.3719	 -0.3838	 +0.1712	 +1.2594
 +7.2245	 -2.1704	+15.1254	 +2.8729	 +0.4952	 +2.1935
-11.5649	 +2.8070	 +4.3872	 +1.6605	 +1.5614	 -1.1292
 +0.7888	-15.9920	 -1.6964	 -0.5752	 +1.0565	 -0.6365
-52.5309	+273.7041	-857.1759	 -0.7137	 +3.6793	-11.6157
 -1.7574	 -4.3605	+10.1974	 +0.7995	 +2.9534	 +1.3605
+42.5007	+30.5823	-36.0545	 +1.4963	 +1.0491	 -0.1771
+104.2728	+56.5151	-128.0886	 +1.5525	 +1.0588	 -1.9734
+142.7451	+11.2855	-40.1914	 +1.5100	 -0.0116	 -0.4109
 -1.6890	 -4.6496	 +5.1575	 +0.7661	 +1.8564	 -1.5206
 -2.1335	 -0.9180	+11.9813	 -0.0749	 -2.1681	 -0.1476
-16.0157	-94.2872	+87.2596	 +1.0176	 +0.8682	 -0.8767
 +4.4472	 -0.0412	 +5.5440	 +3.1416	 +3.6846	 -1.3581
-18.2765	-21.0373	-14.1401	 +1.9467	 -0.6805	 +1.8169
 +1.8324	-10.7149	 +8.9690	 -2.4732	 -0.1515	 +0.0986
-51.4411	+38.4283	+69.0651	 -1.3204	 -0.4349	 +0.1348
 -6.6561	 +7.7927	 +3.0668	 +3.6171	 -2.4131	 -0.3361
 -4.1152	+11.9290	 +8.4052	 -0.8871	 +2.4436	 -0.9228
-18.8154	+35.0517	-57.0303	 -0.9719	 -1.7777	 -0.9460
-15.8594	 +4.3985	 -9.3642	 +0.5572	 +0.3170	 -1.7821
 -8.9117	 -3.6522	 -4.5232	 -2.8125	 +0.3350	 -3.0501
+21.2106	-33.4730	-44.6295	 -0.1257	 -0.4989	 +0.5030
-13.7581	+20.2153	 +3.1648	 +0.4304	 -1.1911	 +2.7628
-17.2041	-36.6205	 +7.2943	 -0.1235	 -2.2987	 -0.2212
-21.8425	-21.1500	-10.3322	 +0.0259	 +1.3952	 -0.9930
 -1.9299	+20.3743	 -5.7645	 +0.0324	 -0.7416	 -0.5187
 -8.4067	 -8.7910	-10.1298	 -3.0115	 +0.8452	 -1.9318
-12.8018	+12.4045	 -2.1799	 -0.1467	 +1.0960	 -2.6705
-34.1289	-37.7526	 -8.0515	 +0.9300	 +0.6327	 +0.7295
-14.3051	 +5.9299	 -7.9608	 +1.1084	 +0.7035	 +0.0577
 -5.7157	-10.3837	 +4.5142	 -1.1062	 +3.7213	 -2.0147
 +4.9391	 +1.2448	 +0.0141	 -3.2713	 +1.2482	 -2.6177
+15.6885	 +4.8055	 -2.6341	 +0.1026	 -1.0521	 +1.6119
 +5.1768	-33.7375	+68.1296	 -0.8843	 +0.6275	 -0.3717
-15.8216	 +8.2825	 +6.0880	 +3.2069	 +1.3698	 +0.9355
 -1.6265	 +7.2521	-12.7080	 -2.0540	 -1.0870	 +0.2419
 -9.8906	-19.3291	 -9.0257	 +1.6444	 -0.3620	 -2.6495
 +6.1170	+16.1761	+34.5130	 +0.0165	 +0.1950	 +0.2473
+12.8699	+68.1876	+78.8809	 -0.0516	 +1.3292	 +0.5637
+11.5093	-60.4882	 +3.0183	 +1.3218	 -0.1952	 -0.7366
-67.8547	-45.5977	+21.5470	 +1.2397	 -1.6808	 +1.2357
+165.7087	+141.6365	 +0.1029	 +1.6712	 +1.6574	 -0.0914
+27.0470	 +5.8416	 +8.8488	 +1.4588	 +1.4337	 -1.2130
+35.6250	-19.4502	-51.5219	 -0.5718	 +0.8665	 +0.9105
+13.2150	+13.1751	 -2.1689	 +1.6419	 +1.4850	 -1.1886
+10.1890	 -9.2617	+17.7577	 +2.1475	 +0.3518	 -1.8310
-14.4710	 +6.4581	+12.4809	 +0.1690	 +0.3630	 +0.0043
 +4.1646	 -7.4924	-10.6446	 +0.5030	 +4.0035	 -0.6567
 -7.3355	 +2.2662	 -5.4121	 -0.9057	 +2.5595	 -0.7532
 +1.9329	-12.0040	 +9.9890	 -0.2145	 +0.7481	 +2.4180
 +0.1057	 +7.6113	 -8.6564	 +4.2381	 -1.1339	 -1.2526
+69.4263	-33.0062	 +1.5780	 +0.7866	 +0.2293	 -0.7445
-20.3893	 -3.8025	 +7.3285	 -2.5203	 -0.4754	 -2.4292
-34.7334	+24.2676	 +8.4982	 +0.6457	 +2.2648	 -0.5145
+20.1443	 -5.1254	-13.1078	 -3.6427	 +0.1274	 +0.1963
 -6.5281	 -8.6365	 +2.2826	 -0.9622	 -1.7568	 +0.9109
 -8.6693	 -8.2824	 +0.3215	 +4.1194	 +1.5276	 +0.8623
 -3.3264	 +3.7647	 -9.7916	 -1.2041	 -1.5394	 +1.7981
-103.3528	-99.0108	+109.4022	 +0.7716	 +1.3162	 -0.2769
-13.7815	 -8.1820	 +4.5611	 +0.6927	 -3.1498	 -0.2717
+54.7289	+63.1426	-68.2279	 +0.3619	 +1.3618	 +0.0085
-12.3448	 +6.5113	 +9.9669	 +0.6685	 -1.1883	 -1.1916
 -2.9917	-61.5623	+20.5782	 -0.2003	 -2.9424	 +0.4794
 +2.6583	 +0.5751	-13.1224	 -0.7604	 -4.2416	 -0.3718
 -8.9709	 -2.2716	 -6.8325	 +4.0687	 +0.9632	 -1.5739
+36.0502	-13.7698	 +3.1345	 -1.0649	 -0.6058	 +0.8808
-54.3224	+42.4850	+53.6713	 -0.5578	 +1.2492	 +1.0119
-16.0391	-30.8267	 -9.4918	 -1.9148	 +1.2129	 -0.6960
+16.2016	 +1.8581	 -2.8104	 +0.0344	 +3.6259	 -1.7013
 -0.7300	+15.6265	 -3.2867	 +0.6940	 -0.3678	 -2.1443
-16.7188	-16.2196	 -8.3002	 -4.6816	 -5.3054	 -0.4034
-12.3900	 -0.2200	+13.3544	 -1.4677	 +0.7870	 +0.4898
 -5.9567	+11.9710	 +0.8606	 -0.4171	 -3.8075	 -0.7073
-16.0667	+16.1877	-37.9370	 +0.4936	 -0.1795	 -0.0720
-38.9494	 +2.3324	+21.6794	 -2.3334	 -0.0980	 +1.1562
 -6.6681	+28.7258	-39.7144	 -0.3663	 +0.0300	 +0.0346
 +3.0239	 +9.8206	-11.3481	 -2.7167	 -0.6994	 -2.4993
 +7.2008	 -8.1817	+41.3405	 -0.3343	 -1.8646	 +0.2227
 +4.5836	 +6.4423	 +7.3061	 +0.1392	 -2.7850	 -3.1724
-18.6868	-75.2207	-62.1377	 -0.6753	 -0.8551	 -0.2866
-13.5801	 +1.7186	 -8.2700	 -2.7267	 +1.3491	 +0.1571
 +1.7625	 +1.6676	 +0.1641	 -0.5239	 +3.2958	 +0.2759
 -5.8980	 -3.3965	 -4.2585	 -0.2942	 -1.8446	 +1.8470
 -5.5658	 +8.7902	-17.4953	 +0.1902	 -1.3737	 -2.7896
-28.7290	+16.4056	 -5.0904	 +0.5032	 -0.6216	 +0.4556
 +2.5554	-42.0784	-11.0983	 +1.7965	 -0.1912	 -0.2051
 -8.7406	 -9.0919	+14.8575	 -1.1184	 -2.1539	 +1.5076
 -3.0850	 -2.1777	 +7.7612	 +2.9685	 -2.6100	 +2.9501
+44.6152	 -7.3753	 -4.4484	 +1.0499	 -0.1819	 -0.3060
 +6.9668	 +0.3519	 +5.0508	 -0.0598	 +3.3764	 +2.8752
-32.8282	 +1.4871	 +2.0708	 +0.1854	 -1.7003	 +1.0101
 -1.2515	-20.4466	+10.5625	 -1.2572	 -0.3201	 +1.5052
-335.4682	+368.0795	+610.8698	 -5.9739	 +6.4834	+10.8957
-140.6404	-192.4624	+27.7352	 -2.0713	 -2.7083	 +0.7452
+11.5232	 -6.0483	 +0.4903	 -0.2347	 -0.3836	 -1.5057
+19.8194	+27.0008	-15.8625	 -1.0247	 +1.1307	 -0.5432
+21.4376	 -5.4516	-13.7636	 -2.2161	 +2.0042	 -1.4900
 -1.7143	+11.9757	+18.4322	 +0.6542	 +2.9831	 +2.8934
-15.8228	-46.4000	+129.6095	 -1.9451	 -4.0728	+13.4283
 -8.3817	 -8.0629	+28.3115	 +1.5211	 +1.1320	 -2.2756
 +7.9764	 +1.0713	 +3.5618	 -1.2342	 -0.7707	 +0.7016
 -6.1382	 +0.7445	-11.7307	 -0.7128	 -0.6994	 +3.9573
 -3.9496	-13.2542	+33.7226	 +0.3001	 +0.4314	 -0.2636
+23.2893	 +9.4744	-13.0002	 +0.4049	 -1.2291	 +1.1154
 -7.5304	-11.4454	 +0.8997	 +2.5376	 +0.7753	 +0.2528
 -4.1162	 -2.1909	 -5.3825	 -2.2388	 +3.3794	 -4.4224
 -3.8246	 +4.3041	 -5.7273	 -0.2427	 -3.5612	 +0.2240
 +8.4064	+13.0374	 -0.8964	 +3.2031	 -2.7819	 +1.2841
 -1.0727	 +8.6182	+12.1981	 +0.5417	 +1.4721	 +1.5989
-11.8214	 -3.8683	 -6.0435	 -0.2164	 -1.8637	 -1.2021
 +5.4688	+25.5751	+21.1631	 -1.4770	 +0.0190	 +1.0338
 +8.6710	+22.8730	 -6.7342	 -0.6993	 -0.7279	 -0.6131
+20.1148	-16.5784	 -0.3962	 +1.2607	 -3.9305	 +0.2396
 -3.4435	 +2.6889	 -4.0111	 -2.4845	 +2.2137	 +0.1609
-13.0548	 +2.4545	-12.3425	 +0.4612	 +1.9109	 -1.8947
+11.2641	 -4.2963	+24.5198	 +0.4612	 -1.8893	 +1.0570
-16.6174	 +2.5431	 +7.5570	 +0.7303	 -1.9899	 -0.1854
-24.9033	-42.5775	+22.4110	 +0.4762	 -1.1041	 -0.0569
 -0.8309	 -3.2722	-12.6060	 -0.6410	 -1.8568	 -3.9081
+21.0366	+20.3059	-19.9558	 -1.0422	 -1.1720	 +2.4338
-10.7014	 -5.3832	-14.5731	 -1.3110	 +0.5534	 +2.3577
+99.4269	+91.0942	+203.6452	 +1.2938	 +1.5571	 +2.7088
-12.5963	+18.9288	 +1.8365	 +1.8097	 +0.2114	 +1.8097
 -2.3815	 +1.5672	 -4.2058	 +2.6291	 +1.6103	 +0.6171
-16.7365	 -2.3726	 -7.1369	 -1.5815	 -1.2418	 -0.4601
+11.6867	 -0.4995	 +7.3587	 -2.3545	 +0.3909	 +1.7026
 -9.6754	 -0.3867	 +6.0763	 -3.0867	 +1.3431	 -2.2577
+17.7716	-12.4105	-15.0141	 -3.3492	 +0.9051	 +0.6908
+21.1839	-33.1044	 +6.3539	 -0.0191	 +1.1409	 -0.4662
-11.0814	 +5.4782	 +3.7494	 +1.9611	 -1.8885	 -3.0867
+236.6913	+35.4568	-150.2028	 +5.4056	 +0.7404	 -3.1554
