# Num Particles: 1000
# Num Cores: 64
# Total Energy: -1.359579e+04
# Iterations: 481 of 1000
# Current Time: 2018-05-06 01:34:42.908586
# Elapsed Time: 0:24:14.945799
# Avg. Step Time: 0:00:03.024835
# 
# x	y	z	vx	vy	vz
# 
 -1.5825	 -9.4682	 +0.5124	 +0.3389	 -1.8917	 +2.0145
 -1.5318	 +3.5330	 +1.7048	 -5.2906	 +1.1277	 -1.3991
 -6.9118	 -8.3174	 -9.9571	 +1.1190	 -0.6648	 -1.7098
+13.7988	+43.7660	-26.9212	 -1.2903	 +1.4962	 -0.1671
-10.7306	 -4.7308	 -0.9811	 +3.8956	 -0.5271	 +0.6598
 +2.9790	 +6.4514	 -5.0193	 +2.8402	 -0.6195	 +2.5423
-13.7725	 -4.0044	 -3.5764	 -1.0834	 +0.5587	 +1.7246
 -8.5462	 +8.2775	 +3.9385	 +1.5645	 -0.9880	 -0.2089
 -4.9895	 +1.5313	 +3.4278	 +0.0344	 -4.9576	 -4.2681
+17.9402	+45.2092	 -7.1270	 -1.4418	 +0.6845	 +0.2264
+20.8669	+11.5413	 -8.1334	 +0.4634	 -1.3149	 -1.4684
 -5.8156	 -8.9260	 +3.7213	 -2.0265	 +0.4554	 +1.3047
 -1.4038	 +0.9945	+10.3857	 +1.3289	 -1.1001	 -3.4666
+39.1744	-21.2209	 +8.6852	 +0.5215	 +0.8056	 -1.4918
 -5.4937	-13.8423	 -0.4704	 -0.2110	 -0.7560	 -1.8051
-13.1527	 +8.1073	 +8.8829	 +3.4260	 +1.7230	 +0.9249
+15.4353	+15.3737	 -9.2075	 -1.8503	 +0.8485	 -1.2534
 +2.9817	 -5.0166	 +5.9868	 +2.3702	 -2.7606	 -3.8900
 -0.7587	 -6.9792	 -2.5377	 +1.2924	 -0.1204	 -4.7378
+18.3072	-56.4769	+65.4473	 -2.2456	 -0.1225	 -0.9535
 +1.9668	 -5.2052	-10.6263	 +4.1441	 -0.0358	 -0.6326
 -3.9067	 +7.8030	 +2.6979	 -0.6847	 +0.3677	 -2.5359
 -7.1131	-14.0660	 -3.1955	 +0.6854	 -1.7473	 -0.9634
 -7.9471	 +6.6190	+11.6791	 +0.1072	 +0.0604	 +0.2007
 -0.5878	+13.4076	-32.9831	 -0.6176	 +0.2321	 -1.7503
-42.5520	+54.3010	-40.4412	 +0.8952	 -0.4240	 -0.2821
 +6.5122	 -6.8549	 +1.8016	 -5.4011	 +0.7994	 -0.6911
 +3.7758	 +7.7927	-10.9412	 +3.6752	 -0.9157	 -0.2305
 +2.7058	-24.1557	-15.6712	 -3.0269	 -0.8323	 -0.1067
 +5.1729	-34.2636	 -6.7326	 +0.4911	 +1.5786	 -0.0449
 +7.3474	 -5.1493	 -8.0500	 +1.3150	 +3.2470	 +3.6815
 -9.4047	+54.9049	+48.0725	 +1.8186	 -0.2001	 -0.0262
-29.2401	-11.1904	 +1.9808	 +1.7463	 +1.8356	 +1.5143
 +1.8093	+34.9537	 -7.6070	 +0.1889	 +2.0931	 +0.1599
 -5.4415	+16.1963	-19.3779	 +0.0047	 -1.6794	 +3.3132
+47.7337	+202.3821	 +5.2685	 +6.1683	+25.8215	 +1.8953
-10.9008	 +6.6596	 +4.2256	 -0.2715	 +3.2125	 +0.6015
 +5.8108	 -2.9709	 -1.4285	 -1.3272	 -0.9817	 -2.1617
+60.3197	 +2.3928	+113.9242	 +2.2277	 +0.7120	 +5.4901
-14.6374	 +4.4194	 -9.4456	 -1.0032	 -0.5399	 +0.8739
 -3.7023	+28.5571	+20.3134	 +0.4138	 -0.6571	 +1.0533
+19.6980	-18.5374	+13.5816	 -0.8773	 +1.5895	 -0.7046
 +1.5245	 +4.0916	 +0.8044	 +1.1513	 -1.4285	 +4.2616
 +4.2240	 +8.5787	 -0.2508	 -3.2147	 +1.0055	 +0.6473
+20.1072	 -8.3899	+10.3561	 +0.4049	 -2.6446	 +1.0321
 -9.7372	 +6.4358	 -8.1341	 +2.4543	 +1.1186	 -1.0190
-10.8755	 -0.0489	 -8.7530	 -0.4247	 +4.0174	 -0.5536
 +7.8090	+16.0751	+36.7911	 +1.1722	 -0.9346	 -1.1168
 +4.6013	 -0.6471	 +2.3194	 +0.9866	 -0.6494	 +1.4988
 +4.9392	-10.9688	 -8.0162	 -0.2545	 -1.7502	 -1.3066
-10.6717	+58.7069	-25.6972	 -1.1407	 +1.1197	 -1.7506
+47.5685	 +1.0259	+74.7248	 +0.1311	 -0.3852	 +0.5369
-13.3197	 -9.6267	-27.0263	 +2.8763	 -2.2135	 +0.5989
 -9.2782	-16.3262	-10.0781	 -2.6779	 +2.3129	 -1.5396
+14.4273	+76.5946	+58.7861	 -0.0201	 +0.9656	 -0.8882
-21.6131	+10.0671	 -2.5647	 -2.5627	 +2.7081	 +0.3311
+19.1881	 +8.5462	-15.5189	 +1.9102	 +1.1504	 -2.1589
 +3.6606	 -6.3366	 +4.6445	 -2.2519	 +1.0502	 +0.5414
 +2.6574	 -9.1081	 +3.2388	 +2.1532	 -0.7887	 +3.7138
+17.3977	-12.8816	 +1.0483	 -3.6154	 -1.5993	 +1.2754
-24.8611	 -0.3888	+20.9778	 -0.6769	 +0.3776	 -2.4285
-15.0095	-16.6462	-29.6334	 -0.1422	 +1.8187	 -0.7827
-10.8427	 -6.5675	 +1.0460	 +0.9669	 -2.4348	 +0.7880
 +2.9509	 -6.3418	+10.1506	 -0.2359	 +2.5135	 +1.2715
 +1.0952	 +1.8040	 +7.0991	 +0.9850	 +3.2366	 -1.2575
-21.7505	-21.7277	+17.0503	 -0.2178	 -0.1100	 +1.3735
 +0.6590	 +1.0595	 -6.3030	 -2.9459	 -3.9455	 -1.9499
+16.4515	+16.3064	+17.2490	 +0.1811	 +0.3509	 +3.2915
-24.2262	+23.9140	-19.2012	 -0.2815	 -0.8795	 -0.3689
-373.3985	+304.7172	+514.8440	-10.5353	 +8.7143	+15.1351
-23.2935	 +0.2564	 -4.7381	 +0.1581	 +0.7642	 -0.0513
 -7.0658	 +6.3282	-12.0667	 +0.0517	 -3.2473	 +1.1362
 +4.8652	 -3.9402	 -7.5969	 -0.3914	 -0.7826	 +3.0763
+72.2390	+10.5121	-123.0158	 +1.6407	 -0.1709	 -0.0021
-44.8276	 +1.9842	 -2.4724	 +1.8292	 -0.6942	 -0.4967
-20.1700	-17.3910	 +3.5318	 +1.8250	 -1.8174	 +2.1241
 -2.2015	 +0.3335	 +6.1138	 -1.6287	 +2.2640	 +1.7772
+11.2852	 +4.0891	+11.5044	 -1.2130	 -1.0807	 +2.6287
-59.5293	+126.0505	-103.0864	 -1.2802	 +3.4177	 -2.0841
 +9.9401	-28.9168	 -6.7756	 +1.5458	 +2.1563	 +0.4252
-13.5528	-17.7465	 +1.4171	 +0.8925	 -0.3898	 -0.4991
+10.1399	 -6.9800	 -2.7632	 -0.6196	 +1.1684	 -1.1567
 -4.3696	 -1.6388	 +5.0011	 -3.0857	 +1.0091	 +3.4394
 -0.2860	-27.2446	 +3.7292	 +0.6463	 +1.5643	 -3.6246
 +6.8240	-15.3406	-20.3815	 +0.2370	 +1.6775	 +2.1961
-21.2664	 -5.3494	 +0.1278	 +2.8272	 -0.6502	 -2.2611
-17.5797	 -0.5911	 -7.4508	 +0.9219	 +0.8569	 -1.9600
-13.0227	+13.9748	 -8.2023	 -3.2953	 +2.9512	 -3.1870
 +9.2734	 -8.4983	 -5.7948	 +1.7543	 +3.3511	 -2.6398
+38.6505	-37.0780	+22.2962	 -1.2884	 -1.0366	 -0.3270
 +5.7649	 -0.4908	 +5.5372	 -0.2685	 -2.3494	 -1.3826
 -1.6569	 +0.0720	+10.9605	 +1.4449	 +0.3567	 +1.6678
+27.7679	+35.5075	 +1.1811	 +1.2452	 +1.6749	 -0.9398
 -0.6890	 -1.6080	 -2.9832	 -5.1300	 -1.4189	 +3.5487
-10.5981	 -4.7280	 +3.7324	 +3.3584	 +2.9314	 -1.3870
 +2.9498	 -8.5290	 +3.3058	 +1.8602	 -0.0162	 -2.9739
 -3.3940	+18.5339	 -9.4567	 -1.6929	 +0.1503	 +3.9534
 +3.9304	 +2.0550	 -5.7259	 +4.4386	 -0.5997	 +2.4008
 -2.5304	+18.2495	 +8.6856	 -2.0301	 +1.3141	 -0.5975
-13.4773	 -9.4338	-14.3567	 +3.3853	 +1.8986	 -2.0269
 -0.6566	+28.1905	 +5.8929	 +1.6471	 +0.6499	 -0.1426
 -2.6678	+21.1946	 +6.8618	 -1.3341	 -0.8046	 -1.0083
-10.6468	 -1.5484	 +3.8205	 -0.9506	 -0.5871	 -2.1852
 -2.7559	 -2.8791	-13.9860	 +2.0870	 +2.1979	 -0.8405
+303.0176	+75.6215	-155.7754	 +6.2209	 +1.5872	 -3.0736
 -5.2595	 -2.7140	 -4.5557	 -0.9449	 -2.1076	 -2.5897
-50.3404	+16.3892	 -6.3819	 +0.0999	 -1.3492	 +1.3228
 +6.1451	-11.5087	 -0.7997	 -3.6834	 +1.1122	 +0.3125
 +7.6011	-16.8887	+18.8373	 +0.9403	 +2.5379	 -0.8647
-23.7566	+11.8757	 +7.6085	 -0.5857	 +0.6763	 -0.2685
+22.7876	 -5.5565	+14.2249	 +0.9339	 -1.5103	 +1.9557
+460.5578	+419.2550	-211.9942	 -0.3134	 +0.6439	 +0.3308
-140.9240	+150.5238	+215.9621	 +0.0205	 +1.0167	 +0.2427
 +2.5959	 -2.7047	 +6.2406	 +1.0194	 -1.6319	 -2.3080
 +6.9475	 +6.8106	 -7.3015	 +2.0636	 +0.0178	 +3.9101
 -0.7833	 +9.7685	 +5.1602	 -0.1415	 +2.5650	 -2.6617
+11.0838	 -5.2106	 +7.8447	 -0.6235	 -1.9355	 -0.1411
+17.6064	 +4.9608	+65.2863	 -0.4107	 -0.0535	 +2.0572
-10.6314	 +0.3214	 +1.0893	 -7.6457	 +6.9787	 -8.8431
-29.9308	+22.9026	 -2.2891	 -2.0544	 +2.2326	 -1.6345
+11.9051	-11.6395	 -4.3507	 -1.7107	 +1.1322	 +3.0795
-10.4022	 -1.2295	 -3.3928	 +0.7204	 +2.3724	 +3.0235
 +6.8322	 +0.9739	 -6.1389	 -2.3479	 +1.1544	 -3.9682
 +0.6356	 +7.1646	 +6.2619	 -0.5482	 +0.8601	 +2.2711
-10.1665	-15.0238	 -2.0118	 +0.0121	 -1.7928	 +1.4113
 +1.0373	 -7.1638	 -5.0976	 -2.3824	 +2.2439	 +4.6119
-23.3982	 +2.5636	 +3.5267	 -0.6808	 +0.4145	 -2.0498
-25.3249	 +4.5287	 -0.3292	 +0.4669	 +0.1065	 -0.2668
 -2.7725	 -7.9983	 -4.8758	 +1.0241	 -0.6957	 -0.9098
-18.5164	 -1.3516	 -4.8140	 -2.0567	 +0.1606	 +1.5626
+15.8533	-24.1819	-210.2716	 +0.0177	 -1.1808	 -0.7228
+21.9745	-21.9399	-25.7813	 +0.8801	 +0.3436	 -2.1675
 +7.4682	+11.7081	 -4.0774	 -0.2536	 -1.6363	 +2.0295
 +2.5354	+14.6062	 -4.6583	 +2.1357	 +0.5003	 -0.0029
 -2.3536	 -0.3949	 -4.6311	 -1.7198	 -2.4276	 -0.2001
+35.3255	 +9.5468	 +7.7115	 -1.6967	 +0.0902	 -1.1488
 -1.9871	+13.0005	 +5.7217	 -4.2850	 -0.6115	 +1.2071
+27.6949	+18.1795	 +3.4211	 +0.5154	 -1.4515	 +1.3789
 +3.7483	 +1.7722	-15.1016	 +0.1481	 +2.9185	 -0.3904
-89.6009	+81.7943	+45.2462	 -1.0944	 +1.1828	 +0.5038
 -9.4653	 -3.7805	 -4.4599	 +0.4438	 -2.6008	 +1.9618
-16.6707	-14.0691	+17.1284	 -3.2984	 +1.0901	 -0.8540
+360.9751	-121.2761	-98.8916	+13.6112	 -4.3540	 -3.3478
+13.8819	-33.0532	+46.6877	 -1.4863	 -1.8880	 +0.2722
-15.4298	-30.4323	-11.4403	 -2.7757	 +2.5557	 -0.2750
 +1.3012	 -1.2121	 -2.6431	 +0.7033	 +1.5445	 +4.1988
-59.6072	 +8.7574	+53.1089	 +0.2212	 +1.9949	 -0.8023
-11.6446	 -0.2499	 -3.5366	 -3.3080	 -3.2699	 +1.1225
-27.0148	-11.6055	 +0.4021	 -1.7184	 -0.1001	 +2.7447
-12.3522	-27.9214	 -7.6730	 +1.2916	 +1.2572	 +0.0051
 +5.0993	+15.0931	 -0.7071	 -1.2553	 +0.9990	 -0.4890
 -9.4432	 +5.3073	 -3.0641	 -2.4319	 -1.6158	 +0.1363
 -0.5816	 -6.9638	 -1.7964	 -1.8807	 +2.5557	 +0.0808
 -8.7142	 +0.3312	-22.7223	 +0.7662	 -0.8366	 -2.0791
 -2.4366	 -0.9698	 +3.4518	 +0.0551	 +2.8749	 -0.0040
 -2.3581	-13.6508	-21.5728	 -1.4719	 -0.0571	 -1.8247
 -5.9551	-13.4953	+16.2915	 -2.2859	 +0.9178	 +0.0359
+21.8660	 -6.7191	+20.9955	 -1.7242	 +0.8788	 +2.1301
-10.6683	 +1.2088	 +0.2034	 +3.5802	 -0.7661	 +0.6984
 +8.2146	 -7.1244	 +3.2830	 -1.1839	 +0.2182	 -2.2998
 -7.5924	+12.0638	+17.8738	 +0.4572	 +0.2204	 +4.5288
 +4.4297	 +7.0411	 -7.4391	 -4.0635	 -2.0724	 +3.3718
 -7.7817	 +0.2254	 -3.0930	 +1.0078	 -4.4347	 +1.6368
-18.4162	+10.4511	 -0.4469	 -2.1507	 -0.0913	 +0.9137
-15.3333	 -8.6229	 -9.5278	 +0.7384	 -1.6088	 +3.1969
-10.9309	 -3.4630	 +1.4503	 -1.1870	 +1.9090	 -2.9286
 +8.3047	-10.3434	 +7.3442	 -1.0436	 -1.4247	 +0.2139
 +4.7714	-15.5604	+23.5374	 +1.6140	 +1.3644	 +0.3955
-13.0933	 -4.8443	+10.1226	 +2.3923	 -2.5065	 +1.6489
 +6.6199	 -7.8535	 +7.9898	 +0.0788	 -0.6003	 +2.9791
+20.4101	-15.4021	 -2.9679	 -1.0941	 +0.8600	 +1.4555
 -7.4333	 -4.9516	 -1.1161	 -0.3118	 -1.3771	 +0.8054
 +2.9399	-28.8054	 -9.5227	 -0.6055	 -1.0576	 +1.8410
-16.5718	+35.6269	-22.4629	 +0.8002	 -1.0267	 +0.9832
 -5.4975	+16.3803	 -1.9305	 -0.4655	 +3.1169	 +0.9582
-15.8654	-55.9691	+27.5899	 +1.4987	 -2.1704	 +0.8409
-27.5104	 -4.7936	-11.8232	 +1.4502	 +2.7056	 -0.7189
+11.7152	-26.5623	 +6.5485	 +2.3831	 -1.9754	 +1.4839
 -0.7811	 -4.5787	 +1.0555	 +2.5485	 +0.5230	 +1.2310
 +0.5489	 -5.6138	-10.1044	 +1.2072	 +0.9822	 +0.6364
-360.2020	+57.8906	+147.2764	 -9.7513	 +1.5586	 +3.8273
 -1.3395	 -8.6647	 +1.6463	 +0.9591	 +1.5689	 -0.6333
+11.2421	+11.0465	 +4.7172	 +0.9597	 -0.1692	 +2.4435
+31.3455	 -8.1138	+10.1611	 -0.8529	 +0.9966	 -1.6434
-13.3071	 -0.4689	 -7.3810	 -3.5530	 -2.6583	 +2.0192
 -1.2377	 +4.7732	 +4.8528	 +1.5248	 -2.0347	 +0.8798
 +5.5960	 +1.6614	 +6.5378	 -2.4317	 -1.9762	 -1.3472
 -0.3116	 +6.9201	 -2.8952	 -0.8684	 -1.9427	 -0.2323
 +4.0208	-12.4513	 +7.8397	 -0.7144	 -2.3284	 +1.6952
 -7.4375	 +2.5518	 -1.0590	 +0.2012	 +1.4339	 -0.2564
 +9.5756	+42.2590	 -5.5676	 -0.2293	 -1.1624	 +0.2903
 -2.9800	 -2.6362	 -3.4397	 +3.1342	 -0.1946	 -1.8397
+26.5861	+22.6676	+18.7685	 +0.7480	 +1.7996	 -1.1413
 -5.3908	 +8.4974	 -3.2097	 -0.1938	 -1.5337	 -1.4491
 +4.0321	 -3.2373	 +9.7665	 +1.3788	 -2.2301	 +2.1222
 +0.8366	 +5.1814	 -0.6114	 -2.5130	 +0.0250	 -0.8956
 +7.7781	+30.4656	 -3.2165	 -0.3182	 +0.8184	 -0.2242
-32.8810	-35.8780	+17.1135	 -0.7151	 +3.2436	 +0.8929
 -3.3368	+11.0385	 +2.2840	 +2.2003	 +0.8697	 +3.6511
 -8.6084	-18.8518	 +1.5027	 -0.9175	 -0.2505	 -2.2984
+17.1787	 -0.8401	-46.0841	 -0.9886	 -1.9197	 -0.4127
 +5.1455	-20.9468	+15.8113	 +1.9767	 +2.6805	 -1.6967
+33.1708	+34.9918	-51.7461	 -0.5784	 +0.7583	 +0.5722
 -0.6883	 +0.6950	 -1.9693	 -0.2954	 +1.8982	 -0.4949
-18.9645	 +8.2250	-18.3178	 -0.3411	 -0.5336	 +0.6878
 +0.8160	 -3.6321	 +4.3304	 +1.5112	 -1.4738	 +1.1262
 -2.1788	 -1.5218	 -0.0587	 +1.5575	 +3.5071	 -0.0792
+20.6348	 -1.5430	-19.3262	 -1.6525	 +2.9171	 -1.1883
-33.3069	-17.4618	+34.7912	 +1.5479	 -2.5616	 +0.2880
 -7.0538	+28.3116	 -9.2738	 +0.6505	 +2.9178	 +0.2082
 +3.9091	 -5.9067	 -6.7668	 -2.4762	 -3.0396	 +0.2863
 -3.2827	-13.1926	 -1.5956	 -2.2707	 +2.3442	 -1.9151
 -4.6858	 +2.4532	 +0.0954	 -1.2673	 -0.1779	 +1.8550
 -2.5376	 -0.0602	 -8.6719	 -3.5342	 +0.4408	 +4.8407
-14.9088	 +1.7663	-23.6818	 -0.2185	 +0.5114	 +1.5483
+104.0208	+10.4505	 -3.6856	 -1.0570	 +0.0576	 +0.9259
+15.0507	+19.5524	 +7.3289	 +1.6341	 +0.3937	 -2.9419
+10.4722	 -6.9585	-12.0435	 +0.7312	 -0.4418	 -0.8514
 +3.9587	 +1.4547	 -0.8541	 -1.3050	 -3.0097	 +3.3932
 -4.6983	 +0.0330	 -4.2087	 -0.7611	 +4.5208	 +1.1716
-25.4374	+51.4811	+41.9670	 +0.1494	 +0.1872	 +0.5226
 +4.4384	+10.4076	-11.8898	 +1.3053	 +0.1901	 +2.4881
-87.7312	-69.0357	-84.3643	 -2.3610	 -1.4952	 -2.5222
 +0.7322	-11.4670	 -4.8974	 +0.1911	 +0.4083	 -1.9706
 -1.4436	 +1.1200	 -7.5420	 -0.8511	 +2.6156	 -2.3227
 +0.8295	 -1.2917	 -4.5783	 -0.5741	 -0.7732	 +0.3322
 -7.8915	 -1.0357	 -5.7662	 +1.4751	 +0.3419	 -3.6688
-28.5050	-113.5766	+100.5127	 -0.2945	 -1.4589	 +1.9697
 -4.7951	+10.0348	 +4.7254	 +1.3995	 +0.7960	 +1.6369
 +3.2723	 -1.7059	 -3.2301	 +1.1622	 +2.5230	 +2.3941
-12.1341	 -7.3376	-19.3351	 +1.1504	 -0.6228	 +1.8270
+174.3568	-227.1410	-143.0038	 +5.5960	 -7.4025	 -4.4720
 -6.4370	 +1.6692	 +6.5123	 -3.4992	 -0.5662	 +0.3383
+15.3354	 +5.2275	 +1.8636	 -2.4284	 -2.1399	 -0.5690
-11.6938	 +3.3686	 +7.8760	 +1.7217	 +1.1077	 +1.0811
+11.5813	-23.3237	 +3.9041	 -0.8533	 +0.3501	 +0.9504
 -4.3617	 +6.4770	-12.9844	 +0.6216	 +0.1372	 +4.6475
-19.6304	 +0.6762	+29.6923	 +1.5405	 -1.8778	 -0.0899
 +3.9306	 +4.0517	 -0.3659	 -1.1815	 -0.1461	 +2.6753
 -4.5035	 -7.8534	+11.5022	 -0.7977	 +0.8910	 +3.2570
-23.1294	-36.6992	 +8.5127	 +2.7730	 +0.7171	 -0.2716
 -0.7497	 -6.6082	 -9.9297	 -3.0340	 +1.5638	 -0.7801
 -1.5786	-12.0746	 +0.1296	 +1.3805	 +2.4995	 +3.8375
 +5.1340	-10.3391	 -5.3931	 -0.5315	 +2.0565	 +0.5832
 -0.3766	 -0.5826	 -8.0510	 +0.7793	 -3.0109	 -1.2213
 -4.1672	 +2.4025	 -2.2922	 +2.2991	 +1.4719	 +4.3578
+29.4921	-50.0474	-28.5453	 -0.1981	 -0.8834	 +0.3803
 +5.4452	 +1.6314	 +1.4879	 +3.8054	 +2.1415	 +1.8909
-14.3363	 -2.1928	 -3.6087	 -1.0637	 +1.9591	 -1.5137
+32.2323	+91.2654	-26.8621	 +0.1888	 +1.6023	 -0.8440
-10.1488	+15.2492	 +3.8530	 +4.5087	 +0.5066	 +0.2540
 -4.2434	-65.6741	 +7.2598	 +0.8550	 -1.0269	 +0.4508
 +1.9545	 -9.0179	-10.0687	 +1.9671	 -1.2190	 -2.6335
 +0.4076	 +9.4042	 +3.9182	 -2.6717	 +0.6615	 +0.8817
+1881.4569	-41.6997	+793.3031	 +0.2166	 -0.2336	 +0.0642
 -8.8043	 -0.6955	 -2.1805	 -1.2850	 +0.7942	 +0.7917
 +0.7573	 -9.7473	 -6.8690	 +3.0705	 +2.7256	 -0.1149
 +0.4294	+13.4850	 +0.7070	 -2.1948	 -1.4379	 +0.8050
 +6.2877	-20.5632	+24.1823	 -0.5505	 -0.7876	 +2.0685
 -5.5655	 +3.0364	 +9.3108	 +1.1682	 +4.2523	 -0.8403
-76.9461	-89.7257	-60.6047	 -0.0848	 -0.4779	 +0.5306
 +3.6926	+24.6712	-18.3355	 -0.0161	 +2.8106	 +0.5361
 -1.9562	-66.9226	-22.8550	 +0.8665	 -0.2780	 +0.8531
-18.7357	-15.9133	 -7.1271	 +3.3683	 +0.4528	 +1.7635
 -5.2407	 -3.7831	 -5.3430	 -0.6679	 -1.1339	 -1.1083
+10.4166	 +8.6879	 -5.0471	 +2.6777	 -3.9009	 +0.5553
 +3.9308	-10.7685	 +7.3083	 -1.3221	 +1.4054	 -1.8747
 -5.6611	 +6.6691	 +1.8182	 +1.2109	 -0.8136	 +1.0528
-13.2252	 -5.9709	-10.4316	 -0.4091	 +4.0292	 -1.7913
+63.4151	+125.6960	+27.6136	 +1.1703	 +2.7934	 +0.3057
 +8.9858	+11.8012	+11.7383	 +1.7793	 +1.1386	 +3.7317
 +3.5399	-12.4014	 +3.6439	 +1.4907	 +0.2055	 -0.4512
-18.8510	 -9.3054	 -4.6553	 -1.5620	 -1.7347	 -1.5473
 +0.0570	 -1.1594	+14.5916	 +2.8588	 -1.0056	 -0.2959
-12.6399	 -6.1996	 -6.7182	 -3.2313	 -4.3681	 -1.0844
+17.3865	-20.6059	+14.4438	 -1.0816	 +2.1113	 -1.4429
+353.2734	-139.6046	-402.1380	+10.4380	 -4.1180	-11.3203
 -1.6708	 +8.8699	 +0.6862	 -2.0344	 -1.7994	 +1.3019
 -4.0878	+28.9613	 -1.2602	 -0.0422	 +1.6461	 -2.9817
+13.8036	-16.3437	-22.6842	 -0.6848	 -0.3458	 +0.3369
 -6.3864	 +1.6321	-10.7463	 -1.3907	 +0.3779	 +1.9617
 +0.6255	 -7.9292	 -7.2928	 +0.1226	 +1.3505	 -0.3746
 -0.6068	-15.8764	 +3.7267	 +0.9486	 -1.9969	 -0.1647
+30.1656	-35.5663	-34.0649	 +2.4238	 -2.0798	 -2.6401
 -2.7394	 -6.4028	 -6.6398	 +1.5176	 -1.8726	 -3.4155
 -4.5494	 -9.0473	-10.5153	 -0.4558	 -0.4754	 +2.2748
 -6.4366	 -9.2357	+16.3591	 +2.9049	 -2.3676	 +1.3457
-26.7208	-12.0637	 +4.6709	 -0.0366	 +0.3380	 -3.2153
 -7.0301	 -0.3256	 +1.2227	 -1.9583	 +3.5187	 +2.0274
-88.3371	-79.9673	+94.3057	 +1.2719	 -0.6242	 +0.2380
 -4.4279	 -9.2239	 +1.8262	 -1.9632	 -2.4260	 +0.5706
-14.5389	 -4.3345	 -7.8040	 -1.2506	 +1.9071	 +0.6662
-25.9698	 +6.4328	-31.8079	 -1.7486	 +0.0447	 -0.8999
 +7.1794	-17.8002	+17.2032	 -0.8675	 -1.6823	 +2.4179
 +1.3770	 -1.2485	 +7.3521	 +2.4985	 -2.3140	 -4.2622
+252.3494	-13.6983	+90.4937	 +6.7529	 -0.0900	 +2.6541
-19.6739	 +3.8974	 -7.6383	 +1.2868	 -1.8427	 +0.2862
-87.2821	-108.2679	+88.6271	 +0.7550	 +0.1321	 -0.4600
-13.1051	-48.6792	 -5.9382	 -1.9874	 -0.4780	 +1.7967
 -6.0850	-32.6983	-24.5820	 -1.6148	 -1.6455	 +0.9739
-20.4275	 +1.0077	+30.1444	 -3.0376	 +0.7531	 -1.1109
 +2.0555	-16.5837	 -2.7494	 -4.4694	 +1.6450	 -1.1503
 -5.4338	-10.8992	 +4.8129	 +0.0787	 -1.0281	 -0.1478
 +0.8309	 -7.9872	 -7.9312	 -0.2705	 +1.1817	 +3.3751
 +1.0570	 +8.8205	-12.5313	 +3.3444	 +0.3563	 -2.0583
 +7.3782	-10.2525	 -0.1887	 +3.6878	 -1.6094	 -0.7833
 +1.0046	-15.8362	+11.9038	 -1.4841	 -1.4691	 +0.2717
+12.2252	-11.9739	-11.6496	 +0.7586	 +3.1032	 -0.6803
 +7.4460	+39.6091	+14.3655	 +1.8748	 +1.7618	 +2.7675
 -5.9527	 -4.3372	 +9.2492	 +3.6866	 -1.3523	 +0.6054
 +4.0239	 +2.0676	 -0.4481	 +2.0951	 -1.9815	 +0.5985
 +0.7062	 +3.8457	 +2.0845	 -0.7879	 +0.1481	 -1.3457
+10.0008	 -7.3641	 -9.6184	 +2.2739	 -1.4494	 -0.6514
 -7.3864	 +4.8058	 -2.9524	 -1.6014	 +1.8548	 +3.5960
 -6.0239	 -0.2414	 +7.8167	 -0.7574	 -5.2135	 +2.2658
 -7.8539	-17.8473	+14.2784	 -0.3598	 +1.2490	 -2.8640
 -4.2569	+10.1369	 +9.4657	 +0.9981	 +4.7588	 -0.7453
 -4.1355	 +1.8808	 -6.5446	 -3.2933	 +3.5374	 -1.6161
+14.1837	+14.3686	-40.9758	 +0.3143	 -1.2243	 +1.4361
 -5.0348	 +9.7826	 +7.4605	 +0.2272	 -0.7471	 +1.9056
 -4.9470	 -9.4730	 -5.0046	 -0.0208	 -0.2324	 +0.7753
+22.1065	-10.6641	-11.6276	 -3.3642	 -1.5620	 +0.3620
 -3.3562	 +0.0343	+11.4945	 -2.4829	 -2.3390	 -2.1314
 -1.5415	 +2.3447	 +2.3845	 -0.9583	 +0.6462	 +0.4965
 -3.2961	 +4.4114	 -1.4685	 -2.0468	 -1.0094	 +1.4121
+14.4488	 -4.6034	 -1.5504	 +0.0297	 -1.5782	 -0.6314
-127.4697	-83.1498	+207.5316	 +0.6897	 -0.6015	 -0.0156
 -7.7435	 +5.1660	 +8.4365	 -1.0558	 +0.9320	 +1.3469
 -5.5958	 -9.3111	 +3.9763	 -0.9185	 +1.3173	 -1.9209
+10.1823	 -7.7864	-17.7528	 +2.0923	 +0.2585	 +0.1706
 -1.7249	 -6.6387	 -4.9027	 +2.7517	 +0.9017	 -4.6612
 -4.8694	 +2.0848	+11.5439	 -0.4545	 +0.4833	 +1.9488
-38.5797	+15.0425	-44.2031	 -0.9387	 -2.0867	 +0.6991
 -5.8606	 +2.9848	 -3.4312	 +0.9617	 -2.7593	 -1.8491
-16.4311	 -3.7770	 +9.1215	 +0.8341	 -2.7042	 +2.9842
+27.9896	 +5.1728	 -2.0993	 +0.4287	 -0.4436	 +1.8250
 -8.3517	 -3.3619	+12.1101	 -0.4964	 -1.4770	 +0.8188
 -8.5679	 +1.9226	 +3.0477	 +2.3256	 -1.5428	 +0.1302
 +7.4024	 -6.9360	 +0.9245	 +0.9860	 +1.0256	 +1.6103
 +7.2427	 +1.5437	 -3.9224	 +1.5501	 -1.3980	 +1.0254
 +4.4476	+20.5641	 -6.3237	 +0.2471	 -0.7433	 -0.4032
 +0.0385	 +9.1960	+12.4655	 -0.4812	 +2.6323	 -0.2190
-11.9407	 -2.0696	 +8.1383	 -2.7827	 +0.4264	 -1.9616
+15.6498	 +2.8687	 -5.0387	 +0.3234	 +0.4598	 +0.9640
-22.6099	+105.8521	-25.7247	 -1.9217	 +9.8812	 -2.4441
 +0.3319	 -4.3127	 +2.6358	 -0.2950	 +3.4237	 -2.3710
 +1.1971	 +6.2077	 +8.8655	 +1.0551	 -0.0815	 +2.0872
+19.1991	+19.5560	-28.5162	 -1.8454	 -1.7644	 -1.5065
-18.9045	+16.3021	 +2.8581	 -1.5866	 +0.8644	 -0.7596
 +7.1407	 -5.3935	 +3.8431	 -2.8384	 -1.1957	 +1.7379
 +6.8145	-82.0838	-45.8545	 +0.7937	 -7.6381	 -4.2353
 +1.2737	 -1.7989	-12.1875	 +2.5618	 -3.9183	 -1.5729
 -8.7263	-22.7534	-18.7153	 +2.5194	 -0.0269	 +1.0766
 -7.4301	+10.3856	-10.8614	 +2.4913	 -2.1639	 -1.5586
 +1.9419	 -3.4760	 -1.5851	 -3.4001	 -0.9798	 +1.7597
-31.5169	 -7.9078	+37.0144	 -1.3120	 +0.4574	 +0.9812
-22.4796	-48.8958	+46.1253	 -0.3139	 -0.7607	 -0.0829
 +4.0107	 -9.1304	 -3.2350	 +2.3398	 -0.4685	 +0.6279
 +7.0223	 -4.3479	 -4.6689	 -1.8618	 +3.5558	 +1.5473
 +1.9369	 -4.8134	 -9.4404	 +1.3837	 -0.9469	 +2.1244
 -7.6535	 +0.0376	 -0.1076	 +5.4754	 +0.5260	 +0.4303
-37.1243	+42.1440	+26.7575	 -2.2216	 +0.2904	 +1.2936
-15.4040	-12.8318	 -6.6870	 +0.3804	 -0.6242	 -2.5755
 -7.6789	 -6.9224	 +1.8172	 -2.8241	 +0.6570	 -1.5781
+19.3899	-10.6960	 -7.2149	 -0.5737	 +0.7795	 -3.7561
+14.2347	+21.8205	 +1.4501	 -0.2339	 -2.0844	 +0.8166
 -7.3183	 -1.7793	 -0.9481	 +0.8969	 -0.2689	 -1.0173
+11.4559	 +3.5208	 +2.5981	 -1.3065	 -1.5990	 +1.7803
 +1.0577	+10.2827	 +5.9035	 -0.9849	 +1.6245	 -2.9047
 -1.3409	 -4.5420	 -9.8332	 +0.7049	 +2.1268	 +3.9052
 -5.5105	-16.4174	 -0.9052	 -0.0170	 -4.0680	 +0.5637
 -4.4654	 +7.8579	+23.5917	 +0.2222	 +2.6075	 +0.5453
-27.2548	 -7.2055	 -2.0652	 +1.1363	 +1.2730	 -0.0163
-22.5530	-12.0851	-10.6849	 -1.5171	 -0.9907	 +3.1868
+10.2790	-41.0030	+32.6435	 -1.3327	 -1.7564	 +1.3725
 +5.2318	 +1.3452	 +1.1279	 +2.7525	 -1.9410	 +0.0303
 -6.1878	 +5.9255	 +5.7650	 -3.6290	 +0.8091	 +1.7349
+10.1176	 +6.7770	 -2.7326	 +1.0742	 +3.0982	 +1.0926
-10.4848	 +7.3745	 -6.0610	 +2.0446	 -0.5624	 -1.5078
 -7.2425	 -3.8039	+10.8371	 -2.3604	 -2.6263	 -2.0671
+23.1221	+18.2807	-15.9022	 +0.2933	 +1.0928	 +0.9642
 +4.1564	-17.4287	 +2.7517	 +1.6412	 -0.8052	 -3.8794
-14.6665	 -0.3619	+12.7208	 -3.1112	 +0.5781	 -1.5597
 +2.1195	+17.1282	-10.7958	 +1.3699	 +0.0581	 -1.5218
+49.2377	+36.4027	+107.7372	 +1.3015	 +0.3202	 +2.3853
 +0.6223	 -4.2418	 -8.8483	 +0.0289	 +2.7090	 -1.6269
-10.5926	 -5.4675	 +5.5335	 +0.9329	 -0.6696	 +2.4158
-10.5361	-12.3586	 +1.1246	 +1.0532	 +0.4903	 -2.7031
 -3.5659	+12.6154	-11.4462	 -0.1597	 -0.4361	 +0.4584
 -4.4245	 +7.8764	 -4.6996	 +0.1813	 -0.8460	 -4.6973
 -3.5687	 +0.6882	 +7.5650	 -3.2607	 +2.3269	 +3.2893
+13.6079	 -1.8707	 -3.5379	 -1.9454	 -0.7656	 -1.9763
 -0.8962	 +8.4138	 -7.5045	 +3.6664	 -1.3862	 +1.0634
-232.7161	-37.0725	-47.6438	 -7.1049	 -1.0616	 -1.7639
 +9.4423	-16.1117	 +6.9173	 -0.6254	 +0.3344	 -2.7614
 -7.3330	 -3.6513	 -4.6918	 -0.8688	 -0.4564	 +3.9333
+40.9757	+11.6816	 -3.7773	 +1.2780	 -0.7572	 -0.9775
 -6.5151	 -1.0648	+13.2278	 -0.0481	 -2.8011	 +3.6271
 -9.8892	-11.6843	 +4.9093	 +2.0494	 +0.3169	 +2.3320
+66.8090	-26.5570	-62.5143	 +0.0542	 -0.3154	 -1.6669
-13.5519	 -1.4068	 -8.6444	 +0.3779	 -2.2706	 +0.7167
-28.6114	+26.4007	-18.8273	 +1.8150	 -0.3289	 +1.5341
 +6.3348	 -2.1392	 +2.8714	 -1.1951	 -1.4271	 -2.7864
-14.5250	+14.9913	 -1.0241	 -1.3351	 +0.3514	 +1.3842
-15.3257	-16.3697	 +1.0027	 +2.0652	 -2.2692	 -0.0916
+15.5796	+15.5908	 +4.0777	 -1.5897	 +0.5208	 +0.4865
-13.4263	-14.5356	 -5.1101	 -0.9592	 +2.3914	 -0.8767
+11.0040	 +3.7327	 -5.5245	 -0.1969	 -4.3711	 +2.3306
-30.2771	-22.1109	+11.1121	 -0.7195	 +1.4627	 +1.5875
 +3.9833	-67.7844	+38.4588	 -0.8709	 -0.3014	 -1.6268
 +7.6677	 -3.2186	-10.2945	 -1.9635	 -0.4865	 +0.7892
 -2.0039	 -6.3845	 -5.7845	 +3.0884	 +2.6995	 -1.4969
 -1.8488	 -7.9064	 +2.2068	 -0.7535	 +0.7911	 +0.2693
 +9.6582	 +7.0219	 +8.7657	 +1.3676	 +2.5726	 +2.0281
 -4.4451	-14.7499	+14.1600	 +1.1485	 -0.2232	 +1.0750
 -5.8403	 -0.1779	-24.1136	 -1.7400	 +1.1630	 -2.3420
 +9.7370	-11.9690	 -7.0031	 -1.1731	 -3.4784	 +0.1621
+17.5751	-28.7940	+25.7654	 -0.1781	 -0.0600	 -0.1597
+14.4576	-28.8011	 -3.9109	 -2.0326	 +0.0863	 +1.3677
 -7.7279	 -3.3203	 -3.7297	 +0.4358	 -1.1412	 +3.1340
-25.5484	 +4.6005	+51.1867	 -2.3045	 +1.6202	 +3.1839
 -2.3479	 -5.7283	+16.2759	 -0.8300	 +0.9521	 +1.4313
 -0.3510	 +1.4087	+11.4900	 -1.1501	 +2.1302	 -0.6198
-10.6286	-15.7576	 -2.0493	 +0.0398	 -0.2246	 +0.3378
 +1.4359	 -3.9498	 -5.0097	 -2.7339	 +1.1403	 -0.6066
 -0.6991	 +7.3195	 -0.9491	 -2.1298	 -3.6616	 -1.3638
 -7.7180	 -6.2749	 +1.6722	 -2.3824	 -2.4280	 +2.1328
+17.7362	+52.5436	 -1.0733	 +0.3146	 -0.1543	 +1.3312
 -6.5209	-19.6639	-13.2884	 -0.4890	 +1.2020	 +1.7042
 -7.8523	 +9.2345	 -4.3979	 +1.5238	 +1.1006	 +3.5181
 +7.5152	 +5.6365	 -3.7272	 +2.7809	 +1.0006	 -3.8701
 -9.1777	 -7.6981	-10.2958	 -0.0608	 +1.1271	 +3.8299
-10.3979	-11.5215	 +6.3015	 +1.7219	 +0.2359	 -1.1507
 +3.9819	 -0.3329	 +7.4910	 +1.8310	 -1.8418	 +1.7426
 +5.5141	 -6.3589	 -2.5074	 +0.0630	 -3.2435	 -4.1128
+28.7597	+20.1354	-20.9305	 -0.7290	 +0.9115	 -1.7809
 +3.0585	 +2.0302	 -2.2082	 -1.4600	 +1.9425	 +1.0398
 -9.4691	 +4.5227	 -2.7871	 -0.5950	 -1.4888	 -1.2534
-120.9714	+173.9221	+24.9339	 -2.1010	 +2.9587	 +0.4957
 +3.5184	 -1.0237	-10.2360	 +1.6794	 -1.6789	 +0.0197
-33.2484	+11.7052	-35.6659	 -5.6915	 +1.1535	 -7.1003
+15.8355	+17.9076	-25.6896	 +1.1414	 +1.5866	 -2.9288
 -3.6855	+30.4153	+22.9464	 -0.9532	 +0.9916	 +0.0284
 +1.4959	 +7.9703	 +5.2572	 -1.0618	 +0.1034	 -0.8964
 +3.6699	 -8.4609	 -2.3883	 +1.9172	 +0.6737	 +1.1761
 -4.7916	 -2.8183	 -0.6163	 -1.9755	 -1.3694	 +1.0984
+23.5964	+39.4954	+57.7660	 +0.2946	 -0.0979	 +0.7538
 -4.9662	+63.3335	 -1.1440	 +0.0827	 +0.8432	 -0.3504
 +3.8855	+14.1629	 +3.6184	 +0.6138	 -1.5552	 +2.8514
 +0.8375	 +1.0718	 +1.3346	 +0.7126	 +0.4674	 -2.4737
-10.6249	 -3.9612	 +5.2916	 -0.4248	 +1.2012	 -1.8684
-19.9965	+31.6604	 -1.4003	 -0.5293	 +0.8301	 -0.6136
 -5.7156	+32.6922	 +0.2454	 -0.2099	 +1.8381	 +0.1644
-12.9598	 +8.0488	 -1.8301	 +1.7835	 -1.1548	 -2.4107
-103.9612	+84.7314	-58.6160	 -1.9500	 +1.4167	 -0.7948
 +1.5876	 +6.3810	-15.3258	 +0.8169	 -1.4934	 +1.2956
+17.9102	 +7.5575	-19.2011	 +1.2976	 -2.0965	 -3.6871
 +2.2460	-24.6835	-19.7642	 +0.8707	 +0.9435	 +0.9650
-37.7858	 +3.9968	-73.2551	 -0.8689	 +0.7468	 -2.6156
+16.1182	-14.7617	-13.3573	 -0.2606	 +0.4701	 -0.2820
 -0.2425	 -9.1069	 -9.3846	 +0.4134	 +2.4988	 +0.7708
-108.5716	+74.2252	 -5.2353	 +0.5278	 +0.1620	 +0.3909
+10.7109	+10.7077	 +6.1084	 -0.7052	 -0.3987	 -1.8523
 -1.3220	 +1.7534	 -6.9384	 -2.4476	 -3.7419	 +0.8729
 +4.2566	 -2.8336	-13.2759	 -0.3564	 -1.2328	 +1.7106
 -8.0082	 -4.2970	 -9.0049	 +1.6270	 +0.6436	 +1.4521
 +7.4484	+31.2341	+12.7672	 -0.2546	 +1.7921	 +0.4160
 +6.9378	-23.9965	 +4.9828	 -2.5335	 -0.8770	 +0.3098
 +4.6913	 +2.5661	+11.4855	 -1.0592	 -0.8469	 +2.8818
 +1.1329	+12.9944	-13.4771	 -1.6402	 +2.6983	 -1.3193
-18.1132	 -8.2173	-29.0783	 +0.2537	 +1.7747	 +1.0167
-26.1860	 -4.3557	 -7.9367	 -0.3672	 +1.1904	 -0.2646
 -2.4766	 -1.7490	-16.9522	 +2.0626	 -3.5745	 -3.6636
 -9.7875	 -6.2928	 -0.7462	 +1.2632	 -2.3541	 -1.4458
 -1.6200	 +5.2854	 -3.7416	 +2.3229	 +2.2751	 -1.5001
+32.4750	-32.6197	 -1.7521	 -0.6403	 +0.0774	 +0.4782
 +4.2984	+18.5149	 +0.4757	 +0.2963	 -2.0480	 -2.9182
+17.8331	+39.2866	 +8.0765	 +1.1079	 +1.7664	 +1.1448
 -8.9019	 -0.8824	-18.5929	 -2.5336	 -0.9342	 +2.0724
 -1.6752	-11.4433	 +7.4309	 -2.1202	 -0.7297	 -0.6422
+42.6050	 +5.7990	 -2.1901	 -0.0674	 +0.4411	 -1.4682
-14.3240	 -6.2167	 +2.7180	 -1.4242	 +1.7185	 +0.7543
 -1.0476	 -1.6352	 +2.2325	 -4.4100	 -1.7385	 +2.9051
+35.8479	-12.3023	+52.1566	 +5.0011	 -2.1886	 +6.8065
 -4.0943	 +3.7242	-12.7006	 -0.2024	 +2.9839	 -0.2985
 -7.6070	 -0.5755	+16.2246	 -0.5207	 -0.8530	 +1.6742
 +7.9266	-20.8835	 +0.9476	 -0.6837	 -0.7885	 +1.2290
-56.6763	+44.0909	+24.7353	 +1.1587	 -0.0865	 -0.0383
 -5.6578	 +2.0352	 -9.5391	 -2.1015	 -1.0550	 +2.4996
 +7.9214	+112.1140	-13.8916	 +0.9932	 +0.8347	 -0.5188
+21.9973	+15.5997	 +2.7199	 +1.8274	 +1.2930	 +1.2283
 -1.5288	-16.6066	 +6.6533	 +0.4729	 -0.1599	 +1.4139
 -2.9089	 +3.2432	 +0.9747	 +1.6406	 -0.7638	 -1.6038
+22.7774	+25.1491	-11.3274	 -2.4526	 +1.1947	 -2.2672
+13.1795	-13.5737	 -2.3503	 -1.7599	 +4.3506	 +0.1193
-14.9693	 -6.3876	 +0.8597	 -0.2619	 -0.7111	 -1.7485
-10.1834	 -0.8588	 +8.1738	 -2.4692	 -4.2160	 -2.4202
 -2.8239	+11.8265	 -0.1020	 -0.3761	 +5.4877	 -0.6057
-15.7318	 -7.2818	 -8.8870	 -1.9437	 -2.5904	 -0.5520
-32.9466	+30.6985	 -4.0603	 -2.0828	 +1.8408	 -0.7185
 -1.2696	 +7.3482	-10.9205	 +0.6096	 -1.6012	 -2.8637
 -2.7246	 +3.4008	 -0.3487	 +3.9201	 +0.8497	 -1.7156
 -4.8024	-11.2117	-23.5071	 -0.5601	 +0.7982	 -1.1272
-11.1396	 -2.3192	 +1.7827	 -1.8159	 +3.2503	 -4.0835
+11.7946	-20.5435	+17.5731	 -0.6200	 -2.2732	 -1.5168
 -1.6388	 +1.7027	-10.0857	 -0.7581	 -0.3232	 +1.2994
-365.8735	+85.3620	+131.3521	-13.5299	 +3.3627	 +5.2541
-11.9575	-74.5897	+28.7253	 -1.2409	 -3.4398	 +1.3422
 +7.3213	+11.1205	-17.8124	 +0.8894	 +0.7475	 +0.2545
-14.8285	-25.7117	 +2.0406	 +0.8157	 +1.2969	 -1.5100
+10.0328	 +2.3661	 -1.5342	 -0.9403	 -0.1258	 +1.1316
+15.2173	-11.0319	 -1.8520	 +1.8004	 +1.2639	 +0.9418
 -4.9336	 -1.6033	 -1.4287	 +0.9153	 +5.0329	 +1.4762
 +7.8308	 +5.9939	-20.9053	 +1.5194	 -0.1100	 -1.7844
-11.3553	-12.2847	 +5.5945	 +3.5430	 -0.7184	 -2.7350
+30.2184	 -5.2824	 -2.4790	 +0.3851	 -1.4240	 +0.4890
 +3.6412	+16.0630	 -6.9662	 +1.6778	 +0.2099	 -1.5841
 -2.2915	 -2.2208	+11.4879	 +0.0733	 +1.3858	 +0.7714
+15.7920	 -0.3433	 +5.5495	 +1.9887	 +1.7007	 +1.5934
+22.5971	-27.7047	-14.5145	 +0.8221	 -1.7627	 +1.6670
 +7.0668	 +0.9859	+16.0994	 -0.5075	 -2.3873	 +0.7909
+23.2095	 -9.8887	 +0.8101	 +0.0590	 -2.5677	 +0.3219
 +1.9959	+16.2073	+14.0739	 -1.0911	 -0.5818	 -1.1178
+27.9976	 -9.5002	-13.0463	 -0.5759	 +0.0799	 -0.4468
-29.2033	-25.9161	 -7.6848	 -1.1619	 -0.2595	 +0.0097
 +2.6730	+18.0735	-16.9362	 -0.7682	 +0.8901	 +3.0012
-12.4981	-14.4091	 -4.1050	 -1.8691	 -0.6784	 +3.7066
-40.9223	+27.7074	+27.2044	 -1.4836	 +0.5833	 -0.7627
+30.9509	+30.1045	-36.8422	 +0.2628	 +0.3543	 +1.0626
+16.7505	-11.5772	 +8.0713	 +1.3955	 -1.2981	 +0.7424
-10.3172	 -4.3723	 +0.6627	 +3.4391	 -0.7001	 -1.2614
-27.8016	 +8.4899	-23.6206	 +0.2738	 -0.7474	 -1.1787
+17.1613	 -7.4632	 +1.4516	 -0.9347	 +1.1770	 +0.6154
-12.2917	-13.1212	 -1.5569	 -0.1098	 -1.2211	 +0.8360
 +0.0865	 +0.9932	 +1.4356	 +0.1809	 -0.1661	 -4.8271
 -4.6613	 +6.5560	 -9.4234	 -2.2571	 +1.7281	 -0.5891
-11.3127	 +7.8084	+10.9227	 +0.3904	 -2.5606	 +2.8704
 +4.3275	 +7.3115	 -4.1577	 +0.0643	 -1.9709	 -2.4400
 -5.9610	 +4.2018	 -4.5320	 +3.0863	 -4.0359	 -0.9219
+14.3688	-39.6695	+17.8981	 -1.3141	 +1.0104	 -1.1911
-22.9037	-12.9281	-18.2709	 -1.2465	 -1.0121	 +1.1200
 -2.1496	 -0.2954	 +7.1507	 +1.7414	 -2.6460	 -2.1120
 -5.5427	 -7.2739	 +0.0292	 -1.2615	 -0.8810	 -2.8605
 -4.8528	 +1.7495	 +4.3520	 +0.1522	 -0.9271	 +3.2055
 +6.0591	 -6.4936	 -3.5214	 +0.1209	 -1.3309	 -0.1488
 +7.6637	 +2.5986	+27.0748	 -0.6199	 +0.5880	 +2.3530
-23.3210	-13.2800	-12.4758	 +1.0435	 -0.2582	 +1.0838
+139.2307	+60.2113	-11.1370	 +4.8209	 +2.2495	 +0.1752
 -5.9360	-13.5740	 -2.7019	 +0.0990	 -0.3109	 +3.6554
 -7.3166	+27.8376	 -2.3692	 +1.8431	 -1.2920	 -0.5082
+11.0923	-17.0495	+17.1769	 -2.0623	 -2.0147	 +1.4266
+15.3704	-36.6514	 +4.4631	 +0.7370	 +0.7054	 -0.2811
+12.5043	 -9.6003	+17.4385	 +0.5096	 -0.0658	 +4.1913
 -4.8149	+35.7883	+16.1145	 +0.6479	 +2.0339	 +0.3538
 +2.1330	 -2.9362	 +9.2957	 +3.8026	 -0.9800	 +0.5714
 +1.0425	 +3.4081	 -5.1735	 +0.7723	 -0.2443	 -2.0454
 -6.3588	+84.1315	-44.1725	 -0.8189	 +4.0989	 -2.1237
-16.0778	-10.0792	-28.1731	 -1.9685	 +1.9891	 -0.2782
 -1.2620	+12.7383	 -5.9688	 +1.6739	 +3.9392	 +0.7889
 -4.8033	-14.6135	-13.7779	 +1.4794	 -1.5256	 -1.9729
 -3.4363	-15.7349	 +3.4458	 -0.2293	 -1.2425	 -0.1648
 -5.8109	 -5.3033	 +3.8996	 +1.9434	 +1.7454	 +2.6273
-11.5074	-15.0098	 +4.6519	 -0.3239	 +2.5658	 -2.1721
 -3.2835	 -3.5605	+10.2335	 +0.8609	 +2.3598	 +3.3120
+22.7888	+16.2612	 +0.4895	 +1.3352	 -0.5111	 +1.9218
+15.2440	 +0.8260	 +1.1731	 -0.3559	 -4.5537	 -2.1141
+12.1312	 -4.1983	-20.8378	 +1.9155	 -1.2440	 -1.3206
 -2.1026	 +6.1781	 +3.5856	 +0.0269	 -0.9715	 -4.0531
 +0.6621	-12.6147	 -2.4432	 -0.0327	 +2.6960	 +3.2492
 +0.5238	 -7.9260	 +3.9535	 -2.6559	 +0.1641	 -1.3803
 -1.8396	 +3.5542	-10.1715	 +1.5401	 +1.5212	 -5.8876
+13.4149	 -5.8043	 +9.8776	 +0.8925	 +0.9106	 -0.4466
-11.0765	 -8.4456	 +5.2833	 -0.8692	 +3.6746	 -0.7195
 -1.8133	 -7.1703	 +8.3178	 +3.6582	 -1.8780	 +2.4232
 -9.3336	+15.8777	-18.3559	 +0.7171	 +2.4373	 +2.7869
 -7.5312	 +1.5994	 -9.5377	 -0.5224	 +1.9949	 -2.3944
+51.5229	+60.1864	+49.5970	 +0.7622	 +1.2105	 +1.4954
 +8.5966	 -4.4095	 -1.2496	 -2.9714	 -0.9218	 -3.4893
 -1.8864	 +2.0182	-20.0573	 -2.6234	 -0.6544	 -1.0373
-17.2508	+27.7696	 +4.5281	 -0.9134	 +0.4791	 +0.3390
 -6.4684	+27.7978	 +2.1445	 +2.3164	 +0.8214	 -2.6816
 -3.6847	 +4.4792	 -8.6211	 -2.5784	 +1.1631	 -0.2528
 -7.6756	 +0.8871	-11.1493	 -2.0112	 -0.9962	 -0.6788
 -6.3018	 -7.7834	 -3.1590	 +0.2054	 -0.6311	 +2.6440
-14.9505	 +9.2164	 -3.7050	 +3.2909	 -0.9395	 -0.9044
 -6.0143	 +2.2367	 -2.8200	 +2.8701	 +3.1729	 +2.4679
 -1.5408	 +0.2937	 -2.9557	 -1.4132	 -2.2609	 +1.3234
 -8.6378	-11.2997	 -2.8820	 +1.3191	 -2.9817	 +0.1227
 -9.3252	 +5.0922	-12.3196	 +0.1387	 -4.1682	 -1.0473
 -2.7995	 +4.8054	 +4.0518	 +1.8814	 -0.4909	 +2.1928
-439.8053	-133.6044	+366.8571	 -9.3346	 -2.8057	 +7.9082
 -2.1941	 +9.1109	 -6.0026	 +1.8019	 +3.6031	 -0.9997
 -2.2683	 -1.0850	 -2.2188	 +0.4472	 -2.5532	 -3.9571
 +5.8833	-16.2830	+10.9805	 +2.0250	 +0.5381	 +0.6455
 +1.3620	 +1.0416	 +3.0290	 -0.7712	 -1.3819	 -4.7493
-33.4833	 +6.9229	 +6.9418	 +0.3867	 -0.8152	 +0.0266
 -4.7910	-22.8291	 +4.4819	 -1.4028	 -1.2854	 -1.1444
 +1.4528	-11.1042	 -2.9396	 -2.0920	 -4.7383	 +1.3426
 -3.8950	 -0.3121	 +0.7892	 -3.3176	 -0.3887	 +1.4049
 -2.8028	 -7.4227	-15.6979	 +1.3489	 -3.0704	 -2.7622
 +6.5329	 -4.0728	+25.2241	 -3.5757	 +0.1363	 -0.4507
+18.9014	+31.9782	-19.9315	 -0.2067	 +0.6486	 +0.4814
 -0.7968	-10.2461	 +0.9274	 +2.2032	 -1.0145	 +0.2914
 -1.9251	 -4.8105	 +1.9902	 -1.1152	 +0.5613	 +1.1661
 +4.7366	 -1.9611	 +7.1258	 -1.6590	 -0.7191	 +0.8529
 -1.4212	 -6.4144	 +2.7198	 -1.1706	 -4.5441	 -3.1599
 +8.6870	+16.5104	+18.6076	 +1.5950	 -2.7499	 -1.5801
 -3.6056	-11.3396	 +2.9888	 +1.5700	 +1.9684	 +1.1321
-11.0569	-28.3808	 +8.9809	 +0.4442	 +2.6882	 -2.8261
 -1.0999	 -5.4016	 +3.4511	 +0.6377	 +1.1228	 +1.2309
 -6.1064	 +5.9379	-33.7555	 -0.5734	 -0.2012	 -0.1260
 -9.6518	 +6.9356	 +7.5323	 +0.2256	 +1.6269	 +1.3773
-19.6314	 -0.2691	 +6.9820	 -2.2478	 +0.2418	 -0.2023
-59.2883	 +6.4005	-37.3061	 -0.5955	 +0.1448	 -1.4747
+80.0676	-43.7840	+28.3275	 +1.0898	 +0.6647	 -0.6506
+70.8279	 +6.0562	-56.9026	 -1.5764	 -1.3258	 -1.1776
-34.0523	+21.3687	 -6.6795	 +1.9393	 +1.5134	 +0.6107
 +5.1810	-19.7770	 +4.2539	 -4.7832	 -1.5838	 +1.3710
-13.5278	 +6.2256	+10.6038	 +1.2633	 -0.3955	 -0.8332
+12.7353	-11.4395	 +2.8498	 +2.1756	 +2.2399	 -0.4379
 +3.4664	 -7.6730	+61.4618	 +0.9213	 +0.1150	 -1.0405
+20.0415	+82.8202	+12.9945	 -0.2282	 -0.2226	 +1.5560
-57.3342	-17.6555	 +3.3615	 +0.1747	 -0.3303	 +1.3625
-24.9664	 -0.2184	 -4.7694	 +0.8993	 -2.5879	 -1.9441
+23.4384	-13.0472	+10.0691	 +0.4146	 -0.3628	 +1.0667
-12.6121	-13.3469	 -5.3888	 -2.8752	 -0.8408	 -0.4662
 +9.6931	 -7.7402	 -4.5909	 -2.4810	 +1.3782	 -1.8983
 -4.2156	+11.0108	 +0.3671	 +0.9289	 -3.5373	 -1.8985
-13.4432	 -1.6735	 +0.0172	 +0.8622	 +2.5491	 +3.0707
 +4.0000	-10.3830	 -0.2769	 -0.6002	 +3.0571	 +0.5652
-18.6178	-24.4739	+22.7021	 +0.6434	 -0.2564	 -1.4001
 +8.6651	 -0.4951	-17.6809	 +0.5827	 +2.7023	 -0.7749
-35.7602	 +0.9323	 +4.2649	 -1.1574	 -0.8397	 +1.5191
 -6.0526	 +1.3332	 -4.2652	 -1.2768	 +2.9747	 -2.6968
 -2.0901	-11.3380	-35.9269	 -0.2717	 -0.3658	 -2.1957
 +6.8161	-14.4091	-13.9394	 +0.7004	 -1.1870	 -0.6029
 -2.2036	 +0.4671	 -3.0921	 +2.0948	 -3.7536	 -0.3639
 +8.2469	 +2.6687	 +0.0354	 -4.8784	 +1.0829	 +0.2889
+24.6110	-13.1308	-73.3495	 +0.8699	 -0.6754	 -1.9381
 -9.9308	+17.7416	-10.6207	 +0.3471	 -1.6008	 -0.7831
 -4.9249	-11.8213	 -0.9315	 -0.0984	 +2.1690	 +2.3977
 +3.0798	-10.0312	 -8.4730	 -1.3446	 +1.6749	 -0.4685
 +0.1265	+10.7783	 +5.9126	 +2.4579	 +2.7243	 +2.0834
+62.7976	-29.2792	-36.6235	 +0.0597	 -0.4237	 -0.9866
 -7.9629	+13.5028	 +1.4678	 -3.5163	 -0.0460	 -1.0991
 +5.1857	 +2.0413	 +4.0955	 +1.8815	 -4.9997	 -1.2741
 -6.7365	-15.5188	+25.9980	 +1.5598	 -2.5200	 +3.1308
 -9.9371	 +3.1165	 -8.2927	 -1.4723	 +3.5987	 +0.2935
+15.7876	 -1.9634	+23.3474	 -0.4736	 -3.0425	 -2.5875
-12.0162	+20.4240	-37.0140	 -2.2272	 +0.9859	 -1.7729
 -3.7580	 +2.6533	 -5.9685	 -1.2227	 +3.5731	 +3.5553
+22.7768	-31.9899	-58.0543	 +0.2821	 -1.7919	 -0.9827
 +8.0642	-72.9457	-29.0900	 -0.4526	 -1.0263	 -0.2023
 +0.5071	 -9.1153	 -3.2191	 -2.3665	 -0.1338	 -0.5807
 +5.1837	+20.9317	 +9.1412	 -2.5988	 +0.3329	 -1.1541
 +3.5833	 -9.8009	-13.2257	 +3.4417	 +0.6479	 -0.2692
+10.4440	 -2.3769	 +6.7030	 +3.6855	 +0.5237	 +1.1079
 -3.4971	 -3.3589	 -7.4553	 +0.0068	 +0.5403	 +3.5439
 -3.2088	-26.5592	-11.2992	 -2.2917	 -1.0183	 -1.1494
-10.4830	-90.1445	+109.3235	 -0.3005	 -0.9174	 -0.5008
 +1.3854	-34.3859	+23.5308	 +2.5401	 -2.6702	 +1.7877
 +2.9645	+25.0500	 +5.9538	 -1.6015	 +1.7866	 +1.6589
 +2.5719	 -5.9152	-17.6979	 +2.4900	 +0.2809	 +0.3058
 +8.1313	-11.5132	-14.0890	 -0.1601	 -1.8752	 -1.3827
-27.3473	-14.5176	 -0.4538	 +1.8181	 +0.9425	 +1.2869
 -0.0980	 +8.0182	 -8.5686	 -0.8812	 +1.9719	 +5.0476
+15.7380	 -5.1959	-95.1046	 +0.8371	 -0.3773	 -1.5379
 +8.3045	 -9.0746	-26.5557	 +2.2804	 +2.1405	 -0.3137
+14.7998	 +0.3427	 -1.2707	 -0.7791	 +0.6758	 +1.2237
 +5.2113	 -2.9664	 +1.2846	 -2.9570	 +1.0668	 -1.7726
 +0.0319	 -0.9273	-23.9977	 +2.3863	 -1.6252	 -0.6050
-13.3887	-18.4156	 -7.5390	 +1.5562	 -1.6737	 +0.1904
-17.8113	 -2.3999	 -7.1795	 -0.2225	 +2.8020	 +2.6085
+47.6340	-14.9737	 +1.8383	 -0.1046	 -0.1799	 -0.1296
 -9.3119	+14.9212	-16.1498	 -0.3860	 -1.3678	 -2.8870
 +9.9638	-17.8571	-30.1223	 +0.2803	 -2.7064	 +0.5759
-43.1921	+59.8150	+47.7640	 -1.7772	 +1.5328	 +2.5493
-207.0841	 +4.3077	+241.2688	 -5.8842	 +0.1976	 +7.0480
 -3.6914	-19.6160	 +4.3399	 -1.1494	 -0.7813	 -1.4767
 -0.0284	-14.6553	-10.6956	 -1.5216	 +1.0910	 +1.1969
 -2.7319	 +5.3084	 +1.2901	 +3.2848	 -1.5288	 -1.9760
-11.7102	-10.5968	-42.0116	 -1.5752	 +0.3498	 +1.8800
 -6.5854	 +5.3026	 -8.2668	 +1.5489	 -2.1673	 -0.1176
-12.4802	 -2.0663	 -0.7469	 +0.2257	 +3.0350	 +1.4141
 +5.7350	-10.6825	 -5.5917	 -0.6406	 -3.8464	 -2.3808
-15.4597	 -1.1161	 +3.1827	 +3.4089	 +1.3080	 +0.3022
-19.5074	+14.8506	 -8.4261	 -2.7056	 +0.0470	 -0.1006
 -1.1325	 -8.6367	+10.7406	 +0.7719	 +2.1071	 -1.7655
-19.0881	+10.7502	-10.2801	 -2.7791	 -1.2024	 +0.7289
 -5.9831	+13.6912	 +2.4074	 +1.0957	 +3.0047	 +2.2360
 -3.0925	-24.3037	 -8.8099	 -0.0633	 -0.7028	 -1.6196
+11.2741	-11.2171	 +1.1200	 -1.2099	 +1.7759	 +3.6420
 +1.0830	 -2.4354	 +3.8632	 -1.4588	 -2.1787	 -0.7968
 +8.1663	 -1.8520	 -7.0995	 +0.1892	 -1.2673	 +1.7660
 -6.4732	 -3.9065	+14.1326	 -1.0611	 +1.5090	 -2.8613
 -2.0608	 -0.7450	 +4.4037	 +2.2853	 +3.0141	 -2.6194
+30.0841	-15.2074	+18.4264	 -1.4261	 -0.1489	 +0.5567
 -6.2002	 +4.5566	-11.2540	 +2.7861	 -1.7594	 +2.5345
+10.3252	 +5.6670	 -3.3953	 -2.9682	 +1.8862	 -2.7128
+15.7241	+10.4506	 +9.6056	 +3.0987	 -0.4587	 +2.5112
+496.6865	-192.8181	-348.6277	+13.2738	 -5.2003	 -9.4846
 -7.4326	 -1.7301	 +4.6162	 +8.4801	 -3.3689	 +8.9961
 -9.7621	 +6.9554	+30.6228	 -1.3984	 +1.6479	 +1.1926
 -3.0676	+10.5328	 -1.9791	 -0.5145	 -1.4337	 -2.7522
 -1.1059	-23.3115	-26.8402	 +0.9188	 +1.5682	 -2.9691
+11.3843	-28.1965	-15.9232	 +1.4048	 -2.1740	 -0.9923
 -2.1804	-16.5609	-11.7544	 +1.3999	 -2.2796	 -3.2223
+22.9313	+140.7163	+28.0413	 +0.5622	 +4.0839	 +0.4235
+51.6608	-51.8283	-25.7521	 -1.7557	 +0.2456	 -1.6086
 -2.5010	-25.1787	 +7.6590	 +1.8797	 +1.5241	 +1.3787
 +1.4371	 -2.8030	 +8.3160	 -1.7644	 +2.4566	 +2.6120
-10.8889	-14.2867	 +0.5678	 +0.1251	 -1.4001	 +1.5212
 -2.7506	 +4.9919	 -3.9634	 -2.5322	 +0.2615	 +4.1971
 -1.0447	 -3.2332	 +2.4102	 -2.3629	 -1.7140	 -0.1597
+15.0791	+11.7067	-16.6714	 +1.0100	 -0.3540	 -1.3554
 -4.5767	 +5.3591	 +3.0922	 +2.7597	 +1.1702	 +1.8409
+10.2377	 -6.3066	-10.3222	 +0.1562	 -0.4963	 -3.9205
 +1.7882	 -1.0070	-18.4463	 +3.1723	 -2.0435	 -1.7095
 +5.6603	 +0.9067	+51.1703	 -0.3516	 -0.6939	 -1.7790
-56.6818	-85.2958	-119.9674	 -1.2418	 -1.9431	 -2.6232
+30.2489	 +8.6011	-50.5476	 +1.1547	 +0.2972	 -2.5961
-10.0400	 -2.8028	 -8.5522	 -4.5340	 -1.7974	 +0.0615
 +6.0721	 +5.9560	 -7.0892	 +0.8155	 +2.8121	 +3.8455
 +7.9624	+10.3346	+25.9031	 +1.5076	 -0.7230	 -1.3205
 -8.0027	 +8.1090	-17.9697	 +2.1235	 -1.0398	 +2.3459
-101.0065	+47.0457	-38.1946	 -0.3037	 +0.0952	 -0.5463
 -5.6654	 +3.9939	 -2.8033	 -2.4902	 +3.2038	 -3.4503
 +4.4644	 +1.9120	 -1.3392	 +0.0770	 -5.2459	 -2.1743
 -5.8972	 -4.0861	 -0.8968	 -5.4572	 -1.8671	 +2.6269
 +3.4110	 +5.1352	 -5.2491	 -2.2016	 +0.2248	 +1.4078
-10.4677	 +7.0859	 -2.7291	 +3.0226	 -0.0906	 -0.4277
-15.6173	 -5.2185	 -1.1914	 -1.4794	 +3.2105	 -0.4497
 -6.8300	 +2.9088	 -0.3423	 +4.1233	 -0.2044	 +2.9123
-34.4535	-156.3257	+19.5856	 +1.3140	 +0.6162	 -0.1793
 +2.5215	 -6.9587	 -2.0525	 +1.1084	 -1.4907	 -0.2427
-16.0893	 -8.0882	+10.5828	 +0.1063	 +1.8228	 +1.7482
 -0.6235	+12.7543	 -1.9997	 -0.7105	 +2.4048	 +0.0256
+13.0288	 -7.2994	 -2.8325	 +2.9321	 -0.7675	 -3.2516
 +3.3537	 +1.7332	 +8.3716	 +4.2086	 +1.7309	 -1.7346
 -6.4400	 -0.0182	 -2.6018	 -1.8357	 -0.0242	 -0.1356
 -8.9232	+12.4285	 +7.3747	 +1.3026	 -1.3339	 +0.5621
-20.3280	+32.1911	+12.9323	 -0.9786	 -1.6915	 +1.8995
 -2.7515	 -8.7590	 -5.2472	 +2.3334	 -0.9989	 +2.4623
 +4.1012	 +6.3832	 +5.8736	 -0.4324	 -2.2150	 -1.7708
 +6.8706	 +3.7596	+15.8998	 -0.5294	 +1.3919	 +1.6178
 +6.9405	-16.7187	 -5.7259	 +2.8905	 -2.9151	 -1.1662
 +5.0072	 +0.0882	 -1.6394	 -2.1375	 -0.8664	 -0.2298
-12.1160	 -6.3371	 -7.1604	 +1.3830	 +0.0843	 -1.8383
 +0.1434	+15.1114	 -7.5250	 -1.0027	 -1.4110	 +3.8670
-15.5010	 +1.4248	 -0.4581	 +1.3816	 +1.9764	 -0.5076
-17.2318	 -3.5331	+14.5684	 -1.8188	 +0.2847	 +0.5749
 +7.9710	+20.2928	 +2.1462	 +2.9816	 +4.3207	 +2.9443
-52.7610	+49.0706	-58.6709	 -0.8152	 +0.4991	 -0.2803
-15.0318	-22.6860	+21.5500	 +2.3725	 -0.3576	 -1.9719
+17.3713	 +5.6631	 -2.3693	 +0.3544	 +0.0941	 +1.5646
 -2.1727	 -2.8348	 +3.7524	 -2.2762	 +0.8539	 -4.0847
 +7.3119	 +1.4758	 -2.6921	 -0.1955	 +4.3565	 +1.8135
-12.4832	 +6.5327	 +8.6354	 -3.9231	 +3.2277	 -0.5809
+19.9835	+77.1221	-28.4490	 +1.4342	 +0.1444	 +1.7710
-56.2875	+49.5133	+41.4584	 -4.0781	 +2.8725	 +2.9290
-15.6010	 +3.4897	-17.8181	 -0.8541	 -0.3976	 -1.3309
 -1.5113	 -9.0606	 -1.9985	 +0.1933	 +3.8882	 -0.1072
 -2.8546	+16.2798	 +4.9498	 +0.9081	 -1.8037	 -0.8632
 -9.6498	 +3.5557	+24.1691	 -0.0450	 -0.6310	 +1.0475
 -6.7897	 -3.1038	 +3.4138	 +2.1011	 -0.4619	 -0.4430
 -9.4846	-20.4797	+17.9054	 +0.1489	 -0.3636	 -3.6633
 -8.8423	+14.2541	 +1.2227	 +2.7080	 -0.1061	 +0.9021
 -4.3266	+12.6408	 +5.6790	 +0.2252	 -0.0228	 +3.0863
-17.6936	 +1.9022	-13.7021	 +1.0313	 +0.3301	 -0.7836
 -0.3869	 +3.9779	 -1.4445	 -0.8402	 -2.3790	 -5.7652
-28.2962	 -7.7163	+57.5997	 -0.9557	 -1.2057	 -1.8547
 -6.7830	-14.4596	+25.9607	 +1.3032	 +0.6367	 +3.6812
 +8.4995	+17.6807	-12.4003	 -1.0428	 +0.6430	 -1.9672
 -8.5149	 -8.0364	 +3.9110	 -0.8381	 +0.9922	 -1.3499
-24.5618	 +1.9848	 +1.0171	 -2.9957	 +1.0570	 +1.5035
-18.8647	 -8.9142	-10.8566	 +0.4370	 -2.1325	 -4.3891
 -3.1626	+10.4751	 +2.2311	 -1.2877	 -1.4467	 +0.3548
 -7.8655	 -6.8172	+16.0566	 -1.1798	 -2.6040	 +2.2491
+10.6250	 +6.6699	 -3.0320	 -0.0388	 -2.0463	 +3.8404
 +6.4739	 +2.3110	 +0.0664	 +0.0649	 +1.1018	 +1.2706
-21.8084	+15.7165	-47.0228	 -1.7763	 +0.3116	 +0.6458
+11.5289	-11.3738	+22.2476	 -1.2644	 -1.5708	 -1.7923
 +0.1880	 +3.4147	 -9.2641	 +0.6792	 +0.1216	 -2.2655
-12.4654	+12.8327	 +2.0412	 +0.5752	 -1.9430	 +0.1097
 +5.1302	 -5.8542	 +9.1905	 +5.0807	 -1.3680	 -0.2260
 -6.2876	+10.9150	 +9.7214	 -1.7289	 -2.1828	 +1.8013
 +2.0260	-11.6699	+11.0638	 +2.2387	 -0.6215	 -0.1482
 -5.7812	 -3.8881	 -6.8087	 +1.0181	 +3.3972	 +1.9950
-16.0772	-33.2686	 -0.4663	 -1.2223	 +0.5938	 -1.3182
-16.3593	 -0.1556	 +3.8099	 +1.6862	 +0.7075	 -1.4126
-21.7646	 +9.2822	+40.5651	 +1.1092	 -2.2830	 +0.0426
 -1.5465	 +6.3709	 -9.8903	 -0.8309	 -0.8870	 -1.7148
 -5.3338	 +6.5402	 +5.7509	 -1.0807	 -1.8519	 -2.0731
 +7.5828	-204.3188	+148.1807	 +0.1283	 -3.8789	 +2.6467
 -5.0632	 +5.1268	-10.5521	 -0.3716	 -1.1965	 -4.5725
 +2.1433	 +7.9532	 +6.0332	 -4.0567	 +1.3627	 -2.5736
 -7.3033	 -6.0088	 +3.1729	 +1.3545	 -2.2397	 -1.4975
-23.3046	 -6.9045	 -7.4585	 -0.9100	 -0.2745	 -0.3901
-12.0428	-24.6652	 +2.4779	 -0.3213	 +0.1944	 +2.4198
-10.1645	 +3.2235	 +6.0294	 -0.8796	 -0.4622	 +1.0639
 -4.8786	+17.4633	 -2.5141	 -1.5016	 -0.2079	 -1.5645
 -9.3882	 +3.3240	 +2.6838	 -0.3584	 +0.2655	 -1.6952
+37.7568	+11.6156	+10.4484	 -0.1143	 +0.9277	 -2.3795
 -5.8967	 +1.9805	 +1.5233	 -0.0473	 +1.6632	 -1.0906
+16.4071	 +5.2335	 +2.4964	 -0.9064	 -0.2516	 -0.2283
 +5.9773	 -0.7624	 -6.1420	 -2.4535	 +2.3987	 +3.2966
 -3.2081	 -9.5130	 +7.1621	 -1.9482	 -3.3676	 +1.2564
 -9.8574	+12.0012	 +4.2301	 +1.3660	 -2.9549	 -1.2942
+98.2184	 +7.3166	-160.3811	 +2.9265	 +0.3150	 -4.2144
+10.2795	-12.1784	 -4.6973	 +1.0667	 -0.5218	 +3.7450
+10.6158	 -5.7739	 -2.4708	 +2.1269	 +0.2083	 -2.1009
 -5.2246	 +5.3160	 -1.0628	 -1.8450	 -0.8485	 +1.3831
+14.7016	 -4.0124	 -0.7043	 +1.6267	 -0.6397	 -1.4606
 +5.9696	-17.1209	 -0.5326	 -2.9540	 -3.3825	 -0.1812
-26.2501	+19.0698	+27.5833	 +2.7387	 -1.4000	 -1.1565
 -6.8345	-11.9483	 -9.8038	 -3.2878	 -1.7447	 +1.8761
 -7.0516	 +7.0867	 -3.7085	 +1.6954	 +0.8689	 +0.0970
 +0.6941	 -8.2466	 -6.9351	 -0.3226	 +0.9717	 -2.7849
 -1.8478	 -3.8265	 +1.7684	 +1.1821	 -0.8854	 +2.9883
-32.5114	-17.9658	-28.6400	 -1.3055	 -2.1106	 -2.2286
-29.4595	-32.7779	+11.2970	 -0.6361	 +0.0432	 -0.5913
-18.5170	-21.4652	 +0.1768	 +1.4322	 +0.4768	 +2.9911
 -5.7406	-13.9281	 -0.8379	 -0.5184	 +1.4303	 -1.2258
 -2.0890	 -3.2988	 -2.5108	 -1.5896	 +4.3940	 +3.6516
-11.2720	+16.9045	 -0.0153	 +1.4128	 -1.5342	 -0.9984
 +1.5098	 -0.0946	 -2.2673	 -2.8747	 +0.2771	 +1.5059
 +8.5856	 -0.2113	 +2.4026	 +0.5155	 -2.8282	 -3.5218
-101.1202	+38.0751	-94.4614	 -5.6150	 +2.4700	 -4.4235
 -4.4251	 -1.8637	 -5.4026	 +3.0691	 -3.1111	 -1.3682
-10.9028	+31.2647	-73.4705	 +0.8434	 +1.0502	 -0.5197
 -7.8579	-10.8575	+19.5398	 -2.5210	 +0.0554	 +2.7503
+84.4593	+183.1793	-21.1099	 +1.6366	 +3.5916	 +0.0337
-25.7057	 +9.7813	 +1.3242	 +0.5416	 -0.5208	 -0.6974
 -3.1332	 -2.7670	 -4.3310	 -3.5578	 +3.5769	 +1.5842
-24.5023	 +1.4547	 +4.3368	 +0.5223	 -0.1504	 +2.1490
-10.2392	 -8.2018	 -6.1736	 -3.0215	 -0.7093	 -1.7240
 -8.3836	+20.5997	 +2.5873	 +1.7615	 -0.5700	 +1.9741
-29.4605	-200.0154	-22.8909	 -3.4044	-24.1133	 -1.6148
 +8.1657	-10.0672	 +1.0714	 +0.6899	 +1.4645	 -1.8528
-13.1894	-22.8113	 +8.5893	 -2.8249	 +0.5750	 +1.2703
+48.5941	+17.2714	+36.3401	 -0.3216	 -0.3408	 +1.9063
-23.0092	 -4.1801	-13.9825	 -0.4739	 -0.0959	 +0.1920
+22.8479	+35.4224	 +0.2741	 +0.9942	 +1.1738	 -0.3814
 -0.9021	+10.6677	-18.0585	 +1.6628	 -0.4049	 +3.2784
-17.3887	-11.0838	 -4.9429	 +2.4663	 -2.1441	 +0.8696
 +1.1560	 +3.6779	 +8.2019	 -0.1117	 +0.7331	 -0.6649
+12.4820	-35.1993	-32.1774	 -0.2052	 -1.0418	 -0.6657
 -1.1871	 -6.7080	-10.5571	 -1.2606	 -0.8737	 -5.0881
 -0.7819	 -2.6176	 -2.3976	 -0.1560	 -1.0208	 +1.6424
 -4.2340	-28.1549	 +2.1870	 +1.2077	 -1.5432	 -1.5707
 +1.0390	 -5.1895	 -7.8219	 +0.7352	 +0.7292	 -1.8906
-10.6081	 +3.9638	 +3.1637	 +5.2373	 +0.5084	 +1.8837
-55.2585	+45.2944	+19.3976	 +0.0729	 +0.6770	 +0.1860
 -5.2394	 -6.3884	 -8.1453	 -2.6349	 -2.4084	 +1.0364
+14.4867	 +1.1600	 +5.6604	 +0.1315	 +1.2920	 +2.1813
+25.8267	-51.0723	+26.5457	 -0.3083	 -1.3481	 -0.1149
-54.6791	+65.8207	+10.3783	 -0.8358	 +0.4829	 -0.5677
+19.3637	 -8.8902	 -4.0633	 +2.3312	 -0.3409	 -1.1051
 +2.8560	-17.5274	 -5.5153	 -0.1151	 -0.9833	 -1.8712
+14.9125	 +7.9632	-14.0691	 +3.6956	 +3.3902	 -2.3745
-16.7070	+11.5871	 +8.3195	 +0.4975	 +1.5387	 -2.3762
-40.7486	+88.6087	+15.1717	 -0.6138	 +1.5064	 -1.3280
 +1.7004	 +1.4186	-14.1939	 -0.4101	 +3.5681	 -2.7010
+18.9124	 +6.5887	+28.4588	 -2.0212	 -0.4175	 -1.6618
 +9.6862	 -4.9591	 +4.8190	 -0.8151	 +1.8759	 +1.1529
+23.3825	 +8.1888	 -4.5170	 +2.4918	 -1.0710	 +0.8184
 -5.3232	+11.3130	 +3.5609	 -0.8052	 -1.4533	 -1.7548
 -6.7564	+12.8451	 -2.2934	 +0.2309	 +0.8845	 +3.4657
-14.7880	-12.4342	 +5.4894	 -1.3485	 +1.8114	 +0.6685
 +3.0114	 +1.0449	-43.8030	 -0.4912	 +0.7482	 -2.0297
 +0.5297	 -2.3929	+11.4529	 +0.7233	 +0.6923	 -0.8123
+16.7456	 +4.6663	 -7.8898	 +2.3106	 +0.2044	 -0.7932
 -4.8859	+20.6860	 -5.6045	 -0.4910	 +2.4052	 -0.5710
-33.9616	+177.9683	-554.9348	 -0.7149	 +3.6860	-11.6367
 -5.5913	 -5.6790	+10.3703	 +0.3962	 +1.3937	 +2.1817
-13.8383	 -8.9572	+18.6865	 +0.1936	 -0.1538	 -3.4571
+59.8787	+26.8183	-72.0638	 +1.9407	 +1.2599	 -2.4254
+96.0306	+10.8460	-27.5451	 +2.1721	 +0.0580	 -0.5855
-10.0715	-11.0125	 +4.9501	 +0.0290	 +2.2376	 +1.2443
 -2.8534	 +5.4478	 +3.7725	 -0.4435	 -2.8177	 +2.1112
-40.8285	-112.1877	+105.3476	 +0.8810	 +0.5230	 -0.5338
 +9.1145	 +3.7678	 +0.8932	 -3.3324	 +0.7163	 -1.0869
 +4.3458	 +6.2609	 +6.2303	 -1.9488	 +2.8489	 -2.9895
 +7.3666	 -0.3201	 +2.1885	 -2.3656	 -0.0023	 +1.8481
-10.1190	+41.1685	+51.5871	 -1.8130	 +0.3577	 +1.3527
+10.2963	 -5.8346	 -0.1259	 -3.6095	 +0.1704	 -1.0665
 -2.6519	 +8.5444	 +3.7339	 +0.0775	 -2.4007	 -2.8816
 +9.3119	+60.6902	-13.5664	 -1.0480	 +0.0557	 -2.2097
-15.0230	 +4.8763	 +1.6009	 +1.8258	 -0.6838	 -2.3969
-18.3096	 +2.9201	 -6.9594	 +0.2420	 +0.1051	 -0.8502
 +6.8965	 -1.7298	-23.4624	 +1.5827	 -1.8206	 -3.3406
 +6.2585	-16.9265	 +3.6201	 +0.5500	 +0.2751	 -4.0591
+28.6968	+24.7329	-18.6881	 -1.0170	 +0.2565	 +0.8469
 +1.7903	+18.3250	 -8.5713	 +1.5398	 +0.0120	 +1.7892
 +3.0576	-18.0306	 -2.5668	 +0.1481	 -2.6959	 +0.2375
-10.4871	 -7.5973	-10.9629	 +0.2968	 +2.9629	 +2.2327
 -8.5022	 +5.4664	 -3.9498	 +3.2568	 -1.0654	 -3.0198
-25.5806	-22.3323	-15.3600	 -1.9078	 -2.0670	 -0.5353
-16.2363	 -0.9856	 -7.4503	 +2.7109	 +0.7026	 -1.1145
-14.7862	+12.7750	 -7.1062	 +2.8084	 -1.1476	 -0.0703
-10.0870	+11.0216	-14.2937	 -0.7165	 -2.0162	 +0.5219
 +1.7872	 -1.3510	 -2.4759	 -0.6680	 -3.4376	 +2.9891
+24.3462	-40.7067	+58.6533	 -0.5007	 -0.1281	 +1.0826
+10.1720	 +4.8268	 +4.0147	 +1.1470	 -1.5514	 -1.5057
-12.0811	 -7.1821	 -4.8655	 -2.4759	 -2.3977	 +1.8821
 +6.8262	 +6.3916	-14.2101	 +1.4287	 +2.7578	 +1.6016
 -4.5462	-18.5453	-26.2334	 -0.0502	 +0.0233	 +0.5728
+11.7991	+24.2318	+51.2735	 +0.2042	 +2.1436	 +1.8192
-18.3414	 -7.6281	+11.5741	 -0.4258	 -4.5533	 +1.2029
-81.3038	 +5.0512	-13.1732	 -0.2761	 -2.0635	 +1.3243
+119.4301	+96.1993	 +2.4364	 +1.9198	 +1.8618	 -0.0862
 -6.7272	 +6.4326	-12.1621	 -2.6148	 -1.4896	 -2.4321
+36.1234	-34.4214	-56.2479	 +0.4787	 +0.2316	 -0.5091
 -5.1263	 -7.4702	 -6.0388	 -3.1874	 -3.8397	 -1.5333
+11.2973	 +2.6371	-16.7014	 -2.4075	 +0.6352	 -1.2201
 +2.5222	 +0.1026	 +3.6103	 +4.8145	 -0.5690	 -0.5597
 +2.0968	+12.6857	 -5.4809	 -1.4462	 -0.6618	 +2.3593
 -8.0484	 +3.3740	-13.2269	 -0.8396	 +1.4394	 -1.5470
 +0.6337	-13.4669	+10.9938	 -0.3887	 +1.7221	 +0.4074
-12.8452	-20.4994	+12.7658	 -2.6322	 -0.3556	 +1.3893
+23.9687	-25.8798	+16.7667	 +3.0954	 -1.1835	 -0.0744
 -8.9494	 -6.3175	-11.9800	 +3.2007	 +0.5206	 -2.7249
+19.7958	-17.3397	 -8.3407	 -2.5224	 -1.9724	 +1.4968
+51.4138	 -8.2923	 +2.0110	 +0.6796	 -0.0379	 -0.7278
 -0.6043	 +0.7576	 -4.6123	 -1.4977	 -2.5424	 -1.2176
+12.3577	 -1.4948	 +9.7790	 -1.1592	 +1.5767	 -0.7006
 -0.4652	 +0.6606	 -9.1948	 -0.8472	 -3.2111	 -0.4840
-120.9933	-130.9489	+114.1912	 +0.5940	 +1.1437	 -0.1028
 -9.1767	-14.2654	 +5.6393	 +3.3345	 +0.3828	 -1.2126
+37.6154	+20.4990	-58.7286	 +1.0586	 +1.9355	 -0.9034
 -8.2495	 +5.9192	 +0.6129	 +3.1999	 -1.9727	 -0.9685
 +5.4851	+38.7049	-31.1025	 -0.2408	 -2.0197	 +2.2274
 -6.2015	 -1.6803	+11.8958	 -0.4904	 +3.9132	 +2.9357
 +1.7218	 +2.8415	-16.1328	 +2.4012	 -0.3727	 +1.0816
-18.9141	 +0.8242	 +2.3867	 +3.4487	 +1.8564	 -2.6434
-19.1119	 -2.0136	 +8.2062	 -3.5594	 +2.3884	 +3.4362
 -5.5453	+17.1107	 -1.4139	 +3.5785	 +0.2720	 +1.7143
-28.8411	 -5.6516	 -1.3335	 -1.1977	 -2.5243	 +0.7522
 -6.4838	 +1.4466	 +5.6767	 +0.7576	 +0.0028	 -1.8442
 -2.3936	 +3.2490	 -2.8165	 +0.9030	 -1.0296	 -3.4980
 -7.3720	 +0.6727	 +7.7121	 +1.4224	 -0.8315	 -3.7370
 -7.5082	-20.7819	 -3.9172	 +1.7613	 +1.3757	 +0.2965
+10.5317	-12.2462	+21.6865	 -2.1509	 +1.4116	 -1.7187
+40.6856	-21.0425	-21.6587	 -1.0388	 +1.0330	 +0.4034
 -4.7276	-16.4390	+12.7752	 +1.2137	 +2.0429	 -2.7854
-14.0830	 -8.9613	-10.0814	 +0.3132	 -2.6031	 +3.2373
-11.7009	 -7.8224	-20.6752	 +1.3597	 +3.6299	 +0.7323
 -4.8748	 -7.7637	 -6.6361	 -0.6864	 +2.5710	 +4.7308
 +1.1638	-39.2596	-42.1087	 -0.8166	 -2.1162	 -1.5043
-10.2575	 +1.7283	 -9.0836	 -0.3473	 +0.6119	 +1.3940
 -0.6683	+13.3513	 -7.1724	 +0.1116	 +1.7045	 -0.1316
 -2.7388	 +2.4518	 -5.0182	 -0.5466	 -1.4625	 -2.4550
 +5.2133	-25.3561	 -0.4098	 +0.6964	 -0.8836	 +2.7174
+15.4252	-22.3953	+10.4345	 -0.0120	 +1.0719	 -0.5878
 +2.1757	+11.5445	 -2.5813	 -3.3863	 +1.5235	 +0.0480
 -3.8775	 -4.6750	 +1.4519	 +2.1005	 -1.4674	 -4.1372
 +1.8819	 -0.9257	 -5.2876	 -1.0140	 +1.8711	 -5.3618
-35.4288	 +4.8248	 -3.9137	 +0.8563	 -0.1574	 +0.6075
+10.1776	 +8.1843	 +4.7136	 -2.3897	 +0.3703	 +0.0056
+12.7345	-19.0329	 +8.6465	 +1.2104	 +2.6035	 -1.1750
 -1.7557	-11.4428	 -0.3364	 -0.7277	 +3.3305	 +0.7241
-179.9984	+199.3440	+327.3034	 -5.9883	 +6.4998	+10.9227
-84.7267	-119.2259	 +8.0392	 -2.2606	 -2.9691	 +0.7711
 +3.1024	 -2.9817	+10.9296	 +0.1507	 -0.0951	 -1.7156
-29.7967	 -7.8719	 +1.5676	 +1.4541	 -1.2775	 +1.0450
 -3.3670	-14.9603	+20.9679	 +2.9288	 -1.7193	 +0.9379
 -7.5109	 +9.6126	+11.0852	 +1.5010	 -0.7033	 +0.7228
 +0.6635	 +0.1715	 -3.9227	 -0.5595	 +0.6833	 +4.1035
-25.4757	-21.0215	+30.2535	 -0.2744	 -0.2469	 +1.6761
+10.4236	 -5.0889	 +6.5247	 -0.3396	 +1.2531	 -0.4914
-10.3962	 -3.9367	+17.1447	 +2.4996	 -0.0236	 -1.4387
 +1.0402	+11.8443	-17.9391	 -0.0928	 -0.8693	 -1.0086
 -5.7926	-19.8979	+17.9797	 -1.6466	 +1.3002	 -0.7855
-10.6179	 -4.3969	 +0.2187	 +2.3740	 +0.1014	 +2.5750
 -9.5293	 +5.8312	-16.3355	 +0.3971	 +0.1568	 +1.0270
 +1.7204	 -3.6740	 -6.3378	 +1.5725	 -3.6349	 -0.7127
-40.8794	 -4.2844	 -6.3008	 -0.7566	 +1.8496	 -0.6769
 -4.4267	 +5.2798	 +9.1344	 +1.3282	 -1.0978	 -1.4612
-16.5497	 -2.2769	 -0.5442	 -0.3272	 -1.3801	 -1.2097
-23.6248	-20.0429	 -0.7216	 +1.6923	 -0.4131	 -1.8874
 -2.4346	-19.3775	 -9.1252	 -0.9408	 -1.8075	 +0.5423
-35.3360	 +9.4449	 -2.2301	 -0.5091	 +1.5886	 -0.0567
 -7.0921	+11.4888	 -6.6928	 -0.4338	 +0.9100	 +0.1198
-14.4930	 -0.8448	 -9.0620	 +3.2698	 +1.1315	 +0.4546
 -8.7733	-17.5311	 -6.8456	 -1.4423	 -0.6431	 -2.7661
 +1.2913	-26.7708	 +2.3033	 +2.1134	 -0.8132	 -0.3768
+14.2026	+10.1672	-17.3790	 -1.9379	 -0.3033	 +1.7673
 -2.8941	 -1.8251	 -7.4039	 -1.3438	 -2.4459	 +3.7505
+21.1885	+26.2616	-52.7412	 +0.6749	 +0.4391	 +0.2079
-17.1010	 -0.3339	+10.7968	 -0.2619	 +0.5748	 +0.5707
+64.4458	+49.3981	+130.5301	 +1.4177	 +1.6646	 +2.9557
+15.9597	 -2.7344	+16.0232	 +0.1280	 -1.7802	 -1.1597
 -5.9332	 +2.1811	 -6.3880	 +3.4969	 +2.3893	 -0.5845
-14.5876	 +6.3652	 -9.6454	 +0.5896	 -1.9056	 -1.0372
 -5.7557	 +8.2650	 +9.4518	 -3.7458	 -0.6374	 +0.4172
-15.0951	 -0.2353	 +4.8242	 -0.1394	 +0.2838	 -1.5747
+36.2998	 -9.3870	 -5.4256	 +1.5430	 -0.8146	 -1.0078
 -8.5363	 +8.6615	 -5.4769	 -0.0899	 -4.4638	 +2.3161
 +5.3336	 -6.6321	-17.5472	 +0.1722	 +0.1410	 +2.4331
+93.5393	+15.7972	-66.5184	 +5.6873	 +0.7862	 -3.3363
