# Iterations: 1 of 100
# Total Energy: -6.698e+05
#    Kinetic Energy: 6.692e+05
#    Potential Energy: -1.339e+06
# Current Time: 2018-05-08 11:14:29.231132
# Elapsed Time: 0:00:19.551637
# 
# Med. Times for Sections
#    Force Computation:		2.255143
#        [2.255143]
#    Gather Particles:		5.046900
#        [5.046900]
#    Overall:		9.271570
#        [9.271570]
#    Scatter Particles:		0.001555
#        [0.001555]
#    Time Integration:		0.000070
#        [0.000070]
#    Tree Broadcast:		0.935374
#        [0.935374]
#    Tree Construction:		1.032456
#        [1.032456]
# 
# x	y	z	vx	vy	vz
# 
 -6.7827	 -4.4649	 -2.5909	 +0.0549	 +0.1699	 -0.3983
 +2.2672	-20.5022	-12.5522	 +1.2118	 +1.6879	 +1.5642
 -0.6833	 -2.9324	 +6.2280	 -1.9378	 -3.2146	 +3.2394
-22.4214	+26.0199	 -1.6154	 -2.3801	 -0.6706	 +1.1740
 -5.8774	-17.1439	 -6.5126	 +2.0544	 -2.7506	 +1.0216
 -5.0924	 +0.3375	-15.9190	 +2.6429	 +0.6653	 -1.3351
+14.6949	-14.5856	 -7.9684	 -1.0434	 -1.1821	 -1.1184
+12.1269	 +7.5206	 -5.9577	 -0.9225	 +0.5373	 -0.4813
-27.8649	-36.2428	-11.1688	 +1.8667	 +1.6073	 -0.1283
-11.5680	+22.2402	 +1.5978	 -3.3468	 +0.0830	 +0.6335
-25.1348	+10.3454	+17.5930	 +2.0220	 +1.0448	 -0.1992
 -3.3829	 -4.9601	 +0.7903	 -2.3337	 +1.5689	 -1.0872
 +4.9009	 -2.9682	 -2.6845	 -1.6468	 +2.6054	 -5.3222
+26.4316	+11.5366	-26.4149	 -1.1546	 +1.0129	 -1.2437
 -3.4081	 -3.0545	 -0.9972	 +3.5024	 -2.5289	 -1.3663
+11.5552	 +4.0563	 -0.0398	 +2.6343	 -1.5967	 -1.9168
 -7.8034	 +0.1887	 -9.0788	 -1.7561	 -4.4565	 +2.0876
 -4.1670	 -0.6484	-17.4537	 -1.6286	 +0.6059	 -2.2700
 +9.5202	 -6.5734	 +7.7264	 +0.6031	 -1.5235	 -0.3005
+105.8790	-28.1326	+78.4021	 -1.3550	 -0.8411	 +0.2117
 -7.8897	 -5.7563	 -2.1551	 +1.8343	 +1.3944	 -3.3832
 -4.1198	 +2.4736	 -8.0715	 +0.2307	 -4.3021	 -0.2574
 +6.0627	 -0.4441	-10.6724	 -1.2605	 +2.7643	 +1.4659
 -2.2021	 -5.1678	 -0.6152	 -2.7562	 -0.1004	 +5.0680
 +6.4398	 +6.9121	 -8.4305	 +1.7629	 +1.1887	 -0.5568
-33.8167	+18.9054	 +0.9273	 -2.2568	 +2.4222	 -1.3005
 -2.3636	 +2.0484	 -2.0042	 -1.8849	 -5.1703	 -3.1937
+11.7311	 -7.2691	 +2.3851	 -3.5114	 -0.5336	 +2.3708
 +8.3447	+14.1220	 +7.8838	 +3.2443	 -1.8297	 -2.0163
-19.9546	-19.9652	 -5.0983	 +3.1257	 +1.9042	 +0.5189
 -7.4014	 -2.3084	 -1.4421	 +4.0866	 -3.4151	 -4.7282
-55.7825	 +7.1306	 -1.3891	 -0.9485	 +2.0156	 +1.8289
 +0.8960	 -5.4963	-14.0320	 -4.2892	 -0.7111	 +1.4517
 +0.0003	-15.9018	 +5.7881	 -0.8118	 +1.4834	 -1.1225
-10.1433	 -2.8136	+21.3674	 +0.1737	 -0.6696	 +1.3051
 +4.2620	 +1.5384	 -0.5270	 +0.3694	 +0.8757	 +0.4992
 +3.2093	 -1.2986	 -3.6074	 +0.1765	 -5.3865	 +1.5005
 -5.3722	 +1.3311	 +4.3147	 +3.9372	 -3.2428	 +2.7790
 -2.2834	+32.1611	-11.8406	 -0.7563	 -1.4366	 +0.5945
 +3.3991	 -3.1553	 +1.1986	 +1.3852	 +4.2394	 +2.8681
+12.0884	 -9.6904	 +9.7744	 +2.4021	 -3.8003	 +0.7645
 -4.6257	+11.2379	-12.6111	 -0.4424	 -0.7649	 +1.0680
 -4.5541	 -3.7442	 -9.9598	 -2.2808	 +3.7340	 -0.7801
 -3.6243	 +4.0107	 -0.9802	 -4.1817	 -0.1699	 -0.9981
 -6.9387	+22.4855	-21.3141	 +2.3360	 +0.1256	 +0.6307
 +2.8111	 +0.2094	 -5.4251	 -0.6301	 -1.3586	 +4.8689
 -3.3306	 -0.2628	-10.8932	 +2.4103	 +4.7150	 -1.6030
+34.8426	 -4.9031	 +2.4975	 +0.2051	 -1.2934	 -1.5751
 -3.8680	 +4.2167	 +0.5249	 +2.2373	 +2.7490	 -0.2419
 -6.8693	 -1.2846	 -4.4892	 +1.9590	 +4.5900	 -0.2572
-34.4151	-57.1607	-38.7494	 +1.1121	 +0.2371	 +1.5741
 -1.0545	 -4.0925	 +1.2860	 -2.0724	 -3.4386	 -3.6579
+16.5070	-10.4473	 +5.4864	 -0.0709	 +2.5310	 +4.0236
 +2.3525	+13.2714	 +4.2073	 +2.3209	 -3.6646	 +2.3808
 +5.0245	 -5.1611	+52.5139	 +0.4819	 +2.2114	 +1.9354
-27.0853	 -6.9750	 -4.2894	 -2.0782	 +0.2876	 -0.1913
+32.4033	 -5.3860	 +4.8667	 -1.1698	 +0.9424	 -1.0165
 -4.8159	 +6.5196	 +5.8468	 -1.6061	 -0.6974	 -2.6871
 -2.3549	 -6.7653	 -3.6391	 +3.6205	 +1.5032	 +3.9586
 +2.8721	-22.0718	 +8.4039	 -3.6365	 +0.9957	 +0.2064
-13.8418	 +0.8874	 +9.4480	 -4.4056	 +1.0210	 -1.2904
 -8.2131	 +2.8462	-20.3505	 -0.4595	 +4.0424	 -1.8446
 -2.9220	 -9.6766	 -2.2354	 +2.6345	 +1.5049	 -1.6729
 -5.8752	 -4.7295	 -8.9902	 +0.1734	 -3.3497	 +3.0912
 -2.1382	 -4.0661	 -6.6112	 -1.5931	 -1.0425	 +3.8551
 -6.7639	 -3.4932	 -9.9282	 -2.4772	 -3.1164	 -2.1538
 +5.0544	 -2.0072	+22.3900	 +0.6073	 +0.9929	 -0.0282
-13.7173	-11.9819	+27.3397	 -2.4703	 -2.0476	 +0.5702
 -3.4211	 -7.5656	-20.4499	 +0.5428	 -0.9582	 +0.7756
 -3.9651	+11.1818	 -5.4860	 -0.4098	 -1.6694	 +4.0426
 -1.4513	 -4.5009	 -1.6527	 -1.8347	 -2.1467	 -1.9263
-13.4192	-12.1211	 -6.2625	 +1.6717	 +0.2471	 +1.0584
-11.9390	 +6.4243	 -2.2094	 +0.4736	 +0.4813	 -1.9985
-16.3037	+15.2787	-93.5752	 +1.9165	 +0.0101	 -1.4585
+26.5528	-28.4999	-14.2560	 -0.1070	 +1.5216	 +0.5520
-10.3458	+10.9404	-11.2534	 -2.7141	 -3.5933	 +0.8193
 -5.1978	 +2.3538	 -8.2718	 +1.0128	 +2.1218	 -2.4061
 -1.4928	 -8.3918	+13.2881	 -2.9632	 -2.4543	 -0.8296
 -4.6174	+10.0494	 -4.3158	 +2.9868	 +0.3424	 +3.0642
+20.2594	-15.2895	 -5.6725	 +2.7820	 +1.4370	 -0.0826
 -0.8796	 +0.6556	 -2.5820	 -0.8005	 +1.3680	 +3.0284
 +9.4829	 +9.3143	 -8.0771	 +0.4699	 +2.7823	 -1.2661
 -2.6154	 -0.4848	 -5.6364	 +1.8358	 -0.4670	 +4.3156
-10.7074	+24.5854	+13.9720	 -1.0356	 +0.0115	 +3.6878
+12.4280	 +3.8929	 +0.2756	 +3.4601	 +2.7134	 +3.0404
 +3.9792	+13.3260	 +8.8179	 -2.7168	 -1.4791	 +0.9178
-16.3700	 -4.9204	 +2.4029	 -1.6312	 +0.5338	 -2.8632
 -0.8379	+15.7297	 +9.0955	 -0.8216	 +3.2201	 +1.0397
 -5.5968	-27.3478	 +9.9310	 +2.0071	 -1.3372	 -1.3443
 +5.5323	 -8.8163	 +2.3753	 -0.7575	 -1.4682	 -0.5546
-11.1234	 -0.6374	 -3.6664	 -1.5896	 +2.1344	 +3.2359
 -3.8081	 -0.6823	 +0.6379	 +1.5121	 +1.2272	 +1.1506
-13.5726	-25.9996	-47.8856	 -0.7573	 -0.9074	 -0.5197
 +6.3159	 +2.5772	 -8.8570	 -3.3830	 -0.1988	 +4.0021
 +5.0589	+13.2694	 +0.2311	 +0.8474	 -0.8366	 -1.1747
 +6.4610	 -8.4079	 +4.1156	 +2.3005	 +0.8356	 -3.8665
 -7.4593	+32.9326	-20.0653	 -0.5060	 +0.0776	 +2.1864
 +2.1985	 -2.4525	+16.9933	 -1.8407	 -0.4886	 +1.9285
 -9.7721	+14.9388	 +1.9026	 -0.7772	 -1.0775	 -1.2038
-13.6700	-12.0183	-22.1843	 +2.9950	 +1.5507	 -0.8500
 +6.8688	 -0.4505	 -2.9166	 -1.4851	 -5.9541	 -0.8959
-13.4750	 -1.6424	-10.7612	 +0.1567	 -0.2231	 -0.8549
 -3.0572	 +0.3463	 +4.7070	 -0.8448	 -1.7841	 -1.6377
 -3.5628	 -7.5525	 -8.7569	 +1.1453	 +2.8180	 -3.2892
 +0.0701	 +3.1581	 -4.8055	 -0.8706	 -1.3673	 -1.3594
 -8.7908	 -1.2130	 +3.1275	 +3.0336	 +3.2717	 +3.4478
-17.1603	-17.7140	+21.9635	 +3.0268	 -0.4962	 -0.6945
 -7.1475	-14.2271	 -0.5462	 -0.6614	 +0.8439	 -0.2306
+25.6205	 +9.7443	+18.1419	 +1.2516	 +1.9032	 -0.1828
 +1.0286	 +1.4383	 -7.2449	 +2.9418	 -0.0617	 -4.5880
 -5.6387	 +0.1162	 -2.5120	 +1.8094	 +6.1037	 -2.1688
+474.8088	+387.4890	-227.5410	 -0.2778	 +0.6745	 +0.3143
-138.8766	+98.5831	+199.6887	 -0.1134	 +1.1391	 +0.4451
 +7.3789	 -2.3704	 +9.7319	 +4.7442	 -1.4264	 +1.1570
 +6.9649	 +2.1388	+20.0664	 -1.6305	 -1.1155	 +0.7619
 +0.5986	 +9.0783	 +8.3998	 +0.0603	 +3.0872	 -1.8878
 +2.7367	 +5.5735	 +1.6929	 +4.3168	 -2.0116	 -2.3810
-74.2392	-16.0472	 -9.9795	 +1.2910	 +0.1697	 -0.7544
 -2.6658	 -0.2431	 +0.9839	 -3.6294	 +1.6361	 -1.5067
+45.3926	-21.7904	-44.0200	 +0.5829	 -0.7408	 +0.1977
-15.2360	 +8.5879	 -6.2488	 -0.1291	 -0.6842	 -2.3887
 +0.4509	 -1.9639	 -0.5174	 -1.8198	 +3.9954	 -1.4857
 +1.4548	 -2.2394	 +1.0665	 +5.0550	 +1.7828	 -1.3868
 +2.0398	 -8.1343	 -1.5518	 -4.7827	 -2.2276	 +0.5792
 -4.3399	 +1.4901	 -1.9749	 +1.1390	 -3.0743	 +1.9331
 +1.5574	 -5.5985	 +2.2001	 -1.4778	 +2.5615	 +1.5935
-17.0126	 +1.0776	 -2.1541	 +0.5862	 +0.1208	 -3.1416
 -7.5223	 -4.0626	 +2.5804	 -2.4186	 -0.4362	 +0.9605
 -6.8062	 -0.2789	 -8.5053	 -2.9821	 +1.8198	 +0.5996
+12.9480	-12.7585	 +0.9157	 -1.4248	 -0.5384	 -2.5131
+13.8909	+32.9216	-162.2063	 +0.0708	 -1.1569	 -1.3238
 +6.2534	 -3.1935	 +6.6547	 +3.4862	 +2.0782	 +0.0153
 +6.7463	 -5.5298	 -8.5532	 -1.0793	 +2.9570	 -1.6587
 -3.6080	 -7.5498	 +2.3789	 -4.5023	 -0.6226	 +0.5348
 -2.3590	 +2.9834	 -1.2901	 -0.3700	 -2.7046	 -1.4378
-17.3408	+25.2705	-36.0255	 -0.5756	 -1.0547	 +0.6070
 -5.5073	-11.2778	 -7.1490	 +4.8608	 +0.5066	 -1.6677
+19.9044	-14.2301	+14.9471	 -0.7513	 -2.8371	 +1.3288
 +1.9959	 -1.1924	 +5.5796	 +2.3083	 -3.8894	 -0.4403
+13.6987	 -9.3326	-12.9653	 -1.4388	 -0.1538	 +1.3351
 +0.2610	 -4.6046	+10.0928	 +1.3992	 +0.7049	 +2.1028
+11.4194	 -7.9309	 +4.8468	 -2.7108	 -1.5229	 +2.8150
 +0.0893	 -2.7063	 -2.6502	 +1.2519	 +1.3518	 +1.3302
-32.8628	 +3.7646	-37.1641	 +1.8992	 +2.2219	 -0.1779
+57.7918	 +6.7441	+20.8895	 +0.6504	 -1.9072	 -0.1734
 +1.5136	 +5.2281	 +0.0338	 +0.2645	 +1.4833	 -4.0923
-27.7469	-71.4675	+45.3285	 -1.2976	 +0.9388	 +0.9982
 +4.2786	 +7.6566	 -8.1753	 -0.6160	 +3.5977	 +0.2111
+19.5460	 +7.9709	 -2.2175	 +0.7911	 -0.9750	 -3.3366
 -6.2992	 -4.5575	 -1.0487	 +4.2263	 +2.4661	 -2.3400
 +1.2223	 -5.9736	+11.2337	 +1.4026	 +2.8197	 -0.6250
 -3.1262	 -5.9308	 +1.0668	 +6.1701	 +0.1890	 -1.5726
 +5.2756	 -3.7359	 -1.1822	 -4.7528	 +1.6977	 -0.6203
 -7.7988	+12.7019	 -6.4033	 +0.3330	 -0.2264	 -0.9252
 +5.9491	 -0.7124	 -7.4420	 +1.7387	 -3.8483	 -1.8773
 -8.8842	 -3.1875	-17.7850	 -1.3977	 +1.6677	 +0.7713
 +0.4396	 +8.2247	-13.3029	 +3.2856	 +0.0040	 -3.2230
 +9.2061	 +2.3253	+28.3475	 -2.7388	 +1.1756	 +1.0932
 -7.2265	 +3.8372	 -8.5693	 +1.2384	 -1.6686	 +3.5045
 -6.5967	 +3.3033	 -0.3597	 -0.1819	 +0.2265	 -1.0682
 +2.6866	 -0.2643	 -5.4498	 -3.2693	 +3.6510	 +1.8302
-20.4154	 +2.4520	+10.2502	 +3.4172	 -2.3550	 -1.1240
 +7.1997	 +1.2804	 -2.3668	 -2.6660	 +1.4850	 +0.0812
+14.9963	 +7.8026	 +4.8699	 -0.3601	 +1.7052	 +0.0364
 -8.6573	 -4.1466	 -6.9663	 +1.4223	 -1.3148	 +3.7369
 +3.9907	 -2.2544	 +3.8531	 -4.5168	 -1.4049	 +3.0430
 -4.1142	 -2.7545	 +2.9910	 +0.9670	 +0.7610	 -2.6291
-16.2328	 -1.1022	-17.1850	 -0.1027	 -2.8874	 +2.1913
 -0.6334	 -1.6162	 -4.5039	 -3.4552	 +0.5375	 -0.7602
 +1.9795	 -3.4003	-14.2606	 +2.9733	 -1.7066	 -0.2557
-15.8243	 +2.4827	-14.3074	 -0.2580	 -1.0765	 -2.5488
 +1.9230	 +1.1371	 -3.9068	 +1.1577	 -0.0664	 +1.7107
 -3.5953	 +1.6314	 -6.8737	 -0.8856	 -0.1927	 -5.8439
+29.7682	-13.1987	+25.4716	 -0.4827	 -0.4544	 -0.4006
 -5.2933	 -1.7195	 +3.9304	 -1.1485	 +2.2418	 -0.5375
+54.9321	+26.0347	-26.0939	 -1.8567	 +1.0012	 -0.1865
-13.5670	-13.8425	 +3.3354	 -3.3021	 +1.2769	 -2.1929
 -7.6546	-24.7541	-10.6864	 +1.5101	 +0.9445	 +1.3365
 -1.1264	 -5.9807	 -3.5353	 +1.7319	 -2.7201	 +1.4523
 -2.1634	 -2.8961	 +2.0927	 -0.3058	 -4.8537	 +0.6096
 -0.1731	 +3.6649	 -2.3378	 -4.0254	 +1.8614	 -2.2502
 +4.1627	 +2.1850	 -9.2477	 -1.2262	 +4.0295	 +0.5448
 +6.4293	 +4.2941	 +5.6716	 +0.9660	 -0.0555	 -0.3905
+15.1617	+18.6895	-21.0836	 -0.5047	 +1.4130	 -1.5725
 +7.9059	 -1.3264	 +4.6018	 +2.8152	 +2.8096	 -4.0824
 +2.2881	 -1.6274	 +2.1284	 +1.4561	 -2.2814	 -2.1349
 +1.2930	 +4.1162	-11.3166	 +0.2070	 +1.5592	 +1.0238
 +1.1575	 -2.0552	 -5.1127	 +1.1958	 +1.4889	 -1.9738
 -7.4629	 -7.8517	 +0.3873	 -4.3551	 -1.8572	 -2.0942
 -5.4270	 +4.1403	-11.1686	 +1.0919	 +1.4305	 -1.3876
 -3.6134	 -9.2281	 +4.5015	 -1.7210	 -4.8941	 +2.4656
 -0.1491	 -1.4182	 -8.4218	 +2.5345	 -0.3404	 -0.9683
 +0.3431	+25.4009	-29.6099	 -1.5744	 -0.5451	 -2.1418
 +2.3164	 -5.2510	 +4.5856	 +0.2588	 +1.7516	 +4.2191
 -1.0853	+10.1901	 -0.9693	 +2.0790	 -0.3394	 +1.4947
 +6.2804	 +2.1923	 +0.4500	 +0.0016	 +1.9155	 -0.2630
 +9.4104	 +3.4861	 +5.2803	 -2.1938	 +3.6608	 +0.7978
+32.2757	-101.3388	-36.9195	 -1.3213	 +0.1745	 +0.9587
 -7.4722	 +8.1694	 -2.7571	 -0.4553	 +3.5535	 +2.4800
-10.2299	 -7.3093	-11.4584	 +1.9599	 +3.1122	 -0.2135
 -7.6109	-22.5108	-22.3291	 -1.5985	 -1.0142	 +2.4538
+26.9283	 +4.0166	 +6.8069	 -0.7458	 +1.4270	 -1.6048
 -2.0700	 +6.5560	 -3.6924	 -1.5695	 -0.2565	 +3.0428
 -3.2290	 +1.0459	 -0.5779	 -4.7522	 +4.5745	 +0.9787
-19.1526	 -4.6974	 +0.6781	 +0.8516	 -1.1298	 +1.6063
 -2.0933	 -0.0185	 +0.7302	 +3.0580	 -3.7376	 +0.4499
 -6.6081	 -2.5668	 +3.4160	 -0.8998	 +0.0016	 -0.1784
-12.9832	+20.9394	 -8.6205	 -3.1704	 -0.6045	 +2.8862
 +6.2857	+48.9908	-36.4680	 -2.0306	 +0.9529	 +1.0693
 -7.2252	 +0.5649	 -4.7078	 +4.8058	 +1.5504	 +1.3477
+10.8591	 +6.5460	 -5.2280	 +2.0377	 -1.9965	 -0.7466
 +0.1553	-10.3866	 +3.6340	 -2.3483	 -1.5534	 -1.2985
 +4.9429	 +1.5042	 -5.5167	 -1.4080	 +3.4992	 -1.9922
 +9.2267	 +0.9689	 -2.3969	 -4.7194	 -0.2863	 -3.0471
+20.5417	-11.2969	-17.7609	 -0.2846	 -0.2537	 -1.4883
+119.3016	 +4.9568	-43.9624	 +0.3362	 +0.1500	 +0.6795
+17.8405	+14.3075	 -4.5739	 +0.7926	 -1.1759	 -3.9816
 +3.0242	 -7.8868	 +2.7447	 +2.2387	 -0.2403	 -0.4959
 +7.3411	 +1.7765	 +2.2136	 -2.4275	 -1.9554	 +1.8545
 +5.2855	 -8.3091	 -0.0334	 -0.8126	 +0.0907	 -1.4759
+33.7102	-32.8121	 -5.7974	 -0.7283	 -0.0129	 -0.5831
 +0.5890	 +1.5346	 -2.6381	 +3.1968	 +4.9663	 +1.3555
-13.6938	 -9.4664	 -1.3681	 -1.7792	 +0.2516	 -2.4104
 +2.1832	 -3.3626	 +1.1538	 +2.4991	 +1.9485	 -4.0702
 +1.1064	 -4.8524	-10.2692	 +1.5251	 -0.4181	 -3.0560
 -3.8663	 +0.2853	 +2.0798	 +2.6894	 -1.2108	 +0.0403
 -4.3654	 -0.8261	 -7.1781	 +3.2943	 +1.8443	 +1.5421
 +1.7637	 +1.9313	 +3.6269	 -0.3585	 -4.3693	 -3.0504
 +7.0578	 +7.3091	 +2.1920	 +0.4944	 -1.2674	 -1.3809
-11.5747	 +6.6771	 +4.2496	 -0.7759	 -0.4864	 -1.0023
 -6.1854	 +4.3140	 -4.8501	 -0.5447	 -0.3721	 -1.3354
 +2.3157	 +8.6426	 -2.0459	 +1.1669	 +1.7884	 -1.1018
+10.5967	 +5.2409	-11.7567	 +1.2045	 +0.6796	 +1.7722
 -3.8621	 -7.3827	 -4.6389	 +0.3256	 +2.4694	 +2.3024
 -4.1079	 -7.6662	 -9.4105	 -1.1076	 -2.2650	 +3.6566
 -5.9740	 -4.0233	 +8.2239	 +0.4554	 +3.0577	 -1.0191
 +2.3352	 -8.4604	 +1.0785	 +0.7410	 -4.3151	 -1.9110
 -2.1945	 -6.3662	+17.1401	 +1.9193	 -3.4659	 +1.2976
 +4.9939	 +2.2914	 -5.7320	 +2.1837	 +3.2901	 +1.4056
 -2.4802	 -2.3315	 +0.8162	 +2.3205	 -0.1982	 -1.3703
-47.3855	 +8.8228	 -0.5490	 -2.1852	 -1.4948	 +0.4311
 +3.6978	 +4.2649	 +3.3337	 +0.2089	 -0.9858	 +2.5373
 -0.3336	 -3.2370	 +2.9410	 +2.2131	 +6.1401	 -0.4264
 +9.3494	 -6.2477	 -3.9851	 +3.5244	 -2.3889	 +0.2289
 -6.1567	 -5.2216	 -3.1110	 -1.3934	 -3.2231	 +1.9245
-16.3934	 +6.5115	 +1.3245	 -0.2616	 +1.7949	 +1.1809
-32.0840	-10.1089	+42.2459	 +0.1720	 +1.0847	 -0.3867
 +4.0430	 +0.4450	 -0.2569	 -5.0631	 -0.1115	 +4.1539
 +0.2716	-10.1800	 +7.3116	 -2.2229	 +0.4970	 -1.6765
-40.6243	-31.7743	-25.0291	 +1.5141	 +0.2917	 +1.4476
-20.6029	+19.0882	 +4.2517	 +1.5277	 +2.5042	 +0.8536
-13.8896	 +4.9887	-11.5179	 +0.7208	 -4.1578	 +1.0314
 +8.1621	 -4.6917	 +2.3372	 +1.9777	 -1.7792	 -0.1934
 -4.4749	 -1.0792	 -5.3540	 +4.2265	 -4.3682	 +0.0520
+1870.9079	-30.4407	+790.1618	 +0.2213	 -0.2337	 +0.0662
 -6.2012	 +3.5738	 +7.1020	 -0.0610	 +0.5796	 -1.2409
 -5.7635	 -6.4818	 -2.0296	 +5.2045	 +0.0162	 -1.2020
 -0.1460	 +1.7750	 +1.1543	 -1.2245	 +1.2961	 +6.1572
+26.4989	-16.2876	-15.3736	 -0.8561	 -0.1166	 +1.3855
 -6.4734	 -6.9746	 +0.0559	 +1.6216	 +2.9437	 +2.5532
-54.3810	-46.3919	-68.9172	 -0.9282	 -1.3566	 -0.3358
 +4.6643	-14.1771	-24.2374	 -0.0012	 +3.4602	 +0.7954
+21.9503	 +2.8931	+23.5971	 -1.9636	 +2.1335	 -1.3561
+18.9526	-27.9211	 +9.5641	 +1.2259	 +0.3167	 +0.4900
 -9.5356	 -1.8924	 -6.7076	 +0.2264	 +0.1077	 -0.2181
+12.1528	+28.3077	-10.0566	 +1.6553	 -2.1774	 +0.3675
 -9.2468	+20.7505	 +3.4731	 -0.2216	 +0.6774	 -0.0450
 +3.3288	 -4.8545	 +0.5178	 +2.4126	 -2.9753	 -0.6725
 -0.8090	 +9.6262	 +6.5980	 +0.9432	 +1.3985	 +0.1810
 -0.5140	 +4.5578	 -4.5777	 +0.0470	 -3.5579	 -5.5386
 -4.5524	 -2.5783	+13.3796	 +0.5953	 -1.2085	 +0.8544
 -0.1658	 -4.2530	 -6.4134	 +3.2328	 +1.1148	 -1.9854
 +4.8570	 -1.4857	 -9.1475	 +2.4208	 +1.2530	 +2.8910
 -0.5496	 -2.5750	 +6.2440	 +3.4713	 -3.6573	 +0.6119
 -5.9893	 -2.0664	 -2.6351	 +3.2765	 +1.7351	 +1.4000
+22.7117	+14.8428	-25.2428	 -2.5071	 +0.2015	 +0.8021
 -2.6804	 +3.4240	 -4.1117	 +2.7566	 +3.4265	 +3.0316
 -0.8871	 +1.3158	 -3.2872	 -3.1737	 -1.2962	 +1.9086
 -0.9191	+12.7606	+14.8669	 +0.1547	 +2.7226	 -3.4101
 +3.9076	 -5.3298	 -6.7155	 -2.0627	 +2.1760	 +0.6074
-11.8275	 -2.3543	 -1.3471	 +1.0473	 +0.2546	 +1.3168
 -9.8340	 +7.1911	 -5.2340	 +1.1342	 -0.3446	 +1.9395
-12.0560	 +3.1747	 -4.2472	 -2.7942	 -2.3854	 +0.8905
+11.0711	-11.4651	 +0.8471	 +0.5349	 -0.6059	 -0.5500
 -2.1261	 +8.1919	 +6.6335	 +1.5733	 -0.8476	 -1.9149
 -6.9492	 -2.4416	 +1.3383	 +1.9187	 +2.4070	 -0.5609
-12.8163	 +7.9837	-17.5092	 -3.2753	 +0.6293	 +1.3092
-21.5392	 -3.8695	 +8.2541	 -2.8036	 -1.0888	 -2.3372
 -8.6368	 +4.0433	+11.8451	 +0.0142	 +1.2320	 +0.0127
-135.1347	-40.9799	+70.7583	 +0.6324	 -0.9606	 +0.7107
 -1.6148	 +0.1865	 +1.4551	 -1.1705	 -1.2712	 -0.9132
 +3.6197	 -7.0961	 +0.3764	 -3.7670	 -1.1759	 -1.5874
-11.2694	 -1.3237	 +4.8895	 +3.1384	 -2.9481	 +1.2192
 -7.4329	 +1.7976	 +3.8494	 +0.4444	 +2.7388	 -4.7713
-10.3497	 +9.7806	-15.0253	 -2.2913	 +1.4039	 -0.3056
 +7.5868	 -3.8161	 +2.1158	 -0.0407	 +4.6548	 +1.3306
 -5.8433	 -1.5509	-12.0962	 +0.0588	 -2.6997	 -2.4185
-114.2323	-103.9377	+101.7074	 +0.3664	 -0.2854	 -0.0923
-21.0385	+30.2104	+26.5232	 +1.9128	 +1.6664	 -1.2265
-17.8631	-27.1912	 +4.1058	 -1.8332	 -0.0371	 +2.4693
-30.8877	+10.1496	-20.0568	 +1.1914	 -0.2402	 -2.8472
-10.1584	-23.8795	 -6.4373	 -2.3535	 -0.4884	 -0.7917
 +0.0045	 -0.1505	 -1.3824	 +2.3637	 -1.7200	 -3.0303
 -3.6310	 +0.3780	 -1.2651	 -0.9279	 -1.4896	 +3.1825
-10.4431	 +2.5780	 -1.8227	 +2.8670	 +2.1411	 -1.9506
 +6.0425	 -7.9470	 +8.4059	 -0.3721	 +0.1125	 -1.9703
-23.5642	 -6.4477	 +3.5959	 -0.7329	 +0.5062	 -1.2172
-17.6974	 -6.7486	 +9.7980	 +0.5874	 -3.3514	 -0.4234
+23.1601	-98.7128	+22.2814	 -0.9468	 +1.1671	 -1.1662
 -7.5519	 +1.2963	 -4.4090	 -3.5829	 +2.4541	 +3.9143
 -1.2071	 -2.5549	 -7.3112	 +1.4851	 +0.0471	 -0.4774
 -4.1307	 -3.6775	 -1.5208	 +2.5726	 +0.3886	 -1.9191
 -2.8146	 +3.2300	-13.1226	 +0.5378	 -2.7172	 +1.1450
 -2.1732	 +3.7780	 -9.9569	 -2.7134	 +3.1510	 -0.5872
 -9.6350	+13.9154	+18.1177	 -0.0194	 -2.3464	 +0.5145
 +8.3573	 -1.9424	+21.8732	 -0.4638	 -0.6055	 -0.9986
 -4.8768	 +8.2530	+11.1248	 +2.6828	 +1.7820	 -4.4161
 -1.2197	 +4.1446	 -2.8004	 -2.7718	 -1.5276	 -0.1262
 +8.6592	 -3.4161	 +0.1078	 +3.1078	 -2.7395	 +2.1475
 -4.6090	 -1.6690	 +4.2928	 -0.7865	 -4.2360	 -2.3090
 +2.5249	 -0.0720	 -5.8209	 -0.1601	 +0.7804	 +0.4286
-13.2647	-23.0274	 -6.7917	 -0.8389	 +3.7602	 +1.2582
 -0.9713	 -4.9438	 +3.3991	 -1.1967	 +0.6643	 -6.4070
 -4.8537	 +2.3613	-14.9499	 +0.2002	 -0.7374	 +0.9476
 +0.3618	 -5.3775	 -2.7501	 +2.1710	 +2.0725	 -2.1826
 -4.2835	 +8.8148	 +2.5524	 +0.9358	 +2.4134	 +0.7056
-156.7002	-52.0306	+202.0637	 +0.5179	 -0.6834	 +0.2407
 +2.7587	 -3.6717	 +0.9937	 -0.0929	 -0.8118	 +0.5604
 +4.5910	 -6.9286	 -7.7040	 +2.5776	 -1.7808	 +0.5790
+12.2817	 +2.7695	 -5.1772	 -0.3051	 +0.7766	 +2.1906
 +1.8195	 +2.7766	-10.9585	 +0.8935	 +4.8137	 -0.8300
 -2.5173	 +1.3879	 +7.9669	 +0.1826	 +0.1832	 -1.9503
+32.6064	+37.5558	 +0.1156	 -0.7268	 +1.8909	 -1.9287
 -6.8870	 +4.1174	 +9.0354	 +1.7086	 +1.0863	 -2.3511
 +1.4966	 -7.6706	 +8.5202	 +3.7299	 +0.0777	 -0.8861
-13.1594	 +3.0116	-20.8556	 +2.7267	 +0.7107	 +0.0729
 +1.3385	 +9.9501	 -8.9469	 +0.5714	 -0.6949	 -1.5013
 -4.1484	 +3.4273	 +3.8839	 -2.7289	 -0.9995	 -0.3804
 +2.5519	 +9.3955	 +4.1367	 -2.8247	 +0.2062	 +0.0584
 -0.4033	 +1.1629	 -5.4037	 +0.6206	 +0.6169	 -1.4592
 -9.2383	 -5.3830	 -9.5162	 +1.0672	 -1.6351	 -0.5005
 -3.5123	 -6.5132	 +9.7784	 -0.2005	 -0.5273	 +0.2395
+11.6957	 -2.0850	 -0.3469	 -1.3857	 -0.4808	 +2.8807
 -3.6709	 +0.7566	 -1.6149	 -3.0662	 +2.2289	 +0.2899
 -4.1245	 -3.1509	 -6.3327	 +1.4429	 -1.7293	 +1.9431
 +6.3587	 -0.4857	-10.5477	 +0.2917	 +1.2742	 -0.5690
 +0.5421	 +1.4397	 -5.1895	 -0.0077	 +0.5082	 -2.1274
-16.7178	-15.4766	+13.4242	 +1.2150	 +1.2001	 +3.9150
 +1.2372	 -0.1240	 +1.8864	 +0.1775	 +0.7777	 -0.5584
+12.9665	 -6.6917	 -5.0808	 -0.4534	 -2.4749	 +0.9395
 -6.3064	-10.1886	 -7.2545	 -2.2366	 +0.1774	 +1.8384
-16.6001	 +0.8108	 +8.9397	 +2.4118	 +1.0485	 -1.6795
 -1.8447	 -7.1643	 -2.3540	 +4.0305	 -1.8600	 +2.1704
 +5.3296	 -3.3722	 -9.3932	 +3.7948	 -3.2214	 +1.9603
 -6.0751	 +4.4288	 -1.2494	 +0.0182	 +3.4203	 -2.0062
-15.0942	+27.3417	-42.5541	 +0.5382	 +0.3874	 -1.3154
 +8.6114	-12.5975	-51.1863	 -0.0656	 +0.9733	 +0.3533
 +0.1953	 -3.0363	 -5.7637	 +4.0972	 -0.6628	 +0.4332
-15.3264	 +2.2404	 -7.4755	 -2.4731	 -2.5795	 -2.1349
 +0.4623	 -0.5105	 +1.6902	 -2.5802	 +2.3220	 +1.7267
-12.9746	-15.8941	 -6.0827	 +0.8521	 +2.9721	 +0.0777
-19.8257	-72.0102	 -2.7561	 +1.2480	 +0.7248	 -0.6947
 +0.5603	 +2.4117	 +7.3067	 -1.5202	 -3.0257	 +2.3448
 +1.0093	 +6.8265	 -6.5412	 +3.2512	 -2.5904	 +1.9186
+19.2741	 -7.1749	 -1.7210	 -1.0355	 +1.3288	 -4.3002
 -8.5156	+10.1338	-14.8558	 +3.3686	 +0.1314	 +2.7441
 -6.2998	 +4.1056	-19.2584	 +1.7577	 -0.9594	 -0.2188
-12.4253	 -1.4906	 -8.9525	 +1.4852	 +1.5965	 -0.9477
 -2.9696	 +0.8751	 -1.6764	 -4.5715	 +4.4866	 +0.7604
 +0.1476	 -3.2041	 -4.1736	 +4.1760	 +4.2892	 +1.2360
 -1.6516	 +1.5744	 -3.4811	 -4.7635	 -0.6346	 +1.8982
 -6.8793	-22.3635	-15.5152	 -0.7214	 -0.3904	 +2.2575
 -5.2565	 +2.1977	 +0.1376	 +2.4177	 +2.1594	 +2.2631
 +4.4029	+16.8897	 +7.9371	 +0.3052	 -2.4446	 -0.9646
-58.6922	 -5.2912	 -9.8133	 +0.1796	 +1.2519	 -1.0809
 -4.4837	 +0.2973	 -0.5372	 +0.6377	 +1.6965	 +2.9862
 -2.7743	 -1.6342	 -7.3126	 +3.5380	 +2.4839	 -2.1775
 +5.2389	 -8.5932	 -3.5038	 +1.8283	 +2.9317	 -0.3159
 +1.1308	 +1.3821	 -5.6950	 +1.8771	 -3.2142	 -2.0876
 -5.0126	 -6.0758	-12.1787	 +3.1931	 +1.8258	 -3.8440
 +0.4638	-12.6685	-25.9882	 +0.5797	 +1.8694	 +1.7219
 -8.5139	 +6.9757	 -1.5496	 -0.8978	 +0.7213	 +5.6021
 -8.8183	 +1.8760	-11.1942	 +3.8959	 -0.0660	 -3.0429
 +8.5595	 +1.7532	 -2.8011	 +3.6239	 -2.2755	 -1.1863
 +3.2472	-30.1148	-19.6591	 -0.6555	 +0.3596	 -1.1536
-10.0393	+19.4695	 -1.8172	 -1.3396	 +1.0568	 +2.3965
 -4.8514	 -1.3379	 -3.3882	 +0.1938	 +2.3150	 +2.2424
 +2.0862	 +4.2204	 +5.3066	 -1.3016	 -3.9489	 +0.9848
 -7.2308	 -7.3028	 +5.7429	 -0.2934	 -3.1880	 +2.5961
 -2.9703	 +8.7084	 -3.7623	 +0.7852	 -3.1764	 -3.4501
 +5.2059	 -2.7447	 +6.6029	 -2.1395	 +2.0496	 -1.2954
 +5.3536	 +1.7023	-11.0114	 -4.7148	 -1.1051	 -0.8797
 -1.3111	 +5.8872	 +2.9847	 +1.6678	 +3.9690	 +2.7207
+33.7112	 +6.6624	 +3.6453	 +1.1717	 -0.0328	 +0.8303
-24.0058	+12.5477	 -0.3836	 +0.5404	 +0.3595	 +1.8531
 -4.4681	 -3.8526	 -8.8653	 +0.2157	 -1.2826	 +0.8821
 +5.6801	-19.3930	-18.2691	 -0.8539	 -2.7109	 -2.1406
 +6.6151	-14.2361	 -2.7737	 -0.4322	 +2.7193	 -2.3857
 +9.9629	 +9.9012	 -2.8860	 +1.1699	 -1.0364	 -2.2517
-35.3445	 +7.9130	 -3.9730	 +2.2844	 -0.0696	 +3.3114
 +4.9992	 +2.1458	 -0.0572	 +0.3682	 +4.1525	 -0.3228
 +8.2587	 +8.4222	 +5.4016	 +0.4548	 -2.5600	 +0.4995
 -5.6720	 +6.0364	 -1.9127	 +4.0857	 +1.4677	 +3.0628
-12.3027	 -9.7569	 +7.2788	 -0.7897	 -2.1679	 +1.8981
 -9.9133	 +0.6969	 +1.4789	 -0.4038	 -4.1966	 -0.3700
 -0.2966	-11.7566	 -7.0584	 +2.9471	 -2.5790	 -1.9263
 -1.1952	+14.5401	 -3.2738	 +3.7767	 +2.0043	 +1.6687
+15.5302	+13.5223	-15.6137	 +2.8529	 -1.4382	 -0.1718
-18.5915	 -7.0322	+14.3039	 -0.8326	 +2.7318	 +2.6142
+30.9165	 -6.8995	+67.1532	 -0.0439	 -1.8434	 +0.6782
 +8.8059	 +7.2840	 +5.1856	 +2.2988	 -0.5153	 -0.2224
 -2.0715	-14.2117	 -3.0544	 +2.7220	 +0.4411	 -2.0390
 +2.2650	 +0.2629	 +3.2501	 +0.6877	 -1.2789	 -0.9483
-19.2874	+11.2876	-16.1822	 +1.2898	 -1.2001	 +0.5297
 -7.2026	 -4.9437	 -6.1539	 +2.8468	 +1.9310	 +1.8762
+23.0561	 +3.3312	 -2.7277	 +2.5607	 -0.4569	 -2.1526
-10.1480	-18.4452	 -4.9618	 -1.7718	 +1.5902	 +1.6458
-12.5780	+12.3433	-11.9301	 -2.3382	 +2.7327	 -2.6563
 -4.9742	-21.1736	 +8.2018	 -2.7014	 -1.4967	 +1.8951
 -1.5782	 +3.6451	 -2.5103	 -2.3197	 +1.8498	 +2.7422
 +9.2332	 +7.0894	 -9.8369	 +4.0234	 -1.2686	 -0.3705
 -1.3603	-20.1777	+14.1270	 +1.5531	 +0.2162	 +0.5392
 -0.2845	 -6.9461	 -6.5662	 +1.9371	 -1.6996	 +2.1426
 +2.6540	 -5.8810	 +2.5530	 -4.4200	 -0.4992	 -2.6737
 -9.7872	 -3.2103	 +2.0888	 -0.7178	 +0.6978	 -2.0504
 +1.4712	 +1.4521	 +1.9276	 -3.3260	 -4.6103	 -1.8975
 +4.6586	 -6.5259	-15.4297	 -1.3958	 -1.8243	 +0.1734
+10.4446	 +3.5866	+27.1923	 -0.1404	 -1.8084	 +1.3288
 -1.7312	 -7.2159	 -3.2144	 -3.6972	 -2.7359	 +0.9715
 -1.9589	+11.3879	 -1.4661	 +0.6518	 +2.1065	 +4.4180
 +4.5444	 +2.7251	 -3.6139	 +1.9509	 -0.4188	 -3.3158
-12.3605	 +2.1359	+15.3355	 +1.9520	 +0.0869	 -1.7899
 -2.7013	 -4.0120	 +3.2938	 -3.5726	 -0.5100	 +3.7613
 +3.2600	 -0.4438	 +1.2211	 +1.2628	 -0.7381	 -2.7346
+34.1919	 +9.0461	-19.2346	 -0.4270	 -1.1189	 -0.1580
 -3.6509	+12.1336	-25.8071	 -3.2409	 -0.1960	 -1.7336
 +3.2954	 +0.9488	 +1.7933	 -3.6949	 +1.3365	 -1.1171
 -1.6769	 -4.1450	-10.5313	 +3.8953	 -0.7681	 -0.0118
 -0.6343	 -3.9248	 -2.9104	 -0.3275	 +5.7601	 +0.9985
 -6.0926	 +3.3858	 -0.1188	 -1.1739	 +3.3037	 -3.6270
 +1.6521	+11.3856	 -2.9541	 -0.2112	 -2.8299	 +2.8118
+15.7565	+12.4490	 -1.2322	 -2.5976	 -1.7595	 -1.3870
+26.0536	 -0.7228	 +5.8573	 -1.7581	 +0.8442	 +0.6959
 -0.3486	 +1.7985	-10.2654	 -0.7046	 -1.0480	 -2.3023
-11.4351	 +1.3247	 -0.8570	 -3.3135	 -0.8278	 -2.4933
 -0.7317	 +0.7950	 -5.0297	 +1.9051	 +0.4928	 +0.6067
 -3.0752	+13.4204	 -3.1138	 +1.9039	 -2.0857	 +1.8482
+18.1317	-63.8348	-33.8807	 -0.4114	 +0.8494	 +0.6604
 +2.0499	+11.4571	 +6.7512	 -0.2811	 -2.7669	 +3.0336
 +0.5304	 -3.2228	 -4.3118	 +2.4941	 -0.0957	 -2.1066
 -8.0345	 +3.4599	-10.9546	 +1.2004	 -0.2557	 -1.1691
+11.6204	+18.5774	+30.0520	 -0.9429	 +0.1627	 -0.8202
 -0.9176	 +1.7344	 -0.2008	 +3.3509	 -5.7897	 -0.8161
 +1.2520	 -3.8044	 +5.8290	 -2.4419	 +2.7656	 -1.6855
+16.5942	-19.8251	+23.2866	 -0.5925	 +1.1124	 -1.8994
 +2.5933	 -6.2834	 +0.2538	 -2.2741	 -2.2516	 +1.7267
-72.5467	-58.5717	+27.6509	 +0.5180	 +1.2216	 +0.5356
-14.5885	 -4.0171	-12.7009	 +1.8854	 -0.6419	 +0.0800
+61.2181	+43.7158	+42.0281	 -1.1966	 -1.2366	 -0.3198
 -4.6799	+11.4288	 -9.0659	 -1.6910	 -1.8963	 +2.7198
+10.0761	 -5.0458	 +0.2526	 +0.0106	 -2.4813	 +0.4719
-109.1098	+51.1095	-21.8443	 -0.5528	 +0.7862	 +0.2623
 +5.2317	 -4.2453	-15.9615	 -3.1531	 -0.1198	 +1.0175
 +5.5529	+11.0186	 +4.5390	 +2.1214	 +0.4079	 -0.3973
 +4.2669	 +0.5757	 -1.3360	 +2.3726	 +0.7585	 -4.0339
 -2.7984	 +0.2165	 -4.1605	 +1.0759	 +3.5092	 -2.9705
 +1.0302	 -3.8591	 +2.0489	 -1.8548	 +0.1672	 -1.4891
 -8.9808	 +5.8630	 -2.6670	 +0.9783	 +4.8174	 -2.1100
 -3.3288	 -1.0581	 +0.0400	 +4.3234	 +3.6062	 +0.5045
 -8.0479	 +4.9037	 -1.7849	 +1.6700	 -4.0858	 +1.2060
 -5.7894	 +7.4580	-12.0496	 -0.8286	 +5.4094	 -0.6804
 +6.0831	+11.3694	-12.0580	 +0.0935	 -0.2603	 +0.9894
 +0.9401	 -1.1648	 +1.0375	 -0.5463	 +2.2875	 -1.1542
 +2.6404	 -4.3459	 -1.6728	 +2.1253	 +1.2502	 -3.1279
 +2.0133	 +3.5359	 -4.8794	 +3.7407	 -1.2804	 +3.1588
-32.5565	+10.2165	+12.1737	 -1.5245	 +1.1023	 +0.6292
 -8.6291	 -6.2494	 +2.9984	 +2.0938	 +4.1079	 +3.4053
 -1.1572	 -9.4539	 +7.0432	 -1.4623	 -5.3148	 +2.7367
-15.5212	 -3.5296	 +0.9415	 +0.6320	 -1.0721	 +4.2426
 -0.2192	 +0.3076	 -4.4003	 -2.0854	 +1.2537	 -3.2592
+10.6129	+14.8237	-20.0694	 -1.0162	 +1.2565	 -2.8290
 -1.8534	 +8.7320	 -7.4106	 +3.7012	 -0.6628	 -1.0528
-10.1785	 +1.4717	-13.6643	 +0.5764	 +0.9120	 -1.8453
 +2.6056	+13.0007	 -2.2016	 +0.7146	 -1.7651	 +1.5337
 +3.6941	 +0.6601	 +4.9372	 +1.2428	 -4.3582	 -1.2780
 -7.6561	 +3.8157	 +6.1671	 -1.1488	 +0.2124	 +1.3547
-14.4376	 -3.5373	+16.2776	 -0.8369	 +1.2751	 -0.6728
-42.4779	 +9.3960	 +3.8300	 -2.5227	 +1.5358	 +0.8460
 +0.2456	 +2.8462	 -2.3274	 -0.4354	 +1.4165	 +0.9511
-25.8949	 +7.4282	 +8.8431	 -1.3352	 +4.7050	 +0.3330
 -9.6814	-11.4374	 +7.3988	 +0.5447	 +0.3215	 -0.4927
 -2.0154	 +0.8542	 -1.5221	 -4.6755	 -3.5148	 -2.8387
 -4.8036	 -0.0846	 +2.2987	 -0.0343	 -0.8540	 +1.5298
-16.4832	-51.3001	+31.7428	 +1.8795	 -0.0231	 +0.8991
 -1.8945	 +9.6497	 +1.5565	 -2.0556	 -0.2863	 -1.3568
 -3.4720	 +0.7252	 -7.6739	 +4.5360	 -0.0326	 +0.4886
 +2.7088	+16.0983	+13.5323	 -1.7953	 +0.5369	 +2.2752
 +4.9070	+13.7068	+16.1802	 +0.5222	 +2.0759	 +1.0324
 -0.2999	 +5.1391	 -3.0758	 -0.4395	 +2.6920	 -3.7056
 -5.4850	 +5.9392	 -0.8050	 +0.6247	 +2.2894	 -0.5711
 -1.4084	 -1.9091	 -7.6225	 -1.7424	 -0.9326	 +2.8287
 -2.7261	 +2.4792	 -1.6166	 -0.5154	 +1.5757	 -1.7007
+10.0234	-10.4918	 +2.9810	 +1.4201	 -3.2521	 -0.5981
 -2.3699	 -1.3327	 +0.4889	 +0.6181	 +2.6159	 -3.8759
 -3.5012	+22.1422	 -1.3193	 +1.7849	 +0.1042	 +2.7195
 -5.8939	 -3.0398	 +0.5548	 -1.5233	 -3.9259	 +1.6687
 -5.6387	 +3.0568	 -1.5400	 -0.2824	 -0.4067	 +1.8495
+18.9769	+15.1917	 -3.0998	 +0.7690	 -1.9265	 +0.3134
-12.8559	 -2.1727	-11.0482	 +2.0766	 +0.1186	 -1.2396
 -1.4701	 -0.9464	+13.4978	 -1.2582	 -1.3209	 -2.3272
 +2.1748	 +1.4738	 -1.4240	 +1.3246	 +0.6852	 +2.3139
+10.6911	 +7.5495	 +4.9287	 -1.6775	 +3.6056	 +0.0963
 -0.1183	 +4.7209	 +1.4362	 +6.0108	 -2.6748	 +0.9263
 -5.9017	+11.2018	 -4.9161	 +2.2416	 -1.3446	 -1.0836
 +4.8175	+14.4819	-17.9934	 -0.2239	 +1.6242	 +1.1162
+10.6739	 +1.4802	 -5.6922	 +1.5250	 -3.6649	 +0.1630
-11.4330	 +0.1550	 -1.8611	 +0.5643	 +2.3625	 -0.4425
 +0.3894	 +7.3046	 -8.4537	 -0.6074	 -2.3997	 +0.5008
-11.4823	 +3.7934	 +8.7043	 -2.8032	 -0.0657	 +2.2348
 +8.5491	 -9.7083	+35.1418	 -1.0053	 +0.7762	 +2.1417
 -2.8175	 -6.7685	 -0.7309	 -0.5207	 -3.0055	 -3.0457
-16.2177	 +4.5003	 +0.7960	 -0.2767	 +3.8228	 +0.0010
 +2.7481	 +0.5673	 -1.9849	 +2.0774	 +0.5323	 +0.2528
+17.5305	 -9.7350	 +8.9691	 +0.0644	 +0.5464	 -0.5810
 -2.7725	 -5.1975	 -0.3793	 +3.0399	 -2.8796	 -0.6474
 -0.3176	 -5.7589	-10.2333	 +0.9586	 +5.7074	 -2.4282
 -1.9237	 -2.0820	-12.3715	 -3.1046	 -2.3353	 +0.8338
-23.5783	 +5.9464	-39.8661	 +1.0090	 -1.0929	 -1.2254
+15.4419	+17.2182	+29.2950	 -1.0041	 -0.8316	 +0.8688
 +4.9107	 -2.6240	 -1.7134	 +0.5683	 +0.5989	 +1.0615
 +3.0130	 +8.0153	 +2.8375	 -1.7744	 -1.0674	 -2.0446
 -5.2109	 +7.8541	+25.0232	 -1.2242	 +0.8075	 -2.5136
 -9.7466	 -3.1972	-10.4959	 +2.0635	 -1.9099	 -0.6403
 +2.0246	 +2.7180	 +0.9544	 -4.6949	 -0.3653	 +0.4952
 -7.9520	+14.5545	+13.0297	 -1.7402	 +1.3235	 +0.1330
 +3.6269	 -8.9815	-10.4682	 +0.6037	 +0.8343	 -2.0673
 -5.5064	 -1.8940	 +5.6927	 +1.7357	 -5.0751	 +1.0703
 -0.5122	 -2.4830	 -4.5228	 -2.7939	 -2.7648	 -0.8005
 -5.5616	 +4.6844	-11.8775	 +3.2252	 -1.1695	 -0.2251
-20.0233	 -0.9930	-17.2554	 +2.3875	 +2.3108	 +0.8952
-13.0560	 -6.8928	 -3.1439	 +0.6165	 +0.1887	 +3.1627
 +4.1554	 -1.0806	 -2.7644	 +1.3894	 -0.6176	 -2.5544
 -5.1298	 -4.2681	 -0.7289	 -0.6710	 +2.1310	 -2.8810
 -3.2426	 +6.6267	 +3.2808	 +0.7889	 -3.7989	 -0.9607
 -2.0770	 +2.4162	 +1.8603	 +1.2242	 +1.9148	 -2.8697
+21.5929	-14.7853	 +3.6787	 +1.5770	 -0.3204	 +1.1951
-14.3174	+19.0759	 -7.1004	 -1.3082	 -0.0482	 -1.0683
-10.3010	 +4.6444	 +2.5899	 -2.0134	 -0.9784	 -1.8169
 +1.1254	 +6.2668	 -6.3241	 -0.9953	 -2.5470	 -3.9633
-12.9593	-11.7211	+10.3271	 -1.5165	 +1.1575	 +0.1066
 +6.6055	+11.0659	-21.4246	 +2.8152	 -0.7327	 +1.7285
 -6.8184	 -5.8676	 -0.5684	 +5.9506	 +1.3781	 -0.5888
+20.2047	-12.0143	-26.0478	 +0.2677	 -0.2126	 +1.8278
 +3.2363	 +0.5906	 -4.1873	 -3.9937	 -5.9813	 +0.2208
 -6.1059	 +1.5255	 -5.2219	 -1.8153	 -2.1766	 +2.6923
 -1.5649	 +0.2322	 +0.2318	 +1.1560	 -1.8842	 -3.0147
+23.1752	 +5.2077	 +0.0877	 +0.4061	 +1.9004	 -0.2296
 +7.5566	-12.2684	 -4.6721	 -3.2912	 -0.2016	 -4.2617
 -1.6290	 -6.3702	 +3.0402	 -4.3457	 -0.0920	 -4.8286
+20.5943	 -7.1893	 -6.5029	 +1.4221	 +0.7701	 +0.0987
-18.9451	 -2.4411	 -4.5999	 -1.3966	 -2.0549	 -0.4241
 -7.2394	 +6.2274	 +5.8777	 +2.1395	 +1.7440	 -0.8428
 -9.6458	 -4.2520	-10.0008	 +1.4025	 +1.9944	 -0.9339
-15.5338	 -3.0503	 -1.4693	 +0.2644	 -0.3883	 +0.9037
-17.0799	 -3.9922	 -7.9792	 -1.6418	 +1.5131	 -3.0617
-23.6644	 -8.9216	 -5.7607	 -3.5429	 +2.4619	 +0.7621
 +2.4430	 -1.8748	 +6.4352	 -3.2849	 +2.5687	 -2.9243
 -0.4775	 +1.1530	 -3.3202	 -0.7556	 -4.3392	 +1.8471
 -2.9648	+16.7281	 +0.9788	 -1.0128	 +2.3841	 -2.5463
 +2.4891	+13.3594	 +2.8417	 +1.6035	 -3.0005	 +0.7858
-12.6862	+14.1791	-48.6777	 +0.0901	 +0.0579	 -0.3083
 +9.6426	 +5.5696	 -1.7310	 +2.3783	 +3.1318	 -0.4050
+12.4720	 +7.7082	-12.0025	 +2.4866	 -1.3276	 -2.5133
-14.2331	 -3.0626	 -1.7725	 +1.5655	 -0.1668	 +3.1690
 -7.4038	+15.3350	-21.0055	 +0.8518	 +2.8057	 +2.4422
 -0.0356	-13.9010	 -3.6270	 -0.9895	 +2.3491	 -1.7313
 -4.6163	 -1.7209	 +1.6354	 -0.7203	 -3.7065	 -1.2151
 +1.7336	 -1.8031	 -7.1798	 -5.7262	 -0.2741	 -0.2344
 +2.9818	 +0.5158	 +1.6409	 -2.4388	 +0.1700	 +1.8923
 -9.5108	-11.9704	 -1.0715	 -0.2828	 -2.2384	 -0.1527
 -1.9426	+24.9995	 -0.2558	 +2.8625	 +0.1521	 -2.7179
 +0.1296	 +2.5881	 -4.6596	 -0.4177	 -0.1372	 +0.8029
+10.1925	+10.0278	 +7.4439	 +0.7952	 +2.2150	 -1.1505
 -5.6756	-10.3865	 -5.0801	 +1.4964	 +1.8010	 +3.4109
 +3.1024	-10.4300	+17.7650	 -1.4635	 +0.6587	 +0.5559
 -3.8692	 -1.1838	 -8.5864	 +1.6524	 +0.6428	 -2.5220
 +3.3696	 +1.7932	 -8.8560	 +1.7414	 +1.0068	 +0.2214
 +6.4779	 +3.7009	 -0.2108	 -2.4015	 +0.9913	 -0.4182
 -1.7046	-18.3355	 +6.3981	 -2.4748	 +1.2581	 +0.5612
 -2.9031	 +5.1413	 -4.3508	 -1.8933	 +0.8561	 -0.7768
 +2.1505	 +0.4202	 -3.7680	 -1.4391	 -1.1806	 -1.1353
 -5.1184	 +1.0954	 -1.4928	 -1.8079	 +1.1132	 -3.3738
 -0.8275	 +7.2712	 +0.5462	 -0.2138	 -0.1106	 +0.6502
 -2.6667	 +3.0191	 -1.7662	 -3.2975	 -1.8000	 +2.3928
 +9.4786	 -2.5566	 +5.3425	 +1.7725	 +0.0668	 -1.1202
-13.4484	+21.8130	 -7.9044	 +0.8928	 -1.8426	 +0.8834
 -4.8795	-10.9137	-16.2863	 -0.4506	 +2.4760	 +0.7312
 +6.3713	 +1.8805	 -3.3958	 +0.2782	 -4.2539	 -1.1138
 -2.4159	 -0.7379	 -0.3479	 -2.8685	 -1.5821	 -0.8220
 -2.9650	 +6.5196	-10.0140	 +0.1375	 -2.1399	 +0.0934
-18.4013	 +2.0421	+17.3616	 -1.4174	 +0.1863	 -3.7582
 -0.7476	 +5.9077	 +1.3714	 -2.9166	 +1.6455	 +6.4809
 -0.5103	 -2.4339	 +1.4612	 +0.5673	 -1.0132	 -0.2112
 +1.3167	 +1.7696	 -1.9021	 +1.1593	 +1.1629	 -0.9044
 -0.5562	 +7.6070	 -2.6505	 +3.7740	 +2.7294	 +0.6738
 +0.5120	 -3.9233	 +4.3201	 -1.9525	 -1.7511	 -4.2878
+22.1443	 -5.5812	 +6.7885	 -2.3086	 -1.6783	 -3.0476
 -0.4722	 -0.7859	 +1.7101	 +0.5326	 +3.9028	 +0.7840
 -1.9044	-34.0869	+57.8299	 -0.3757	 -1.1948	 +0.5454
 +0.4840	 -3.5043	 +0.5903	 -0.0115	 -4.4207	 -0.3996
+38.8481	+36.0343	-30.7201	 -1.7108	 -1.1675	 +0.5509
 +2.1309	 +5.3820	 -4.9457	 -0.0319	 -2.2436	 +2.9869
 -1.0400	 +2.3784	 +2.6051	 -1.0210	 -2.9181	 -2.4365
+52.1325	 +1.7062	-45.5632	 -0.2609	 -0.1698	 +1.4693
-15.0466	-31.3202	+26.1794	 +2.5199	 -2.0656	 +1.6618
+104.1399	+59.1840	+16.2667	 +0.0629	 -0.7855	 -1.6055
 -0.9882	+31.3987	 +4.2054	 +2.8260	 -0.7773	 +0.6660
+22.8360	+67.0296	-34.0198	 +1.1792	 -0.3370	 -0.0013
 -8.9495	-10.0272	 +1.1057	 -0.1390	 +0.1040	 +2.2910
 -9.4733	+18.3370	 -3.8108	 -3.0065	 -0.9397	 +1.0720
 -5.5262	 +1.9049	 -9.7345	 -5.9542	 -0.3844	 +4.1947
+11.0792	+27.1829	-48.8419	 +0.7410	 +2.7125	 +0.1449
 +6.2299	-12.8689	+43.0889	 +1.5072	 +0.9145	 -0.9079
+24.2479	 +5.9163	 +2.0490	 -2.0588	 +1.5785	 +0.9372
 -4.7216	 -1.3528	 -6.9268	 +2.0352	 -4.1547	 -1.9081
 +5.3061	 -8.3141	 -5.8852	 -4.7650	 +1.4437	 +0.9853
 +6.4346	 -4.2242	 +0.8905	 +2.9230	 -1.2361	 -3.3613
 +0.9159	 -2.4035	 -6.9402	 -2.9081	 -2.1917	 +4.2216
-11.5133	-10.3369	 -6.8489	 -0.7259	 +1.2735	 +0.5743
 -5.6923	 -4.4568	 -3.1618	 +2.9475	 +2.1664	 -0.0488
 +1.4458	+24.9616	 +6.9952	 -1.1954	 -1.7165	 +0.8909
 +3.5627	 +3.3467	-15.4371	 +0.4268	 +3.5095	 -0.6724
 +9.3134	+15.1733	-25.8280	 -1.5108	 +0.2747	 -0.2646
 -3.2310	 +5.6767	 -1.3926	 -2.1922	 +5.6777	 -0.6162
+18.7623	-21.7937	-10.7840	 -0.9771	 +0.6634	 -1.0849
 -3.9195	 +1.3005	 +2.9611	 -1.3612	 +1.6346	 +0.6520
 -2.8603	 +3.2621	 +0.3223	 +1.1354	 +2.1754	 -2.9352
+12.9861	-19.2164	 +0.4505	 -0.6627	 +0.5619	 -0.3912
 +1.8858	 +4.6730	-16.0127	 +0.4010	 -2.3684	 +2.0483
 -1.5446	 -5.7786	 -3.2520	 -3.3144	 -1.2185	 +6.2508
 -1.4171	 +6.2033	 +4.6704	 +1.4207	 -0.2610	 -4.3653
 +1.6787	 -2.4932	 +7.4858	 +0.5485	 +0.6121	 -1.9367
-23.2856	+22.7802	 +7.7802	 -0.2202	 +1.9870	 +0.9389
 -3.1011	-10.1930	 +2.8745	 -3.2865	 -2.7100	 -1.0812
-11.1084	 +6.7497	 +0.6086	 -4.1677	 -2.1643	 -0.7443
+10.2343	+10.7510	 +5.4297	 +4.4590	 -0.0261	 +1.4843
-10.1269	 +4.7588	 -5.4503	 -3.6825	 -0.0774	 +1.3365
 +2.6339	 +1.2935	+12.3723	 +1.5299	 -1.3779	 -1.1413
-15.2096	+65.9530	+20.5843	 +0.7216	 +0.3254	 +1.2689
+19.0236	 -6.9821	 +6.1395	 +1.8901	 +0.9417	 -0.6771
 +3.1925	 -7.3798	 +6.0220	 +1.8799	 -3.7491	 +1.2695
-12.4266	-33.9235	+25.3617	 -0.8958	 +0.3834	 +1.1711
-41.3603	+34.9435	+25.9059	 +1.1867	 -0.1615	 -0.5965
 -0.6722	 +3.9481	 +2.7508	 +1.6695	 -2.5126	 -1.2337
 -6.1776	-17.5224	 -6.6705	 +2.8840	 -0.2603	 +0.6689
+10.9775	 +7.8737	 +1.1785	 -3.3237	 +2.4224	 +2.2697
 -6.8144	 +3.0403	 -5.1717	 +1.1908	 -5.6734	 +3.1190
 +1.0153	 -1.6623	 +3.1015	 +5.9891	 -0.9792	 +1.4122
 +6.4112	+12.7137	 +5.9921	 +3.4365	 +0.0195	 +1.7531
 +4.3921	-32.1252	+110.2839	 -0.2979	 -1.4640	 +0.5750
-23.8829	+12.5524	 -3.4708	 +0.0256	 -2.8253	 +0.2605
 +3.9902	-13.9151	-17.5952	 +2.5771	 +0.6125	 -1.5813
 -2.8391	 +1.6242	 +2.8228	 -2.4356	 -3.4546	 +1.1900
+13.5464	 +2.5423	-12.5622	 -3.1223	 -2.3043	 +1.2564
 -5.4154	 -6.5932	-20.6022	 -0.6374	 -0.0180	 +1.9253
 -1.6282	 -6.5302	 +5.6173	 +3.4026	 -1.7073	 -3.1402
+26.0388	-25.8472	+39.3752	 -1.2921	 +1.0884	 -0.2962
-11.6522	-16.1499	 -6.3488	 +2.4268	 +0.0226	 -3.6666
 -1.9260	 -5.4814	 +1.9222	 +0.8959	 -5.1067	 -0.9975
 +4.6920	 +0.5847	 -1.4815	 +2.2997	 +5.1083	 -2.7348
-14.8336	 +5.4846	+15.5540	 -1.9781	 +1.9391	 -1.0318
 +8.5661	 -8.5897	 -2.9670	 +1.8889	 +3.9422	 +1.9801
+13.4180	 +6.4486	 +7.2121	 +1.3562	 -3.3398	 -2.1995
+15.2069	 +1.4945	 +4.5662	 -3.1266	 -0.4289	 -1.3405
 +0.0087	 -2.7170	+22.2770	 -0.3225	 +2.9584	 +0.8732
 +3.7288	 -6.2096	-13.7404	 -0.1102	 -5.5143	 +1.2087
 -3.0226	 +2.7543	 +4.3628	 +3.0498	 -2.3881	 +1.7156
 -2.9058	 +0.3847	 +3.5472	 -2.7246	 -1.2306	 +2.2852
-14.6605	 -4.4180	-10.2132	 -0.8547	 +0.6986	 -0.6008
-13.7207	 +2.7965	 -0.1315	 +0.9977	 +1.4064	 +0.8227
 +1.7771	 +7.5982	 -9.4057	 +0.2483	 +1.1619	 +1.9331
-20.9248	 +1.7515	 +8.2971	 +4.1438	 +0.5229	 +1.8894
 -3.4352	-10.7079	 +0.3623	 +1.1352	 -0.2491	 +2.9814
 -6.7837	 -1.7949	 -4.1706	 -0.0028	 -0.7168	 +0.3652
-12.1121	-12.6384	 +0.0733	 +0.4474	 +2.2700	 +0.7677
 -2.6258	 +8.8416	 +4.7632	 +1.7656	 -1.2461	 +0.0358
+27.8264	+22.3600	 -5.1297	 -0.6995	 +1.0031	 -0.2653
 -6.7825	 -9.0739	 -0.5294	 +1.4409	 -0.9891	 +0.7589
+25.7557	 +1.4675	 +6.6821	 -0.6551	 +2.2881	 -0.6979
 -1.6442	 -4.2790	 -4.7990	 -4.2743	 -0.2662	 -3.4623
 -4.9976	 +2.4577	 -8.2245	 -0.8133	 +2.6044	 -0.4045
 -5.8058	 +5.7050	-12.0163	 +4.2815	 -3.4491	 -0.8385
 +1.6824	 -1.7881	 +2.7228	 +0.5132	 -4.4954	 -1.5283
 -6.6518	-21.5200	 +6.3743	 -0.0711	 -3.6568	 -1.5578
-12.7022	 +9.4104	 +7.1928	 +1.2656	 +0.6705	 -2.8516
 -3.6011	 -6.2518	 -4.6325	 +1.1297	 +4.9805	 +2.1899
-14.3321	 -9.4614	+16.0207	 -3.3574	 -0.7052	 +1.1597
 -4.5072	 -0.3690	 +2.3835	 -6.9222	 +0.7334	 +0.0429
-15.8715	 -5.1738	 -7.1888	 -2.2995	 -2.8751	 +1.0607
 -0.9487	+25.4666	-13.4255	 +1.6955	 -2.0268	 +2.0817
-13.6759	+10.4067	 -4.4446	 -0.2363	 +3.1117	 +1.3483
 +6.5418	 -7.8521	 +5.6179	 -3.6404	 +1.0612	 +0.0912
+14.1039	-24.6029	 +1.1310	 -0.9582	 +1.1499	 +1.6396
+11.9585	 +1.2097	 +1.6625	 -0.8035	 +2.9463	 -1.0714
 +6.9202	+36.6235	-15.8266	 -0.0725	 +1.7632	 +2.1877
 +3.2557	 -3.5564	 +3.7267	 +0.8554	 +0.1229	 +3.2624
 +0.4099	 +8.4106	 -1.2605	 -3.3971	 +0.7373	 +0.2518
 -3.1065	 +1.0758	 -3.9431	 -1.6636	 -3.6376	 -1.6102
+86.8725	-28.7365	+52.7420	 +0.1559	 -0.9329	 -1.3595
 +1.4911	+12.6301	-13.0312	 -2.4080	 -1.6506	 -1.8230
 -2.4822	 +0.5577	 -7.8476	 +2.4104	 -3.5994	 -2.4543
 -2.8198	 -0.5159	 +7.4772	 +1.8697	 +0.9462	 +0.7146
 +3.0695	 +4.0751	-13.8745	 -0.7793	 +2.4787	 -1.2469
 -8.2375	 -2.1228	 +4.6718	 +2.4222	 +3.2657	 -3.2152
 +0.2929	 -1.1330	 +1.6480	 +1.9224	 +1.4988	 +3.5923
 +5.3627	 -4.5278	-10.0356	 -1.2256	 -3.2853	 -1.2247
 -8.2965	 +1.4258	+18.2856	 +2.1596	 -1.0642	 +2.6786
 +4.8041	 -7.7497	 +7.0642	 -3.2466	 +2.5961	 +2.6420
 +3.9071	+14.2427	+22.4521	 +0.6333	 +0.9835	 +3.9389
 +9.9838	 +4.9417	+13.3683	 +0.9737	 +0.9053	 +2.5087
 +7.9018	 +0.1612	 -2.4375	 -1.2474	 +1.3177	 +0.1464
 -4.6145	 -9.2000	+22.0752	 +1.3533	 +1.0500	 -0.6593
 -8.0453	 +0.5342	+17.2219	 -1.7717	 -2.2183	 -1.8262
-21.0515	 +0.7879	 -8.5913	 +1.0768	 +1.0367	 +3.6568
 +5.9033	 +4.3849	 +3.7828	 -2.7187	 -2.2285	 -1.2747
-40.6919	+20.9562	 +0.1140	 -3.0524	 +1.4507	 -1.0390
 -3.1332	 +0.8888	 -3.1774	 -0.1561	 -7.4651	 -0.0043
-14.3260	 +0.2703	 -1.8828	 +1.7363	 +2.8258	 +2.2519
+19.2227	 +7.1194	 +8.8449	 -1.0934	 -0.9073	 -1.6158
 -5.4702	 +5.9653	+10.9821	 +1.9180	 -0.0958	 +2.0488
 +4.9533	-19.7510	 +3.8867	 -0.4753	 -0.7759	 +0.9218
 -4.6664	-13.5023	 -0.9144	 -2.3120	 +1.7877	 -1.5949
 -0.8992	+12.3727	 +4.5253	 +0.7650	 +0.4186	 +1.3437
-92.7889	-169.9784	+26.1410	 +1.0915	 -0.0022	 -0.0969
 +6.6650	 +3.9908	 +2.4781	 -0.4503	 +0.1379	 -0.0892
 -0.1641	 -6.9694	 -3.8504	 -3.6302	 -0.9344	 +2.4716
 -0.6827	 -3.8988	 -2.6811	 +4.4061	 +2.2797	 +1.9668
 -9.1913	 -0.4244	 +5.0894	 +1.4259	 -2.8054	 +5.0986
 -9.9731	 -1.7836	 -4.8005	 -2.7732	 -0.0264	 +5.1977
 -0.1948	 +3.0801	 -6.5626	 +1.3429	 -2.8417	 -0.9197
 +2.9286	 -5.4106	-11.3965	 -1.7383	 -0.3986	 -1.5554
-15.3406	 -9.2012	+23.1316	 +1.5512	 -3.1450	 -0.9436
 +4.6377	 -0.2474	 +0.4291	 -2.1053	 +4.4071	 +1.7145
 +3.3693	 +3.4824	 -2.9187	 -0.9620	 -0.9388	 -2.3522
 +3.3223	 -9.1826	 +1.7983	 -2.4893	 +2.8353	 +2.9357
 +0.5103	 -1.0580	 -1.4439	 -1.0847	 +5.3201	 +4.6104
 -5.0128	 -2.9999	 -2.0177	 +5.3461	 -1.4916	 +0.5743
 -2.4908	 +4.4882	 +6.6893	 -2.8606	 +1.3048	 +1.8766
 -2.7539	+19.5446	 -7.7149	 -0.7930	 +3.0041	 +2.5257
 +9.2891	 +3.0482	 -6.6535	 +1.1399	 -1.7249	 +1.3134
 -4.1494	 -1.9116	-11.5478	 +0.7905	 +0.9334	 -2.7518
 +0.2656	+29.0136	-31.8979	 +0.2073	 -0.9606	 +2.3244
 -0.9478	-19.7807	+41.4317	 +0.4409	 +0.5193	 -1.7011
+18.0025	-22.3270	 -7.5341	 -0.4558	 +2.9508	 -1.3186
 +1.7951	 +3.8729	+16.7524	 -1.5961	 -1.1395	 -1.4035
 +2.3314	 +1.8730	 +5.9519	 -2.4306	 -2.1227	 -3.5836
-11.5346	+14.6079	 -0.1825	 -2.6318	 +0.1680	 +1.1882
 +5.1128	 -6.8661	+29.8695	 -1.5021	 +1.2271	 -0.8960
-47.2325	+19.8170	-75.7145	 +0.9914	 +1.8960	 -0.0308
 +8.0746	 -3.0673	 -1.2737	 -0.4888	 +3.0420	 -0.2504
+13.5316	-17.6979	 -5.0717	 -0.5216	 +1.2775	 +0.7283
 -3.1234	+15.1639	-13.1262	 -0.3009	 +1.4452	 -1.1167
-27.5651	 -2.8955	 -7.3787	 -0.3953	 +1.0987	 -0.0536
 +0.6855	 +2.7928	 -0.1979	 -0.8546	 +3.8077	 +2.7150
 -3.8773	 +6.2968	 +5.3602	 +1.5527	 +0.1443	 -2.4237
 -4.4127	-27.4883	-15.7058	 +0.7467	 +2.7681	 -1.4271
 -3.3508	 +9.9778	 +1.1518	 +2.3965	 +3.1839	 +0.7499
 -5.6894	 +4.4248	 -2.2328	 +0.0332	 -2.6048	 +1.8135
 -0.4219	 -2.7415	 +8.4747	 -2.6359	 +0.6020	 +1.6138
+20.2950	+16.1848	-33.7470	 -1.0428	 -0.9401	 +0.3301
+29.8763	+40.8661	+68.3941	 -1.0334	 -0.5545	 +1.1094
 -4.1821	 +3.7130	-22.8451	 -1.7260	 -2.5629	 -0.9021
 -0.1712	 -8.7356	+13.4968	 +3.0627	 +0.2543	 +2.9590
 +1.3516	 +1.8548	 +2.5249	 -0.6945	 +0.1721	 +0.2320
 +2.0217	+17.4909	 +7.0014	 +1.7239	 -0.6868	 +0.0337
+68.5973	+28.4001	+34.3585	 -0.6134	 +0.1966	 +0.6804
 +2.4848	 -4.5918	 -0.0332	 -1.6956	 +2.1104	 -4.6339
 -0.8907	 +8.9431	 +1.7525	 -0.7996	 -2.2317	 +2.9586
-15.0398	 -8.4921	 +3.3803	 -0.7263	 +0.9977	 -3.2131
 +3.1262	 -3.6656	 -2.5293	 -1.4734	 +1.7939	 +4.0164
-41.8008	+10.8709	 +9.4498	 +0.8956	 -1.1030	 +1.8732
 -1.5666	 +2.0939	 -7.2369	 -0.8316	 +4.9227	 -2.9367
 +0.7070	 +4.4043	 -3.2642	 +1.5470	 +4.3260	 -3.9903
 -3.8740	 -9.8843	 -2.0935	 +3.5884	 +2.9775	 +0.8982
-10.0808	 -0.0371	+29.6372	 +1.8028	 -0.1925	 -0.4994
 -6.8540	 -0.4138	 +8.4896	 -1.2586	 -4.8163	 -0.8483
-11.1497	 +9.6998	 -0.1925	 +1.1899	 -4.5352	 -1.0227
 +8.1182	 -3.2027	 +4.2704	 +1.1760	 -1.0946	 +1.2592
 +8.0915	 -3.9993	 +9.3417	 -3.6597	 -3.5412	 -1.9026
 -0.3248	-12.7277	 +8.1199	 -0.1607	 +0.8789	 -0.2058
 +4.8017	 +4.6830	-25.1628	 -1.6624	 +4.1208	 -1.1306
 -2.7195	 +4.8244	-10.5603	 -1.7110	 -3.0155	 +1.9065
 +1.6641	 +3.0113	 -0.5659	 -3.8359	 +1.5721	 +4.7999
 -1.1535	 -0.1416	 +5.4807	 +0.7841	 +0.5418	 -0.9317
 -5.0782	-20.8980	-11.7781	 +0.5894	 -0.2118	 +2.9286
 -9.6936	-10.7636	-16.3451	 +3.0564	 -1.1362	 +0.8952
 -3.1493	 +4.1946	 +0.0090	 -1.4891	 +0.1405	 +0.5370
 -3.8380	 -9.5811	 +9.7321	 -0.5957	 +0.7013	 -2.7623
+17.2832	+13.9932	-11.5526	 -0.3122	 -1.0943	 -2.4107
 -7.2074	 -6.2865	 -4.7463	 +2.2191	 -0.2274	 +0.0538
 +3.3265	 +1.0831	 +3.7241	 -2.0942	 +4.9548	 -0.3094
 -1.7729	 +1.4177	 +3.6671	 -0.7460	 +3.9708	 -1.5320
 -1.4339	+12.6392	-26.0762	 -3.5038	 -1.8002	 +0.1029
 -5.6988	 -4.4962	 +2.2433	 -0.4830	 +1.7349	 -0.8999
+18.2132	 +7.7074	 +3.4856	 +3.5461	 +1.2621	 +0.7756
 +2.3253	 +9.2173	 -3.2336	 +1.4386	 -1.3869	 +3.3705
 +4.3629	 +2.2500	 +4.0635	 -0.5201	 -4.7497	 +0.4159
-14.6310	+18.8741	+11.4214	 -0.0813	 +0.9053	 +0.1880
 -2.1140	 -1.5301	 -3.7032	 +0.5801	 -1.2983	 -0.2692
-15.3712	 +6.2746	 +7.6233	 -1.5208	 +1.1840	 -3.6412
 -5.6019	 +6.6489	 -1.6416	 +0.5710	 -1.3250	 -1.7169
 -3.1061	 -2.0493	-10.1281	 -2.2285	 +0.6791	 -1.0387
 +4.3924	 +4.4435	 -7.7186	 +1.3224	 +0.8506	 -2.4208
+22.5895	+12.9496	 -0.5254	 +0.1068	 -3.1049	 -0.2299
-84.1862	+42.8966	+24.4895	 +0.1101	 +0.1069	 +0.6131
-10.7185	 -2.6437	 +4.9685	 +2.8450	 +3.9320	 +2.5398
 -7.3499	 -2.7661	 -0.8217	 -0.5448	 +2.5034	 -1.7273
 -1.7894	 +5.5255	 -5.5200	 -3.9702	 +2.9590	 +1.5216
 -9.3819	 -3.7056	 -0.3411	 +1.0740	 -1.3778	 +1.7370
-20.0760	+12.0270	 +5.9511	 +0.1247	 -1.4328	 -1.9748
 -8.5952	+13.0047	-30.1675	 +0.8026	 +1.7561	 -2.1237
-16.8861	-18.7596	 -4.2923	 +0.0592	 -1.6738	 +2.9989
 -2.5297	 +1.2010	 -3.8611	 +1.4446	 +4.6629	 +1.8177
 +1.3651	+12.3158	 -8.0094	 +0.8134	 +1.2105	 -3.2864
 -1.7534	 +0.4887	 -9.1386	 +1.8705	 +0.6105	 -0.4191
 +6.1045	 -2.1694	 -3.1094	 -2.2153	 -0.0686	 -1.1551
 -6.5577	 -3.5585	-14.4768	 -3.2241	 +0.9678	 -1.9499
 -7.2912	 +0.2546	 -0.6774	 +2.2288	 +4.2907	 -4.2260
 +3.7046	 +1.4095	 +4.8175	 +0.1629	 +0.5202	 +0.8309
+30.9781	+21.2784	 +6.2084	 -1.3646	 -1.8016	 +1.8318
 +8.1027	 +4.0347	-17.3343	 +3.1238	 -3.0571	 -0.5673
 -5.9428	 -2.3467	 +6.4950	 -1.2475	 -3.3935	 -2.4897
 -5.2196	 +3.2542	 +0.9846	 +3.4282	 -4.4974	 -2.0363
+22.2848	 +1.9117	 +1.1742	 +1.1156	 -0.5499	 -0.3650
 -2.4659	 +2.6425	+10.6464	 +3.8649	 -1.0753	 -1.3537
 +6.4857	-13.4897	 -3.0277	 -1.9445	 -1.9970	 -1.0890
 +6.9905	-12.7207	 +4.0083	 -2.0094	 -3.3578	 -0.4916
 -0.2317	 +3.6650	 +3.3265	 +0.6458	 +3.6618	 -3.7663
+12.8135	 -8.4800	 +0.0929	 +1.1209	 +2.0825	 -1.8223
+18.8717	 +6.1390	 -9.5496	 +0.8002	 -3.7100	 +0.3840
-34.7817	-18.2832	+16.9438	 -0.3328	 +0.1028	 -3.0064
 -1.2019	 -8.3388	+12.0112	 +1.9151	 -0.6403	 +1.5605
 +1.4497	+12.0939	+15.6140	 +1.2460	 -0.8072	 -2.6093
 -9.7599	-11.0386	 -2.2924	 +1.4638	 +4.0454	 -2.8143
 +5.0680	-12.3309	 +0.9227	 +3.5110	 +1.2554	 +1.9581
-10.2146	 -4.5638	 -9.3042	 -2.7807	 -2.1433	 +0.6720
-40.7576	+25.7610	+37.2110	 -0.1048	 +0.5843	 +0.3413
 +5.2183	 +2.3834	 +4.9352	 +5.9883	 -0.4441	 +0.0099
 +2.7081	 +0.8353	 -5.4708	 -0.9937	 -2.1260	 +2.1511
 +3.8500	 +8.2236	 -7.6601	 -1.3452	 +3.8036	 +3.0308
 -3.0671	 +4.9242	 +1.3355	 -2.8045	 -0.9999	 +4.7680
 -4.1239	 -1.9488	 -4.7696	 -1.0850	 +5.9522	 +3.9170
+43.8334	 +6.0895	-16.7067	 -0.6060	 -0.7242	 +0.2527
 -0.7553	 -4.2245	 +1.1535	 +2.0736	 +3.6072	 -1.0579
 +9.0932	 +2.6320	 +4.2519	 +0.1705	 +2.2870	 +3.1180
 +6.8876	+13.9606	 +2.3869	 -0.4119	 -2.7462	 +2.1504
 -3.6009	-15.3106	-34.1644	 +1.0195	 -0.8268	 +0.8049
 -4.0805	 -0.5809	 -7.5903	 -1.5705	 +2.6198	 -2.4474
 +3.6610	 +1.6356	 +8.0431	 +0.6683	 -1.1033	 -2.0725
-102.9725	-32.5994	+85.5411	 +1.3885	 +0.1658	 -1.2262
 -3.1800	 +8.9415	 -7.2472	 +3.2850	 -1.8795	 -3.3039
+12.5205	-36.3271	 +7.6354	 -0.9520	 +1.6819	 +3.6109
 +2.7994	-24.4808	 -2.5425	 +1.0268	 -1.1862	 -2.2969
 +1.2014	 +0.8736	 +3.1994	 -2.4162	 -0.0710	 -3.2693
 -5.3361	 -4.0244	 -1.7115	 +0.8364	 -4.8119	 -3.3797
 +3.4799	 +7.0759	 -8.7358	 +3.8322	 -2.2360	 -1.6021
 +7.0047	-12.5993	 -0.6032	 +1.1456	 +0.8787	 +0.7040
 -1.6207	 -6.7478	 -7.7560	 -1.8959	 +1.0521	 -3.3036
 -9.1681	 -9.4568	 +6.2786	 -2.7699	 -0.0889	 +0.7383
+12.2031	-24.7803	 -5.8992	 -0.1511	 +1.1188	 -1.1813
 -5.7602	 -0.7650	 +3.3422	 +1.1491	 +0.5857	 -0.2561
-19.5766	 -6.2020	 +4.0585	 -1.8033	 -0.5922	 +0.1787
 -1.1001	 +2.1963	 +1.0883	 -0.7825	 -4.9631	 +4.3678
 -0.4295	 +1.6952	 +4.9667	 +0.3904	 -0.5669	 -0.5065
 +5.5066	 -2.5832	 -2.4882	 -1.2234	 -1.2159	 +0.3068
-11.3208	-12.3502	 -5.3003	 -1.4790	 -2.2449	 -3.7737
-65.1857	+23.5217	+51.0165	 +1.2001	 -0.8295	 -0.8143
-59.0754	-32.7963	+18.8439	 +1.2562	 +1.0057	 -0.5354
 -9.2349	 -8.9904	 +8.9583	 +0.6601	 +1.9494	 +2.7406
 -2.5195	 +4.0398	 -3.7354	 -0.7159	 -1.5214	 +0.8981
-77.9821	-125.3071	+119.3977	 +0.6629	 +0.0518	 -0.0804
 -4.0028	 +8.3582	 +0.0017	 -4.4879	 -3.4877	 +0.5145
 -9.4116	+11.9193	 -9.0344	 -1.8967	 -1.1800	 -2.8002
 +0.5223	 +4.2712	 -4.5221	 +0.9040	 -2.0470	 -0.2603
-47.6043	-25.6924	-13.5257	 +1.7984	 -0.6133	 -1.1800
 -9.8955	 +5.0574	-10.7679	 -2.2042	 +0.0401	 -0.3656
 +6.0777	 +6.4414	-18.8737	 -0.6765	 -1.4533	 -0.0610
 +7.4346	-32.6092	+35.2290	 +1.3820	 +2.1125	 +1.6650
-11.5641	 +3.1275	 +1.8930	 -2.3330	 +0.3438	 -2.0541
 -0.0834	 -8.4555	 +6.9801	 -1.8834	 +0.5819	 +1.8905
 +3.5080	+15.8410	-22.1709	 +0.0065	 -2.2584	 +1.5336
 -7.6398	 +3.2047	+17.1410	 +2.4152	 -2.7840	 +1.4292
-17.0139	+12.9489	+22.1654	 -1.8158	 -0.3152	 +1.6518
+12.4730	+11.4420	 +1.1643	 +0.6043	 -2.8955	 +2.3579
+11.8507	 -2.5630	-12.3113	 +0.2399	 -0.6988	 +0.2543
-12.6653	 +2.0574	 -1.5116	 +3.0675	 +2.9530	 +0.6340
 -7.0813	 +4.9125	-16.7243	 +2.1430	 -1.7905	 +0.1699
-11.2528	-15.8404	-23.7139	 -0.2352	 -0.2912	 +0.2657
 -5.7522	-13.7846	 -5.4416	 +1.8805	 +1.2476	 -2.0352
-10.3470	 -9.7707	+20.9740	 -1.5916	 +0.0816	 +0.2344
 -8.3800	 +6.5378	 -9.5218	 -1.7276	 -2.6751	 -1.9282
-10.4956	 +2.2311	 -5.5689	 +3.7156	 +1.1221	 -0.5465
-36.6911	+13.9980	+13.2893	 +0.0505	 +0.6862	 -1.5783
 -0.7982	 -8.3419	 -7.8274	 -1.1500	 -0.6035	 +1.4074
 -7.0607	-10.7878	+12.4323	 +0.7681	 +0.4006	 +2.5873
 +7.9877	 +9.9282	 -6.0270	 +1.4334	 +1.0121	 +3.1628
 +5.7461	 +3.4957	 +5.0342	 -4.3497	 -0.2128	 -0.1400
-30.6457	+38.9655	-75.9626	 +0.4248	 -1.3866	 +0.6442
+12.1035	+20.8322	 -7.7772	 -1.4461	 +2.3772	 +1.2877
-11.7562	+77.0704	-52.1894	 -2.1239	 -0.6026	 +0.1494
-18.3351	 -4.3011	 -2.9487	 -0.4814	 -1.6844	 +0.3186
-15.9001	-17.1849	 -8.4783	 +0.9845	 -0.9516	 +1.9238
 +1.7264	 +9.8177	 -5.1101	 -0.3173	 +5.2222	 +1.4106
-10.4089	 -1.6650	+12.1926	 +2.8757	 +1.6851	 -1.0119
-20.1780	 -3.9021	 +4.0145	 +0.3686	 -1.0317	 +2.8916
 +1.1926	 +3.6887	 +7.8633	 +2.1337	 -3.2682	 -2.7572
 -2.3706	 -4.6136	 -8.7298	 +2.6632	 -0.9455	 -2.1887
 +4.0386	 -3.8582	 +1.3697	 +1.6533	 -1.0093	 +1.8592
 +2.9920	 +9.3974	 +6.5208	 -1.4627	 -0.1026	 -4.5845
-15.4949	 -0.6935	 +0.6999	 -0.4365	 +3.3687	 -1.9477
 +4.6533	 +2.0864	-10.3009	 -3.8471	 +2.4388	 +1.0307
+12.1876	 +7.5043	 -3.8387	 -2.8790	 +0.6346	 +3.4576
+11.1631	-24.5427	 -7.7613	 -2.8666	 -0.5816	 +1.8085
 -4.5003	 +1.1445	 -7.5913	 -3.1577	 -1.0940	 +4.0096
 -9.1226	 -2.5728	 +5.3837	 -0.1760	 +1.4756	 +3.9277
+11.2959	 +9.9806	 +1.6859	 -0.6375	 +3.1650	 -0.6378
 -5.4662	 +6.8081	 +6.2966	 +2.1614	 +4.0711	 +1.1764
-143.8221	-179.4044	+114.0051	 +0.3689	 +0.8782	 +0.0923
 +4.3853	-10.9726	 +1.3596	 -0.0230	 +3.8438	 -3.3527
-17.0783	+48.0594	+46.2574	 -0.3356	 -2.1403	 -0.2006
 +6.0939	 +2.4494	-13.3233	 -1.3633	 -2.4344	 +1.7671
 +7.1222	+74.6901	-83.3098	 +0.0817	 +0.0205	 +0.3146
 +1.4131	 +2.2750	 -9.3629	 -0.6468	 -6.0101	 -1.8418
 -3.3818	 -5.4114	 +8.1425	 -2.5615	 +1.1378	 +0.4615
-14.7582	+25.6741	-25.1846	 +1.4658	 +0.2090	 -0.2867
-16.6908	-17.5029	 +0.7503	 +0.7791	 +2.8340	 +0.6434
 -0.8673	-13.8608	 +1.9786	 -4.5768	 -0.9833	 -1.2402
 -1.1921	 +9.0582	 -3.0445	 -2.9731	 +2.3710	 +1.2162
 -2.0630	 -4.1935	 -3.6430	 -0.1380	 -5.1694	 +3.1249
 -9.8171	 -2.3959	 -6.9119	 -2.3359	 -0.2964	 +1.3319
 -4.7786	 +3.4686	 +3.1257	 +2.0743	 -2.7650	 +0.0835
 -7.9251	+11.7197	 +0.5017	 -4.4041	 +0.9879	 -0.7328
 +0.3397	 -0.2930	 +1.3326	 -4.5738	 +5.6821	 +2.2515
-22.3070	+26.8416	 +2.1700	 +0.2738	 -1.1853	 -0.0330
 -1.2343	 -2.0724	-18.9115	 +0.7166	 +0.5222	 -4.1232
+12.9353	 +3.6019	+11.3073	 +1.7233	 +2.2418	 -0.6872
 -5.6991	 +0.6138	-21.1210	 +1.0189	 +2.9693	 -1.3236
 +4.2142	 +7.7669	-13.3271	 +0.0464	 -1.8618	 +0.3548
 -2.0123	 -5.5014	 -5.6551	 -6.4855	 -2.5803	 +2.6521
 -2.7893	 -3.4978	 +2.1419	 +5.3317	 +0.6061	 -0.2934
 +6.5249	 +5.5534	 +6.4500	 +2.8362	 -1.4126	 +3.2027
 +0.8909	 +8.7956	 -0.1680	 -1.2904	 -2.5015	 -0.9071
 +4.8060	 -7.3923	 +5.8670	 +1.4534	 +1.3679	 +3.4575
 -6.8670	-22.0213	+12.1550	 +0.8522	 -0.7117	 +0.3723
+13.0573	 -1.3368	 +0.2213	 -1.1252	 +2.8031	 +0.4682
 -3.8395	 +5.3658	 -0.7383	 +1.4244	 -1.9805	 +2.8714
-20.3760	 +3.9990	 -2.9893	 +1.5514	 -0.4670	 +1.7363
 +3.1332	 -2.3871	 +1.0923	 -4.4570	 +4.7497	 -2.0691
 +3.6196	+12.5425	 +4.3479	 -0.9741	 +2.8618	 +1.6030
-15.7987	 +3.5337	 -6.7415	 -1.6769	 -2.3817	 +1.5315
 +8.0599	 +7.0145	 +6.7739	 -1.2944	 +1.5899	 +1.5355
 +2.9100	+12.2637	 +2.2292	 -0.8851	 +2.0005	 +1.6747
 +6.8146	+25.6836	+35.7537	 +0.6214	 +0.3661	 -1.2569
-12.5113	 -0.5374	 +0.6454	 -1.1634	 -1.5101	 +1.3438
 +5.0404	+21.7418	-12.2187	 -2.6279	 -1.3590	 +0.6172
+18.3792	-13.2285	+10.9205	 +3.5955	 +0.1583	 -1.7064
 -6.2467	 +1.2300	 -8.7487	 -1.1211	 +2.1507	 +3.2458
 -2.6262	 +0.0155	 +0.1296	 -3.3344	 -3.1079	 -4.9507
 +1.4618	 +1.8175	 -1.2400	 +4.3240	 +3.6795	 -3.9736
 -9.5984	 +1.4150	 -4.8673	 -3.8178	 +0.1649	 -0.6073
-18.5635	+11.4870	-27.0125	 -0.2545	 -0.9900	 +1.7419
 +4.4888	 -0.3668	-12.6039	 +0.9008	 -3.0242	 -2.7169
+22.7484	 -1.8573	-18.5103	 -0.4609	 -0.8185	 +1.9143
 +2.0424	 -0.1375	 -2.1218	 +1.5834	 -2.7818	 -4.3420
 +0.5737	 -1.7061	 -4.4651	 +0.3474	 -2.4528	 -0.4003
+11.7490	+15.8254	-13.8706	 +0.3036	 -0.5449	 -0.4169
-17.4001	+36.4951	-11.2806	 +1.6195	 +1.7695	 -0.0617
 -4.5015	 +1.2674	 +3.8971	 -1.5221	 +2.0417	 -2.2896
-10.9870	 -4.8283	-14.7646	 +0.8815	 -1.3856	 -3.5784
-10.7391	 +5.1753	+12.0613	 -2.1586	 -4.1906	 -0.1540
+18.4751	 -9.8999	 -9.4883	 -0.0375	 -0.5726	 +0.3511
 +7.2299	-17.7125	 -3.0080	 -1.8828	 -2.8225	 +0.3755
 +2.3597	 -1.8925	 +6.7809	 -1.0519	 -1.2690	 -1.1584
 +4.2123	 +7.5275	+13.9051	 -1.1523	 -0.0483	 +2.9305
 -6.3254	 +1.6136	-25.2649	 +0.4142	 +2.0812	 +0.0451
-12.8668	+20.3274	 +0.3025	 -1.6008	 -2.5813	 +1.3336
 +5.7698	 -6.3894	-19.9950	 +0.9852	 +0.5861	 +0.2208
 -9.8534	 -1.3160	 -1.8141	 +0.1016	 -2.1848	 +0.3944
+15.7834	 +6.7471	+40.1079	 -0.5233	 -0.5075	 +0.6502
-10.0382	 -3.1686	 +1.9737	 -0.0393	 -1.0539	 -1.5181
 +7.6945	 +1.4675	 +7.1410	 -1.0431	 +2.6896	 +1.0244
-13.4154	+19.5087	 -2.4879	 +2.5016	 -0.4658	 +1.5858
-11.1853	 +1.9642	 +2.6624	 -2.7101	 +1.5950	 +0.9149
-12.7389	 +6.6315	-13.1987	 -0.5066	 -1.9191	 -2.3327
 -6.9472	 +9.4635	 +8.2457	 -4.0995	 -0.2422	 -0.1335
 -0.3158	 +2.9886	 -7.3197	 +0.7319	 +1.6871	 +2.5679
-60.9450	-18.1498	-25.6402	 -0.5586	 +0.1548	 -0.0866
 -3.8257	 +1.4062	 +3.8548	 -1.4722	 -3.6708	 +3.3485
 +5.8207	 -2.4332	 +4.9953	 -0.2874	 -0.0113	 +1.6515
+11.4210	 -4.7627	 -4.6454	 +0.0324	 -0.9271	 +1.1480
