# Iterations: 21 of 100
# Total Energy: -6.701e+05
#    Kinetic Energy: 6.713e+05
#    Potential Energy: -1.341e+06
# Current Time: 2018-05-08 11:16:35.506104
# Elapsed Time: 0:02:25.826600
# 
# Med. Times for Sections
#    Force Computation:		1.621286
#        [1.6153961.6180531.6124691.6247621.6216231.6168031.6209491.6289471.6293541.632078]
#    Gather Particles:		3.150268
#        [3.5193923.5327863.5177093.5141653.4856852.8148502.1711122.0917352.2032612.319160]
#    Overall:		6.216473
#        [6.5846846.6361516.6183786.6307426.5513915.8815545.2640865.1812215.3136095.418294]
#    Scatter Particles:		0.001960
#        [0.0019370.0020650.0019820.0020770.0019390.0019220.0019100.0020210.0019370.002096]
#    Time Integration:		0.000062
#        [0.0000620.0000630.0000590.0000620.0000640.0000630.0000620.0000630.0000600.000062]
#    Tree Broadcast:		0.708874
#        [0.6830030.7179390.7090570.7168690.6989560.6818680.7052210.7087600.7089880.710970]
#    Tree Construction:		0.765010
#        [0.7648370.7651840.7770440.7727460.7430590.7659870.7647750.7496370.7699440.753866]
# 
# x	y	z	vx	vy	vz
# 
 -6.7324	 -4.4140	 -2.6607	 +0.4229	 +0.3301	 -0.3034
 +2.5073	-20.1538	-12.2335	 +1.1898	 +1.7916	 +1.6202
 -1.0478	 -3.5373	 +6.8364	 -1.7634	 -2.9319	 +2.8716
-22.8927	+25.8801	 -1.3799	 -2.3348	 -0.7243	 +1.1806
 -5.5155	-17.7025	 -6.3517	 +1.4548	 -2.5953	 +0.3147
 -4.5591	 +0.4704	-16.1629	 +2.6840	 +0.6621	 -1.1154
+14.4773	-14.8138	 -8.1872	 -1.1286	 -1.1035	 -1.0724
+11.9223	 +7.6164	 -6.0453	 -1.1128	 +0.4249	 -0.3999
-27.4893	-35.9180	-11.1936	 +1.8887	 +1.6384	 -0.1201
-12.2326	+22.2445	 +1.7220	 -3.3006	 -0.0337	 +0.6091
-24.7247	+10.5518	+17.5483	 +2.0755	 +1.0199	 -0.2452
 -3.8276	 -4.6169	 +0.5566	 -2.1207	 +1.8496	 -1.2437
 +4.5499	 -2.4209	 -3.7221	 -1.8778	 +2.8417	 -5.0656
+26.1964	+11.7378	-26.6600	 -1.1947	 +1.0005	 -1.2088
 -2.7011	 -3.5392	 -1.2738	 +3.5525	 -2.3226	 -1.4033
+12.0639	 +3.7297	 -0.4202	 +2.4498	 -1.6596	 -1.8899
 -8.1228	 -0.7027	 -8.6336	 -1.4564	 -4.4397	 +2.3475
 -4.4912	 -0.5247	-17.8842	 -1.6124	 +0.6303	 -2.0474
 +9.6236	 -6.8685	 +7.6511	 +0.4409	 -1.4310	 -0.4443
+105.6076	-28.3007	+78.4441	 -1.3588	 -0.8402	 +0.2089
 -7.4874	 -5.4511	 -2.8274	 +2.1814	 +1.6439	 -3.3417
 -4.0695	 +1.5919	 -8.0889	 +0.3768	 -4.5105	 +0.1169
 +5.8453	 +0.0955	-10.3504	 -1.0385	 +2.6429	 +1.6802
 -2.7788	 -5.1780	 +0.3806	 -2.8725	 +0.0187	 +4.8792
 +6.7737	 +7.1352	 -8.5283	 +1.5863	 +1.0494	 -0.4287
-34.2632	+19.3869	 +0.6669	 -2.2106	 +2.3940	 -1.3030
 -2.7351	 +1.0027	 -2.6282	 -1.8072	 -5.2729	 -3.0815
+11.0088	 -7.3664	 +2.8545	 -3.7025	 -0.4423	 +2.3241
 +8.9836	+13.7423	 +7.4710	 +3.1479	 -1.9626	 -2.1070
-19.3212	-19.5765	 -4.9930	 +3.2055	 +1.9802	 +0.5338
 -6.5494	 -2.9847	 -2.3753	 +4.4157	 -3.3303	 -4.6253
-55.9691	 +7.5334	 -1.0233	 -0.9192	 +2.0122	 +1.8290
 +0.0351	 -5.6264	-13.7172	 -4.3177	 -0.5940	 +1.6878
 -0.1639	-15.5871	 +5.5566	 -0.8286	 +1.6565	 -1.1904
-10.1043	 -2.9463	+21.6169	 +0.2138	 -0.6580	 +1.1960
 +4.3033	 +1.6939	 -0.4319	 +0.0495	 +0.7021	 +0.4504
 +3.2169	 -2.3563	 -3.2884	 -0.0829	 -5.1949	 +1.6813
 -4.5487	 +0.6735	 +4.8230	 +4.2707	 -3.3275	 +2.3132
 -2.4346	+31.8669	-11.7197	 -0.7553	 -1.5029	 +0.6135
 +3.6322	 -2.2930	 +1.7549	 +0.9648	 +4.3832	 +2.6984
+12.5581	-10.4423	 +9.9171	 +2.3018	 -3.7230	 +0.6685
 -4.7105	+11.0687	-12.3823	 -0.4082	 -0.9214	 +1.2122
 -4.9983	 -2.9825	-10.0807	 -2.1624	 +3.8733	 -0.4589
 -4.4398	 +3.9460	 -1.1740	 -3.9833	 -0.4655	 -0.9499
 -6.4701	+22.5042	-21.1825	 +2.3495	 +0.0646	 +0.6823
 +2.6135	 -0.0677	 -4.4546	 -1.2792	 -1.3341	 +4.8875
 -2.8457	 +0.6770	-11.1757	 +2.4358	 +4.6843	 -1.2439
+34.8769	 -5.1609	 +2.1824	 +0.1406	 -1.2843	 -1.5753
 -3.3912	 +4.7264	 +0.4446	 +2.4762	 +2.3370	 -0.5821
 -6.4434	 -0.3692	 -4.5183	 +2.2837	 +4.5953	 -0.0546
-34.1920	-57.1121	-38.4338	 +1.1184	 +0.2484	 +1.5814
 -1.4417	 -4.7448	 +0.5370	 -1.9207	 -3.1030	 -3.7914
+16.4811	 -9.9339	 +6.2869	 -0.1823	 +2.5990	 +3.9836
 +2.8201	+12.5153	 +4.6706	 +2.3646	 -3.8663	 +2.2580
 +5.1206	 -4.7186	+52.8980	 +0.4789	 +2.2132	 +1.9070
-27.4901	 -6.9146	 -4.3267	 -1.9755	 +0.3149	 -0.1829
+32.1630	 -5.1961	 +4.6617	 -1.2307	 +0.9560	 -1.0324
 -5.1251	 +6.3623	 +5.2909	 -1.4809	 -0.8706	 -2.8679
 -1.6167	 -6.4305	 -2.8285	 +3.7288	 +1.8343	 +4.1215
 +2.1425	-21.8616	 +8.4403	 -3.6585	 +1.1013	 +0.1592
-14.7090	 +1.0906	 +9.1766	 -4.2775	 +1.0111	 -1.4167
 -8.2980	 +3.6525	-20.7037	 -0.3932	 +4.0191	 -1.6950
 -2.4004	 -9.3401	 -2.5642	 +2.5838	 +1.8597	 -1.6073
 -5.8239	 -5.3764	 -8.3512	 +0.3272	 -3.1323	 +3.2872
 -2.4507	 -4.2505	 -5.8071	 -1.5373	 -0.8178	 +4.2288
 -7.2428	 -4.1046	-10.3328	 -2.3288	 -3.0005	 -1.9079
 +5.1735	 -1.8075	+22.3728	 +0.5845	 +1.0041	 -0.1380
-14.2088	-12.3886	+27.4471	 -2.4454	 -2.0216	 +0.5073
 -3.3133	 -7.7503	-20.2799	 +0.5363	 -0.8925	 +0.9175
 -4.0437	+10.8189	 -4.6654	 -0.3779	 -1.9509	 +4.1590
 -1.8205	 -4.9007	 -2.0402	 -1.8642	 -1.8808	 -1.9460
-13.0686	-12.0587	 -6.0445	 +1.8298	 +0.3700	 +1.1169
-11.8196	 +6.5044	 -2.6071	 +0.7095	 +0.3268	 -1.9777
-15.9202	+15.2806	-93.8659	 +1.9179	 +0.0087	 -1.4489
+26.5281	-28.1921	-14.1440	 -0.1386	 +1.5544	 +0.5674
-10.8780	+10.2090	-11.0789	 -2.6111	 -3.7141	 +0.9217
 -4.9147	 +2.8537	 -8.6016	 +1.3010	 +2.6375	 -1.0096
 -2.0797	 -8.8718	+13.0996	 -2.9090	 -2.3470	 -1.0387
 -4.0098	+10.0917	 -3.6983	 +3.0821	 +0.0917	 +3.1035
+20.8071	-14.9961	 -5.6873	 +2.6996	 +1.4931	 -0.0672
 -1.0483	 +0.9348	 -1.9842	 -0.8894	 +1.3787	 +2.9598
 +9.5624	 +9.8561	 -8.3216	 +0.3335	 +2.6430	 -1.1831
 -2.2410	 -0.5710	 -4.7436	 +1.9077	 -0.3961	 +4.6057
-10.9123	+24.5809	+14.7051	 -1.0140	 -0.0526	 +3.6451
+13.0908	 +4.4289	 +0.8784	 +3.1963	 +2.6461	 +2.9920
 +3.4305	+13.0161	 +8.9879	 -2.7666	 -1.6141	 +0.7880
-16.6764	 -4.8057	 +1.8232	 -1.4400	 +0.6097	 -2.9282
 -1.0009	+16.3592	 +9.2936	 -0.8093	 +3.0820	 +0.9472
 -5.1943	-27.6068	 +9.6590	 +2.0176	 -1.2567	 -1.3747
 +5.3627	 -9.0871	 +2.2569	 -0.9301	 -1.2497	 -0.6275
-11.4090	 -0.2087	 -3.0104	 -1.2807	 +2.1523	 +3.3232
 -3.4588	 -0.4240	 +0.8418	 +1.9551	 +1.4031	 +0.8792
-13.7234	-26.1797	-47.9871	 -0.7512	 -0.8940	 -0.4961
 +5.6121	 +2.5293	 -8.0393	 -3.6448	 -0.2744	 +4.1695
 +5.2174	+13.0806	 -0.0034	 +0.7433	 -1.0411	 -1.1699
 +6.9010	 -8.2211	 +3.3326	 +2.1066	 +1.0191	 -3.9598
 -7.5596	+32.9429	-19.6253	 -0.4977	 +0.0286	 +2.2124
 +1.8268	 -2.5483	+17.3624	 -1.8733	 -0.4708	 +1.7706
 -9.9193	+14.7072	 +1.6564	 -0.6989	 -1.2309	 -1.2557
-13.0659	-11.7036	-22.3461	 +3.0437	 +1.5936	 -0.7709
 +6.5339	 -1.6349	 -3.0838	 -1.8640	 -5.8980	 -0.7857
-13.4156	 -1.6916	-10.9199	 +0.4186	 -0.2588	 -0.7356
 -3.2227	 -0.0033	 +4.3222	 -0.8444	 -1.6889	 -2.2255
 -3.3361	 -6.9684	 -9.3966	 +1.1388	 +3.0137	 -3.0915
 -0.1089	 +2.8392	 -5.0387	 -0.9111	 -1.7704	 -0.9792
 -8.1530	 -0.5604	 +3.8015	 +3.3353	 +3.2379	 +3.2952
-16.5515	-17.8091	+21.8194	 +3.0602	 -0.4563	 -0.7435
 -7.2716	-14.0354	 -0.5946	 -0.5822	 +1.0624	 -0.2521
+25.8656	+10.1229	+18.1015	 +1.2021	 +1.8835	 -0.2193
 +1.5998	 +1.4194	 -8.1250	 +2.7802	 -0.1223	 -4.2453
 -5.2365	 +1.3376	 -2.9301	 +2.1862	 +6.0890	 -1.9870
+474.7532	+387.6239	-227.4782	 -0.2780	 +0.6744	 +0.3143
-138.8992	+98.8109	+199.7776	 -0.1128	 +1.1386	 +0.4442
 +8.3126	 -2.6546	 +9.9414	 +4.5982	 -1.4146	 +0.9530
 +6.6342	 +1.9139	+20.2071	 -1.6747	 -1.1322	 +0.6503
 +0.6070	 +9.6804	 +8.0001	 +0.0261	 +2.9421	 -2.0999
 +3.5784	 +5.1427	 +1.2054	 +4.1059	 -2.2833	 -2.4843
-73.9794	-16.0129	-10.1302	 +1.3062	 +0.1731	 -0.7526
 -3.3708	 +0.0750	 +0.6432	 -3.4500	 +1.4959	 -1.8475
+45.5078	-21.9379	-43.9792	 +0.5698	 -0.7344	 +0.2096
-15.2452	 +8.4403	 -6.7211	 +0.0294	 -0.7859	 -2.3358
 +0.0728	 -1.1393	 -0.8134	 -1.9519	 +4.2394	 -1.4745
 +2.4544	 -1.8600	 +0.7842	 +4.9676	 +2.0923	 -1.4448
 +1.0721	 -8.5449	 -1.4309	 -4.8889	 -1.8923	 +0.6237
 -4.0484	 +0.8712	 -1.5280	 +1.7576	 -2.7045	 +2.7933
 +1.2563	 -5.0541	 +2.5006	 -1.5421	 +2.8617	 +1.4036
-16.8721	 +1.0990	 -2.7810	 +0.8072	 +0.0953	 -3.1273
 -7.9794	 -4.1298	 +2.7552	 -2.1657	 -0.2503	 +0.7995
 -7.3826	 +0.0881	 -8.3636	 -2.7932	 +1.8343	 +0.8056
+12.6483	-12.8529	 +0.4117	 -1.5655	 -0.4110	 -2.5250
+13.9050	+32.6902	-162.4707	 +0.0705	 -1.1575	 -1.3206
 +6.9260	 -2.7682	 +6.6329	 +3.2567	 +2.1617	 -0.2188
 +6.5073	 -4.9233	 -8.8694	 -1.3037	 +3.1061	 -1.5114
 -4.4979	 -7.6425	 +2.4701	 -4.3970	 -0.3206	 +0.3806
 -2.4748	 +2.4052	 -1.6131	 -0.7602	 -2.9800	 -1.7281
-17.4544	+25.0573	-35.9011	 -0.5609	 -1.0763	 +0.6360
 -4.5309	-11.1509	 -7.4690	 +4.9018	 +0.7458	 -1.5386
+19.7483	-14.7934	+15.2079	 -0.8066	 -2.7978	 +1.2813
 +2.4427	 -1.9703	 +5.4729	 +2.1335	 -3.8635	 -0.6034
+13.4007	 -9.3568	-12.6900	 -1.5367	 -0.0911	 +1.4149
 +0.5386	 -4.4558	+10.4871	 +1.3789	 +0.7751	 +1.8550
+10.8591	 -8.2251	 +5.4000	 -2.8819	 -1.4225	 +2.7209
 +0.3201	 -2.4209	 -2.3818	 +1.0606	 +1.4883	 +1.3560
-32.4804	 +4.2087	-37.1968	 +1.9238	 +2.2195	 -0.1508
+57.9198	 +6.3624	+20.8541	 +0.6308	 -1.9092	 -0.1807
 +1.5464	 +5.4894	 -0.7888	 +0.0742	 +1.1459	 -4.1247
-28.0061	-71.2788	+45.5275	 -1.2944	 +0.9476	 +0.9926
 +4.1333	 +8.3579	 -8.1154	 -0.8106	 +3.4181	 +0.3769
+19.6916	 +7.7711	 -2.8834	 +0.6708	 -1.0203	 -3.3229
 -5.4126	 -4.0359	 -1.5227	 +4.6704	 +2.7689	 -2.3502
 +1.4964	 -5.3998	+11.0844	 +1.3374	 +2.9170	 -0.8606
 -1.8825	 -5.8483	 +0.7359	 +6.2442	 +0.6116	 -1.7185
 +4.2907	 -3.3675	 -1.3073	 -5.0773	 +1.9745	 -0.6315
 -7.7221	+12.6361	 -6.5817	 +0.4292	 -0.4211	 -0.8611
 +6.2680	 -1.4772	 -7.8000	 +1.4621	 -3.7991	 -1.7176
 -9.1557	 -2.8501	-17.6122	 -1.3200	 +1.7033	 +0.9479
 +1.0938	 +8.2115	-13.9275	 +3.2575	 -0.1280	 -3.0341
 +8.6571	 +2.5607	+28.5575	 -2.7495	 +1.1770	 +1.0113
 -6.9562	 +3.4856	 -7.8497	 +1.4596	 -1.8475	 +3.6835
 -6.5676	 +3.3446	 -0.5786	 +0.4044	 +0.2038	 -1.1613
 +2.0401	 +0.5153	 -5.0686	 -3.0918	 +3.9585	 +2.0433
-19.7203	 +1.9784	+10.0156	 +3.5281	 -2.3788	 -1.2223
 +6.6338	 +1.5659	 -2.3492	 -2.9796	 +1.3690	 +0.0917
+14.9087	 +8.1363	 +4.8715	 -0.5082	 +1.6349	 -0.0182
 -8.3473	 -4.3930	 -6.2041	 +1.6696	 -1.1561	 +3.8799
 +3.0592	 -2.5278	 +4.4370	 -4.7768	 -1.3315	 +2.8060
 -3.9031	 -2.5810	 +2.4377	 +1.1245	 +0.9603	 -2.8836
-16.2431	 -1.6784	-16.7353	 -0.0048	 -2.8739	 +2.3001
 -1.3239	 -1.5023	 -4.6316	 -3.4617	 +0.6141	 -0.5212
 +2.5668	 -3.7364	-14.2870	 +2.9023	 -1.6566	 -0.0217
-15.8627	 +2.2653	-14.8057	 -0.1331	 -1.0962	 -2.4399
 +2.1306	 +1.0961	 -3.5552	 +0.9200	 -0.3229	 +1.7860
 -3.7676	 +1.5757	 -8.0257	 -0.9219	 -0.3149	 -5.7071
+29.6683	-13.2881	+25.3885	 -0.5148	 -0.4410	 -0.4284
 -5.4915	 -1.2578	 +3.7914	 -0.8651	 +2.3719	 -0.8614
+54.5590	+26.2341	-26.1305	 -1.8731	 +0.9937	 -0.1794
-14.2159	-13.5738	 +2.8919	 -3.1915	 +1.4023	 -2.2400
 -7.3505	-24.5551	-10.4157	 +1.5300	 +1.0412	 +1.3688
 -0.8011	 -6.4927	 -3.2250	 +1.5374	 -2.4545	 +1.6228
 -2.2126	 -3.8310	 +2.0457	 +0.0927	 -4.2254	 -1.1540
 -0.9952	 +4.0001	 -2.7855	 -4.2062	 +1.5070	 -2.2127
 +3.8962	 +2.9753	 -9.1184	 -1.4220	 +3.8663	 +0.7359
 +6.6014	 +4.2705	 +5.5717	 +0.7669	 -0.1782	 -0.5938
+15.0564	+18.9672	-21.3933	 -0.5463	 +1.3662	 -1.5262
 +8.4423	 -0.7651	 +3.7700	 +2.5573	 +2.8033	 -4.2245
 +2.5455	 -2.0750	 +1.6776	 +1.1457	 -2.1852	 -2.3859
 +1.3296	 +4.4115	-11.0839	 +0.1696	 +1.3940	 +1.2884
 +1.3653	 -1.7426	 -5.4754	 +0.9081	 +1.6157	 -1.6663
 -8.3109	 -8.1980	 -0.0390	 -4.1388	 -1.6262	 -2.1580
 -5.1976	 +4.4243	-11.4375	 +1.2298	 +1.4120	 -1.3495
 -3.9501	-10.1822	 +4.9781	 -1.6499	 -4.6610	 +2.3118
 +0.3442	 -1.4796	 -8.5755	 +2.4066	 -0.2746	 -0.5863
 +0.0279	+25.2884	-30.0342	 -1.5776	 -0.5774	 -2.1025
 +2.3543	 -4.8768	 +5.4029	 +0.1291	 +1.9773	 +3.9637
 -0.6716	+10.0882	 -0.6737	 +2.0566	 -0.6675	 +1.4586
 +6.2423	 +2.5637	 +0.3881	 -0.3666	 +1.8062	 -0.3533
 +8.9467	 +4.2086	 +5.4224	 -2.4289	 +3.5624	 +0.6335
+32.0112	-101.3033	-36.7275	 -1.3234	 +0.1807	 +0.9609
 -7.5447	 +8.8511	 -2.2566	 -0.2807	 +3.2781	 +2.5199
 -9.8244	 -6.6718	-11.4837	 +2.0877	 +3.2562	 -0.0460
 -7.9290	-22.7077	-21.8326	 -1.5833	 -0.9572	 +2.5078
+26.7700	 +4.2995	 +6.4829	 -0.8335	 +1.4024	 -1.6339
 -2.3789	 +6.4651	 -3.0722	 -1.5260	 -0.6310	 +3.1471
 -4.1594	 +1.9384	 -0.4070	 -4.5482	 +4.3619	 +0.7531
-18.9632	 -4.9184	 +0.9978	 +1.0337	 -1.0826	 +1.5909
 -1.4893	 -0.7569	 +0.7962	 +2.9861	 -3.6013	 +0.2344
 -6.7614	 -2.5507	 +3.3563	 -0.6460	 +0.1536	 -0.4023
-13.6135	+20.8150	 -8.0336	 -3.1207	 -0.6241	 +2.9841
 +5.8792	+49.1794	-36.2528	 -2.0334	 +0.9341	 +1.0825
 -6.2308	 +0.8807	 -4.4255	 +5.1146	 +1.6598	 +1.4060
+11.2492	 +6.1393	 -5.3712	 +1.8684	 -2.0641	 -0.6878
 -0.3173	-10.6693	 +3.3638	 -2.3762	 -1.2863	 -1.3988
 +4.6328	 +2.2058	 -5.8935	 -1.6657	 +3.4987	 -1.7732
 +8.2436	 +0.9188	 -3.0050	 -5.0694	 -0.2270	 -3.0165
+20.4785	-11.3444	-18.0535	 -0.3439	 -0.2229	 -1.4404
+119.3683	 +4.9867	-43.8263	 +0.3311	 +0.1498	 +0.6813
+17.9902	+14.0652	 -5.3665	 +0.7076	 -1.2440	 -3.9468
 +3.4594	 -7.9116	 +2.6279	 +2.1057	 -0.0318	 -0.6658
 +6.8221	 +1.3810	 +2.5727	 -2.7470	 -1.9983	 +1.7410
 +5.1016	 -8.2655	 -0.3269	 -1.0155	 +0.3314	 -1.4577
+33.5618	-32.8121	 -5.9136	 -0.7543	 +0.0119	 -0.5796
 +1.2152	 +2.5115	 -2.3513	 +3.0960	 +4.7645	 +1.5184
-14.0309	 -9.4019	 -1.8507	 -1.6018	 +0.3862	 -2.4147
 +2.6750	 -2.9556	 +0.3359	 +2.3675	 +2.1309	 -4.0740
 +1.3997	 -4.9218	-10.8551	 +1.4148	 -0.2825	 -2.8182
 -3.3122	 +0.0392	 +2.0649	 +2.8540	 -1.2303	 -0.1938
 -3.6872	 -0.4502	 -6.8564	 +3.4640	 +1.9085	 +1.6952
 +1.6712	 +1.0354	 +2.9759	 -0.5700	 -4.5600	 -3.4506
 +7.1379	 +7.0362	 +1.9112	 +0.3141	 -1.4513	 -1.4243
-11.7108	 +6.5659	 +4.0373	 -0.5952	 -0.6180	 -1.1158
 -6.2715	 +4.2142	 -5.0992	 -0.3247	 -0.6098	 -1.1630
 +2.5318	 +8.9757	 -2.2751	 +1.0221	 +1.5557	 -1.2881
+10.8225	 +5.3718	-11.3892	 +1.0611	 +0.6319	 +1.8961
 -3.7822	 -6.8498	 -4.1626	 +0.4674	 +2.8356	 +2.4559
 -4.3139	 -8.0904	 -8.6539	 -0.9738	 -1.9937	 +3.8751
 -5.8701	 -3.4008	 +7.9919	 +0.5768	 +3.1599	 -1.2902
 +2.4780	 -9.2901	 +0.6936	 +0.6825	 -3.9945	 -1.9351
 -1.8099	 -7.0541	+17.3834	 +1.9260	 -3.4155	 +1.1432
 +5.3965	 +2.9244	 -5.4303	 +1.8523	 +3.0637	 +1.5922
 -2.0076	 -2.3410	 +0.5297	 +2.3994	 +0.0809	 -1.4910
-47.8186	 +8.5232	 -0.4627	 -2.1473	 -1.5009	 +0.4322
 +3.7217	 +4.0438	 +3.8233	 +0.0423	 -1.2164	 +2.3619
 +0.1068	 -1.9881	 +2.8197	 +2.1918	 +6.3351	 -0.7744
+10.0327	 -6.7126	 -3.9312	 +3.3206	 -2.2667	 +0.3052
 -6.4108	 -5.8295	 -2.7108	 -1.1586	 -2.8767	 +2.0556
-16.4266	 +6.8593	 +1.5560	 -0.0797	 +1.6875	 +1.1357
-32.0479	 -9.8914	+42.1662	 +0.1881	 +1.0898	 -0.4096
 +3.0006	 +0.4189	 +0.5689	 -5.3512	 -0.1603	 +4.1167
 -0.1799	-10.0561	 +6.9600	 -2.2889	 +0.7256	 -1.8260
-40.3195	-31.7143	-24.7384	 +1.5327	 +0.3073	 +1.4594
-20.2908	+19.5825	 +4.4202	 +1.5907	 +2.4417	 +0.8327
-13.7287	 +4.1508	-11.3003	 +0.8814	 -4.2176	 +1.1409
 +8.5284	 -5.0301	 +2.2880	 +1.7090	 -1.6206	 -0.2924
 -3.6065	 -1.9437	 -5.3177	 +4.4335	 -4.2572	 +0.2971
+1870.9522	-30.4875	+790.1751	 +0.2213	 -0.2337	 +0.0662
 -6.2005	 +3.6798	 +6.8269	 +0.0633	 +0.4852	 -1.4964
 -4.7063	 -6.4392	 -2.2668	 +5.3625	 +0.3948	 -1.1698
 -0.4073	 +2.0109	 +2.3662	 -1.3911	 +1.0540	 +5.9425
+26.3223	-16.3079	-15.0938	 -0.9077	 -0.0875	 +1.4116
 -6.1297	 -6.3545	 +0.5542	 +1.8171	 +3.2405	 +2.4340
-54.5662	-46.6628	-68.9837	 -0.9233	 -1.3522	 -0.3295
 +4.6614	-13.4799	-24.0699	 -0.0276	 +3.5089	 +0.8756
+21.5529	 +3.3192	+23.3209	 -2.0084	 +2.1271	 -1.4045
+19.1943	-27.8529	 +9.6601	 +1.1924	 +0.3629	 +0.4710
 -9.4743	 -1.8801	 -6.7385	 +0.3861	 +0.0454	 -0.0845
+12.4806	+27.8654	 -9.9813	 +1.6242	 -2.2419	 +0.3848
 -9.2877	+20.8742	 +3.4598	 -0.1887	 +0.5649	 -0.0863
 +3.7809	 -5.4165	 +0.3797	 +2.1315	 -2.6690	 -0.7059
 -0.6212	 +9.8835	 +6.6162	 +0.9390	 +1.1854	 +0.0095
 -0.5037	 +3.8086	 -5.6568	 +0.0551	 -3.9134	 -5.2635
 -4.4283	 -2.8163	+13.5288	 +0.6436	 -1.1729	 +0.6484
 +0.4687	 -3.9979	 -6.7799	 +3.1158	 +1.4254	 -1.6874
 +5.3225	 -1.2278	 -8.5466	 +2.2433	 +1.3206	 +3.1100
 +0.1267	 -3.3183	 +6.3340	 +3.3459	 -3.6816	 +0.2987
 -5.3021	 -1.7080	 -2.3483	 +3.5837	 +1.8503	 +1.4566
+22.2064	+14.8806	-25.0785	 -2.5446	 +0.1770	 +0.8392
 -2.1408	 +4.1062	 -3.4489	 +2.5288	 +3.2783	 +3.5488
 -1.5142	 +1.0354	 -2.8895	 -3.1481	 -1.4638	 +2.0730
 -0.8868	+13.2954	+14.1729	 +0.1670	 +2.6289	 -3.5236
 +3.4759	 -4.8746	 -6.5759	 -2.2471	 +2.3684	 +0.7855
-11.5878	 -2.2933	 -1.0846	 +1.3356	 +0.3504	 +1.3061
 -9.5865	 +7.1016	 -4.8358	 +1.3314	 -0.5428	 +2.0397
-12.5864	 +2.6880	 -4.0612	 -2.5234	 -2.4738	 +0.9667
+11.1639	-11.5727	 +0.7362	 +0.4003	 -0.4774	 -0.5578
 -1.8097	 +8.0017	 +6.2258	 +1.5877	 -1.0453	 -2.1537
 -6.5314	 -1.9516	 +1.2125	 +2.2462	 +2.4854	 -0.6822
-13.4624	 +8.1038	-17.2352	 -3.1895	 +0.5738	 +1.4243
-22.0871	 -4.0850	 +7.7802	 -2.6817	 -1.0671	 -2.3991
 -8.6253	 +4.2841	+11.8287	 +0.0966	 +1.1774	 -0.1674
-135.0078	-41.1719	+70.9003	 +0.6356	 -0.9597	 +0.7091
 -1.8508	 -0.0763	 +1.2294	 -1.1562	 -1.3492	 -1.3088
 +2.8438	 -7.2987	 +0.0588	 -3.9787	 -0.8614	 -1.5825
-10.6072	 -1.9172	 +5.1189	 +3.5061	 -2.9844	 +1.1066
 -7.3128	 +2.3325	 +2.8732	 +0.7436	 +2.6121	 -4.9778
-10.7983	+10.0520	-15.0731	 -2.2016	 +1.3134	 -0.1798
 +7.5508	 -2.8791	 +2.3706	 -0.3082	 +4.7167	 +1.2213
 -5.8184	 -2.0853	-12.5494	 +0.1814	 -2.6473	 -2.1308
-114.1588	-103.9946	+101.6888	 +0.3680	 -0.2840	 -0.0937
-20.6542	+30.5410	+26.2754	 +1.9288	 +1.6401	 -1.2510
-18.2258	-27.1920	 +4.5982	 -1.7955	 +0.0254	 +2.4551
-30.6442	+10.0998	-20.6230	 +1.2404	 -0.2564	 -2.8162
-10.6262	-23.9661	 -6.5940	 -2.3254	 -0.3831	 -0.7757
 +0.4657	 -0.4943	 -1.9764	 +2.2333	 -1.6993	 -2.9025
 -3.7898	 +0.1028	 -0.6328	 -0.6589	 -1.3282	 +3.1566
 -9.8422	 +2.9926	 -2.2125	 +3.1319	 +2.0107	 -1.9453
 +5.9535	 -7.9095	 +7.9900	 -0.5161	 +0.2593	 -2.1764
-23.6974	 -6.3424	 +3.3498	 -0.6053	 +0.5452	 -1.2425
-17.5682	 -7.4136	 +9.7050	 +0.6994	 -3.3003	 -0.5020
+22.9705	-98.4786	+22.0480	 -0.9487	 +1.1747	 -1.1680
 -8.2305	 +1.7747	 -3.6195	 -3.2262	 +2.3456	 +3.9792
 -0.9219	 -2.5149	 -7.3751	 +1.3743	 +0.3200	 -0.1562
 -3.6071	 -3.5684	 -1.8986	 +2.6219	 +0.7164	 -1.8672
 -2.7075	 +2.6790	-12.8638	 +0.5333	 -2.7868	 +1.4301
 -2.7250	 +4.3991	-10.0523	 -2.8893	 +3.0520	 -0.4221
 -9.6353	+13.4397	+18.2117	 +0.0151	 -2.4067	 +0.4297
 +8.2591	 -2.0621	+21.6633	 -0.5155	 -0.5920	 -1.0954
 -4.3357	 +8.5959	+10.2222	 +2.7260	 +1.6515	 -4.6011
 -1.7809	 +3.7928	 -2.8042	 -2.8246	 -1.9290	 +0.0720
 +9.2490	 -3.9551	 +0.5349	 +2.8113	 -2.6559	 +2.1259
 -4.7601	 -2.4978	 +3.7924	 -0.6998	 -4.0547	 -2.6602
 +2.4724	 +0.0999	 -5.6425	 -0.4259	 +0.9555	 +1.2499
-13.4268	-22.2653	 -6.5378	 -0.7842	 +3.8565	 +1.2794
 -1.2134	 -4.7781	 +2.0879	 -1.2202	 +0.9840	 -6.6903
 -4.8088	 +2.2084	-14.7352	 +0.2467	 -0.7878	 +1.1879
 +0.7727	 -4.9252	 -3.1770	 +1.9566	 +2.4310	 -2.0813
 -4.0831	 +9.2681	 +2.6790	 +1.0616	 +2.1357	 +0.5693
-156.5966	-52.1672	+202.1118	 +0.5187	 -0.6832	 +0.2397
 +2.7088	 -3.7921	 +1.0948	 -0.3752	 -0.4285	 +0.4384
 +5.0902	 -7.2637	 -7.5705	 +2.4195	 -1.5829	 +0.7450
+12.1966	 +2.9208	 -4.7327	 -0.5328	 +0.7381	 +2.2507
 +1.9867	 +3.7338	-11.0960	 +0.7772	 +4.7660	 -0.5636
 -2.4765	 +1.4170	 +7.5404	 +0.2267	 +0.1093	 -2.2975
+32.4587	+37.9314	 -0.2703	 -0.7484	 +1.8664	 -1.9299
 -6.5328	 +4.3252	 +8.5394	 +1.8261	 +0.9941	 -2.6011
 +2.2359	 -7.6391	 +8.3202	 +3.6685	 +0.2313	 -1.1041
-12.6065	 +3.1521	-20.8289	 +2.7993	 +0.6943	 +0.1887
 +1.4472	 +9.7868	 -9.2308	 +0.5183	 -0.9242	 -1.3441
 -4.6778	 +3.1991	 +3.7654	 -2.5505	 -1.2789	 -0.7991
 +1.9790	 +9.4143	 +4.1356	 -2.9007	 -0.0085	 -0.0598
 -0.2813	 +1.2702	 -5.6432	 +0.6169	 +0.4716	 -0.9698
 -9.0127	 -5.6874	 -9.5999	 +1.1889	 -1.4289	 -0.3452
 -3.5463	 -6.6058	 +9.8023	 -0.1436	 -0.4046	 +0.0110
+11.3928	 -2.1758	 +0.2290	 -1.6340	 -0.4306	 +2.8754
 -4.2661	 +1.1893	 -1.5833	 -2.8886	 +1.7854	 -0.2954
 -3.8174	 -3.4737	 -5.9203	 +1.6209	 -1.5217	 +2.1763
 +6.3377	 -0.2112	-10.6449	 -0.3548	 +1.4513	 -0.3505
 +0.5209	 +1.5254	 -5.5881	 -0.2126	 +0.3509	 -1.8585
-16.4685	-15.2299	+14.2014	 +1.2739	 +1.2635	 +3.8590
 +1.2392	 +0.0278	 +1.7497	 -0.1327	 +0.7850	 -0.7834
+12.8566	 -7.1774	 -4.8868	 -0.6354	 -2.3865	 +0.9979
 -6.7407	-10.1325	 -6.8734	 -2.1138	 +0.3785	 +1.9623
-16.1031	 +1.0196	 +8.5936	 +2.5580	 +1.0398	 -1.7741
 -1.0448	 -7.4915	 -1.9314	 +3.9581	 -1.4321	 +2.0736
 +6.0682	 -4.0084	 -8.9826	 +3.6037	 -3.1503	 +2.1381
 -6.0372	 +5.0817	 -1.6536	 +0.3419	 +3.1158	 -2.0159
-14.9857	+27.4174	-42.8143	 +0.5463	 +0.3698	 -1.2884
 +8.5977	-12.4020	-51.1127	 -0.0715	 +0.9808	 +0.3821
 +0.9988	 -3.1389	 -5.6477	 +3.9156	 -0.3630	 +0.7034
-15.8007	 +1.7228	 -7.8922	 -2.2791	 -2.5968	 -2.0371
 -0.0799	 -0.0409	 +1.9885	 -2.8906	 +2.3929	 +1.2854
-12.7912	-15.2873	 -6.0641	 +0.9727	 +3.0922	 +0.1067
-19.5757	-71.8637	 -2.8950	 +1.2518	 +0.7398	 -0.6943
 +0.2533	 +1.7983	 +7.7395	 -1.5487	 -3.1014	 +1.9948
 +1.6456	 +6.2616	 -6.1427	 +3.1031	 -2.9881	 +2.0415
+19.0534	 -6.9046	 -2.5803	 -1.1657	 +1.3717	 -4.2930
 -7.8366	+10.1487	-14.2927	 +3.4234	 +0.0219	 +2.8804
 -5.9453	 +3.9089	-19.2849	 +1.7859	 -1.0053	 -0.0550
-12.1058	 -1.1711	 -9.1310	 +1.6988	 +1.5969	 -0.8403
 -3.8838	 +1.7543	 -1.5147	 -4.5578	 +4.2548	 +0.8338
 +0.9845	 -2.3260	 -3.9319	 +4.0986	 +4.4890	 +1.1965
 -2.6032	 +1.4305	 -3.0892	 -4.7378	 -0.7596	 +2.0261
 -7.0216	-22.4332	-15.0579	 -0.7016	 -0.3096	 +2.3128
 -4.7270	 +2.6219	 +0.5865	 +3.0430	 +1.9970	 +2.3201
 +4.4581	+16.3857	 +7.7356	 +0.2492	 -2.5892	 -1.0464
-58.6537	 -5.0405	-10.0291	 +0.2041	 +1.2544	 -1.0770
 -4.3081	 +0.6380	 +0.0418	 +1.0906	 +1.6948	 +2.7991
 -2.0617	 -1.1278	 -7.7153	 +3.5784	 +2.5665	 -1.8578
 +5.5869	 -7.9835	 -3.5590	 +1.6554	 +3.1533	 -0.2394
 +1.4808	 +0.7307	 -6.0711	 +1.6608	 -3.2913	 -1.6881
 -4.3673	 -5.6952	-12.9222	 +3.2529	 +1.9711	 -3.6041
 +0.5791	-12.2902	-25.6347	 +0.5735	 +1.9115	 +1.8089
 -8.6699	 +7.0948	 -0.4340	 -0.6746	 +0.4868	 +5.5538
 -8.0201	 +1.8604	-11.7791	 +4.0735	 -0.0883	 -2.8138
 +9.2481	 +1.2778	 -3.0261	 +3.2499	 -2.4567	 -1.0778
 +3.1152	-30.0373	-19.8863	 -0.6644	 +0.4129	 -1.1208
-10.3029	+19.6670	 -1.3386	 -1.3000	 +0.9252	 +2.3898
 -4.7867	 -0.8637	 -2.9273	 +0.4545	 +2.4166	 +2.3561
 +1.8148	 +3.4082	 +5.4740	 -1.4071	 -4.1600	 +0.6996
 -7.2760	 -7.9223	 +6.2447	 -0.1670	 -3.0182	 +2.4308
 -2.8051	 +8.0406	 -4.4402	 +0.8588	 -3.4874	 -3.3275
 +4.7620	 -2.3279	 +6.3133	 -2.3005	 +2.1160	 -1.5905
 +4.3909	 +1.4789	-11.1583	 -4.8895	 -1.1262	 -0.6039
 -0.9818	 +6.6497	 +3.5083	 +1.6119	 +3.6410	 +2.5449
+33.9390	 +6.6545	 +3.8105	 +1.1100	 -0.0453	 +0.8220
-23.8882	+12.6142	 -0.0142	 +0.6312	 +0.3084	 +1.8415
 -4.4147	 -4.0893	 -8.6662	 +0.3104	 -1.0939	 +1.1058
 +5.5064	-19.9277	-18.6907	 -0.8809	 -2.6403	 -2.0785
 +6.4959	-13.6507	 -3.2575	 -0.8755	 +3.0592	 -2.4479
+10.1818	 +9.6779	 -3.3338	 +1.0250	 -1.1893	 -2.2270
-34.8812	 +7.8977	 -3.3101	 +2.3464	 -0.0829	 +3.3171
 +5.0388	 +2.9523	 -0.1289	 +0.0603	 +3.9273	 -0.3882
 +8.3383	 +7.8896	 +5.4904	 +0.3496	 -2.7528	 +0.3944
 -4.8454	 +6.3185	 -1.2875	 +4.1207	 +1.3076	 +3.1580
-12.4467	-10.1794	 +7.6485	 -0.6576	 -2.0632	 +1.8043
 -9.9651	 -0.1466	 +1.3933	 -0.1269	 -4.2326	 -0.4808
 +0.2886	-12.2483	 -7.4314	 +2.9064	 -2.3530	 -1.8105
 -0.4413	+14.9163	 -2.9372	 +3.7619	 +1.7712	 +1.6947
+16.0933	+13.2294	-15.6416	 +2.7814	 -1.4880	 -0.1110
-18.7488	 -6.4823	+14.8186	 -0.7456	 +2.7654	 +2.5374
+30.9071	 -7.2680	+67.2874	 -0.0503	 -1.8421	 +0.6647
 +9.2461	 +7.1736	 +5.1328	 +2.1117	 -0.5831	 -0.3009
 -1.5258	-14.0981	 -3.4596	 +2.7363	 +0.6848	 -2.0140
 +2.3751	 +0.0106	 +3.0257	 +0.4178	 -1.2427	 -1.2892
-19.0212	+11.0425	-16.0699	 +1.3680	 -1.2488	 +0.5905
 -6.6122	 -4.5376	 -5.7615	 +3.0493	 +2.1181	 +2.0433
+23.5563	 +3.2390	 -3.1559	 +2.4475	 -0.4645	 -2.1311
-10.4965	-18.1121	 -4.6313	 -1.7157	 +1.7343	 +1.6581
-13.0353	+12.8784	-12.4525	 -2.2413	 +2.6253	 -2.5725
 -5.5131	-21.4618	 +8.5751	 -2.6875	 -1.3919	 +1.8415
 -2.0318	 +3.9847	 -1.9693	 -2.2364	 +1.5240	 +2.6537
+10.0219	 +6.8259	 -9.8983	 +3.8716	 -1.3595	 -0.2509
 -1.0502	-20.1256	+14.2276	 +1.5485	 +0.3006	 +0.4698
 +0.0920	 -7.2553	 -6.1185	 +1.8330	 -1.4072	 +2.3261
 +1.7492	 -5.9472	 +1.9997	 -4.6091	 -0.1659	 -2.8411
-10.0327	 -3.1821	 +1.6259	 -1.0482	 -1.0324	 -2.1841
 +0.7866	 +0.5128	 +1.5407	 -3.5045	 -4.7942	 -1.9603
 +4.3704	 -6.8802	-15.3757	 -1.4812	 -1.7245	 +0.3585
+10.4120	 +3.2228	+27.4517	 -0.1836	 -1.8278	 +1.2685
 -2.4693	 -7.7072	 -3.0094	 -3.6565	 -2.2275	 +1.0752
 -1.8254	+11.7757	 -0.5838	 +0.6775	 +1.7910	 +4.4007
 +4.9008	 +2.6224	 -4.2662	 +1.6320	 -0.5950	 -3.2161
-11.9612	 +2.1515	+14.9641	 +2.0376	 +0.0697	 -1.9190
 -3.4033	 -4.0863	 +4.0088	 -3.4587	 -0.2526	 +3.4140
 +3.4751	 -0.5824	 +0.6645	 +0.8940	 -0.6494	 -2.8275
+34.1020	 +8.8212	-19.2640	 -0.4699	 -1.1289	 -0.1366
 -4.2967	+12.0905	-26.1448	 -3.2174	 -0.2336	 -1.6474
 +2.5080	 +1.1764	 +1.5558	 -4.1277	 +0.9670	 -1.2200
 -0.8990	 -4.2849	-10.5013	 +3.8941	 -0.6446	 +0.2900
 -0.6864	 -2.7606	 -2.6334	 -0.2054	 +5.8965	 +1.4870
 -6.3123	 +4.0094	 -0.8620	 -0.9907	 +2.9343	 -3.7739
 +1.6017	+10.7899	 -2.3874	 -0.2895	 -3.1167	 +2.8498
+15.2250	+12.0876	 -1.5094	 -2.7125	 -1.8509	 -1.3840
+25.6926	 -0.5517	 +5.9942	 -1.8479	 +0.8653	 +0.6736
 -0.4952	 +1.5821	-10.6901	 -0.7586	 -1.1120	 -1.9612
-12.0700	 +1.1531	 -1.3629	 -3.0393	 -0.8833	 -2.5592
 -0.3403	 +0.8831	 -4.8795	 +1.9156	 +0.2767	 +0.8499
 -2.6903	+12.9764	 -2.7414	 +1.9419	 -2.3436	 +1.8750
+18.0490	-63.6636	-33.7479	 -0.4154	 +0.8626	 +0.6671
 +1.9895	+10.8847	 +7.3415	 -0.3253	 -2.9474	 +2.8744
 +0.9807	 -3.1939	 -4.6979	 +2.1189	 +0.3521	 -1.8156
 -7.7777	 +3.3982	-11.1665	 +1.3605	 -0.3583	 -0.9608
+11.4304	+18.6070	+29.8835	 -0.9557	 +0.1347	 -0.8631
 -0.2576	 +0.5559	 -0.3661	 +3.2522	 -5.9854	 -0.8285
 +0.7540	 -3.2310	 +5.4603	 -2.5315	 +2.9551	 -1.9770
+16.4727	-19.5992	+22.9026	 -0.6210	 +1.1451	 -1.9393
 +2.1289	 -6.7015	 +0.5955	 -2.3626	 -1.9526	 +1.6830
-72.4424	-58.3268	+27.7577	 +0.5249	 +1.2274	 +0.5328
-14.1951	 -4.1392	-12.6700	 +2.0406	 -0.5811	 +0.2240
+60.9780	+43.4679	+41.9635	 -1.2045	 -1.2425	 -0.3254
 -5.0125	+11.0285	 -8.5093	 -1.6354	 -2.0969	 +2.8397
+10.0503	 -5.5287	 +0.3460	 -0.2529	 -2.3518	 +0.4626
-109.2198	+51.2665	-21.7917	 -0.5474	 +0.7836	 +0.2634
 +4.5912	 -4.2648	-15.7384	 -3.2475	 -0.0755	 +1.2058
 +5.9646	+11.0833	 +4.4511	 +2.0012	 +0.2484	 -0.4776
 +4.7307	 +0.7372	 -2.1421	 +2.2033	 +0.8541	 -4.0096
 -2.5749	 +0.9272	 -4.7172	 +1.1461	 +3.5308	 -2.6047
 +0.6454	 -3.7957	 +1.7285	 -1.9906	 +0.4526	 -1.7018
 -8.7598	 +6.8060	 -3.0823	 +1.2110	 +4.6189	 -2.0480
 -2.4305	 -0.3148	 +0.1245	 +4.5913	 +3.7329	 +0.2868
 -7.6817	 +4.0670	 -1.5424	 +1.9942	 -4.2772	 +1.2224
 -5.9476	 +8.5226	-12.1666	 -0.7567	 +5.2500	 -0.5036
 +6.0930	+11.3031	-11.8483	 +0.0097	 -0.3964	 +1.1027
 +0.8074	 -0.6903	 +0.8106	 -0.7472	 +2.4430	 -1.1314
 +3.0434	 -4.0564	 -2.2895	 +1.8999	 +1.6456	 -3.0231
 +2.7322	 +3.2551	 -4.2265	 +3.4674	 -1.5138	 +3.3618
-32.8559	+10.4353	+12.2970	 -1.4725	 +1.0868	 +0.6048
 -8.1874	 -5.4065	 +3.6639	 +2.3133	 +4.3133	 +3.2518
 -1.4433	-10.4945	 +7.5731	 -1.4025	 -5.1032	 +2.5698
-15.3739	 -3.7387	 +1.7840	 +0.8274	 -1.0242	 +4.1825
 -0.6473	 +0.5882	 -5.0383	 -2.1102	 +1.6236	 -3.1097
+10.4047	+15.0693	-20.6280	 -1.0634	 +1.2022	 -2.7606
 -1.1156	 +8.5737	 -7.6041	 +3.6765	 -0.9095	 -0.8923
-10.0490	 +1.6518	-14.0129	 +0.7113	 +0.8890	 -1.6512
 +2.7396	+12.6212	 -1.8931	 +0.6289	 -2.0185	 +1.5498
 +3.9170	 -0.2018	 +4.6487	 +0.9933	 -4.2824	 -1.5839
 -7.8632	 +3.8468	 +6.4169	 -0.9334	 +0.1051	 +1.1526
-14.5968	 -3.2802	+16.1319	 -0.7594	 +1.2937	 -0.7787
-42.9779	 +9.7023	 +3.9987	 -2.4798	 +1.5274	 +0.8413
 +0.1418	 +3.1033	 -2.1355	 -0.5833	 +1.1495	 +0.9637
-26.1533	 +8.3665	 +8.9061	 -1.2529	 +4.6791	 +0.2985
 -9.5628	-11.3559	 +7.2891	 +0.6359	 +0.4854	 -0.5990
 -2.9557	 +0.1586	 -2.0856	 -4.6901	 -3.4308	 -2.7884
 -4.7961	 -0.3324	 +2.5874	 +0.0342	 -1.3402	 +1.3427
-16.1068	-51.3028	+31.9215	 +1.8845	 -0.0054	 +0.8881
 -2.3038	 +9.5595	 +1.2748	 -2.0424	 -0.5878	 -1.4518
 -2.5582	 +0.7113	 -7.5446	 +4.5896	 -0.1133	 +0.7784
 +2.3474	+16.1947	+13.9779	 -1.8172	 +0.4331	 +2.1853
 +5.0072	+14.1143	+16.3762	 +0.4815	 +2.0030	 +0.9332
 -0.3967	 +5.6331	 -3.8073	 -0.5192	 +2.2806	 -3.6041
 -5.3353	 +6.3635	 -0.9441	 +0.8914	 +1.9609	 -0.8302
 -1.7543	 -2.0929	 -7.0211	 -1.7077	 -0.8753	 +3.1435
 -2.8130	 +2.8064	 -1.9236	 -0.3754	 +1.5468	 -1.3181
+10.2925	-11.1275	 +2.8547	 +1.2791	 -3.1125	 -0.6617
 -2.2574	 -0.7716	 -0.3018	 +0.4716	 +2.9883	 -3.9932
 -3.1433	+22.1499	 -0.7757	 +1.7935	 -0.0216	 +2.7163
 -6.1710	 -3.8048	 +0.8762	 -1.2550	 -3.7283	 +1.5572
 -5.6624	 +2.9610	 -1.1620	 +0.0255	 -0.5310	 +1.9186
+19.1207	+14.7981	 -3.0373	 +0.6743	 -2.0042	 +0.3118
-12.4294	 -2.1408	-11.2756	 +2.1863	 +0.1894	 -1.0460
 -1.7219	 -1.2101	+13.0087	 -1.2588	 -1.3160	 -2.5542
 +2.4007	 +1.6020	 -0.9696	 +0.9815	 +0.5869	 +2.2284
+10.3337	 +8.2598	 +4.9400	 -1.8852	 +3.4988	 +0.0222
 +1.0690	 +4.1504	 +1.6065	 +5.8588	 -3.0246	 +0.7746
 -5.4392	+10.9065	 -5.1251	 +2.3778	 -1.5949	 -1.0052
 +4.7693	+14.7982	-17.7613	 -0.2563	 +1.5423	 +1.2009
+10.9531	 +0.7480	 -5.6490	 +1.2785	 -3.6565	 +0.2631
-11.2904	 +0.6276	 -1.9468	 +0.8380	 +2.3617	 -0.4134
 +0.2658	 +6.8029	 -8.3314	 -0.6296	 -2.6082	 +0.7149
-12.0271	 +3.7741	 +9.1365	 -2.6542	 -0.1235	 +2.0951
 +8.3465	 -9.5517	+35.5651	 -1.0195	 +0.7893	 +2.0938
 -2.9135	 -7.3259	 -1.3445	 -0.4369	 -2.5977	 -3.0932
-16.2518	 +5.2588	 +0.7929	 -0.0749	 +3.7659	 -0.0280
 +3.1277	 +0.6702	 -1.9296	 +1.7454	 +0.4990	 +0.2947
+17.5332	 -9.6207	 +8.8462	 -0.0333	 +0.5937	 -0.6451
 -2.1293	 -5.7119	 -0.4991	 +3.2632	 -2.3237	 -0.5436
 -0.1311	 -4.5961	-10.6917	 +0.8957	 +5.9073	 -2.1655
 -2.5473	 -2.5413	-12.1704	 -3.1279	 -2.2574	 +1.1590
-23.3744	 +5.7273	-40.1075	 +1.0284	 -1.0974	 -1.1899
+15.2382	+17.0496	+29.4647	 -1.0312	 -0.8537	 +0.8292
 +4.9938	 -2.4957	 -1.5074	 +0.2551	 +0.6732	 +1.0013
 +2.6437	 +7.7785	 +2.4183	 -1.9132	 -1.2928	 -2.1441
 -5.4544	 +8.0125	+24.5111	 -1.2110	 +0.7784	 -2.6033
 -9.3160	 -3.5822	-10.5947	 +2.2332	 -1.9618	 -0.3272
 +1.0584	 +2.6168	 +1.0374	 -4.9528	 -0.6208	 +0.3366
 -8.2957	+14.8093	+13.0470	 -1.6988	 +1.2295	 +0.0451
 +3.7379	 -8.7961	-10.8649	 +0.5112	 +1.0104	 -1.9081
 -5.1493	 -2.9011	 +5.8765	 +1.8150	 -4.9890	 +0.7787
 -1.0661	 -3.0095	 -4.6583	 -2.7582	 -2.5069	 -0.5666
 -4.9110	 +4.4408	-11.8845	 +3.2506	 -1.2380	 +0.1613
-19.5353	 -0.5303	-17.0678	 +2.4885	 +2.3155	 +0.9768
-12.9113	 -6.8418	 -2.5081	 +0.8203	 +0.3159	 +3.1921
 +4.3967	 -1.1987	 -3.2642	 +1.0451	 -0.5777	 -2.4404
 -5.2496	 -3.8192	 -1.3244	 -0.5755	 +2.2821	 -3.0933
 -3.0741	 +5.8377	 +3.0693	 +0.8931	 -4.0785	 -1.1519
 -1.8211	 +2.7680	 +1.2644	 +1.3215	 +1.6121	 -3.0605
+21.9002	-14.8439	 +3.9159	 +1.4998	 -0.2687	 +1.1774
-14.5707	+19.0582	 -7.3114	 -1.2278	 -0.1236	 -1.0431
-10.6819	 +4.4335	 +2.2137	 -1.8065	 -1.1230	 -1.9393
 +0.9180	 +5.7525	 -7.0949	 -1.0626	 -2.6382	 -3.7355
-13.2529	-11.4795	+10.3384	 -1.4240	 +1.2531	 +0.0110
 +7.1643	+10.9144	-21.0686	 +2.7742	 -0.7796	 +1.8261
 -5.6016	 -5.5626	 -0.6948	 +6.1954	 +1.6666	 -0.6731
+20.2542	-12.0545	-25.6773	 +0.2290	 -0.1907	 +1.8748
 +2.3923	 -0.6017	 -4.1383	 -4.4041	 -5.8654	 +0.2448
 -6.4469	 +1.0755	 -4.6585	 -1.5834	 -2.3693	 +2.9993
 -1.3511	 -0.1534	 -0.3685	 +1.0172	 -1.9479	 -2.9876
+23.2454	 +5.5851	 +0.0423	 +0.3005	 +1.8752	 -0.2236
 +6.8856	-12.2923	 -5.5157	 -3.4111	 -0.0441	 -4.1771
 -2.4930	 -6.3477	 +2.0477	 -4.2632	 +0.2992	 -5.1070
+20.8668	 -7.0319	 -6.4800	 +1.3092	 +0.8023	 +0.1290
-19.2047	 -2.8505	 -4.6807	 -1.2089	 -2.0385	 -0.3863
 -6.7910	 +6.5577	 +5.6913	 +2.3356	 +1.5656	 -1.0141
 -9.3500	 -3.8385	-10.1691	 +1.5582	 +2.1615	 -0.8051
-15.4527	 -3.1214	 -1.2880	 +0.5321	 -0.3262	 +0.9103
-17.3879	 -3.6860	 -8.5834	 -1.4508	 +1.5473	 -2.9849
-24.3619	 -8.4241	 -5.6059	 -3.4384	 +2.5098	 +0.7853
 +1.7711	 -1.3684	 +5.8416	 -3.3731	 +2.4789	 -3.1203
 -0.6641	 +0.2925	 -2.9315	 -1.0372	 -4.2700	 +2.0292
 -3.1654	+17.1856	 +0.4666	 -0.9949	 +2.2008	 -2.5732
 +2.8079	+12.7279	 +2.9916	 +1.5780	 -3.3184	 +0.6565
-12.6675	+14.1898	-48.7362	 +0.0969	 +0.0496	 -0.2775
+10.0970	 +6.1835	 -1.8101	 +2.1781	 +3.0156	 -0.3880
+12.9558	 +7.4357	-12.4950	 +2.3586	 -1.3932	 -2.4168
-13.8982	 -3.0873	 -1.1369	 +1.7770	 -0.0844	 +3.1813
 -7.2308	+15.8891	-20.5086	 +0.8768	 +2.7385	 +2.5223
 -0.2389	-13.4073	 -3.9682	 -1.0435	 +2.5763	 -1.6810
 -4.7320	 -2.4442	 +1.3755	 -0.4584	 -3.5372	 -1.3696
 +0.5631	 -1.8486	 -7.1899	 -5.9501	 -0.1847	 +0.1195
 +2.4696	 +0.5629	 +2.0025	 -2.7108	 +0.2746	 +1.7013
 -9.5548	-12.3962	 -1.1046	 -0.1630	 -2.0334	 -0.1728
 -1.3706	+25.0177	 -0.8001	 +2.8568	 +0.0361	 -2.7249
 +0.0310	 +2.5571	 -4.4907	 -0.5646	 -0.1843	 +0.8500
+10.3386	+10.4593	 +7.2002	 +0.6733	 +2.1057	 -1.2808
 -5.3663	 -9.9998	 -4.3906	 +1.5932	 +2.0580	 +3.4830
 +2.8063	-10.2914	+17.8639	 -1.4961	 +0.7248	 +0.4385
 -3.5287	 -1.0451	 -9.0499	 +1.7458	 +0.7369	 -2.1413
 +3.7065	 +1.9955	 -8.7925	 +1.6265	 +1.0239	 +0.4020
 +5.9657	 +3.8750	 -0.2954	 -2.7077	 +0.7558	 -0.4246
 -2.1990	-18.0683	 +6.5044	 -2.4686	 +1.4063	 +0.5039
 -3.2631	 +5.2776	 -4.4839	 -1.7125	 +0.5374	 -0.5654
 +1.8443	 +0.1935	 -3.9884	 -1.5814	 -1.1222	 -1.0799
 -5.4285	 +1.3088	 -2.1667	 -1.3274	 +1.0218	 -3.3691
 -0.8744	 +7.2159	 +0.6682	 -0.2525	 -0.4204	 +0.5727
 -3.2771	 +2.5852	 -1.2859	 -2.8333	 -2.3994	 +2.3086
 +9.8054	 -2.5393	 +5.1022	 +1.5098	 +0.1028	 -1.2725
-13.2635	+21.4263	 -7.7295	 +0.9385	 -2.0314	 +0.8602
 -4.9673	-10.4073	-16.1260	 -0.4285	 +2.5835	 +0.8659
 +6.3950	 +1.0189	 -3.6032	 -0.0271	 -4.3425	 -0.9609
 -2.9858	 -1.0209	 -0.4867	 -2.7857	 -1.1999	 -0.6116
 -2.9335	 +6.0682	 -9.9732	 +0.1757	 -2.3665	 +0.3058
-18.6767	 +2.0783	+16.6012	 -1.3404	 +0.1762	 -3.8416
 -1.3359	 +6.2038	 +2.6543	 -2.9568	 +1.3437	 +6.3651
 -0.3971	 -2.6147	 +1.4025	 +0.5593	 -0.8163	 -0.3709
 +1.5319	 +1.9915	 -2.0686	 +0.9923	 +1.0912	 -0.8152
 +0.1910	 +8.1207	 -2.5086	 +3.6982	 +2.4275	 +0.7459
 +0.1146	 -4.2487	 +3.4311	 -2.0120	 -1.5056	 -4.5907
+21.6713	 -5.9145	 +6.1750	 -2.4177	 -1.6559	 -3.0853
 -0.3388	 +0.0123	 +1.8362	 +0.8611	 +4.0849	 +0.5408
 -1.9795	-34.3249	+57.9373	 -0.3755	 -1.1855	 +0.5294
 +0.4683	 -4.3555	 +0.5100	 -0.1471	 -4.0956	 -0.4010
+38.5043	+35.7994	-30.6088	 -1.7257	 -1.1809	 +0.5618
 +2.0996	 +4.9014	 -4.3317	 -0.2757	 -2.5531	 +3.1464
 -1.2469	 +1.7693	 +2.0777	 -1.0114	 -3.1925	 -2.8218
+52.0789	 +1.6722	-45.2681	 -0.2747	 -0.1701	 +1.4807
-14.5407	-31.7306	+26.5089	 +2.5381	 -2.0406	 +1.6338
+104.1519	+59.0266	+15.9455	 +0.0578	 -0.7884	 -1.6064
 -0.4233	+31.2354	 +4.3370	 +2.8230	 -0.8521	 +0.6511
+23.0713	+66.9609	-34.0195	 +1.1747	 -0.3492	 +0.0045
 -8.9610	 -9.9851	 +1.5559	 +0.0170	 +0.3065	 +2.2143
-10.0696	+18.1358	 -3.5932	 -2.9585	 -1.0656	 +1.1016
 -6.6984	 +1.8186	 -8.8562	 -5.7594	 -0.4766	 +4.5733
+11.2268	+27.7240	-48.8105	 +0.7348	 +2.6997	 +0.1678
 +6.5306	-12.6850	+42.9035	 +1.5009	 +0.9246	 -0.9443
+23.8249	 +6.2285	 +2.2335	 -2.1665	 +1.5451	 +0.9089
 -4.2859	 -2.1600	 -7.2850	 +2.2799	 -3.9482	 -1.6734
 +4.3371	 -8.0022	 -5.6758	 -4.9147	 +1.6668	 +1.1026
 +6.9893	 -4.4533	 +0.2143	 +2.6393	 -1.0629	 -3.3954
 +0.3196	 -2.8227	 -6.0584	 -3.0275	 -2.0190	 +4.5910
-11.6444	-10.0686	 -6.7245	 -0.5898	 +1.4026	 +0.6643
 -5.0849	 -4.0044	 -3.1489	 +3.1328	 +2.3476	 +0.1693
 +1.2054	+24.6083	 +7.1697	 -1.2075	 -1.8116	 +0.8555
 +3.6376	 +4.0459	-15.5473	 +0.3233	 +3.4815	 -0.4418
 +9.0082	+15.2242	-25.8737	 -1.5398	 +0.2360	 -0.1963
 -3.6642	 +6.7690	 -1.5105	 -2.1444	 +5.2755	 -0.5767
+18.5615	-21.6553	-10.9974	 -1.0285	 +0.7177	 -1.0503
 -4.1692	 +1.6090	 +3.0774	 -1.1693	 +1.4529	 +0.5118
 -2.6336	 +3.6743	 -0.2819	 +1.1179	 +1.9413	 -3.0823
+12.8465	-19.0943	 +0.3708	 -0.7295	 +0.6546	 -0.4050
 +1.9637	 +4.1920	-15.5792	 +0.3823	 -2.4358	 +2.2782
 -2.1993	 -5.9973	 -2.0055	 -3.2468	 -0.9533	 +6.2156
 -1.1353	 +6.1272	 +3.7647	 +1.4079	 -0.4638	 -4.7094
 +1.7833	 -2.3570	 +7.0537	 +0.5047	 +0.7429	 -2.3735
-23.3247	+23.1724	 +7.9655	 -0.1731	 +1.9375	 +0.9151
 -3.7537	-10.7057	 +2.6476	 -3.2368	 -2.4342	 -1.1854
-11.9192	 +6.2998	 +0.4533	 -3.9496	 -2.3240	 -0.8042
+11.1112	+10.7311	 +5.7203	 +4.3156	 -0.1642	 +1.4255
-10.8388	 +4.7279	 -5.1714	 -3.4444	 -0.2226	 +1.4448
 +2.9330	 +1.0153	+12.1205	 +1.4633	 -1.4029	 -1.3656
-15.0650	+66.0164	+20.8375	 +0.7248	 +0.3096	 +1.2636
+19.3900	 -6.7901	 +5.9999	 +1.7808	 +0.9768	 -0.7165
 +3.5632	 -8.1082	 +6.2580	 +1.8286	 -3.5400	 +1.1084
-12.6052	-33.8430	+25.5936	 -0.8906	 +0.4202	 +1.1490
-41.1213	+34.9097	+25.7855	 +1.2025	 -0.1759	 -0.6073
 -0.3309	 +3.4187	 +2.4891	 +1.7238	 -2.7412	 -1.4025
 -5.5464	-17.5318	 -6.4829	 +3.5348	 -0.0895	 +1.4723
+10.2944	 +8.3467	 +1.6311	 -3.4972	 +2.3117	 +2.2558
 -6.5472	 +1.8847	 -4.5304	 +1.4737	 -5.8970	 +3.2858
 +2.2050	 -1.8503	 +3.3367	 +5.8740	 -0.9025	 +0.9897
 +7.0879	+12.7012	 +6.3326	 +3.3369	 -0.1330	 +1.6576
 +4.3325	-32.4178	+110.3983	 -0.2982	 -1.4622	 +0.5688
-23.8682	+11.9821	 -3.4169	 +0.1176	 -2.8750	 +0.2774
 +4.5019	-13.7841	-17.9015	 +2.5413	 +0.6934	 -1.4870
 -3.3236	 +0.9155	 +3.0366	 -2.4096	 -3.6106	 +0.9564
+12.9069	 +2.0804	-12.3001	 -3.2662	 -2.3144	 +1.3610
 -5.5389	 -6.5920	-20.2018	 -0.5994	 +0.0289	 +2.0725
 -0.9456	 -6.8476	 +4.9653	 +3.4178	 -1.4749	 -3.3660
+25.7789	-25.6282	+39.3139	 -1.3061	 +1.1014	 -0.3163
-11.1619	-16.1306	 -7.0756	 +2.4776	 +0.1630	 -3.6030
 -1.7490	 -6.4650	 +1.7073	 +0.8501	 -4.7353	 -1.1361
 +5.0826	 +1.5856	 -2.0156	 +1.7223	 +4.8945	 -2.6439
-15.2207	 +5.8680	+15.3371	 -1.8968	 +1.8966	 -1.1317
 +8.9240	 -7.7837	 -2.5668	 +1.6998	 +4.1099	 +2.0181
+13.6735	 +5.7753	 +6.7621	 +1.2055	 -3.3890	 -2.2944
+14.5630	 +1.4078	 +4.2911	 -3.3052	 -0.4379	 -1.4079
 -0.0563	 -2.1241	+22.4391	 -0.3269	 +2.9701	 +0.7541
 +3.6984	 -7.2999	-13.4803	 -0.1899	 -5.3917	 +1.3826
 -2.4073	 +2.2539	 +4.6632	 +3.0990	 -2.5987	 +1.3086
 -3.4483	 +0.1468	 +3.9746	 -2.6800	 -1.1671	 +2.0524
-14.8124	 -4.2703	-10.3227	 -0.6738	 +0.7733	 -0.4994
-13.4927	 +3.0678	 +0.0276	 +1.2694	 +1.3119	 +0.7718
 +1.8184	 +7.8104	 -8.9964	 +0.1678	 +0.9692	 +2.1436
-20.0822	 +1.8551	 +8.6709	 +4.2775	 +0.5128	 +1.8533
 -3.2042	-10.7271	 +0.9533	 +1.1719	 +0.0439	 +2.9321
 -6.7505	 -1.9153	 -4.0877	 +0.3264	 -0.5239	 +0.4777
-12.0083	-12.1679	 +0.2236	 +0.5839	 +2.4265	 +0.7362
 -2.2679	 +8.5644	 +4.7540	 +1.8093	 -1.5142	 -0.1221
+27.6817	+22.5567	 -5.1822	 -0.7455	 +0.9662	 -0.2593
 -6.4801	 -9.2415	 -0.3801	 +1.5788	 -0.7028	 +0.7327
+25.6161	 +1.9244	 +6.5388	 -0.7368	 +2.2812	 -0.7332
 -2.4964	 -4.3066	 -5.4713	 -4.2489	 -0.0134	 -3.3313
 -5.1993	 +2.8602	 -8.4041	 -0.7527	 +1.6850	 -1.2961
 -4.9388	 +4.9879	-12.1555	 +4.3786	 -3.7393	 -0.5412
 +1.7644	 -2.6637	 +2.3877	 +0.3404	 -4.2605	 -1.8002
 -6.6622	-22.2394	 +6.0602	 -0.0363	 -3.5440	 -1.5819
-12.4363	 +9.5324	 +6.6124	 +1.3876	 +0.5537	 -2.9480
 -3.3582	 -5.2285	 -4.1768	 +1.2907	 +5.2366	 +2.3508
-14.9968	 -9.5972	+16.2433	 -3.2927	 -0.6563	 +1.0718
 -5.8381	 -0.1414	 +2.3688	 -6.3559	 +1.2442	 -0.1194
-16.3128	 -5.7395	 -6.9709	 -2.1220	 -2.7880	 +1.1167
 -0.6098	+25.0524	-13.0052	 +1.6929	 -2.1113	 +2.1202
-13.7075	+11.0146	 -4.1720	 -0.0878	 +2.9752	 +1.3766
 +5.7931	 -7.6220	 +5.6212	 -3.8381	 +1.2369	 -0.0417
+13.9076	-24.3649	 +1.4577	 -1.0032	 +1.2265	 +1.6282
+11.7725	 +1.7972	 +1.4427	 -1.0433	 +2.9270	 -1.1233
 +6.9046	+36.9713	-15.3873	 -0.0833	 +1.7170	 +2.2042
 +3.4039	 -3.5097	 +4.3541	 +0.6331	 +0.3451	 +3.0283
 -0.2766	 +8.5261	 -1.2090	 -3.4551	 +0.4281	 +0.2587
 -3.3980	 +0.3347	 -4.2333	 -1.2998	 -3.7385	 -1.3253
+86.9031	-28.9228	+52.4697	 +0.1498	 -0.9308	 -1.3632
 +1.0061	+12.2850	-13.3827	 -2.4399	 -1.7933	 -1.6970
 -2.0076	 -0.1641	 -8.3014	 +2.3497	 -3.6120	 -2.0994
 -2.4398	 -0.3243	 +7.5823	 +1.9266	 +0.9683	 +0.3549
 +2.9056	 +4.5624	-14.1034	 -0.8560	 +2.3971	 -1.0552
 -7.7305	 -1.4618	 +4.0036	 +2.6460	 +3.3441	 -3.4593
 +0.6675	 -0.7943	 +2.3321	 +1.8137	 +1.8276	 +3.2522
 +5.1013	 -5.1697	-10.2569	 -1.3758	 -3.1446	 -1.0020
 -7.8597	 +1.2111	+18.8031	 +2.2043	 -1.0786	 +2.5092
 +4.1448	 -7.2130	 +7.5660	 -3.3381	 +2.7548	 +2.3868
 +4.0322	+14.4346	+23.2321	 +0.6181	 +0.9378	 +3.8647
+10.1691	 +5.1185	+13.8562	 +0.8843	 +0.8653	 +2.3776
 +7.6165	 +0.4311	 -2.4049	 -1.5789	 +1.3783	 +0.1682
 -4.3428	 -8.9857	+21.9327	 +1.3628	 +1.0917	 -0.7615
 -8.3946	 +0.0932	+16.8440	 -1.7212	 -2.1953	 -1.9503
-20.8206	 +0.9941	 -7.8545	 +1.2263	 +1.0261	 +3.7088
 +5.3371	 +3.9192	 +3.5147	 -2.9337	 -2.4159	 -1.4013
-41.2984	+21.2441	 -0.0938	 -3.0149	 +1.4295	 -1.0396
 -3.1407	 -0.5949	 -3.1684	 +0.0404	 -7.3595	 +0.1067
-13.9492	 +0.8344	 -1.4301	 +2.0199	 +2.8131	 +2.2706
+18.9930	 +6.9341	 +8.5155	 -1.1984	 -0.9439	 -1.6753
 -5.0808	 +5.9368	+11.3698	 +1.9725	 -0.1838	 +1.8380
 +4.8540	-19.8926	 +4.0676	 -0.5160	 -0.6468	 +0.8895
 -5.1244	-13.1195	 -1.2343	 -2.2681	 +2.0283	 -1.6013
 -0.7445	+12.4330	 +4.7838	 +0.7808	 +0.1941	 +1.2460
-92.5705	-169.9786	+26.1216	 +1.0926	 -0.0002	 -0.0972
 +6.5458	 +4.0016	 +2.4534	 -0.7304	 -0.0225	 -0.1570
 -0.9100	 -7.1110	 -3.3391	 -3.8201	 -0.4670	 +2.6476
 +0.1697	 -3.3956	 -2.3523	 +4.1469	 +2.7209	 +1.5999
 -8.8817	 -0.9906	 +6.0836	 +1.6493	 -2.8553	 +4.8510
-10.4973	 -1.7803	 -3.7497	 -2.4823	 +0.0560	 +5.3029
 +0.0606	 +2.4972	 -6.7275	 +1.2107	 -2.9369	 -0.7013
 +2.5693	 -5.4762	-11.6847	 -1.8520	 -0.2638	 -1.3354
-15.0258	 -9.8275	+22.9355	 +1.5946	 -3.1193	 -1.0145
 +4.1693	 +0.6363	 +0.7596	 -2.5642	 +4.4062	 +1.5938
 +3.1468	 +3.2669	 -3.3830	 -1.2616	 -1.1998	 -2.2982
 +2.8130	 -8.5819	 +2.3754	 -2.5853	 +3.1592	 +2.8362
 +0.2707	 +0.0203	 -0.5214	 -1.3001	 +5.4133	 +4.6062
 -3.9179	 -3.2890	 -1.8914	 +5.6295	 -1.4324	 +0.6806
 -3.0596	 +4.7338	 +7.0320	 -2.8257	 +1.1585	 +1.5676
 -2.9119	+20.1305	 -7.2054	 -0.7863	 +2.8627	 +2.5664
 +9.4935	 +2.6964	 -6.3778	 +0.9149	 -1.7889	 +1.4369
 -3.9850	 -1.7176	-12.0634	 +0.8515	 +0.9972	 -2.4257
 +0.3068	+28.8181	-31.4294	 +0.2051	 -0.9940	 +2.3588
 -0.8596	-19.6751	+41.0879	 +0.4415	 +0.5354	 -1.7351
+17.9057	-21.7302	 -7.7965	 -0.5095	 +3.0138	 -1.3063
 +1.4733	 +3.6413	+16.4549	 -1.6201	 -1.1753	 -1.5646
 +1.8346	 +1.4381	 +5.1979	 -2.5326	 -2.2211	 -3.9426
-12.0496	+14.6273	 +0.0537	 -2.5230	 +0.0339	 +1.1743
 +4.8110	 -6.6190	+29.6831	 -1.5154	 +1.2427	 -0.9640
-47.0337	+20.1959	-75.7197	 +0.9971	 +1.8937	 -0.0217
 +7.9433	 -2.4490	 -1.3193	 -0.8126	 +3.1340	 -0.2131
+13.4195	-17.4326	 -4.9238	 -0.5960	 +1.3713	 +0.7491
 -3.1824	+15.4386	-13.3394	 -0.2898	 +1.3095	 -1.0203
-27.6337	 -2.6750	 -7.3868	 -0.2959	 +1.1058	 -0.0289
 +0.5133	 +3.5219	 +0.3348	 -0.7981	 +3.4589	 +2.6311
 -3.5625	 +6.3039	 +4.8531	 +1.6009	 -0.0677	 -2.6432
 -4.2628	-26.9271	-15.9874	 +0.7516	 +2.8408	 -1.3900
 -2.8604	+10.5804	 +1.2937	 +2.4948	 +2.8590	 +0.6718
 -5.6581	 +3.8808	 -1.8498	 +0.2731	 -2.8215	 +2.0045
 -0.9490	 -2.6138	 +8.7616	 -2.6330	 +0.6688	 +1.2735
+20.0840	+15.9949	-33.6770	 -1.0662	 -0.9576	 +0.3680
+29.6692	+40.7546	+68.6150	 -1.0375	 -0.5599	 +1.1001
 -4.5271	 +3.1975	-23.0106	 -1.7240	 -2.5907	 -0.7603
 +0.4350	 -8.6736	+14.0683	 +3.0077	 +0.3571	 +2.7688
 +1.1972	 +1.8536	 +2.5453	 -0.8536	 -0.1725	 -0.0122
 +2.3652	+17.3370	 +7.0015	 +1.7111	 -0.8448	 -0.0293
+68.4736	+28.4390	+34.4940	 -0.6239	 +0.1925	 +0.6752
 +2.1294	 -4.1361	 -0.9547	 -1.8590	 +2.4319	 -4.5965
 -1.0557	 +8.4661	 +2.3297	 -0.8389	 -2.5343	 +2.8228
-15.1686	 -8.2815	 +2.7315	 -0.5694	 +1.1028	 -3.2722
 +2.8049	 -3.2889	 -1.7103	 -1.7212	 +1.9476	 +4.1384
-41.6173	+10.6492	 +9.8230	 +0.9378	 -1.1129	 +1.8594
 -1.7312	 +3.0607	 -7.7908	 -0.8145	 +4.7428	 -2.6213
 +0.9923	 +5.2323	 -4.0560	 +1.3367	 +3.9686	 -3.9217
 -3.1404	 -9.2536	 -1.9152	 +3.7370	 +3.3215	 +0.8759
 -9.7182	 -0.0757	+29.5297	 +1.8223	 -0.1938	 -0.5719
 -7.0905	 -1.3760	 +8.2910	 -1.1135	 -4.8051	 -1.1238
-10.8936	 +8.7733	 -0.4005	 +1.3657	 -4.7229	 -1.0557
 +8.3285	 -3.4128	 +4.5067	 +0.9414	 -1.0093	 +1.1099
 +7.3434	 -4.6994	 +8.9414	 -3.8110	 -3.4632	 -2.0930
 -0.3581	-12.5318	 +8.0650	 -0.1728	 +1.0717	 -0.3373
 +4.4661	 +5.5055	-25.3778	 -1.6917	 +4.1044	 -1.0244
 -3.0505	 +4.1996	-10.1450	 -1.5117	 -3.2061	 +2.2672
 +0.8606	 +3.2922	 +0.3922	 -4.2275	 +1.2818	 +4.7891
 -0.9967	 -0.0306	 +5.2527	 +0.7854	 +0.5673	 -1.3283
 -4.9594	-20.9294	-11.1869	 +0.5988	 -0.1064	 +2.9812
 -9.0757	-10.9813	-16.1539	 +3.1187	 -1.0436	 +1.0115
 -3.4465	 +4.1896	 +0.1114	 -1.4621	 -0.1162	 +0.4926
 -3.9514	 -9.4244	 +9.1622	 -0.5399	 +0.8589	 -2.9301
+17.2121	+13.7681	-12.0305	 -0.3944	 -1.1537	 -2.3706
 -6.7404	 -6.3043	 -4.7212	 +2.4409	 +0.0394	 +0.1957
 +2.8821	 +2.0614	 +3.6394	 -2.3294	 +4.8135	 -0.5351
 -1.9245	 +2.1975	 +3.3205	 -0.7541	 +3.8127	 -1.9116
 -2.1366	+12.2745	-26.0464	 -3.5217	 -1.8438	 +0.1901
 -5.7737	 -4.1220	 +2.0418	 -0.2727	 +1.9935	 -1.1057
+18.9090	 +7.9546	 +3.6373	 +3.4191	 +1.2122	 +0.7432
 +2.5962	 +8.9101	 -2.5422	 +1.2582	 -1.6696	 +3.6375
 +4.2291	 +1.2865	 +4.1301	 -0.8232	 -4.8608	 +0.2519
-14.6422	+19.0477	+11.4537	 -0.0325	 +0.8345	 +0.1375
 -1.9878	 -1.7705	 -3.7439	 +0.6736	 -1.1138	 -0.1483
-15.6604	 +6.5042	 +6.8855	 -1.3777	 +1.1144	 -3.7308
 -5.4554	 +6.3172	 -1.9717	 +0.9018	 -1.8995	 -1.5353
 -3.5496	 -1.9035	-10.3005	 -2.2002	 +0.7741	 -0.7025
 +4.6370	 +4.5977	 -8.1850	 +1.1334	 +0.6966	 -2.2526
+22.6014	+12.3232	 -0.5719	 +0.0165	 -3.1561	 -0.2345
-84.1634	+42.9176	+24.6118	 +0.1181	 +0.1027	 +0.6106
-10.1251	 -1.8435	 +5.4564	 +3.0439	 +4.0612	 +2.3258
 -7.4209	 -2.2522	 -1.1798	 -0.1832	 +2.6129	 -1.8241
 -2.5783	 +6.0837	 -5.1886	 -3.9197	 +2.6397	 +1.7767
 -9.1354	 -3.9642	 +0.0031	 +1.3703	 -1.2136	 +1.7073
-20.0411	+11.7339	 +5.5520	 +0.2197	 -1.4957	 -2.0140
 -8.4328	+13.3530	-30.5851	 +0.8202	 +1.7278	 -2.0559
-16.8667	-19.0850	 -3.6920	 +0.1308	 -1.5847	 +3.0032
 -2.2257	 +2.1047	 -3.4562	 +1.5871	 +4.3497	 +2.2371
 +1.5225	+12.5349	 -8.6561	 +0.7641	 +0.9939	 -3.1849
 -1.3858	 +0.6077	 -9.1825	 +1.8058	 +0.5801	 -0.0402
 +5.6179	 -2.1727	 -3.3193	 -2.6270	 +0.0374	 -0.9568
 -7.1940	 -3.3575	-14.8435	 -3.1431	 +1.0378	 -1.7299
 -6.8048	 +1.1102	 -1.5268	 +2.6264	 +4.2663	 -4.2626
 +3.7165	 +1.5005	 +4.9460	 -0.0310	 +0.4108	 +0.4632
+30.7007	+20.9150	 +6.5736	 -1.4071	 -1.8309	 +1.8204
 +8.7179	 +3.4208	-17.4326	 +3.0324	 -3.0794	 -0.4236
 -6.1713	 -3.0122	 +5.9632	 -1.0297	 -3.2614	 -2.8104
 -4.5158	 +2.3272	 +0.5382	 +3.4093	 -4.6818	 -2.5157
+22.4961	 +1.8020	 +1.0997	 +1.0032	 -0.5465	 -0.3785
 -1.6910	 +2.4209	+10.3467	 +3.8823	 -1.1381	 -1.6305
 +6.1114	-13.8913	 -3.2315	 -1.6756	 -1.9621	 -0.9567
 +6.5779	-13.3728	 +3.9018	 -2.1094	 -3.1718	 -0.5693
 -0.1243	 +4.3624	 +2.5277	 +0.4565	 +3.2928	 -4.1664
+13.0186	 -8.0538	 -0.2718	 +0.9394	 +2.1740	 -1.8258
+19.0193	 +5.3939	 -9.4673	 +0.6817	 -3.7394	 +0.4360
-34.8444	-18.2605	+16.3405	 -0.2964	 +0.1229	 -3.0257
 -0.8203	 -8.4560	+12.3094	 +1.8969	 -0.5379	 +1.4235
 +1.6965	+11.9248	+15.0793	 +1.2231	 -0.8810	 -2.7322
 -9.4518	-10.2106	 -2.8514	 +1.6116	 +4.2296	 -2.7781
 +5.7594	-12.0543	 +1.3108	 +3.4069	 +1.4929	 +1.9226
-10.7430	 -4.9785	 -9.1597	 -2.5279	 -2.0125	 +0.7755
-40.7770	+25.8769	+37.2777	 -0.0903	 +0.5748	 +0.3264
 +6.3879	 +2.2921	 +4.9125	 +5.7209	 -0.4695	 -0.2166
 +2.4687	 +0.3594	 -5.0082	 -1.5005	 -2.5968	 +2.4434
 +3.5700	 +8.9556	 -7.0484	 -1.4522	 +3.5392	 +3.0887
 -3.6166	 +4.6881	 +2.2629	 -2.6860	 -1.3258	 +4.5244
 -4.3202	 -0.7398	 -3.9717	 -0.8736	 +6.1062	 +4.0801
+43.7086	 +5.9442	-16.6549	 -0.6403	 -0.7283	 +0.2643
 -0.3731	 -3.4704	 +0.9364	 +1.8741	 +3.8991	 -1.1297
 +9.1012	 +3.0877	 +4.8656	 -0.0788	 +2.2732	 +3.0219
 +6.7935	+13.3922	 +2.8140	 -0.5243	 -2.9278	 +2.1223
 -3.3967	-15.4733	-33.9977	 +1.0222	 -0.8011	 +0.8600
 -4.3793	 -0.0598	 -8.0321	 -1.4011	 +2.6148	 -2.0286
 +3.7797	 +1.4091	 +7.5944	 +0.5246	 -1.1584	 -2.3970
-102.6945	-32.5662	+85.2956	 +1.3919	 +0.1669	 -1.2292
 -2.5132	 +8.5404	 -7.8913	 +3.3751	 -2.1187	 -3.1415
+12.3283	-35.9859	 +8.3564	 -0.9690	 +1.7286	 +3.5994
 +3.0031	-24.7067	 -3.0013	 +1.0101	 -1.0781	 -2.2913
 +0.7122	 +0.8550	 +2.5040	 -2.4735	 -0.1241	 -3.6736
 -5.1493	 -4.9569	 -2.3767	 +1.0124	 -4.5092	 -3.2810
 +4.2332	 +6.6154	 -9.0339	 +3.6992	 -2.3694	 -1.3961
 +7.2205	-12.4042	 -0.4629	 +1.0177	 +1.0633	 +0.7006
 -2.0005	 -6.5112	 -8.3935	 -1.9053	 +1.3012	 -3.0849
 -9.7094	 -9.4598	 +6.4152	 -2.6486	 +0.0490	 +0.6345
+12.1676	-24.5480	 -6.1356	 -0.2023	 +1.2000	 -1.1816
 -5.4928	 -0.6462	 +3.2633	 +1.5027	 +0.6004	 -0.5265
-19.9225	 -6.3130	 +4.0890	 -1.6629	 -0.5215	 +0.1297
 -1.2530	 +1.1847	 +1.9485	 -0.7262	 -5.0952	 +4.2474
 -0.3553	 +1.5695	 +4.8228	 +0.3566	 -0.6841	 -0.9116
 +5.2162	 -2.8094	 -2.4190	 -1.6457	 -1.0327	 +0.3901
-11.6062	-12.7827	 -6.0503	 -1.3828	 -2.0885	 -3.7265
-64.9448	+23.3554	+50.8528	 +1.2089	 -0.8327	 -0.8217
-58.8226	-32.5943	+18.7362	 +1.2708	 +1.0141	 -0.5406
 -9.0926	 -8.5896	 +9.4902	 +0.7585	 +2.0527	 +2.5868
 -2.6166	 +3.6807	 -3.5618	 -0.1603	 -1.9481	 +0.8797
-77.8495	-125.2965	+119.3815	 +0.6638	 +0.0535	 -0.0820
 -4.8866	 +7.6250	 +0.0972	 -4.3517	 -3.8345	 +0.4329
 -9.7806	+11.6669	 -9.5857	 -1.7993	 -1.3357	 -2.7164
 +0.6823	 +3.8275	 -4.5512	 +0.7101	 -2.3661	 -0.0536
-47.2421	-25.8137	-13.7611	 +1.8222	 -0.5997	 -1.1739
-10.3182	 +5.0548	-10.8244	 -2.0320	 -0.0602	 -0.2079
 +5.9366	 +6.1459	-18.8712	 -0.7318	 -1.4988	 +0.0790
 +7.7104	-32.1844	+35.5594	 +1.3757	 +2.1350	 +1.6407
-12.0036	 +3.1843	 +1.4733	 -2.0760	 +0.2334	 -2.1371
 -0.4625	 -8.3224	 +7.3390	 -1.9019	 +0.7412	 +1.7026
 +3.5075	+15.3827	-21.8556	 -0.0107	 -2.3211	 +1.6158
 -7.1534	 +2.6425	+17.4123	 +2.4461	 -2.8344	 +1.2914
-17.3732	+12.8824	+22.4895	 -1.7791	 -0.3483	 +1.5926
+12.5772	+10.8480	 +1.6346	 +0.4395	 -3.0354	 +2.3438
+11.8833	 -2.6993	-12.2483	 +0.0937	 -0.6654	 +0.3703
-12.0213	 +2.6354	 -1.3833	 +3.3506	 +2.8253	 +0.6442
 -6.6458	 +4.5473	-16.6724	 +2.2083	 -1.8585	 +0.3410
-11.2968	-15.8933	-23.6533	 -0.2058	 -0.2404	 +0.3360
 -5.3709	-13.5131	 -5.8421	 +1.9313	 +1.4572	 -1.9716
-10.6618	 -9.7500	+21.0116	 -1.5585	 +0.1234	 +0.1455
 -8.7100	 +5.9856	 -9.8927	 -1.5805	 -2.8372	 -1.7878
 -9.7227	 +2.4432	 -5.6613	 +3.9932	 +0.9985	 -0.3823
-36.6765	+14.1333	+12.9715	 +0.0934	 +0.6669	 -1.5986
 -1.0330	 -8.4318	 -7.5263	 -1.1918	 -0.3129	 +1.5938
 -6.9014	-10.6968	+12.9354	 +0.8213	 +0.5034	 +2.4510
 +8.2609	+10.1131	 -5.3885	 +1.3056	 +0.8452	 +3.2198
 +4.8576	 +3.4376	 +4.9813	 -4.5210	 -0.3629	 -0.3828
-30.5603	+38.6877	-75.8328	 +0.4284	 -1.3915	 +0.6534
+11.8087	+21.2984	 -7.5172	 -1.4993	 +2.2892	 +1.3103
-12.1808	+76.9490	-52.1590	 -2.1227	 -0.6111	 +0.1548
-18.4118	 -4.6317	 -2.8834	 -0.2955	 -1.6245	 +0.3334
-15.6944	-17.3659	 -8.0886	 +1.0684	 -0.8629	 +1.9700
 +1.6537	+10.8342	 -4.8170	 -0.4029	 +4.9553	 +1.5127
 -9.8229	 -1.3256	+11.9728	 +2.9799	 +1.7077	 -1.1789
-20.0882	 -4.1073	 +4.5874	 +0.5202	 -1.0206	 +2.8390
 +1.6105	 +3.0186	 +7.2784	 +2.0465	 -3.4228	 -3.0780
 -1.8365	 -4.7812	 -9.1396	 +2.6765	 -0.7454	 -1.9270
 +4.3298	 -4.0350	 +1.7263	 +1.2929	 -0.7751	 +1.7139
 +2.6899	 +9.3611	 +5.5857	 -1.5572	 -0.2562	 -4.7564
-15.5563	 -0.0206	 +0.3040	 -0.1881	 +3.3607	 -2.0068
 +3.8671	 +2.5655	-10.0658	 -4.0069	 +2.3603	 +1.3256
+11.5919	 +7.6201	 -3.1462	 -3.0670	 +0.5290	 +3.4683
+10.5873	-24.6506	 -7.3955	 -2.8889	 -0.5003	 +1.8463
 -5.1055	 +0.9208	 -6.7674	 -2.9123	 -1.1450	 +4.2095
 -9.1363	 -2.2660	 +6.1416	 +0.0192	 +1.5900	 +3.6637
+11.1544	+10.6000	 +1.5559	 -0.7644	 +3.0349	 -0.6589
 -5.0173	 +7.5960	 +6.5034	 +2.3002	 +3.8255	 +0.9166
-143.7483	-179.2287	+114.0235	 +0.3696	 +0.8792	 +0.0917
 +4.3700	-10.1776	 +0.6855	 -0.1292	 +4.1007	 -3.3810
-17.1450	+47.6301	+46.2160	 -0.3317	 -2.1525	 -0.2129
 +5.8055	 +1.9584	-12.9469	 -1.5139	 -2.4743	 +1.9895
 +7.1385	+74.6937	-83.2463	 +0.0811	 +0.0156	 +0.3199
 +1.2715	 +1.0666	 -9.7015	 -0.7629	 -6.0595	 -1.5491
 -3.8868	 -5.1704	 +8.2099	 -2.4915	 +1.2652	 +0.2219
-14.4627	+25.7117	-25.2382	 +1.4875	 +0.1693	 -0.2503
-16.5263	-16.9263	 +0.8770	 +0.8621	 +2.9277	 +0.6235
 -1.7833	-14.0329	 +1.7256	 -4.5809	 -0.7482	 -1.2874
 -1.7866	 +9.4971	 -2.7934	 -2.9673	 +2.0362	 +1.2898
 -2.0818	 -5.2029	 -3.0050	 -0.0731	 -4.9370	 +3.2537
-10.2455	 -2.4335	 -6.6271	 -1.9714	 -0.1103	 +1.4909
 -4.3354	 +2.8900	 +3.1272	 +2.3160	 -3.0037	 -0.0502
 -8.7942	+11.8959	 +0.3509	 -4.2924	 +0.7864	 -0.7715
 -0.5732	 +0.8096	 +1.7872	 -4.5626	 +5.3928	 +2.2216
-22.2480	+26.5987	 +2.1621	 +0.3143	 -1.2412	 -0.0454
 -1.0933	 -1.9652	-19.7167	 +0.6948	 +0.5480	 -3.9397
+13.2672	 +4.0477	+11.1582	 +1.6024	 +2.2168	 -0.7976
 -5.4928	 +1.2086	-21.3691	 +1.0434	 +2.9778	 -1.1663
 +4.2142	 +7.3823	-13.2377	 -0.0429	 -1.9778	 +0.5309
 -3.3040	 -5.9841	 -5.0969	 -6.4275	 -2.2567	 +2.9207
 -1.7121	 -3.3662	 +2.1980	 +5.1439	 +0.4182	 +0.9410
 +7.0773	 +5.2572	 +7.0675	 +2.6935	 -1.5363	 +2.9834
 +0.6177	 +8.2630	 -0.3598	 -1.4387	 -2.8050	 -1.0055
 +5.0818	 -7.1036	 +6.5443	 +1.3109	 +1.5049	 +3.3149
 -6.6940	-22.1547	+12.2234	 +0.8765	 -0.6272	 +0.3141
+12.8050	 -0.7748	 +0.3128	 -1.3839	 +2.8157	 +0.4493
 -3.5382	 +4.9264	 -0.1687	 +1.5718	 -2.4196	 +2.8524
-20.0482	 +3.9013	 -2.6409	 +1.7200	 -0.5080	 +1.7473
 +2.2057	 -1.4397	 +0.6769	 -4.8180	 +4.6446	 -2.0384
 +3.4094	+13.0945	 +4.6566	 -1.1370	 +2.6495	 +1.4879
-16.1123	 +3.0490	 -6.4299	 -1.4702	 -2.4582	 +1.5818
 +7.7872	 +7.3205	 +7.0604	 -1.4225	 +1.4731	 +1.3402
 +2.7246	+12.6493	 +2.5701	 -0.9579	 +1.8829	 +1.7890
 +6.9382	+25.7544	+35.4989	 +0.6150	 +0.3429	 -1.2886
-12.7153	 -0.8375	 +0.9043	 -0.8910	 -1.4926	 +1.2498
 +4.5118	+21.4599	-12.0905	 -2.6565	 -1.4563	 +0.6636
+19.0907	-13.1911	+10.5742	 +3.5226	 +0.2115	 -1.7538
 -6.4434	 +1.6562	 -8.0775	 -0.8650	 +2.1140	 +3.4343
 -3.2738	 -0.6227	 -0.8540	 -3.1141	 -3.2293	 -4.8511
 +2.2966	 +2.5200	 -2.0490	 +4.0007	 +3.3477	 -4.0636
-10.3323	 +1.4449	 -4.9789	 -3.5275	 +0.1410	 -0.5152
-18.6103	+11.2864	-26.6582	 -0.2151	 -1.0143	 +1.7985
 +4.6568	 -0.9683	-13.1203	 +0.7837	 -2.9904	 -2.4632
+22.6492	 -2.0204	-18.1223	 -0.5282	 -0.8127	 +1.9637
 +2.3351	 -0.6810	 -2.9844	 +1.3476	 -2.6651	 -4.2959
 +0.6266	 -2.1918	 -4.5276	 +0.2127	 -2.4126	 -0.2019
+11.8033	+15.7081	-13.9480	 +0.2425	 -0.6246	 -0.3603
-17.0742	+36.8443	-11.2918	 +1.6387	 +1.7250	 -0.0505
 -4.7656	 +1.6590	 +3.4059	 -1.1338	 +1.8731	 -2.6115
-10.7991	 -5.0982	-15.4629	 +0.9906	 -1.3162	 -3.4136
-11.1589	 +4.3301	+12.0148	 -2.0455	 -4.2547	 -0.3027
+18.4574	-10.0094	 -9.4131	 -0.1353	 -0.5241	 +0.3978
 +6.8471	-18.2619	 -2.9311	 -1.9406	 -2.6791	 +0.3924
 +2.1320	 -2.1296	 +6.4789	 -1.2311	 -1.1412	 -1.6987
 +3.9765	 +7.5107	+14.4753	 -1.2026	 -0.1154	 +2.7794
 -6.2400	 +2.0297	-25.2425	 +0.4393	 +2.0789	 +0.1736
-13.1795	+19.8007	 +0.5670	 -1.5288	 -2.6806	 +1.3121
 +5.9612	 -6.2676	-19.9371	 +0.9307	 +0.6288	 +0.3522
 -9.8028	 -1.7474	 -1.7347	 +0.3884	 -2.1274	 +0.3965
+15.6771	 +6.6449	+40.2340	 -0.5386	 -0.5137	 +0.6132
 -9.8816	 -3.2439	 +1.7002	 +0.8841	 +0.9022	 -1.6037
 +7.4656	 +2.0028	 +7.3229	 -1.2353	 +2.6644	 +0.8036
-12.9068	+19.4046	 -2.1695	 +2.5805	 -0.5712	 +1.5981
-11.7019	 +2.2789	 +2.8287	 -2.4688	 +1.5534	 +0.7559
-12.8274	 +6.2398	-13.6521	 -0.3843	 -1.9932	 -2.2076
 -7.7567	 +9.3983	 +8.2033	 -3.9993	 -0.4004	 -0.2823
 -0.1718	 +3.2958	 -6.7535	 +0.7146	 +1.3664	 +3.0431
-61.0550	-18.1183	-25.6567	 -0.5417	 +0.1601	 -0.0793
 -4.1151	 +0.6601	 +4.4742	 -1.4049	 -3.7768	 +2.8876
 +5.7373	 -2.4287	 +5.3068	 -0.5357	 +0.0543	 +1.4735
+11.4049	 -4.9408	 -4.4087	 -0.1836	 -0.8585	 +1.2162
