# Iterations: 51 of 100
# Total Energy: -6.701e+05
#    Kinetic Energy: 6.733e+05
#    Potential Energy: -1.343e+06
# Current Time: 2018-05-08 11:19:07.549236
# Elapsed Time: 0:04:57.869730
# 
# Med. Times for Sections
#    Force Computation:		1.621489
#        [1.6277701.6211301.6299681.6214031.6277561.6302331.6215751.6207381.6143361.615109]
#    Gather Particles:		0.864008
#        [2.3077862.1885062.2123080.7716460.7653700.9083240.7581660.8333650.8946520.773558]
#    Overall:		3.927367
#        [5.3797615.2235045.2687103.8064573.8167883.9772763.7974013.8802393.9744953.827395]
#    Scatter Particles:		0.001891
#        [0.0019150.0018690.0018700.0019620.0018680.0019310.0018750.0018890.0018940.001923]
#    Time Integration:		0.000062
#        [0.0000650.0000610.0000610.0000630.0000620.0000610.0000640.0000620.0000620.000067]
#    Tree Broadcast:		0.680935
#        [0.6788580.6776340.6680210.6813020.6633410.6848180.6805690.6862000.7010530.693105]
#    Tree Construction:		0.747714
#        [0.7633070.7342480.7564260.7300240.7583330.7518550.7350950.7379210.7624370.743574]
# 
# x	y	z	vx	vy	vz
# 
 -6.5229	 -4.2731	 -2.7401	 +0.9619	 +0.6009	 -0.2560
 +2.8586	-19.5913	-11.7340	 +1.1531	 +1.9542	 +1.7077
 -1.5689	 -4.3815	 +7.6279	 -1.7189	 -2.7060	 +2.4251
-23.5822	+25.6506	 -1.0241	 -2.2641	 -0.8027	 +1.1909
 -5.0380	-18.2730	 -6.2977	 +1.7134	 -1.5958	 +0.2333
 -3.7490	 +0.6675	-16.4462	 +2.7103	 +0.6524	 -0.7822
+14.1192	-15.1262	 -8.4981	 -1.2545	 -0.9822	 -1.0023
+11.5464	 +7.7169	 -6.1474	 -1.3807	 +0.2515	 -0.2852
-26.9175	-35.4191	-11.2276	 +1.9223	 +1.6863	 -0.1072
-13.2112	+22.2082	 +1.8992	 -3.2243	 -0.2016	 +0.5738
-24.0896	+10.8518	+17.4640	 +2.1563	 +0.9809	 -0.3154
 -4.4139	 -4.0061	 +0.1522	 -1.8020	 +2.2078	 -1.4323
 +3.9151	 -1.5272	 -5.1774	 -2.3495	 +3.0774	 -4.6402
+25.8288	+12.0350	-27.0145	 -1.2538	 +0.9808	 -1.1560
 -1.6442	 -4.1818	 -1.7045	 +3.4478	 -1.9438	 -1.4609
+12.7477	 +3.2203	 -0.9835	 +2.1167	 -1.7323	 -1.8683
 -8.5064	 -2.0229	 -7.8781	 -1.1276	 -4.3615	 +2.6727
 -4.9687	 -0.3303	-18.4491	 -1.5690	 +0.6636	 -1.7344
 +9.7200	 -7.2763	 +7.4848	 +0.2102	 -1.2938	 -0.6585
+105.1991	-28.5526	+78.5062	 -1.3644	 -0.8387	 +0.2047
 -6.7465	 -4.9021	 -3.8064	 +2.7249	 +2.0032	 -3.1737
 -3.8618	 +0.2466	 -8.0248	 +0.7692	 -4.4979	 +0.3500
 +5.5055	 +0.8754	 -9.8133	 -1.2544	 +2.5719	 +1.9080
 -3.6038	 -5.1042	 +1.8051	 -2.6391	 +0.4481	 +4.5834
 +7.2107	 +7.4174	 -8.6280	 +1.3404	 +0.8380	 -0.2420
-34.9159	+20.0986	 +0.2756	 -2.1437	 +2.3526	 -1.3056
 -3.2576	 -0.5745	 -3.5104	 -1.6917	 -5.2574	 -2.7599
 +9.8526	 -7.4742	 +3.5384	 -3.9979	 -0.2741	 +2.2301
 +9.9030	+13.1210	 +6.8183	 +2.9829	 -2.1763	 -2.2380
-18.3396	-18.9644	 -4.8285	 +3.3350	 +2.0971	 +0.5630
 -5.1438	 -3.9560	 -3.7357	 +4.9207	 -3.1181	 -4.4153
-56.2381	 +8.1362	 -0.4746	 -0.8756	 +2.0066	 +1.8288
 -1.2646	 -5.7747	-13.1541	 -4.3424	 -0.3964	 +2.0539
 -0.4163	-15.0476	 +5.1831	 -0.8538	 +1.9347	 -1.2963
-10.0310	 -3.1409	+21.9509	 +0.2727	 -0.6405	 +1.0362
 +4.2372	 +1.8756	 -0.3084	 -0.4800	 +0.5244	 +0.3768
 +3.1483	 -3.8791	 -2.7485	 -0.2287	 -4.9588	 +1.8322
 -3.2358	 -0.3512	 +5.3023	 +4.3393	 -3.4522	 +1.1028
 -2.6609	+31.4003	-11.5311	 -0.7531	 -1.6045	 +0.6429
 +3.8247	 -0.9524	 +2.5224	 +0.3689	 +4.5227	 +2.4412
+13.2274	-11.5412	+10.0971	 +2.1668	 -3.6069	 +0.5391
 -4.8270	+10.7536	-11.9862	 -0.3757	 -1.1731	 +1.4161
 -5.6116	 -1.7961	-10.1556	 -1.9186	 +4.0176	 -0.0631
 -5.5974	 +3.7161	 -1.4556	 -3.7387	 -1.1320	 -0.8941
 -5.7624	+22.5092	-20.9658	 +2.3673	 -0.0279	 +0.7601
 +2.1260	 -0.4698	 -2.9734	 -1.8974	 -1.3832	 +4.9288
 -2.1092	 +2.0756	-11.4750	 +2.4630	 +4.6329	 -0.7927
+34.9043	 -5.5438	 +1.7097	 +0.0458	 -1.2687	 -1.5765
 -2.6692	 +5.2937	 +0.1833	 +2.3744	 +1.5024	 -1.0088
 -5.6905	 +1.0411	 -4.4694	 +2.7044	 +4.7374	 +0.4159
-33.8550	-57.0349	-37.9577	 +1.1279	 +0.2656	 +1.5924
 -2.0175	 -5.6215	 -0.6113	 -1.8920	 -2.7392	 -3.8820
+16.4024	 -9.1399	 +7.4730	 -0.3320	 +2.6876	 +3.9278
 +3.5192	+11.3244	 +5.3179	 +2.2734	 -4.0852	 +2.0643
 +5.2635	 -4.0543	+53.4636	 +0.4744	 +2.2157	 +1.8651
-28.0590	 -6.8141	 -4.3798	 -1.8216	 +0.3530	 -0.1716
+31.7793	 -4.9065	 +4.3485	 -1.3244	 +0.9738	 -1.0549
 -5.5368	 +6.0557	 +4.3857	 -1.2648	 -1.1661	 -3.1524
 -0.5193	 -5.8086	 -1.5824	 +3.5425	 +2.2833	 +4.1985
 +1.0405	-21.5063	 +8.4768	 -3.6860	 +1.2629	 +0.0863
-15.9703	 +1.3897	 +8.7079	 -4.1030	 +0.9798	 -1.7352
 -8.4023	 +4.8502	-21.1795	 -0.3089	 +3.9643	 -1.4876
 -1.6336	 -8.6827	 -3.0193	 +2.5282	 +2.5155	 -1.4180
 -5.6899	 -6.2667	 -7.3184	 +0.5622	 -2.8124	 +3.5870
 -3.0749	 -4.4528	 -4.4486	 -2.1565	 -0.4285	 +4.6382
 -7.9201	 -4.9738	-10.8531	 -2.2071	 -2.7937	 -1.5760
 +5.3435	 -1.5038	+22.3056	 +0.5501	 +1.0198	 -0.3050
-14.9364	-12.9892	+27.5851	 -2.4068	 -1.9832	 +0.4162
 -3.1532	 -8.0027	-19.9711	 +0.5321	 -0.7933	 +1.1345
 -4.1385	+10.1626	 -3.3908	 -0.2282	 -2.4100	 +4.3294
 -2.3873	 -5.4273	 -2.6169	 -1.8892	 -1.6160	 -1.8464
-12.4824	-11.9203	 -5.6995	 +2.0618	 +0.5494	 +1.1779
-11.5521	 +6.5659	 -3.1933	 +1.0629	 +0.0892	 -1.9265
-15.3446	+15.2829	-94.2984	 +1.9199	 +0.0066	 -1.4347
+26.4791	-27.7182	-13.9701	 -0.1868	 +1.6037	 +0.5906
-11.6345	 +9.0676	-10.7782	 -2.4338	 -3.8853	 +1.0764
 -4.5783	 +3.5940	 -8.8101	 +1.0734	 +2.3049	 -0.5034
 -2.9435	 -9.5496	+12.7475	 -2.8580	 -2.1779	 -1.2947
 -3.0680	+10.0571	 -2.7624	 +3.2102	 -0.3292	 +3.1664
+21.5979	-14.5359	 -5.7040	 +2.5766	 +1.5715	 -0.0444
 -1.3414	 +1.3135	 -1.0932	 -1.0501	 +1.1299	 +2.9995
 +9.6324	+10.6175	 -8.6573	 +0.1428	 +2.4414	 -1.0604
 -1.6578	 -0.6883	 -3.3021	 +1.9472	 -0.4013	 +4.9702
-11.2115	+24.5508	+15.7886	 -0.9821	 -0.1444	 +3.5804
+14.0006	 +5.2069	 +1.7677	 +2.8873	 +2.5479	 +2.9405
 +2.5896	+12.4995	 +9.1929	 -2.8353	 -1.8225	 +0.5846
-17.0648	 -4.6076	 +0.9348	 -1.1653	 +0.7005	 -2.9859
 -1.2412	+17.2524	 +9.5576	 -0.7942	 +2.8809	 +0.8193
 -4.5869	-27.9650	 +9.2396	 +2.0305	 -1.1351	 -1.4190
 +5.0442	 -9.4091	 +2.0486	 -1.1800	 -0.9055	 -0.7564
-11.7236	 +0.4488	 -1.9932	 -0.8439	 +2.2398	 +3.4353
 -2.8239	 +0.0454	 +1.0365	 +2.2641	 +1.6201	 +0.4764
-13.9473	-26.4448	-48.1305	 -0.7420	 -0.8739	 -0.4612
 +4.4564	 +2.4313	 -6.7416	 -4.0525	 -0.3624	 +4.4972
 +5.4151	+12.7203	 -0.3536	 +0.5787	 -1.3517	 -1.1655
 +7.4870	 -7.8756	 +2.1251	 +1.8131	 +1.2750	 -4.0784
 -7.7070	+32.9400	-18.9556	 -0.4849	 -0.0459	 +2.2509
 +1.2583	 -2.6854	+17.8578	 -1.9134	 -0.4446	 +1.5409
-10.1105	+14.3013	 +1.2682	 -0.5793	 -1.4693	 -1.3290
-12.1418	-11.2156	-22.5582	 +3.1140	 +1.6580	 -0.6462
 +5.8697	 -3.3784	 -3.2957	 -2.5200	 -5.6927	 -0.6265
-13.2364	 -1.7706	-11.1109	 +0.7560	 -0.2631	 -0.5428
 -3.5463	 -0.4464	 +3.5498	 -1.1854	 -1.3336	 -2.8227
 -2.9804	 -6.0134	-10.2625	 +1.2370	 +3.3371	 -2.6787
 -0.3822	 +2.2453	 -5.2563	 -0.8898	 -2.1705	 -0.5333
 -7.0788	 +0.3891	 +4.7321	 +3.7952	 +3.1103	 +2.8989
-15.6258	-17.9363	+21.5848	 +3.1089	 -0.3933	 -0.8188
 -7.4275	-13.6650	 -0.6750	 -0.4603	 +1.3972	 -0.2843
+26.2148	+10.6833	+18.0273	 +1.1288	 +1.8537	 -0.2729
 +2.3999	 +1.3720	 -9.3338	 +2.5680	 -0.1788	 -3.8283
 -4.5226	 +3.1161	 -3.4636	 +2.5411	 +5.7444	 -1.5924
+474.6698	+387.8262	-227.3839	 -0.2782	 +0.6742	 +0.3144
-138.9329	+99.1523	+199.9106	 -0.1117	 +1.1378	 +0.4427
 +9.6579	 -3.0731	+10.1857	 +4.3799	 -1.3738	 +0.6923
 +6.1219	 +1.5704	+20.3762	 -1.7383	 -1.1571	 +0.4833
 +0.6099	+10.5274	 +7.3208	 -0.0058	 +2.6981	 -2.4107
 +4.7582	 +4.3936	 +0.4378	 +3.7767	 -2.7060	 -2.6539
-73.5840	-15.9602	-10.3556	 +1.3291	 +0.1784	 -0.7500
 -4.3445	 +0.5034	 +0.0405	 -2.9793	 +1.4138	 -2.1563
+45.6757	-22.1567	-43.9135	 +0.5501	 -0.7247	 +0.2275
-15.1993	 +8.1815	 -7.4082	 +0.2691	 -0.9335	 -2.2459
 -0.5443	 +0.1625	 -1.2349	 -2.1712	 +4.3258	 -1.3307
 +3.8616	 -1.1940	 +0.3378	 +4.4225	 +2.3288	 -1.5902
 -0.4207	 -9.0244	 -1.2403	 -5.0510	 -1.2992	 +0.6334
 -3.4831	 +0.0785	 -0.6890	 +2.0147	 -2.6313	 +2.8144
 +0.7581	 -4.1244	 +2.8603	 -1.7736	 +3.3168	 +0.9819
-16.5784	 +1.1228	 -3.7140	 +1.1417	 +0.0661	 -3.0902
 -8.5695	 -4.1652	 +2.9611	 -1.7731	 +0.0085	 +0.5819
 -8.1669	 +0.6382	 -8.0697	 -2.4433	 +1.8473	 +1.1465
+12.1452	-12.9450	 -0.3458	 -1.7811	 -0.2074	 -2.5207
+13.9261	+32.3428	-162.8662	 +0.0700	 -1.1585	 -1.3158
 +7.8527	 -2.1073	 +6.5153	 +2.9373	 +2.2333	 -0.5482
 +6.0784	 -3.9283	 -9.2496	 -1.5225	 +3.4292	 -1.0486
 -5.7859	 -7.6730	 +2.5457	 -4.1897	 +0.0912	 +0.1374
 -2.7183	 +1.4856	 -2.1351	 -0.8066	 -3.1827	 -1.7110
-17.6192	+24.7293	-35.7035	 -0.5382	 -1.1090	 +0.6803
 -3.0514	-10.8729	 -7.8983	 +4.9552	 +1.0991	 -1.3264
+19.4940	-15.6236	+15.5817	 -0.8848	 -2.7389	 +1.2140
 +3.0297	 -3.1139	 +5.2134	 +1.8131	 -3.7575	 -1.1021
+12.9162	 -9.3689	-12.2465	 -1.6897	 +0.0079	 +1.5382
 +0.9534	 -4.2121	+10.9874	 +1.3986	 +0.8435	 +1.4871
 +9.9565	 -8.6255	 +6.1936	 -3.1243	 -1.2455	 +2.5748
 +0.6043	 -1.9451	 -1.9638	 +0.8845	 +1.6879	 +1.4319
-31.8975	 +4.8739	-37.2357	 +1.9610	 +2.2153	 -0.1095
+58.1045	 +5.7892	+20.7982	 +0.6015	 -1.9120	 -0.1915
 +1.5270	 +5.7588	 -2.0282	 -0.1868	 +0.6669	 -4.1270
-28.3937	-70.9925	+45.8240	 -1.2896	 +0.9606	 +0.9840
 +3.8564	 +9.3388	 -7.9679	 -1.0244	 +3.1262	 +0.5928
+19.8647	 +7.4548	 -3.8761	 +0.4891	 -1.0862	 -3.2943
 -4.0008	 -3.0672	 -2.1620	 +4.7856	 +3.4226	 -2.1439
 +1.8753	 -4.4987	+10.7688	 +1.1744	 +3.0844	 -1.2289
 -0.0252	 -5.5659	 +0.1892	 +6.1666	 +1.2278	 -1.8995
 +2.6856	 -2.7181	 -1.4946	 -5.6044	 +2.3415	 -0.5786
 -7.5712	+12.4640	 -6.8241	 +0.5714	 -0.7168	 -0.7566
 +6.6421	 -2.5972	 -8.2788	 +1.0602	 -3.6731	 -1.4739
 -9.5324	 -2.3323	-17.2863	 -1.1936	 +1.7440	 +1.2172
 +2.0637	 +8.1438	-14.7949	 +3.2079	 -0.3153	 -2.7586
 +7.8302	 +2.9125	+28.8425	 -2.7636	 +1.1670	 +0.8935
 -6.4636	 +2.8818	 -6.7037	 +1.8012	 -2.1828	 +3.9439
 -6.3410	 +3.3717	 -0.9696	 +1.1074	 -0.0800	 -1.4176
 +1.0871	 +1.6465	 -4.3995	 -3.3309	 +3.6351	 +2.3701
-18.6366	 +1.2658	 +9.6151	 +3.6914	 -2.3399	 -1.4525
 +5.6509	 +1.9489	 -2.3179	 -3.5636	 +1.2103	 +0.1038
+14.7223	 +8.6099	 +4.8531	 -0.7288	 +1.5250	 -0.1027
 -7.7829	 -4.7023	 -5.0051	 +2.0882	 -0.9106	 +4.1125
 +1.5937	 -2.8916	 +5.2384	 -4.9274	 -1.0805	 +2.5537
 -3.5352	 -2.2502	 +1.5158	 +1.3312	 +1.2391	 -3.2399
-16.2209	 -2.5357	-16.0203	 +0.1494	 -2.8399	 +2.4607
 -2.3654	 -1.2910	 -4.7140	 -3.4483	 +0.7576	 -0.0285
 +3.4214	 -4.2207	-14.2436	 +2.7971	 -1.5726	 +0.2837
-15.8751	 +1.9318	-15.5127	 +0.0413	 -1.1271	 -2.2797
 +2.3439	 +0.9637	 -3.0029	 +0.5154	 -0.5390	 +1.9015
 -4.0976	 +1.4249	 -9.6336	 -1.0539	 -0.5924	 -5.0895
+29.5064	-13.4173	+25.2536	 -0.5632	 -0.4206	 -0.4700
 -5.6775	 -0.5067	 +3.4345	 -0.3335	 +2.5871	 -1.4889
+53.9932	+26.5305	-26.1826	 -1.8979	 +0.9823	 -0.1687
-15.1469	-13.1258	 +2.2096	 -3.0198	 +1.5758	 -2.3045
 -6.8868	-24.2194	 -9.9978	 +1.5600	 +1.1930	 +1.4153
 -0.4029	 -7.1671	 -2.6964	 +1.1733	 -2.0062	 +1.8881
 -2.1477	 -5.0340	 +1.6331	 +0.2857	 -3.8120	 -1.5880
 -2.3141	 +4.3796	 -3.4092	 -4.4664	 +1.0325	 -1.8752
 +3.4294	 +4.0927	 -8.8537	 -1.6803	 +3.5997	 +1.0238
 +6.7911	 +4.1879	 +5.3510	 +0.5124	 -0.3596	 -0.8631
+14.8832	+19.3664	-21.8405	 -0.6056	 +1.2977	 -1.4584
 +9.1444	 +0.0744	 +2.4755	 +2.1346	 +2.7898	 -4.3875
 +2.8277	 -2.6865	 +0.9172	 +0.7316	 -1.9083	 -2.6542
 +1.3873	 +4.7891	-10.6438	 +0.2129	 +1.1588	 +1.6244
 +1.5860	 -1.2337	 -5.8952	 +0.5988	 +1.7811	 -1.1417
 -9.5057	 -8.6380	 -0.6952	 -3.8401	 -1.3203	 -2.2101
 -4.7517	 +4.8069	-11.8347	 +1.6768	 +1.1133	 -1.2010
 -4.4299	-11.5303	 +5.6398	 -1.5532	 -4.3416	 +2.1111
 +1.0302	 -1.5410	 -8.6666	 +2.1691	 -0.1331	 -0.0568
 -0.4458	+25.1082	-30.6557	 -1.5802	 -0.6218	 -2.0423
 +2.3642	 -4.2279	 +6.5298	 -0.0661	 +2.3292	 +3.5455
 -0.0633	 +9.8076	 -0.2472	 +1.9939	 -1.1839	 +1.3854
 +6.0446	 +3.0844	 +0.2622	 -0.9361	 +1.6731	 -0.4796
 +8.1680	 +5.2505	 +5.5795	 -2.7400	 +3.3918	 +0.4267
+31.6138	-101.2476	-36.4387	 -1.3265	 +0.1900	 +0.9642
 -7.5906	 +9.7727	 -1.4969	 -0.0354	 +2.8809	 +2.5361
 -9.1654	 -5.6601	-11.4537	 +2.3074	 +3.4836	 +0.2477
 -8.4001	-22.9814	-21.0678	 -1.5575	 -0.8700	 +2.5883
+26.4989	 +4.7142	 +5.9862	 -0.9702	 +1.3628	 -1.6749
 -2.8289	 +6.1896	 -2.1103	 -1.4753	 -1.1926	 +3.2638
 -5.4577	 +3.2015	 -0.2205	 -4.1602	 +4.0330	 +0.3671
-18.6092	 -5.2313	 +1.4702	 +1.3188	 -1.0036	 +1.5563
 -0.5995	 -1.7873	 +0.8255	 +2.9730	 -3.2914	 -0.0258
 -6.8938	 -2.4694	 +3.1883	 -0.2419	 +0.3672	 -0.7049
-14.5193	+20.6171	 -7.1250	 -2.9380	 -0.7274	 +3.0490
 +5.2686	+49.4553	-35.9250	 -2.0374	 +0.9057	 +1.1021
 -4.6944	 +1.3691	 -3.9685	 +5.2149	 +1.5246	 +1.7258
+11.7663	 +5.5057	 -5.5629	 +1.5837	 -2.1586	 -0.5912
 -1.0356	-10.9929	 +2.9195	 -2.4097	 -0.8826	 -1.5601
 +4.0824	 +3.2316	 -6.3734	 -1.9813	 +3.3072	 -1.4618
 +6.6343	 +0.8368	 -3.8757	 -5.6523	 -0.3233	 -2.7893
+20.3617	-11.4042	-18.4746	 -0.4320	 -0.1769	 -1.3692
+119.4665	 +5.0316	-43.6215	 +0.3236	 +0.1495	 +0.6840
+18.1819	+13.6759	 -6.5430	 +0.5739	 -1.3477	 -3.8992
 +4.0472	 -7.8732	 +2.3973	 +1.8340	 +0.2891	 -0.8536
 +5.9245	 +0.7734	 +3.0658	 -3.2223	 -2.0509	 +1.5437
 +4.7485	 -8.1136	 -0.7582	 -1.3324	 +0.6598	 -1.4142
+33.3294	-32.8027	 -6.0867	 -0.7934	 +0.0493	 -0.5742
 +2.1118	 +3.8570	 -1.8853	 +2.8557	 +4.2436	 +1.5449
-14.4706	 -9.2554	 -2.5737	 -1.3389	 +0.5820	 -2.4015
 +3.3139	 -2.2707	 -0.8961	 +1.8625	 +2.3865	 -4.1677
 +1.8059	 -4.9796	-11.6526	 +1.3137	 -0.1398	 -2.5291
 -2.4189	 -0.3165	 +1.9303	 +3.0906	 -1.1246	 -0.7186
 -2.6135	 +0.1294	 -6.2866	 +3.6811	 +1.9342	 +2.1056
 +1.4530	 -0.3411	 +1.8369	 -0.9156	 -4.4476	 -4.0817
 +7.1870	 +6.5587	 +1.4740	 +0.0191	 -1.7216	 -1.4890
-11.8476	 +6.3502	 +3.6760	 -0.3256	 -0.8134	 -1.2870
 -6.3157	 +3.9802	 -5.4058	 +0.0192	 -0.9420	 -0.8864
 +2.8530	 +9.2363	 -2.6970	 +0.9711	 +0.5580	 -1.3045
+11.1065	 +5.5526	-10.7895	 +0.8387	 +0.5821	 +2.1013
 -3.6148	 -5.9142	 -3.3848	 +0.6314	 +3.3669	 +2.7440
 -4.5855	 -8.6322	 -7.4489	 -0.8412	 -1.6300	 +4.1491
 -5.6731	 -2.4314	 +7.5388	 +0.7259	 +3.2852	 -1.7243
 +2.6644	-10.4141	 +0.1047	 +0.5586	 -3.5190	 -1.9890
 -1.2312	 -8.0664	+17.6921	 +1.9316	 -3.3345	 +0.9247
 +5.8744	 +3.7946	 -4.9129	 +1.3561	 +2.7405	 +1.8285
 -1.2693	 -2.2584	 +0.0591	 +2.5243	 +0.4609	 -1.6192
-48.4542	 +8.0717	 -0.3328	 -2.0922	 -1.5087	 +0.4336
 +3.6988	 +3.6188	 +4.4895	 -0.2117	 -1.6484	 +2.1287
 +0.7655	 -0.0312	 +2.5053	 +2.2327	 +6.6950	 -1.2893
+10.9837	 -7.3635	 -3.8242	 +3.0363	 -2.0773	 +0.4006
 -6.6967	 -6.6124	 -2.0893	 -0.7504	 -2.3789	 +2.0694
-16.4088	 +7.3389	 +1.8841	 +0.1886	 +1.5151	 +1.0503
-31.9878	 -9.5633	+42.0379	 +0.2124	 +1.0974	 -0.4442
 +1.3013	 +0.3560	 +1.8024	 -6.0860	 -0.3058	 +4.0680
 -0.8746	 -9.7900	 +6.3803	 -2.3308	 +1.0389	 -2.0359
-39.8554	-31.6184	-24.2978	 +1.5609	 +0.3314	 +1.4773
-19.7992	+20.3004	 +4.6649	 +1.6825	 +2.3470	 +0.7997
-13.4254	 +2.8730	-10.9308	 +1.1337	 -4.2963	 +1.3174
 +8.9884	 -5.4861	 +2.1777	 +1.3795	 -1.4311	 -0.4373
 -2.2423	 -3.1911	 -5.1717	 +4.6309	 -4.0670	 +0.6855
+1871.0186	-30.5576	+790.1949	 +0.2213	 -0.2337	 +0.0662
 -6.1496	 +3.8022	 +6.3210	 +0.2753	 +0.3339	 -1.8617
 -3.0558	 -6.2328	 -2.6124	 +5.6272	 +0.9527	 -1.1330
 -0.8389	 +2.2658	 +4.0584	 -1.4585	 +0.6594	 +5.3582
+26.0378	-16.3272	-14.6642	 -0.9864	 -0.0425	 +1.4506
 -5.5312	 -5.3106	 +1.2559	 +2.1527	 +3.7154	 +2.2467
-54.8420	-47.0674	-69.0811	 -0.9159	 -1.3457	 -0.3201
 +4.6466	-12.4160	-23.7877	 -0.0700	 +3.5813	 +1.0034
+20.9398	 +3.9556	+22.8880	 -2.0766	 +2.1158	 -1.4795
+19.5442	-27.7334	 +9.7970	 +1.1420	 +0.4314	 +0.4428
 -9.3091	 -1.8589	 -6.7278	 +0.7177	 +0.1031	 +0.1395
+12.9603	+27.1777	 -9.8616	 +1.5750	 -2.3398	 +0.4121
 -9.3370	+21.0169	 +3.4240	 -0.1415	 +0.3910	 -0.1496
 +4.3604	 -6.1561	 +0.1587	 +1.7491	 -2.2860	 -0.7659
 -0.3359	+10.1917	 +6.5817	 +0.9686	 +0.8849	 -0.2284
 -0.4555	 +2.5740	 -7.1766	 +0.2293	 -4.2602	 -4.8218
 -4.2246	 -3.1592	+13.6759	 +0.7110	 -1.1140	 +0.3422
 +1.3689	 -3.5065	 -7.2100	 +2.8888	 +1.8141	 -1.2009
 +5.9517	 -0.8250	 -7.5654	 +1.9361	 +1.3614	 +3.4095
 +1.1292	 -4.3785	 +6.3429	 +3.3410	 -3.3851	 -0.2054
 -4.1393	 -1.1140	 -1.9091	 +4.2292	 +2.0461	 +1.4136
+21.4341	+14.9280	-24.8179	 -2.6021	 +0.1401	 +0.8965
 -1.3680	 +4.9514	 -2.3452	 +2.5465	 +2.4255	 +3.7224
 -2.4730	 +0.5742	 -2.2300	 -3.2185	 -1.5905	 +2.3196
 -0.8343	+14.0613	+13.0896	 +0.1818	 +2.4805	 -3.6924
 +2.7533	 -4.1145	 -6.2902	 -2.5767	 +2.7021	 +1.1215
-11.1173	 -2.1678	 -0.6983	 +1.7897	 +0.4772	 +1.2667
 -9.1382	 +6.8948	 -4.1968	 +1.6524	 -0.8193	 +2.2166
-13.2795	 +1.9286	 -3.7527	 -2.1119	 -2.5798	 +1.0879
+11.2528	-11.6882	 +0.5669	 +0.1982	 -0.3019	 -0.5723
 -1.3337	 +7.6421	 +5.5167	 +1.5766	 -1.3407	 -2.5831
 -5.7802	 -1.1887	 +0.9873	 +2.7488	 +2.5987	 -0.8177
-14.3988	 +8.2634	-16.7826	 -3.0570	 +0.4933	 +1.5853
-22.8632	 -4.4002	 +7.0467	 -2.4977	 -1.0351	 -2.4865
 -8.5769	 +4.6227	+11.7369	 +0.2232	 +1.0809	 -0.4345
-134.8165	-41.4596	+71.1127	 +0.6402	 -0.9583	 +0.7067
 -2.1819	 -0.4670	 +0.7753	 -1.0747	 -1.2033	 -1.6502
 +1.6050	 -7.4803	 -0.4085	 -4.2657	 -0.3609	 -1.5394
 -9.4746	 -2.7852	 +5.4291	 +3.9792	 -2.8180	 +0.9298
 -7.0150	 +3.0813	 +1.3363	 +1.2361	 +2.3805	 -5.2567
-11.4401	+10.4252	-15.0994	 -2.0824	 +1.1804	 -0.0036
 +7.3936	 -1.4484	 +2.7124	 -0.7299	 +4.8129	 +1.0613
 -5.7387	 -2.8657	-13.1263	 +0.3397	 -2.5530	 -1.7378
-114.0481	-104.0795	+101.6603	 +0.3704	 -0.2818	 -0.0959
-20.0719	+31.0268	+25.8944	 +1.9524	 +1.5997	 -1.2876
-18.7556	-27.1702	 +5.3313	 -1.7389	 +0.1163	 +2.4329
-30.2608	+10.0192	-21.4605	 +1.3131	 -0.2800	 -2.7686
-11.3164	-24.0568	 -6.8227	 -2.2763	 -0.2272	 -0.7491
 +1.0934	 -0.9964	 -2.8302	 +1.9707	 -1.6596	 -2.8061
 -3.9189	 -0.2669	 +0.3052	 -0.2349	 -1.0601	 +3.0512
 -8.8359	 +3.5607	 -2.7886	 +3.5712	 +1.7627	 -1.8835
 +5.7603	 -7.7908	 +7.2908	 -0.7673	 +0.5385	 -2.4681
-23.8496	 -6.1702	 +2.9714	 -0.4158	 +0.6004	 -1.2770
-17.3327	 -8.3909	 +9.5365	 +0.8650	 -3.2168	 -0.6168
+22.6854	-98.1244	+21.6972	 -0.9516	 +1.1861	 -1.1706
 -9.1233	 +2.4603	 -2.4084	 -2.7485	 +2.2489	 +4.0828
 -0.5205	 -2.3584	 -7.3356	 +1.2720	 +0.7430	 +0.4079
 -2.8343	 -3.2397	 -2.3030	 +2.6969	 +1.2389	 -1.0802
 -2.5467	 +1.8280	-12.3609	 +0.5501	 -2.8779	 +1.9324
 -3.6092	 +5.2483	-10.1209	 -2.8693	 +2.7058	 -0.0275
 -9.6226	+12.7040	+18.3205	 +0.0679	 -2.4944	 +0.2992
 +8.0920	 -2.2361	+21.3122	 -0.5967	 -0.5682	 -1.2410
 -3.5078	 +9.0580	 +8.7970	 +2.7913	 +1.4314	 -4.8952
 -2.6232	 +3.1538	 -2.7736	 -2.7762	 -2.3734	 +0.1118
+10.0301	 -4.7358	 +1.1663	 +2.4128	 -2.5585	 +2.0819
 -4.9322	 -3.6690	 +2.9273	 -0.4573	 -3.7576	 -3.0829
 +2.2543	 +0.3923	 -5.1528	 -0.9924	 +0.9277	 +1.9108
-13.6490	-21.0852	 -6.1492	 -0.7002	 +4.0077	 +1.3106
 -1.5825	 -4.4102	 +0.0314	 -1.2243	 +1.4140	 -6.9718
 -4.7222	 +1.9624	-14.3215	 +0.3324	 -0.8478	 +1.5602
 +1.3166	 -4.1129	 -3.7683	 +1.6839	 +2.9701	 -1.8610
 -3.7365	 +9.8444	 +2.8192	 +1.2376	 +1.7179	 +0.3720
-156.4408	-52.3721	+202.1834	 +0.5199	 -0.6828	 +0.2381
 +2.5342	 -3.8525	 +1.2002	 -0.7949	 +0.0132	 +0.2804
 +5.7769	 -7.6950	 -7.3114	 +2.1665	 -1.3038	 +0.9691
+11.9847	 +3.1339	 -4.0448	 -0.8702	 +0.6839	 +2.3290
 +2.1777	 +5.1473	-11.1990	 +0.5058	 +4.6238	 -0.1270
 -2.3952	 +1.4295	 +6.7675	 +0.3140	 -0.0288	 -2.8438
+32.2292	+38.4857	 -0.8495	 -0.7803	 +1.8297	 -1.9313
 -5.9571	 +4.5984	 +7.6965	 +2.0074	 +0.8248	 -3.0114
 +3.3280	 -7.5279	 +7.9367	 +3.6115	 +0.5237	 -1.4367
-11.7497	 +3.3563	-20.7448	 +2.9088	 +0.6676	 +0.3673
 +1.5897	 +9.4584	 -9.5948	 +0.4344	 -1.2541	 -1.0844
 -5.3760	 +2.7503	 +3.4415	 -2.1064	 -1.6803	 -1.3316
 +1.0975	 +9.3600	 +4.0942	 -2.9577	 -0.3467	 -0.2151
 -0.0826	 +1.3973	 -5.8439	 +0.7304	 +0.4191	 -0.4534
 -8.6231	 -6.0736	 -9.6712	 +1.4039	 -1.1552	 -0.1443
 -3.5785	 -6.6994	 +9.7539	 -0.0749	 -0.2259	 -0.3223
+10.8419	 -2.2952	 +1.0865	 -2.0271	 -0.3687	 +2.8371
 -5.0357	 +1.7074	 -1.6559	 -2.3261	 +1.7102	 -0.2181
 -3.2774	 -3.8904	 -5.2090	 +1.9627	 -1.2641	 +2.5587
 +6.1623	 +0.2432	-10.6854	 -0.7712	 +1.5561	 +0.0497
 +0.3871	 +1.5958	 -6.0697	 -0.6968	 +0.1226	 -1.3694
-16.0732	-14.8365	+15.3457	 +1.3585	 +1.3553	 +3.7724
 +1.1356	 +0.2778	 +1.4802	 -0.3842	 +0.8764	 -0.8948
+12.6228	 -7.8714	 -4.5736	 -0.9176	 -2.2410	 +1.0881
 -7.3471	 -9.9686	 -6.2574	 -1.9328	 +0.7054	 +2.1370
-15.2921	 +1.3311	 +8.0569	 +2.8037	 +1.0400	 -1.7622
 +0.1166	 -7.8279	 -1.3164	 +3.7756	 -0.8540	 +2.0467
 +7.0941	 -4.9613	 -8.3352	 +3.2219	 -3.1121	 +2.1847
 -5.8571	 +5.9511	 -2.2425	 +0.8698	 +2.6759	 -1.9205
-14.8199	+27.5242	-43.1946	 +0.5583	 +0.3437	 -1.2484
 +8.5748	-12.1060	-50.9913	 -0.0804	 +0.9920	 +0.4256
 +2.0982	 -3.1816	 -5.3412	 +3.3712	 +0.0751	 +1.3383
-16.4401	 +0.9391	 -8.4814	 -1.9968	 -2.6263	 -1.8969
 -0.9629	 +0.8094	 +2.1593	 -2.7963	 +2.9896	 +0.1873
-12.4734	-14.3271	 -6.0248	 +1.1420	 +3.3108	 +0.1508
-19.1994	-71.6383	 -3.1032	 +1.2573	 +0.7623	 -0.6937
 -0.2207	 +0.8528	 +8.2549	 -1.6138	 -3.1930	 +1.4627
 +2.5358	 +5.3033	 -5.4914	 +2.8270	 -3.3783	 +2.3034
+18.6732	 -6.4833	 -3.8657	 -1.3625	 +1.4347	 -4.2756
 -6.7938	+10.1277	-13.3947	 +3.5322	 -0.1596	 +3.1109
 -5.4032	 +3.5970	-19.2630	 +1.8268	 -1.0719	 +0.1937
-11.5477	 -0.6922	 -9.3543	 +2.0094	 +1.5928	 -0.6502
 -5.1994	 +2.9731	 -1.2463	 -4.3417	 +3.9554	 +0.9637
 +2.1664	 -0.9353	 -3.5770	 +3.7974	 +4.7676	 +1.1618
 -3.9892	 +1.1553	 -2.4306	 -4.5304	 -1.0362	 +2.3172
 -7.2269	-22.5069	-14.3511	 -0.6678	 -0.1859	 +2.3961
 -3.7373	 +3.1404	 +1.2125	 +3.4647	 +1.5652	 +1.8966
 +4.5186	+15.5749	 +7.4019	 +0.1553	 -2.8089	 -1.1752
-58.5868	 -4.6637	-10.3512	 +0.2408	 +1.2579	 -1.0710
 -3.8913	 +1.1179	 +0.8263	 +1.6174	 +1.4820	 +2.3871
 -0.9935	 -0.3367	 -8.2180	 +3.5267	 +2.6540	 -1.5087
 +6.0370	 -6.9877	 -3.6116	 +1.3486	 +3.4722	 -0.1136
 +1.9371	 -0.2600	 -6.4744	 +1.3705	 -3.2978	 -1.0382
 -3.3812	 -5.0729	-13.9478	 +3.3143	 +2.1656	 -3.2439
 +0.7497	-11.7068	-25.0710	 +0.5642	 +1.9765	 +1.9459
 -8.8234	 +7.1910	 +1.2159	 -0.3627	 +0.1658	 +5.4378
 -6.7637	 +1.8302	-12.5667	 +4.2890	 -0.1135	 -2.4488
+10.1470	 +0.5340	 -3.3366	 +2.7815	 -2.4902	 -1.0003
 +2.9139	-29.9010	-20.2149	 -0.6773	 +0.4930	 -1.0708
-10.6856	+19.9140	 -0.6237	 -1.2554	 +0.7270	 +2.3739
 -4.5648	 -0.1206	 -2.1999	 +1.0508	 +2.5012	 +2.4677
 +1.3718	 +2.1151	 +5.6120	 -1.5327	 -4.4415	 +0.2337
 -7.3003	 -8.7910	 +6.9376	 -0.0041	 -2.7829	 +2.1991
 -2.5367	 +6.9156	 -5.4004	 +0.9095	 -4.0005	 -3.0618
 +4.0249	 -1.6814	 +5.7600	 -2.6121	 +2.1783	 -2.0870
 +2.8941	 +1.1383	-11.2754	 -5.0798	 -1.1410	 -0.1829
 -0.5246	 +7.6554	 +4.2145	 +1.4422	 +3.1585	 +2.1922
+34.2578	 +6.6382	 +4.0550	 +1.0185	 -0.0628	 +0.8087
-23.6777	+12.6945	 +0.5357	 +0.7680	 +0.2288	 +1.8250
 -4.2956	 -4.3760	 -8.2745	 +0.4901	 -0.8253	 +1.5008
 +5.2363	-20.7038	-19.3001	 -0.9179	 -2.5377	 -1.9879
 +6.1833	-12.7178	 -3.9777	 -1.1386	 +3.2075	 -2.3618
+10.4536	 +9.2855	 -3.9939	 +0.7900	 -1.4157	 -2.1715
-34.1624	 +7.8696	 -2.3139	 +2.4427	 -0.1035	 +3.3236
 +5.0207	 +4.0997	 -0.2706	 +0.1168	 +3.7737	 -0.9033
 +8.4190	 +7.0278	 +5.5821	 +0.1860	 -2.9735	 +0.2179
 -3.6078	 +6.6351	 -0.3487	 +4.1701	 +0.8009	 +3.0715
-12.6153	-10.7741	 +8.1692	 -0.4754	 -1.9052	 +1.6732
 -9.9359	 -1.4207	 +1.2232	 +0.3096	 -4.2584	 -0.6481
 +1.1498	-12.9052	 -7.9478	 +2.8365	 -2.0403	 -1.6390
 +0.6824	+15.3953	 -2.4234	 +3.7276	 +1.4371	 +1.7282
+16.9111	+12.7720	-15.6605	 +2.6739	 -1.5580	 -0.0166
-18.9527	 -5.6458	+15.5621	 -0.6184	 +2.8078	 +2.4231
+30.8905	 -7.8203	+67.4837	 -0.0599	 -1.8399	 +0.6447
 +9.8318	 +6.9818	 +5.0252	 +1.7987	 -0.6999	 -0.4142
 -0.7016	-13.8304	 -4.0584	 +2.7490	 +1.0972	 -1.9788
 +2.4174	 -0.3436	 +2.5524	 -0.1464	 -1.1150	 -1.8227
-18.5923	+10.6564	-15.8782	 +1.4882	 -1.3226	 +0.6849
 -5.6441	 -3.8609	 -5.1019	 +3.4069	 +2.3801	 +2.3665
+24.2648	 +3.0979	 -3.7906	 +2.2820	 -0.4760	 -2.1013
-10.9970	-17.5584	 -4.1314	 -1.6227	 +1.9494	 +1.6731
-13.6875	+13.6431	-13.2062	 -2.1132	 +2.4804	 -2.4577
 -6.3148	-21.8563	 +9.1161	 -2.6564	 -1.2448	 +1.7693
 -2.6931	 +4.3397	 -1.1693	 -2.0495	 +0.7992	 +2.7786
+11.1494	 +6.3960	 -9.9512	 +3.6515	 -1.5058	 -0.1164
 -0.5868	-20.0160	+14.3523	 +1.5401	 +0.4254	 +0.3651
 +0.6166	 -7.6081	 -5.3785	 +1.6695	 -0.9581	 +2.5956
 +0.3343	 -5.9155	 +1.1091	 -4.8193	 +0.3718	 -3.1208
-10.0143	 -3.4174	 +1.0528	 +0.6166	 -0.3952	 -1.8827
 -0.2832	 -0.9245	 +0.9355	 -3.5894	 -4.6929	 -2.1398
 +3.9075	 -7.3745	-15.2253	 -1.5982	 -1.5749	 +0.6332
+10.3468	 +2.6717	+27.8178	 -0.2475	 -1.8437	 +1.1739
 -3.5426	 -8.2824	 -2.6514	 -3.4545	 -1.6051	 +1.3283
 -1.6198	+12.2420	 +0.7308	 +0.6875	 +1.3299	 +4.3679
 +5.3223	 +2.4176	 -5.2035	 +1.1932	 -0.7429	 -3.0161
-11.3295	 +2.1682	+14.3561	 +2.1699	 +0.0423	 -2.1315
 -4.4205	 -4.1078	 +4.9655	 -3.3327	 +0.0852	 +2.9980
 +3.6446	 -0.7754	 -0.1915	 +0.2773	 -0.6826	 -2.8490
+33.9510	 +8.4803	-19.2999	 -0.5346	 -1.1435	 -0.1040
 -5.2557	+12.0113	-26.6188	 -3.1764	 -0.2930	 -1.5169
 +1.1921	 +1.3911	 +1.1762	 -4.6321	 +0.4654	 -1.2889
 +0.2777	 -4.4384	-10.3625	 +3.8928	 -0.3771	 +0.6340
 -0.7498	 -0.9409	 -2.1662	 -0.3535	 +6.2882	 +1.5713
 -6.5250	 +4.8109	 -2.0009	 -0.4416	 +2.4436	 -3.7741
 +1.4956	 +9.7812	 -1.5276	 -0.4177	 -3.6049	 +2.8710
+14.3828	+11.5096	 -1.9233	 -2.8992	 -2.0001	 -1.3745
+25.1174	 -0.2877	 +6.1900	 -1.9819	 +0.8929	 +0.6319
 -0.7387	 +1.2359	-11.1993	 -0.8674	 -1.1858	 -1.4550
-12.9099	 +0.8795	 -2.1344	 -2.5715	 -0.9285	 -2.5595
 +0.2017	 +0.9512	 -4.6115	 +1.7612	 +0.2133	 +0.9727
 -2.1007	+12.2093	 -2.1719	 +1.9822	 -2.7654	 +1.9207
+17.9234	-63.4017	-33.5462	 -0.4215	 +0.8826	 +0.6773
 +1.8726	 +9.9620	 +8.1639	 -0.4578	 -3.1818	 +2.6045
 +1.5723	 -3.0123	 -5.2157	 +1.9125	 +0.7887	 -1.6246
 -7.3315	 +3.2668	-11.4074	 +1.6061	 -0.5090	 -0.6552
+11.1407	+18.6408	+29.6146	 -0.9753	 +0.0918	 -0.9273
 +0.7173	 -1.2451	 -0.5927	 +3.1234	 -5.9283	 -0.7024
 -0.0070	 -2.3092	 +4.8023	 -2.5212	 +3.1838	 -2.4200
+16.2797	-19.2479	+22.3113	 -0.6649	 +1.1955	 -2.0010
 +1.3924	 -7.2153	 +1.0796	 -2.5597	 -1.4720	 +1.5308
-72.2833	-57.9572	+27.9169	 +0.5353	 +1.2361	 +0.5286
-13.5477	 -4.2980	-12.5681	 +2.2666	 -0.4787	 +0.4476
+60.6148	+43.0938	+41.8646	 -1.2164	 -1.2513	 -0.3340
 -5.4869	+10.3517	 -7.6295	 -1.5269	 -2.4064	 +3.0204
 +9.9175	 -6.2007	 +0.4823	 -0.6134	 -2.1335	 +0.4466
-109.3828	+51.5009	-21.7124	 -0.5394	 +0.7797	 +0.2649
 +3.5938	 -4.2747	-15.3274	 -3.3992	 +0.0114	 +1.5423
 +6.5377	+11.1222	 +4.2888	 +1.8289	 +0.0214	 -0.6018
 +5.3183	 +0.9952	 -3.3285	 +1.7393	 +0.8504	 -3.8880
 -2.2030	 +1.9530	 -5.4270	 +1.3416	 +3.3057	 -2.1609
 +0.0131	 -3.5908	 +1.1721	 -2.2187	 +0.9224	 -1.9722
 -8.3522	 +8.1403	 -3.6850	 +1.4877	 +4.2738	 -1.9692
 -1.0417	 +0.7848	 +0.1815	 +4.6361	 +3.6050	 +0.1558
 -6.9814	 +2.7439	 -1.1699	 +2.6960	 -4.4989	 +1.2490
 -6.1589	+10.0665	-12.2831	 -0.6563	 +5.0558	 -0.2932
 +6.0762	+11.1522	-11.4906	 -0.1173	 -0.6031	 +1.2755
 +0.5445	 +0.0707	 +0.4695	 -0.9567	 +2.5457	 -1.1878
 +3.5306	 -3.4667	 -3.1648	 +1.2152	 +2.2659	 -2.7607
 +3.6394	 +2.7721	 -3.1080	 +2.5566	 -1.6503	 +3.9360
-33.2859	+10.7579	+12.4727	 -1.3969	 +1.0647	 +0.5682
 -7.4437	 -4.0620	 +4.5925	 +2.6429	 +4.6290	 +2.9458
 -1.8554	-11.9805	 +8.3074	 -1.3448	 -4.8219	 +2.3373
-15.0828	 -4.0353	 +3.0197	 +1.1059	 -0.9516	 +4.0553
 -1.2399	 +1.0947	 -5.8954	 -1.8841	 +1.6917	 -2.6478
+10.0752	+15.4175	-21.4406	 -1.1303	 +1.1219	 -2.6608
 -0.0182	 +8.2400	 -7.8371	 +3.6407	 -1.3042	 -0.6693
 -9.8058	 +1.9127	-14.4643	 +0.9001	 +0.8507	 -1.3696
 +2.9076	+11.9563	 -1.4250	 +0.4953	 -2.3990	 +1.5692
 +4.1492	 -1.4800	 +4.1086	 +0.5539	 -4.2414	 -1.9975
 -8.0933	 +3.8542	 +6.7150	 -0.6122	 -0.0490	 +0.8422
-14.8066	 -2.8884	+15.8737	 -0.6431	 +1.3174	 -0.9369
-43.7121	+10.1585	 +4.2500	 -2.4172	 +1.5140	 +0.8341
 -0.0616	 +3.3805	 -1.8426	 -0.7676	 +0.7156	 +0.9930
-26.5109	 +9.7638	 +8.9878	 -1.1363	 +4.6376	 +0.2489
 -9.3516	-11.1718	 +7.0842	 +0.7676	 +0.7334	 -0.7615
 -4.3304	 -0.8509	 -2.8983	 -4.4562	 -3.3024	 -2.5653
 -4.7606	 -0.7173	 +2.9703	 +0.0662	 -1.1085	 +1.2896
-15.5403	-51.3003	+32.1853	 +1.8919	 +0.0212	 +0.8714
 -2.9058	 +9.3186	 +0.8218	 -1.9612	 -1.0168	 -1.5648
 -1.1751	 +0.6563	 -7.2444	 +4.6302	 -0.2409	 +1.2261
 +1.7979	+16.3011	+14.6124	 -1.8444	 +0.2826	 +2.0483
 +5.1425	+14.6983	+16.6336	 +0.4228	 +1.8946	 +0.7890
 -0.5667	 +6.2366	 -4.8557	 -0.6062	 +1.7740	 -3.3789
 -4.9908	 +6.8652	 -1.2157	 +1.3228	 +1.4027	 -0.9306
 -2.2533	 -2.3231	 -6.0096	 -1.6207	 -0.6807	 +3.6085
 -2.8902	 +3.1948	 -2.2942	 -0.1148	 +1.1148	 -1.2528
+10.6449	-12.0292	 +2.6410	 +1.0786	 -2.9043	 -0.7603
 -2.1073	 +0.1566	 -1.4938	 +0.5482	 +3.1287	 -3.9750
 -2.6035	+22.1139	 +0.0374	 +1.8040	 -0.2126	 +2.7027
 -6.4755	 -4.8709	 +1.3260	 -0.7816	 -3.3864	 +1.4293
 -5.5698	 +2.7855	 -0.6064	 +0.6337	 -0.5898	 +1.7196
+19.3017	+14.1798	 -2.9431	 +0.5383	 -2.1132	 +0.3183
-11.7444	 -2.0739	-11.5469	 +2.3796	 +0.2486	 -0.7740
 -2.0985	 -1.6030	+12.1880	 -1.2496	 -1.3026	 -2.9076
 +2.6355	 +1.7369	 -0.3038	 +0.5891	 +0.3247	 +2.2155
 +9.7269	 +9.2781	 +4.9308	 -2.1383	 +3.2953	 -0.0832
 +2.7706	 +3.1656	 +1.7967	 +5.4893	 -3.4966	 +0.5238
 -4.6976	+10.3691	 -5.4019	 +2.5470	 -1.9772	 -0.8405
 +4.6849	+15.2414	-17.3817	 -0.3048	 +1.4158	 +1.3242
+11.2801	 -0.3465	 -5.5480	 +0.9141	 -3.6374	 +0.4027
-10.9886	 +1.3243	 -2.0698	 +1.1594	 +2.2702	 -0.4086
 +0.0698	 +5.9661	 -8.0639	 -0.6717	 -2.9732	 +1.0538
-12.7911	 +3.7241	 +9.7347	 -2.4479	 -0.2074	 +1.9026
 +8.0375	 -9.3121	+36.1823	 -1.0395	 +0.8075	 +2.0236
 -3.0180	 -8.0185	 -2.2907	 -0.2656	 -2.0543	 -3.2074
-16.2291	 +6.3753	 +0.7811	 +0.2138	 +3.6783	 -0.0444
 +3.5758	 +0.8115	 -1.8360	 +1.2498	 +0.4375	 +0.3256
+17.4993	 -9.4315	 +8.6362	 -0.1915	 +0.6666	 -0.7550
 -1.1547	 -6.3179	 -0.6670	 +3.2060	 -1.7145	 -0.5902
 +0.1036	 -2.8034	-11.2619	 +0.7199	 +6.0191	 -1.6634
 -3.4863	 -3.1934	-11.7510	 -3.1150	 -2.0876	 +1.6112
-23.0614	 +5.3971	-40.4562	 +1.0571	 -1.1036	 -1.1366
+14.9226	+16.7885	+29.7041	 -1.0714	 -0.8860	 +0.7685
 +4.9788	 -2.2732	 -1.2241	 -0.3413	 +0.8123	 +0.8987
 +2.0347	 +7.3328	 +1.7508	 -2.1420	 -1.6742	 -2.3028
 -5.8143	 +8.2388	+23.7087	 -1.1884	 +0.7313	 -2.7415
 -8.6237	 -4.1411	-10.5624	 +2.3961	 -1.7115	 +0.3578
 -0.4718	 +2.3802	 +1.1139	 -5.1941	 -0.9905	 +0.2029
 -8.7955	+15.1569	+13.0406	 -1.6356	 +1.0929	 -0.0828
 +3.8698	 -8.4528	-11.4029	 +0.3715	 +1.2654	 -1.6911
 -4.5872	 -4.3627	 +6.0386	 +1.9425	 -4.7513	 +0.3149
 -1.8977	 -3.7004	 -4.7781	 -2.8128	 -2.0961	 -0.2462
 -3.9350	 +4.1004	-11.8072	 +3.3595	 -1.1605	 +0.2414
-18.7644	 +0.1647	-16.7549	 +2.6466	 +2.3167	 +1.1069
-12.6171	 -6.7171	 -1.5465	 +1.1315	 +0.5102	 +3.2134
 +4.6319	 -1.3731	 -3.9659	 +0.5347	 -0.5957	 -2.2321
 -5.3021	 -3.1900	 -2.3461	 +0.1887	 +2.1594	 -3.4838
 -2.7864	 +4.5464	 +2.6713	 +1.0133	 -4.5184	 -1.5006
 -1.4191	 +3.1837	 +0.3129	 +1.3453	 +1.1720	 -3.2493
+22.3324	-14.9127	 +4.2650	 +1.3860	 -0.1931	 +1.1512
-14.9191	+19.0059	 -7.6173	 -1.0982	 -0.2182	 -0.9935
-11.1771	 +4.0648	 +1.6044	 -1.5059	 -1.3240	 -2.1169
 +0.5767	 +4.9136	 -8.1644	 -1.2126	 -2.9264	 -3.4031
-13.6581	-11.0820	+10.3190	 -1.2809	 +1.3910	 -0.1366
 +7.9861	+10.6696	-20.4984	 +2.7054	 -0.8504	 +1.9703
 -3.6887	 -4.9891	 -0.9155	 +6.5485	 +2.1294	 -0.7887
+20.3137	-12.1066	-25.1038	 +0.1692	 -0.1570	 +1.9463
 +1.0236	 -2.3127	 -3.9968	 -4.6797	 -5.5709	 +0.6988
 -6.7615	 +0.3753	 -3.6817	 -0.5452	 -2.2970	 +3.4175
 -1.0529	 -0.7277	 -1.2615	 +1.0088	 -1.8439	 -2.9850
+23.3105	 +6.1419	 -0.0229	 +0.1385	 +1.8380	 -0.2113
 +5.8367	-12.2671	 -6.7475	 -3.5724	 +0.2061	 -4.0378
 -3.7363	 -6.1698	 +0.4630	 -4.0320	 +0.8777	 -5.4299
+21.2332	 -6.7839	 -6.4342	 +1.1384	 +0.8486	 +0.1747
-19.5248	 -3.4571	 -4.7883	 -0.9367	 -2.0052	 -0.3325
 -6.0452	 +6.9815	 +5.3437	 +2.6147	 +1.2650	 -1.2958
 -8.8221	 -3.1923	-10.4491	 +1.9283	 +2.0724	 -0.9087
-15.2344	 -3.2047	 -1.0135	 +0.9054	 -0.2315	 +0.9180
-17.7813	 -3.2139	 -9.4613	 -1.1836	 +1.5976	 -2.8712
-25.3699	 -7.6610	 -5.3651	 -3.2880	 +2.5741	 +0.8189
 +0.7443	 -0.6313	 +4.8234	 -3.4828	 +2.4660	 -3.6719
 -0.9964	 -0.9874	 -2.2856	 -1.0539	 -4.3424	 +2.3309
 -3.4596	+17.8044	 -0.3098	 -0.9669	 +1.9362	 -2.5986
 +3.2398	+11.7062	 +3.1335	 +1.3488	 -3.5043	 +0.4174
-12.6368	+14.2028	-48.8122	 +0.1070	 +0.0372	 -0.2311
+10.7078	 +7.0672	 -1.9262	 +1.9087	 +2.9125	 -0.3984
+13.6345	 +7.0041	-13.1977	 +2.1748	 -1.4772	 -2.2721
-13.3110	 -3.0929	 -0.1864	 +2.1339	 +0.0450	 +3.1482
 -6.9621	+16.6947	-19.7337	 +0.9131	 +2.6347	 +2.6389
 -0.5658	-12.5839	 -4.4570	 -1.1267	 +2.8983	 -1.5759
 -4.8130	 -3.4675	 +0.9349	 -0.0996	 -3.2921	 -1.5652
 -1.2556	 -1.8927	 -7.0838	 -6.1039	 -0.1426	 +0.5379
 +1.5497	 +0.6170	 +2.4494	 -3.4069	 +0.0089	 +1.2153
 -9.5755	-12.9613	 -1.1575	 +0.0191	 -1.7441	 -0.1801
 -0.5155	+25.0016	 -1.6182	 +2.8441	 -0.1375	 -2.7276
 -0.1609	 +2.4590	 -4.2340	 -0.6810	 -0.4890	 +0.8774
+10.5150	+11.0651	 +6.7870	 +0.5086	 +1.9385	 -1.4621
 -4.8621	 -9.3141	 -3.3274	 +1.7723	 +2.5154	 +3.6010
 +2.3498	-10.0584	+17.9676	 -1.5458	 +0.8258	 +0.2573
 -2.9848	 -0.8090	 -9.6140	 +1.8675	 +0.8243	 -1.6423
 +4.1514	 +2.3037	 -8.6248	 +1.3280	 +1.0102	 +0.7237
 +5.0534	 +4.0277	 -0.4054	 -3.6551	 +0.2462	 +0.0712
 -2.9372	-17.6118	 +6.6415	 -2.4518	 +1.6302	 +0.4124
 -3.7364	 +5.3803	 -4.6052	 -1.4634	 +0.1636	 -0.2467
 +1.3675	 -0.1561	 -4.2925	 -1.5627	 -1.2244	 -0.9046
 -5.7362	 +1.6069	 -3.1602	 -0.7731	 +0.9627	 -3.2060
 -0.9580	 +7.0186	 +0.8196	 -0.3009	 -0.8872	 +0.4325
 -4.1029	 +1.8062	 -0.6133	 -2.6706	 -2.7547	 +2.1911
+10.1988	 -2.5011	 +4.6891	 +1.1261	 +0.1504	 -1.4693
-12.9905	+20.7764	 -7.4687	 +0.8984	 -2.2618	 +0.8947
 -5.0903	 -9.6069	-15.8336	 -0.3908	 +2.7468	 +1.0786
 +6.3124	 -0.2832	 -3.8494	 -0.5120	 -4.3018	 -0.6957
 -3.7808	 -1.3110	 -0.7049	 -2.5131	 -0.8021	 -0.8214
 -2.8784	 +5.2935	 -9.8327	 +0.1483	 -2.7997	 +0.6064
-19.0601	 +2.1286	+15.4294	 -1.2179	 +0.1591	 -3.9660
 -2.2005	 +6.5449	 +4.5322	 -2.8470	 +0.9681	 +6.0948
 -0.2313	 -2.8305	 +1.2246	 +0.5650	 -0.5945	 -0.8181
 +1.7872	 +2.3042	 -2.3117	 +0.7266	 +0.9462	 -0.7936
 +1.2811	 +8.7826	 -2.2655	 +3.5744	 +2.0063	 +0.8729
 -0.4904	 -4.6332	 +1.9766	 -2.0111	 -1.0458	 -5.0778
+20.9162	 -6.4063	 +5.2417	 -2.6225	 -1.6237	 -3.1271
 -0.0397	 +1.1362	 +2.0671	 +0.9661	 +3.5357	 +0.5796
 -2.0921	-34.6784	+58.0924	 -0.3751	 -1.1716	 +0.5055
 +0.3850	 -5.5074	 +0.3832	 -0.4480	 -3.6357	 -0.4571
+37.9831	+35.4420	-30.4377	 -1.7484	 -1.2014	 +0.5785
 +1.9625	 +4.0611	 -3.3594	 -0.5942	 -3.0452	 +3.3223
 -1.4999	 +0.7397	 +1.2127	 -0.7135	 -3.5557	 -2.9534
+51.9933	 +1.6211	-44.8213	 -0.2956	 -0.1706	 +1.4978
-13.7746	-32.3379	+26.9919	 +2.5690	 -2.0116	 +1.5856
+104.1681	+58.7894	+15.4634	 +0.0501	 -0.7927	 -1.6076
 +0.4225	+30.9622	 +4.5288	 +2.8156	 -0.9653	 +0.6278
+23.4227	+66.8533	-34.0168	 +1.1679	 -0.3674	 +0.0131
 -8.9199	 -9.8467	 +2.2004	 +0.2473	 +0.6031	 +2.0859
-10.9451	+17.7868	 -3.2568	 -2.8780	 -1.2536	 +1.1396
 -8.3597	 +1.6557	 -7.4139	 -5.3334	 -0.6073	 +4.9736
+11.4458	+28.5309	-48.7549	 +0.7256	 +2.6804	 +0.2016
 +6.9793	-12.4052	+42.6116	 +1.4907	 +0.9400	 -0.9999
+23.1503	 +6.6842	 +2.4995	 -2.3247	 +1.4953	 +0.8662
 -3.5648	 -3.3123	 -7.7205	 +2.5050	 -3.7481	 -1.2359
 +2.8280	 -7.4459	 -5.3145	 -5.1433	 +2.0374	 +1.3061
 +7.7182	 -4.7354	 -0.8073	 +2.2368	 -0.8324	 -3.4083
 -0.5974	 -3.3753	 -4.6087	 -3.0980	 -1.6536	 +5.0368
-11.7877	 -9.6175	 -6.5049	 -0.3706	 +1.5988	 +0.7943
 -4.0957	 -3.2572	 -3.0494	 +3.4633	 +2.6339	 +0.4811
 +0.8405	+24.0423	 +7.4177	 -1.2248	 -1.9577	 +0.7989
 +3.7077	 +5.0789	-15.6266	 +0.1530	 +3.4013	 -0.0993
 +8.5398	+15.2859	-25.9165	 -1.5812	 +0.1771	 -0.0917
 -4.2942	 +8.2570	 -1.6753	 -2.0300	 +4.6723	 -0.5250
+18.2409	-21.4270	-11.3042	 -1.1064	 +0.8024	 -0.9966
 -4.5077	 +2.0304	 +3.1703	 -1.0223	 +1.3770	 +0.0412
 -2.3137	 +4.1943	 -1.2356	 +0.9100	 +1.6053	 -3.3380
+12.6119	-18.8759	 +0.2461	 -0.8322	 +0.7971	 -0.4250
 +2.0743	 +3.4531	-14.8401	 +0.3466	 -2.4812	 +2.6370
 -3.1496	 -6.2026	 -0.1529	 -3.0743	 -0.4145	 +6.1181
 -0.7350	 +5.9565	 +2.2907	 +1.2742	 -0.7442	 -5.0562
 +1.9293	 -2.1245	 +6.1862	 +0.3964	 +0.6822	 -3.4477
-23.3659	+23.7423	 +8.2345	 -0.1041	 +1.8641	 +0.8795
 -4.7061	-11.3742	 +2.2658	 -3.1095	 -2.0380	 -1.3474
-13.0520	 +5.5678	 +0.2013	 -3.6121	 -2.5492	 -0.8687
+12.3691	+10.6538	 +6.1337	 +4.0775	 -0.3384	 +1.3281
-11.8164	 +4.6300	 -4.7144	 -3.0848	 -0.4172	 +1.5970
 +3.3549	 +0.5898	+11.6579	 +1.3507	 -1.4317	 -1.7085
-14.8468	+66.1056	+21.2154	 +0.7295	 +0.2859	 +1.2557
+19.9024	 -6.4884	 +5.7756	 +1.6522	 +1.0331	 -0.7820
 +4.0949	 -9.1170	 +6.5579	 +1.7134	 -3.1929	 +0.8951
-12.8718	-33.7076	+25.9338	 -0.8878	 +0.4830	 +1.1223
-40.7569	+34.8535	+25.6008	 +1.2262	 -0.1979	 -0.6237
 +0.1682	 +2.5199	 +1.9990	 +1.5748	 -3.2392	 -1.8704
 -4.5165	-17.6911	 -5.9809	 +3.3428	 -0.6011	 +1.6794
 +9.2072	 +9.0110	 +2.3029	 -3.7390	 +2.1172	 +2.2224
 -6.0354	 +0.0361	 -3.5263	 +1.8776	 -6.2348	 +3.3648
 +3.9115	 -2.0947	 +3.5747	 +5.5047	 -0.7041	 +0.6457
 +8.0689	+12.6285	 +6.8080	 +3.2137	 -0.3444	 +1.5143
 +4.2429	-32.8560	+110.5674	 -0.2987	 -1.4595	 +0.5594
-23.8107	+11.1085	 -3.3301	 +0.2624	 -2.9466	 +0.2997
 +5.2555	-13.5577	-18.3258	 +2.4839	 +0.8113	 -1.3462
 -4.0210	 -0.1888	 +3.2702	 -2.2122	 -3.7539	 +0.6290
+11.8924	 +1.3841	-11.8658	 -3.4916	 -2.3264	 +1.5306
 -5.7101	 -6.5717	-19.5452	 -0.5439	 +0.1053	 +2.2982
 +0.0783	 -7.2316	 +3.9067	 +3.4007	 -1.0905	 -3.6807
+25.3838	-25.2947	+39.2143	 -1.3273	 +1.1210	 -0.3468
-10.4042	-16.0491	 -8.1403	 +2.5713	 +0.3728	 -3.4976
 -1.5014	 -7.7873	 +1.3211	 +0.8276	 -4.1242	 -1.4255
 +5.5213	 +3.0067	 -2.7991	 +1.2324	 +4.5698	 -2.5676
-15.7710	 +6.4269	+14.9751	 -1.7765	 +1.8320	 -1.2764
 +9.3894	 -6.5141	 -1.9541	 +1.4070	 +4.3391	 +2.0661
+13.9986	 +4.7487	 +6.0534	 +0.9668	 -3.4506	 -2.4253
+13.5271	 +1.2748	 +3.8523	 -3.5964	 -0.4460	 -1.5157
 -0.1553	 -1.2310	+22.6379	 -0.3333	 +2.9816	 +0.5766
 +3.6236	 -8.8856	-13.0255	 -0.3025	 -5.1823	 +1.6429
 -1.4652	 +1.4365	 +4.9614	 +3.1884	 -2.8358	 +0.6881
 -4.1720	 -0.2239	 +4.5353	 -2.2461	 -1.2585	 +1.6157
-14.9730	 -4.0224	-10.4497	 -0.4064	 +0.8737	 -0.3528
-13.0452	 +3.4398	 +0.2510	 +1.7151	 +1.1683	 +0.7388
 +1.8480	 +8.0565	 -8.3112	 +0.0300	 +0.6783	 +2.4097
-18.7637	 +2.0005	 +9.2265	 +4.5119	 +0.4265	 +1.8582
 -2.8460	-10.6469	 +1.8200	 +1.2144	 +0.4733	 +2.8383
 -6.5738	 -2.0465	 -3.9080	 +0.8417	 -0.3639	 +0.7127
-11.8001	-11.4036	 +0.4366	 +0.7988	 +2.6615	 +0.6842
 -1.7130	 +8.0440	 +4.6784	 +1.8953	 -1.9560	 -0.3782
+27.4474	+22.8379	 -5.2585	 -0.8137	 +0.9105	 -0.2502
 -5.9731	 -9.3881	 -0.1709	 +1.7964	 -0.2864	 +0.6603
+25.3757	 +2.6076	 +6.3108	 -0.8619	 +2.2750	 -0.7848
 -3.5919	 -4.2157	 -6.4368	 -3.4893	 +0.5302	 -2.9305
 -5.3027	 +3.3360	 -8.7755	 -0.0621	 +1.5092	 -1.1072
 -3.6426	 +3.7882	-12.1731	 +4.2050	 -4.0848	 +0.4229
 +1.8254	 -3.8875	 +1.7898	 +0.0611	 -3.9107	 -2.1677
 -6.6664	-23.2772	 +5.5803	 +0.0052	 -3.3813	 -1.6164
-11.9905	 +9.6698	 +5.7055	 +1.5799	 +0.3664	 -3.0934
 -2.9451	 -3.5979	 -3.4329	 +1.4382	 +5.6311	 +2.5975
-15.9697	 -9.7831	+16.5457	 -3.1958	 -0.5861	 +0.9505
 -7.6565	 +0.2177	 +2.3036	 -5.7960	 +1.1439	 -0.3065
-16.9090	 -6.5566	 -6.6221	 -1.8641	 -2.6640	 +1.2059
 -0.1028	+24.3985	-12.3599	 +1.6870	 -2.2448	 +2.1798
-13.7007	+11.8762	 -3.7526	 +0.1238	 +2.7766	 +1.4172
 +4.6018	 -7.2082	 +5.5857	 -4.0801	 +1.5070	 -0.1973
+13.5960	-23.9789	 +1.9432	 -1.0720	 +1.3435	 +1.6085
+11.4056	 +2.6681	 +1.0950	 -1.3876	 +2.8752	 -1.1900
 +6.8772	+37.4757	-14.7224	 -0.0988	 +1.6476	 +2.2280
 +3.5305	 -3.3487	 +5.2129	 +0.1944	 +0.7253	 +2.7130
 -1.3145	 +8.5809	 -1.1294	 -3.4609	 -0.0513	 +0.2747
 -3.7394	 -0.7868	 -4.5566	 -0.9935	 -3.7158	 -0.8352
+86.9466	-29.2016	+52.0599	 +0.1405	 -0.9277	 -1.3687
 +0.2680	+11.7143	-13.8609	 -2.4760	 -2.0034	 -1.4957
 -1.3020	 -1.2433	 -8.8247	 +2.3680	 -3.5278	 -1.3993
 -1.8511	 -0.0282	 +7.6044	 +1.9913	 +1.0019	 -0.1927
 +2.6317	 +5.2599	-14.3779	 -0.9599	 +2.2547	 -0.7798
 -6.8681	 -0.4409	 +2.9161	 +3.1159	 +3.4380	 -3.7763
 +1.1745	 -0.2157	 +3.2106	 +1.5328	 +2.0051	 +2.5667
 +4.6558	 -6.0819	-10.5108	 -1.5896	 -2.9426	 -0.7090
 -7.1892	 +0.8866	+19.5197	 +2.2636	 -1.0838	 +2.2784
 +3.1206	 -6.3606	 +8.2281	 -3.4854	 +2.9017	 +2.0383
 +4.2142	+14.7060	+24.3750	 +0.5967	 +0.8746	 +3.7595
+10.4144	 +5.3692	+14.5402	 +0.7565	 +0.8089	 +2.1900
 +7.0610	 +0.8497	 -2.3640	 -2.1294	 +1.3843	 +0.1141
 -3.9316	 -8.6485	+21.6799	 +1.3784	 +1.1539	 -0.9195
 -8.8973	 -0.5625	+16.2269	 -1.6314	 -2.1782	 -2.1600
-20.4161	 +1.2989	 -6.7304	 +1.4655	 +1.0054	 +3.7815
 +4.3992	 +3.1544	 +3.0620	 -3.3202	 -2.6658	 -1.6124
-42.1944	+21.6682	 -0.4058	 -2.9605	 +1.3990	 -1.0399
 -3.0978	 -2.7618	 -3.0993	 +0.2330	 -7.1155	 +0.3460
-13.2725	 +1.6716	 -0.7527	 +2.4747	 +2.7653	 +2.2309
+18.6085	 +6.6425	 +7.9987	 -1.3607	 -0.9980	 -1.7676
 -4.4783	 +5.8613	+11.8723	 +2.0392	 -0.3153	 +1.5240
 +4.6900	-20.0569	 +4.3267	 -0.5745	 -0.4553	 +0.8388
 -5.7922	-12.4544	 -1.7140	 -2.1816	 +2.3940	 -1.5940
 -0.5069	+12.4370	 +5.1340	 +0.8016	 -0.1573	 +1.0923
-92.2424	-169.9782	+26.0924	 +1.0943	 +0.0029	 -0.0977
 +6.2603	 +3.9574	 +2.3849	 -1.1582	 -0.2581	 -0.3051
 -2.0591	 -7.1306	 -2.5004	 -3.8499	 +0.2521	 +2.9281
 +1.3784	 -2.4949	 -1.8619	 +3.9088	 +3.2186	 +1.6605
 -8.3565	 -1.8630	 +7.4747	 +1.8009	 -2.9390	 +4.4219
-11.1727	 -1.7446	 -2.1380	 -2.0336	 +0.1718	 +5.4345
 +0.3968	 +1.5924	 -6.8399	 +1.0202	 -3.1039	 -0.0262
 +1.9831	 -5.5178	-12.0277	 -2.0562	 +0.0106	 -0.9398
-14.5374	-10.7567	+22.6145	 +1.6587	 -3.0755	 -1.1221
 +3.3065	 +1.9343	 +1.2085	 -3.1393	 +4.2341	 +1.4007
 +2.7601	 +2.8325	 -4.1037	 -1.2736	 -1.6414	 -2.3127
 +2.0255	 -7.5659	 +3.1929	 -2.6834	 +3.5864	 +2.6106
 -0.1969	 +1.6028	 +0.8495	 -1.6762	 +5.1035	 +4.5886
 -2.1491	 -3.7489	 -1.8217	 +5.9363	 -1.4177	 -0.0140
 -3.8954	 +5.0483	 +7.4331	 -2.7479	 +0.9458	 +1.1266
 -3.1459	+20.9573	 -6.4270	 -0.7741	 +2.6581	 +2.6193
 +9.7141	 +2.1470	 -5.9188	 +0.5644	 -1.8665	 +1.6144
 -3.7151	 -1.4124	-12.7176	 +0.9376	 +1.0352	 -1.9551
 +0.3675	+28.5107	-30.7134	 +0.1992	 -1.0540	 +2.4126
 -0.7270	-19.5107	+40.5593	 +0.4422	 +0.5602	 -1.7871
+17.7399	-20.8115	 -8.1854	 -0.5938	 +3.1079	 -1.2861
 +0.9821	 +3.2806	+15.9470	 -1.6534	 -1.2273	 -1.8144
 +1.0435	 +0.7509	 +3.9259	 -2.7519	 -2.3647	 -4.5404
-12.7806	+14.6073	 +0.4020	 -2.3547	 -0.1594	 +1.1471
 +4.3532	 -6.2426	+29.3778	 -1.5357	 +1.2660	 -1.0688
-46.7332	+20.7635	-75.7241	 +1.0056	 +1.8902	 -0.0082
 +7.6197	 -1.4916	 -1.3807	 -1.3309	 +3.2389	 -0.2014
+13.2227	-16.9989	 -4.6945	 -0.7128	 +1.5163	 +0.7782
 -3.2665	+15.8010	-13.6238	 -0.2710	 +1.1154	 -0.8814
-27.6994	 -2.3419	 -7.3897	 -0.1471	 +1.1146	 +0.0087
 +0.2686	 +4.4159	 +1.1452	 -0.9543	 +2.6617	 +2.7070
 -3.0609	 +6.2287	 +4.0030	 +1.7599	 -0.4205	 -3.0082
 -4.0364	-26.0578	-16.3952	 +0.7580	 +2.9515	 -1.3296
 -2.0990	+11.3690	 +1.4749	 +2.5758	 +2.4232	 +0.5373
 -5.4994	 +2.9807	 -1.2022	 +0.8524	 -3.1634	 +2.2995
 -1.7361	 -2.3993	 +9.0686	 -2.6130	 +0.7576	 +0.7947
+19.7586	+15.7036	-33.5577	 -1.1015	 -0.9839	 +0.4260
+29.3570	+40.5853	+68.9429	 -1.0436	 -0.5681	 +1.0861
 -5.0442	 +2.4137	-23.2047	 -1.7227	 -2.6315	 -0.5365
 +1.3281	 -8.5459	+14.8596	 +2.9487	 +0.4859	 +2.5208
 +0.8911	 +1.7299	 +2.4675	 -1.1796	 -0.6249	 -0.5100
 +2.8747	+17.0460	 +6.9777	 +1.6846	 -1.0887	 -0.1270
+68.2839	+28.4958	+34.6953	 -0.6396	 +0.1864	 +0.6673
 +1.5325	 -3.3230	 -2.3291	 -2.1232	 +2.9803	 -4.5428
 -1.3112	 +7.6294	 +3.1488	 -0.8575	 -3.0204	 +2.6554
-15.3018	 -7.9263	 +1.7367	 -0.3249	 +1.2594	 -3.3548
 +2.2397	 -2.6594	 -0.4668	 -2.0095	 +2.2669	 +4.1149
-41.3261	+10.3132	+10.3776	 +1.0014	 -1.1266	 +1.8383
 -1.9711	 +4.4389	 -8.5135	 -0.7886	 +4.4553	 -2.2296
 +1.3630	 +6.3434	 -5.2031	 +1.1435	 +3.4754	 -3.7262
 -2.0008	 -8.1582	 -1.6659	 +3.8168	 +3.9883	 +0.7786
 -9.1671	 -0.1341	+29.3410	 +1.8508	 -0.1955	 -0.6830
 -7.3914	 -2.8096	 +7.8870	 -0.8997	 -4.7343	 -1.5578
-10.4380	 +7.3111	 -0.7241	 +1.6690	 -5.0152	 -1.0977
 +8.5582	 -3.6947	 +4.8058	 +0.6037	 -0.8747	 +0.8940
 +6.1653	 -5.7208	 +8.2663	 -4.0402	 -3.3536	 -2.4046
 -0.4170	-12.1634	 +7.9326	 -0.2293	 +1.3743	 -0.5379
 +3.9524	 +6.7322	-25.6609	 -1.7314	 +4.0734	 -0.8689
 -3.4702	 +3.2443	 -9.4039	 -1.3659	 -3.2450	 +2.6567
 -0.4664	 +3.6487	 +1.7852	 -4.4905	 +0.9777	 +4.4921
 -0.7589	 +0.1478	 +4.7581	 +0.8009	 +0.6268	 -1.9571
 -4.7776	-20.9359	-10.2804	 +0.6126	 +0.0591	 +3.0591
 -8.1260	-11.2716	-15.8230	 +3.2095	 -0.8948	 +1.1889
 -3.8247	 +4.1336	 +0.2290	 -1.0321	 -0.3385	 +0.3211
 -4.0997	 -9.1301	 +8.2434	 -0.4510	 +1.0976	 -3.1867
+17.0747	+13.4083	-12.7324	 -0.5170	 -1.2421	 -2.3101
 -5.9541	 -6.2258	 -4.6230	 +2.8075	 +0.4689	 +0.4623
 +2.1355	 +3.4564	 +3.4216	 -2.6208	 +4.4812	 -0.9065
 -2.1350	 +3.2826	 +2.6678	 -0.6488	 +3.4112	 -2.4236
 -3.1970	+11.7118	-25.9697	 -3.5457	 -1.9047	 +0.3161
 -5.8022	 -3.4733	 +1.6589	 +0.0962	 +2.2920	 -1.4221
+19.9074	 +8.3068	 +3.8528	 +3.2458	 +1.1378	 +0.6956
 +2.8773	 +8.4978	 -1.3977	 +0.7678	 -1.4336	 +3.7703
 +3.9109	 -0.1824	 +4.1558	 -1.2700	 -4.9391	 -0.0961
-14.6407	+19.2817	+11.4832	 +0.0401	 +0.7290	 +0.0617
 -1.7765	 -2.0562	 -3.7577	 +0.6990	 -0.8094	 +0.0734
-16.0397	 +6.8216	 +5.7466	 -1.1563	 +1.0054	 -3.8567
 -5.1414	 +5.6665	 -2.3884	 +1.1172	 -2.4115	 -1.2669
 -4.1937	 -1.6523	-10.4372	 -2.0869	 +0.8928	 -0.2331
 +4.9301	 +4.7704	 -8.8217	 +0.8259	 +0.4677	 -2.0009
+22.5848	+11.3643	 -0.6430	 -0.1237	 -3.2339	 -0.2387
-84.1261	+42.9474	+24.7944	 +0.1301	 +0.0963	 +0.6068
 -9.1600	 -0.6378	 +6.1053	 +3.4048	 +3.9781	 +2.0373
 -7.3940	 -1.4500	 -1.7309	 +0.3516	 +2.7303	 -1.8459
 -3.7324	 +6.8032	 -4.6036	 -3.7507	 +2.1697	 +2.0868
 -8.6603	 -4.2855	 +0.5079	 +1.7762	 -0.9309	 +1.6561
-19.9523	+11.2702	 +4.9387	 +0.3692	 -1.5925	 -2.0730
 -8.1828	+13.8648	-31.1865	 +0.8451	 +1.6853	 -1.9572
-16.8116	-19.5393	 -2.7918	 +0.2328	 -1.4471	 +2.9959
 -1.7632	 +3.3755	 -2.7293	 +1.3903	 +4.1449	 +2.5607
 +1.7412	+12.7858	 -9.5874	 +0.6966	 +0.6953	 -3.0291
 -0.8578	 +0.7672	 -9.1105	 +1.7237	 +0.4765	 +0.4982
 +4.7429	 -2.1293	 -3.5690	 -3.1920	 +0.2601	 -0.7330
 -8.1179	 -3.0320	-15.3142	 -3.0212	 +1.1246	 -1.4249
 -5.9087	 +2.3767	 -2.8069	 +3.3267	 +4.1185	 -4.2296
 +3.6603	 +1.6008	 +5.0047	 -0.3422	 +0.2716	 -0.0331
+30.2686	+20.3589	 +7.1169	 -1.4721	 -1.8756	 +1.8020
 +9.6062	 +2.4928	-17.5275	 +2.8937	 -3.1052	 -0.2182
 -6.4309	 -3.9565	 +5.0585	 -0.7302	 -3.0376	 -3.2043
 -3.4546	 +0.9039	 -0.2645	 +3.6405	 -4.8853	 -2.7764
+22.7709	 +1.6387	 +0.9836	 +0.8346	 -0.5422	 -0.3945
 -0.5251	 +2.0639	 +9.7897	 +3.8828	 -1.2425	 -2.0744
 +5.6162	-14.4081	 -3.5159	 -1.6895	 -1.5492	 -0.9323
 +5.9245	-14.2817	 +3.7139	 -2.2384	 -2.8985	 -0.6763
 -0.0093	 +5.2656	 +1.2282	 +0.3097	 +2.7345	 -4.4638
+13.2575	 -7.3815	 -0.8214	 +0.6603	 +2.3028	 -1.8381
+19.1960	 +4.2664	 -9.3243	 +0.5020	 -3.7741	 +0.5144
-34.9247	-18.2189	+15.4284	 -0.2405	 +0.1536	 -3.0539
 -0.2569	 -8.5942	+12.6990	 +1.8625	 -0.3869	 +1.1792
 +2.0581	+11.6426	+14.2306	 +1.1883	 -0.9985	 -2.9207
 -8.9306	 -8.8947	 -3.6755	 +1.8624	 +4.5364	 -2.7129
 +6.7550	-11.5578	 +1.8768	 +3.2325	 +1.8015	 +1.8490
-11.4526	 -5.5539	 -8.9003	 -2.2208	 -1.8310	 +0.9474
-40.8008	+26.0471	+37.3721	 -0.0687	 +0.5606	 +0.3040
 +8.0464	 +2.1434	 +4.8054	 +5.3489	 -0.5154	 -0.4731
 +1.9152	 -0.4196	 -4.2161	 -2.1429	 -2.5885	 +2.8577
 +3.1078	 +9.9624	 -6.1032	 -1.6229	 +3.1836	 +3.2104
 -4.3805	 +4.2294	 +3.5649	 -2.4064	 -1.7144	 +4.1494
 -4.5167	 +1.0998	 -2.6864	 -0.4344	 +6.1130	 +4.4633
+43.5085	 +5.7248	-16.5730	 -0.6921	 -0.7344	 +0.2817
 +0.1627	 -2.2362	 +0.6078	 +1.6497	 +4.2768	 -1.0586
 +9.0180	 +3.7659	 +5.7443	 -0.4596	 +2.2411	 +2.8327
 +6.6092	+12.4704	 +3.4436	 -0.6973	 -3.2138	 +2.0764
 -3.0895	-15.7076	-33.7269	 +1.0259	 -0.7620	 +0.9428
 -4.7477	 +0.7391	 -8.5683	 -1.0424	 +2.6899	 -1.5676
 +3.9003	 +1.0503	 +6.7990	 +0.2770	 -1.2281	 -2.8936
-102.2761	-32.5159	+84.9261	 +1.3970	 +0.1685	 -1.2337
 -1.4851	 +7.8499	 -8.7901	 +3.4657	 -2.4730	 -2.8538
+12.0336	-35.4564	 +9.4333	 -0.9942	 +1.7987	 +3.5796
 +3.3022	-25.0052	 -3.6872	 +0.9849	 -0.9180	 -2.2811
 -0.0821	 +0.7697	 +1.3367	 -2.8307	 -0.3896	 -3.9462
 -4.7933	 -6.2374	 -3.3412	 +1.3637	 -4.0440	 -3.1679
 +5.3065	 +5.8651	 -9.4100	 +3.4564	 -2.6333	 -1.1169
 +7.4952	-12.0421	 -0.2521	 +0.8201	 +1.3423	 +0.7063
 -2.5745	 -6.0634	 -9.2721	 -1.9141	 +1.6690	 -2.7909
-10.4737	 -9.4167	 +6.5820	 -2.4499	 +0.2285	 +0.4824
+12.0939	-24.1696	 -6.4884	 -0.2865	 +1.3184	 -1.1677
 -4.9605	 -0.4739	 +3.0427	 +2.1415	 +0.4660	 -0.9863
-20.3892	 -6.4533	 +4.1177	 -1.4560	 -0.4193	 +0.0652
 -1.4285	 -0.3283	 +3.1281	 -0.4919	 -4.9763	 +3.6179
 -0.2568	 +1.3343	 +4.4514	 +0.2848	 -0.8819	 -1.5514
 +4.6368	 -3.0628	 -2.2846	 -2.1961	 -0.6778	 +0.4835
-12.0019	-13.3752	 -7.1517	 -1.2563	 -1.8785	 -3.6087
-64.5800	+23.1049	+50.6046	 +1.2223	 -0.8376	 -0.8328
-58.4379	-32.2880	+18.5728	 +1.2931	 +1.0270	 -0.5485
 -8.8424	 -7.9510	+10.2302	 +0.9046	 +2.1978	 +2.3530
 -2.6023	 +3.0407	 -3.2096	 +0.2228	 -2.2845	 +1.5586
-77.6501	-125.2801	+119.3565	 +0.6652	 +0.0560	 -0.0843
 -6.1451	 +6.3924	 +0.1945	 -4.0248	 -4.3440	 +0.2277
-10.2977	+11.2316	-10.3799	 -1.6526	 -1.5581	 -2.5827
 +0.8544	 +3.0438	 -4.5268	 +0.4442	 -2.8410	 +0.2037
-46.6899	-25.9903	-14.1118	 +1.8582	 -0.5789	 -1.1644
-10.8873	 +5.0151	-10.8517	 -1.7703	 -0.1977	 +0.0166
 +5.7036	 +5.6864	-18.8144	 -0.8212	 -1.5621	 +0.2948
 +8.1216	-31.5387	+36.0460	 +1.3660	 +2.1681	 +1.6040
-12.5716	 +3.2351	 +0.8099	 -1.7393	 +0.1213	 -2.3000
 -1.0339	 -8.0632	 +7.8027	 -1.9068	 +0.9815	 +1.3970
 +3.5003	+14.6718	-21.3510	 -0.0363	 -2.4158	 +1.7450
 -6.4135	 +1.7828	+17.7683	 +2.4845	 -2.8904	 +1.0891
-17.8985	+12.7705	+22.9538	 -1.7248	 -0.3953	 +1.5057
+12.6690	 +9.9113	 +2.3306	 +0.1865	 -3.1999	 +2.2978
+11.8774	 -2.8909	-12.1104	 -0.1259	 -0.6138	 +0.5437
-10.9592	 +3.4532	 -1.1917	 +3.7179	 +2.6364	 +0.6322
 -5.9686	 +3.9739	-16.5287	 +2.3013	 -1.9610	 +0.6096
-11.3515	-15.9536	-23.5363	 -0.1602	 -0.1636	 +0.4409
 -4.7793	-13.0260	 -6.4162	 +2.0100	 +1.7814	 -1.8555
-11.1219	 -9.7036	+21.0349	 -1.5106	 +0.1828	 +0.0148
 -9.1509	 +5.1009	-10.3960	 -1.3673	 -3.0452	 -1.5716
 -8.4638	 +2.7163	 -5.7399	 +4.3979	 +0.8305	 -0.1539
-36.6384	+14.3287	+12.4873	 +0.1584	 +0.6366	 -1.6279
 -1.3979	 -8.4610	 -7.0048	 -1.2368	 +0.1044	 +1.8759
 -6.6430	-10.5231	+13.6393	 +0.8984	 +0.6487	 +2.2484
 +8.6233	+10.3277	 -4.4093	 +1.1177	 +0.5926	 +3.3029
 +3.4536	 +3.2983	 +4.7928	 -4.8173	 -0.5171	 -0.9221
-30.4310	+38.2691	-75.6346	 +0.4338	 -1.3989	 +0.6674
+11.3470	+21.9647	 -7.1193	 -1.5750	 +2.1572	 +1.3409
-12.8173	+76.7637	-52.1113	 -2.1207	 -0.6238	 +0.1630
-18.4582	 -5.1050	 -2.7804	 -0.0238	 -1.5344	 +0.3523
-15.3542	-17.6038	 -7.4872	 +1.1947	 -0.7274	 +2.0365
 +1.5159	+12.2601	 -4.3421	 -0.5086	 +4.5678	 +1.6404
 -8.9046	 -0.8090	+11.5773	 +3.1368	 +1.7330	 -1.4536
-19.8992	 -4.4102	 +5.4256	 +0.7289	 -0.9973	 +2.7496
 +2.1996	 +1.9611	 +6.2729	 +1.8697	 -3.6106	 -3.6339
 -1.0354	 -4.9616	 -9.6596	 +2.6557	 -0.4650	 -1.5513
 +4.6460	 -4.2182	 +2.2088	 +0.8393	 -0.4615	 +1.5130
 +2.1930	 +9.2437	 +4.1187	 -1.7696	 -0.5233	 -5.0084
-15.5531	 +0.9851	 -0.3090	 +0.1986	 +3.3427	 -2.0743
 +2.6356	 +3.2580	 -9.5928	 -4.1883	 +2.2545	 +1.7963
+10.6261	 +7.7501	 -2.0989	 -3.3644	 +0.3062	 +3.5223
 +9.7163	-24.7805	 -6.8347	 -2.9170	 -0.3682	 +1.8881
 -5.9261	 +0.5660	 -5.4452	 -2.5586	 -1.1981	 +4.6270
 -9.0760	 -1.7537	 +7.1811	 +0.4291	 +1.7961	 +3.3020
+10.8990	+11.4780	 +1.3551	 -0.9389	 +2.8204	 -0.6794
 -4.3055	 +8.6936	 +6.7290	 +2.4386	 +3.5083	 +0.6073
-143.6372	-178.9647	+114.0509	 +0.3708	 +0.8806	 +0.0908
 +4.2979	 -8.8818	 -0.3318	 -0.3479	 +4.5313	 -3.4040
-17.2436	+46.9814	+46.1493	 -0.3257	 -2.1710	 -0.2315
 +5.3148	 +1.2077	-12.2951	 -1.7528	 -2.5244	 +2.3492
 +7.1627	+74.6972	-83.1491	 +0.0802	 +0.0084	 +0.3279
 +1.0137	 -0.7508	-10.0905	 -0.9534	 -6.0476	 -1.0552
 -4.6178	 -4.7613	 +8.2191	 -2.3832	 +1.4563	 -0.1551
-14.0115	+25.7532	-25.3048	 +1.5191	 +0.1093	 -0.1956
-16.2474	-16.0254	 +1.0590	 +0.9946	 +3.0756	 +0.5914
 -3.1554	-14.2014	 +1.3295	 -4.5624	 -0.3859	 -1.3489
 -2.6754	+10.0344	 -2.3944	 -2.9941	 +1.5691	 +1.3342
 -2.0945	 -6.6100	 -1.9858	 -0.0231	 -4.4403	 +3.4634
-10.7645	 -2.4422	 -6.1537	 -1.5213	 +0.0348	 +1.6554
 -3.6262	 +1.9174	 +3.0564	 +2.3619	 -3.4337	 -0.4485
-10.0552	+12.0881	 +0.1119	 -4.1176	 +0.5104	 -0.8180
 -1.9738	 +2.3776	 +2.3893	 -4.6642	 +5.0514	 +1.7661
-22.1443	+26.2131	 +2.1456	 +0.3749	 -1.3267	 -0.0642
 -0.8894	 -1.7958	-20.8586	 +0.6663	 +0.5792	 -3.6855
+13.7202	 +4.7061	+10.8938	 +1.4238	 +2.1728	 -0.9586
 -5.1741	 +2.1038	-21.6851	 +1.0792	 +2.9889	 -0.9549
 +4.1775	 +6.7614	-13.0377	 -0.2012	 -2.1590	 +0.7934
 -5.2002	 -6.5864	 -4.1563	 -6.2082	 -1.7637	 +3.3149
 -0.1602	 -3.1977	 +2.4009	 +5.2061	 +0.7077	 +0.4085
 +7.8520	 +4.7743	 +7.9122	 +2.4769	 -1.6737	 +2.6591
 +0.1536	 +7.3537	 -0.6777	 -1.6350	 -3.2467	 -1.0942
 +5.4417	 -6.6279	 +7.4975	 +1.0991	 +1.6515	 +3.0488
 -6.4257	-22.3233	+12.3038	 +0.9104	 -0.5011	 +0.2243
+12.3310	 +0.0727	 +0.4441	 -1.7610	 +2.8331	 +0.4260
 -3.0350	 +4.0976	 +0.6990	 +1.6983	 -3.0113	 +2.7720
-19.4916	 +3.7393	 -2.1148	 +1.9832	 -0.5698	 +1.7581
 +0.7030	 -0.0272	 +0.0713	 -5.2933	 +4.8086	 -1.9302
 +3.0473	+13.8282	 +5.0785	 -1.2501	 +2.2787	 +1.3348
-16.5063	 +2.2980	 -5.9427	 -1.1690	 -2.5413	 +1.6665
 +7.3344	 +7.7322	 +7.4203	 -1.5868	 +1.2788	 +1.0731
 +2.4533	+13.1403	 +3.1499	 -0.8991	 +1.4234	 +1.9386
 +7.1211	+25.8518	+35.1050	 +0.6050	 +0.3076	 -1.3363
-12.9210	 -1.2806	 +1.2567	 -0.4948	 -1.4633	 +1.1028
 +3.7082	+20.9998	-11.8802	 -2.6987	 -1.6067	 +0.7364
+20.1302	-13.1163	+10.0377	 +3.4119	 +0.2842	 -1.8196
 -6.6583	 +2.2768	 -7.0090	 -0.5675	 +2.0494	 +3.7185
 -4.1601	 -1.5496	 -2.2892	 -2.9142	 -2.8641	 -4.7368
 +3.4191	 +3.4568	 -3.2702	 +3.5503	 +2.8645	 -4.0957
-11.3225	 +1.4790	 -5.1070	 -3.1006	 +0.0848	 -0.3380
-18.6654	+10.9764	-26.1053	 -0.1536	 -1.0516	 +1.8846
 +4.8633	 -1.8578	-13.8048	 +0.5968	 -2.9423	 -2.1192
+22.4747	 -2.2627	-17.5216	 -0.6325	 -0.8031	 +2.0384
 +2.6559	 -1.4485	 -4.2695	 +0.7531	 -2.4459	 -4.1723
 +0.6784	 -2.8811	 -4.5399	 +0.1278	 -2.1474	 +0.1038
+11.8617	+15.5022	-14.0427	 +0.1493	 -0.7439	 -0.2732
-16.5783	+37.3515	-11.3043	 +1.6662	 +1.6587	 -0.0338
 -4.9870	 +2.1884	 +2.5629	 -0.3974	 +1.6568	 -2.9200
-10.4782	 -5.4764	-16.4503	 +1.1412	 -1.2083	 -3.1780
-11.7469	 +3.0422	+11.8896	 -1.8813	 -4.3247	 -0.5239
+18.3939	-10.1552	 -9.2830	 -0.2830	 -0.4501	 +0.4671
 +6.2526	-19.0329	 -2.8101	 -2.0192	 -2.4688	 +0.4117
 +1.7282	 -2.4549	 +5.9339	 -1.3742	 -0.9356	 -1.8700
 +3.6049	 +7.4615	+15.2743	 -1.2709	 -0.2080	 +2.5558
 -6.1018	 +2.6521	-25.1592	 +0.4814	 +2.0689	 +0.3772
-13.6202	+18.9739	 +0.9548	 -1.4108	 -2.8266	 +1.2734
 +6.2271	 -6.0691	-19.8005	 +0.8446	 +0.6924	 +0.5519
 -9.6221	 -2.3670	 -1.6139	 +0.7986	 -1.9995	 +0.4163
+15.5120	 +6.4894	+40.4094	 -0.5612	 -0.5228	 +0.5579
 -9.8088	 -2.9968	 +1.0844	 +0.1287	 +0.6013	 -2.2366
 +7.0530	 +2.7958	 +7.5106	 -1.4983	 +2.6233	 +0.4601
-12.1139	+19.2072	 -1.6869	 +2.7018	 -0.7410	 +1.6189
-12.3878	 +2.7342	 +3.0193	 -2.1181	 +1.4827	 +0.5261
-12.9148	 +5.6264	-14.2851	 -0.2059	 -2.0891	 -2.0185
 -8.9318	 +9.2442	 +8.0849	 -3.8392	 -0.6164	 -0.4978
 -0.0001	 +3.6323	 -5.7545	 +0.4589	 +0.8760	 +3.5381
-61.2135	-18.0691	-25.6788	 -0.5164	 +0.1680	 -0.0683
 -4.4680	 -0.4703	 +5.3156	 -0.8940	 -3.7406	 +2.5350
 +5.5142	 -2.3933	 +5.7023	 -0.9412	 +0.1779	 +1.1556
+11.2991	 -5.1841	 -4.0280	 -0.5104	 -0.7693	 +1.3183
