# Iterations: 3 of 3
# Total Energy: -6.698e+05
#    Kinetic Energy: 6.695e+05
#    Potential Energy: -1.339e+06
# Current Time: 2018-05-09 13:23:57.790847
# Elapsed Time: 0:00:43.026862
# 
# Med. Times for Sections
#    Force Computation:		9.233154
#        [9.233154, ]
#    Gather Particles:		0.000093
#        [0.000093, ]
#    Overall:		10.740537
#        [10.740537, ]
#    Scatter Particles:		0.002243
#        [0.002243, ]
#    Time Integration:		0.000276
#        [0.000276, ]
#    Tree Broadcast:		0.674287
#        [0.674287, ]
#    Tree Construction:		0.830407
#        [0.830407, ]
# 
# x	y	z	vx	vy	vz
# 
 -6.7810	 -4.4612	 -2.5987	 +0.0929	 +0.1862	 -0.3900
 +2.2914	-20.4683	-12.5209	 +1.2098	 +1.6976	 +1.5695
 -0.7216	 -2.9957	 +6.2923	 -1.9103	 -3.1497	 +3.2060
-22.4689	+26.0064	 -1.5919	 -2.3757	 -0.6761	 +1.1747
 -5.8366	-17.1991	 -6.4922	 +2.0355	 -2.7608	 +1.0151
 -5.0394	 +0.3509	-15.9453	 +2.6483	 +0.6661	 -1.3132
+14.6740	-14.6092	 -7.9907	 -1.0518	 -1.1745	 -1.1140
+12.1081	 +7.5312	 -5.9672	 -0.9419	 +0.5269	 -0.4724
-27.8275	-36.2106	-11.1713	 +1.8689	 +1.6104	 -0.1275
-11.6349	+22.2417	 +1.6105	 -3.3424	 +0.0711	 +0.6310
-25.0942	+10.3663	+17.5890	 +2.0274	 +1.0424	 -0.2038
 -3.4293	 -4.9284	 +0.7684	 -2.3144	 +1.5917	 -1.1007
 +4.8677	 -2.9156	 -2.7906	 -1.6637	 +2.6361	 -5.2983
+26.4084	+11.5568	-26.4398	 -1.1585	 +1.0118	 -1.2403
 -3.3380	 -3.1049	 -1.0246	 +3.5085	 -2.5134	 -1.3672
+11.6076	 +4.0242	 -0.0781	 +2.6190	 -1.6051	 -1.9149
 -7.8381	 +0.0996	 -9.0367	 -1.7273	 -4.4568	 +2.1121
 -4.1996	 -0.6362	-17.4988	 -1.6272	 +0.6088	 -2.2485
 +9.5320	 -6.6038	 +7.7202	 +0.5867	 -1.5142	 -0.3145
+105.8519	-28.1494	+78.4063	 -1.3554	 -0.8410	 +0.2114
 -7.8525	 -5.7280	 -2.2227	 +1.8680	 +1.4206	 -3.3788
 -4.1153	 +2.3872	 -8.0762	 +0.2251	 -4.3261	 -0.2313
 +6.0383	 -0.3889	-10.6423	 -1.2051	 +2.7565	 +1.5170
 -2.2575	 -5.1694	 -0.5137	 -2.7779	 -0.0709	 +5.0743
 +6.4748	 +6.9356	 -8.4414	 +1.7439	 +1.1749	 -0.5433
-33.8617	+18.9538	 +0.9012	 -2.2520	 +2.4193	 -1.3008
 -2.4014	 +1.9450	 -2.0679	 -1.8888	 -5.1752	 -3.1760
+11.6606	 -7.2796	 +2.4325	 -3.5315	 -0.5238	 +2.3662
 +8.4094	+14.0852	 +7.8433	 +3.2348	 -1.8436	 -2.0255
-19.8919	-19.9270	 -5.0879	 +3.1335	 +1.9117	 +0.5203
 -7.3191	 -2.3767	 -1.5365	 +4.1229	 -3.4153	 -4.7176
-55.8014	 +7.1709	 -1.3525	 -0.9455	 +2.0153	 +1.8289
 +0.8101	 -5.5104	-14.0026	 -4.2918	 -0.6993	 +1.4745
 -0.0160	-15.8719	 +5.7656	 -0.8136	 +1.4999	 -1.1294
-10.1397	 -2.8269	+21.3933	 +0.1776	 -0.6681	 +1.2942
 +4.2690	 +1.5556	 -0.5171	 +0.3401	 +0.8548	 +0.4956
 +3.2125	 -1.4061	 -3.5772	 +0.1499	 -5.3687	 +1.5173
 -5.2929	 +1.2661	 +4.3697	 +3.9742	 -3.2513	 +2.7412
 -2.2986	+32.1323	-11.8287	 -0.7562	 -1.4432	 +0.5963
 +3.4261	 -3.0703	 +1.2558	 +1.3403	 +4.2545	 +2.8555
+12.1363	 -9.7663	 +9.7895	 +2.3918	 -3.7922	 +0.7545
 -4.6345	+11.2224	-12.5895	 -0.4393	 -0.7797	 +1.0821
 -4.5995	 -3.6693	 -9.9749	 -2.2712	 +3.7495	 -0.7459
 -3.7076	 +4.0068	 -1.0001	 -4.1594	 -0.2000	 -0.9932
 -6.8920	+22.4879	-21.3014	 +2.3375	 +0.1195	 +0.6358
 +2.7976	 +0.1818	 -5.3276	 -0.6888	 -1.3835	 +4.8761
 -3.2824	 -0.1685	-10.9247	 +2.4133	 +4.7131	 -1.5674
+34.8466	 -4.9290	 +2.4660	 +0.1986	 -1.2926	 -1.5751
 -3.8228	 +4.2712	 +0.5196	 +2.2667	 +2.7184	 -0.2671
 -6.8296	 -1.1930	 -4.4939	 +1.9920	 +4.5794	 -0.2306
-34.3928	-57.1559	-38.7179	 +1.1127	 +0.2382	 +1.5748
 -1.0950	 -4.1611	 +1.2123	 -2.0109	 -3.4262	 -3.6915
+16.5055	-10.3966	 +5.5668	 -0.0821	 +2.5381	 +4.0198
 +2.3990	+13.1977	 +4.2547	 +2.3206	 -3.6889	 +2.3686
 +5.0341	 -5.1169	+52.5525	 +0.4816	 +2.2116	 +1.9325
-27.1267	 -6.9692	 -4.2932	 -2.0678	 +0.2904	 -0.1904
+32.3798	 -5.3671	 +4.8463	 -1.1758	 +0.9438	 -1.0182
 -4.8479	 +6.5054	 +5.7928	 -1.5976	 -0.7142	 -2.7053
 -2.2823	 -6.7347	 -3.5596	 +3.6374	 +1.5373	 +3.9777
 +2.7993	-22.0517	 +8.4080	 -3.6386	 +1.0063	 +0.2017
-13.9297	 +0.9078	 +9.4220	 -4.3921	 +1.0204	 -1.3032
 -8.2222	 +2.9270	-20.3872	 -0.4528	 +4.0406	 -1.8288
 -2.8694	 -9.6460	 -2.2688	 +2.6283	 +1.5376	 -1.6685
 -5.8715	 -4.7962	 -8.9280	 +0.1895	 -3.3281	 +3.1117
 -2.1700	 -4.0865	 -6.5338	 -1.5882	 -1.0181	 +3.8815
 -6.8131	 -3.5554	 -9.9709	 -2.4595	 -3.1064	 -2.1289
 +5.0666	 -1.9874	+22.3893	 +0.6048	 +0.9941	 -0.0390
-13.7667	-12.0228	+27.3511	 -2.4678	 -2.0449	 +0.5638
 -3.4103	 -7.5846	-20.4342	 +0.5422	 -0.9511	 +0.7894
 -3.9732	+11.1480	 -5.4050	 -0.4059	 -1.6968	 +4.0532
 -1.4880	 -4.5435	 -1.6913	 -1.8349	 -2.1197	 -1.9272
-13.3855	-12.1160	 -6.2412	 +1.6863	 +0.2590	 +1.0641
-11.9292	 +6.4337	 -2.2494	 +0.4970	 +0.4662	 -1.9969
-16.2654	+15.2789	-93.6044	 +1.9166	 +0.0100	 -1.4575
+26.5506	-28.4694	-14.2449	 -0.1100	 +1.5248	 +0.5536
-10.3999	+10.8684	-11.2369	 -2.7041	 -3.6052	 +0.8292
 -5.1751	 +2.3972	 -8.3189	 +1.1820	 +2.1848	 -2.3364
 -1.5519	 -8.4408	+13.2712	 -2.9572	 -2.4451	 -0.8512
 -4.5575	+10.0559	 -4.2545	 +2.9970	 +0.3183	 +3.0692
+20.3149	-15.2606	 -5.6741	 +2.7737	 +1.4424	 -0.0808
 -0.8956	 +0.6832	 -2.5215	 -0.8043	 +1.3829	 +3.0242
 +9.4920	 +9.3697	 -8.1023	 +0.4548	 +2.7689	 -1.2564
 -2.5786	 -0.4941	 -5.5496	 +1.8430	 -0.4616	 +4.3419
-10.7281	+24.5855	+14.0457	 -1.0334	 +0.0048	 +3.6836
+12.4967	 +3.9471	 +0.3363	 +3.4280	 +2.7089	 +3.0354
 +3.9248	+13.2962	 +8.8360	 -2.7221	 -1.4935	 +0.9046
-16.4024	 -4.9096	 +2.3456	 -1.6135	 +0.5419	 -2.8703
 -0.8543	+15.7939	 +9.1161	 -0.8204	 +3.2058	 +1.0300
 -5.5566	-27.3744	 +9.9041	 +2.0082	 -1.3290	 -1.3474
 +5.5168	 -8.8454	 +2.3641	 -0.7763	 -1.4454	 -0.5616
-11.1547	 -0.5947	 -3.6016	 -1.5591	 +2.1363	 +3.2444
 -3.7773	 -0.6576	 +0.6607	 +1.5517	 +1.2373	 +1.1321
-13.5877	-26.0177	-47.8960	 -0.7567	 -0.9061	 -0.5173
 +6.2479	 +2.5731	 -8.7766	 -3.4091	 -0.2065	 +4.0197
 +5.0757	+13.2524	 +0.2076	 +0.8370	 -0.8568	 -1.1739
 +6.5067	 -8.3908	 +4.0381	 +2.2818	 +0.8553	 -3.8756
 -7.4694	+32.9340	-20.0215	 -0.5051	 +0.0728	 +2.1890
 +2.1616	 -2.4622	+17.0316	 -1.8440	 -0.4867	 +1.9126
 -9.7875	+14.9170	 +1.8785	 -0.7693	 -1.0926	 -1.2088
-13.6101	-11.9872	-22.2012	 +2.9998	 +1.5551	 -0.8423
 +6.8386	 -0.5695	 -2.9343	 -1.5170	 -5.9483	 -0.8842
-13.4715	 -1.6470	-10.7782	 +0.1838	 -0.2295	 -0.8447
 -3.0740	 +0.3107	 +4.6735	 -0.8364	 -1.7809	 -1.6872
 -3.5400	 -7.4958	 -8.8225	 +1.1434	 +2.8413	 -3.2770
 +0.0526	 +3.1301	 -4.8322	 -0.8772	 -1.4112	 -1.3275
 -8.7297	 -1.1476	 +3.1962	 +3.0624	 +3.2716	 +3.4341
-17.0997	-17.7239	+21.9495	 +3.0302	 -0.4922	 -0.6994
 -7.1607	-14.2099	 -0.5509	 -0.6538	 +0.8650	 -0.2331
+25.6454	 +9.7823	+18.1382	 +1.2466	 +1.9013	 -0.1866
 +1.0872	 +1.4370	 -7.3360	 +2.9270	 -0.0676	 -4.5485
 -5.6020	 +0.2382	 -2.5552	 +1.8448	 +6.1029	 -2.1579
+474.8032	+387.5025	-227.5348	 -0.2778	 +0.6745	 +0.3143
-138.8789	+98.6059	+199.6976	 -0.1134	 +1.1390	 +0.4450
 +7.4735	 -2.3989	 +9.7547	 +4.7302	 -1.4253	 +1.1348
 +6.9323	 +2.1165	+20.0815	 -1.6350	 -1.1171	 +0.7508
 +0.5997	 +9.1398	 +8.3617	 +0.0570	 +3.0724	 -1.9095
 +2.8228	 +5.5328	 +1.6451	 +4.2976	 -2.0402	 -2.3917
-74.2133	-16.0438	 -9.9946	 +1.2925	 +0.1700	 -0.7542
 -2.7380	 -0.2102	 +0.9532	 -3.6010	 +1.6432	 -1.5472
+45.4043	-21.8052	-44.0160	 +0.5816	 -0.7402	 +0.1989
-15.2383	 +8.5741	 -6.2965	 -0.1126	 -0.6937	 -2.3830
 +0.4143	 -1.8837	 -0.5470	 -1.8309	 +4.0152	 -1.4807
 +1.5557	 -2.2034	 +1.0388	 +5.0382	 +1.8021	 -1.3889
 +1.9440	 -8.1783	 -1.5401	 -4.7941	 -2.1951	 +0.5855
 -4.3165	 +1.4282	 -1.9360	 +1.1752	 -3.0972	 +1.9506
 +1.5277	 -5.5468	 +2.2318	 -1.4834	 +2.5954	 +1.5781
-17.0005	 +1.0800	 -2.2169	 +0.6101	 +0.1178	 -3.1401
 -7.5703	 -4.0710	 +2.5993	 -2.3921	 -0.4152	 +0.9429
 -6.8655	 -0.2424	 -8.4930	 -2.9605	 +1.8270	 +0.6208
+12.9193	-12.7691	 +0.8654	 -1.4385	 -0.5258	 -2.5143
+13.8923	+32.8985	-162.2328	 +0.0708	 -1.1570	 -1.3234
 +6.3227	 -3.1518	 +6.6546	 +3.4607	 +2.0889	 -0.0092
 +6.7245	 -5.4705	 -8.5862	 -1.0999	 +2.9708	 -1.6450
 -3.6978	 -7.5617	 +2.3894	 -4.4906	 -0.5893	 +0.5185
 -2.3667	 +2.9287	 -1.3195	 -0.3898	 -2.7456	 -1.4753
-17.3523	+25.2494	-36.0134	 -0.5740	 -1.0569	 +0.6100
 -5.4100	-11.2673	 -7.1821	 +4.8643	 +0.5319	 -1.6553
+19.8893	-14.2868	+14.9736	 -0.7572	 -2.8329	 +1.3234
 +2.0419	 -1.2702	 +5.5704	 +2.2984	 -3.8912	 -0.4690
+13.6698	 -9.3355	-12.9385	 -1.4481	 -0.1478	 +1.3431
 +0.2890	 -4.5904	+10.1344	 +1.3970	 +0.7125	 +2.0763
+11.3649	 -7.9612	 +4.9029	 -2.7279	 -1.5125	 +2.8057
 +0.1142	 -2.6790	 -2.6236	 +1.2377	 +1.3661	 +1.3304
-32.8248	 +3.8090	-37.1676	 +1.9016	 +2.2217	 -0.1752
+57.8048	 +6.7059	+20.8861	 +0.6484	 -1.9074	 -0.1741
 +1.5186	 +5.2573	 -0.0482	 +0.2456	 +1.4507	 -4.0975
-27.7729	-71.4487	+45.3484	 -1.2973	 +0.9397	 +0.9976
 +4.2659	 +7.7283	 -8.1708	 -0.6402	 +3.5814	 +0.2287
+19.5617	 +7.9513	 -2.2842	 +0.7791	 -0.9794	 -3.3351
 -6.2142	 -4.5079	 -1.0956	 +4.2586	 +2.4905	 -2.3463
 +1.2503	 -5.9170	+11.2208	 +1.3963	 +2.8304	 -0.6496
 -3.0026	 -5.9264	 +1.0351	 +6.1820	 +0.2316	 -1.5870
 +5.1800	 -3.7015	 -1.1946	 -4.7854	 +1.7237	 -0.6212
 -7.7920	+12.6971	 -6.4217	 +0.3430	 -0.2452	 -0.9187
 +5.9835	 -0.7893	 -7.4792	 +1.7111	 -3.8427	 -1.8602
 -8.9121	 -3.1540	-17.7694	 -1.3902	 +1.6718	 +0.7880
 +0.5053	 +8.2246	-13.3670	 +3.2833	 -0.0097	 -3.2034
 +9.1513	 +2.3488	+28.3693	 -2.7402	 +1.1761	 +1.0849
 -7.2014	 +3.8036	 -8.4990	 +1.2596	 -1.6859	 +3.5216
 -6.5993	 +3.3077	 -0.3811	 -0.1162	 +0.2170	 -1.0694
 +2.6207	 -0.1902	 -5.4133	 -3.3013	 +3.7226	 +1.8251
-20.3469	 +2.4049	+10.2276	 +3.4283	 -2.3574	 -1.1326
 +7.1459	 +1.3100	 -2.3651	 -2.6961	 +1.4755	 +0.0823
+14.9889	 +7.8366	 +4.8706	 -0.3753	 +1.6980	 +0.0311
 -8.6285	 -4.1726	 -6.8914	 +1.4444	 -1.2994	 +3.7515
 +3.8999	 -2.2824	 +3.9136	 -4.5466	 -1.3970	 +3.0181
 -4.0946	 -2.7389	 +2.9380	 +0.9830	 +0.7824	 -2.6575
-16.2347	 -1.1599	-17.1410	 -0.0927	 -2.8860	 +2.2025
 -0.7025	 -1.6054	 -4.5188	 -3.4519	 +0.5388	 -0.7407
 +2.0389	 -3.4343	-14.2654	 +2.9670	 -1.7018	 -0.2321
-15.8292	 +2.4612	-14.3582	 -0.2445	 -1.0791	 -2.5378
 +1.9458	 +1.1354	 -3.8723	 +1.1363	 -0.0899	 +1.7267
 -3.6129	 +1.6273	 -6.9904	 -0.8773	 -0.2116	 -5.8296
+29.7585	-13.2077	+25.4635	 -0.4859	 -0.4531	 -0.4033
 -5.3158	 -1.6745	 +3.9192	 -1.1179	 +2.2546	 -0.5653
+54.8949	+26.0547	-26.0976	 -1.8583	 +1.0004	 -0.1858
-13.6329	-13.8168	 +3.2915	 -3.2916	 +1.2894	 -2.1978
 -7.6243	-24.7351	-10.6596	 +1.5122	 +0.9540	 +1.3397
 -1.0922	 -6.0345	 -3.5058	 +1.7042	 -2.6804	 +1.4797
 -2.1695	 -2.9930	 +2.1045	 -0.3049	 -4.8425	 +0.5823
 -0.2539	 +3.7015	 -2.3829	 -4.0410	 +1.8226	 -2.2545
 +4.1378	 +2.2654	 -9.2365	 -1.2491	 +4.0184	 +0.5671
 +6.4482	 +4.2927	 +5.6634	 +0.9423	 -0.0708	 -0.4142
+15.1515	+18.7177	-21.1150	 -0.5088	 +1.4082	 -1.5678
 +7.9618	 -1.2702	 +4.5200	 +2.7877	 +2.8087	 -4.0970
 +2.3167	 -1.6729	 +2.0854	 +1.4183	 -2.2734	 -2.1545
 +1.2971	 +4.1472	-11.2957	 +0.2014	 +1.5435	 +1.0525
 +1.1809	 -2.0252	 -5.1518	 +1.1638	 +1.5054	 -1.9443
 -7.5496	 -7.8884	 +0.3452	 -4.3319	 -1.8298	 -2.1038
 -5.4051	 +4.1688	-11.1961	 +1.0996	 +1.4251	 -1.3714
 -3.6477	 -9.3256	 +4.5506	 -1.7127	 -4.8695	 +2.4487
 -0.0986	 -1.4250	 -8.4405	 +2.5214	 -0.3354	 -0.9286
 +0.3116	+25.3899	-29.6527	 -1.5747	 -0.5485	 -2.1379
 +2.3214	 -5.2156	 +4.6695	 +0.2457	 +1.7765	 +4.1926
 -1.0437	+10.1828	 -0.9395	 +2.0780	 -0.3698	 +1.4927
 +6.2799	 +2.2305	 +0.4446	 -0.0352	 +1.9060	 -0.2705
 +9.3662	 +3.5592	 +5.2960	 -2.2184	 +3.6524	 +0.7811
+32.2493	-101.3353	-36.9003	 -1.3215	 +0.1751	 +0.9589
 -7.4811	 +8.2400	 -2.7074	 -0.4378	 +3.5251	 +2.4856
-10.1905	 -7.2469	-11.4625	 +1.9726	 +3.1268	 -0.1983
 -7.6428	-22.5310	-22.2799	 -1.5970	 -1.0086	 +2.4592
+26.9133	 +4.0451	 +6.7748	 -0.7547	 +1.4246	 -1.6079
 -2.1013	 +6.5503	 -3.6314	 -1.5641	 -0.2927	 +3.0529
 -3.3238	 +1.1371	 -0.5587	 -4.7341	 +4.5539	 +0.9573
-19.1353	 -4.7199	 +0.7102	 +0.8696	 -1.1248	 +1.6049
 -2.0323	 -0.0933	 +0.7389	 +3.0497	 -3.7388	 +0.4281
 -6.6256	 -2.5665	 +3.4121	 -0.8723	 +0.0176	 -0.2013
-13.0466	+20.9273	 -8.5626	 -3.1681	 -0.6102	 +2.8940
 +6.2450	+49.0099	-36.4466	 -2.0309	 +0.9510	 +1.0707
 -7.1287	 +0.5960	 -4.6806	 +4.8335	 +1.5560	 +1.3647
+10.8996	 +6.5059	 -5.2429	 +2.0214	 -2.0048	 -0.7399
 +0.1083	-10.4173	 +3.6079	 -2.3507	 -1.5263	 -1.3090
 +4.9143	 +1.5743	 -5.5563	 -1.4409	 +3.5044	 -1.9754
 +9.1317	 +0.9632	 -2.4578	 -4.7599	 -0.2862	 -3.0458
+20.5359	-11.3019	-17.7906	 -0.2906	 -0.2506	 -1.4835
+119.3083	 +4.9598	-43.9488	 +0.3357	 +0.1500	 +0.6797
+17.8563	+14.2839	 -4.6535	 +0.7845	 -1.1827	 -3.9781
 +3.0688	 -7.8911	 +2.7346	 +2.2264	 -0.2119	 -0.5117
 +7.2921	 +1.7373	 +2.2505	 -2.4591	 -1.9594	 +1.8440
 +5.2689	 -8.3069	 -0.0628	 -0.8331	 +0.1143	 -1.4730
+33.6956	-32.8123	 -5.8091	 -0.7310	 -0.0104	 -0.5828
 +0.6526	 +1.6338	 -2.6108	 +3.1787	 +4.9568	 +1.3666
-13.7291	 -9.4612	 -1.4163	 -1.7622	 +0.2643	 -2.4107
 +2.2331	 -3.3232	 +1.0723	 +2.4979	 +1.9690	 -4.0808
 +1.1367	 -4.8606	-10.3299	 +1.5138	 -0.4039	 -3.0314
 -3.8123	 +0.2609	 +2.0804	 +2.7022	 -1.2193	 +0.0236
 -4.2991	 -0.7891	 -7.1472	 +3.3189	 +1.8494	 +1.5489
 +1.7563	 +1.8435	 +3.5653	 -0.3747	 -4.3941	 -3.0897
 +7.0674	 +7.2835	 +2.1643	 +0.4762	 -1.2856	 -1.3854
-11.5899	 +6.6671	 +4.2294	 -0.7578	 -0.5003	 -1.0135
 -6.1960	 +4.3062	 -4.8766	 -0.5244	 -0.3980	 -1.3199
 +2.3387	 +8.6780	 -2.0680	 +1.1495	 +1.7642	 -1.1040
+10.6206	 +5.2544	-11.7211	 +1.1898	 +0.6751	 +1.7852
 -3.8554	 -7.3327	 -4.5926	 +0.3392	 +2.5076	 +2.3183
 -4.1298	 -7.7111	 -9.3369	 -1.0933	 -2.2396	 +3.6860
 -5.9647	 -3.9620	 +8.2031	 +0.4679	 +3.0686	 -1.0456
 +2.3499	 -8.5462	 +1.0403	 +0.7366	 -4.2831	 -1.9120
 -2.1561	 -6.4354	+17.1659	 +1.9204	 -3.4611	 +1.2821
 +5.0370	 +2.3568	 -5.7035	 +2.1511	 +3.2659	 +1.4274
 -2.4336	 -2.3351	 +0.7887	 +2.3321	 -0.1698	 -1.3821
-47.4292	 +8.7929	 -0.5404	 -2.1813	 -1.4955	 +0.4313
 +3.7018	 +4.2448	 +3.3842	 +0.1908	 -1.0101	 +2.5204
 -0.2893	 -3.1139	 +2.9319	 +2.2132	 +6.1602	 -0.4593
 +9.4196	 -6.2953	 -3.9804	 +3.5040	 -2.3763	 +0.2366
 -6.1842	 -5.2855	 -3.0723	 -1.3697	 -3.1850	 +1.9408
-16.3984	 +6.5472	 +1.3480	 -0.2436	 +1.7843	 +1.1766
-32.0806	-10.0872	+42.2381	 +0.1737	 +1.0852	 -0.3890
 +3.9413	 +0.4428	 -0.1740	 -5.0904	 -0.1109	 +4.1440
 +0.2271	-10.1697	 +7.2778	 -2.2282	 +0.5210	 -1.6931
-40.5940	-31.7684	-25.0001	 +1.5160	 +0.2932	 +1.4488
-20.5723	+19.1382	 +4.2687	 +1.5341	 +2.4979	 +0.8516
-13.8750	 +4.9055	-11.4972	 +0.7369	 -4.1636	 +1.0416
 +8.2012	 -4.7270	 +2.3332	 +1.9485	 -1.7594	 -0.2035
 -4.3900	 -1.1666	 -5.3526	 +4.2497	 -4.3657	 +0.0727
+1870.9124	-30.4454	+790.1632	 +0.2213	 -0.2337	 +0.0662
 -6.2023	 +3.5853	 +7.0768	 -0.0485	 +0.5713	 -1.2673
 -5.6592	 -6.4809	 -2.0535	 +5.2201	 +0.0528	 -1.1971
 -0.1708	 +1.8007	 +1.2771	 -1.2428	 +1.2799	 +6.1386
+26.4817	-16.2899	-15.3459	 -0.8612	 -0.1137	 +1.3881
 -6.4408	 -6.9152	 +0.1068	 +1.6367	 +2.9750	 +2.5433
-54.3996	-46.4190	-68.9239	 -0.9277	 -1.3561	 -0.3352
 +4.6643	-14.1078	-24.2213	 -0.0038	 +3.4651	 +0.8031
+21.9110	 +2.9358	+23.5700	 -1.9680	 +2.1331	 -1.3609
+18.9771	-27.9147	 +9.5739	 +1.2226	 +0.3214	 +0.4881
 -9.5309	 -1.8905	 -6.7118	 +0.2414	 +0.0940	 -0.2101
+12.1859	+28.2640	-10.0492	 +1.6523	 -2.1837	 +0.3691
 -9.2512	+20.7639	 +3.4722	 -0.2182	 +0.6660	 -0.0491
 +3.3766	 -4.9135	 +0.5043	 +2.3806	 -2.9415	 -0.6755
 -0.7902	 +9.6539	 +6.6013	 +0.9428	 +1.3772	 +0.1629
 -0.5130	 +4.4860	 -4.6882	 +0.0497	 -3.5954	 -5.5148
 -4.5404	 -2.6024	+13.3964	 +0.6006	 -1.2054	 +0.8341
 -0.1013	 -4.2303	 -6.4527	 +3.2205	 +1.1461	 -1.9564
 +4.9052	 -1.4605	 -9.0893	 +2.4033	 +1.2609	 +2.9121
 -0.4805	 -2.6489	 +6.2557	 +3.4503	 -3.7007	 +0.5769
 -5.9233	 -2.0316	 -2.6070	 +3.3065	 +1.7433	 +1.4068
+22.6615	+14.8468	-25.2267	 -2.5107	 +0.1992	 +0.8057
 -2.6250	 +3.4923	 -4.0506	 +2.7768	 +3.4134	 +3.0655
 -0.9502	 +1.2895	 -3.2488	 -3.1505	 -1.3204	 +1.9228
 -0.9160	+12.8149	+14.7985	 +0.1563	 +2.7136	 -3.4217
 +3.8661	 -5.2860	 -6.7031	 -2.0809	 +2.1946	 +0.6230
-11.8061	 -2.3491	 -1.3208	 +1.0756	 +0.2640	 +1.3166
 -9.8110	 +7.1839	 -5.1951	 +1.1532	 -0.3640	 +1.9491
-12.1114	 +3.1269	 -4.2293	 -2.7663	 -2.3955	 +0.8975
+11.0816	-11.4770	 +0.8361	 +0.5217	 -0.5923	 -0.5505
 -2.0946	 +8.1747	 +6.5949	 +1.5761	 -0.8663	 -1.9383
 -6.9104	 -2.3933	 +1.3270	 +1.9520	 +2.4144	 -0.5737
-12.8817	 +7.9962	-17.4829	 -3.2666	 +0.6234	 +1.3210
-21.5951	 -3.8913	 +8.2073	 -2.7916	 -1.0865	 -2.3433
 -8.6364	 +4.0679	+11.8451	 +0.0227	 +1.2274	 -0.0054
-135.1220	-40.9991	+70.7725	 +0.6328	 -0.9605	 +0.7106
 -1.6382	 +0.1610	 +1.4362	 -1.1761	 -1.2784	 -0.9533
 +3.5440	 -7.1191	 +0.3447	 -3.7900	 -1.1451	 -1.5866
-11.2062	 -1.3826	 +4.9136	 +3.1671	 -2.9490	 +1.2023
 -7.4236	 +1.8522	 +3.7537	 +0.4728	 +2.7288	 -4.7918
-10.3954	 +9.8086	-15.0312	 -2.2813	 +1.3946	 -0.2929
 +7.5856	 -3.7230	 +2.1423	 -0.0647	 +4.6605	 +1.3221
 -5.8419	 -1.6049	-12.1441	 +0.0723	 -2.6970	 -2.3896
-114.2250	-103.9434	+101.7055	 +0.3665	 -0.2853	 -0.0924
-21.0002	+30.2437	+26.4987	 +1.9144	 +1.6638	 -1.2289
-17.8997	-27.1918	 +4.1552	 -1.8295	 -0.0307	 +2.4680
-30.8638	+10.1447	-20.1137	 +1.1963	 -0.2418	 -2.8441
-10.2055	-23.8891	 -6.4531	 -2.3509	 -0.4780	 -0.7901
 +0.0516	 -0.1848	 -1.4431	 +2.3549	 -1.7174	 -3.0307
 -3.6491	 +0.3488	 -1.2016	 -0.9000	 -1.4537	 +3.1689
-10.3853	 +2.6207	 -1.8616	 +2.8925	 +2.1299	 -1.9487
 +6.0348	 -7.9445	 +8.3662	 -0.3863	 +0.1271	 -1.9913
-23.5787	 -6.4376	 +3.5715	 -0.7200	 +0.5102	 -1.2198
-17.6855	 -6.8156	 +9.7894	 +0.5982	 -3.3465	 -0.4312
+23.1411	-98.6894	+22.2581	 -0.9470	 +1.1679	 -1.1664
 -7.6230	 +1.3451	 -4.3306	 -3.5472	 +2.4380	 +3.9206
 -1.1775	 -2.5535	 -7.3204	 +1.4766	 +0.0760	 -0.4513
 -4.0792	 -3.6694	 -1.5591	 +2.5796	 +0.4129	 -1.9135
 -2.8039	 +3.1755	-13.0993	 +0.5381	 -2.7243	 +1.1736
 -2.2274	 +3.8408	 -9.9683	 -2.7141	 +3.1389	 -0.5608
 -9.6354	+13.8684	+18.1279	 -0.0159	 -2.3523	 +0.5060
 +8.3479	 -1.9545	+21.8531	 -0.4690	 -0.6043	 -1.0082
 -4.8231	 +8.2884	+11.0362	 +2.6871	 +1.7690	 -4.4344
 -1.2752	 +4.1133	 -2.8028	 -2.7792	 -1.5785	 -0.1124
 +8.7209	 -3.4708	 +0.1507	 +3.0775	 -2.7311	 +2.1446
 -4.6247	 -1.7536	 +4.2460	 -0.7850	 -4.2258	 -2.3516
 +2.5217	 -0.0563	 -5.8109	 -0.1585	 +0.7888	 +0.5210
-13.2814	-22.9521	 -6.7665	 -0.8337	 +3.7696	 +1.2605
 -0.9952	 -4.9301	 +3.2705	 -1.1966	 +0.6932	 -6.4372
 -4.8496	 +2.3465	-14.9306	 +0.2048	 -0.7420	 +0.9713
 +0.4050	 -5.3355	 -2.7937	 +2.1512	 +2.1088	 -2.1765
 -4.2645	 +8.8627	 +2.5663	 +0.9502	 +2.3866	 +0.6931
-156.6899	-52.0442	+202.0685	 +0.5180	 -0.6834	 +0.2406
 +2.7564	 -3.6874	 +1.0049	 -0.1232	 -0.7728	 +0.5595
 +4.6424	 -6.9639	 -7.6922	 +2.5625	 -1.7610	 +0.5943
+12.2752	 +2.7850	 -5.1333	 -0.3295	 +0.7728	 +2.1973
 +1.8372	 +2.8728	-10.9746	 +0.8825	 +4.8082	 -0.7985
 -2.5135	 +1.3915	 +7.9273	 +0.1876	 +0.1769	 -1.9851
+32.5918	+37.5936	 +0.0770	 -0.7289	 +1.8885	 -1.9289
 -6.8527	 +4.1390	 +8.9880	 +1.7205	 +1.0784	 -2.3752
 +1.5711	 -7.6688	 +8.5021	 +3.7237	 +0.0938	 -0.9088
-13.1048	 +3.0258	-20.8540	 +2.7341	 +0.7092	 +0.0849
 +1.3499	 +9.9358	 -8.9766	 +0.5665	 -0.7176	 -1.4854
 -4.2027	 +3.4069	 +3.8758	 -2.7140	 -1.0265	 -0.4141
 +2.4953	 +9.3994	 +4.1376	 -2.8329	 +0.1854	 +0.0458
 -0.3910	 +1.1750	 -5.4321	 +0.6137	 +0.6003	 -1.4075
 -9.2167	 -5.4154	 -9.5260	 +1.0802	 -1.6139	 -0.4853
 -3.5162	 -6.5236	 +9.7829	 -0.1943	 -0.5152	 +0.2163
+11.6676	 -2.0946	 -0.2892	 -1.4096	 -0.4759	 +2.8816
 -3.7315	 +0.8010	 -1.6087	 -3.0222	 +2.2161	 +0.3168
 -4.0954	 -3.1852	 -6.2935	 +1.4593	 -1.7072	 +1.9652
 +6.3630	 -0.4599	-10.5592	 +0.1925	 +1.2909	 -0.5770
 +0.5417	 +1.4498	 -5.2317	 -0.0222	 +0.4977	 -2.1051
-16.6934	-15.4525	+13.5024	 +1.2212	 +1.2067	 +3.9093
 +1.2403	 -0.1086	 +1.8749	 +0.1466	 +0.7668	 -0.5818
+12.9571	 -6.7410	 -5.0619	 -0.4718	 -2.4660	 +0.9460
 -6.3510	-10.1848	 -7.2175	 -2.2244	 +0.1951	 +1.8521
-16.5517	 +0.8318	 +8.9060	 +2.4266	 +1.0480	 -1.6888
 -1.7641	 -7.2009	 -2.3107	 +4.0304	 -1.8183	 +2.1585
 +5.4052	 -3.4365	 -9.3537	 +3.7759	 -3.2129	 +1.9778
 -6.0742	 +4.4968	 -1.2896	 +0.0519	 +3.3934	 -2.0100
-15.0834	+27.3495	-42.5803	 +0.5391	 +0.3856	 -1.3126
 +8.6101	-12.5780	-51.1792	 -0.0662	 +0.9740	 +0.3562
 +0.2771	 -3.0492	 -5.7546	 +4.0842	 -0.6384	 +0.4645
-15.3756	 +2.1888	 -7.5180	 -2.4541	 -2.5805	 -2.1249
 +0.4104	 -0.4641	 +1.7239	 -2.6029	 +2.3226	 +1.6704
-12.9574	-15.8345	 -6.0811	 +0.8651	 +2.9837	 +0.0806
-19.8008	-71.9957	 -2.7700	 +1.2484	 +0.7263	 -0.6947
 +0.5299	 +2.3510	 +7.3531	 -1.5222	 -3.0335	 +2.3104
 +1.0742	 +6.7739	 -6.5024	 +3.2457	 -2.6404	 +1.9431
+19.2532	 -7.1483	 -1.8070	 -1.0482	 +1.3329	 -4.2996
 -8.4482	+10.1362	-14.8007	 +3.3727	 +0.1199	 +2.7574
 -6.2646	 +4.0864	-19.2625	 +1.7605	 -0.9644	 -0.2021
-12.3953	 -1.4586	 -8.9713	 +1.5057	 +1.5973	 -0.9376
 -3.0610	 +0.9648	 -1.6610	 -4.5712	 +4.4828	 +0.7733
 +0.2315	 -3.1179	 -4.1489	 +4.2042	 +4.3151	 +1.2297
 -1.7468	 +1.5614	 -3.4428	 -4.7540	 -0.6551	 +1.9202
 -6.8937	-22.3712	-15.4699	 -0.7193	 -0.3826	 +2.2633
 -5.2077	 +2.2407	 +0.1826	 +2.4495	 +2.1516	 +2.2495
 +4.4089	+16.8406	 +7.9177	 +0.2997	 -2.4595	 -0.9722
-58.6886	 -5.2661	 -9.8349	 +0.1820	 +1.2521	 -1.0805
 -4.4703	 +0.3313	 -0.4776	 +0.6801	 +1.7010	 +2.9741
 -2.7035	 -1.5843	 -7.3558	 +3.5421	 +2.4978	 -2.1506
 +5.2752	 -8.5342	 -3.5100	 +1.8130	 +2.9537	 -0.3091
 +1.1679	 +1.3177	 -5.7361	 +1.8484	 -3.2232	 -2.0466
 -4.9486	 -6.0390	-12.2552	 +3.1991	 +1.8422	 -3.8201
 +0.4754	-12.6311	-25.9536	 +0.5791	 +1.8736	 +1.7303
 -8.5315	 +6.9897	 -1.4377	 -0.8741	 +0.6956	 +5.5979
 -8.7401	 +1.8747	-11.2547	 +3.9153	 -0.0678	 -3.0214
 +8.6315	 +1.7075	 -2.8247	 +3.5922	 -2.2903	 -1.1769
 +3.2341	-30.1075	-19.6821	 -0.6564	 +0.3649	 -1.1504
-10.0660	+19.4905	 -1.7693	 -1.3352	 +1.0437	 +2.3958
 -4.8473	 -1.2915	 -3.3432	 +0.2149	 +2.3217	 +2.2539
 +2.0600	 +4.1411	 +5.3259	 -1.3129	 -3.9704	 +0.9575
 -7.2365	 -7.3663	 +5.7946	 -0.2803	 -3.1713	 +2.5790
 -2.9545	 +8.6445	 -3.8312	 +0.7926	 -3.2055	 -3.4419
 +5.1629	 -2.7036	 +6.5765	 -2.1535	 +2.0555	 -1.3227
 +5.2590	 +1.6802	-11.0285	 -4.7370	 -1.1068	 -0.8497
 -1.2777	 +5.9662	 +3.0388	 +1.6674	 +3.9384	 +2.6994
+33.7345	 +6.6617	 +3.6619	 +1.1653	 -0.0341	 +0.8295
-23.9949	+12.5548	 -0.3466	 +0.5496	 +0.3545	 +1.8520
 -4.4637	 -3.8780	 -8.8473	 +0.2249	 -1.2648	 +0.9015
 +5.6629	-19.4471	-18.3118	 -0.8567	 -2.7037	 -2.1345
 +6.6063	-14.1813	 -2.8214	 -0.4430	 +2.7513	 -2.3869
 +9.9861	 +9.8803	 -2.9310	 +1.1552	 -1.0520	 -2.2496
-35.2988	 +7.9116	 -3.9067	 +2.2905	 -0.0709	 +3.3121
 +5.0061	 +2.2285	 -0.0637	 +0.3338	 +4.1306	 -0.3307
 +8.2676	 +8.3707	 +5.4114	 +0.4437	 -2.5793	 +0.4890
 -5.5900	 +6.0655	 -1.8511	 +4.1086	 +1.4514	 +3.0821
-12.3183	 -9.8001	 +7.3166	 -0.7765	 -2.1577	 +1.8889
 -9.9209	 +0.6129	 +1.4714	 -0.3762	 -4.1996	 -0.3801
 -0.2377	-11.8078	 -7.0967	 +2.9435	 -2.5559	 -1.9152
 -1.1197	+14.5798	 -3.2403	 +3.7749	 +1.9792	 +1.6724
+15.5872	+13.4935	-15.6170	 +2.8457	 -1.4433	 -0.1657
-18.6080	 -6.9776	+14.3560	 -0.8239	 +2.7350	 +2.6067
+30.9156	 -6.9363	+67.1667	 -0.0445	 -1.8433	 +0.6768
 +8.8516	 +7.2736	 +5.1811	 +2.2807	 -0.5232	 -0.2304
 -2.0171	-14.2025	 -3.0951	 +2.7228	 +0.4645	 -2.0360
 +2.2784	 +0.2373	 +3.2307	 +0.6631	 -1.2761	 -0.9822
-19.2615	+11.2636	-16.1715	 +1.2978	 -1.2050	 +0.5358
 -7.1454	 -4.9048	 -6.1162	 +2.8659	 +1.9507	 +1.8923
+23.1072	 +3.3221	 -2.7707	 +2.5496	 -0.4575	 -2.1501
-10.1833	-18.4132	 -4.9288	 -1.7667	 +1.6047	 +1.6475
-12.6246	+12.3977	-11.9832	 -2.3274	 +2.7213	 -2.6484
 -5.0282	-21.2033	 +8.2396	 -2.7003	 -1.4861	 +1.8897
 -1.6245	 +3.6817	 -2.4555	 -2.3109	 +1.8266	 +2.7396
 +9.3134	 +7.0638	 -9.8442	 +4.0083	 -1.2782	 -0.3583
 -1.3293	-20.1733	+14.1377	 +1.5528	 +0.2246	 +0.5323
 -0.2459	 -6.9796	 -6.5231	 +1.9255	 -1.6699	 +2.1607
 +2.5653	 -5.8905	 +2.4993	 -4.4406	 -0.4682	 -2.6923
 -9.8027	 -3.1960	 +2.0469	 -0.7960	 +0.7231	 -2.1104
 +1.4043	 +1.3597	 +1.8895	 -3.3478	 -4.6235	 -1.9027
 +4.6305	 -6.5622	-15.4260	 -1.4051	 -1.8133	 +0.1916
+10.4417	 +3.5504	+27.2188	 -0.1446	 -1.8106	 +1.3227
 -1.8053	 -7.2698	 -3.1948	 -3.7041	 -2.6838	 +0.9840
 -1.9458	+11.4296	 -1.3777	 +0.6561	 +2.0745	 +4.4185
 +4.5829	 +2.7164	 -3.6801	 +1.9183	 -0.4389	 -3.3053
-12.3213	 +2.1377	+15.2995	 +1.9605	 +0.0855	 -1.8027
 -2.7725	 -4.0218	 +3.3685	 -3.5611	 -0.4846	 +3.7248
 +3.2848	 -0.4585	 +1.1663	 +1.2277	 -0.7298	 -2.7433
+34.1833	 +9.0237	-19.2377	 -0.4311	 -1.1199	 -0.1560
 -3.7157	+12.1297	-25.8417	 -3.2386	 -0.1999	 -1.7249
 +3.2208	 +0.9750	 +1.7706	 -3.7444	 +1.3013	 -1.1389
 -1.5990	 -4.1602	-10.5310	 +3.8922	 -0.7529	 +0.0198
 -0.6412	 -3.8091	 -2.8880	 -0.3493	 +5.7927	 +1.1592
 -6.1159	 +3.4516	 -0.1918	 -1.1608	 +3.2802	 -3.6526
 +1.6478	+11.3285	 -2.8978	 -0.2185	 -2.8578	 +2.8161
+15.7044	+12.4137	 -1.2600	 -2.6089	 -1.7686	 -1.3869
+26.0183	 -0.7059	 +5.8712	 -1.7672	 +0.8464	 +0.6938
 -0.3627	 +1.7775	-10.3109	 -0.7083	 -1.0524	 -2.2671
-11.5010	 +1.3081	 -0.9070	 -3.2877	 -0.8328	 -2.5000
 -0.6934	 +0.8050	 -5.0172	 +1.9213	 +0.5019	 +0.6310
 -3.0370	+13.3783	 -3.0768	 +1.9091	 -2.1109	 +1.8511
+18.1235	-63.8178	-33.8675	 -0.4118	 +0.8507	 +0.6610
 +2.0442	+11.4015	 +6.8117	 -0.2845	 -2.7861	 +3.0182
 +0.5792	 -3.2242	 -4.3534	 +2.4225	 -0.0590	 -2.0718
 -8.0103	 +3.4546	-10.9777	 +1.2176	 -0.2660	 -1.1475
+11.6015	+18.5806	+30.0355	 -0.9443	 +0.1599	 -0.8245
 -0.8507	 +1.6184	 -0.2173	 +3.3422	 -5.8067	 -0.8225
 +1.2031	 -3.7488	 +5.7948	 -2.4504	 +2.7848	 -1.7186
+16.5823	-19.8028	+23.2486	 -0.5953	 +1.1157	 -1.9034
 +2.5476	 -6.3279	 +0.2884	 -2.2864	 -2.2186	 +1.7288
-72.5363	-58.5473	+27.6616	 +0.5187	 +1.2222	 +0.5354
-14.5505	 -4.0299	-12.6991	 +1.9007	 -0.6362	 +0.0944
+61.1942	+43.6911	+42.0217	 -1.1973	 -1.2372	 -0.3203
 -4.7136	+11.3906	 -9.0113	 -1.6856	 -1.9164	 +2.7325
+10.0759	 -5.0952	 +0.2620	 -0.0153	 -2.4689	 +0.4710
-109.1209	+51.1252	-21.8390	 -0.5522	 +0.7859	 +0.2625
 +5.1685	 -4.2477	-15.9408	 -3.1633	 -0.1156	 +1.0362
 +5.5951	+11.0265	 +4.5310	 +2.1092	 +0.3920	 -0.4054
 +4.3144	 +0.5909	 -1.4167	 +2.3769	 +0.7606	 -4.0376
 -2.7767	 +0.2869	 -4.2195	 +1.0901	 +3.5274	 -2.9418
 +0.9930	 -3.8552	 +2.0187	 -1.8650	 +0.2002	 -1.5121
 -8.9608	 +5.9590	 -2.7091	 +1.0056	 +4.7977	 -2.1031
 -3.2419	 -0.9855	 +0.0503	 +4.3535	 +3.6349	 +0.5108
 -8.0140	 +4.8217	 -1.7608	 +1.7009	 -4.1033	 +1.2061
 -5.8059	 +7.5659	-12.0629	 -0.8215	 +5.3899	 -0.6620
 +6.0848	+11.3640	-12.0381	 +0.0849	 -0.2735	 +1.0008
 +0.9288	 -1.1189	 +1.0146	 -0.5726	 +2.3000	 -1.1442
 +2.6826	 -4.3205	 -1.7353	 +2.1056	 +1.2799	 -3.1199
 +2.0877	 +3.5099	 -4.8160	 +3.7111	 -1.3044	 +3.1790
-32.5869	+10.2385	+12.1862	 -1.5192	 +1.1007	 +0.6268
 -8.5869	 -6.1669	 +3.0663	 +2.1153	 +4.1285	 +3.3908
 -1.1864	 -9.5598	 +7.0977	 -1.4555	 -5.2929	 +2.7202
-15.5083	 -3.5510	 +1.0263	 +0.6525	 -1.0659	 +4.2371
 -0.2612	 +0.3329	 -4.4652	 -2.0993	 +1.2688	 -3.2426
+10.5925	+14.8487	-20.1259	 -1.0210	 +1.2510	 -2.8221
 -1.7794	 +8.7183	 -7.4314	 +3.6995	 -0.6876	 -1.0359
-10.1668	 +1.4900	-13.7009	 +0.5909	 +0.9103	 -1.8259
 +2.6198	+12.9650	 -2.1709	 +0.7057	 -1.7911	 +1.5357
 +3.7186	 +0.5732	 +4.9110	 +1.2170	 -4.3440	 -1.3159
 -7.6787	 +3.8198	 +6.1939	 -1.1271	 +0.2022	 +1.3347
-14.4542	 -3.5117	+16.2640	 -0.8294	 +1.2774	 -0.6832
-42.5283	 +9.4267	 +3.8470	 -2.5183	 +1.5350	 +0.8455
 +0.2365	 +2.8741	 -2.3084	 -0.4566	 +1.3934	 +0.9513
-25.9215	 +7.5222	 +8.8497	 -1.3267	 +4.7024	 +0.3296
 -9.6704	-11.4307	 +7.3888	 +0.5535	 +0.3374	 -0.5029
 -2.1090	 +0.7840	 -1.5789	 -4.6852	 -3.5103	 -2.8392
 -4.8032	 -0.1022	 +2.3291	 +0.0415	 -0.8953	 +1.5214
-16.4456	-51.3005	+31.7608	 +1.8800	 -0.0214	 +0.8980
 -1.9355	 +9.6435	 +1.5293	 -2.0523	 -0.3184	 -1.3660
 -3.3812	 +0.7245	 -7.6637	 +4.5438	 -0.0375	 +0.5200
 +2.6729	+16.1088	+13.5777	 -1.7974	 +0.5265	 +2.2659
 +4.9174	+13.7482	+16.2006	 +0.5180	 +2.0684	 +1.0223
 -0.3088	 +5.1922	 -3.1499	 -0.4475	 +2.6438	 -3.7022
 -5.4722	 +5.9846	 -0.8167	 +0.6457	 +2.2590	 -0.5880
 -1.4433	 -1.9278	 -7.5654	 -1.7437	 -0.9335	 +2.8677
 -2.7359	 +2.5107	 -1.6508	 -0.4832	 +1.5795	 -1.7078
+10.0516	-10.5566	 +2.9689	 +1.4057	 -3.2374	 -0.6043
 -2.3576	 -1.2799	 +0.4112	 +0.6175	 +2.6468	 -3.8896
 -3.4655	+22.1441	 -1.2649	 +1.7859	 +0.0915	 +2.7197
 -5.9240	 -3.1181	 +0.5880	 -1.4990	 -3.9102	 +1.6567
 -5.6439	 +3.0485	 -1.5029	 -0.2528	 -0.4189	 +1.8594
+18.9922	+15.1530	 -3.0935	 +0.7594	 -1.9346	 +0.3130
-12.8142	 -2.1702	-11.0727	 +2.0857	 +0.1275	 -1.2205
 -1.4952	 -0.9728	+13.4509	 -1.2579	 -1.3205	 -2.3493
 +2.2006	 +1.4873	 -1.3777	 +1.2811	 +0.6764	 +2.3107
+10.6572	 +7.6215	 +4.9305	 -1.6974	 +3.5960	 +0.0885
 +0.0018	 +4.6670	 +1.4546	 +5.9980	 -2.7042	 +0.9141
 -5.8567	+11.1745	 -4.9377	 +2.2549	 -1.3686	 -1.0770
 +4.8130	+14.5143	-17.9710	 -0.2273	 +1.6158	 +1.1248
+10.7040	 +1.4070	 -5.6888	 +1.5008	 -3.6644	 +0.1730
-11.4213	 +0.2023	 -1.8699	 +0.5923	 +2.3639	 -0.4400
 +0.3773	 +7.2563	 -8.4434	 -0.6088	 -2.4217	 +0.5221
-11.5381	 +3.7920	 +8.7488	 -2.7883	 -0.0715	 +2.2203
 +8.5290	 -9.6928	+35.1846	 -1.0068	 +0.7776	 +2.1368
 -2.8278	 -6.8280	 -0.7919	 -0.5136	 -2.9647	 -3.0494
-16.2229	 +4.5766	 +0.7959	 -0.2558	 +3.8168	 -0.0027
 +2.7891	 +0.5779	 -1.9798	 +2.0428	 +0.5293	 +0.2581
+17.5316	 -9.7240	 +8.9573	 +0.0547	 +0.5512	 -0.5874
 -2.7112	 -5.2547	 -0.3923	 +3.0696	 -2.8474	 -0.6562
 -0.2985	 -5.6444	-10.2814	 +0.9535	 +5.7292	 -2.4023
 -1.9858	 -2.1286	-12.3544	 -3.1078	 -2.3291	 +0.8661
-23.5581	 +5.9245	-39.8906	 +1.0110	 -1.0933	 -1.2218
+15.4217	+17.2016	+29.3124	 -1.0069	 -0.8338	 +0.8648
 +4.9216	 -2.6118	 -1.6923	 +0.5423	 +0.6101	 +1.0524
 +2.9773	 +7.9936	 +2.7965	 -1.7879	 -1.0905	 -2.0547
 -5.2354	 +7.8702	+24.9728	 -1.2230	 +0.8047	 -2.5225
 -9.7051	 -3.2354	-10.5084	 +2.0817	 -1.9116	 -0.6172
 +1.9302	 +2.7103	 +0.9641	 -4.7221	 -0.3933	 +0.4822
 -7.9867	+14.5809	+13.0322	 -1.7360	 +1.3143	 +0.1240
 +3.6389	 -8.9645	-10.5094	 +0.5945	 +0.8525	 -2.0525
 -5.4715	 -1.9954	 +5.7136	 +1.7494	 -5.0697	 +1.0391
 -0.5679	 -2.5380	 -4.5386	 -2.7878	 -2.7437	 -0.7795
 -5.4970	 +4.6608	-11.8815	 +3.2338	 -1.1811	 -0.1931
-19.9754	 -0.9467	-17.2374	 +2.3977	 +2.3116	 +0.9031
-13.0434	 -6.8889	 -3.0806	 +0.6362	 +0.2010	 +3.1660
 +4.1827	 -1.0929	 -2.8154	 +1.3562	 -0.6097	 -2.5446
 -5.1431	 -4.2251	 -0.7867	 -0.6573	 +2.1577	 -2.8966
 -3.2266	 +6.5503	 +3.2614	 +0.8010	 -3.8267	 -0.9783
 -2.0523	 +2.4541	 +1.8026	 +1.2358	 +1.8900	 -2.8898
+21.6243	-14.7916	 +3.7026	 +1.5687	 -0.3149	 +1.1937
-14.3435	+19.0748	 -7.1217	 -1.3006	 -0.0560	 -1.0656
-10.3410	 +4.6246	 +2.5534	 -1.9920	 -0.9937	 -1.8293
 +1.1053	 +6.2158	 -6.4032	 -1.0090	 -2.5519	 -3.9512
-12.9895	-11.6978	+10.3291	 -1.5078	 +1.1668	 +0.0973
 +6.6617	+11.0511	-21.3899	 +2.8111	 -0.7376	 +1.7385
 -6.6990	 -5.8396	 -0.5802	 +5.9776	 +1.4046	 -0.5955
+20.2100	-12.0185	-26.0111	 +0.2639	 -0.2104	 +1.8324
 +3.1557	 +0.4709	 -4.1827	 -4.0389	 -5.9857	 +0.2325
 -6.1419	 +1.4818	 -5.1677	 -1.7936	 -2.1871	 +2.7112
 -1.5421	 +0.1945	 +0.1716	 +1.1346	 -1.8914	 -3.0119
+23.1832	 +5.2457	 +0.0831	 +0.3956	 +1.8981	 -0.2286
 +7.4906	-12.2722	 -4.7572	 -3.3031	 -0.1863	 -4.2535
 -1.7159	 -6.3714	 +2.9432	 -4.3437	 -0.0544	 -4.8529
+20.6225	 -7.1739	 -6.5009	 +1.4110	 +0.7733	 +0.1017
-18.9728	 -2.4822	 -4.6083	 -1.3777	 -2.0532	 -0.4200
 -7.1963	 +6.2620	 +5.8606	 +2.1587	 +1.7266	 -0.8596
 -9.6176	 -4.2120	-10.0191	 +1.4158	 +2.0033	 -0.9108
-15.5281	 -3.0580	 -1.4513	 +0.2909	 -0.3824	 +0.9041
-17.1124	 -3.9618	 -8.0403	 -1.6228	 +1.5166	 -3.0540
-23.7351	 -8.8723	 -5.7455	 -3.5323	 +2.4668	 +0.7645
 +2.3768	 -1.8234	 +6.3772	 -3.3166	 +2.5688	 -2.8952
 -0.4933	 +1.0664	 -3.2829	 -0.8065	 -4.3298	 +1.8677
 -2.9850	+16.7755	 +0.9278	 -1.0105	 +2.3650	 -2.5493
 +2.5211	+13.2989	 +2.8574	 +1.6005	 -3.0284	 +0.7840
-12.6844	+14.1802	-48.6838	 +0.0908	 +0.0571	 -0.3052
 +9.6898	 +5.6320	 -1.7391	 +2.3570	 +3.1187	 -0.4028
+12.5216	 +7.6816	-12.0526	 +2.4735	 -1.3346	 -2.5033
-14.2015	 -3.0658	 -1.7091	 +1.5850	 -0.1590	 +3.1718
 -7.3867	+15.3910	-20.9565	 +0.8544	 +2.7991	 +2.4503
 -0.0555	-13.8537	 -3.6615	 -0.9943	 +2.3715	 -1.7264
 -4.6303	 -1.7947	 +1.6109	 -0.6945	 -3.6875	 -1.2301
 +1.6186	 -1.8085	 -7.1839	 -5.7537	 -0.2657	 -0.1985
 +2.9328	 +0.5193	 +1.6786	 -2.4553	 +0.1799	 +1.8838
 -9.5163	-12.0149	 -1.0746	 -0.2714	 -2.2173	 -0.1554
 -1.8853	+25.0023	 -0.3101	 +2.8622	 +0.1405	 -2.7184
 +0.1211	 +2.5854	 -4.6432	 -0.4315	 -0.1380	 +0.8189
+10.2083	+10.0719	 +7.4207	 +0.7821	 +2.2033	 -1.1643
 -5.6455	-10.3501	 -5.0118	 +1.5055	 +1.8252	 +3.4178
 +3.0731	-10.4168	+17.7759	 -1.4667	 +0.6654	 +0.5443
 -3.8360	 -1.1708	 -8.6362	 +1.6631	 +0.6537	 -2.4808
 +3.4043	 +1.8134	 -8.8512	 +1.7309	 +1.0062	 +0.2428
 +6.4295	 +3.7204	 -0.2192	 -2.4309	 +0.9699	 -0.4179
 -1.7541	-18.3101	 +6.4093	 -2.4742	 +1.2727	 +0.5554
 -2.9407	 +5.1579	 -4.3661	 -1.8757	 +0.8208	 -0.7559
 +2.1213	 +0.3968	 -3.7905	 -1.4640	 -1.1670	 -1.1264
 -5.1538	 +1.1176	 -1.5603	 -1.7606	 +1.1064	 -3.3730
 -0.8318	 +7.2685	 +0.5591	 -0.2168	 -0.1435	 +0.6449
 -2.7322	 +2.9822	 -1.7180	 -3.2691	 -1.8638	 +2.4219
 +9.5136	 -2.5551	 +5.3199	 +1.7451	 +0.0715	 -1.1356
-13.4304	+21.7760	 -7.8867	 +0.8998	 -1.8571	 +0.8832
 -4.8885	-10.8640	-16.2715	 -0.4483	 +2.4867	 +0.7439
 +6.3764	 +1.7952	 -3.4179	 +0.2472	 -4.2665	 -1.1008
 -2.4733	 -0.7693	 -0.3641	 -2.8700	 -1.5600	 -0.8021
 -2.9622	 +6.4765	-10.0119	 +0.1410	 -2.1623	 +0.1140
-18.4295	 +2.0458	+17.2863	 -1.4096	 +0.1854	 -3.7667
 -0.8060	 +5.9401	 +1.5009	 -2.9210	 +1.6115	 +6.4689
 -0.4990	 -2.4538	 +1.4568	 +0.5669	 -0.9928	 -0.2271
 +1.3396	 +1.7926	 -1.9199	 +1.1405	 +1.1463	 -0.8856
 -0.4808	 +7.6612	 -2.6369	 +3.7695	 +2.6989	 +0.6793
 +0.4729	 -3.9580	 +4.2339	 -1.9574	 -1.7284	 -4.3192
+22.0979	 -5.6148	 +6.7275	 -2.3191	 -1.6761	 -3.0513
 -0.4611	 -0.7078	 +1.7254	 +0.5561	 +3.9078	 +0.7557
 -1.9119	-34.1108	+57.8407	 -0.3757	 -1.1939	 +0.5438
 +0.4836	 -3.5923	 +0.5824	 -0.0210	 -4.3911	 -0.3972
+38.8138	+36.0109	-30.7091	 -1.7123	 -1.1688	 +0.5520
 +2.1299	 +5.3367	 -4.8858	 -0.0555	 -2.2747	 +3.0003
 -1.0605	 +2.3198	 +2.5559	 -1.0267	 -2.9379	 -2.4687
+52.1273	 +1.7028	-45.5338	 -0.2622	 -0.1699	 +1.4705
-14.9962	-31.3614	+26.2126	 +2.5216	 -2.0630	 +1.6591
+104.1412	+59.1683	+16.2346	 +0.0624	 -0.7858	 -1.6056
 -0.9317	+31.3830	 +4.2187	 +2.8259	 -0.7848	 +0.6646
+22.8595	+67.0228	-34.0198	 +1.1787	 -0.3382	 -0.0007
 -8.9520	-10.0248	 +1.1514	 -0.1234	 +0.1248	 +2.2835
 -9.5334	+18.3180	 -3.7893	 -3.0018	 -0.9522	 +1.0752
 -5.6450	 +1.8971	 -9.6500	 -5.9398	 -0.3921	 +4.2329
+11.0940	+27.2371	-48.8390	 +0.7403	 +2.7112	 +0.1472
 +6.2600	-12.8506	+43.0706	 +1.5066	 +0.9156	 -0.9115
+24.2066	 +5.9478	 +2.0677	 -2.0698	 +1.5753	 +0.9348
 -4.6804	 -1.4355	 -6.9648	 +2.0691	 -4.1279	 -1.8924
 +5.2106	 -8.2849	 -5.8653	 -4.7803	 +1.4641	 +0.9964
 +6.4926	 -4.2487	 +0.8232	 +2.8955	 -1.2191	 -3.3653
 +0.8574	 -2.4471	 -6.8553	 -2.9244	 -2.1727	 +4.2558
-11.5277	-10.3113	 -6.8373	 -0.7127	 +1.2859	 +0.5830
 -5.6331	 -4.4132	 -3.1624	 +2.9601	 +2.1835	 -0.0279
 +1.4219	+24.9271	 +7.0130	 -1.1966	 -1.7264	 +0.8876
 +3.5711	 +3.4168	-15.4502	 +0.4184	 +3.5072	 -0.6492
 +9.2832	+15.1787	-25.8331	 -1.5139	 +0.2708	 -0.2576
 -3.2748	 +5.7896	 -1.4048	 -2.1905	 +5.6340	 -0.6089
+18.7427	-21.7803	-10.8057	 -0.9822	 +0.6688	 -1.0815
 -3.9463	 +1.3329	 +2.9739	 -1.3356	 +1.6195	 +0.6370
 -2.8375	 +3.3054	 +0.2633	 +1.1414	 +2.1561	 -2.9542
+12.9727	-19.2050	 +0.4426	 -0.6696	 +0.5718	 -0.3922
 +1.8938	 +4.6255	-15.9714	 +0.3986	 -2.3756	 +2.0705
 -1.6106	 -5.8027	 -3.1270	 -3.2967	 -1.1987	 +6.2466
 -1.3887	 +6.1977	 +4.5827	 +1.4187	 -0.2856	 -4.3919
 +1.6896	 -2.4808	 +7.4464	 +0.5439	 +0.6236	 -1.9797
-23.2899	+22.8199	 +7.7989	 -0.2154	 +1.9819	 +0.9365
 -3.1668	-10.2467	 +2.8527	 -3.2815	 -2.6814	 -1.0911
-11.1914	 +6.7062	 +0.5936	 -4.1464	 -2.1809	 -0.7502
+10.3232	+10.7503	 +5.4592	 +4.4451	 -0.0411	 +1.4775
-10.2002	 +4.7570	 -5.4234	 -3.6590	 -0.0924	 +1.3478
 +2.6644	 +1.2659	+12.3491	 +1.5237	 -1.3804	 -1.1644
-15.1952	+65.9595	+20.6097	 +0.7219	 +0.3238	 +1.2684
+19.0612	 -6.9632	 +6.1259	 +1.8789	 +0.9451	 -0.6810
 +3.2300	 -7.4545	 +6.0471	 +1.8738	 -3.7290	 +1.2503
-12.4445	-33.9158	+25.3851	 -0.8952	 +0.3870	 +1.1688
-41.3366	+34.9403	+25.8939	 +1.1883	 -0.1629	 -0.5975
 -0.6387	 +3.8974	 +2.7259	 +1.6724	 -2.5464	 -1.2497
 -6.1196	-17.5270	 -6.6569	 +2.9083	 -0.2180	 +0.6856
+10.9107	 +7.9219	 +1.2238	 -3.3415	 +2.4120	 +2.2673
 -6.7902	 +2.9265	 -5.1091	 +1.2178	 -5.6916	 +3.1352
 +1.1352	 -1.6817	 +3.1290	 +5.9903	 -0.9692	 +1.3656
 +6.4798	+12.7139	 +6.0270	 +3.4263	 +0.0027	 +1.7433
 +4.3861	-32.1544	+110.2954	 -0.2979	 -1.4638	 +0.5744
-23.8823	+12.4959	 -3.4655	 +0.0348	 -2.8303	 +0.2624
 +4.0417	-13.9027	-17.6267	 +2.5737	 +0.6209	 -1.5722
 -2.8877	 +1.5549	 +2.8463	 -2.4290	 -3.4736	 +1.1666
+13.4838	 +2.4962	-12.5369	 -3.1362	 -2.3052	 +1.2666
 -5.4281	 -6.5935	-20.5635	 -0.6334	 -0.0130	 +1.9395
 -1.5601	 -6.5640	 +5.5541	 +3.4067	 -1.6850	 -3.1648
+26.0129	-25.8254	+39.3692	 -1.2935	 +1.0897	 -0.2982
-11.6037	-16.1492	 -6.4220	 +2.4304	 +0.0363	 -3.6610
 -1.9080	 -5.5830	 +1.9020	 +0.9001	 -5.0709	 -1.0150
 +4.7368	 +0.6868	 -1.5359	 +2.2192	 +5.1027	 -2.7135
-14.8730	 +5.5233	+15.5332	 -1.9700	 +1.9349	 -1.0419
 +8.6036	 -8.5106	 -2.9273	 +1.8712	 +3.9587	 +1.9850
+13.4449	 +6.3818	 +7.1679	 +1.3410	 -3.3450	 -2.2098
+15.1441	 +1.4859	 +4.5393	 -3.1448	 -0.4296	 -1.3471
 +0.0023	 -2.6578	+22.2943	 -0.3229	 +2.9596	 +0.8613
 +3.7264	 -6.3197	-13.7160	 -0.1195	 -5.5018	 +1.2258
 -2.9615	 +2.7061	 +4.3965	 +3.0549	 -2.4122	 +1.6761
 -2.9602	 +0.3602	 +3.5924	 -2.7211	 -1.2220	 +2.2498
-14.6773	 -4.4039	-10.2251	 -0.8371	 +0.7065	 -0.5911
-13.7003	 +2.8245	 -0.1151	 +1.0251	 +1.3976	 +0.8178
 +1.7820	 +7.6211	 -9.3667	 +0.2411	 +1.1420	 +1.9563
-20.8417	 +1.7620	 +8.3349	 +4.1568	 +0.5220	 +1.8851
 -3.4124	-10.7125	 +0.4218	 +1.1395	 -0.2193	 +2.9759
 -6.7833	 -1.8088	 -4.1632	 +0.0263	 -0.6886	 +0.3703
-12.1029	-12.5928	 +0.0886	 +0.4606	 +2.2855	 +0.7649
 -2.5904	 +8.8163	 +4.7637	 +1.7709	 -1.2724	 +0.0191
+27.8124	+22.3800	 -5.1350	 -0.7041	 +0.9994	 -0.2647
 -6.7535	 -9.0931	 -0.5143	 +1.4546	 -0.9580	 +0.7576
+25.7424	 +1.5133	 +6.6681	 -0.6634	 +2.2873	 -0.7015
 -1.7297	 -4.2840	 -4.8679	 -4.2722	 -0.2422	 -3.4394
 -5.0157	 +2.5082	 -8.2328	 -0.9371	 +2.5009	 -0.4234
 -5.7200	 +5.6357	-12.0327	 +4.2921	 -3.4707	 -0.8143
 +1.6923	 -1.8777	 +2.6918	 +0.4886	 -4.4759	 -1.5617
 -6.6531	-21.5929	 +6.3431	 -0.0675	 -3.6456	 -1.5604
-12.6767	 +9.4237	 +7.1357	 +1.2777	 +0.6592	 -2.8611
 -3.5784	 -6.1518	 -4.5885	 +1.1434	 +5.0054	 +2.2077
-14.3992	 -9.4754	+16.0437	 -3.3511	 -0.7001	 +1.1509
 -4.6458	 -0.3536	 +2.3839	 -6.9307	 +0.7837	 +0.0073
-15.9173	 -5.2311	 -7.1675	 -2.2833	 -2.8661	 +1.0661
 -0.9148	+25.4259	-13.3839	 +1.6953	 -2.0350	 +2.0854
-13.6804	+10.4687	 -4.4176	 -0.2220	 +3.0985	 +1.3511
 +6.4687	 -7.8307	 +5.6195	 -3.6603	 +1.0775	 +0.0759
+14.0847	-24.5798	 +1.1638	 -0.9627	 +1.1577	 +1.6386
+11.9420	 +1.2686	 +1.6410	 -0.8277	 +2.9454	 -1.0768
 +6.9188	+36.6587	-15.7828	 -0.0737	 +1.7586	 +2.1894
 +3.2724	 -3.5536	 +3.7915	 +0.8319	 +0.1440	 +3.2360
 +0.3419	 +8.4250	 -1.2554	 -3.4049	 +0.7087	 +0.2538
 -3.1390	 +1.0029	 -3.9747	 -1.6159	 -3.6489	 -1.5715
+86.8757	-28.7551	+52.7148	 +0.1553	 -0.9326	 -1.3598
 +1.4429	+12.5969	-13.0675	 -2.4109	 -1.6650	 -1.8105
 -2.4340	 +0.4856	 -7.8962	 +2.4040	 -3.6020	 -2.4219
 -2.7823	 -0.4969	 +7.4910	 +1.8773	 +0.9488	 +0.6788
 +3.0538	 +4.1245	-13.8991	 -0.7869	 +2.4708	 -1.2263
 -8.1887	 -2.0573	 +4.6072	 +2.4432	 +3.2730	 -3.2366
 +0.3313	 -1.1025	 +1.7195	 +1.9189	 +1.5365	 +3.5667
 +5.3379	 -4.5933	-10.0598	 -1.2422	 -3.2695	 -1.2031
 -8.2533	 +1.4045	+18.3389	 +2.1649	 -1.0668	 +2.6608
 +4.7390	 -7.6975	 +7.1167	 -3.2583	 +2.6145	 +2.6177
 +3.9197	+14.2623	+22.5308	 +0.6317	 +0.9788	 +3.9307
+10.0031	 +4.9597	+13.4183	 +0.9647	 +0.9013	 +2.4952
 +7.8763	 +0.1876	 -2.4345	 -1.2846	 +1.3227	 +0.1494
 -4.5874	 -9.1790	+22.0619	 +1.3544	 +1.0541	 -0.6694
 -8.0807	 +0.4898	+17.1852	 -1.7677	 -2.2150	 -1.8374
-21.0298	 +0.8086	 -8.5181	 +1.0914	 +1.0357	 +3.6620
 +5.8486	 +4.3400	 +3.7571	 -2.7395	 -2.2485	 -1.2855
-40.7528	+20.9852	 +0.0933	 -3.0486	 +1.4486	 -1.0390
 -3.1359	 +0.7396	 -3.1774	 -0.1279	 -7.4614	 -0.0004
-14.2909	 +0.3268	 -1.8378	 +1.7634	 +2.8248	 +2.2540
+19.2007	 +7.1012	 +8.8125	 -1.1038	 -0.9110	 -1.6219
 -5.4318	 +5.9632	+11.0228	 +1.9237	 -0.1048	 +2.0277
 +4.9437	-19.7663	 +3.9050	 -0.4792	 -0.7627	 +0.9185
 -4.7125	-13.4661	 -0.9463	 -2.3075	 +1.8118	 -1.5964
 -0.8839	+12.3807	 +4.5520	 +0.7676	 +0.3947	 +1.3331
-92.7671	-169.9785	+26.1391	 +1.0917	 -0.0020	 -0.0970
 +6.6556	 +3.9934	 +2.4762	 -0.4775	 +0.1226	 -0.0955
 -0.2369	 -6.9875	 -3.8008	 -3.6479	 -0.8945	 +2.4869
 -0.5944	 -3.8530	 -2.6441	 +4.4169	 +2.2992	 +1.8131
 -9.1624	 -0.4805	 +5.1910	 +1.4500	 -2.8102	 +5.0753
-10.0281	 -1.7840	 -4.6965	 -2.7441	 -0.0190	 +5.2047
 -0.1681	 +3.0229	 -6.5806	 +1.3349	 -2.8665	 -0.8982
 +2.8936	 -5.4184	-11.4273	 -1.7503	 -0.3847	 -1.5340
-15.3095	 -9.2640	+23.1126	 +1.5556	 -3.1425	 -0.9509
 +4.5950	 -0.1591	 +0.4632	 -2.1488	 +4.4143	 +1.7016
 +3.3496	 +3.4632	 -2.9656	 -0.9920	 -0.9672	 -2.3464
 +3.2723	 -9.1254	 +1.8569	 -2.5011	 +2.8681	 +2.9282
 +0.4883	 -0.9514	 -1.3516	 -1.1029	 +5.3371	 +4.6168
 -4.9056	 -3.0296	 -2.0061	 +5.3657	 -1.4845	 +0.5832
 -2.5479	 +4.5141	 +6.7263	 -2.8573	 +1.2891	 +1.8452
 -2.7698	+19.6045	 -7.6643	 -0.7925	 +2.9903	 +2.5301
 +9.3116	 +3.0136	 -6.6271	 +1.1173	 -1.7316	 +1.3258
 -4.1334	 -1.8928	-11.6023	 +0.7977	 +0.9401	 -2.7180
 +0.2697	+28.9943	-31.8513	 +0.2070	 -0.9645	 +2.3282
 -0.9390	-19.7703	+41.3976	 +0.4410	 +0.5209	 -1.7044
+17.9933	-22.2679	 -7.5604	 -0.4610	 +2.9571	 -1.3173
 +1.7631	 +3.8501	+16.7241	 -1.5986	 -1.1431	 -1.4195
 +2.2826	 +1.8304	 +5.8796	 -2.4413	 -2.1342	 -3.6212
-11.5871	+14.6110	 -0.1588	 -2.6210	 +0.1544	 +1.1871
 +5.0827	 -6.8415	+29.8514	 -1.5034	 +1.2287	 -0.9028
-47.2127	+19.8549	-75.7151	 +0.9920	 +1.8958	 -0.0299
 +8.0644	 -3.0064	 -1.2786	 -0.5200	 +3.0514	 -0.2451
+13.5210	-17.6722	 -5.0571	 -0.5289	 +1.2866	 +0.7306
 -3.1294	+15.1926	-13.1484	 -0.2996	 +1.4317	 -1.1070
-27.5729	 -2.8735	 -7.3797	 -0.3852	 +1.0996	 -0.0511
 +0.6682	 +2.8685	 -0.1438	 -0.8651	 +3.7786	 +2.7038
 -3.8462	 +6.2994	 +5.3114	 +1.5562	 +0.1253	 -2.4437
 -4.3978	-27.4329	-15.7343	 +0.7471	 +2.7754	 -1.4234
 -3.3026	+10.0410	 +1.1667	 +2.4076	 +3.1511	 +0.7443
 -5.6884	 +4.3723	 -2.1962	 +0.0571	 -2.6285	 +1.8334
 -0.4746	 -2.7294	 +8.5065	 -2.6349	 +0.6080	 +1.5790
+20.2741	+16.1659	-33.7404	 -1.0452	 -0.9417	 +0.3337
+29.8557	+40.8550	+68.4163	 -1.0338	 -0.5550	 +1.1085
 -4.2166	 +3.6617	-22.8629	 -1.7256	 -2.5658	 -0.8876
 -0.1101	 -8.7303	+13.5557	 +3.0559	 +0.2660	 +2.9396
 +1.3376	 +1.8577	 +2.5290	 -0.7077	 +0.1381	 +0.2005
 +2.0562	+17.4770	 +7.0020	 +1.7227	 -0.7028	 +0.0277
+68.5851	+28.4040	+34.3721	 -0.6145	 +0.1962	 +0.6799
 +2.4507	 -4.5492	 -0.1257	 -1.7085	 +2.1393	 -4.6250
 -0.9067	 +8.8981	 +1.8115	 -0.8058	 -2.2599	 +2.9457
-15.0541	 -8.4720	 +3.3160	 -0.7112	 +1.0081	 -3.2192
 +3.0963	 -3.6294	 -2.4487	 -1.4978	 +1.8162	 +4.0317
-41.7829	+10.8488	 +9.4872	 +0.8999	 -1.1041	 +1.8718
 -1.5832	 +2.1922	 -7.2951	 -0.8279	 +4.9082	 -2.9033
 +0.7375	 +4.4902	 -3.3440	 +1.5191	 +4.2893	 -3.9869
 -3.8020	 -9.8243	 -2.0755	 +3.6028	 +3.0114	 +0.8997
-10.0447	 -0.0409	+29.6271	 +1.8048	 -0.1926	 -0.5067
 -6.8790	 -0.5101	 +8.4722	 -1.2448	 -4.8164	 -0.8756
-11.1257	 +9.6088	 -0.2130	 +1.2065	 -4.5531	 -1.0256
 +8.1413	 -3.2245	 +4.2955	 +1.1498	 -1.0843	 +1.2465
 +8.0180	 -4.0700	 +9.3034	 -3.6760	 -3.5332	 -1.9219
 -0.3280	-12.7099	 +8.1156	 -0.1617	 +0.8982	 -0.2186
 +4.7684	 +4.7654	-25.1853	 -1.6654	 +4.1193	 -1.1194
 -2.7537	 +4.7638	-10.5217	 -1.7080	 -3.0346	 +1.9347
 +1.5869	 +3.0422	 -0.4700	 -3.8665	 +1.5372	 +4.7948
 -1.1378	 -0.1307	 +5.4614	 +0.7837	 +0.5424	 -0.9717
 -5.0664	-20.9021	-11.7195	 +0.5904	 -0.2019	 +2.9339
 -9.6323	-10.7862	-16.3271	 +3.0625	 -1.1272	 +0.9064
 -3.1790	 +4.1968	 +0.0196	 -1.4880	 +0.1028	 +0.5278
 -3.8499	 -9.5669	 +9.6767	 -0.5904	 +0.7170	 -2.7786
+17.2768	+13.9712	-11.6007	 -0.3205	 -1.1002	 -2.4066
 -7.1627	 -6.2907	 -4.7450	 +2.2410	 -0.2008	 +0.0680
 +3.2841	 +1.1821	 +3.7176	 -2.1213	 +4.9477	 -0.3316
 -1.7879	 +1.4970	 +3.6358	 -0.7502	 +3.9605	 -1.5729
 -1.5040	+12.6031	-26.0740	 -3.5055	 -1.8047	 +0.1118
 -5.7082	 -4.4611	 +2.2251	 -0.4631	 +1.7618	 -0.9196
+18.2840	 +7.7326	 +3.5010	 +3.5328	 +1.2570	 +0.7727
 +2.3539	 +9.1892	 -3.1661	 +1.4230	 -1.4146	 +3.3792
 +4.3521	 +2.1547	 +4.0715	 -0.5468	 -4.7666	 +0.3996
-14.6326	+18.8921	+11.4251	 -0.0764	 +0.8983	 +0.1830
 -2.1022	 -1.5558	 -3.7084	 +0.5893	 -1.2817	 -0.2578
-15.4015	 +6.2982	 +7.5503	 -1.5067	 +1.1770	 -3.6503
 -5.5903	 +6.6216	 -1.6759	 +0.5891	 -1.3815	 -1.7174
 -3.1507	 -2.0356	-10.1484	 -2.2270	 +0.6887	 -1.0061
 +4.4185	 +4.4602	 -7.7667	 +1.3011	 +0.8338	 -2.4028
+22.5915	+12.8874	 -0.5300	 +0.0975	 -3.1100	 -0.2304
-84.1840	+42.8988	+24.5017	 +0.1109	 +0.1065	 +0.6129
-10.6612	 -2.5649	 +5.0191	 +2.8716	 +3.9440	 +2.5219
 -7.3603	 -2.7158	 -0.8565	 -0.5106	 +2.5202	 -1.7423
 -1.8688	 +5.5842	 -5.4892	 -3.9652	 +2.9266	 +1.5481
 -9.3599	 -3.7329	 -0.3063	 +1.1063	 -1.3622	 +1.7345
-20.0734	+11.9983	 +5.9116	 +0.1342	 -1.4390	 -1.9788
 -8.5791	+13.0398	-30.2099	 +0.8045	 +1.7533	 -2.1169
-16.8848	-18.7929	 -4.2323	 +0.0667	 -1.6647	 +2.9998
 -2.5009	 +1.2940	 -3.8242	 +1.4417	 +4.6443	 +1.8471
 +1.3814	+12.3396	 -8.0749	 +0.8089	 +1.1873	 -3.2763
 -1.7161	 +0.5009	 -9.1464	 +1.8651	 +0.6086	 -0.3786
 +6.0596	 -2.1707	 -3.1322	 -2.2578	 -0.0615	 -1.1335
 -6.6220	 -3.5390	-14.5155	 -3.2164	 +0.9756	 -1.9271
 -7.2461	 +0.3404	 -0.7621	 +2.2648	 +4.2869	 -4.2314
 +3.7075	 +1.4196	 +4.8335	 +0.1393	 +0.5009	 +0.7960
+30.9508	+21.2424	 +6.2451	 -1.3689	 -1.8046	 +1.8307
 +8.1651	 +3.9735	-17.3454	 +3.1139	 -3.0596	 -0.5528
 -5.9674	 -2.4143	 +6.4445	 -1.2265	 -3.3793	 -2.5315
 -5.1506	 +3.1640	 +0.9435	 +3.4570	 -4.5195	 -2.0608
+22.3069	 +1.9007	 +1.1669	 +1.1044	 -0.5493	 -0.3659
 -2.3886	 +2.6209	+10.6189	 +3.8671	 -1.0813	 -1.3811
 +6.4468	-13.5296	 -3.0494	 -1.9502	 -1.9919	 -1.0803
 +6.9502	-12.7876	 +3.9984	 -2.0194	 -3.3394	 -0.4994
 -0.2191	 +3.7379	 +3.2506	 +0.6288	 +3.6397	 -3.8069
+12.8356	 -8.4382	 +0.0565	 +1.1026	 +2.0925	 -1.8215
+18.8875	 +6.0648	 -9.5418	 +0.7886	 -3.7128	 +0.3889
-34.7883	-18.2811	+16.8836	 -0.3292	 +0.1048	 -3.0083
 -1.1636	 -8.3515	+12.0422	 +1.9155	 -0.6292	 +1.5484
 +1.4746	+12.0777	+15.5616	 +1.2439	 -0.8144	 -2.6217
 -9.7304	-10.9575	 -2.3486	 +1.4780	 +4.0617	 -2.8101
 +5.1380	-12.3054	 +0.9618	 +3.5014	 +1.2806	 +1.9559
-10.2697	 -4.6064	 -9.2907	 -2.7521	 -2.1300	 +0.6786
-40.7597	+25.7727	+37.2178	 -0.1033	 +0.5834	 +0.3398
 +5.3377	 +2.3744	 +4.9350	 +5.9614	 -0.4501	 -0.0173
 +2.6878	 +0.7923	 -5.4273	 -1.0230	 -2.1649	 +2.1822
 +3.8229	 +8.2992	 -7.5994	 -1.3551	 +3.7730	 +3.0350
 -3.1231	 +4.9036	 +1.4305	 -2.7966	 -1.0364	 +4.7444
 -4.1454	 -1.8295	 -4.6910	 -1.0702	 +5.9726	 +3.9307
+43.8212	 +6.0750	-16.7016	 -0.6094	 -0.7246	 +0.2538
 -0.7147	 -4.1515	 +1.1326	 +2.0109	 +3.6596	 -1.0439
 +9.0962	 +2.6777	 +4.3141	 +0.1451	 +2.2849	 +3.1092
 +6.8792	+13.9054	 +2.4299	 -0.4231	 -2.7646	 +2.1476
 -3.5805	-15.3271	-34.1483	 +1.0198	 -0.8242	 +0.8104
 -4.1118	 -0.5287	 -7.6387	 -1.5667	 +2.6093	 -2.4017
 +3.6741	 +1.6134	 +8.0012	 +0.6543	 -1.1087	 -2.1047
-102.9448	-32.5961	+85.5166	 +1.3888	 +0.1659	 -1.2265
 -3.1141	 +8.9035	 -7.3131	 +3.2944	 -1.9037	 -3.2889
+12.5014	-36.2934	 +7.7076	 -0.9536	 +1.6865	 +3.6098
 +2.8200	-24.5044	 -2.5884	 +1.0251	 -1.1752	 -2.2962
 +1.1531	 +0.8721	 +3.1334	 -2.4208	 -0.0762	 -3.3098
 -5.3191	 -4.1203	 -1.7789	 +0.8562	 -4.7883	 -3.3703
 +3.5564	 +7.0310	 -8.7675	 +3.8222	 -2.2488	 -1.5796
 +7.0274	-12.5814	 -0.5892	 +1.1330	 +0.8971	 +0.7036
 -1.6587	 -6.7264	 -7.8217	 -1.8975	 +1.0786	 -3.2803
 -9.2233	 -9.4583	 +6.2932	 -2.7586	 -0.0748	 +0.7278
+12.2000	-24.7578	 -5.9229	 -0.1558	 +1.1270	 -1.1813
 -5.7367	 -0.7534	 +3.3367	 +1.1839	 +0.5835	 -0.2813
-19.6125	 -6.2137	 +4.0620	 -1.7894	 -0.5852	 +0.1735
 -1.1157	 +2.0966	 +1.1754	 -0.7822	 -4.9898	 +4.3523
 -0.4218	 +1.6837	 +4.9560	 +0.3856	 -0.5795	 -0.5457
 +5.4814	 -2.6074	 -2.4820	 -1.2696	 -1.2044	 +0.3138
-11.3503	-12.3949	 -5.3757	 -1.4684	 -2.2296	 -3.7697
-65.1617	+23.5051	+51.0002	 +1.2010	 -0.8298	 -0.8150
-59.0502	-32.7762	+18.8331	 +1.2576	 +1.0065	 -0.5359
 -9.2215	 -8.9513	 +9.0129	 +0.6698	 +1.9599	 +2.7257
 -2.5336	 +4.0087	 -3.7172	 -0.7032	 -1.5653	 +0.9108
-77.9689	-125.3060	+119.3961	 +0.6630	 +0.0520	 -0.0805
 -4.0923	 +8.2880	 +0.0119	 -4.4757	 -3.5187	 +0.5105
 -9.4494	+11.8955	 -9.0903	 -1.8869	 -1.1953	 -2.7926
 +0.5400	 +4.2298	 -4.5270	 +0.8823	 -2.0819	 -0.2391
-47.5683	-25.7047	-13.5493	 +1.8007	 -0.6120	 -1.1794
 -9.9393	 +5.0581	-10.7750	 -2.1854	 +0.0292	 -0.3501
 +6.0641	 +6.4123	-18.8747	 -0.6828	 -1.4584	 -0.0467
 +7.4622	-32.5669	+35.2622	 +1.3814	 +2.1147	 +1.6626
-11.6104	 +3.1342	 +1.8518	 -2.3059	 +0.3319	 -2.0623
 -0.1211	 -8.4436	 +7.0177	 -1.8865	 +0.5981	 +1.8722
 +3.5081	+15.7957	-22.1401	 +0.0049	 -2.2649	 +1.5417
 -7.5915	 +3.1489	+17.1694	 +2.4186	 -2.7894	 +1.4156
-17.0502	+12.9426	+22.1983	 -1.8119	 -0.3186	 +1.6457
+12.4848	+11.3839	 +1.2114	 +0.5894	 -2.9097	 +2.3566
+11.8553	 -2.5770	-12.3061	 +0.2256	 -0.6951	 +0.2658
-12.6036	 +2.1163	 -1.4989	 +3.0968	 +2.9443	 +0.6362
 -7.0383	 +4.8766	-16.7206	 +2.1493	 -1.7975	 +0.1876
-11.2575	-15.8462	-23.7084	 -0.2324	 -0.2862	 +0.2725
 -5.7145	-13.7593	 -5.4822	 +1.8856	 +1.2683	 -2.0292
-10.3788	 -9.7690	+20.9786	 -1.5885	 +0.0858	 +0.2255
 -8.4143	 +6.4840	 -9.5602	 -1.7129	 -2.6921	 -1.9151
-10.4209	 +2.2534	 -5.5796	 +3.7448	 +1.1127	 -0.5312
-36.6900	+14.0117	+13.2577	 +0.0547	 +0.6843	 -1.5804
 -0.8213	 -8.3535	 -7.7990	 -1.1558	 -0.5737	 +1.4262
 -7.0452	-10.7796	+12.4838	 +0.7735	 +0.4110	 +2.5742
 +8.0161	 +9.9482	 -5.9637	 +1.4199	 +0.9950	 +3.1687
 +5.6588	 +3.4913	 +5.0311	 -4.3710	 -0.2259	 -0.1609
-30.6372	+38.9378	-75.9497	 +0.4251	 -1.3871	 +0.6451
+12.0745	+20.8796	 -7.7514	 -1.4514	 +2.3685	 +1.2900
-11.7987	+77.0584	-52.1864	 -2.1238	 -0.6034	 +0.1499
-18.3445	 -4.3347	 -2.9423	 -0.4626	 -1.6781	 +0.3205
-15.8803	-17.2038	 -8.4397	 +0.9928	 -0.9425	 +1.9290
 +1.7199	 +9.9218	 -5.0817	 -0.3266	 +5.1948	 +1.4217
-10.3512	 -1.6313	+12.1721	 +2.8860	 +1.6878	 -1.0277
-20.1704	 -3.9227	 +4.0723	 +0.3840	 -1.0304	 +2.8866
 +1.2352	 +3.6231	 +7.8077	 +2.1267	 -3.2838	 -2.7896
 -2.3173	 -4.6322	 -8.7732	 +2.6643	 -0.9237	 -2.1620
 +4.0710	 -3.8780	 +1.4067	 +1.6090	 -0.9825	 +1.8435
 +2.9627	 +9.3951	 +6.4289	 -1.4713	 -0.1180	 -4.6018
-15.5032	 -0.6261	 +0.6608	 -0.4119	 +3.3690	 -1.9542
 +4.5762	 +2.1350	-10.2799	 -3.8628	 +2.4309	 +1.0576
+12.1297	 +7.5168	 -3.7696	 -2.8986	 +0.6238	 +3.4591
+11.1057	-24.5542	 -7.7250	 -2.8692	 -0.5739	 +1.8125
 -4.5631	 +1.1225	 -7.5107	 -3.1335	 -1.0997	 +4.0329
 -9.1258	 -2.5431	 +5.4619	 -0.1526	 +1.4877	 +3.9010
+11.2829	+10.0437	 +1.6731	 -0.6514	 +3.1522	 -0.6411
 -5.4227	 +6.8892	 +6.3197	 +2.1824	 +4.0468	 +1.1483
-143.8148	-179.3868	+114.0070	 +0.3689	 +0.8783	 +0.0922
 +4.3847	-10.8954	 +1.2925	 -0.0318	 +3.8690	 -3.3564
-17.0850	+48.0166	+46.2534	 -0.3352	 -2.1415	 -0.2019
 +6.0664	 +2.4006	-13.2877	 -1.3783	 -2.4384	 +1.7893
 +7.1239	+74.6905	-83.3035	 +0.0817	 +0.0200	 +0.3151
 +1.4001	 +2.1547	 -9.3992	 -0.6563	 -6.0176	 -1.8111
 -3.4330	 -5.3885	 +8.1513	 -2.5550	 +1.1502	 +0.4376
-14.7288	+25.6782	-25.1903	 +1.4681	 +0.2051	 -0.2832
-16.6751	-17.4461	 +0.7632	 +0.7877	 +2.8438	 +0.6416
 -0.9588	-13.8801	 +1.9538	 -4.5775	 -0.9599	 -1.2446
 -1.2515	 +9.1052	 -3.0201	 -2.9729	 +2.3371	 +1.2238
 -2.0655	 -4.2966	 -3.5803	 -0.1246	 -5.1471	 +3.1359
 -9.8633	 -2.4015	 -6.8850	 -2.2988	 -0.2712	 +1.3532
 -4.7366	 +3.4129	 +3.1272	 +2.1033	 -2.7902	 +0.0668
 -8.0130	+11.7392	 +0.4870	 -4.3927	 +0.9674	 -0.7369
 +0.2482	 -0.1800	 +1.3781	 -4.5703	 +5.6422	 +2.2807
-22.3015	+26.8178	 +2.1694	 +0.2779	 -1.1910	 -0.0342
 -1.2200	 -2.0619	-18.9936	 +0.7150	 +0.5253	 -4.1043
+12.9696	 +3.6467	+11.2933	 +1.7113	 +2.2396	 -0.6987
 -5.6787	 +0.6732	-21.1472	 +1.0215	 +2.9704	 -1.3074
 +4.2150	 +7.7294	-13.3198	 +0.0376	 -1.8738	 +0.3723
 -2.1420	 -5.5524	 -5.6017	 -6.4832	 -2.5469	 +2.6756
 -2.6824	 -3.4852	 +2.1357	 +5.3517	 +0.6361	 -0.3148
 +6.5814	 +5.5249	 +6.5137	 +2.8216	 -1.4286	 +3.1806
 +0.8649	 +8.7451	 -0.1862	 -1.3039	 -2.5327	 -0.9160
 +4.8348	 -7.3647	 +5.9360	 +1.4386	 +1.3835	 +3.4448
 -6.8500	-22.0354	+12.1623	 +0.8546	 -0.7033	 +0.3665
+13.0344	 -1.2807	 +0.2306	 -1.1517	 +2.8043	 +0.4661
 -3.8108	 +5.3256	 -0.6810	 +1.4422	 -2.0214	 +2.8626
-20.3448	 +3.9895	 -2.9546	 +1.5680	 -0.4712	 +1.7375
 +3.0434	 -2.2923	 +1.0509	 -4.4923	 +4.7447	 -2.0710
 +3.6000	+12.5994	 +4.3798	 -0.9852	 +2.8433	 +1.5932
-15.8319	 +3.4860	 -6.7108	 -1.6564	 -2.3900	 +1.5369
 +8.0338	 +7.0461	 +6.8043	 -1.3086	 +1.5792	 +1.5160
 +2.8922	+12.3034	 +2.2627	 -0.8936	 +1.9827	 +1.6743
 +6.8270	+25.6909	+35.7285	 +0.6208	 +0.3638	 -1.2600
-12.5342	 -0.5676	 +0.6721	 -1.1357	 -1.5083	 +1.3356
 +4.9878	+21.7145	-12.2063	 -2.6307	 -1.3683	 +0.6213
+18.4510	-13.2252	+10.8863	 +3.5882	 +0.1639	 -1.7114
 -6.2687	 +1.2730	 -8.6834	 -1.0956	 +2.1473	 +3.2707
 -2.6926	 -0.0468	 +0.0307	 -3.3136	 -3.1183	 -4.9469
 +1.5480	 +1.8908	 -1.3198	 +4.3046	 +3.6583	 -3.9960
 -9.6744	 +1.4183	 -4.8793	 -3.7904	 +0.1614	 -0.5987
-18.5686	+11.4671	-26.9776	 -0.2506	 -0.9924	 +1.7475
 +4.5067	 -0.4272	-12.6578	 +0.8898	 -3.0203	 -2.6904
+22.7391	 -1.8736	-18.4719	 -0.4676	 -0.8179	 +1.9191
 +2.0738	 -0.1929	 -2.2085	 +1.5630	 -2.7667	 -4.3372
 +0.5804	 -1.7551	 -4.4730	 +0.3291	 -2.4482	 -0.3883
+11.7550	+15.8144	-13.8788	 +0.2976	 -0.5530	 -0.4113
-17.3677	+36.5304	-11.2818	 +1.6214	 +1.7651	 -0.0606
 -4.5313	 +1.3081	 +3.8508	 -1.4818	 +2.0354	 -2.3258
-10.9692	 -4.8559	-14.8359	 +0.8924	 -1.3787	 -3.5619
-10.7821	 +5.0913	+12.0580	 -2.1478	 -4.1975	 -0.1687
+18.4742	 -9.9113	 -9.4812	 -0.0473	 -0.5678	 +0.3558
 +7.1921	-17.7687	 -3.0004	 -1.8888	 -2.8070	 +0.3776
 +2.3386	 -1.9178	 +6.7562	 -1.0562	 -1.2594	 -1.2583
 +4.1891	 +7.5264	+13.9635	 -1.1576	 -0.0552	 +2.9151
 -6.3171	 +1.6552	-25.2638	 +0.4167	 +2.0810	 +0.0583
-12.8988	+20.2756	 +0.3291	 -1.5937	 -2.5915	 +1.3317
 +5.7894	 -6.3776	-19.9904	 +0.9795	 +0.5911	 +0.2344
 -9.8509	 -1.3597	 -1.8062	 +0.1310	 -2.1798	 +0.3948
+15.7729	 +6.7369	+40.1208	 -0.5249	 -0.5081	 +0.6465
-10.0369	 -3.1898	 +1.9440	 +0.0986	 -1.0568	 -1.4796
 +7.6733	 +1.5212	 +7.1612	 -1.0642	 +2.6874	 +1.0022
-13.3652	+19.4992	 -2.4562	 +2.5095	 -0.4761	 +1.5870
-11.2391	 +1.9960	 +2.6804	 -2.6835	 +1.5902	 +0.8989
-12.7488	 +6.5930	-13.2452	 -0.4938	 -1.9272	 -2.3201
 -7.0290	 +9.4584	 +8.2428	 -4.0899	 -0.2584	 -0.1480
 -0.3012	 +3.0221	 -7.2675	 +0.7288	 +1.6667	 +2.6174
-60.9562	-18.1467	-25.6419	 -0.5569	 +0.1554	 -0.0859
 -3.8550	 +1.3326	 +3.9211	 -1.4686	 -3.6870	 +3.3029
 +5.8146	 -2.4333	 +5.0280	 -0.3124	 -0.0050	 +1.6338
+11.4213	 -4.7812	 -4.6224	 +0.0112	 -0.9210	 +1.1558
