# Iterations: 81 of 100
# Total Energy: -6.702e+05
#    Kinetic Energy: 6.749e+05
#    Potential Energy: -1.345e+06
# Current Time: 2018-05-08 11:20:09.367535
# Elapsed Time: 0:05:50.659681
# 
# Med. Times for Sections
#    Force Computation:		0.815754
#        [0.8201960.8180960.8187420.8156130.8205920.8158960.8115150.8139810.8038810.800238]
#    Gather Particles:		1.398061
#        [1.2899131.6979081.4627811.3356001.3217821.6873721.3482531.3123991.4478691.662191]
#    Overall:		4.023881
#        [3.9725484.3320454.1530543.9932043.9737344.3532703.9688863.9791054.0545594.304362]
#    Scatter Particles:		0.002412
#        [0.0025510.0018840.0024260.0024360.0025180.0005450.0024010.0022970.0024230.000478]
#    Time Integration:		0.000067
#        [0.0000670.0000670.0000580.0000650.0000710.0000650.0000640.0000710.0000700.000072]
#    Tree Broadcast:		0.869552
#        [0.8835830.8648930.8918930.8854250.8570250.8742110.8636290.8858570.8635370.851562]
#    Tree Construction:		0.968053
#        [0.9761620.9491280.9770890.9539970.9716720.9750990.9429420.9644330.9367070.989714]
# 
# x	y	z	vx	vy	vz
# 
 -6.2267	 -3.9681	 -2.7762	 +1.3505	 +1.1429	 -0.0366
 +3.2010	-18.9559	-11.1961	 +1.1187	 +2.1737	 +1.8252
 -2.1261	 -5.1771	 +8.2968	 -1.7790	 -2.4747	 +1.9674
-24.2513	+25.3940	 -0.6771	 -2.1967	 -0.8880	 +1.1715
 -4.5017	-18.6958	 -6.2197	 +1.7981	 -1.3069	 +0.2881
 -2.9338	 +0.8493	-16.6482	 +2.7189	 +0.6186	 -0.4915
+13.7187	-15.4026	 -8.7913	 -1.3866	 -0.8650	 -0.9415
+11.1049	 +7.7698	 -6.2219	 -1.6052	 +0.0936	 -0.1962
-26.3353	-34.9057	-11.2571	 +1.9571	 +1.7354	 -0.0921
-14.1635	+22.1346	 +2.0706	 -3.1394	 -0.3361	 +0.5505
-23.4232	+11.1405	+17.3565	 +2.2541	 +0.9416	 -0.3918
 -4.8640	 -3.0969	 -0.3488	 -1.3826	 +2.8422	 -1.5933
 +3.1261	 -0.6558	 -6.5731	 -2.7851	 +3.0670	 -4.3165
+25.4462	+12.3208	-27.3533	 -1.3061	 +0.9483	 -1.1035
 -0.6255	 -4.7220	 -2.1257	 +3.4517	 -1.4853	 -1.2914
+13.3491	 +2.6973	 -1.5790	 +1.8150	 -1.7872	 -1.9394
 -8.7839	 -3.3032	 -7.0121	 -0.7789	 -4.1903	 +2.9858
 -5.4295	 -0.1320	-18.9323	 -1.5161	 +0.6789	 -1.4613
 +9.7378	 -7.6731	 +7.2430	 -0.0484	 -1.2364	 -0.8847
+104.7889	-28.8040	+78.5669	 -1.3700	 -0.8373	 +0.2005
 -6.0239	 -4.1873	 -4.7120	 +2.8662	 +2.4748	 -2.8892
 -3.5284	 -1.0990	 -7.9218	 +1.1523	 -4.5077	 +0.7203
 +5.0719	 +1.6587	 -9.1970	 -1.5855	 +2.5479	 +2.1913
 -4.3029	 -4.7481	 +2.9858	 -2.2467	 +1.2394	 +3.9493
 +7.6129	 +7.6636	 -8.6705	 +1.1644	 +0.6817	 -0.0631
-35.5493	+20.7954	 -0.1161	 -2.0806	 +2.3061	 -1.3063
 -3.7787	 -2.2892	 -4.3488	 -1.5090	 -5.3589	 -2.6919
 +8.5985	 -7.5213	 +4.1787	 -4.3007	 -0.0800	 +2.0919
+10.7656	+12.4548	 +6.1290	 +2.8206	 -2.3721	 -2.3412
-17.3313	-18.3041	 -4.6609	 +3.4395	 +2.2592	 +0.5757
 -3.4830	 -4.7136	 -5.0153	 +5.6051	 -2.3929	 -3.9727
-56.4938	 +8.7374	 +0.0741	 -0.8318	 +2.0009	 +1.8286
 -2.6135	 -5.8887	-12.4569	 -4.4394	 -0.2412	 +2.5295
 -0.6846	-14.4317	 +4.7721	 -0.8914	 +2.2076	 -1.4140
 -9.9398	 -3.3283	+22.2357	 +0.3312	 -0.6181	 +0.8739
 +4.0975	 +1.9628	 -0.3730	 -0.7861	 +0.2887	 -0.0491
 +2.9208	 -5.2927	 -2.1170	 -0.7958	 -4.4482	 +2.0494
 -2.0355	 -1.4418	 +5.6052	 +4.1260	 -3.4730	 +0.5762
 -2.8842	+30.8975	-11.3284	 -0.7461	 -1.7232	 +0.6845
 +4.0379	 +0.2559	 +3.1889	 +0.3195	 +4.1632	 +2.2012
+13.8356	-12.5914	+10.2402	 +1.9963	 -3.4715	 +0.4222
 -4.9267	+10.3383	-11.4535	 -0.2982	 -1.4825	 +1.8394
 -6.1834	 -0.5730	-10.0947	 -1.6882	 +4.0779	 +0.3923
 -6.5970	 +3.2801	 -1.7593	 -3.0951	 -1.5035	 -0.5403
 -5.0489	+22.4759	-20.7116	 +2.3843	 -0.1477	 +0.8731
 +1.6393	 -0.9802	 -1.2975	 -2.2198	 -1.5857	 +5.3009
 -1.4336	 +3.4107	-11.5335	 +2.3059	 +4.4415	 -0.0756
+34.9089	 -5.9229	 +1.2277	 -0.0367	 -1.2554	 -1.5971
 -2.0306	 +5.7394	 -0.2428	 +2.2010	 +1.0986	 -1.3312
 -4.7622	 +2.2867	 -4.3136	 +3.2535	 +4.2442	 +0.7318
-33.5147	-56.9520	-37.4778	 +1.1387	 +0.2844	 +1.6044
 -2.7542	 -6.2207	 -1.8397	 -2.0205	 -1.8977	 -4.0641
+16.2681	 -8.3129	 +8.6224	 -0.5122	 +2.7876	 +3.7987
 +4.1922	+10.0982	 +5.9152	 +2.1656	 -4.2305	 +1.8759
 +5.4050	 -3.3889	+54.0166	 +0.4696	 +2.2183	 +1.8236
-28.5846	 -6.7034	 -4.4268	 -1.6814	 +0.3871	 -0.1532
+31.3629	 -4.6141	 +4.0277	 -1.4367	 +0.9863	 -1.0753
 -5.8919	 +5.6875	 +3.3616	 -0.9961	 -1.4447	 -3.5427
 +0.5330	 -4.9088	 -0.3460	 +3.2299	 +3.2384	 +4.0795
 -0.0639	-21.0845	 +8.4908	 -3.6973	 +1.4730	 +0.0099
-17.1564	 +1.6625	 +8.1791	 -3.9322	 +0.9130	 -1.7867
 -8.5075	 +6.0412	-21.5774	 -0.2788	 +3.9177	 -1.2605
 -0.8459	 -7.7819	 -3.4789	 +2.5416	 +3.2212	 -1.3240
 -5.4612	 -7.0304	 -6.1819	 +0.8483	 -2.4302	 +3.8936
 -3.2327	 -4.3211	 -3.0012	 -0.9025	 +0.2615	 +5.2123
 -8.5331	 -5.7605	-11.2076	 -1.8891	 -2.5700	 -1.0602
 +5.5039	 -1.1970	+22.1802	 +0.5157	 +1.0307	 -0.4941
-15.6496	-13.5784	+27.7005	 -2.3618	 -1.9453	 +0.3394
 -2.9934	 -8.2240	-19.5866	 +0.5338	 -0.6877	 +1.3804
 -4.2082	 +9.3778	 -2.1446	 -0.1205	 -2.9459	 +4.2959
 -2.9838	 -5.6419	 -3.1376	 -1.8675	 -0.6187	 -1.6437
-11.8526	-11.6850	 -5.3274	 +2.2468	 +0.8575	 +1.2775
-11.1718	 +6.5509	 -3.7638	 +1.4367	 -0.1760	 -1.8584
-14.7682	+15.2843	-94.7265	 +1.9221	 +0.0040	 -1.4203
+26.4154	-27.2299	-13.7906	 -0.2365	 +1.6525	 +0.6112
-12.2897	 +7.8508	-10.3792	 -2.1277	 -4.0914	 +1.3598
 -4.1942	 +3.8254	 -9.7794	 +1.5324	 +1.5767	 -1.2790
 -3.8697	-10.1470	+12.3039	 -2.9493	 -1.9232	 -1.6028
 -2.1277	 +9.8283	 -1.8196	 +3.1950	 -1.0193	 +3.1864
+22.3476	-14.0525	 -5.7114	 +2.4445	 +1.6474	 -0.0172
 -1.6552	 +1.5517	 -0.1065	 -1.0198	 +0.6512	 +3.0270
 +9.6471	+11.3192	 -8.9739	 -0.0227	 +2.2496	 -0.9868
 -1.0196	 -0.7609	 -1.7746	 +2.0627	 -0.2615	 +5.1133
-11.4953	+24.4819	+16.8494	 -0.9360	 -0.2588	 +3.5065
+14.8565	 +5.9897	 +2.6248	 +2.6662	 +2.5320	 +2.8497
 +1.7299	+11.9353	 +9.3407	 -2.8869	 -1.9924	 +0.3679
-17.3850	 -4.3875	 +0.0375	 -0.9235	 +0.7547	 -3.0045
 -1.5046	+18.0771	 +9.7821	 -0.8432	 +2.6718	 +0.6890
 -3.9753	-28.2859	 +8.8070	 +2.0429	 -1.0122	 -1.4612
 +4.6669	 -9.6005	 +1.7974	 -1.3521	 -0.4805	 -0.8806
-11.8397	 +1.0411	 -1.0361	 -0.1844	 +2.0109	 +3.2331
 -2.0873	 +0.4269	 +1.0560	 +2.5098	 +1.2805	 -0.1075
-14.1685	-26.7032	-48.2636	 -0.7326	 -0.8524	 -0.4269
 +3.1744	 +2.3191	 -5.3633	 -4.4503	 -0.4610	 +4.7613
 +5.5841	+12.2819	 -0.7284	 +0.4452	 -1.6292	 -1.2121
 +7.9626	 -7.4296	 +0.8786	 +1.4785	 +1.5656	 -4.1826
 -7.8490	+32.9149	-18.2726	 -0.4681	 -0.1213	 +2.2932
 +0.6779	 -2.8150	+18.2766	 -1.9505	 -0.4158	 +1.2933
-10.2304	+13.8048	 +0.8613	 -0.3530	 -1.7636	 -1.3948
-11.1976	-10.6970	-22.7145	 +3.1800	 +1.7485	 -0.4718
 +5.1022	 -5.0229	 -3.4941	 -2.9810	 -5.3496	 -0.5530
-13.0519	 -1.7927	-11.1908	 +0.8930	 -0.1552	 -0.2311
 -3.9830	 -0.9017	 +2.7433	 -1.5001	 -1.3130	 -3.1445
 -2.5804	 -4.9087	-10.9843	 +1.3459	 +3.8084	 -2.2378
 -0.9101	 +1.7941	 -5.4047	 -1.4912	 -2.0691	 -0.1226
 -5.8881	 +1.2562	 +5.5288	 +4.1293	 +2.9037	 +2.4753
-14.6830	-18.0447	+21.3227	 +3.1655	 -0.3260	 -0.9104
 -7.5311	-13.1835	 -0.7783	 -0.2876	 +1.7633	 -0.3509
+26.5360	+11.2348	+17.9346	 +1.0420	 +1.8233	 -0.3312
 +3.0888	 +1.2420	-10.4502	 +2.2678	 -0.3938	 -3.3976
 -3.5794	 +4.6365	 -3.9792	 +1.5502	 +2.8995	 -4.6781
+474.5863	+388.0284	-227.2895	 -0.2784	 +0.6740	 +0.3145
-138.9663	+99.4936	+200.0432	 -0.1107	 +1.1371	 +0.4412
+10.9274	 -3.4649	+10.3533	 +4.1594	 -1.3170	 +0.4657
 +5.5926	 +1.2117	+20.5032	 -1.7974	 -1.1980	 +0.3312
 +0.6088	+11.2997	 +6.6059	 -0.0413	 +2.4614	 -2.5682
 +5.9724	 +3.6575	 -0.4199	 +3.6427	 -2.8394	 -2.8881
-73.1816	-15.9059	-10.5800	 +1.3525	 +0.1834	 -0.7469
 -5.2109	 +0.7669	 -0.7309	 -2.4061	 +1.1058	 -2.5706
+45.8372	-22.3727	-43.8425	 +0.5293	 -0.7152	 +0.2454
-15.0527	 +7.8783	 -8.0522	 +0.5738	 -1.0722	 -2.1067
 -1.2291	 +1.4148	 -1.6699	 -2.3582	 +4.0799	 -1.3187
 +5.0924	 -0.7213	 -0.4170	 +3.9208	 +1.9218	 -2.2489
 -1.9577	 -9.3147	 -1.0851	 -5.0879	 -0.6031	 +0.5523
 -2.7925	 -0.7201	 +0.0217	 +2.5025	 -2.4967	 +2.4451
 +0.1116	 -3.1164	 +3.1421	 -2.1122	 +3.6559	 +0.6793
-16.1905	 +1.1216	 -4.6311	 +1.4490	 +0.0104	 -3.0592
 -9.0287	 -4.1259	 +3.0918	 -1.2930	 +0.2196	 +0.2907
 -8.8533	 +1.1860	 -7.6810	 -2.1635	 +1.7916	 +1.4609
+11.6035	-12.9965	 -1.1260	 -1.9345	 -0.0538	 -2.5864
+13.9470	+31.9951	-163.2602	 +0.0696	 -1.1594	 -1.3110
 +8.7307	 -1.5186	 +6.4055	 +2.7030	 +2.0901	 -0.6400
 +5.5636	 -2.8904	 -9.4975	 -1.8340	 +3.5345	 -0.6647
 -6.9777	 -7.6309	 +2.5714	 -3.8820	 +0.3955	 -0.0913
 -2.7960	 +0.3879	 -2.3889	 -0.5228	 -3.5840	 -1.1042
-17.7769	+24.3916	-35.4935	 -0.5146	 -1.1420	 +0.7230
 -1.5497	-10.3439	 -8.2159	 +4.9538	 +1.8138	 -0.9668
+19.2153	-16.4342	+15.9366	 -0.9640	 -2.6757	 +1.1506
 +3.5911	 -4.2234	 +4.7999	 +1.8011	 -3.5367	 -1.3850
+12.3705	 -9.3412	-11.7550	 -1.8903	 +0.1408	 +1.6953
 +1.3763	 -3.9609	+11.3867	 +1.4536	 +0.9140	 +1.0866
 +8.9723	 -8.9717	 +6.9374	 -3.3566	 -1.0415	 +2.4196
 +0.8267	 -1.4154	 -1.5776	 +0.5095	 +1.7836	 +1.3943
-31.3045	 +5.5376	-37.2616	 +1.9956	 +2.2100	 -0.0664
+58.2806	 +5.2152	+20.7391	 +0.5725	 -1.9145	 -0.2023
 +1.3819	 +5.9402	 -3.3167	 -0.5632	 +0.3071	 -4.1980
-28.7798	-70.7023	+46.1178	 -1.2844	 +0.9738	 +0.9753
 +3.5119	+10.2349	 -7.7358	 -1.2295	 +2.8220	 +0.8213
+19.9807	 +7.1159	 -4.8705	 +0.3020	 -1.1544	 -3.2823
 -2.5120	 -2.0116	 -2.8850	 +5.2877	 +3.5047	 -2.3916
 +2.1934	 -3.5685	+10.3788	 +0.9999	 +3.1675	 -1.4987
 +1.7668	 -5.0944	 -0.5367	 +5.7159	 +1.8563	 -2.3748
 +0.8780	 -2.0315	 -1.6722	 -6.2250	 +2.4420	 -0.5248
 -7.4030	+12.2189	 -7.0466	 +0.6533	 -0.9833	 -0.6770
 +6.9360	 -3.7132	 -8.6457	 +0.7574	 -3.6141	 -1.1455
 -9.8599	 -1.8120	-16.8822	 -1.0291	 +1.7572	 +1.4850
 +2.9882	 +8.0459	-15.5828	 +3.0899	 -0.4520	 -2.5125
 +6.9782	 +3.2546	+29.1021	 -2.8251	 +1.1471	 +0.7962
 -5.9122	 +2.2692	 -5.4238	 +2.0583	 -2.1975	 +4.3529
 -6.2301	 +3.3112	 -1.4391	 +1.0663	 -0.1100	 -1.6866
 -0.3320	 +2.4005	 -3.4444	 -4.3004	 +2.9123	 +3.0872
-17.4915	 +0.5843	 +9.1675	 +3.9201	 -2.2305	 -1.5925
 +4.6155	 +2.2441	 -2.3835	 -3.8988	 +0.9226	 -0.0841
+14.4718	 +9.0645	 +4.8120	 -0.9386	 +1.4412	 -0.1847
 -7.1691	 -4.8549	 -3.7298	 +2.3293	 -0.4486	 +4.3507
 +0.1580	 -3.1705	 +5.9998	 -4.8194	 -0.7142	 +2.2604
 -2.9289	 -1.8789	 +0.3649	 +1.8305	 +1.4211	 -3.8226
-16.1454	 -3.3779	-15.2524	 +0.3280	 -2.7851	 +2.6342
 -3.3823	 -0.9675	 -4.6767	 -3.4209	 +0.7219	 +0.4327
 +4.2367	 -4.6782	-14.1229	 +2.6470	 -1.4678	 +0.5487
-15.8452	 +1.5836	-16.1766	 +0.1901	 -1.1655	 -2.1277
 +2.3726	 +0.6642	 -2.3110	 -0.0279	 -1.0298	 +2.2010
 -4.3052	 +1.2356	-11.1426	 -0.7544	 -0.7131	 -4.6926
+29.3293	-13.5392	+25.1068	 -0.6133	 -0.3972	 -0.5103
 -5.7151	 +0.2845	 +2.9215	 +0.0848	 +2.5272	 -1.8311
+53.4201	+26.8233	-26.2319	 -1.9227	 +0.9705	 -0.1586
-16.0313	-12.6268	 +1.5156	 -2.8571	 +1.7440	 -2.3478
 -6.4098	-23.8305	 -9.5590	 +1.5995	 +1.3675	 +1.4804
 -0.0221	 -7.5996	 -2.1048	 +0.9966	 -1.2479	 +2.0983
 -2.3034	 -6.1166	 +0.9781	 +0.0022	 -3.1927	 -2.2373
 -3.6310	 +4.6227	 -3.9350	 -2.2517	 +3.0932	 +1.5942
 +2.9674	 +5.2039	 -8.4704	 -1.7884	 +3.4745	 +1.4120
 +6.9811	 +4.0873	 +5.1187	 +0.4408	 -0.4228	 -0.9274
+14.6918	+19.7402	-22.2542	 -0.6642	 +1.2193	 -1.3604
 +9.7645	 +0.8369	 +1.1204	 +1.8158	 +2.6272	 -4.5452
 +3.1175	 -3.3281	 +0.0881	 +0.3700	 -1.9496	 -2.8037
 +1.2912	 +5.2138	-10.0271	 -0.1964	 +1.1573	 +2.1734
 +1.6482	 -0.7194	 -6.1029	 +0.0659	 +1.7343	 -0.6260
-10.5541	 -8.9488	 -1.3793	 -3.3719	 -0.8790	 -2.3138
 -4.1697	 +5.0536	-12.0115	 +1.9326	 +0.7892	 -0.6081
 -4.8881	-12.7527	 +6.2221	 -1.4824	 -3.9551	 +1.9071
 +1.6174	 -1.6064	 -8.6360	 +1.8368	 -0.0526	 +0.3862
 -0.9195	+24.9076	-31.2564	 -1.5806	 -0.6837	 -1.9767
 +2.3872	 -3.5490	 +7.5608	 -0.0960	 +2.4243	 +3.1685
 +0.4582	 +9.3805	 +0.1448	 +1.7386	 -1.6780	 +1.2658
 +5.7849	 +3.5236	 +0.0021	 -1.2292	 +1.6311	 -0.9046
 +7.3667	 +6.2437	 +5.7102	 -2.8177	 +3.2399	 +0.3117
+31.2153	-101.1892	-36.1489	 -1.3296	 +0.1995	 +0.9675
 -7.5949	+10.5460	 -0.7485	 +0.1276	 +2.4295	 +2.5111
 -8.3850	 -4.6160	-11.2891	 +2.6598	 +3.5964	 +0.6865
 -8.8626	-23.2235	-20.2782	 -1.5286	 -0.7675	 +2.6686
+26.1872	 +5.1372	 +5.4866	 -1.1086	 +1.3668	 -1.6930
 -3.3453	 +5.7551	 -1.1960	 -1.6185	 -1.7573	 +3.1519
 -6.6705	 +4.4026	 -0.2304	 -3.7649	 +3.7637	 -0.0148
-18.1776	 -5.5107	 +1.9140	 +1.5661	 -0.8996	 +1.4654
 +0.2814	 -2.8380	 +0.7203	 +2.6886	 -3.2975	 -0.3612
 -6.9203	 -2.3610	 +2.9477	 +0.1266	 +0.4844	 -0.9766
-15.3847	+20.3659	 -6.2065	 -2.8355	 -0.9384	 +3.0388
 +4.6567	+49.7228	-35.5914	 -2.0412	 +0.8777	 +1.1215
 -2.8919	 +1.5544	 -3.2136	 +6.0235	 +0.8850	 +2.4890
+12.1938	 +4.8303	 -5.7314	 +1.2915	 -2.2890	 -0.5081
 -1.7896	-11.1417	 +2.4264	 -2.4876	 -0.3323	 -1.7097
 +3.4356	 +4.1268	 -6.8109	 -2.3164	 +3.0007	 -1.2801
 +4.8598	 +0.6258	 -4.6660	 -6.1202	 -0.4631	 -2.4732
+20.2030	-11.4419	-18.8612	 -0.5567	 -0.1114	 -1.2639
+119.5623	 +5.0765	-43.4159	 +0.3159	 +0.1492	 +0.6867
+18.3236	+13.2470	 -7.7142	 +0.4173	 -1.4654	 -3.8641
 +4.5701	 -7.7449	 +2.1463	 +1.6296	 +0.6039	 -0.9965
 +4.9693	 +0.0261	 +3.5081	 -3.4830	 -2.3931	 +1.3848
 +4.1544	 -7.8924	 -1.1686	 -2.5229	 +1.2667	 -1.4134
+33.0853	-32.7825	 -6.2582	 -0.8328	 +0.0861	 -0.5687
 +2.6311	 +5.1422	 -1.4923	 +1.9692	 +4.1211	 +1.4069
-14.8191	 -9.0282	 -3.3036	 -1.0495	 +0.8190	 -2.4029
 +3.7017	 -1.5680	 -2.2983	 +1.1284	 +2.4570	 -4.4819
 +2.1349	 -4.9788	-12.1696	 +1.0763	 +0.0688	 -1.7758
 -1.5104	 -0.6855	 +1.7574	 +3.1334	 -1.1281	 -1.0517
 -1.4791	 +0.6091	 -5.5299	 +3.8016	 +1.5637	 +2.7357
 +1.1054	 -1.7814	 +0.9267	 -1.4999	 -4.7601	 -3.8407
 +7.1843	 +6.0380	 +0.9855	 -0.2175	 -1.9019	 -1.6467
-11.8708	 +6.0967	 +3.2786	 +0.0548	 -0.9377	 -1.4152
 -6.2668	 +3.7429	 -5.5824	 +0.3201	 -1.0186	 -0.4793
 +3.0293	 +9.5877	 -2.8791	 +0.6221	 +0.6208	 -0.9628
+11.3142	 +5.7177	-10.1337	 +0.6732	 +0.5524	 +2.3070
 -3.3091	 -4.8298	 -2.4899	 +1.1560	 +3.9503	 +2.9542
 -4.8035	 -9.0485	 -6.1581	 -0.6726	 -1.2211	 +4.4187
 -5.3997	 -1.4150	 +6.9189	 +1.0174	 +3.4032	 -2.2645
 +2.7734	-11.4285	 -0.5683	 +0.3523	 -3.1085	 -2.1739
 -0.6687	 -9.0434	+17.9328	 +1.8891	 -3.2213	 +0.7086
 +6.2505	 +4.7099	 -4.3521	 +0.9491	 +2.6539	 +1.9503
 -0.5480	 -2.2916	 -0.4824	 +2.4389	 +0.2936	 -1.7211
-49.0747	 +7.6174	 -0.2038	 -2.0418	 -1.5168	 +0.4316
 +3.6672	 +3.1660	 +5.1702	 -0.4004	 -1.7715	 +2.0066
 +1.3019	 +1.8435	 +2.1489	 +1.7984	 +6.2634	 -1.3437
+11.8348	 -7.9807	 -3.6926	 +2.7785	 -1.9853	 +0.4353
 -6.8694	 -7.3405	 -1.4671	 -0.3864	 -2.1256	 +2.1076
-16.3172	 +7.7732	 +2.1743	 +0.4387	 +1.3694	 +0.9178
-31.9204	 -9.2328	+41.8993	 +0.2366	 +1.1051	 -0.4789
 -0.3156	 +0.2002	 +2.9055	 -5.7203	 -0.3839	 +3.7520
 -1.5853	 -9.3987	 +5.7369	 -2.3527	 +1.4199	 -2.2718
-39.3825	-31.5152	-23.8521	 +1.5901	 +0.3559	 +1.4945
-19.2653	+20.9737	 +4.8987	 +1.8071	 +2.2119	 +0.7636
-13.0375	 +1.5801	-10.4728	 +1.4239	 -4.3459	 +1.5870
 +9.3099	 -5.9285	 +2.0737	 +0.9381	 -1.3304	 -0.4650
 -0.8180	 -4.3760	 -4.8207	 +4.5638	 -3.6479	 +1.3621
+1871.0850	-30.6277	+790.2148	 +0.2213	 -0.2337	 +0.0662
 -6.0141	 +3.8913	 +5.7121	 +0.5607	 +0.2105	 -2.2334
 -1.2344	 -5.9071	 -2.8915	 +5.9201	 +1.5350	 -0.8189
 -1.3313	 +2.4476	 +5.7305	 -1.5961	 +0.4533	 +5.1600
+25.7270	-16.3281	-14.2221	 -1.0731	 +0.0154	 +1.4921
 -4.8219	 -4.1776	 +1.8666	 +2.5843	 +4.0783	 +1.8751
-55.1155	-47.4700	-69.1755	 -0.9084	 -1.3389	 -0.3104
 +4.6265	-11.3257	-23.4516	 -0.0948	 +3.6642	 +1.1760
+20.2994	 +4.5885	+22.4259	 -2.1639	 +2.1030	 -1.5751
+19.8760	-27.5911	 +9.9258	 +1.0839	 +0.5047	 +0.4153
 -8.8858	 -1.6846	 -6.6155	 +1.3490	 +0.3919	 +0.4385
+13.4232	+26.4520	 -9.7323	 +1.5175	 -2.4599	 +0.4434
 -9.3629	+21.1049	 +3.3717	 -0.0739	 +0.2124	 -0.2053
 +4.9346	 -6.8169	 -0.1976	 +1.5679	 -2.0280	 -1.0796
 -0.0815	+10.4105	 +6.4691	 +0.8835	 +0.5957	 -0.4712
 -0.5671	 +1.3871	 -8.6023	 -0.1453	 -4.3278	 -4.4709
 -4.0066	 -3.4870	+13.7349	 +0.7576	 -1.0607	 +0.0474
 +2.0780	 -2.9255	 -7.6296	 +2.3536	 +2.0994	 -1.0742
 +6.4644	 -0.4433	 -6.4806	 +1.4822	 +1.3265	 +3.7403
 +2.0583	 -5.3728	 +6.2860	 +3.0890	 -3.1362	 -0.4841
 -2.7977	 -0.3767	 -1.4728	 +4.4081	 +2.4755	 +1.4578
+20.6404	+14.9631	-24.5353	 -2.6705	 +0.0978	 +0.9674
 -0.8884	 +5.7370	 -1.1812	 +2.0060	 +2.1356	 +3.7781
 -3.4558	 +0.0722	 -1.5736	 -3.0751	 -1.6190	 +2.3677
 -0.8082	+14.7612	+11.9379	 +0.1213	 +2.2686	 -3.8992
 +1.8885	 -3.2419	 -5.8969	 -2.9676	 +3.0470	 +1.4793
-10.5038	 -2.0201	 -0.3304	 +2.2419	 +0.5425	 +1.2201
 -8.5808	 +6.5814	 -3.5180	 +2.0262	 -1.1984	 +2.3281
-13.7821	 +1.1559	 -3.4779	 -1.5788	 -2.6348	 +1.0283
+11.2584	-11.7118	 +0.3617	 -0.0541	 -0.0268	 -0.6649
 -0.9033	 +7.2585	 +4.6852	 +1.2897	 -1.3323	 -3.1482
 -4.8609	 -0.3925	 +0.5293	 +3.4177	 +2.5909	 -1.5428
-15.2880	 +8.3916	-16.2842	 -2.9051	 +0.3979	 +1.7303
-23.5737	 -4.7015	 +6.2959	 -2.2947	 -0.9958	 -2.5369
 -8.4982	 +4.9160	+11.5625	 +0.3347	 +0.9413	 -0.7097
-134.6237	-41.7469	+71.3243	 +0.6449	 -0.9568	 +0.7043
 -2.4330	 -0.8035	 +0.2495	 -0.7825	 -1.0547	 -1.9284
 +0.2830	 -7.5836	 -0.9981	 -4.5214	 -0.1064	 -1.8835
 -8.2377	 -3.6589	 +5.5966	 +4.3554	 -2.7915	 +0.5001
 -6.6686	 +3.7822	 -0.3083	 +1.5748	 +2.2436	 -5.7119
-12.0407	+10.7315	-15.0843	 -1.9394	 +1.0060	 +0.1443
 +7.0689	 +0.0340	 +2.9910	 -1.1986	 +4.8348	 +0.8322
 -5.6463	 -3.6543	-13.4879	 +0.4128	 -2.5208	 -1.1423
-113.9366	-104.1637	+101.6312	 +0.3728	 -0.2795	 -0.0980
-19.4810	+31.4997	+25.5025	 +1.9793	 +1.5568	 -1.3239
-19.2670	-27.1189	 +6.0592	 -1.6785	 +0.2101	 +2.4127
-29.8558	 +9.9308	-22.2814	 +1.3841	 -0.3052	 -2.7148
-11.9779	-24.0972	 -7.0358	 -2.1950	 -0.0684	 -0.7056
 +1.6376	 -1.5756	 -3.7775	 +1.5958	 -1.7289	 -2.8648
 -3.8916	 -0.6210	 +1.0345	 +0.3751	 -1.1067	 +2.4800
 -7.5926	 +4.0204	 -3.3838	 +4.2609	 +1.4019	 -1.8184
 +5.4546	 -7.5568	 +6.5055	 -1.0964	 +0.9619	 -2.5966
-23.9451	 -5.9920	 +2.5803	 -0.2248	 +0.6304	 -1.3167
-17.0408	 -9.3336	 +9.3133	 +1.0433	 -3.1041	 -0.7705
+22.3995	-97.7667	+21.3456	 -0.9545	 +1.1977	 -1.1734
 -9.9176	 +3.0828	 -1.1529	 -2.2509	 +2.0300	 +4.0997
 -0.1448	 -2.1601	 -7.1374	 +1.1637	 +0.9582	 +0.8738
 -2.1479	 -2.7172	 -2.9005	 +2.1611	 +1.9845	 -1.7065
 -2.3978	 +0.9620	-11.6884	 +0.4971	 -2.9539	 +2.4718
 -4.4431	 +5.9536	-10.0063	 -2.6911	 +2.2526	 +0.4786
 -9.5928	+11.9367	+18.3841	 +0.1259	 -2.5937	 +0.1501
 +7.8979	 -2.3963	+20.9037	 -0.6849	 -0.5262	 -1.4187
 -2.6534	 +9.4389	 +7.2849	 +2.8574	 +1.1349	 -5.2276
 -3.4636	 +2.3397	 -2.6954	 -2.5054	 -2.7398	 +0.5027
+10.6866	 -5.4322	 +1.7346	 +2.0533	 -2.3435	 +1.9154
 -4.9154	 -4.7154	 +1.9492	 +0.1027	 -3.2867	 -3.4285
 +1.9829	 +0.4363	 -5.0158	 -1.1848	 +0.4596	 +1.5861
-13.8455	-19.8452	 -5.7492	 -0.6005	 +4.2022	 +1.3479
 -1.9470	 -3.8633	 -2.1065	 -1.1718	 +1.9618	 -7.1697
 -4.6212	 +1.7021	-13.7974	 +0.3923	 -0.9126	 +1.9286
 +1.6379	 -2.9848	 -4.1339	 +0.9197	 +3.7412	 -1.1456
 -3.3591	+10.2204	 +2.9376	 +1.3306	 +1.1109	 +0.2808
-156.2846	-52.5769	+202.2546	 +0.5211	 -0.6823	 +0.2366
 +2.3482	 -3.8616	 +1.1523	 -0.9863	 +0.2556	 -0.1822
 +6.3589	 -8.0504	 -6.9997	 +1.8546	 -1.0473	 +1.1464
+11.6705	 +3.3145	 -3.3409	 -1.2090	 +0.5714	 +2.3723
 +2.3657	 +6.4878	-11.1683	 +0.5026	 +4.4170	 +0.2443
 -2.3152	 +1.3932	 +5.8070	 +0.3181	 -0.1576	 -3.4120
+31.9900	+39.0291	 -1.4288	 -0.8121	 +1.7933	 -1.9315
 -5.3323	 +4.7879	 +6.7464	 +2.2000	 +0.6020	 -3.3776
 +4.3913	 -7.3395	 +7.4453	 +3.5285	 +0.8020	 -1.7545
-10.8626	 +3.5549	-20.5747	 +3.0083	 +0.6437	 +0.6249
 +1.6509	 +9.0347	 -9.9064	 +0.2108	 -1.5656	 -0.8368
 -6.0470	 +2.3434	 +3.0951	 -1.9388	 -1.6307	 -1.4908
 +0.1613	 +9.2453	 +4.0149	 -3.1769	 -0.6320	 -0.3734
 -0.1700	 +1.3542	 -6.0368	 -0.0096	 -0.1244	 -0.1953
 -8.1455	 -6.3732	 -9.6342	 +1.6633	 -0.8753	 +0.1972
 -3.5761	 -6.7552	 +9.5956	 +0.0211	 -0.0802	 -0.6753
+10.1877	 -2.3910	 +1.9118	 -2.3779	 -0.2976	 +2.7202
 -5.5715	 +1.9996	 -1.8503	 -1.5844	 +1.0932	 -0.3992
 -2.6161	 -4.0651	 -4.2733	 +2.3743	 -0.6223	 +3.1061
 +5.9400	 +0.6821	-10.6385	 -0.9796	 +1.5015	 +0.3466
 +0.2153	 +1.5783	 -6.3919	 -0.7589	 -0.1462	 -0.9573
-15.6512	-14.4160	+16.4571	 +1.4436	 +1.4409	 +3.6662
 +0.9556	 +0.2504	 +1.1138	 -1.0654	 +0.0890	 -1.5207
+12.2892	 -8.5207	 -4.2343	 -1.2451	 -2.0671	 +1.1923
 -7.9027	 -9.6833	 -5.5739	 -1.7354	 +1.0750	 +2.3328
-14.4331	 +1.6267	 +7.5088	 +2.9476	 +0.9854	 -1.8822
 +1.2142	 -7.9271	 -0.7117	 +3.4630	 +0.0312	 +2.0772
 +8.0043	 -5.8883	 -7.6369	 +2.8853	 -2.9569	 +2.4124
 -5.5500	 +6.5731	 -2.7815	 +1.1485	 +1.9683	 -1.8129
-14.6504	+27.6234	-43.5635	 +0.5706	 +0.3180	 -1.2101
 +8.5489	-11.8066	-50.8562	 -0.0904	 +1.0034	 +0.4709
 +3.0477	 -3.1667	 -4.8935	 +3.0523	 +0.3131	 +1.6743
-16.9882	 +0.1300	 -9.0291	 -1.7134	 -2.6838	 -1.7628
 -1.8604	 +1.1115	 +2.5493	 -3.0078	 +1.5972	 +0.4444
-12.1098	-13.3227	 -5.9624	 +1.2998	 +3.4743	 +0.2397
-18.8212	-71.4053	 -3.3114	 +1.2632	 +0.7869	 -0.6933
 -0.8205	 -0.1478	 +8.6485	 -1.8861	 -3.3217	 +0.9732
 +3.3476	 +4.3486	 -4.7757	 +2.5927	 -3.6062	 +2.5027
+18.2267	 -6.0367	 -5.1506	 -1.5848	 +1.5136	 -4.2586
 -5.7113	+10.0249	-12.4053	 +3.6329	 -0.4122	 +3.4142
 -4.8447	 +3.2751	-19.1588	 +1.8724	 -1.1253	 +0.4517
-10.8211	 -0.2118	 -9.3993	 +2.5172	 +1.5826	 -0.1566
 -6.6515	 +4.0621	 -0.9507	 -4.5122	 +3.2612	 +0.8254
 +3.1094	 +0.4659	 -2.9588	 +2.9795	 +4.6428	 +1.9471
 -5.2876	 +0.7676	 -1.7477	 -4.0951	 -1.2306	 +2.4093
 -7.4211	-22.5214	-13.6185	 -0.6313	 -0.0046	 +2.4783
 -2.8691	 +3.6744	 +1.5350	 +3.5243	 +1.5701	 +1.2316
 +4.5576	+14.7063	 +7.0285	 +0.0648	 -3.0034	 -1.3176
-58.5088	 -4.2860	-10.6717	 +0.2777	 +1.2606	 -1.0650
 -3.3035	 +1.4846	 +1.3079	 +2.1485	 +1.0182	 +1.6575
 -0.0153	 +0.5023	 -8.5582	 +3.2420	 +2.8013	 -0.9670
 +6.3664	 -5.8892	 -3.6399	 +0.9422	 +3.8096	 -0.0024
 +2.2626	 -1.3288	 -6.9181	 +0.9354	 -3.4279	 -1.0153
 -2.4005	 -4.4147	-14.7777	 +3.2950	 +2.2686	 -2.7225
 +0.9137	-11.0990	-24.4570	 +0.5440	 +2.0539	 +2.1112
 -8.9002	 +7.1994	 +2.8098	 -0.0891	 -0.1430	 +5.2229
 -5.4496	 +1.7424	-13.1702	 +4.4393	 -0.2661	 -1.9118
+10.9728	 -0.1258	 -3.6614	 +2.4734	 -2.3830	 -0.9821
 +2.7102	-29.7389	-20.5272	 -0.6861	 +0.5766	 -1.0177
-11.0669	+20.1158	 +0.0999	 -1.2250	 +0.5492	 +2.3632
 -4.2087	 +0.5571	 -1.3867	 +1.3774	 +2.4540	 +2.6890
 +0.8047	 +0.8929	 +5.7131	 -1.9462	 -4.4281	 -0.1186
 -7.2693	 -9.5971	 +7.5535	 +0.1599	 -2.5714	 +1.9522
 -2.2699	 +5.5663	 -6.2468	 +0.9108	 -4.5682	 -2.6674
 +3.1670	 -1.0721	 +5.1109	 -2.9286	 +2.1072	 -2.4791
 +1.3733	 +0.7698	-11.2686	 -5.2142	 -1.2525	 +0.2665
 -0.1800	 +8.6715	 +4.8686	 +1.1456	 +3.0303	 +2.0092
+34.5491	 +6.6172	 +4.2945	 +0.9281	 -0.0786	 +0.7930
-23.4083	+12.7505	 +1.0843	 +0.9493	 +0.1494	 +1.8120
 -4.1215	 -4.5427	 -7.7493	 +0.7347	 -0.4020	 +1.9028
 +4.9576	-21.4349	-19.8696	 -0.9455	 -2.4054	 -1.8716
 +6.1099	-11.7397	 -4.6409	 -0.8441	 +3.5463	 -2.2597
+10.6716	 +8.8283	 -4.6300	 +0.5915	 -1.6215	 -2.0941
-33.4113	 +7.8345	 -1.3156	 +2.5504	 -0.1274	 +3.3278
 +5.0299	 +5.0212	 -0.7336	 -0.3027	 +2.7669	 -1.4621
 +8.5435	 +6.0641	 +5.6074	 +0.1081	 -3.1901	 +0.0328
 -2.3564	 +6.6865	 +0.4783	 +4.1939	 +0.1092	 +2.8235
-12.7389	-11.2925	 +8.6393	 -0.3218	 -1.6863	 +1.5086
 -9.6703	 -2.7520	 +0.9266	 +0.8981	 -4.4134	 -1.0626
 +1.9768	-13.4029	 -8.4073	 +2.7396	 -1.6049	 -1.4676
 +1.7527	+15.7487	 -1.9421	 +3.5875	 +1.0683	 +1.6600
+17.6874	+12.2843	-15.6596	 +2.5456	 -1.6463	 +0.0512
-19.1166	 -4.7971	+16.2683	 -0.4889	 +2.8453	 +2.3001
+30.8706	 -8.3721	+67.6736	 -0.0706	 -1.8381	 +0.6238
+10.2815	 +6.8556	 +4.9250	 +1.4649	 -0.6487	 -0.4673
 +0.0802	-13.4261	 -4.6411	 +2.6334	 +1.5142	 -1.9081
 +2.4800	 -0.8836	 +2.2651	 -0.1281	 -1.5300	 -1.4504
-18.1138	+10.2455	-15.6469	 +1.6401	 -1.4060	 +0.8015
 -4.5269	 -3.0067	 -4.3220	 +3.9720	 +2.9235	 +2.8277
+24.9158	 +2.9480	 -4.4295	 +2.1013	 -0.5005	 -2.1058
-11.4644	-16.9381	 -3.6275	 -1.5101	 +2.1648	 +1.6921
-14.2971	+14.3648	-13.9176	 -1.9833	 +2.3440	 -2.3306
 -7.0975	-22.1905	 +9.6279	 -2.6065	 -1.0546	 +1.6842
 -3.3976	 +4.4997	 -0.3181	 -2.0881	 +0.3421	 +2.6247
+12.1725	 +5.9023	 -9.9848	 +3.2871	 -1.7034	 -0.0670
 -0.1252	-19.8442	+14.4442	 +1.5301	 +0.6114	 +0.2569
 +1.0331	 -7.8555	 -4.5843	 +1.3638	 -0.5532	 +2.8511
 -1.1124	 -5.8089	 +0.1327	 -4.9591	 +0.7744	 -3.4932
 -9.8646	 -2.7873	 +0.2626	 +0.5441	 +0.4327	 -2.3676
 -1.4537	 -2.3761	 +0.0750	 -3.7387	 -4.7177	 -2.6658
 +3.4283	 -7.8301	-15.0199	 -1.6708	 -1.4330	 +0.8514
+10.2880	 +2.1285	+28.1332	 -0.2491	 -1.8354	 +1.0303
 -4.5216	 -8.6022	 -2.3506	 -2.3901	 +0.1795	 +0.3449
 -1.4564	+12.5974	 +2.0215	 +0.5796	 +0.9383	 +4.2513
 +5.6493	 +2.1452	 -6.0682	 +0.8319	 -0.9351	 -2.7442
-10.6559	 +2.1673	+13.6743	 +2.3136	 -0.0171	 -2.3721
 -5.4065	 -3.9479	 +5.6912	 -3.1410	 +0.5135	 +2.3762
 +3.8201	 -1.1917	 -1.1046	 +0.1498	 -1.1225	 -3.0607
+33.7796	 +8.1341	-19.3252	 -0.6024	 -1.1598	 -0.0691
 -6.2311	+11.9120	-27.0422	 -3.2040	 -0.3505	 -1.3680
 +0.0956	 +1.7174	 +0.5421	 -4.4803	 +0.5310	 -2.0598
 +1.4558	 -4.5088	-10.0935	 +3.8570	 -0.1384	 +1.0420
 -0.7838	 +0.9041	 -1.7603	 -0.2185	 +6.0934	 +1.6040
 -6.5525	 +5.5614	 -3.1097	 +0.0375	 +2.0613	 -3.7029
 +1.3174	 +8.6864	 -0.6802	 -0.6786	 -3.9863	 +2.8210
+13.4693	+10.8806	 -2.3521	 -3.1346	 -2.1719	 -1.4039
+24.4870	 -0.0476	 +6.3731	 -2.1571	 +0.8451	 +0.5925
 -1.0732	 +0.8498	-11.4981	 -1.0618	 -1.3142	 -0.8071
-13.5390	 +0.5670	 -2.9246	 -2.0203	 -1.0406	 -2.6111
 +0.4862	 +0.8244	 -3.8804	 +1.1221	 -0.3742	 +2.0848
 -1.5511	+11.3062	 -1.6331	 +1.8994	 -3.2203	 +1.8948
+17.7956	-63.1332	-33.3412	 -0.4286	 +0.9042	 +0.6881
 +1.7590	 +9.0244	 +8.9290	 -0.4618	 -3.2778	 +2.3907
 +2.0254	 -2.8319	 -5.4150	 +1.3069	 +0.9592	 -0.7200
 -6.8065	 +3.1375	-11.4280	 +1.8377	 -0.5486	 -0.0097
+10.8355	+18.6643	+29.3233	 -1.0176	 +0.0542	 -1.0010
 +1.5128	 -3.0652	 -0.9154	 +2.6212	 -5.8461	 -0.9812
 -0.7918	 -1.3425	 +4.0290	 -2.5857	 +3.3933	 -2.8315
+16.0683	-18.8779	+21.6980	 -0.7232	 +1.2562	 -2.0727
 +0.4888	 -7.6162	 +1.4390	 -2.9490	 -1.0591	 +1.1741
-72.1210	-57.5851	+28.0748	 +0.5460	 +1.2446	 +0.5243
-12.8401	 -4.4524	-12.4195	 +2.4846	 -0.4424	 +0.6281
+60.2479	+42.7175	+41.7632	 -1.2287	 -1.2590	 -0.3422
 -5.9168	 +9.5673	 -6.7139	 -1.3687	 -2.7856	 +3.1607
 +9.7094	 -6.8777	 +0.5704	 -0.9101	 -2.0909	 +0.3103
-109.5433	+51.7343	-21.6327	 -0.5313	 +0.7759	 +0.2664
 +2.5786	 -4.2663	-14.8449	 -3.4648	 +0.0815	 +1.7948
 +7.0512	+11.1411	 +4.0739	 +1.5917	 -0.0443	 -0.7687
 +5.7164	 +1.0579	 -4.5622	 +1.1533	 +0.3113	 -3.9963
 -1.7518	 +2.8221	 -5.9079	 +1.4085	 +2.8972	 -1.4898
 -0.7894	 -3.0882	 +0.4617	 -2.4475	 +1.8023	 -2.3544
 -7.8644	 +9.3336	 -4.2881	 +1.7365	 +3.8094	 -1.8841
 +0.3117	 +1.7803	 +0.2248	 +4.3422	 +3.1590	 -0.0214
 -6.1414	 +1.3476	 -0.8615	 +3.0879	 -4.6512	 +1.0776
 -6.3208	+11.5315	-12.2730	 -0.5282	 +4.7716	 +0.0929
 +6.0248	+10.9345	-11.0885	 -0.2415	 -0.8206	 +1.4326
 +0.0600	 +0.7780	 +0.0128	 -1.6441	 +2.4289	 -1.4429
 +3.8134	 -2.7561	 -3.8834	 +0.7443	 +2.6171	 -2.4041
 +4.4291	 +2.2930	 -1.9787	 +2.3186	 -1.8137	 +3.7819
-33.6949	+11.0733	+12.6363	 -1.3278	 +1.0417	 +0.5293
 -6.5724	 -2.6520	 +5.3616	 +3.0425	 +4.7601	 +2.4478
 -2.2631	-13.3607	 +8.9774	 -1.3656	 -4.4951	 +2.1402
-14.6989	 -4.2991	 +4.2205	 +1.4027	 -0.8436	 +3.9424
 -2.0388	 +1.3395	 -6.5595	 -2.3245	 +0.9655	 -2.0679
 +9.7195	+15.7389	-22.2180	 -1.2119	 +1.0345	 -2.5462
 +1.1067	 +7.7621	 -8.0325	 +3.6749	 -1.7096	 -0.4757
 -9.5021	 +2.1558	-14.8366	 +1.0885	 +0.7912	 -1.1079
 +3.0341	+11.1955	 -0.9918	 +0.3323	 -2.7323	 +1.4894
 +4.3161	 -2.8774	 +3.5982	 +0.5452	 -4.4440	 -2.0803
 -8.2355	 +3.7991	 +6.9476	 -0.3248	 -0.2402	 +0.5881
-14.9770	 -2.4904	+15.5541	 -0.5117	 +1.3393	 -1.1280
-44.4266	+10.6106	 +4.5004	 -2.3539	 +1.5003	 +0.8297
 -0.4340	 +3.4613	 -1.5791	 -1.2286	 +0.1677	 +0.9136
-26.8282	+11.1493	 +9.0539	 -1.0122	 +4.5946	 +0.1990
 -9.0571	-10.9128	 +6.8315	 +1.0161	 +0.9918	 -0.9201
 -5.6937	 -1.8404	 -3.5674	 -4.0607	 -3.1921	 -2.1448
 -4.6338	 -0.9868	 +3.3131	 +0.8562	 -0.8445	 +1.0351
-14.9717	-51.2900	+32.4440	 +1.8988	 +0.0476	 +0.8543
 -3.4781	 +8.8345	 +0.2874	 -1.8329	 -1.8196	 -1.8112
 +0.2828	 +0.4675	 -6.8973	 +4.7337	 -0.3988	 +1.5377
 +1.2425	+16.3700	+15.2010	 -1.8655	 +0.1576	 +1.9037
 +5.2770	+15.2428	+16.8496	 +0.4053	 +1.7730	 +0.6554
 -0.8269	 +6.7007	 -5.8882	 -0.8239	 +1.2695	 -3.1747
 -4.5665	 +7.1688	 -1.4682	 +1.5246	 +0.8502	 -0.9391
 -2.7114	 -2.4356	 -4.7292	 -1.5010	 -0.3967	 +4.4330
 -2.9731	 +3.1764	 -2.7392	 -0.0282	 +0.0223	 -1.4075
+10.9228	-12.8453	 +2.4334	 +0.8613	 -2.6602	 -0.7725
 -2.0962	 +1.0096	 -2.6432	 +0.1343	 +2.8578	 -3.7333
 -2.0624	+22.0196	 +0.8438	 +1.8068	 -0.4053	 +2.6784
 -6.6272	 -5.7397	 +1.5794	 -0.4014	 -2.8641	 +0.9499
 -5.3146	 +2.4941	 -0.1699	 +1.0544	 -0.9645	 +1.4636
+19.4499	+13.5362	 -2.8346	 +0.4135	 -2.2076	 +0.3470
-10.8781	 -2.0430	-11.7531	 +2.8486	 +0.2094	 -0.5092
 -2.4858	 -1.9919	+11.2532	 -1.2590	 -1.2767	 -3.2870
 +2.9980	 +1.6484	 +0.2582	 +0.6912	 -0.1456	 +1.7755
 +9.1027	+10.2673	 +4.8915	 -2.2592	 +3.1643	 -0.1836
 +4.3973	 +2.3502	 +1.9210	 +5.2943	 -3.2220	 +0.3179
 -3.9487	 +9.7232	 -5.6366	 +2.6172	 -2.4026	 -0.6895
 +4.5703	+15.6392	-16.9499	 -0.3920	 +1.2667	 +1.4826
+11.5198	 -1.4577	 -5.4150	 +0.5880	 -3.6363	 +0.5137
-10.3294	 +1.9311	 -2.2918	 +2.1635	 +2.0698	 -0.5889
 -0.1320	 +5.0670	 -7.7318	 -0.7197	 -3.2110	 +1.2986
-13.4774	 +3.6526	+10.2608	 -2.2172	 -0.2758	 +1.6792
 +7.7228	 -9.0688	+36.7800	 -1.0577	 +0.8212	 +1.9557
 -3.0872	 -8.5004	 -3.2924	 -0.2470	 -1.3367	 -3.1423
-16.1410	 +7.4773	 +0.7614	 +0.4512	 +3.5998	 -0.0550
 +3.9564	 +0.7531	 -1.8008	 +0.9271	 +0.0432	 +0.1372
+17.4200	 -9.2116	 +8.4039	 -0.3358	 +0.7562	 -0.8301
 -0.2545	 -6.6444	 -1.1521	 +3.0449	 -0.9530	 -1.1742
 +0.2507	 -0.9691	-11.6020	 +0.4879	 +6.0761	 -0.9627
 -4.4140	 -3.8487	-11.1219	 -3.0266	 -2.0059	 +2.1721
-22.7388	 +5.0659	-40.7887	 +1.0880	 -1.1072	 -1.0826
+14.6010	+16.5141	+29.9202	 -1.0964	 -0.9274	 +0.6955
 +4.7454	 -2.0239	 -0.9334	 -0.9805	 +0.9166	 +0.8329
 +1.4196	 +6.8554	 +1.0498	 -2.3250	 -1.8676	 -2.4723
 -6.1669	 +8.4496	+22.8599	 -1.1628	 +0.6772	 -2.8942
 -7.7155	 -4.5984	-10.5425	 +2.9004	 -1.5916	 +0.4343
 -2.0306	 +2.1756	 +0.9781	 -5.3773	 -1.0266	 -0.6256
 -9.2707	+15.4493	+12.9792	 -1.5572	 +0.9268	 -0.2489
 +3.9567	 -8.0332	-11.8027	 +0.2297	 +1.5057	 -1.2733
 -3.8791	 -5.7288	 +6.0011	 +2.2852	 -4.4006	 -0.2163
 -2.7835	 -4.2877	 -4.7957	 -2.8750	 -1.6061	 +0.2648
 -2.8430	 +3.7204	-11.7282	 +3.5172	 -1.3312	 +0.6142
-17.9389	 +0.8613	-16.3892	 +2.8272	 +2.3179	 +1.2785
-12.1279	 -6.4834	 -0.6252	 +1.6850	 +0.8134	 +3.0933
 +4.7008	 -1.5915	 -4.6718	 -0.0467	 -0.6813	 -2.1206
 -5.0834	 -2.3429	 -3.2749	 +0.9094	 +2.6153	 -3.2518
 -2.4857	 +3.1941	 +2.1246	 +1.1457	 -4.6940	 -1.9486
 -1.1550	 +3.6412	 -0.7938	 +1.0392	 +0.9701	 -3.6458
+22.7241	-14.9507	 +4.6025	 +1.2595	 -0.1005	 +1.1142
-15.2321	+18.9103	 -7.9009	 -0.9901	 -0.3271	 -0.8829
-11.4802	 +3.6910	 +0.9482	 -0.9184	 -1.3756	 -2.2713
 +0.1178	 +3.8838	 -9.1765	 -1.4586	 -3.2839	 -3.0791
-14.0240	-10.6343	+10.2555	 -1.1439	 +1.5499	 -0.2783
 +8.7793	+10.4012	-19.8753	 +2.6095	 -0.9265	 +2.1358
 -1.6477	 -4.2177	 -1.1957	 +6.8665	 +2.7137	 -0.9588
+20.3491	-12.1441	-24.5078	 +0.0934	 -0.1118	 +2.0201
 -0.4851	 -4.0558	 -3.7529	 -5.1356	 -5.3834	 +0.9461
 -7.0770	 -0.4058	 -2.7144	 -0.5299	 -2.5793	 +3.5109
 -0.7995	 -1.2452	 -2.1522	 +0.8510	 -1.7450	 -2.8524
+23.3174	 +6.6850	 -0.1051	 -0.0357	 +1.7912	 -0.2383
 +4.7433	-12.0877	 -7.9685	 -3.7106	 +0.6422	 -3.9426
 -4.9231	 -5.8811	 -1.1368	 -3.6410	 +1.3422	 -5.5398
+21.5255	 -6.5322	 -6.3927	 +0.9287	 +0.8859	 +0.1900
-19.7425	 -4.0425	 -4.8891	 -0.6249	 -1.9410	 -0.3000
 -5.2519	 +7.3157	 +4.9073	 +2.7857	 +0.9687	 -1.6095
 -8.1360	 -2.4763	-10.4977	 +2.3341	 +2.3443	 -0.1859
-14.9534	 -3.2931	 -0.7429	 +1.1720	 -0.2262	 +0.8897
-18.0876	 -2.7211	-10.2942	 -0.9114	 +1.6622	 -2.7280
-26.3063	 -6.8879	 -5.1223	 -3.0782	 +2.6092	 +0.8296
 -0.4147	 +0.1470	 +3.7258	 -3.8442	 +2.6069	 -4.0175
 -1.4251	 -2.2975	 -1.6150	 -1.2991	 -4.2517	 +2.2241
 -3.7636	+18.3387	 -1.1116	 -0.9748	 +1.6577	 -2.6550
 +3.5807	+10.6860	 +3.1603	 +1.1280	 -3.6033	 +0.1806
-12.6028	+14.2117	-48.8742	 +0.1179	 +0.0242	 -0.1844
+11.2054	 +7.9364	 -2.0698	 +1.5597	 +2.8287	 -0.4315
+14.2529	 +6.5480	-13.8506	 +1.9844	 -1.5506	 -2.1168
-12.5667	 -3.1137	 +0.7236	 +2.6226	 +0.0416	 +3.0062
 -6.6833	+17.4579	-18.9201	 +0.9465	 +2.4986	 +2.7628
 -0.8859	-11.5554	 -4.9438	 -1.1449	 +3.5627	 -1.5326
 -4.5183	 -4.2888	 +0.1727	 +0.9768	 -2.5225	 -2.4302
 -3.1244	 -1.8492	 -6.8992	 -6.0927	 +0.2192	 +0.9966
 +0.8426	 +0.5093	 +2.8760	 -3.3411	 -0.2759	 +1.2044
 -9.5127	-13.4066	 -1.2319	 +0.2486	 -1.3850	 -0.2447
 +0.3380	+24.9252	 -2.4431	 +2.8316	 -0.3334	 -2.7429
 -0.5495	 +2.1544	 -3.5665	 -1.1305	 -0.9221	 +1.8972
+10.6626	+11.6313	 +6.3437	 +0.3838	 +1.8283	 -1.5645
 -4.2897	 -8.4622	 -2.1267	 +1.2505	 +2.0796	 +4.7116
 +1.8886	 -9.7982	+18.0162	 -1.5688	 +0.9178	 +0.0749
 -2.4353	 -0.5544	 -9.9711	 +1.8823	 +0.9031	 -1.0483
 +4.4549	 +2.5411	 -8.3219	 +0.9217	 +0.8490	 +1.1004
 +4.0768	 +4.2985	 -0.2839	 -3.3860	 +0.8386	 +0.4186
 -3.6684	-17.0801	 +6.7379	 -2.4241	 +1.8736	 +0.2852
 -4.2287	 +5.2600	 -4.6720	 -1.4316	 -0.5405	 +0.0266
 +0.6061	 -0.7701	 -4.3148	 -2.3626	 -1.6716	 -0.0846
 -5.9156	 +1.6448	 -4.0605	 -0.3244	 +0.3873	 -2.8670
 -1.1082	 +6.7260	 +0.9187	 -0.4793	 -1.3008	 +0.2398
 -4.7025	 +0.8198	 -0.0798	 -1.8568	 -3.2481	 +1.6659
+10.4664	 -2.4537	 +4.2373	 +0.7468	 +0.1848	 -1.6126
-12.7143	+20.0665	 -7.1902	 +0.9391	 -2.4426	 +0.9533
 -5.1907	 -8.7546	-15.4556	 -0.3221	 +2.9160	 +1.3563
 +6.1870	 -1.5781	 -3.9918	 -0.9208	 -4.2017	 -0.4733
 -4.4919	 -1.5673	 -0.9787	 -2.0932	 -0.6015	 -1.0020
 -2.8849	 +4.4187	 -9.5824	 +0.0430	 -3.0666	 +1.0229
-19.3908	 +2.1759	+14.2154	 -1.0574	 +0.1382	 -4.0971
 -3.1305	 +6.8736	 +6.2584	 -2.9789	 +0.8866	 +5.6421
 -0.0887	 -3.0166	 +0.9231	 +0.3310	 -0.3494	 -1.2777
 +1.7353	 +2.2439	 -2.5312	 -0.0749	 +0.1189	 -0.6376
 +2.2094	 +9.2685	 -2.0497	 +3.1411	 +1.4053	 +0.8216
 -1.1818	 -4.8896	 +0.4133	 -2.3053	 -0.4680	 -5.5222
+20.0892	 -6.8765	 +4.3058	 -2.8462	 -1.5345	 -3.0958
 -0.1748	 +1.9680	 +2.0989	 +0.0428	 +2.8457	 +0.2006
 -2.2046	-35.0276	+58.2404	 -0.3747	 -1.1572	 +0.4820
 +0.0913	 -6.3370	 -0.0320	 -0.9331	 -2.7762	 -1.2228
+37.4550	+35.0786	-30.2618	 -1.7716	 -1.2216	 +0.5950
 +1.7666	 +3.1656	 -2.3696	 -0.9565	 -3.1720	 +3.3559
 -1.9129	 -0.2858	 +0.3333	 -1.0608	 -3.5536	 -3.3114
+51.9012	 +1.5696	-44.3694	 -0.3172	 -0.1717	 +1.5146
-12.9991	-32.9400	+27.4565	 +2.5965	 -2.0024	 +1.5068
+104.1820	+58.5510	+14.9809	 +0.0425	 -0.7969	 -1.6089
 +1.2667	+30.6528	 +4.7135	 +2.8076	 -1.0854	 +0.6038
+23.7716	+66.7403	-34.0118	 +1.1601	 -0.3855	 +0.0210
 -8.7586	 -9.5374	 +2.7987	 +0.6012	 +1.0881	 +1.9309
-11.7822	+17.3666	 -2.9219	 -2.7511	 -1.4727	 +1.1477
 -9.9867	 +1.4251	 -6.0577	 -5.1606	 -0.7685	 +4.9406
+11.6615	+29.3319	-48.6898	 +0.7152	 +2.6605	 +0.2334
 +7.4253	-12.1192	+42.3003	 +1.4804	 +0.9586	 -1.0609
+22.4261	 +7.1390	 +2.7794	 -2.4921	 +1.4744	 +0.8859
 -2.7642	 -4.3570	 -7.9914	 +2.6415	 -3.4032	 -0.7111
 +1.1990	 -6.7925	 -4.8506	 -5.4929	 +2.4141	 +1.6200
 +8.2442	 -4.8878	 -1.9040	 +1.6412	 -0.4933	 -3.5417
 -1.7558	 -3.7895	 -3.0624	 -3.6693	 -1.2153	 +5.3370
-11.7937	 -9.0218	 -6.2445	 +0.0305	 +2.0015	 +0.9367
 -2.8063	 -2.2444	 -2.9041	 +4.4936	 +3.2918	 +0.8724
 +0.4707	+23.4232	 +7.6507	 -1.2385	 -2.1245	 +0.7422
 +3.7855	 +6.0839	-15.6653	 +0.1111	 +3.3176	 +0.0956
 +8.0603	+15.3268	-25.9233	 -1.6190	 +0.1107	 +0.0228
 -4.9409	 +9.5500	 -1.9043	 -1.9036	 +4.0548	 -0.6489
+17.8906	-21.1598	-11.6068	 -1.2008	 +0.9208	 -0.9700
 -4.8512	 +2.2559	 +3.1935	 -0.8382	 +0.8460	 -0.1698
 -2.0918	 +4.5438	 -2.3835	 +0.6901	 +0.9510	 -3.5690
+12.3422	-18.6147	 +0.1135	 -0.9477	 +0.9431	 -0.4493
 +2.1126	 +2.7050	-14.0461	 +0.1567	 -2.5509	 +2.8880
 -4.0878	 -6.0011	 +1.7042	 -2.9144	 +0.5417	 +5.8290
 -0.4260	 +5.7539	 +0.7578	 +1.0542	 -0.9940	 -5.3538
 +1.9061	 -1.9098	 +5.2763	 -0.0769	 +0.6871	 -3.5819
-23.3851	+24.2863	 +8.4979	 -0.0348	 +1.7829	 +0.8570
 -5.6409	-11.8500	 +1.8409	 -3.0323	 -1.4755	 -1.4757
-14.0348	 +4.8230	 -0.1085	 -3.1826	 -2.6012	 -1.0088
+13.5850	+10.5470	 +6.5227	 +3.9275	 -0.4535	 +1.2382
-12.6428	 +4.4580	 -4.2148	 -2.5807	 -0.6042	 +1.7128
 +3.7244	 +0.1394	+11.1001	 +1.1754	 -1.4985	 -2.0329
-14.6271	+66.1874	+21.5905	 +0.7345	 +0.2616	 +1.2467
+20.3705	 -6.1666	 +5.5108	 +1.5057	 +1.0645	 -0.9482
 +4.5685	-10.0116	 +6.7745	 +1.5372	 -2.7960	 +0.6783
-13.1378	-33.5512	+26.2698	 -0.8825	 +0.5612	 +1.1265
-40.3855	+34.7908	+25.4113	 +1.2498	 -0.2200	 -0.6401
 +0.5624	 +1.8233	 +1.6919	 +1.1947	 -2.9180	 -1.6799
 -3.5072	-17.8274	 -5.4770	 +3.3605	 -0.3497	 +1.7023
 +8.0662	 +9.6074	 +2.9317	 -3.9320	 +1.8886	 +2.1042
 -5.3925	 -1.7064	 -2.3423	 +2.5487	 -6.0377	 +3.8710
 +5.4610	 -2.3069	 +3.9881	 +4.8624	 -0.6450	 +0.8658
 +9.0212	+12.5136	 +7.2439	 +3.1064	 -0.5059	 +1.3680
 +4.1532	-33.2935	+110.7338	 -0.2993	 -1.4568	 +0.5501
-23.6866	+10.2098	 -3.2544	 +0.4689	 -3.0247	 +0.2809
 +5.9861	-13.2741	-18.6933	 +2.4099	 +0.9691	 -1.1722
 -4.8202	 -1.4255	 +3.3454	 -2.4168	 -3.4292	 -0.3718
+10.8064	 +0.6841	-11.3506	 -3.7405	 -2.3429	 +1.7930
 -5.8641	 -6.5256	-18.8101	 -0.4831	 +0.1948	 +2.5571
 +1.0361	 -7.4931	 +2.7454	 +3.1829	 -0.6966	 -3.9723
+24.9818	-24.9544	+39.1063	 -1.3499	 +1.1430	 -0.3757
 -9.6064	-15.9120	 -9.1717	 +2.6977	 +0.5641	 -3.3868
 -1.1712	 -8.9793	 +0.7957	 +0.9552	 -3.6528	 -1.7856
 +5.8925	 +4.4144	 -3.6527	 +0.8646	 +4.4398	 -2.7067
-16.2899	 +6.9641	+14.5710	 -1.6541	 +1.7639	 -1.4159
 +9.7667	 -5.1694	 -1.3561	 +1.0427	 +4.5221	 +2.0483
+14.2638	 +3.7124	 +5.3187	 +0.7597	 -3.4909	 -2.5212
+12.4122	 +1.1194	 +3.3883	 -3.8763	 -0.5073	 -1.6082
 -0.2654	 -0.3395	+22.7813	 -0.3600	 +2.9771	 +0.3942
 +3.5152	-10.4314	-12.4796	 -0.4083	 -5.0113	 +1.9073
 -0.5822	 +0.5945	 +5.1620	 +3.0724	 -3.0131	 +0.1169
 -5.0062	 -0.6251	 +4.9402	 -2.3678	 -1.3909	 +1.0465
-15.0820	 -3.7776	-10.4723	 -0.2007	 +0.9009	 -0.0827
-12.5119	 +3.8142	 +0.4303	 +2.0285	 +1.1296	 +0.5702
 +1.7917	 +8.1347	 -7.6033	 -0.2078	 +0.2011	 +2.5489
-17.3740	 +2.0977	 +9.7584	 +4.7386	 +0.2765	 +1.7046
 -2.4921	-10.3085	 +2.5931	 +1.2223	 +1.1650	 +2.5777
 -6.1769	 -2.1012	 -3.6296	 +1.5707	 -0.1164	 +1.0487
-11.5210	-10.5486	 +0.6303	 +1.0460	 +2.9579	 +0.6131
 -1.1599	 +7.4316	 +4.5295	 +2.0168	 -2.3657	 -0.5145
+27.1889	+23.1019	 -5.3321	 -0.8913	 +0.8528	 -0.2407
 -5.3456	 -9.3882	 +0.0060	 +2.1403	 +0.2031	 +0.5295
+25.0734	 +3.2935	 +6.0790	 -1.0377	 +2.2888	 -0.8157
 -4.9033	 -3.8624	 -7.0552	 -3.6916	 +1.1013	 -2.2936
 -5.2488	 +4.3360	 -8.2144	 +0.0475	 +1.9586	 +0.4177
 -2.2934	 +2.6685	-12.1203	 +4.4092	 -4.0387	 +0.5631
 +1.7529	 -5.0894	 +1.1908	 -0.3605	 -3.6018	 -2.3342
 -6.6661	-24.2487	 +5.0701	 +0.0273	 -3.1794	 -1.6919
-11.4511	 +9.7488	 +4.7680	 +1.8629	 +0.1497	 -3.2114
 -2.5413	 -1.7879	 -2.5309	 +0.9476	 +5.6071	 +2.8830
-16.9104	 -9.9432	+16.8046	 -3.0934	 -0.5074	 +0.8139
 -9.4120	 +0.4941	 +2.1120	 -5.4536	 +0.9613	 -0.7073
-17.4084	 -7.3276	 -6.2360	 -1.5720	 -2.5167	 +1.3136
 +0.3974	+23.6803	-11.6902	 +1.6649	 -2.4442	 +2.2568
-13.5881	+12.6579	 -3.3353	 +0.4240	 +2.5252	 +1.4178
 +3.3283	 -6.7199	 +5.4738	 -4.2889	 +1.7740	 -0.4148
+13.2596	-23.5471	 +2.4264	 -1.1514	 +1.4888	 +1.5949
+10.9472	 +3.4978	 +0.6965	 -1.6978	 +2.7689	 -1.3284
 +6.8454	+37.9582	-14.0486	 -0.1136	 +1.5762	 +2.2545
 +3.5637	 -3.1564	 +5.9897	 -0.1063	 +0.7736	 +2.2667
 -2.4148	 +8.5295	 -1.0933	 -3.5761	 -0.4619	 +0.1891
 -3.9223	 -1.9665	 -4.6814	 -0.4678	 -3.8804	 -0.1233
+86.9873	-29.4795	+51.6484	 +0.1313	 -0.9246	 -1.3742
 -0.4878	+11.0845	-14.2711	 -2.5244	 -2.1983	 -1.2722
 -0.6151	 -2.2993	 -9.1593	 +2.3042	 -3.3953	 -0.8383
 -1.2839	 +0.2479	 +7.5178	 +1.9518	 +0.9399	 -0.5843
 +2.3352	 +5.9643	-14.5311	 -1.0219	 +2.2356	 -0.4440
 -5.8886	 +0.5274	 +1.7081	 +3.4999	 +3.2734	 -4.1619
 +1.4756	 +0.1052	 +4.0511	 +1.0304	 +1.5921	 +2.4489
 +4.1247	 -6.9417	-10.6823	 -1.8484	 -2.7544	 -0.4422
 -6.5018	 +0.5541	+20.2073	 +2.3137	 -1.1131	 +2.1366
 +2.0593	 -5.4689	 +8.7961	 -3.5738	 +3.0622	 +1.6907
 +4.3901	+14.9563	+25.4810	 +0.5770	 +0.8106	 +3.6398
+10.6163	 +5.6188	+15.1689	 +0.6238	 +0.7892	 +2.0074
 +6.3225	 +1.3093	 -2.4008	 -2.6842	 +1.3610	 -0.0220
 -3.5158	 -8.2942	+21.3756	 +1.3908	 +1.2135	 -1.0919
 -9.3596	 -1.2455	+15.5177	 -1.5028	 -2.2313	 -2.4413
-19.9152	 +1.5911	 -5.5910	 +1.7597	 +0.9540	 +3.8384
 +3.4925	 +2.3715	 +2.6413	 -3.3287	 -2.7747	 -1.6312
-43.0742	+22.0829	 -0.7169	 -2.9078	 +1.3689	 -1.0380
 -2.9650	 -4.8619	 -3.0960	 +0.3920	 -6.6802	 +0.1316
-12.5017	 +2.4535	 -0.1279	 +2.8378	 +2.6235	 +2.0986
+18.1896	 +6.3354	 +7.4511	 -1.4944	 -1.0475	 -1.8631
 -3.8557	 +5.7257	+12.2939	 +2.0879	 -0.4842	 +1.2431
 +4.5065	-20.1491	 +4.5598	 -0.6355	 -0.2271	 +0.7596
 -6.4067	-11.5956	 -2.2261	 -1.9919	 +3.0009	 -1.6777
 -0.2908	+12.3516	 +5.4390	 +0.7425	 -0.4628	 +0.9430
-91.9139	-169.9768	+26.0630	 +1.0959	 +0.0061	 -0.0982
 +6.0174	 +3.9061	 +2.3245	 -1.2225	 -0.3374	 -0.3768
 -3.2376	 -6.9416	 -1.5954	 -3.7585	 +1.0019	 +3.0170
 +2.4768	 -1.5206	 -1.3753	 +3.3744	 +3.3047	 +1.6675
 -7.7555	 -2.7371	 +8.7383	 +2.0727	 -2.8910	 +4.0192
-11.6881	 -1.6570	 -0.5359	 -1.5050	 +0.2716	 +5.3571
 +0.6199	 +0.5667	 -6.9572	 +0.5653	 -3.4176	 +0.0374
 +1.3685	 -5.5327	-12.1942	 -2.1370	 +0.0894	 -0.4531
-14.0269	-11.6661	+22.2470	 +1.7307	 -3.0117	 -1.2658
 +2.4571	 +3.0851	 +1.5805	 -3.1747	 +3.8936	 +1.1195
 +2.4107	 +2.3503	 -4.7813	 -1.4152	 -1.7808	 -2.1003
 +1.2018	 -6.4477	 +3.9624	 -2.8450	 +3.9272	 +2.4041
 -0.7154	 +2.9836	 +2.0355	 -1.9646	 +4.6608	 +3.8311
 -0.2815	 -4.1317	 -1.5716	 +6.0220	 -1.0966	 +0.5520
 -4.7431	 +5.3054	 +7.7718	 -2.7484	 +0.7363	 +0.8290
 -3.3763	+21.7161	 -5.6347	 -0.7614	 +2.4391	 +2.6650
 +9.8199	 +1.6071	 -5.4355	 +0.1877	 -1.8740	 +1.7290
 -3.4601	 -1.1065	-13.1743	 +0.9200	 +1.0326	 -1.3523
 +0.4273	+28.1901	-29.9835	 +0.1967	 -1.0992	 +2.4615
 -0.5939	-19.3394	+40.0158	 +0.4436	 +0.5840	 -1.8384
+17.5390	-19.8496	 -8.5551	 -0.7048	 +3.2365	 -1.2357
 +0.4660	 +2.9071	+15.3516	 -1.7233	 -1.2779	 -2.1052
 +0.1475	 -0.0538	 +2.6492	 -3.0555	 -2.5599	 -4.7183
-13.4600	+14.5075	 +0.7200	 -2.1865	 -0.3982	 +1.0720
 +3.8889	 -5.8616	+29.0340	 -1.5564	 +1.2826	 -1.1931
-46.4304	+21.3298	-75.7241	 +1.0137	 +1.8861	 +0.0062
 +7.1968	 -0.5394	 -1.4651	 -1.7098	 +3.2466	 -0.2851
+12.9876	-16.5237	 -4.4584	 -0.8447	 +1.6595	 +0.8031
 -3.3541	+16.0989	-13.8523	 -0.2727	 +0.9101	 -0.7115
-27.7142	 -1.9994	 -7.3873	 +0.0168	 +1.1384	 +0.0314
 -0.1287	 +5.3605	 +1.8181	 -1.3986	 +2.7960	 +2.2539
 -2.5812	 +6.0854	 +3.0688	 +1.6897	 -0.7300	 -3.3388
 -3.8034	-25.1525	-16.7816	 +0.7760	 +3.0711	 -1.2582
 -1.3589	+12.0674	 +1.5900	 +2.5459	 +2.1815	 +0.3762
 -5.0357	 +1.9557	 -0.5782	 +1.5888	 -3.4243	 +2.0563
 -2.5724	 -2.1248	 +9.1816	 -2.6636	 +0.9255	 +0.1652
+19.4210	+15.4040	-33.4239	 -1.1414	 -1.0110	 +0.4775
+29.0430	+40.4137	+69.2667	 -1.0498	 -0.5761	 +1.0724
 -5.5390	 +1.6392	-23.3247	 -1.6616	 -2.6147	 -0.3094
 +2.2346	 -8.3761	+15.5776	 +2.9378	 +0.6204	 +2.2730
 +0.4662	 +1.7227	 +2.4468	 -1.5411	 -0.5251	 -0.4331
 +3.3570	+16.6996	 +6.9155	 +1.6069	 -1.2860	 -0.2475
+68.0898	+28.5508	+34.8942	 -0.6549	 +0.1805	 +0.6590
 +0.7062	 -2.3294	 -3.7696	 -2.7241	 +3.3132	 -4.5623
 -1.6008	 +6.6129	 +3.9329	 -0.9434	 -3.4152	 +2.4982
-15.3527	 -7.5193	 +0.7207	 -0.0497	 +1.4262	 -3.4199
 +1.4149	 -1.8829	 +0.7323	 -2.8968	 +2.4598	 +3.8006
-41.0146	 +9.9725	+10.9258	 +1.0687	 -1.1408	 +1.8169
 -2.1794	 +5.7525	 -9.1081	 -0.8343	 +4.1537	 -1.8538
 +1.5939	 +7.3941	 -6.2730	 +0.7590	 +3.1678	 -3.4463
 -0.9151	 -6.8175	 -1.4211	 +3.7437	 +4.7389	 +0.8335
 -8.6071	 -0.1923	+29.1139	 +1.8791	 -0.1966	 -0.8083
 -7.6472	 -4.1996	 +7.3567	 -0.7292	 -4.5454	 -1.9368
 -9.8400	 +5.7629	 -1.0919	 +2.1220	 -5.3171	 -1.1933
 +8.7258	 -3.9822	 +5.0361	 +0.3793	 -0.8073	 +0.6734
 +4.9138	 -6.7926	 +7.5146	 -4.1393	 -3.6918	 -2.4078
 -0.4902	-11.7064	 +7.7399	 -0.2544	 +1.6842	 -0.7378
 +3.4319	 +7.9457	-25.8871	 -1.7558	 +4.0296	 -0.6924
 -3.9921	 +2.2490	 -8.5530	 -1.4385	 -3.3938	 +3.0552
 -1.8881	 +4.1746	 +2.9275	 -4.8105	 +1.2665	 +3.7903
 -0.5608	 +0.3256	 +4.1247	 +0.6609	 +0.6503	 -2.3445
 -4.5762	-20.8495	 -9.3416	 +0.6638	 +0.3357	 +3.1527
 -7.1427	-11.5124	-15.4285	 +3.3090	 -0.7260	 +1.3962
 -4.1805	 +4.0908	 +0.2611	 -0.9118	 -0.5764	 +0.0375
 -4.2201	 -8.7665	 +7.2292	 -0.3667	 +1.3457	 -3.4742
+16.8960	+13.0167	-13.4022	 -0.6493	 -1.3389	 -2.2125
 -5.0890	 -6.0672	 -4.4593	 +3.1056	 +0.7823	 +0.7019
 +1.4214	 +4.8330	 +3.2773	 -2.6943	 +4.4591	 -0.8736
 -2.4281	 +4.2985	 +2.0281	 -1.1143	 +3.0496	 -2.6335
 -4.2341	+11.1322	-25.8390	 -3.4911	 -1.9630	 +0.4876
 -5.6261	 -2.6761	 +1.2046	 +0.7295	 +2.7388	 -1.7470
+20.8716	 +8.6320	 +4.0552	 +3.1233	 +1.0510	 +0.6519
 +3.2382	 +7.6552	 -0.5047	 +0.8008	 -2.4545	 +3.3698
 +3.6360	 -1.7314	 +4.2045	 -1.3460	 -5.1468	 -0.2170
-14.6165	+19.4791	+11.4866	 +0.1144	 +0.6115	 -0.0228
 -1.6111	 -2.2884	 -3.7093	 +0.6036	 -0.8406	 +0.3238
-16.3535	 +7.1129	 +4.5746	 -0.9348	 +0.9076	 -3.9654
 -4.7276	 +4.8093	 -2.8373	 +1.4897	 -3.0479	 -1.3176
 -4.8154	 -1.3514	-10.4089	 -1.9404	 +1.0662	 +0.2293
 +5.1513	 +4.9023	 -9.3518	 +0.6181	 +0.3489	 -1.6802
+22.5257	+10.3822	 -0.7147	 -0.2644	 -3.3104	 -0.2433
-84.0852	+42.9754	+24.9758	 +0.1421	 +0.0902	 +0.6028
 -8.0752	 +0.5325	 +6.6328	 +3.7822	 +3.8934	 +1.6643
 -7.1475	 -0.5930	 -2.2965	 +1.0877	 +2.8401	 -1.9008
 -4.8645	 +7.3791	 -3.9993	 -3.6246	 +1.6978	 +2.2503
 -8.0610	 -4.5113	 +1.0044	 +2.1634	 -0.6063	 +1.5508
-19.8065	+10.7797	 +4.3038	 +0.5577	 -1.6845	 -2.1418
 -7.9280	+14.3630	-31.7590	 +0.8630	 +1.6414	 -1.8639
-16.7067	-19.9305	 -1.8783	 +0.3791	 -1.2623	 +3.0277
 -1.3057	 +4.4926	 -2.1090	 +1.4553	 +3.4987	 +2.3974
 +1.9079	+12.9353	-10.4374	 +0.5656	 +0.3902	 -2.7886
 -0.3685	 +0.8701	 -8.8602	 +1.5839	 +0.2743	 +1.1875
 +3.7118	 -2.1219	 -3.7977	 -3.7243	 +0.1845	 -0.5647
 -8.9989	 -2.7078	-15.6892	 -2.8778	 +1.1492	 -1.1385
 -4.9835	 +3.4860	 -4.0446	 +3.4914	 +3.7852	 -3.9307
 +3.6034	 +1.5834	 +5.1228	 -0.4500	 -0.0748	 +0.0089
+29.8131	+19.7896	 +7.6552	 -1.5478	 -1.9197	 +1.7834
+10.4493	 +1.5654	-17.5667	 +2.7451	 -3.1064	 -0.0319
 -6.6471	 -4.8427	 +3.9833	 -0.5639	 -2.7578	 -3.6976
 -2.0794	 -0.6068	 -1.0465	 +4.1124	 -5.0810	 -2.8510
+22.9743	 +1.4581	 +0.8635	 +0.6206	 -0.5794	 -0.4092
 +0.5971	 +1.6949	 +9.1288	 +3.7420	 -1.3182	 -2.4492
 +4.7839	-14.7567	 -3.8657	 -2.2873	 -1.1939	 -0.9992
 +5.2340	-15.1124	 +3.5128	 -2.3572	 -2.6489	 -0.7399
 -0.1813	 +6.1545	 -0.1610	 -0.3112	 +2.6029	 -4.5632
+13.3806	 -6.6303	 -1.3987	 +0.3090	 +2.5019	 -1.8970
+19.3079	 +3.1213	 -9.1551	 +0.2993	 -3.8164	 +0.5995
-34.9887	-18.1680	+14.5074	 -0.1849	 +0.1848	 -3.0824
 +0.2954	 -8.6565	+12.9651	 +1.8007	 -0.1431	 +0.7926
 +2.4098	+11.2974	+13.3134	 +1.1472	 -1.1869	 -3.1481
 -8.2543	 -7.3792	 -4.5197	 +2.2857	 +5.0243	 -2.6728
 +7.6973	-10.9530	 +2.4169	 +3.0421	 +2.1445	 +1.7714
-12.0091	 -6.0904	 -8.4207	 -1.7583	 -1.6750	 +1.4663
-40.8181	+26.2126	+37.4605	 -0.0474	 +0.5451	 +0.2832
 +9.6948	 +1.9483	 +4.6997	 +5.1744	 -0.6313	 -0.5306
 +1.4962	 -1.0377	 -3.2535	 -2.0942	 -2.6072	 +3.2456
 +2.5445	+10.8614	 -5.0709	 -1.9234	 +2.8115	 +3.4132
 -5.1587	 +3.7572	 +4.7046	 -2.3562	 -1.8267	 +3.6643
 -4.5077	 +2.8050	 -1.2979	 +0.2402	 +5.6374	 +4.6241
+43.2929	 +5.5032	-16.4859	 -0.7441	 -0.7409	 +0.2988
 +0.7020	 -0.8982	 +0.2125	 +1.4678	 +4.2162	 -1.2421
 +8.8661	 +4.4190	 +6.5842	 -0.6822	 +2.1683	 +2.6987
 +6.3795	+11.4740	 +4.0546	 -0.7997	 -3.5307	 +2.0245
 -2.7796	-15.9276	-33.4300	 +1.0328	 -0.7158	 +1.0288
 -4.9563	 +1.4639	 -9.0181	 -0.6121	 +2.4157	 -1.2740
 +4.0077	 +0.5965	 +5.9560	 +0.1125	 -1.4603	 -3.1489
-101.8562	-32.4651	+84.5553	 +1.4022	 +0.1701	 -1.2382
 -0.4694	 +7.0280	 -9.6262	 +3.4513	 -2.8408	 -2.5624
+11.7301	-34.9050	+10.5035	 -1.0231	 +1.8717	 +3.5569
 +3.5908	-25.2372	 -4.3700	 +0.9520	 -0.7176	 -2.2676
 -1.0278	 +0.5500	 +0.2880	 -3.0432	 -0.6498	 -4.1255
 -4.1606	 -7.2490	 -4.2863	 +1.8995	 -3.3705	 -2.9436
 +6.3006	 +5.0606	 -9.6706	 +3.1558	 -2.8140	 -0.7505
 +7.7230	-11.5506	 -0.0725	 +0.6450	 +1.7259	 +0.6071
 -3.0999	 -5.4545	 -9.9980	 -1.7580	 +2.1956	 -2.3231
-11.1490	 -9.2652	 +6.6877	 -2.1744	 +0.5527	 +0.2934
+12.0100	-23.7396	 -6.8169	 -0.3315	 +1.4822	 -1.1129
 -4.2375	 -0.5192	 +2.7603	 +2.7331	 -0.5123	 -0.9506
-20.7777	 -6.5929	 +4.1342	 -1.2223	 -0.3916	 +0.0159
 -1.7975	 -2.0422	 +4.0164	 -0.8375	 -5.2114	 +2.8974
 -0.3083	 +1.0590	 +4.0866	 -0.1205	 -1.1869	 -1.6842
 +3.9205	 -3.3221	 -2.2554	 -2.7430	 -0.5515	 +0.2303
-12.2977	-13.9031	 -8.2232	 -0.9934	 -1.6741	 -3.5215
-64.2111	+22.8527	+50.3532	 +1.2360	 -0.8429	 -0.8437
-58.0455	-31.9776	+18.4068	 +1.3180	 +1.0408	 -0.5571
 -8.5449	 -7.2656	+10.8695	 +1.0441	 +2.3349	 +2.0462
 -2.3017	 +2.2372	 -2.8739	 +0.4461	 -2.7974	 +1.7096
-77.4503	-125.2629	+119.3309	 +0.6666	 +0.0585	 -0.0867
 -7.2414	 +5.0166	 +0.2205	 -3.5039	 -4.8207	 -0.0362
-10.7086	+10.6918	-11.0609	 -1.3634	 -1.8428	 -2.2726
 +0.8266	 +2.2990	 -4.3956	 -0.1052	 -2.8216	 +0.6470
-46.1269	-26.1605	-14.4594	 +1.8945	 -0.5567	 -1.1537
-11.3395	 +4.9562	-10.7283	 -1.4257	 -0.2853	 +0.4196
 +5.4362	 +5.2094	-18.6855	 -0.9307	 -1.6158	 +0.5341
 +8.5297	-30.8834	+36.5217	 +1.3557	 +2.2004	 +1.5675
-12.9924	 +3.2773	 +0.0990	 -1.2529	 +0.0434	 -2.3983
 -1.6258	 -7.7528	 +8.1649	 -1.9610	 +1.1886	 +1.0735
 +3.4800	+13.9282	-20.7888	 -0.0775	 -2.5217	 +1.9221
 -5.6356	 +0.9373	+18.0325	 +2.5773	 -2.8805	 +0.8106
-18.3977	+12.6438	+23.3838	 -1.6490	 -0.4419	 +1.4030
+12.7310	 +8.9432	 +2.9941	 +0.0441	 -3.3309	 +2.2190
+11.7969	 -3.0777	-11.8847	 -0.3776	 -0.5903	 +0.8093
 -9.7049	 +4.2817	 -1.0686	 +4.3247	 +2.5506	 +0.5171
 -5.2825	 +3.3876	-16.3017	 +2.3417	 -2.0173	 +0.8934
-11.3907	-15.9881	-23.3814	 -0.1102	 -0.0803	 +0.5612
 -4.1634	-12.3675	 -6.9499	 +2.0778	 +2.3098	 -1.6939
-11.5648	 -9.6412	+21.0175	 -1.4550	 +0.2355	 -0.1189
 -9.4991	 +4.1657	-10.7826	 -1.0397	 -3.1784	 -1.1661
 -7.0987	 +2.9691	 -5.7096	 +4.6927	 +0.7270	 +0.2231
-36.5810	+14.5138	+11.9941	 +0.2235	 +0.6022	 -1.6564
 -1.7734	 -8.3423	 -6.3584	 -1.2560	 +0.5650	 +2.2648
 -6.3558	-10.2818	+14.2603	 +0.9826	 +0.8470	 +1.9911
 +8.9050	+10.4644	 -3.4096	 +0.8732	 +0.3512	 +3.3588
 +2.0723	 +3.1272	 +4.5353	 -4.8286	 -0.6039	 -1.0755
-30.2997	+37.8486	-75.4319	 +0.4399	 -1.4055	 +0.6822
+10.8567	+22.5865	 -6.7121	 -1.6618	 +2.0144	 +1.3696
-13.4533	+76.5746	-52.0610	 -2.1188	 -0.6366	 +0.1715
-18.4100	 -5.5457	 -2.6775	 +0.2826	 -1.4325	 +0.3617
-14.9651	-17.7594	 -6.8768	 +1.3474	 -0.4856	 +2.0730
 +1.3102	+13.5878	 -3.8636	 -0.7004	 +4.1944	 +1.6508
 -7.9015	 -0.3153	+11.0614	 +3.3526	 +1.6910	 -1.8085
-19.6299	 -4.6811	 +6.2564	 +0.9762	 -0.9021	 +2.6987
 +2.7012	 +0.9234	 +5.2709	 +1.6085	 -3.6930	 -3.7486
 -0.2114	 -5.0179	-10.0066	 +2.7136	 -0.0711	 -1.0515
 +4.9801	 -4.3110	 +2.6135	 +0.7168	 -0.2078	 +1.3348
 +1.7068	 +9.0568	 +2.6474	 -1.8029	 -0.7914	 -5.0621
-15.4814	 +1.9556	 -0.9299	 +0.4510	 +3.2311	 -2.1121
 +1.3840	 +3.9537	 -8.9136	 -4.2904	 +2.1709	 +2.3634
 +9.6057	 +7.7901	 -1.0586	 -3.5183	 +0.0317	 +3.4677
 +8.8045	-24.8559	 -6.2819	 -3.0226	 -0.2003	 +1.8866
 -6.5944	 +0.0717	 -3.9933	 -2.0612	 -1.5091	 +4.9883
 -8.8600	 -1.2539	 +8.1141	 +0.8441	 +1.7263	 +2.9803
+10.5565	+12.3019	 +1.1096	 -1.1917	 +2.6332	 -0.7923
 -3.5918	 +9.7591	 +6.8845	 +2.5180	 +3.2983	 +0.3535
-143.5258	-178.7003	+114.0780	 +0.3719	 +0.8821	 +0.0898
 +4.2473	 -7.4271	 -1.3999	 +0.1241	 +4.6861	 -3.4183
-17.3405	+46.3271	+46.0768	 -0.3198	 -2.1900	 -0.2508
 +4.8183	 +0.4634	-11.5424	 -1.8376	 -2.5346	 +2.7075
 +7.1866	+74.6987	-83.0495	 +0.0793	 +0.0012	 +0.3359
 +0.6498	 -2.6218	-10.2499	 -1.2180	 -6.1224	 -0.3884
 -5.2884	 -4.2825	 +8.0470	 -2.1985	 +1.6776	 -0.6762
-13.5517	+25.7762	-25.3552	 +1.5485	 +0.0473	 -0.1412
-15.9027	-15.0508	 +1.2379	 +1.1955	 +3.2934	 +0.5665
 -4.5260	-14.2486	 +0.9037	 -4.5291	 -0.0059	 -1.4401
 -3.5880	+10.3061	 -1.9854	 -2.9159	 +0.7967	 +1.3937
 -2.1230	 -7.7976	 -1.0198	 -0.0554	 -3.6600	 +3.3062
-11.2313	 -2.5286	 -5.6179	 -1.2181	 -0.0053	 +1.8921
 -2.8687	 +0.9723	 +2.8998	 +2.5575	 -3.5350	 -0.7510
-11.2094	+12.1503	 -0.1916	 -3.7901	 +0.1293	 -0.9767
 -3.4088	 +3.8456	 +2.8318	 -4.5680	 +4.9356	 +1.2912
-22.0176	+25.8034	 +2.1315	 +0.4491	 -1.4092	 -0.0632
 -0.6898	 -1.6208	-21.9140	 +0.6527	 +0.5943	 -3.4086
+14.1225	 +5.3555	+10.5888	 +1.2548	 +2.1393	 -1.0980
 -4.8463	 +2.9783	-21.9052	 +1.1067	 +2.9317	 -0.6543
 +4.1264	 +6.1121	-12.7436	 -0.2859	 -2.2627	 +1.0917
 -6.9581	 -7.0482	 -3.1971	 -5.7610	 -1.3947	 +3.3943
 +2.0052	 -2.0000	 +1.6224	 +5.5983	 +2.3826	 -1.3029
 +8.6102	 +4.2848	 +8.7206	 +2.3540	 -1.7300	 +2.4855
 -0.3953	 +6.2961	 -1.0202	 -1.8982	 -3.7128	 -1.1475
 +5.6761	 -6.0146	 +8.3286	 +0.5756	 +2.2490	 +2.3650
 -6.1536	-22.4319	+12.3652	 +0.9280	 -0.3213	 +0.1570
+11.7505	 +0.8821	 +0.5150	 -2.1184	 +2.7259	 +0.2562
 -2.6391	 +3.2322	 +1.4392	 +1.3236	 -2.9650	 +2.5371
-18.8437	 +3.5647	 -1.5914	 +2.2768	 -0.6276	 +1.7526
 -0.7863	 +1.3325	 -0.7917	 -5.4013	 +4.4752	 -2.4288
 +2.6694	+14.4938	 +5.4666	 -1.3062	 +2.0322	 +1.2186
-16.8007	 +1.5352	 -5.4144	 -0.8469	 -2.5973	 +1.7829
 +6.8507	 +8.1150	 +7.7423	 -1.7018	 +1.1728	 +0.9049
 +2.2238	+13.5047	 +3.8081	 -0.8667	 +1.0644	 +2.0233
 +7.3001	+25.9395	+34.6962	 +0.5922	 +0.2741	 -1.3854
-12.9666	 -1.7600	 +1.5781	 -0.0199	 -1.5192	 +0.9885
 +2.8830	+20.4757	-11.6441	 -2.7595	 -1.8055	 +0.8212
+21.1370	-13.0186	 +9.4799	 +3.3024	 +0.3598	 -1.8889
 -6.8254	 +2.7623	 -5.8205	 -0.3153	 +1.7055	 +4.0700
 -4.8872	 -2.4296	 -3.7071	 -2.3230	 -2.7338	 -4.5795
 +4.5538	 +4.3253	 -4.4726	 +3.4339	 +2.6201	 -4.0326
-12.1321	 +1.4136	 -5.1146	 -2.4677	 -0.1303	 -0.0980
-18.7000	+10.6547	-25.5218	 -0.0851	 -1.0896	 +1.9855
 +5.0280	 -2.7693	-14.3911	 +0.4584	 -2.9625	 -1.7931
+22.2528	 -2.4987	-16.8876	 -0.7806	 -0.7854	 +2.1408
 +2.7186	 -2.3105	 -5.3848	 +0.2540	 -2.5303	 -3.5710
 +0.5386	 -3.3153	 -4.3588	 -0.3031	 -1.5634	 +0.6868
+11.8720	+15.2530	-14.1050	 +0.0056	 -0.8796	 -0.1721
-16.0747	+37.8403	-11.3116	 +1.6915	 +1.5962	 -0.0167
 -5.3325	 +2.5568	 +1.6264	 -0.5615	 +1.2938	 -3.3329
-10.0955	 -5.8236	-17.3680	 +1.3127	 -1.1061	 -2.9450
-12.2731	 +1.7422	+11.6877	 -1.6810	 -4.3716	 -0.7672
+18.2896	-10.2536	 -9.1151	 -0.4394	 -0.3309	 +0.5582
 +5.6295	-19.7404	 -2.6923	 -2.1038	 -2.2531	 +0.4086
 +1.2935	 -2.7189	 +5.1435	 -1.5410	 -0.7587	 -2.6003
 +3.2134	 +7.3881	+15.9849	 -1.3309	 -0.2934	 +2.2949
 -5.9617	 +3.2660	-25.0263	 +0.4937	 +2.0450	 +0.5446
-14.0317	+18.0999	 +1.3311	 -1.3089	 -2.9896	 +1.2414
 +6.4641	 -5.8511	-19.5916	 +0.7494	 +0.7566	 +0.7849
 -9.2156	 -2.9401	 -1.4455	 +1.4551	 -1.8920	 +0.5724
+15.3403	 +6.3304	+40.5690	 -0.5832	 -0.5339	 +0.5044
 -9.5278	 -3.6609	 +0.5200	 +1.2183	 -0.0672	 -2.0631
 +6.5700	 +3.5279	 +7.6168	 -1.6830	 +2.4755	 +0.2032
-11.2972	+18.9745	 -1.1795	 +2.7630	 -0.8547	 +1.7101
-12.9301	 +3.1298	 +3.2168	 -1.7006	 +1.3320	 +0.4864
-12.9367	 +4.9964	-14.8591	 -0.0057	 -2.1540	 -1.8288
-10.0842	 +9.0059	 +7.8947	 -3.7235	 -0.8677	 -0.7284
 +0.0597	 +3.9470	 -4.7250	 +0.1265	 +0.8226	 +3.8146
-61.3633	-18.0172	-25.6979	 -0.4881	 +0.1764	 -0.0581
 -4.7313	 -1.6990	 +5.9849	 -0.7630	 -3.8155	 +1.8879
 +5.1803	 -2.4254	 +5.9819	 -1.2936	 +0.0600	 +0.7784
+11.0981	 -5.3764	 -3.6164	 -0.8291	 -0.6251	 +1.4033
