# Num Particles: 1000
# Num Cores: 32
# Total Energy: -1.579311e+04
# Iterations: 371 of 1000
# Current Time: 2018-05-05 18:33:30.642971
# Elapsed Time: 1:04:18.958956
# Avg. Step Time: 0:00:10.401507
# 
# x	y	z	vx	vy	vz
# 
 -2.1811	 +4.1060	 +1.9852	 -0.9988	 +2.9269	 -1.6356
+23.0948	-11.8778	 +3.6997	 +0.2608	 +0.8443	 +0.4966
 +8.3240	 +8.3075	 +4.7286	 -0.9114	 +0.4689	 +1.4086
+24.1545	+20.0567	-20.3696	 -0.3694	 +2.8988	 -1.1184
 -6.9863	 +7.0217	 -2.5570	 -4.1452	 +0.1059	 -0.8383
-14.8881	 -6.6242	 +0.7124	 -1.8396	 +0.6462	 -2.0697
 +5.3588	 +2.5434	 +4.8047	 +1.4921	 -0.3476	 -1.0518
 -0.4975	 -4.4229	 -5.5669	 -1.9963	 +0.5697	 -0.5684
 +2.3367	+29.5318	+25.7303	 -0.6447	 -1.2113	 -0.6285
+28.9477	+29.7430	 -8.3754	 -0.4810	 +2.1498	 -0.0040
 -6.0786	 +4.6572	 +5.7567	 +3.6474	 +3.8576	 +0.7025
 -6.5046	 +8.5766	 -2.6642	 +1.2033	 +1.0714	 -0.8691
-10.7787	 +1.7097	 +6.5564	 -0.3295	 +0.4389	 +3.8037
+24.7660	-24.9060	+21.8093	 +2.0691	 -0.2191	 -0.7633
 +1.9584	+11.2383	 -6.8549	 -0.1186	 +0.2765	 +1.0705
-17.5143	-14.5444	-11.2043	 -2.0791	 +1.0024	 +1.4596
+10.3474	 -5.2433	 +7.2816	 +3.4996	 +2.2337	 -0.5730
-18.5208	+18.1427	 +7.3092	 +0.3836	 -0.3371	 +1.9029
 -9.3854	 +7.5565	+11.8467	 -0.4105	 -0.8523	 +2.4357
+42.1274	-53.3848	+73.7087	 -2.0728	 -0.4201	 -0.5636
-14.8093	 +4.3225	+12.7582	 -1.9511	 -1.1660	 -0.8583
 +0.3800	 -7.6617	 -8.2434	 +0.2286	 -1.5777	 +2.7714
 +3.5819	 +9.5916	 -1.9630	 -1.1642	 +2.0205	 +1.1493
 +4.6985	 -8.4804	-13.0726	 -0.3081	 +0.1318	 +0.9677
 -1.1393	 -2.3224	 +8.7073	 +1.9005	 +2.7984	 -4.5870
-50.3626	+56.3261	-35.5958	 +0.5162	 +0.0571	 -0.5890
+36.4223	 -4.3681	 +2.0416	 -0.9116	 -0.5335	 +0.2487
-18.5112	 -6.4482	+10.7485	 -1.0784	 +1.6499	 -1.4971
+21.1654	 -0.0196	 -1.9476	 +0.6252	 -2.8768	 -2.1523
 -2.5593	-35.4524	 -4.8842	 +0.8658	 -1.3812	 -0.2944
-15.7112	-20.6743	-18.6423	 +1.6518	 -0.2711	 -0.8537
-28.7364	+53.8923	+45.5024	 +1.6595	 +0.3841	 +0.4962
-28.9568	-21.0466	-15.3777	 -1.3774	 -0.0913	 +1.2376
 -3.6797	-11.6430	 -0.1002	 +0.4853	 +4.4541	 -1.8144
 -3.6591	+23.1327	-41.8264	 -0.2633	 +0.0643	 +1.0729
 -5.2919	 -6.1418	 -1.3531	 -0.2176	 -1.7079	 -3.1451
 +6.2917	 -8.6320	-11.1477	 -0.1658	 -2.1339	 +0.2585
-11.5065	 +1.6186	 -3.0988	 +2.0046	 +1.5845	 +2.2047
+34.6625	 -5.3553	+51.5008	 +2.5089	 +0.6797	 +5.9633
 +7.2769	 -5.5200	 +6.0505	 +0.7619	 +0.8657	 -0.9342
 -6.9552	+19.4868	 +0.3161	 +0.0450	 +3.0836	 +2.3749
+17.3555	-26.7956	+14.5745	 +1.0848	 -0.2303	 +0.4811
 -8.8321	 -4.5981	-12.3725	 -1.2884	 +1.2485	 -2.4815
 -5.5458	 -7.9198	 -2.1446	 +3.3351	 -1.6586	 -0.7110
-11.0074	 +5.1560	-12.0498	 +4.0173	 +1.8852	 +1.1078
 +0.5973	 -7.0079	 +7.7407	 -2.8595	 -0.7624	 +0.7322
+11.2486	-11.2689	+10.0099	 -1.4496	 -1.9424	 -0.6790
 -6.2255	+21.7767	+39.6220	 +1.2878	 -0.0806	 +0.5974
 -5.7602	 -0.7755	 +0.4853	 -3.0782	 +0.8171	 -0.2226
-12.2154	 +7.5951	 +1.2836	 +0.2801	 +1.3812	 +1.1279
 +2.3878	+39.6113	 -4.2744	 -1.1718	 +2.5968	 -2.1119
+44.3240	 +5.0862	+66.2213	 +0.4795	 -0.3403	 +1.0322
-34.3649	+14.6292	-19.1038	 +0.8412	 -1.9204	 -1.6623
+14.5170	 -8.7976	+12.6931	 -0.5876	 -2.8219	 -1.3846
+14.2077	+64.0218	+66.8690	 +0.0619	 +1.3217	 -0.5645
+21.1407	-16.9914	 -1.3762	 -2.4615	 +0.5414	 -0.1786
-22.5222	 -7.8661	+10.4587	 +3.1860	 +0.4003	 -0.6186
-10.5642	 +4.0176	 -5.8259	 +2.3223	 -0.9453	 -1.1063
-11.0174	+13.3663	-12.5018	 -0.4238	 -1.2228	 -1.3174
+34.4550	 +9.9805	-11.4297	 +0.1378	 -2.2795	 +0.8172
 -7.9068	 -4.6550	+33.8360	 -2.1102	 +0.3292	 +0.1760
 -7.1042	-24.1610	 -7.8658	 -1.2794	 -1.0292	 -3.0129
 +7.7131	 -1.1451	 -4.7646	 -0.1526	 +2.6557	 -0.6800
 -5.6925	 +3.3496	-12.1922	 -0.0552	 -3.0655	 -0.8191
-10.5331	-13.9132	 -8.9172	 -0.4514	 -1.4057	 +2.0375
 -2.7521	 -2.4405	 -6.8374	 -4.2245	 -4.5228	 +1.8743
 +9.2037	+14.8767	+12.0687	 +0.8430	 +0.7319	 -0.0227
 -8.9608	 -5.9312	-18.0100	 +3.8651	 +3.1093	 +0.2392
-12.8586	+22.0271	 -8.2732	 -1.8895	 +1.6639	 -1.6595
-257.4740	+208.8293	+348.3069	-10.5430	 +8.7207	+15.1458
 +9.4472	 +2.2879	 +0.7693	 -3.1181	 -2.1128	 +0.1382
 +1.5749	 +6.2479	 -0.5459	 -0.3843	 +4.3924	 -2.1672
 -6.2539	 +1.5284	 +3.8415	 -0.4916	 +1.6504	 -4.0626
+53.5816	+12.2734	-121.8474	 +1.7482	 -0.1461	 -0.2208
-54.6228	 +8.5345	 +2.8232	 +0.0708	 -0.4828	 -0.4378
-11.7095	+12.2279	-14.4064	 -3.4359	 -2.2353	 -0.0751
 -6.7819	 -1.8618	 -8.9733	 +1.6062	 -1.4002	 -2.1389
 -8.4179	 -1.2987	-15.3885	 +3.2135	 +2.3001	 -1.0140
-45.0880	+87.6782	-79.5062	 -1.3542	 +3.5760	 -2.2197
-10.2113	-36.7237	 -7.7066	 +1.7359	 -0.6933	 -0.2163
 +4.9945	+11.2857	 -3.1790	 -2.3936	 -1.8296	 +1.6524
-13.5441	 +7.4337	 -1.5415	 +1.0477	 -2.5046	 +1.6881
 +5.5264	 -1.9914	-14.8442	 +2.1274	 -0.7490	 -1.3671
 -8.3329	-27.2420	+35.5974	 +0.7109	 -0.9596	 -2.0747
 -1.1907	-21.6167	-27.7295	 +0.9181	 -0.5787	 -0.7541
-25.8202	 +4.3050	+16.6483	 -1.6651	 -0.8989	 -0.5319
 +7.8272	 -0.4452	 +3.2471	 -2.6076	 -1.7129	 +2.0190
+14.1801	-25.3617	 +7.5049	 -0.6043	 +2.0418	 +0.2279
-19.5576	-12.4590	+15.9931	 +1.8611	 -1.7659	 -0.5218
+47.6663	-22.1169	+23.1361	 -0.3100	 -1.6396	 +0.1814
-11.1070	 +2.0945	 -4.7781	 +0.0817	 +3.2247	 +1.4924
 +0.9379	 -0.3204	 -7.3368	 -1.7232	 -0.7026	 -2.3178
 +2.4334	 +5.0724	 +6.9820	 +4.0039	 +4.6277	 +1.1020
+24.5684	 +8.6239	-20.8935	 -0.4373	 -0.4884	 +0.3860
-18.1188	-17.9195	 +5.9973	 -1.1852	 -0.4422	 +0.6156
 -8.9537	+10.7839	 -4.0675	 -1.7582	 +0.1043	 +2.5823
+12.2169	 -1.2586	-32.6405	 -0.7400	 +2.4879	 +0.3663
-26.2292	 +1.1695	 -3.6523	 -0.1460	 +0.4946	 -1.3613
 -1.0612	-12.5868	-10.0480	 +2.6017	 +0.8197	 +3.0842
-29.7958	-14.3942	+15.9095	 -0.1258	 -0.5460	 -2.4719
 -8.6117	 -6.2569	 -0.4367	 -2.5840	 +4.3990	 +1.7852
 +5.7360	 +4.9975	 +3.2723	 +1.4486	 +3.1412	 +2.7204
 +1.3174	 -1.9138	 -9.5835	 +1.9377	 +0.5880	 +2.3770
 -2.0047	 -4.4754	+15.8891	 -1.5675	 -1.8832	 -0.9770
+234.3653	+58.1063	-121.8527	 +6.2655	 +1.5985	 -3.0963
 -4.3036	 -1.4924	 -1.5686	 +1.3460	 +3.2358	 +2.0210
-43.9948	+27.7927	-19.3937	 -1.2033	 -0.6793	 +0.9950
+16.1316	 -1.7803	 -1.5603	 +2.1582	 -1.9295	 +0.0037
 -6.6650	-30.1073	+14.4695	 +1.3716	 -0.1888	 +1.4855
 +8.1642	 -7.7857	 -6.6242	 -2.7667	 +1.3224	 +2.9158
-16.3564	 +5.4554	-11.4796	 +4.2121	 +0.9417	 +0.6734
+463.9620	+412.1334	-215.6134	 -0.3054	 +0.6510	 +0.3272
-141.0075	+139.1905	+213.0800	 -0.0074	 +1.0445	 +0.2814
-22.4728	 +6.5488	+20.2963	 +1.3541	 -0.1769	 +0.5924
-19.1569	 -5.3468	-14.9734	 +0.8060	 +1.0945	 -2.1312
 -2.3919	-18.1478	 -5.9399	 +0.1250	 -0.5700	 +2.9035
-13.7668	 +1.5333	 -9.3584	 +2.3530	 +1.7114	 +0.8447
+19.8465	 +4.9021	+36.7760	 +0.1192	 +0.0960	 +3.2855
 +2.3812	 +0.3361	 -2.6836	 +1.2525	 -2.9601	 -1.2851
+10.8571	-13.8644	 +1.4749	 -3.8355	 +2.6032	 +2.1529
 +7.1001	-10.1854	-22.7016	 +2.1920	 -1.1650	 -0.0234
 +5.1750	 -5.6037	 -4.4699	 -0.2619	 -2.8812	 -2.5194
 +1.3227	-10.8551	+22.3017	 +1.9586	 +0.4088	 -0.2035
 -0.6471	 -5.5582	 -6.7421	 -0.5745	 -1.9087	 -1.5622
 +7.3481	 +9.2880	 +2.9618	 -0.2236	 +0.3696	 -0.7012
 +8.6308	-14.6615	-31.0403	 +0.3038	 -0.2529	 +0.4499
 +8.3660	 -0.5514	 -4.2238	 -1.5924	 -0.7672	 +4.1946
 +5.8761	 -1.7616	 -2.3333	 -4.5673	 -0.1154	 +1.0241
 -3.4963	 +4.6356	 +0.7896	 -0.7894	 +1.2378	 +2.9499
 +9.6647	 +0.5200	 +6.8414	 +1.0893	 -0.4282	 -2.2059
+15.6115	-11.1363	-201.7199	 +0.0266	 -1.1903	 -0.8351
 +1.7716	-11.4613	 +4.6924	 +2.8902	 -0.4065	 +0.6404
 -5.4451	 -4.0675	 -4.0712	 -0.2413	 +3.2136	 -3.4872
 -1.0194	-13.4297	 +1.1973	 -2.0872	 +0.2202	 +0.1789
 -3.5818	 -7.0328	 -2.7768	 +1.4067	 +3.2266	 +0.1214
+43.6872	 +6.0378	+17.5009	 +0.1011	 +0.5067	 -0.5727
+17.8792	 -7.3467	-12.8333	 +1.0071	 +2.4980	 +0.9192
 +9.2711	+22.8134	-11.5080	 +2.7483	 +0.9553	 +1.0079
 -7.0149	 -4.8330	+10.6123	 +0.2827	 -2.7077	 -0.6151
-76.3721	+67.6925	+39.0598	 -1.3265	 +1.3950	 +0.6299
 +2.8445	 -2.2286	 +1.7531	 +1.3566	 +2.5725	 -1.6792
+20.0593	-11.4042	 +6.4255	 -1.9937	 -1.5265	 +2.5821
+211.0329	-73.3084	-62.0062	+13.6598	 -4.3705	 -3.3611
+27.4798	 -9.3129	+37.5258	 -0.8663	 -2.3800	 +1.4691
+16.8418	-43.8061	 -4.3555	 -2.7753	 +0.0728	 -0.8648
 -5.9941	 -3.5107	 -8.8650	 -1.3527	 -0.9994	 -3.5095
-59.3611	-13.2720	+59.3397	 -0.2582	 +1.9805	 -0.3297
+10.9451	 -6.3018	 -4.1126	 +1.6967	 +2.2550	 -0.7636
+11.5384	 +3.3048	-10.4686	 -2.8980	 -1.8723	 -2.2796
-17.8404	-24.1140	 -3.5988	 -0.5634	 -1.9832	 -0.6610
 -9.3585	-12.9044	 -5.4472	 +1.1507	 +0.4966	 +1.1578
 -1.3109	 -7.6607	 -0.2447	 +3.3464	 +0.3555	 -0.0247
 -5.3259	 +6.6943	 -2.6073	 +1.9238	 -2.2915	 -1.3169
 +3.0507	 +1.1906	+16.8892	 -1.7712	 +0.9951	 -1.2898
 -0.3600	 +5.2213	 -6.6743	 -0.0027	 -3.3834	 -0.9236
 -5.3756	 +6.3274	+13.0965	 +2.0246	 -2.7183	 -0.7336
 +6.7941	 +1.4800	 -7.8610	 +2.1564	 -3.5197	 +2.8591
+24.5989	-11.6916	-10.1308	 +1.4533	 -0.1841	 +2.9348
 -0.8707	 +0.9329	 -3.3029	 -5.3167	 +1.0138	 -0.9058
 -7.5399	 +2.5320	 -6.3939	 +2.8058	 -1.7122	 +1.7258
 +8.4305	-13.6421	 -9.7145	 +0.1760	 +2.4900	 -0.7459
+31.9140	+14.7031	-28.0398	 -1.4689	 -0.0166	 +0.9703
 +1.2382	 +9.6951	 -3.7621	 -1.1303	 +3.7535	 -1.0396
 +9.2297	-12.1138	 -3.6460	 +0.6637	 +1.7358	 -0.2837
 -0.9869	+11.9008	-16.1287	 -2.1693	 -0.8787	 -2.3080
 +7.7918	 -2.9614	 -0.2572	 +0.8011	 -2.1559	 +3.1695
 -9.3235	 +5.6651	 -5.0046	 +2.4626	 +1.5135	 -0.1059
-12.1150	-15.5524	 +0.1368	 +0.7642	 -2.4308	 +3.3989
 -4.3606	+14.1878	-14.5614	 -2.8954	 +0.6933	 +0.9043
-12.8953	 +6.7249	 -8.3250	 +0.3321	 -0.1999	 -1.7566
+13.1857	-12.1954	-13.6771	 +2.5012	 -1.5063	 +0.0742
 -1.9315	 -0.9017	 -1.4959	 +2.0545	 +2.0544	 +0.0001
 +1.6480	 +2.0392	 -9.6936	 +1.6597	 -3.8729	 -3.4801
-22.1158	+39.3541	-28.5367	 +0.2091	 +0.2883	 +0.1461
 +1.5008	-22.2328	 +1.8094	 +0.1839	 +0.4786	 -0.7310
-29.3705	-25.7933	+14.8406	 +0.7164	 -3.4390	 +1.5582
-25.6573	-26.8531	 +2.0305	 -1.4309	 +1.0045	 -1.3850
-13.4144	+20.2880	 -6.3147	 +0.5687	 -3.5576	 -0.1887
 +1.9697	 +2.3960	 -2.3916	 -3.9083	 +0.1228	 -1.0358
 -1.9421	 +7.3185	 +8.7964	 -0.6623	 -1.3618	 +0.6951
-252.7336	+40.7312	+105.0791	 -9.7940	 +1.5630	 +3.8469
 -1.6445	 +9.4801	 -3.3424	 -0.9544	 -0.2838	 +1.0612
 -1.5711	-11.3380	 +1.0328	 -1.8739	 +0.8326	 -1.7981
+28.8670	-16.6345	+22.2860	 +1.1542	 +0.4646	 -0.4887
+23.8392	 +7.5610	 +1.3175	 -1.1743	 +0.7813	 -1.9615
 -0.5676	 -7.8442	 -5.9086	 -2.5889	 +1.7667	 -2.2109
 -2.6455	 +3.6085	 -3.8475	 +3.4020	 +2.8409	 +2.7719
 -5.0175	 -7.3858	 -3.9079	 -0.5605	 +0.5436	 +0.8651
-12.7646	+12.0357	-13.8211	 +1.1763	 +0.8698	 +0.3626
 +3.1214	 -0.5587	 -3.1129	 +1.3022	 -2.5424	 +1.1528
 +9.9774	+45.8091	 -7.5755	 +0.1659	 +0.4929	 +0.0911
 -2.6573	 +2.3782	 -0.1407	 -3.0641	 +0.1005	 +2.9815
 +8.7173	 -3.0120	+21.6858	 +2.7051	 +2.6619	 +1.1192
 -0.1343	-13.1827	 -2.6747	 -0.3118	 +0.5999	 +2.1133
-13.7373	 +2.2013	-10.6088	 -1.2374	 +1.2236	 -0.5349
 -8.2208	 -0.5892	 -4.8208	 +0.3987	 -2.7674	 -0.2215
 -0.1212	 -2.8609	 +0.0214	 +3.4817	 +5.6455	 +0.1990
-20.7956	-65.0219	 +5.0630	 -1.3468	 +2.1053	 +1.2021
 -0.7444	-13.1358	-10.6246	 -1.8064	 -0.0004	 -2.2713
 +4.9337	 +9.4123	 -3.8596	 +0.5649	 -2.2194	 +3.8944
+23.8685	+19.0224	-33.1783	 -0.1378	 -1.5268	 -1.9282
-16.6137	-35.5895	+22.8858	 +1.7119	 +0.2921	 +0.1170
+37.0378	+24.3403	-54.5153	 -0.1064	 +1.1652	 -0.0912
 -3.1897	 +2.2522	 -3.3443	 -0.2598	 -3.2108	 -0.4558
 +1.3295	 -0.9001	 -1.2946	 -2.4997	 +3.1856	 -4.4425
 +1.7237	 +1.3637	 -6.9600	 -0.4308	 +2.4356	 -2.0177
 +1.3159	 +5.4122	 -3.7809	 +0.7781	 -1.5805	 +0.0269
+23.0656	-27.8105	 +2.4427	 +1.0369	 +1.4843	 -2.2425
-43.5676	+11.9429	+25.5051	 +0.2611	 -2.6314	 +1.3542
 +1.0993	-19.0610	 +1.6313	 -2.2240	 +2.3847	 -1.5388
 -4.8182	 +6.2375	 +0.5067	 +2.5466	 +3.5222	 +0.3518
 +6.3148	 +1.5664	 +3.7183	 +1.8730	 -3.2431	 +1.9568
 -2.3779	 +0.1772	 +1.8589	 +2.4162	 -0.9082	 -0.2425
+23.6334	 -2.3502	-26.8512	 -1.1293	 +0.1255	 -0.0265
 -2.6944	 -3.9170	-16.6211	 -1.9185	 +0.2059	 -3.7261
+113.5568	 +9.6204	-13.8032	 -0.6824	 +0.0910	 +0.9075
-12.3539	 +0.8129	+21.3191	 +2.5570	 +2.5766	 +0.7865
-15.3063	 +4.7361	 +8.2762	 +0.6881	 -0.7783	 -0.1743
 -5.0941	 +4.5131	 -9.1153	 +1.0346	 +3.0682	 -2.4541
 +0.4859	-12.1281	 +0.7435	 +0.6683	 -3.0001	 -0.0580
-25.4919	+45.7998	+33.2367	 -0.1678	 +0.8938	 +1.0914
-12.3907	 -7.2158	 -4.3373	 -0.5624	 +1.4684	 -3.5804
-60.7024	-51.7597	-55.6106	 -2.5812	 -1.6722	 -2.7299
 -7.5183	 +7.7171	 -1.7110	 -1.4588	 +0.0986	 +1.3557
 -4.9249	 -9.7042	+14.6318	 +0.2377	 -1.1825	 +0.6869
 -6.0599	 -0.6979	 -0.0785	 -1.6055	 -0.2732	 +0.3530
 +2.6296	 +0.1714	 +1.2417	 -0.5627	 -0.7468	 +4.2399
-25.0984	-96.6123	+78.0935	 -0.3316	 -1.6393	 +2.1177
 +4.0170	 -8.4482	 -5.9987	 -0.5956	 -1.0492	 -1.4971
 -8.3487	 -0.4717	 +0.1491	 -2.8637	 -3.3245	 -1.8351
-10.0904	 +2.3299	-14.1537	 -1.9764	 -0.8204	 -3.3112
+112.6137	-145.4729	-93.6603	 +5.6362	 -7.4542	 -4.5046
 +2.1348	 -3.8238	-15.0084	 +2.4280	 +0.4526	 -0.3297
+16.6611	+13.6649	 +3.3855	 +1.9686	 +0.4180	 +0.3601
 +5.9096	 -1.8897	-11.0124	 -2.0464	 -1.6432	 -0.1200
 +2.3332	 -2.4452	 -6.2634	 +3.9105	 -4.3941	 +0.1661
 -7.1614	 -3.2519	-34.0151	 -0.0808	 +1.0484	 -0.1417
-28.0522	+17.4743	+21.7050	 -0.0842	 -1.0781	 +1.6297
 -6.0601	 -4.0666	 +0.2845	 -0.8843	 -1.5573	 -3.0150
 -0.3398	 +7.0987	-11.7384	 +0.8938	 -0.8352	 -2.1758
-47.5730	-36.8321	 +9.7440	 +1.6920	 -0.5022	 +0.0245
 -4.1098	 +2.9850	 +4.8882	 +3.2267	 -1.7568	 +2.0884
 -7.7233	 -1.7215	-16.4006	 -1.0310	 -2.5138	 -1.8422
 -8.4306	 +7.8416	 +0.6049	 +1.2060	 -1.9426	 -0.1614
 -5.0688	 -1.6339	 +4.2983	 -0.4953	 +2.5765	 +2.3666
 -5.1394	-11.0116	-11.9554	 -2.0839	 -0.7048	 -1.8571
+28.4563	-35.7219	-29.8563	 +0.4392	 -1.7529	 -0.1972
-25.7246	 -8.5181	 -6.3171	 +0.1851	 -0.0218	 -0.5740
+13.8838	 +0.0150	 +0.3887	 -0.1085	 -2.0722	 +1.2557
+29.0668	+71.0709	-16.8948	 +0.4080	 +2.1113	 -0.9752
-33.2451	 -5.9044	 -4.4472	 -0.1552	 +2.3212	 +0.8602
-13.0003	-47.7763	 +1.6781	 +0.6736	 -2.3576	 +0.5649
-11.6247	 +9.8390	 +7.9659	 -0.7386	 +0.0857	 +1.3062
 -7.1130	 -7.7406	 -7.0834	 +2.0798	 -1.4920	 -0.4453
+1879.0687	-39.1295	+792.5945	 +0.2177	 -0.2337	 +0.0647
 -3.1953	 +3.2474	 -1.2354	 +2.4209	 -0.1311	 +1.2194
-13.7321	 -0.1980	 +5.4909	 -1.9764	 -3.1086	 -0.5057
 +0.4847	 -6.0638	 -5.1757	 +3.8725	 +3.1493	 -0.8109
 -4.1555	 +7.1206	-12.5019	 +2.9702	 -3.3872	 +2.2088
 +1.6800	-10.7490	-10.0725	 -1.5199	 -2.7393	 +1.5383
-75.1477	-83.4425	-65.7449	 -0.2455	 -0.6667	 +0.3987
 -5.3421	-16.4148	 +2.2389	 +1.2869	 +1.8738	 -4.1096
-11.0774	-59.0777	-30.3900	 +0.7723	 -1.1644	 +0.4832
-38.9211	 -9.9300	-18.6503	 +0.5923	 -1.0580	 +0.4306
 -2.1492	 -2.9349	 -3.3912	 +1.7953	 +0.9236	 +1.8366
-25.2754	+22.3289	 -3.6589	 +2.4648	 +0.8457	 -0.5961
 -1.2303	 -2.4539	 -1.5517	 +2.9740	 -3.4796	 +3.7044
 +4.1516	 -9.0247	 -2.9905	 +0.9143	 +0.0583	 -0.9401
 +9.2799	-16.4477	+14.5535	 -2.2141	 -1.7004	 -1.1051
+49.8533	+93.7173	+23.9341	 +1.3099	 +3.0454	 +0.3710
-16.6616	-18.0619	-23.2092	 +1.1179	 +2.4487	 +1.0602
 -2.4503	+10.7335	 -6.4420	 -2.3014	 -0.4185	 +0.4795
 +9.0980	 -0.4380	 -3.1570	 +1.3913	 +1.9735	 +0.6176
 -7.4667	 +1.9591	-15.5241	 -2.7547	 +0.6791	 +1.6935
 +2.8581	 +2.4406	 +3.0873	 +2.0883	 +2.3418	 -1.8802
+14.9570	-34.1393	+29.8667	 +0.8215	 +0.4652	 -0.8819
+238.3855	-94.2788	-277.5333	+10.4527	 -4.1238	-11.3375
 -6.5387	 -4.7939	 +0.4593	 +0.8615	 +2.1781	 -0.8009
 -2.9500	 -9.6657	+16.9108	 -0.1678	 +4.1799	 +1.0330
 +6.8036	 -4.8055	 -9.8382	 +2.9857	 -1.8915	 -3.2351
 -1.0575	 -1.4153	 +8.3042	 +1.7197	 -0.3555	 -1.0506
 -5.3945	 +7.4328	 +3.3610	 -0.2252	 +0.5155	 +1.7017
 -4.1376	+13.5935	 -5.3796	 -1.2162	 +0.6450	 -0.1385
 -5.3272	 -0.5467	 +2.4216	 +4.0243	 -5.5238	 -3.3175
 -4.1732	 +6.9639	 +7.5032	 -0.5600	 +1.1228	 +2.5042
 -1.5874	 +4.2863	 +5.5985	 +1.4629	 +0.5726	 -2.8302
 -9.7603	 +8.9763	-20.0759	 -2.5951	 +0.2288	 +2.5433
-11.5585	 -8.3073	+27.6653	 -2.0690	 -0.8272	 -0.6045
 +5.2274	 -6.9342	 -6.4222	 +1.7166	 -2.7707	 -0.9707
-101.6498	-72.5808	+91.0017	 +1.1455	 -0.7181	 +0.3620
 -2.2884	 +3.9475	 -4.4569	 +1.2205	 +3.3670	 -1.4505
 +7.1144	 +6.9187	 +3.6307	 +1.3392	 -2.5438	 -0.1354
 +3.7088	 -0.7520	 -1.7677	 -2.0194	 +2.8595	 -4.1993
-11.2665	+10.9935	-15.5127	 +3.2004	 -1.6088	 +0.6674
-20.1017	 +9.3706	+15.6184	 +0.6616	 +0.2102	 +1.5025
+177.6434	-12.6839	+61.1457	 +6.8412	 -0.0954	 +2.6857
 -2.5290	 +3.7927	 +1.4547	 -4.0856	 +3.4393	 -1.8350
-95.0845	-109.1010	+93.1905	 +0.6635	 +0.0207	 -0.3698
 +9.5350	-32.9356	-22.7823	 -1.9391	 -2.4627	 +1.0729
+10.5040	 -3.7294	-21.8609	 -0.7972	 -3.3356	 -2.0881
+14.8962	 -6.4384	+22.9067	 -2.7659	 +0.4915	 +2.3765
+31.0078	-18.2969	 +7.2837	 -1.2506	 -0.8975	 -0.6502
 +1.4855	 +3.4128	-10.2885	 +0.4712	 +1.8512	 -0.8185
 -4.3061	 +1.4818	 +1.5392	 +0.3483	 -1.6633	 -4.1503
 -4.4867	-12.0784	 +9.4185	 -2.2374	 +0.4206	 +0.4965
-17.5867	+13.2423	 -4.3671	 -0.8017	 -0.4177	 +0.5744
 -5.9504	+10.0368	-14.9388	 +2.5109	 -0.3509	 +1.4162
 -9.7992	-18.7183	 +4.9300	 +2.1674	 -2.2736	 -1.4125
-12.2474	 +0.5935	-15.7382	 +0.6065	 +5.7622	 +1.3622
 -6.8083	 -1.1529	 -8.5303	 -4.4034	 +0.8402	 +0.0158
 -2.8461	 -2.8267	 +1.1593	 -2.6737	 -0.9457	 -1.9486
 -5.2807	 -1.6977	 -6.0216	 -0.8656	 -1.7494	 -0.3537
-12.6167	 +8.7339	 +9.9839	 -0.9006	 +0.2226	 -0.5368
 +7.2093	-14.0447	-10.1536	 +0.5237	 -0.4653	 -1.8060
 +5.8498	+24.4243	-25.9589	 -0.7960	 -0.1269	 +2.1824
 -0.6719	-17.6493	+26.1899	 -0.6840	 -1.0224	 +0.4323
 -3.0784	-33.0689	-11.4498	 -0.8402	 +1.6080	 +2.2153
 +4.5591	 -7.5639	 +8.1037	 +2.0810	 -1.6151	 +0.6884
 +8.4167	+24.4318	-48.9592	 +0.6545	 -0.5652	 +0.0751
 -3.2411	-12.4679	 -3.6620	 +0.2629	 +0.3830	 -2.1637
 -1.9993	 +6.2370	 +0.5082	 +1.2663	 +0.8323	 +0.6374
+43.8246	 +7.2778	 -9.8038	 -0.7979	 -1.5691	 -0.4694
 +3.2747	 +9.3808	 -4.5877	 +1.8936	 +2.2066	 +2.5333
 -3.6175	 -3.9817	-10.3885	 +0.1053	 -0.9823	 -1.6425
 -2.6700	 -6.4578	 -0.1339	 +1.6300	 -0.8835	 -0.2551
-16.8011	 +1.6115	 -1.9142	 +1.3631	 +0.9849	 +1.0954
-134.8598	-76.4098	+207.3781	 +0.6533	 -0.6239	 +0.0440
 -0.4657	 -5.0560	 -9.5094	 +1.1172	 -1.3311	 -2.1702
 +2.1549	 +8.9521	 -8.4641	 +1.2717	 -1.3899	 +1.4323
-11.0194	 +5.6936	+10.0624	 -0.9822	 -2.2802	 -2.9980
 -9.5354	 +4.5777	+21.8821	 -0.5502	 -1.7753	 +0.7052
 -0.1968	 -1.1282	-11.4745	 +0.0904	 -0.9248	 -2.4351
-24.7313	+35.5584	-47.0582	 -1.5214	 -1.5873	 -0.1699
 -1.1364	 -2.3665	 -0.7313	 -1.3772	 +3.6739	 +2.1742
 +4.5614	 +9.7727	-18.7244	 -2.9986	 +1.1387	 +0.3946
 +0.6319	 +3.8229	-14.0511	 +4.7278	 +1.2883	 -1.0215
 +0.2056	 -1.8044	-11.7950	 +0.6162	 +1.1246	 -0.6253
 +3.3833	 -2.0820	 -4.7061	 -0.6504	 +1.6735	 +0.5802
 -6.0023	 +5.9070	 +2.1254	 -2.5162	 -0.3850	 -2.2721
-10.1674	 -1.8679	 +1.3511	 -2.3340	 +0.3672	 +1.1578
 -6.2898	 -6.0313	 -0.3074	 +0.7564	 +3.6296	 +0.5540
 -4.2307	 -9.1341	-17.4363	 -0.1567	 -1.5419	 +2.2119
 +9.0098	 -0.2475	-10.6686	 +2.0428	 -0.2233	 +2.4218
-15.1512	 -0.3548	 +1.5276	 +0.6241	 -0.6007	 -1.0940
 -1.1722	 -0.0901	 +4.3583	 -0.6070	 +1.3281	 -4.0983
 -4.2603	 -6.4663	 +0.1538	 +0.0031	 -3.9361	 +3.0908
 -0.4089	 -2.7612	 -2.9018	 -2.2199	 +0.7630	 -1.9364
+32.1332	+32.0109	 -5.8821	 -0.4325	 -0.4800	 -2.3350
 +8.9026	-14.4969	 -7.4021	 -0.9726	 +1.9877	 +2.2111
 -4.4471	 +5.1483	 -5.1912	 +4.0529	 +1.4469	 -1.7460
 -2.4310	 +0.5964	 +2.1797	 +0.4115	 +1.3324	 -1.9537
-14.9066	+17.7714	+20.6456	 +0.1739	 +0.1136	 -0.8623
-25.8312	 -9.9613	-17.6018	 +0.2226	 -1.9459	 -1.2396
-11.4146	 +4.2871	+12.2554	 -2.1899	 +2.7003	 -0.6671
 -6.9285	 +1.7551	 -0.9387	 +2.9643	 +2.7939	 -2.3720
 -8.2602	 -9.6110	+15.4605	 -3.3544	 -0.6286	 +3.4716
-17.4527	-37.0398	+43.1976	 -0.6148	 -1.4285	 +0.6767
 -4.3031	 +8.6117	 +1.1619	 -2.4378	 +0.6780	 -0.2217
 +2.1371	-19.7419	 -8.1588	 +1.7364	 -1.3073	 -0.5911
 -2.9816	 +4.2731	 +8.5107	 -1.9435	 +0.7204	 -1.3698
-31.6120	 -7.8393	 -4.0282	 -0.2641	 +0.3418	 +0.2029
 -9.0297	+32.4920	 +9.2801	 -2.9006	 +1.8272	 +1.9538
 +7.8400	+10.2456	 +2.5936	 -1.4884	 -0.8955	 +2.9617
 -0.8227	 +7.2835	 -5.8058	 +3.3424	 +0.1072	 +1.5575
 +3.3997	 -6.7344	+26.7949	 +2.7814	 -1.1820	 -1.4301
 +7.1545	+27.6761	 -7.0196	 +1.3445	 +1.1032	 +0.5702
 +5.3050	 -1.2236	 -5.3565	 +0.4851	 +0.0124	 +0.1141
 -8.7474	 -2.1620	 -3.9491	 +2.3377	 +3.0275	 -2.4282
 -4.0345	-12.3124	 -5.1923	 +0.5344	 -1.3343	 +3.6117
 -5.1196	-10.5618	-12.8130	 -0.3996	 -1.5980	 -2.9358
 -0.3756	+18.0516	-11.8475	 -0.5106	 +0.2959	 +0.2520
 -2.0545	-11.6097	-12.2514	 -1.3246	 -1.5092	 +4.1842
-16.2899	-11.7476	 -1.4218	 -3.2936	 -0.9042	 -0.1586
 +6.2462	 +5.3560	-23.5349	 -2.6753	 -1.6317	 -1.4250
+21.1136	-13.8917	+11.0254	 -0.1460	 -3.2870	 +2.7017
 +1.2649	 -3.3881	 -3.9836	 -4.0326	 +0.9443	 -0.9508
 +5.3543	 -6.8478	-13.9612	 +2.3354	 +0.1817	 -0.5354
-17.6878	-12.2874	 -0.1710	 +1.0492	 -1.1383	 -0.6474
 +3.2423	 -3.7866	 +4.2745	 -2.5284	 +0.1253	 +2.2007
 +9.5149	+10.4318	 -8.3875	 +0.8861	 +1.5538	 +3.2358
 +4.6171	 -1.1564	-14.2155	 +3.6434	 +2.3615	 -2.4720
-15.5230	 +7.4050	+18.9543	 +1.1259	 -2.2628	 +1.2899
+14.9221	 -2.9428	 -9.5741	 +0.3628	 -0.3453	 +3.6834
 -9.2507	-15.5477	 +6.9176	 -0.9088	 +3.0754	 +0.1732
+34.1770	+32.2718	+79.8565	 +1.4509	 +0.4476	 +2.7180
 -7.9475	 +0.5360	+11.2630	 -0.1534	 -2.6521	 +1.2790
 +7.4493	 +3.6362	 -4.6504	 -0.4576	 +0.9443	 -2.6450
 -0.4604	 +5.7980	 +3.3762	 -1.1812	 -1.8131	 +3.9719
 +2.3772	-10.5661	 +9.9862	 -0.3454	 +2.0594	 -1.6134
 +1.5683	 -6.1892	+20.2883	 -0.7275	 +1.4177	 +0.6684
 +4.5966	-14.2416	-24.7258	 +0.6207	 -0.2124	 +0.9343
 -2.4828	 +1.2849	 +9.4780	 +3.9523	 +0.6603	 +1.8192
-16.7130	 -4.2439	 -0.2194	 -0.9304	 +1.4794	 +0.1370
-153.9779	-25.3005	-28.1261	 -7.2295	 -1.0820	 -1.7879
 +1.2608	 -3.7773	+17.5262	 +1.6929	 -2.1131	 +1.3356
 +3.0378	 +3.2712	 -1.4087	 +1.9584	 +0.6359	 -3.1889
+13.9496	+14.3322	 +5.9842	 +4.0346	 +0.8216	 -0.3845
 +2.5253	 +1.1798	-28.8125	 -0.7405	 +1.3721	 +1.1433
 +5.1507	 +5.8765	 -4.5853	 -2.0089	 -0.6684	 -2.5881
+63.9021	-22.2416	-42.3101	 +0.5160	 -0.4801	 -2.0185
 +7.2156	 -4.3082	 +3.7820	 -0.6875	 +3.2481	 -0.4013
-41.7878	+24.1614	-30.9340	 +0.6540	 +0.6078	 +0.6981
 -9.1747	 +2.4369	 -2.1048	 +1.4576	 +1.8907	 +3.6739
 +7.7801	-15.1228	 +1.3466	 -0.0637	 +1.9302	 -1.5416
 -2.7856	+14.3371	 -3.0964	 -3.9148	 -0.1936	 +0.5835
 +6.3719	 -4.6852	 -5.2264	 +4.7400	 +2.1976	 +0.7529
 +7.6276	 -0.9799	 +3.9019	 -0.3594	 -4.6167	 +0.7761
 -6.4229	+28.9425	-14.7811	 +1.9009	 -0.5875	 -0.3380
-10.9789	-26.0046	 -9.2837	 -2.6833	 -1.1863	 +1.8377
+13.1226	-61.2451	+54.1360	 -0.7821	 -0.8657	 -1.2121
-10.2902	 +2.3647	 +4.0734	 +2.5613	 -0.4307	 -0.2876
-10.2700	 -0.5916	 +7.2543	 -2.4563	 -2.5618	 +0.9156
 -2.9781	 +2.7272	 -4.3073	 -1.2979	 +0.4657	 -1.4370
-15.1546	-12.0260	-19.8841	 +0.9268	 -0.1869	 +1.2290
 +0.4725	 +9.9691	-13.8833	 -1.9963	 -2.2158	 +0.6059
 -1.2377	 +0.3860	+20.0950	 +1.1677	 -1.1248	 -2.0360
-11.5655	+15.0804	 +1.9085	 +2.8495	 +1.2038	 -0.7890
+13.9828	-20.9586	+18.4712	 +0.9115	 -1.4887	 +1.6243
+25.7298	-16.7738	-15.2950	 +0.1103	 -2.0475	 +0.5433
 +0.7360	 -0.1224	 +1.4095	 +0.6673	 +2.1276	 -3.1772
 +3.3203	-10.7299	 +3.8591	 -2.1262	 -3.0239	 +3.1163
 -1.3134	 +2.0542	-26.3726	 -0.0164	 -1.5008	 +2.9742
 -5.6431	 -1.4198	-14.5601	 +1.7155	 -3.2756	 +1.1815
 +4.2559	+16.3431	 -3.5374	 -0.1214	 -1.4698	 +0.0836
 -8.1170	 +3.6284	 -2.3579	 +0.9646	 -0.6989	 +0.3418
 +4.1975	 +7.5575	 +4.3417	 +0.7978	 +3.3310	 +1.3274
 +4.5120	 +9.8830	 -3.1408	 +1.8825	 +1.8337	 -1.7572
+11.6085	+47.0898	-15.0822	 +0.8046	 +1.1975	 +1.1164
 +1.5648	 -9.9293	-14.7224	 -0.6173	 -3.1976	 -2.0434
 +1.0276	-12.9032	 -6.7348	 -2.2558	 +0.2515	 -2.9949
-25.2858	-14.6295	+11.8407	 +1.3573	 +1.1666	 +0.5958
 +0.8174	 -6.5144	-18.3808	 -1.1314	 -1.1821	 -2.4895
 +2.2076	 +5.3311	 -4.6726	 -3.7313	 -1.1623	 +1.6209
 -9.2014	 +0.9587	 -8.2001	 -1.8476	 +1.4957	 -1.2952
-15.8824	+18.0013	+20.5703	 +2.0915	 -0.3155	 -1.2767
+24.0704	 +4.3505	 +2.9312	 +2.0534	 +1.9797	 -2.2628
 -6.9251	 +2.1498	 +0.0033	 -0.2993	 -3.0686	 -1.2678
 +2.1419	 -6.3600	 -4.5590	 +2.1231	 +0.5545	 +2.0898
-97.4869	+140.8273	+19.3993	 -2.1746	 +3.0674	 +0.5118
-11.2007	 +2.5826	+10.9806	 -1.1647	 +1.3007	 -0.2671
 -2.3162	 -1.4843	 -3.5908	 +2.0059	 +0.3529	 +3.7864
-12.0738	-11.9746	+13.1540	 +2.5570	 +2.5623	 -1.6495
 +4.6634	 +6.4387	 +9.3747	 +0.0409	 +3.8128	 +3.2796
 -5.9554	 -6.9045	 -9.7099	 -0.0535	 -0.8424	 +1.0346
 -6.1823	 +6.7607	 +3.4191	 -3.3302	 +0.8014	 -0.6384
 -4.9669	 -0.2502	 -0.2713	 +1.1464	 +0.5128	 -0.4530
+18.8051	+38.0406	+46.0041	 +0.5953	 +0.4072	 +1.4217
 -5.4084	+47.4770	 +2.4211	 -0.0126	 +2.1718	 -0.2751
 -6.5268	 -7.4449	-12.0139	 -0.4113	 +3.2109	 -2.0781
 -4.8032	 +0.0258	 -5.5465	 -2.6473	 -0.5801	 +2.3441
 +4.2040	 +2.4071	-11.2850	 +1.3593	 -1.1894	 +1.3781
 -2.6821	 +0.8230	 +3.8160	 -3.6108	 +6.0034	 +0.3062
 -2.1179	-14.1500	 -1.9917	 -0.7453	 +4.2470	 +0.1981
 -0.6042	 -2.7587	 +3.0926	 -2.6852	 +1.4964	 +3.4677
-81.5169	+68.3006	-49.2866	 -2.1466	 +1.5853	 -0.9124
 -2.2479	 -3.2213	 +3.6775	 -0.8049	 +2.7200	 -2.1614
-14.9814	 +8.2792	+22.6325	 +3.4593	 +2.0706	 -2.1499
 -8.0554	-18.8059	-17.5370	 +0.7083	 -2.2124	 -1.5457
-25.7875	 -4.2486	-39.9282	 -1.4366	 +0.7239	 -3.6253
 -5.1799	 -1.7456	 +0.9938	 +4.7030	 -3.2462	 -1.2483
 -3.1071	 +7.5040	 +1.4002	 +0.5917	 -4.0378	 +0.2905
-113.1355	+71.6086	 -9.4826	 +0.2998	 +0.3135	 +0.3799
 -4.8284	 -3.2450	 -0.0746	 +2.9541	 +1.7690	 +4.4430
 -1.7049	 -2.2078	 +1.0681	 +2.8380	 +4.1196	 +0.1030
 -7.0940	 +0.6061	 +6.9289	 +0.0069	 +1.6520	 -2.3265
 +3.5908	 +1.3954	 +2.9439	 -1.6344	 -1.3360	 +0.3664
 -0.9567	 -7.7048	 -3.7506	 +3.3414	 +4.0155	 +2.9397
+15.7494	 +3.1655	 -4.1645	 +1.9299	 -3.0438	 +1.0288
 -8.1166	 -4.8925	-13.4986	 +1.4841	 +1.0470	 -1.8208
 -1.2299	-18.0707	+18.1914	 +1.3870	 +0.8778	 -1.8727
-12.9002	-22.0511	-25.7503	 -1.1068	 +0.4773	 -1.5520
 +7.8547	 -0.8882	 +1.1051	 -3.8165	 -3.0357	 -0.2454
-23.3624	+13.0302	+15.2034	 +0.6194	 +0.4753	 -0.9403
 +1.2031	 +4.5095	 -5.0503	 -1.3175	 +3.4311	 +1.1673
 -1.5229	 -5.9173	 -0.8017	 -1.6997	 -3.5330	 +1.4168
+31.6313	-26.6466	 -6.4266	 +0.8653	 -1.1962	 +0.3338
 -4.9779	+16.2073	+21.6189	 +1.0579	 +1.9513	 -0.5286
 -2.1082	 +2.1386	 -5.7276	 +3.2263	 +6.2976	 +0.3572
+14.8333	 +5.8635	-10.1260	 -0.3771	 +0.1878	 -3.0045
 -6.2019	 +5.1187	-11.2993	 +2.7431	 +0.0438	 +0.5434
+31.8668	 -0.3407	+12.7691	 +2.1078	 +0.6702	 -1.0569
 +5.7661	 +6.0613	 -3.9241	 +1.8335	 -1.6130	 -0.4926
+13.1225	 +8.1413	-17.7118	 +1.1351	 +0.2038	 -0.0031
 -2.0787	 -2.1056	 -3.1560	 +3.6100	 +0.0461	 +3.4761
 +2.1094	 -4.0949	+10.3711	 -0.9015	 -2.1304	 +0.2753
 +4.1032	 -2.2042	-18.7255	 +0.0088	 +0.5470	 +0.1720
 -9.9948	+13.5988	 -0.5624	 +2.5479	 -1.8754	 -1.5915
-66.0688	+42.7709	+23.5137	 +0.5576	 +0.3187	 +0.2343
 +2.7730	 -1.9565	 +2.6570	 +3.1893	 +1.1321	 -2.2349
 -3.0921	+100.8107	 -7.9730	 +1.0026	 +1.2395	 -0.5564
-17.8217	-10.5868	 -4.3959	 +2.6440	 +1.6217	 -0.8322
 +0.0992	+13.0989	 -8.1615	 -1.1161	 -0.8671	 -0.9066
 -0.7504	 -2.9728	 -5.8826	 -1.0794	 -0.0333	 +1.5076
+37.7410	 +3.9934	+14.3341	 -0.2477	 +2.3990	 -2.1334
+18.2876	-44.1694	 -2.2468	 +0.2426	 +1.6847	 -0.0251
+10.1484	 +2.3125	 -8.5048	 +0.4837	 +1.0860	 +2.0280
+19.7071	+21.8572	 +3.0527	 -1.6162	 -0.1235	 +1.7573
 -3.0911	-35.3095	 -2.7470	 +0.0877	 +1.7409	 +0.7082
+15.3033	 +5.1913	 +7.3479	 -0.4794	 +0.8899	 -0.2667
 -1.8994	 +0.8432	 +3.7927	 -1.5978	 +2.3294	 +0.3158
 -4.9555	 -5.9441	 -0.9314	 -0.9062	 +0.2626	 +3.9389
 -5.3890	 -4.8331	 -0.3552	 -3.9791	 -2.0642	 +2.3967
 +2.3829	 +4.2604	+12.7946	 +0.4177	 -3.5574	 -2.6307
+17.1164	-15.5547	+11.3771	 -1.7517	 -0.5657	 +1.1724
 +7.1904	+10.8006	+16.1959	 +1.5646	 -2.5703	 +2.1077
 -3.2181	 -2.6427	 +8.1823	 +0.4054	 -0.0925	 +0.5580
-216.8314	+48.3038	+73.4968	-13.5773	 +3.3764	 +5.2683
 +2.0289	-30.9074	+11.6161	 -1.2308	 -4.8943	 +1.9373
 -7.2461	 -6.6535	 +9.8170	 -0.3934	 +0.1059	 -3.0744
-14.0731	-22.2862	+13.5158	 -0.7777	 -1.6540	 -0.3221
-12.6512	 -2.0118	 -1.1443	 +0.3221	 -0.2562	 -2.1414
-15.5396	 +7.0371	 -2.1196	 -0.0235	 -3.4517	 -1.2847
 -2.2681	-16.8234	 -5.6297	 -0.6911	 -2.3279	 -0.6300
-11.6812	 -5.4147	+15.7784	 +0.1388	 +0.9875	 -1.6571
-25.5276	 +6.3696	+15.2338	 -0.4793	 -1.6848	 +0.4616
 +1.5380	 +6.6295	 -4.3012	 +5.7743	 +0.6798	 -0.5915
 -7.3768	-15.5255	 +4.6427	 -1.2485	 +1.8358	 +0.4423
 +1.3945	 +0.7378	-14.1081	 -0.4755	 -1.0757	 -1.1302
-25.1619	 -0.4282	 -9.1943	 +1.9354	 -1.4374	 -0.0995
 +0.5109	 +0.0984	-20.6084	 +3.1387	 -3.0406	 -1.7553
 -7.4376	 +1.2847	-14.5179	 +1.7634	 +3.5700	 +1.3185
-10.7614	 +7.8194	 -3.0902	 +4.7024	 +2.3500	 +0.0799
 +4.8524	 +4.2625	 +5.2911	 +1.4094	 +2.7227	 +3.4638
+14.5093	 -4.6823	 -2.6566	 +3.6579	 -1.2138	 -1.3455
 -1.5132	 -6.1343	 -2.6100	 -4.0130	 -4.9018	 -1.4002
 +5.0632	 -2.5585	-29.1716	 +0.3041	 +2.2517	 -0.9527
+11.3602	+11.4742	 -8.1623	 -0.3421	 -1.5497	 -2.6134
-19.3757	+16.7432	+30.7886	 -2.4724	 +1.4717	 +0.3703
+24.2068	+22.6207	-43.8765	 +0.9595	 +1.0141	 +0.1528
-19.3610	 +8.6858	 -8.3142	 +1.9640	 -0.8287	 +0.9349
 -3.4092	 +5.6095	 -0.5255	 -4.6754	 +0.9934	 +0.2973
-14.3989	 +8.6258	 -0.4953	 -3.5974	 +1.4454	 -2.8284
 -3.4053	 -4.9183	 -4.1282	 +4.2390	 -3.1003	 -0.3184
 +7.3163	+10.0851	 +2.8740	 -0.3082	 +0.2900	 -1.6195
 -4.6770	 -2.4783	-12.0759	 +1.5071	 -0.7113	 +2.8569
 -0.6711	 -8.4559	 +8.1485	 +1.6457	 -1.2781	 +0.5093
 +2.2623	 +3.9570	-19.7152	 -1.7637	 +2.6972	 +0.1814
 -8.4841	 -2.8126	 +6.4299	 +0.4738	 +1.7735	 +3.0633
-18.5636	+13.4987	+10.6405	 -1.0469	 +1.1509	 -0.6842
+25.4351	-43.2111	+27.2574	 -0.7105	 -0.2794	 -0.5275
 +5.7582	 +4.2654	 -4.6603	 -2.1577	 -0.8678	 -4.9532
 -0.7576	 -1.2347	 -8.7873	 -2.7270	 +3.5815	 +1.3816
 -1.3157	 +2.7324	 -4.4098	 +2.4897	 +0.7625	 +3.6578
 +0.9599	 -2.9105	 -6.3558	 +0.0586	 +1.0878	 -3.8419
 -4.8033	 +1.8965	 +1.2306	 -1.7785	 +0.9037	 +0.3244
 -7.3351	 -3.5970	-16.7530	 +4.0820	 -0.1540	 +2.2803
-13.9851	 -0.8527	-10.7045	 -3.2735	 -1.9046	 -1.8162
+84.8415	+34.8919	-12.9467	 +5.1173	 +2.3754	 +0.1466
 +0.4370	+10.5557	 -5.1386	 -0.3883	 -0.6535	 -3.7956
-20.6048	+23.1040	 +3.8176	 +0.2686	 +2.0074	 -0.5221
+10.5217	 +9.9189	-11.9111	 +2.8058	 -1.6879	 +2.6679
 +2.3157	-31.1546	 +5.3883	 +1.5717	 -1.9198	 +0.1826
-15.4853	 +7.9642	-21.0635	 +2.7346	 -1.8906	 +0.3039
 -5.4173	 -4.5496	 -0.9287	 -1.9285	 +5.1064	 +3.9936
-14.2332	 +5.6341	-12.4554	 -1.8146	 +0.5215	 +0.9060
 -4.6387	 +0.1404	 -0.8276	 -2.4824	 -1.5074	 +2.1950
 +2.7186	+35.0921	-18.7375	 -0.7934	 +5.0880	 -2.6328
 +8.7430	-18.1789	 -6.1134	 -1.6840	 -1.4563	 -3.4625
 -5.8596	-26.6042	 +4.9590	 -0.7094	 +0.9698	 -1.3660
 +5.1894	+17.2803	 +7.9264	 -1.6157	 -0.8240	 -0.2483
 -2.6406	+11.2570	 -6.7661	 -0.4424	 +1.2617	 +0.1388
 +2.8430	 +2.7196	 -4.5086	 -2.2672	 -1.4885	 -2.2878
 +2.1691	-15.5253	+12.5495	 -1.4193	 -2.1607	 +0.9049
 -1.6148	 -1.6577	-19.1651	 -0.7178	 -1.7779	 -0.9358
 -9.6129	 +0.1815	-10.2983	 +3.2802	 +3.7138	 -1.7022
 -0.9989	+34.4472	+14.0781	 +2.1908	 -1.5062	 -0.4249
-13.5755	 +3.1428	+17.8124	 +0.5130	 +0.3033	 -2.7565
 -4.7755	 -3.4625	 +4.3231	 -0.0789	 +0.7339	 +4.4532
 -3.4937	 -7.1492	-17.7173	 +0.4231	 -2.8332	 -1.3905
 -4.6773	 +3.2100	 -4.2986	 +3.8762	 -0.9443	 +1.5652
 -5.2112	-10.5233	+28.5499	 -0.4510	 +0.3618	 -0.7770
-11.1970	 +7.3170	-10.8724	 +0.3661	 -2.5586	 +1.4807
 +6.2478	-15.4627	 -3.2291	 -0.7601	 -2.7613	 +1.4902
 -9.3334	+13.0218	-17.3758	 -1.6447	 +0.0169	 +0.2292
 -8.9008	-17.8733	-24.7421	 -0.7564	 +2.7151	 -1.5454
+10.6029	 +0.5659	+13.5580	 -0.3557	 -1.0626	 +0.5196
+41.2507	+44.8140	+31.5173	 +1.1518	 +1.6303	 +1.8181
 +7.4413	 +3.3519	+17.2106	 +2.2051	 -0.2228	 +0.4403
 +0.3307	 -2.1455	+15.4694	 +2.7175	 +1.1450	 -1.8400
 -0.0135	 -4.4355	 -2.7088	 -0.7299	 +5.6391	 +0.4133
-21.7488	 +1.4840	+20.7260	 -0.0428	 +3.2441	 -0.3249
 -5.2839	 -7.4629	 +4.4094	 +1.7428	 -1.5895	 +0.8755
 +4.1190	 -2.7108	 +9.4283	 +2.1512	 +1.1971	 +0.5810
 -1.5832	 +6.1076	 +2.5097	 +0.1524	 +1.6044	 -1.6509
-22.7833	 +3.2200	 +7.9165	 -1.7480	 +1.4523	 -0.5775
 +4.5637	 +1.2170	 -0.2553	 +0.1151	 -1.1604	 +2.0970
 -4.1738	 -3.9030	 +0.6155	 -0.3723	 -0.8961	 +0.1601
 +4.8375	 +7.5917	 -0.3204	 -1.0079	 +2.6813	 +0.1512
 +1.5503	+18.6255	+12.8370	 -1.0520	 +1.6110	 -1.8223
 +1.0082	 -4.5095	 -3.0535	 -0.6509	 -0.1244	 -2.7130
-337.0550	-102.7205	+279.8087	 -9.3486	 -2.8100	 +7.9199
 -1.7125	-22.1035	 +9.6149	 -1.0132	 +0.1804	 -0.3368
 -4.8114	 +5.6170	 +8.9963	 +0.1612	 +1.4382	 +2.9793
 -7.6826	+12.0438	 -9.2801	 -1.1650	 -2.8328	 +1.0649
 -7.0837	 +3.2594	+12.1825	 +1.0256	 +0.6592	 +3.0894
-18.5025	 +8.8386	 +1.2453	 -3.6055	 +0.8875	 +0.9933
 -1.6882	+13.9452	 -5.4039	 +1.1723	 -1.4367	 +3.2638
 +3.8094	+24.6060	 -1.4009	 +1.0863	 -0.5293	 -0.7101
 -5.9449	 -2.3954	 -0.0206	 +2.4003	 -0.3520	 -2.1605
 -3.2013	+11.1612	+18.9614	 -0.7581	 +0.4008	 -0.6689
+35.5540	 -4.7524	+15.8664	 -1.5956	 -0.0318	 +1.7071
+14.8686	+15.5419	-18.8978	 +1.1576	 +2.4811	 -0.8906
 +0.0240	 +6.0425	 -1.1543	 -1.3548	 +2.4308	 -0.1707
 -2.8087	 +2.1404	 +0.8919	 +0.8126	 +1.1534	 -1.2861
-10.6722	 -3.4898	-10.1882	 +1.1555	 +0.9982	 -0.9386
 -1.2702	+19.5710	 +1.1167	 +0.6116	 +0.8548	 +1.3658
-11.9639	+34.8243	+23.7220	 +1.8549	 -0.6753	 +0.3553
 +0.8810	 +8.1586	 -3.4821	 -1.9607	 -1.6636	 -1.9568
-12.3110	-45.6246	+33.7794	 -0.0829	 +0.8176	 -1.7774
 -1.4154	 +3.7971	 -6.1248	 -1.3112	 -0.0729	 -1.3769
 +1.0302	 +2.6416	 -9.7457	 -0.5264	 +1.3580	 -5.5650
 +7.8038	-12.7987	-11.8303	 -1.0987	 -0.8937	 +0.2081
 -1.2840	 +1.3693	 -7.9977	 +0.9753	 +0.6565	 -0.1694
-47.3384	 +4.2256	-18.0816	 -1.7342	 +0.2682	 -2.0527
+65.7988	-49.7764	+34.5547	 +1.5097	 +0.4067	 -0.4680
+85.7488	+20.4476	-42.5638	 -1.1339	 -1.2703	 -1.4211
-43.7445	 -0.4071	-10.9206	 -0.2194	 +2.2202	 +0.1493
+36.3798	+12.0754	-12.0402	 -1.3266	 -2.7676	 +1.3217
 +2.1401	 -3.4307	 -8.1437	 -2.9199	 -0.1491	 +3.4331
-17.8636	 +1.1129	 -3.1259	 +0.2644	 -3.8468	 +1.1703
 -6.7868	 -8.2888	+67.4087	 +0.9207	 -0.0038	 -0.0561
+21.6788	+82.1616	 -4.5140	 -0.0658	 +0.3542	 +1.6066
-52.1119	-12.0195	-11.5345	 -1.1813	 -0.6970	 +1.2810
 -7.4676	+16.2187	+11.2069	 -3.2900	 +0.3246	 -0.0667
 -9.5109	 +2.6409	 -6.8325	 +5.2349	 -2.2116	 +0.5081
 +7.8837	+13.1033	 +3.0970	 +1.3218	 -0.8610	 +0.2597
 +2.8472	 -4.1271	+10.4204	 +3.3204	 -1.7820	 +0.9244
 -6.1550	+11.7765	 +8.8987	 -0.2397	 +2.8869	 +1.0701
 +9.1819	 -7.3516	 -8.1189	 -1.1116	 -2.3979	 -1.7435
 -5.8605	 -0.5035	 -4.0632	 +0.8523	 -4.9976	 -0.4586
-19.2157	-11.6878	+27.4986	 -0.5919	 -1.8222	 +0.6317
 -7.6319	 -4.1157	 +9.9051	 +0.7608	 -2.9189	 -1.6967
 +3.1198	 +3.1039	 -8.1797	 -5.7489	 +1.8200	 -1.0791
 +1.6644	 -5.9378	 +1.4434	 +0.7454	 -3.0988	 +2.2081
 -4.6860	 +3.7573	+10.9337	 +1.3754	 -2.6098	 -4.0155
 -8.5175	 +9.8963	 +9.1712	 +0.1385	 -0.3155	 -0.9361
 -1.5386	 -2.5861	 -1.6102	 -2.3525	 +2.2433	 +1.8271
+29.3993	-11.1476	 +0.5174	 +0.1444	 +1.0170	 -0.1678
+13.3692	 -5.0011	-47.1014	 +1.2260	 -0.8096	 -3.0197
 -2.5511	 +0.9098	 +4.2953	 -1.0059	 +5.7364	 +0.2800
 -0.7922	 +3.4114	 -5.9967	 +0.4154	 -3.6598	 -2.7735
 -7.8811	 +6.7289	 +0.4435	 +2.0668	 -3.3599	 +1.9063
-10.2275	-23.9267	-13.7231	 -1.0766	 +1.2168	 +0.6782
+58.5207	-23.1510	-24.0526	 +0.7705	 -0.7036	 -1.3013
+10.6779	-13.2899	 -5.0540	 +1.8018	 +1.8320	 +1.1769
-19.7475	+25.8634	 +4.5423	 +1.4458	 +0.0918	 +0.5791
 +3.7528	+13.0267	-23.2902	 -2.2133	 -0.8934	 +2.2289
 +3.1312	 -5.8353	 +5.0031	 +0.9387	 -3.4934	 +0.3814
+13.8687	+28.2212	+39.6971	 +0.5838	 -2.3449	 -0.6776
 +9.6377	 -1.0326	 -0.3532	 +0.2420	 +2.8278	 -4.5691
 +6.5981	-20.8289	-13.3795	 -0.0572	 -0.1272	 -1.0769
+17.3973	 -9.9455	-41.9429	 +0.7973	 -2.2410	 -2.1177
+12.2147	-57.3890	-25.2156	 -0.2809	 -1.8597	 -0.5335
 -8.3993	 +2.7140	 +0.5216	 +2.2753	 +1.2549	 +1.1966
+19.7736	 +1.3537	 +9.5721	 +0.4680	 +2.5999	 +1.1812
-12.7119	 +8.8418	+12.7207	 -2.0833	 -2.2481	 -1.5827
-25.8559	 +1.4320	-15.0703	 +0.7627	 -0.8651	 +0.9249
 -2.0083	 +1.0146	 +4.5095	 +1.7184	 -0.9712	 -2.3674
 +4.2910	+11.3451	 +4.4556	 +2.7719	 -3.7900	 -0.0962
 -7.1356	-79.3007	+113.7950	 -0.3082	 -1.0549	 -0.3072
 -9.3756	 +9.9671	 -4.4739	 -4.1476	 -3.7971	 +1.5356
 -2.7833	-16.1501	 -9.6529	 +3.0510	 +2.8743	 -0.6702
 -5.3829	 +3.9103	+10.1043	 -2.6194	 -1.8657	 -1.6148
-12.5936	+16.1043	+18.2802	 +2.1367	 -1.2932	 -1.9648
-31.3521	-16.2697	-11.3159	 -1.0159	 -0.4486	 +0.6556
 +2.3342	-19.7624	-29.7633	 -0.0447	 +2.0312	 -0.3497
 +6.0767	 -0.9292	-75.0106	 +0.9198	 -0.3971	 -2.1782
-16.0528	-18.0775	 -3.3540	 +1.3046	 -1.1175	 -3.3025
-13.3008	 +0.5521	 -1.2104	 +1.8821	 -1.1849	 -1.2858
 -0.1126	 -4.4710	 +1.7562	 +3.7064	 -1.5658	 +2.2659
-10.2026	 +2.6736	+12.3474	 -1.9334	 +1.9374	 -3.5264
 +1.0916	+12.0491	 +3.2790	 -3.8738	 -0.3707	 -1.3719
 +6.8286	-15.6225	-12.6618	 -2.5830	 -1.1583	 -1.5399
+39.8425	-10.2285	 +2.9338	 +1.6696	 -0.6976	 -0.0646
 +0.0605	 -5.8877	+14.6549	 -0.5005	 +4.0686	 -0.4363
 -0.1711	+13.9441	-17.7685	 +1.5249	 -2.2770	 -3.3902
-21.5210	+39.5642	+17.4542	 -2.2386	 +2.3242	 +3.0114
-142.1416	 +2.1282	+163.4847	 -5.9298	 +0.1989	 +7.1018
 -3.1385	+12.9099	 -8.5897	 +1.9022	 -1.6558	 +2.6989
 -2.4973	 +3.1304	 +1.3103	 +3.7885	 -3.1582	 -3.4441
 -5.9971	 -4.0790	 -0.4158	 -4.9632	 +1.4422	 +1.6275
 +6.6019	-12.2642	-52.8259	 -1.6539	 -0.0380	 +0.1625
 +1.3078	 -6.1998	 +3.7508	 -1.3971	 +2.3835	 +1.0634
 +7.4700	 +4.6390	 -0.1038	 +0.5353	 -2.2393	 -1.2883
-14.4264	+16.4841	 +8.8914	 +1.7319	 +0.4414	 +0.1199
-15.6713	 -6.0437	 -6.2430	 -3.1689	 -0.6298	 +0.7557
+12.1351	-15.9872	 +3.5255	 -0.2678	 +3.3672	 -0.7815
 -3.7395	 -4.1207	 -3.2560	 -1.1885	 -3.8490	 +3.7362
+17.1428	 -3.0108	 +1.9853	 -0.9866	 +3.2647	 -1.9853
 +3.8112	-20.3090	 -2.0319	 -1.1562	 -0.0148	 -1.2269
 -0.7407	+15.4595	 +1.0880	 +0.2774	 -3.4735	 +1.6287
 +4.4730	 -9.1809	-25.3754	 +1.6847	 -1.3928	 +0.4728
 -5.4832	 -2.4044	 -6.5446	 -0.1859	 +2.4544	 -1.0088
 -8.9538	 +0.0866	 +9.1692	 -0.5597	 +0.9364	 -1.3798
 +4.8461	-11.3587	+12.1030	 -0.4787	 -0.6380	 +2.7548
 -9.6732	-14.7092	 +2.2477	 -1.0571	 -1.1635	 +1.9431
+34.2260	 -9.1055	 +6.9992	 +0.7204	 -0.9642	 +1.4163
-16.9272	 +7.6135	-12.4759	 -1.4196	 +1.1488	 -1.7724
 +8.9633	-12.7302	+15.9118	 +2.1662	 +0.8753	 +0.0184
-23.3797	-13.8775	-10.2262	 +1.5145	 +3.0308	 -0.2247
+350.6088	-135.5890	-244.2520	+13.2875	 -5.2056	 -9.4939
 +5.7326	 +0.4706	-11.1478	 +0.4108	 -0.8646	 +1.9490
 +3.9480	 -8.3829	 -9.1952	 +0.3326	 -0.7820	 +5.5382
 +1.0070	 -4.9001	 +3.0685	 +1.0531	 +2.5593	 +3.6605
 -8.5165	-21.5185	+13.5714	 +0.1809	 -2.2673	 -3.4220
 -3.3231	 +5.3441	 +5.5182	 -1.7251	 +1.0555	 -0.6554
 -3.9266	+20.6414	+16.6003	 -0.5486	 -1.9462	 -0.5996
+16.4931	+94.3084	+23.0267	 +0.6168	 +4.3947	 +0.5004
+68.1704	-52.0756	 -7.2010	 -1.2466	 -0.1837	 -1.7342
-16.9410	-17.0772	-10.7909	 +0.1450	 -2.7912	 +1.3562
 -6.2831	 -1.7974	-12.8694	 +1.2015	 -2.5488	 -1.5464
 +5.9116	+10.4287	 +2.2321	 -0.4243	 +0.7443	 -1.7046
 +4.9469	-11.0756	-10.3884	 +1.4435	 +0.1819	 -2.6038
 -7.0998	 -1.6333	 -4.1983	 +2.4435	 +1.9815	 -0.0040
-12.1255	 -5.6246	 +5.7956	 +1.7028	 +2.1028	 -0.3488
 +5.1272	 -4.7306	 -7.5951	 -2.5253	 -2.1403	 -1.4288
-17.6702	 +7.0128	+15.0347	 +2.1804	 -1.6308	 +0.8936
-11.4931	 +4.5754	+20.2171	 -1.2748	 +1.2335	 -2.1419
 +8.5989	 +8.0138	+64.0692	 -0.1849	 -0.5871	 -0.6249
-42.5832	-63.2323	-90.1273	 -1.3310	 -2.0832	 -2.8235
+11.0201	 +3.6146	-13.5755	 +3.0423	 +0.8080	 -4.7663
+19.3349	 +6.2492	+11.1951	 +0.0430	 +0.3602	 -1.3370
-13.7494	-17.5411	-13.1576	 +1.0733	 +0.4865	 -1.9478
-10.6693	+11.0635	+23.2556	 +1.5620	 +0.7112	 +2.0053
-19.7644	 +8.6164	-22.4413	 -0.0834	 +0.7646	 -1.2170
-95.9780	+45.2206	-31.5875	 -0.6223	 +0.2421	 -0.6563
+10.2373	-18.1593	 +9.0425	 +0.2907	 +0.0400	 +0.7355
-12.4849	+23.5572	 +9.6640	 +1.4747	 +0.5954	 -0.0332
+24.7019	+13.1512	-10.0732	 -0.5640	 -0.4954	 -0.2800
 -8.6500	 +0.8726	 +2.5273	 +1.6419	 -1.5963	 +0.4714
 -1.2069	 -3.9956	 +1.2308	 -4.1073	 -0.9198	 +1.2810
+13.8758	 -4.8972	 +1.3915	 -0.6797	 -2.7717	 +0.0339
-16.1179	 -4.1038	-14.8308	 -1.7317	 +0.5753	 -0.7984
-48.6895	-162.1636	+21.4374	 +1.2727	 +0.4472	 -0.1578
 -2.8573	 +0.3067	 +0.9491	 -1.9060	 +2.1595	 +0.6685
 +5.7021	 +0.1013	-12.3087	 -1.5622	 -3.5798	 -0.3523
 -5.9867	-19.6951	 -3.9100	 +0.4264	 -0.1707	 +0.1596
-28.5023	 +3.0631	 +6.5407	 +1.7492	 -0.6715	 +1.1747
-27.0946	-10.2325	 -4.8998	 +0.3096	 -0.0461	 +2.2373
 +0.6537	 -2.6996	 -3.7546	 +3.2639	 -1.4741	 +0.4114
 -2.4255	 -7.3372	 -4.5190	 -1.8156	 +2.7502	 -2.0670
 -5.0068	+38.6964	-10.2865	 -1.6625	 +0.5764	 +2.0764
 +1.1519	 +6.8291	 +2.3621	 -1.9731	 +1.8496	 -0.7548
 -8.6110	 -3.6210	 -4.2596	 -0.2540	 +2.7245	 +2.7960
 -9.5815	 -4.7783	-16.5516	 +1.2887	 -1.5587	 +0.8257
-16.8319	+18.9208	 +8.5582	 +0.1935	 -1.2318	 -0.4752
-12.4553	 -3.3906	 -3.3455	 +1.2853	 +0.4350	 +0.1416
 +5.8341	 +7.2821	 +2.6200	 -1.7974	 -0.1645	 +2.0986
 +5.2711	+10.0113	-32.1426	 -0.0302	 +1.6305	 +0.6315
 +7.1175	 -2.9670	 -1.5458	 -2.1827	 -2.9140	 +1.2032
+11.3228	 +7.7528	-17.0264	 -0.5738	 -0.8944	 +2.3119
-10.1047	-29.7193	 -6.7088	 +0.2671	 +2.5459	 -0.8273
-42.0302	+41.8437	-53.4543	 -1.1528	 +0.8374	 -0.6978
-34.0986	-13.7015	+32.9707	 +1.0731	 -1.1780	 -0.2639
-16.4922	 -3.7913	 +1.8459	 +2.0229	 +0.1901	 -2.2609
 +3.2022	 -0.4952	 +6.5123	 +1.4300	 -0.4797	 +3.6490
-12.5298	-22.1171	 -3.2778	 +1.5222	 -0.5723	 -0.9052
+22.2676	-18.8072	-12.0752	 -1.1203	 +0.5534	 +2.3746
 +3.5421	+72.4966	-46.5398	 +1.5343	 +0.6988	 +1.4968
 -7.1148	+12.7971	 +5.4688	 -5.1967	 +4.7874	 +4.1567
+11.9574	 -5.4003	+12.0654	 -1.6109	 +1.3351	 -1.0356
 -2.6059	 -7.8764	 -0.7978	 -0.1321	 -4.6159	 +0.2407
 -8.0055	 -0.6248	 -1.3526	 -2.5668	 +4.4256	 +2.2263
 +0.9968	 -3.4157	-14.0359	 -1.5562	 +2.2187	 +3.0525
 +4.1023	 +1.9432	 -6.4294	 -2.0366	 +1.0246	 +0.8818
 -7.1704	 -7.7012	+42.6344	 -0.3894	 -1.5845	 -1.0328
 -7.0505	-10.4526	 -5.7067	 -3.8018	 +1.8207	 -0.6121
 -0.3549	-10.5742	 -3.0097	 +0.1629	 -0.7110	 -2.5065
 +3.2331	 -1.6692	 +7.8076	 -3.6849	 -0.5485	 +0.0319
 +0.5449	 +9.6939	+35.8796	 +0.2563	 +0.2674	 -1.4881
-16.0523	 +5.7423	+73.1442	 -1.2306	 -1.2107	 -0.9946
 -7.8400	 -3.9379	-16.7674	 -2.4052	 -3.3947	 +3.2614
 -5.5013	-10.9287	 +5.5940	 +3.6049	 +2.5046	 +0.6469
 -0.5708	 +4.8888	 -8.7155	 +1.9522	 -0.1424	 +0.7803
+22.2954	 -3.9270	 -1.8265	 -2.0399	 -0.6364	 -0.9702
 +6.1518	+14.8623	+28.4304	 -2.9219	 -1.3848	 -1.9032
 -3.3090	-13.0543	 -7.8865	 +0.3995	 +1.8794	 +0.2093
 +1.2761	 +3.5872	-24.1257	 -0.0198	 +1.1114	 +1.3001
 -4.9678	+11.0590	-27.0390	 +1.8615	 +0.9425	 +0.1397
 -5.9722	 +2.4352	 +1.4182	 -2.5652	 -1.7089	 -1.9315
 -0.1233	 +9.7868	-46.0298	 -2.0802	 +0.7680	 -0.9464
+16.3410	 +7.5942	+25.2918	 +0.4231	 -1.6134	 +1.0920
 -4.5839	 -5.8220	 +7.0952	 -0.3956	 -0.2908	 +2.4019
 +3.0659	 -2.9599	 -2.3100	 -2.6154	 +5.1953	 +0.6700
-30.7102	+10.3719	-13.3405	 +0.7392	 -0.6368	 +2.3304
 +3.9083	 -7.2874	-14.8554	 +1.5727	 +3.6255	 -0.2061
 -3.5552	+10.6286	-13.8749	 -2.2183	 -0.5378	 +1.7449
 +0.0083	 -4.8642	 -0.7531	 -0.8804	 -4.2471	 -1.2852
 +1.7741	-21.8828	+11.1125	 -1.6940	 -2.9166	 -0.3700
 +4.1517	 +1.8171	 -5.3200	 -3.0178	 -2.4947	 +2.4845
-29.9755	+31.1252	+32.6311	 +0.3650	 -1.6090	 +1.3126
 -6.6835	 -8.9574	 -2.5815	 +0.2200	 -0.4836	 +2.8356
 -0.1945	 -5.7534	 -7.5495	 +2.5064	 +2.4908	 +2.7751
 +6.1468	-161.2602	+118.7809	 +0.1333	 -3.9566	 +2.7036
 -1.1986	 -6.0004	+24.0470	 +0.1772	 +1.5315	 -0.1541
+22.0047	-14.3947	 +4.0557	 +0.2146	 +1.4592	 +1.5829
 +3.6005	 +0.8846	 -6.8403	 -1.0144	 +2.6253	 +0.1950
+12.7472	 +3.2917	 +2.0633	 -2.1567	 -0.9298	 +0.1429
 +0.7234	 +2.5686	-13.0140	 -1.6402	 -4.5154	 -2.0667
 +4.3185	 -6.5810	 -8.9937	 +1.5475	 +0.2271	 -0.8044
 -0.4946	-14.2176	 +0.0082	 +1.1720	 +2.0934	 +2.2494
 +3.1495	 -0.4032	 -8.3592	 +1.2870	 -0.8128	 +0.2049
+29.4095	 -1.0201	+31.0046	 +1.5482	 +1.2643	 -1.2605
 +1.8423	 -0.6071	 -6.6298	 +0.6892	 -2.4003	 +0.2877
-13.8372	 -2.9105	 -2.1526	 +3.6621	 +0.8194	 +1.1715
 +6.8347	-18.4061	-19.5796	 +1.4266	 +0.3108	 -0.3348
 -4.3044	+10.6715	-18.7264	 +1.4415	 +1.5715	 +0.7415
 -9.1582	+15.5600	 +4.7828	 -1.2257	 +2.4282	 +0.9357
+65.5121	 +3.8258	-113.2153	 +3.0357	 +0.3183	 -4.3820
-16.3589	 +7.8370	-12.7384	 +1.6714	 -1.4851	 -2.7595
-16.2467	 +3.5584	 -0.8507	 -0.8636	 -1.3198	 +2.1085
 -4.5895	 -3.0307	 +1.2862	 +1.7611	 -1.9819	 -0.3967
 -5.0871	 -1.5905	 -5.9271	 +0.2525	 -0.9385	 +2.3813
 +5.6053	+25.7916	 -1.5448	 +2.3571	 -2.1894	 +0.1982
-50.8686	+31.0095	+34.5481	 +1.8036	 -0.8287	 -0.2617
 +7.6370	+15.5361	 +4.7833	 +1.7667	 -0.8969	 -2.7858
 +5.7439	 -4.8159	 +2.9204	 -0.3306	 -1.5067	 +0.2459
 -7.4767	 +6.9089	 -0.9385	 -1.3650	 -0.4127	 +2.6995
 -0.9250	 -0.7837	 +0.8945	 -1.1020	 +1.7061	 -3.2129
 -0.5901	 +7.3588	 +7.7076	 -4.3408	 -1.2238	 -2.9256
-14.5123	-23.5100	+13.0540	 -2.2627	 -2.1170	 +0.4561
-20.1404	-10.9001	-26.4795	 -0.9682	 -1.9697	 +1.4000
 -1.6698	 +8.8110	 -6.8586	 +0.6458	 -0.6940	 +1.7616
 +7.5307	-18.9900	-23.9701	 -0.1011	 -0.6944	 +0.4931
 -7.3692	 +2.4053	 +3.7849	 -2.9191	 +4.5519	 +1.4772
 -8.1054	 -0.4057	 +0.4650	 +1.6260	 -0.9843	 -0.8117
-12.2846	+13.0651	 +4.2057	 +1.2186	 +1.1450	 +2.5736
-37.8578	+10.3915	-44.2827	 -5.9925	 +2.5921	 -4.8256
 -5.5344	 +7.8068	 +7.8305	 -1.9026	 +2.2965	 +1.1078
-19.4785	+18.1932	-63.8539	 +0.6839	 +1.3266	 -1.2813
 +2.9639	 +9.0593	-20.8274	 +1.4260	 -2.3399	 +1.3425
+66.1370	+143.0012	-21.3950	 +1.7001	 +3.7254	 +0.0161
 -1.8460	 +0.6391	 +0.0299	 -5.3157	 +2.6934	 +1.3949
+18.6269	-15.5338	 -7.1940	 -0.0962	 -0.5989	 -0.6197
 +4.2962	 -1.4376	-10.8558	 -4.4640	 +0.9790	 -2.1229
 +9.5244	 +9.3936	 +3.3955	 +1.8933	 -0.6141	 +0.6214
-12.3905	 -0.5253	-11.9244	 -1.8137	 +3.4951	 -0.7622
 -4.6291	 -4.1068	-10.0035	 +0.2112	 -1.5933	 -0.8736
-10.6799	 +7.8505	 -3.5280	 -0.5140	 -3.3106	 +2.5194
+12.9342	 +0.1307	 -9.5554	 +0.0971	 -4.3347	 +0.8942
+47.0845	+19.0414	+12.4437	 +0.6893	 +0.0727	 +2.4086
 +8.4728	 +0.7274	 +5.2434	 -2.8492	 -0.0943	 -2.4553
 +2.6690	 +7.4944	 +2.8640	 +3.0680	 +5.2290	 +0.3052
-15.8455	 +4.5741	-31.4570	 +0.7999	 +1.1197	 -0.4848
 -7.6300	+14.9298	 -3.2333	 -3.7051	 -0.2174	 -1.1502
 -3.4700	 -0.2463	-11.6442	 -1.2543	 -1.5888	 +1.1451
 +9.6136	-14.6385	-16.5274	 +1.2182	 -3.1206	 -2.5313
 -3.3079	 +6.2341	+29.0523	 +0.9973	 -0.8289	 -1.0742
 -3.4357	 -1.8114	 -0.4742	 +0.6516	 +2.0961	 -0.3919
 -3.5707	+13.3739	 +0.7656	 -1.9207	 -3.0321	 +3.1743
 -5.7294	 +6.6570	 +2.7604	 -1.4617	 -1.7329	 +2.9920
-34.7083	 -6.5863	-15.3909	 +0.1810	 +0.8386	 +1.0624
-52.6260	+35.0548	+16.4718	 -0.6052	 +1.2007	 +0.3787
 +4.0853	 +9.0676	 +4.5152	 +1.7890	 +1.6497	 -0.7895
-17.7321	 -0.8173	 -9.1863	 +1.9081	 -1.4317	 -1.4114
+25.6214	-31.0479	+24.5214	 +0.4436	 -2.3454	 +0.5669
-43.2759	+57.6075	+16.1010	 -1.2563	 +1.0460	 -0.4540
-23.2973	 +7.3574	 +2.2646	 +1.8731	 -1.8198	 +0.9005
-11.1797	+14.2829	 +1.5879	 +1.1982	 -1.0487	 +1.6818
-31.2334	-18.2606	+22.6656	 +3.0704	 +0.9569	 -2.6411
 -0.5486	-11.2756	 +6.8955	 -2.7812	 +0.6720	 +3.2601
-32.8968	+69.4192	+29.1125	 -0.8265	 +2.0144	 -1.1773
 -8.5848	-12.2667	+24.8368	 +1.0731	 -0.8929	 -1.9224
+34.2426	 +8.7683	+37.9325	 -0.8456	 -0.0232	 -0.2231
-10.0481	 +4.9242	 -3.2290	 +1.4051	 -2.1139	 -1.5794
-12.9265	 -3.7341	 +2.2870	 +0.6623	 +3.2766	 -1.9182
 +0.0708	 -6.9015	 -2.0954	 +2.1407	 +2.1710	 +3.3131
 +1.0113	-14.3278	 -4.4463	 -0.6498	 -0.0482	 -3.0957
 +6.3726	 +7.7538	 -5.8828	 +1.3991	 -3.6533	 -0.2756
 +2.8180	 -5.6918	 -2.4120	 +1.9843	 -0.4197	 -6.1386
 -2.8535	 -0.0474	-12.2897	 -0.5051	 -0.6512	 +0.6167
-23.7702	 -3.5367	 +2.9057	 +1.4412	 +0.2110	 -0.1897
 +1.7304	-22.2386	 +0.1046	 -0.4192	 +1.6898	 -0.2656
-26.0920	+137.3937	-426.8428	 -0.7160	 +3.6918	-11.6545
 -0.3879	 +3.6563	 -8.9114	 +0.6601	 -1.1509	 -2.0733
 -8.7685	 -3.1990	+38.2333	 -0.7977	 -0.7137	 -0.3149
+36.2040	+12.0066	-42.7555	 +2.4677	 +1.4563	 -3.0069
+69.3617	 +9.8478	-20.3968	 +2.7414	 +0.1346	 -0.7296
 +3.2355	 +2.1821	 -8.3567	 -1.3224	 -4.2782	 -1.6093
 -2.6078	 -7.9439	 -3.4214	 -0.3121	 +1.5186	 -2.3781
-50.2162	-117.2380	+110.5246	 +0.8284	 +0.3968	 -0.4105
+11.5318	-10.2018	 +0.9854	 +2.8272	 +0.3571	 +0.6762
 +1.4370	-19.9976	 +4.3230	 +1.5064	 +0.4002	 +2.2740
 -6.9206	 -1.5079	 -3.1340	 -0.0239	 +0.2177	 -2.0391
 +9.7800	+33.2652	+32.0163	 -1.7165	 +1.2036	 +2.2849
+12.4014	 -1.1909	 +4.2363	 +3.1766	 -0.6944	 +0.6643
 -3.8453	 -0.3848	 +4.1562	 +0.3167	 +3.2482	 +3.6861
+19.3861	+54.0553	+11.0040	 -0.7344	 +1.1603	 -2.1736
 -0.6775	 +0.4615	 +3.9763	 -3.0205	 +0.6248	 +4.1306
+10.6822	 -3.7207	 +3.0435	 -1.9232	 +0.0078	 +1.0539
-13.5607	 -1.0743	+26.4941	 +0.8116	 +0.9088	 -2.7365
 -8.8525	 -0.5765	+24.9267	 +1.4426	 -2.2310	 +0.5096
+31.3890	+15.9528	-23.1907	 +0.5784	 +1.3001	 -0.0415
 -7.0265	 -9.5950	 -2.9616	 -2.0430	 +2.3963	 -3.3572
-11.5094	+16.9761	 +2.2270	 +0.8065	 +0.2367	 -0.7223
 +0.9134	-13.8564	-10.7378	 -1.4906	 -2.4140	 -1.9906
 -9.4363	 +0.8722	 +9.8507	 -2.5211	 +0.7605	 +2.0582
+11.0525	+11.8406	 +4.8652	 -2.5080	 -2.3014	 -2.2471
 -4.1420	 +0.8108	 +6.9052	 -4.5186	 -1.1699	 +1.3798
-21.8594	 +6.9651	 -0.1453	 -1.7624	 +1.9239	 -0.9237
 +2.1100	 +2.7898	 +4.6941	 +0.0765	 +4.3426	 -1.9826
 -7.2537	 +5.7943	 -5.3361	 +0.1691	 +3.0842	 -2.4483
+28.0504	-36.8750	+43.2002	 -0.1348	 -0.6086	 +1.7579
-10.5824	 -4.3336	 -4.5993	 -1.5507	 +1.6791	 +1.4714
+16.1235	+13.2717	 +2.4826	 -0.5275	 +0.2656	 -1.8759
-12.2420	-16.1869	 +3.2140	 +0.4912	 -0.2807	 -3.0532
 -2.0822	 -6.7556	-10.6546	 -0.4426	 -2.7317	 -4.3546
 +6.8575	 -2.2366	+22.2470	 +0.8959	 +2.6407	 +4.0481
+10.1965	+11.8762	-14.9503	 -2.4167	 +1.9567	 +1.6857
-74.6184	+27.1691	-26.9664	 -0.9318	 -1.9276	 +1.1640
+97.3399	+74.9542	 +3.3436	 +2.1131	 +2.0127	 -0.0775
 +8.6955	 -7.9543	+14.9455	 +0.9758	 +2.0335	 -0.2107
+28.4908	-34.6979	-47.1934	 +0.9256	 -0.2218	 -1.1740
+11.2581	+20.5607	+15.5434	 +0.3008	 -0.5317	 -1.1599
 +7.4206	 -4.2570	 +9.6725	 +3.6429	 +0.1556	 -1.7181
-19.9869	 -1.7350	 -6.5646	 -1.6605	 +0.1825	 +0.9470
 -1.8551	 -4.7887	 -3.2982	 +2.8503	 +2.2802	 -3.5963
 +3.9279	 -7.2633	+12.9876	 -0.0303	 -0.6399	 +0.3326
 -3.9425	 +4.8121	-12.4915	 -0.0849	 -4.3396	 +0.9016
 +5.7264	+11.7480	-12.0305	 +1.3669	 -3.5629	 +1.0142
-10.7727	 +5.1431	 -2.5426	 +1.0746	 -4.2196	 +3.0446
 -8.9743	 +7.1441	+17.2465	 -2.3589	 -1.3073	 -0.4301
+31.0159	 +9.7572	-16.9057	 +0.3327	 -2.4599	 +0.1150
+34.5844	 -7.1107	 +8.7320	 +2.5922	 -0.1776	 -0.3678
 -6.2878	 -3.5556	 -2.3613	 -0.9426	 +1.3874	 +1.1967
 -5.1644	 -7.0343	 -4.0965	 +4.0041	 -2.6304	 +2.2399
 -7.6173	 -3.3392	 +4.8942	 -0.2454	 +2.4337	 +2.0934
-127.1919	-143.1642	+115.0127	 +0.5336	 +1.0772	 -0.0475
-19.1868	 +1.8423	 +0.7948	 -2.2233	 -2.1566	 +1.5336
+22.8836	 -1.7781	-44.0656	 +1.7007	 +2.0766	 -1.9125
 -5.9787	 +0.4655	 +2.2551	 -4.7835	 +2.3741	 +1.2736
 +7.3424	+55.8034	-51.3241	 -0.1098	 -1.1874	 +1.5209
 +3.1697	-10.4421	-28.0041	 -0.7628	 -1.4198	 +1.8009
 -7.9511	 -0.1252	 +6.3273	 -3.1852	 +0.2216	 -2.5105
-32.3650	-16.6573	+20.1836	 -0.2099	 +1.1553	 -0.8107
+24.2779	 -6.4136	-20.8944	 -2.4693	 -0.7833	 +0.9781
-19.2226	-11.3101	 -8.8094	 -1.4773	 +2.9583	 -0.6133
 +9.1537	 +4.9676	 -2.6111	 -2.3088	 +2.2400	 -0.0997
 +2.9872	 -1.0047	-12.2795	 +0.2346	 -1.4114	 +1.9292
 -4.5037	 -2.3877	 -2.7355	 -1.8014	 +0.1689	 +4.0019
 -4.1617	 +3.9437	 +4.5386	 -1.6649	 +0.8371	 +4.6026
-11.7389	 -8.2612	 -2.5031	 -1.7989	 -3.7776	 -0.3984
+26.0800	-21.2060	+27.6362	 -0.7479	 +0.3472	 +0.3358
+45.8235	-29.2795	-23.0869	 +0.0579	 +0.4551	 -0.1148
-13.0054	-23.5581	+30.1915	 +0.3282	 -0.2652	 -0.5076
 -1.3037	+14.9090	-14.3232	 -2.0098	 -0.2286	 -2.1643
-17.6915	-35.1241	-13.6167	 -0.1550	 +1.2915	 -1.4079
 +5.5428	-14.1916	-30.0250	 -0.6423	 -0.4993	 +0.0720
 +7.7443	 -8.0527	-15.8962	 +0.2032	 -3.9885	 -3.9781
 +3.8767	 -2.3506	 +6.4732	 +1.4910	 -0.5373	 -0.2167
 -1.9969	-21.1563	 +6.6860	 -0.6201	 +0.8665	 -0.5789
 -2.1750	 -4.6020	 -4.0557	 +0.4867	 -0.2681	 +3.4343
 -7.0703	 +9.1529	-11.0372	 +0.5072	 -3.5615	 -2.7434
 +4.2990	-17.3387	 +8.8308	 +1.9561	 -2.3849	 +1.0920
 +2.2815	-16.9044	 -3.7732	 +3.0734	 +0.6287	 +0.1343
 -2.9169	 +7.2136	 +3.9516	 -1.6135	 +1.5803	 +3.8015
 -8.0956	 -7.3708	+25.2044	 +1.2141	 -0.2544	 -0.2715
-26.1471	 +3.2590	 -7.1341	 -2.8768	 +0.5129	 -0.1054
 -2.5829	 -5.4221	 -4.5683	 +5.4930	 -0.0843	 +0.0356
 -7.8279	-28.9630	+12.4361	 +1.9688	 -0.7409	 +0.3677
 -2.6681	 -5.8085	 -4.3114	 +0.6838	 -5.3741	 -0.6182
-114.0474	+127.7503	+206.9926	 -6.0040	 +6.5203	+10.9581
-58.9867	-85.3252	 -0.5016	 -2.4405	 -3.2274	 +0.7802
 -5.0049	 +0.2540	-14.9804	 -1.1619	 +0.0966	 +2.0737
-21.7032	 +7.2683	 -9.2522	 -3.0708	 -1.0200	 +0.4724
-15.3294	+10.8253	-12.8119	 -2.1772	 -1.5452	 +3.6473
 +2.0765	 -9.1900	 -8.7783	 -2.8418	 +1.3196	 -0.5102
 -4.4745	 -1.4978	 -1.0768	 -1.8303	 -1.9228	 -4.1020
-12.0268	 -9.9721	 +1.7130	 -2.8600	 -2.4832	 +3.7590
 -8.3464	 +2.6086	 -8.6380	 -1.0388	 -1.2148	 +2.2720
-21.1885	 -1.1468	 +9.1725	 -0.9255	 -0.5260	 +2.4441
 -4.8542	-11.5073	 +6.4318	 +0.4526	 +3.2739	 -0.2376
 +9.7088	-17.1436	+10.5553	 -0.7110	 -1.9204	 +2.1623
 -2.1900	 -4.1283	 -7.5176	 -3.8194	 -2.2484	 -2.0028
 -6.3304	 -3.4462	 +2.0286	 -1.4305	 -0.1266	 -1.6666
-10.2708	 +3.3060	 +4.2508	 -1.2442	 +3.3516	 +0.5149
-15.4242	-19.1831	 +1.9514	 -4.0377	 +0.1550	 -0.6246
 -0.0105	 -3.3842	 -6.5969	 -3.1657	 +0.1639	 +1.3514
+10.5056	 -1.8798	 -5.7046	 +0.0335	 +1.1076	 +2.1608
-24.5735	 -4.0950	+14.9143	 -1.5985	 -2.1234	 -0.5899
 -1.9991	+15.1553	 +3.2309	 +0.7686	 -0.4436	 -0.5095
 -4.4698	 -9.0298	 -1.3146	 -6.1456	 -0.0691	 +0.3459
 +4.9976	-11.1265	 +5.9693	 -0.1658	 -0.5443	 -0.6954
-18.4318	 -7.6771	 +2.3991	 -2.5835	 -0.4935	 -1.2836
 +7.2783	+16.5521	 +3.5055	 -0.2872	 -1.8804	 +1.9921
 -8.0843	+10.8196	 -0.4846	 -2.8498	 -3.7436	 +1.5324
+22.0412	 +7.3681	-21.8344	 +0.4290	 +0.7240	 -0.8074
 +1.9958	 +8.4996	 -5.6382	 +1.2861	 +2.1411	 -3.1992
+11.7026	+18.7659	-49.3411	 +1.0756	 +0.9260	 -0.9230
 +9.5149	 +2.6580	-16.0987	 -2.1075	 -0.4147	 +0.5970
+48.2716	+30.6758	+96.8821	 +1.5371	 +1.7457	 +3.1884
 -1.9167	+10.6150	 +6.5689	 +2.8551	 +0.4627	 +3.4578
 -3.8290	-12.0003	 +7.2451	 -2.3900	 -1.6355	 -0.0407
 +4.5457	 -5.4284	 +5.5899	 -1.5046	 +3.8230	 +1.0996
 +7.0796	 -8.1353	-11.3664	 +2.8680	 +1.6708	 +1.1000
+10.7567	 +1.3529	 -7.4793	 -1.2161	 -1.2725	 +1.1703
 -4.2498	 +2.0027	 +1.7671	 +6.9898	 -0.1342	 +1.4805
 -0.4975	+27.1791	-15.3058	 -0.7695	 +0.5269	 +0.1127
 -5.0570	 -1.6062	-11.0038	 +1.0409	 -0.7109	 -4.4922
+28.2965	 +6.5096	-27.7403	 +6.4111	 +0.9328	 -3.9032
