# Num Particles: 1000
# Num Cores: 32
# Total Energy: -7.019505e+03
# Iterations: 971 of 1000
# Current Time: 2018-05-05 20:22:26.437653
# Elapsed Time: 2:53:14.753646
# Avg. Step Time: 0:00:10.705205
# 
# x	y	z	vx	vy	vz
# 
 +0.4874	 +3.7004	-13.4095	 +0.1199	 +0.8759	 -2.4778
 -2.1981	 -4.6120	 +5.2431	 +1.3010	 -1.9026	 -0.2701
 -0.6238	 -1.4914	 -0.4441	 -1.6306	 -1.4220	 -2.7906
-22.4240	 -6.5222	 +9.1938	 +2.4400	 -3.5713	 +0.5160
 -3.0291	 -4.6084	 +4.4526	 -0.3964	 -1.8920	 -0.7901
-16.3898	-13.7583	 -2.5489	 +0.2598	 +1.0125	 -2.1704
 -5.9401	 -4.6899	 +6.3456	 +0.8799	 +3.3417	 +1.5917
 -2.3291	 -0.4545	 +7.1583	 +0.7975	 +3.4044	 -1.8026
-14.7997	+20.6324	+16.2643	 -1.6951	 +1.8880	 +0.6833
+30.2562	-40.8435	 -5.6186	 +0.6058	 +0.4194	 -0.2992
 +1.7609	-20.9628	-12.6201	 -1.3998	 -2.4316	 +0.4194
 +5.0187	 -0.4714	 +0.3752	 +0.9687	 +2.2150	 -0.4374
 -8.6612	 -3.6179	 +0.7976	 +2.7118	 +1.3413	 +2.0965
-24.7544	-17.3975	+43.3682	 +1.1769	 -0.8287	 +0.9071
 -0.8187	-11.2056	 +8.5999	 -0.9519	 -2.8377	 -1.7507
 -3.8563	+60.5173	+21.4381	 +1.2774	 +3.0347	 +0.7095
 +4.1329	 +5.3307	 -6.8718	 -5.0458	 -0.5947	 -0.6136
+20.7098	-20.9428	+13.9103	 +1.5017	 -1.4968	 -1.4609
 -5.5590	 -0.5105	 +5.9205	 -1.8336	 -3.1797	 +2.2022
-53.5292	 -1.9297	-33.1967	 +0.3717	 +2.2748	 -2.1334
 -8.4809	+18.2571	 +6.3024	 -0.2584	 +3.9196	 -0.0794
 -3.1924	 +3.2654	 -4.0838	 -2.1902	 -0.2910	 -0.1545
 -2.5529	 -8.2626	 +3.6713	 +0.6957	 -2.4453	 -2.1399
 -8.1326	-14.1197	 -2.5983	 -0.7189	 -0.9846	 +0.8918
+21.0957	 +0.2918	+24.9508	 -0.4068	 +0.5335	 -1.3318
-10.4059	-25.2241	+34.6786	 -1.7542	 -0.3459	 +1.5175
 +3.6890	-22.4628	 +4.0183	 -1.3691	 +1.5116	 -0.5484
 +9.2614	-23.5426	 +7.5173	 -2.3905	 -0.6752	 +0.8814
+17.2949	-17.4658	-10.2240	 -2.3297	 -2.4203	 -0.5448
-32.1813	+37.2442	+16.8199	 +0.2798	 -1.1614	 -0.5442
+33.3889	 -9.7099	 +2.0204	 -0.0320	 +0.7606	 +1.2235
+27.8765	-20.3405	-13.4957	 -2.3439	 -2.0757	 -1.7570
 +0.9883	-13.4779	-10.0988	 -3.4294	 +0.4774	 +2.9527
+14.0650	-39.8902	-27.9919	 +0.8973	 -0.1829	 -0.9245
+22.1044	-81.2587	+40.8220	 +0.2475	 -0.5376	 -0.2034
+349.3575	+1465.0137	+98.0107	 +6.1523	+25.7541	 +1.8919
+12.4890	+23.8827	 -0.1291	 +1.7658	 +0.2917	 -0.9131
-10.3874	 -4.6762	 -5.9911	 -1.9191	 +0.0263	 +0.4228
+163.5460	+36.7526	+371.1447	 +2.0537	 +0.6922	 +5.1359
 +8.9185	 +0.7021	 -9.1754	 +0.3386	 -0.1009	 -1.5960
 +0.7691	 -4.7874	+18.9323	 +0.9876	 -1.3220	 +2.0995
 +6.0994	 -6.9409	 +6.7442	 +4.0723	 -0.9029	 +2.1309
 -1.1212	 +1.1753	 -3.8034	 +0.1310	 +3.0125	 +1.7926
 +5.8730	-17.5314	 -6.3340	 +2.1613	 +0.5922	 +0.3041
 +9.8500	 +8.6694	 +5.6533	 -0.6072	 -3.5829	 +0.0629
 -8.5748	-13.8059	 +9.7114	 -2.4008	 +0.4109	 +1.2678
 +7.3461	 +0.4624	+19.5463	 +1.1164	 -2.2274	 +3.1598
-61.6598	 +2.4881	-21.1075	 -0.3450	 +0.4064	 +0.9467
 +4.0652	 -4.1519	 +7.8684	 +2.4839	 -1.3970	 -0.4996
 -2.6127	+21.1599	+13.7203	 +0.3224	 +0.5642	 +0.6526
-49.4462	+57.4541	-75.5346	 -0.4587	 -0.7259	 -0.3692
+21.1762	-15.1049	+48.4891	 -1.3481	 -0.1226	 -1.9516
-10.7879	+33.6268	+45.8207	 -1.4129	 +0.6122	 -0.8179
-22.0522	 -2.4659	-12.2962	 -0.6639	 +2.9192	 +0.7924
 +5.8826	+77.8757	 -5.9754	 -0.3276	 -1.0939	 -1.5382
+20.9622	-51.3460	 -5.4902	 -0.2223	 -1.2453	 -0.4230
 -5.6001	-19.5782	+24.5808	 +0.9481	 +0.3033	 -0.5484
 -3.7472	 -2.6886	 +7.5145	 +0.8765	 -0.2896	 -2.4290
 -4.4811	+10.1997	+19.7078	 -0.9334	 +2.2075	 +0.9169
-15.1932	+45.6463	-16.0045	 +1.7192	 -0.5575	 -0.1522
-12.3389	 -4.1345	+16.8137	 -2.7649	 +0.9169	 -2.5872
 +8.1611	-40.1803	+10.3642	 -0.7678	 +0.0858	 -2.1087
-19.9200	+18.3845	 -2.5821	 -0.4382	 +0.5962	 -1.1030
-10.5509	+22.8561	 -0.7277	 -1.9813	 +0.6050	 -2.0415
 -3.0399	 +8.8951	 -0.9630	 -3.0753	 +2.1341	 -3.4945
 +5.8371	 +5.9892	-29.4486	 -1.1637	 -0.7640	 +1.8616
 -5.6488	-11.3752	+14.2308	 +2.3858	 -0.0914	 +1.7208
 -3.3689	 -5.2111	-20.2141	 +1.8709	 +2.3792	 -2.5697
 +6.9865	 +6.5281	 +7.5515	 -3.7021	 -0.6643	 -2.5042
-889.3233	+731.4674	+1256.0386	-10.5257	 +8.7064	+15.1216
 +7.4247	 -4.9814	 +1.1394	 +2.0199	 -3.1134	 -1.0566
 +7.7484	 -3.3859	+16.7127	 +0.4203	 +0.8358	 -1.4207
 +2.5493	 -7.9717	 +3.2188	 +1.5920	 -1.3728	 +2.9165
+139.3068	 +0.9786	-106.5696	 +1.1018	 -0.2073	 +0.5885
+52.6925	 -3.7319	+20.3281	 -0.8624	 -0.0331	 +0.1417
-24.4354	 +7.7711	-19.5901	 -2.0266	 -2.5401	 +1.1030
 -0.2794	+17.2674	-13.3876	 +0.0972	 -2.9694	 +2.0033
 -7.3280	 -6.2700	+16.0040	 -3.1263	 -2.0431	 -0.0616
-118.9443	+285.8840	-199.3150	 -1.1726	 +3.1667	 -1.8942
 -0.1927	-15.7891	 -3.5816	 +4.5985	 +1.1984	 +0.7271
 -8.2605	-13.1608	 -0.0163	 +1.4088	 -1.6248	 -1.6067
-25.7015	 +9.1467	 +5.7652	 +1.2533	 +0.7898	 -1.1734
-14.8762	+24.2382	 -3.4296	 +0.5177	 +0.7126	 -0.8804
-13.1588	+46.1189	+28.0995	 -0.0679	 -1.2478	 +0.9151
 -6.3089	 -5.4066	 -5.5815	 +4.6630	 -2.5222	 -2.1766
-12.2718	-10.2204	-20.0365	 +1.8707	 +0.5902	 +0.7925
 -5.1908	-13.6254	 +4.5586	 -1.6419	 -1.0095	 -0.5599
-82.3838	+56.1512	-82.2487	 -0.7383	 +0.3014	 -0.8084
+16.9553	-17.8211	-20.0144	 -0.5792	 +1.6761	 -0.8491
 +8.3293	+44.8888	 +0.4291	 +1.7050	 +0.7901	 +0.8947
-13.4138	+16.9732	 -0.8188	 +1.5932	 +1.0653	 +1.5063
-37.9013	-70.9035	-17.4541	 -1.7751	 -4.0688	 -0.9753
 +2.8003	+13.6735	-18.9480	 -2.1883	 -2.9562	 +1.3618
+13.1359	 -2.6295	 +3.9167	 -3.5297	 -0.0863	 +0.2479
-38.0746	+20.9978	+16.5558	 +0.5763	 +0.5836	 -0.6155
 +9.8131	 +2.4451	 +6.2318	 +0.7912	 -0.8758	 -2.4542
+20.9900	-50.7712	-15.8292	 +0.2001	 +1.1597	 -1.2739
 +2.9409	 -5.3584	 +6.3377	 -3.7028	 -2.3593	 +2.2606
-30.1767	 +3.0950	 -7.5355	 -1.3925	 -1.0369	 -1.2074
 -8.1484	 -5.2996	-24.1114	 +1.7926	 +1.3161	 -1.9351
-73.6564	-82.9436	+29.9773	 -1.5775	 -1.3635	 +0.7859
-14.9444	+14.3722	 +1.1753	 +0.8214	 -1.3120	 -1.6345
 -6.7273	 -5.1862	 -2.0015	 +1.7700	 -0.0656	 -3.1089
-12.8560	 -9.3162	 -5.4458	 +1.1033	 +0.0522	 -2.8842
+605.5247	+152.8099	-305.2122	 +6.1438	 +1.5678	 -3.0348
 -4.9480	 -6.2806	 -9.4357	 +0.5588	 -1.0076	 -1.8343
+45.8587	+23.2010	-32.6791	 -0.1589	 +1.3024	 -1.1745
 +1.0303	 +9.9229	 -0.6450	 +2.4124	 +1.7204	 -0.4654
+18.4480	 +7.3612	 +7.7039	 +1.4570	 +2.7555	 -0.9127
-16.9733	 +7.1702	-11.9376	 +1.6196	 -0.9808	 +0.0366
+14.8152	+27.1758	-21.6155	 +0.9706	 -0.3896	 +0.9845
+444.3554	+450.0045	-195.4043	 -0.3474	 +0.6111	 +0.3460
-137.4798	+197.3789	+223.9320	 +0.1145	 +0.8966	 +0.0895
 +4.6442	 -4.3464	 +3.7583	 -0.8354	 -1.5756	 -1.7253
 +8.8721	 +2.1360	+14.5620	 -2.0244	 -2.1967	 +1.0859
 +8.7400	 -9.8074	 +9.8064	 +0.8272	 +1.8556	 +0.4677
 -4.6811	 +7.5691	 -0.5422	 +1.2540	 +1.8711	 +2.7754
-11.7811	 -1.9064	+102.6496	 -0.6132	 -0.1790	 -0.2373
-302.7659	+294.9163	-394.0630	 -5.8499	 +5.9208	 -7.9488
-44.3569	+48.5963	-49.9703	 +0.5851	 -0.4801	 -0.2507
 -0.7752	-20.9277	+23.2089	 -1.2854	 +1.0411	 +0.2879
-16.7128	 -8.4370	 -0.9847	 -0.5956	 +1.3473	 +1.9356
 +2.2924	 +4.5738	-26.0477	 -2.3685	 -0.0924	 +0.5555
 +6.7216	-25.0464	 -8.2547	 +1.0706	 -0.9934	 +0.8440
+16.7924	-35.2591	+11.0469	 +1.3831	 +1.1496	 -0.0085
 -0.5039	-32.7145	 +3.0225	 -0.4703	 +2.0705	 +0.9728
 +5.1851	 +3.5071	 -3.8644	 +0.7522	 -0.3787	 +3.2869
+78.6296	-27.6242	+32.6025	 +0.3861	 -0.2818	 +0.2558
 -1.4763	 -2.7433	 +1.2329	 +1.5800	 -0.7101	 +0.6397
 +4.3314	 +1.0838	 -4.5306	 +2.4231	 -3.4510	 -1.8704
+15.9245	-80.1377	-235.5164	 -0.0127	 -1.0949	 -0.3343
-12.9675	-14.2570	+30.2312	 +0.4615	 -2.8387	 +1.9198
 +2.1416	 -4.4333	 +9.8706	 -3.4308	 -1.7743	 -2.7561
 -4.3703	 -1.7559	 -1.3727	 +1.5404	 +2.0846	 -0.4942
 -3.5194	 +7.2695	 -1.0864	 -1.6773	 -1.2673	 -0.0402
-47.9558	-32.0406	+19.0045	 +0.9554	 +0.0536	 +0.1709
-18.0643	+13.1978	+13.6699	 -2.1585	 -1.6066	 +0.0191
-28.7488	+23.2896	-39.5784	 +1.0665	 +0.6404	 +0.1461
-13.4407	 -0.9927	+17.0234	 +0.6283	 -2.7166	 +0.1801
-127.7445	+124.8999	+62.1369	 -0.5410	 +0.6461	 +0.2265
-13.2580	 -6.3865	 +0.0662	 +0.4489	 -1.4636	 +1.4036
+20.1945	-12.4141	+13.4179	 -1.8216	 -1.7043	 +2.3443
+1026.4328	-334.1268	-262.5506	+13.5656	 -4.3389	 -3.3361
-52.2146	-55.5571	 -1.4289	 -0.5982	 +0.9316	 -1.5229
+47.3762	+51.4258	+25.2652	 +1.7241	 -0.5673	 +0.2789
-20.1540	 -0.7236	 -1.5085	 +1.5118	 -0.1854	 -2.1963
 +6.0938	+53.5640	-26.3930	 +1.9757	 -0.9487	 -1.7265
 +5.9232	-14.1167	 +8.7695	 +3.2780	 -0.6354	 -0.2008
 -9.5728	-23.8815	-35.9007	 -1.2004	 -1.0792	 +0.6254
 +5.2525	-29.9644	 -1.8140	 +1.0739	 -0.4380	 -0.0764
 +6.1180	 -7.1986	 +0.9383	 +0.8243	 +2.4383	 -1.2708
 -8.4911	 -3.7313	 +4.8564	 +2.8992	 +0.0957	 -1.3526
 +4.1549	-12.3657	 +0.5608	 -0.3479	 +1.1664	 +0.2183
 +7.4795	-24.8507	 -8.4965	 +1.4714	 -2.6524	 -0.8347
 +9.3650	 -4.5189	+13.3490	 +1.8552	 +0.5591	 -0.1632
 +2.0606	 -8.1455	 -2.6581	 -3.8442	 +0.9462	 -3.0480
-25.1773	 +8.8401	 -4.1154	 +0.1710	 +1.1925	 -2.6917
+24.6223	-14.1669	-15.6130	 +1.3101	 -0.4901	 +2.5415
-12.6072	 +6.0615	 +2.8568	 +0.6550	 -0.8517	 -0.8377
 +5.8172	 -7.8225	 -1.5949	 -1.4550	 +0.8940	 -0.3255
+21.3992	-23.6590	+63.0499	 +0.2232	 -0.5721	 -1.0383
+20.4207	+27.5770	 -6.2519	 +0.4532	 +1.5261	 +0.2649
 -5.8050	 +4.7266	 +0.7476	 -2.0917	 +2.7923	 +0.0358
 -6.6477	 +8.2064	 +0.5387	 -4.0686	 -2.2596	 +1.1872
 -2.3192	 +8.2164	 -5.1657	 -2.0370	 -0.0920	 -0.2557
-13.1207	-10.7495	 -1.1252	 -0.0815	 -1.0118	 -2.2704
 -2.3348	+10.8003	 -8.0469	 +1.3374	 +3.1997	 +0.0942
-14.2312	 -9.8633	+10.7124	 +3.9353	 +1.0819	 +1.0763
 +6.7080	 -1.8118	-11.8062	 -1.4133	 +1.5379	 -0.1957
 -3.6188	 +0.8098	 -2.8196	 +1.3127	 +0.4629	 -4.7161
 -4.6786	-13.9387	+29.4147	 -1.1031	 +0.2543	 +0.6596
 +6.8818	 -5.6113	 +2.3036	 +0.0578	 -1.8981	 +1.1554
 -4.0227	-18.5820	 +6.5809	 -1.9324	 +0.4591	 +3.4877
 -0.3917	-75.8664	+15.9266	 -0.4187	 -0.3810	 -0.3553
 -1.7984	+14.6468	 +6.3824	 +0.3049	 +3.8462	 +1.4662
+56.0382	-99.4293	+38.2890	 +1.2002	 -0.0701	 -0.1434
-18.7693	-20.5877	 -5.0083	 -0.7480	 +2.8970	 -2.0076
-37.8682	+14.4216	-20.8926	 -4.8582	 +1.1677	 -3.3364
 +0.9030	 -0.9430	 +3.5279	 +2.7356	 +1.3832	 -0.9171
 -8.9188	 -2.8539	 -9.2849	 +2.3054	 -1.2107	 -1.1961
-836.3422	+134.0882	+334.0828	 -9.6974	 +1.5522	 +3.8044
+78.8218	-184.6714	+39.6222	 +1.8236	 -3.9138	 +0.9279
 +5.0445	+10.4796	 +0.6455	 +0.3888	 -0.7342	 +4.8019
 +8.3060	 -2.9072	 +0.4598	 +1.6459	 +1.7000	 -4.3068
-25.4338	 +5.4524	-16.2896	 -1.1274	 -1.4662	 +1.2766
+71.8474	+152.6864	+92.7722	 +2.1718	 +4.1597	 +2.4816
 -7.8180	 +5.9285	-27.3993	 +0.2423	 +1.0401	 -1.5268
 -9.8220	 +8.8046	 +5.2554	 -0.1201	 -1.1640	 -0.3798
-15.0135	-19.9292	 -6.3099	 -1.2681	 +0.3759	 -1.5405
 -8.0707	 -5.1260	 +4.7948	 -0.5279	 +2.7376	 +0.4466
 +2.6058	-29.0092	 +1.7636	 +0.5693	 +3.0321	 -0.3908
-12.5369	+12.6775	 -4.8705	 +1.2338	 -0.3866	 -0.5005
 -9.0224	-26.4060	+15.7360	 +1.7191	 -0.4878	 +2.9653
 -4.6360	 -4.8428	 +4.7897	 +0.7799	 -0.6822	 +0.6912
 -9.1233	 -8.2109	 -4.8624	 -1.6307	 +4.3349	 +0.7585
 -6.4271	 -5.0355	 +3.7739	 -1.8460	 -1.8755	 -0.6080
 -0.6628	-91.2610	+21.0243	 -0.1410	 -1.1672	 +0.3191
+49.9003	+58.5251	-33.4444	 +1.7500	 -0.1713	 -1.4005
 -8.8835	-12.6192	 -5.3855	 -1.4269	 +2.3371	 -2.6294
 -6.7586	-191.8180	 +7.6144	 -0.9661	 -8.5851	 -0.5624
 +7.3685	+24.0960	+25.8352	 +1.5465	 +1.8458	 -1.3314
 -7.9980	-12.8128	 +6.2661	 +4.7348	 -0.2310	 +1.0429
 -5.0158	-48.0811	+12.1954	 +1.1327	 -2.6686	 -0.5935
 -2.9747	 -9.8313	 +3.6401	 +0.6753	 +0.1768	 -3.9027
-11.8159	+12.5204	+12.6961	 +2.3480	 -0.5160	 +0.4102
+11.3188	 -7.4886	 +2.1477	 -0.6321	 -1.5223	 +0.6241
 +2.7736	-20.1172	 +1.8260	 +2.7072	 -1.5389	 -0.1585
 -9.1644	-28.7346	+27.8199	 +2.3666	 -0.8920	 -1.0759
+48.4354	-28.7988	-28.9012	 +0.2354	 +1.6317	 -1.4398
-14.4659	-30.7773	 -6.3677	 -0.8811	 -0.5523	 -1.1374
 -5.0723	+21.4226	 +3.8778	 +2.3376	 +0.0945	 -0.4903
 +1.5426	 -3.5148	+13.0954	 -0.2272	 -1.8934	 -2.3276
 +0.6086	 -2.5181	 +8.0073	 +1.0585	 -0.7497	 +0.2101
-27.2710	 +7.1922	-18.7430	 -1.3853	 +0.7397	 +1.1630
-30.3890	 +6.2893	 -3.0621	 -2.3866	 +1.4614	 +0.8920
-21.1943	 -4.2029	 +6.1463	 -3.3142	 -1.1560	 -3.7328
-12.7248	 -2.3702	+30.2540	 +1.8707	 +2.2976	 +1.0802
 -9.3684	+10.3269	 +9.9803	 +0.0061	 +2.0617	 -0.2524
 +0.2018	 -0.1390	 -6.0360	 +2.0844	 +1.9287	 +1.5559
 -0.1532	 +0.5765	 +9.2302	 -0.0975	 -3.1627	 -2.6794
 +2.8249	-20.6834	-22.1554	 +0.0263	 -2.4643	 -2.7884
 +5.0504	+10.5049	+23.9097	 -0.9739	 -1.5773	 +0.7243
-193.8524	-135.2612	-198.6185	 -2.0500	 -1.2702	 -2.2183
+141.3831	-105.2433	+57.7390	 +3.3680	 -2.5097	 +0.9561
 +5.1698	 -6.5416	 +4.4580	 +3.0060	 -1.2567	 -2.1190
 -2.2261	 -1.0687	 +0.4365	 -0.2673	 +1.5010	 +0.6650
+16.8493	 -5.2933	 +9.1667	 -2.4614	 -1.5234	 +1.3455
-41.0721	-173.5849	+186.3134	 -0.2235	 -1.0720	 +1.5937
-16.3372	 +1.0413	 -8.5840	 -2.4153	 +0.8951	 +0.8281
 -8.0482	 -1.9668	-16.4592	 +1.2561	 -1.1640	 -0.7266
 +1.8418	 +0.1858	 +7.6504	 +0.1668	 +4.1023	 +1.0099
+447.1274	-587.9921	-360.9767	 +5.5513	 -7.3440	 -4.4360
 -4.4671	 -2.4033	+10.4318	 -2.4198	 +0.2476	 -0.7850
-15.1189	 -1.8245	 -6.5521	 +0.7046	 +1.1771	 -0.2333
-11.4137	 -4.6617	 -8.2795	 +1.0063	 +1.6820	 +0.9379
 -6.0967	 -5.7287	 +2.7986	 +1.3881	 +3.9164	 -1.9503
 -9.0901	+36.4414	 -9.6994	 -0.5575	 +1.5370	 +0.5433
-21.3874	+26.1888	 -7.9695	 -0.8511	 -1.6308	 +2.4248
 +9.9778	 +6.8453	 -5.2013	 +2.2977	 +1.4509	 +1.3859
-14.8083	+26.6817	 -1.3422	 -0.1674	 +1.8254	 -1.8978
-23.1917	+83.0088	-11.3748	 -1.2149	 +0.7386	 -0.0195
 +6.7684	 -4.2540	 -8.7182	 +1.1072	 +0.3411	 -2.1304
-80.9761	+115.0352	-71.0281	 -1.4065	 +1.5795	 -1.5321
+40.7140	-42.9038	-18.5780	 -0.0697	 +0.1883	 +0.0118
-144.9032	+96.3315	-123.8506	 -3.1716	 +2.1855	 -3.1609
 -1.1086	+10.3162	-13.0871	 +0.1731	 +2.3322	 -0.5579
 -8.7304	+34.2612	 -2.2570	 +0.4176	 +1.4167	 -0.8589
-11.0364	 -3.8507	 +2.6734	 -4.2808	 +1.3543	 +0.7135
 +5.6475	 -9.3303	+10.8651	 +0.0270	 -3.4085	 -0.0022
+30.9621	+139.1883	-57.4006	 -0.1549	 +0.5114	 -0.4341
 +5.0546	+23.5506	 +6.3452	 +2.9645	 +0.0363	 -0.1016
+11.5055	 -7.4275	 +5.8555	 -2.2366	 +4.2885	 -1.4227
-25.2158	 -3.3408	 -9.3723	 -6.3325	 -1.1831	 -3.7858
 +6.4801	 -0.0163	 +6.2827	 -0.7482	 +1.4189	 +1.3211
+1891.9506	-53.1450	+796.3987	 +0.2118	 -0.2335	 +0.0622
-14.8520	 +2.0028	 +2.2581	 -0.6237	 +0.3019	 -0.6382
 +5.1154	 +0.2448	 -1.6907	 +1.7600	 +0.5670	 +1.1706
+16.0462	 -6.4226	 -5.1326	 +2.2544	 +0.7689	 +0.6898
+20.7848	+12.0720	-37.8025	 +0.4727	 -0.5001	 +0.5665
 -6.0513	-16.5728	 -9.0129	 -0.0254	 -0.8737	 +1.5224
-63.5097	-91.1786	-23.1122	 +0.6640	 +0.4918	 +0.9722
 +6.2663	-31.7838	-19.1477	 +1.0960	 -0.8057	 -1.2291
-21.1779	+25.1927	 -4.1663	 -2.6194	 +0.5408	 -2.1610
 -3.8692	-26.6473	 +7.0137	 +1.6730	 -1.0971	 +1.8153
 -4.2304	 +1.6125	 +9.3787	 +0.9272	 +0.7442	 -0.2371
 +2.7511	+16.6673	 -3.4196	 +3.9156	 +1.2732	 -0.5580
-13.9687	+15.3157	 +0.9885	 -0.8262	 +0.9341	 +1.4826
 +2.6914	-15.9363	 -7.3153	 +0.3290	 -2.4012	 -1.7303
-13.3620	+10.3929	 -9.7415	 +1.9034	 +2.5629	 +2.2557
+113.9895	+249.3411	+39.8008	 +0.9468	 +2.3482	 +0.2163
 -7.0230	 -8.5826	 -7.7850	 -0.1472	 +1.6965	 -5.2983
 +1.5207	 -7.6430	 +3.3318	 +3.7229	 +0.7464	 +0.4863
-15.7207	 +5.7633	 -1.7405	 +0.9609	 -4.1108	 -0.0920
-15.5283	 -1.8708	 +0.2275	 +0.3885	 +0.1526	 +2.4255
 +0.3000	+10.7450	 -1.6603	 -0.7740	 +4.1334	 -1.5571
 -5.4929	 +2.0367	 -0.1796	 -1.6548	 +2.2109	 +3.1368
+864.1455	-341.1543	-956.1506	+10.4193	 -4.1106	-11.2987
 -7.5611	-22.1542	-14.5723	 +0.3418	 -1.5310	 -1.5460
 -2.9661	 -4.8104	+24.7640	 -0.0330	 +3.0179	 +2.3034
 -1.0992	 -1.9053	 -2.2433	 +0.3694	 -5.2962	 -2.2888
+10.9618	 -7.0929	 -9.9520	 -0.6175	 +0.9772	 +0.1635
 -1.3784	 -3.1269	 -0.3292	 -2.4975	 -1.1088	 +0.0011
 +3.4173	-17.4668	 -0.7241	 +0.0095	 +3.1937	 +0.7355
+118.4764	-107.3554	-131.8920	 +1.5293	 -1.2125	 -1.7101
-17.0706	 +4.3866	 +1.9974	 -0.8643	 +0.1819	 -0.9096
 -9.8198	-51.6487	+22.6752	 +0.1070	 +0.3017	 +0.4777
-20.5919	 -9.9365	+22.7893	 +1.8879	 -1.4239	 +0.4130
 +0.8750	-10.6666	+30.3399	 -2.6805	 -0.8503	 -1.1571
 -3.5382	-15.7023	 -0.1832	 -1.0027	 -0.7572	 +0.2478
-15.3623	-97.1412	+89.5434	 +1.6398	 -0.0141	 -0.4765
-15.5383	 -6.7150	-15.2695	 +2.0917	 +1.5847	 +1.0619
-12.1324	 -7.3096	 -1.7083	 -0.6154	 +2.3486	 +1.2477
+40.0736	 -3.6033	 +9.8755	 +0.9076	 +0.0969	 -0.3686
+14.6624	 +3.8650	-13.5965	 -0.9082	 -1.1912	 +2.4103
 +5.1463	 -2.4657	+21.4193	 +2.7343	 -1.6003	 +2.5853
+579.5071	-17.9410	+219.1725	 +6.6332	 -0.0851	 +2.6099
-27.4591	 +1.6495	-14.5485	 +1.8421	 -0.0713	 +0.9988
-38.5080	-85.1300	+54.0176	 +1.2731	 +0.9354	 -1.0346
-26.5803	+24.7914	+33.1975	 +1.6142	 +1.6803	 -1.1025
+17.9474	+13.5905	-18.1328	 +0.4784	 -1.4676	 -2.2322
+15.5621	 -1.6487	-37.9281	 +2.2970	 -0.5379	 +1.4559
 -7.6079	-29.6697	 -5.0619	 -2.8306	 -1.7564	 -0.8925
 -1.7638	 -0.6479	+19.0908	 +0.4184	 -1.7491	 -0.7999
+10.0752	-10.3897	 -0.1408	 +0.6391	 -1.1350	 -0.1930
 -7.2609	+13.5966	 -4.9793	 +2.9693	 -2.3341	 +0.1277
+14.4669	 +1.2939	-17.5427	 -0.2377	 -0.1745	 +0.7160
-24.3993	-14.1996	 -9.6707	 +0.2602	 +1.1444	 -0.6879
+527.8343	-279.8103	-183.6532	+41.4441	-22.1071	-14.1045
+68.0144	+59.7187	+101.0243	 +0.8409	 -0.0869	 +1.1913
 -8.8825	 -0.6506	+10.7270	 +1.2781	 -0.2786	 +1.4561
 +3.0307	+23.2412	+11.0210	 +1.4304	 +0.3196	 +0.1642
 -1.7845	 +2.9431	 -3.8721	 -2.9904	 +2.0540	 -0.6596
 +7.6345	-20.4002	+12.3426	 -0.8515	 +1.3428	 +0.9969
 +1.3417	 -9.8116	 -4.8739	 +0.4608	 +2.4063	 -2.1484
-18.8163	+14.3690	+25.7490	 -1.0170	 -0.6216	 +0.6625
-11.2674	-22.0236	 -5.0025	 +0.8741	 +1.4046	 -1.0940
 -0.8686	 -2.5279	+28.2905	 +0.2160	 +2.4758	 +1.4690
 +7.6122	 -4.2886	 -2.4036	 +3.3866	 -0.8959	 -0.3217
-35.6995	+12.5973	+10.1161	 +1.3217	 +0.0859	 -1.8232
 -5.1386	 +1.4418	+11.9780	 +1.4498	 +0.3958	 +2.0784
 +1.9131	 -0.4055	 -0.0081	 -1.6667	 +1.1399	 -0.4949
-30.1725	+59.8800	+31.8437	 +0.8934	 +0.5434	 -0.0272
 +8.9989	 +1.6665	 -2.6314	 +1.1144	 +0.5959	 +2.8186
-12.6426	 +3.2981	 +1.6970	 -0.6383	 +1.0883	 +0.0233
 -6.7726	 -2.4000	 +4.3843	 -1.8194	 +1.1645	 +0.2734
 -2.0910	-24.3314	-16.9034	 -1.3224	 +0.8992	 +0.8292
-89.9834	-109.7421	+200.0514	 +0.8351	 -0.4763	 -0.2927
 +3.8201	-23.2215	 -2.0756	 +1.2018	 +0.2593	 +1.2711
 -2.8546	 -5.5913	 +8.8493	 -1.6857	 -2.0714	 -2.1911
+10.5233	 -9.2022	+16.7375	 -1.5013	 +0.3988	 +0.3128
 +5.4065	 +9.0419	 +1.7833	 +0.1269	 +1.0224	 +2.1560
+12.1625	 -8.9805	 -8.5195	 +1.8353	 -1.0444	 +0.3466
+42.6095	+27.9811	 +8.7414	 +0.8564	 +2.0402	 -0.8587
 +1.2283	 -3.7901	 +5.2043	 +2.5975	 -2.9162	 +2.1298
-35.3819	 +4.2481	 +5.7173	 +0.8399	 -1.0012	 +1.3648
 -0.1776	 -2.1493	+21.0727	 -1.7208	 -1.5878	 +2.5231
 -1.1138	 -7.0334	 +7.4953	 -0.2359	 -1.6875	 +2.9822
-36.0218	 -1.6164	 +5.1916	 +1.1998	 +0.0972	 -0.4268
 -0.2680	 -9.6455	 +3.7134	 +1.8567	 +0.7584	 +1.9766
-10.9110	+22.5412	-23.7599	 +1.2399	 +1.0085	 -1.5172
-11.9664	 +4.4571	 -6.6001	 -0.4722	 -2.2345	 +2.0401
-19.9939	 +5.2255	-13.6788	 -1.0828	 -1.9076	 -0.7297
 -0.5124	 +1.4725	-17.2917	 +0.4277	 -1.1097	 +1.6916
 -3.5118	 -6.6691	+17.4516	 -1.8478	 -0.8417	 -2.0216
-114.5441	+578.8808	-142.8350	 -1.8621	 +9.5809	 -2.3725
 +5.0038	 -5.1044	 +6.6557	 +2.1584	 +0.6863	 -1.4367
-18.8137	 -8.3367	-14.1167	 -1.4561	 -0.1859	 -0.2326
 +1.6790	 -9.0793	+55.7035	 +1.4649	 +1.2189	 +0.5143
-18.8286	 +1.2992	-22.3058	 +0.1085	 -0.4211	 -0.6625
 +3.3781	 +5.2633	 -8.4575	 +0.2017	 -1.5007	 +1.5514
+44.2179	-442.0369	-245.3833	 +0.7534	 -7.2523	 -4.0200
 +0.5189	-19.1372	+11.1298	 -0.5229	 -1.5810	 +1.6070
+14.4760	-14.9048	+10.7872	 +1.1093	 +1.2672	 +2.2038
 -0.1483	-20.4021	 +3.2694	 +0.6635	 +1.9055	 +3.7345
 -2.1588	 +6.3668	 +6.8257	 -2.0393	 -1.6044	 -0.5742
+28.2259	-19.2855	-10.8049	 +1.9254	 -1.5896	 +0.0272
 +6.0599	+18.6600	 -8.1329	 +0.9506	 +3.6907	 +0.1178
 -5.8356	 -3.3039	 -4.7837	 +2.8011	 -0.1065	 +1.3034
+37.6626	 +5.7061	-20.6032	 +1.3153	 +0.5189	 -0.6672
 -2.9942	 -2.1962	-11.6267	 +1.4455	 -1.6630	 +1.1719
 -9.7988	 -2.4012	 +2.5857	 -1.2627	 +1.9218	 +0.0226
-97.5555	+19.8455	+54.9729	 -0.4575	 -0.7859	 +0.0947
+14.6755	 -3.0241	-10.9897	 +0.1421	 +0.4293	 +2.5384
+288.1935	-140.3421	+141.0462	 +7.4073	 -3.7317	 +3.6518
 +5.5999	 -9.2981	+24.3972	 +2.4172	 -1.1705	 -1.8260
 -1.2187	 -0.9319	 -3.8673	 +3.5356	 +0.9776	 +3.9882
 +6.4555	 -7.7866	 -4.4275	 +0.2303	 -0.3699	 -1.2274
-142.7287	-130.1485	-203.6112	 -2.9281	 -2.4585	 -4.2258
-11.9997	-13.0530	 -6.2430	 +0.7550	 -3.6208	 +1.4241
 -5.3856	 +0.1943	 -3.3934	 +2.1049	 -2.3622	 -0.4599
 +5.9032	-24.4485	 +5.9622	 +1.7325	 -1.4584	 +0.1866
 -6.2248	-22.1133	+22.2578	 +0.2415	 +2.4796	 -0.0076
 -2.9446	+11.8312	 +0.3291	 +3.3925	 -0.7831	 +0.4380
-21.7506	 -9.4111	-17.7719	 -2.0561	 -0.5772	 +2.2185
-46.6916	-46.5364	+34.3516	 -0.5288	 +1.0559	 -0.9781
 -4.4631	+11.8208	 -4.0222	 +1.3196	 +0.8106	 +0.5939
 -8.6219	 +3.8261	-10.9956	 +2.6488	 +0.4969	 +0.4172
 -7.6050	 -9.5455	-11.1359	 +1.5860	 +0.1107	 -2.0422
 -0.7076	 +6.9173	 -6.0488	 +1.3139	 +1.2102	 -1.5695
 +6.8772	 +8.8476	-15.9961	 +0.6115	 +0.7295	 +0.5271
 +1.5119	-34.9004	-20.2267	 +1.2503	 +1.4760	 +0.4953
 -3.2975	-11.3892	+22.1450	 +1.9816	 -2.8464	 -1.4005
-19.3317	+11.3962	-120.6052	 +0.6342	 +0.0605	 -1.5616
+19.2216	-12.0901	 -7.0515	 +0.3782	 -0.8826	 +0.9397
+104.7061	+46.8652	+207.4918	 +1.0178	 +0.1538	 +1.8082
 +6.0726	-18.2431	-10.7888	 -0.1790	 -0.0903	 -0.3900
-21.1751	 +0.6118	 -2.9670	 -0.6154	 -0.7187	 +0.8548
 -6.9114	-10.2334	 +1.4003	 -0.8811	 +2.2506	 +0.3237
 +1.9776	 -7.7302	+16.0088	 -0.2252	 +0.4349	 -1.2612
 -6.4646	-14.4923	 +4.2404	 +0.9559	 -0.5640	 +3.1654
 -4.6533	 +7.6858	-14.2373	 +0.8804	 +1.5706	 -4.0263
-12.2324	 +1.6157	+13.8300	 +0.4356	 +2.8233	 +1.9909
-11.3784	-14.2674	 -4.7274	 +0.9655	 +2.0730	 -0.8662
-576.2222	-88.3632	-133.0810	 -6.9593	 -1.0388	 -1.7323
 +6.6086	-14.3452	-24.1160	 -0.8791	 +0.5830	 -0.9438
-12.6763	-10.4810	 +6.3517	 -0.0300	 -0.8591	 +1.9850
-12.8302	+24.8573	+22.1018	 +1.2637	 +1.4705	 -0.2467
 -9.5008	 +3.5910	+11.2990	 +2.0776	 -3.1088	 -0.0865
 -5.1440	 -6.7981	 +7.0143	 +3.2709	 +0.7387	 +0.9249
+42.8262	-30.9136	-113.3071	 -0.8464	 +0.0811	 -0.4998
-18.5766	-10.0163	 +2.8667	 -0.1947	 -0.3632	 +1.6301
+14.5681	-83.1797	 -3.6323	 -0.5582	 -0.6853	 -0.4963
 -6.3059	 -2.4754	 +0.3135	 -2.8240	 -1.9954	 -1.6667
 -0.2452	 -5.9468	 +6.5337	 +3.2084	 +0.4980	 -3.2786
+17.0356	-17.1097	 -0.0300	 +3.0224	 +1.2792	 +0.2873
+14.9261	-15.4620	 +3.7615	 -0.9253	 +3.8430	 +0.7465
 +0.8477	 -3.0316	+14.7975	 +1.5179	 -2.7396	 +2.2616
+19.1632	 -0.3185	 -7.5477	 +2.6353	 -2.4230	 +0.1621
 +0.9554	-29.6239	-10.3983	 -1.6487	 +0.5773	 +2.0290
 -8.1293	+25.5471	-20.9957	 +1.2902	 +2.9446	 +1.9340
 -1.4970	 +3.8488	 -0.1450	 +1.9048	 -3.2649	 -1.7760
 +6.7052	 -0.2627	 +3.3863	 +0.4493	 +1.7074	 +1.9587
 +2.0861	 -1.7318	 +0.3284	 -0.0624	 -1.0392	 +1.7478
 +7.6355	-15.9098	 +7.0517	 -0.3260	 +3.8011	 +0.3802
+22.8779	-19.2455	+13.6796	 +2.1404	 -0.4792	 +0.0520
 +8.3688	-16.2722	 -2.8321	 -2.2435	 +1.6090	 -2.0630
 -6.7114	-16.8282	 +1.0358	 -3.1992	 +0.9828	 +2.4962
 -9.6008	+14.6461	 -7.7638	 +1.0779	 -2.9733	 +1.7900
+17.1569	+51.8086	-22.6071	 +0.6322	 -0.7030	 -0.2718
-21.0548	 -1.6896	 -9.2047	 -1.6291	 -0.1086	 +1.3623
-114.4674	+73.4657	+161.9817	 -1.5861	 +1.2800	 +1.8897
-16.6523	 -3.2568	-12.1422	 -2.9388	 -0.5725	 -0.9304
 -1.1014	-12.2177	+11.7728	 +1.4087	 +0.8285	 +2.1973
 -8.6327	 -6.0097	 -2.3811	 +1.3697	 +0.6786	 -1.2222
 +6.8719	 -9.2194	 -2.0770	 -0.0479	 -1.2017	 +1.0192
 +1.7990	-12.4155	 +6.9942	 +1.2423	 +2.1939	 -1.5758
+59.9948	+100.9727	-26.1974	 +0.7866	 +1.7821	 -0.6767
-17.8606	-27.1907	-41.3396	 -0.2727	 +0.5961	 -1.7007
-18.9498	-18.3096	+16.2222	 +0.6763	 +0.9674	 +0.9125
+78.0689	-139.1918	+38.8006	 +1.1296	 -2.5546	 +0.2440
 +2.2654	 +3.1032	 +5.1493	 -1.0085	 -1.7701	 -4.4692
+57.2515	+115.2707	-511.5292	 +1.5960	 +3.5703	-15.0185
 -8.4346	 +6.7844	 +8.9944	 -1.5796	 -2.1770	 +0.0834
 -7.9469	 -8.5113	 -6.2780	 -0.2773	 +3.7338	 -0.3609
-14.4473	 +2.7004	 -5.3540	 +0.4871	 +0.5375	 +1.5996
+25.3709	-10.4432	+18.6818	 +2.3201	 +0.7938	 -1.0754
 +8.9736	 +5.9438	 +4.2276	 -1.1797	 +3.0938	 +0.6623
-16.1938	 +1.5444	 +6.7177	 +0.4728	 -0.8266	 -0.2589
-219.6323	+312.6691	+48.2676	 -1.9551	 +2.7470	 +0.4631
 +3.0380	+22.5837	 -5.0543	 +0.7486	 +0.5875	 +0.1609
-303.1141	+31.9080	-351.2251	 -5.4092	 +0.3814	 -6.3158
+26.9989	+35.5313	-78.0484	 -0.2646	 -0.2454	 +0.0646
 +2.9064	 -9.6842	+10.2256	 -2.6390	 +2.4397	 -1.0187
 -6.3242	 +6.4553	 -0.5559	 -1.5490	 -0.4521	 -1.6579
 +2.5440	 +1.7101	 +7.2056	 +2.2306	 +0.4495	 +2.0147
 +4.5527	 -3.0189	 -0.1612	 +0.1952	 +1.2940	 -1.3014
 +4.1824	 -2.5413	+16.0928	 -1.8228	 -1.6722	 -4.4192
 -6.5963	-30.2909	 +7.0187	 -0.0228	 -4.2078	 +1.8422
 -5.2857	-25.2801	+16.5096	 -0.9225	 -1.0313	 -1.8903
 +6.2796	 -3.1880	+10.7911	 -0.5976	 -3.0375	 -1.2171
+13.1440	 -6.3153	+16.5494	 -1.3215	 +0.9964	 +1.2692
+16.0089	-34.0862	+18.0128	 -0.9263	 +1.0017	 -0.5361
 -1.3334	-42.7275	 -4.0519	 -0.0056	 +1.0129	 +0.3942
 -9.9346	 -4.4213	+11.1880	 -0.2055	 +2.9677	 -3.7398
-187.7850	+144.6330	-91.3287	 -1.5447	 +1.0909	 -0.5843
-15.5292	 -1.1392	+19.1831	 -0.4284	 +0.8148	 +0.9656
 -1.4439	-72.3721	-63.2772	 -0.7440	 -0.8241	 +0.3768
 -8.3588	 +3.6395	 +3.1871	 -3.5823	 +1.4323	 +0.3794
-64.1803	+36.3295	-165.1673	 -0.3604	 +0.5820	 -1.4373
+14.0522	 -2.0352	-17.9869	 -0.5766	 +0.5498	 +1.2054
-23.9978	 +1.3850	 +4.1606	 -0.7312	 -0.1747	 -1.5494
-54.9660	+59.9098	+12.6727	 +1.7679	 -0.9492	 +0.2616
 +8.0842	+14.2660	-14.9600	 -1.2302	 -1.0941	 -0.2299
 +3.1113	 -2.8378	 -6.0506	 +1.5203	 -0.9521	 -0.7484
 -2.8513	 +5.1816	 -4.7470	 +1.1712	 -2.5999	 -0.7340
-13.4750	-11.1294	 -7.2265	 -1.1062	 -1.9583	 -0.6516
+12.4883	-43.8563	+13.3928	 +0.4669	 +0.3777	 +0.7295
-22.3073	-16.0598	 +0.8040	 -2.2824	 +1.2514	 -0.7860
-18.4000	-10.3420	 -6.1882	 +1.6094	 +0.7803	 -2.0957
-509.8979	+317.2496	+162.7012	-42.1841	+25.9926	+13.8109
 +1.2624	-17.3455	 -5.4717	 -2.8801	 +2.8231	 -1.9593
-12.6246	+20.5647	 -0.5084	 +1.7216	 +0.1172	 +0.5088
+32.6813	-69.3074	-10.9763	 -0.3512	 +0.0942	 +1.0060
 +6.6719	 -4.1912	 +2.3515	 +1.0265	 -0.5187	 -0.1272
 +0.8474	 +1.7221	 -2.2764	 -2.4309	 -2.4344	 +2.9858
-32.7630	+62.0951	-22.6007	 -0.0389	 +0.4915	 -0.4129
 +1.1142	 +5.5177	 +5.9967	 +1.7975	 +1.9424	 -4.6018
+12.4389	+20.9562	+21.0987	 -1.4778	 -2.4869	 -1.0784
-20.7503	 +2.0706	+17.4716	 +1.2858	 +0.4058	 +1.9084
 -0.9286	 +4.6222	+14.1472	 -1.7439	 -2.0063	 +1.1945
 -7.9606	-12.0404	+42.4844	 +1.4521	 +0.1211	 +0.0649
 -3.1068	 -0.6577	 -1.4177	 -1.9112	 +1.8697	 -1.5138
-12.7376	 -4.3658	 -2.4158	 -2.4405	 +1.1959	 -1.8496
+266.3741	-114.4345	+365.7670	 +4.6252	 -2.0523	 +6.2888
 +6.8515	 -8.7844	 +9.0303	 -0.3417	 -1.4895	 -2.3689
-13.4934	-17.2933	 +9.6768	 +0.9776	 +0.5452	 -1.8068
 -8.3856	-16.5800	+13.7850	 -1.9237	 -1.8062	 +2.3451
 -0.1197	-63.1221	-14.1022	 -0.8289	 -1.8899	 -0.0183
 +0.4282	 -3.1201	 -6.8590	 -3.2138	 -0.6492	 -1.3250
+50.6931	+121.9398	-34.9019	 +0.7086	 -0.3234	 -0.3270
-34.8173	-13.7516	-28.7175	 +0.2869	 +0.6419	 -0.1671
 -0.9295	 -3.6341	 +5.0856	 +1.0118	 -1.3230	 +2.9830
 -9.6559	 -8.8591	 -2.1104	 +0.1174	 -1.5247	 +0.6138
-62.8156	-29.4179	 -4.0672	 +0.3148	 -1.3900	 +1.3422
-52.7201	 -0.9230	 +0.4883	 +1.5004	 -0.7971	 -0.0664
-18.5875	-13.8833	-15.4273	 -0.2934	 -0.4752	 -2.5306
+22.7231	 -5.7080	-25.0221	 -0.2640	 +1.6006	 +2.2713
 -3.3086	-14.8483	 +3.6045	 -1.7361	 -3.9638	 +3.2804
 -3.4434	-20.9553	+11.5064	 +1.5757	 +0.7689	 +0.3539
-55.5874	+44.4282	-24.1785	 +0.6733	 -0.7221	 +0.0111
 +5.8469	 +4.6113	 +4.4557	 -1.8387	 +0.0254	 -1.9275
 -7.2669	 +0.1152	+14.4789	 +1.2200	 +1.2385	 -0.7725
 -9.5647	 +9.4651	 +3.4496	 +1.2335	 -0.8935	 +2.7556
-27.4728	 -2.7266	 +1.4328	 +1.2046	 +1.4471	 -1.9849
+10.2784	+24.5076	+27.2306	 +0.5952	 -1.8796	 +0.6383
 +3.1838	-27.4184	+69.6406	 +0.5446	 -0.4229	 +1.9369
-1027.2980	+249.6713	+388.3008	-13.4831	 +3.3492	 +5.2384
-65.9124	-211.0231	+82.2100	 -1.0165	 -2.4667	 +0.9705
 -7.2759	 -5.1849	 +3.9690	 +0.0937	 -4.5717	 +0.8645
 -6.1415	 -9.1380	 +0.5815	 -0.6663	 -3.5915	 -4.3367
-10.1446	 +8.0980	 -6.4581	 +1.8122	 -0.7635	 +1.5895
 -6.1889	+13.6463	 +5.6050	 -2.4206	 -1.2408	 -1.3363
 -2.2085	+15.5685	 +6.8643	 -0.2933	 +1.7736	 +0.0013
+17.3745	-11.2344	 -5.8106	 -0.8225	 -0.3780	 +1.8141
 -1.1599	-23.1678	 -9.0717	 +1.2217	 +1.8213	 -0.8216
 -0.0281	-28.6823	 +7.9163	 -1.3535	 -3.2786	 +0.6017
 +5.7997	-23.4819	 -2.1310	 -0.5373	 -0.2407	 +2.0700
-22.2892	+27.2096	-14.0560	 -0.1064	 +0.9611	 +0.1862
 -7.7904	+14.9185	 +6.4792	 -3.0885	 +1.4896	 -0.5882
 -9.7392	+12.2471	-26.5449	 +1.0606	 -1.2482	 -2.2528
 -6.5498	 -7.9580	-12.0854	 -0.1009	 +3.3454	 +0.5432
+16.1600	 -6.2231	 -0.9416	 -2.4383	 -3.0002	 +0.3240
-26.3893	+21.4539	-17.6166	 -0.2588	 -0.5682	 -1.8791
+11.6384	-17.6087	 -6.8521	 -0.8760	 +0.5170	 +0.9018
+18.6149	 -4.2550	+14.4906	 -2.7250	 -0.7175	 -0.8219
 +2.4645	-33.4633	-15.3698	 +0.3701	 +2.4445	 -1.5410
 -7.8219	 -5.4476	+18.7790	 +2.5820	 +1.7157	 +1.0125
 +3.2020	 -8.6922	-14.0258	 +3.6744	 -1.8234	 +2.5744
-37.1131	-49.2759	-12.1161	 -0.3704	 -0.9011	 -1.3669
 -0.2146	-20.1982	 +2.9701	 -0.8653	 +1.3776	 -1.0127
-12.9686	-10.6733	 -9.2837	 +3.2267	 +0.7599	 +0.9967
 -7.4581	 +6.9788	+15.4682	 -0.6268	 -0.7456	 -3.7590
+14.3247	+15.7704	 +5.5485	 -2.0488	 -0.1144	 -0.5584
 -2.0636	 -8.1171	 +6.5474	 +2.3351	 -0.5525	 -0.1408
 -1.3201	 -4.8525	 +7.8966	 +1.6976	 +3.0191	 +0.5921
+20.8009	 +0.0869	 -6.1066	 +0.5736	 +1.0039	 -0.8390
 +6.2620	-22.5290	 -7.4840	 +0.8421	 +0.0083	 -2.4045
 -5.2002	 -6.7721	+10.4440	 +2.5124	 +2.5790	 +2.3762
 -4.3696	-23.8156	+14.1361	 -1.0280	 +0.8430	 +0.0591
 -8.6347	+132.2418	-13.2099	 +0.1256	 +2.6372	 -0.0498
-11.0597	 -9.3187	 +5.7494	 +1.6954	 -0.6874	 +4.1518
 -2.0493	 -1.1901	+14.3953	 +2.8845	 -1.1841	 +1.1377
 -4.9448	 -1.7448	 -1.1256	 -0.4508	 -0.1822	 +1.9907
 +1.0084	 +1.2332	+13.9262	 +1.3784	 -0.1408	 -0.1027
 -5.8791	 -6.8767	 -1.4877	 -1.0022	 -0.4031	 -2.1166
+26.0983	-10.3298	-35.9682	 +0.7182	 -0.0037	 +0.6703
 +0.5473	 +7.2289	 -4.7555	 -2.6339	 +1.5492	 -1.3193
+365.4616	+166.1584	 -2.1225	 +4.5109	 +2.1155	 +0.1862
 -9.3748	 -8.5352	 -5.7624	 -1.5001	 -1.1945	 +2.1744
+10.8505	+11.7268	-10.2994	 +2.5910	 +0.1632	 -1.3371
+31.4330	 +1.5705	 -5.5817	 +0.9332	 -1.9354	 +1.6422
-42.8642	+12.3618	+12.2470	 +0.9676	 -1.2995	 +0.1224
-14.5242	+11.7752	+43.1469	 -0.3730	 +0.1256	 -2.1008
-19.1411	-31.7724	 +4.8663	 -2.0684	 -1.2439	 +1.5985
+14.5756	-17.5833	-20.1174	 -0.0862	 -0.9226	 -0.9568
 -3.3024	 -4.1557	 -0.2955	 -2.4718	 -1.2212	 +1.5009
-44.4816	+264.2143	-137.3407	 -0.7532	 +3.4791	 -1.8000
 +9.7690	-36.0241	-13.0634	 -1.6155	 -0.4699	 -1.8215
-54.0732	-53.6653	-47.3809	 -1.0002	 -0.6661	 -0.9632
+20.7759	 -1.2453	 +5.9941	 -0.6178	 +1.2292	 +1.1466
+15.9299	-19.9434	 -5.3675	 +0.1154	 +1.7396	 -0.0835
 -8.1622	 -3.9694	 +0.0069	 +1.8356	 +0.4334	 +0.7734
 -8.3997	 -0.3628	 -7.8218	 +2.3606	 +1.5614	 +2.8130
 -1.5446	+18.3909	-13.0471	 +0.1491	 -0.5912	 -1.6942
 +1.3392	+18.3629	-24.7702	 +1.6972	 +0.5352	 +1.5715
-89.5995	-44.6076	-27.1915	 -1.1764	 +0.3798	 +0.0827
 +0.3523	 +2.1138	 -4.2215	 +4.1691	 -3.0138	 -0.0736
 -3.1360	-14.7015	+10.2848	 +1.4317	 +3.0512	 +1.7749
 -7.1922	+12.0417	-10.8915	 -0.5621	 +1.8635	 -2.3290
 +1.4082	+18.3402	 -1.8706	 +0.5941	 -0.2731	 +0.4918
+25.0480	 +7.9902	-58.7636	 -0.2138	 -0.3834	 +1.0121
-17.8346	 -9.5309	 +1.0978	 +0.4220	 -0.5922	 -1.0115
 +8.7435	 -0.1424	 -4.2141	 +1.7975	 -3.0622	 +1.5209
+13.5352	 -0.9457	 -9.1713	 -0.2234	 +0.3571	 -1.6375
 -4.7176	-20.6694	-16.7906	 -1.0490	 +2.9574	 -1.5339
 -0.2246	 -7.2290	 +2.9892	 -1.8504	 +1.2183	 -0.3363
+69.8437	+97.3511	+102.3590	 +0.1213	 +0.4462	 +0.7570
-13.6219	 +4.9771	 +7.6151	 +0.6793	 +2.7028	 +1.2192
-16.2189	 -7.7697	 -4.7961	 -2.3016	 -1.0012	 +3.2689
+28.1393	-18.4566	 -2.7848	 -1.8173	 +1.2235	 +0.2791
 -5.5353	-43.4248	 +6.8104	 -1.7331	 +0.9115	 +2.0324
 -9.0945	 -3.5751	 +3.6411	 -1.5758	 +0.1037	 -0.6279
+12.3838	 +1.6552	 -6.0049	 -0.0426	 -1.9686	 -0.7691
-16.1384	-11.9920	 -0.5223	 -1.5901	 -0.5960	 +2.2712
 -2.3177	+19.2506	-14.6491	 +0.9407	 -0.9111	 +0.5725
 -9.7232	 -7.9605	 -6.1760	 -1.4379	 +0.5613	 -3.6608
-11.8401	 -1.4958	 +0.8825	 +1.6959	 -1.1076	 -2.4097
 -7.9014	 +9.3194	 +5.3405	 +0.0043	 -1.3470	 +0.6194
 +1.8334	 -8.0556	 +8.6933	 +1.8681	 +3.0770	 +1.1231
-14.5253	 +5.7601	 +3.6490	 +1.4171	 +0.2350	 +0.0461
-896.4998	-270.8619	+753.7670	 -9.3115	 -2.7984	 +7.8887
 -0.9854	 -4.2404	 +9.9082	 +0.7883	 -1.7941	 -2.7979
 -5.6517	 +9.7659	 +6.4711	 -1.0135	 +0.5806	 -1.7363
+14.6856	 +4.8593	 -3.6223	 -2.1474	 +0.0546	 -0.5411
-16.9746	-18.6146	-10.6578	 -0.8959	 -2.0561	 -0.6740
+25.5720	+10.1467	 -3.2574	 -2.6544	 -0.5974	 +0.5514
-15.5091	-13.2825	-12.8702	 -2.1557	 +0.5834	 -2.7334
+29.8732	 -4.7149	-21.8349	 +0.2821	 -1.4240	 -0.1752
 -8.5499	 -3.4832	 +7.7119	 -1.4447	 +0.2484	 +0.7999
-26.2418	+27.5987	 -1.5650	 +0.1293	 -0.9682	 -0.9305
+32.0876	 +1.9854	-47.0695	 +1.0762	 -0.1294	 +1.1450
 +4.6612	-50.3037	-11.9952	 +0.7235	 +0.7869	 -0.2209
 -0.0704	 -6.4499	 -4.4481	 +2.1157	 -1.2992	 +2.2173
 +9.4722	 -4.2390	 +1.8995	 -0.9308	 +1.0573	 +0.8474
 +2.0653	 -2.5764	+10.9492	 +0.0788	 -0.5880	 -0.1043
+149.0401	+142.6525	+65.3780	 +5.5822	 +5.2785	 +2.6870
-56.6415	 +1.5087	 -9.7858	 +0.3482	 +1.0824	 +1.2348
-12.1226	+15.1489	 +0.6323	 -1.5238	 +0.3122	 +0.8822
+53.6459	+118.0490	 +9.3922	 +0.9230	 +1.6810	 +0.5568
 +4.9411	 -7.7588	 -0.8310	 +0.1189	 +0.2194	 +0.1927
-20.1208	 -6.6689	 -5.8163	 -2.6447	 -0.2821	 +0.9614
 -9.6893	-13.8340	 -3.8425	 -2.3356	 -2.5475	 -1.1351
 -4.7251	+15.2606	-19.7162	 +1.7877	 +0.3544	 -0.9899
-29.3696	 +6.2332	-56.6356	 +1.5821	 -0.1788	 +0.9164
+86.7687	 +2.6612	-11.8080	 -0.8841	 +1.0523	 -0.8367
-36.8114	-48.2670	-60.5222	 -2.2502	 -0.5842	 +1.1392
-15.6644	-39.4107	 -7.4127	 -1.4200	 +1.4499	 -0.1713
-77.4972	+52.1555	 -2.5098	 +0.1444	 +1.2784	 -0.4252
 -2.9499	-12.1996	-17.5520	 -0.3306	 -2.0238	 -1.4405
-17.1025	+14.5293	 -5.5220	 -1.9529	 -0.7360	 +0.8277
-57.3827	 +0.1183	-31.5883	 -1.1901	 +0.1474	 +0.3720
 -3.7768	+13.5479	+56.2209	 -0.6445	 -2.4886	 -0.4929
+12.1579	+10.6484	-47.9389	 -1.0701	 +0.2368	 -2.1743
-16.1437	-11.2595	 -8.1785	 +1.3303	 -3.5646	 -2.3656
 -4.7216	-15.4046	+24.4442	 -1.0309	 -0.6780	 +1.7213
 +1.1574	 +3.1357	 +4.6432	 +2.2105	 -2.8001	 -0.8567
+19.7526	 -0.7508	+25.9787	 +0.2615	 -1.4614	 -2.5381
 +5.3382	-26.7242	 +6.8512	 +1.1719	 -0.3507	 -0.1952
+12.2990	-15.8932	 -7.9613	 -1.5368	 -1.1935	 -0.4450
+10.2960	 -2.0572	 +0.1927	 +1.2548	 -1.5597	 +1.5866
+13.4064	+47.8756	 +2.9307	 -0.7723	 -0.7194	 +0.7753
 -2.1567	+14.0151	 +3.3779	 -2.1061	 +0.1108	 +3.1484
 +3.0451	+13.5153	-28.9488	 -1.6128	 -0.3175	 +1.0537
 +3.2878	 -4.6061	 +3.1583	 +1.6384	 +1.6089	 -1.8338
 +3.6613	 -1.7214	+37.0859	 +0.2344	 -0.2473	 -0.1278
 +7.5973	-10.6592	 -0.4067	 -2.1511	 +1.7614	 +2.0143
 -2.9735	+15.5402	 -3.1199	 +1.0033	 -0.1370	 -0.3976
-94.3052	-30.5703	 +2.2979	 -0.2684	 -0.4498	 -0.0208
+50.7884	-36.5479	-123.6515	 +0.2907	 -0.3020	 -0.3983
-17.0791	 -5.3439	-32.0313	 -0.3739	 -0.7041	 -0.3259
 -5.6233	-13.3714	 +7.9486	 +0.6503	 -1.1599	 +1.7827
-15.4058	 +5.4731	+21.0798	 -0.9987	 +0.4166	 +1.0925
+16.2312	 -1.0603	+17.0873	 +0.3454	 -0.8440	 +0.1302
+10.2281	-20.5885	-40.1112	 -2.1330	 +1.0061	 +1.5117
 -8.8436	-22.3159	-10.4250	 +2.0610	 -0.6417	 -0.0407
+23.6000	 -9.0483	+22.0924	 +0.2572	 -1.3244	 -0.6160
+51.8985	-62.5370	+64.0569	 +0.6939	 -0.2389	 -0.1994
 +1.3256	-10.8423	 +2.4199	 -1.3226	 -1.2180	 -2.9757
-59.1270	+41.3277	-54.4946	 -0.5090	 +1.3467	 +0.1633
-68.8180	+20.6054	-38.6934	 -0.0802	 -0.5077	 +0.9224
 +8.5301	 -9.1055	+14.5794	 -0.4288	 -0.1886	 -1.9900
+17.4067	-80.2970	-55.3970	 -0.3882	 -0.2196	 +0.7744
-14.5861	-53.4448	-13.1589	 -0.2049	 +2.1182	 +0.9164
-131.2205	-18.7738	-26.8394	 -2.4891	 -0.5161	 -0.4848
-26.9517	 +5.3363	 -1.5558	 -0.2374	 -1.3149	 -0.7524
-13.2332	 +1.1777	 +6.9493	 -0.6368	 -1.1776	 -2.8628
 +9.1231	 -5.8090	 +9.2616	 -1.5710	 -0.5311	 +0.2897
 +0.8326	 -2.1137	 -1.2003	 +0.3280	 -2.8987	 -3.3406
+40.9111	-15.5120	+18.1388	 -0.4080	 -1.0537	 -0.7867
-24.3296	-116.7795	+66.6223	 -0.2271	 -0.1113	 -1.1953
+94.4907	-95.6546	+60.6529	 +1.4394	 -0.6812	 +0.3487
+22.1120	 +0.6267	 -4.3268	 -1.7252	 +1.4933	 +1.1805
 -9.1016	 -3.2352	 -7.5970	 +2.0192	 -2.0302	 -2.0934
 +4.3241	 +3.6206	 +1.6615	 +2.1491	 +2.0808	 +0.0408
-14.7884	+11.3575	+28.0457	 +0.5577	 +1.5738	 +0.7338
 +6.9983	+12.9353	-20.3802	 +0.0058	 +3.0336	 +1.4583
+48.4591	-21.3750	-132.6881	 +0.5045	 -0.2896	 -0.1853
-12.5717	-27.1265	-19.2017	 +1.7691	 +0.8250	 -1.6444
 -5.7071	 +1.2817	+11.2712	 -1.2994	 -1.5762	 -3.6839
 +9.1476	 -6.3415	 -1.0014	 +1.3308	 -1.3959	 -0.9043
 +5.0428	 -8.9856	-10.9836	 +2.9091	 -2.1363	 +1.8477
+25.4163	 -7.9665	+13.5518	 +0.8503	 +2.2133	 +0.1729
 +4.3683	+12.3800	+11.7350	 +2.4243	 -1.3033	 -1.2015
-59.6031	+22.3519	+21.1754	 -0.2015	 +0.4257	 +0.4349
 -6.9200	+29.9801	 -3.0619	 -0.6584	 -0.6721	 -2.3694
 -4.0068	+21.4419	-17.7234	 +0.9775	 -1.1450	 -2.4964
-115.2183	+114.8143	+152.8846	 -1.2987	 +0.9212	 +1.9161
-493.6028	+13.9460	+584.4728	 -5.8270	 +0.1962	 +6.9799
-16.1231	 -5.3877	-14.1867	 +0.3343	 +2.0087	 +1.0752
 +1.1463	 +0.6140	 +4.3489	 -0.7659	 -3.9718	 -0.3938
 -1.4187	-13.4426	 -2.4760	 +2.5936	 -0.6168	 +1.9580
+64.7112	 +6.1042	+31.1992	 +1.0699	 -0.3660	 -0.6912
 +3.8207	+12.1133	 -5.6473	 +1.4148	 +0.6370	 +0.0817
-14.6174	 -8.9842	 -2.3758	 +0.0441	 +2.3457	 +1.7661
 +9.9695	+153.5489	+36.7820	 -0.1648	 +6.0881	 +0.7360
-52.5419	+22.9608	+19.3367	 -0.1010	 +0.6797	 -0.1684
+13.4096	+23.1307	 -6.1509	 -2.1362	 -0.7916	 -0.0238
-12.0183	 -9.3824	 +3.4577	 +3.0600	 -0.2088	 +0.1775
 -6.0015	+21.8675	-11.7311	 -2.6293	 -1.4214	 +0.5781
 -5.2661	-10.1353	 -8.2936	 -0.4769	 -0.2964	 -0.7244
 -3.0220	 +2.3700	-25.2774	 -0.3735	 +1.6373	 -0.6906
+10.3890	-11.9931	+24.0502	 -1.0460	 +1.3321	 +1.2034
-19.3058	 +2.4519	-17.0838	 -0.5975	 +1.9558	 +0.7894
-13.6740	 +6.4975	-13.9256	 +1.4322	 +0.6432	 -2.4924
-25.5919	+17.9916	 +2.2947	 +0.6257	 +0.3273	 -1.7913
 -8.5476	 -5.0310	 +2.7666	 +1.3911	 -2.7479	 +2.7924
 +1.3796	+28.6555	-44.3460	 +0.7917	 -0.2799	 +0.9316
 -4.5079	-13.3496	 +9.4172	 -1.6773	 -2.5019	 +3.1669
+15.5990	+15.1815	-14.2683	 -1.2505	 +1.8378	 -1.5725
-16.1879	 +3.5481	-12.6927	 -1.1062	 +3.4390	 -0.7628
+1146.5249	-447.4094	-812.9782	+13.2553	 -5.1931	 -9.4719
+373.3108	-137.4199	+342.3625	 +7.6281	 -2.7125	 +6.7295
+18.2612	-30.3726	 +9.8259	 -0.3909	 +0.5042	 +1.7669
+13.2184	 +3.4428	+15.2218	 -0.4115	 +1.2284	 -0.6406
 +7.1699	+46.9167	 +1.2515	 -0.6521	 -0.6223	 +2.2464
-28.4722	+27.5288	 +8.8561	 -1.2410	 +1.1743	 +0.0056
-23.0529	 -4.2416	+18.5813	 +0.6392	 -0.6077	 -1.8288
+48.4571	+327.9704	+46.3539	 +0.4986	 +3.6712	 +0.3488
-53.7881	+16.8293	-29.6368	 -1.2758	 +1.8772	 +1.8524
 +1.8390	-15.3253	 +8.6461	 +2.7501	 +2.4136	 +2.7189
 -4.2831	 -8.9353	 -4.4132	 +2.2776	 -1.2580	 +1.3175
 +6.2721	 +7.8646	 +9.4921	 -0.5584	 +1.2176	 +1.0245
 +3.9832	 -8.2214	 -3.4453	 -0.4557	 +3.0866	 +0.4289
 +2.2549	 +4.7038	+20.0798	 -0.5995	 -0.8809	 +0.9594
 +8.5149	-19.1211	-19.3911	 +0.8129	 -2.9566	 -1.1217
-14.8363	 +3.5281	 -2.8452	 +1.5438	 -0.2983	 +0.8762
-14.2005	 -5.5274	 -8.1362	 -3.9776	 +0.1796	 +1.6847
-18.1792	 +5.3663	-27.0136	 +1.3773	 -1.4633	 +0.0223
 +1.0154	+22.1763	-103.8534	 +0.0428	 +0.7835	 -1.6741
-113.0873	-173.5102	-238.6837	 -1.0949	 -1.7100	 -2.2977
+55.2917	+13.9349	-123.2927	 +0.1624	 -0.0019	 -0.8220
-11.4565	 +0.1106	-15.0257	 -2.2002	 -1.2175	 +2.5895
+22.4727	+24.3930	-14.4843	 +0.6961	 +1.6085	 +1.2882
+12.5593	 +0.4434	 +4.0829	 +2.9231	 -1.3949	 -2.3039
 -4.8568	 -1.0095	 -5.0107	 +1.5265	 +3.0418	 -4.2343
-85.4069	+38.0731	-51.8090	 +0.9625	 -0.4642	 +0.0433
-23.8208	 -5.1133	-16.5292	 +0.2707	 -0.1271	 +0.8391
+10.6761	+30.2315	+14.9093	 +1.0886	 +1.7906	 +0.7243
+86.4261	+15.3570	-56.6069	 +3.6465	 +0.9273	 -2.3764
 +0.9198	 +6.7871	 +7.6799	 -1.8270	 +0.7851	 +0.3886
 -5.6523	 +6.8337	 -3.7473	 +0.4546	 +1.2157	 -2.0600
+11.4687	 +7.0309	+10.5844	 +0.6068	 -2.2347	 +0.4607
 -7.3457	 -4.2358	-17.7446	 -2.1769	 +1.2007	 +0.7752
+30.9908	-100.7855	 +8.2597	 +1.2399	 +1.8065	 -0.2867
 -0.2873	 +0.7334	 -2.1739	 -0.7822	 -0.1599	 +1.7384
 -9.4831	-10.4399	 -6.0577	 -0.8393	 -2.4602	 +1.7268
 +1.9151	-10.9233	 +4.1059	 +2.9941	 -1.5471	 +2.0141
 +2.0543	 -3.6543	+25.8338	 +1.8344	 -0.1136	 -2.4012
 +3.5387	 +0.2899	 -3.9199	 -1.8963	 -2.0726	 -3.1914
 -7.8250	 -3.0070	 +7.6429	 +1.2652	 +1.1711	 +0.3710
-14.9509	-22.9951	-10.2827	 -0.6200	 -0.5824	 +0.6883
+23.4331	-16.8412	-27.6011	 -0.2436	 +2.3384	 -1.0485
 -5.1826	-15.2001	 -5.4404	 +1.6549	 -0.5914	 +0.5196
 -0.0526	 +6.5030	 +9.3737	 +0.1538	 +0.6340	 +1.5153
-18.2107	+28.2789	 +0.9573	 -1.1896	 +0.8337	 -1.8358
-28.1813	 +7.4499	 +3.5315	 +1.6193	 -0.6529	 -0.1409
 +6.0726	 -4.7055	 +0.8159	 -2.2020	 -0.8913	 +0.6640
-13.7686	-10.9500	+14.8214	 +0.2281	 -0.6734	 -1.6478
 -7.9832	+19.5979	 +4.6427	 -1.7975	 +2.1776	 +2.7572
 +6.8785	 +0.3363	 -9.7470	 -0.0111	 -3.0951	 +2.4341
-24.3932	 -1.0569	 -0.8150	 -0.5942	 +0.2144	 -1.3342
+97.9654	+140.5593	+107.4170	 +1.5143	 +1.9851	 +1.8631
-61.3614	+44.1467	-42.4827	 +0.5290	 -0.7073	 +0.8893
-15.9657	+67.6362	-16.6174	 -0.7463	 +0.1736	 +0.7738
 +5.5366	 +7.7687	+26.3123	 -1.0060	 -0.1680	 +0.3695
 -6.0830	 +2.0261	-10.3561	 -2.6581	 +2.4584	 -2.2457
 -3.5641	 +4.6594	 +0.0063	 -5.0801	 -1.8404	 +0.1640
 -8.8502	 +4.7220	-20.9947	 +2.4491	 -2.2220	 +2.0334
+58.5762	+30.2232	+57.2290	 +0.0042	 -1.7582	 +1.3181
-239.6687	+177.0306	+172.4235	 -3.6073	 +2.4988	 +2.5727
-22.5943	 +6.9053	-25.8541	 -0.8399	 +0.6030	 -0.9428
-13.3944	+12.2991	+15.3313	 -0.3877	 -0.4172	 +1.4066
 -2.9063	+19.7685	+23.8683	 -0.3835	 -1.2137	 -1.1302
-15.2994	-13.9600	+19.5350	 -0.8943	 -1.5419	 +0.6266
 +5.7357	 +5.6828	 +6.7497	 +0.8017	 -1.8513	 -1.3666
+22.2895	+67.4879	 -7.6228	 -0.0365	 +0.2473	 +1.1470
-16.7810	-11.1761	 -8.2082	 -1.3000	 +1.7749	 -0.5637
 -0.0997	-12.4951	 -7.5784	 +0.7752	 +0.7736	 -3.4123
 -7.0458	+17.0936	-12.6076	 +0.9188	 -1.1316	 +2.1770
 +6.9526	+20.1891	 -0.9598	 -1.4307	 -1.5088	 -0.7600
+38.3553	+19.0479	-37.4808	 +1.9384	 +1.7283	 +0.7215
+34.3238	+23.8660	+44.2649	 -0.0613	 +0.3159	 -1.4786
-17.0347	 -3.6131	-13.7815	 -2.9015	 -2.4030	 +0.3159
+11.9931	 -7.8304	+12.9847	 -1.5724	 +1.2132	 +1.9525
+10.8031	-22.2529	-13.9711	 -1.6419	 +0.7650	 +1.3280
+48.3482	-16.2727	-34.7651	 +0.3053	 +0.6120	 +1.4123
 -0.8529	+13.0119	 +7.8097	 -2.3693	 +0.8054	 +0.1365
 -6.4323	 -3.6328	 +7.2727	 -0.6192	 -4.8011	 -1.4322
+24.7977	 -0.2466	+21.5318	 -0.5456	 -1.1392	 +1.7593
 -2.0022	 -1.3735	 +9.2059	 -0.1995	 -2.1598	 +1.3792
+28.7306	-12.9915	 +2.0099	 +1.3972	 -0.1014	 -2.6868
 +1.3473	+27.1962	+10.7788	 +0.6121	 -2.5792	 +1.1935
 +3.1232	 +0.3805	+12.5496	 +2.1982	 +2.6229	 +0.6239
+11.8029	-12.5211	 -5.7230	 +2.0320	 -1.0672	 -0.8593
-16.8220	 -1.8721	+36.8865	 +0.4441	 -0.3051	 +2.4768
 -3.6272	-20.2679	 -8.1568	 +1.9654	 -0.2974	 -2.9157
 -0.7975	 +4.4426	 -8.9305	 -2.3904	 +0.7206	 +1.9756
 -2.3423	 -3.6810	 -5.1690	 -1.0650	 +2.2493	 -2.4002
+44.5426	 -9.6331	+43.5184	 -0.1728	 -0.8949	 +0.2250
-13.3585	 -7.0927	 +1.1824	 -0.6760	 +1.2836	 -1.0933
 -2.1265	+32.7081	-44.4392	 -1.0566	 +1.6867	 +0.2546
 -4.6748	 -2.2560	 -5.2421	 -1.5784	 -1.2868	 +0.8329
-11.5510	 +2.6785	 -1.2506	 -0.3147	 -0.9352	 -1.6271
+13.6462	-390.0705	+274.7611	 +0.1211	 -3.7335	 +2.5424
 -2.7127	-27.0770	 +0.6868	 +0.7588	 -1.4682	 +1.0637
-15.8724	+18.7736	 -3.1983	 -1.8067	 -0.9810	 -1.1022
 -3.9153	 -4.1200	 -6.4879	 +2.1069	 -0.0003	 -1.9391
-34.5023	 -5.0301	 -8.6799	 -1.7672	 +0.2952	 -0.2759
-14.5602	 -6.2463	+28.8725	 -0.2801	 +0.7615	 +2.0705
 -2.3926	 +1.9663	+11.8708	 -2.3088	 +1.1210	 +0.0435
+58.2794	-122.9199	+114.2638	 +1.4254	 -2.1907	 +2.4412
 -0.1859	 -0.8497	+15.5519	 +0.0661	 +1.2962	 -1.9252
-44.0456	-32.1425	+13.4446	 +0.5583	 -0.8162	 +1.7948
 -7.0019	+11.7949	 -4.3481	 +0.8393	 +0.0517	 -1.4306
-18.8211	 -3.6203	 +1.2176	 -0.7084	 +0.0611	 -0.7256
+19.2809	 +5.7713	 -2.1925	 -2.1658	 -0.3062	 +0.9481
-14.3414	-19.5476	 -7.0742	 -0.7959	 -1.3579	 -1.2539
+32.2120	-68.3457	-25.1182	 -0.1184	 +0.2509	 +0.2218
+237.2105	+22.3766	-359.9858	 +2.7849	 +0.3026	 -3.9942
 -6.1261	+18.7844	 +7.9070	 -2.0840	 +4.1232	 -1.6389
 -2.4935	 -7.6082	 -5.6358	 -1.7491	 +1.0150	 +3.8872
 -7.5189	 +9.5171	 +7.1542	 +0.0061	 -0.0968	 +1.0056
 -3.8753	-17.6969	-23.2239	 -1.4652	 -0.7668	 -0.7763
+23.6821	-18.5066	 -1.3794	 -0.6404	 -2.4547	 -0.0722
+15.1089	-45.7292	-81.2251	 -0.3726	 -0.4219	 -0.8503
-15.6764	-23.6401	-22.4910	 -1.5768	 -0.1674	 +1.2978
 +0.1072	 +3.2378	 -1.1863	 +0.4976	 -1.0129	 -0.3092
 +1.5592	 -0.1812	 -0.0509	 -1.3817	 -0.7320	 +2.2594
-32.7659	+136.8715	+83.0577	 -0.7565	 +2.3277	 +1.0832
-40.5323	-75.7151	-76.6173	 +0.3366	 -0.5722	 -0.2648
+41.3809	 +5.9793	+23.1495	 -0.5632	 -0.8556	 +0.3471
-23.7475	 -5.6112	-24.0887	 -0.6783	 -1.4235	 +2.4680
-19.4491	-11.0368	 -2.3344	 -1.8786	 -2.3095	 -1.9181
 +0.3938	 -4.9331	 +1.6449	 +1.7076	 -3.0518	 +1.1181
-12.2617	+23.0906	-15.2366	 +0.5578	 -0.1810	 -0.7618
+12.8732	-29.3752	 +9.2156	 +0.1268	 -0.1142	 -0.4524
-24.5522	 +0.0766	 +1.5335	 -0.5334	 +2.2193	 +1.3304
-368.9295	+156.2303	-304.6504	 -5.4001	 +2.3846	 -4.2343
-12.6879	 -0.3581	 +0.1595	 -3.5916	 +0.6442	 -1.7823
+26.9593	+48.1513	-42.6461	 +0.4399	 -0.5219	 +1.6541
+22.8584	-22.7121	 +4.4589	 -0.9682	 -0.6232	 +1.2938
+161.2443	+351.9631	-18.7745	 +1.5224	 +3.3495	 +0.0548
-28.4404	 -0.2222	-19.1512	 -0.2636	 -0.0991	 -1.0496
 +8.2291	 -5.6937	 -6.8755	 -0.2711	 -0.1840	 +0.2015
 +0.8779	 -3.1489	+28.9210	 +0.9624	 +0.1764	 -0.7050
-10.4290	+11.6485	 +3.6407	 +2.7613	 -0.0212	 +0.2016
 -0.1951	 -0.3425	 +5.4215	 -0.5986	 -2.7451	 -3.0313
-195.8691	-1378.6366	-101.7274	 -3.3938	-24.0373	 -1.6076
-12.6741	+31.7801	-34.3926	 -1.4690	 +0.3767	 +0.2095
 -1.0934	-28.9175	 -2.2030	 -2.4693	 +0.6969	 +1.5425
-16.5768	-13.4873	+52.2220	 -1.6113	 -0.6071	 -1.7336
-27.7443	 +6.1195	 +7.9895	 +1.4825	 +0.3024	 +0.1081
-12.9363	+14.1404	+16.8689	 +1.2314	 +0.2929	 -0.7218
+15.5732	+21.3995	+10.4023	 +0.3003	 +0.0007	 +1.5670
 +1.9463	 +6.8714	 +1.6691	 -2.8905	 +1.9026	 -0.3259
 -2.9339	-15.9336	 +1.1988	 -0.0506	 +0.7642	 +2.0945
 +0.6604	+28.9819	+13.9847	 +0.2537	 -0.7710	 -0.4509
+15.8243	-21.0298	 +6.3343	 -1.1560	 +0.6417	 -2.1798
-12.4775	 +3.2642	 -8.0438	 +0.2814	 -0.4999	 +2.7415
 +4.6107	-14.6292	 -8.6333	 +3.4586	 +1.2230	 -1.4006
 -2.5201	 -8.1827	 +6.1815	 -1.8341	 -0.9574	 +1.8055
 -2.1921	 +5.6121	 +5.2203	 +2.6114	 -2.7475	 -2.1188
 +6.0236	-16.3751	 -3.4311	 +0.1163	 -4.7557	 -1.4714
 +1.5586	 +4.0900	-10.0194	 -2.3581	 -1.6903	 -0.0142
-18.4060	+11.3756	 +4.1910	 -1.1486	 -0.4452	 -2.2883
 -6.8320	 +8.2247	 -6.1015	 +1.6025	 +4.9813	 +0.5067
-55.9359	+44.5422	-18.7796	 +0.8979	 -1.3653	 -0.5277
+20.6564	 -1.2835	-11.6331	 +1.1448	 -0.3081	 +0.2251
 -1.7937	 +4.0532	+17.9658	 +1.2696	 -1.3489	 +2.4091
+104.3371	+110.3655	-73.4383	 +1.2946	 +1.6243	 -0.8705
 -1.7843	 +9.6558	-24.5298	 +1.3732	 -0.5207	 -1.5939
-56.6495	+128.4709	-49.5730	 -0.1133	 +0.2971	 -1.2253
+12.7084	-45.4992	 -6.9783	 +0.0301	 +0.5741	 -1.2079
-22.7592	-16.6113	-77.3624	 +0.2299	 -0.0649	 -0.2545
 +1.2056	 -3.6104	 +7.1085	 +0.2000	 -1.0078	 +0.5867
 +0.2741	+13.3068	 -3.9065	 +1.9786	 -2.4445	 +1.7170
 +0.8653	 +6.2834	 +3.9386	 -1.9741	 +1.9436	 -2.1722
 -2.0131	 -2.4341	+24.5503	 +1.3211	 -2.4862	 +0.2476
 +3.1359	 +0.7686	 -9.6394	 +0.8131	 -2.7973	 +1.4998
 +4.3702	-10.4609	+20.2582	 +1.8304	 -1.8337	 +2.6812
+10.8524	 -1.0460	 +2.1274	 -3.3083	 -0.4384	 -2.3996
-11.2392	 -9.0714	+12.9318	 -1.4904	 +1.4063	 +1.0177
 -1.6675	 -9.9780	 -0.2961	 +0.4911	 +0.8301	 -1.2446
-68.9380	+358.2909	-1124.2229	 -0.7131	 +3.6764	-11.6066
-12.7745	-17.7309	 +0.8394	 -0.5731	 -0.7840	 +1.4743
+63.9475	+45.9397	-31.6479	 +0.4540	 +0.3388	 +0.4518
+138.1925	+79.8502	-171.3304	 +1.4120	 +0.9784	 -1.8040
+173.4296	+10.6822	-48.5663	 +1.1808	 -0.0382	 -0.3236
 +0.9282	 -0.9740	 +3.5531	 +0.8349	 -1.1969	 -2.6399
 -6.5829	 +7.2778	+13.7356	 -0.7900	 -0.2097	 +4.2690
 +7.6761	-68.7597	+61.4765	 +1.0166	 +1.4092	 -1.4222
+14.7742	+19.6601	-21.4321	 -1.2681	 -1.0370	 -0.0818
+13.7467	+29.7080	+11.8093	 -0.9050	 +1.7797	 -0.5647
 -0.6881	 -7.7758	 +8.5769	 -1.6784	 -1.3559	 +1.4000
-75.3996	+24.6241	+64.0755	 -0.7489	 -0.7380	 -0.5299
 -2.6487	-16.9674	 -3.8796	 -1.8705	 +2.7450	 +1.0966
 +0.5931	-16.1153	 +7.5339	 +0.1083	 -0.4348	 +2.3238
-34.7955	-12.2147	-60.6171	 -0.3664	 -2.1139	 +0.6267
 -8.7755	-10.0638	+18.3061	 -1.5006	 +0.8451	 -0.6238
 +7.2088	 -2.7778	+19.2298	 -0.2318	 -0.2486	 +0.0973
 +5.0943	-23.7034	 -9.0700	 -1.5574	 +2.0274	 +3.2187
 +6.2428	-28.4330	-15.5242	 +0.0207	 +0.5512	 -2.2300
 -3.5980	-48.7402	 -2.5347	 +1.0576	 +1.1817	 -0.4720
+15.5358	 +1.5458	+27.7307	 +0.0926	 -1.1951	 +1.4177
 -3.5195	-21.4822	 +8.3573	 +0.5433	 +1.5174	 -0.9120
+14.8171	 -6.7418	 +9.1351	 +1.6566	 -1.9066	 -0.7699
 +3.8440	-13.7644	+14.2013	 -2.2448	 -0.4183	 +2.4805
+15.5753	+21.3390	 +1.4018	 +1.1861	 +2.4657	 -0.5221
-10.6948	 -4.5063	 -1.5611	 -0.2158	 +3.3736	 -0.0742
 +4.7752	+15.5778	-15.9021	 +0.1114	 -1.5962	 +1.2887
-20.1824	 -9.0677	 +1.8191	 +2.9972	 -0.5516	 +1.1490
-10.4064	 +6.7572	 -7.6515	 +3.0711	 +1.0379	 -0.6635
-13.9910	-10.8788	+38.1707	 -0.5173	 +1.4640	 -2.6581
+14.2377	-25.5807	 -8.9833	 -2.1789	 -1.1440	 -0.3247
 +3.8020	 +0.8748	 -5.2164	 -2.1901	 +0.5796	 -2.3513
 +3.1069	+11.4242	 +9.7349	 -2.3785	 -0.5200	 +2.6568
 -6.3032	-12.7428	-15.2806	 -1.1410	 -2.1310	 -2.7107
+10.7489	+93.2927	+85.9254	 -0.1249	 +0.8780	 +0.0926
+30.2339	-38.6784	-10.5104	 +0.0135	 +2.0569	 -0.3062
-29.2764	-74.9232	+44.4395	 +1.9792	 -0.8400	 +0.7255
+202.6212	+178.4636	 -1.9984	 +1.5480	 +1.5526	 -0.0910
 -0.3553	+10.9288	-15.2160	 -3.2648	 -1.6077	 +0.4594
 -1.3530	 +3.6554	 +0.1198	 -3.3256	 +0.4456	 +5.1404
-13.9672	-13.2713	 +5.5185	 -1.7788	 -1.9031	 +2.8404
-25.9913	 -2.0252	-11.1122	 -1.9277	 -0.9768	 +1.4716
 +1.5324	-11.4439	 +0.6403	 -1.8525	 +0.4451	 +2.5274
 -2.6369	+51.2629	+13.6489	 -0.7413	 +0.6230	 +1.1241
 -1.5616	 -8.2756	 +0.5335	 -1.8005	 +2.4331	 -0.2679
-11.8747	 -9.7406	-15.8209	 +0.1832	 -1.8532	 +1.4997
+12.0264	-19.6578	 +4.3360	 -2.8824	 +0.2826	 +0.6011
+72.6294	-22.3459	-14.5913	 -0.5009	 +0.6566	 -0.6221
 +6.6427	 -1.8664	-14.0653	 +2.2599	 +0.2210	 +2.7688
 +1.6078	+41.5175	 -8.3570	 +1.9687	 -0.9284	 -0.6432
-35.9838	 +5.4115	+34.7726	 -0.0333	 +0.4748	 +1.2475
 -4.6134	 -5.8394	 +4.6500	 +1.2709	 -2.3583	 +2.5385
 +2.9092	 +1.2964	 -0.6970	 -3.9319	 -2.2663	 -0.0209
 +1.2672	 +4.2934	 -4.3362	 -1.0711	 +1.2343	 -3.1287
-83.2608	-66.7540	+100.4635	 +0.9865	 +1.4931	 -0.5204
 -9.3127	 +8.9575	 +7.2282	 -2.2158	 +0.5261	 +0.3938
+59.0087	+89.4882	-63.3765	 +0.0321	 +0.9395	 +0.3805
 +9.7542	-16.1994	 +0.0260	 -1.4797	 +1.3010	 +2.0728
 -6.4921	-112.6133	+26.2060	 -0.1191	 -1.7268	 +0.1054
 -9.9355	-19.0679	+24.3682	 +0.5096	 +2.0522	 +0.4533
 +0.9897	 -4.9141	 +8.2146	 -4.4605	 -0.5639	 -0.6896
-26.4411	+13.9755	-11.7390	 -0.7184	 +2.2694	 -1.7861
-60.9168	+65.1205	+70.1028	 -0.0717	 +0.7523	 +0.4610
 +6.5821	+18.5110	 +6.1899	 +3.1954	 -0.2273	 +1.5376
-22.0963	+26.7860	-11.5241	 -0.9958	 -1.0437	 +0.4091
 -1.3438	 -6.9052	+17.2022	 -0.3387	 +2.9221	 +0.0214
-96.2656	-114.0377	-10.2444	 -3.0940	 -3.8623	 -0.0133
+18.4932	 -9.2306	 -5.8867	 -0.1921	 -0.4537	 +1.5193
 +9.4462	-33.5191	-10.6012	 +0.3760	 +1.0295	 +0.4328
 +0.4680	 -6.8434	+19.2527	 -0.0861	 -0.6611	 +3.8121
-64.4215	 -1.4991	+32.0901	 -0.2017	 -0.1829	 -0.0466
 -6.8048	 -0.8075	 +1.7761	 +1.5223	 -3.4654	 +4.4362
-13.7952	-16.7832	+10.3002	 +2.8674	 +0.6950	 +1.6683
 -6.4151	-28.3150	 +2.4738	 -0.5513	 +1.3891	 -3.2503
-20.0160	-25.2173	 -8.8296	 +0.2386	 +1.1995	 +1.2804
-32.1233	-87.1293	-62.5039	 -0.4890	 -0.2039	 +0.2212
 +2.2547	-11.2429	 -2.2209	 -1.1930	 +0.7749	 +0.3073
 -0.7313	-16.2272	 +8.4402	 +1.4579	 +1.1526	 -0.4152
 +0.2497	 -2.3960	 +0.8192	 +0.6047	 +0.1428	 -1.3357
 -1.7392	 -6.6440	+17.8541	 +0.6611	 +2.7047	 +2.5252
+46.5782	-29.9288	+23.6278	 +3.1996	 -1.1605	 +1.2619
+14.4526	 -1.3229	 +1.3351	 -2.3642	 +3.3334	 +1.1111
 +1.4353	+13.2594	 -8.3808	 +0.1511	 +2.7212	 +0.6259
+12.3119	-16.6006	 -3.3705	 -2.2099	 +1.7984	 -1.2918
+30.2082	 -7.3964	 -5.9775	 -2.6202	 +0.1548	 +0.2872
 -4.6172	-12.5555	-10.7766	 +2.3521	 -2.6093	 -1.6668
+23.9799	 +7.2602	-11.9277	 +0.7337	 +1.7091	 -1.3637
 +6.7119	 +1.0721	-11.9646	 +0.8676	 -1.3028	 +1.3415
-472.8054	+517.1261	+861.3555	 -5.9690	 +6.4779	+10.8867
-187.2932	-253.4186	+44.6731	 -1.9931	 -2.6028	 +0.7287
 +4.5460	 -1.0187	 +2.8856	 +2.0211	 -1.7557	 -2.2910
-17.9544	 +1.2482	 -1.5386	 -0.3856	 -4.0546	 +2.0346
-37.2670	 +4.6227	+18.1459	 -0.2761	 -1.1679	 +2.2255
+10.4351	+47.9560	+45.2050	 +0.3391	 +0.6858	 +0.2814
-60.2925	-139.3396	+436.1336	 -1.9279	 -4.0267	+13.2819
 -1.3845	 +1.7509	-47.3986	 -0.6568	 -0.1813	 -1.3428
 +3.2130	 -0.4528	 +3.8986	 -0.0289	 -2.2389	 +1.0723
 +0.3640	 +2.1509	 -9.0195	 -0.5366	 +2.8752	 -3.0319
 -7.8538	 +6.9955	-34.4073	 -0.7319	 +0.2686	 -1.9958
-28.8466	 -6.9394	 -0.9136	 -0.6443	 +1.0632	 -1.1957
 -9.9868	-14.6280	 -0.0544	 +0.5162	 -0.5580	 -0.6166
-19.6165	+40.6592	-33.5074	 +0.0616	 +0.6697	 +0.1022
 -8.7746	+10.6085	 -7.0829	 -0.7036	 +0.9660	 -0.8144
 +4.3836	-48.5329	+11.2220	 -1.6215	 -0.8980	 -0.3187
-17.5119	-21.4476	-13.2143	 -1.3497	 -0.5868	 +0.3356
 -1.8456	 -0.8633	 +6.1690	 -2.7711	 -0.2972	 -1.4109
 -5.6182	-14.6467	-10.8251	 +2.9624	 -1.6495	 -3.0460
-11.5511	-35.0133	+19.8639	 +0.2485	 -0.8505	 +0.8817
+13.4732	-70.5766	 +6.0800	 -0.8990	 -1.1929	 +0.1648
 +8.8375	-12.0596	 -0.8259	 -0.6385	 +0.2510	 -0.1877
 -1.9329	-12.0431	+14.5655	 -2.3958	 -1.1906	 +0.5757
-10.5870	 -4.9579	-12.6873	 -1.7218	 +3.3944	 -1.4958
 -2.3416	 +3.6247	 +1.9185	 -3.4908	 -0.9727	 +1.2674
 +1.4359	-36.9900	 +5.9057	 +1.5209	 +2.0460	 -1.3813
-11.8073	-11.4088	 -7.5392	 +0.7220	 +1.6706	 +3.8170
-29.6831	-33.5680	+12.8866	 -1.0007	 -1.2449	 -0.5525
 +4.8944	 -3.5448	 -8.5110	 -1.9945	 -0.2736	 -2.5004
+128.5412	+126.2878	+264.6499	 +1.2429	 +1.5077	 +2.6059
 -7.7960	-19.2628	-12.2827	 -2.3456	 +0.6177	 -1.1061
 -6.4347	 -4.0536	 -6.8934	 +1.3801	 +0.8164	 +1.5073
+13.4799	 +2.3739	 +4.9867	 -1.6346	 +0.0190	 -0.4287
+10.0695	-11.7856	 -9.5399	 +2.1078	 +1.3995	 +1.4421
 +7.1300	 -3.3911	 +0.8521	 +0.6171	 -1.0445	 +4.7812
-32.3752	+12.9991	+31.6863	 +0.0810	 +0.3139	 +1.0132
-33.1633	+14.0100	 +1.0171	 -1.8531	 +0.2278	 +0.5796
 +9.5969	-19.8782	 +1.4047	 -1.4792	 +1.5143	 +1.8031
+360.1141	+52.3523	-222.2198	 +5.3365	 +0.7302	 -3.1130
