# Num Particles: 1000
# Num Cores: 32
# Total Energy: -1.666651e+04
# Iterations: 251 of 1000
# Current Time: 2018-05-05 18:12:40.007573
# Elapsed Time: 0:43:28.323558
# Avg. Step Time: 0:00:10.391727
# 
# x	y	z	vx	vy	vz
# 
 -2.0174	 +3.2239	 -4.6485	 -0.5426	 -3.5349	 -1.1234
 -8.4223	 -0.0134	 -4.3154	 +3.9044	 -4.0368	 -0.6003
-12.2493	-10.7534	 -3.8360	 -0.3459	 +0.1138	 -1.5562
 +5.4135	-16.7473	 +1.8348	 +4.2134	 +1.2080	 -2.2589
 +6.2233	-11.2943	 -0.0991	 +3.2356	 -0.3271	 +0.2181
+10.7611	 +3.6980	 -9.2172	 +1.7723	 -0.1460	 +1.5901
 -4.3965	 -7.7204	-14.5649	 -1.7239	 -0.3024	 -0.7162
 -4.7773	 -1.5158	 -0.3920	 -2.1948	 -1.7305	 +0.8119
 +8.1332	+33.6901	+24.7446	 -0.2980	 +0.5422	 +0.7566
+18.4956	 -4.8832	 -5.6956	 +3.2398	 +3.2769	 -0.5028
 -4.7946	-25.2660	-17.9467	 -1.6966	 +0.2378	 +1.1694
+10.8592	-10.0823	 -6.6681	 -0.3252	 -1.2645	 +0.9093
+18.4267	 -2.0943	-19.3275	 -1.3855	 +0.3148	 -0.6899
 -6.6384	-11.2908	+17.8291	 +2.7423	 -2.4132	 +2.2940
 -4.4037	 -5.0816	 +4.0939	 +0.1417	 -2.0289	 +0.6486
+10.3738	 +3.1195	 -0.5778	 +0.7468	 -3.6140	 -2.9421
-17.4654	 +3.5172	-15.7911	 -1.0132	 -2.0257	 +1.3364
 +3.8225	 -4.3542	 -9.5744	 -3.6231	 +3.1952	 -1.4960
 +6.8351	-15.0184	 -9.5974	 -0.4729	 +1.0507	 -1.3942
+65.6538	-47.0275	+78.4727	 -1.8433	 -0.6252	 -0.2427
 +6.0585	 -4.4421	-12.5458	 +1.8364	 +2.2512	 +2.2553
 -1.6058	 +1.6070	 +7.4343	 -0.0050	 +2.9965	 -0.3430
 -8.9321	 -8.8665	 +1.8933	 -0.9743	 -2.1763	 -0.6631
 -7.8788	 +6.7891	+10.5896	 +0.0788	 +0.1040	 -0.8097
-16.5693	-21.1285	+29.9251	 +0.4766	 +0.5806	 -0.2224
-53.8588	+52.5173	-26.8719	 +0.0487	 +0.5929	 -0.8521
+30.0699	 +1.6944	 -1.3594	 +2.1683	 -0.4499	 +0.3503
 +9.4039	 -5.0808	 -0.7124	 -0.9976	 -2.8988	 +3.9157
-14.1494	+12.7761	 +9.1204	 +2.8668	 +1.9941	 +1.3147
 -2.9874	+10.0511	 -0.3128	 -2.2838	 -4.7090	 -0.4979
-13.5781	 -0.0030	 +2.4936	 -3.5782	 -2.8271	 -1.8282
-46.4011	+45.7750	+36.3863	 +1.2408	 +0.9678	 +1.0162
 +1.6906	 -4.5413	-14.5319	 -3.3264	 -3.0917	 -2.8028
 -2.9515	-25.0002	 +8.5656	 -0.3552	 -1.3474	 +0.2799
 +0.2834	+16.8071	-44.2135	 -0.3656	 +0.9579	 -0.7718
 -0.2578	 -2.2146	 -4.2949	 +2.8995	 +2.0846	 +0.2936
 -9.1336	 -0.2310	+11.5029	 -0.3514	 +1.8205	 -0.4018
 +6.7382	 +1.4994	 +5.2913	 +0.0390	 -1.4101	 -3.0553
+15.8348	-21.0295	 +4.8153	 -0.2630	 +1.8981	 -0.5047
 -4.5158	 +8.5875	 -9.5480	 -1.0591	 -1.9388	 -0.5445
+10.9263	-29.7517	 -6.4520	 -1.6337	 +1.9635	 -0.8962
 -6.6942	 +0.0952	 -4.0967	 +1.4538	 -5.3849	 +2.6766
 -0.0093	 +9.9828	 +4.7255	 +1.2745	 -0.1876	 +2.5933
 +7.0306	 +2.1935	 -1.7823	 -0.8746	 +3.2465	 +0.7400
-27.9359	-16.8531	 -4.0941	 -0.7781	 +1.2139	 -1.3925
-11.8029	 +1.9320	 -8.6753	 +1.6711	 +0.7371	 -1.4393
 -4.6729	 +8.8564	 -7.6899	 +3.2613	 +1.4382	 +2.5296
-18.3827	+15.2469	+20.3088	 +0.3696	 +1.4126	 +2.7771
 -5.7051	 +3.8889	 +1.4194	 +0.0589	 -0.2462	 -2.4041
+10.5972	 -4.0071	 -1.1253	 +0.3856	 -1.8806	 -0.7206
 +5.1534	-13.3159	+10.5401	 +1.5527	 +5.1243	 +1.3473
+35.6305	 +8.7433	+49.6980	 +1.0234	 -0.2552	 +1.7803
-32.0269	+29.5386	 +4.6585	 -1.1659	 -0.4550	 -2.0565
 -1.9192	+17.1302	 +3.1929	 +2.7658	 +0.2289	 +2.6957
+12.8782	+45.9060	+70.9721	 +0.1646	 +1.6985	 -0.0875
+31.0798	-11.6460	 +0.9851	 +0.7629	 -1.1821	 -0.1012
-40.6531	 -7.5023	 +9.3095	 +0.1441	 -0.3242	 +0.5825
 +8.4017	 -5.8940	 -2.5297	 -0.1733	 +0.7179	 +1.6662
 +3.7783	-14.4426	 +5.4284	 +0.1939	 +2.6975	 +0.6550
+19.2296	+30.3661	-17.1986	 +2.2537	 -0.8388	 -0.0077
+12.2374	 -4.6940	 +7.2933	 -0.1597	 -0.6657	 +4.7326
 +6.1570	+18.9621	 +9.7951	 +0.1674	 -3.4787	 +1.4647
 -5.1672	 +6.0183	 -0.6061	 -3.0527	 -0.0743	 +0.3856
 +0.0979	 -9.7222	 +6.1074	 +1.0990	 +2.9877	 +1.7406
 +5.7017	 +9.1077	 +8.9627	 +0.1502	 +0.8617	 -2.2502
+23.1883	+23.2588	 +1.3217	 -0.3853	 -0.3507	 -1.0419
-11.0374	-13.6801	-14.7575	 +1.0182	 +0.7230	 +2.6626
-35.2007	-27.5802	 -2.0058	 +0.8388	 +0.7879	 -1.8393
 +2.6674	-17.3074	 +1.3219	 +0.9141	 +0.6365	 +1.4894
-130.8352	+104.0848	+166.4008	-10.5708	 +8.7413	+15.1790
 +0.9753	 +2.8606	 -1.7664	 +4.7876	 +2.6526	 +0.1086
-10.7050	-16.3997	 -2.4961	 -0.6921	 -1.8804	 +0.8751
 +0.9057	 +2.0522	-10.0577	 +1.1213	 -2.1502	 +3.1028
+31.9461	+13.8215	-117.4525	 +1.8559	 -0.1109	 -0.5242
-45.6106	+12.4306	 +6.9485	 -1.6655	 -0.1266	 -0.2085
+22.7799	 +4.6560	 +5.4142	 -1.0719	 +2.5421	 -1.7467
 +2.2989	 -3.1426	 -3.4485	 +2.3259	 +0.4409	 +3.2896
 -6.9164	 -9.3055	+13.9984	 -2.5304	 -1.6728	 -1.2261
-27.8537	+42.8826	-51.0349	 -1.5612	 +3.9533	 -2.6080
-20.1875	 -9.0638	 -1.8235	 -0.8898	 -3.9830	 -0.5979
 -0.9201	 -5.1482	 -5.3598	 +3.4871	 +2.6798	 -2.7888
 +3.3437	 +3.3827	 -4.9287	 -2.3441	 +4.6909	 -1.8046
 -6.3853	 +2.2083	+18.3371	 -1.1906	 -0.0690	 +0.0150
-15.0646	-10.5814	+50.3529	 +0.3863	 -1.6761	 -0.4062
 -3.6590	 +4.2294	 +7.5481	 -2.3789	 -3.0039	 -4.0518
 +9.9500	 +4.6798	 -2.4230	 -2.1131	 +2.3283	 +4.1405
 -7.4473	 +3.0603	-12.5113	 +2.7337	 +1.9752	 -1.6904
+11.4563	-31.7370	 +0.9686	 +0.9929	 -1.0020	 +0.7812
-20.5516	+12.5144	 +6.7436	 -1.9435	 -1.7214	 +1.9824
+43.2893	 -0.1508	+17.2400	 +1.1670	 -1.9432	 +0.8436
 +8.7900	 +2.4232	 +0.0833	 +1.9823	 -2.3196	 -1.0498
 -4.9454	 -3.0801	 -6.6083	 -1.3632	 +0.3492	 +2.4735
-20.4297	-27.1571	-28.4714	 +0.4577	 +1.0139	 +2.1700
+13.1270	 +6.6796	-13.0267	 +2.7057	 +1.1581	 -2.0804
 +9.6053	+12.6012	 -9.0270	 -0.8274	 -1.4436	 +0.3950
+10.9417	-13.5934	 -4.8237	 +0.8064	 +0.8486	 -2.7484
+11.4890	-24.3332	-20.5678	 +0.8363	 +0.9134	 -2.3275
+12.0402	 -0.9344	 -4.4083	 -2.6727	 -0.7615	 +3.1010
-15.5615	 +2.2268	-12.8469	 -1.0924	 -1.8586	 -2.2163
-15.9230	 -3.0178	+33.9679	 -1.9759	 -1.2083	 -0.3262
+19.9827	 -6.9371	 -9.8538	 -0.0601	 -2.1385	 -0.5093
-19.4434	-11.2444	-17.8367	 +0.3688	 -0.3039	 -0.3224
 +0.0567	 +1.1599	 +4.2003	 -2.7372	 -1.9363	 +0.5273
 +0.0408	 +4.8132	-10.7353	 +2.1022	 +3.2263	 +2.1674
+158.7020	+38.8049	-84.4521	 +6.3577	 +1.6215	 -3.1437
 +2.5845	 +5.1845	 +2.4800	 +0.7369	 -1.4003	 -3.0354
-22.2708	+29.7134	-27.0402	 -2.4418	 +0.4948	 +0.1149
-21.7626	 -2.8782	 +2.0645	 +0.0200	 +1.2623	 -0.0212
-10.6664	 -1.8936	-10.1350	 -2.5293	 -4.3434	 +1.2438
+10.4630	 -6.3132	-19.9251	 +1.5234	 -1.2616	 -1.4018
-36.3781	 -8.1499	 -8.8948	 -0.3518	 +0.9822	 -0.4594
+467.5750	+404.2750	-219.5155	 -0.2966	 +0.6587	 +0.3231
-140.7365	+126.4718	+209.4172	 -0.0370	 +1.0758	 +0.3309
-14.7370	 +3.3590	 -2.4956	 -3.7874	 +1.0025	 +2.7970
 +6.8682	 -0.4733	 +7.7094	 -3.4412	 -2.1403	 +1.7455
 -0.1110	+11.3344	 +1.9901	 -0.9026	 +0.6248	 -4.3064
 +4.2287	 -3.4545	 +1.7420	 -3.1978	 -3.3466	 -1.3304
 -3.7925	 -1.8263	-14.7899	 +5.4615	 +1.5008	 +2.5685
 +3.5557	 -5.8610	 -3.1083	 -1.8420	 +0.7581	 +0.0942
+38.1826	-28.0822	-21.8333	 -1.3316	 +0.4043	 +1.5790
 -5.8567	 +8.2776	+14.2399	 -1.7101	 +0.0696	 -3.2363
 -1.0280	 -4.6727	 -4.4581	 -2.8507	 +2.2869	 +0.8238
-12.8400	 -0.1933	 -3.3888	 -1.6777	 -2.1791	 +4.1368
 -5.4784	 -4.5034	 -0.1232	 -0.9723	 +4.1662	 +0.5774
 -7.1461	 -4.2651	 -4.0555	 +0.3440	 -1.9023	 +1.6170
 -1.3769	 +0.2669	 -8.7398	 +1.3652	 -2.3090	 -5.6408
 -7.1995	 +1.6084	-17.3914	 +1.7580	 +0.7030	 -2.7325
 -0.2798	 +0.4446	 -3.2534	 +5.3974	 -0.0718	 -1.2475
 -1.4499	 -1.3027	 +0.9403	 +1.4377	 -3.5183	 -2.0442
 -4.3059	 -4.2404	-14.2148	 -2.1149	 +0.5739	 +1.8148
+15.2277	 +3.1737	-190.8993	 +0.0378	 -1.1931	 -0.9722
 +4.1433	 +8.9100	 -8.5353	 -1.8467	 +0.9618	 -1.8827
 +3.6039	 +2.9487	 +2.3168	 +1.3218	 -2.5848	 +3.8609
 -9.2206	+13.4036	 -5.9143	 +1.3363	 +0.2529	 -0.4075
 +3.4101	 +7.5608	 -0.7859	 -1.1431	 -2.0854	 -0.5165
+31.5516	 -1.5707	+19.1031	 +2.0422	 +0.6768	 +0.4587
-12.1178	-13.3307	 -4.4071	 +2.3650	 -2.7248	 -2.3877
-21.4525	-12.1390	 -2.3970	 -0.0465	 +3.4053	 -2.1048
 +2.8462	 +0.3113	-13.6189	 +0.1421	 +1.9369	 +0.2633
-58.2948	+48.9739	+30.3089	 -1.7283	 +1.7654	 +0.8515
 +1.4433	 +6.3334	 -8.6779	 -2.6592	 -0.9107	 -0.6178
+16.1635	 +9.9778	-21.4430	 +2.4602	 -1.4362	 +1.2496
+45.9124	-20.4196	-21.2878	+14.0231	 -4.5121	 -3.4915
+28.2135	+18.3226	+10.6785	 +0.9907	 -1.9012	 +2.9703
+43.9949	-36.5104	 +6.8060	 -1.7219	 -1.1894	 -0.8700
 +1.5102	 -0.6570	 +1.5389	 +2.3675	 +0.9642	 +3.5594
-53.5801	-36.0569	+60.3747	 -0.6916	 +1.7865	 +0.1560
-13.3567	 +8.9098	 -0.6351	 -1.6062	 -2.0941	 +0.3589
 +5.7946	 +7.4415	+17.7761	 +2.8056	 +1.0735	 -0.6557
 +5.0458	 +9.6681	 +0.1892	 -1.1047	 +0.2178	 +1.0583
 +5.0874	 +9.6638	 +4.5458	 -0.8663	 -0.2179	 -2.1017
 +4.2712	 +6.5478	 -6.1198	 -1.9035	 +2.3545	 -1.0931
 +7.0204	 -9.1853	 -2.2836	 -2.7875	 +1.4165	 +1.1782
 +3.1668	 -5.5283	 -3.2902	 +3.0835	 -1.2356	 +4.4100
 -3.1928	-12.8564	 -1.2396	 -1.0215	 +0.7590	 +1.7066
-14.5956	+11.0211	 -2.9289	 -1.4638	 +1.9440	 +2.3800
-21.0377	+13.4595	 -6.3008	 +0.6086	 +0.9536	 -1.7819
-10.2974	 -1.2101	-25.2886	 +3.3358	 -1.4076	 -1.4126
 +0.8435	 -3.5709	 -0.6287	 +4.7936	 -1.5671	 +1.0194
 +5.4416	 -4.0455	 +1.9141	 -2.9330	 +1.7390	 -0.8550
 -7.0218	 +2.4619	 +4.0344	 -0.2713	 -4.2604	 +0.8352
+40.6062	+11.4251	-32.7447	 -0.0318	 +0.5099	 -0.1349
 -6.7967	-11.0252	 -1.6232	 +0.0813	 -3.1068	 +0.1656
 -5.2884	+10.9733	 +1.0016	 -1.7161	 -1.9060	 +0.0834
 -5.5251	-15.1664	 +6.1262	 +2.0730	 +1.4202	 +1.5515
-11.6273	 -1.6407	 -1.6761	 -1.6044	 +1.4943	 -3.0068
 +9.0732	 +2.9101	 -2.9413	 -1.1497	 -2.5467	 +1.1302
 +9.2682	+19.9673	-11.5115	 -2.3541	 -0.8706	 -1.6222
 +5.9360	-11.5785	 +4.4476	 +2.7147	 +0.8948	 -2.2060
+13.6326	 -6.5969	 +0.1931	 -0.4889	 -0.1775	 +1.5150
 -9.6003	+11.9882	+16.9908	 -0.7460	 -0.5443	 -2.0035
 +5.1838	 +3.5205	 -3.2726	 +0.3858	 -0.4483	 +0.6129
-11.0575	 +8.0828	+23.6579	 -0.4771	 -0.0660	 -1.1028
-20.2909	+27.6931	-24.5123	 -0.5640	 +1.7552	 -0.9219
 -4.3825	+12.2886	 -5.2786	 -0.0187	 -3.2858	 +1.4585
-17.3097	+19.9832	 -9.4283	 -3.0089	 -3.0186	 +2.0770
 +2.0087	-20.4738	+12.2162	 -2.7150	 -2.4492	 +0.2244
-10.8922	+41.2931	 -1.7017	 -0.6230	 -0.3265	 -0.4715
 -9.3806	 +0.7963	 -6.4249	 +0.8472	 -0.6197	 +0.2742
 -2.6652	-13.1901	 -9.4452	 +0.2141	 +0.7021	 -1.3505
-134.6361	+21.8834	+58.6745	 -9.9139	 +1.5825	 +3.8984
 -3.5202	 -5.8996	 +4.5477	 +0.7386	 -2.2961	 -0.5990
 -3.6694	 +7.6133	 -7.5588	 +0.6362	 +0.6613	 +0.9312
 +4.3611	-14.7578	+16.0364	 +2.9097	 -1.3222	 +2.0667
+11.8820	 -6.3406	+14.9257	 +3.3146	 +0.8812	 +0.4964
 -6.6614	 +6.9556	 -2.8768	 +0.6475	 -1.2249	 +2.7753
 -2.4024	-13.5915	 -2.0363	 -1.3787	 -2.2352	 -1.7880
 +0.2216	 -0.1132	 -1.0491	 +0.9270	 +3.0314	 +0.9934
 +6.5338	 -6.4196	 +8.1958	 -3.0651	 -0.1797	 -1.8966
 +0.1993	 -4.5738	 +3.6957	 -1.4952	 -0.5398	 +1.3946
 +4.5164	+26.2354	 -7.0700	 +0.8147	 +3.2173	 -0.2759
 -6.6649	 -1.3787	 +2.4741	 +1.2275	 -1.9871	 -2.2478
-19.5372	-14.6465	-18.3356	 +0.8681	 -1.3295	 +3.2900
 -4.4671	+14.4465	 +0.5819	 -0.6601	 -0.0209	 -1.7119
+12.0971	 +0.2018	+13.9604	 +0.1782	 -1.2758	 -0.2812
 +0.3396	 -9.9615	 -4.6366	 +1.7088	 +0.5403	 +1.1274
-25.9096	-23.6528	-12.6834	 +0.6007	 -0.2672	 +0.5928
 -3.5687	-84.8583	 -9.5062	 -1.4787	 +1.2480	 +1.1993
 -8.1692	+12.5501	 +5.2734	 +1.2694	 -0.1964	 +1.8976
-12.1656	 +3.9332	-18.6565	 +0.6729	 +2.1172	 -1.7031
+17.2487	+27.0037	 -2.5821	 +1.3626	 +0.5984	 -2.8855
-31.2867	-29.2607	+15.3467	 +0.5708	 -1.3426	 +1.0689
+34.5178	 +8.4355	-48.3140	 +0.5757	 +1.4626	 -1.0045
 -4.4962	 -9.9815	 +0.3866	 +1.3061	 +0.0547	 +0.0658
 -5.8470	-14.1202	+16.9590	 +1.3485	 -0.9497	 +0.7596
 -3.4904	 +4.2322	 -3.3449	 -0.9176	 -0.1287	 +1.2657
 +1.9549	 -3.7181	 -1.3073	 -1.6753	 -1.1454	 +2.3421
 +1.6310	-31.4354	+23.8842	 +2.2077	 -0.8500	 -1.0838
-38.4876	+39.2140	 +5.0814	 -1.0626	 -1.7653	 +1.9216
+14.3217	-19.1232	+10.7763	 +0.0809	 -1.8961	 +0.1155
 +5.8598	-15.8493	 -5.6913	 -1.4592	 -2.1073	 -0.2330
-14.6675	 -6.0881	-11.0678	 -1.3457	 +1.7996	 -1.2402
 +2.1984	 -3.6104	 +2.2411	 +0.4947	 +0.4695	 -1.6931
+21.8230	 -2.3717	-13.9064	 +1.8960	 -0.1429	 -2.1621
 -0.4169	 +6.0148	+25.1356	 +0.9777	 -0.5866	 -0.4843
+119.5766	 +8.3614	-24.4173	 -0.3249	 +0.1175	 +0.8567
-23.5790	-21.5193	 -6.1631	 -0.8020	 +0.6265	 +2.9434
+11.5566	 -7.0136	 -7.4168	 -2.0073	 +1.7260	 +0.1910
+10.1688	-14.9765	+14.6064	 -1.0605	 -0.9439	 +0.1070
 -3.6569	 +9.9545	 -4.2324	 -0.7691	 +2.9676	 -0.3430
-20.0412	+27.9320	+14.9083	 -0.8802	 +2.2976	 +2.0855
+12.2782	 +6.8093	 +5.6566	 -0.1036	 -1.5856	 +1.0573
-26.4535	-28.6728	-20.0061	 -3.3336	 -2.3906	 -3.3487
 -0.6703	 -2.7495	 +3.6063	 +2.3624	 -2.3659	 +0.1758
 +5.2246	 +7.3291	-17.2222	 -0.2355	 +0.6340	 +0.7355
 -3.6029	 -1.6643	 -2.7716	 +0.9756	 -0.2331	 -0.1336
 -4.6809	 -2.1750	 +5.0303	 -1.4280	 +0.1495	 -2.8202
-20.6799	-75.1536	+51.3083	 -0.4158	 -1.9775	 +2.3698
-13.1377	 +6.5956	 -0.4232	 -0.5050	 +1.6604	 +0.9026
 +6.2387	 -4.6102	 -6.6845	 +3.5612	 +2.2917	 +0.8709
 +8.9030	 -8.6136	+11.1300	 +0.6724	 +0.2323	 +1.3405
+44.2665	-55.1160	-39.0176	 +5.8095	 -7.6721	 -4.6484
 -0.6298	 +5.9543	+11.9943	 -2.0637	 -1.1004	 +0.5371
-16.1987	-14.8163	 -7.4972	 +0.3006	 +1.4100	 +0.5812
-11.7841	 -5.6020	 +3.9869	 +1.1136	 +1.3539	 +1.1538
-22.3918	+15.5549	 +5.1862	 -0.1347	 +0.6905	 -0.6495
 -0.8410	 -7.7681	 -4.3648	 -0.6836	 -1.7458	 -5.6754
-12.3698	+16.1974	 -6.2211	 -2.9283	 +2.0362	 +2.6841
 -4.8565	 -3.6708	 -5.3144	 +0.8403	 +0.8241	 -2.5898
 -2.6374	 -5.0482	 -3.0140	 +0.6857	 -1.8563	 +2.9392
-61.7513	-26.7980	 +8.2247	 +0.6704	 -1.1129	 +0.2175
 -2.8797	 -4.5477	-12.3996	 -2.1023	 +0.8626	 -2.5787
 +4.3080	 -2.0090	+19.6610	 +0.1466	 +1.8316	 -0.2340
 +7.2028	-10.2501	 -1.3806	 -0.7102	 +0.2842	 -0.4111
 +0.5171	 +5.0935	 -4.1914	 -0.4522	 +0.8320	 -3.7188
 -4.0939	+12.9601	+10.2831	 +0.8936	 +0.2009	 +1.2634
+15.4377	 -6.8192	-19.6722	 +2.2205	 -3.2380	 -2.0721
 +8.1509	 +1.2899	 -0.4167	 -4.4312	 -0.9232	 +0.7206
-16.6668	 -6.0271	 -3.5921	 +0.3697	 +2.2558	 -1.1879
+21.5353	+40.2041	 -4.2370	 +0.9583	 +3.2306	 -1.1288
 -7.8139	-22.3518	 -9.5911	 -3.6332	 -0.4110	 -0.2840
-11.3238	 -0.7985	 -5.6071	 -2.7503	 -5.9614	 +0.3241
 +9.3284	-16.4982	 -8.1656	 +0.1022	 +0.8685	 -0.4682
 +8.6653	 +2.4021	 +4.6277	 +0.0740	 +2.2259	 +0.7978
+1876.4498	-36.3255	+791.8157	 +0.2188	 -0.2337	 +0.0652
 +7.5437	 -2.1352	 -2.3344	 -0.7270	 -0.4112	 +1.3136
+11.1814	 -8.3343	-11.9513	 +0.7877	 +2.8092	 +0.2948
 -6.7746	 -0.4243	 +4.0569	 -3.8358	 -2.0014	 +1.2519
-25.1105	+24.3384	-15.8253	 +0.6350	 -0.0712	 -0.7884
 -7.8302	 +8.7737	 +8.4480	 +1.6835	 +2.4394	 -1.4424
-71.0975	-74.2185	-69.5239	 -0.4338	 -0.8731	 +0.2236
-13.8076	-12.6316	+32.1551	 +0.2789	 -1.3706	 -0.9270
-18.7853	-38.7018	-32.3725	 +0.4469	 -2.2989	 -0.2609
-31.7173	 +4.0652	-16.4183	 -1.9525	 -1.0992	 -0.8665
 +4.3959	 +2.4276	 +3.0756	 +0.0684	 +0.8429	 -0.1524
-37.2991	 +2.1344	 +3.3602	 -0.5576	 +2.1031	 -0.4274
-11.3644	+10.5882	-10.1380	 -1.5240	 +0.8651	 -2.0295
 -2.6524	 +5.3530	 -0.0839	 -2.2361	 +2.1850	 +0.5961
+12.3636	 +9.3847	 +7.9733	 +2.9931	 +0.6612	 +0.4613
+32.4937	+54.3438	+18.6281	 +1.6409	 +3.6070	 +0.5487
-21.6100	-36.1090	-24.2114	 -0.1298	 +0.6337	 -0.6184
 -7.4213	 -7.7287	 +3.4069	 +1.1707	 -2.1162	 -0.5191
-12.9882	 +4.5926	 +2.3898	 -2.3462	 -0.9285	 -0.0359
 +4.7392	 -5.5016	+12.5128	 +2.0038	 -1.4302	 -2.4303
 -5.5272	 -0.7146	 -3.6230	 -1.5855	 -2.7027	 -1.3952
 +2.4271	-31.8932	+32.7446	 +1.2084	 -0.8644	 +0.4680
+112.7377	-44.7074	-141.2268	+10.4996	 -4.1425	-11.3940
 +3.4046	 +3.8779	 -5.2092	 +2.1454	 +1.5584	 -1.0170
 +0.1348	-31.5021	-13.1889	 -0.2540	 -0.5726	 +2.6914
 -5.0059	 +2.9602	 +1.3968	 -3.2801	 +1.1213	 +2.6307
 +2.9921	 +2.1794	-12.4348	 -1.0628	 -0.1187	 -0.3140
 +3.0169	 -5.7989	 -4.7424	 +0.9930	 -2.4639	 -2.5454
 -2.9819	-15.7521	 +0.3929	 +0.7844	 -0.9236	 +0.3456
 +0.9676	 -1.3332	 -4.8660	 -2.5181	 +3.2481	 +0.0276
 +0.3859	 -8.5508	-11.0849	 +0.1700	 -1.6342	 -1.7655
 +1.2024	 -2.9543	-12.3025	 -1.5348	 -1.8210	 +0.7343
+18.8804	 -3.5230	-18.7387	 -1.0724	 +1.1002	 -2.5243
+11.3383	 +3.6835	 +6.6367	 -0.8068	 -0.3680	 +4.8277
 -8.3103	 +7.4462	 +3.0467	 -2.2550	 +2.1898	 +0.7379
-114.5120	-63.4040	+85.9106	 +0.9945	 -0.8102	 +0.4859
 +0.6684	 -0.4560	 -1.2526	 -1.6532	 -4.2112	 +1.9044
 -8.1367	-11.1371	 -7.3590	 -1.2434	 +2.6186	 -0.9220
 -4.3248	-12.8035	+18.2068	 +1.3931	 -0.6256	 +1.0115
-25.0505	+10.0320	 -2.8775	 -1.1362	 +1.3175	 -1.8444
 +3.9193	 -2.8924	 -8.9143	 -4.4519	 +2.1013	 -0.0065
+94.3388	-11.4399	+28.5030	 +7.0985	 -0.1187	 +2.7720
 +0.3263	-15.5908	 -5.8923	 +1.6888	 -2.0123	 +1.1231
-102.4709	-108.6946	+97.0717	 +0.5670	 -0.0875	 -0.2770
+23.2524	 +6.6387	-23.6241	 +0.0719	 -3.6100	 -1.2037
 -6.9369	+15.4392	+18.1873	 +2.5534	 +1.2876	 -2.4852
+26.5838	 -6.5585	-17.1037	 +1.0725	 -0.5147	 +3.3136
+30.4108	 -1.4398	+10.1416	 +1.5019	 -1.7060	 +0.2664
 -1.4020	 +0.7001	 +5.5429	 -0.3637	 -1.0399	 +3.6707
 +1.8249	 -4.2328	 -8.9883	 -0.1384	 +0.5193	 +2.5474
 -4.5380	+12.1663	-12.2169	 +2.5882	 -0.4792	 -0.1936
 +9.2663	-13.4108	 +1.9320	 -0.6760	 +1.5343	 -1.0973
 -6.7703	 -4.1635	 +0.8744	 -4.2428	 +1.7880	 -2.8293
-11.0607	+18.8088	 +4.7070	 -2.2505	 -1.8319	 +1.7102
 -3.5800	-51.5511	 -9.2244	 -1.1283	 +2.9921	 -1.2432
 +0.3689	 +2.6063	 +8.5804	 +2.9020	 -0.5071	 +2.0752
 -5.8712	 -1.6072	 -5.9223	 -0.4386	 +1.3594	 +0.1962
 -4.8519	 -0.3744	 +3.7018	 +1.0825	 +0.9200	 +2.2070
 +5.7688	-11.0376	-12.0423	 +0.4253	 +0.3038	 +1.8484
-11.6108	+15.8967	 +4.6150	 +0.3142	 -0.7470	 +0.8377
+11.4666	+15.6544	-39.8046	 -0.1192	 +1.3934	 +0.0910
 -0.4579	 +5.4546	-10.4444	 +0.9698	 -1.0257	 +5.1475
 +6.1162	-37.2245	-30.7176	 -0.6514	 -0.6522	 +0.9664
 -0.8227	 +1.8581	-10.9875	 -1.7034	 +0.7231	 -2.2357
 -0.6774	+25.7927	-41.2137	 +0.8220	 +0.4209	 -1.4317
 +2.0921	 +5.1901	 -9.5107	 +1.5899	 +1.5907	 +0.9752
 +0.9406	 +1.1283	 -0.0693	 +0.8506	 -2.6008	 +0.1222
+42.2779	+23.0654	 -3.0604	 +1.0252	 -0.9488	 -0.6076
-10.8008	-19.7911	 +2.5933	 -0.3057	 -0.1482	 -1.3642
 +1.8230	 -1.9676	 +3.7171	 +1.0520	 +0.9235	 +3.5641
 +0.9417	 -4.9405	 -0.4496	 +1.8361	 +0.6179	 -0.6372
+11.9894	 +0.5625	 -0.2977	 -1.7355	 -1.4400	 -1.0422
-142.4541	-68.7892	+206.4666	 +0.6118	 -0.6459	 +0.1083
 +1.9729	 -2.9031	 -3.8969	 +0.0528	 +1.7918	 +3.0392
 +0.0075	-10.8256	 +7.5511	 -2.0011	 +1.1349	 -0.6554
 +7.9857	+14.3009	+14.4993	 -0.9624	 +0.9247	 +2.0203
 +2.8253	 +1.3396	-13.1250	 -0.6779	 +4.3033	 +1.8301
 -0.4847	 -1.3740	 -3.5534	 -1.0522	 +0.3073	 +3.5737
 -4.6147	+49.8053	-39.9762	 -1.7675	 -0.7346	 -0.9882
 -5.0715	 +7.9348	 +3.9501	 +1.6375	 -2.1666	 -2.3009
+13.8954	 -8.3985	 +2.5793	 +2.6684	 +0.7883	 -2.6295
-19.4620	-12.1806	+20.1245	 -0.9751	 +0.5343	 -2.0240
 -1.2515	 +1.9355	 +4.1639	 -1.2188	 +1.1345	 +3.1214
 +3.5815	 +4.6601	 -1.7968	 -0.6958	 +0.1361	 +1.3450
 -3.3187	 -6.2428	 -8.4870	 +3.0207	 -1.5628	 -0.0420
 -1.6309	 +0.8348	 -3.4640	 +3.4574	 +0.0653	 +0.5042
 +1.2685	 +8.0753	 +0.3322	 -0.3991	 +0.1752	 -0.7870
 +1.5198	 +7.0508	 +2.4017	 +0.2581	 +1.4667	 -4.2807
-10.5233	 -2.0206	 +9.3002	 -2.3606	 +0.3775	 -2.3398
 +8.9405	 -2.2400	 -6.8295	 +0.5427	 +1.0805	 -0.3203
 -1.5614	 +0.2722	 -8.0131	 -0.0307	 -2.6154	 +2.9564
 +5.6542	+12.6009	-11.5378	 +0.2724	 +1.6521	 -1.5852
 -2.5538	 +0.4391	 -4.7439	 -1.0176	 +0.8723	 -0.1931
+29.0020	+29.4427	+20.7799	 +0.9500	 +0.9015	 -1.9477
 +1.4276	 -6.3195	-13.2065	 +0.6877	 -3.1636	 -2.1524
 -3.6216	-13.3755	 +4.6526	 -2.6946	 -1.2071	 +1.3227
 +2.7638	 +1.6268	 -4.3793	 +0.3453	 -1.8817	 -2.6364
 -8.9122	 +3.7413	 +8.5432	 -2.0680	 +2.4132	 +3.4380
 +4.8553	 +7.2133	 +5.4659	 -5.4842	 +1.7002	 -0.1066
 +6.0172	 -1.9989	-20.0860	 +1.1087	 -1.8226	 +1.5398
 +2.0048	 -5.8077	 -1.4408	 -2.1021	 -3.4280	 +3.0896
 +4.8510	+13.0373	-34.6907	 +0.6758	 -1.5934	 +2.3358
 -7.5425	-13.4318	+26.2614	 -1.0411	 -2.6954	 +2.5903
 -4.8223	 -4.1764	 -4.3520	 +1.0314	 -3.3178	 -1.0684
 -0.6684	+21.5749	 +6.0164	 -1.4155	 -0.7168	 -0.7268
 -7.9387	 -2.5182	-15.9207	 +1.5856	 -1.1189	 +0.4657
 +2.7863	 -1.7460	 -1.3319	 -5.6263	 -2.2858	 -2.0455
+12.3649	-16.8630	-14.0546	 +0.3604	 +4.8251	 +0.5867
 -7.1183	 -8.0187	 -7.9522	 +0.8868	 +1.0767	 -3.0778
 +0.7319	 -6.6293	 +2.7893	 -3.8551	 -1.7855	 -0.1892
-26.3133	 +7.5446	+20.0586	 +1.4538	 -1.0554	 +2.1756
 -7.9485	-16.1906	 +1.3234	 -0.5375	 +3.3492	 -2.3956
 +0.1759	 +1.1606	 +0.7895	 -2.3566	 +0.7146	 +2.0534
 +4.0337	 -1.4050	 -0.0392	 -0.2795	 -3.6113	 +3.4014
 -3.3000	+10.0466	 -0.1837	 +2.3688	 +3.1604	 -0.5590
 +3.3485	+12.5604	 +7.9507	 +0.3643	 +0.5386	 +1.6787
 -4.9294	-11.8478	 +7.0425	 +1.5222	 +0.0901	 -0.9542
 +7.9882	+16.6711	-27.1310	 -0.2733	 -1.7236	 -0.9586
+21.1725	+14.0190	 +0.1015	 -0.4121	 -1.1534	 -0.1413
+14.8533	+11.1942	 +9.0717	 +1.0128	 -0.8486	 -0.3527
-10.1761	+18.7943	-19.9339	 +4.0642	 -0.3303	 +1.2092
 -8.5325	 +2.8645	 -0.5061	 +1.3272	 -0.2560	 +0.3918
 -3.0830	+10.7262	 +9.0562	 -2.0768	 -0.6464	 +0.6494
+11.5850	 +5.4392	 -3.3966	 -2.9156	 +0.9511	 +0.7030
-11.6155	 +3.0599	 -3.1305	 +0.1401	 +0.7471	 -2.6136
-12.6366	-13.9556	 -3.8892	 +0.1817	 -0.0949	 -3.5991
-18.3457	 -5.0734	+25.3925	 -0.1120	 -0.7826	 -1.7523
-11.8077	+14.3920	-11.3540	 -1.8960	 +1.7301	 +2.4540
 -9.6697	 +2.0109	-22.7148	 +2.0237	 -0.1083	 -1.9577
 +6.6548	 -9.5727	 -4.6783	 -0.0267	 -4.4309	 +0.7201
+15.1106	+25.0864	+43.3207	 +1.7745	 +0.8372	 +3.5144
 +8.2525	 +2.3458	-23.3266	 -0.9938	 +1.9929	 +0.4681
 -7.6281	 -1.5304	 -7.5853	 -2.8143	 -1.3872	 +1.4394
 -4.9461	 -7.2946	 -7.7211	 +0.2447	 +0.5349	 -3.9653
 -3.3834	 -0.8157	 -3.9695	 +0.7262	 -4.5573	 +3.3316
 -3.7241	 +1.2696	-15.6809	 +1.2625	 -2.9465	 +1.7627
 -3.9799	 +1.9574	 -4.1277	 -0.1948	 -1.6415	 -5.8303
 -8.7124	 -4.5213	-22.3225	 -1.9505	 -0.1690	 +0.2973
+12.5613	 +9.6600	 -1.0011	 +0.6489	 -1.2248	 -0.2520
-65.1419	-11.9504	 -6.3499	 -7.7188	 -1.1702	 -1.8538
 -1.0956	 -1.5883	-24.6922	 -1.9362	 +1.6307	 +1.4011
 +0.0695	 -1.7942	 -8.5999	 -1.9358	 -1.9101	 +0.2198
-18.9864	-20.2735	-14.7654	 -0.2013	 +2.3162	 +1.9844
 +5.1426	-10.9971	-13.9662	 +0.8176	 -0.2747	 -4.2219
 -7.2216	 -5.5781	 -6.4521	 -1.1428	 +0.5915	 +3.3072
+52.7979	-14.9622	-15.5782	 +1.4689	 -0.7582	 -2.4317
-11.0183	 +2.9938	 -7.4333	 -0.8173	 -3.9223	 +0.3818
-43.0227	+13.5880	-34.2042	 -0.4815	 +1.1128	 -0.1815
 +9.5048	 -6.2297	 -1.2849	 -0.4795	 -2.0735	 -2.9378
 -7.0313	 +2.1671	 -2.0143	 -0.1775	 -3.8930	 +3.5373
 +7.0862	-13.5997	 -4.7521	 +3.0239	 +1.0841	 -0.8020
-30.2495	 +2.4250	 +1.1274	 +0.2165	 -1.3421	 -0.8290
-14.2103	+16.1919	-13.0603	 +1.4637	 +2.0180	 +0.4410
-20.8223	+15.6226	 -3.1807	 -0.0109	 +2.9644	 -1.4205
+12.4292	+13.1638	 -8.4113	 +0.4522	 -3.4637	 -2.5770
+21.6334	-48.0023	+65.7007	 -0.6243	 -1.3207	 -0.7003
+11.4128	 -0.9516	 -3.9386	 -1.4354	 -0.6162	 -0.6724
+10.2784	 -2.8733	-15.6084	 +0.9524	 +1.8744	 -0.3459
 -0.0747	 -0.8962	 -0.5551	 +0.4457	 -1.2538	 -0.9414
 -7.1803	 +1.1079	 -6.6857	 -3.1808	 -1.5466	 -4.1397
 +1.5742	 +1.6459	 +3.2237	 +2.5436	 +4.4626	 -1.2867
-12.2036	 +4.0987	+12.1051	 -0.2130	 +1.5821	 +3.7512
 -2.3344	-12.0220	 -3.3345	 -4.4534	 +0.3286	 +1.2684
-11.9872	+13.2434	-17.8060	 +1.8851	 -2.1610	 +2.2550
 +0.2883	+10.2435	 -7.0765	 +4.6552	 -0.4672	 -2.8207
 +3.1159	 +7.5047	 -8.2030	 -0.9812	 -1.2333	 -0.4232
 -9.2535	+20.3488	-15.8044	 +1.6916	 -0.2278	 -0.7028
 +0.0980	+14.8404	-38.9866	 -0.1818	 -0.5902	 -0.4309
 -2.8322	 +9.0770	 +5.8286	 -2.0364	 +3.0946	 -1.9252
 -4.7711	-11.7927	 -1.4604	 +0.0834	 +3.5447	 -1.1719
 +6.0161	 -1.4141	 -2.3681	 +0.5304	 -1.1694	 +0.9715
-10.0691	 -8.9896	-10.2498	 -0.3081	 -1.9560	 -1.3194
 -8.4778	-19.7422	 -4.4165	 -0.9079	 -1.0627	 +1.4929
 -0.7638	+20.4982	-22.9111	 +1.2217	 +3.5603	 -0.2930
-10.4969	 +8.1979	+14.6745	 +1.1442	 +1.4285	 +0.2523
 -7.8144	+14.7734	 -1.3062	 +0.9523	 -0.9666	 +2.5128
-23.0226	-16.7084	 -1.9097	 -2.0402	 -0.9440	 +1.5480
 -5.5836	 +5.1843	+19.2485	 +0.9382	 +0.1415	 +0.0665
 -3.5375	 -3.6646	 +1.1273	 +3.0610	 +0.2785	 -2.9250
 +4.1102	 +0.4426	 +4.5210	 +2.9958	 -1.2396	 +1.6976
-26.6630	+11.6855	+22.4994	 -0.1849	 +1.1123	 +0.8364
-21.2345	-11.0148	 +6.3446	 +3.0843	 -0.2630	 +2.3318
 -2.1085	 -9.4692	 -5.3086	 +2.2847	 +0.3171	 -0.0556
 +3.1064	 +4.9203	 +5.6284	 -3.1095	 +0.8512	 +0.1855
-70.6742	+102.9355	+13.1035	 -2.3093	 +3.2716	 +0.5405
 +2.4907	 -2.4554	-17.7783	 +1.5214	 -1.3092	 +1.3185
 -0.7392	 -3.6543	 +1.5744	 -2.3833	 -2.5572	 -2.1685
-28.9456	-28.5998	+18.5360	 +0.5448	 +0.5013	 +0.3106
-19.0689	-15.3301	-25.0915	 +1.5130	 -0.0663	 +0.5213
 +1.4530	 +1.7142	 +8.5413	 +1.2411	 +1.5883	 +0.6913
 -6.3484	 -9.5021	 -9.7459	 +1.2382	 -1.8452	 -0.2879
 +1.4493	 +4.0451	 -1.4864	 +2.3815	 -0.2940	 +0.9232
 +8.4631	+27.4891	+22.7018	 +1.1910	 +1.5461	 +2.6347
 -2.8334	 -0.1712	 +0.8283	 -1.3630	 +7.1135	 +2.6635
 +5.6570	 +2.1700	+12.8799	 -0.0857	 -2.9826	 +1.0776
 -9.2093	 -1.8367	 +3.0081	 +1.8312	 -0.7830	 +0.4082
 -0.7720	 -5.2492	 +7.3990	 -1.9748	 -0.1989	 +0.9903
+10.8596	-26.3128	-13.9903	 +0.4363	 -0.2282	 +1.1267
 +3.1087	-20.2430	 -2.0605	 +0.2485	 -2.6802	 -0.0195
 -1.7450	 +1.6785	 -9.4330	 +1.0674	 -0.5168	 -3.8140
-53.7877	+47.4891	-37.0287	 -2.5036	 +1.9356	 -1.1717
 -3.6009	 +7.0799	 -8.6127	 +1.7476	 -0.4158	 +0.1067
-45.3980	-17.8967	+33.8777	 +1.8378	 +2.0426	 -0.2404
 +7.0782	+16.9433	+16.6860	 -1.8246	 -1.0378	 -1.6940
 +9.8523	 -0.0788	+15.5596	 -3.8024	 -2.4504	 -3.0945
-14.1839	+17.9153	 -2.8231	 -1.9586	 +0.3769	 +0.6464
 -1.2980	 -6.9175	 -4.1790	 -0.6846	 +3.8752	 -1.0149
-115.2288	+66.9085	-13.9159	 +0.0450	 +0.4699	 +0.3564
 -6.1992	 -7.0656	-21.8735	 -1.2339	 -0.9109	 -1.2598
 -4.8262	 -4.2145	 -7.9668	 -2.7233	 -3.1169	 -0.9568
 +0.2435	 +5.8022	-14.2946	 +1.4334	 -0.8432	 +0.7627
 -6.2729	 -5.7168	 -2.2523	 -1.9363	 +0.3983	 -0.5462
-21.3469	-13.8812	-15.2628	 -0.1718	 -1.2064	 -0.4771
-21.7005	 +3.1656	 -2.9925	 +1.0223	 +2.4642	 -0.9204
+11.7302	 +8.0221	 +6.3952	 -0.9657	 -0.4710	 +1.3936
-15.8083	-12.3542	+21.5795	 +0.6620	 -1.5564	 +1.1629
 +3.7360	 -0.2734	 +7.8583	 -0.3462	 -5.2754	 -2.2323
+11.0383	+12.7217	 -6.7185	 +2.3418	 +1.2468	 +0.5621
 -9.7880	 -1.9705	 +8.9456	 -3.3570	 +1.7329	 +2.7369
 -8.2859	 -4.5329	 +7.1114	 +0.0406	 -3.3572	 +0.8941
 -4.6705	 +0.6520	 -3.9311	 -0.3229	 +3.5960	 -2.2269
 +1.2833	 +0.7412	 -4.4378	 +5.6176	 -4.0336	 -1.7998
 -7.6681	-12.3503	 -2.9074	 -2.0705	 +0.7458	 +4.5538
-16.2868	-37.7547	 +7.7295	 +0.1822	 +1.2975	 -0.9660
-18.1687	 -2.2157	 +3.1700	 +1.6427	 -0.0269	 +2.4051
 +7.4708	 -2.2253	 +5.0490	 -2.4017	 -0.7129	 +0.6096
-10.3570	 -4.7699	 +3.2400	 +3.5623	 -1.3666	 +4.3769
 -0.2676	 -7.8948	 +0.0138	 -3.9369	 -0.3317	 +1.0053
 -8.0660	 -9.9216	+14.7392	 -0.6213	 +1.7770	 -2.7951
 -0.3889	 -3.3652	 +1.7221	 -2.7228	 -2.9023	 -3.3989
 -7.2781	 -4.2291	-13.8367	 -0.9357	 +1.1986	 -1.3632
 -7.0545	 +1.5675	+14.2544	 +0.4823	 -0.4848	 -0.9377
-23.8165	+11.4930	 +7.5282	 -0.8461	 +1.6003	 +0.0819
-68.9812	+36.6692	+19.4804	 -0.0902	 +0.6940	 +0.4312
 +4.7617	 +2.1696	 -5.6623	 -1.0844	 +0.8987	 -1.8327
-14.9043	+82.6393	 -1.1502	 +0.9505	 +1.8298	 -0.5750
-20.8557	-13.4302	 +4.4924	 -1.9359	 -0.9453	 -0.2671
 -7.0987	-11.0096	 -0.1147	 +0.6139	 -0.0089	 +2.0196
 -2.1309	 +0.2557	 -0.6396	 -0.2036	 +0.3225	 +3.1217
+29.9503	-23.9682	+33.2448	 +1.3639	 +2.0713	 -0.9746
+11.9536	-53.7221	 -2.5493	 +0.7747	 -0.0070	 +0.0165
 -5.1768	 -0.7150	 +6.8150	 -2.0237	 -0.4071	 -1.4844
+22.5396	 +9.2024	-16.9908	 +1.3344	 +2.0559	 +1.0790
 -4.0168	-37.3771	-10.1787	 +0.0243	 -1.2853	 +0.3844
-15.0903	 -0.9389	 -9.8143	 +2.3757	 -0.9397	 +1.0552
 -2.8553	 +2.6794	 -1.2872	 +0.0212	 +0.0937	 -0.9204
 +3.6239	 +2.1737	 +6.2995	 +0.4325	 +0.1825	 -1.7987
 -6.2885	 -2.6001	 +0.2915	 +2.4575	 +1.9016	 -0.7124
 -7.4671	+27.5593	+17.3557	 +0.7536	 -0.3746	 +1.0292
 +8.8076	 +3.3517	 -9.4629	 +4.2749	 -1.9039	 +1.1555
-12.1004	+11.3083	-18.7857	 +0.3777	 +2.5946	 +1.7510
 +2.4256	 +2.5382	 -8.4522	 +0.0500	 +1.3657	 -2.6770
-52.6328	 +7.5363	 +9.8866	-13.9768	 +3.4436	 +5.3787
-15.7370	+18.0081	 -4.5083	 +2.5913	 +0.0489	 +0.2125
 +4.1639	 +1.8046	 +0.9695	 +0.8423	 -0.0976	 +5.0623
 +8.0018	+12.1622	-11.5491	 -0.9485	 -1.6395	 +3.3883
 +3.2115	 -2.7026	 -8.7791	 +1.8920	 +1.1977	 +2.2473
+10.3212	 +8.9274	 +4.1781	 -2.0431	 +3.1344	 +0.6422
 -1.9944	+21.2216	 +5.7607	 +1.1846	 -0.6530	 +0.2291
 +0.8586	 -3.8254	 +0.9213	 -1.4379	 -2.6844	 +5.1868
 +2.3019	 +7.9517	 -4.2119	 -2.4243	 +3.8918	 +2.1356
 -7.4865	-16.6839	 -2.8602	 -2.6367	 -0.2649	 -0.1895
 +2.9484	 +7.7853	 -3.5993	 +1.8432	 -3.7791	 -0.9364
 -6.1708	 -4.0533	+11.2708	 -0.3344	 +0.4799	 +1.8215
-19.5518	+12.0430	 -1.5473	 -2.9729	 -0.2200	 -0.8582
-17.4966	+12.6842	+24.6459	 -0.3525	 +0.5654	 -3.2614
 -5.1807	-18.8893	 +3.1304	 -1.4371	 -1.5498	 -2.3364
-19.1761	-23.0267	 -2.9956	 -1.7520	 +1.2960	 -0.0015
-12.9384	-11.1831	-11.4165	 -0.4372	 -1.2413	 -1.5600
-32.3532	 +8.3276	 -4.8227	 +1.3197	 -0.4853	 +0.7756
 +1.8036	+13.1977	 +4.7986	 +1.9574	 +2.2152	 +0.7195
 -3.6220	 -7.7418	+10.1134	 +0.1326	 -3.2747	 -3.8169
 -9.4325	 -5.1242	 +7.6071	 +1.2373	 +2.5193	 +2.7074
+11.5782	 -7.2938	 +2.1396	 -0.8452	 +1.9097	 +5.2660
 +7.8458	 +6.3636	-35.9666	 +1.7962	 +1.6511	 -1.8137
-10.5717	 +2.4416	 -7.0862	 -3.4815	 +1.9914	 -1.0278
 +2.6477	-13.5412	 -2.3654	 +2.7720	 -1.4102	 -0.0150
+22.7071	-17.2505	 -3.4983	 -0.6541	 +0.8797	 +1.7637
 +1.2570	 +4.1971	 +2.6591	 -2.0548	 +3.3872	 +0.8515
-11.5123	 -9.3539	-10.1516	 +0.6056	 -0.0399	 -0.3966
 +3.5185	 +0.6192	 +3.0531	 -4.0097	 +2.7162	 -1.5193
 +2.6602	 +9.0166	-18.5325	 -0.7390	 +0.7984	 -0.1131
 -0.8400	 -9.9142	+10.1484	 +1.9141	 -2.3757	 -2.1646
 +4.7582	 +3.8005	 -0.6361	 +2.0191	 -0.1337	 -2.7816
 +9.1102	 -7.1291	-11.0026	 -0.6394	 -0.0219	 +3.0791
+29.6790	-33.6094	+29.3255	 +0.0449	 -1.3105	 +0.2300
 -5.9726	 -0.9600	+20.9245	 +1.8086	 +0.9790	 +1.2190
 +1.4994	 -6.2369	 +2.8808	 +2.5757	 -3.7237	 -0.6266
 +1.8088	 -1.4895	 +2.3763	 -2.7354	 -1.9001	 -0.4632
 -1.2632	 +2.6201	 -5.9462	 -0.9145	 +0.3097	 +3.6919
 -5.3309	 +4.8097	 +0.9257	 -0.0357	 -0.1573	 -2.0591
-24.0326	 +1.4180	-22.8220	 -0.0942	 -0.4263	 -1.2068
+22.6013	 -2.4078	+15.8481	 -0.5663	 +1.2219	 -0.7630
+16.7693	 +3.8534	-13.0233	 +6.9446	 +2.9859	 -0.7277
 -4.0271	-10.0165	 -4.3536	 +0.2035	 -0.9195	 +3.4136
 +8.0940	-10.9093	 -2.9868	 -4.3230	 +0.8228	 +1.9980
-25.0836	 +6.6551	-12.1902	 +1.4451	 +1.6003	 -2.1382
 -1.5774	+19.0603	 -4.0258	 -2.0181	 -3.2634	 +0.7795
-31.9078	+19.3528	 -9.1766	 +0.0088	 -0.0796	 -1.7369
+16.7532	 -7.6764	-16.7614	 +0.1066	 -1.4598	 -0.7718
 +6.6440	 -4.7115	+13.3977	 +1.2426	 -0.2799	 -1.4246
 -3.6004	 -2.2805	 +1.3106	 +0.8588	 -1.5702	 +0.0190
 -6.0067	-22.7570	 +0.1899	 +2.1689	 +1.3320	 +0.0692
 -2.2978	+16.6187	+15.9207	 +2.5529	 -2.2121	 +0.9228
 +3.5227	 -8.6865	 +7.7654	 -0.1396	 -4.3215	 +1.8475
 -0.0254	 -5.8347	 -4.7959	 +3.9046	 +3.3093	 +1.5545
 -5.3111	-10.2192	 +3.1363	 +0.0868	 -2.2617	 +0.8086
 -6.0769	 -6.2492	 -6.2703	 -2.0738	 -0.2206	 +1.5113
 -9.8964	+13.8346	-15.4066	 +1.6719	 +0.2228	 +0.9090
 -4.0831	 -7.5392	+14.6378	 +0.5920	 +1.5149	 +0.2758
-10.8720	-21.6927	+13.9072	 -1.5338	 -0.2393	 -1.0603
-25.5713	+39.3743	+13.8888	 +1.7673	 +0.5431	 +0.3486
 -7.8339	 -2.4233	+27.7412	 -1.0388	 +0.4447	 +1.0478
 -1.0621	 +1.1004	 +1.8512	 +0.6794	 +1.8272	 -3.3447
 +2.6817	 +1.4013	+21.0056	 -0.6019	 +1.7108	 -0.9130
 +5.0878	 -2.7804	 -0.7670	 -3.3869	 -0.5794	 -2.3119
 +0.2744	 -5.6703	+13.0468	 -0.3275	 -1.3448	 +4.1019
 +2.0064	 +3.0122	 -1.8464	 -0.7152	 +4.5657	 -3.0499
-14.2075	+15.3901	 +3.4592	 +1.3023	 +0.7465	 -1.1796
 +1.0234	-12.2094	 +9.9483	 +1.5445	 +1.2686	 -1.3246
 +2.7518	-27.3557	 +7.0405	 -0.9630	 -1.4377	 -2.8846
-11.9221	 -4.9155	-14.2677	 +0.9319	 +1.7792	 +0.9003
+21.8643	+19.7711	 +6.1410	 +2.4073	 +2.8437	 +2.5244
 -4.4690	 -1.7596	-20.7116	 -1.8808	 -0.0234	 +1.6329
-16.0185	 -9.8212	 +2.9780	 -0.9299	 -0.7018	 +3.0317
 -3.5303	-14.8179	 -1.6324	 +0.1678	 -3.5318	 -0.4773
 -5.5345	-27.9276	 +6.5679	 -2.2865	 +0.8620	 +2.3920
 +6.1892	 +0.4751	 -3.6178	 +1.2433	 +2.3441	 -1.6993
 -0.6114	 +5.5569	-16.6748	 -1.5003	 -0.6980	 -0.8950
 +0.8000	 +4.7193	 -5.6672	 +0.0460	 -2.0168	 -0.8483
+16.7627	 -0.3460	-13.2703	 -1.2073	 -1.3854	 +2.5049
 -3.5817	 -3.6289	 +5.4310	 -1.7719	 -0.1729	 -1.4426
 -0.5604	 -4.6132	 -1.3368	 +0.4705	 +2.2599	 -0.0578
-13.8182	 -6.8932	 -1.4156	 -0.8643	 -2.0585	 +0.5203
 +3.3245	-12.8466	 +2.6593	 +1.5961	 +1.4100	 +4.0991
 +0.8824	 -0.0672	 -4.5558	 -3.0424	 +1.6524	 +0.5536
-224.7155	-68.9523	+184.6404	 -9.3791	 -2.8193	 +7.9451
 -1.0022	 +8.3384	 -6.3566	 +1.2010	 -3.0703	 +1.5444
 +4.8142	 -9.4269	-13.8815	 +0.6082	 -0.3601	 -1.5455
 +5.9126	 +0.1564	 -3.6393	 +1.1311	 +4.5944	 -3.1663
+12.0992	 -6.4655	-19.3347	 -1.6164	 +0.0046	 -0.6238
+24.3461	-19.2557	 -5.4783	 -1.1093	 +1.5307	 -0.1576
 -7.2608	 -0.8639	-16.0295	 -0.9211	 +2.6125	 -2.4969
 -5.0145	 -5.8237	 -0.0158	 -2.0679	 +3.9347	 +1.5791
 +7.9754	 -1.2274	 -8.5776	 +0.3737	 +1.0181	 +0.2670
 -1.0667	 -5.6011	-12.4179	 +1.0358	 +0.6597	 +4.0818
+40.2301	 -3.1209	 -8.2906	 +0.8702	 -0.2346	 +2.0751
-15.6879	-11.7227	+15.4856	 +1.6842	 +0.0071	 -2.7477
 -5.9545	 +1.8133	 -0.5006	 -1.0370	 -2.7404	 +0.4261
 -0.7423	 +4.8184	 -3.5661	 +1.5014	 -0.9318	 -0.5565
+11.5459	 +3.3807	 +7.0421	 +0.5184	 -0.3752	 +0.6399
 +1.7199	-20.8042	 -1.2317	 -0.7982	 +1.4084	 -1.4201
-29.8719	+33.0793	+13.5676	 +0.9613	 +0.9116	 +1.2370
 -6.3261	 -8.7384	 -5.8837	 +1.4350	 -0.4266	 +1.2677
-10.1793	-49.8999	+50.5029	 -0.2516	 -0.0312	 -1.0311
 -6.0817	 +0.4923	 -1.3521	 +0.1789	 -2.1395	 +1.8194
 -6.7728	-11.7134	+22.0795	 +0.7378	 +0.2715	 +0.4811
-12.3079	 +3.7802	 +6.4542	 +1.0713	 +0.9669	 -0.4481
 +2.5827	 +4.2493	 -0.5551	 +0.6198	 -1.2840	 +2.8042
 -5.6150	 -0.7261	 +7.2988	 -6.8939	 +0.8034	 -0.3777
+44.9357	-52.3598	+38.4867	 +1.9702	 -0.0092	 -0.1599
+96.6816	+34.9240	-24.4483	 -0.6927	 -1.1345	 -1.5784
-25.9244	-23.4641	 -9.5274	 -2.8651	 +1.2392	 -0.4516
+41.8491	+39.5959	-24.5609	 +0.1446	 -1.8542	 +0.7859
 -0.0874	 +2.0655	 -2.2795	 +3.0838	 +0.5149	 -4.1717
+12.2001	+14.2996	-11.9432	 -2.4532	 +2.0609	 -0.1900
-17.0534	 -7.4943	+61.9430	 +0.7568	 -0.1285	 +0.9969
+21.3203	+73.8984	-23.3174	 +0.1336	 +1.0379	 +1.4954
-25.5270	 -1.0709	-22.3218	 -3.4988	 -1.1197	 +0.1410
 +9.7390	-13.4249	-10.1825	 +2.2528	 +2.4824	 +2.0115
-36.3944	+15.9407	 -0.6438	 +0.3419	 -0.3056	 -0.7230
 -7.5205	-15.0737	 -5.3034	 -1.2819	 +1.6853	 +1.2844
 -1.9985	 +0.2704	-18.6192	 -1.4930	 +0.9274	 -0.6952
 +8.2380	-19.0007	-19.4134	 -0.7665	 -0.0575	 +0.9105
-15.4888	 +9.0410	 +8.6752	 +1.6684	 +1.3523	 +0.5066
 +3.4377	 +8.7874	 +0.7359	 -0.5753	 +3.8288	 +0.5204
 +2.2213	 +7.7533	 -5.4773	 -2.5132	 +0.9946	 +4.7801
 +2.6419	 -0.0686	-15.1230	 -0.0800	 +3.5141	 +1.3703
+21.6077	-16.4069	+13.3140	 +0.8209	 +0.6500	 -1.1851
 -6.8533	 +9.4505	 -4.8000	 -1.2421	 +2.3562	 -1.4914
-15.1881	+19.8040	+28.6001	 +0.4106	 -0.3297	 +0.0993
 +5.9628	 -6.1734	-13.2024	 -0.5500	 -0.2002	 +1.6228
 -4.6843	 +0.5061	 +3.7383	 -0.5863	 +1.6135	 -2.3035
 +4.6245	-10.0113	 -0.3285	 +4.1933	 -2.8466	 +1.1202
 -9.9115	 +3.8807	 +8.9804	 +1.9360	 +0.0930	 -4.1505
 +7.8456	-20.3006	-16.3173	 +0.0046	 -1.2134	 +0.6298
 +0.4608	-10.7748	 -3.5436	 -1.1029	 +1.7102	 +2.3411
 +1.2214	 -1.2233	 -4.1094	 -2.8127	 +4.2501	 -2.7019
 +5.3042	-12.0792	 -7.9700	 -0.9209	 -3.8750	 -1.9547
+42.1305	-12.3039	 -6.5154	 +2.1718	 -1.1562	 -1.6066
-13.2964	 +5.1252	 -1.4890	 -1.3269	 -3.1410	 -1.6760
-20.4426	 +6.2300	 -4.4501	 -1.8780	 +2.9599	 +0.8582
+22.0847	+12.7755	-31.7493	 -0.7286	 +0.6447	 -0.4853
 -5.3305	 +0.9741	-11.7586	 -1.9373	 +2.2783	 -0.8510
 +5.2705	+51.1168	+41.5538	 +0.8038	 -1.4663	 +0.2769
-16.4612	-14.6705	+18.4209	 +1.8873	 -0.5120	 +0.7324
 -8.8454	+14.9479	 +4.6928	 +1.1800	 -2.8355	 +0.2696
 -4.1747	+10.8810	 +2.8664	 +2.9094	 +0.8766	 -4.7980
+12.6396	-26.1604	-14.8679	 +0.4929	 -3.7399	 -1.4144
 +4.8239	 +1.3308	 +0.4639	 +1.2333	 -1.2332	 +0.5276
-14.9626	 -7.3277	-10.2315	 +2.7355	 -2.5617	 +0.1572
+12.5774	 +7.0480	 +2.6520	 -0.2875	 +2.5782	 +2.9796
-10.3833	 +6.5619	 -9.4909	 -3.8781	 +0.5660	 -2.2663
 +4.9030	 -2.5814	 -9.3669	 -1.4135	 +0.0522	 -0.6958
-23.6663	+17.3372	 -6.2448	 +0.7636	 +1.8697	 +1.0328
 -3.4005	-65.7785	+116.1030	 -0.3135	 -1.1986	 -0.0700
+26.3330	+19.1414	 -3.4630	 -1.5238	 +1.1073	 -0.3223
-23.8858	-17.4862	 +5.7405	 +0.2225	 -1.8253	 -1.0043
 +4.0334	 -0.6473	 -8.7708	 +3.2429	 +2.2379	 +2.3170
-29.4263	+18.4967	+31.1473	 +0.7156	 +0.4649	 -0.1568
 +4.4752	 +1.9184	 -3.9481	 -4.3846	 -2.8165	 -3.1584
 +0.6308	-28.9352	-11.0529	 +0.2973	 -0.8051	 -2.5692
 -5.1828	 +3.7695	-41.2705	 +0.9018	 -0.3617	 -3.7534
 -5.0370	+11.1470	+19.9971	 -2.3665	 -2.4761	 +0.4497
+11.3127	 -3.6997	 -6.8892	 -1.0957	 +1.3643	 +1.1275
 -3.7357	 +6.6957	 -7.9696	 -3.4432	 +1.2851	 -1.2909
+13.8884	-16.0529	+16.6054	 -1.1559	 +0.6349	 +1.9263
+16.8168	 -7.5902	 +1.0052	 +2.0347	 +2.0408	 +1.2677
 -4.8330	+12.2823	 +9.1986	 +3.7902	 -0.6692	 +0.1471
 -5.9464	 +0.7650	 -1.7747	 +6.2909	 -0.2296	 +1.3023
 +2.0504	-26.4905	 -5.9150	 +0.2460	 -0.9423	 +2.5378
-11.9638	 +3.4671	+24.7992	 +0.3555	 +2.6847	 -1.5790
 +5.9404	 -4.7318	-14.5225	 -0.8366	 +1.4675	 -0.8211
-70.3038	 -0.2704	+77.4642	 -6.0807	 +0.2006	 +7.2781
 -9.7108	 +1.9518	-11.1538	 -1.8059	 +2.7530	 -2.6807
-21.4377	+11.6878	+14.4918	 -0.2935	 +0.5435	 +0.5011
+16.4696	 +5.4244	-10.2379	 +1.7756	 -0.9559	 -0.3136
+23.9076	 -9.5149	-45.2848	 -1.1207	 -0.4114	 -1.4189
 -3.9829	 +8.1404	 +2.1298	 -0.4625	 -0.3893	 -2.9226
 -7.1997	 -4.1361	 -4.1873	 -2.0889	 -1.4907	 -0.9302
 -1.1586	 -8.3137	 -5.6241	 -5.0827	 +1.8702	 +0.6372
+16.7891	 +7.3031	 +9.0351	 +0.6539	 -0.2672	 -1.1151
 +0.8486	-31.2247	 +6.3849	 +1.5184	 -0.7223	 +0.3041
 -0.4873	 +3.4644	 -0.7875	 +1.5680	 +4.4924	 -2.0505
 +4.5329	-27.0732	+13.7128	 +2.1443	 +0.3997	 +0.1235
 -7.7213	 +9.6337	 -2.1716	 +1.6208	 -1.0143	 +1.6740
 -6.0934	+16.5684	-15.1563	 +0.3127	 +2.7997	 +0.3528
 -8.9140	 +8.1700	 +7.0174	 -0.8664	 +0.0744	 -4.5391
 +0.2230	 +5.3551	 -3.2951	 +0.1911	 +1.0332	 +1.8469
 +3.7420	 -8.9119	-18.7158	 +0.3040	 +3.9653	 +1.7268
-14.7297	+13.0874	-10.9162	 +0.6445	 -0.2668	 -0.9316
 +5.6432	 +8.1933	 +0.6356	 +1.8807	 +1.3708	 -1.2947
 -1.2575	 +3.1973	 -8.0892	 +6.4233	 -0.0986	 -0.4380
+16.8208	 -9.2877	+13.6011	 -1.3914	 +0.0374	 -0.2096
 -9.3421	 +3.2588	-12.9815	 -1.7622	 -2.9892	 +2.2039
-25.2869	-35.6442	 -3.1311	 -0.8100	 +0.6771	 -0.7514
+190.9734	-73.0499	-130.2002	+13.3267	 -5.2207	 -9.5202
 -1.9233	 -7.1882	+11.7998	 -1.7213	 +1.2219	 -1.1499
 -7.7384	+10.7876	-34.6188	 +0.7641	 -1.4009	 -0.1689
 -9.0934	 +5.9428	-10.2253	 -1.3004	 -1.0701	 -2.7729
 -4.7201	+15.9019	+31.5517	 -0.5773	 -3.0289	 +0.3472
 -2.2454	 -1.3886	 -9.0206	 +0.3570	 -2.3465	 -2.0741
 +1.9988	+24.1110	+10.4798	 -0.3041	 +1.5644	 +1.5169
 +8.1510	+36.9639	+15.6123	 +0.8443	 +5.4359	 +0.8478
+80.0416	-47.7392	+13.5747	 -0.7364	 -0.5222	 -1.7057
 +8.2985	+14.6056	 +2.6208	 -2.0836	 +0.5270	 -3.0687
 +6.2102	 -3.7900	 +7.2356	 -0.6123	 +2.0744	 +2.2089
 -4.7884	 -8.5529	-11.6626	 -1.0437	 -1.1840	 +0.6346
 -2.3286	+14.1678	 -2.4858	 -1.3035	 +0.8326	 +1.6165
+11.0337	 +1.9552	 -3.7582	 +0.6268	 -0.3872	 +0.7119
 +3.4028	 +3.4320	 -7.0876	 -1.7053	 -3.9387	 -0.9846
-10.8367	 -5.4236	 +2.8992	 -0.5562	 +1.7476	 +2.2484
-22.8202	+10.3407	 -9.3120	 -1.8844	 +0.7998	 +2.1356
 +6.8936	-10.2290	+17.1159	 -1.1720	 +0.6708	 +2.8568
 +9.7910	+14.0996	+65.5424	 -0.0138	 -0.4177	 +0.3758
-25.5285	-36.5679	-53.8443	 -1.5528	 -2.4209	 -3.3143
 -9.1185	-11.0851	 +0.3558	 +0.0194	 -2.8264	 +0.7848
 -6.0199	 -3.8720	 -0.7636	 +3.0540	 +0.5034	 +4.8670
 +1.6344	 +6.3247	 +8.9761	 -3.4029	 -3.0669	 +1.2317
 -0.7494	 -5.6524	-17.4115	 -3.9906	 +0.8118	 +1.8182
 +9.1267	 -2.9613	+10.5260	 -1.9766	 -0.2889	 -1.5724
-86.0577	+41.1864	-22.9900	 -1.0534	 +0.4406	 -0.7788
 -6.4307	+14.6195	 -8.9747	 +0.5329	 -2.9551	 +0.3504
-13.3552	 -1.6377	 -0.7631	 -3.2003	 +3.1731	 +1.8898
 +9.0381	 +6.5309	 -1.9170	 +4.0640	 +2.4003	 -1.2004
+11.1127	 -4.6208	 -1.8187	 +0.6153	 -0.6154	 -1.4863
 -7.5051	 -1.4847	 +3.8796	 -0.3174	 +1.6427	 -2.5826
-15.8448	 +3.2408	 -7.7605	 +1.6866	 +2.7697	 +0.5586
+10.9806	 +3.3294	+12.3707	 +0.6899	 -0.3295	 -0.4553
-63.6523	-166.5445	+23.2053	 +1.2195	 +0.2848	 -0.1369
 -2.9776	 +3.8222	 +0.7244	 +0.6793	 +0.2817	 -1.3555
 -8.0331	 +3.2679	 +6.4981	 +1.5735	 +3.6710	 +0.3106
 +4.4523	+14.6797	 +2.7826	 -0.5692	 -0.8765	 -0.5437
-24.0707	 +7.0958	 -9.9475	 -2.6639	 +0.0425	 +1.0652
 -2.0272	 -0.1584	-15.7214	 -4.4406	 -1.0819	 -1.7844
 -1.0484	 +0.1814	 +0.0452	 -4.4283	 +2.0930	 +1.9980
 -6.2218	 +7.9312	 -1.9855	 +2.7826	 -0.0436	 +2.2850
+13.3639	+16.4087	-27.8004	 -1.0774	 +3.0664	 +0.4802
-11.8436	 -5.3230	 -8.5651	 +0.1839	 -2.3976	 -0.8473
 -0.4955	 +6.6155	 +4.1302	 +2.0532	 -0.4872	 -0.6096
 +4.6228	 -0.7778	 +8.7743	 -2.1472	 +2.3451	 -1.5005
 -2.1005	 +1.8318	 +1.8298	 -2.1797	 +4.5945	 +0.9899
+10.4849	 +3.9069	 -1.2337	 +0.4378	 +1.2093	 -0.0975
-13.3340	 -8.0539	 -1.4774	 +1.3014	 -0.8055	 -1.6741
 +1.2049	-12.3152	-13.6791	 +0.6498	 +0.9573	 -4.5789
 -9.1092	 -3.2943	 -0.5980	 -0.2756	 +3.3712	 -1.9197
 +1.0542	 +3.1530	-13.8160	 +2.3872	 +1.7472	 -3.5671
 -9.3501	-41.4955	 +3.7779	 -0.2924	 -0.4448	 -0.7878
-25.2716	+28.6699	-40.9623	 -1.6907	 +1.4295	 -1.4957
-38.6126	 +2.0176	+28.3349	 -0.3776	 -1.3499	 +1.0159
 -0.7970	 +0.4228	 +5.5679	 -4.2363	 -1.0212	 +3.1913
 -4.2171	 -1.4597	 -7.2409	 -1.3473	 +0.0403	 -3.6125
 +3.7328	 +9.0475	 -0.4286	 -4.1377	 -1.4770	 +1.7277
+22.0995	-15.6284	-31.6410	 +0.9890	 -0.8855	 +0.7354
-14.7731	+60.7720	-62.1638	 +1.4952	 +1.2402	 +1.0818
-10.3262	 -3.7958	 -4.3876	 -0.8281	 -3.2798	 -0.2785
 +5.8994	 -7.5740	 +1.8922	 +3.2422	 -1.9720	 +3.0120
 -1.5844	 +6.3986	 -4.7145	 +0.0126	 +4.4490	 -1.1055
+26.5040	-19.6065	 -2.1997	 -1.0237	 -0.3636	 -0.2753
 -1.0421	 +0.6532	 +3.8537	 +1.4577	 -2.7059	 -3.3405
 -8.9231	 +3.7071	 -0.9643	 -0.8208	 -1.8559	 +1.5882
 -1.6420	+11.6156	+41.2301	 -0.4918	 -1.4440	 +1.2868
 +6.8810	 +8.6528	 +1.7137	 +3.3866	 -1.7456	 +0.6467
 -1.6921	 -0.1387	 -7.6540	 -2.4707	 +2.4027	 +0.8290
 -5.0835	 -0.1701	 -9.1364	 +3.5523	 +0.6621	 -1.1172
 -3.7616	 +2.9534	+38.9265	 +0.4048	 +0.7361	 +0.9761
 -0.6526	+19.5677	+80.3379	 -1.3081	 -1.0789	 -0.2206
 +9.1916	+23.6259	 -6.6555	 -0.7494	 -0.1374	 -2.5239
-21.1712	-10.7823	-10.8518	 -1.0928	 -1.6927	 +1.0718
 +3.6197	 -3.0951	 +1.3485	 -1.0807	 -1.2901	 +2.7359
+18.2751	 +2.9930	 +6.6675	 +2.9235	 -0.3468	 -0.0158
+35.8273	+25.4903	+40.4063	 -2.0437	 -0.5276	 -0.3778
 -0.4476	+11.8260	 +3.7346	 -0.1964	 -1.7146	 +0.1458
 -2.0981	 -8.3230	 -2.6357	 +0.5269	 -0.7940	 -4.7558
-10.8945	 -7.2226	 +0.3198	 -2.7102	 +1.0551	 -4.0350
 -7.9457	 -2.7416	 -7.9425	 +2.2538	 -0.6929	 -0.0041
+20.0360	 -2.0225	-18.5713	 -0.4569	 +1.2150	 -3.9859
 -0.0293	+11.0710	 -2.2673	 +0.1917	 +2.2793	 +0.7879
 +0.2651	 +2.8086	 -4.4870	 +0.9658	 +2.8938	 -4.3649
 +0.5598	-22.2136	 -4.6714	 +1.2783	 -1.6155	 -0.4171
-24.9212	+11.9315	-31.6329	 -1.4576	 +0.3081	 +0.5890
-11.9869	 -9.4540	+11.5752	 -0.3300	 -2.8023	 -1.6753
 +4.3897	 -6.4266	 +2.1935	 +3.5760	 +1.8952	 -2.3567
 -3.0794	 -4.4195	 -5.0367	 -1.1689	 +3.2485	 -0.9503
 -5.6409	+18.0836	-12.1206	 +2.4936	 -0.4192	 +2.6169
 -1.1818	 +3.3101	 -5.2031	 +3.0901	 +1.8460	 -2.9926
-29.0812	+44.2579	+12.2163	 -0.5428	 -0.4834	 +1.9609
 +1.8475	 +2.7703	 +5.9787	 +1.4375	 +1.9864	 +0.0267
 -0.1421	 +3.4959	 +3.6405	 -4.0683	 -1.3819	 -0.9425
 +4.4930	-112.9977	+85.7572	 +0.1435	 -4.1048	 +2.8140
 -2.4429	 -8.0766	 -4.5597	 -0.1244	 -3.5661	 +4.6173
 -2.6604	 -9.0902	-11.7057	 +3.4742	 -3.4740	 -0.1002
 -2.2500	 +4.5994	 -2.6572	 -2.3986	 +0.8874	 +2.8849
 -9.1807	 -4.7975	 -4.0557	 +2.4865	 +2.7177	 -0.6458
 +0.5901	+14.1791	+20.7276	 +1.7571	 +1.4079	 -1.1625
 +1.2854	 +8.3915	 +1.7456	 -1.0422	 +1.7412	 +2.1936
 -7.0966	 +3.8817	 -9.2070	 -1.5682	 -3.0812	 -2.4880
 +1.0191	 -0.2609	 +0.3277	 -1.4635	 +1.0927	 +2.7708
 +4.2048	-14.9272	+34.8111	 +2.5397	 +0.8515	 +0.8291
 +1.1046	 -4.9154	 +0.3439	 -2.1335	 +0.0524	 +0.7309
-11.6985	 -3.4048	 -7.2932	 -4.0747	 -0.6732	 -0.8758
 -2.9619	 -1.1477	 +7.8664	 -2.3270	 -2.1497	 -1.6385
 +1.4793	-10.3669	 +7.0106	 -2.3285	 -0.9331	 -2.2323
 +9.9500	-24.3947	-11.9303	 -0.5481	 +1.0941	 +0.5468
+27.6821	 -0.0254	-58.2303	 +3.3317	 +0.3227	 -4.9195
 -1.0766	 -0.7418	+17.7622	 -3.0828	 +1.8226	 -0.2143
+11.0710	 -7.5128	 +3.1056	 +0.8476	 +1.4597	 -1.7193
 +4.8313	 -3.6532	 -1.5762	 +0.8557	 -0.9645	 -1.1835
 -1.5450	 -2.4178	 +3.4018	 +0.4644	 -0.4013	 +2.5750
-22.1932	+26.8773	 -3.5983	 +1.7093	 +1.6930	 +0.1128
-68.5211	+38.6244	+34.9432	 +1.1650	 -0.4656	 +0.1608
-14.0505	 -3.4282	 +9.4215	 +0.1564	 +2.4993	 +2.8313
 -4.0771	 -3.8213	 -3.1314	 -3.1815	 +0.6229	 -1.1007
 -0.2324	-10.9425	 +0.4824	 +1.7451	 -1.0833	 -0.9390
 -0.9366	 +3.2052	 -8.7577	 -1.5348	 -1.5893	 +1.0927
+31.1890	 +5.0812	+15.9388	 -1.1317	 +0.8109	 +0.5397
+10.2593	+17.3040	-16.4950	 -0.1539	 -2.0448	 +2.9660
 +1.3326	+13.3550	-20.1607	 -2.2387	 -1.2460	 -2.9038
 +4.7963	 -4.5861	 +6.9397	 -0.0519	 -0.7276	 -0.3812
 -1.2425	 +4.6513	 -2.1539	 +1.1164	 -2.0032	 -5.4930
 -4.7108	 +2.3335	 -2.5261	 +1.9182	 -0.8875	 -2.8820
 +5.6454	 -1.9073	 -3.5924	 +1.9748	 +0.0057	 -1.9949
 +8.9685	-14.4712	-13.1703	 -2.4822	 +0.9962	 -1.1723
 +4.0789	 +2.9667	 -4.4780	 +3.6574	 -2.9598	 +1.2321
 +0.2511	 -9.3291	-14.7579	 +1.5034	 -1.3580	 -1.2344
-24.9107	 +0.8155	-41.2836	 +0.0866	 +1.5310	 -2.6388
-12.8886	+16.4911	 -9.4702	 +0.6933	 +1.3897	 -2.8512
+45.0731	+96.9057	-21.3631	 +1.8276	 +3.9921	 -0.0300
+10.6593	-11.0767	 -7.1369	 +2.4655	 -1.4881	 -0.4980
-15.2060	 +6.0014	 +2.4785	 +3.3431	 -0.8307	 -0.1045
+12.4074	 -2.9868	+17.5025	 +2.0739	 -0.2919	 -0.6316
 -9.0240	-13.9328	 -7.0025	 -1.6127	 +0.2434	 +0.0015
+15.4902	 -2.4122	+14.6426	 -0.0472	 -2.1823	 -1.1099
 +2.0752	 -2.5724	 +1.1257	 +0.8292	 +1.4524	 +3.2241
 +7.7181	 +6.9208	-11.6492	 -0.7584	 +2.9495	 -1.6936
-14.2295	+21.8543	 -1.4277	 +2.4356	 +1.2447	 -1.2552
+28.2743	+13.3726	-17.3578	 +2.7249	 +1.0312	 +2.2719
 +5.7258	 -1.4136	 +6.2569	 +3.5034	 +0.2402	 +2.5998
-17.0427	-29.3822	-18.1084	 +0.3370	 +0.7445	 +1.2652
 -9.4835	 -8.2876	 -2.8191	 -3.2481	 -0.1274	 -4.3886
 +7.3861	-16.4219	 -0.3738	 +2.6128	 +1.7363	 +0.7847
 -7.4945	 -3.6078	 +8.8851	 +1.2233	 +0.8652	 +0.8355
-20.4438	+21.7998	+21.1217	 +1.9300	 -1.3003	 -1.8951
-12.7106	 +9.3900	+19.9907	 +0.1705	 +0.4999	 +2.7155
 +1.9272	 +0.6635	 -3.6692	 +2.6245	 +0.5947	 -0.0911
+10.0770	+10.6786	-24.1096	 -0.1006	 +2.1388	 +0.3552
 -0.4255	-13.0440	 -0.4387	 +1.3587	 -0.7990	 -2.1169
-20.4955	-11.9272	-18.5075	 -2.7649	 -0.1389	 -0.8904
-38.1299	+16.4235	 +9.7951	 -2.0366	 +1.9641	 +0.8146
 -1.8533	 -8.2892	-12.3474	 -1.1493	 -1.7741	 -0.8490
 +5.1405	 +2.9845	 +5.0676	 -3.7764	 +2.4663	 +1.8933
 +7.4824	 +5.7711	 +6.5648	 +3.5534	 -3.2504	 +3.4182
-24.6752	+39.4515	+19.6662	 -1.8890	 +2.1489	 +0.0120
-19.2304	+15.0813	 -8.5272	 -2.4493	 +0.8519	 +0.3204
 +7.3226	 -9.5009	 -1.2008	 -2.2088	 +1.3633	 -2.3341
-60.9055	-25.7475	+48.3402	 +2.0706	 +0.4316	 -1.8164
 -1.3199	+13.2885	-17.6172	 +1.5821	 -1.7413	 -1.2721
-21.2228	+40.8941	+40.7496	 -1.1398	 +2.7803	 -0.6530
-13.6976	 +5.0617	+26.7718	 -0.3359	 -1.5731	 +1.6544
+38.0553	 +7.3214	+34.1486	 +0.2413	 +0.2423	 +0.8532
 +5.5024	 -9.2740	 -6.0246	 -0.7706	 +1.5208	 +0.8956
 +5.4691	 -6.8474	 -1.9577	 -1.6582	 -4.0868	 +2.4966
 +1.3896	 +5.8114	 +3.4320	 -2.5382	 +0.5856	 -2.8662
 -4.8957	+13.5919	 -4.1569	 +0.7968	 +0.1891	 +2.4264
-13.5128	 +2.7049	 +2.4235	 -0.9515	 +3.0752	 +0.0491
-19.7785	+13.1122	+24.9148	 +0.7200	 -1.0967	 +0.0447
 -3.2518	 -2.6333	 +5.8142	 +1.0022	 -0.2936	 +1.9551
 -2.4371	 -0.5043	 -2.0932	 -6.1387	 -0.7525	 +0.5686
 -2.7389	 -0.4854	 -0.5770	 +0.7988	 -6.0344	 +1.5037
-17.4885	+93.0293	-286.7944	 -0.7182	 +3.7040	-11.6922
 +4.5536	 -4.1239	 -1.0820	 +0.3660	 -0.1860	 +3.2026
 +1.6606	 +4.7179	+23.7041	 -0.6719	 -0.5409	 +3.1867
 -8.4170	 -3.1364	 +7.4805	 +4.9910	 -1.0237	 -4.3276
+28.4572	 +7.0692	 -9.5822	 +4.5577	 +0.4330	 -1.1754
 -3.7050	 +7.9874	+11.5162	 +1.4247	 +2.6946	 +0.4473
 -1.1647	 +4.5555	-10.0394	 -0.6428	 +1.4796	 +1.0957
-59.8467	-121.2624	+114.7456	 +0.7761	 +0.2750	 -0.2941
-12.5728	+18.5175	 -5.5983	 -0.8941	 -1.6230	 -0.2254
 -5.9775	+11.8127	 -8.0812	 -1.6408	 -2.5023	 -2.3640
 -2.7293	 +2.0913	 -1.0773	 +2.0694	 -0.1620	 -1.7562
+21.9431	 +7.3557	 -3.1995	 +0.6437	 +3.4459	 +3.2342
-20.7440	 +4.2968	-10.1266	 -0.6776	 -0.0034	 +0.0424
 -0.8773	 -5.9324	-23.7979	 -0.4384	 -1.2906	 -0.9242
+24.8406	+33.2646	+34.1470	 -0.1216	 +2.2791	 -1.5570
 -8.6267	 -0.4665	-14.3734	 +1.2152	 -0.9200	 -3.0293
-14.6320	 -0.3307	 -0.8560	 +1.7596	 +0.6436	 -1.7566
-16.0231	-10.4717	+41.6148	 -0.2275	 +0.5921	 -0.0868
-11.9329	+14.7539	 -7.1797	 -1.4381	 +0.6706	 +3.8376
 +6.9599	 -4.4009	-10.3619	 +4.4609	 +1.7060	 -3.1167
 +7.3754	 +9.8558	 -0.2659	 +1.9606	 -2.2831	 +3.7255
 +8.1468	-11.6309	 -2.8190	 -2.4523	 +0.1008	 +0.5751
-12.4710	+13.8219	 +9.4467	 +1.0487	 +0.1297	 +0.5124
+12.0822	 -6.1084	-18.7153	 +1.0780	 -0.3144	 +0.5239
+21.8105	+23.0398	+19.2049	 +0.1628	 +0.0717	 -0.3390
+10.1307	 -4.1068	-20.0823	 +1.4237	 +1.0988	 -0.0757
+21.9829	 -5.0557	 -8.7762	 -1.4175	 -0.7918	 +1.4324
 -5.9158	-10.1395	-10.0941	 -0.3210	 -3.7975	 +0.9843
 +7.8310	 -4.5060	 -0.4384	 +1.2733	 -2.4613	 +1.7729
+25.0028	-24.5137	+16.3725	 +0.8439	 -1.6385	 +2.7935
 +2.8891	 +6.9795	 +3.7902	 +2.8806	 +0.3882	 -0.7893
 -8.0138	 -5.5185	 +1.5728	 +2.3554	 +2.0860	 +3.9557
 +4.3181	 +6.5810	 +2.3549	 -1.2225	 -1.3656	 +4.4715
 +1.2273	+14.6305	+20.2175	 -0.8637	 +0.4833	 +0.1659
-11.6487	 -3.4131	-36.5976	 +1.2946	 -1.8588	 +3.2048
+12.2802	-16.1558	-13.5793	 +2.5886	 +1.4367	 -1.7412
-59.7912	+48.5991	-39.3610	 -1.5374	 -1.6265	 +0.8801
+69.9955	+49.3321	 +4.1478	 +2.4935	 +2.2897	 -0.0510
-10.2316	 -3.7314	-10.5031	 +0.2011	 -3.8211	 +2.5311
+13.5085	-26.7677	-26.7917	 +1.6671	 -1.3210	 -2.4201
 -1.4887	 +9.0859	+12.8850	 +1.7939	 +2.7257	 +2.1345
-19.5150	 +3.6039	-13.6470	 -1.0895	 -0.7531	 +2.7026
+16.0205	 +1.8891	 +8.7277	 -0.0943	 -0.5994	 -1.5790
 +1.4014	 +3.6304	 -3.4624	 -3.3805	 -0.1846	 +3.7378
 -6.2476	 +5.2267	-14.9082	 -0.0021	 +0.2306	 -0.2552
 +0.8457	+22.7935	 +0.5454	 -0.2500	 +1.5258	 -1.6547
-10.5978	+17.1670	 -5.0319	 +0.7540	 +2.6219	 -1.6251
 +0.2172	+21.2440	-21.0417	 -1.4393	 +0.8358	 +0.0759
 +4.2528	 -3.5628	-10.7338	 +3.1799	 +3.4616	 +2.8666
+14.1244	+30.5877	-11.5693	 +2.2993	 -0.6798	 -1.0166
-15.3091	 +0.4155	 -3.9471	 +2.0997	 -0.5545	 +2.7577
 +0.6477	 +2.3029	 +6.2036	 +0.6769	 +0.1379	 -2.0787
 +2.3471	 +8.4273	 -2.6042	 -3.6772	 +2.6981	 -1.3235
 +8.8988	 +4.9619	 -4.8138	 +1.1706	 -0.8542	 -2.9586
-133.2392	-155.6794	+115.2669	 +0.4748	 +1.0088	 +0.0042
+17.4248	 -5.0006	 -7.3191	 +0.0910	 +1.6102	 -0.9480
 -4.7018	-19.1538	 -4.0137	 +2.5710	 -0.6396	 -5.0783
+10.8525	-11.7803	-18.0962	 +1.0088	 -0.8196	 -0.0858
 +8.0669	+66.8552	-66.5732	 -0.0160	 -0.6836	 +1.0433
 +6.3642	+10.2184	-21.8592	 +0.4253	 -1.4323	 -2.8915
 -0.7367	 +2.0746	-12.0860	 +3.1532	 -1.2271	 +0.9093
-19.0090	-23.0765	+21.2998	 -1.9474	 -0.2265	 +0.7506
+39.2912	 +4.6040	-23.9015	 -0.1897	 -0.9109	 -0.3586
+12.6858	-12.9620	 +2.9323	 -1.9322	 -3.2842	 -0.4434
-10.1788	 -5.9644	 -0.8251	 +1.9608	 -2.9365	 +0.0550
 -2.0476	 -3.3951	+11.5241	 -0.8693	 +0.8887	 -0.0103
 +2.7693	 -0.3343	 +1.5738	 +2.2629	 -0.1425	 -3.9383
 +3.7993	-12.3344	-12.9558	 +1.0475	 -1.1934	 -1.7876
+22.4888	 +9.2143	 +0.3954	 -0.7521	 +0.8998	 +0.3289
+25.5657	-18.9110	+14.9898	 +0.9897	 -0.8268	 +1.7513
+38.5842	-30.2861	-18.7880	 +1.2224	 -0.3811	 -0.6033
-11.0215	-11.8053	+21.6463	 -0.8563	 -1.6776	 +2.3106
 -1.8406	-12.8704	+13.0038	 +2.1790	 +2.2203	 +0.3559
 -9.2337	-35.1788	 +6.2121	 -1.1705	 -1.3696	 -1.6154
 +3.3525	 +0.3442	 -7.2600	 +2.0861	 -1.6206	 -5.1498
-15.6830	+13.2269	+25.0993	 +1.9439	 +0.3423	 -1.1555
 +0.9976	 +2.6936	-12.5744	 -1.3634	 +0.8854	 -1.9987
 +0.5480	 +6.9979	 -3.3133	 +1.4630	 -3.9492	 +2.6524
 -0.5328	 -5.3277	 +6.8259	 +0.0991	 +1.8474	 +0.2474
 -0.8252	 +9.0429	+14.8658	 -1.0450	 +2.9081	 +0.2395
 -8.6873	+18.9582	-19.9425	 -0.0966	 -1.4851	 +0.8208
 -6.2822	+12.5471	 +1.6555	 -3.0354	 -1.4806	 -0.4311
 +2.9678	-11.0087	-13.0789	 +0.6045	 -0.6324	 -2.5701
 -9.5760	 +0.7200	 +2.2489	 -2.3007	 -0.8378	 +4.5448
+21.1089	 -8.4325	 +3.8388	 -0.9953	 +0.5653	 -0.2109
 -5.5400	 +6.1639	 +1.6835	 -4.4913	 +0.6367	 +0.2828
-14.1094	 +0.5604	 -3.3063	 -2.6368	 -4.1593	 +2.0813
 -2.3249	+21.3758	 +2.8901	 -0.1840	 +1.4263	 -0.3422
-41.6814	+49.1219	+74.8815	 -6.0834	 +6.6173	+11.1113
-27.2884	-42.9318	 -9.6696	 -2.9587	 -4.0343	 +0.7060
 -2.1556	 -4.3537	+10.6487	 +2.5029	 +1.0166	 -1.6275
+18.8793	-10.5544	 +4.8883	 -0.5037	 +2.6409	 -1.4666
+18.2347	+13.2065	-32.3245	 -2.4715	 +0.7289	 -0.0030
 -9.6365	 +8.7355	 +2.4714	 +2.8667	 -0.7776	 +1.2450
 -4.5393	 -5.1131	 -8.3455	 +2.2866	 +1.2481	 +2.3985
 -8.0235	 -5.2101	+20.9175	 +0.4525	 +0.7783	 -1.4547
 -8.5524	 -1.5607	 +5.1467	 +2.8715	 -0.0628	 +0.3409
+21.7036	 -0.1590	 -6.2114	 -2.2775	 +0.6381	 -1.2931
 +0.6843	-10.2499	 -7.1334	 -0.7924	 -4.1712	 +0.8360
-17.3293	+13.0155	-11.3411	 +2.5739	 -0.9985	 -0.3459
 -7.2470	 +0.5152	 +0.6692	 +1.8886	 +2.7851	 +2.4825
 -2.9031	 -5.0289	 -4.5218	 +1.4082	 +0.2796	 -2.1868
+12.0856	 +0.8053	-13.0635	 +0.7244	 -1.7333	 -0.4932
+22.6130	+13.5878	 -0.4117	 -0.0375	 -3.8555	 +0.8029
 -7.4227	 -2.9509	 +4.0441	 -0.3165	 +0.8974	 +0.9897
-17.4900	 +0.6182	 +7.8788	 -0.3100	 -0.9513	 -2.1564
+10.4668	+13.0155	 -1.7191	 -2.0380	 +1.2493	 +3.3227
 +3.0161	-15.0334	 -4.2418	 -1.3631	 +0.8855	 +0.1232
+22.3843	+14.2763	 -7.3917	 +0.7376	 -1.4538	 +0.1210
 -6.3721	 +8.1023	-11.7519	 -0.2637	 +0.8997	 -0.0307
+18.7048	 +4.6864	-13.3316	 -0.1240	 -0.0841	 +1.7778
 -3.3619	 -3.0609	-12.3662	 +0.8887	 +4.3492	 -2.1889
+24.4750	+13.0687	-13.8988	 -1.4018	 +1.8444	 +0.3277
-10.9770	 -2.5096	 +7.1283	 +3.0736	 +0.2242	 -3.1370
 -1.9718	 +0.6377	 -9.0130	 -1.4111	 -2.5443	 +0.5176
 -3.4903	 +3.5161	-25.0774	 +1.3530	 +1.7031	 -3.8290
 -3.2274	 -1.8358	 +2.1135	 +4.7658	 +1.7709	 -2.3345
+28.3183	 +8.9621	+55.7121	 +1.8430	 +1.8840	 +3.7899
-10.2460	-20.9586	-21.6763	 -1.0053	 +1.9885	 +0.1230
-10.2011	 +8.5126	-10.1606	 +2.0968	 +0.1530	 -0.6443
 -4.6427	 -1.5880	-11.5306	 +1.4383	 -3.9059	 -1.0956
-11.4713	 +6.8809	 +8.4355	 -2.5374	 -1.4665	 -1.3780
 -9.4304	 -4.7140	 +5.0530	 +0.0718	 +2.0365	 -1.6076
-46.6742	 -6.6473	-16.1316	 +1.9537	 +0.7454	 +0.8880
 -0.4149	 -6.6930	 +0.6455	 +0.8984	 +3.0606	 -1.9593
 +7.5946	 -2.1086	+15.6342	 -0.7235	 +0.0139	 +1.8448
 -8.1319	 +2.5535	 +1.3884	 -1.7923	 +2.4111	 -2.6115
