# Num Particles: 1000
# Num Cores: 16
# Total Energy: -2.173639e+04
# Iterations: 61 of 1000
# Current Time: 2018-05-05 17:11:16.156121
# Elapsed Time: 0:08:25.797004
# Avg. Step Time: 0:00:08.291754
# 
# x	y	z	vx	vy	vz
# 
 +4.3976	 +5.3092	 -0.1234	 +0.2336	 +0.5138	 -0.7063
 +1.5290	 +4.6247	 +1.8022	 -2.9164	 +5.8247	 +1.6458
 -7.9553	 -8.2577	 +2.1254	 +0.6293	 +1.1258	 -3.5253
-32.4357	+17.5070	 +5.6630	 -0.8698	 -1.9732	 +1.0722
 +5.0551	-13.9530	 -1.9660	 +1.2549	 +3.3324	 +0.9530
 +6.2343	 +1.4048	 -1.9065	 -0.6736	 -0.7008	 +5.3770
 +1.3099	-11.8299	 -9.5848	 -3.0697	 +2.6949	 +0.9932
 -8.1768	 -4.3839	 +1.3270	 -3.1845	 -3.7940	 +2.1125
-13.7249	-22.3961	-10.7071	 +2.8101	 +3.1085	 +0.4116
-26.6943	+14.9182	 +3.7515	 -1.4513	 -2.0880	 +0.1145
 -7.3036	+13.0167	+10.6415	 +3.7378	 -0.5476	 -2.3834
 +4.2320	 +3.1599	 -6.1802	 +1.7438	 -1.9953	 +0.3013
-13.3324	 +7.5206	 -9.6874	 -1.7229	 -0.4269	 +1.6060
+15.8917	+16.2013	-30.5664	 -2.1875	 +0.4345	 -0.0577
 -0.3032	 +3.0914	 -2.5321	 -2.9278	 +0.7215	 +1.5005
 +7.3792	 -6.5366	 -8.7606	 -3.7562	 -1.0970	 -0.2024
 -0.3255	-12.6416	 +9.9728	 +2.5915	 +0.7000	 +1.7697
 -9.6079	 +3.3367	-14.9175	 +0.2298	 +0.5012	 +2.9667
 -0.9967	 -2.5991	 -5.7031	 -3.2712	 +4.2835	 -2.4713
+97.1429	-33.2274	+79.4310	 -1.4714	 -0.8064	 +0.1204
 +9.1328	 +9.5664	 -0.5506	 +0.5916	 +1.0491	 +2.5882
 -0.4525	 -9.2147	 +6.0665	 +0.0228	 +1.5835	 +1.7823
 -7.9803	 -0.1775	 +6.5200	 -1.5050	 -2.7310	 +0.8635
 -7.9530	 +2.8278	 +9.2059	 +0.6965	 +1.1235	 -1.5636
 -1.2904	 -0.4523	 -1.4437	 -4.1897	 -3.9004	 +2.0608
-44.2744	+31.5575	 -7.0073	 -1.2586	 +1.7345	 -1.2399
 -2.7465	-10.1237	 -4.5872	 +0.6197	 +1.9297	 +1.7055
-16.6939	 +2.4350	 -0.3838	 -2.6061	 +2.7255	 -2.8070
+13.7317	 -6.0473	 -7.2146	 -1.8159	 -3.4985	 -2.2388
 +7.6919	 +3.7882	 -0.5404	 +3.7415	 +4.6064	 +0.9858
+19.0311	 -6.6045	-13.1681	 +2.7797	 +0.7591	 -0.0009
-59.0332	+19.0978	 +9.7663	 -0.1385	 +1.8409	 +1.7575
-12.8721	 +0.9139	+11.3185	 +0.4867	 +1.8778	 +3.6645
 -4.9992	 +9.9743	 -6.6183	 +0.1331	 +4.1367	 -1.5438
 -5.7173	 -5.4355	+19.5311	 +1.1780	 -0.0520	 -1.9740
 -8.5009	 -3.6722	 -2.9114	 -0.3594	 -0.6253	 -0.6592
 -6.4746	 -6.4350	 +3.4591	 -1.2584	 +2.9615	 -0.5604
+10.5746	 -9.1958	 -7.6163	 -0.8544	 +0.0527	 -2.9414
 -5.9943	+15.0422	 -6.0039	 -0.1793	 -4.5947	 +1.4116
 -2.9059	+11.0896	 +0.4178	 -1.0452	 -0.9709	 -2.2691
+20.7155	-27.1114	 +9.5255	 +0.7209	 -2.0231	 -0.4706
 +3.1220	 -1.3369	 +1.1366	 +4.1878	 +4.4220	 -1.7983
 -2.4982	+10.3493	 +1.6154	 +2.2217	 -1.1056	 +2.3886
 +3.5553	 -7.7377	 -3.8398	 +3.2533	 +0.7574	 +0.8739
 +7.4201	+16.1815	-11.9145	 +1.9584	 -2.4211	 +2.5169
-10.7102	 -1.5648	 +2.9625	 -0.2358	 +0.5987	 -2.3380
 +7.5158	+14.4963	 -1.5454	 +0.7630	 -0.4809	 +2.7051
+30.1899	-11.5596	 -7.1776	 -1.7048	 -0.7817	 -1.4829
 -1.7174	 -3.3516	 -5.0882	 -1.7322	 -0.5257	 +1.8902
 +9.4968	 +7.6500	 +4.0204	 +0.6783	 -1.3445	 +0.8182
-26.9069	-54.4863	-28.2986	 +1.3219	 +0.6487	 +1.8093
 -4.3813	 -0.3113	 -9.7154	 +1.3311	 +2.7705	 +1.7970
 +7.9825	 +7.6912	+22.9143	 -2.3074	 +2.9090	 +1.4438
 +5.1944	-14.7468	 +2.6605	 -1.5132	 -3.3088	 -2.3751
 +7.7195	 +8.5095	+62.0466	 +0.3918	 +2.1882	 +1.1997
-30.8457	 -2.8163	 -4.4847	 +0.6914	 +0.9072	 +0.1317
+16.6923	 +0.7314	 -2.6303	 -4.4943	 +0.6292	 -1.3511
 +5.3575	 -6.4990	 -9.3954	 +2.0762	 -1.0356	 +0.7179
 +3.2894	+14.1095	 +5.5636	 -0.9213	 +2.0397	 -1.4347
-17.6937	 -4.7530	 +4.1225	 -1.9816	 +4.3942	 -1.7903
-28.5321	 +5.3158	 -4.4558	 -0.6309	 +0.4267	 -2.4668
 -7.2499	+23.1959	-22.2327	 +0.5853	 +2.5276	 +0.7045
 -1.6591	+12.0349	 -1.9542	 -1.5600	 +0.7639	 +0.6193
 +1.7969	 -0.8980	+11.1503	 +0.8222	 +3.2365	 +0.5404
 -0.6395	 +4.1413	 +7.6179	 +0.8552	 +1.3465	 -1.5766
-11.4541	-10.4467	 -8.3486	 +0.9705	 +0.6235	 +2.0260
 +4.7287	 +3.8377	+10.7079	 -0.9625	 +0.6202	 -4.1355
-26.4415	-22.3058	+26.2841	 -1.6667	 -1.3228	 -0.7196
 +1.3054	 -2.3194	 -1.3997	 +1.2893	 +4.2496	 +4.5434
 +6.7752	 -3.0453	 +5.0847	 +1.2266	 -2.5875	 -1.7661
 +0.4109	 +4.8840	 +0.7464	 +2.4493	 +1.6639	 +1.7337
 +7.1065	 +6.2092	 +3.1598	 +2.8133	 +4.1698	 +0.1995
 +7.8666	 -3.1826	 -2.7939	 +2.3620	 -1.7601	 +2.1237
 -4.3663	+15.2140	-101.7094	 +1.9402	 -0.0293	 -1.1821
+22.1228	-15.5786	 -9.2146	 -1.5157	 +2.7488	 +1.1170
-11.2641	-14.3895	 +1.9726	 +2.4434	 -3.0551	 +2.6349
 +1.5277	 -3.3626	 -5.2387	 +1.0589	 -1.1581	 +4.3626
-12.7872	-11.0975	 -4.4252	 -0.1247	 +1.8299	 -3.6879
 +7.4537	 -5.3618	+10.1932	 +0.0498	 -3.2121	 -0.3265
+29.7636	 -2.8253	 -4.9699	 +0.3330	 +2.3414	 +0.2702
 +0.2691	 -4.3850	 -4.4103	 +2.1806	 -1.0637	 -3.6504
 +2.7176	+14.0848	 -8.7044	 -2.2928	 -1.2608	 +1.0699
 +1.8473	 +0.7672	 +9.7840	 -0.5415	 +0.3975	 -1.2405
-15.2782	+20.2542	+32.7578	 -0.4886	 -1.1865	 +2.4378
+21.2491	+15.3465	+15.3159	 +0.2913	 +1.1206	 +1.7886
-10.7440	 -7.1331	 -3.0972	 -0.5726	 -3.5025	 -4.0629
 -7.8915	 +2.1190	-11.6340	 +4.1186	 +1.2391	 -0.3773
 -4.9690	+24.9510	 +9.0319	 -0.5578	 +0.1031	 -0.8072
 +6.6265	-27.7690	 -0.5104	 +1.7710	 +1.2102	 -1.8915
 -6.9221	 +6.6639	 -5.6124	 -0.7187	 +3.9844	 -1.0869
 -0.8595	 +8.2718	 +9.0879	 +3.2129	 -0.2763	 -0.4229
 -0.1528	 -2.9529	 -7.2766	 -1.2186	 -2.3823	 -1.3614
-17.6559	-30.3687	-49.0017	 -0.5634	 -0.5147	 +0.1316
-17.3117	 -4.8108	+13.2400	 -2.0789	 -1.0198	 +1.4244
 -5.2042	 -8.1649	 -2.0523	 -2.6418	 -3.1594	 +0.8255
 +2.6818	 +5.5346	-15.0572	 -2.8406	 +2.1910	 -0.8097
 -9.3438	+27.9758	 -4.4185	 -0.0154	 -1.8395	 +2.7816
 -8.9428	 -3.6226	+14.4702	 -1.2391	 +0.1971	 -2.6598
 -1.0344	 -6.2402	 -4.8297	 +4.3882	 -3.5766	 +0.0942
 +6.9597	 +1.5205	-16.4106	 +3.1070	 +2.5740	 +3.2487
-14.3402	-15.0476	 -0.2930	 -2.5897	 +0.7420	 +0.8796
 +4.5290	 +0.2626	 -0.0223	 +3.8214	 +0.3421	 +3.0947
 +2.0839	 +1.9941	 -7.5379	 +1.7118	 +0.5750	 +1.4626
 +3.0839	+12.3468	 -2.9623	 +0.5808	 +1.1222	 +3.7951
+33.2703	 +6.8897	-22.1995	 +7.2646	 +1.8334	 -3.6550
+12.2034	 +9.5142	 -0.1451	 +1.1093	 +0.0354	 -2.9209
 +3.4332	-15.1930	+11.5949	 +3.3476	 +1.5858	 -2.9199
 +2.8592	 +8.2419	 -2.6403	 +3.5750	 +2.9316	 -0.2481
+28.9947	+19.4408	+13.9866	 -0.1021	 +1.2005	 -1.0732
 +5.2251	 -1.0246	-11.6622	 -1.6206	 -0.6415	 +2.5320
 +9.9427	+10.4918	 -4.8592	 +0.9432	 -1.4250	 +0.6938
+473.0774	+391.6456	-225.5921	 -0.2824	 +0.6707	 +0.3165
-139.5143	+105.5751	+202.3464	 -0.0933	 +1.1238	 +0.4155
+25.9520	 -8.5226	 +7.2498	 +1.6558	 -0.6135	 -1.1846
 -5.4280	 -5.2798	+12.9951	 -2.0049	 -0.7314	 -3.5143
 -2.9770	 +7.3136	 -9.8575	 -0.7733	 -3.6438	 -2.1976
 +3.2464	-10.8500	 -8.9028	 -2.5846	 -0.9548	 +0.0081
-64.7147	-14.6387	-14.4322	 +1.8038	 +0.2904	 -0.6787
 +3.6531	 -0.0952	 -4.4114	 +3.0797	 -2.3270	 +1.3550
+47.7513	-25.7381	-41.6925	 +0.1849	 -0.5354	 +0.5456
 -1.8376	 -3.1382	-10.1708	 +3.9941	 -2.2520	 +2.6831
 +1.8839	 -1.9868	 -4.1487	 +1.4851	 -1.7093	 -1.3491
 +2.5705	 +6.4653	 -7.0662	 -3.2033	 -1.1309	 +0.5629
-14.8011	 +3.6518	 -0.6942	 +0.7790	 +2.9941	 -0.2987
 +1.8147	 +1.3381	 -2.2626	 -1.4778	 +2.5780	 -0.5825
 -5.4023	 +7.2255	 -9.3978	 +0.7264	 -1.1438	 -1.9075
 +3.5728	 +0.1692	 -9.4799	 +4.5712	 -0.4244	 +2.6670
 +2.4231	 +1.7385	 -4.4273	 +4.2286	 +1.1280	 -1.8025
 -3.7042	 +3.5270	 +4.8140	 +3.3605	 -1.7188	 +1.2500
 -6.2453	 -0.8056	 -7.9697	 -3.3261	 +4.3968	 +1.3797
+14.2991	+25.7176	-170.0882	 +0.0615	 -1.1734	 -1.2289
 +6.4618	 +8.2081	 -5.3959	 -3.0738	 +0.4851	 -2.4721
 -9.4165	 +7.4543	 +1.1840	 -1.7711	 -1.2164	 +2.7085
-10.3843	 +2.6906	 -3.1753	 +2.7348	 +1.8668	 -1.1025
 +0.9346	 -0.1064	 -0.7491	 +0.4231	 +3.3149	 +0.1217
-19.1280	+16.5637	-29.1540	 +0.0541	 -1.7831	 +1.6601
+14.9085	 +6.4678	 -4.2282	 +0.5813	 +3.3047	 +1.9232
+11.2436	-27.7678	+19.2929	 -1.8641	 -1.5327	 +0.1572
 +3.0695	 -6.2407	 -7.6959	 -1.3809	 +2.6609	 -1.7570
 -7.9991	 +1.5529	 +4.0713	 -5.4967	 +4.3382	 +3.4355
 +2.1142	 +3.4221	 +0.8138	 -2.1915	 +1.1416	 -4.5760
-12.6520	 -5.1878	 +8.7874	 -3.4272	 +2.1254	 -1.7531
 -3.0425	 +0.6073	 -3.6324	 -0.5780	 -1.7020	 -2.0649
-18.8005	+16.8556	-35.3184	 +2.6283	 +1.9331	 +0.8353
+59.9593	 -5.1203	+19.1467	 +0.0592	 -1.9136	 -0.3841
 -3.6302	 -2.8600	 -5.5858	 +0.3955	 -1.6431	 +3.8030
-35.4316	-64.8561	+50.9380	 -1.1861	 +1.1932	 +0.8163
 -4.8654	 +7.8064	 +0.8442	 -1.4220	 -3.6215	 +1.7031
+13.4506	 -0.6268	-18.7305	 -2.5786	 -1.4800	 -1.6088
 +8.8853	 +8.2743	 -3.9229	 -1.0017	 +0.0966	 +0.7150
 -0.0955	 +6.0619	-11.9888	 -1.2676	 -1.0482	 -3.8323
+11.2930	 +8.6387	 -8.0715	 -1.2934	 +1.6912	 -0.5975
-19.3342	 +7.1711	 +1.4561	 -1.1965	 +0.5347	 +0.5632
 +4.1157	 -5.4485	 -0.4174	 +1.9255	 -2.6608	 +3.2181
 +0.2291	-11.2880	 -4.7777	 -2.5073	 +1.3198	 +2.2851
 -4.8707	 +3.0833	 +2.2227	 +3.4797	 -0.9739	 +4.4332
+14.6236	 +1.2450	-18.6502	 +1.1194	 -1.5810	 +0.9194
 -8.4677	 +8.4069	+27.9842	 -2.8236	 +0.7232	 -1.1642
 +7.7595	 -5.5794	 +8.8330	 +1.1879	 -0.0865	 +0.1575
 +2.1102	 -1.5046	 -1.8499	 -2.0593	 +0.7904	 -0.3482
-10.1190	 -0.4118	 +6.3057	 +0.0269	 -2.1833	 -0.2291
+12.0040	 -4.0820	 -8.5965	 +4.5905	 +0.9172	 -3.4533
-14.4844	 -3.2690	 +0.7508	 -0.3302	 -1.6284	 +0.1061
 -1.8222	 +7.2565	 +0.1637	 -4.2541	 -2.8778	 -1.2070
 +9.2631	 +4.0100	 +8.6634	 +1.2717	 +2.3302	 -0.3825
-16.4569	 -0.2798	 +1.7201	 -0.2289	 +1.0751	 -2.2566
 +3.3375	 +4.9822	 -6.8462	 -0.5165	 -0.6394	 +1.5816
 -4.6848	-11.2399	 +5.1910	 +3.8670	 +0.7963	 +3.8349
 -1.0523	 -1.4172	 +2.4515	 +3.4348	 -0.7191	 -1.1060
 +7.0190	 -5.4061	 -0.3774	 -2.1610	 +1.3266	 +3.6331
 -8.2264	 -4.0079	-18.4767	 +2.3770	 -0.7846	 +1.3927
 -4.1680	 -0.1790	 -2.8760	 +0.9716	 +0.1467	 -1.1591
 -3.3105	 -0.4679	-21.6630	 +0.5854	 -0.2873	 +0.2883
+23.5732	-14.5419	+20.2249	 -1.5597	 +0.0607	 -1.3348
 -1.6389	 -8.2463	 +4.1611	 +0.5470	 -2.8014	 +1.6579
+41.8210	+31.3579	-26.4874	 -2.3909	 +0.6962	 +0.0727
-20.8174	 +1.4692	-10.6625	 +0.9908	 +2.9972	 -1.6968
 +3.0354	 -5.2693	 +0.8602	 +1.4333	 +6.3630	 +1.8929
 -2.8750	 +4.4653	 +0.0516	 -1.0716	 +2.8305	 -2.4569
 -3.5021	 -9.3825	 -5.6665	 +0.4084	 +2.8804	 -1.2901
-13.1328	 -1.2744	 -2.3373	 +1.4418	 -1.8740	 +1.3384
 -7.2028	 +1.7897	 +3.4857	 -0.3736	 -3.7938	 +1.4069
 -6.3009	 -0.9184	 -7.9604	 -2.4711	 -1.2278	 -1.5123
 +9.0126	+23.1866	-26.6416	 -1.3685	 +0.0874	 -0.2533
 +5.0426	+11.2860	-18.4705	 -2.2088	 +0.7486	 -2.2673
 -5.8835	 +1.5926	 -6.0986	 -0.7049	 +1.8837	 +2.1619
 -3.7100	 -5.3065	 +5.0474	 -0.8033	 -3.0645	 -0.0991
 -2.5646	 +0.0800	 +1.5392	 -0.2535	 -2.5959	 +0.4710
-18.0329	 -5.8710	-10.1629	 +0.5094	 +1.5895	 -0.7642
 +1.8532	 -1.6206	 +2.5072	 -0.9017	 -3.0328	 +4.0266
 -9.1799	-25.2708	+11.0738	 -0.3793	 -1.0660	 +0.2606
 -4.1954	 +3.1731	 +4.6662	 -2.3703	 +0.1512	 +0.8211
 -9.1525	+19.1507	-38.8674	 -1.4175	 -1.4203	 -0.8819
 -2.2172	 +8.9569	 +6.1030	 -1.0385	 +0.9095	 -2.7812
 -3.4673	-11.4859	 -3.9435	 -2.0705	 -2.6590	 -2.5521
 -7.3270	 -3.9491	 -4.8840	 -0.4980	 -2.3186	 -0.1596
-11.1752	+10.3457	 -0.9423	 -2.5678	 -1.5249	 -2.1261
+23.9185	-99.6413	-30.7863	 -1.3815	 +0.3776	 +1.0252
 -0.2637	 +9.8527	 +8.2279	 +1.8631	 -2.4545	 +0.4873
 +9.8919	 +9.2691	 +4.5724	 +1.8218	 +0.0648	 +3.5552
-14.9103	-22.2991	 -2.9744	 -0.5791	 +1.2527	 +3.5706
+11.7768	 +9.8171	 -4.0609	 -4.4617	 +0.1632	 -1.6840
 -0.0686	-11.0188	 +0.0099	 +4.1716	 -2.5957	 -4.8874
-15.4052	 +2.5441	 -2.3263	 +0.9736	 -1.6925	 -0.1202
 +2.4389	 -3.3766	 +2.7168	 +5.0879	 +2.1643	 -2.4804
 +1.8437	 -2.8335	 -4.0292	 -2.1683	 +3.2964	 +0.4900
 +6.1404	 +1.5522	 -7.6210	 +1.6149	 -0.2560	 -0.5606
-24.9524	+10.2599	+10.3454	 -0.7203	 -2.5591	 +2.7894
 -6.3930	+52.9877	-28.6758	 -2.0466	 +0.3349	 +1.4354
 +4.9366	 -0.9903	 +6.2051	 -2.3518	 -1.1351	 -0.5588
 +3.4202	 -7.7068	 -3.2975	 -4.4831	 -1.3348	 +1.2720
 -6.0802	 +6.1548	 -6.8018	 +1.9460	 +4.3907	 -0.0997
 -9.3815	 +3.7050	 -3.3968	 -0.1317	 -2.7787	 +2.3954
-22.1155	 -0.8145	 -4.5657	 -2.4643	 -0.3682	 +1.1668
+14.0165	-10.1651	-21.9084	 -1.8065	 +0.6862	 +0.3119
+120.8948	 +5.8648	-39.5979	 +0.1807	 +0.1437	 +0.7315
+14.6572	 +2.0948	-24.7892	 -1.6213	 -2.4365	 -2.2377
 -4.8616	 +6.7287	 -4.6525	 -3.8097	 +2.7330	 -0.3406
-16.7470	 -3.2542	 -5.2579	 -1.6792	 +0.7641	 -2.1401
 -6.8352	 +9.8268	 -5.1045	 +0.0465	 +1.6271	 -0.0877
+26.6193	-30.2941	 -8.9849	 -1.5785	 +0.8669	 -0.4215
 +4.0560	 +8.4843	 +1.3632	 -1.3607	 -2.1253	 -0.7891
 -8.0751	 +0.8583	 -9.8716	 +3.5669	 +2.4742	 +0.5511
 -6.8497	 +3.2580	 -6.8232	 -2.1800	 -1.2303	 +2.6671
 +1.6246	 +0.0741	 -7.1299	 -1.2770	 +1.7121	 +4.7176
 -1.3911	 +1.9280	 -6.6034	 -1.2329	 -0.2791	 +0.8769
 +3.3358	 +1.3636	 +6.3803	 -1.8099	 -1.3062	 -0.1276
 -8.5414	-22.3832	 -0.8864	 -1.3295	 -4.8665	 +3.2528
-10.2691	 -2.2517	 -4.1187	 -2.5494	 +0.7361	 +0.8663
 +4.6041	 -4.4956	 -5.1026	 +4.3161	 -0.3887	 -0.0364
 +6.2313	 -7.9177	 +3.2960	 +0.5694	 -0.0702	 +1.1910
 +0.2047	 -5.2161	 -2.9387	 -0.1106	 -3.4838	 +0.8506
 +0.4385	 +1.8511	 +4.5347	 -4.4178	 -2.4285	 +0.9744
 +5.4039	+15.7454	 +3.5405	 +1.3252	 +1.3046	 +0.1143
 -2.0182	 +2.8682	+11.3240	 +1.5387	 +3.3849	 +0.4693
 +7.5490	 +3.8398	-12.8147	 +2.0838	 -1.4175	 -1.5265
 +0.4198	-12.2774	 -9.0895	 -0.8774	 +2.5689	 -0.6526
 +8.5736	-21.4102	+14.9019	 +1.3408	 -1.4197	 -1.4962
 -3.6396	 +2.4694	 +3.8142	 -2.4334	 -3.1599	 -0.5406
 -1.1844	 +5.2294	 -6.9559	 -1.0830	 -0.4791	 +0.6928
-57.7643	 -0.6485	 +2.1150	 -1.2372	 -1.5400	 +0.4150
 -0.0512	 -5.9586	-10.8598	 -0.9184	 +0.8068	 -3.1878
 +1.2175	+19.0075	 -9.5951	 -0.7621	 +0.5370	 -1.8131
+15.6146	-12.4869	 -0.8649	 -1.1287	 +0.3040	 +0.4404
 +1.0763	 +0.3424	 +1.9042	 +1.7046	 +3.6943	 -2.0452
 -4.0742	 +6.1694	 +2.1220	 +3.8753	 -2.4981	 -1.2145
-29.3765	 -2.9929	+37.5206	 +0.7207	 +1.2026	 -1.1675
-17.8736	 -0.2820	 +6.7428	 -0.7175	 -0.2957	 -0.9540
 -2.9066	 +9.7485	-10.0371	 +1.9165	 +2.7470	 -1.2356
-29.2881	-28.1277	-14.8550	 +2.1940	 +0.9598	 +1.8511
 -6.7170	+27.6123	 +7.1336	 +2.8009	 +0.1588	 +0.1396
 +5.3856	-12.4904	 +5.8692	 +3.7235	 +0.3127	 +3.1006
 -0.3321	 -4.0638	 -4.3018	 -4.1559	 +3.5843	 -0.4175
+11.0503	 -7.9910	 +6.5005	 +0.1366	 +1.0812	 +1.1102
+1872.2739	-31.8851	+790.5702	 +0.2207	 -0.2337	 +0.0660
 +5.8367	 -3.4728	-10.5572	 +1.2861	 -1.1129	 +0.3580
+10.1662	+11.0212	 +0.2350	 -1.0814	 +2.2466	 +0.9866
 -7.3699	 -0.1569	+11.3039	 -0.4285	 -0.8099	 -1.6724
+15.1219	-13.0751	 -4.3267	 -3.1465	 +1.4747	 +2.1791
 +7.8705	+13.0485	 -4.4573	 +1.3841	 +0.6834	 -2.0117
-59.6675	-54.3676	-70.4257	 -0.7871	 -1.2274	 -0.1602
 +0.8243	 +9.2718	 -5.9162	 -1.3814	 +2.6146	 +5.9149
 +4.7045	+13.6614	 +9.0947	 -3.7335	 +0.7733	 -3.6455
+23.0050	-21.7655	+10.7731	 +0.0108	 +1.6210	 -0.1204
 +8.0053	 +2.6891	 +3.9307	 +1.7320	 +0.6090	 +0.8117
+17.3214	 +8.3225	 -5.6704	 -0.5260	 -4.2880	 +1.1602
 -7.4795	+12.9741	 +0.1020	 +0.8586	 -3.5804	 -1.1533
 -1.9620	 +1.1740	 -2.2017	 -1.9696	 +4.2744	 +0.5339
 +2.1082	 -0.6661	 -3.0032	 -0.7135	 -4.8666	 -3.8271
 +0.6141	-15.1105	-12.7982	 -0.0293	 -1.2399	 +1.3421
 -2.0558	 -9.8785	 +0.9010	 -2.1823	 -6.1103	 -1.7278
 -5.0803	 +4.2278	 +2.6484	 -3.1884	 -1.5686	 +1.9074
 -2.2333	 +6.2326	 +8.0681	 -2.7497	 +0.0446	 +0.0531
+10.0515	 -7.8996	 -6.8163	 -1.0415	 +1.7131	 -3.1978
 +4.9731	 +4.5248	 +0.9103	 -2.4278	 -0.9177	 +0.0442
 +3.1068	+12.4678	-15.2151	 -3.9122	 -1.3726	 +2.8080
 +4.7003	 -1.6407	 +4.8601	 -0.4674	 -2.5901	 -1.7154
 -3.0645	 -2.8202	 +0.5298	 +2.4988	 +1.0044	 -1.9554
 +0.7751	+15.8795	-12.5041	 +0.3956	 -1.9216	 -4.2747
 -9.5701	 +7.4778	 +8.5784	 -0.7697	 -0.2025	 +1.2973
 +9.3495	 +2.2234	 -4.8497	 +0.6744	 +0.6500	 -2.2193
 +6.8956	 -9.5683	 -2.0560	 +0.6403	 -1.7103	 -1.6549
 -5.8977	 -9.6272	 +0.6374	 +3.7622	 +0.0851	 +0.2487
 +0.5285	 -1.8018	 -3.8714	 -4.5075	 +4.2612	 -0.4680
 -1.8571	 -8.9797	-11.1618	 +0.1735	 -1.6425	 -0.5684
 +6.0451	 +4.7234	 -7.4661	 -1.1024	 -1.7548	 -1.2526
-23.0647	 +7.9613	 -2.5014	 +0.0981	 -0.9684	 +3.1165
-28.2164	 -8.2462	 -8.8091	 +0.3622	 -0.2840	 -2.7227
 +0.0160	 +0.2899	 -5.3076	 +3.0226	 -3.5452	 -4.6226
-130.9321	-46.8235	+74.9938	 +0.7262	 -0.9302	 +0.6599
 +2.5198	 +1.8096	 -6.0905	 -0.7869	 -0.3233	 +1.6439
-14.3972	 +7.0890	 -7.0659	 +0.0475	 +2.9037	 -0.1078
+12.8701	 -5.8453	 -4.0503	 +1.6470	 +1.4161	 -3.1622
+10.3129	 +1.1098	-16.6526	 +2.1824	 -1.8099	 -0.1465
-16.6877	+10.6653	 -8.5285	 +0.4563	 -0.9704	 +2.0658
-10.0305	+12.8442	 -0.5832	 -2.9204	 -0.7159	 -1.8112
 +0.2576	 -8.3324	 -5.5680	 +1.6164	 +1.5015	 +3.7654
-111.8145	-105.5607	+100.9990	 +0.4156	 -0.2400	 -0.1366
 -7.9429	+37.5325	+16.7058	 +2.2713	 +0.6416	 -1.9211
-25.6029	-22.5451	+17.5914	 -0.6914	 +1.3743	 +1.8385
-19.4711	 +7.3832	-34.1745	 +2.3862	 -0.6010	 -1.6387
-20.4522	-18.7571	 -9.2370	 -0.8195	 +1.8980	 -0.0829
 -1.9614	 +4.0452	 -1.3157	 -1.2230	 +1.3194	 +3.8826
 +0.4218	 -1.1518	 -5.1392	 -0.7601	 -0.7264	 -2.6952
+15.6599	 -0.5400	 -4.3173	 +1.9467	 -1.7130	 +0.7952
 -6.7808	 +6.6886	-11.7888	 -1.5329	 +2.6389	 -1.7074
-14.8934	 -0.6661	 -4.6719	 +3.9525	 +1.2748	 -1.1373
 -4.6851	-18.7797	 +1.1872	 +3.0948	 -0.0778	 -2.1635
+17.1230	-90.7258	+14.9071	 -1.0067	 +1.4249	 -1.2194
-10.6783	 +5.1064	+13.3058	 +1.3737	 -0.6351	 +0.9159
 +1.6363	 +2.7568	 +1.8975	 -0.5900	 -0.5912	 -0.8704
 -0.9226	 +0.6592	 -1.3273	 -1.4842	 -1.8277	 +0.2055
 -0.5797	 -1.5837	+12.1488	 -0.6723	 +0.9086	 +3.3153
 -7.2625	 +6.9023	 -1.2121	 +1.8941	 -2.0719	 +1.9221
 -5.2463	 -4.4328	+10.2514	 +1.5831	 -3.0936	 -3.6930
 -0.3370	 -3.2564	 +3.8307	 -2.4518	 +0.5998	 -5.7505
 +8.6268	 -0.8431	-20.2048	 +1.0492	 -3.2023	 -3.4432
 +1.3386	 -4.2366	 +1.6679	 +1.6229	 +2.2965	 -0.6504
 +9.1774	-11.9189	 +6.9510	 -1.8364	 +0.0891	 -0.1951
 +1.9988	 -4.5714	-14.9533	 +1.0853	 +1.9729	 -0.4770
 -8.2789	 -1.6632	 +2.0739	 +0.1869	 -1.3340	 -0.6819
 -6.9812	 +8.9844	 +3.3336	 +3.7094	 +5.1836	 +1.1708
 +0.3557	 +8.7325	-20.0508	 +0.8305	 +1.9725	 -0.6163
 +0.9501	 -1.6514	 +7.6210	 +0.9620	 -0.2486	 +2.7126
 -3.4100	 +4.7045	 -0.8560	 -1.4428	 -2.2773	 +1.4874
 +4.0750	 -1.6751	 -1.5658	 -0.7274	 -4.6007	 -2.3235
-153.4252	-56.2290	+203.4523	 +0.5417	 -0.6753	 +0.2089
 -5.2960	 +4.1464	 -6.1317	 +0.4110	 -0.2828	 -1.3979
 +3.2182	 -3.4184	 +2.5564	 -3.5322	 +2.5994	 +0.9149
-10.5160	 -1.1156	 +2.4747	 -4.4183	 -1.8688	 -1.4250
 -0.0095	+14.6022	 -0.4192	 -0.9697	 -1.0001	 +2.5350
 +0.6444	 -2.4704	-11.9004	 +0.2277	 -0.0169	 +0.3794
+26.3263	+46.9330	-11.7206	 -1.2613	 +1.1573	 -1.8726
 +5.4979	 -4.8605	-14.2237	 +0.4465	 -2.0696	 -1.1982
 +6.7863	 +5.3817	 -9.5397	 -2.8187	 +2.0978	 -2.7184
 +7.1110	 +2.7547	 -4.5622	 +2.4309	 -1.3431	 +5.7845
 -0.7720	 -5.0615	 +2.6277	 -0.5642	 -1.0627	 +4.1435
 +5.3469	 -1.3147	 -8.8808	 +2.7542	 +1.2611	 -0.3536
 -4.8678	 -9.1278	 -6.3989	 +1.7717	 -2.8821	 -1.1667
 -2.4361	 -2.7215	 +2.1059	 -0.3065	 +0.1470	 +0.7577
 +4.1425	 +2.6968	 +1.4235	 +0.5670	 +2.4974	 +1.8572
 -0.4595	 +4.5202	 -8.0618	 +0.3793	 +2.5131	 -3.8567
 -9.4522	 +0.2340	 +1.2324	 -2.2090	 +0.0567	 -3.6781
 +3.7049	 -3.9327	 -2.2190	 +1.9901	 -2.1918	 -1.3820
 +1.4789	 +3.4986	 +1.6887	 -0.7373	 +1.3281	 -3.0869
 -6.0776	 -0.6649	 +4.1815	 -0.7337	 -2.6746	 +2.1323
 -1.9898	 -1.1875	 +4.2968	 +0.4823	 +0.7998	 +0.2591
 -5.1567	 -3.9038	+31.0441	 +2.2357	 +2.2404	 +1.7321
 -0.3062	 -3.4747	-14.2178	 -0.2176	 -0.4414	 +0.5641
 -3.3220	 -6.0136	 +2.2521	 -3.9164	 +3.3553	 +0.1000
 -0.1532	 +4.8699	 +3.3890	 +3.5597	 +2.3505	 -1.2097
 +9.8526	 -0.7633	-10.7817	 +3.1383	 -1.7470	 -2.9635
 +2.4189	 +4.7840	 +0.4680	 -3.1351	 +2.0268	 -1.9550
+11.6033	-12.8854	 +7.4575	 -1.2471	 +0.1842	 +2.2484
 +4.2816	 -5.1543	 -5.4866	 -0.0367	 -4.1315	 +1.2734
-11.0732	+28.1701	-48.2570	 +0.7457	 -0.1017	 -0.5548
 +7.6059	 -5.9194	-46.0551	 -0.2653	 +1.1783	 +1.3429
 -3.9931	 +4.1082	 +2.1436	 -3.2436	 -0.5895	 -0.5845
-16.5276	-11.9492	-13.0619	 +1.5283	 -1.5565	 +0.2639
 -3.7277	 +0.4457	 -6.3870	 +2.3487	 -2.8578	 -0.3566
 +6.0939	+11.2398	 +1.5244	 +4.0932	 +2.7022	 +1.7572
-11.7816	-66.0079	 -6.9801	 +1.3502	 +1.2311	 -0.6665
 -6.1732	 -8.7070	 -4.0081	 +0.5918	 +1.2002	 -3.6479
 -0.4896	-13.1174	 +6.0178	 -2.4717	 -1.0277	 +0.2273
 +1.2348	 +3.6354	-21.2277	 -4.1516	 +1.8105	 -1.1124
 +7.8111	 -6.6668	+10.8363	 +0.3202	 -3.8388	 +2.7795
 +3.3249	 -2.3617	 +0.3508	 -0.6315	 -0.3228	 +5.7873
 +8.3236	 +2.2694	 +1.5087	 +1.4362	 -1.2478	 +3.3065
 -8.9997	+12.7731	 -0.3991	 +2.1925	 +0.3059	 +0.1310
 +4.5531	+11.2747	 +5.2205	 -1.0695	 -0.8568	 +0.6490
 -3.2032	 -4.4920	 +4.2538	 +3.0750	 -0.0098	 -1.3461
 -7.9398	-14.7434	 +2.3122	 +0.7160	 +3.3386	 +2.9956
 +2.4529	 -0.8195	 -4.9810	 -3.6541	 -1.9651	 -0.9394
 -4.2723	 -9.5057	 -7.5242	 -2.1125	 -3.3128	 -2.4873
-55.2275	 +2.5751	-16.0021	 +0.9400	 +1.2745	 -0.9046
 +2.6755	 -1.4589	 -5.2155	 -3.0531	 -0.5106	 -0.8964
 +2.6385	 +3.5346	 +0.4843	 -2.3459	 -2.4035	 +2.6969
 -6.6852	+11.1135	 -0.2605	 -3.1145	 +0.6423	 +0.2294
 -2.5264	 -2.2274	 +2.2419	 -2.3335	 +2.9355	 +1.4147
+12.1617	 +8.9666	-15.9193	 +1.7164	 +2.0223	 +1.7163
 +1.5189	 +3.6228	 -1.1906	 -1.4598	 +2.4103	 +7.0300
 -1.0704	 -1.7527	+18.9817	 +1.9177	 -2.1987	 +0.8655
+14.3726	 -2.2332	 -6.3316	 +1.6016	 -0.6509	 +3.2710
 +8.8195	 -9.4165	 -3.8066	 -2.3390	 -0.0066	 +1.2821
 -1.1119	-22.7758	-23.4984	 -0.6942	 +1.9800	 -0.0247
-13.4074	+15.0737	+10.4857	 +0.3887	 -2.2417	 +1.2730
 +3.1555	 -1.0543	 -3.2507	 -1.5928	 -1.1946	 -2.7116
 -5.4750	 -9.0804	 -9.4694	 +0.3521	 +1.0296	 -1.8656
 -3.8957	-13.8164	 +9.9352	 +1.0524	 +0.8297	 -1.0609
 +2.9954	-14.2313	 -3.1408	 +0.5186	 -0.9162	 +2.2995
 -9.8814	 +3.5995	-14.4970	 -0.4107	 -0.5584	 -2.0341
-16.2745	 -2.0766	 +4.1696	 -0.2130	 +0.2811	 +3.6111
 +2.1306	+10.7860	 +0.5845	 +0.0963	 -2.5365	 -1.9664
+35.4712	 +5.4865	 +7.7727	 -0.5375	 -0.3171	 +0.4790
-11.2684	 +8.6959	 +8.4673	 +3.4815	 -2.0839	 +0.7101
 +0.4766	 +1.3054	 +4.4123	 +0.6946	 +0.3526	 -0.6622
 -1.1680	-30.8183	-26.5794	 -1.2356	 -1.1308	 -0.6935
 -7.2744	+13.0838	 -3.0980	 -2.0931	 +2.9406	 +2.6338
 -0.8785	 -4.6180	 -7.5755	 -4.3289	 -1.7547	 +2.3905
-13.6030	 +5.4748	+14.8373	 +4.9040	 -0.8742	 +2.1762
 -4.9032	 +0.0143	 -3.5173	 -1.6520	 -4.7622	 +0.4798
 -5.5810	 -7.8959	 -6.3402	 -3.3114	 -0.1794	 -3.0979
 +8.5487	 -5.0695	 +1.6859	 -1.1124	 -2.0416	 -2.0523
 -8.9761	-13.5970	+10.6008	 +1.5934	 +0.8058	 -0.8347
 +5.2766	 -9.3143	 -5.3858	 +2.6972	 +2.1049	 -0.5970
+11.7146	-13.4386	 -9.8937	 +0.6456	 +1.4423	 +0.8371
+15.7157	 +9.6809	 +5.7569	 +1.1697	 -2.6601	 +0.7337
+25.4907	 +1.3836	-11.7343	 +0.3662	 -2.2921	 +1.2200
-17.2519	+10.4312	+23.3916	 +0.9940	 +2.6304	 +0.4418
+30.0628	-18.1079	+70.1037	 -0.2254	 -1.7759	 +0.2879
 +4.9111	 -1.9842	 -4.5005	 -4.5244	 -1.7004	 -2.2770
 +5.9472	 +7.0221	 -6.1352	 -1.0335	 +3.7565	 +2.4332
 -4.3947	 +1.5490	 -2.9669	 +1.1092	 +0.5993	 +1.4969
 -0.5809	 -2.9683	 -3.4718	 +5.3992	 -2.7672	 +3.9171
 +9.2071	+10.2378	 +5.3379	 +0.2366	 +1.2662	 -0.4828
+30.1963	 -0.0339	-14.1129	 +0.0007	 -0.5848	 -1.5195
 -9.5880	 +3.8751	 +2.9104	 +2.7128	 +4.4075	 +0.2940
-21.2230	+22.6280	-22.9898	 -0.7629	 +0.9581	 -1.1739
-18.6955	-22.6764	+15.8480	 -1.6873	 +0.6919	 +0.6379
 +3.4446	 -2.4379	 -4.4367	 +2.9827	 +1.7451	 -1.2006
+19.1928	 -4.7491	 -5.2406	 -0.5482	 -1.8869	 +1.5195
 +6.3616	-10.6466	+10.3231	 +0.6412	 +2.9146	 -2.0032
 -0.5447	 +6.2274	 +5.6916	 -1.2682	 +1.9833	 -0.5502
-11.3349	 +8.0011	-11.4543	 +0.3752	 +2.0197	 -0.2349
 +9.0351	 +3.3941	 -5.5285	 +2.6975	 -0.4321	 +0.5435
 -9.1129	 -9.0688	 -9.2108	 +0.4045	 +1.1092	 -0.1062
 -6.1744	 -3.4675	 +2.3055	 -0.6152	 +3.5343	 +4.2291
 +6.7112	 -7.6586	+29.1352	 -0.9446	 -1.7024	 -0.6813
 -1.2396	 +4.6070	 +1.3685	 +3.1459	 +2.4924	 -0.8509
 +4.0533	 +4.5621	+15.6173	 +0.7118	 -2.6628	 +0.4625
 -3.8922	 -0.1042	 -0.8383	 -1.4646	 +0.4982	 +3.8489
 +5.5250	 -2.2087	-11.1917	 +1.6255	 -0.6205	 -3.8310
 -9.5907	 +1.1351	 +3.7126	 +1.3953	 +0.9251	 -2.9522
 -5.3555	 +2.1025	 -2.3885	 +0.2832	 +0.8055	 +1.7974
+27.0723	 +1.3337	-17.7827	 -1.9751	 -1.3371	 +0.7151
-21.0817	 +7.9067	-29.2747	 -2.3627	 -0.9949	 +0.3408
 -8.0677	 -1.7791	 -5.8506	 +1.9865	 -0.3673	 -0.5570
 +4.5068	 +2.0040	 +4.0425	 -2.8701	 +1.6289	 +1.9259
-21.5925	+32.7426	 +1.9041	 -3.1597	 +4.6114	 +0.6491
 +4.0936	 -3.3425	 -6.2940	 +2.0630	 -3.4545	 +3.4361
 -7.0244	-13.7670	 +0.2962	 -0.9248	 -1.4433	 -1.5180
-12.1017	 -9.6522	 -1.8499	 -3.7658	 -3.7579	 +1.7061
 +4.5196	 +4.3288	 +4.9563	 -5.7195	 +0.1645	 -1.8478
 -2.9553	 -0.5868	 +3.3018	 +0.8940	 +0.8268	 +4.0722
-10.6237	 -1.9071	 -8.9598	 +3.2896	 -0.3346	 +0.1684
 -5.6629	 +0.3002	 -0.1909	 -1.0129	 +0.2071	 -1.5005
 +0.2965	-15.6027	 +0.2951	 -1.0376	 -2.9789	 -1.5535
+15.1802	-57.2222	-29.1136	 -0.5471	 +1.3051	 +0.8878
 -3.4279	-10.9678	 +4.1966	 -0.9394	 -2.6088	 -3.8524
 -5.5993	 +0.9399	 +0.3308	 -2.3265	 -0.9163	 +1.8921
 +4.8498	 -2.5668	 +4.0364	 +0.4078	 -0.4102	 +2.9732
 +4.2327	+16.4366	+20.5254	 -1.4619	 -0.9515	 -2.3961
 +4.5027	-12.9769	 -4.1627	 -0.6616	 +1.0804	 -0.1199
 -3.6187	 +7.2140	-13.8012	 +0.6417	 -0.8042	 -1.2767
 +8.8705	 -8.8546	 +6.3254	 -2.3443	 +2.7144	 -3.9742
 -7.4882	 +4.7494	 -1.5836	 +0.7194	 +2.9257	 -1.6449
-68.6555	-50.4643	+30.6674	 +0.7448	 +1.4021	 +0.4367
 +8.5882	 +2.0935	 +4.6468	 +3.5428	 +2.6005	 +4.1278
+53.0163	+35.4793	+39.4528	 -1.4647	 -1.4333	 -0.5224
 -0.2803	-13.5316	 +7.7358	 +2.0486	 -3.1026	 +0.4932
 -4.5285	 -1.0005	 -2.6631	 -2.5238	 +4.7490	 -1.1623
-112.0253	+55.7240	-20.1285	 -0.3942	 +0.7082	 +0.2918
 -8.2156	 +1.8987	 +9.0985	 +0.4478	 +1.6118	 +3.9989
 +2.1419	 -0.6071	 -3.6006	 -3.9805	 -4.1534	 -1.2910
 -4.3008	 +0.8157	 -9.6633	 -2.5591	 -0.6873	 +2.9236
 +0.9869	 -1.0080	 -1.4063	 -0.7856	 -3.9038	 +2.1249
 -2.2807	 +5.6138	 -5.3843	 +1.5995	 -0.8048	 +1.1620
 +6.2751	+15.7129	 -8.8740	 +2.6720	 -1.1027	 +0.2813
 +5.2801	 +3.6065	 -0.2679	 -2.4599	 -2.3918	 +0.1255
+14.5921	-10.2158	 -3.3727	 +1.7156	 -0.0871	 -1.2603
 -6.0132	+28.7747	 -8.1822	 +0.4228	 +1.9588	 +1.3022
 -4.9050	 -4.8718	 +4.5067	 -3.1237	 -3.5835	 +2.8335
 +6.4913	 +8.6360	-18.0179	 +1.9903	 -0.0469	 -2.7555
 -6.3363	 +5.5514	 -2.8868	 -2.0256	 -1.2408	 +2.1914
 -1.7821	 -5.2620	 +3.9646	 -3.2978	 +0.2011	 -1.9364
-37.6745	+15.6067	+13.8554	 -0.1976	 +0.6308	 -0.0300
+12.2855	+15.2593	 -1.9403	 +2.4469	 +0.7814	 -3.2315
 -8.4029	-30.6289	+14.8538	 -0.9489	 -2.2235	 +0.4737
 +1.1623	 -3.0359	+14.4257	 +3.5156	 +1.2788	 -0.4616
 +1.4426	 +0.8358	 -2.6733	 +3.0336	 -2.5593	 +1.9833
 +1.3473	+18.0719	-31.5652	 -1.7507	 -0.0525	 -0.9630
 +3.9303	 -8.3560	 +0.3868	 -2.7054	 -2.0975	 +2.1329
 +1.9281	 +2.0949	 -5.2391	 +2.4771	 -1.7040	 +5.3289
 -4.4483	-12.7505	 -0.8457	 -2.3479	 -2.3816	 -1.6186
 -3.4745	 -8.9573	-10.6437	 -1.5878	 +2.0421	 -1.1715
 +1.9651	 -4.4576	 -5.0779	 +3.0283	 -2.5020	 -3.9411
 -8.8062	 +3.6438	 +1.1913	 +3.4922	 +0.1710	 -4.1283
-54.7333	+18.0258	 +8.5705	 -1.5672	 +1.2681	 +0.6921
 +0.7973	 -4.7905	 -1.0714	 +1.9551	 +0.1645	 +0.1889
-28.5898	+33.3404	 +8.5395	 +0.1696	 +3.6629	 -0.2931
 +4.6425	 +6.8713	 -6.5928	 +2.8983	 +3.2442	 -2.3980
 -9.2243	-10.1986	 -4.9076	 +1.6027	 +0.4642	 +0.8681
 +2.7870	 -1.1006	 -4.6944	 -1.0333	 +0.3204	 +0.4483
 -4.5073	-49.7341	+36.1803	 +1.9769	 +0.5277	 +0.5301
 -6.6246	-23.1953	 -2.5450	 +0.8781	 -4.3606	 -0.1485
 +5.8052	 -4.2013	 +6.2755	 -2.2106	 +0.0347	 +1.0041
 -8.5159	+12.0034	+19.1216	 -1.5985	 -1.6104	 -0.4150
 +5.2378	+20.0222	+15.1609	 -0.3313	 -0.0171	 -1.1542
 -0.0465	 -2.8948	 -4.2366	 +1.3166	 -3.3754	 +3.7399
 +2.1998	 -5.7035	 -1.2880	 -1.4017	 -1.3123	 +0.4614
 -1.6004	 +0.3909	 +9.2373	 +1.2904	 +0.3655	 -0.5619
 -1.7979	 -5.6865	 +1.1805	 -1.0204	 -0.8826	 +0.0632
 +8.7778	-18.2939	 -4.1562	 -1.4537	 +0.6662	 -1.2591
 +1.9114	 +1.1952	 -2.9860	 +0.2567	 -3.6503	 +3.0540
 +6.2701	 +9.9222	+11.7688	 +1.0301	 -3.8325	 +0.8331
 +1.5047	 -1.0742	 -1.1563	 +2.6907	 +4.0596	 -2.2118
 +2.6512	 -1.0396	 -4.9121	 -0.0522	 +0.6407	 -2.1038
+12.9254	 -2.3381	 -0.6395	 -3.3879	 -3.2950	 +0.2342
 +7.0203	 +1.8520	 +1.7258	 +1.0565	 +0.8175	 +3.9795
 -2.6820	 +1.0241	-18.0162	 +1.2431	 +1.9661	 -3.9725
 -6.4216	 -3.1868	 -5.2374	 -0.1449	 -0.8909	 -2.3844
 -9.0175	+12.8944	 -0.8825	 -3.4734	 -2.1856	 -1.3508
+14.0860	-14.3038	 -1.9436	 -0.3046	 -1.7532	 -1.2304
 +2.7155	-10.2929	 +1.7389	 -1.0664	 -1.7187	 +1.8044
 -0.3539	+13.7528	 -4.2065	 -1.7351	 -2.0424	 +2.5235
 -0.3817	-11.2435	 +0.6216	 -4.0777	 +1.2707	 +0.7580
 +9.9220	 +0.4620	 -2.3641	 +2.0731	 -2.2735	 -0.5502
 -7.5009	 -9.1560	 +4.6503	 -1.0716	 +0.4256	 +1.5428
-17.5369	 -0.4595	+11.6176	 +0.7049	 -0.9522	 -1.0842
 +1.5747	 -4.1514	+44.1984	 -1.1908	 +0.9782	 +0.8389
 -3.0830	 +3.4526	-17.8335	 +0.2201	 +3.4898	 -1.1260
 -5.1012	+17.9828	 +0.1768	 +3.0613	 +0.0437	 -0.1414
 -8.4000	 -1.1160	 +1.2737	 -1.3908	 -1.4138	 +0.0246
 +5.0599	 -0.8541	 -1.1045	 -5.1877	 +2.4107	 -2.8343
 -0.1357	 +0.5845	 -1.3004	 -3.3008	 +1.7129	 -0.1962
 +0.6293	+22.7104	 -3.1621	 -0.1744	 +2.2284	 +2.4957
 -7.9786	 -2.3240	 +6.5537	 +1.7658	 +2.3474	 +2.6768
-15.6935	 -0.9704	-43.9999	 +1.5053	 -1.1115	 -0.1109
 +6.9861	+10.1412	+30.3338	 -1.6648	 -1.4417	 -0.6036
 -8.7393	 +2.8776	 -3.5335	 -0.6152	 -0.7236	 -0.9874
 -5.1468	-11.1543	 -5.7307	 +1.6223	 -1.0684	 +0.4536
 -9.2494	 +6.9656	 -0.8577	 +0.7919	 -1.8272	 -5.8109
 +5.3082	 -0.5266	 +3.4600	 +0.2261	 +2.8364	 +2.5226
 -7.8394	 -6.2284	 -4.8136	 +2.2571	 -0.2334	 -0.5800
-14.1191	+15.0502	 +6.6713	 -0.0375	 -1.0544	 -1.9633
 -2.3167	 +4.9286	 -3.9660	 -1.9913	 +1.2285	 +4.6859
 +5.7045	-13.2547	 -4.6521	 +0.7755	 +1.5879	 -2.6860
 -1.5813	 +1.2486	 +3.7012	 +2.8073	 +2.5103	 +0.5619
 +5.1626	 -4.8389	 +6.2495	 -1.4077	 -0.3249	 +3.0932
 +5.1317	 +6.9756	 -0.3384	 +4.4791	 -1.5898	 +4.6239
 +6.7917	 +3.7757	 +2.3964	 +3.3784	 +1.5700	 -3.2503
 -6.9429	 +2.4107	 -0.4552	 -0.1856	 +0.9869	 +2.1160
 +4.3421	 +5.9956	 -4.5579	 +0.9648	 -1.2106	 +2.2969
 +2.0454	 -7.7076	 -9.7155	 -0.2855	 +1.3779	 -0.6578
 +0.7310	 -1.1087	 -3.7567	 -0.7260	 -0.0416	 +2.5985
+24.6951	-12.4173	 +9.2172	 -0.4916	 +0.9624	 +0.5161
-15.2772	+11.0952	 -9.8287	 +1.0264	 -2.7050	 +0.3037
 -0.5991	 -5.2677	 -7.3215	 +4.6866	 -0.1365	 +0.4864
 -5.9469	-10.9479	 -4.3595	 -0.5588	 -1.4264	 +3.2257
 -9.6785	 +2.0622	 +0.8853	 +3.4671	 +2.9493	 -2.9515
+15.8890	 +1.8208	 -2.3666	 -0.6136	 -2.2204	 +4.0244
+16.9354	+15.4001	 -6.2131	 +1.0916	 +3.1379	 -0.6642
+16.1905	-10.2957	 -9.2379	 -1.8794	 +0.7654	 +3.9346
-18.4508	-12.0080	 +5.2404	 -1.6461	 +0.4336	 +1.3444
 +3.6138	 -0.6559	 +1.5368	 +1.4237	 +1.6475	 -3.4836
 -1.0574	 +3.7251	 -1.1862	 +0.0632	 +0.8477	 +1.4898
+14.8598	+12.8115	 -1.1131	 -3.2533	 +0.2000	 -0.1568
-14.6750	 -0.1550	-18.1270	 -2.7047	 +3.1215	 +0.0868
-13.2250	 +7.2728	-21.0304	 -0.3858	 +2.1702	 -1.7883
+18.2535	 -0.0601	 -3.6310	 -2.3871	 +1.4013	 +0.8543
-11.8333	-10.1461	 -3.4101	 +3.5943	 +0.1140	 +0.7463
 +3.1017	 -4.0374	 -8.8220	 -2.1689	 -2.6217	 -1.2905
 +9.6412	 +4.6967	 +3.3508	 +2.3207	 -0.5742	 +2.3503
 +6.7504	 +0.9476	 -1.8916	 +3.8835	 +1.7176	 -2.6226
-13.9756	 +6.1627	-18.4826	 +2.1396	 +1.3957	 -0.2398
-37.4559	 +7.4467	 +0.0082	 -1.1395	 +2.5914	 +0.9752
 -8.9319	 +8.1791	-18.1382	 +0.0656	 +0.2380	 -2.1920
 -4.6903	 -3.1089	 +1.2857	 +0.3083	 +3.4769	 -1.5937
 -6.6478	+17.4985	-13.1958	 -0.0458	 -1.7218	 -1.5812
 -4.5880	-10.8019	 -3.8530	 -3.0948	 -1.2150	 -1.6542
-11.4701	+13.7628	-47.5966	 +0.3059	 -0.1893	 +0.6586
 +8.7762	+14.6923	 -3.3736	 -2.0262	 -0.5556	 -0.0523
+18.4451	 -2.8164	-19.4507	 -0.3191	 -1.7210	 -0.0406
 +9.6756	 +1.5092	 +0.8565	 +2.3509	 +1.2848	 -2.9360
 -0.5665	+23.8714	 -0.3311	 +1.1877	 -0.3068	 +3.7716
 -2.4046	+13.0098	 -0.1218	 +0.8504	 +2.4865	 +2.0579
 +1.1633	 -2.5980	 -7.3624	 +1.1588	 +3.1413	 +0.6784
-17.3917	 -0.2754	 +5.8381	 +0.4506	 +0.3955	 +2.0840
 -6.5110	 -0.7964	 -6.4666	 +3.0627	 +0.0540	 -0.7591
 -0.9365	 -4.9951	 -2.1001	 +2.9008	 +4.8054	 -0.2058
+13.3327	+15.7171	-15.3207	 +1.7531	 -2.9212	 -1.8298
 +0.0893	 -4.4795	 -1.3459	 +2.4744	 -0.4157	 -1.5377
 +4.9139	+11.4147	 -5.5001	 -2.4013	 -2.1849	 -1.9585
 +1.9680	+10.4968	 +1.0913	 +0.9479	 +1.5443	 -2.3289
 -7.3501	 -1.1931	 +8.5865	 -1.2493	 +2.0557	 -3.8734
 +0.3982	 +1.6130	 +1.2236	 -1.3219	 -1.7318	 +3.0018
 -4.7504	 -3.4931	 +1.9522	 -0.7495	 -2.8681	 +0.3125
-12.4039	 -4.4444	 -2.2986	 +0.1754	 -1.2715	 -0.4192
-11.2881	 +3.5212	 +1.6989	 +0.7447	 +4.8554	 -2.8096
 +2.5618	 -4.2775	 +0.6437	 +1.9279	 -0.1058	 -1.0601
-44.7238	-14.9172	+32.2938	 -9.7582	 -2.9251	 +8.2358
 +3.2853	 -0.7002	 -1.0294	 +1.7839	 -2.8208	 +3.3402
 -0.1879	-11.7720	 -5.4309	 +0.4586	 -1.0545	 -0.5794
 +0.3632	 -2.7199	 -0.5478	 +1.0802	 +3.0966	 -1.3090
 -4.9167	 +1.0176	 -6.8952	 -4.7917	 +0.8544	 -0.5380
 -0.3752	 -3.5622	 -0.5440	 +4.5586	 -5.9225	 +0.8519
 +1.3402	 +8.5844	 +4.5573	 +2.4718	 +1.1524	 +4.3610
-10.4137	 -6.2524	 +0.4357	 -1.9578	 +2.1942	 +1.4227
 +3.3359	 -0.6821	 -1.9693	 +2.8178	 -0.5055	 -2.2903
 +1.3293	 -5.1715	 +9.0681	 +0.2407	 +0.9277	 +2.2828
-15.4780	 +2.2154	-11.4442	 +2.8551	 -0.1150	 -4.5272
-14.0493	 +3.8581	+24.9214	 -1.4832	 -1.0375	 +2.0433
 -1.7424	 +2.8817	 -7.0901	 +0.3421	 -0.3243	 +0.5664
 -4.2971	 -3.2193	 -0.4280	 -0.0288	 -0.3186	 +0.7437
 +8.0112	 +2.6445	 +2.2567	 -2.0791	 -3.0037	 -0.0649
 -9.2207	 +4.8273	-16.4141	 -0.4743	 +2.0545	 -0.2780
 -5.6181	 -7.6763	-10.3713	 -5.8561	 +2.0570	 -1.1659
 -1.1418	 -0.5278	 -5.8384	 -0.8994	 -3.8502	 -0.5680
 -4.1940	-40.6013	+59.7591	 -0.3633	 -0.9187	 +0.0964
 -2.6465	 -1.2098	 -5.5770	 +0.2085	 +3.6774	 -0.0422
+26.6559	+27.3131	-26.0690	 -2.2726	 -1.6973	 +0.9964
 -8.1734	 -9.0073	 +2.7037	 -0.4119	 +0.8486	 -0.9977
 -2.2266	 -2.4015	 -6.5083	 +1.2480	 +2.3953	 +1.6246
+49.0631	 +0.6343	-35.3484	 -0.7555	 -0.1762	 +1.8413
 +0.9968	-41.7570	+33.5122	 +2.6118	 -1.3174	 +0.8560
+104.0270	+54.0552	 +6.2783	 -0.1000	 -0.8734	 -1.6246
+14.6974	+19.1248	 +6.4221	 +1.9571	 -3.2064	 -0.0505
+29.6551	+63.7934	-33.4786	 +1.0224	 -0.7050	 +0.1750
 +2.8977	 +4.2813	 -0.6414	 +2.7699	 +2.2497	 -3.6688
-18.5916	 +1.8643	 +3.8012	 +0.6745	 -3.8430	 +0.9321
-22.3340	 -1.9249	+20.2420	 -0.7972	 -0.5422	 +3.9540
+15.0742	+42.6597	-46.0325	 +0.5572	 +2.2931	 +0.7163
+14.4543	 -6.1813	+33.7185	 +1.0829	 +1.2227	 -2.1545
 +0.6394	+10.0281	 +4.0611	 -5.4223	 -1.0690	 -1.1453
 +5.8470	 -7.4936	 -2.3609	 -0.6674	 +2.0223	 +1.4476
-13.3283	+10.0551	 +5.7773	 +0.1369	 +2.2162	 +1.1629
 +3.3352	 -1.3723	-11.6316	 -3.1842	 +1.5943	 +0.6430
-13.7227	 +1.4509	+11.2186	 -0.2019	 +1.3751	 +0.5335
 +3.7073	 +4.7930	 +0.7174	 +4.6929	 +0.7958	 +0.3417
 +6.8438	 +9.9514	 +4.5502	 -0.7155	 +0.7390	 +0.0602
 -5.1926	 +2.7760	 +5.5999	 -0.2186	 -5.5782	 -2.3271
 -0.1289	+14.5776	 -3.9577	 -0.7434	 -0.8941	 +4.0024
 -1.8074	+12.8101	-20.2018	 -1.9233	 -1.1828	 +2.2731
 -7.8708	+16.2963	 -3.0414	 +0.3053	 -0.9795	 +0.0901
 +7.2536	-11.1670	-13.0540	 -2.9059	 +3.0349	 +0.7927
 +4.1545	 -2.4833	 -9.3159	 +0.4324	 -0.2892	 -0.4395
 +1.1733	 -4.4610	 -2.3485	 -1.5197	 -2.2648	 +2.5198
 +0.5716	 -1.5264	 -2.1983	 -3.6013	 +6.1690	 -0.5656
 -5.5189	 -4.6199	+14.1130	 -1.8373	 -0.0287	 +4.0296
-11.5965	 +2.4947	+18.2914	 -0.3742	 +1.6443	 +0.8314
 -1.4722	 -6.5401	 -8.8787	 -0.5164	 -0.7191	 +2.3529
 -5.9971	 +5.9762	-13.5518	 -0.9739	 +0.7618	 -0.4120
-20.9988	+30.5277	+11.5009	 +0.8336	 +0.5755	 +0.3032
-14.0240	 -7.4847	 -7.7364	 +0.2473	 +2.6444	 -1.2479
-16.0718	-10.3517	 -5.1739	 +2.0122	 -2.0820	 -0.7813
+26.3371	 +4.3017	 +8.3020	 +1.1858	 -1.4595	 -0.2344
-11.8511	 -2.8085	 +5.8045	 +2.7995	 -1.4316	 +0.7527
 -2.3770	 -0.7224	 -8.4621	 -2.7367	 +1.7190	 -2.2974
-10.4940	+66.4922	+27.8870	 +0.7972	 -0.1400	 +1.0903
+20.1857	 +1.1619	 -2.2952	 -1.8500	 +1.5057	 -2.0837
 +7.1610	-14.7012	 +3.6197	 -0.6017	 +0.9569	 -1.4437
-16.7182	-28.5101	+30.9252	 -0.4955	 +1.2788	 +0.5195
-32.4069	+32.3869	+21.0747	 +1.7273	 -0.6971	 -0.9861
 -5.9821	 -4.0535	 -2.2620	 +0.4960	 +1.2861	 -2.1046
+10.7320	 -7.9563	 +3.0264	 +1.3455	 +4.0006	 +1.1258
-14.8194	 +8.7105	 +7.9408	 -3.2127	 -1.5817	 -0.7493
 +9.9307	-18.7573	 +9.3457	 +2.1558	 -1.1219	 +1.1073
+12.9784	 -2.5000	 -2.5952	 -1.4636	 +0.4085	 -1.8502
+18.8416	 +3.5411	 +7.7813	 +0.4564	 -2.2237	 -0.8426
 +2.5233	-40.9951	+113.2600	 -0.3062	 -1.4060	 +0.3932
-10.6602	 -7.3876	 -0.6138	 +5.0242	 -2.6644	 +0.5353
+15.2305	 -4.2810	-18.6097	 +0.8929	 +2.1949	 +1.2114
 -1.0196	 -2.6667	 -6.5586	 +2.7523	 +3.0910	 -0.9989
-15.6548	 -2.5128	 +7.9733	 -3.5164	 +1.4740	 +3.4841
 -0.6045	 +2.5553	 +6.9218	 +2.7414	 +2.7872	 +4.5799
 +5.4328	 +1.8877	-14.6572	 -0.8764	 +2.6995	 -0.5891
+16.6114	-17.8041	+35.3319	 -1.7772	 +1.5267	 -1.0652
 +6.4885	 -4.6280	-19.4388	 +2.7653	 +3.1601	 -0.0806
 +0.3448	 -6.6326	 -7.6878	 -0.1697	 +3.7060	 -0.5600
 +0.5744	+13.4332	 -9.9220	 -1.9426	 -0.3691	 +0.2266
-18.8263	+12.7403	 +1.8341	 +0.8543	 +0.2319	 -3.0228
 -0.9197	+15.4134	 +4.2030	 -3.4140	 +1.7071	 -0.5556
 +3.9762	-12.3040	 -9.8860	 -3.8832	 -1.5926	 -2.2558
-17.5472	 +0.1126	 -8.2650	 -4.0218	 +0.0354	 -1.2651
 -2.2152	+13.6282	+16.8228	 -0.3671	 +1.9435	 -2.5045
 -1.0139	-26.0234	 +3.1982	 -1.0930	 -1.1478	 +3.1660
 +4.8470	 -6.7889	 -7.5348	 -1.6348	 +0.6786	 -1.7641
 -1.0804	 -0.8803	 -4.6921	 +3.3572	 +1.9494	 -2.7639
 -2.1877	 +2.7003	 -3.0198	 +5.0189	 +0.3357	 +3.1833
+11.0625	 -3.4891	 -5.0175	 +2.2650	 -1.9125	 -2.0924
 -4.5641	-11.2199	 +4.0035	 -3.3197	 -2.9023	 +1.8808
+12.8925	 +2.3670	 +6.6437	 +4.6795	 -0.4064	 -3.1444
 +0.0436	 +6.3103	 +1.0457	 -0.2208	 +2.7962	 -3.6387
 +1.9703	 +3.1017	 -0.5266	 -1.4375	 -0.0751	 -0.1170
 +7.6315	 +8.5916	 -2.0367	 +3.9556	 +1.4459	 -1.7146
 -1.9734	 -8.2150	-15.4179	 -1.8150	 -1.2138	 -2.0653
+19.2476	+24.6705	 -6.1540	 -2.0695	 -0.3430	 -0.0497
 +3.1327	 +7.4489	 -2.3580	 +0.1284	 +2.6935	 -0.9756
+12.7029	+13.5163	 -1.3933	 -3.8823	 +0.8958	 -1.6434
 -7.7608	 +3.2878	 -5.1519	 +2.4869	 +1.1433	 +2.7402
 +7.4145	 +4.6128	+10.4486	 +1.5513	 -2.1641	 +2.9837
+10.7796	-13.5614	 +7.0159	 +0.6136	 -1.0214	 +3.8397
 -2.2640	 -3.0300	 -8.4719	 -0.6912	 +3.2824	 +1.4528
 -5.3063	-35.4259	 -4.4450	 +0.3924	 -1.1185	 -1.7759
 +6.2203	 -4.5836	-10.5657	 +3.1780	 -4.1800	 -0.5158
 +4.6674	+12.5901	 +4.1075	 +1.0822	 -0.1088	 -0.3669
-29.2671	-10.5529	+17.3029	 -1.6045	 +0.2217	 -0.4756
-20.5299	 +2.8548	 -4.3616	 +0.3107	 -0.0621	 -1.2743
-16.4770	-14.5474	 +2.4274	 +1.7563	 -0.1125	 +1.5661
 +6.0295	 +0.0050	 +2.7360	 -0.4134	 -6.5362	 +2.4516
 -5.7028	+17.4029	 +4.1098	 +2.3477	 -0.9693	 +0.8321
-13.4408	 +8.1205	 -8.6937	 -0.6494	 +1.5520	 -2.8829
 +2.7796	 -8.4228	 +7.7328	 -2.9259	 +4.3910	 -0.2766
 -9.4610	 +3.5724	 -6.0855	 -2.9793	 -3.1334	 -0.5152
 +5.5600	+43.2304	 -1.3224	 -0.3454	 +0.4104	 +2.4159
 -3.2153	 +2.6414	 -5.5019	 -0.9574	 -0.5578	 -4.2949
 -7.2300	-10.3058	 -1.3698	 -0.0415	 -4.0231	 -1.4561
 -1.7693	 -8.5834	 +1.8335	 +0.6750	 +2.4039	 +0.4924
+87.2318	-34.2876	+43.9983	 -0.0400	 -0.8616	 -1.4671
 -9.2508	 -6.9223	 -7.8398	 +0.0228	 -3.2678	 +3.6025
 +6.8129	 -7.2493	 +0.9151	 -0.3689	 +2.3124	 +3.0319
 -0.9868	 -0.4039	-10.0027	 -1.3391	 -2.0490	 -0.9393
 -3.8773	 +7.2103	 -3.2091	 -0.9817	 -2.4792	 +4.1824
+11.0177	 +4.1068	-10.4450	 +0.8270	 -0.9401	 +0.0551
 -1.8004	 -1.2571	 -9.9203	 -2.1728	 -2.5511	 -3.0653
 -7.4651	 -7.5908	 -2.4948	 -1.0670	 +2.5893	 +2.8288
 +6.2675	 -5.1216	+22.8946	 +2.1181	 -0.8755	 -0.8319
-14.3747	+10.5245	 +0.4291	 -1.4825	 +1.5621	 -3.3466
 +6.8965	+17.5042	+41.4008	 +0.3719	 +0.2212	 +2.4107
 +9.6612	 +7.3565	+18.9511	 -0.8873	 -0.1073	 -0.4813
-12.3413	 -3.3844	 +0.4137	 -0.8079	 -1.8263	 +0.3911
 +3.2886	 +1.1525	 +5.4226	 +0.6899	 +2.1603	 -5.5142
 -8.1134	 -8.3797	 -7.1943	 +2.5592	 +0.2604	 -4.7883
 +3.2124	 +2.7473	+10.0560	 +5.6111	 -0.6584	 +0.2371
-14.6609	 -6.3715	-10.1875	 -1.1767	 -0.0244	 -1.2501
-56.6683	+28.3613	 -6.1970	 -2.2164	 +1.0041	 -0.9920
 -0.5239	-19.4624	 +0.1581	 +0.3519	 -0.1107	 +0.5267
+10.9116	 +8.7617	 +1.6567	 +4.4507	 -0.6893	 -0.4370
 -3.9014	 -1.4993	 -5.3276	 -6.1953	 -2.0604	 -1.9240
 +5.6101	 -1.0051	 +3.3535	 +0.1817	 -1.6345	 -4.7578
 -1.1504	-11.5708	 +4.8522	 -1.4120	 +3.8623	 -0.8863
 -2.9461	 +8.5710	 -2.7760	 +3.2436	 +1.9737	 +0.9045
 +1.9862	 -4.5388	 -4.0090	 -1.9119	 -3.3882	 -4.2504
-85.9405	-169.7929	+25.5130	 +1.1243	 +0.0622	 -0.1063
 -8.4715	 -3.5331	 -1.3621	 +0.0410	 -0.7438	 -0.2683
 -7.8065	 +7.2869	 +7.1790	 +1.3002	 +1.9934	 -0.6661
 +2.5446	 +7.7375	 +1.6251	 -2.2860	 -0.4855	 -0.8557
 +5.8238	-12.7658	+17.7389	 +2.4254	 -0.9303	 +0.0162
 -6.7484	 -0.0942	+20.6999	 +2.1366	 +0.5411	 +2.2710
 -8.0730	 +0.8051	 +5.3828	 -2.2970	 +1.5400	 +1.1008
 -4.7456	 +4.6455	 +3.0482	 +1.5788	 +0.6913	 +4.0866
 -2.4977	-24.0316	+10.5368	 +2.4052	 -1.3510	 -2.9920
-12.3596	 +6.2403	 -0.6909	 -0.6628	 -1.9371	 -1.0325
 -7.2422	 -3.0339	 +1.1245	 +0.7955	 +1.1554	 +2.3985
-10.5772	+13.4558	 -1.6353	 -1.2307	 +1.1014	 -2.3429
 -6.8838	+14.3752	 +9.3515	 -0.4592	 +0.2781	 -0.5278
+11.1687	 -1.0772	 -1.5726	 -1.0592	 +1.3913	 -0.0385
 -8.7667	 +0.0459	 -1.6349	 +1.6809	 -1.9652	 -3.1964
 -6.5657	+26.9961	 +8.7152	 -0.4763	 -0.2565	 +2.3997
 -6.1561	 -0.7727	 -1.1944	 -2.7373	 +3.1982	 -2.4530
 +2.4281	 +0.8164	 -4.8030	 +0.0886	 -1.0153	 +5.5681
 +1.0860	+18.3550	-13.5650	 +0.0374	 -2.8408	 +3.7997
 +1.6873	-14.7002	+27.0963	 +0.3841	 +1.1921	 -3.0748
 +6.9233	 +1.9874	-11.2464	 -3.8233	 +4.6473	 +0.9544
 -6.2631	 -4.2219	-10.6023	 +0.4774	 -0.2629	 -5.3347
 -9.5619	 -5.0508	-14.5501	 -0.1106	 +0.1353	 -0.6695
-16.1638	 +5.4678	 +4.8968	 +1.2459	 -2.8187	 +0.1584
 -4.9394	 +1.7768	+15.5719	 -1.5072	 +1.3571	 -4.1803
-40.5707	+31.2749	-75.0358	 +1.1617	 +1.8052	 +0.2489
-14.2688	 +2.7484	 -4.3606	 -2.2324	 -1.8482	 -0.5131
 -2.4954	 +3.4320	 -1.4222	 -4.3585	 +5.2690	 -1.0102
 -3.3043	+12.9546	-11.4883	 +0.3684	 -2.1854	 +1.7610
-19.9663	 +3.7022	 -5.0218	 +3.1204	 +0.8117	 +0.9582
 -1.1666	 +0.2438	 -2.7962	 +0.9947	 -3.8831	 -2.9082
 +2.2577	 -3.9502	 -6.4143	 -1.3346	 -0.0073	 +1.1059
 +0.6005	 -3.0092	-17.7685	 +0.8322	 +5.0628	 +1.5626
 +7.6986	 +6.6377	 +2.0837	 +0.0491	 -3.6485	 -0.7909
 +3.5219	 -4.7229	 -0.9014	 -0.0020	 +1.5312	 -2.5336
 -6.3667	 +0.3054	 -5.7692	 +2.2639	 -0.1443	 -3.8581
+11.4352	 +8.7059	-27.4148	 -1.8661	 -1.5037	 +1.8749
+23.1299	+36.9378	+74.3516	 -1.1442	 -0.7120	 +0.8192
-11.5497	-10.6265	-15.3351	 -0.3185	 -1.6150	 +3.0895
+13.9434	 -2.2272	+19.9598	 +1.4620	 +1.4341	 -0.4016
 -0.9149	 -1.9096	 -8.3295	 +1.8086	 +0.8630	 +0.5258
 +3.8205	 -2.1262	 -2.6548	 -3.1331	 -4.5359	 -3.3501
+63.8028	+29.2201	+38.0391	 -0.9367	 +0.0685	 +0.5076
 -4.9144	 +7.8409	 -5.0245	 +0.6565	 -1.5227	 +2.7793
 -2.8429	-11.6942	 -4.1937	 +0.6614	 -0.4160	 -3.2887
 -1.9826	 +5.1195	-11.8749	 +4.4394	 +2.3472	 +0.0749
-10.9368	 +6.4836	 +1.2646	 -0.4370	 -0.2776	 -1.8478
-32.0654	 +3.4101	+19.2855	 +2.2603	 -1.2938	 +1.2247
 -3.2235	+14.2026	 -8.0195	 +0.2943	 -0.6512	 +1.6043
 +2.1822	+13.0617	-16.1636	 -0.2958	 -0.4061	 -0.2416
 +6.0305	+19.4587	 +0.5703	 -0.2076	 +2.6788	 +0.2868
 +2.3740	 -1.3880	+17.7617	 +1.9522	 -0.2082	 -3.7451
 -2.5970	-13.2504	-10.6018	 +1.7349	 +1.2463	 -2.9254
 +7.6326	 -7.6758	 -1.4077	 +2.4568	 +0.9437	 -1.0387
 -4.2157	 +0.1612	 -4.5098	 -3.3358	 +2.4741	 -3.5206
-15.5826	-11.2590	-11.2149	 -2.6209	 +1.4305	 -2.9777
 -1.9545	 +7.0031	 -8.0534	 +0.2249	 +2.0760	 -3.0937
 -6.5508	+26.6428	-23.9778	 -1.8531	 +2.7793	 +1.2021
 -0.3736	 -5.7178	 +9.2522	 +1.1667	 +0.8064	 +0.7159
-17.1514	 -1.5406	 +7.9045	 -0.9731	 -1.3598	 -1.2355
 +1.4500	-29.0918	+27.2454	 +0.1890	 -5.0715	 +3.7296
 +0.2147	 -8.2400	 +7.4341	 +0.8727	 +4.6766	 +2.0142
 +8.8606	 -3.9642	 +1.7630	 +1.0994	 +3.3787	 +4.2163
 +2.8001	 -2.6469	 -3.5845	 +0.4326	 +0.0156	 -0.6461
 +0.7733	 +7.9773	-11.8357	 +1.9659	 +2.4250	 -1.0573
 +8.2493	 +2.3096	-20.1048	 -2.5306	 -2.5112	 +0.1607
 +5.3929	+11.9761	 +3.1116	 -0.5918	 +1.8380	 +0.6521
-11.3161	 +5.4883	 -8.0759	 -0.5708	 -2.4188	 -1.2421
 +0.1036	 -2.1513	 -7.6047	 +1.1622	 -2.4336	 +1.7055
-20.6555	 -1.4019	-16.5558	 -2.1439	 -2.4727	 +2.9416
 +8.1016	 +3.4739	 -5.4999	 +1.2031	 -2.0650	 -0.0914
+31.1873	+11.3242	 +5.6382	 +0.9978	 +0.1296	 +0.0718
 -7.0904	 -9.1062	 +4.5392	 -2.2801	 -2.3345	 -2.4629
 -9.6175	-10.7952	 -7.4811	 -1.4280	 +1.3896	 -2.0334
-10.8093	+17.0556	 +7.6227	 +1.2640	 -1.7382	 -1.4582
 +0.7290	 +2.5851	 -1.7058	 +0.3089	 -0.1234	 -1.7422
 -9.7945	 +6.3615	-15.7545	 +2.9565	 -1.2921	 -2.6126
 +4.4042	 -6.0662	 -0.0704	 +0.1438	 +0.8723	 +0.3747
 +0.1152	 +0.6326	 +2.7514	 +3.5238	 -0.6493	 +2.5458
 -2.6995	 -1.4348	 -0.7872	 -1.6892	 -1.7498	 +4.5344
+12.7203	 -8.6262	 -1.4751	 -3.8258	 -3.1282	 -0.2755
-82.7421	+43.1524	+28.0284	 +0.3546	 -0.0232	 +0.5310
+11.8324	+13.4048	 -0.0148	 +2.2405	 +0.5611	 -3.0617
 +6.1547	 +2.0583	 -1.5088	 -0.1279	 -2.4179	 +1.0136
-10.5694	 +0.1716	 +6.5460	 +1.2830	 -3.3664	 +0.3342
 +5.2713	 +3.9988	 -4.3657	 -0.1039	 +1.7231	 -2.6829
 -4.2585	 -3.4318	 -7.0635	 +5.8620	 -3.0374	 -0.7028
 -2.7456	+21.5004	-37.9801	 +0.9796	 +1.0451	 -0.5729
-10.5730	-20.4649	+12.7379	 +1.7995	 +0.9859	 +2.2435
 +6.1039	 +5.8513	+10.5799	 +0.8584	 -1.4392	 -0.1101
 +2.8051	 +5.5759	-16.0510	 -0.2574	 -2.6027	 +1.1261
 -1.2844	 +1.4673	 +4.8054	 -2.0858	 +0.9060	 -0.1778
 -9.2732	 +1.0616	 -0.5615	 +1.1663	 +0.1684	 +1.4629
-16.4741	 +5.8152	-12.0411	 +0.3041	 +1.4917	 +2.2379
+12.5101	 +6.6711	 -7.8502	 +1.4249	 -1.3618	 +1.2789
 -5.2756	 -1.9114	-10.3506	 +0.0094	 -0.7721	 -1.6153
+17.6379	 +7.1498	+15.3049	 -3.0940	 -2.7308	 +0.8336
+18.4731	-13.4208	-11.3337	 +0.2803	 -1.9631	 +1.6945
 +3.5384	 +7.5829	-15.5679	 +3.2214	 +6.5929	 -1.8018
 +7.3761	-10.0575	 -7.5096	 -0.3032	 +1.1585	 +0.4888
+18.7396	 -1.6003	 -0.9235	 -2.1326	 -0.5132	 -0.2392
 +6.4237	 -4.5140	-14.5681	 -1.6821	 -0.2101	 -3.3910
 -6.6535	 -6.7851	 -5.1056	 -1.5970	 +4.2309	 +0.4700
 -8.8322	-17.2948	 -3.2109	 -2.3985	 +1.7638	 -1.3654
 -2.5254	 -2.1925	 -8.9701	 +0.1861	 -2.6773	 +2.4013
 -0.4442	 +7.0865	 -7.5755	 -4.9479	 +1.0680	 +0.6870
+11.6172	-15.2591	 -3.0820	 -3.1083	 -2.3616	 +1.5261
-32.7726	-15.4624	 -2.9905	 +1.0777	 +0.8489	 -3.3322
 +6.2151	 -3.7268	 +7.0150	 +0.0651	 +1.9450	 -3.4314
 -1.8671	 -5.9178	-12.6137	 -1.9524	 -4.1360	 -3.7865
+10.3136	+15.3742	 -4.1926	 +2.5978	 +1.9982	 +1.9912
+12.5660	 +6.3177	 +5.1586	 -1.3336	 +3.2732	 -0.7559
-10.2591	 -6.9620	 +2.3949	 +2.7502	 +1.4622	 +2.0331
-40.0586	+28.4580	+37.9171	 +0.3223	 +0.2872	 -0.1048
+24.0004	 -1.2298	 -3.8100	 +0.7253	 -0.2875	 -1.8871
 -9.1233	 -0.4927	 +4.8506	 -0.2880	 +1.6426	 -1.3745
 -6.8031	 +9.3708	+11.3055	 -1.2792	 -2.4511	 +1.6440
 -6.8407	 -7.6193	 +6.1728	 +1.1778	 -1.1337	 -2.6451
 +3.0136	+16.7530	+13.8014	 +1.5912	 +0.7955	 +1.1731
+36.4396	 +1.2824	-13.9546	 -1.8650	 -0.8237	 +0.6578
 -1.6734	 -0.2020	 -5.1284	 +0.3755	 -3.7590	 +0.5341
 -3.5826	 +9.2883	 +7.6914	 -2.7407	 -0.8626	 -2.0841
 -7.3896	-11.5398	 -0.0318	 -3.0004	 -2.6169	 -3.0803
 +2.6775	-17.3909	-23.6503	 +0.9428	 +0.2788	 +2.6659
 +1.6644	 +2.5003	 -0.3797	 +1.9282	 -3.5546	 +3.2823
 -9.6524	 +1.1307	-14.0114	 -1.9278	 +1.2256	 -1.0426
-94.0491	-31.4651	+77.6630	 +1.5017	 +0.2024	 -1.3251
+10.0310	-11.1570	 -5.7971	 -0.0263	 -2.2113	 +2.9311
 +5.1017	-21.5383	+27.7156	 -1.4219	 +3.0301	 +2.7080
 +7.2776	-22.3588	-14.5761	 +0.3487	 +1.7054	 -1.4090
 -2.7053	 -2.1942	 -5.6508	 +2.6170	 +0.8280	 +1.7213
 +4.8878	 -7.3675	 -8.6751	 +0.8966	 +2.6776	 +1.3396
 +7.9509	-10.4771	 -3.2929	 -1.9097	 -1.5835	 +2.6124
 -4.3521	 +6.3321	 -1.7850	 -4.0700	 +2.0909	 -2.3108
 -6.1025	 +7.3914	 -5.8468	 +1.2036	 +1.1127	 +3.6193
-11.9372	 +0.1831	 +2.0350	 +2.3701	 +2.9142	 -1.8922
 +5.7288	 -8.4465	-10.3046	 -2.2720	 +4.5687	 +0.4378
 -0.2283	 +1.0210	 -8.8999	 -2.2899	 -0.1615	 +0.7157
-18.0338	 -5.0091	 +1.4796	 +2.4519	 +0.9486	 -0.9079
 -2.3421	-13.0332	 +4.6666	 +0.1028	 +0.5238	 -1.8114
 -3.7324	+21.9679	-62.6189	 -0.7354	 +3.8426	-12.0990
 -9.0405	 +3.0145	 -2.9246	 +1.0665	 +0.4732	 -0.6435
-13.4415	-16.7909	-21.9029	 +0.4515	 +0.3288	 -1.7016
-56.8541	+18.0766	+45.2130	 +1.5075	 -0.9338	 -1.0742
-49.7357	-25.6901	+14.9838	 +1.7961	 +1.3078	 -0.7217
 +0.8947	 +6.8566	 +6.5147	 +1.6481	 +1.5442	 -4.2429
 +0.4324	 -3.7666	 +1.4305	 -0.2830	 +1.2010	 -2.4031
-73.7967	-124.8277	+118.7481	 +0.6913	 +0.1031	 -0.1297
 -8.1796	-17.2413	 -2.4845	 +1.7447	 -2.2759	 -0.5006
-11.8132	 -3.7210	-15.8192	 +1.1809	 -2.9186	 +0.8164
 -4.8673	 -2.5790	 +2.4851	 -0.0683	 +2.3296	 -0.2226
-34.0913	-27.9997	-20.0172	 +2.5903	 -0.0981	 -0.8715
 -5.9174	 -1.7497	 -1.2437	 +4.1721	 -1.5955	 +2.8387
 -3.0842	 -4.4769	 -0.4706	 -1.2397	 -0.7429	 +5.8991
+15.2460	-17.7255	+43.0306	 +1.1283	 +2.6451	 +0.8336
 -3.0356	 -0.3068	 -8.3529	 +4.5423	 -1.6395	 +0.7536
 -6.6535	 +4.0264	 -3.1755	 +2.3587	 +2.0893	 -4.0531
 -0.7657	 -5.3654	 +1.7649	 -1.6090	 -3.2596	 +6.4410
 +7.0993	-13.5968	+13.3919	 +1.8297	 -2.0220	 -2.4597
-24.8984	 +8.7621	+27.4300	 -0.7646	 -0.9382	 +0.1597
 +0.0031	-10.2593	 +6.5184	 -4.2092	 -2.4876	 -1.4672
 -2.5801	 -1.2553	 +0.6417	 -4.5376	 +2.0601	 +3.0164
+15.0398	 +0.5790	 -0.5125	 +2.2464	 -2.3441	 -0.6966
 +2.9510	 -0.5521	 +8.3916	 -0.4898	 +1.0395	 +4.1108
 -9.4057	-12.3390	-15.1501	 +0.9342	 +1.6318	 +2.6633
 +1.1791	 +9.4704	 -0.1816	 -1.0317	 +2.8351	 +3.8514
-15.9171	 -6.1526	+14.2700	 +0.0199	 +1.1384	 -2.4318
 -4.0828	-11.1482	 -4.9202	 +2.6909	 -0.7192	 +3.4747
+12.0621	 +0.6286	 +3.3119	 +0.4039	 -1.1669	 +1.0470
-31.9217	+16.1411	 +2.2084	 +1.5613	 +0.0063	 -1.9205
 -2.9682	 +6.8118	 +6.5255	 +1.2167	 +2.0849	 +0.4858
 +0.5782	 -1.1014	+14.8005	 +1.1854	 +2.2781	 -2.0484
 +1.7217	 +2.1890	 +9.3615	 -3.1916	 -2.8287	 +0.1938
-13.5018	 -6.4570	-13.2675	 -0.4289	 -1.2028	 -2.2564
-27.6611	+29.9196	-71.0294	 +0.5425	 -1.5399	 +0.9618
 -0.4200	+26.7775	 +1.1673	 -2.3652	 -0.5109	 +1.4340
-24.7177	+72.5289	-50.7348	 -2.0633	 -0.8651	 +0.3209
 -1.8986	 -5.5721	 +0.7988	 +7.6761	 +2.8444	 +1.6418
 -2.3331	-10.1774	 +5.7824	 +3.2215	 +3.8464	 +1.5049
 -2.6944	+23.6146	 +5.9148	 -0.7958	 +0.1586	 +1.5349
 +7.8027	 +1.4992	-12.9292	 +0.5862	 -1.3644	 -4.1185
 -6.0118	 -6.6506	+13.4068	 +3.7574	 +0.4821	 -0.3510
 -2.9467	 -9.5891	-16.9357	 -1.9449	 -0.0051	 -1.9807
 +0.7636	 +3.5466	 +0.5941	 -2.9597	 +1.7821	 +3.7751
 -5.0537	 +2.6320	 -5.2314	 -0.9060	 +0.9582	 -2.7537
 -6.0142	 -9.6768	-15.7089	 -0.4538	 -3.3622	 -0.5798
 +1.8216	 +6.7578	 -5.9470	 +4.2387	 -2.4517	 +0.6903
-12.6766	 +0.7450	 +9.1769	 -0.2046	 -2.0941	 +2.0831
-15.9166	 -1.1221	 +4.9067	 -3.6268	 -2.5534	 -1.4469
 -9.1411	-17.5503	 +3.4905	 -3.2291	 +3.2426	 +1.3562
 -0.6084	 -4.8914	+13.0268	 +1.9971	 -0.2656	 +0.2923
 +1.5712	 +4.1059	 +8.7374	 +2.2448	 -0.0692	 -2.4923
 -1.8348	+13.9331	 -2.8936	 -2.5864	 -2.3361	 -0.8520
 +9.0872	+10.5948	 -1.6432	 +1.2648	 -2.6225	 -2.3269
-141.4681	-173.8829	+114.5156	 +0.3929	 +0.9085	 +0.0729
 -7.7479	+15.2257	 -8.8879	 -2.2498	 +1.7230	 +0.4039
-18.7128	+33.6076	+43.6735	 -0.1801	 -2.5421	 -0.6641
 -3.5961	 +1.2385	+14.0153	 -0.8583	 +1.8232	 +2.9215
 +7.5673	+74.3487	-80.8553	 +0.0622	 -0.1309	 +0.4787
 -4.4977	-20.9989	 -1.3968	 -0.7998	 -1.0846	 +2.5694
 -2.7226	 +1.9968	 -8.5174	 +3.1693	 -0.0858	 -2.5796
 -3.9194	+22.8498	-23.3398	 +1.9834	 -1.1545	 +0.8852
 +3.6047	 +7.7102	 -1.2078	 +5.7350	 +2.7327	 -2.0675
-19.9028	 -1.7097	 -6.0110	 -0.8029	 +3.5396	 -0.7889
 -9.0748	 -4.7439	 +2.4423	 +1.4693	 -3.8690	 +0.0708
 -1.3501	 -8.4417	 +8.7682	 -0.0362	 +2.2686	 -0.3451
 +1.7911	 +0.8219	 +1.9678	 +4.0491	 +0.5065	 -1.2461
 +1.3194	 -8.1572	-10.1829	 -0.5357	 +0.1729	 -0.4958
-23.1925	 +7.0268	 -3.8624	 -0.6691	 -1.5756	 -0.5705
-16.4171	+16.2258	 +0.2503	 -1.1271	 +0.5602	 -0.9847
-15.6327	+13.0049	 +1.3158	 +2.2328	 -3.4759	 -0.2779
 +2.0311	 +2.1389	-31.9844	 +0.4085	 +0.6959	 -0.6509
+12.6595	+12.8313	 -0.9902	 -1.8241	 +0.3944	 -2.8784
 +1.2873	+15.1765	-16.9641	 +1.1532	 +1.3030	 +2.4089
 -8.3954	 -5.1749	 +8.5145	 -2.3049	 -0.3779	 +4.1592
-24.9724	 -5.4797	+13.4282	 -1.7426	 +0.9502	 +2.4175
+10.7482	 +4.8871	 -8.9223	 -1.2497	 +0.1918	 -1.1195
+11.8207	 -5.9038	+11.2971	 -0.8619	 -1.6375	 -1.0189
 -2.6837	 -9.7960	 +1.0188	 +0.6086	 +0.3870	 +0.5622
 -0.3093	 +5.8649	 +5.1349	 -2.5821	 +1.6920	 -3.8035
 -0.9490	-17.4843	 +9.0385	 +0.9425	 +2.3455	 -1.4326
-10.9028	 +4.8296	 -3.1528	 -3.3664	 -2.1367	 -1.3896
 +2.2355	-11.4911	 -1.5463	 -0.2764	 +0.1833	 -2.0850
 +7.6172	 -3.3009	 -0.5958	 +5.2240	 -0.8470	 -2.4634
-17.7901	+10.2120	 -4.5140	 -1.0630	 -0.1045	 -0.3179
 -5.4769	+11.7375	 +5.5366	 -1.3030	 -2.7711	 -1.1510
 -4.5111	 -9.6993	 +4.3102	 +4.9850	 -1.1650	 +0.6569
 -4.0236	 +1.8248	 -2.9508	 -0.9917	 -4.0684	 -4.1330
 -3.8361	 +4.2385	 +5.8746	 -0.8121	 -3.7532	 -1.9678
 +9.8117	+25.4006	+24.8677	 +0.3018	 -0.5138	 -2.2807
 +4.5816	 +0.0405	 -2.3368	 +3.9571	 +2.6663	 -2.6194
 -9.2629	 -0.0735	 -2.1646	 -0.3494	 -5.8190	 +2.9247
+33.6672	 -8.9376	 -2.3524	 +1.4514	 +1.0549	 -2.3460
 +7.3388	 +0.5282	+11.0834	 +2.3975	 -1.7496	 +0.5193
 -7.7303	 -6.1955	-10.6856	 +1.1108	 +0.9464	 +1.1228
 +8.9340	 +9.0316	-14.6989	 -0.7772	 -0.2400	 -0.1094
-10.8952	 -0.6906	 -1.2994	 +3.3404	 -0.4637	 +1.1785
-14.4894	 +2.2645	-10.0080	 +1.9509	 -2.2010	 +3.8251
 +1.4290	-12.6541	-11.3988	 -1.3783	 -0.3145	 +2.5941
+10.4123	 -5.2592	 -1.6534	 -4.2959	 +0.0185	 +3.3789
 -4.0553	 -0.2894	 -4.0532	 -0.6355	 +2.1642	 +3.5053
 -4.2047	 +0.6570	 +2.8226	 -0.2524	 +0.1142	 +0.1790
 +5.9904	 +4.0141	 -9.4428	 -2.5749	 -3.5125	 +2.4150
 -6.0818	+43.3698	-10.7240	 +1.9663	 +0.4860	 +0.2265
 +4.2354	 -2.6795	 -5.5645	 -0.0977	 -1.8144	 +2.0788
 +0.0497	 -8.0518	-24.1951	 +2.1184	 +0.1566	 +0.2722
-12.9388	-17.6252	 -0.5071	 +1.3206	 -2.1592	 -3.1642
 +6.4678	 -7.2375	 -3.5665	 -4.6342	 +1.5887	 +1.2575
 -6.1680	-22.4056	 +0.1573	 -2.0270	 +1.3004	 +0.5797
 -4.3729	 +2.3966	-13.3602	 +0.1340	 +0.5852	 -0.8341
 -5.0863	 +2.6348	+19.4047	 -1.5233	 -1.3564	 -1.0319
 -1.2266	+11.4374	-12.1003	 +1.1686	 +0.4953	 +4.1847
-12.4264	 -4.9298	 +3.1475	 +2.7374	 -4.7385	 -0.6652
 +2.8179	 +0.8915	 -3.4785	 -3.3966	 +1.0139	 +5.6804
 +6.4080	 +2.2240	 -1.3820	 +0.5846	 +2.8142	 -1.2656
+11.1750	 +3.0991	+40.5929	 -0.9494	 -0.6598	 -0.4964
 +8.9431	 +3.2273	 -5.2502	 +1.9052	 +2.1643	 +0.1653
 -7.2473	 +8.1277	 -5.2225	 -1.8620	 -1.7110	 -3.4871
 +6.1382	 +1.7045	 +4.7679	 +2.7855	 -5.5705	 -0.6039
 -7.2085	 +4.2156	 -1.0084	 +3.8045	 -1.5647	 -1.6020
 -6.5621	 -7.4959	-14.5110	 +2.2069	 -1.8586	 +2.0785
-19.1126	 -0.8640	 -2.2285	 +0.6248	 -2.2734	 -2.4256
 -2.9352	 -5.0842	 +6.2609	 -0.1077	 -1.3047	 -1.4423
-62.8091	-16.7087	-25.4831	 -0.0525	 +0.3079	 +0.1352
 -2.6994	 -8.2093	 -0.2544	 +1.1598	 +1.5645	 -3.2164
-15.8609	 +3.9277	 +0.8202	 -2.8627	 +0.7266	 -2.4243
 -6.7880	 +0.4736	 +0.4592	 -2.9121	 +2.6901	 -1.2446
