# Num Particles: 1000
# Num Cores: 1
# Total Energy: -1.008601e+04
# Iterations: 821 of 1000
# Current Time: 2018-05-06 06:14:25.996243
# Elapsed Time: 13:00:26.768247
# Avg. Step Time: 0:00:57.036259
# 
# x	y	z	vx	vy	vz
# 
 -5.8725	-14.9003	+19.0925	 +0.1115	 +0.0377	 +0.8175
+21.8024	+10.1553	+12.0625	 -0.3641	 +0.3043	 +0.0763
 -8.2119	 -3.6308	 +0.7558	 +1.2241	 +2.0412	 +2.6090
-30.2055	+37.3287	 -6.3855	 -0.6541	 -1.9427	 +1.0816
 -5.6033	 -5.7233	 -0.9919	 -0.3015	 +1.7280	 -0.7513
 +9.2639	 +5.5908	 +0.5560	 -0.3908	 -1.4568	 +2.5130
 +3.4315	 -0.2970	 -2.4872	 +0.8248	 -2.2797	 -2.2960
 -1.8862	-12.6867	 -5.9633	 -0.5796	 -3.1601	 +0.9884
 +7.9463	-27.3717	-15.3730	 -0.3613	 +2.0667	 +1.6288
 +9.1884	-33.1471	 -0.2713	 +2.2254	 -1.7918	 -0.3940
 -9.2504	+14.1212	+13.6582	 +2.3229	 +0.4306	 -1.7202
 -3.5262	 +5.8597	 -2.2646	 -1.3979	 -1.7543	 -0.0889
 +5.1961	 -0.1555	 +2.4043	 -0.8185	 -2.7748	 -2.1261
-31.3965	 -1.3648	+16.3267	 -0.7058	 -1.2422	 +2.7826
 -9.8529	 -3.3518	 -9.9551	 +0.0870	 +2.1035	 +2.1664
-17.8769	 -1.3843	 +4.2259	 +0.8429	 +3.4842	 +2.2014
+15.4444	-25.2372	+15.4956	 +1.6389	 +1.2047	 -0.9025
-15.3757	 +9.9162	 -2.3597	 +1.2430	 -0.7106	 +3.9516
 +3.9670	 -0.5135	-12.4982	 +1.2751	 +1.9958	 -1.3473
-49.0428	-32.7906	 +3.1357	 -1.0431	 +1.7119	 -2.5600
 +6.9492	-12.7526	 -3.9960	 +0.3500	 -1.8735	 +0.0537
 -8.9636	-10.5022	 -1.2958	 +1.7792	 -0.9541	 +2.6281
 -5.4109	 -1.5272	 -2.6177	 +0.6170	 +3.3601	 +1.1134
 -3.8430	+19.0467	 +5.8400	 +0.2956	 -0.0557	 -1.1174
 +9.5749	 -7.4999	+25.1172	 +1.7407	 +0.3462	 +1.6458
 +6.3005	 +1.8453	-13.2403	 +1.3628	 -3.4469	 +3.5275
 +7.0517	 -7.8154	 +2.1003	 +2.1598	 -3.4711	 +1.0253
 +8.8446	 +5.8071	 -9.0104	 +2.9909	 -1.8719	 +0.2390
+15.0376	+19.0224	 +7.2582	 +2.4226	 -1.3592	 -1.1339
-29.6519	+44.8188	+20.5504	 -0.5655	 +0.1289	 +0.0422
 +5.4562	-13.2077	-11.6589	 +3.9846	 -0.7187	 -0.2360
+40.8907	+14.7154	+16.5735	 +0.4240	 -2.2140	 -1.8706
+33.3184	 -7.9722	-26.3993	 -0.9894	 -0.7614	 -0.0235
 -4.1596	-19.7231	 -0.9674	 +1.4187	 -3.3482	 -2.7407
+16.8902	-68.6035	+41.1009	 +0.4530	 -1.1783	 +0.1981
+257.0675	+1078.6766	+69.6311	 +6.1532	+25.7579	 +1.8921
-13.1126	-18.3653	 +2.1686	 -0.5353	 +3.0938	 +0.9668
 -4.5214	 +1.2446	 +6.4827	 +2.2194	 +0.9614	 +1.1204
+132.6033	+26.3386	+293.7988	 +2.0737	 +0.6966	 +5.1806
-23.2060	 -5.7598	+11.5239	 +0.4274	 -0.0453	 +0.8868
 -8.2061	 -3.7566	-29.2268	 -0.1205	 +0.9235	 +1.1864
-37.3242	+12.0442	-15.2597	 +0.7963	 -0.6751	 +0.6913
 -4.2367	 -4.7166	 +7.4138	 -1.2089	 -3.2987	 -0.5291
 -4.1412	+12.3850	 +3.5490	 -2.8069	 -1.2893	 +0.2958
 -0.3705	+28.6327	 -1.2933	 +1.2364	 +0.7086	 +0.6188
 +4.8673	+14.8641	 -9.3894	 +1.4217	 -0.8870	 -0.1518
-14.4280	-13.0859	-20.7713	 +0.0487	 +2.1300	 -0.1924
-46.4295	 -4.1571	-30.8673	 -1.7185	 +0.4527	 +0.2404
 -3.5208	 -3.5846	 -5.1552	 -2.3735	 +1.4804	 -1.8122
 -2.5167	-18.0930	 -2.2123	 -0.9349	 +1.5552	 -0.4362
-41.0335	+65.9653	-67.1575	 -0.6612	 -0.3921	 -0.7499
+36.8027	-11.5870	+69.1917	 -0.7787	 -0.3103	 -0.9145
+10.6499	+18.0380	+48.4261	 -1.3476	 +1.4401	 +0.5551
+12.1938	-17.9028	 +2.6621	 -2.0419	 -1.9198	 -2.0040
+10.0475	+88.3616	+16.8772	 -0.2301	 -0.3344	 -1.4803
+13.8837	-16.9607	 +1.5217	 +1.7630	 -3.7969	 -0.4199
 -7.6215	 -2.5738	 +0.9110	 -1.9599	 -3.3288	 +4.2888
 -9.6270	 -0.5412	 -9.3222	 +0.6486	 +0.1099	 -0.2916
 -2.3397	-16.2701	-22.9511	 +0.6750	 -0.3402	 +1.6575
-36.0221	+42.4125	-10.2995	 +0.9548	 +0.9052	 -0.5575
+27.4057	-11.6679	+15.7957	 -1.3627	 +0.0137	 +1.8208
+13.7424	-25.1563	+30.4797	 +0.1068	 -1.9285	 -0.3917
 +3.9141	 -8.7972	 -4.1249	 -0.8944	 +2.0171	 +0.3004
 +6.1827	-19.3106	 +8.5466	 +0.6689	 +2.6039	 +1.9312
 +7.9914	-33.4218	+13.8869	 +0.6768	 +1.4986	 +0.7260
+16.0326	+12.6161	-36.3007	 -0.1276	 -0.1054	 -0.7667
 +3.5745	+10.9643	-22.0971	 -1.4029	 -0.9756	 +0.0499
-11.8986	-11.8391	+33.9636	 -0.7389	 -1.0002	 -2.2547
+30.6479	 -0.5635	+24.3466	 -0.1205	 +0.8051	 -0.0531
-731.4279	+600.8635	+1029.1999	-10.5271	 +8.7076	+15.1237
-21.2664	 +4.4643	 -2.3006	 -1.1506	 +1.2305	 +0.1091
 -9.4081	 -2.0008	-10.3359	 +0.1865	 -2.1619	 +2.5576
 -6.4394	 -1.7448	 +4.3070	 -1.8294	 +2.6533	 -1.8113
+121.5888	 +4.0552	-114.4545	 +1.2627	 -0.2022	 +0.4569
+54.9876	 -3.1947	+14.8975	 +0.5756	 -0.0447	 +0.5638
+13.6686	+26.0165	-12.9030	 -2.2287	 +0.3112	 -1.6047
 -6.0730	+39.9063	-27.1112	 +0.3963	 -0.4060	 +0.1939
+13.4273	 +9.5552	-20.6714	 +0.9099	 +0.5696	 +2.1515
-101.2275	+238.0746	-170.6825	 -1.1908	 +3.2107	 -1.9255
-40.2078	 -1.5021	 -1.6217	 +0.6045	 -1.6504	 -0.4311
 +5.2243	 -7.9302	 -0.5120	 +0.0505	 +2.4205	 +0.8526
 -9.9484	 -8.1855	 +6.4640	 -4.1679	 +0.1826	 +1.7030
 +7.5815	-13.0867	 -1.5585	 -2.8117	 +1.4768	 +1.8098
-10.1235	+54.3220	 +9.3681	 -0.3137	 +0.1945	 +1.4950
-33.7478	+18.3048	+22.1067	 +0.1249	 -0.7294	 -1.0712
-13.6086	 -3.8734	 +2.6795	 -2.8105	 -1.7548	 -3.2107
 +1.5213	+11.1041	-14.0213	 +0.9603	 +0.7034	 +0.7440
-69.3721	+50.2340	-68.0824	 -1.0130	 +0.5012	 -1.1002
 +2.3730	-26.2182	 +5.3596	 +2.3323	 -1.1552	 -1.7995
-17.4813	+13.5260	-10.3055	 +1.0891	 +3.9561	 +0.1241
 +6.0249	-13.0603	 +2.0726	 -2.5948	 -0.0193	 -2.6057
 -2.0333	 -3.0130	 -1.7139	 -3.0964	 -1.0240	 -0.3353
+26.2862	+41.7638	-23.3141	 -1.0386	 -1.0741	 -0.2659
+25.3321	 -2.4257	 -4.0358	 +1.2959	 -0.1742	 +0.3629
-31.8821	 +3.6538	+17.4961	 -1.6565	 +1.6001	 +0.6559
 -9.4688	 -3.9349	 -6.0296	 -2.4569	 +0.3651	 +2.2222
+13.0694	-56.0869	 +6.0241	 +0.8008	 -0.4902	 -1.4993
 +5.9935	+14.4631	-18.7755	 +1.6740	 +0.3045	 +0.2024
+16.3956	 -7.7088	 +9.5737	 -1.6616	 +2.4343	 +0.2214
 -2.7231	 -3.8018	+24.7055	 -2.5075	 -1.5669	 -1.5725
-47.0015	-59.2087	+17.0347	 -2.0419	 -1.8731	 +0.9527
 +3.4208	 -9.9295	 -1.0118	 -1.5822	 +3.6205	 +2.4109
 +1.6597	 +0.1560	 -1.4358	 -0.3597	 -0.0518	 +3.2588
 +7.8807	 +7.1696	 +1.5874	 -0.8233	 +0.1668	 +2.3627
+513.2684	+129.2683	-259.6414	 +6.1579	 +1.5713	 -3.0418
 -1.4036	 -0.3907	 +2.1177	 -0.0750	 +1.1448	 +3.1382
+37.8652	 -0.0615	 -9.8938	 +1.5281	 +1.7417	 -1.8934
 -4.3936	-25.3607	 +7.7420	 -1.2174	 -0.0831	 -0.0762
-26.1908	-16.6845	 -6.5275	 +1.6324	 -0.6036	 +1.8451
 +2.5453	 -5.2069	 +8.7811	 -3.8643	 +1.8734	 -0.9142
 -5.9770	+16.2204	-21.8335	 +1.5240	 +2.0188	 -1.3169
+449.4916	+440.7624	-200.5612	 -0.3373	 +0.6212	 +0.3415
-139.0117	+183.6599	+222.2752	 +0.0891	 +0.9330	 +0.1323
-12.3296	 -2.6260	 -5.5818	 -0.4003	 +2.1928	 +1.6474
 +3.7476	 +7.1333	-14.5008	 +2.3992	 +1.8891	 +1.0455
 -9.7773	 +6.0548	 -6.8139	 -1.2870	 -2.0473	 -0.8067
 -0.7546	-19.5569	 +3.1809	 -1.3994	 -1.5082	 -1.8151
 -2.3232	 +0.6926	+102.0907	 -0.6412	 -0.1657	 +0.3191
-214.9212	+206.0071	-274.7045	 -5.8646	 +5.9355	 -7.9681
-50.2060	+51.9053	-42.6756	 +0.1801	 +0.0434	 -0.7069
 +4.6800	 -8.5707	 -5.8320	 +2.0350	 -3.2434	 +2.5650
 +5.9799	 +4.0853	 +8.0183	 +1.5966	 -1.4106	 -2.0369
+21.2644	 +0.8911	 -7.2631	 +0.6834	 +0.5117	 -2.7990
-11.0138	 +9.9810	 +8.8365	 -0.3174	 +0.0576	 -1.1293
 -7.6267	-30.3141	 +4.3210	 +0.9468	 -2.2360	 +0.7529
 +4.6659	-35.9001	 -8.8868	 -0.0554	 -1.4195	 +0.3503
 -9.5353	 -3.5733	 +5.5176	 -1.7971	 +0.4460	 -3.9889
+67.7002	-21.9258	+26.7190	 +1.1148	 -0.4879	 +0.5444
 -5.7124	 -2.5376	 -3.8952	 +0.1383	 +0.5079	 +0.0345
-18.8000	 +6.4778	+13.3419	 -0.6290	 +1.6185	 +0.7874
+16.0565	-63.4790	-229.7481	 -0.0047	 -1.1260	 -0.4374
 +0.4013	+11.9203	-24.0953	 -1.5967	 +0.7291	 +3.1016
+20.8249	+13.0741	+14.7062	 +0.4081	 -0.1923	 +1.1044
 +1.5237	 -0.2872	 +0.1597	 -1.1775	 -2.2099	 +1.5424
 -7.8563	-15.9367	 +2.4755	 +1.5946	 -0.0358	 +0.3538
-52.8766	-27.4661	+12.8274	 -0.3221	 -0.6518	 +0.6215
+14.2880	 -2.8810	 -6.9489	 +0.0161	 +3.4128	 +1.5171
-37.1192	 +8.5499	-31.8788	 -0.0744	 +1.2761	 -1.1988
 -0.1139	 +5.3166	-11.4354	 -1.3301	 +3.0682	 +1.4622
-118.7159	+114.2950	+58.2863	 -0.6673	 +0.7721	 +0.2893
 +7.9820	 -5.7516	 +4.0624	 +1.0337	 +1.5042	 -0.9329
+14.2966	+15.7135	-20.9532	 +2.2460	 -1.2401	 +1.3322
+822.9065	-269.0292	-212.4978	+13.5718	 -4.3409	 -3.3377
-38.3013	-63.6757	+20.7947	 -1.2128	 +0.1293	 -1.3917
+17.2009	+54.0131	+18.5752	 +2.2799	 +0.3287	 +0.6329
 +1.6835	 -1.0274	 +8.2021	 -3.2179	 +0.2641	 +2.6711
-23.4019	+57.8928	 +2.4028	 +1.8409	 +0.3926	 -1.9900
-11.8267	+13.2349	-13.2721	 -1.8424	 -0.8050	 +0.6320
 +8.3673	 -0.1658	-23.9889	 -0.8189	 -1.8904	 -2.6765
 -9.1421	+19.1844	 +3.1773	 -0.2759	 -2.9394	 -0.6373
 -7.3951	 +6.2847	 -4.2607	 -2.1828	 -1.9620	 +0.0960
 +2.6234	 -3.3950	 -3.7041	 -0.1328	 +0.7637	 +0.0516
-13.3748	 +9.6548	 +2.0609	 +1.1931	 -0.6325	 -0.1551
-11.4993	+18.7005	+15.9672	 -0.4645	 -0.2367	 -1.7487
-11.6274	 +4.7403	-15.7050	 -1.1284	 -0.7146	 +0.3059
+24.0761	 -4.9102	+26.3217	 +0.2239	 -0.5886	 -0.5846
 +5.5758	-13.1988	+12.4112	 -3.3130	 +0.2000	 +1.7922
 -9.6820	 -1.0495	-30.2549	 +2.5886	 -1.0329	 -1.0045
 +4.3697	 -9.3609	 -5.4075	 -0.5961	 +0.3325	 -0.0391
-14.3070	 +4.6875	 +1.2197	 +0.0248	 +0.9390	 +0.8917
+15.5997	-13.1249	+71.1971	 +0.5277	 -0.8077	 -0.0459
 -9.9736	-16.8732	 +3.6205	 +2.4006	 +2.8490	 -1.9809
 +2.0541	-12.4595	 +1.5468	 +1.6596	 -2.6325	 +0.3671
+32.5560	 +2.4050	-10.2342	 -0.7193	 +1.4681	 +0.1631
 -7.7808	-14.2370	 +3.6851	 +2.2531	 -0.4845	 +1.4970
 +6.7907	 +3.1567	 -6.4430	 +1.3735	 +1.0361	 +0.6588
 -6.3243	-25.2734	+12.3418	 -1.0560	 -0.3841	 -0.7014
-37.3271	-11.2377	-15.2646	 -0.2133	 -0.5145	 +1.5085
-12.2425	 -4.5113	+10.6996	 +2.2202	 -1.7875	 +0.5171
 +0.4165	 -9.3782	+22.1423	 -0.4458	 +0.1107	 +1.6134
 -2.2108	 +0.9448	-15.5277	 +1.8285	 -1.7511	 +2.7920
 -6.6175	 -4.7135	 +1.5455	 -2.4227	 -0.4613	 +0.0114
+11.3572	 +9.0569	-23.1844	 +0.3347	 -2.2899	 -0.3621
 +5.5510	-62.4423	+18.9736	 -0.3472	 -1.4518	 +0.0204
 -5.0899	-34.2062	-11.3283	 -0.1850	 +0.8230	 +0.2089
+36.4776	-95.6257	+39.2892	 +1.4032	 -0.4572	 +0.0201
 +8.8464	-32.5077	+19.6147	 -2.0242	 -0.8169	 -0.7229
+25.5299	-16.3381	+18.9245	 -1.6442	 +1.7579	 -0.8217
 -0.2574	 +1.2449	 -2.7438	 -2.2791	 -0.9195	 -1.0106
 +4.2875	 -0.0296	 +8.7905	 -2.3463	 +0.5396	 +2.1026
-690.8192	+110.7952	+276.9930	 -9.7062	 +1.5536	 +3.8079
+50.8662	-124.5912	+25.4313	 +1.9165	 -4.1272	 +0.9690
 -8.9674	 -6.3050	-35.8400	 +0.8880	 +1.5674	 +0.2381
-30.3831	-10.7146	+22.1931	 +1.4284	 -0.2996	 +0.4789
 +7.6844	 +9.3692	-10.1473	 -2.0935	 +1.6212	 -2.5162
+38.6721	+88.9286	+54.7572	 +2.2696	 +4.3807	 +2.6113
 +2.7610	-12.3641	+19.2858	 -1.4398	 +0.1053	 -1.3061
 -2.9770	-15.5806	 -3.5871	 +0.3697	 +0.6244	 +0.0422
+13.1974	+15.1126	 -6.4383	 -0.2688	 -1.8607	 +1.6471
 -0.2068	 +0.6661	 -0.9814	 -0.2552	 -4.0907	 -0.9877
 -5.9815	-48.6780	 +2.6372	 +0.2975	 -0.1196	 +0.0662
 +4.4570	-12.0716	 +2.4842	 -2.3667	 +1.4229	 +1.2986
 -5.9844	+10.7495	-24.0898	 -1.9811	 -3.0190	 +0.5326
 +1.9204	 -8.3892	 -1.2594	 +2.1394	 +1.2609	 -0.4618
 +2.1057	 -6.5472	 +5.3289	 +0.6707	 -3.9331	 -0.3310
 -2.6395	 -5.1927	 -0.9807	 +2.6175	 -0.2437	 +0.0806
 +1.4965	-67.3481	+14.7128	 -0.1678	 -2.1313	 +0.5350
+19.7933	+55.8938	-10.3624	 +2.2966	 +0.6553	 -1.6587
 +4.8178	 +6.7632	 +7.1912	 +0.9892	 -1.6860	 +2.2836
 +7.6745	-60.4261	+15.8488	 -0.9060	 -9.1299	 -0.5054
-15.5135	-15.1085	+20.6082	 +0.9087	 +2.6242	 +2.4559
-34.1396	+10.6047	-17.4361	 -0.4349	 -1.7162	 +1.1211
 -9.1942	+13.0044	 +3.8056	 -1.7058	 -4.0186	 +2.6280
 -3.1460	 +4.7499	 +4.8207	 -0.2810	 +0.3333	 +3.9855
 -3.3909	 -4.2566	 -5.8970	 -4.6505	 +1.6285	 +0.0741
-11.8560	 -4.8640	 -0.7195	 -0.9987	 +0.1054	 +0.6897
 -6.0489	+14.0068	 -1.9692	 -1.7259	 +0.5648	 +0.1954
-34.6406	 -4.1407	+27.4001	 +0.8127	 -2.0602	 +1.0694
+36.1936	-48.0880	 -3.7785	 +1.4120	 +0.8190	 -1.8128
 +8.7712	+18.6917	 +4.8907	 -0.8368	 -3.5770	 -0.0021
-12.2734	-12.5020	 +0.1885	 -3.1563	 +1.8840	 +0.8876
 -8.4179	 +0.2059	 -7.2052	 +0.3833	 +2.9399	 +2.6271
 -5.1919	 -4.6930	 +0.5586	 -0.2263	 +0.6002	 -1.3720
 +8.8435	 -6.9392	 +4.2317	 -0.7767	 +0.5264	 -4.7316
+23.4751	-16.7827	 +3.4922	 -1.7252	 +0.7334	 -1.5635
+39.2463	 +8.0456	+23.9469	 -3.2047	 -0.3321	 +0.4110
-19.9730	-25.5483	 -8.7960	 -1.1004	 +0.0563	 +3.0833
 +7.0945	-15.1403	-11.2049	 -0.4888	 -0.9988	 +0.7827
-12.1657	-13.2026	 +4.5052	 -2.4581	 -1.2728	 -0.9469
 -6.5679	 -1.3795	 +0.6136	 +0.7947	 +3.9481	 +3.1385
 -7.4239	+24.2616	+29.0017	 +0.9410	 -2.0800	 -1.7378
 +1.7326	 +4.4726	 -8.1572	 +1.9065	 +3.2905	 +2.1868
-162.7265	-115.9564	-164.9790	 -2.1033	 -1.3062	 -2.2704
+89.4406	-66.6644	+42.8286	 +3.5906	 -2.6541	 +1.0473
-12.6894	 +5.4918	 -6.9276	 -2.2345	 +1.3730	 +1.2839
 -5.4683	 +0.5557	 -2.5668	 +1.6217	 -0.7440	 +1.3251
+14.0572	 +7.3041	-14.3057	 +2.1085	 +0.4487	 -0.0784
-37.6022	-156.9750	+161.8332	 -0.2401	 -1.1466	 +1.6739
+12.8099	 -4.1339	+17.3717	 +0.7507	 -0.5953	 -1.1505
 +4.1154	 -3.0343	+12.4269	 -1.7933	 +1.5265	 +1.0582
-11.3847	-17.6934	-10.8905	 -0.1367	 -1.9374	 +0.2122
+363.8131	-477.7718	-294.4007	 +5.5578	 -7.3526	 -4.4412
 -9.6284	 -1.8761	-10.6651	 +2.5486	 +0.6144	 -1.3005
+10.2744	 -2.9689	 +4.8990	 +0.0480	 -1.1810	 +1.1868
 +5.2821	 +4.1007	 +6.3894	 -1.1037	 -1.1605	 -0.1210
 +0.7460	 -3.4929	 +2.2902	 -0.8198	 -3.8671	 +2.3473
 -1.3959	-15.0232	 -1.0097	 -0.2937	 +3.8499	 -2.8206
 -5.8498	+25.0289	-32.2927	 -1.2878	 +1.2247	 +0.7317
-11.7141	 -6.6463	 +8.6351	 -1.5385	 +0.3095	 -1.4454
 +3.3065	-20.9537	 -0.1409	 -1.0668	 +1.5876	 +2.4932
 -3.8586	+65.5058	-10.3641	 -1.3383	 +1.6797	 -0.1284
-13.4320	 +1.4011	 +5.1023	 -1.0448	 -0.0198	 +2.7109
-58.7600	+89.6448	-47.0609	 -1.5709	 +1.8359	 -1.6748
+33.8789	-38.5116	-14.9681	 +1.0236	 -0.8199	 -0.5255
-96.3858	+62.9169	-75.6393	 -3.3220	 +2.2861	 -3.2859
 -2.0973	 -6.7914	+10.0383	 +0.1206	 -1.9868	 +1.1183
 -2.8247	-23.2519	 +3.5626	 -1.7343	 +3.9364	 +1.2391
+17.7450	 -2.3004	 +2.0802	 +1.6460	 -0.5592	 -0.0633
-12.1373	 +7.1588	-14.1121	 +0.6712	 +1.9837	 +0.3844
+32.8714	+129.6974	-50.1213	 -0.0964	 +0.7626	 -0.5399
-21.6747	-14.1822	 -1.9002	 -1.2862	 +3.1723	 +0.9549
+19.5526	-51.9040	+15.1730	 +0.2563	 +1.9004	 -0.1344
 +9.9233	-10.1261	 -4.8300	 +2.2245	 -0.3357	 +0.7096
-18.5947	 -2.6214	 -1.1065	 -0.3654	 -1.5206	 -1.7217
+1888.7632	-49.6420	+795.4616	 +0.2132	 -0.2336	 +0.0628
 +3.9562	 -6.0395	 -1.8772	 +2.4182	 -0.3675	 +0.4543
 -4.1502	 -0.1703	 +1.8285	 -2.4163	 -0.0719	 +2.2546
-19.7552	 +5.9559	 +8.3058	 -1.1693	 -1.5292	 -0.7969
 +5.9832	+12.1937	-31.4991	 +1.4213	 +0.6156	 -1.6617
 -5.3981	 +6.8810	+12.7287	 -0.2761	 +1.2321	 -1.8657
-71.5396	-95.8361	-36.8145	 +0.4109	 +0.1399	 +0.8517
 -8.7254	+13.1992	+12.4746	 -0.0395	 -3.8306	 -0.4932
+15.7843	-19.4851	+13.7354	 -0.7762	 +3.7802	 +0.7752
 -1.6594	+23.1557	 -7.6851	 -1.7548	 -2.2703	 -0.6916
 +2.1485	 -2.2143	 -1.5060	 +0.0614	 -0.2731	 -2.3327
-28.6547	-24.2661	 +7.1123	 -0.3493	 +2.3371	 -0.3861
 +2.4747	-17.2859	 +7.2578	 +0.4457	 -0.1706	 -1.6990
 +8.6206	+11.0836	+17.1270	 -0.1367	 +0.3149	 +0.3865
-11.2706	-22.6761	 -3.4440	 -2.0338	 +0.1311	 -2.1982
+99.5059	+213.5185	+36.4570	 +0.9868	 +2.4328	 +0.2306
 +4.7489	 -4.9982	+43.0827	 -0.8729	 -0.9161	 -1.3971
 -4.5793	 +2.4241	 -0.8491	 -3.8769	 +0.7325	 -1.4867
 -7.1983	+36.3310	 +0.4535	 -1.1666	 -0.2483	 -0.1358
 +7.6194	 -2.1391	 +5.9671	 +0.4786	 -0.4439	 -2.7610
 -8.6332	-42.2359	 +4.9738	 +1.3785	 +1.5772	 +0.5238
 +9.0198	-17.9627	 -5.1552	 +0.5373	 -1.1533	 -1.3680
+707.8359	-279.4869	-786.6468	+10.4222	 -4.1118	-11.3020
 +1.0149	+20.9948	+16.7218	 -0.9693	 -1.5225	 -0.4024
 -1.1106	-10.7564	-29.8072	 -0.0390	 -2.0379	 +2.3325
 -9.1943	+31.4605	+23.2371	 +0.4229	 -0.3054	 -0.7126
-14.2281	 +1.9203	 +8.2268	 +1.7481	 -1.5273	 +0.7781
-12.4322	 -4.4832	 -0.8424	 +1.1749	 -0.5206	 -0.5689
 -4.0630	-22.4376	 -6.1271	 +0.3949	 -2.3832	 -0.3162
+94.8030	-88.5239	-105.4520	 +1.6355	 -1.3061	 -1.8239
+11.0235	-11.8898	 -8.3451	 +0.5494	 -0.0900	 +0.9564
 -8.8225	-42.3438	 +9.3373	 -0.2940	 -1.7262	 +1.3275
-20.7676	+10.4714	 -2.9455	 -2.2658	 -0.0723	 +2.5469
+30.2675	 +4.8100	+21.7289	 -1.0449	 -0.8359	 +1.9075
 -7.9364	+10.3314	 +4.6274	 +0.8960	 +1.4680	 +0.2241
-39.5359	-95.1807	+94.8145	 +1.5726	 -0.2422	 -0.2284
-11.5986	-10.8311	 -1.1613	 -3.0719	 -1.6646	 -2.0369
 -1.8932	 +4.2486	 +4.3835	 +1.3248	 -1.4924	 -0.4431
 -0.3212	 -4.3538	 +5.8029	 +5.2870	 -0.2615	 +1.9063
 +8.6617	+10.1107	-26.8075	 +1.3078	 +0.2938	 -0.6978
-17.3647	 -0.9368	-33.9695	 -0.0892	 +0.6631	 +2.0279
+479.8748	-16.6614	+179.9733	 +6.6525	 -0.0856	 +2.6171
-28.7261	 -0.3317	-15.4474	 -1.5645	 +0.2486	 -0.9447
-56.1937	-96.4695	+67.6417	 +1.0892	 +0.5992	 -0.7971
-42.4057	 -5.6199	+38.8754	 +0.4553	 +2.1570	 +0.3165
 -8.7162	 +7.3311	+19.3484	 +2.5044	 +2.7137	 -1.2692
-21.4007	 +5.8307	-41.3733	 +2.2753	 -0.3904	 -0.9783
 +5.6298	+23.7074	 +6.7206	 +1.4678	 -2.5257	 -0.2253
 -5.7327	 -9.2732	-11.2620	 -0.0216	 +2.4471	 +1.3287
-11.6820	 +3.1385	 +0.3037	 -1.9943	 +1.5549	 -0.4674
-30.7563	+15.2463	 +2.6380	 -0.0291	 +1.3947	 -0.6711
-10.4542	 -4.4065	 +5.4502	 +2.9185	 +0.4847	 -2.4494
 +6.3591	 -0.1833	 +6.7595	 -2.6178	 -3.3827	 +0.2459
 +8.6791	-12.0690	 -7.3946	 +2.3368	 +2.3305	 -0.9107
+54.0927	+59.8494	+81.2642	 +1.0254	 +0.0850	 +1.4586
+11.4033	 -5.5195	 -4.2636	 -0.0154	 +0.5194	 -1.7513
 -6.8834	-14.9887	 -5.1115	 -1.8340	 +1.9858	 +0.3981
 -9.0106	 -9.0211	 +0.1951	 +1.8235	 -2.0841	 +0.9421
 -0.5201	 -6.2365	 -9.4298	 +1.7926	 -3.7156	 -0.2741
 -8.5367	 +0.7753	 +6.6915	 -0.7121	 -2.2990	 +3.1431
 +1.9603	 -5.8456	 -8.9702	 -0.6417	 +4.5106	 +1.5093
 +3.0087	 +4.6218	 +1.1650	 -2.1631	 -4.0276	 +1.6813
 -6.8465	 -8.9319	-23.2087	 +0.4357	 -2.3228	 +2.5458
-16.0043	 +1.7281	 +3.7217	 -2.0346	 +0.6825	 +0.7538
-38.3429	 +5.8508	+28.5699	 -0.8301	 +0.6974	 -0.5253
 +4.8608	 -5.7127	 -3.8554	 -0.4237	 -0.3275	 -3.1580
 -8.3413	 +4.3959	 -0.9117	 +0.1587	 -1.3366	 +0.3646
-40.1884	+45.5343	+28.6967	 +0.3836	 +1.3809	 +0.4725
-17.2940	 -5.3913	 +5.0421	 -0.8293	 -0.7570	 -2.8252
 +0.5292	 -5.6388	 +3.0490	 +1.8535	 -1.4289	 +0.0454
 -2.6559	 -3.0387	 -1.1303	 +3.9796	 -0.0836	 -0.4308
+10.1622	-13.2609	 -4.7391	 +0.9753	 -2.3618	 -1.9287
-102.2091	-102.2693	+203.7907	 +0.7940	 -0.5196	 -0.2057
-14.1066	+10.8154	 +2.7705	 +0.9182	 -0.5789	 -1.5048
 -7.9577	 -3.9264	 -8.2992	 +2.1163	 +2.5129	 +0.6264
 -8.7068	 -0.2823	 -9.8720	 +4.0832	 -0.5610	 -0.0393
-18.9299	-20.9714	 +7.7563	 +0.5131	 -0.0557	 -1.2773
-11.0459	 +4.2456	+13.8051	 -0.8979	 +0.7129	 -0.0033
+13.6987	 -9.7850	+15.7388	 +3.4993	 +2.7075	 +0.5232
 -4.8234	-10.5235	 +3.2179	 -0.2475	 +0.9371	 -0.0260
-19.5103	+11.1207	-12.0103	 -3.0099	 +0.3718	 +0.5039
-10.2193	 -0.2389	-25.5481	 +1.6722	 +0.7186	 +0.7654
 -0.8747	 -7.6971	 -0.8254	 +1.7050	 +1.8261	 -3.3372
-26.4642	 -1.4333	 +6.3930	 -2.8334	 -0.1430	 +0.4228
 -5.1344	 +5.0510	 +6.6171	 -2.0338	 +0.0673	 -2.4022
 -3.8183	-10.8652	+11.6668	 -2.4655	 +0.9554	 -0.6831
 +0.1758	 +0.7876	 +0.2605	 +0.1474	 +3.7234	 -2.7596
 +8.0621	 -7.1852	+13.2991	 -0.4750	 +3.4711	 -0.6582
 -7.2912	 -4.7927	 +4.2561	 -0.7956	 +1.9995	 -4.1483
 +6.1211	 +2.6936	 -1.0875	 +2.5088	 +0.7768	 +2.9493
-86.5825	+435.0142	-107.2099	 -1.8665	 +9.6037	 -2.3780
 -6.5841	 +2.6561	 -4.8943	 -3.0981	 +0.3064	 -1.0488
 +7.7111	 +2.6136	+13.1134	 +0.4300	 -0.0060	 -0.2817
-19.6013	-24.4547	+34.6782	 +1.1426	 +0.6526	 +2.3652
 +8.4422	 -6.8992	+14.5964	 -2.3778	 +1.3350	 -1.3207
 -6.7080	 -9.7454	+14.5466	 -1.4982	 +1.1647	 -1.9331
+32.8964	-333.0535	-184.9724	 +0.7565	 -7.2818	 -4.0364
-11.9571	+18.7662	-12.1928	 +0.6587	 -0.5378	 -0.1803
-22.1281	 +4.6473	-10.7606	 +1.3108	 -2.7154	 -0.9672
 -4.4940	 -4.1244	-21.8543	 +0.0344	 -2.3053	 -0.7634
 -9.4623	-12.7870	 -3.3410	 +2.5709	 +1.2954	 +0.1641
-23.5613	 +6.7516	+12.7430	 +2.4125	 -0.1382	 -2.7143
-16.0715	-38.0245	+14.8965	 +0.8276	 +1.8331	 -1.8698
 +3.1335	 -0.1209	 +4.1518	 -2.6812	 +1.2550	 -1.2094
 -7.3264	 -5.8985	 +3.1875	 +4.4616	 +0.2580	 -2.5464
 -4.5296	 -3.6107	 +8.7223	 -2.3235	 +2.4707	 -0.0293
 +6.7213	 +0.6927	 +2.3566	 +2.9009	 -0.9312	 -0.7548
-87.5717	+30.8153	+51.7480	 -0.8820	 -0.6642	 +0.3430
 -7.3181	 -5.9161	-12.6248	 +1.8184	 -0.2048	 -3.1187
+176.6440	-84.1622	+86.0581	 +7.4779	 -3.7643	 +3.6856
-31.1933	 +8.1528	+14.9667	 +1.4136	 -0.6702	 +2.4057
-33.3185	-20.4257	-22.1156	 +0.6886	 +1.0648	 -0.1005
 -6.6450	 +1.3872	 -1.7714	 -1.5685	 +1.1097	 +0.3940
-98.4265	-92.9206	-139.6676	 -2.9866	 -2.5127	 -4.3108
 +4.5423	+17.2141	 +2.5657	 -1.2696	 +1.2585	 -1.3844
 +1.1935	 -8.2220	 +4.1539	 -1.9184	 +2.4232	 +1.8411
-10.4727	+22.0543	 -3.7696	 -0.6596	 -1.4693	 +0.4113
 -5.0848	-35.1521	 +4.1890	 -0.4029	 -0.8232	 +2.0959
-15.2885	 -6.9567	 +0.1864	 -3.1341	 +1.7360	 -0.9215
+16.5892	 +4.7471	-11.5495	 -1.6082	 -0.8258	 -2.9247
-34.5174	-57.7025	+44.9855	 -1.0467	 +0.4323	 -0.4305
 +5.1081	-13.9775	 +6.8458	 -1.9432	 -1.1141	 +0.0264
 -0.4314	 -3.8137	 +8.5273	 -3.9484	 -0.7898	 -0.3497
 +1.5972	 +4.0898	 +7.3700	 -1.9200	 +0.8373	 +2.0491
 -4.8235	-11.5807	 +2.7951	 -1.5193	 -1.6841	 +2.0979
-11.9799	 -5.0621	+16.0440	 -0.2877	 -0.2995	 -1.4662
-14.9965	-39.4368	-15.3958	 +0.7854	 -0.8317	 -0.9869
-19.3485	+24.5730	 +5.5518	 -0.0381	 -0.9557	 +2.6744
-28.2096	+10.1200	-93.8171	 +0.5321	 +0.1150	 -2.0479
-10.6126	 +5.2991	 +1.0528	 +2.9650	 +1.2204	 -2.6071
+89.0389	+44.3767	+179.5873	 +1.0741	 +0.1799	 +1.9185
-10.7745	 +7.8895	 +7.6635	 +0.4804	 -1.7697	 +0.5250
+12.2962	-10.7206	 +3.4415	 -0.3779	 +1.7879	 -1.0538
 -1.9324	 +2.1687	 +2.9805	 +0.6855	 -1.1798	 +0.0498
 -9.1585	 +3.1654	-13.3903	 +0.3431	 -1.3708	 +1.6085
 -5.2965	+17.3521	 -6.1449	 -0.7856	 -0.7249	 -2.1615
 +8.5981	-20.8545	+16.9369	 -0.9443	 +0.6990	 +0.9267
+11.9494	-13.2873	-19.0005	 -1.4137	 -1.0369	 -0.1740
 +4.6516	 +6.0828	 +1.9315	 -0.5877	 -2.6085	 +0.7838
-471.6806	-72.7577	-107.0619	 -6.9812	 -1.0422	 -1.7373
 -1.9303	 +0.6430	+12.6948	 +2.7188	 -2.7483	 -1.1937
 +6.7359	 +5.4277	 -0.0661	 +0.0198	 +0.7718	 -2.3484
-12.3440	-12.3864	 +1.4521	 -2.5471	 +2.1351	 +3.2992
-11.9218	+23.5499	 -5.7624	 -0.9567	 +0.9637	 +1.2339
 +2.9480	 +2.8039	 -3.2902	 -1.5650	 +0.2498	 -2.5279
+54.4080	-31.5040	-103.6033	 -0.6783	 -0.0077	 -0.7986
 +9.4468	 -2.6476	 +4.1148	 +1.0402	 +1.4385	 -1.7538
+21.0814	-65.6426	 +3.9943	 -0.2561	 -1.7248	 -0.4978
-10.2144	 -7.6990	 +0.7342	 +1.2825	 +1.4767	 +1.4496
-17.7127	 +0.5559	 +5.1123	 -2.0855	 -0.6615	 +2.4931
-27.5749	 +2.6124	 -0.2150	 +0.3861	 -2.8858	 -0.3605
 +7.2598	-46.5792	 -6.6953	 +1.1569	 +0.5730	 +0.5168
-10.2097	 -3.1535	-21.2405	 -0.0560	 +1.5207	 -0.1921
-33.0384	 +3.6065	 +8.1049	 +1.7936	 +1.4937	 -1.1752
+18.0600	-15.2492	-23.5379	 -0.2895	 -2.0122	 -0.4513
-19.5774	-27.6794	-24.7987	 +0.0072	 +3.2032	 -1.2851
 -9.8234	 -4.8010	 +4.3514	 -2.5517	 +2.4524	 +2.0058
 -9.5806	 +0.1749	 +1.4823	 -2.3044	 -1.9289	 -0.1033
 -7.9142	 -1.7305	 +6.0203	 -0.4006	 -0.2664	 +0.0066
 -2.5234	-37.6434	 -6.0719	 +0.6486	 -0.3966	 +0.8484
-17.5349	+10.3383	-11.7113	 +0.5038	 -2.2140	 +2.1661
+18.9101	-16.7069	+17.5636	 +0.9970	 -1.0783	 -0.2552
+19.0123	 +9.4940	-12.0650	 +0.5831	 -2.2190	 -0.7957
-17.2259	+32.1901	-19.1400	 -0.0342	 +0.1685	 +0.0476
 +4.7085	+52.8555	-14.8793	 +0.9745	 +0.6392	 -0.7346
 +8.4983	 -2.1369	+11.4389	 +0.8701	 +0.5211	 -1.7688
-90.0446	+53.8792	+132.6933	 -1.6774	 +1.3357	 +2.0271
+10.8097	 -4.1974	+15.4022	 +0.8729	 +0.5327	 -0.1163
 -4.6911	 +6.7055	-11.1316	 -0.8337	 -1.3056	 -2.1259
 -1.5076	 +4.8617	 -2.8587	 +0.4642	 +0.6330	 +0.5290
-18.4835	 +1.4993	 +6.7084	 -0.5480	 +1.3177	 +0.6916
 -5.1661	 +2.3844	 -6.8177	 -1.7249	 -3.1017	 +1.5121
+46.2778	+71.3639	-15.3783	 +1.0790	 +2.2133	 -0.7749
 -6.9773	-22.1468	 -1.1516	 -1.4913	 -2.2605	 -3.6702
 +1.0516	 -3.2750	 -7.7674	 -3.0997	 -3.6358	 +0.3755
+60.0124	-99.1132	+34.6243	 +1.2986	 -2.8151	 +0.3234
 -3.1507	 +0.0280	+28.3317	 +0.7154	 +1.0143	 +0.9447
+33.2837	+61.6603	-286.0061	 +1.6008	 +3.5795	-15.0593
 +1.9056	-14.0116	 -4.1152	 +1.4732	 +1.7660	 -1.1073
 +9.0319	-19.4034	+11.6308	 -0.4887	 -2.1804	 -0.5301
 +9.3960	 -6.3507	+10.4549	 -0.6410	 -1.1450	 -1.9804
-20.7726	 -5.8477	 +1.7974	 +1.3687	 -2.1287	 +3.7061
-18.3098	-13.4931	 -1.0958	 +0.9897	 -2.1713	 -0.4956
+11.7010	 -9.2894	 -2.9634	 -0.7775	 +1.1200	 -0.0286
-190.1046	+271.1718	+41.2756	 -1.9836	 +2.7883	 +0.4695
-10.9884	-15.4442	 +5.2509	 -1.0362	 +1.2770	 -0.4712
-221.7969	+26.1684	-256.2782	 -5.4361	 +0.3842	 -6.3473
+29.2372	+37.0640	-74.6717	 -0.0248	 +0.0478	 -0.5228
+15.3848	-27.1063	 +0.2471	 +0.8341	 -0.2200	 +1.2868
 -5.8656	-10.5253	 -3.4509	 +2.2739	 -0.9127	 +1.0234
 -4.8109	 -3.0533	 +3.5719	 -1.8120	 -1.0268	 -2.2805
 -1.5329	 +2.4566	 -2.6353	 -1.6455	 +0.5449	 +0.0793
+19.4587	+17.8763	+52.0398	 -0.5764	 -1.1807	 -1.2445
 -1.2901	+37.1442	 -9.5068	 -0.0961	 -2.7090	 +0.1735
 +4.4828	 +8.1493	 +9.1632	 +0.3517	 -1.8697	 +3.6349
 -7.2576	 -2.2715	 -1.9686	 -1.5829	 +3.0301	 -0.4320
-11.1110	 -2.4175	-10.6450	 +2.7806	 -2.2947	 -0.5833
+19.4657	-34.5106	+15.6236	 +0.4862	 -0.9764	 +0.7846
 +0.1345	-36.2116	 -3.8405	 -0.0650	 -2.0665	 -0.4425
 +4.9740	-32.7191	+33.5271	 -1.1018	 +0.8811	 -0.0103
-164.0182	+127.8026	-82.2763	 -1.6282	 +1.1564	 -0.6249
 +9.6602	 -2.3102	-17.9985	 -0.5779	 -0.4742	 +0.8389
 +9.5281	-56.4537	-65.2296	 -0.7036	 -1.3069	 -0.1448
+16.8668	-18.8412	 -4.4955	 +1.1383	 +0.0003	 +0.3107
-58.2269	+27.2856	-142.1599	 -0.4386	 +0.6254	 -1.6422
 -3.9357	 -4.3628	 -1.8546	 +3.0592	 -1.3898	 -4.0925
+12.8336	 -4.4606	 -7.5709	 -0.6590	 +0.8775	 +2.2175
-77.9043	+70.1729	 +7.9331	 +1.3096	 -0.4586	 +0.3566
 +4.8626	 +0.6739	 +3.6275	 +2.3886	 +3.4225	 -1.8128
 -6.3626	 -7.2247	 +8.6602	 -0.7114	 +0.2110	 +2.8606
 -7.8286	-11.8764	 +2.2772	 -1.5830	 +2.5209	 +1.5897
 -1.5531	 -0.6498	 +7.8687	 +0.8739	 +1.8309	 +1.7457
 -1.2148	-28.3919	 -0.7833	 +1.2294	 -2.8796	 +1.1379
+18.0509	 +7.4586	 -1.0102	 -0.0767	 -2.6854	 +0.6325
 +4.6479	 +2.2855	 +4.8228	 -2.6800	 -1.2482	 +2.8947
+16.4227	 -9.3675	 -6.6542	 -0.4542	 +1.3486	 -1.0184
+24.0504	-29.2559	+21.0720	 -0.3855	 -0.4954	 -1.1163
 +0.0748	-12.4014	 -0.7751	 -3.9129	 +2.2205	 -0.6570
+33.9854	-64.3886	-24.9104	 +0.2434	 -0.7091	 +0.8535
 -4.7296	 -0.7673	 +2.4910	 -2.2909	 +0.7222	 +0.0208
 +6.2570	 +6.4904	-10.7943	 +1.5381	 +1.3374	 -1.5873
-28.4850	+47.2521	-13.9267	 -0.5801	 +1.5899	 -0.7698
-14.6683	-29.9595	+26.5401	 +0.4210	 +1.5757	 +0.4713
+25.8198	+45.8353	+27.5849	 -0.4771	 -1.0158	 +0.0020
 +6.9387	 -3.4580	-11.7145	 -3.6933	 -0.3953	 -0.9890
 -4.7369	-12.8135	-10.7819	 +1.2489	 +1.6361	 -1.3742
-24.1998	 -9.9061	+22.7276	 +0.3160	 -0.5166	 +2.7015
 -4.0685	 -1.0984	 -3.3723	 +0.8881	 -1.6840	 +0.8000
+25.5509	 -4.4470	 +7.6057	 -0.2536	 -0.7375	 +0.6071
+196.8456	-83.5854	+271.2229	 +4.6476	 -2.0619	 +6.3205
 -7.1847	 +8.6173	 -5.3682	 +0.1062	 +2.0584	 +2.7551
 -2.9413	 -0.2950	 +5.1513	 -2.4075	 -1.9543	 +3.2461
 +4.9140	+23.8590	-20.9254	 +0.4289	 -1.6971	 +0.3619
 +9.4621	-18.4667	 -6.9071	 +0.0812	 -4.7588	 -1.3029
 -5.8835	 -3.3271	+12.3182	 +2.5639	 +0.5112	 +2.1745
+39.1953	+124.6337	-29.4520	 +0.8230	 -0.0295	 -0.3972
-24.5259	-16.2781	-14.3840	 -1.9025	 -0.5896	 -1.8187
 -2.2132	 -7.5630	 +8.5139	 -0.6453	 +1.2358	 -1.6396
 -0.6044	 -3.4143	 +3.8405	 +1.2938	 +1.2969	 +1.1237
-58.3141	 -5.5725	-22.6808	 -0.9877	 -1.7226	 +1.0658
-62.4178	+10.1840	 +1.2015	 -0.1272	 -0.6400	 -0.0351
+16.8028	+15.4045	+16.3984	 -1.9139	 -1.5509	 -0.0167
+15.6534	-25.4965	-44.1096	 +0.9511	 +0.9471	 +0.3917
 -0.9946	+40.5975	 -8.9607	 +0.4932	 -1.8513	 -0.1429
 -1.3421	 +9.7578	 -7.1428	 -1.7761	 -2.8315	 -0.3944
-60.8285	+51.1082	-21.6515	 +0.0330	 -0.1742	 -0.3073
-10.2224	 -9.8988	 -6.4458	 +0.8764	 -0.6033	 +2.7260
 +7.2228	 -1.9448	-11.2132	 -1.2777	 -1.7316	 +0.8910
 +1.5588	 -6.9117	 -4.9885	 -1.5207	 +1.5400	 -3.4620
-11.1175	-14.7974	+17.3552	 -2.9248	 -0.3417	 +0.4655
 -3.8756	+35.3646	 +6.1700	 +1.1213	 +0.6139	 +1.9465
 -5.5250	-16.9913	+30.1978	 +0.5629	 -1.1329	 +3.7094
-825.0084	+199.4227	+309.7097	-13.4893	 +3.3508	 +5.2406
-50.3898	-173.1209	+67.3021	 -1.0556	 -2.5971	 +1.0208
 +2.7586	+10.5806	 -7.4911	 +0.0642	 +2.3938	 -0.0915
+12.4140	+29.4909	+22.6611	 -0.7747	 -1.1300	 +0.1612
 -0.0011	 -6.3832	 +2.8003	 -3.3158	 +0.7123	 -1.9582
 +4.6328	-11.6274	 +1.6117	 +2.2818	 +2.3950	 +1.9060
 -5.8308	-27.4186	 -9.4669	 +0.1787	 +0.6399	 +1.0886
 -9.6111	 -0.0997	 +0.6557	 +3.2064	 -0.2637	 -3.3690
 -6.5970	 -2.5296	 +9.5862	 -1.5516	 -4.5572	 +0.0458
-14.0954	+20.1660	 -4.6233	 +1.9543	 -0.2969	 +0.0169
-10.5026	 +5.2048	 +1.2382	 +1.5098	 -0.0580	 -3.4884
 +0.2627	 -3.1853	 +0.4812	 -2.5674	 -0.9013	 -0.7326
 +4.3075	-25.8212	 -8.7881	 +1.6265	 +0.9456	 +1.0768
 -8.9631	 +2.4368	+21.0699	 -1.4774	 +2.9024	 -2.1466
 +1.0144	-12.0789	+12.7656	 -0.3819	 -3.2873	 -0.9952
+15.2540	+25.1751	 -2.9517	 +1.6605	 -0.6700	 +0.0419
 -2.7601	 +8.4458	 +7.9134	 -2.6527	 +2.8563	 +0.6369
 -8.1657	 +4.3385	 +3.8607	 +3.3986	 -2.3582	 -1.5665
+32.8428	 +4.7511	+12.9586	 +0.5872	 -0.3932	 +0.7217
 -4.7529	-47.6913	+12.3304	 +0.5831	 -0.4235	 -1.6590
 -8.9253	 -9.2171	-16.7594	 -2.3990	 -1.5152	 +1.3866
-41.4384	+17.2002	-14.7410	 +1.7173	 -1.2578	 -1.2041
-21.9251	-24.4802	 +9.2670	 -1.9711	 -2.7534	 -1.2584
 -4.3477	 +2.4635	 -2.6458	 +2.1361	 -3.5433	 +1.9450
-18.9354	 -6.1731	 -2.2983	 -2.6644	 -1.3863	 -1.5036
 +5.7005	 +3.8536	+37.4791	 -0.7358	 +0.6761	 +0.2831
+15.3405	 -2.3202	 +5.0475	 +2.4105	 +2.3183	 +0.7682
 +1.7226	 -1.9386	 -3.7094	 -0.2882	 +2.0670	 -1.7694
 -3.1978	 -6.4119	-12.6848	 -1.0715	 -2.6530	 -0.9651
-18.1747	 -3.6160	 +2.6940	 +0.4664	 -1.2390	 +1.4982
-10.8882	+12.7044	 +6.1169	 -0.0897	 -2.0121	 +2.3113
 -2.2212	 -6.2538	-23.8737	 -1.6062	 -1.5806	 -0.1874
 -1.5181	 +5.8761	 -5.8259	 +1.1995	 -3.4453	 +0.6328
-10.3220	+89.5593	-12.1444	 +0.0915	 +3.1163	 -0.1017
 +1.9475	+10.0999	-23.0464	 -1.6435	 -0.8757	 -0.9947
 -0.0368	 -3.4725	-12.7463	 -2.1649	 +0.9921	 -1.5908
 -6.4783	 +0.5796	 +5.5087	 +0.2277	 -0.1554	 +0.7080
 -1.9130	 -3.2066	-10.7057	 -0.3789	 +0.5827	 -1.1983
 -4.2213	 +4.2890	 -1.5591	 +1.3585	 +2.3590	 +1.3974
 +6.1251	 -7.5605	-29.6205	 +1.9590	 -0.4587	 -1.8589
 -6.2651	-19.0009	 +7.7921	 +1.7134	 -0.9232	 +1.2578
+297.4896	+134.2878	 -4.9132	 +4.5554	 +2.1354	 +0.1858
 -1.0775	-10.1830	+12.6250	 +0.6526	 +1.4714	 +0.0898
-24.0572	-21.1471	+14.1278	 +0.1354	 +1.9848	 -0.5863
 -5.8207	+16.5591	-17.8723	 +3.3662	 +0.6613	 -0.4282
-42.2510	+24.9367	 +7.1689	 -0.9583	 -0.2947	 +0.5124
 -6.2617	 +6.4174	+61.7050	 -0.6633	 +0.5124	 -0.4783
+11.1582	+19.0863	 -3.5396	 -0.3452	 -3.3168	 -1.1303
-13.3710	 +6.5018	+11.6348	 +2.9413	 -0.8646	 -0.8553
 -8.7292	 -5.6976	 +5.1717	 +2.2335	 +1.6464	 +0.0428
-33.1054	+211.4965	-110.0670	 -0.7644	 +3.5563	 -1.8397
+16.1350	 -6.8828	+17.2203	 +1.3220	 -3.1113	 -1.3496
-34.9361	-39.5106	-29.1655	 -1.6272	 -1.3215	 -1.5360
-13.0102	 -2.0883	 -2.3248	 +2.7869	 -2.3669	 -1.6371
 -8.3502	 -6.6737	 +3.4247	 +2.0960	 -4.7843	 -0.5026
 +8.3251	 -1.8644	 +4.0431	 -1.1747	 -1.5384	 -1.2613
-18.2255	-17.7009	 -8.4463	 -1.1080	 -0.0252	 -1.6657
 -7.2616	-15.4386	+10.8039	 +0.3164	 +2.7010	 +1.3089
-20.8394	 -2.0758	-23.3338	 +0.6447	 +1.8650	 -1.8409
-67.9289	-48.1161	-27.0313	 -1.7385	 +0.0535	 -0.1226
-32.1938	+11.2806	 +8.4539	 -0.0030	 +0.8027	 -0.5420
 -9.3681	-12.9184	-18.4808	 -0.6480	 -2.5277	 +0.3471
 +4.6836	-23.4410	+11.3618	 -0.4609	 +0.3822	 +0.9571
 -7.2305	-20.2384	 +3.3487	 -0.8179	 +1.8800	 -1.6845
+24.7906	+12.2412	-66.0225	 +0.2381	 -0.1805	 -0.0196
+14.7449	 +5.3989	 -0.4080	 -0.7613	 +0.0897	 +0.1727
-22.2546	 +3.8757	 -0.0311	 +0.0704	 +2.5103	 -1.3214
-21.5435	 -4.4541	 +8.6128	 +1.4716	 -0.6118	 +1.2498
 +8.4385	-33.7867	+18.9239	 -0.3765	 -1.0185	 -2.2109
-10.5021	 +4.7091	 -0.6872	 +0.8392	 -1.1914	 -0.1674
+67.1557	+89.5157	+89.7884	 +0.2435	 +0.6047	 +0.9264
+14.5161	-15.5528	 -7.4428	 -1.5354	 -0.9170	 -0.8589
+22.1300	 +5.2787	 -3.9002	 -0.9509	 -0.1620	 -2.4557
+34.9527	-26.5266	 -4.8587	 +0.7020	 -0.0832	 +0.0043
+17.6604	-36.3755	-22.2476	 -1.1102	 -1.6598	 +1.4716
 -3.4649	 -4.5142	 -0.3462	 +2.9377	 +1.0280	 -1.5037
-18.9368	 -6.9168	 +2.6749	 +1.1631	 +1.0953	 +1.4740
 +7.9988	 +8.3037	 +6.1338	 +0.8672	 +0.7410	 -1.9027
-10.0523	 +0.9169	 +0.5836	 -1.4844	 +3.8814	 -2.7849
 +8.2085	 +3.2987	+11.1699	 +1.0581	 -0.8796	 +2.3296
 +2.0035	 -2.7666	 -1.2989	 -0.6332	 +1.4314	 +1.7366
 +1.2018	-17.3427	 -1.9353	 -0.0479	 +0.8329	 -0.1581
 -7.6411	 +3.5464	-12.7035	 -1.3096	 -2.7232	 -1.1801
+10.8937	 -7.2111	 +1.0062	 -1.3603	 -0.4062	 -0.5340
-756.7988	-228.8768	+635.4126	 -9.3156	 -2.7997	 +7.8921
 -3.6798	 +2.6543	 -3.4312	 +0.1257	 +3.5255	 +2.0672
 -1.2171	-12.6006	-11.4302	 +0.3174	 -1.1024	 +1.2727
 +3.2889	 -8.0855	 +3.6432	 +4.2726	 +0.6159	 +0.2927
 +6.8776	+17.1869	+15.8387	 -0.0867	 -0.5237	 -1.0670
+44.6006	+10.2762	 -8.9494	 -0.1210	 +0.3900	 +0.2020
+14.1057	 +9.6736	+23.1204	 -0.6731	 -1.7789	 -0.0327
 +3.4051	+10.8297	 -3.2857	 +3.6416	 +0.3427	 -2.3773
 -2.8174	 -5.5891	 -0.7235	 +2.9728	 +0.0078	 -1.9060
-13.7918	+21.4262	+10.0802	 -1.7175	 +2.0767	 -0.3736
+10.4195	 +3.2158	-54.1422	 +1.7313	 -0.0249	 -0.2884
 -6.1688	-45.7471	 -4.5069	 +0.6081	 -1.5195	 -0.7941
 -2.9571	 +3.6144	 +8.1101	 -2.1502	 -0.1927	 -0.7253
-13.0009	 +3.7175	 +1.2805	 +0.1105	 -1.2961	 +0.4450
-10.2018	 -2.0629	-10.7374	 -1.5149	 +0.4070	 -0.7897
+64.1825	+62.4474	+24.6302	 +5.7880	 +5.4674	 +2.7648
-50.1187	-14.2204	-25.2132	 -1.1934	 +0.9235	 +0.7252
 -0.3291	-20.5185	 +7.1131	 +0.6802	 +0.1950	 -0.6872
+38.5098	+90.1249	 +0.8158	 +1.1129	 +2.0838	 +0.5836
-10.8822	 +4.5496	 -3.0769	 -0.7045	 +0.6685	 +1.4689
+21.4829	 +1.4733	+16.7108	 -0.2767	 -0.1610	 -1.8493
 +5.5836	+14.6389	+11.4231	 +0.9953	 +0.4830	 +0.2497
 +0.3766	-11.0767	+11.7168	 -3.2137	 +1.3065	 -0.6967
-48.9484	 +7.7642	-62.9795	 +1.0215	 -0.0460	 -0.0067
+95.0411	-13.2153	 +1.1369	 -0.2275	 +1.0461	 -0.8742
 -1.3057	-36.3370	-72.5301	 -2.4309	 -1.0001	 +0.4219
+11.4809	-39.7632	 -2.0976	 -1.7886	 -1.5065	 -0.4298
-74.8621	+30.1257	 +3.7683	 -0.5453	 +1.6553	 -0.4021
 -6.5387	 +8.5129	+20.8356	 +0.3010	 +0.3974	 -0.1437
 +4.9277	-15.4964	 +3.2744	 +1.7054	 +2.6749	 -1.0466
-29.5980	 -2.4172	-29.8453	 -2.6438	 +0.1572	 -0.8332
 +5.5285	+46.6045	+54.2626	 -0.5822	 -1.8723	 +0.6366
+15.3231	 +1.2711	 +0.6836	 +1.8452	 +1.3967	 -4.0089
 +7.4233	+22.5629	+16.8177	 -2.2749	 -0.0572	 -0.2125
 -6.6364	 +9.5412	-21.4926	 +1.1371	 -1.0419	 +1.3427
-14.5211	 -2.9942	 -3.8564	 -2.1340	 +2.9950	 -0.0713
 +5.1588	+14.6750	+45.1219	 +1.3523	 -0.5575	 -0.2847
 -8.1311	+16.5123	 -1.4776	 -0.4623	 -2.0801	 -0.1615
-10.9543	 +1.3278	 +6.7501	 +3.2011	 +1.5275	 +0.1939
 -7.9820	 -2.6477	 +3.4682	 -2.9510	 -0.9674	 -1.1598
+19.6444	+46.7758	 -9.0956	 -0.0646	 +0.8350	 +0.7666
 +6.1357	-19.3193	-15.5405	 +0.7842	 +1.8604	 -1.3446
+18.8368	 +7.5371	-24.2874	 -0.1384	 +1.0184	 -1.6524
 -7.0887	 +5.6338	 -9.0452	 -1.4902	 +0.1896	 +0.3991
 -4.2459	 -0.4228	 +6.5523	 +0.6845	 +0.4518	 +5.6433
 +1.4241	-11.7962	-11.5496	 +2.0891	 -2.1715	 -1.3060
 -0.6397	-21.0861	 +1.0023	 -1.0942	 +0.8720	 +0.6332
-85.4569	-22.4597	 +2.4012	 -0.9433	 -0.6350	 +0.0093
+45.4120	-31.2025	-115.2647	 +0.4223	 -0.4089	 -0.7317
 +1.6657	 +1.2860	 +7.7064	 -1.4655	 +1.5642	 -4.2869
 -1.3717	 +5.8611	 -2.1352	 +0.2800	 +2.3442	 -1.6732
 +8.0471	-12.4911	-20.0068	 -0.2838	 +0.7330	 +1.4077
-20.0848	 -7.0814	-10.6899	 +1.3761	 +1.3794	 +1.2376
+37.5160	-30.6674	-51.7428	 -1.4986	 +0.3843	 +0.2255
 +0.4882	+11.2673	 +6.3943	 -3.2902	 -0.4851	 -1.0177
 -3.2354	 +7.5327	 +6.0825	 +3.2972	 -0.0412	 +3.3222
+39.2715	-56.5503	+64.1845	 +0.9924	 -0.5718	 +0.2049
 -7.3738	 +5.6646	 +3.5045	 +0.9984	 +1.9266	 +2.6076
-47.7973	+18.7915	-52.7965	 -1.0399	 +1.6604	 -0.4397
-62.3755	+26.4699	-49.2374	 -0.7663	 -0.2653	 +0.4718
 -8.8483	 +1.4971	 -2.7410	 +1.4477	 +0.0844	 +3.9329
+22.1533	-73.4512	-64.2344	 -0.2405	 -0.6896	 +0.3953
 -9.0227	-75.0730	-23.5906	 -0.4706	 +0.8867	 +0.5044
-90.7042	-10.6627	-18.9084	 -2.9752	 -0.5703	 -0.5863
+11.8988	 -7.1769	 +4.1180	 -1.9899	 +3.2354	 +0.7595
 +6.4577	 -1.3816	 -2.0780	 +0.9694	 +2.0018	 +2.5935
-23.6711	 -6.2799	 -0.3438	 +1.8749	 +0.8616	 -0.3808
 -3.3623	 -2.7062	 +7.2242	 -0.3536	 +1.2798	 +4.0447
+32.2347	 +2.6186	+22.6772	 +1.7288	 -1.2532	 +0.2876
-20.5279	-112.9861	+83.2230	 -0.2765	 -0.3904	 -1.0141
+71.3458	-83.9726	+54.3920	 +1.6585	 -0.8934	 +0.4992
+12.9992	-19.0416	 -9.8670	 +2.8275	 +0.3587	 -0.6793
 +3.4306	 -4.3862	 +2.1191	 -1.1539	 +1.2597	 +3.2989
 -9.8639	-15.8785	 -4.7838	 -1.5075	 -1.1949	 +0.8608
 +2.0241	-11.2142	-11.2397	 -3.2165	 -0.3766	 +2.6392
 -2.8301	-30.0950	 -8.4223	 +0.9375	 +1.3828	 -2.7859
+40.1399	-16.8739	-127.6170	 +0.6041	 -0.3117	 -0.4993
-22.2781	-14.8457	+13.7161	 -1.0014	 -2.3346	 -1.9426
+12.9036	 +4.3785	+17.9496	 -0.0527	 +0.8018	 +1.8340
-16.8141	 -1.1678	 -0.1804	 -1.9721	 +0.5888	 +0.5358
-24.7999	+12.7037	 +6.8716	 -0.3206	 +0.1533	 -2.4688
-10.2303	 -8.5445	 -3.3725	 +2.3850	 -3.5975	 +1.4751
-20.3740	 -3.0417	 -3.1921	 -1.2986	 +2.6487	 +1.9929
-45.6096	+12.0334	+11.3788	 -1.8263	 +0.9940	 +0.8825
 +2.3154	+15.2160	+24.7139	 -0.4228	 +2.3436	 -0.6797
-11.4445	 +0.6481	+22.1718	 -0.3546	 +3.4102	 -1.0050
-95.2065	+100.4174	+123.4215	 -1.3747	 +1.0045	 +2.0191
-406.1360	+11.0015	+479.7006	 -5.8358	 +0.1964	 +6.9905
 +2.8534	-10.0066	 +6.1486	 -2.2286	 -2.9638	 -2.3591
 -7.0167	 -3.5406	 +1.5073	 +1.0334	 +4.0598	 +0.3794
 -2.4464	 +2.9655	 +3.4551	 -2.5000	 +1.5382	 +0.2696
+41.2798	+10.0784	+37.3508	 +2.1149	 -0.1124	 -0.0186
 -6.0365	-16.5471	 +2.7861	 -0.6612	 -0.7073	 -1.2220
 +5.6146	 +3.9665	 +6.4903	 +1.2238	 -2.7321	 -1.6198
+12.1066	+59.4346	+24.8878	 -0.0894	 +6.5921	 +0.9120
-40.1252	 +7.9541	+16.8629	 -1.7745	 +1.3188	 +0.5966
+29.0306	+14.3341	 -3.3097	 +0.1462	 +1.8750	 -0.3573
 +4.1703	 +2.5255	 -2.3270	 -3.2789	 +0.6160	 -0.6214
+24.6737	+15.8506	 -9.6402	 -0.9621	 +1.6908	 -0.7276
 -2.6263	 +7.6767	 +6.6576	 +0.4932	 +1.2516	 +1.6085
 -2.1910	 -5.0957	+21.2563	 -0.1028	 -1.2896	 -2.2918
 +0.8478	 -9.8176	-15.0233	 +2.5502	 -2.0175	 +2.0067
 +7.1355	-10.5410	+11.7987	 -1.3573	 -1.7641	 -2.7251
 +5.5839	-11.7830	+14.8368	 -2.1222	 +0.2834	 +1.2342
 -6.7482	 -5.2594	+12.3815	 -3.3742	 +2.2821	 +1.9478
 -3.8188	 +3.4048	 -8.1695	 -1.0929	 +2.0381	 -2.2031
-10.4227	+26.7060	-44.2628	 +0.7093	 +0.6128	 -0.7954
 +3.0717	+23.5415	-18.7123	 +0.3650	 -0.6072	 +0.2263
 -1.1209	-20.2598	+13.6603	 +3.2344	 +1.3273	 -0.6957
+20.4878	-23.0552	+21.0699	 -2.0168	 -0.3744	 -1.5214
+947.6746	-369.5044	-670.8849	+13.2583	 -5.1943	 -9.4740
+258.7261	-96.6739	+241.2768	 +7.6529	 -2.7214	 +6.7513
 +3.5487	 -9.5019	-14.1858	 +2.5312	 -3.3781	 +0.0933
-10.9844	 -7.6000	 -8.4396	 +1.5905	 -1.3790	 +1.9082
+13.3536	+42.4397	-29.9097	 -0.1615	 +1.0613	 +1.7445
 +8.5671	-17.8041	 -3.8783	 -2.1970	 +3.3593	 +1.6746
-11.0745	 +3.9008	+20.5002	 -2.1553	 -0.1886	 +2.0936
+40.9110	+272.4322	+41.0517	 +0.5082	 +3.7384	 +0.3590
-26.6451	-12.9500	-49.9256	 -2.2800	 +1.9496	 +0.7067
-25.2352	 -5.0627	-24.7769	 +0.3569	 -2.1214	 +0.7077
 -0.9928	 +0.5975	 +8.3590	 -2.9119	 +1.9170	 -0.4682
-14.8149	-15.8595	 -0.0153	 +0.3087	 -1.1754	 -0.9620
 -8.7141	 +2.0172	 +3.3472	 -0.6311	 -3.7207	 +0.8522
 -9.1667	-11.9515	-15.5211	 +1.1313	 +1.4508	 +0.3258
-16.1765	 +5.8492	+21.5978	 +0.7925	 +0.8461	 -1.4333
 +8.3015	 -4.8187	 +5.7531	 -2.0210	 -0.7510	 -1.5020
+17.6890	 -1.8896	+16.2134	 +0.9041	 -0.3527	 -1.6161
-21.3210	+15.5156	 -5.3784	 -1.3450	 +0.5751	 -2.4429
 +0.2003	 +9.4692	-74.1554	 +0.0685	 +0.9170	 -2.3729
-96.4805	-147.5567	-203.8014	 -1.1211	 -1.7530	 -2.3568
+51.7304	+13.5934	-108.6684	 +0.3211	 +0.0499	 -1.1419
+16.6930	 +7.5444	-12.7509	 -0.3229	 +0.1735	 -1.3439
 -4.8874	-11.7142	-14.4457	 +2.7252	 +2.3320	 -2.5076
-34.9277	 -1.4412	 +1.6401	 +1.0181	 +0.8162	 +1.5802
-10.0272	-26.6979	+36.2443	 -0.2372	 +0.4920	 -1.1563
-96.7133	+43.6665	-50.7167	 +0.5522	 -0.2854	 -0.1778
 +3.3279	 +0.1269	 +5.1887	 -1.9899	 +0.3388	 -3.6187
-11.3449	-22.8045	 -9.9056	 +0.2659	 +2.9114	 +1.6592
+25.8330	 +0.4280	-17.2507	 +4.8410	 +1.1065	 -3.1395
-13.1921	-10.7355	 -2.1697	 +0.8370	 -1.5896	 -1.3187
 +1.7300	 -7.8403	 -0.3633	 -0.4180	 -1.8978	 +1.4680
-17.2107	 -7.0290	 -4.1260	 +0.0699	 +3.4471	 -0.0865
 +5.0459	 -4.6049	+10.3516	 +1.9399	 -2.2082	 -1.3507
+11.3818	-124.2008	+12.2867	 +1.3501	 +1.3331	 -0.2514
 -9.2206	 -4.1622	 +1.0757	 -0.5146	 -0.3430	 -0.1600
 -7.4941	 +2.7455	+10.0406	 +0.9119	 +3.1830	 -0.0922
-15.1999	+14.4210	 -7.6864	 -1.1100	 +0.1268	 -0.6869
-12.2259	 -3.1089	+26.1301	 +0.4343	 -0.0723	 +2.2113
 -8.7645	 -1.9559	+17.2003	 +1.5350	 +1.2606	 +2.0867
 -0.4753	 +1.4372	 -5.2592	 +1.5516	 -1.9959	 -1.8114
 +3.4766	 +8.9840	+13.1266	 +0.9156	 -0.6053	 -1.8083
+13.1863	-39.4232	 +0.2790	 +1.5851	 +0.3278	 -2.3123
 +2.1107	 +7.5818	 +6.3715	 -1.0428	 +1.3914	 -0.3451
 -7.1730	 -9.6583	 -4.0487	 -0.8468	 -1.1468	 -2.1812
 +6.2383	-16.7417	 +0.6699	 -0.4627	 +2.8169	 +3.0681
-18.1060	 +7.1243	 +3.6655	 -3.4531	 +0.9705	 +0.2026
-15.7346	 -7.2554	 +2.1060	 -0.0573	 +1.3378	 +0.3483
 +1.9033	 +1.1200	 -6.6160	 +0.2745	 +0.6578	 +3.2468
 +4.5985	-33.5057	 -6.5747	 +0.1713	 +2.1434	 -1.2713
-10.8053	+20.8471	-13.5588	 +1.1653	 +0.5485	 -1.3163
+19.9108	 -3.6247	 +2.9685	 -1.7475	 -0.5860	 +1.7729
+74.5616	+109.8472	+78.7605	 +1.6155	 +2.1255	 +1.9654
-65.6052	+51.8207	-53.2124	 +0.0583	 -0.3300	 +0.5448
 -3.7305	+57.1171	-25.6768	 -0.8647	 +1.2729	 +0.3770
 -3.8079	 -7.8516	-10.1944	 +2.4529	 +2.1002	 +2.6124
+10.2221	-16.2870	+30.5187	 +0.2194	 +0.0461	 -0.9963
+27.2006	 -6.5769	 -3.5124	 +0.9026	 +1.4984	 +0.3127
-34.6407	+26.9646	-28.6282	 +1.0212	 -0.8484	 -0.3788
+54.8077	+54.0843	+34.4200	 +0.5039	 -1.3856	 +1.7003
-185.2255	+139.3010	+133.5917	 -3.6563	 +2.5352	 +2.6080
 +5.7492	 -4.1470	+19.2872	 -1.4821	 +0.2172	 -2.5718
 +5.1689	-18.2117	 -8.3832	 -0.6568	 +1.9023	 +0.0338
 +1.8126	+19.8640	+21.4666	 -0.1320	 +1.3391	 +1.5241
 +8.6613	 +5.8683	-22.4413	 -1.0872	 +0.4450	 +2.0053
-10.0953	 -9.1635	 -9.6522	 -1.3819	 +1.2705	 +0.9984
+19.9356	+56.4245	-23.4355	 +0.3591	 +1.2690	 +0.8893
 +7.2822	 +7.8328	 +6.3098	 +0.9709	 -1.5609	 +0.6218
 -6.3653	 +4.2469	+14.6743	 -0.3439	 -1.5249	 +2.2558
-11.7825	+10.5905	-23.8662	 -0.4450	 +1.7089	 -0.7597
 +9.5460	+12.9045	 +9.6570	 +1.2988	 +2.5038	 -0.0369
 +1.0866	 -9.6805	-36.6270	 +2.9326	 +1.9069	 -1.2811
+30.2583	+15.7306	+59.5228	 +0.5725	 +0.7297	 -0.5394
+16.8455	 +0.9216	+13.6217	 +0.1845	 +1.5725	 -1.7816
 -7.5485	 -3.6155	-10.9543	 +3.0728	 -1.8855	 -1.4958
+17.9247	-15.9344	-13.9427	 +0.9765	 -1.5057	 -1.2887
+36.5405	-23.2644	-49.8671	 +1.2251	 +0.3116	 +0.5736
 -8.9042	-15.6720	 -5.8978	 +1.9179	 -0.9023	 -0.1176
 +8.3241	+24.4860	 -0.6965	 -0.2734	 +0.6415	 +1.2356
 +2.0293	 +5.7834	-13.8453	 +3.7236	 +0.7726	 +1.7164
 -5.1713	 -8.1709	 -3.7608	 +0.8650	 -0.0176	 -2.2545
-18.2690	 -1.4411	+19.6399	 +3.3956	 -1.3064	 +1.4552
 -9.3404	+42.2146	-10.2576	 +0.6438	 +0.3147	 +1.3547
 -9.3592	 -7.8048	-20.3677	 -1.0966	 -1.2567	 +0.3761
-19.4268	+13.7069	+11.1840	 -0.4922	 -0.3103	 +0.2139
 +5.5495	 -1.0337	-18.0466	 -3.3472	 +0.8053	 +1.9573
 -3.5650	+15.7229	 +9.8985	 -1.5186	 -1.5361	 +1.9053
 +6.6222	 -9.7161	 +1.3624	 +2.8318	 +0.0412	 -2.4464
 -4.9734	 +2.1578	 +0.2550	 +0.9527	 -0.9352	 +3.6312
+39.3011	 +4.1367	+33.0098	 +0.9593	 -0.9003	 +1.2365
 -1.7508	 -0.4418	 -2.7137	 +2.2462	 -1.9182	 +0.1077
+11.9338	 +0.2113	-38.6969	 -0.6717	 +2.4548	 -1.4636
 -3.4454	 -6.2004	 +4.4703	 +1.8245	 -0.2715	 +1.3660
 +0.5869	-12.7643	 -2.5396	 +1.2114	 -0.0194	 +1.5334
+11.8209	-333.8737	+236.4871	 +0.1223	 -3.7611	 +2.5619
 -1.3981	+16.1097	 +7.2609	 -0.6553	 -0.5032	 -2.0630
 +7.6807	-11.2389	 +6.4242	 +0.2911	 +3.9683	 +1.7012
 +3.4134	 +0.2191	 -3.3211	 -1.1978	 +1.0588	 +2.5124
+20.5280	 +0.3820	 +7.4155	 -2.3927	 -0.8523	 -1.0312
 +7.6693	 +2.7165	-20.2909	 -1.5910	 -1.3549	 +1.5345
 -2.1886	 -5.0734	 -9.7087	 +2.3343	 -1.9056	 -0.7711
+36.2593	-88.7766	+76.3851	 +1.5218	 -2.3888	 +2.6337
 -1.7516	 -4.1798	-10.8092	 +0.0923	 -2.1968	 +2.1907
-39.1681	-12.5141	-14.3217	 -1.4718	 -1.8282	 +1.7131
 +2.9920	-12.7064	 -4.2208	 -0.6841	 -0.5345	 +2.1790
+15.0354	 -4.7547	 +1.2366	 +0.5723	 -0.4337	 +0.3836
+16.4581	 -0.8617	 -8.2165	 +2.7023	 +0.7847	 -0.4799
+12.7515	+20.1737	 +5.8199	 -1.0555	 -1.0521	 +0.5940
+30.9909	-66.1323	-25.2887	 +0.2189	 -0.5929	 -0.2418
+195.2764	+17.8219	-299.8291	 +2.8080	 +0.3048	 -4.0292
 +8.5061	-17.1580	-14.3639	 +1.4164	 -0.9144	 +1.6239
 +7.4852	 -6.4578	-17.6876	 +0.5849	 -0.6552	 -2.1530
 +2.2594	-15.5473	 -0.9153	 +0.2509	 -0.4141	 -1.1947
 -0.1482	 +6.6390	+18.4452	 +1.7788	 -1.1676	 -2.0157
 -2.8213	+16.3133	 +1.9907	 +3.8435	 -0.2792	 -0.2559
+19.4970	-36.9584	-63.7031	 -0.1857	 -0.7754	 -1.5359
+10.7886	 -5.0361	-15.4181	 -0.9517	 -2.2520	 -2.6566
 -3.3452	 -6.3916	 -1.1313	 -1.2012	 -2.0912	 -0.0507
-12.7135	 -2.5515	 +5.6173	 -0.5346	 +0.3714	 -0.1157
-21.0531	+100.2631	+65.7528	 -0.8092	 +2.5785	 +1.2417
-44.1599	-64.8443	-70.0383	 +0.1344	 -0.8856	 -0.6222
+36.5738	+14.4736	+11.9374	 +1.2758	 -0.1349	 +1.1020
 -2.1609	+14.4776	-37.4497	 -1.7593	 -0.9898	 -0.5749
 -6.5553	 +2.5498	 -0.3642	 +1.2316	 +3.1938	 +1.3795
 -2.5290	-14.2508	 +2.5747	 -0.8388	 +2.1264	 -0.4746
 -3.8099	-11.2794	 +7.9124	 -1.3576	 +4.0500	 -1.4245
 -8.6408	 -5.0936	 -1.9897	 +2.0763	 -0.0581	 +0.0845
+20.2993	 -3.9728	 +1.8003	 -1.4568	 -1.4385	 -1.5951
-287.7607	+120.3904	-240.9988	 -5.4246	 +2.3949	 -4.2543
+22.9645	-13.1606	 +5.7787	 +0.3762	 +0.0733	 +0.5429
+17.8324	+51.2480	-62.8760	 +0.7387	 +0.0791	 +1.0442
 +4.0175	 +1.5406	 -8.8454	 +4.0812	 -1.9069	 -0.8338
+138.2575	+301.3988	-19.5766	 +1.5437	 +3.3950	 +0.0519
+12.1666	 -3.9289	+11.4777	 -3.3519	 +0.8641	 -1.0675
-15.0525	 +4.5438	 +5.4035	 -0.1263	 +0.0468	 +1.1458
-14.3038	 -3.0722	 +1.8883	 -1.1287	 -0.2979	 +4.6045
 +1.6631	 -7.4414	 -1.2058	 -4.5711	 +0.1133	 -1.2042
 -8.6774	 +4.4217	 -2.5401	 +0.9425	 +2.4394	 +3.5403
-144.9575	-1018.0461	-77.6116	 -3.3945	-24.0419	 -1.6079
 +9.5144	+14.2797	-23.4769	 -1.1669	 +2.1470	 -1.9951
+20.2212	 -7.5056	-12.3809	 +0.3490	 -2.7144	 -0.5497
 +9.0890	 -3.1437	+66.6797	 -1.6982	 -0.7238	 -0.2836
 -9.2626	 -2.4498	 -0.6115	 -5.1397	 +0.8168	 +0.3570
 -1.5816	 -0.0721	 -3.1992	 -3.7094	 -4.5848	 +1.5676
-10.4454	-11.2121	 -7.1564	 +2.1483	 +3.5852	 -1.5966
 -7.3444	-18.0808	 +0.5468	 +1.7908	 -1.8578	 +0.2032
 -7.7900	 +7.7425	 +7.6081	 -0.3681	 -1.2619	 -2.0885
 -5.8023	 +9.8560	 +8.0026	 +0.4494	 +4.1565	 +1.4738
 +9.8957	-11.1609	+20.3058	 +1.7073	 -1.6582	 +0.7409
 -1.2017	 -2.7542	 +3.9376	 -0.7954	 +1.1149	 -3.6074
-23.6398	 +3.5338	+16.6947	 -0.6105	 -2.2516	 -0.2791
 -9.2449	 -0.4549	 -1.8383	 +0.4717	 +2.3236	 -2.3768
-19.3605	+12.3661	+10.5661	 +0.1735	 +1.5148	 +1.4255
-22.7094	+35.9441	+15.3915	 +1.8971	 -1.4969	 -0.6087
 -8.0644	 -8.5209	 +6.8292	 +2.6972	 +1.4934	 +1.0339
+10.8456	 -9.2514	 +3.4119	 -0.5036	 +1.5049	 +3.3227
 -2.2865	-48.4898	 +4.6329	 -1.1305	 +1.9208	 -1.0049
-64.4075	+60.3457	-10.3256	 +0.2667	 -0.7612	 -0.6013
-21.7459	 -0.6154	+10.6133	 +1.6105	 -0.1806	 -1.1417
 -2.4790	 -9.2251	-17.0793	 -0.7490	 +1.0881	 -1.1194
+83.7412	+84.8316	-59.5947	 +1.4668	 +1.7938	 -0.9847
 -5.3239	-11.0460	+18.2131	 -2.0548	 +2.4955	 -0.8166
-54.1708	+122.0706	-30.5837	 -0.2223	 +0.5680	 -1.3038
 +5.7849	-35.3656	+10.9415	 +0.8977	 -2.1186	 -0.9372
-24.4811	-14.4076	-67.1872	 -0.0249	 -0.2396	 -1.1415
 -4.3000	 -2.5210	 -2.3336	 -1.9958	 -0.2897	 -1.9969
-22.2531	+11.4050	-11.4586	 +0.1864	 +2.1640	 -0.7014
 -2.4189	-10.7819	 -2.1844	 +1.0843	 -2.4538	 +1.6920
 -9.8168	 +5.7303	-15.8506	 -0.5067	 +2.3367	 +2.7502
-10.2729	 -4.5530	 +8.3082	 -1.0526	 +3.8087	 -0.8844
-12.3637	+14.0137	-35.7283	 -0.1210	 -0.2376	 +2.4996
+21.8051	 +0.1874	+22.1933	 +0.9531	 +0.1489	 -0.1067
 +5.6187	 +2.3278	 -7.6042	 +1.5221	 -1.7602	 -0.7409
 -5.1008	 +5.6506	 -1.5511	 -0.5181	 +1.9872	 +0.3322
-58.2392	+303.1334	-950.0861	 -0.7134	 +3.6781	-11.6120
 +2.2207	+11.8983	 +5.0361	 +0.3235	 +0.3838	 -1.7639
+52.6869	+37.7877	-36.1830	 +1.0734	 +0.7664	 +0.1191
+116.4441	+64.8447	-143.5789	 +1.4934	 +1.0253	 -1.9027
+154.2877	+11.1464	-43.3355	 +1.3805	 -0.0226	 -0.3764
 -2.1838	 +1.8519	 -7.5634	 -0.7651	 -0.4578	 -0.2106
 -0.6914	-12.6802	 -6.1777	 +0.2385	 +0.2353	 -2.8767
 -7.8089	-86.7596	+79.6514	 +1.0327	 +1.0179	 -1.0287
+19.4522	+18.8305	 -7.7609	 +0.8368	 +1.4139	 -1.5890
 +3.9203	-14.4579	 +4.8609	 +3.1461	 +2.6766	 +2.3601
-11.2093	 -1.7705	 -5.1617	 +0.2541	 +1.7165	 -2.7654
-61.2530	+34.4265	+69.0738	 -1.1328	 -0.5585	 -0.1226
+11.9836	-17.6474	 -2.2613	 +0.5718	 -2.3679	 -0.7360
 -8.0117	+17.2503	 -3.5922	 +0.1660	 -0.7846	 -1.4168
-25.9105	+19.6619	-62.4135	 -0.7954	 -2.0422	 -0.4019
 -0.5375	 +0.7066	-11.2749	 +2.5054	 -1.1707	 +1.5747
-14.8422	 -1.4287	-14.4018	 +0.8780	 +0.2321	 +0.3515
+18.8092	-35.4834	-38.2447	 -0.4724	 +0.0061	 +1.1039
 -4.8807	 -0.3766	+17.0088	 +1.5878	 -3.6861	 +0.1900
-15.7790	-49.5385	 +4.5271	 +0.4645	 -1.0103	 -0.4354
-12.1685	 -3.4374	-12.2273	 +2.5703	 +2.9386	 +1.0297
 -4.0131	 -0.2901	 -5.0035	 -0.4150	 -4.3714	 +1.3913
-21.4008	 -0.5036	-10.8566	 -0.0858	 +1.1046	 +1.1194
 -4.3737	+12.0411	-16.2321	 +1.7395	 -1.0539	 -0.5873
-22.7745	-28.5481	 -1.6132	 +1.9772	 +1.7739	 +0.8691
 +2.1944	 +0.0931	 +0.5451	 +1.7789	 -2.8673	 +1.1449
 -4.2745	+15.4045	-14.3203	 +0.7681	 +1.8079	 -1.4959
-22.8679	 +3.2868	 -9.3038	 -2.3506	 -0.6197	 -0.1248
 +0.9234	 -8.4192	 +8.5642	 -3.4142	 -1.2735	 +0.5617
 -1.9920	-27.8094	+63.0408	 -0.8989	 +0.8546	 -0.9121
+14.3702	 +5.0854	 +5.3298	 +2.8391	 -1.8774	 -0.9808
-10.1290	 -8.3215	 +3.0446	 +1.5390	 -1.3831	 +2.8726
 +4.5287	-11.5660	-20.6842	 +1.6465	 +1.9365	 -0.0792
 +5.1316	+14.7170	+30.8673	 -0.2782	 -0.5629	 -1.1811
+12.3242	+78.1058	+82.5773	 -0.0827	 +1.1562	 +0.3699
+21.1162	-58.6890	 -2.6199	 +1.0626	 +0.6121	 -0.6565
-56.4839	-57.9949	+30.8558	 +1.5862	 -1.4146	 +1.0850
+178.8740	+154.7233	 -0.6287	 +1.6221	 +1.6159	 -0.0915
+30.6277	+14.2783	 -1.7880	 -0.4764	 +0.6429	 -1.4010
+29.1786	-11.9922	-41.9333	 -1.0576	 +1.0012	 +1.5182
+16.3458	+17.6772	 -9.4999	 -0.6246	 -0.3351	 -0.5731
+16.0864	 -1.9711	 -2.5258	 -0.9172	 +1.0681	 -2.7540
 -4.4627	 +1.1913	 -0.1421	 +2.0020	 -2.0467	 -3.0913
 +6.3838	+25.8645	 -5.6477	 -0.2488	 +3.1741	 +1.2905
 -5.4115	 +6.7116	 -1.0968	 +1.2092	 -1.8813	 +1.1119
 +0.7918	 +3.4186	 +9.9189	 -0.0217	 +1.9760	 -2.5580
+23.5431	 -6.0616	-10.4032	 +1.4279	 -1.6604	 +0.6553
+73.8634	-30.4301	 -4.3322	 +0.3338	 +0.4059	 -0.7281
-26.2685	 -5.4419	-12.8507	 +0.7702	 +0.0056	 -2.2131
-25.8936	+38.4277	 +3.1312	 +1.4701	 +1.2778	 -0.7655
-16.6217	 -2.8410	 +1.5642	 -3.7224	 +0.5598	 +3.5780
 -1.1095	 -6.7784	 +1.3822	 +0.5435	 +2.4067	 -1.1652
+17.5421	 +6.5047	 +3.7781	 +1.4525	 +1.1735	 -0.0888
 -7.3130	-13.3358	+10.3349	 +0.6425	 -1.2768	 +1.5165
-96.9135	-88.2481	+106.9072	 +0.8386	 +1.3743	 -0.3479
 +2.8997	-19.6870	 -1.8619	 +2.2266	 +0.5288	 -0.0898
+57.0872	+73.4118	-67.5241	 +0.2327	 +1.2088	 +0.1603
 +2.7140	 -9.3093	 -9.1947	 +2.2877	 -1.8236	 -1.8191
 -4.4287	-82.5045	+23.5116	 -0.1635	 -2.3522	 +0.2813
 -6.0663	-26.2094	 -2.0209	 -0.9726	 -1.7085	 +2.4765
+17.6317	 +2.7504	 -6.0492	 +1.9092	 +0.1083	 +1.2191
+20.0852	-15.9685	 +9.2118	 -2.9890	 +0.1665	 +0.4630
-57.8969	+51.6721	+60.8399	 -0.3494	 +1.0541	 +0.7908
-25.6593	-14.2060	-11.7023	 -0.3038	 +2.7939	 +0.1651
 +6.0737	+24.3751	-11.6095	 -1.9691	 +1.8420	 -0.5643
 +0.8049	 -1.7512	-13.2670	 -0.4619	 -3.3666	 +0.5749
-47.6481	-53.6012	 -9.7605	 -3.4780	 -4.2952	 -0.0748
-14.3716	 +0.7628	 +4.9562	 +1.4667	 -0.8064	 -2.5960
 -2.3297	-23.0731	 -6.7550	 +1.1322	 -2.9457	 -1.1699
-10.2791	+12.6942	-33.3521	 +0.9258	 -0.7190	 +1.2162
-53.3169	 +1.2204	+28.3930	 -1.3558	 -0.1680	 +0.5864
 -9.2008	+25.9428	-35.7147	 -0.2402	 -0.7461	 +0.9628
-18.6969	 -3.0349	-17.7175	 -1.8951	 -1.9970	 +0.8080
 +3.7020	-21.7371	+37.3304	 -0.5199	 -1.4607	 -1.1857
 -5.2668	-19.7081	-13.1476	 -1.8740	 -2.1500	 -1.1295
-23.8408	-81.0626	-63.6004	 -0.6136	 -0.6129	 -0.0873
-19.6610	 +6.8282	 -0.6815	 +1.0842	 -0.2438	 +1.3282
 -3.8357	+10.8972	 -1.2514	 -0.6440	 -1.1609	 -0.5144
 +2.7954	 -2.1300	 +1.1849	 -0.0300	 +1.0638	 +0.4478
 -3.0614	 -6.0590	-26.0922	 +0.3104	 -1.9790	 +0.4822
-15.3134	 +5.6232	 -0.1789	 +3.2225	 -2.4147	 +0.7426
+15.2716	-37.7728	-10.5746	 +1.3009	 +1.2200	 +0.3321
-11.6579	-19.7010	+15.2073	 +0.3229	 -0.4473	 -1.1094
+14.3310	-19.3798	+15.2440	 +1.3318	 -1.3096	 -0.4221
+48.3164	 -8.3130	 -6.2814	 -0.0779	 -0.0537	 -0.1561
 -2.9575	+14.9374	+16.1019	 -1.6031	 +0.4481	 +0.1556
-20.5999	-10.8274	 +8.3937	 +2.9506	 -1.0888	 +0.3644
 -8.6269	-12.2696	+12.5714	 -0.2928	 +2.2340	 -1.0994
-383.2506	+419.9364	+698.0194	 -5.9718	 +6.4810	+10.8919
-157.0750	-213.9445	+33.6705	 -2.0389	 -2.6644	 +0.7388
 -6.9622	 -3.5055	 -4.6774	 -3.3940	 +1.2043	 +1.0831
 +8.2103	+31.0017	-17.3980	 -1.7811	 -0.1612	 +0.1527
 -5.7067	 +8.9269	-17.0023	 -3.9302	 +1.2822	 +0.9995
 +3.5076	+30.3388	+34.0814	 +0.5888	 +1.7832	 +1.3390
-31.3332	-78.8399	+236.5876	 -1.9346	 -4.0434	+13.3353
 +4.9955	 +0.9112	 -3.3238	 +0.7375	 +0.8519	 -5.3256
 -8.6675	 -6.6109	 -1.6944	 -1.8802	 -0.1045	 -1.9684
 -5.9995	 -9.1220	+16.5127	 +0.7046	 -1.3301	 +1.5344
 -0.6444	 -7.4981	+23.0283	 +0.4608	 +1.0242	 -2.6274
+16.8108	 -3.0675	 +0.0128	 -2.3607	 -1.6818	 +2.0859
 +7.1360	 +5.7554	 +0.1284	 -0.0197	 +1.5600	 +0.2999
-15.6590	+20.3456	-25.7161	 -0.7463	 +2.1818	 -1.3514
 -2.5502	-17.5916	 +5.2122	 +0.4065	 -0.7131	 +1.2272
+21.4276	-15.3655	 +7.6162	 +0.0933	 -3.5738	 +0.7575
 +2.0346	+10.4690	+12.4452	 +0.1949	 -0.9909	 -1.4709
 +1.3219	-11.0000	 -2.9228	 +2.4778	 +0.2728	 +1.8153
 -6.8019	+20.0029	+24.3495	 -1.4848	 -1.3700	 -0.2734
 -0.2857	 +4.5937	 -6.3975	 -1.7128	 -4.0170	 +0.9793
+23.1370	-42.5946	 +2.2885	 -0.2008	 -2.6682	 +0.3477
-14.6480	 +5.2555	 -0.1780	 +0.2378	 -1.5019	 +0.9319
 -0.6541	+10.6030	-15.3332	 +1.9139	 +0.0706	 +0.9317
+10.2887	-17.3210	+24.3945	 -0.6137	 -1.2283	 -1.0216
 +3.0021	 -8.7655	 -3.5356	 +3.3573	 +0.4129	 -1.1819
-18.8024	-48.0301	+20.1053	 +1.0074	 -0.2445	 -0.5124
 -8.4239	-14.1346	-28.2630	 -0.8638	 -0.8347	 -0.5721
 +5.0811	 +5.0597	 +3.6213	 -3.3768	 -3.2102	 +3.0949
-11.3909	 -0.0926	+11.2144	 +1.5769	 +0.1328	 +2.4523
+109.6888	+103.4666	+225.1374	 +1.2727	 +1.5369	 +2.6663
 +3.6745	 +7.8015	+12.6654	 +1.9723	 -2.7473	 +0.6312
 +5.1292	 +1.0687	 +6.1436	 -1.2979	 -1.6580	 +0.6990
-12.3273	 -9.2890	 -3.9107	 +2.6774	 -0.0280	 +1.2345
-17.9403	 -1.2780	 +4.2162	 -2.8797	 -0.2158	 -2.5272
-18.5646	 +5.7921	-14.2963	 +0.7087	 +0.2305	 -1.9910
-15.4714	 +0.3528	 +1.1545	 -3.5939	 +1.6561	 +3.1354
+15.5143	-17.8683	 +1.3913	 -1.6525	 +2.7955	 -0.7355
 +8.1757	-14.1082	-14.4543	 +1.7327	 -2.0245	 -0.6107
+279.8048	+41.3606	-175.3649	 +5.3748	 +0.7358	 -3.1364
