# Num Particles: 1000
# Num Cores: 1
# Total Energy: -1.000138e+04
# Iterations: 771 of 1000
# Current Time: 2018-05-06 05:24:57.918926
# Elapsed Time: 12:10:58.690928
# Avg. Step Time: 0:00:56.885462
# 
# x	y	z	vx	vy	vz
# 
 -5.0391	-11.5970	 +9.6964	 -0.5400	 -1.4486	 +3.0214
+20.5483	 +7.1336	+10.3053	 +0.9047	 +0.9528	 +0.6979
 -9.8213	 -9.7688	 -9.4784	 -0.7444	 +0.2524	 +1.1419
-25.9988	+45.6825	-11.7026	 -1.0269	 -1.3634	 +1.0409
 -3.7249	 -6.7691	 +2.4367	 -0.9324	 -1.1129	 +0.0470
 +5.3639	 +8.2484	 -9.4114	 +1.5596	 +0.3926	 +1.5346
 -6.3018	 +6.0151	 +6.0616	 +2.1051	 -0.1814	 -0.8723
 -0.3386	 +5.8749	 -5.0249	 +0.1382	 -3.2708	 -1.1944
 +8.7613	-35.3149	-21.6681	 +0.0068	 +1.1564	 +0.9213
 -3.0600	-20.1154	 +1.5908	 +2.5291	 -3.7249	 -0.2973
-18.8797	 +9.0594	+18.6490	 +1.5568	 +1.4586	 -0.2491
 +1.5225	 +6.6872	 -1.7132	 -0.3086	 +1.3972	 +0.1768
 +5.8643	 +8.7045	+10.4189	 +0.3324	 -0.3773	 -0.9157
-24.2890	 +4.6696	 +1.1653	 -2.3120	 -1.0373	 +3.2000
 -9.0349	-10.6885	-13.7174	 -0.1209	 +0.9755	 -0.3295
-15.0713	-16.3618	 -7.4735	 -1.7688	 +2.2454	 +2.0834
 +5.8881	-28.8223	+18.2275	 +2.0987	 +0.1930	 -0.1415
-18.0857	 +9.8651	-19.5989	 -0.1430	 +0.5255	 +2.8427
 -5.8598	 -8.5948	 +1.1551	 +2.0393	 +0.4948	 -3.5552
-42.7282	-40.5561	+15.7625	 -1.4804	 +1.3849	 -2.4664
 -0.5671	 -0.6912	 -2.7296	 +2.4784	 -2.3439	 -0.7233
-11.9825	 -1.2091	-10.0374	 -0.6257	 -2.1644	 +0.8009
 -6.5218	-14.0074	 -3.3130	 -0.3273	 +1.1477	 -0.4681
 -4.4663	+14.1599	 +9.4238	 -0.1535	 +2.0130	 -0.0372
 -0.4305	 -7.9666	+11.6319	 +2.1351	 -0.5339	 +4.0033
 -2.3960	+17.0291	-26.6020	 +1.8482	 -2.5917	 +1.9470
 -8.8878	 +8.3450	 -3.8526	 +3.3995	 -2.2487	 +1.1037
 -9.2164	+10.0349	 -6.5686	 +3.6794	 +0.4292	 -1.2645
 +1.0052	+22.7453	+11.3945	 +3.0466	 -0.0395	 -0.5122
-26.2319	+43.0351	+19.7652	 -0.7909	 +0.6085	 +0.2910
-14.7255	 -6.9642	 -5.0509	 +3.2311	 -1.3230	 -2.5284
+37.3601	+25.0158	+25.2980	 +0.9648	 -1.8991	 -1.6054
+36.6519	 -3.9800	-25.1347	 -0.3334	 -0.8246	 -0.4810
 -8.5811	 +2.6260	 +9.8431	 +0.1669	 -4.8957	 -0.9386
+14.4396	-62.0755	+39.6675	 +0.5299	 -1.4449	 +0.3857
+226.3005	+949.8822	+60.1702	 +6.1537	+25.7599	 +1.8922
 -7.2791	-28.7010	 -2.6881	 -1.5909	 +1.0940	 +0.9148
 -9.7131	 -4.9297	 -2.3265	 -0.6547	 +1.0364	 +1.2310
+122.2127	+22.8509	+267.8470	 +2.0830	 +0.6985	 +5.2011
-20.5890	 -4.3665	 +4.4702	 -1.6301	 -0.4773	 +1.8678
 -7.0104	 -7.9051	-31.4025	 -0.3366	 +0.7088	 -0.3107
-39.2820	+14.6456	-17.9606	 +0.0009	 -0.3631	 +0.3793
 +1.9188	 +9.1364	 +2.5914	 -0.8914	 -1.8092	 +1.9779
 +8.7363	+12.6120	 +0.9311	 -2.0678	 +1.0970	 +0.7413
 -6.5968	+21.2100	 -4.2902	 +1.1842	 +2.3818	 +0.5486
 -3.3023	+14.0793	 -6.2221	 +1.4271	 +1.4563	 -1.2758
-12.6566	-21.3524	-16.5131	 -0.7313	 +1.0835	 -1.4829
-36.5299	 -6.3088	-31.0524	 -2.2706	 +0.3938	 -0.2088
 +5.7639	 -6.9216	 +5.5257	 -0.9401	 +0.0693	 -2.2092
 +2.3098	-17.5329	 -2.2304	 -0.6491	 -1.4220	 +0.2828
-37.5690	+67.6023	-63.0929	 -0.7259	 -0.2574	 -0.8792
+40.3323	 -9.9580	+73.1463	 -0.6319	 -0.3404	 -0.6666
+16.9531	+10.3094	+44.2771	 -1.1519	 +1.6484	 +1.1301
+17.6433	 -5.1413	+10.9296	 +0.0575	 -2.8924	 -1.1983
+11.1270	+89.4958	+24.1545	 -0.2012	 -0.1172	 -1.4277
 -0.4615	 +4.3486	 +3.1351	 +3.7105	 -4.0259	 -0.0407
 +4.9608	 +8.5843	-17.1179	 -2.2289	 -1.4578	 +2.5729
 -8.1956	 -2.7847	 -3.8714	 -1.2833	 +0.5647	 -2.2933
 -5.7319	-12.3586	-27.6746	 +0.6691	 -1.1761	 +0.1973
-39.8243	+36.8412	 -7.2964	 +0.5512	 +1.3302	 -0.6395
+31.2851	-11.0838	 +5.6074	 -0.1478	 -0.2293	 +2.1979
+12.1580	-14.2451	+30.3113	 +0.5721	 -2.4352	 +0.5254
 +4.7154	-13.6549	 -3.0260	 +0.5501	 -0.0645	 -0.7618
 +0.5752	-27.3334	 -2.5743	 +1.4677	 +0.4937	 +2.3801
 +3.8733	-38.2720	 +9.1050	 +0.8525	 +0.4957	 +1.1066
+15.4946	+12.3371	-30.4891	 +0.3834	 +0.2419	 -1.5915
 +8.3914	+12.8182	-18.5893	 -0.5908	 +0.1555	 -1.5176
 -7.5786	 -6.4003	+42.8082	 -0.9680	 -1.1460	 -1.3030
+29.2101	 -4.4604	+23.0721	 +0.7319	 +0.7568	 +0.5721
-678.7906	+557.3243	+953.5793	-10.5278	 +8.7081	+15.1246
 -8.9858	 -3.6865	 -1.0962	 -3.9241	 +1.9997	 -0.6214
 -9.0832	 +5.8587	-15.2351	 -0.7318	 -1.1763	 -0.2189
 +3.2846	-13.1584	 +6.0621	 -1.5371	 +1.4753	 +0.7312
+115.1411	 +5.0600	-116.6157	 +1.3176	 -0.1996	 +0.4059
+50.7791	 -2.9498	+11.7811	 +1.1345	 -0.0535	 +0.6849
+22.9671	+22.0433	 -4.0171	 -1.4125	 +1.2752	 -1.8995
 -7.8947	+40.5312	-27.1507	 +0.3252	 +0.1653	 -0.1873
 +6.4899	 +5.4956	-28.4320	 +1.6995	 +1.0382	 +0.8588
-95.2547	+221.9765	-161.0230	 -1.1986	 +3.2293	 -1.9389
-40.5010	 +6.5401	 +0.6598	 -0.4938	 -1.5349	 -0.4737
 +0.5948	-15.2764	 -3.9224	 +1.4728	 +0.4733	 +0.3423
 +9.9185	 -3.6914	 -5.1328	 -2.6677	 -1.7644	 +2.2554
+16.8042	-16.5331	 -9.0365	 -0.9569	 +0.0572	 +1.0659
 -8.3826	+52.0103	 +1.6634	 -0.3899	 +0.7554	 +1.5819
-32.9977	+20.9285	+26.3031	 -0.4166	 -0.3219	 -0.6018
 +3.9509	 +3.7536	+12.9967	 -3.7386	 -1.1130	 -0.5834
 -4.6434	 +3.6631	-13.5689	 +1.4811	 +2.1510	 -1.2313
-64.0322	+47.5283	-62.2635	 -1.1262	 +0.5823	 -1.2357
 -9.3557	-15.7445	+11.6407	 +1.9621	 -3.0148	 -0.5138
-19.2055	 -8.7790	 -7.6524	 -0.7377	 +4.4458	 -1.3209
+13.7833	 -9.0282	+12.9256	 -0.5787	 -1.3953	 -1.5288
 +6.8394	 +1.0134	 +2.3926	 +0.1811	 -0.1493	 -0.6462
+30.7560	+46.2047	-21.4939	 -0.7467	 -0.7008	 -0.4568
+14.0836	 -1.4489	 -4.8473	 +3.3628	 -0.1837	 -0.0792
-20.4168	 -4.3612	+11.7617	 -3.1302	 +1.5013	 +1.7819
 +3.7344	 -4.0151	-10.1493	 -2.3257	 -0.0158	 -0.8716
 +8.6581	-52.2124	+13.3241	 +0.9748	 -1.0687	 -1.3999
 -3.2790	 +9.6427	-16.9753	 +1.9811	 +1.6860	 -1.1379
+20.4055	-18.1706	 +6.5330	 +0.0102	 +1.6398	 +0.9006
 +9.1999	 +3.5792	+28.2567	 -2.2048	 -1.3267	 +0.0790
-36.1771	-49.1141	+12.0755	 -2.3097	 -2.2002	 +1.0386
 +7.3355	-23.1319	-11.1520	 +0.0379	 +1.9655	 +1.7176
 -0.7484	 -0.7008	-10.6521	 +1.2192	 +0.5824	 +0.2870
 +6.8873	 +2.0566	 -9.1279	 +1.1653	 +1.5906	 +1.6357
+482.4651	+121.4082	-244.4255	 +6.1637	 +1.5728	 -3.0447
 -3.2046	 -6.8985	 -9.9642	 +0.6236	 +1.1892	 +1.2714
+27.4306	 -8.5932	 +0.0247	 +2.7564	 +1.6159	 -2.0642
 +1.8789	-19.5550	 +5.8206	 -1.0065	 -2.2860	 +0.8800
-31.0405	-12.0410	-14.8436	 +0.3360	 -1.1970	 +1.4302
+17.0476	-12.4026	 +8.9085	 -1.7787	 +1.0200	 +0.5524
-11.9275	 +2.9544	-11.5628	 +0.3531	 +3.3702	 -2.7272
+451.1696	+437.6479	-202.2651	 -0.3338	 +0.6246	 +0.3400
-139.4352	+178.9652	+221.5771	 +0.0800	 +0.9452	 +0.1473
 -5.0672	-10.0765	 -8.3247	 -1.9606	 +0.1960	 -0.6334
 -9.5379	 -4.5522	-13.6489	 +2.5707	 +2.4776	 -1.5159
 -0.3370	 +9.1694	 -0.0483	 -2.1155	 +0.7756	 -1.7811
 +4.2843	 -6.5095	 +9.0582	 -0.3508	 -3.5087	 -0.4208
 +0.8859	 +1.5037	+100.0187	 -0.6417	 -0.1583	 +0.5151
-185.5794	+176.3106	-234.8391	 -5.8728	 +5.9436	 -7.9788
-50.7235	+51.2415	-38.8069	 +0.0205	 +0.2277	 -0.8429
 -8.6095	 +7.3366	-12.6313	 +2.7664	 -2.6360	 +0.3310
 -3.6844	 +7.4156	+11.3835	 +1.9534	 +0.1240	 +0.5807
+12.8144	 -3.1189	 +7.0610	 +2.9562	 +0.9203	 -2.6019
 -6.7814	 +5.2501	+10.1629	 -1.3857	 +1.6840	 +0.6517
-10.2649	-14.2524	 -0.2564	 -0.2592	 -4.3962	 +1.0942
 +4.0335	-25.5039	 -9.1107	 +0.3526	 -2.9224	 -0.2816
 +1.4820	 -5.5751	+17.8965	 -2.4401	 +0.4232	 -0.8884
+61.3608	-19.2818	+23.7073	 +1.4387	 -0.5736	 +0.6662
 -3.8937	 -4.8317	 +0.3499	 -1.0815	 -0.4560	 -0.1340
-13.0617	 -2.2037	 +3.8811	 -1.7795	 +1.8141	 +3.0560
+16.0728	-57.8249	-227.4710	 -0.0017	 -1.1358	 -0.4744
 +8.4381	 +7.2956	-35.8654	 -1.5015	 +1.0630	 +1.6962
+16.1658	+11.9004	 +7.6716	 +1.5329	 +0.7575	 +1.7210
 +0.8515	 +5.7629	 -4.1763	 +1.3526	 -0.0003	 +0.2133
-11.6481	 -8.4924	 -1.2541	 -0.2225	 -2.9168	 +0.9509
-50.0470	-23.6692	 +9.4138	 -0.8345	 -0.8753	 +0.7426
 +9.1926	-18.3406	-12.0489	 +1.8220	 +2.5292	 +0.3305
-35.2560	 +1.8046	-24.6380	 -0.7295	 +1.4162	 -1.7169
 +3.6683	-11.0477	-12.4516	 -0.1144	 +2.9007	 -1.2463
-115.2641	+110.3207	+56.7821	 -0.7150	 +0.8190	 +0.3131
 -1.8291	-10.0264	 +5.8249	 +2.5205	 +0.0922	 +0.5658
 +1.4955	+19.5550	-25.3335	 +2.7767	 -0.3242	 +0.3600
+755.0409	-247.3224	-195.8077	+13.5746	 -4.3418	 -3.3384
-31.8355	-63.5919	+27.4681	 -1.3763	 -0.1703	 -1.2695
 +5.4699	+51.2369	+15.0884	 +2.4001	 +0.8129	 +0.7796
+13.3988	 -2.3491	 -5.8891	 -1.0246	 +0.2897	 +2.2665
-32.1791	+54.8937	+12.2249	 +1.6590	 +0.8073	 -1.9279
 -1.5469	+12.4915	-13.8013	 -2.0788	 +1.1854	 -0.5715
 +9.7971	 +8.4357	 -6.7359	 +0.4542	 -1.2288	 -4.1204
 -6.6827	+29.5929	 +5.4479	 -0.6601	 -1.3424	 -0.2789
 +3.3543	 +8.3887	 -2.3063	 -1.5290	 +1.0574	 -0.8935
 -2.9182	 -6.0450	 -2.7198	 +1.8603	 -0.4506	 -1.0630
-15.2011	 +7.9572	 +2.7643	 -0.5630	 +1.2689	 -0.0028
 -8.0289	+17.0678	+22.0694	 -0.8907	 +0.8459	 -0.6670
 -5.5899	 +3.4457	-12.3919	 -1.3319	 +0.9534	 -1.6124
+21.0756	 -1.8054	+26.9908	 +1.0072	 -0.6337	 +0.3599
+17.9295	-10.6611	 +0.9159	 -1.4415	 -1.0386	 +2.4760
-20.9850	 +3.4506	-21.5742	 +1.8027	 -0.7450	 -2.4241
 +3.0722	 -7.3775	 -0.7554	 +1.1945	 -1.4985	 -1.3686
 -6.3241	 -3.9372	 -1.9563	 -2.9717	 +2.2852	 -0.0132
+12.7704	 -8.9430	+70.5800	 +0.6013	 -0.8649	 +0.3040
-18.7604	-26.2762	+11.7115	 +1.2851	 +1.0963	 -1.2806
 -9.0354	 +2.6134	 -1.4168	 +2.3630	 -1.9185	 +0.4506
+33.5563	 -5.1833	-10.1008	 +0.3450	 +1.5151	 -0.2206
-13.8245	 -6.3055	 -4.7645	 +0.0833	 -2.7747	 +1.3618
 -6.1598	 -4.1709	 -5.4140	 +2.9465	 +1.6056	 -1.4937
 -0.4184	-19.1716	+12.7584	 -1.2289	 -2.0897	 +0.6911
-34.3155	 -6.7554	-20.0294	 -1.1379	 -1.1342	 +0.6363
-17.1885	 +4.6267	 +2.7529	 -0.3439	 -1.6346	 +2.3585
 +2.0240	 -8.2768	 +8.8341	 +0.0489	 -0.6969	 +3.8144
-10.9053	 +8.1304	-23.6170	 +1.5469	 -1.0717	 +0.5528
 +3.5408	 -3.9068	 -1.2527	 -0.4278	 -0.1349	 +0.3948
 +7.6383	+18.3764	-18.2277	 +1.1377	 -1.3154	 -1.5446
 +7.1172	-53.9776	+18.3134	 -0.2697	 -1.9585	 +0.2667
 -3.7780	-35.3147	-10.7185	 -0.2934	 -0.4527	 -0.4681
+29.3181	-92.9574	+39.0248	 +1.4607	 -0.6165	 +0.0886
+17.3657	-26.8644	+21.5692	 -1.4108	 -1.5168	 -0.0524
+31.6180	-24.1367	+21.7491	 -0.8224	 +1.3564	 -0.3507
 +6.7823	 +0.3271	 +3.6883	 -0.5360	 +1.5506	 -0.8961
 +8.9109	 -3.7392	 -5.4021	 +0.4680	 +0.9980	 +2.5348
-642.2789	+103.0258	+257.9501	 -9.7100	 +1.5542	 +3.8094
+41.1569	-103.6607	+20.5362	 +1.9715	 -4.2553	 +0.9903
-12.7285	-13.4975	-34.1789	 +0.5975	 +1.2737	 -0.9001
-35.3514	 -8.5270	+18.2191	 +0.5438	 -0.5710	 +1.0967
+13.0305	 -2.2530	 +4.6024	 -0.0885	 +2.9357	 -3.1315
+27.1632	+66.6599	+41.4784	 +2.3415	 +4.5450	 +2.7119
 +8.8545	-10.6885	+21.2567	 -0.9280	 -0.7788	 +0.5186
 -4.3481	-13.2138	 -1.7206	 +0.1671	 -1.6408	 -0.6776
+12.2863	+21.4346	-13.2688	 +0.6215	 -0.6216	 +1.0031
 -0.9920	+13.2228	 +2.2058	 +0.3981	 -0.9943	 -0.2126
 -7.2184	-45.9089	 +2.2930	 +0.2031	 -1.0107	 +0.0830
+11.3904	-14.3826	 -4.8228	 -0.3653	 -0.4267	 +1.2711
 +4.0079	+23.5572	-23.5942	 -1.9577	 -2.0538	 -0.6112
 -9.7448	 -6.7725	 +1.4093	 +1.8840	 -1.7830	 -0.2532
 -3.9038	+11.0309	 +1.5205	 +1.3893	 -2.3476	 +1.5755
-14.1781	 -1.7506	 +1.9370	 +0.6733	 -1.3960	 -0.5412
 +2.3590	-55.4049	+11.7827	 -0.1848	 -2.6905	 +0.6821
 +7.8883	+51.4060	 -1.9796	 +2.4667	 +1.1752	 -1.6821
 -2.3090	 +9.2860	 -5.4727	 +1.7470	 +0.8434	 +2.4788
+11.5332	-12.9741	+17.4546	 -0.4539	 -9.9961	 +0.0849
-17.6424	-25.9478	 +5.6735	 -0.1197	 +1.6528	 +3.3254
-30.1287	+18.2085	-21.7816	 -1.1668	 -1.2891	 +0.6120
 -0.2943	+27.8836	 -9.4471	 -1.7161	 -2.0956	 +2.4889
 -1.4427	 -3.8344	-14.1094	 -0.0890	 +2.4088	 +2.6831
+15.0031	 -9.6422	 -0.8383	 -2.4389	 +0.5957	 -1.5943
 -2.6142	 -3.7649	 -3.3916	 -2.4459	 -0.3338	 -0.4051
 +2.5478	 +4.3616	 -1.3446	 -1.2276	 +3.0196	 -0.6685
-36.9086	 +6.1625	+20.5982	 +0.0448	 -2.0140	 +1.6402
+28.2537	-51.1753	 +5.3205	 +1.7679	 +0.3981	 -1.8145
+11.5257	+33.1922	 +4.1632	 -0.2963	 -2.2935	 +0.3352
 +2.9108	-16.1507	 -4.4948	 -2.9768	 -0.3714	 +0.7291
 -6.9281	-12.5788	-14.7358	 -1.1926	 +1.6973	 -0.0294
 -2.8264	 -6.6231	 +2.0142	 -0.7565	 +0.3093	 +0.6933
 +7.9154	 -7.1964	+23.6875	 +0.8120	 -0.2545	 -2.8900
+28.8123	-18.3707	+10.9954	 -0.4840	 -0.0596	 -1.3516
+53.8193	 +9.3598	+21.2210	 -2.6458	 -0.2028	 +0.6560
-12.5463	-23.1686	-22.5048	 -1.8033	 -1.0002	 +2.2788
 +6.1019	 -6.7790	-10.6707	 +1.1525	 -2.1893	 -1.2219
 +3.0329	 -2.5010	 +4.9703	 -2.9671	 -2.6897	 +0.9609
 -8.6210	-15.8791	-11.1117	 -0.1674	 +1.6255	 +1.3426
-11.7462	+33.2804	+36.0691	 +0.7910	 -1.5538	 -1.1273
 -8.2599	-12.9314	-11.5467	 +1.8554	 +2.9535	 -0.7518
-152.1567	-109.3880	-153.5744	 -2.1256	 -1.3218	 -2.2924
+71.1735	-53.1936	+37.4487	 +3.7278	 -2.7419	 +1.1113
 +2.0058	 -4.6742	 -7.6151	 -2.9206	 +2.3638	 -1.1482
 -7.8403	 +0.2365	 -4.1544	 -0.3800	 +0.9591	 -0.5740
 +0.4065	 +2.8267	-10.4274	 +3.3373	 +1.4163	 -1.7348
-36.3856	-151.1691	+153.3878	 -0.2468	 -1.1769	 +1.7054
 +6.6763	 -1.6558	+18.3047	 +1.6174	 -0.3279	 +0.8935
 +9.4638	 -9.4855	 +1.1120	 -0.1734	 +0.7335	 +2.7946
 -7.1015	 -3.8215	 -7.0708	 -1.6570	 -3.2715	 -2.1557
+336.0171	-440.9995	-272.1889	 +5.5607	 -7.3565	 -4.4436
-13.5818	 -5.7924	 -1.1578	 -1.0019	 +0.6219	 -2.6095
 +1.3148	 +0.3099	 -0.0967	 +3.0603	 +0.3297	 +0.4542
 +3.7210	 +8.0435	 +7.8565	 +1.5123	 -0.2688	 +0.2523
 +0.9762	+11.8120	 -8.8103	 +0.7999	 -2.2330	 +1.8646
 -0.2339	-27.3671	+12.2963	 -0.1804	 +1.1879	 -2.3724
 +0.6129	+17.4534	-34.1202	 -1.2929	 +1.8005	 -0.0722
 +0.0860	 -5.6787	 +8.6919	 -2.7512	 -0.4557	 +1.3896
 +6.9803	-22.7400	-11.9427	 -0.5205	 -0.7040	 +1.9097
 +2.8262	+55.9762	 -9.5831	 -1.3215	 +2.1753	 -0.1911
 -3.5138	 -1.4342	 -8.1917	 -2.7640	 +1.0279	 +1.8857
-50.7174	+80.1427	-38.5348	 -1.6508	 +1.9745	 -1.7388
+27.5656	-33.3111	-11.8057	 +1.5377	 -1.2991	 -0.7562
-79.5449	+51.3329	-59.0293	 -3.4253	 +2.3535	 -3.3646
 -3.4818	 +2.2943	 -3.3508	 +0.3205	 -0.9701	 +3.3274
 +5.5125	-38.2199	 -3.1358	 -1.5256	 +2.2538	 +1.3390
 +3.0464	 -0.7398	 +1.4547	 +4.2191	 +0.0966	 +0.2047
-11.2970	 -4.8477	-11.4420	 -1.1432	 +2.6114	 -1.5402
+33.2945	+125.6575	-47.3260	 -0.0717	 +0.8562	 -0.5795
-11.2244	-26.2710	 -5.9836	 -2.7147	 +1.5583	 +0.6161
+17.6739	-60.2194	+15.4081	 +0.4849	 +1.4222	 +0.0370
 -6.0472	 -5.3626	 -3.1724	 +3.5807	 -2.0011	 -1.4507
 -9.4391	 +3.0323	 +6.8722	 -2.9290	 -0.5549	 -0.9286
+1887.6958	-48.4741	+795.1472	 +0.2137	 -0.2336	 +0.0630
-10.1715	 -3.2009	 +0.6299	 +2.1468	 -0.7496	 -1.0418
 +4.7943	 -2.6172	 -8.1396	 -0.5903	 +0.8939	 +1.3262
-10.0290	+10.4801	 +9.1900	 -2.5209	 -0.1346	 +0.5654
 -1.9942	 +7.3214	-19.8360	 +1.6810	 +1.3666	 -3.2082
 -4.0898	 -2.1129	+15.6547	 -0.4390	 +2.1046	 +0.7249
-73.4031	-96.2836	-40.9713	 +0.3334	 +0.0381	 +0.8100
 -7.6800	+28.6229	+12.7005	 -0.3729	 -2.4207	 +0.3218
+17.3986	-35.9706	 +8.8532	 +0.0381	 +2.8064	 +1.1012
 +6.6735	+30.9243	 -3.3942	 -1.5371	 -0.8596	 -0.9726
 -1.4191	 -2.1665	 +7.2312	 +0.8404	 +0.1679	 -0.5239
-24.8348	-34.0816	 +8.4899	 -1.1371	 +1.5738	 -0.1648
 -1.2502	-11.6452	+11.4909	 +0.9026	 -2.1472	 +0.1903
 +6.8004	 +6.8124	+11.4576	 +0.9886	 +1.4900	 +1.9985
 +0.8715	-17.6293	 +7.5805	 -2.4981	 -2.1944	 -1.9575
+94.5319	+201.2714	+35.2889	 +1.0035	 +2.4674	 +0.2369
 +8.8169	 -0.3752	+48.1263	 -0.7498	 -0.9193	 -0.6302
+11.2150	 -4.3670	 +4.4404	 -1.9917	 +1.6387	 -0.2405
 -1.1891	+34.8576	 +1.1072	 -1.2061	 +0.8728	 -0.1063
 +1.1152	 -0.1365	+14.3052	 +1.7332	 -0.1673	 -0.3275
-14.8561	-47.9784	 +2.2329	 +1.1109	 +0.7204	 +0.5622
 +2.4040	 -7.0593	 +2.9148	 +2.3091	 -3.2388	 -1.5569
+655.7219	-258.9269	-730.1331	+10.4235	 -4.1123	-11.3035
 +5.4261	+25.5290	+16.8279	 -0.7651	 -0.3241	 +0.3449
 -1.2473	 +0.0080	-38.2217	 +0.0856	 -2.1968	 +1.0632
-10.8718	+31.1960	+25.5534	 +0.2393	 +0.4057	 -0.2019
-17.1096	 +5.8172	 +0.9497	 -0.5569	 +0.0506	 +1.8557
 -9.2905	 -3.0784	 +2.0457	 -2.0370	 +0.3647	 -0.1467
 -3.8140	 -3.4677	 +0.7016	 +0.3869	 -4.8276	 -1.6066
+86.5110	-81.8909	-96.2114	 +1.6837	 -1.3493	 -1.8748
 +3.6362	 -8.7181	 -9.2947	 +2.3874	 -1.4216	 -0.5976
 -6.6282	-31.1432	 +1.9665	 -0.6864	 -2.9219	 +1.5617
 -5.3186	 +7.0783	-14.2595	 -3.6929	 +1.6151	 +1.6414
+33.2753	 +8.1396	+11.2062	 -0.0826	 -0.5096	 +2.3152
 -9.4671	 -3.3994	 +0.5209	 -0.3410	 +3.8799	 +1.5522
-47.3167	-93.8017	+95.7673	 +1.5383	 -0.3101	 -0.1517
 +4.8638	 +3.4214	 +4.7821	 -2.8088	 -2.6701	 -0.2827
 -6.3350	 +5.5168	 +1.5486	 +0.4642	 +1.1021	 +1.3294
-22.3189	 -1.8609	 -7.2097	 +2.9348	 -0.5200	 +2.5267
 +0.8145	 +7.3827	-19.6371	 +1.8867	 +0.8655	 -2.2759
-15.9186	 -4.2185	-41.6882	 -0.4597	 +0.6375	 +1.0754
+446.5924	-16.2327	+166.8802	 +6.6608	 -0.0859	 +2.6202
-16.7025	 -1.8168	 -8.3167	 -3.5047	 +0.3446	 -2.0716
-61.5024	-99.2514	+71.4754	 +1.0336	 +0.5134	 -0.7362
-43.6995	-16.2146	+36.3145	 +0.0560	 +2.0646	 +0.7055
-19.1491	 -7.5601	+21.2301	 +1.5939	 +2.9826	 +0.4664
-31.7801	 +7.4257	-34.7871	 +1.8413	 -0.2389	 -1.6501
 -2.2923	+32.9314	 +6.9487	 +1.6422	 -1.2096	 +0.1324
 -4.7039	-16.8606	-12.3908	 -0.3186	 +0.5299	 -0.7985
 +1.2978	 -8.3568	 +2.3953	 -2.3421	 +2.4218	 -0.0452
-27.5603	 +6.4722	 +5.7131	 -1.3442	 +2.1018	 -0.5109
-19.3899	 -4.3683	+12.0609	 +0.9357	 -0.4164	 -0.3987
+12.7657	+13.5080	 +2.7095	 -0.3078	 -1.9664	 +1.1076
 -5.5523	-18.4361	 +0.5572	 +3.0064	 -0.0669	 -1.8712
+48.7826	+59.2285	+73.7057	 +1.1018	 +0.1681	 +1.5692
 +5.1266	 -7.0052	 +5.8079	 +2.4559	 -0.3965	 -1.3607
 +1.6767	-18.7210	 -2.8616	 -1.5166	 -0.8451	 -1.1440
-12.1043	 +3.2065	 -3.1821	 -0.8636	 -2.0923	 +0.3903
 -9.5772	+10.5961	 -3.4851	 +1.3307	 -2.3444	 -1.7377
 -1.5071	 +6.4590	-10.6142	 -1.5678	 -0.0316	 +2.8994
 +2.7371	-25.1074	-11.2656	 +0.0741	 +3.0593	 -0.3757
+10.8513	+18.8478	 -5.9034	 -0.9846	 -1.8541	 +1.3415
 -8.2252	 +3.3036	-31.7557	 +0.1370	 -2.4264	 +0.9137
 -0.5638	 -4.6534	 -1.1873	 -3.0783	 +2.0744	 +0.7866
-32.7445	 +2.0217	+29.7486	 -1.4199	 +0.8165	 +0.0968
 +0.0097	 -2.4482	+10.8313	 +1.5694	 -0.9734	 -1.9287
 -6.3083	 +3.7851	 -2.4438	 -0.5462	 +1.4476	 +0.4116
-41.4667	+37.9195	+25.8408	 +0.1091	 +1.6730	 +0.6793
 -7.5624	 -0.4415	+13.8083	 -2.6632	 -0.9791	 -0.5304
-11.2094	 -1.4117	 -0.5604	 +1.7152	 +0.5551	 +0.8523
-14.3214	 -9.3339	 +3.7144	 +0.7444	 +0.8867	 -0.3456
 -0.1809	 +1.0984	 +5.3318	 +2.7575	 -2.9335	 -1.6616
-106.1430	-99.6378	+204.7491	 +0.7793	 -0.5332	 -0.1771
-14.6966	 +8.2200	 +8.1573	 -0.6575	 +1.3820	 -0.5570
-13.9838	-12.7016	 -6.4826	 +0.0939	 +1.0162	 -1.2329
-23.9206	 +0.5800	 -5.3641	 +1.7630	 -0.0986	 -1.3041
-18.4379	-18.0486	+13.1226	 -0.7400	 -1.0759	 -0.7107
 -3.7114	 -1.2972	 +8.0860	 -2.0522	 +1.4866	 +2.4131
 -6.0705	-19.5023	 +8.6484	 +4.0237	 +0.9374	 +2.3248
 -2.1566	 -7.5949	 +0.5349	 -0.6609	 -2.2964	 +0.7437
 -1.3064	 +6.4865	-11.8733	 -3.7957	 +1.8320	 -0.8178
-17.0371	 -3.8016	-25.7498	 +1.0118	 +0.6356	 -0.7738
 -7.3481	 -9.8393	+11.1827	 +0.6919	 -0.3450	 -0.9865
 -6.2235	 -1.7539	 +1.8065	 -4.8656	 +0.7543	 +1.8875
 +5.1796	 +0.5835	+12.1154	 -1.6336	 +1.5572	 +0.2943
 +5.6994	-10.2219	+11.6880	 -0.8986	 -0.8895	 +1.1230
 -3.6181	-16.5374	+10.0452	 +0.9461	 +2.7719	 -1.0584
 +6.4713	-21.4609	+11.5549	 +0.8237	 +2.0851	 +1.0911
 -1.6864	-11.9888	+17.8947	 -1.4267	 +0.9154	 -1.4203
-11.4546	 -5.4978	-12.1029	 +3.3237	 +1.5986	 +1.0270
-77.2447	+386.9693	-95.3132	 -1.8687	 +9.6150	 -2.3808
 +7.8252	 -3.6920	 +3.8877	 -2.0332	 +1.7133	 -1.8154
 +2.2022	 +0.1333	 +8.4957	 +1.7308	 +1.1979	 +2.2172
-24.2490	-26.6381	+21.2379	 +0.6644	 +0.1831	 +3.0203
+16.3711	-12.3322	+16.7191	 -0.7617	 +0.7992	 +0.2874
 +1.5502	-13.2516	+18.7360	 -1.6678	 +0.1930	 +0.3041
+29.1103	-296.6098	-164.7713	 +0.7581	 -7.2965	 -4.0445
-12.5491	+18.3449	 -6.9334	 -0.3226	 +1.0029	 -1.6235
-24.2190	+16.0912	 -4.3890	 -0.3446	 -1.7659	 -1.5262
 -4.4913	 +6.5978	-12.3181	 -0.1303	 -1.5964	 -3.1430
-17.5274	-14.6745	 -2.8292	 +0.5277	 -0.4424	 -0.2500
-32.7558	 +6.1811	+24.1891	 +1.3905	 +0.2929	 -1.8878
-19.4518	-45.5694	+23.3734	 +0.5713	 +1.2182	 -1.5181
+10.4769	 -5.6937	 +5.5708	 -0.3531	 +0.9245	 +0.5273
-24.8592	 -3.8200	+11.9457	 +2.4178	 -0.7391	 -1.1456
 +5.8552	-12.3098	 +2.3995	 -1.3168	 +0.6175	 +2.0511
-10.3436	 +1.1433	 +4.3522	 +3.0230	 +0.7473	 +0.6766
-82.7932	+33.9972	+49.8095	 -1.0337	 -0.6056	 +0.4353
-11.9047	 -2.1478	 +7.4135	 -0.6621	 -1.1202	 -3.5203
+139.1438	-65.2913	+67.5774	 +7.5270	 -3.7861	 +3.7090
-35.1820	+10.3698	 +1.8199	 +0.1636	 -0.1853	 +2.7265
-35.1754	-24.7196	-20.5205	 +0.0450	 +0.6463	 -0.5268
 +1.2699	 -6.2079	 -2.4262	 -0.8453	 +1.5093	 -0.4304
-83.4157	-80.2834	-118.0019	 -3.0202	 -2.5446	 -4.3590
 +8.1676	 +5.6714	 +8.4864	 +0.0484	 +3.3269	 -0.8113
 +7.0554	-14.2853	 -6.6161	 -0.2291	 +0.2274	 +1.8630
 -6.1504	+25.1219	 -5.4044	 -1.0830	 +0.2684	 +0.1692
 -2.8244	-27.3564	 -6.5325	 -0.4956	 -2.4083	 +2.0451
 +5.7772	-10.6616	 +2.4980	 -4.2158	 -0.1864	 -0.1005
+20.3952	 +7.1966	 +4.2673	 +0.1161	 -0.0743	 -3.2278
-28.9742	-59.3368	+46.6663	 -1.1701	 +0.2157	 -0.2361
+10.8622	 -4.4208	 +3.6648	 +0.1506	 -3.2027	 +1.2023
+15.1788	 -0.1825	 +4.9218	 -1.8760	 -0.3479	 +1.4850
 +6.7608	 -5.4421	 -4.6124	 +0.1455	 +2.5817	 +1.9614
 +0.9213	 +1.8365	 -6.1001	 -0.3176	 -2.6646	 +1.6755
 -8.0916	 -2.7958	+18.1596	 -1.2087	 -0.5150	 +0.6596
-17.9316	-33.1287	 -9.5586	 +0.3327	 -1.7473	 -1.3400
-17.4169	+26.4821	 -8.0389	 -0.7318	 +0.2129	 +2.6736
-30.7175	 +9.4826	-83.0515	 +0.4655	 +0.1414	 -2.2697
-17.7559	 -1.9071	+12.7238	 +0.9740	 +1.9408	 -1.4751
+83.6135	+43.4498	+169.8867	 +1.0969	 +0.1914	 +1.9635
-10.3695	+11.3895	 +2.3113	 -0.5487	 +0.4696	 +1.4616
 +9.2831	-15.7268	 +7.0001	 +1.4269	 +0.1171	 -0.3826
 -5.1631	 +2.7231	 +0.2458	 +0.6010	 +0.9654	 +1.2053
 -6.8796	 +8.5917	-15.8155	 -0.8504	 +0.1235	 -0.8176
 -1.6518	+15.7063	 +5.3758	 -0.6946	 +1.4880	 -2.1527
+11.5508	-21.2563	 +9.7937	 -0.1099	 -0.6038	 +1.8553
+16.0191	 -6.6419	-14.9248	 -0.0890	 -1.5854	 -1.4182
 +4.0426	+12.6140	 -2.4542	 +0.8608	 -0.1468	 +0.8655
-436.7518	-67.5432	-98.3705	 -6.9908	 -1.0437	 -1.7394
-14.3637	+12.5905	+13.4738	 +2.0388	 -1.9083	 +0.7126
 +2.3260	 -1.3162	 +8.8908	 +2.0632	 +1.5070	 -0.7335
 +6.8011	-17.2525	-11.4474	 -3.7712	 +0.0156	 +1.6392
 -5.9137	+14.4628	-10.4015	 -1.4138	 +2.8013	 +0.4703
 +4.9465	 -0.9226	 +8.0861	 +0.8535	 +0.6861	 -1.1736
+57.6175	-31.3787	-99.3423	 -0.6029	 -0.0435	 -0.9092
 +0.1348	 -8.7144	 +9.5599	 +2.2899	 +0.8784	 -0.1482
+21.8599	-55.8990	 +6.3759	 -0.0359	 -2.1885	 -0.4520
 -9.6639	 -9.0285	 -5.3921	 -1.4045	 -0.7934	 +0.7914
 -0.5314	 +0.4164	 -7.8910	 -3.8954	 +0.9745	 +2.1566
-25.2822	+15.5030	 +1.6229	 -1.2128	 -2.1367	 -0.3210
 +1.1396	-47.3702	 -8.7869	 +1.2718	 -0.2742	 +0.3121
 -7.5269	 -9.8698	-15.0001	 -0.9240	 +0.9532	 -2.5496
-38.9109	 -3.9693	+13.2110	 +0.5932	 +1.4870	 -0.8469
+17.1057	 -4.1779	-18.7220	 +0.7808	 -2.3611	 -1.5315
-18.6412	-42.0271	-17.0198	 -0.3678	 +2.5068	 -1.7843
 +4.4477	 -8.7014	 -7.2934	 -2.2463	 -0.6270	 +1.8776
 +2.7235	 +4.7965	 -0.0054	 -2.0705	 +0.1207	 +0.7284
 -3.9216	 -2.3768	 -2.7331	 -0.8909	 +1.0874	 +2.8673
 -5.4321	-32.4553	 -9.5665	 +0.4841	 -1.6968	 +0.5444
-17.9257	+18.0143	-19.0493	 -0.4042	 -0.9719	 +0.9684
+11.0895	 -9.4866	+16.0513	 +2.1495	 -1.8903	 +1.0179
+12.8844	+18.2130	 -6.3422	 +1.9218	 -1.0594	 -1.4148
-16.1877	+29.4794	-18.3316	 -0.3965	 +0.9442	 -0.3936
 -0.3765	+48.2261	-10.8125	 +1.1148	 +1.2488	 -0.9726
 +0.9794	 -5.3701	+14.4698	 +1.8590	 +0.9302	 +0.5857
-81.5599	+47.1425	+122.4073	 -1.7185	 +1.3601	 +2.0906
 +3.3320	 -6.4001	+10.9056	 +2.2121	 +0.2067	 +1.9763
 -0.2561	 +6.7141	 +2.6910	 -0.9114	 +1.2112	 -2.7218
 -5.0487	 -5.6075	 -0.5426	 +0.2453	 +2.4275	 -1.2912
 -8.1056	 -5.2909	 -0.4098	 -3.2658	 +0.7676	 +2.3161
 +2.8050	+12.7588	 -8.2083	 -1.0620	 -0.9551	 -0.6586
+40.4962	+59.7629	-11.3950	 +1.2471	 +2.4435	 -0.8202
 +1.8664	 -5.0620	+14.8888	 -1.7552	 -4.1115	 -2.3489
+11.2588	+13.2134	 -4.4435	 -1.0832	 -2.6745	 -1.2126
+53.3064	-84.7340	+32.9023	 +1.3897	 -2.9442	 +0.3689
 -6.1350	 -5.5888	+19.0289	 +0.3637	 +1.1213	 +2.9025
+25.2709	+43.7467	-210.6376	 +1.6049	 +3.5868	-15.0921
 -6.3066	-16.1669	 +2.5766	 +1.5190	 -0.9032	 -1.1465
 +8.2584	 -5.1105	+11.1225	 +0.9575	 -3.3241	 +0.9517
 +7.8499	 -0.8066	+15.9595	 +1.1663	 -0.8196	 -0.0906
-21.0866	 +4.9348	-15.4536	 -1.0349	 -1.9769	 +2.9728
-17.1631	 +0.2560	 +1.0098	 -1.6867	 -2.9399	 -0.2916
 +8.9271	-12.7285	 -1.4469	 +1.8021	 -0.0066	 -0.4443
-180.1588	+257.1901	+38.9219	 -1.9952	 +2.8051	 +0.4721
 -1.9594	-15.3285	 +1.1902	 -2.1505	 -1.3605	 +1.6424
-194.5837	+24.2435	-224.5035	 -5.4501	 +0.3858	 -6.3636
+29.1337	+36.5663	-71.5530	 +0.0699	 +0.1548	 -0.7307
 +8.6713	-22.6124	 -5.8794	 +1.9518	 -1.6721	 +1.1044
-12.5019	 -0.6088	 -3.0286	 -0.1177	 -2.2373	 -0.9733
 +4.1724	 -0.1490	 +8.1853	 -1.7302	 +0.1475	 +0.2870
 +2.8983	 -4.4291	 +0.3075	 +0.0675	 +1.9648	 -0.7882
+21.9236	+23.3379	+57.2621	 -0.4154	 -1.0006	 -0.8516
 -1.2663	+49.3124	 -9.5422	 +0.0973	 -2.0985	 -0.1201
 +0.3018	+10.2239	-10.0755	 +1.0380	 +0.9093	 +3.3823
 -0.2446	-12.2566	 +4.8837	 -0.9684	 +0.3789	 -1.3701
-16.4993	 +5.7282	 -2.6003	 -0.2619	 -0.8857	 -2.2857
+15.4705	-27.5351	+10.6368	 +1.1572	 -1.8678	 +1.2631
 +0.1622	-21.9951	 -1.1113	 +0.0536	 -3.8611	 -0.6754
+10.1766	-35.8165	+32.0772	 -0.9634	 +0.3463	 +0.5881
-155.7974	+121.9579	-79.1119	 -1.6613	 +1.1825	 -0.6415
 +9.4181	 +0.0576	-18.5458	 +0.6100	 -0.4819	 -0.7370
+12.9559	-49.4964	-63.9839	 -0.6635	 -1.4811	 -0.3634
 +7.1099	-15.0362	 -4.7710	 +2.7928	 -1.7172	 -0.2745
-55.9537	+24.1194	-133.7456	 -0.4722	 +0.6416	 -1.7269
-15.2085	 +0.8741	+14.7676	 +1.6146	 -0.8017	 -2.1920
+12.0420	 -8.0568	-14.7614	 +0.9638	 +0.5101	 +0.7078
-84.1294	+72.1689	 +6.1053	 +1.1791	 -0.3400	 +0.3740
 -8.9720	-15.2995	 +8.4754	 +2.4678	 +2.4934	 +0.2669
 -2.1753	 -2.7264	 -9.2090	 -0.8731	 -1.6845	 +2.7817
 +1.1245	-17.9419	 -5.7444	 -1.7513	 -0.2121	 +1.2770
 -7.7388	 -9.0118	 -5.7261	 +1.2466	 +0.8723	 +2.5859
 -6.4244	 -7.6754	 -4.8396	 +0.7907	 -5.5151	 +0.1308
+14.3029	+18.0910	 -4.2651	 +1.5483	 -1.4829	 +0.7626
+11.4696	 +4.7303	 -9.5242	 -0.2077	 +0.1039	 +2.5619
+13.6856	-14.3412	 -0.4911	 +1.5339	 +0.4458	 -1.3670
+24.4937	-25.3495	+25.4163	 +0.2013	 -1.0634	 -0.5985
+16.1867	-17.5476	 +2.2607	 -2.4426	 +0.1004	 -0.4837
+32.0644	-60.3574	-28.7500	 +0.5053	 -0.9233	 +0.6645
 +3.6945	 -4.9247	 -2.2579	 -1.1625	 +0.3705	 +1.5217
 -5.2739	 -3.6816	 +1.1714	 +2.6934	 +3.0101	 -2.4378
-25.0009	+38.0355	 -9.5845	 -0.8336	 +2.1082	 -0.9720
-16.0020	-36.2526	+22.6893	 +0.1127	 +0.9328	 +1.0592
+27.6818	+50.0686	+27.0795	 -0.2688	 -0.6727	 +0.1989
+20.5578	 -0.8490	 -3.9234	 -1.6476	 -0.5538	 -1.9974
 -8.9761	-15.1760	 +0.0538	 +0.2225	 -0.8490	 -2.7129
-22.8275	 -6.2496	 +6.7175	 -1.1047	 -1.0479	 +3.6879
 -8.0904	 +7.0031	 -0.1155	 +0.2050	 -0.5757	 -1.1350
+22.5759	 -0.6492	 +3.6679	 +1.5327	 -0.7647	 +0.9258
+173.5807	-73.2644	+239.5822	 +4.6590	 -2.0668	 +6.3368
 -5.1559	 -6.4469	-13.7749	 -0.7890	 +3.2916	 +0.6290
 +6.6999	 +5.1794	-12.2771	 -1.2020	 -0.3862	 +2.8491
 +2.0533	+29.8217	-20.8023	 +0.6712	 -0.6782	 -0.3623
 +2.9294	 +7.0287	 +2.9664	 +2.6608	 -4.5101	 -2.3336
-13.1537	 -4.5431	 -5.2223	 -0.1347	 -0.1847	 +3.8034
+34.9954	+124.5252	-27.4187	 +0.8572	 +0.0758	 -0.4160
-11.4487	-10.6467	 -2.9234	 -3.6404	 -1.9850	 -2.7680
 +0.2170	-10.0513	+10.4043	 -0.4056	 -0.2099	 +0.7641
 -7.8193	 -6.6930	 -3.0095	 +1.0443	 +0.1673	 +1.0679
-52.1782	 +3.0522	-27.5153	 -1.4803	 -1.7158	 +0.8499
-60.6021	+13.1443	 +1.3375	 -0.6098	 -0.5386	 -0.0176
+24.3787	+21.1473	+14.9148	 -1.1149	 -0.7745	 +0.5542
+10.4850	-29.5812	-44.8204	 +1.1060	 +0.6763	 -0.1125
 -3.1093	+47.4334	 -8.4206	 +0.2538	 -0.9998	 -0.0187
 +6.1412	+17.8502	 -3.4092	 -1.1694	 -0.5149	 -0.9034
-60.4801	+51.5329	-19.9401	 -0.1776	 +0.0093	 -0.3771
 -9.9092	 -3.4147	-14.2592	 -1.0647	 -1.6389	 +0.1392
 +9.5500	 +5.3610	-11.2453	 +0.3479	 -1.1436	 -0.8722
 +4.8215	-10.5277	+12.7163	 +0.1039	 -0.2342	 -2.9527
 +4.8027	-10.2875	+10.6459	 -3.1744	 -1.7360	 +2.3000
 -9.1420	+29.6587	 -4.0405	 +0.9208	 +1.7588	 +2.0630
 -7.0988	 -9.4130	 +7.5533	 -0.3283	 -2.1436	 +5.5684
-757.5553	+182.6672	+283.5041	-13.4921	 +3.3515	 +5.2417
-45.0723	-159.9962	+62.1459	 -1.0721	 -2.6556	 +1.0427
 -1.3669	 -6.7811	 -2.3244	 +1.5961	 +3.7167	 -2.0786
+15.4278	+33.4635	+20.7148	 -0.4051	 -0.4517	 +0.6127
+11.5388	 -5.8003	 +8.5882	 -1.0191	 -0.7949	 -0.1918
 -8.9816	-18.7263	 -6.2903	 +2.7065	 +0.1513	 +0.9798
 -5.9167	-27.0146	-12.8243	 -0.2046	 -0.8190	 +0.1980
-17.7767	 +0.9683	+13.1169	 +0.0455	 +0.0010	 -1.4530
 +2.0796	+16.3392	 +3.6425	 -1.6518	 -2.6006	 +1.8282
-21.3780	+18.0910	 -4.1781	 +0.9286	 +1.1087	 -0.1871
-17.2210	 -2.5281	+13.4956	 +0.2140	 +1.7439	 -1.9448
 +8.1315	 +1.6262	 +1.2258	 -0.7765	 -0.5096	 -0.2085
 -4.4347	-26.6442	-12.0125	 +1.8215	 -0.6093	 +0.1900
 -0.7479	-12.0086	+27.2783	 -1.7594	 +2.7305	 -0.3921
 +1.7544	 +5.3838	+10.8752	 +0.1604	 -3.0974	 +1.5892
 +5.2253	+25.2018	 -2.6479	 +2.2813	 +0.7160	 -0.1438
 +8.0587	 -9.3843	 -0.4213	 -1.1904	 +3.3766	 +2.3043
-21.2499	+11.0504	 +7.9671	 +1.7460	 -0.5922	 -0.3187
+27.1765	 +6.0392	 +8.6115	 +1.7679	 -0.0553	 +1.0249
 -7.4697	-43.7507	+19.8223	 +0.4954	 -1.1552	 -1.3181
 +3.0834	 -0.0770	-17.6181	 -2.0912	 -1.9872	 -1.1024
-48.4276	+22.6688	 -8.3001	 +1.0919	 -0.9379	 -1.3522
 -9.2033	 -8.0049	+12.8978	 -3.2407	 -3.8045	 +0.0896
-11.6139	+13.8151	 -8.5093	 +0.7807	 -1.2062	 +0.6729
 +1.4349	 +1.9122	 -1.9066	 -4.6379	 -1.2466	 +1.7209
 +8.8235	 +0.0869	+33.5306	 -0.4894	 +0.8275	 +1.3649
 -2.0548	-11.9496	 -1.0353	 +4.2233	 +0.9593	 +1.4308
 -0.2514	-10.3383	 +4.7922	 +1.2935	 +0.7423	 -1.1528
 +1.3041	 +6.3348	 -0.9076	 -0.5341	 -1.8130	 -3.2618
-11.7037	 +2.7161	 -4.5544	 -3.0474	 -0.8881	 +1.0306
 -7.7615	+17.7340	 -5.9350	 -1.0881	 +0.0644	 +2.3392
 +4.5885	 +1.9068	-18.2431	 -0.9756	 -1.5451	 -2.1885
 -7.3653	+15.7086	 -6.0187	 +0.9482	 -0.6597	 -0.3744
-10.7138	+73.3340	-11.5530	 +0.0613	 +3.3971	 -0.1386
 +9.8766	+13.1289	-15.5362	 -1.2317	 -0.1662	 -1.9421
 +5.6458	 -6.4812	 +1.4763	 +0.2819	 -0.0168	 -3.5122
 -4.4445	 -4.8752	 -0.8588	 -1.5123	 +1.9813	 +1.9450
 -1.9681	 -4.4739	 +1.5269	 +0.7899	 -0.6410	 -2.7735
 -8.4171	 -9.6549	 -5.5906	 -0.1414	 +2.2801	 +0.0073
 -4.7931	 -4.3105	-15.9877	 +2.3310	 -0.9736	 -3.9400
-12.2114	 -9.7497	 +1.5738	 +0.2735	 -2.9498	 +1.6181
+274.6653	+123.5897	 -5.8418	 +4.5752	 +2.1442	 +0.1856
 -2.4214	-14.6088	 +4.4993	 +0.1572	 -0.3147	 +2.5011
-22.5741	-29.1346	+15.5491	 -0.6912	 +1.2049	 -0.0016
-20.8550	 +9.8397	-12.9136	 +2.4352	 +1.9691	 -1.5057
-35.9515	+25.3174	 +4.3389	 -1.5887	 +0.1686	 +0.6212
 -2.8409	 +3.7080	+62.9839	 -0.7029	 +0.5693	 -0.0247
+11.0071	+32.6842	 +1.9861	 +0.3285	 -2.1333	 -1.0987
-24.7387	 +8.3037	+12.2883	 +1.5738	 +0.0343	 +0.4135
-13.0158	 -8.9124	 -0.3008	 -0.7813	 -0.2899	 +1.6395
-29.2717	+193.6311	-100.8250	 -0.7693	 +3.5916	 -1.8579
 +6.6978	 +8.1104	+19.9624	 +2.3273	 -2.6355	 +0.2957
-25.9015	-31.8677	-20.6721	 -2.0295	 -1.7877	 -1.9008
-19.1912	 +6.9414	 +7.1621	 -0.1656	 -1.3123	 -1.6440
-13.6271	+13.7724	 +3.6494	 +0.2856	 -3.1816	 +0.3315
 +7.5325	 +2.9633	 +7.6425	 +1.3983	 -0.2341	 +0.0115
 -8.7865	-12.9524	 +1.4185	 -2.7268	 -2.0415	 -1.9726
 -6.6513	-23.8197	 +0.9214	 -0.5779	 +0.5509	 +2.3327
-21.0916	-10.8624	-11.1019	 -0.7106	 +1.5534	 -3.0430
-58.6936	-47.9905	-26.1870	 -1.9645	 -0.1145	 -0.2204
-29.5160	 +5.8563	+10.3937	 -1.1195	 +1.3833	 -0.1461
 -4.4636	 +1.9762	-15.0474	 -1.1904	 -3.0356	 -1.9536
 +5.2107	-21.0617	 +4.3626	 +0.3851	 -1.4321	 +1.7447
 -1.4298	-23.6839	 +9.8210	 -1.4059	 -0.4464	 -0.8427
+23.2548	+12.9720	-65.1290	 +0.3789	 -0.1097	 -0.3464
+13.2400	 +2.4049	 -0.8897	 +1.4900	 +1.1285	 -0.0053
-15.6818	 -8.8029	 +5.8253	 -2.7266	 +2.1160	 -0.6961
-23.2663	 -0.8268	 +0.6907	 -0.8569	 -0.7173	 +1.7665
+10.2443	-26.1938	+28.1274	 -0.2457	 -1.9017	 -1.4266
 -9.2843	 +4.2150	 -1.3721	 -1.5709	 +1.2261	 +0.7039
+65.8193	+86.3449	+84.9978	 +0.2930	 +0.6657	 +0.9922
+17.0203	 -8.4486	 -1.0598	 +0.6630	 -1.7859	 -1.6388
+22.7690	 +4.5784	 +8.3200	 +0.7070	 +0.4329	 -2.3127
+29.5623	-24.9734	 -4.5628	 +1.4983	 -0.5688	 -0.1383
+22.2205	-26.7597	-28.4411	 -0.6906	 -2.1673	 +0.9834
-11.7491	 -3.6686	 +3.2321	 +0.6774	 -0.4269	 +0.5731
-16.7613	 -9.7437	 -4.9119	 -2.0298	 -0.0078	 +1.3438
 -0.6334	 -0.0237	 +9.9248	 +1.8715	 +2.5462	 +0.4141
 +0.9917	-17.4976	 +9.3053	 -2.3167	 +2.7419	 -0.5546
 -0.8097	 +4.1738	 -4.6009	 +2.2974	 +0.6137	 +3.3395
 -3.7919	 -4.8172	 -1.4134	 +1.8666	 +0.2992	 -0.1140
 -1.1572	-15.5481	 -0.4929	 +0.9503	 -1.5464	 -0.1954
 +0.3282	+12.4145	 -1.6888	 -1.6499	 -0.5430	 -2.7983
+10.7658	 -4.1845	 +3.4823	 +1.4270	 -0.2816	 -1.0101
-710.2168	-214.8770	+595.9484	 -9.3173	 -2.8002	 +7.8936
 -4.3288	-13.3686	 -6.5402	 +0.1531	 +2.1380	 -0.7483
 -3.1128	 -3.7498	-11.5687	 +0.4900	 -2.1547	 -1.4464
-17.2927	 -6.9976	 -2.0483	 +2.6583	 -0.9776	 +1.6292
 +5.8623	+16.9648	+18.5922	 +0.4703	 +0.6134	 -0.0015
+43.5003	 +7.8720	 -9.5913	 +0.5806	 +0.5702	 +0.0457
+15.7657	+17.0250	+20.8032	 +0.0075	 -1.1276	 +0.9285
-14.8735	 +2.4596	 +7.5088	 +3.0513	 +2.6931	 -1.5310
-15.5728	 -4.1103	 +5.5021	 +1.1349	 -0.5187	 -0.1997
 -3.4989	 +6.9580	 +9.7691	 -2.3801	 +3.8217	 +0.6724
 +1.4781	 +3.2242	-51.2602	 +1.8368	 +0.0225	 -0.8916
 -8.7211	-35.6445	 -0.1675	 +0.3714	 -2.6211	 -0.9167
 +6.3771	 +0.8272	 +6.1935	 -1.1872	 +1.4949	 +1.1690
 -8.7547	 +4.7185	 +0.8084	 -1.5047	 +1.1243	 +0.1220
 -0.3935	 -4.6365	 +1.6037	 -1.7049	 +1.2338	 -2.6073
+34.7112	+34.6187	+10.6541	 +6.0519	 +5.7151	 +2.8402
-42.8792	-18.4080	-28.1270	 -1.7168	 +0.7373	 +0.4187
 -4.0928	-16.3985	 +7.0234	 +0.8970	 -1.7578	 +1.0266
+32.7276	+79.2222	 -2.1068	 +1.2054	 +2.2905	 +0.5842
 -2.4589	 -4.1819	 -5.7359	 -2.0277	 +2.5466	 -0.7281
+19.9213	 +1.4253	+23.8378	 +0.8599	 +0.1726	 -0.9465
 -1.3727	 +7.2442	 +6.6790	 +1.7999	 +2.4735	 +1.9098
+14.6929	-13.9191	+11.5667	 -2.3112	 -0.1539	 +0.6968
-53.5922	 +7.9351	-62.3386	 +0.8308	 -0.0216	 -0.2509
+95.6766	-18.3894	 +5.4969	 -0.0235	 +1.0213	 -0.8683
+10.8190	-31.0476	-73.9619	 -2.4106	 -1.1144	 +0.1434
+19.1173	-29.8462	 +0.3939	 -1.2092	 -2.5006	 -0.5462
-71.3993	+21.5583	 +5.7157	 -0.8565	 +1.7729	 -0.3731
 -7.0845	 +4.3652	+16.8963	 -0.1618	 +1.2268	 +1.8065
 -5.9931	-22.9176	 +6.5046	 +2.1883	 +0.3169	 -0.2789
-14.4376	 -3.0022	-23.1655	 -3.4910	 +0.0646	 -1.9402
 +8.3571	+55.3994	+50.4822	 -0.5478	 -1.6408	 +0.8722
 +0.3063	 -6.8877	+17.7962	 +3.8454	 +1.5252	 -2.2499
+17.3829	+20.2734	+16.1670	 -1.6716	 +0.9331	 +0.4530
-11.3867	+12.7886	-24.4002	 +0.7294	 -0.1994	 -0.1645
 +1.8934	-12.7016	 -1.2050	 -3.4333	 +0.4932	 -0.6892
 -1.6744	+16.8418	+44.9444	 +1.3676	 -0.2976	 +0.3699
 -4.9744	+20.7594	 -1.1216	 -0.7975	 +0.2482	 -0.0334
-20.8492	 -6.6770	 +1.9068	 +0.6347	 +1.4391	 +1.3751
 +7.8074	 -0.6260	 +4.0992	 -2.5784	 +0.2253	 +0.7883
+19.2671	+41.3055	-12.6798	 +0.2328	 +1.3811	 +0.6492
 +1.1201	-24.6195	 -5.6076	 +1.1347	 +0.1428	 -2.5206
+16.7152	 +1.6472	-13.5703	 +1.1419	 +1.3407	 -2.7049
 +1.4280	 +0.0057	 -4.5858	 -1.8051	 +1.9228	 -2.6486
 -6.1614	 -4.4336	-19.9774	 +0.1306	 +0.6818	 +3.9237
 -9.1058	 +2.1170	 +1.0678	 +1.7222	 -2.7850	 -3.2040
 +2.9669	-18.4553	 -2.4289	 +0.0356	 -2.0353	 +0.7049
-80.0792	-19.1249	 +2.3215	 -1.2200	 -0.7008	 +0.0234
+43.1933	-29.0773	-111.3160	 +0.4669	 -0.4419	 -0.8512
 +7.1308	 -8.0228	+21.7382	 -0.8598	 +1.8830	 -1.5738
 -3.9056	-10.5914	 +3.4855	 +0.6096	 +2.9026	 -0.2231
 +7.6433	-14.3612	-23.2288	 +0.4176	 +0.0101	 -0.0911
-22.6933	-12.3607	-14.2394	 -0.3346	 +0.6761	 +0.1873
+44.4506	-32.2016	-52.2444	 -1.2722	 +0.2347	 -0.0206
+13.8386	 +8.1678	 +7.8331	 -1.8479	 +1.4816	 +0.2604
-16.3736	 +0.6144	 -9.8325	 +1.6006	 +2.2452	 +2.6376
+34.0584	-53.3780	+62.7532	 +1.0954	 -0.7019	 +0.3752
 -8.2325	 -8.6870	 -7.9421	 -0.8407	 +3.0278	 +1.3677
-42.0166	+10.2577	-49.9101	 -1.2859	 +1.7510	 -0.7352
-58.0239	+27.5634	-51.1781	 -0.9773	 -0.1689	 +0.2978
-10.1504	 -1.5328	-16.2265	 -0.5830	 +0.9406	 +1.4615
+23.2234	-69.6320	-65.8748	 -0.1858	 -0.8411	 +0.2566
 -6.5947	-78.7674	-25.8506	 -0.4985	 +0.5893	 +0.3990
-75.1827	 -7.7494	-15.8407	 -3.2558	 -0.5966	 -0.6453
+16.0583	-20.9120	 -0.5115	 +0.0918	 +2.0650	 +0.9246
 -4.4908	 -9.7558	 -9.7752	 +2.7588	 +0.9107	 +0.1911
-27.6458	 -9.1828	 +1.5750	 -0.1845	 +0.2759	 -0.3420
 -2.5983	 -5.7535	-13.1533	 -0.1511	 -0.2423	 +2.9171
+21.4936	 +8.3855	+19.5387	 +2.6069	 -0.9618	 +1.0061
-19.1131	-110.8220	+88.1345	 -0.2896	 -0.4767	 -0.9487
+62.8342	-79.2735	+51.7284	 +1.7501	 -0.9912	 +0.5700
 -3.8520	-16.6989	 -3.2300	 +3.5507	 -1.5433	 -2.1448
 +2.5339	 -8.2971	-11.9837	 +1.4672	 +0.0334	 +1.3979
 -1.3656	 -3.5527	 -5.4274	 -1.4535	 -3.4564	 -1.1395
+15.2461	 -7.6652	-19.1757	 -2.0934	 -1.0038	 +0.7110
 -6.7402	-33.2433	 +6.2023	 +0.6764	 -0.1202	 -2.8361
+37.0398	-15.2947	-124.8412	 +0.6367	 -0.3203	 -0.6145
-14.3916	 -1.7102	+20.4845	 -2.1066	 -2.7959	 -0.6119
 +9.3719	 -1.6504	 +5.0796	 +1.7472	 +1.6736	 +3.3698
 +0.2757	 -5.8941	 -1.1454	 -3.9071	 +0.3540	 -0.2658
-19.8527	 +9.5087	+17.5981	 -1.6977	 +1.0874	 -1.7002
-15.2688	+10.1102	 -6.0062	 -0.1767	 -3.1795	 -0.1705
 -7.2263	-13.8803	 -9.5116	 -3.6544	 +1.1607	 +0.3969
-34.2052	 +6.3827	 +6.4599	 -2.8631	 +1.2832	 +1.1071
 +3.8583	 +1.8766	+24.7506	 -0.1950	 +2.9631	 +0.7753
 -8.2514	-15.7944	+22.9086	 -0.9296	 +3.0166	 +0.6910
-88.2552	+95.3069	+113.2211	 -1.4073	 +1.0414	 +2.0629
-376.9476	+10.0191	+444.7373	 -5.8397	 +0.1965	 +6.9951
 +9.8070	 +6.1225	+12.7885	 -0.5531	 -2.8926	 -0.3447
 -6.9288	-17.3347	 -1.2567	 -0.7041	 +1.2951	 +0.5704
 +4.9227	 -7.7001	 -3.1397	 -0.3644	 +1.8100	 +1.2844
+29.6933	+10.2532	+36.3949	 +2.5354	 +0.0513	 +0.4347
 -1.4501	 -6.8246	 +5.0110	 -1.2283	 -3.0458	 +0.5828
 -1.8972	+10.5159	 +7.1105	 +1.6232	 +0.0824	 +0.2245
+12.2615	+25.2709	+19.6806	 +0.0695	 +7.1668	 +1.2434
-28.7174	 +0.8778	+12.6026	 -2.9188	 +1.4786	 +1.1973
+25.5132	 +3.7530	 -1.0714	 +1.4157	 +2.3414	 -0.5058
+13.7223	 -1.9585	 +3.7029	 -0.0831	 +0.9673	 -1.5037
+26.5992	 +5.8636	 -5.0243	 +0.2888	 +2.2861	 -1.1284
 -6.4966	 -5.0203	 -3.8272	 +0.4348	 +3.0635	 +1.8421
 -1.7309	 +1.2583	+28.3500	 -0.1110	 -1.1806	 -0.5526
-11.8902	 +0.9600	-19.7277	 +2.1849	 -2.1458	 -0.1963
+12.2867	 -0.8035	+21.2347	 -0.4086	 -2.0585	 -0.9406
+13.7083	 -9.8977	 +5.4518	 -0.8891	 -1.0350	 +2.3416
 +9.1351	-11.9850	 -2.9181	 -2.3737	 +0.2592	 +3.3945
 +0.0051	 -8.4470	 +7.1340	 -0.2730	 +2.2302	 -2.6696
-13.6030	+22.7438	-38.8058	 +0.5388	 +0.9904	 -1.4075
 +1.0120	+24.0392	-18.3496	 +0.4693	 +0.4491	 -0.4076
-16.3215	-23.3224	+13.8562	 +2.7036	 -0.0390	 +0.5241
+28.9152	-20.0352	+27.0313	 -1.3590	 -0.7846	 -0.8726
+881.3802	-343.5318	-623.5129	+13.2596	 -5.1948	 -9.4749
+220.4294	-83.0551	+207.4923	 +7.6667	 -2.7264	 +6.7633
 -9.9311	 +7.5792	 -7.6722	 +2.3284	 -2.8580	 -2.5822
-13.2208	 +0.8556	-12.5257	 -0.6577	 -1.6210	 -0.1767
+13.7267	+36.0889	-37.7721	 +0.0184	 +1.4771	 +1.3795
+16.5200	-30.0447	-11.1699	 -1.0996	 +1.8264	 +1.1733
 +1.5310	 +3.0005	 +4.7357	 -2.6910	 +0.9234	 +4.1351
+38.3597	+253.6712	+39.2458	 +0.5125	 +3.7673	 +0.3636
-14.7557	-22.3195	-52.2434	 -2.4580	 +1.7805	 +0.2091
-24.8106	 +5.4500	-26.2138	 -0.5340	 -2.0120	 -0.1687
+11.7072	 -9.7993	 +4.6777	 -1.8063	 +1.7506	 +1.5480
-10.8484	 -3.4334	 +2.5211	 -1.6829	 -3.9244	 +0.1260
 -2.9049	+14.1347	 -4.0348	 -1.4978	 -0.9962	 +1.6726
-12.2287	-15.5346	-12.8561	 +0.0358	 -0.1075	 -1.3320
-18.0999	 +0.6182	+25.2487	 -0.0061	 +1.1850	 -0.0315
+11.5142	 -0.3753	 +9.2296	 +0.6752	 -0.8121	 +0.1915
 +9.7029	 -0.9141	+20.5306	 +2.1478	 +0.1042	 -0.0140
-10.9209	 +8.5174	 +6.7381	 -2.8412	 +2.3718	 -2.0777
 -0.1777	 +4.7620	-61.3527	 +0.0846	 +0.9667	 -2.7840
-90.8485	-138.7494	-191.9589	 -1.1322	 -1.7707	 -2.3812
+49.9683	+13.2941	-102.6556	 +0.3864	 +0.0706	 -1.2678
+14.4652	 +4.6676	 -3.8200	 +1.3849	 +1.0301	 -2.1404
-15.7761	-17.9702	 +1.9248	 +1.2618	 +0.0714	 -3.4073
-36.8503	 -5.3252	 -6.1535	 -0.2553	 +0.7219	 +1.4934
 -8.4811	-28.1521	+40.3599	 -0.3789	 +0.0947	 -0.4929
-99.1592	+44.9611	-49.6804	 +0.4234	 -0.2315	 -0.2372
 +9.6080	 -4.3048	+16.5352	 -0.4830	 +1.0512	 -1.2042
-11.1869	-34.0809	-16.2673	 -0.2569	 +1.6719	 +0.9213
 -2.6189	 -5.3585	 +1.6171	 +6.7607	 +0.8256	 -4.3242
 -9.0558	 +0.3539	 +3.5126	 -2.4145	 -2.0500	 -0.3314
 +1.3300	 +2.4231	 -6.4111	 +1.0865	 -1.3618	 +0.0621
-10.8748	-19.8981	 -1.7075	 -2.2792	 +1.4622	 -0.8623
 -5.4437	 +5.6489	+10.5671	 +1.9544	 -1.5907	 +1.2928
 +4.6069	-130.5403	+13.5162	 +1.3588	 +1.2020	 -0.2402
 -1.8796	 -3.7054	 -0.9492	 -1.7124	 +0.3677	 +1.3256
 -8.5377	-13.3455	 +3.1885	 -0.7226	 +2.5129	 +2.5979
 -6.8787	 +8.8588	 -2.9521	 -2.1673	 +2.4591	 -1.0525
-11.8240	 -2.5515	+10.4790	 -0.7066	 -0.1661	 +4.1812
-12.9780	 -7.3436	 +0.5751	 -0.3115	 +0.5749	 +4.5342
 -7.5166	 +5.2668	 +5.0796	 +0.8216	 +0.3665	 -1.5845
 -2.2187	 +9.5655	+16.2138	 +1.1433	 +0.3784	 +0.4995
 +4.2714	-38.5221	+11.4026	 +2.0157	 -0.7846	 -2.0550
 +6.0961	 -3.6099	 +4.6506	 -0.0207	 +2.7203	 +0.9799
 -0.4757	 +1.1877	 +8.9276	 -1.8251	 -2.1573	 -1.6727
 +5.1956	-25.0636	-13.0820	 +0.7336	 +0.5452	 +1.9950
 +3.3560	 -3.3139	 +0.0338	 -4.3369	 +3.1276	 +1.4329
 -7.8950	 -9.3964	 -1.1571	 -2.7744	 -0.7135	 +0.7745
 -2.7963	 -3.2512	-16.3647	 +1.5476	 +0.8331	 +0.3891
 +2.9878	-41.1389	 +0.1782	 +0.4335	 +0.9036	 -1.3911
-15.6546	+13.7042	 -7.7064	 +0.3984	 +2.1783	 -1.2615
+26.7713	 -0.8292	 -4.7360	 -0.5167	 -0.5684	 +1.3942
+66.3700	+99.0517	+68.8273	 +1.6637	 +2.1968	 +2.0099
-65.5745	+53.1883	-55.6906	 -0.0717	 -0.2122	 +0.4474
 +0.6010	+49.6672	-27.0233	 -0.8592	 +1.7285	 +0.1433
-14.5160	-15.8197	-17.5903	 +1.6837	 +1.0316	 +0.4646
 +8.3691	-15.5873	+32.8111	 +0.4918	 -0.3427	 +0.1030
+18.5985	-13.0120	 -4.3011	 +2.6304	 +0.9778	 -0.0770
-38.7684	+30.3365	-25.9375	 +0.6232	 -0.4959	 -0.6911
+51.8764	+60.5970	+25.6691	 +0.6733	 -1.2111	 +1.7955
-166.8894	+126.5837	+120.5121	 -3.6794	 +2.5527	 +2.6247
+11.6481	 -5.3598	+27.4930	 -0.8604	 +0.2292	 -0.7754
 +6.3493	-23.6897	 -5.8527	 +0.2739	 +0.3656	 -0.8165
 +1.8106	 +9.9337	+10.6961	 +0.2208	 +2.8854	 +2.8732
+12.2313	 +3.1615	-28.5832	 -0.3348	 +0.5824	 +0.5116
 -1.2103	-11.0573	 -8.8273	 -1.7995	 -0.6832	 -1.4044
+17.7484	+49.1253	-27.4387	 +0.5225	 +1.6650	 +0.6958
 -0.7495	 +9.4892	 +2.0030	 +2.1697	 +0.9612	 +1.3250
 -2.9119	 +7.7274	 -1.4195	 -1.0218	 +0.4995	 +3.8374
 -7.7886	 +0.5162	-15.5751	 -1.1520	 +2.2612	 -2.8877
 -0.4976	 -4.0977	 +5.0134	 +2.3548	 +4.0752	 +2.1610
-13.5053	-18.0859	-27.2629	 +2.7970	 +1.3819	 -2.4713
+26.9460	+11.8594	+61.3871	 +0.7538	 +0.8171	 -0.1961
+12.0559	 -7.3931	+20.0064	 +1.7208	 +1.5816	 -0.5993
-17.5514	 +5.6545	 +0.3843	 +0.5010	 -1.2615	 -2.4853
 +8.8041	 -6.3758	 -4.7944	 +2.9775	 -2.3440	 -2.5020
+29.8378	-24.5361	-51.9451	 +1.4563	 +0.1848	 +0.2428
-13.1125	 -6.4507	 -0.9232	 -0.6895	 -2.4878	 -1.3692
 +8.4261	+17.6126	 -6.6121	 +0.2865	 +2.2207	 +1.0250
-15.8469	 -0.1226	-16.6154	 +2.9860	 +1.4043	 -0.6035
 -4.3954	 -3.2840	 +5.8098	 -0.9878	 -1.4490	 -0.7842
-32.2477	 +4.6832	 +9.3974	 +2.1147	 -1.1008	 +2.4485
-12.1195	+38.8109	-16.5092	 +0.4607	 +1.0578	 +1.1215
 -3.1589	 -0.6582	-16.0904	 -1.1489	 -1.4352	 -2.4107
-14.0641	+11.3142	 +7.6755	 -1.7297	 +1.3732	 +1.2222
+20.0923	 -4.7672	-23.3439	 -2.3850	 +0.6931	 +0.3474
 +3.9428	+18.2551	 -1.2960	 -1.3014	 +0.5782	 +2.4346
 -9.9865	 -5.6481	 +9.3692	 +3.0055	 -1.3758	 -0.4063
 -4.8702	 -0.1275	-14.8266	 -0.4622	 +1.0830	 +2.0107
+33.1710	 +8.3984	+25.7690	 +1.5363	 -0.7733	 +1.6808
-10.5255	 +4.8697	 -2.5135	 +0.6784	 +0.0202	 -0.3254
+14.2297	-11.8609	-29.0337	 -0.1990	 +2.3075	 -2.4453
 -9.8394	 -1.0894	 -5.3389	 +0.1102	 -1.2039	 +1.4696
 -7.9244	 -6.1281	 -6.9807	 +1.7340	 -2.3537	 +0.0368
+11.2083	-315.0411	+223.6581	 +0.1228	 -3.7724	 +2.5700
 +1.0438	+13.7198	+14.9453	 -0.3872	 +1.4963	 -0.9057
 +2.4355	-25.8845	 -3.9158	 +1.6342	 +1.8487	 +2.1390
 +2.8363	 -6.2434	 -9.8959	 +1.0677	 +1.3879	 +0.0724
+28.6751	 +3.8638	+11.1932	 -0.9307	 -0.6118	 -0.4703
+13.4634	 +8.5513	-24.7984	 -0.6968	 -0.9584	 +0.3144
-10.4399	 +3.7548	 +0.0507	 +0.4184	 -1.1863	 -2.5572
+28.5322	-76.5614	+62.9655	 +1.5722	 -2.5069	 +2.7420
 -3.2104	 +5.7972	-13.4308	 +0.8280	 -1.5840	 -0.7777
-29.2241	 -4.2576	-23.4889	 -2.4048	 -1.5830	 +1.5933
 +3.8980	 -5.2178	 -9.9029	 +0.4723	 -2.1479	 +0.1649
 +5.4237	 -1.9721	 -0.0955	 +3.5343	 -0.6112	 +0.0528
 -2.5734	 -5.2369	 -2.6313	 +5.0890	 +0.9300	 -2.3986
+15.6984	+22.4026	 +2.3645	 -0.1299	 +0.1489	 +0.8164
+29.8052	-62.2751	-23.8868	 +0.2863	 -0.9471	 -0.3117
+181.2128	+16.2957	-279.6469	 +2.8179	 +0.3057	 -4.0444
 -0.5842	 -9.5190	-18.1934	 +2.1496	 -2.0807	 -0.2525
 +0.8945	 -2.0261	 -1.4813	 +2.3471	 -0.9419	 -4.3362
 -1.6988	 -6.7687	 +3.4513	 +1.3286	 -2.8811	 -0.3000
 -9.0855	+10.4150	+24.0065	 +1.6675	 -0.3645	 -0.2857
-20.8259	+12.3146	 +1.7496	 +2.9967	 +1.7595	 +0.2566
+20.1625	-32.6861	-55.2792	 -0.0715	 -0.9437	 -1.8523
+10.8464	 +5.4597	 +1.5297	 +1.0533	 -1.6308	 -3.7847
 -0.1840	 +5.7778	 -0.0677	 -0.4631	 -1.7798	 +0.0134
 -3.6102	 -4.3587	 -0.2363	 -2.8339	 +0.8003	 +2.7309
-16.9502	+87.0763	+59.3497	 -0.8331	 +2.7038	 +1.3252
-44.6261	-60.1337	-66.6021	 +0.0482	 -1.0027	 -0.7571
+28.1195	+14.0337	 +5.9261	 +2.1766	 +0.3865	 +1.3142
 +6.3413	+18.3645	-32.2637	 -1.5853	 -0.5290	 -1.5125
 -7.5532	-13.8618	 -5.2425	 -0.6975	 +2.3713	 +0.3051
 +0.6163	-19.3927	 +2.9747	 -0.3056	 -0.1589	 +0.2237
 +2.6627	-26.7899	+10.8437	 -1.0603	 +2.1935	 +0.0468
-11.7018	 -4.7683	 +3.5326	 -1.0077	 +0.4379	 -1.5327
+19.5773	 +3.0699	 +7.5806	 +1.1104	 -1.2142	 -0.8302
-260.6102	+108.4045	-219.7046	 -5.4362	 +2.3997	 -4.2639
+16.5952	-11.8604	 +2.8845	 +2.3021	 -0.7494	 +0.7163
+13.9951	+50.4429	-67.6035	 +0.7947	 +0.2443	 +0.8421
-16.7584	 +5.8270	 +0.1423	 +3.5052	 +0.2676	 -2.3463
+130.5177	+284.3785	-19.8329	 +1.5525	 +3.4138	 +0.0506
+24.4159	 -7.9008	+14.2067	 -1.6351	 +0.6878	 -0.1018
 -7.5439	 +0.0291	 -2.5175	 -2.7433	 +1.7037	 +1.7272
 -2.7897	 -2.6993	-15.9256	 -2.9684	 -0.0785	 +2.2211
+17.1751	 -5.3030	 +4.8201	 -1.6624	 -0.8904	 -1.0953
-10.6022	-10.5282	-15.2061	 -0.3544	 +2.8241	 +1.3559
-127.9844	-897.8311	-69.5716	 -3.3948	-24.0443	 -1.6081
+12.9073	 +1.3725	-11.1104	 +0.1305	 +2.8884	 -3.2345
+14.8882	 +5.8011	 -7.4823	 +1.9830	 -2.3898	 -1.4115
+17.4009	 +0.4400	+67.1480	 -1.6163	 -0.7055	 +0.0996
+13.1065	 -1.3514	 -0.6412	 -3.1868	 -0.3739	 -0.5229
+12.9107	+17.8807	 -7.3614	 -2.2963	 -2.7971	 +0.3103
-16.6052	-23.5905	 +2.8559	 +0.4695	 +1.4897	 -2.0085
-13.1441	 -2.3702	 +0.5745	 +0.1906	 -3.9148	 -0.2730
 -4.4843	 +9.2658	+13.4711	 -0.9111	 +0.5619	 -0.1886
 -5.2219	-13.6950	 -5.5493	 -0.7433	 +3.9957	 +3.4066
 +0.1021	 -1.7005	+11.3697	 +1.9782	 -1.8568	 +3.1711
 +0.9835	 -7.7781	+14.8458	 -0.0121	 +1.0593	 -1.1430
-17.9338	+13.3037	+15.0349	 -1.6279	 -1.4772	 +0.9312
 -5.0020	-11.2913	 +5.1281	 -1.5391	 +1.3219	 -0.0221
-15.7986	 +1.7754	 +1.5221	 -1.7827	 +2.6696	 +2.2023
-31.4084	+42.1275	+17.8567	 +1.5688	 -1.0072	 -0.3979
-15.1249	-10.7482	 -2.2618	 -0.2249	 -0.4990	 +2.0705
 +8.3641	-13.7271	-12.0183	 +1.3818	 +0.2621	 +2.4787
 +3.2482	-56.2334	 +9.4407	 -1.0884	 +1.2075	 -0.9606
-65.3152	+63.7162	 -7.2812	 +0.0948	 -0.5845	 -0.6152
-25.7553	 -0.0613	+13.7654	 +0.0460	 -0.0252	 -0.1470
 +0.3829	-10.9288	 -5.0942	 -0.1639	 -0.6723	 -3.5584
+76.2137	+75.6785	-54.5466	 +1.5486	 +1.8714	 -1.0372
 +4.7841	-20.8210	+17.4892	 -1.8944	 +1.3333	 +0.9994
-52.9558	+118.9779	-24.0114	 -0.2651	 +0.6725	 -1.3250
 +0.8578	-21.6623	+14.1359	 +1.1190	 -3.4978	 -0.1021
-24.0521	-13.0322	-60.5762	 -0.1562	 -0.3134	 -1.5217
 +4.8816	 -3.0862	 +6.9504	 -1.3635	 +0.1335	 -0.9844
-18.4373	 -1.7856	 -5.6323	 -1.9249	 +3.0301	 -1.6322
 -7.3925	 +4.2467	 -5.8589	 +0.6335	 -2.7620	 -0.3055
 -5.8437	 -6.8236	-23.7773	 -1.0353	 +2.4674	 +0.4181
 -1.5072	-19.2482	 +7.0134	 -2.5309	 +1.6723	 +0.7395
-11.1711	+14.4033	-45.9993	 -0.3203	 +0.0511	 +1.6508
+14.5933	 -0.9374	+19.8552	 +2.0461	 +0.3367	 +1.0953
 -5.1236	 +6.1577	 -0.3614	 +2.3511	 +0.3475	 -1.8505
 -1.1442	-10.0327	 -3.0028	 -0.7347	 +2.7579	 -0.1386
-54.6717	+284.7412	-892.0208	 -0.7136	 +3.6788	-11.6142
 +0.0592	 +4.1344	+11.5425	 +0.5197	 +2.5112	 -0.3578
+46.7190	+33.5501	-36.3828	 +1.3248	 +0.9353	 -0.0500
+108.8928	+59.6702	-133.9641	 +1.5287	 +1.0453	 -1.9450
+147.1955	+11.2438	-41.4030	 +1.4591	 -0.0160	 -0.3974
 -0.5675	 +0.2467	 -0.8025	 +0.0399	 +1.2325	 -1.9682
 -1.8858	 -7.1922	 +8.4445	 +0.3118	 -1.9989	 -2.0480
-12.9526	-91.6037	+84.5480	 +1.0241	 +0.9200	 -0.9300
+12.4322	 +9.1332	 +0.6058	 +2.0876	 +2.5373	 -1.7203
-11.3868	-21.8087	 -7.8794	 +2.6282	 +0.2292	 +2.3198
 -5.4932	 -9.4991	 +7.0158	 -2.3282	 +0.8842	 -1.3618
-55.2960	+37.0437	+69.3109	 -1.2515	 -0.4853	 +0.0334
 +3.5714	 -1.7101	 +1.5624	 +2.9198	 -3.7528	 -0.7637
 -6.4578	+17.0166	 +4.5833	 -0.6757	 +1.0391	 -1.4955
-21.6402	+29.5340	-59.5590	 -0.9120	 -1.8937	 -0.7455
-12.0912	 +4.4407	-13.0467	 +1.8496	 -0.3261	 -0.7250
-14.6508	 -2.6797	-11.3757	 -1.1319	 +0.2208	 -1.5855
+20.6342	-34.6906	-42.7964	 -0.2542	 -0.3199	 +0.7158
-11.5531	+15.1037	+10.5112	 +0.9898	 -2.2121	 +2.1731
-17.2373	-42.6631	 +6.4788	 +0.0976	 -1.7628	 -0.3198
-20.4519	-16.0502	-12.7038	 +0.8676	 +1.9995	 -0.5694
 -1.8989	+16.2311	 -6.7560	 -0.0260	 -2.0602	 -0.1375
-16.2427	 -5.7707	-13.2921	 -2.0460	 +0.8700	 -0.3093
-11.8076	+14.1204	 -9.6059	 +1.0471	 +0.4122	 -2.0816
-30.8214	-35.3282	 -5.7538	 +1.2736	 +0.9846	 +0.7961
 -9.2994	 +6.6782	 -6.2993	 +2.2309	 -0.1461	 +1.0562
 -7.2574	 +1.5409	 -3.5388	 +0.2891	 +3.7785	 -2.9616
 -6.5779	 +4.3880	 -6.1207	 -4.0018	 +0.6159	 -1.5358
+13.9794	 +0.6757	 +2.3879	 -1.2542	 -1.6392	 +1.7007
 +2.5041	-31.7267	+66.7228	 -0.8959	 +0.7106	 -0.5618
 -4.4961	+10.1851	 +7.7718	 +4.1039	 -0.0604	 +0.2426
 -7.8937	 +2.3500	 -9.7244	 -1.8612	 -2.0160	 +1.5607
 -4.4667	-18.6792	-15.9248	 +1.8703	 +0.7599	 -1.8386
 +6.0144	+16.3279	+34.4576	 -0.0822	 -0.0835	 -0.2662
+12.6947	+72.0698	+80.4499	 -0.0645	 +1.2617	 +0.4860
+15.3463	-60.5769	 +0.8307	 +1.2367	 +0.1231	 -0.7204
-63.9182	-50.4955	+25.1776	 +1.3784	 -1.5863	 +1.1851
+170.6920	+146.5832	 -0.1714	 +1.6518	 +1.6411	 -0.0914
+30.1963	 +9.7319	 +4.9752	 +0.6765	 +1.1618	 -1.3312
+33.6542	-16.7740	-48.4799	 -0.7390	 +0.9146	 +1.1133
+16.6599	+16.5503	 -5.4238	 +0.6816	 +0.8232	 -0.9963
+15.2958	 -7.1623	+11.2110	 +1.2237	 +0.9470	 -2.3835
-12.5851	 +6.5369	+10.6353	 +1.0424	 -0.3009	 -1.1857
 +6.0810	 +6.2478	-10.6120	 +0.5803	 +4.7335	 +0.3657
 -8.5084	 +7.9940	 -5.9344	 -0.0349	 +1.2456	 +0.4065
 +0.7679	 -8.2022	+14.8296	 -0.4618	 +1.9109	 +1.0885
+11.4444	 +2.8514	-11.1755	 +3.3282	 -1.8053	 -0.4209
+71.5149	-32.2067	 -0.6530	 +0.6127	 +0.3003	 -0.7421
-25.7491	 -4.8421	 -0.4048	 -1.1143	 -0.2562	 -2.6584
-32.1893	+30.5055	 +6.7238	 +1.0162	 +1.8982	 -0.6556
 +7.8865	 -4.3286	-11.3671	 -4.5798	 +0.3859	 +1.0674
 -5.9478	-12.1257	 +3.9324	 +0.7662	 -0.3889	 +0.1176
 +4.4362	 -2.1338	 +2.8016	 +4.0103	 +2.2659	 +0.6138
 -6.6465	 -2.3268	 -2.3800	 -0.9140	 -2.4586	 +3.2823
-101.0006	-95.0292	+108.5327	 +0.7959	 +1.3376	 -0.3022
 -9.4717	-16.2431	 +2.6261	 +2.1367	 -2.0625	 -0.9718
+55.7349	+67.1371	-68.1072	 +0.3110	 +1.3034	 +0.0692
 -8.6768	 +1.8714	 +4.0685	 +1.7591	 -1.8387	 -2.6177
 -3.5645	-69.9740	+21.8651	 -0.1833	 -2.6833	 +0.3867
 -0.3366	-12.0720	-11.8024	 -1.1164	 -3.9465	 +1.0555
 +3.4481	 +0.5012	 -9.5511	 +3.7923	 +0.7759	 -0.1464
+31.8508	-15.2551	 +5.6815	 -1.7252	 -0.3714	 +0.8140
-55.8596	+46.1140	+56.5672	 -0.4717	 +1.1732	 +0.9232
-21.0936	-26.0725	-11.1012	 -1.4449	 +1.8919	 -0.3893
+14.3627	+11.9829	 -7.1702	 -1.1582	 +3.0774	 -1.2554
 +0.8688	+12.4801	 -9.4313	 +0.3622	 -1.9092	 -1.9487
-29.3679	-31.1870	 -9.1537	 -3.9208	 -4.7383	 -0.2062
-15.5600	 +1.8756	+12.9839	 -0.7158	 +0.5513	 -0.6169
 -6.9533	 -2.3069	 -1.3093	 -0.1609	 -5.4960	 -0.7368
-14.3120	+15.3849	-37.4075	 +0.6675	 -0.3543	 +0.4030
-45.2605	 +1.9805	+24.7374	 -1.9041	 -0.1319	 +0.9006
 -7.7190	+28.4029	-39.0720	 -0.3338	 -0.2389	 +0.3809
 -5.9067	 +6.2650	-17.1367	 -3.0995	 -1.4923	 -1.3066
 +6.0630	-13.6310	+41.1621	 -0.4180	 -1.7613	 -0.3210
 +3.2964	 -4.0425	 -2.9016	 -1.0560	 -3.9430	 -3.1892
-20.6772	-77.6390	-62.8738	 -0.6524	 -0.7611	 -0.2077
-19.3650	 +5.1844	 -6.5130	 -1.2431	 +0.9122	 +0.8985
 -0.6732	 +9.4500	 +0.6357	 -0.6471	 +1.9141	 -0.0840
 -3.1044	 -5.0681	 -1.0985	 +2.0178	 +0.1035	 -0.4812
 -4.7049	 +3.7695	-23.7947	 +0.3409	 -1.8602	 -1.4658
-26.0388	+13.8056	 -3.4890	 +1.3029	 -1.0891	 +0.6073
 +7.7709	-41.7893	-11.4029	 +1.6717	 +0.3598	 -0.0031
-11.2028	-14.5883	+17.4060	 -0.5485	 -1.5465	 +0.3211
 +5.0644	-10.0844	+13.9587	 +2.4481	 -2.5071	 +1.2694
+47.0566	 -7.8472	 -5.2776	 +0.6016	 -0.1340	 -0.2487
 +4.6197	 +8.5592	+11.8562	 -1.1775	 +2.1501	 +1.6209
-30.8087	 -3.5849	 +4.9708	 +1.1382	 -1.6604	 +0.9105
 -4.8960	-19.8019	+13.8043	 -1.1188	 +0.7158	 +0.6229
-353.3886	+387.5281	+643.5546	 -5.9731	 +6.4824	+10.8942
-146.8339	-200.5596	+29.9670	 -2.0583	 -2.6907	 +0.7427
 +8.1422	 -6.7576	 -3.5798	 -1.9825	 -0.0295	 -1.2047
+16.1887	+29.6931	-17.0880	 -1.3708	 +0.6755	 -0.2821
+13.0634	 +0.5617	-17.2124	 -3.2621	 +1.9423	 -0.8520
 +0.3307	+19.9744	+25.7436	 +0.6793	 +2.4047	 +2.0932
-21.6491	-58.5924	+169.8134	 -1.9397	 -4.0574	+13.3801
 -3.4510	 -4.4661	+19.8845	 +1.7628	 +1.2445	 -3.4180
 +2.2528	 -1.6385	 +4.5234	 -2.1175	 -1.0577	 -0.0578
 -7.3823	 -1.9175	 +1.7449	 -0.2985	 -1.4229	 +4.4859
 -2.8944	-11.6417	+31.8392	 +0.4032	 +0.6336	 -0.9876
+23.3027	 +5.3025	 -9.0643	 -0.3955	 -1.5334	 +1.4999
 +0.2969	 -6.2349	 +1.4799	 +2.2165	 +2.5461	 +0.0367
-10.3432	 +7.1983	-16.2653	 -1.6994	 +3.2180	 -2.8532
 -4.0200	 -7.4405	 -3.2448	 +0.1895	 -3.6063	 +1.7004
+16.5091	 +3.2472	 +2.7070	 +2.1172	 -3.6321	 +1.1415
 +0.4160	+11.3623	+15.1426	 +0.4458	 +0.4856	 +0.4796
 -9.7430	 -8.7417	 -7.6931	 +1.4339	 -1.3462	 +0.0448
 +0.8931	+24.8001	+23.5439	 -1.5571	 -0.5180	 +0.5680
 +6.1738	+18.9017	 -7.9694	 -0.9552	 -1.8418	 -0.2109
+22.6523	-27.5268	 +0.5192	 +0.5041	 -3.4099	 +0.3398
-10.3919	 +7.3315	 -3.1658	 -1.9880	 +0.8166	 +0.3996
-10.0175	 +7.3398	-15.8337	 +1.5973	 +0.9441	 -0.5902
+11.9377	 -9.8258	+26.4665	 -0.0025	 -1.7418	 +0.2557
-12.2692	 -3.8464	 +5.4684	 +2.1395	 -2.1673	 -1.2856
-23.1518	-45.4298	+21.9618	 +0.6909	 -0.8081	 -0.2280
 -3.4583	 -8.3540	-21.7189	 -1.0386	 -1.4969	 -2.2104
+17.1142	+16.1702	-12.0626	 -1.6016	 -1.6023	 +2.8331
-14.0319	 -2.7143	 -5.5407	 -1.0610	 +0.8580	 +3.4462
+103.2950	+95.7529	+211.7448	 +1.2853	 +1.5491	 +2.6918
 -6.7763	+17.7866	 +6.9310	 +2.1008	 -0.9935	 +1.5090
 +4.1655	 +4.6678	 -0.9149	 +1.5895	 +0.4699	 +1.5843
-19.0262	 -5.9065	 -7.3305	 +0.0206	 -1.0837	 +0.2782
 +1.2479	 +0.0693	+10.4473	 -4.2453	 -0.1066	 +0.2240
-16.9528	 +3.0778	 -2.1328	 -1.6493	 +0.9253	 -2.7549
 +6.3492	 -9.0436	-11.6609	 -4.2700	 +1.3875	 +1.5987
+20.4664	-28.8605	 +4.7729	 -0.4651	 +1.6861	 -0.5951
 -3.4283	 -1.4228	 -5.9778	 +2.8614	 -2.6972	 -3.0107
+252.8880	+37.6751	-159.6565	 +5.3929	 +0.7385	 -3.1475
