# Num Particles: 1000
# Num Cores: 1
# Total Energy: -1.960650e+04
# Iterations: 151 of 1000
# Current Time: 2018-05-05 19:29:09.944971
# Elapsed Time: 2:15:10.716973
# Avg. Step Time: 0:00:53.713357
# 
# x	y	z	vx	vy	vz
# 
 -6.4825	 -6.8182	 -2.6385	 +1.5537	 +1.0397	 +0.6037
-16.9244	+22.3303	 +2.3441	 -0.9294	 -0.3563	 -0.5042
 +7.5793	 +9.6665	 -4.8675	 -0.7298	 -0.2114	 +2.3484
-28.9434	 -4.1177	+11.6023	 +1.7404	 -2.5560	 +0.1386
 -8.7664	+14.0011	 -2.8582	 -1.9858	 -0.8842	 -0.4800
-11.1085	 -6.4235	+10.1175	 -0.6603	 +0.1317	 -2.3145
 -0.3978	+11.7343	 +9.7781	 +1.3119	 -0.4249	 +0.1641
-11.3378	-17.1638	 +8.9594	 +1.1155	 +0.8055	 -0.3646
 +7.8861	+18.2876	+10.1614	 +0.5728	 +2.9984	 +2.4123
-23.4417	 -8.2887	 +1.4003	 +2.4304	 -2.5155	 -0.6837
+10.4260	-12.9198	-17.7961	 -0.8147	 -2.8540	 -1.5211
 -9.2693	 +3.0727	 +1.9439	 +0.5417	 +2.0819	 -1.3864
 +9.4685	 -3.3419	 +1.4543	 +4.5344	 -0.4738	 -2.5553
 -7.6116	+13.3556	-19.5445	 -2.6111	 -1.2846	 +2.8710
 +3.9634	 +0.2443	 -4.2753	 +0.7237	 +1.8934	 -1.9909
-12.9221	+10.2520	 +8.4630	 +1.6387	 +1.9665	 +1.4830
 +6.2421	 +8.1752	 -4.5428	 -2.4492	 +2.5641	 -3.9836
+11.5787	 -9.0860	 +8.7994	 +1.7365	 -1.8622	 -0.6885
 -6.2531	 +8.3607	 +1.3987	 +2.6462	 -3.2048	 +1.4013
+83.1093	-40.1874	+79.8306	 -1.6459	 -0.7369	 -0.0343
 -6.4165	 -2.4572	 +0.7815	 -2.2718	 -3.6689	 -4.1922
 -1.1320	 +2.9000	-12.8852	 +0.4617	 -2.5430	 -0.7635
 +5.4040	 +5.7707	 -8.7049	 +0.9959	 +2.2093	 -0.2434
 +3.5739	 -5.9208	-10.8498	 -0.4756	 +0.2209	 +2.1807
-16.5218	-20.3382	+23.6222	 -0.5941	 -0.8814	 +1.5236
-51.8140	+44.1139	-17.3639	 -0.4955	 +1.1074	 -1.0587
 -3.9408	 +8.2896	 -1.0481	 -0.8904	 -1.6962	 -1.2796
-11.5740	+14.3719	-17.4476	 +2.4258	 -0.1366	 -0.5929
-16.2130	-12.7617	 -9.6041	 -2.7029	 +1.9577	 +1.3077
+13.4571	+25.5064	 +2.6493	 -0.8570	 +0.6490	 -0.0405
+24.8013	 +4.3182	 -4.2154	 -1.4641	 +1.1567	 +1.6627
-56.2348	+33.7855	+24.0617	 +0.6668	 +1.4331	 +1.4328
 +1.1417	+12.1932	+19.5772	 +1.8756	 +0.2564	 -1.3380
 +0.0630	+13.2719	 -6.2891	 -0.0140	 -3.0476	 +1.3413
 +3.2065	 +4.0091	-24.0814	 -0.0503	 +1.6999	 -3.8350
 +3.7233	 +3.2838	 -0.3142	 -2.1260	 -0.0557	 +0.5322
 +5.3895	 +3.2092	 -9.0752	 +0.5419	 -3.1243	 +0.3586
 -7.2334	 -0.2834	 -2.8257	 -0.7941	 +2.9482	 +4.0328
 +8.6627	-24.5808	 +5.1840	 +1.5836	 -1.3797	 +0.4517
 -0.0508	-10.0758	 -0.5505	 +1.7774	 +1.5766	 +1.6205
+21.2934	-37.1072	 +2.9874	 -0.4789	 -0.2897	 -0.8932
 -0.7628	+25.3219	 -9.3102	 -1.2824	 +0.1992	 -0.5670
 +0.5810	-12.7611	 -6.3723	 -1.7497	 +0.3946	 -2.7299
 -8.2427	 +1.5542	 -1.7027	 -1.6516	 -2.9290	 -0.9537
 -5.3142	-16.1905	 +7.6159	 -3.6626	 -2.0728	 -0.2440
 +7.7921	 +0.9172	 -1.3495	 -0.9576	 -1.3100	 +1.8381
 -7.7931	-11.1170	 -3.7064	 -2.9746	 -0.6864	 -2.8864
 +0.2083	 -9.0788	-13.1149	 -4.8798	 +2.0373	 +1.2460
 -0.4970	 -1.1431	 -4.8277	 +0.9197	 -1.4960	 -1.0886
-10.7327	 -1.9341	 -4.7508	 -1.2589	 +1.7992	 -0.7781
-13.2895	-44.4526	-10.3532	 +1.7219	 +1.7066	 +2.1665
+21.4172	+10.2409	+26.6582	 +1.9879	 +0.0321	 +3.0400
-14.3868	+26.3817	+22.2466	 -2.3088	 +1.2066	 -1.1940
-12.2658	-11.8739	-14.9754	 -1.4122	 +3.2503	 -0.5108
+10.6976	+27.4169	+69.2578	 +0.2762	 +1.9982	 +0.4626
 +1.0504	 +3.4681	 -1.1696	 +6.8550	 -0.8316	 +0.8511
-30.0041	 -2.2489	 +0.8694	 -2.6585	 -0.7006	 +1.0408
 -8.3977	 +4.6845	 +1.7482	 -1.4208	 +0.1056	 -2.0003
 -3.8755	 -8.0181	 -7.8287	 +0.6396	 -5.1142	 +0.7384
 -7.2738	+27.1143	-11.9812	 +2.7189	 +1.8434	 -1.1326
-16.8010	 +5.1395	-20.1799	 +3.0188	 -0.4950	 -0.5987
 -0.3000	+34.9076	 -9.3501	 +0.8329	 +0.0720	 +1.9189
 +2.6932	-11.6907	 -4.4371	 +2.1883	 -0.9419	 -0.4557
 -3.2742	 -0.0001	-13.2938	 -1.0839	 -3.8347	 -1.5031
 -4.7478	 -5.7524	 -7.3820	 -0.7883	 -0.2166	 +2.7791
+16.2360	+15.4647	 +8.0495	 +2.0380	 +2.0990	 -0.0948
-11.4048	 -8.4843	-24.0890	 -0.9130	 -1.4782	 -0.9240
-36.3790	-29.6981	+15.4381	 -0.5593	 -0.3429	 -1.5548
 -1.8818	+11.4524	 -3.6637	 -1.2702	 -2.7593	 -2.3816
-24.4305	+16.1240	+13.8150	-10.9314	 +9.0209	+15.5276
 -7.1051	 -9.0661	 -5.1377	 -2.7904	 -2.2687	 -0.1567
+10.3743	+17.8562	 -3.0793	 -1.3152	 -1.0935	 -0.7034
 -7.5126	 +1.7576	 -0.3521	 -2.2110	 +2.6065	 -4.1868
+13.0409	+14.7485	-110.7196	 +1.9201	 -0.0722	 -0.8364
-16.9186	 +9.9711	 +5.6373	 -4.6525	 +0.9333	 +0.7787
+14.8965	-18.2140	+14.3478	 +2.3667	 +1.4031	 +0.1694
 -2.4430	 +3.0325	 -2.2357	 -1.2526	 +0.6480	 -4.9923
 +7.7179	+10.0627	 -3.6780	 +1.6678	 -0.0220	 +4.1214
 -8.6817	 -0.6002	-18.0921	 -2.7797	 +4.7836	 -5.0075
+15.5861	+15.0384	 -1.5426	 -3.5506	 +1.0535	 +0.4881
 -4.1835	 +3.2619	 +3.2214	 -3.0056	 -1.1331	 +2.5715
 -2.7317	-17.0344	 +6.5361	 +1.5998	 -1.3833	 +0.4366
 -2.4573	 -1.8211	-10.9098	 +0.6669	 +0.4686	 +2.3280
-17.2377	 +6.6872	+47.7978	 +0.0172	 -1.6984	 +0.9669
+15.7717	+18.7640	+23.4645	 -1.3163	 -0.3744	 -0.0090
 +2.7166	-16.4916	-22.2667	 +1.9292	 +0.7979	 -0.2003
 +5.6726	 -2.7913	 +8.5642	 -2.6656	 -1.7039	 +1.4422
 -4.6152	 +1.8233	 -4.8640	 +1.4435	 -6.2171	 -1.5677
+10.8437	 +1.4379	-12.2162	 -1.8467	 +4.6295	 +0.1711
+21.5237	+17.0538	 +5.0277	 +3.5453	 -1.0565	 +1.6187
 -6.9110	 -6.4329	-10.6977	 -2.8113	 +0.7295	 +0.8208
 -1.6178	 +5.3565	 +4.1146	 +1.4506	 -0.0143	 -0.3891
-21.2408	-32.3495	-43.9055	 -0.2171	 +0.0844	 +0.9906
-20.5706	 -8.3097	+12.8070	 +1.1448	 +0.2032	 -1.2338
 -3.4110	 -0.1812	 -0.2135	 +3.5869	 +4.5573	 -1.5669
-13.2620	 +5.8386	 +2.2797	 +1.1405	 -2.4321	 +3.0829
 -1.0826	 -8.6079	 +9.1988	 +1.8726	 -4.9067	 -1.8952
 +8.2193	 +2.3889	-18.6796	 +2.6398	 +0.3131	 -0.7950
+15.6708	 -2.8773	 +4.6164	 -1.3065	 +2.1839	 +0.5955
 +6.2564	 +7.9169	+22.5810	 -2.0950	 -0.7205	 +2.9821
-10.2398	 +5.4139	 +1.7249	 +4.1885	 +2.4996	 -0.9464
 -1.2788	 -1.0279	 +0.6319	 -4.1785	 -0.7654	 -3.2927
 -5.7056	 -3.0097	 -2.0754	 +1.6564	 +0.4621	 -3.1074
 -3.1367	 -6.5906	 +7.9476	 -1.4015	 -2.9257	 -2.4026
+94.3567	+22.4003	-52.6072	 +6.5438	 +1.6671	 -3.2437
 -6.4477	 -4.6943	 -4.8404	 -1.7065	 +0.2650	 +5.1416
 +5.3059	+14.8390	-19.4600	 -2.7058	 +2.8484	 -2.0670
 +8.9136	 +2.8349	 -1.6188	 -3.1194	 -2.8390	 +0.2694
+19.5312	+23.4531	 +0.8988	 -2.0656	 -0.4788	 -1.7078
-11.7117	 +0.7116	+11.1335	 +0.4485	 +0.6556	 -0.6844
-18.1082	-12.2935	 -1.7600	 -3.8429	 -0.6740	 -0.9045
+470.5046	+397.6563	-222.7295	 -0.2892	 +0.6651	 +0.3196
-140.2265	+115.5871	+205.8957	 -0.0656	 +1.1013	 +0.3742
+25.7572	 -9.0992	 -5.8614	 -1.7207	 +0.5552	 -1.4614
 +6.4574	 +5.7388	-16.0896	 +2.9288	 +1.1880	 +0.6765
 +1.6476	-11.9416	+11.3866	 +0.5463	 +1.6960	 +2.7858
 +0.2372	+11.0513	 +4.1048	 +2.4924	 +1.7482	 +0.3508
-44.1103	-10.9229	-19.4509	 +2.8599	 +0.5628	 -0.3684
 -6.4182	 +2.0945	 -2.8020	 +0.2009	 +2.7913	 -0.4367
+46.6842	-29.0078	-34.6403	 -0.4286	 -0.1781	 +1.0133
 +9.2312	 -0.4503	+22.2142	 -0.7975	 +1.2288	 +1.5115
 -6.4529	 +3.9274	 -0.5258	 +2.4649	 -0.6362	 -0.6430
 +1.6468	 -4.0280	 +1.3481	 +1.1220	 +2.8891	 -3.2071
 +9.4427	 -4.6298	 -6.3494	 +0.7555	 -3.8972	 -0.6366
 +2.1803	 -0.6133	 -0.4763	 +3.9203	 +2.3041	 -0.5155
 -0.4855	 -3.0868	+10.4131	 -0.9137	 +1.7642	 +2.3155
 +4.7199	 -3.1948	+14.6270	 -2.5246	 +0.0044	 +0.3067
 -7.9631	 -1.5542	 +1.5814	 -4.4182	 +0.2459	 +1.1416
 +0.1719	 -4.9785	 -5.7158	 -2.4527	 +2.6759	 +0.5538
 +0.8098	 +2.0422	 +5.2263	 +3.9697	 -1.5572	 -2.2554
+14.7959	+15.0838	-180.5546	 +0.0492	 -1.1876	 -1.1003
-12.3461	 -8.2980	 +2.0872	 +1.6385	 -1.1850	 +1.5458
 -7.4549	 -5.0525	-11.0363	 -0.8846	 +1.5372	 -3.1239
 +7.7699	 -6.4430	 +1.3327	 -2.5352	 -0.2204	 +0.1095
 -3.4351	 -5.5898	 -1.0185	 +0.8254	 -1.0410	 +1.5189
 -4.4573	 -4.6734	 -0.0829	 +5.2978	 -2.0246	 +5.0094
 -2.5042	+17.7880	+10.0357	 -3.0134	 -1.0831	 +0.5004
 -7.5765	-32.1055	+14.5919	 -2.1048	 +0.5897	 -1.1276
 -4.4118	 +2.1963	 +8.5969	 +0.5470	 -2.1182	 +0.0409
-38.1037	+28.7898	+20.4268	 -2.4120	 +2.3541	 +1.1996
 -7.0644	 -5.4410	 -0.9628	 +3.0102	 +0.1412	 +2.7708
-13.7244	+13.4263	-16.9657	 +2.4573	 +1.0341	 -2.3071
 +0.1641	 +4.9855	 +4.1192	 -0.5533	 +1.7450	 -0.1234
 +7.3616	+27.7966	-19.6417	 +2.8969	 +0.2582	 +2.6027
+56.6115	-21.6557	+14.4606	 -0.7904	 -1.7226	 -0.6458
 -1.8736	 +0.7569	 -3.4719	 -1.9458	 +0.1971	 -4.1565
-45.1994	-52.6224	+56.9692	 -0.9782	 +1.5107	 +0.5218
 +8.6185	 -5.4851	 -5.0639	 +1.1536	 +3.4337	 -0.5965
-14.0589	 -6.9035	 -5.0135	 -1.2072	 +0.5397	 +4.5257
 -9.3465	 -9.4411	 -3.9357	 +0.6254	 -0.3839	 -1.3271
 -7.1192	 -6.3194	 -8.5480	 +0.8988	 -0.1652	 +4.2939
 -8.0085	 -5.8044	 +2.8503	 +0.7906	 -3.2442	 +1.3883
 +0.3798	 -1.1594	 -1.9699	 +5.7282	 -2.3449	 -2.0265
 -4.8559	 +4.5509	 -2.6654	 -2.7600	 +2.3485	 -3.6174
 -1.7114	+11.7833	 -1.2628	 +1.7792	 -1.0790	 -1.4761
+13.8454	-10.2695	 +0.4957	 -0.6715	 +0.1715	 -2.3319
 +1.2806	 -6.5407	 +4.9097	 -4.7705	 +1.5107	 +2.2402
-26.1737	 +9.5056	 +4.9502	 -0.6002	 -0.4861	 -3.5810
-10.4827	 +6.1276	 -7.6048	 -2.6589	 +1.4591	 -0.4114
 -4.7503	 +0.4111	 -2.0038	 +3.7639	 -1.3303	 +0.3427
 +7.8533	 +4.3584	-10.4775	 -0.5040	 +3.1654	 -0.8804
+34.5743	 +4.7374	-26.8010	 +1.3575	 +0.8352	 -1.1508
 +8.2744	 +7.3261	 -3.2843	 +0.0190	 +2.2459	 -0.7502
 +0.1681	 -8.4096	 -3.6821	 +3.2328	 +2.6146	 +0.7373
 -7.0075	 -0.8793	 -9.6522	 -3.0273	 -4.1013	 -0.9097
+11.0357	 -0.3434	 -1.8776	 +1.2979	 -1.3541	 +2.6094
 -7.2184	 -6.1985	 +0.7873	 +1.1680	 +2.4767	 -1.6465
+19.5711	+11.4578	 +8.0518	 +0.6833	 +2.2950	 -1.7393
 -6.7614	 +4.7460	 -3.4886	 -3.0396	 -1.9475	 +2.8005
-13.0814	 +5.5011	 -2.1017	 +1.4352	 -0.5200	 -2.2727
 +1.5080	 +5.5457	+18.0247	 -1.1023	 +1.6926	 +2.3390
 -5.4804	 -2.7951	 +0.4606	 -2.6148	 -0.9331	 +0.0848
 -1.6501	 +2.9304	+13.6260	 -1.2133	 +1.2434	 +3.9868
 -3.1680	 -2.1832	 -3.9618	 -4.2752	 +4.3357	 -4.5543
 -2.3639	 +7.4938	 -6.8923	 -0.9489	 +4.3647	 -1.8138
+16.4964	+34.0487	-23.2054	 -3.2210	 -0.2158	 +0.7245
 +6.0502	+13.2628	 -7.2798	 +3.3074	 -1.6060	 +2.5559
 -3.0023	+33.7141	 +2.6293	 -0.9428	 +2.0581	 -0.3339
 +2.6608	 -4.4500	 +2.1305	 +1.5047	 +0.0756	 +1.2795
 +1.8996	+12.2919	 +2.3678	 -0.3496	 -1.4998	 +1.1995
-33.5592	 +5.7656	+18.7598	-10.5749	 +1.6811	 +4.2319
 +5.1540	 -1.3909	 -8.2126	 -0.3612	 +3.8603	 -1.2003
 +2.7768	 -2.5568	 +5.6828	 -0.3923	 -1.7311	 +0.2215
 -5.6125	+14.0757	-18.8967	 -1.6974	 -2.4130	 +2.2008
-14.1843	 +4.1544	-14.1092	 -1.0050	 -2.0973	 +2.9179
 +2.9447	 -6.0863	 -0.7718	 -0.6079	 -0.8934	 -3.2127
 -0.2869	 +8.8674	 -5.5951	 +0.3011	 +2.6543	 +0.9688
 -1.8999	 +4.2232	 -0.2136	 -0.0143	 +0.4122	 +0.5558
+11.3153	 +2.6154	 +5.4650	 +2.6697	 -0.8758	 +2.4071
 -3.9311	 +0.9075	 -3.3666	 +1.1869	 +2.9879	 -3.5685
 -7.5309	-20.0062	 +6.4428	 +0.8096	 +2.4433	 -1.2857
 +5.7873	 -2.6589	 -7.6955	 +0.4723	 +1.7214	 +1.0666
-19.1560	 +3.4543	-38.8461	 -0.7213	 -1.9430	 +0.8987
 -0.5758	-10.1631	 -7.0154	 +0.9911	 -0.0428	 +2.3203
 -6.6309	 -0.8475	 -9.4058	 +1.7901	 +3.2399	 +2.7879
 +2.4157	 +6.4967	 +2.9234	 -1.8798	 +1.5267	 -0.6400
-20.1680	-12.1401	-13.0675	 -2.0649	 -2.1661	 -0.7693
+11.1456	-94.6782	-21.1297	 -1.4514	 +0.7349	 +1.1182
 +0.9859	 -9.6930	 -9.2815	 -2.8023	 +1.4388	 -1.4352
 +5.7419	 -3.2591	+14.4184	 -2.2332	 -1.8766	 -1.5396
 -4.6504	 +5.0136	+18.2640	 +2.5989	 +3.7702	 -0.0506
-27.8658	 -9.4703	 +1.5716	 -1.7251	 -2.7245	 +1.6767
+24.2966	 -6.6177	-32.4404	 +1.6092	 +1.4598	 -2.3508
 +6.4941	 +8.5374	 -4.0297	 -1.4426	 +1.2592	 -0.4112
 +2.3391	 +6.3747	-11.3944	 -2.9395	 -1.6599	 +1.2922
 -3.9722	 -1.9791	 -1.2535	 +2.3710	 -2.9546	 -0.4132
 -5.6435	 -1.1288	 +2.5941	 +0.6227	 +2.3272	 -1.1174
-18.9990	-14.4547	+26.2986	 +1.6475	 -2.4793	 +0.7762
-23.8815	+51.5089	-13.8994	 -1.7855	 -0.6644	 +1.8084
 -0.8498	 +4.7627	 -6.0381	 +1.5954	 +0.9686	 +2.3575
-10.8826	+11.8872	 +2.1551	 +2.4883	 +1.2167	 -0.8717
 +9.7720	 +6.1596	 +4.3362	 +0.0539	 -3.3493	 +0.5498
 +4.9261	 +0.7664	 -5.6804	 -2.1916	 +1.6375	 -1.0880
-19.6521	 -1.7238	 +4.5665	 +2.8406	 +0.0911	 +0.4538
 -8.4869	 +4.8068	 +6.3624	 -0.4299	 +1.5133	 +5.0260
+121.4661	 +7.1086	-32.7027	 -0.0528	 +0.1325	 +0.7979
 -5.7721	-17.2672	-28.7844	 -2.4276	 -1.5117	 +1.1251
 -2.6941	 +0.9853	 -0.0224	 +4.1864	 -3.9744	 -0.0178
 -1.2606	 +4.0328	 -7.0275	 +4.5336	 -0.6880	 +3.2236
 +2.3671	-13.2937	 +1.5299	 +0.3760	 -1.8033	 +0.2040
 +4.1741	-11.6629	 -9.0666	 -3.9940	 +4.1025	 +0.8714
 -9.2874	 -5.5206	 -6.1707	 +1.6652	 +2.1971	 -0.1671
 +9.6109	 -1.0806	 +9.0091	 -1.5203	 -1.6417	 +0.0597
 +6.1600	 -2.8191	 -1.5224	 +0.2017	 +1.6167	 -3.5754
 -6.6053	 -2.9855	 +9.0809	 +0.7838	 -0.8923	 -2.6263
 +0.1400	 +0.0208	 -2.7394	 +0.4127	 +1.4361	 -0.2005
 -2.3676	 +1.5724	-11.3956	 +2.1818	 +1.0202	 +1.2679
-15.8487	-52.7841	+25.9954	 -0.5776	 -2.5942	 +2.7341
 +9.0193	 -3.1217	 -2.6230	 +1.0323	 -1.7205	 -1.2128
 -8.5416	 +3.5080	 +3.6954	 -3.8690	 -0.9286	 -1.0278
 -8.4195	 +5.4270	 -9.2802	 -0.1072	 -0.4427	 -0.6484
 -1.9714	 +6.6415	 -4.0379	 +0.4438	 +0.1343	 -1.1554
 -4.2179	 -5.4725	-10.4463	 +3.1822	 +1.8846	 -0.0252
 -1.1703	 -5.3159	 -3.8835	 -3.4908	 -4.8799	 -1.4657
 +5.5728	+10.1263	 -4.1386	 -0.8177	 -2.8357	 -2.0779
 +2.0288	 -6.1731	 -1.2294	 -4.0959	 +1.0305	 +3.0245
 -2.7288	+15.2462	+11.5769	 +0.3395	 -0.3568	 +1.7127
+12.8955	-18.6021	 -5.1875	 -0.6622	 +2.2231	 -2.4742
 +2.8796	 +2.7640	 -5.2022	 +1.1355	 +2.0891	 +1.3883
 +1.7404	 -2.0348	 +2.6647	 +1.1850	 +3.1174	 -1.6430
-64.0996	-14.0549	 +5.4703	 -0.2309	 -1.4133	 +0.3291
 -2.8766	 +2.7281	 +5.2710	 +1.7165	 -1.2093	 +3.3566
 -4.0131	 -2.0074	 -7.9885	 +0.3684	 -4.4463	 +4.0909
 -9.4906	 +6.1496	 -2.7969	 +0.4547	 +0.7331	 -0.3723
 -4.9207	 -4.0899	 -3.8530	 -0.7196	 -3.0714	 +3.1343
 +3.9981	-12.5397	 -9.2191	 -1.5198	 +0.9515	 +0.0339
-17.4285	 +7.2851	+19.1661	 +2.1223	 +0.8844	 -3.1452
+11.9749	 +1.8538	 -6.1099	 +3.3628	 +1.0590	 -0.1426
 +6.4495	 +1.2265	 -0.2274	 -1.3360	 -4.5023	 +2.4518
 +0.1438	 -5.8104	 +3.6884	 +4.6417	 +5.5079	 +1.3324
+15.0872	 +9.3309	 +2.3772	 +1.0416	 -4.1962	 -1.2877
+17.0595	 +3.2338	+15.1750	 -1.0007	 +2.1310	 -0.8270
 -6.6206	 +8.3401	 +0.6484	 +0.8836	 -2.6569	 +0.1326
 -9.8138	 -0.4336	 -8.8437	 -0.6764	 -1.3164	 -1.7121
+1874.2565	-33.9885	+791.1621	 +0.2198	 -0.2337	 +0.0656
-10.3588	 +0.9022	 +4.4074	 -1.2029	 +0.6364	 -1.3786
 -8.4456	 -6.2074	 +0.9373	 +0.7885	 -4.6929	 -1.7261
 +8.8883	 +0.4892	-16.6277	 +1.4666	 +1.0996	 -0.0789
-21.1127	+14.7822	 -3.2981	 -1.7880	 +2.1916	 -1.6668
 -0.5078	 -7.5882	 -5.0576	 -3.2423	 -2.4672	 +2.9535
-65.9159	-64.6075	-70.9019	 -0.6078	 -1.0527	 +0.0437
-12.1792	 +4.1995	+28.7011	 -0.8273	 -1.8326	 +1.8511
-19.0818	 -9.4310	-23.3460	 -0.7371	 -3.6136	 -1.9000
 +7.6233	 +1.6001	 +2.5123	 -4.7256	 +3.2569	 -2.4771
 -9.1138	 -4.0157	 -7.7264	 -1.2796	 -0.6805	 -1.4707
-16.1656	-15.2974	 +4.3639	 -4.0497	 +0.6613	 +0.4619
 +8.0402	-14.2372	 +3.1178	 +0.4301	 +0.5943	 +0.5938
 -1.5279	 -5.0555	 -3.1930	 +2.3195	 -3.3832	 -0.2347
-12.9066	-13.1933	-12.6983	 -0.6748	 +1.2030	 +1.2784
+11.8000	+12.0421	+10.2699	 +2.9623	 +5.3614	 +1.5491
-16.1851	-34.4592	-14.1294	 -0.9915	 -1.0850	 -1.3778
 +6.0926	 -0.4045	 -8.1315	 +1.2764	 +2.5382	 -0.4328
 +4.0296	 -5.8650	-10.8730	 +2.6031	 +0.3135	 -0.2634
-12.3976	 +8.7926	 +2.4537	 -0.3180	 -0.1711	 +4.0079
 -0.7799	 -3.5820	 -4.2323	 +3.6674	 +2.8186	 +0.7386
 -9.9420	-15.7228	+19.5233	 +1.0662	 -2.6164	 +2.4570
 +6.7133	 -2.8693	-25.7727	+10.9473	 -4.3369	-12.1490
 -4.0416	 -1.2073	 -0.1977	 -3.1674	 -1.9061	 +2.2603
 +2.1392	-12.0617	-29.8341	 -0.0999	 -3.0628	 +0.2268
 +5.6439	 -4.0794	-11.2758	 +2.4593	 -0.0598	 -2.4197
 -9.2905	 -3.7434	 +5.7460	 +0.4386	 -0.6101	 +1.5282
 -9.2611	 +7.7148	 +0.4291	 -1.4424	 +2.2168	 +1.8966
 +3.9761	+11.5994	 -1.5616	 -2.6074	 +0.7748	 -0.3066
 -6.2223	 +3.8553	 -0.8375	 +2.8773	 -3.4418	 +0.8254
 -1.6100	 +9.5760	 +7.6672	 +0.2789	 +1.8714	 +0.5599
 -4.6344	 -1.3569	 +9.4375	 +1.6509	 +2.0319	 +0.1064
 +3.3413	 -6.0841	+11.6438	 +4.4818	 -1.0050	 -1.5010
-11.3766	 -4.9709	-23.9814	 +2.9950	 +1.0696	 -0.1995
+12.3519	-17.0548	-12.7012	 -0.0998	 +0.1373	 +0.8838
-123.7903	-54.9635	+80.5736	 +0.8584	 -0.8771	 +0.5808
 -2.4257	 +1.9658	 -4.5546	 +1.0188	 +3.9795	 -3.0703
 +5.0823	 +4.9020	 +1.0669	 +2.1446	 -4.0460	 +1.1606
 -2.2771	 +7.7257	-10.5412	 -3.4770	 -0.1453	 +2.9051
 +8.4235	 -8.7918	 +1.2189	 -3.3370	 +0.6764	 +3.0042
+12.8551	-10.1195	 +2.2492	 +2.5229	 -1.1399	 -0.9569
+18.8513	 -9.2779	 -0.4664	 +8.7141	 -0.7071	 +3.1406
 -1.8912	+14.7856	 +6.5049	 -1.3336	 +0.1587	 -1.5842
-107.7469	-107.4063	+99.4707	 +0.4875	 -0.1701	 -0.2024
+12.3170	+33.8360	 -3.5859	 +2.0238	 -1.5397	 -2.4120
-24.7884	 -5.3344	+27.7300	 +0.8794	 +2.2882	 +0.3178
 +5.0575	 +0.8173	-38.4860	 +2.7932	 -0.8187	 +0.7398
 -5.1483	 +8.0856	 -1.5867	 +5.4791	 +2.3321	 +2.3575
 +0.5207	 -3.9180	-10.4867	 +1.0418	 +0.7037	 -3.6981
 -2.6137	 +1.7365	 +5.2586	 +0.0122	 +0.8816	 -0.7990
 -3.4573	 -8.1408	 +3.1113	 -4.4351	 +2.0407	 -0.2784
 -4.0532	 +3.2923	 -2.9640	 +2.3462	 -4.3632	 +3.1498
+19.1339	 -0.6352	 +3.4110	 +0.4236	 -1.0311	 +1.3263
+11.5406	 +7.6425	-11.8432	 -0.8997	 +4.0266	 +0.4788
 +7.6612	-75.6816	 +3.6203	 -1.0937	 +1.9500	 -1.2833
 +3.9753	 -4.0010	-11.7169	 -1.5700	 -0.1744	 -2.5831
 -2.1570	 +0.7919	 -0.3189	 +1.8825	 -0.0968	 +1.9416
 +1.3896	 +2.4223	 -3.0039	 +1.5497	 +0.2083	 -2.1095
 -4.6066	 +5.3038	 +6.5110	 -0.2029	 -0.4995	 -4.4511
 +2.8778	 -6.2584	 -4.9571	 -2.1180	 +3.0890	 -1.2612
 +8.7876	 -1.3039	-29.5515	 +0.7903	 +1.9284	 -2.5027
 -6.1476	 +5.0612	-28.7756	 +0.3409	 +0.5522	 -0.7395
+10.8357	-24.1843	-34.1078	 -0.2242	 -1.9648	 -0.4054
 -5.7100	 -1.7966	 -1.8300	 +0.0315	 -1.7421	 +3.0719
 -8.1034	+14.0366	-17.0746	 +0.4437	 +2.4309	 -3.8740
 -3.8641	 -1.6638	 +8.6937	 -1.4147	 -2.2949	 +0.4051
 +0.0005	 -1.3773	 +1.2902	 -1.9294	 -1.9496	 -0.7044
+24.4212	+27.4254	 +2.8522	 +2.6364	 +0.2852	 -0.5241
 +2.5597	 +8.8859	 -2.9503	 -0.7146	 -3.1366	 +3.8652
 -5.1553	 +1.1193	-11.7894	 -1.4568	 +0.6431	 -2.7096
 +0.3971	 +1.5310	 -3.1938	 -1.6777	 +1.6911	 -0.0282
 -9.9642	 -1.9450	 -3.4524	 +1.3490	 +3.4856	 +1.8533
-148.3948	-62.2480	+205.1184	 +0.5756	 -0.6622	 +0.1618
 -0.3606	 +3.6866	 +4.9294	 -2.0718	 +1.0617	 -1.4435
 -2.3040	 +4.8326	 -6.7093	 +3.5083	 -2.0073	 +1.0599
 -9.3737	 -7.2435	-11.5498	 +3.5160	 +1.1841	 -0.3849
 -3.2559	-18.3713	 -0.8190	 +0.4164	 -1.6372	 -2.6420
 -3.8863	 +1.2480	 +4.6744	 +0.7309	 -0.2171	 -2.6140
+12.8044	+52.7882	-27.2489	 -1.6697	 +0.1747	 -1.5424
 -6.2538	 +3.9370	 +5.4215	 -1.6431	 +3.0135	 +2.7775
-17.8561	 +3.9441	 -3.7855	 -0.0512	 -1.7348	 +2.9286
 -2.4695	-10.2318	+26.3046	 -2.0088	 -0.9006	 +0.9599
 -0.1302	 +1.5002	 -6.8034	 +1.0474	 -0.3293	 -4.1923
 -7.9560	 -3.9661	 +1.4780	 -2.2776	 -2.1111	 -1.1686
 +3.3969	 +3.0709	 +2.6707	 -3.1373	 +2.7205	 +1.1291
 +2.7328	 -1.3722	 -2.6562	 -0.6863	 -1.0304	 +1.3624
 -5.2028	 -7.8265	 -5.5261	 +0.4339	 -2.3322	 +0.0531
 -1.4831	 -0.4571	 -1.1002	 -0.5462	 -4.7998	 +4.2526
 +6.7906	 +0.0043	 -5.3503	 +1.8591	 -0.7897	 +4.2814
 -8.7051	 +8.2922	 -0.2224	 -0.9123	 +0.5085	 +0.1145
 -5.0748	 -4.9478	 +2.6593	 +1.4681	 +1.9371	 +1.7720
 +2.8740	 +2.5831	 -5.7172	 +3.1524	 +2.5780	 -2.1723
 -3.6978	 -1.9294	 -4.1569	 +0.0917	 -0.0115	 +2.0558
+14.3860	+15.4101	+34.7828	 +1.9281	 +1.8787	 -0.6420
 -4.5276	 +6.9718	+13.5099	 -0.4093	 +1.1403	 +0.0877
 -3.5434	+15.7589	 -9.3301	 +2.0946	 -0.6426	 -0.5728
 -3.4931	 -6.1501	 -4.3989	 -2.2945	 -0.6751	 +2.1589
+16.9225	-10.0432	-18.8635	 -0.9831	 -0.3013	 +0.6723
 -5.1481	 -5.2220	 -4.6362	 +3.9514	 -0.5999	 +1.5411
 -8.4392	 +5.7250	 -2.1915	 -0.0111	 +2.0118	 -5.1977
 -4.5838	 +6.4953	 -1.5442	 +0.7015	 +3.2797	 -2.4610
 -3.6048	+24.3620	-48.3111	 +0.8843	 -0.7307	 +0.5499
 +3.0341	 +5.1288	-23.2456	 -0.8535	 +1.0063	 +4.3183
 +4.0912	 -5.3234	 -2.3262	 +1.5593	 +2.5422	 +1.4943
 +7.7683	 +2.2477	 +3.5499	 +0.6408	 +4.5601	 +1.8604
 +2.5911	 +0.3301	 +6.1866	 -2.9517	 +2.1652	 -0.7242
+23.4672	+14.9540	 +7.4099	 +0.2238	 -0.7879	 -0.0416
 +0.7806	-50.5159	-12.4257	 +1.4118	 +2.2901	 -0.5094
 +4.4697	 +8.5277	 +2.1008	 -0.2289	 -0.8274	 +3.0245
 +0.8085	 +9.0498	 -7.7592	 +3.4427	 +1.6577	 -0.7337
-26.8741	+13.2820	 -7.6064	 -1.5947	 +0.1764	 +2.8956
 +2.2479	-26.3334	+16.5955	 -1.0218	 -0.7599	 -0.6262
 -5.3759	 +0.1808	 +4.8334	 -0.0419	 +0.4956	 -4.4066
 -7.3697	 -0.3772	 -5.3783	 -0.6895	 +3.1296	 -3.7153
 +2.5050	-15.4010	 -3.2007	 -1.6280	 -1.3927	 +0.3669
 -7.3363	-11.3816	 -9.6744	 -0.0776	 +0.2688	 -0.9540
 +3.0399	 +6.3001	 -9.3067	 -2.6325	 -0.2838	 +1.4658
 +5.6648	+21.1804	 -6.1553	 +0.9832	 +1.4669	 -3.0761
 +8.7827	+13.3022	 -0.9074	 +3.3008	 +2.0512	 +0.4047
 -8.7306	 -7.1795	 -8.0422	 +1.6117	 +3.3060	 +2.0960
-41.2105	+13.3130	-22.1676	 +2.2093	 +1.0444	 -0.4078
 +4.5807	 -0.0313	 -0.4148	 +2.1269	 -0.3272	 -1.5912
 -5.1947	 -7.7967	 -8.4809	 +3.1397	 +1.1828	 -0.5663
 +1.7670	 -6.8607	 -4.7185	 +4.5036	 -1.1859	 -0.7498
 +5.8611	 -3.0598	 -5.9824	 +1.5712	 -1.9106	 +1.6369
 +7.8585	+10.1216	 +8.5596	 -2.6266	 -2.1736	 +2.2564
-10.2624	 +3.0643	+29.5692	 -1.0571	 -0.6203	 +1.0354
 +9.5835	-11.3171	 +0.8362	 -0.3012	 +0.9417	 -4.3166
 -2.8235	 -0.4359	+11.5234	 -4.1051	 +0.8879	 -1.4520
-12.0156	+13.9105	 -0.6175	 +0.8397	 +1.4404	 -0.8375
 -4.9461	 +7.2346	 -2.1632	 +1.5780	 +4.6047	 +6.0875
 +4.8753	-12.3972	 -3.3473	 +2.2341	 -0.6793	 -4.1115
 -0.9056	 +0.2763	 +3.7861	 +3.8885	 +1.1602	 +0.7735
 +4.3288	 +7.8158	 +9.2842	 -0.0847	 -0.8620	 +2.5273
 -1.7042	+13.8839	-12.9967	 -0.8431	 +1.5510	 -1.0149
 -3.6556	+11.7374	 -1.4885	 -1.6531	 +2.3753	 -2.8720
 +3.2594	 -1.4223	 +4.0552	 +0.6938	 +0.3554	 +4.5525
 +2.4205	 +1.1198	 +8.5247	 +2.9461	 -0.1169	 -3.6704
 -8.2505	-10.0412	 -2.5898	 -0.1092	 +2.2303	 +0.5006
+17.6193	 +0.9529	 +7.7428	 -3.8355	 -0.6942	 -0.7573
+12.6085	-11.7581	-13.7426	 -0.1259	 -0.1106	 -3.2491
 -4.7657	 -0.6714	 -1.5766	 +1.3763	 +0.5255	 +2.3744
-11.6122	-33.7291	-27.0437	 -1.0127	 +0.4312	 +0.5304
-11.1458	+13.1997	+13.5903	 +0.8589	 -2.0161	 +0.5099
 +0.7838	 +4.4258	 +3.6661	 +3.2153	 +0.6533	 -3.2404
+29.8916	 -5.4837	 +9.3143	 +3.4818	 -1.2035	 -2.3231
 +7.1382	 +0.6956	 -0.2868	 +1.2465	 +4.4364	 -0.4063
-32.1999	 +1.1539	-27.5836	 -1.8238	 +1.3381	 -1.2736
-10.3982	 +9.9359	 -1.1425	 +1.4345	 +1.7824	 +1.9240
 +2.5960	+11.6185	-14.0859	 -0.3376	 +1.6385	 -1.2484
 -7.8731	 +8.8562	 +2.0550	 -2.8775	 -2.2187	 +0.4049
-12.3691	+10.5743	 +5.4177	 -4.1625	 +0.4979	 +0.4866
 -3.5662	-11.9934	 -1.2982	 -4.2895	 +0.7987	 -2.3712
 +8.3508	-13.1092	 +2.9231	 -4.4079	 +0.2336	 +1.3721
 -2.9182	+26.1095	+16.6223	 +1.9423	 +0.6252	 -1.8015
+27.0135	-33.3451	+70.3521	 -0.4409	 -1.5994	 -0.2145
-15.2273	 -0.7595	 +1.2023	 +2.0088	 +0.9182	 +0.5643
 -8.6373	 +3.7805	 +8.8159	 -0.1162	 -3.4569	 -0.8321
 +0.7627	 -3.7853	 -3.8727	 -0.1274	 +1.8965	 -1.3014
+18.4436	 -4.3846	+14.2427	 -0.3500	 +0.9339	 +0.3296
 -8.2466	 -8.6510	 -6.5714	 -1.3272	 -3.3740	 +0.5644
+17.2098	 -4.3712	-20.0675	 -2.8772	 -0.2782	 +0.4642
+18.2570	 +8.3287	 -5.7652	 +1.1146	 -2.0859	 -0.8734
-22.5436	+24.9763	-27.6911	 +0.3887	 -0.3664	 +0.1042
-25.7010	 -8.7214	+14.6902	 +0.3215	 +2.2414	 -0.9233
 -7.2440	 -5.4034	 +0.4913	 -0.1991	 -0.9341	 +0.1749
-11.6781	 +1.6440	 +0.7880	 -2.9356	 +4.0154	 -2.3410
 +1.7414	+14.9461	-23.4974	 -0.0159	 +0.8651	 -3.0099
 -0.5931	-11.8760	 -8.8928	 +1.7012	 -2.0928	 +1.4465
 +3.0195	 -7.4118	 +2.2159	 +0.0362	 -4.5846	 +0.8187
-11.1813	 -2.2013	 +0.1180	 -1.9016	 +1.0126	 -0.6191
 +9.6466	+11.0684	 +5.9899	 -0.2851	 +0.4119	 +0.1630
 +3.2362	+13.6507	 +2.5522	 +0.9963	 -1.2121	 -2.5753
 -3.8421	-15.2060	 +7.3857	 -1.1649	 +0.7745	 -4.4770
 +2.8342	 -5.3046	 -8.0768	 -2.9325	 -1.7460	 +2.1219
 -1.5917	 -5.2572	-10.8643	 -1.7990	 +3.4829	 -3.0893
 +0.4578	 -1.3682	 -7.2268	 -0.6710	 -0.9021	 -2.9298
 +1.9548	 -2.2801	-12.5113	 -2.0375	 +0.7083	 +3.6592
 -0.1464	 +0.3805	 -3.7692	 -3.9108	 +0.5079	 +3.2234
 -1.5859	 -4.1850	 -7.6466	 -2.7887	 +0.4252	 -2.9100
 -9.8903	 -3.4334	 +2.1097	 -4.7373	 +2.0388	 +3.7344
-33.6545	 -2.4198	-17.8121	 -0.3270	 -1.1872	 +2.0166
 +6.8201	 +4.9736	 +5.6211	 -2.5055	 +0.3558	 +0.5924
 -5.0007	 -4.4920	-10.9117	 +3.3716	 -1.0092	 -1.3249
-46.6003	+68.7072	 +7.4959	 -2.5388	 +3.6262	 +0.5876
 -3.7359	 +0.5776	 +7.2829	 -1.9526	 +2.2542	 -3.4640
 +1.8023	 +6.6121	 -6.2913	 +1.8763	 +3.2497	 +2.7124
-28.3811	-27.1119	+11.0905	 -0.7384	 -0.8639	 +1.1288
-24.6472	 -8.2606	-19.5088	 -0.6230	 -1.2638	 -1.6154
 -1.4106	 -2.3937	 -8.7482	 -2.1099	 -1.5161	 -2.5270
+10.7614	 +6.1191	 +7.1409	 -1.6458	 +1.0364	 +0.4487
 +3.7817	 -2.8380	 +1.4059	 -1.5102	 -0.2048	 +0.2280
 -4.9482	 -9.5802	 -8.8628	 +0.3250	 +4.3558	 +0.2696
 +9.0447	-41.2331	-19.1208	 -0.8444	 +2.3613	 +1.3744
 -4.3524	 +2.2218	-17.1357	 +0.7166	 +3.5197	 +1.3440
 +7.0625	 +0.1162	 -5.3491	 +0.7477	 +0.9191	 -0.8910
 -5.5746	 +4.7727	-11.0763	 +1.0628	 +0.6098	 -1.8665
 -0.7860	-10.5794	-14.5845	 +1.6175	 -3.6428	 -1.8449
 -8.9975	+12.4090	 +1.2352	 -0.0188	 -0.1517	 +0.3579
 -0.5078	 -3.7771	+11.6541	 -0.5588	 +0.3015	 +2.5396
-25.7625	+25.3068	-23.0139	 -3.2682	 +2.6752	 -1.7638
 +2.9550	 -8.9255	 +2.1265	 -1.6604	 -0.7619	 +1.3822
-60.1565	-36.5591	+33.7005	 +1.1599	 +1.6893	 +0.2209
+17.9240	+17.1537	+21.5416	 -0.2369	 +0.8370	 +0.6244
+37.4261	+20.9946	+32.7831	 -2.0581	 -1.8035	 -1.0156
 +9.7423	-14.1791	 -0.6733	 -0.2769	 +2.8532	 -1.4282
 -1.6409	 +3.7492	 -1.3883	 +1.2327	 -4.9419	 +0.9222
-114.5811	+61.5848	-17.3386	 -0.1789	 +0.5956	 +0.3264
 +2.5442	 +6.2097	+15.0487	 +1.1051	 -0.7760	 -2.1940
 +1.5142	 +2.9811	 +3.4232	 +2.5813	 +2.1962	 +2.0612
 +2.9437	 -3.2153	 +4.8251	 +1.0251	 +1.2065	 -3.1862
 -0.9753	 +6.5480	 -4.0335	 +1.5483	 +2.1059	 -0.7689
 -5.8043	 -4.1190	 +2.2615	 -0.7708	 +2.8557	 -2.1937
 -1.1584	-11.4676	 +2.7418	 -4.6907	 -1.4564	 +0.6222
-12.4664	 -7.8098	 -7.0670	 +1.5358	 +1.7325	 -0.7195
 -0.5587	 +3.0286	 -5.9949	 -5.4217	 +1.5245	 +2.2644
 -0.6657	+31.8922	 +4.9633	 +0.6085	 -1.2038	 +1.3258
-13.8031	-15.8562	 +4.3258	 +0.6255	 +0.8662	 -1.4758
+13.7740	 +1.0920	-23.5254	 -0.2930	 -1.2956	 +1.1975
 +6.6520	 -1.3095	 -5.8488	 +0.4903	 +3.0675	 -1.8929
 +3.4336	 +1.6193	 -5.0968	 +2.1096	 -1.8865	 +2.2051
-31.5993	+17.5083	+10.2202	 +1.5867	 -0.2652	 -0.7611
+15.1581	 +4.5952	-21.7094	 -1.3240	 -2.2875	 -0.8559
-14.6402	-41.8002	+14.5865	 -0.4603	 -0.4528	 -0.3904
 -0.9149	 +2.7964	-13.2245	 -4.4171	 -0.8582	 -2.1080
 -6.7422	 +1.9738	 -3.1223	 +0.4643	 +1.6588	 -2.6031
-13.5410	+11.8103	-29.3646	 -1.3219	 -1.3051	 +1.4670
 -2.9115	 +7.8266	 -4.0864	 +3.0521	 +1.3923	 -2.5638
 +1.3627	-14.7566	+23.5669	 -0.8863	 -0.6015	 +0.8678
 -2.7353	 +5.1161	 -5.2140	 +3.2550	 +3.6712	 +1.9849
 +2.4260	 +5.3349	 +8.3689	 +0.8899	 -1.9351	 +1.3111
 +0.9278	 -2.2718	 -7.9345	 -2.0860	 +1.8801	 +3.9629
+11.0115	 -4.5759	 -6.5008	 -2.8715	 -0.9289	 +1.3617
-64.9689	+28.2440	+14.4079	 -0.7493	 +0.9981	 +0.5876
 -6.2371	 -0.1527	 -2.6784	 -1.5248	 -2.3922	 +1.4655
-23.7008	+60.9301	 +4.4887	 +0.7688	 +2.5770	 -0.5364
+11.9442	+11.1124	 -6.5341	 -1.2350	 -1.7617	 +1.3550
 +6.3398	+10.7058	 -0.0539	 -0.3444	 -0.1373	 -1.1681
 +1.2367	 -0.0880	 +1.7256	 +2.2346	 -0.3809	 -2.5527
+13.1976	-41.1840	+38.3210	 +1.9018	 +1.3305	 -0.0734
 +2.7499	-46.6672	 -2.6677	 +1.0396	 -1.5031	 +0.0117
 -4.2434	 +1.4696	-10.3289	 +2.6518	 -0.2227	 -0.0567
 -6.0003	 -8.6595	 -4.9471	 +3.6146	 -0.9305	 -4.6854
 -2.2747	 -6.1667	 -7.5106	 -0.4050	 -6.3225	 -2.2202
 -3.0599	 +2.9964	 -3.0505	 -4.7561	 +1.0017	 -1.9103
 +0.5894	 +0.6924	 -1.2384	 +0.7128	 -2.5351	 -0.4159
 -5.3987	 -1.8922	-10.4039	 -1.6004	 -0.6167	 +1.5733
 +1.7860	 +3.5332	 -2.2146	 +0.0527	 -1.4466	 +0.9198
-10.7076	+15.8489	 -0.3086	 -0.6003	 +3.4123	 +2.4670
-16.0798	 -0.9715	 +5.6524	 -1.7211	 +2.1510	 -1.9180
 -3.2847	-14.7158	-11.0644	 -2.2205	 +1.0168	 -3.4123
 -6.6252	 -2.7057	 +1.7250	 -0.7491	 -1.5889	 +3.9770
 +1.1159	 -0.1613	 +1.9756	 +1.0296	 +1.7324	 -1.5368
-23.8735	 +2.7390	 -3.9650	 -1.2314	 +2.5536	 -0.4966
 -6.1547	 -2.4193	 -3.0485	 -1.8099	 -0.8567	 -4.8225
 +7.2466	+14.2203	-30.0541	 +0.7713	 +0.7939	 +0.3963
 -3.3342	 +3.5257	 +5.6443	 -2.9548	 +0.1035	 -0.6352
 -6.2890	-14.5309	 -8.1827	 +3.5240	 -1.2915	 +0.5577
 -4.6404	 -2.4146	 -5.5434	 -2.3975	 +5.1326	 +1.8479
 -3.6497	 +9.4060	-10.1116	 +1.1235	 +1.5051	 -2.8553
 -1.1661	-19.3835	 +1.1849	 +1.6231	 -0.9866	 -1.5385
 -1.7875	+13.1426	 -3.1297	 +3.0002	 -0.4481	 -0.5172
 -9.3277	 +2.8012	 +2.1745	 -2.1397	 +3.5992	 +1.1784
 +5.0901	 +4.8867	-12.3370	 +0.2623	 -0.2804	 -1.3580
 +4.5815	 -8.1404	 -5.8765	 +2.2525	 +1.2867	 +0.3386
 -8.9565	 +4.8491	+44.0048	 -1.0998	 +0.9844	 -0.8814
 +1.3496	+15.9655	 -2.1329	 +0.8533	 -1.6366	 +3.2607
 +5.9945	-14.6714	 -2.1102	 -2.4115	 -4.0392	 -0.3216
 +8.9146	 +4.1262	 +1.4109	 -0.5715	 +0.3590	 +0.7809
-30.7583	 +9.5012	 -9.8651	 -1.6719	 +0.3149	 +0.1112
 +0.0521	 -3.6652	 -1.6057	 -0.0732	 +0.4409	 -0.0184
 -1.8424	+22.6448	+16.6929	 -0.2980	 -1.7371	 +1.4257
 +6.5731	 +2.3678	 -9.4484	 -1.1891	 -2.6977	 -2.7881
 -0.1816	 -9.7307	-36.2294	 +1.8451	 -0.7388	 +1.9801
 -8.2078	 -5.3562	 +5.8895	 -0.5776	 -1.1386	 -5.8932
+14.7759	 -7.5287	 +5.5311	 +0.6913	 -0.4516	 -0.1019
 -2.5147	+10.7353	 +1.2760	 -2.2001	 +0.8843	 -0.4827
+15.6610	-15.7034	-16.9073	 +2.2543	 -1.2980	 +0.5942
 -5.4474	 -1.5809	 -8.9196	 +1.0778	 -3.5933	 -2.1700
 +9.6937	 +8.0152	 +3.7138	 -1.2249	 -0.0153	 +0.8473
 +9.4853	 -9.5003	 -5.8256	 +2.3924	 -1.6463	 +1.7194
 -5.1587	 -5.8117	+10.0410	 +1.5625	 -0.8131	 -2.5075
 -5.7167	+14.0103	 +1.8150	 -1.6159	 +0.0533	 +3.2319
 -3.4725	 -5.0406	 -5.8126	 -3.2311	 -1.8475	 +0.5617
 -3.2537	 +2.6879	-11.9024	 +1.9250	 -0.7196	 -3.9339
+24.5501	-16.1851	+22.6047	 +1.1404	 -2.2254	 +1.2736
 +0.1414	 -0.5383	-12.8925	 -3.6393	 -1.5014	 +1.9923
 +2.3016	 -5.8861	 -7.3080	 -1.1972	 -0.7065	 -2.0515
 -5.8217	 -4.5049	 -3.8809	 +0.7621	 +2.6995	 -2.2396
 -0.1741	 -0.7566	 +3.2534	 +0.9422	 -1.5531	 -2.3673
 -0.2273	 -1.7733	 -6.2506	 +1.4184	 -1.5428	 -0.8633
 +0.8988	 +1.9516	 +3.3303	 -5.5913	 +1.7480	 -3.1006
+14.0802	-10.5078	+11.1365	 +2.5078	 +0.0422	 +1.9601
 -3.5463	 +2.1547	 +3.5649	 -4.6559	 -1.9893	 -0.2828
 +1.9248	 +6.3205	 +2.2472	 +0.8562	 +2.1261	 -4.1173
+21.1600	 -2.1256	-13.0534	 +0.9530	 -1.8124	 -0.0113
-15.5975	 -8.2714	+10.8820	 -3.5516	 +0.7417	 -1.5470
+14.6759	+30.4251	 -8.3715	 -1.0971	 +0.4392	 +0.0845
-18.6579	+11.0640	 +8.3846	 -2.9799	 +2.0702	 -1.2928
-11.7168	 +1.4550	 +6.3954	 +3.5288	 +1.9451	 -1.6185
 -4.3099	 +1.6832	-11.3074	 -1.8275	 +0.3072	 +3.4077
 -1.1191	 -4.0310	 -4.5032	 +0.4099	 +2.3600	 -0.6970
-17.2977	-14.0919	 -1.8955	 -0.4545	 -3.0678	 +0.2465
-21.6711	+21.3851	 -3.3716	 +0.8417	 +1.2323	 +2.3384
 -8.2525	+18.0812	-21.1183	 +1.2129	 +0.0698	 +1.4814
-18.6334	 -6.2571	 -3.4857	 -1.1463	 -2.0003	 -0.9057
+11.3496	+12.4497	 -1.2722	 -0.8845	 +1.2480	 -0.6844
 -1.7375	 +3.5708	 +4.0366	 +2.9675	 +1.7697	 -0.2844
 -6.9835	 -3.4610	 -2.8004	 -4.2497	 +2.0178	 -3.6919
 -2.2509	 +4.2515	 -8.7243	 -3.5426	 -2.2991	 +2.0147
 +5.9905	 -1.9538	 +6.5007	 -0.4733	 -3.7860	 +3.8231
-38.4443	+27.4985	 +8.0717	 +0.6853	 +1.7927	 +0.7841
 -1.0677	 -0.4761	-11.0002	 +1.2610	 -1.4449	 +5.0966
 -0.5869	 -0.3253	 -5.4748	 -0.8790	 -3.6262	 +2.3477
 +1.1735	 -9.8631	 +2.6578	 +1.1704	 -0.9682	 +4.9087
 -3.5647	 +3.6088	 -2.1882	 +4.1416	 +2.0373	 +2.4625
 -7.2571	 +9.9447	-33.5850	 +0.6553	 -0.7436	 +2.6312
 -8.1200	-15.8975	 +2.6663	 +0.4760	 -1.7608	 +1.1065
 -1.2941	 -6.9396	 -1.9175	 -4.0867	 +2.6438	 +3.5934
 -5.0893	 +2.3277	 -4.9326	 -3.0500	 -2.7526	 +3.8205
 +6.6376	 +1.6490	+22.1775	 +0.2759	 -3.7261	 +0.5475
 +1.2104	 -1.2296	 +0.9265	 -2.4573	 -4.3332	 -2.9898
 -3.8858	 -3.5357	 -0.0256	 -0.5107	 -1.4286	 -2.6900
 +8.0596	 -1.6295	 -2.7610	 +1.9111	 +0.0683	 -4.9020
 +3.1671	 +2.1280	 +2.8690	 -3.1838	 -0.4391	 -1.1279
 +3.9987	+21.4225	 -2.0589	 -0.9933	 -0.1984	 +0.2746
+14.8252	-16.1268	-17.0716	 -1.2360	 -3.2087	 +1.7893
 -8.6466	 +2.2246	 -0.4750	 -2.8793	 -1.5625	 +0.1531
 -5.3965	-10.1457	 +4.7192	 +1.3047	 +1.1565	 +1.7776
 -4.4497	 -9.8734	 -1.1174	 -0.9965	 -0.7006	 +1.8931
 +9.6180	 +9.9685	-22.6912	 +2.1440	 -0.2752	 -0.7735
 +0.6189	 +1.2882	-10.4944	 +1.2078	 +1.6243	 -0.2813
 -0.3471	 +6.2485	 -3.1540	 -0.7125	 +0.3447	 -0.1785
+11.6649	 +7.7549	 -2.1043	 +0.0954	 +1.1095	 -0.3789
-10.3525	 +4.8609	-20.1752	 +0.2581	 -2.8074	 -0.6251
 -7.6138	 +0.4211	 -2.1217	 +0.2057	 -1.7348	 +1.3489
-130.6544	-40.6797	+104.9714	 -9.4458	 -2.8387	 +7.9995
 -3.8523	 +0.5615	 -3.4183	 -2.1081	 +4.2147	 -2.5895
 -3.8719	 +9.8923	 +4.4848	 -0.2530	 +0.4691	 +0.5603
-12.2345	 -5.8172	 +3.2539	 -0.3991	 -2.8902	 +1.9848
 -2.4494	 +1.1129	 +3.6707	 +5.0465	 -0.5136	 -0.7387
+23.7330	-24.2524	 -2.5298	 +1.1675	 -0.5233	 -0.3431
+10.4806	 -0.1359	+17.2402	 -0.3304	 -1.7637	 -0.9863
 +7.3405	 -0.9936	 -4.4321	 +1.8475	 -3.6431	 -1.7269
 -8.4110	 +2.3763	 +2.6470	 -1.3774	 -0.3277	 +0.9535
 -5.8136	 +0.4268	-16.5592	 -0.4086	 -1.0677	 -3.2147
+19.7978	 -0.2416	-24.6847	 +3.3339	 -0.3281	 +0.7719
-21.6090	 -5.8111	+31.2341	 -0.2629	 -0.9968	 -0.4111
 +0.0873	 -3.3591	 -0.5358	 +3.1046	 +0.2587	 -0.4367
 -0.8568	 -2.4160	 -0.9841	 -1.1810	 -1.0625	 +0.7539
-14.6487	 -4.5078	 -8.5983	 +0.7696	 +1.3622	 -0.5766
 +1.2595	 -4.2819	 +4.2960	 +1.4737	 -4.8930	 +1.7265
-31.7346	+17.1645	 -1.2229	 -0.8376	 +2.3593	 +1.6040
 +0.6339	 +4.7176	 +3.1667	 +1.0836	 +1.1104	 -0.4780
 -7.2904	-47.0752	+58.0133	 -0.3211	 -0.5233	 -0.4639
 +1.1986	 -4.8682	 +1.1813	 +3.1621	 +0.4184	 -1.2831
 -1.2071	 +3.0925	 -8.0412	 -4.2446	 -4.6566	 +4.4623
 +7.9114	 +0.9045	 -7.2201	 -0.8034	 -2.1234	 +0.2815
 -0.9633	 -2.5946	 +1.4627	 -1.3461	 -1.9996	 -2.6629
+37.0908	 -0.8874	-15.8113	 -2.1182	 -0.1457	 +2.5103
+23.3920	-49.8102	+38.2116	 +2.3375	 -0.5452	 +0.2505
+101.9500	+45.6149	 -8.3753	 -0.3638	 -1.0004	 -1.6260
 +9.9591	-17.7318	 -1.5998	 -3.3370	 -3.3053	 -1.1537
+37.4729	+55.0198	-30.6930	 +0.6947	 -1.2388	 +0.4453
 +0.8718	 -3.0682	 -2.8870	 -2.9863	 -1.4000	 +3.6613
+10.2652	-13.9659	 +0.1150	 +3.4988	 +1.7040	 -1.6245
-22.9839	 -5.5117	+46.6060	 +0.3622	 -0.2875	 +2.1473
+19.0289	+60.4543	-37.0986	 +0.3337	 +1.6724	 +1.2172
+14.9597	 +4.8796	 +2.2097	 -1.8629	 +0.9333	 -4.9422
-14.5059	-16.1269	-13.4826	 +1.6562	 -1.8667	 -1.2295
-27.5093	+13.2577	 +5.5621	 -2.3358	 +0.9602	 -0.3826
 +3.3139	 +6.3452	 +0.3053	 +2.0054	 -3.9056	 -2.4907
 -3.8808	 -0.4384	+12.1315	 +2.1131	 -1.0658	 -0.3758
 +5.6459	 -3.3213	-10.6899	 +1.9916	 -3.4931	 -3.0247
 +2.3404	 -4.6369	 -3.7723	 -5.3446	 -0.5555	 -0.4203
 -6.8758	-12.5218	 -8.0004	 +0.3515	 -2.2633	 -0.4939
 +6.9317	-13.2428	-20.0529	 +0.8280	 +1.0547	 -1.2389
 -2.9437	-14.6422	 +4.9042	 +0.6077	 -2.3175	 -2.9197
 +2.7301	-12.3625	+13.1937	 +2.9224	 -1.9847	 +1.8041
 +5.9474	-14.7026	 +0.4769	 +0.8272	 -0.8645	 +0.5875
-14.4281	+15.4785	+17.5022	 -0.7351	 +1.3538	 +2.3165
 -7.0046	 +2.4762	 +6.2824	 +1.1518	 +0.2664	 -1.3039
 -1.7828	 +1.1242	 -7.5922	 +2.1224	 -1.5130	 -0.2051
-16.7291	+18.6119	 -4.4035	 -0.3150	 -0.5948	 -0.0946
-14.8168	 -0.7408	+27.9587	 -0.4072	 +0.6155	 -0.1830
 -2.2446	 +7.7197	 +1.9307	 +2.1704	 -1.7655	 -4.7002
 -2.6761	 +6.2402	 +0.1412	 +1.1914	 -0.9734	 -2.9000
 +4.5737	 -8.8721	 +7.6785	 +1.8035	 -2.2134	 +1.2929
 -8.7164	+26.2597	+10.1762	 +1.8422	 -1.7260	 -0.6665
+10.4293	 +3.2602	 +4.4926	 +1.7025	 -2.3787	 +1.8096
+10.1967	 +3.5765	 +1.8386	 -0.0653	 +4.1069	 +2.0996
+20.3679	 -8.4911	 +0.8982	 -2.7104	 -0.9662	 -1.3833
+20.4449	 +2.8416	-19.7028	 +1.3186	 +1.3942	 -2.2488
 +4.5128	 -2.9974	 +6.9466	 +2.1781	 -2.2918	 +0.0832
 -3.0545	+62.3256	+36.2603	 +0.8436	 -0.7726	 +0.7604
-18.6311	 -0.2990	 +0.2283	 -2.4403	 -1.9711	 +2.7946
-10.5595	+18.1194	 -4.0675	 -0.9705	 +2.2402	 +0.8790
-18.0482	-12.3057	+29.0634	 +0.2720	 +2.2978	 -1.0740
-11.6400	+19.6922	 +8.1281	 +3.0659	 -2.5527	 -2.0631
 -1.7569	 -4.1267	 +1.4795	 -2.4636	 -1.6842	 -0.0296
-10.7525	+16.7661	 -1.6707	 -3.1023	 -0.6742	 -1.5162
-17.0304	 -9.0890	 -8.0596	 +2.7960	 -1.3525	 -1.7614
+18.3110	-14.6535	+10.7561	 -0.3277	 +1.7233	 -0.7411
-12.1804	 +1.2933	 +4.0841	 +0.9798	 -0.3431	 +1.2672
 -7.3683	 -8.2647	 -8.2603	 -5.0470	 +1.7786	 -1.8407
 -0.2658	-53.2269	+115.7026	 -0.3125	 -1.3117	 +0.1577
+27.0479	 +1.4600	 +0.0846	 +1.6983	 +2.2120	 -0.3137
 -4.4471	 +7.3078	 +4.3200	 -4.8990	 -1.4289	 +2.5105
 -1.9169	 +1.1920	 +3.2652	 -3.4314	 -2.8305	 -0.9411
-30.4983	+10.5269	+26.2466	 -0.5844	 +1.1450	 +1.1791
+15.6157	+13.4732	+17.3590	 +0.7934	 +0.0657	 -0.7255
 -5.9795	 -1.3196	 +6.9950	 +0.9066	 -3.8438	 +1.7697
 -3.1140	 -0.2707	+13.9240	 -2.4915	 +2.3311	 -4.7374
+14.9815	+18.9749	 -0.5217	 -0.9540	 +1.2307	 +3.0610
 -6.5010	 +2.1102	 +4.0213	 +0.3822	 -2.9828	 -1.7644
 +1.7972	-13.1769	 +4.5559	 +2.2642	 -0.7649	 +0.8087
 +9.5340	 -5.7629	-10.9699	 +3.0936	 -3.2043	 +2.2401
-16.5097	 +2.6021	 -6.9713	 +0.9362	 -3.3869	 -1.1262
-23.4070	 -2.3933	 -7.4000	 -0.7503	 +2.3411	 +1.8554
-31.6941	 +0.7921	-10.5109	 +0.2311	 +0.0645	 +0.3264
 -2.1461	 +4.6015	-15.8558	 +0.5864	 -4.5637	 -2.3952
 -9.6205	-20.7859	+24.7277	 -0.7178	 +1.7918	 +1.4477
 -5.0770	 +6.3048	 +6.0670	 +1.4842	 -1.9744	 +0.8600
 -6.3011	 -1.7834	 +3.0385	 -3.7489	 -0.7344	 -0.3766
+14.5883	 -6.2534	+13.8712	 -0.7565	 -0.9807	 -0.0778
 +2.2247	 -4.6266	 -6.7635	 -4.2099	 +2.4046	 +2.3736
-15.9053	 -9.7380	 +5.4327	 +0.9428	 +2.2116	 -1.1079
+29.7648	 -3.7669	-24.1591	 +0.2020	 -0.7476	 -2.8630
 -1.2639	 -5.8250	 -4.8471	 +0.6433	 -1.9316	 +4.3642
 +0.3791	 -1.7819	 -1.4753	 +1.5527	 +3.3922	 -0.2487
+26.2934	 -1.3504	 -6.2471	 -0.1748	 -1.6541	 -0.1656
 -8.9220	 -3.0877	 -5.3151	 +2.0602	 +2.1182	 +3.9047
 -8.3192	 +0.0363	 -1.9701	 -2.2571	 -6.4707	 +1.3416
 -4.6344	 -7.8584	 -1.8189	 -1.3353	 -3.9225	 +1.2041
-14.4425	-13.6242	 +2.5975	 +0.5567	 -3.6853	 +2.0651
 +1.6515	 -7.6346	 -1.9776	 -2.3241	 +0.7851	 -2.9529
 +3.1689	-12.2275	 +7.7575	 -1.9373	 -0.3990	 -3.0747
 +5.5641	 -7.4249	+26.3266	 -1.2971	 +1.5449	 +0.4543
 -1.0771	 +0.8255	 +2.8058	 +0.3411	 -3.1049	 -2.1510
 -1.0029	-34.3905	-17.9522	 +0.5148	 +1.2215	 -1.1289
 +5.0476	 -7.5260	 +1.2974	 -3.0493	 +2.9454	 +1.4798
 -8.5481	-10.0998	 -6.3212	 -2.7127	 -0.9826	 +0.6134
-33.2928	 -5.3280	 +7.8351	 +0.7848	 +0.8594	 -1.5066
+11.5083	 -2.5702	 +2.3136	 +3.4701	 -1.5051	 +2.6080
 +8.5625	 +8.9923	 -4.0555	 +0.2969	 +2.5787	 -3.5631
-11.6879	-32.6560	 +4.0003	 -1.8833	 -1.4762	 -0.6092
+57.0812	-20.6057	-34.5975	+13.5390	 -5.2987	 -9.6505
 -1.4593	 +4.0074	-10.5546	 +2.7248	 -2.5645	 +3.1297
-11.9684	+18.0485	-20.0796	 -0.1384	 +0.3926	 -2.8205
 +1.7631	 -6.5009	 +1.3051	 +3.5152	 +3.2575	 -0.1027
 +1.2324	+38.5678	+18.9636	 -0.5762	 -1.3898	 +1.9521
 +0.4976	 -1.2105	 +3.3937	 +0.4148	 +1.6252	 +3.9686
 -0.8644	-15.2808	 -8.1889	 +0.8362	 +2.8593	 -0.0835
 -3.7908	 -1.6864	 -6.9264	 +0.5601	 -2.5100	 +2.0646
+85.4717	-41.4548	+30.1614	 -0.3526	 -0.7260	 -1.6011
 +7.4148	 -6.0337	+18.6121	 +1.7768	 +2.3613	 +0.6906
 -9.1948	 +5.3462	 -7.5654	 +0.5436	 -2.0127	 -2.6696
 +0.9913	 +6.0476	 +8.8521	 +1.4932	 +1.6606	 -0.7100
 +1.8293	-16.7771	 +1.9057	 +0.8259	 +0.7940	 -1.8965
-10.7122	 -3.0097	 +3.7241	 -1.7979	 -0.2071	 -1.0367
 -2.9886	 -2.3094	 +4.2918	 +1.8279	 +3.8305	 +2.3657
 +6.9182	 +7.9377	 -3.7424	 +1.3584	 -2.0320	 -2.5845
+12.0216	 -5.6760	 -3.3934	 -2.0313	 +1.1851	 -4.3370
 -3.8728	 +3.7876	-17.6038	 +2.9476	 -2.4422	 +0.5049
 +9.1460	+17.2991	+57.4918	 +0.1510	 -0.2001	 +1.2730
 -6.9819	 -7.9188	-13.5841	 -2.6559	 -3.9510	 -5.6857
 +7.9149	 +8.3356	 -3.6285	 +0.7318	 +2.0070	 -0.7128
 -7.7144	 +2.3112	-25.3533	 -1.3257	 -0.8040	 -0.2848
+15.5639	 +8.1735	-14.9242	 +0.9897	 +1.7314	 +1.7185
+24.7877	 -3.8778	 -7.9923	 -0.4050	 -0.5741	 -2.4358
 +3.9221	 +2.3304	 +1.5608	 +3.8587	 -0.2401	 +3.8266
-73.2625	+35.7219	-14.6609	 -1.5388	 +0.6692	 -0.8899
 -4.4442	+13.7730	 -3.6176	 -1.1488	 +3.5231	 -1.2427
+22.0510	 -5.7120	 -5.5636	 -1.1560	 -1.6629	 -0.6102
-25.2243	 -7.2502	 -5.8886	 +0.3680	 +0.1875	 +0.7230
-12.9798	 +1.3306	-12.6553	 -0.5193	 +0.9180	 +1.8307
 +3.3205	 +2.5169	 -7.6429	 +1.4595	 -2.1215	 +1.1508
 -0.3025	-10.3853	 -0.7999	 -3.9915	 -2.5840	 -1.6250
 -8.1121	 -4.9956	-12.3145	 +0.0269	 +2.0277	 +2.5531
-75.6088	-168.7803	+24.4923	 +1.1708	 +0.1630	 -0.1205
 +2.6221	 +0.1692	 -0.8291	 -1.5072	 -0.7640	 +0.0032
 +4.4873	 -9.9014	-10.2845	 -1.2589	 -2.7168	 +0.3011
 -4.4319	 -9.9917	 -3.7701	 +1.3398	 +2.0392	 +0.9846
+14.3772	 -7.3246	 +0.7454	 -1.3372	 +2.1920	 -3.3582
+11.8222	 +3.8831	+19.5787	 +1.4209	 +0.1839	 -2.2301
 +6.4421	 -4.3636	 -8.7489	 +3.2005	 -1.1535	 -1.6152
 +1.6704	 -6.5449	 -5.8841	 -2.8659	 -0.2839	 -3.9709
+14.8762	-16.7360	-18.3944	 +1.0810	 +2.8096	 -2.5857
+10.6315	 -0.0834	 +1.6967	 +0.3269	 +2.0020	 +0.6514
 +2.6455	 -3.8701	 -9.8796	 -1.4769	 -2.5275	 -0.3082
 +2.4646	 -6.8540	 -4.6448	 +3.4520	 -3.2360	 +3.0223
 +1.5228	-10.3794	-10.1127	 +1.5437	 -2.7456	 -1.1071
-15.7494	 -4.7968	 -3.2192	 -0.0256	 -0.9438	 -0.1622
 +8.3597	 +3.2119	 -3.8304	 -2.0032	 +0.8209	 +2.4694
 -6.7079	+10.7370	+19.8139	 +0.4113	 -3.0982	 -0.2341
 +3.0126	 +1.7397	 -3.2046	 +1.6493	 -4.1344	 +2.1183
 -3.9574	 -6.7066	+20.9043	 -0.7782	 -0.0511	 -0.3928
 -4.4818	-24.7545	 +9.0871	 -0.7015	 -3.2530	 -0.0459
 -3.7609	 +9.1346	-17.3856	 -2.7446	 +2.8433	 -4.0249
-26.4375	+13.9793	+12.3678	 -2.2984	 -0.8126	 +2.2724
 +5.3981	 -1.4459	-25.8717	 +1.2547	 +0.9454	 +0.7233
 +2.0040	 +3.6527	+10.9044	 +0.6731	 +0.1890	 +2.5590
+14.4263	 -2.3849	 -7.9306	 +2.2301	 +2.1307	 -0.5536
 +6.0216	 -2.5777	-27.8359	 +2.2118	 -1.7020	 -1.9930
-29.1381	+46.5781	-70.9201	 +1.3620	 +1.5840	 +0.6581
 +4.8555	 -2.2350	 -0.8407	 +3.2913	 +3.1068	 +1.5510
-17.4605	+17.4725	 -9.6265	 +0.2630	 -0.7864	 -0.5729
 -1.8462	-17.7426	 +8.6671	 -0.3269	 -0.8759	 +0.3293
+21.8743	 -7.8333	 -0.3593	 +2.3990	 -1.9997	 -0.1321
 -1.1094	 +0.4413	 -2.8339	 -1.4919	 +3.8223	 +3.2716
 +2.2996	 -4.3715	 +0.3263	 +2.2979	 -0.7089	 -1.5314
 +2.4979	+21.0594	+17.6016	 -0.2494	 -0.0269	 +3.6406
-15.8599	 -7.8255	 -8.8474	 -1.3833	 +2.1664	 -0.0505
 -5.7413	 +1.8407	 +2.5745	 +2.2901	 -2.2227	 +1.6809
 +3.8788	 -1.2438	 +2.7109	 -3.1342	 -0.0833	 +2.4285
 -6.9976	 -3.8309	+13.8322	 -0.2008	 +0.3674	 +4.9159
+12.2655	+29.5866	+79.6712	 -1.2603	 -0.9148	 +0.3567
 +4.3664	 +3.9587	+12.9773	 +2.1714	 +4.0613	 +0.0864
+10.9047	 +7.6270	 +0.8387	 -2.8899	 +0.0395	 -3.5176
 -5.4841	 -0.6542	 -1.7090	 -0.2533	 +1.6340	 -3.6955
-16.8279	 -5.6310	-11.0034	 +0.2039	 +1.3105	 +1.4817
+53.1344	+28.8341	+41.1911	 -1.4313	 -0.1635	 +0.1780
 +1.1887	-10.4994	 -5.6646	 +0.5638	 +2.5109	 -0.8025
 -0.0353	 +9.9379	 +1.5012	 -0.4157	 +0.6608	 +3.6170
+17.5941	 +4.6417	 +7.1104	 -0.7075	 -1.6086	 +2.1267
 +8.5280	 -3.0236	 +0.3785	 -1.0170	 +0.8911	 +1.2348
 -2.3391	 -7.3239	+19.3030	 +4.1541	 -0.6881	 -1.7547
 -0.1041	-16.2745	 +0.1317	 +0.2187	 -1.0476	 -0.4987
 -5.6174	 -7.0947	 +8.1372	 -0.5124	 -1.6850	 +2.7306
 -1.4481	+19.7149	 +1.2421	 -1.1047	 -2.5551	 -0.1963
 -3.6905	 +5.2956	-25.5534	 -2.7311	 +1.1454	 -2.2959
 +4.1700	+11.5064	 -2.2402	 -1.2005	 +0.9876	 +3.9764
-12.5563	 +2.8041	 -0.8599	 -3.0387	 -1.8361	 +1.8943
 -2.6793	 +2.8835	 -1.3209	 +2.6663	 -3.1722	 +3.1999
-22.6183	 +6.9093	-24.2182	 +0.5643	 +1.9668	 -0.1132
 +0.0133	 -2.4107	 -0.6741	 -0.7923	 -3.1495	 +4.4120
-20.3713	+42.4228	 -8.1984	 -1.2136	 +0.9125	 +2.0384
 -2.7601	 +0.7154	-12.0830	 -2.0282	 -1.6427	 -0.8690
 +9.6580	 -0.6432	 -7.0717	 +3.3440	 +1.3742	 +0.8963
 +2.9851	-70.8320	+56.7555	 +0.1609	 -4.3685	 +3.0197
 +1.5713	+19.6937	 -7.2673	 -0.4105	 -0.1342	 -2.5268
 -6.5610	+16.2188	 +9.9454	 -2.2245	 +0.0827	 -1.6666
 -4.3172	 -1.7685	 +1.2500	 +1.9423	 -1.5112	 -0.3027
 +2.5212	 +0.8614	 +1.2584	 -2.4383	 -4.1924	 +2.2723
-12.3371	 -6.7519	 +9.5919	 -0.1377	 +1.8997	 +3.8594
 -4.6933	 -9.2423	 -6.7731	 +0.2633	 -1.9917	 -2.0771
 +6.3602	 +0.2594	 +7.0652	 +0.7259	 +2.6774	 +1.6677
 -3.6803	 +3.7183	 +1.8350	 +0.2384	 +0.2355	 -2.7418
-20.0640	-16.8987	+14.9093	 +1.8180	 -0.7164	 +3.1342
 -7.2810	 -0.1358	 -0.1489	 +0.0659	 +2.2414	 -2.1854
+28.3546	 +8.3264	 +3.8308	 -1.7012	 -0.7633	 -0.4695
 -0.8417	 +0.3326	-11.2644	 +2.9690	 +2.8948	 +1.0743
 +2.9888	 +9.1988	 -0.6995	 +2.9552	 -0.7249	 +3.2860
 +6.9392	-17.9621	-12.7020	 +1.1556	 -2.6349	 -0.8649
 -6.9108	 -2.1258	 +2.4399	 -2.1652	 +0.2900	 +1.5262
+14.8214	 -9.1389	 -6.4108	 +1.0623	 -1.0160	 +3.8254
 -6.8332	 +3.5413	 -4.7735	 -1.0808	 -2.0072	 +3.2778
 -5.0862	 -0.5391	 -4.2969	 -3.7340	 +1.4863	 -1.0352
 +1.0194	 +1.6345	 -5.5389	 +0.8812	 +1.5298	 -4.3678
-25.0344	 -0.5177	 -3.5578	 -1.9244	 +3.3148	 -0.1735
-77.9089	+42.0518	+32.1638	 +0.7183	 -0.2213	 +0.3833
 +8.7249	 -0.5124	-19.0704	 -2.3549	 -2.6338	 +0.0930
 -5.5390	 +2.7370	 -3.5692	 +3.1858	 +2.3807	 -0.3272
 +4.3148	 +5.3453	 -6.7615	 -1.5291	 +2.1651	 -0.0410
 -3.8965	 -4.4849	 +5.0901	 +1.0060	 +0.2128	 +0.9633
+30.5655	 -4.0463	 +5.2599	 +1.4680	 +0.9129	 +1.5287
 +5.5807	+26.0749	-35.7532	 +0.8201	 -0.0281	 +0.9970
 +8.2558	 +1.2150	+15.7192	 +1.6582	 +3.2092	 -2.1549
 -7.8840	 -1.2889	-10.1038	 -1.1824	 +1.8659	 -0.6998
 -6.5452	 -2.4103	+16.9353	 -0.2850	 +1.5388	 +1.5855
 +1.6230	 -4.2972	 -6.0490	 +1.4011	 -0.0033	 +2.9793
 -0.0899	 -1.2106	 -5.2645	 -3.1806	 +0.5294	 -0.7370
+11.2797	 -4.0418	 +6.1246	 +2.6458	 -2.8968	 -1.4289
-13.7447	 -1.6380	 +0.5680	 -2.8149	 +1.2118	 -1.3375
 +1.6984	 +5.3833	 +8.6787	 -1.2955	 +0.9244	 +0.4833
-16.6203	-12.1334	 -4.8263	 -2.6469	 +0.2574	 -4.7207
 +5.3275	-15.1954	 +7.4935	 -3.0396	 +2.0258	 +1.4853
+25.7179	+54.7817	-20.5602	 +2.0918	 +4.5283	 -0.1628
-13.2940	+10.2103	 +2.5876	 -0.7103	 +0.1598	 -0.2649
-20.5619	 +4.8688	 -1.8703	 -2.1998	 +0.9888	 +0.6615
-11.8017	 -0.1124	 -8.4289	 -0.5023	 +0.6535	 +4.4572
 +5.0394	+13.6681	 +2.0876	 +1.7855	 -1.9769	 +0.1425
 -1.1427	+12.2477	 +3.7737	 +2.9922	 +0.9708	 +3.6616
 -1.8279	 +3.2997	 +0.1235	 -1.1643	 +0.4425	 -3.8284
-15.4397	 -6.8439	 +6.8209	 +2.0036	 -1.8410	 +0.6332
-19.9388	 -6.2675	 +6.2534	 -1.9958	 +3.3926	 +0.1470
 -9.1654	 -2.1200	-26.9502	 +4.0930	 +1.8138	 -1.1549
-15.1163	 +3.5827	-16.4727	 -1.0820	 -0.1744	 +0.0300
-14.6310	-26.8117	-24.5426	 -0.8752	 -1.2022	 -0.0343
+17.6482	+12.6515	+11.7025	 -0.7160	 -1.7649	 +1.0147
-14.0512	 +3.1347	 -5.6117	 -1.1874	 -4.0816	 -0.4670
+10.3056	 +4.6976	 -8.3168	 -1.3820	 -1.1414	 -1.7087
-34.3411	+28.7681	+33.9929	 +0.9521	 -0.2405	 -0.7798
 +9.7178	 -3.2953	-14.1323	 -3.9328	 +0.0245	 +0.4792
 +3.3593	 -1.9545	 -3.5593	 -1.5745	 +0.5271	 +1.8322
 -0.2386	-12.7715	 -4.8707	 +2.5547	 +0.5671	 -4.1094
 +2.4334	+11.0790	 -6.0764	 -0.8365	 +1.0465	 +2.2123
+10.1105	 +9.0814	 +8.9014	 -0.3179	 -2.6140	 -2.3582
 +2.5467	 -5.1771	 -3.7916	 -7.0334	 +0.3523	 +2.2216
 -0.1253	 +6.7436	 +5.8835	 +0.6095	 +1.9760	 +0.9556
 +3.5175	-12.8239	-14.7690	 +2.5939	 -0.7718	 +0.2805
-13.1695	 -8.1886	-20.3538	 +1.0477	 +2.0992	 -0.6437
 -1.6777	 +8.4478	+12.6243	 -2.8076	 +4.6479	 +2.3665
+10.9536	-10.2677	 +1.2137	 -0.3978	 +1.4831	 -1.6395
 -1.2234	 +0.3574	 +2.1559	 +3.6753	 -3.1425	 +3.2391
-79.6487	-29.2764	+64.9048	 +1.7060	 +0.2882	 -1.5162
 -8.4430	 +2.9473	 +8.3757	 -1.8959	 +4.0299	 -1.9914
 -8.2313	 +9.4503	+42.0316	 -1.4524	 +3.4953	 +0.6016
 +0.1792	 +7.3420	 -7.9088	 -2.4523	 +3.2427	 +4.3309
+29.4911	 +3.9863	+20.5433	 +1.6720	 +0.4316	 +1.9818
 -6.9171	 +6.4113	 +2.3629	 +0.4233	 -1.8275	 -1.4834
 -8.4150	+11.8790	 -3.1473	 +1.5106	 +2.0795	 -2.2468
 -5.5704	 -2.1950	 -6.0920	 +4.1787	 -2.2782	 +2.1306
 +1.4448	-10.6202	 -1.0837	 -0.7637	 +0.0939	 -3.6429
+15.1949	 -4.0799	 -6.3697	 -0.4341	 -2.0291	 +0.5703
-17.9784	+16.9139	+14.9867	 -1.1537	 +0.5221	 +1.9938
 +3.0760	 -3.8622	 -0.7571	 +0.8931	 +1.2283	 -2.7450
+19.0270	 +3.3957	 -4.1459	 +1.4008	 +0.0733	 -0.0416
 -2.2126	+17.9546	-11.2396	 -0.3121	 +1.6275	 +0.1045
-10.2874	+55.8811	-169.5478	 -0.7229	 +3.7307	-11.7717
 +0.0435	 -1.5773	 +2.6616	 -2.4747	 +1.5097	 -0.3011
 -3.3086	 -5.0640	-22.1583	 +1.6349	 +2.1653	 +2.0658
-40.4182	 +8.8583	+33.0792	 +2.2177	 -1.1223	 -1.6852
-27.3200	-10.7403	 +6.5828	 +3.5147	 +2.1554	 -1.2327
 -0.3342	 -6.6388	-17.0170	 -1.1488	 -1.7195	 +1.4684
 -2.6369	 -0.9127	 +3.5669	 +0.6812	 -1.9868	 +2.2385
-67.3895	-123.5455	+117.2410	 +0.7319	 +0.1818	 -0.2051
 +4.1505	 +1.9643	 -2.2257	 -1.0695	 +5.8034	 +0.2844
 +6.6552	 -0.9778	 +9.4273	 +0.4668	 +3.8457	 +1.3121
 +1.2741	 -3.1634	 -5.0304	 -0.0540	 -1.9122	 +2.5861
 -5.6308	-22.4371	-23.2028	 +3.5968	 +1.6129	 +0.3492
+11.2391	 -2.1020	 +3.1211	 -2.0398	 +0.8028	 -1.2842
 -2.3302	 +2.5722	+13.3872	 +0.7185	 +0.9138	 -2.5716
+22.8342	 +7.3334	+44.6194	 +0.5430	 +2.8083	 -0.4392
 +7.6032	 -1.6194	+13.8194	 -1.9857	 +0.8050	 +0.7114
 +6.3666	 -2.0430	 -2.9316	 -2.9782	 -0.9614	 +3.2506
-11.0764	-13.6062	+33.4802	 -0.7604	 -0.0517	 +1.8536
 +9.2949	 -9.7984	-16.1361	 -1.4918	 +2.6692	 -2.5451
-24.4209	 -1.6709	+20.6021	 +0.9731	 -1.2426	 -1.6809
-17.3163	 -1.1267	-14.9756	 +0.9404	 +2.5831	 -1.2576
 -6.1950	 +5.4456	 -2.3492	 +4.0548	 -1.0133	 -2.7531
 +0.5148	 -6.5818	 -4.8897	 -4.9017	 +2.4922	 +0.9907
 -6.0717	 +4.2230	 +8.3199	 -0.1056	 -0.7441	 -3.7412
+12.2857	+14.4468	+15.1821	 +1.8926	 +1.9098	 +1.4483
 -6.8282	 +3.0652	+10.2806	 +0.1608	 -2.9621	 -2.2313
+12.6656	 +3.5300	-14.3007	 +3.3178	 -0.5143	 -0.8717
 +8.1399	 +9.4084	 +9.2698	 -0.6724	 +2.2240	 -1.5229
-13.2119	 +0.9395	 -4.3583	 -1.4643	 +1.7122	 -1.3734
 -1.6207	 +4.8856	-11.5001	 +5.5624	 -3.4922	 +0.2826
 -2.2226	 -9.2097	 -8.9889	 -2.3366	 -2.3410	 +0.2597
 -4.4067	 -2.7878	-20.0851	 -1.8066	 -1.8614	 -1.0176
 -8.0297	 -5.7501	-17.5410	 +1.5321	 +1.9094	 -1.7236
 +0.2925	 -4.0851	 -6.8221	 +2.6202	 +2.5873	 +4.7324
-21.7500	+15.0719	-59.5764	 +0.7880	 -1.7581	 +1.6336
-14.6197	 +1.3341	 +7.8918	 +0.2471	 -4.5851	 -0.7799
-42.5478	+63.0041	-46.6643	 -1.8824	 -1.2437	 +0.5817
+41.8441	+24.3327	 +4.3369	 +3.2975	 +2.7930	 +0.0364
 +4.9941	+19.0266	 -6.5076	 -1.4349	 +0.6169	 -2.1844
 -6.5925	 +5.0949	 +7.5780	 +0.6213	 -4.6372	 -2.0773
 +0.6482	 -8.8040	-22.9526	 -1.4365	 -0.4544	 +1.3936
 +6.1945	 +4.6878	-16.4020	 -2.5640	 +0.7803	 -2.9894
 -6.5944	 +1.2075	 -1.9560	 +2.9519	 +1.8545	 +5.2464
 +0.2723	 -4.8589	 -4.7313	 +3.5794	 -0.2579	 -3.6292
 +3.1366	 -3.4351	 +8.4605	 -0.4114	 -0.0313	 +0.6783
 -3.1347	-15.4443	 -1.7031	 +1.0054	 +2.5833	 +2.6248
 +5.4677	-15.9858	 +3.4479	 -2.3603	 +0.2138	 +0.4374
 +5.1393	 -3.2600	 -3.4772	 +2.3876	 +3.4848	 -4.5752
-22.4815	-16.0584	-10.6368	 +1.2451	 -0.5231	 -1.4952
-11.2957	+21.2786	 +1.2107	 +2.2734	 +3.0679	 -1.3353
 -7.1494	 +2.9131	-15.5686	 -3.1269	 +0.4666	 -1.6072
 -2.4056	 -3.8999	-11.1732	 -1.7358	 +0.2349	 +2.3247
 +4.1532	-18.3378	 +0.0235	 +2.2627	 -0.2505	 +0.7397
-10.9443	 -9.0401	 -2.5163	 -1.4415	 +0.5312	 +3.1294
-137.7640	-165.4974	+115.0336	 +0.4302	 +0.9548	 +0.0421
-11.9969	 +2.6408	 +0.8666	 +2.3429	 -4.0116	 +0.8377
-18.2547	 +7.6498	+32.6482	 +0.3857	 -3.2163	 -1.9615
 -6.9164	 +8.2482	+10.9038	 +0.6170	 -0.5682	 -3.2375
 +7.9832	+72.0931	-75.4165	 +0.0299	 -0.3718	 +0.7302
 -6.1263	 -5.5017	+12.8902	 +0.9140	 +3.9723	 -0.6031
 -2.8695	 +0.2092	 +5.7103	 -4.1955	 +1.0811	 +0.6194
 +6.0391	 -4.7922	 +0.5104	 -1.8911	 -4.9014	 +4.3812
+32.5760	+11.8931	-16.3033	 +1.6475	 -0.4198	 -1.1779
 -0.8334	+18.4322	 -2.9178	 +3.6908	 -0.5256	 +1.0622
 +6.2250	 +2.8286	 -4.2112	 -1.6430	 +3.6300	 +0.0564
 -2.4119	 +3.8060	-14.5749	 +0.2469	 -1.1599	 +0.4806
 -6.5959	 -1.2180	 -4.0233	 -3.3168	 -0.4514	 +3.1995
 -6.5060	+10.9600	 +8.4325	 -0.1870	 -0.0503	 +0.6286
 +2.1221	 -5.5593	 -4.5934	 +6.1401	 +1.4163	 +0.3097
 -4.2279	 +1.2626	 -6.6910	 +4.9721	 -3.7129	 +0.8908
+19.4808	-20.6044	-10.1109	 +2.8818	 -1.8591	 -1.2491
 +3.4270	 +6.2273	-21.1548	 -0.2397	 -0.1252	 +3.2602
-13.0430	 -9.7354	 -5.9889	 -1.0934	 -3.2444	 +2.4387
 +3.3593	 -4.2266	+12.4545	 -0.8647	 -5.0617	 +1.4888
-14.4740	 -0.4372	+22.0940	 +0.4348	 +0.7865	 -0.3740
-29.0082	 +4.6289	+27.1980	 +0.5587	 +1.1308	 +0.7305
 -7.1213	 -4.6427	+10.1990	 +0.8855	 -0.6327	 +1.7216
-12.1995	 +5.6016	-10.9436	 -0.5077	 +3.0570	 -1.2422
 -5.3571	 +9.2242	 -9.0982	 -0.3827	 -1.0445	 -0.6218
 -6.0035	 -7.9199	-14.1048	 +1.3886	 -1.8895	 +1.9382
 -4.4503	+18.3904	-15.3718	 -0.8026	 +1.9009	 -1.7466
 +0.1075	 -6.9189	 -2.7953	 +4.8051	 +2.5066	 +0.9023
 -4.3108	+10.4597	 +3.3261	 +0.1517	 -0.2500	 +1.4958
+20.1440	 -2.2990	-16.0221	 -1.0336	 +0.6326	 -0.6299
 +6.4881	 -5.5064	 -0.3642	 +4.9321	 -1.6619	 +1.3508
+10.3853	-13.1692	 -9.2115	 +1.7330	 +0.4190	 +0.1734
+17.9732	 +7.1911	 -3.4202	 -0.9026	 +2.3139	 -1.3904
 +0.5455	-14.6083	 -8.2995	 +0.5354	 +1.4576	 +1.8363
 +0.9964	 -6.7256	-14.1312	 +0.5897	 +1.7827	 +1.1678
 +5.5997	 +8.0565	 -4.7083	 -1.9968	 -4.5419	 -3.9698
 -3.8681	 +0.9867	 -5.4237	 -4.2673	 -2.3197	 +2.8785
 +9.0031	-23.7005	+11.5273	 +2.0587	 -0.2014	 +0.2337
+35.6017	 +2.3784	-21.6541	 -0.8199	 +1.2917	 -1.7912
 -2.7845	 -2.3651	 -7.5011	 -4.4120	 +2.1933	 -1.8048
 +2.9590	 +3.3648	 +4.3839	 -1.4759	 -1.2786	 -1.7993
 -6.1129	 -6.7196	+13.4527	 -1.0199	 -0.9709	 +3.3400
 +8.7309	 +1.7284	 -4.7848	 -2.8470	 -0.1177	 -1.3239
+21.5310	 -5.7381	 +6.2974	 +2.3307	 +0.2947	 -0.8377
 -3.8097	+14.9832	 +6.0416	 +0.7041	 +1.8366	 -1.1288
-24.6691	+10.1817	 -0.0686	 -1.1213	 +1.4813	 -1.5075
 +1.1809	 -4.9408	 -6.2354	 -0.4658	 -1.6858	 -3.6891
 +1.1910	 -0.7220	 -4.7884	 -0.8121	 +1.2075	 +2.8003
-13.4176	 -4.0423	 +7.7132	 +0.6338	 +1.5566	 -0.6423
+11.3684	+39.4887	 -7.1355	 +1.7847	 -1.3546	 +0.5550
 -0.2871	 +3.2298	 -5.2620	 +2.5342	 -0.1415	 -2.3973
 +7.1054	 +1.9847	 +2.8532	 -2.4835	 +1.3170	 +4.5519
 +6.6396	-12.7510	-20.5498	 +2.2942	 +2.6653	 -0.4567
 -7.0800	 +9.6161	 -1.4589	 +2.4110	 -1.4934	 -0.6836
 -0.6413	+12.1854	 -3.0812	 +3.8279	 +3.4117	 -1.1985
 +1.7075	 -7.1452	 +8.0934	 -0.1171	 -0.7069	 +0.1825
 +1.5787	 -1.9147	-14.3559	 +3.4745	 +1.1164	 -2.9742
 +0.7186	 -9.2967	+14.7873	 -0.7547	 -2.6924	 -0.4528
+22.0507	 -9.2482	-10.7474	 +2.2399	 +2.0417	 -1.1135
-18.8246	 -1.1749	+20.0279	 -0.7718	 -0.2877	 +0.3689
 -3.5516	 -4.0623	 +1.8754	 +1.7511	 -0.3155	 +1.6672
 +0.2108	 -3.0986	+26.1409	 -1.4392	 -0.6383	 -3.0276
-11.8653	 -4.4951	 +1.1894	 -3.3320	 -1.6171	 +1.5265
 +5.5074	 -9.3305	 +9.4806	 +3.3150	 +1.1854	 +6.3975
 +2.9949	-27.5322	-12.8318	 -1.4018	 -0.9063	 -1.7000
 +8.3079	 -6.5885	 -0.7235	 -2.4778	 +0.7692	 +0.9248
 +1.2854	 +9.6788	+11.1592	 -1.3885	 +2.4331	 -0.2919
+10.0846	 -2.9160	 -5.4721	 +1.9757	 +2.5652	 +3.0094
 +1.9800	 +5.6955	 -8.1094	 +0.0028	 -2.1820	 +1.8101
-59.7411	-12.9676	-22.7562	 +0.7486	 +0.5182	 +0.4629
 +0.3785	 +6.0637	 -3.6040	 -1.4020	 -2.6075	 +1.9137
-11.2652	 +3.0225	-16.3913	 +2.9240	 -0.8439	 +0.4157
 +5.8327	 -3.5511	 -5.1952	 +2.2059	 -3.1942	 +2.3790
