# Iterations: 41 of 100
# Total Energy: -6.701e+05
#    Kinetic Energy: 6.721e+05
#    Potential Energy: -1.342e+06
# Current Time: 2018-05-08 11:42:37.294721
# Elapsed Time: 0:28:57.476295
# 
# Med. Times for Sections
#    Force Computation:		20.381135
#        [20.71452322.83806720.67158820.34097820.37782520.06512820.32619920.30306020.39214420.384445]
#    Gather Particles:		18.220076
#        [18.55967416.29834718.52951718.20583018.23432218.11816418.27726218.27846218.15929318.079216]
#    Overall:		40.646127
#        [41.39423241.23784941.28172240.62134440.65601440.22288940.66849140.62656040.63623940.517817]
#    Scatter Particles:		0.002276
#        [0.0022640.0023560.0022280.0022160.0022950.0021350.0024150.0020850.0022900.002287]
#    Time Integration:		0.000075
#        [0.0000790.0001120.0000750.0000690.0000750.0000680.0000710.0000680.0000740.000077]
#    Tree Broadcast:		0.974356
#        [1.0055440.9968680.9857380.9737090.9673970.9691400.9632120.9692650.9829510.975003]
#    Tree Construction:		1.095500
#        [1.1120891.1020301.0925171.0984831.0740341.0681971.0992691.0735611.0994231.076729]
# 
# x	y	z	vx	vy	vz
# 
 -6.6115	 -4.3288	 -2.7150	 +0.7758	 +0.5154	 -0.2577
 +2.7430	-19.7854	-11.9039	 +1.1672	 +1.8932	 +1.6757
 -1.3897	 -4.1101	 +7.3790	 -1.6982	 -2.7903	 +2.5665
-23.3549	+25.7297	 -1.1429	 -2.2889	 -0.7772	 +1.1882
 -5.2066	-18.1081	 -6.3188	 +1.6505	 -1.7444	 +0.1865
 -4.0187	 +0.6046	-16.3635	 +2.7101	 +0.6678	 -0.8966
+14.2433	-15.0267	 -8.3971	 -1.2100	 -1.0262	 -1.0269
+11.6804	 +7.6895	 -6.1164	 -1.2934	 +0.3110	 -0.3202
-27.1091	-35.5871	-11.2167	 +1.9113	 +1.6700	 -0.1114
-12.8876	+22.2257	 +1.8412	 -3.2508	 -0.1473	 +0.5850
-24.3039	+10.7532	+17.4944	 +2.1297	 +0.9947	 -0.2919
 -4.2294	 -4.2281	 +0.2939	 -1.9111	 +2.0679	 -1.3770
 +4.1439	 -1.8310	 -4.7104	 -2.1779	 +3.0279	 -4.7979
+25.9537	+11.9368	-26.8983	 -1.2328	 +0.9885	 -1.1745
 -1.9968	 -3.9868	 -1.5569	 +3.4974	 -2.1112	 -1.4402
+12.5296	 +3.3934	 -0.7986	 +2.2230	 -1.7078	 -1.8845
 -8.3895	 -1.5796	 -8.1440	 -1.2262	 -4.3641	 +2.5526
 -4.8104	 -0.3950	-18.2731	 -1.5822	 +0.6584	 -1.8422
 +9.6948	 -7.1448	 +7.5486	 +0.2811	 -1.3393	 -0.5824
+105.3355	-28.4687	+78.4856	 -1.3626	 -0.8392	 +0.2061
 -7.0073	 -5.0923	 -3.4839	 +2.5681	 +1.9056	 -3.2298
 -3.9377	 +0.6949	 -8.0557	 +0.7346	 -4.4913	 +0.2356
 +5.6254	 +0.6203	 -9.9991	 -1.1692	 +2.6014	 +1.8318
 -3.3346	 -5.1464	 +1.3468	 -2.7042	 +0.3008	 +4.7293
 +7.0704	 +7.3298	 -8.6000	 +1.4039	 +0.9052	 -0.3014
-34.7004	+19.8626	 +0.4061	 -2.1653	 +2.3658	 -1.3047
 -3.0906	 -0.0443	 -3.2323	 -1.7377	 -5.2342	 -2.9106
+10.2453	 -7.4403	 +3.3119	 -3.9094	 -0.3176	 +2.2564
 +9.6019	+13.3334	 +7.0396	 +3.0405	 -2.1113	 -2.1995
-18.6709	-19.1721	 -4.8840	 +3.2922	 +2.0589	 +0.5541
 -5.6247	 -3.6428	 -3.2933	 +4.7807	 -3.2317	 -4.5139
-56.1498	 +7.9355	 -0.6575	 -0.8899	 +2.0087	 +1.8291
 -0.8294	 -5.7312	-13.3550	 -4.3326	 -0.4630	 +1.9286
 -0.3318	-15.2371	 +5.3104	 -0.8477	 +1.8375	 -1.2634
-10.0577	 -3.0759	+21.8451	 +0.2518	 -0.6429	 +1.0899
 +4.2784	 +1.8224	 -0.3445	 -0.2909	 +0.5815	 +0.4175
 +3.1752	 -3.3764	 -2.9406	 -0.3210	 -5.0457	 +1.8408
 -3.6627	 +0.0004	 +5.1823	 +4.3905	 -3.4373	 +1.3596
 -2.5853	+31.5593	-11.5952	 -0.7529	 -1.5701	 +0.6318
 +3.7737	 -1.4030	 +2.2769	 +0.5244	 +4.4939	 +2.5185
+13.0090	-11.1779	+10.0415	 +2.2111	 -3.6423	 +0.5808
 -4.7898	+10.8679	-12.1264	 -0.3834	 -1.0855	 +1.3463
 -5.4155	 -2.1978	-10.1475	 -2.0067	 +3.9745	 -0.2026
 -5.2143	 +3.8139	 -1.3652	 -3.8308	 -0.8617	 -0.9494
 -5.9986	+22.5106	-21.0408	 +2.3631	 +0.0023	 +0.7334
 +2.3061	 -0.3309	 -3.4676	 -1.7351	 -1.3358	 +4.9486
 -2.3540	 +1.6139	-11.3918	 +2.4677	 +4.6703	 -0.9257
+34.8982	 -5.4166	 +1.8674	 +0.0767	 -1.2736	 -1.5757
 -2.9055	 +5.1335	 +0.2792	 +2.3843	 +1.7311	 -0.9599
 -5.9562	 +0.5679	 -4.5051	 +2.5637	 +4.7765	 +0.2240
-33.9677	-57.0612	-38.1167	 +1.1247	 +0.2599	 +1.5888
 -1.8254	 -5.3444	 -0.2220	 -1.9097	 -2.8900	 -3.8346
+16.4339	 -9.4070	 +7.0799	 -0.2849	 +2.6633	 +3.9468
 +3.2891	+11.7270	 +5.1083	 +2.3160	 -4.0132	 +2.1258
 +5.2160	 -4.2758	+53.2764	 +0.4758	 +2.2150	 +1.8789
-27.8745	 -6.8488	 -4.3624	 -1.8729	 +0.3409	 -0.1748
+31.9102	 -5.0036	 +4.4536	 -1.2936	 +0.9682	 -1.0473
 -5.4044	 +6.1694	 +4.6969	 -1.3313	 -1.0597	 -3.0578
 -0.8795	 -6.0303	 -1.9958	 +3.6172	 +2.1383	 +4.1744
 +1.4090	-21.6296	 +8.4670	 -3.6766	 +1.2107	 +0.1106
-15.5560	 +1.2918	 +8.8762	 -4.1995	 +0.9947	 -1.6107
 -8.3703	 +4.4526	-21.0265	 -0.3331	 +3.9831	 -1.5481
 -1.8899	 -8.9204	 -2.8713	 +2.5347	 +2.3093	 -1.4780
 -5.7421	 -5.9822	 -7.6699	 +0.4829	 -2.9234	 +3.5018
 -2.8610	 -4.3990	 -4.9099	 -2.1977	 -0.6041	 +4.5478
 -7.6977	 -4.6923	-10.6934	 -2.2354	 -2.8720	 -1.6962
 +5.2875	 -1.6058	+22.3339	 +0.5594	 +1.0130	 -0.2474
-14.6951	-12.7900	+27.5421	 -2.4197	 -1.9949	 +0.4460
 -3.2058	 -7.9205	-20.0822	 +0.5357	 -0.8196	 +1.0575
 -4.1114	+10.3959	 -3.8220	 -0.2942	 -2.2593	 +4.2736
 -2.1963	 -5.2637	 -2.4236	 -1.8900	 -1.7371	 -1.8942
-12.6869	-11.9745	 -5.8172	 +1.9831	 +0.4752	 +1.1559
-11.6539	 +6.5535	 -2.9991	 +0.9389	 +0.1690	 -1.9438
-15.5365	+15.2822	-94.1547	 +1.9192	 +0.0073	 -1.4394
+26.4973	-27.8780	-14.0288	 -0.1696	 +1.5865	 +0.5830
-11.3867	 +9.4558	-10.8842	 -2.4871	 -3.8192	 +1.0217
 -4.6844	 +3.3538	 -8.7521	 +1.0778	 +2.3952	 -0.5999
 -2.6566	 -9.3296	+12.8745	 -2.8689	 -2.2356	 -1.2085
 -3.3852	+10.0838	 -3.0779	 +3.1533	 -0.1696	 +3.1119
+21.3384	-14.6925	 -5.6988	 +2.6173	 +1.5439	 -0.0504
 -1.2378	 +1.2001	 -1.3925	 -1.0069	 +1.2399	 +2.9655
 +9.6138	+10.3713	 -8.5468	 +0.1985	 +2.5106	 -1.0891
 -1.8540	 -0.6475	 -3.7961	 +1.9452	 -0.3908	 +4.8459
-11.1125	+24.5636	+15.4298	 -0.9913	 -0.1157	 +3.6030
+13.7063	 +4.9515	 +1.4723	 +2.9811	 +2.5821	 +2.9549
 +2.8716	+12.6764	 +9.1299	 -2.8169	 -1.7635	 +0.6445
-16.9459	 -4.6745	 +1.2326	 -1.2575	 +0.6846	 -2.9711
 -1.1615	+16.9606	 +9.4735	 -0.7974	 +2.9436	 +0.8592
 -4.7898	-27.8491	 +9.3809	 +2.0263	 -1.1735	 -1.4041
 +5.1567	 -9.3098	 +2.1223	 -1.1038	 -1.0044	 -0.7128
-11.6361	 +0.2292	 -2.3351	 -0.9924	 +2.2195	 +3.4176
 -3.0497	 -0.1095	 +0.9928	 +2.1426	 +1.6253	 +0.6205
-13.8730	-26.3571	-48.0839	 -0.7451	 -0.8807	 -0.4728
 +4.8506	 +2.4671	 -7.1816	 -3.9419	 -0.3456	 +4.3820
 +5.3535	+12.8510	 -0.2368	 +0.6279	 -1.2470	 -1.1665
 +7.3017	 -7.9982	 +2.5309	 +1.9121	 +1.1966	 -4.0471
 -7.6579	+32.9437	-19.1802	 -0.4875	 -0.0200	 +2.2377
 +1.4497	 -2.6405	+17.7005	 -1.8989	 -0.4530	 +1.6176
-10.0506	+14.4452	 +1.4006	 -0.6187	 -1.3853	 -1.3025
-12.4527	-11.3801	-22.4920	 +3.0887	 +1.6380	 -0.6902
 +6.1149	 -2.8071	 -3.2317	 -2.3108	 -5.7900	 -0.6884
-13.3091	 -1.7444	-11.0560	 +0.6412	 -0.2639	 -0.6181
 -3.4247	 -0.3079	 +3.8215	 -1.1332	 -1.4063	 -2.6557
 -3.1014	 -6.3398	 -9.9860	 +1.2043	 +3.2466	 -2.8216
 -0.2917	 +2.4591	 -5.2020	 -0.9125	 -2.0328	 -0.6763
 -7.4524	 +0.0762	 +4.4388	 +3.6512	 +3.1454	 +3.0557
-15.9359	-17.8957	+21.6655	 +3.0935	 -0.4133	 -0.7938
 -7.3797	-13.8008	 -0.6480	 -0.5013	 +1.2795	 -0.2766
+26.1007	+10.4975	+18.0536	 +1.1526	 +1.8638	 -0.2564
 +2.1415	 +1.3896	 -8.9399	 +2.6353	 -0.1715	 -3.9385
 -4.7771	 +2.5320	 -3.2972	 +2.4122	 +5.8616	 -1.7177
+474.6976	+387.7588	-227.4153	 -0.2781	 +0.6742	 +0.3144
-138.9217	+99.0385	+199.8663	 -0.1121	 +1.1381	 +0.4432
 +9.2161	 -2.9345	+10.1110	 +4.4479	 -1.3861	 +0.7654
 +6.2946	 +1.6857	+20.3258	 -1.7178	 -1.1497	 +0.5405
 +0.6116	+10.2533	 +7.5567	 +0.0171	 +2.7915	 -2.3155
 +4.3769	 +4.6556	 +0.7020	 +3.8883	 -2.5644	 -2.5615
-73.7165	-15.9779	-10.2806	 +1.3214	 +0.1766	 -0.7509
 -4.0353	 +0.3650	 +0.2627	 -3.1994	 +1.4452	 -2.0343
+45.6205	-22.0841	-43.9360	 +0.5568	 -0.7280	 +0.2217
-15.2220	 +8.2740	 -7.1810	 +0.1886	 -0.8799	 -2.2733
 -0.3274	 -0.2775	 -1.0996	 -2.0688	 +4.3715	 -1.3786
 +3.4108	 -1.4245	 +0.4982	 +4.6108	 +2.2338	 -1.4736
 +0.0817	 -8.8854	 -1.3022	 -5.0073	 -1.5156	 +0.6457
 -3.6747	 +0.3424	 -0.9722	 +1.9565	 -2.6370	 +2.7904
 +0.9310	 -4.4477	 +2.7527	 -1.7028	 +3.1742	 +1.1315
-16.6841	 +1.1160	 -3.4024	 +1.0423	 +0.0766	 -3.0961
 -8.3824	 -4.1599	 +2.8986	 -1.8887	 -0.0725	 +0.6518
 -7.9167	 +0.4597	 -8.1809	 -2.5567	 +1.8582	 +1.0224
+12.3204	-12.9208	 -0.0926	 -1.7080	 -0.2752	 -2.5216
+13.9191	+32.4586	-162.7345	 +0.0702	 -1.1582	 -1.3174
 +7.5518	 -2.3306	 +6.5641	 +3.0257	 +2.2103	 -0.4452
 +6.2270	 -4.2690	 -9.1431	 -1.4489	 +3.3827	 -1.1730
 -5.3578	 -7.6748	 +2.5266	 -4.2427	 -0.0322	 +0.2093
 -2.6249	 +1.8049	 -1.9627	 -0.7899	 -3.0803	 -1.7519
-17.5647	+24.8397	-35.7707	 -0.5447	 -1.0980	 +0.6661
 -3.5480	-10.9782	 -7.7621	 +4.9318	 +0.9755	 -1.4008
+19.5810	-15.3483	+15.4584	 -0.8611	 -2.7561	 +1.2319
 +2.8470	 -2.7361	 +5.3138	 +1.8939	 -3.7958	 -0.9694
+13.0840	 -9.3687	-12.3985	 -1.6320	 -0.0280	 +1.4963
 +0.8146	 -4.2962	+10.8305	 +1.3839	 +0.8192	 +1.6045
+10.2660	 -8.4958	 +5.9339	 -3.0444	 -1.2992	 +2.6235
 +0.5213	 -2.1122	 -2.1071	 +0.9334	 +1.6090	 +1.3985
-32.0930	 +4.6524	-37.2242	 +1.9486	 +2.2172	 -0.1237
+58.0439	 +5.9803	+20.8172	 +0.6112	 -1.9112	 -0.1880
 +1.5428	 +5.6860	 -1.6159	 -0.1037	 +0.8305	 -4.1378
-28.2647	-71.0883	+45.7254	 -1.2912	 +0.9563	 +0.9868
 +3.9554	 +9.0177	 -8.0241	 -0.9601	 +3.2083	 +0.5246
+19.8132	 +7.5632	 -3.5456	 +0.5515	 -1.0600	 -3.3025
 -4.4740	 -3.4077	 -1.9498	 +4.6758	 +3.3270	 -2.0963
 +1.7540	 -4.8034	+10.8833	 +1.2398	 +3.0315	 -1.1194
 -0.6378	 -5.6822	 +0.3803	 +6.1696	 +1.0341	 -1.8560
 +3.2419	 -2.9481	 -1.4375	 -5.4236	 +2.2077	 -0.6413
 -7.6258	+12.5329	 -6.7462	 +0.5254	 -0.6095	 -0.7902
 +6.5292	 -2.2248	 -8.1284	 +1.1750	 -3.6966	 -1.5600
 -9.4113	 -2.5056	-17.4057	 -1.2376	 +1.7352	 +1.1194
 +1.7433	 +8.1717	-14.5141	 +3.2308	 -0.2586	 -2.8462
 +8.1061	 +2.7957	+28.7512	 -2.7592	 +1.1720	 +0.9309
 -6.6378	 +3.0927	 -7.0960	 +1.7009	 -2.0653	 +3.8534
 -6.4362	 +3.3758	 -0.8376	 +0.8684	 +0.0602	 -1.3771
 +1.4148	 +1.2795	 -4.6316	 -3.2095	 +3.7144	 +2.2963
-19.0033	 +1.5019	 +9.7566	 +3.6352	 -2.3772	 -1.3697
 +5.9941	 +1.8272	 -2.3310	 -3.3883	 +1.2545	 +0.0981
+14.7904	 +8.4553	 +4.8622	 -0.6622	 +1.5609	 -0.0730
 -7.9880	 -4.6080	 -5.4120	 +1.9319	 -0.9957	 +4.0317
 +2.0809	 -2.7779	 +4.9709	 -4.9198	 -1.1650	 +2.6076
 -3.6674	 -2.3672	 +1.8298	 +1.2439	 +1.1519	 -3.1513
-16.2324	 -2.2503	-16.2631	 +0.1024	 -2.8498	 +2.4124
 -2.0193	 -1.3667	 -4.7089	 -3.4834	 +0.7335	 -0.2199
 +3.1419	 -4.0615	-14.2686	 +2.8421	 -1.5985	 +0.1931
-15.8751	 +2.0428	-15.2820	 -0.0068	 -1.1208	 -2.3303
 +2.2854	 +1.0192	 -3.1834	 +0.6476	 -0.4659	 +1.8712
 -3.9914	 +1.4822	 -9.1202	 -1.1105	 -0.5554	 -5.2615
+29.5621	-13.3749	+25.3001	 -0.5465	 -0.4273	 -0.4553
 -5.6363	 -0.7690	 +3.5708	 -0.5505	 +2.5344	 -1.3056
+54.1826	+26.4320	-26.1656	 -1.8898	 +0.9860	 -0.1722
-14.8432	-13.2813	 +2.4392	 -3.0815	 +1.5188	 -2.2832
 -7.0423	-24.3367	-10.1385	 +1.5499	 +1.1395	 +1.4010
 -0.5241	 -6.9598	 -2.8780	 +1.2552	 -2.1836	 +1.8264
 -2.1720	 -4.6438	 +1.7829	 +0.2612	 -3.9531	 -1.4532
 -1.8698	 +4.2656	 -3.2209	 -4.4872	 +1.2281	 -2.0372
 +3.5888	 +3.7281	 -8.9461	 -1.6133	 +3.6780	 +0.9474
 +6.7326	 +4.2177	 +5.4324	 +0.5835	 -0.3153	 -0.7783
+14.9430	+19.2354	-21.6934	 -0.5859	 +1.3190	 -1.4792
 +8.9204	 -0.2036	 +2.9147	 +2.2635	 +2.8050	 -4.3308
 +2.7411	 -2.4944	 +1.1779	 +0.8641	 -2.0037	 -2.5780
 +1.3673	 +4.6666	-10.7971	 +0.2116	 +1.1989	 +1.5349
 +1.5217	 -1.4115	 -5.7745	 +0.6863	 +1.7116	 -1.3185
 -9.1152	 -8.4986	 -0.4750	 -3.9292	 -1.4104	 -2.1938
 -4.9145	 +4.6875	-11.7064	 +1.5726	 +1.2064	 -1.2990
 -4.2716	-11.0907	 +5.4245	 -1.5790	 -4.4413	 +2.1710
 +0.8112	 -1.5254	 -8.6502	 +2.2580	 -0.1860	 -0.2071
 -0.2878	+25.1696	-30.4505	 -1.5793	 -0.6079	 -2.0625
 +2.3673	 -4.4528	 +6.1649	 +0.0070	 +2.2259	 +3.6824
 -0.2623	 +9.9220	 -0.3822	 +2.0239	 -0.9954	 +1.4331
 +6.1276	 +2.9188	 +0.3114	 -0.7513	 +1.7272	 -0.4276
 +8.4370	 +4.9087	 +5.5337	 -2.6476	 +3.4457	 +0.4908
+31.7464	-101.2665	-36.5351	 -1.3254	 +0.1869	 +0.9631
 -7.5844	 +9.4796	 -1.7510	 -0.1205	 +3.0169	 +2.5320
 -9.3920	 -6.0040	-11.4748	 +2.2289	 +3.4099	 +0.1386
 -8.2439	-22.8934	-21.3257	 -1.5665	 -0.9010	 +2.5601
+26.5932	 +4.5772	 +6.1530	 -0.9272	 +1.3759	 -1.6622
 -2.6805	 +6.3031	 -2.4388	 -1.4927	 -0.9936	 +3.2106
 -5.0369	 +2.7916	 -0.2663	 -4.2456	 +4.1741	 +0.6035
-18.7371	 -5.1288	 +1.3143	 +1.2212	 -1.0276	 +1.5731
 -0.8906	 -1.4552	 +0.8333	 +2.9830	 -3.3978	 +0.0832
 -6.8580	 -2.5026	 +3.2550	 -0.3579	 +0.3079	 -0.6107
-14.2239	+20.6875	 -7.4293	 -2.9897	 -0.6713	 +3.0404
 +5.4722	+49.3642	-36.0349	 -2.0364	 +0.9148	 +1.0957
 -5.2126	 +1.2160	 -4.1344	 +5.1292	 +1.6148	 +1.5716
+11.6026	 +5.7183	 -5.5004	 +1.6771	 -2.1335	 -0.6174
 -0.7941	-10.8979	 +3.0724	 -2.3964	 -1.0163	 -1.5046
 +4.2692	 +2.8979	 -6.2254	 -1.9193	 +3.3977	 -1.5595
 +7.1891	 +0.8671	 -3.5952	 -5.4598	 -0.2847	 -2.8769
+20.4036	-11.3859	-18.3366	 -0.4025	 -0.1928	 -1.3925
+119.4340	 +5.0167	-43.6899	 +0.3261	 +0.1496	 +0.6831
+18.1225	+13.8089	 -6.1528	 +0.6185	 -1.3140	 -3.9157
 +3.8557	 -7.8898	 +2.4807	 +1.8981	 +0.2065	 -0.7955
 +6.2394	 +0.9797	 +2.9102	 -3.0641	 -2.0239	 +1.6264
 +4.8766	 -8.1768	 -0.6135	 -1.2212	 +0.5521	 -1.4220
+33.4080	-32.8071	 -6.0294	 -0.7811	 +0.0369	 -0.5769
 +1.8204	 +3.4267	 -2.0407	 +2.9484	 +4.4088	 +1.5529
-14.3349	 -9.3128	 -2.3320	 -1.4352	 +0.5088	 -2.4032
 +3.1152	 -2.5038	 -0.4754	 +2.0554	 +2.3381	 -4.0989
 +1.6722	 -4.9634	-11.3970	 +1.3309	 -0.1557	 -2.6142
 -2.7289	 -0.2002	 +1.9913	 +2.9869	 -1.1678	 -0.5245
 -2.9801	 -0.0667	 -6.4961	 +3.6066	 +1.9298	 +1.9389
 +1.5369	 +0.1119	 +2.2317	 -0.7395	 -4.6163	 -3.9272
 +7.1803	 +6.7282	 +1.6213	 +0.1211	 -1.6270	 -1.4711
-11.8111	 +6.4278	 +3.8025	 -0.4158	 -0.7516	 -1.2286
 -6.3141	 +4.0655	 -5.3151	 -0.1046	 -0.8495	 -0.9925
 +2.7506	 +9.1754	 -2.5662	 +1.0554	 +0.7072	 -1.3713
+11.0180	 +5.4948	-10.9951	 +0.9071	 +0.5963	 +2.0324
 -3.6757	 -6.2402	 -3.6536	 +0.5775	 +3.2196	 +2.6191
 -4.5002	 -8.4618	 -7.8596	 -0.8947	 -1.7431	 +4.0569
 -5.7421	 -2.7576	 +7.7013	 +0.6895	 +3.2539	 -1.5929
 +2.6074	-10.0532	 +0.3080	 +0.6092	 -3.6674	 -1.9497
 -1.4238	 -7.7322	+17.5970	 +1.9317	 -3.3651	 +0.9983
 +5.7253	 +3.5158	 -5.0947	 +1.4887	 +2.8526	 +1.7552
 -1.5175	 -2.3039	 +0.2207	 +2.4864	 +0.3120	 -1.5870
-48.2442	 +8.2224	 -0.3761	 -2.1105	 -1.5062	 +0.4335
 +3.7134	 +3.7711	 +4.2748	 -0.1093	 -1.4864	 +2.1724
 +0.5497	 -0.7015	 +2.6254	 +2.2174	 +6.5785	 -1.1375
+10.6775	 -7.1532	 -3.8625	 +3.1325	 -2.1430	 +0.3774
 -6.6152	 -6.3673	 -2.2956	 -0.8920	 -2.5307	 +2.0769
-16.4242	 +7.1845	 +1.7776	 +0.0976	 +1.5716	 +1.0809
-32.0086	 -9.6729	+42.0818	 +0.2044	 +1.0949	 -0.4327
 +1.8950	 +0.3802	 +1.3974	 -5.7359	 -0.2052	 +4.1452
 -0.6409	 -9.8890	 +6.5801	 -2.3195	 +0.9339	 -1.9642
-40.0111	-31.6512	-24.4452	 +1.5513	 +0.3230	 +1.4712
-19.9661	+20.0641	 +4.5846	 +1.6524	 +2.3782	 +0.8114
-13.5345	 +3.3025	-11.0608	 +1.0496	 -4.2674	 +1.2541
 +8.8472	 -5.3388	 +2.2213	 +1.4858	 -1.4854	 -0.3804
 -2.7061	 -2.7829	 -5.2318	 +4.5783	 -4.1365	 +0.5482
+1870.9965	-30.5342	+790.1883	 +0.2213	 -0.2337	 +0.0662
 -6.1732	 +3.7684	 +6.5020	 +0.2020	 +0.3936	 -1.7384
 -3.6150	 -6.3212	 -2.4949	 +5.5421	 +0.7642	 -1.1346
 -0.6962	 +2.1947	 +3.5135	 -1.4540	 +0.7960	 +5.5438
+26.1355	-16.3223	-14.8086	 -0.9592	 -0.0579	 +1.4381
 -5.7418	 -5.6698	 +1.0267	 +2.0529	 +3.5680	 +2.3039
-54.7503	-46.9327	-69.0489	 -0.9184	 -1.3478	 -0.3232
 +4.6530	-12.7729	-23.8863	 -0.0551	 +3.5587	 +0.9582
+21.1464	 +3.7442	+23.0347	 -2.0541	 +2.1215	 -1.4545
+19.4292	-27.7754	 +9.7524	 +1.1587	 +0.4094	 +0.4523
 -9.3767	 -1.8682	 -6.7412	 +0.5943	 +0.0786	 +0.0577
+12.8022	+27.4103	 -9.9024	 +1.5922	 -2.3069	 +0.4027
 -9.3219	+20.9747	 +3.4386	 -0.1556	 +0.4487	 -0.1247
 +4.1766	 -5.9223	 +0.2371	 +1.8596	 -2.4077	 -0.7308
 -0.4294	+10.0997	 +6.5991	 +0.9667	 +0.9843	 -0.1605
 -0.4735	 +2.9932	 -6.6877	 +0.2459	 -4.1770	 -5.0069
 -4.2941	 -3.0481	+13.6376	 +0.6919	 -1.1405	 +0.4455
 +1.0759	 -3.6791	 -7.0821	 +2.9691	 +1.7165	 -1.3603
 +5.7514	 -0.9573	 -7.9013	 +2.0478	 +1.3607	 +3.3229
 +0.8000	 -4.0367	 +6.3572	 +3.3580	 -3.4948	 -0.0489
 -4.5499	 -1.3251	 -2.0557	 +3.9429	 +2.0191	 +1.4780
+21.6937	+14.9136	-24.9068	 -2.5818	 +0.1533	 +0.8768
 -1.6284	 +4.6969	 -2.7155	 +2.5932	 +2.6390	 +3.6966
 -2.1550	 +0.7374	 -2.4551	 -3.2284	 -1.5329	 +2.2407
 -0.8517	+13.8114	+13.4557	 +0.1801	 +2.5331	 -3.6398
 +3.0031	 -4.3774	 -6.3985	 -2.4666	 +2.5941	 +0.9939
-11.2915	 -2.2141	 -0.8246	 +1.6250	 +0.4386	 +1.2891
 -9.2993	 +6.9737	 -4.4158	 +1.5384	 -0.7306	 +2.1571
-13.0601	 +2.1843	 -3.8589	 -2.2400	 -2.5516	 +1.0519
+11.2306	-11.6547	 +0.6244	 +0.2696	 -0.3551	 -0.5644
 -1.4903	 +7.7747	 +5.7672	 +1.5933	 -1.2297	 -2.4258
 -6.0438	 -1.4480	 +1.0674	 +2.5949	 +2.5608	 -0.7742
-14.0908	 +8.2119	-16.9385	 -3.1001	 +0.5149	 +1.5349
-22.6109	 -4.2961	 +7.2943	 -2.5600	 -1.0454	 -2.4574
 -8.5979	 +4.5139	+11.7773	 +0.1764	 +1.1166	 -0.3412
-134.8804	-41.3638	+71.0420	 +0.6387	 -0.9587	 +0.7075
 -2.0709	 -0.3448	 +0.9419	 -1.0753	 -1.2987	 -1.5600
 +2.0259	 -7.4340	 -0.2490	 -4.1716	 -0.5231	 -1.5261
 -9.8661	 -2.4998	 +5.3307	 +3.8491	 -2.8580	 +1.0032
 -7.1314	 +2.8427	 +1.8611	 +1.0655	 +2.4761	 -5.1503
-11.2299	+10.3041	-15.0968	 -2.1209	 +1.2185	 -0.0625
 +7.4621	 -1.9274	 +2.6094	 -0.5794	 +4.7864	 +1.1415
 -5.7689	 -2.6119	-12.9485	 +0.2972	 -2.5958	 -1.8670
-114.0851	-104.0513	+101.6699	 +0.3696	 -0.2825	 -0.0952
-20.2668	+30.8661	+26.0227	 +1.9446	 +1.6131	 -1.2752
-18.5809	-27.1805	 +5.0879	 -1.7580	 +0.0862	 +2.4414
-30.3911	+10.0469	-21.1830	 +1.2884	 -0.2721	 -2.7848
-11.0882	-24.0319	 -6.7470	 -2.2943	 -0.2793	 -0.7565
 +0.8950	 -0.8276	 -2.5529	 +2.0519	 -1.6596	 -2.8406
 -3.8869	 -0.1509	 -0.0049	 -0.3483	 -1.1860	 +3.1410
 -9.1844	 +3.3835	 -2.5972	 +3.4368	 +1.8711	 -1.9148
 +5.8316	 -7.8377	 +7.5319	 -0.6873	 +0.4467	 -2.3889
-23.8045	 -6.2294	 +3.0991	 -0.4747	 +0.5823	 -1.2637
-17.4177	 -8.0681	 +9.5967	 +0.8061	 -3.2465	 -0.5784
+22.7805	-98.2428	+21.8142	 -0.9507	 +1.1823	 -1.1697
 -8.8414	 +2.2364	 -2.8128	 -2.8989	 +2.2758	 +4.0676
 -0.6521	 -2.4277	 -7.3671	 +1.3438	 +0.5765	 +0.2239
 -3.1097	 -3.3650	 -2.1958	 +2.5913	 +1.1607	 -1.1149
 -2.5994	 +2.1160	-12.5442	 +0.5389	 -2.8467	 +1.7511
 -3.3169	 +4.9711	-10.1097	 -2.9509	 +2.7644	 -0.1602
 -9.6286	+12.9527	+18.2884	 +0.0500	 -2.4629	 +0.3421
 +8.1502	 -2.1792	+21.4341	 -0.5703	 -0.5779	 -1.1925
 -3.7863	 +8.9106	 +9.2826	 +2.7689	 +1.5062	 -4.7911
 -2.3471	 +3.3799	 -2.7902	 -2.8271	 -2.2011	 +0.0883
 +9.7850	 -4.4795	 +0.9580	 +2.5513	 -2.5916	 +2.1023
 -4.8860	 -3.2889	 +3.2242	 -0.5475	 -3.8584	 -2.9677
 +2.3466	 +0.2979	 -5.3325	 -0.8131	 +0.9750	 +1.7480
-13.5780	-21.4838	 -6.2792	 -0.7294	 +3.9552	 +1.3028
 -1.4563	 -4.5510	 +0.7222	 -1.2290	 +1.2735	 -6.9154
 -4.7530	 +2.0479	-14.4726	 +0.3052	 -0.8238	 +1.4319
 +1.1515	 -4.4066	 -3.5801	 +1.8044	 +2.7681	 -1.9456
 -3.8549	 +9.6673	 +2.7811	 +1.1935	 +1.8606	 +0.4448
-156.4927	-52.3038	+202.1596	 +0.5195	 -0.6829	 +0.2387
 +2.6030	 -3.8417	 +1.1734	 -0.6510	 -0.1039	 +0.3388
 +5.5571	 -7.5613	 -7.4094	 +2.2560	 -1.3962	 +0.8776
+12.0619	 +3.0638	 -4.2760	 -0.7797	 +0.6965	 +2.3088
 +2.1239	 +4.6789	-11.1722	 +0.5955	 +4.6837	 -0.2476
 -2.4227	 +1.4303	 +7.0421	 +0.2941	 +0.0205	 -2.6649
+32.3069	+38.3022	 -0.6564	 -0.7691	 +1.8420	 -1.9310
 -6.1548	 +4.5140	 +7.9917	 +1.9462	 +0.8890	 -2.8675
 +2.9666	 -7.5728	 +8.0732	 +3.6407	 +0.4212	 -1.3404
-12.0384	 +3.2893	-20.7774	 +2.8750	 +0.6774	 +0.3135
 +1.5471	 +9.5779	 -9.4817	 +0.4735	 -1.1540	 -1.1744
 -5.1559	 +2.9117	 +3.5691	 -2.2539	 -1.5646	 -1.1514
 +1.3926	 +9.3916	 +4.1140	 -2.9499	 -0.2215	 -0.1544
 -0.1542	 +1.3559	 -5.7904	 +0.6621	 +0.4059	 -0.5676
 -8.7568	 -5.9561	 -9.6554	 +1.3426	 -1.2530	 -0.2115
 -3.5697	 -6.6741	 +9.7806	 -0.0938	 -0.2835	 -0.2148
+11.0393	 -2.2573	 +0.8023	 -1.8919	 -0.3872	 +2.8537
 -4.7904	 +1.5390	 -1.6315	 -2.4690	 +1.7421	 -0.2128
 -3.4716	 -3.7576	 -5.4595	 +1.8531	 -1.3479	 +2.4272
 +6.2324	 +0.0914	-10.6845	 -0.6552	 +1.5441	 -0.0677
 +0.4484	 +1.5837	 -5.9260	 -0.5155	 +0.2163	 -1.5330
-16.2072	-14.9703	+14.9665	 +1.3333	 +1.3268	 +3.7986
 +1.1768	 +0.1934	 +1.5833	 -0.4377	 +0.8496	 -0.9037
+12.7096	 -7.6441	 -4.6791	 -0.8222	 -2.2881	 +1.0658
 -7.1511	-10.0354	 -6.4674	 -1.9944	 +0.5895	 +2.0835
-15.5682	 +1.2279	 +8.2348	 +2.7672	 +1.0420	 -1.7862
 -0.2662	 -7.7328	 -1.5161	 +3.8334	 -1.0186	 +2.0615
 +6.7661	 -4.6450	 -8.5514	 +3.3386	 -3.1836	 +2.1222
 -5.9331	 +5.6720	 -2.0480	 +0.6796	 +2.8180	 -1.9424
-14.8755	+27.4895	-43.0690	 +0.5549	 +0.3522	 -1.2611
 +8.5827	-12.2051	-51.0333	 -0.0775	 +0.9881	 +0.4107
 +1.7498	 -3.1810	 -5.4663	 +3.5984	 -0.0683	 +1.1204
-16.2375	 +1.2025	 -8.2891	 -2.0938	 -2.6111	 -1.9410
 -0.6779	 +0.5022	 +2.1346	 -2.8664	 +2.9487	 +0.3818
-12.5857	-14.6551	 -6.0394	 +1.0806	 +3.2290	 +0.1391
-19.3250	-71.7142	 -3.0339	 +1.2554	 +0.7548	 -0.6939
 -0.0591	 +1.1722	 +8.1007	 -1.5831	 -3.1625	 +1.6383
 +2.2480	 +5.6288	 -5.7152	 +2.9247	 -3.2848	 +2.2186
+18.8072	 -6.6262	 -3.4377	 -1.2933	 +1.4118	 -4.2814
 -7.1460	+10.1391	-13.7016	 +3.4872	 -0.1048	 +3.0279
 -5.5854	 +3.7025	-19.2782	 +1.8132	 -1.0529	 +0.1119
-11.7463	 -0.8506	 -9.2864	 +1.8986	 +1.5994	 -0.7185
 -4.7707	 +2.5786	 -1.3424	 -4.3149	 +4.0062	 +0.9041
 +1.7855	 -1.4092	 -3.6976	 +3.9252	 +4.6976	 +1.1089
 -3.5355	 +1.2570	 -2.6527	 -4.5857	 -0.9625	 +2.2742
 -7.1594	-22.4872	-14.5891	 -0.6791	 -0.2307	 +2.3691
 -4.0791	 +2.9798	 +1.0212	 +3.3600	 +1.6578	 +2.0329
 +4.5012	+15.8513	 +7.5181	 +0.1860	 -2.7411	 -1.1298
-58.6104	 -4.7894	-10.2440	 +0.2284	 +1.2568	 -1.0729
 -4.0497	 +0.9681	 +0.5834	 +1.4846	 +1.5759	 +2.5717
 -1.3448	 -0.5977	 -8.0639	 +3.5659	 +2.6813	 -1.6479
 +5.8995	 -7.3314	 -3.5996	 +1.4675	 +3.3624	 -0.1619
 +1.7944	 +0.0721	 -6.3616	 +1.4771	 -3.2994	 -1.2496
 -3.7139	 -5.2844	-13.6186	 +3.2907	 +2.1131	 -3.3676
 +0.6933	-11.9032	-25.2639	 +0.5681	 +1.9560	 +1.8972
 -8.7812	 +7.1692	 +0.6692	 -0.4611	 +0.2713	 +5.4799
 -7.1892	 +1.8431	-12.3172	 +4.2225	 -0.0958	 -2.5746
 +9.8609	 +0.7825	 -3.2377	 +2.9149	 -2.4871	 -1.0326
 +2.9813	-29.9493	-20.1072	 -0.6735	 +0.4654	 -1.0883
-10.5592	+19.8389	 -0.8614	 -1.2672	 +0.7966	 +2.3812
 -4.6631	 -0.3785	 -2.4472	 +0.8168	 +2.4751	 +2.4465
 +1.5230	 +2.5530	 +5.5802	 -1.5003	 -4.3695	 +0.3809
 -7.2981	 -8.5101	 +6.7145	 -0.0569	 -2.8617	 +2.2773
 -2.6287	 +7.3104	 -5.0938	 +0.8995	 -3.8249	 -3.1858
 +4.2777	 -1.8986	 +5.9629	 -2.5226	 +2.1686	 -1.9086
 +3.3959	 +1.2556	-11.2457	 -5.0335	 -1.1233	 -0.3077
 -0.6701	 +7.3320	 +3.9922	 +1.5017	 +3.2682	 +2.2967
+34.1541	 +6.6441	 +3.9740	 +1.0466	 -0.0581	 +0.8137
-23.7521	+12.6706	 +0.3531	 +0.7240	 +0.2568	 +1.8316
 -4.3406	 -4.2897	 -8.4180	 +0.4280	 -0.9112	 +1.3697
 +5.3276	-20.4484	-19.1004	 -0.9057	 -2.5709	 -2.0197
 +6.2955	-13.0356	 -3.7397	 -1.0735	 +3.1251	 -2.3847
+10.3704	 +9.4232	 -3.7766	 +0.8710	 -1.3457	 -2.1974
-34.4053	 +7.8797	 -2.6460	 +2.4098	 -0.0964	 +3.3221
 +5.0278	 +3.7210	 -0.2093	 -0.1327	 +3.7830	 -0.4358
 +8.3987	 +7.3240	 +5.5564	 +0.2514	 -2.8990	 +0.2737
 -4.0234	 +6.5473	 -0.6570	 +4.1252	 +0.9877	 +3.1161
-12.5660	-10.5818	 +8.0003	 -0.5381	 -1.9614	 +1.7166
 -9.9592	 -0.9918	 +1.2887	 +0.1673	 -4.2355	 -0.5779
 +0.8656	-12.6973	 -7.7826	 +2.8634	 -2.1457	 -1.7009
 +0.3080	+15.2433	 -2.5933	 +3.7374	 +1.5309	 +1.7289
+16.6419	+12.9267	-15.6571	 +2.7091	 -1.5361	 -0.0477
-18.8894	 -5.9267	+15.3181	 -0.6621	 +2.7919	 +2.4611
+30.8963	 -7.6363	+67.4189	 -0.0567	 -1.8407	 +0.6513
 +9.6471	 +7.0502	 +5.0634	 +1.9031	 -0.6513	 -0.3846
 -0.9775	-13.9349	 -3.8593	 +2.7488	 +0.9468	 -1.9894
 +2.4229	 -0.2299	 +2.7239	 +0.0515	 -1.1586	 -1.6740
-18.7383	+10.7874	-15.9450	 +1.4530	 -1.2993	 +0.6541
 -5.9799	 -4.0949	 -5.3309	 +3.2737	 +2.2929	 +2.2539
+24.0350	 +3.1458	 -3.5793	 +2.3405	 -0.4699	 -2.1081
-10.8340	-17.7505	 -4.2981	 -1.6580	 +1.8752	 +1.6699
-13.4731	+13.3920	-12.9601	 -2.1496	 +2.5218	 -2.5001
 -6.0487	-21.7298	 +8.9382	 -2.6681	 -1.2926	 +1.7923
 -2.4817	 +4.2438	 -1.4505	 -2.2447	 +1.0955	 +2.6181
+10.7811	 +6.5435	 -9.9392	 +3.7254	 -1.4564	 -0.1580
 -0.7407	-20.0566	+14.3142	 +1.5441	 +0.3849	 +0.4003
 +0.4469	 -7.5059	 -5.6354	 +1.7286	 -1.1147	 +2.5012
 +0.8118	 -5.9412	 +1.4144	 -4.7492	 +0.1890	 -3.0057
-10.0625	 -3.3677	 +1.2415	 +0.3370	 -0.6590	 -1.8517
 +0.0727	 -0.4545	 +1.1468	 -3.5765	 -4.7891	 -2.0277
 +4.0648	 -7.2133	-15.2848	 -1.5643	 -1.6197	 +0.5419
+10.3705	 +2.8560	+27.6987	 -0.2279	 -1.8392	 +1.2051
 -3.1930	 -8.1108	 -2.7742	 -3.5628	 -1.8258	 +1.2519
 -1.6855	+12.1012	 +0.2963	 +0.7017	 +1.4795	 +4.3840
 +5.1941	 +2.4867	 -4.8990	 +1.3255	 -0.7182	 -3.1092
-11.5448	 +2.1639	+14.5656	 +2.1230	 +0.0523	 -2.0588
 -4.0845	 -4.1153	 +4.6616	 -3.3682	 -0.0303	 +3.1243
 +3.6081	 -0.7106	 +0.0956	 +0.4629	 -0.6465	 -2.8516
+34.0038	 +8.5945	-19.2891	 -0.5114	 -1.1383	 -0.1154
 -4.9370	+12.0394	-26.4651	 -3.1888	 -0.2741	 -1.5598
 +1.6502	 +1.3387	 +1.3038	 -4.4448	 +0.6528	 -1.2809
 -0.1146	 -4.3962	-10.4187	 +3.9270	 -0.4620	 +0.5147
 -0.7200	 -1.5629	 -2.3290	 -0.1809	 +6.0917	 +1.5704
 -6.4717	 +4.5610	 -1.6265	 -0.6218	 +2.5862	 -3.8150
 +1.5360	+10.1340	 -1.8149	 -0.3674	 -3.4291	 +2.8731
+14.6694	+11.7069	 -1.7855	 -2.8363	 -1.9498	 -1.3767
+25.3133	 -0.3767	 +6.1262	 -1.9392	 +0.8838	 +0.6473
 -0.6509	 +1.3565	-11.0434	 -0.8141	 -1.1586	 -1.6081
-12.6455	 +0.9759	 -1.8772	 -2.7303	 -0.9056	 -2.5741
 +0.0234	 +0.9323	 -4.7068	 +1.7704	 +0.2395	 +0.9059
 -2.2970	+12.4778	 -2.3621	 +1.9778	 -2.6284	 +1.9104
+17.9655	-63.4897	-33.6138	 -0.4195	 +0.8759	 +0.6739
 +1.9171	+10.2757	 +7.8979	 -0.4044	 -3.1201	 +2.6970
 +1.3846	 -3.0877	 -5.0541	 +1.9352	 +0.6909	 -1.7338
 -7.4864	 +3.3152	-11.3354	 +1.5312	 -0.4614	 -0.7479
+11.2378	+18.6310	+29.7063	 -0.9695	 +0.1063	 -0.9063
 +0.3983	 -0.6406	 -0.5299	 +3.2149	 -5.9785	 -0.7776
 +0.2498	 -2.6233	 +5.0334	 -2.5175	 +3.1107	 -2.2681
+16.3455	-19.3665	+22.5102	 -0.6502	 +1.1794	 -1.9812
 +1.6418	 -7.0580	 +0.9313	 -2.4918	 -1.6324	 +1.6195
-72.3367	-58.0807	+27.8640	 +0.5318	 +1.2331	 +0.5300
-13.7722	 -4.2487	-12.6097	 +2.1862	 -0.5148	 +0.3693
+60.7363	+43.2188	+41.8978	 -1.2124	 -1.2484	 -0.3311
 -5.3318	+10.5873	 -7.9271	 -1.5650	 -2.3034	 +2.9685
 +9.9748	 -5.9846	 +0.4386	 -0.4981	 -2.2111	 +0.4607
-109.3288	+51.4229	-21.7389	 -0.5421	 +0.7810	 +0.2644
 +3.9306	 -4.2745	-15.4751	 -3.3490	 -0.0219	 +1.4187
 +6.3528	+11.1169	 +4.3473	 +1.8864	 +0.0943	 -0.5581
 +5.1368	 +0.9135	 -2.9365	 +1.8760	 +0.8695	 -3.9401
 -2.3378	 +1.6204	 -5.2060	 +1.2494	 +3.3923	 -2.3035
 +0.2358	 -3.6719	 +1.3670	 -2.1305	 +0.7530	 -1.8920
 -8.4943	 +7.7058	 -3.4867	 +1.4118	 +4.3926	 -2.0008
 -1.5049	 +0.4243	 +0.1747	 +4.6411	 +3.6406	 +0.1950
 -7.2319	 +3.1919	 -1.2968	 +2.4632	 -4.4569	 +1.2350
 -6.0919	 +9.5562	-12.2516	 -0.6899	 +5.1099	 -0.3546
 +6.0850	+11.2098	-11.6153	 -0.0809	 -0.5326	 +1.2189
 +0.6402	 -0.1951	 +0.5901	 -0.9270	 +2.5457	 -1.0955
 +3.3968	 -3.6918	 -2.8797	 +1.6109	 +2.0481	 -2.9081
 +3.3737	 +2.9353	 -3.5008	 +2.7907	 -1.6393	 +3.8537
-33.1451	+10.6512	+12.4153	 -1.4219	 +1.0721	 +0.5803
 -7.7019	 -4.5191	 +4.2913	 +2.5316	 +4.5344	 +3.0377
 -1.7190	-11.4947	 +8.0697	 -1.3636	 -4.9129	 +2.4090
-15.1896	 -3.9376	 +2.6125	 +1.0101	 -0.9709	 +4.1018
 -1.0494	 +0.9270	 -5.6275	 -1.9480	 +1.7127	 -2.8010
+10.1874	+15.3039	-21.1728	 -1.1075	 +1.1476	 -2.6921
 -0.3828	 +8.3616	 -7.7667	 +3.6499	 -1.1849	 -0.7435
 -9.8917	 +1.8279	-14.3240	 +0.8466	 +0.8675	 -1.4662
 +2.8542	+12.1887	 -1.5806	 +0.5299	 -2.2834	 +1.5685
 +4.0812	 -1.0558	 +4.2985	 +0.6879	 -4.2536	 -1.8698
 -8.0270	 +3.8582	 +6.6272	 -0.7175	 +0.0076	 +0.9529
-14.7408	 -3.0189	+15.9655	 -0.6827	 +1.3144	 -0.8823
-43.4695	+10.0069	 +4.1666	 -2.4380	 +1.5187	 +0.8369
 +0.0104	 +3.2996	 -1.9450	 -0.7102	 +0.8556	 +0.9660
-26.3953	 +9.2994	 +8.9624	 -1.1735	 +4.6517	 +0.2659
 -9.4272	-11.2422	 +7.1585	 +0.7212	 +0.6479	 -0.7047
 -3.8783	 -0.5133	 -2.6376	 -4.5474	 -3.3237	 -2.7081
 -4.7728	 -0.5976	 +2.8419	 +0.1585	 -1.2983	 +1.2426
-15.7294	-51.3021	+32.0979	 +1.8894	 +0.0123	 +0.8769
 -2.7066	 +9.4154	 +0.9792	 -1.9867	 -0.8555	 -1.5136
 -1.6397	 +0.6817	 -7.3621	 +4.6104	 -0.1983	 +1.0601
 +1.9823	+16.2707	+14.4048	 -1.8348	 +0.3321	 +2.0916
 +5.0992	+14.5070	+16.5523	 +0.4419	 +1.9294	 +0.8351
 -0.5018	 +6.0476	 -4.5208	 -0.5541	 +1.9150	 -3.4878
 -5.1183	 +6.7160	 -1.1208	 +1.2220	 +1.5875	 -0.9106
 -2.0892	 -2.2505	 -6.3626	 -1.6450	 -0.7232	 +3.4391
 -2.8701	 +3.0737	 -2.1827	 -0.2206	 +1.2080	 -1.2523
+10.5346	-11.7341	 +2.7160	 +1.1473	 -2.9682	 -0.7251
 -2.1622	 -0.1538	 -1.0900	 +0.5170	 +3.1281	 -3.9245
 -2.7832	+22.1317	 -0.2324	 +1.8036	 -0.1512	 +2.7117
 -6.3891	 -4.5309	 +1.1803	 -0.9383	 -3.5125	 +1.4819
 -5.6234	 +2.8480	 -0.7875	 +0.3800	 -0.6118	 +1.8114
+19.2459	+14.3893	 -2.9750	 +0.5825	 -2.0785	 +0.3132
-11.9811	 -2.0989	-11.4680	 +2.3053	 +0.2293	 -0.8748
 -1.9719	 -1.4727	+12.4738	 -1.2482	 -1.3092	 -2.7877
 +2.5666	 +1.7047	 -0.5282	 +0.7072	 +0.4305	 +2.1934
 +9.9381	 +8.9447	 +4.9365	 -2.0614	 +3.3587	 -0.0527
 +2.2154	 +3.5103	 +1.7458	 +5.6071	 -3.3569	 +0.6141
 -4.9497	+10.5633	 -5.3147	 +2.5031	 -1.8391	 -0.8937
 +4.7144	+15.0972	-17.5122	 -0.2902	 +1.4549	 +1.2846
+11.1824	 +0.0188	 -5.5861	 +1.0285	 -3.6366	 +0.3605
-11.1037	 +1.1002	 -2.0300	 +1.0399	 +2.3265	 -0.4191
 +0.1378	 +6.2540	 -8.1633	 -0.6540	 -2.8556	 +0.9490
-12.5447	 +3.7437	 +9.5416	 -2.5213	 -0.1790	 +1.9653
 +8.1412	 -9.3924	+35.9788	 -1.0328	 +0.8021	 +2.0460
 -2.9868	 -7.8048	 -1.9712	 -0.3100	 -2.2169	 -3.1682
-16.2454	 +6.0053	 +0.7845	 +0.1234	 +3.7052	 -0.0480
 +3.4454	 +0.7697	 -1.8684	 +1.4278	 +0.4749	 +0.3139
+17.5157	 -9.4968	 +8.7096	 -0.1370	 +0.6422	 -0.7170
 -1.4770	 -6.1418	 -0.6072	 +3.2435	 -1.9411	 -0.5686
 +0.0289	 -3.4019	-11.0879	 +0.7468	 +5.9915	 -1.8145
 -3.1760	 -2.9828	-11.9055	 -3.1414	 -2.1499	 +1.4687
-23.1666	 +5.5075	-40.3418	 +1.0480	 -1.1011	 -1.1544
+15.0290	+16.8766	+29.6261	 -1.0585	 -0.8754	 +0.7881
 +5.0053	 -2.3495	 -1.3207	 -0.1303	 +0.7685	 +0.9058
 +2.2455	 +7.4914	 +1.9779	 -2.0629	 -1.5504	 -2.2498
 -5.6953	 +8.1651	+23.9809	 -1.1975	 +0.7483	 -2.6940
 -8.8590	 -3.9680	-10.5968	 +2.3230	 -1.8010	 +0.2351
 +0.0460	 +2.4748	 +1.0943	 -5.1374	 -0.8028	 +0.2514
 -8.6307	+15.0463	+13.0468	 -1.6555	 +1.1410	 -0.0414
 +3.8307	 -8.5745	-11.2337	 +0.4191	 +1.1895	 -1.7728
 -4.7793	 -3.8857	 +5.9974	 +1.8917	 -4.8503	 +0.4652
 -1.6197	 -3.4871	 -4.7565	 -2.7856	 -2.2500	 -0.3840
 -4.2656	 +4.2101	-11.8295	 +3.2602	 -1.0856	 +0.2590
-19.0258	 -0.0665	-16.8637	 +2.5970	 +2.3187	 +1.0619
-12.7275	 -6.7662	 -1.8679	 +1.0174	 +0.4391	 +3.2088
 +4.5715	 -1.3130	 -3.7406	 +0.7092	 -0.5804	 -2.3236
 -5.3148	 -3.4066	 -1.9983	 -0.0245	 +2.0699	 -3.4674
 -2.8813	 +4.9911	 +2.8173	 +0.9949	 -4.3677	 -1.3629
 -1.5502	 +3.0620	 +0.6413	 +1.3611	 +1.3272	 -3.1832
+22.1909	-14.8917	 +4.1503	 +1.4184	 -0.2155	 +1.1636
-14.8078	+19.0270	 -7.5170	 -1.1447	 -0.1848	 -1.0132
-11.0207	 +4.1943	 +1.8137	 -1.5987	 -1.2596	 -2.0562
 +0.6969	 +5.1967	 -7.8158	 -1.1545	 -2.8641	 -3.5037
-13.5288	-11.2200	+10.3309	 -1.3335	 +1.3423	 -0.0846
 +7.7139	+10.7531	-20.6927	 +2.7267	 -0.8286	 +1.9252
 -4.3349	 -5.1941	 -0.8353	 +6.4446	 +1.9941	 -0.7429
+20.2960	-12.0904	-25.2977	 +0.1905	 -0.1685	 +1.9207
 +1.4838	 -1.7447	 -4.0616	 -4.6234	 -5.6402	 +0.6055
 -6.6936	 +0.6067	 -4.0207	 -0.8746	 -2.2814	 +3.3179
 -1.1530	 -0.5352	 -0.9605	 +0.9672	 -1.8824	 -2.9520
+23.2944	 +5.9582	 -0.0004	 +0.1939	 +1.8532	 -0.2106
 +6.1929	-12.2848	 -6.3415	 -3.5151	 +0.1156	 -4.0867
 -3.3257	 -6.2491	 +0.9947	 -4.0988	 +0.6817	 -5.3536
+21.1173	 -6.8685	 -6.4508	 +1.1983	 +0.8319	 +0.1602
-19.4279	 -3.2551	 -4.7534	 -1.0308	 -2.0124	 -0.3470
 -6.3040	 +6.8517	 +5.4695	 +2.5290	 +1.3730	 -1.2014
 -9.0103	 -3.4016	-10.3575	 +1.8294	 +2.1191	 -0.9955
-15.3213	 -3.1812	 -1.1045	 +0.7772	 -0.2695	 +0.9224
-17.6616	 -3.3722	 -9.1727	 -1.2827	 +1.5850	 -2.9107
-25.0389	 -7.9176	 -5.4463	 -3.3368	 +2.5531	 +0.8085
 +1.0912	 -0.8797	 +5.1785	 -3.4281	 +2.4407	 -3.4842
 -0.8837	 -0.5533	 -2.5095	 -1.1384	 -4.2311	 +2.1796
 -3.3614	+17.6057	 -0.0500	 -0.9713	 +2.0175	 -2.5919
 +3.1007	+12.0493	 +3.0919	 +1.3913	 -3.4361	 +0.4450
-12.6473	+14.1989	-48.7883	 +0.1039	 +0.0416	 -0.2461
+10.5118	 +6.7746	 -1.8877	 +1.9908	 +2.9157	 -0.3894
+13.4141	 +7.1507	-12.9674	 +2.2331	 -1.4511	 -2.3167
-13.5204	 -3.0961	 -0.5013	 +2.0024	 -0.0021	 +3.1703
 -7.0525	+16.4294	-19.9958	 +0.9025	 +2.6683	 +2.6008
 -0.4541	-12.8696	 -4.2969	 -1.1040	 +2.7891	 -1.6108
 -4.8022	 -3.1333	 +1.0924	 -0.2340	 -3.3677	 -1.4853
 -0.6455	 -1.8797	 -7.1264	 -6.1168	 -0.1438	 +0.4436
 +1.8827	 +0.6113	 +2.3183	 -3.1854	 +0.1435	 +1.4587
 -9.5754	-12.7835	 -1.1386	 -0.0453	 -1.8448	 -0.1749
 -0.7999	+25.0126	 -1.3445	 +2.8496	 -0.0803	 -2.7232
 -0.0947	 +2.5062	 -4.3226	 -0.6723	 -0.3577	 +0.8442
+10.4607	+10.8672	 +6.9286	 +0.5604	 +1.9874	 -1.4149
 -5.0367	 -9.5584	 -3.6847	 +1.7026	 +2.3498	 +3.5673
 +2.5041	-10.1394	+17.9391	 -1.5268	 +0.7916	 +0.3189
 -3.1675	 -0.8918	 -9.4434	 +1.8414	 +0.7920	 -1.8117
 +4.0094	 +2.2026	 -8.6864	 +1.4166	 +1.0308	 +0.6267
 +5.3877	 +3.9961	 -0.3769	 -3.0890	 +0.4418	 -0.3908
 -2.6911	-17.7720	 +6.5983	 -2.4560	 +1.5528	 +0.4409
 -3.5899	 +5.3558	 -4.5790	 -1.5597	 +0.2726	 -0.3765
 +1.5273	 -0.0319	 -4.1939	 -1.5840	 -1.1583	 -0.9911
 -5.6546	 +1.5083	 -2.8351	 -0.9516	 +0.9769	 -3.2984
 -0.9266	 +7.0995	 +0.7788	 -0.2797	 -0.7289	 +0.5080
 -3.8308	 +2.0778	 -0.8413	 -2.7461	 -2.6415	 +2.2000
+10.0784	 -2.5138	 +4.8335	 +1.2443	 +0.1411	 -1.4078
-13.0807	+21.0002	 -7.5569	 +0.8969	 -2.2028	 +0.8756
 -5.0503	 -9.8789	-15.9396	 -0.4031	 +2.6939	 +0.9997
 +6.3523	 +0.1496	 -3.7756	 -0.3611	 -4.3369	 -0.7815
 -3.5291	 -1.2231	 -0.6114	 -2.6266	 -0.8883	 -0.7067
 -2.8960	 +5.5653	 -9.8892	 +0.1916	 -2.6584	 +0.5191
-18.9359	 +2.1127	+15.8238	 -1.2577	 +0.1665	 -3.9265
 -1.9130	 +6.4427	 +3.9209	 -2.8397	 +1.0700	 +6.2326
 -0.2899	 -2.7738	 +1.3005	 +0.5479	 -0.7270	 -0.6655
 +1.7064	 +2.2045	 -2.2378	 +0.7943	 +1.0200	 -0.8300
 +0.9251	 +8.5781	 -2.3493	 +3.6263	 +2.1484	 +0.8351
 -0.2847	 -4.5208	 +2.4735	 -2.0087	 -1.2188	 -4.9384
+21.1745	 -6.2438	 +5.5549	 -2.5461	 -1.6364	 -3.1154
 -0.1310	 +0.7694	 +2.0018	 +0.9953	 +3.6246	 +0.8514
 -2.0546	-34.5611	+58.0415	 -0.3753	 -1.1762	 +0.5135
 +0.4248	 -5.1414	 +0.4328	 -0.2965	 -3.7699	 -0.4089
+38.1576	+35.5618	-30.4953	 -1.7407	 -1.1946	 +0.5727
 +2.0157	 +4.3554	 -3.6955	 -0.5187	 -2.8789	 +3.2431
 -1.4198	 +1.0939	 +1.5088	 -0.7492	 -3.4873	 -2.8502
+52.0226	 +1.6382	-44.9708	 -0.2884	 -0.1704	 +1.4922
-14.0312	-32.1365	+26.8326	 +2.5574	 -2.0198	 +1.6035
+104.1630	+58.8686	+15.6241	 +0.0526	 -0.7913	 -1.6072
 +0.1410	+31.0567	 +4.4659	 +2.8194	 -0.9289	 +0.6368
+23.3058	+66.8898	-34.0180	 +1.1701	 -0.3614	 +0.0101
 -8.9416	 -9.9014	 +1.9903	 +0.1684	 +0.5109	 +2.1328
-10.6559	+17.9104	 -3.3696	 -2.9068	 -1.1849	 +1.1314
 -7.8190	 +1.7172	 -7.9063	 -5.4640	 -0.5477	 +4.8744
+11.3730	+28.2626	-48.7745	 +0.7283	 +2.6868	 +0.1907
 +6.8301	-12.4988	+42.7108	 +1.4941	 +0.9355	 -0.9809
+23.3803	 +6.5344	 +2.4130	 -2.2727	 +1.5137	 +0.8833
 -3.8107	 -2.9373	 -7.5894	 +2.4516	 -3.8218	 -1.3848
 +3.3391	 -7.6453	 -5.4437	 -5.0601	 +1.9034	 +1.2222
 +7.4920	 -4.6503	 -0.4652	 +2.3830	 -0.9112	 -3.4027
 -0.2902	 -3.2038	 -5.1066	 -3.0623	 -1.7803	 +4.8940
-11.7486	 -9.7767	 -6.5841	 -0.4529	 +1.5206	 +0.7432
 -4.4383	 -3.5144	 -3.0889	 +3.3312	 +2.5399	 +0.3941
 +0.9629	+24.2345	 +7.3374	 -1.2177	 -1.9145	 +0.8207
 +3.6914	 +4.7374	-15.6108	 +0.2142	 +3.4318	 -0.2078
 +8.6972	+15.2671	-25.9051	 -1.5681	 +0.1963	 -0.1244
 -4.0911	 +7.7803	 -1.6222	 -2.0967	 +4.8626	 -0.5380
+18.3503	-21.5059	-11.2037	 -1.0801	 +0.7739	 -1.0144
 -4.3934	 +1.8919	 +3.1527	 -1.0959	 +1.4108	 +0.2322
 -2.4147	 +4.0366	 -0.9121	 +1.0732	 +1.6668	 -3.2093
+12.6926	-18.9517	 +0.2894	 -0.8015	 +0.7573	 -0.4137
 +2.0400	 +3.7010	-15.0975	 +0.3722	 -2.4676	 +2.5229
 -2.8374	 -6.1487	 -0.7624	 -3.1250	 -0.5839	 +6.1819
 -0.8632	 +6.0230	 +2.7915	 +1.3018	 -0.6060	 -4.9602
 +1.8857	 -2.1973	 +6.5015	 +0.4955	 +0.8123	 -3.1168
-23.3544	+23.5546	 +8.1459	 -0.1268	 +1.8877	 +0.8908
 -4.3911	-11.1642	 +2.3987	 -3.1496	 -2.1678	 -1.2954
-12.6862	 +5.8197	 +0.2884	 -3.7281	 -2.4739	 -0.8466
+11.9577	+10.6835	 +5.9982	 +4.1554	 -0.2922	 +1.3607
-11.5023	 +4.6686	 -4.8708	 -3.2038	 -0.3600	 +1.5515
 +3.2188	 +0.7326	+11.8217	 +1.3931	 -1.4236	 -1.6022
-14.9197	+66.0767	+21.0897	 +0.7278	 +0.2938	 +1.2584
+19.7359	 -6.5910	 +5.8530	 +1.6867	 +1.0138	 -0.7538
 +3.9195	 -8.7902	 +6.4631	 +1.7472	 -3.3006	 +0.9570
-12.7831	-33.7549	+25.8213	 -0.8885	 +0.4601	 +1.1297
-40.8791	+34.8730	+25.6629	 +1.2186	 -0.1906	 -0.6182
 +0.0081	 +2.8379	 +2.1797	 +1.6584	 -3.0633	 -1.6936
 -4.8523	-17.6307	 -6.1490	 +3.3856	 -0.6242	 +1.6885
 +9.5779	 +8.7965	 +2.0778	 -3.6593	 +2.1876	 +2.2263
 -6.2173	 +0.6630	 -3.8613	 +1.7690	 -6.2713	 +3.3500
 +3.3584	 -2.0203	 +3.5005	 +5.6422	 -0.7887	 +0.7132
 +7.7464	+12.6573	 +6.6536	 +3.2520	 -0.2863	 +1.5596
 +4.2728	-32.7100	+110.5114	 -0.2986	 -1.4604	 +0.5625
-23.8345	+11.4022	 -3.3595	 +0.2142	 -2.9224	 +0.2936
 +5.0067	-13.6367	-18.1901	 +2.5053	 +0.7743	 -1.3977
 -3.7911	 +0.1888	 +3.1977	 -2.2835	 -3.6772	 +0.6992
+12.2388	 +1.6171	-12.0162	 -3.4125	 -2.3197	 +1.4727
 -5.6547	 -6.5796	-19.7728	 -0.5616	 +0.0856	 +2.2168
 -0.2591	 -7.1148	 +4.2661	 +3.4241	 -1.2128	 -3.5954
+25.5163	-25.4065	+39.2485	 -1.3199	 +1.1145	 -0.3366
-10.6606	-16.0839	 -7.7893	 +2.5363	 +0.2997	 -3.5353
 -1.5794	 -7.3674	 +1.4569	 +0.8370	 -4.3157	 -1.3427
 +5.3918	 +2.5461	 -2.5407	 +1.4068	 +4.6957	 -2.6057
-15.5921	 +6.2430	+15.1005	 -1.8187	 +1.8545	 -1.2293
 +9.2458	 -6.9458	 -2.1579	 +1.5146	 +4.2631	 +2.0572
+13.8973	 +5.0932	 +6.2927	 +1.0440	 -3.4304	 -2.3882
+13.8804	 +1.3204	 +4.0021	 -3.5036	 -0.4404	 -1.4788
 -0.1217	 -1.5297	+22.5776	 -0.3292	 +2.9751	 +0.6357
 +3.6506	 -8.3620	-13.1870	 -0.2730	 -5.2458	 +1.5491
 -1.7808	 +1.7152	 +4.8802	 +3.1601	 -2.7667	 +0.8837
 -3.9377	 -0.0959	 +4.3625	 -2.3108	 -1.2372	 +1.7818
-14.9301	 -4.1081	-10.4138	 -0.5027	 +0.8429	 -0.4090
-13.2081	 +3.3219	 +0.1777	 +1.5600	 +1.2245	 +0.7354
 +1.8441	 +7.9804	 -8.5461	 +0.0844	 +0.7569	 +2.3343
-19.2110	 +1.9554	 +9.0408	 +4.4296	 +0.4806	 +1.8535
 -2.9655	-10.6866	 +1.5351	 +1.2032	 +0.3360	 +2.8828
 -6.6526	 -2.0131	 -3.9710	 +0.6530	 -0.4355	 +0.6540
-11.8775	-11.6668	 +0.3683	 +0.7215	 +2.5795	 +0.7074
 -1.8993	 +8.2326	 +4.7087	 +1.8681	 -1.7960	 -0.3064
+27.5278	+22.7461	 -5.2333	 -0.7910	 +0.9294	 -0.2531
 -6.1501	 -9.3503	 -0.2364	 +1.7185	 -0.4172	 +0.6973
+25.4594	 +2.3801	 +6.3886	 -0.8230	 +2.2767	 -0.7673
 -3.2421	 -4.2607	 -6.1376	 -3.5578	 +0.3952	 -3.1083
 -5.2876	 +3.1786	 -8.6586	 -0.2277	 +1.5446	 -1.2015
 -4.0658	 +4.1963	-12.2022	 +4.2952	 -4.1026	 +0.1107
 +1.8134	 -3.4884	 +2.0004	 +0.1597	 -4.0205	 -2.0522
 -6.6666	-22.9367	 +5.7413	 -0.0084	 -3.4340	 -1.6051
-12.1458	 +9.6306	 +6.0131	 +1.5122	 +0.4323	 -3.0427
 -3.0920	 -4.1546	 -3.6900	 +1.3805	 +5.4948	 +2.5155
-15.6491	 -9.7234	+16.4494	 -3.2303	 -0.6094	 +0.9907
 -7.0682	 +0.1005	 +2.3315	 -5.9739	 +1.1818	 -0.2482
-16.7223	 -6.2886	 -6.7417	 -1.9641	 -2.7070	 +1.1732
 -0.2716	+24.6212	-12.5774	 +1.6896	 -2.1979	 +2.1574
-13.7116	+11.5970	 -3.8937	 +0.0472	 +2.8485	 +1.4044
 +5.0056	 -7.3548	 +5.6032	 -4.0146	 +1.4217	 -0.1387
+13.7020	-24.1110	 +1.7823	 -1.0496	 +1.3063	 +1.6169
+11.5397	 +2.3807	 +1.2126	 -1.2735	 +2.9012	 -1.1730
 +6.8867	+37.3098	-14.9448	 -0.0945	 +1.6707	 +2.2200
 +3.4977	 -3.4104	 +4.9331	 +0.3422	 +0.6069	 +2.7997
 -0.9658	 +8.5823	 -1.1549	 -3.4478	 +0.1312	 +0.2754
 -3.6377	 -0.4101	 -4.4670	 -1.1133	 -3.7268	 -1.0098
+86.9324	-29.1088	+52.1966	 +0.1436	 -0.9287	 -1.3669
 +0.5168	+11.9111	-13.7082	 -2.4581	 -1.9354	 -1.5651
 -1.5366	 -0.8833	 -8.6769	 +2.3633	 -3.5818	 -1.6240
 -2.0466	 -0.1260	 +7.6157	 +1.9829	 +1.0013	 -0.0098
 +2.7270	 +5.0322	-14.2935	 -0.9260	 +2.3029	 -0.8646
 -7.1673	 -0.7840	 +3.2925	 +2.9627	 +3.4177	 -3.6578
 +1.0136	 -0.4188	 +2.9434	 +1.6401	 +1.9435	 +2.8357
 +4.8112	 -5.7831	-10.4375	 -1.5183	 -3.0029	 -0.8079
 -7.4148	 +0.9947	+19.2890	 +2.2434	 -1.0835	 +2.3556
 +3.4658	 -6.6480	 +8.0183	 -3.4413	 +2.8732	 +2.1518
 +4.1541	+14.6178	+23.9961	 +0.6030	 +0.8957	 +3.7878
+10.3372	 +5.2878	+14.3181	 +0.8000	 +0.8282	 +2.2499
 +7.2630	 +0.7101	 -2.3785	 -1.9429	 +1.4042	 +0.1115
 -4.0684	 -8.7631	+21.7692	 +1.3762	 +1.1328	 -0.8672
 -8.7329	 -0.3448	+16.4401	 -1.6629	 -2.1850	 -2.0863
-20.5589	 +1.1980	 -7.1075	 +1.3835	 +1.0130	 +3.7581
 +4.7226	 +3.4144	 +3.2216	 -3.1953	 -2.6006	 -1.5325
-41.8975	+21.5279	 -0.3016	 -2.9783	 +1.4093	 -1.0392
 -3.1190	 -2.0431	 -3.1299	 +0.1755	 -7.1615	 +0.2663
-13.5136	 +1.3951	 -0.9775	 +2.3301	 +2.7894	 +2.2528
+18.7419	 +6.7417	 +8.1735	 -1.3074	 -0.9790	 -1.7391
 -4.6813	 +5.8908	+11.7153	 +2.0193	 -0.2714	 +1.6289
 +4.7470	-20.0078	 +4.2418	 -0.5536	 -0.5158	 +0.8550
 -5.5719	-12.6882	 -1.5549	 -2.2119	 +2.2718	 -1.6002
 -0.5844	+12.4448	 +5.0200	 +0.8064	 -0.0473	 +1.1341
-92.3518	-169.9785	+26.1021	 +1.0937	 +0.0019	 -0.0975
 +6.3692	 +3.9806	 +2.4134	 -1.0186	 -0.1819	 -0.2460
 -1.6775	 -7.1454	 -2.7844	 -3.8348	 +0.0465	 +2.8658
 +0.9893	 -2.8170	 -2.0294	 +4.0145	 +3.0694	 +1.6404
 -8.5357	 -1.5700	 +7.0263	 +1.7807	 -2.9355	 +4.5793
-10.9643	 -1.7604	 -2.6844	 -2.1950	 +0.1404	 +5.3808
 +0.2904	 +1.8965	 -6.8216	 +1.0902	 -3.0662	 -0.2594
 +2.1848	 -5.5120	-11.9276	 -1.9849	 -0.1001	 -1.0932
-14.7024	-10.4483	+22.7249	 +1.6374	 -3.0906	 -1.0868
 +3.6078	 +1.5105	 +1.0656	 -2.9865	 +4.3116	 +1.4737
 +2.8802	 +2.9889	 -3.8664	 -1.1930	 -1.5600	 -2.4647
 +2.2913	 -7.9132	 +2.9290	 -2.6382	 +3.4780	 +2.6936
 -0.0291	 +1.0864	 +0.3883	 -1.6028	 +5.2197	 +4.5459
 -2.7469	 -3.6103	 -1.8240	 +5.8899	 -1.5430	 +0.0194
 -3.6191	 +4.9495	 +7.3149	 -2.7755	 +1.0132	 +1.2752
 -3.0685	+20.6900	 -6.6878	 -0.7792	 +2.7322	 +2.6045
 +9.6507	 +2.3329	 -6.0776	 +0.6750	 -1.8426	 +1.5583
 -3.8058	 -1.5181	-12.5134	 +0.9181	 +1.0132	 -2.0990
 +0.3473	+28.6138	-30.9531	 +0.2011	 -1.0378	 +2.3972
 -0.7712	-19.5663	+40.7375	 +0.4418	 +0.5521	 -1.7686
+17.7981	-21.1209	 -8.0562	 -0.5647	 +3.0765	 -1.2921
 +1.1472	 +3.4025	+16.1248	 -1.6411	 -1.2107	 -1.7293
 +1.3153	 +0.9838	 +4.3639	 -2.6633	 -2.3086	 -4.3488
-12.5426	+14.6208	 +0.2874	 -2.4117	 -0.0939	 +1.1601
 +4.5065	 -6.3686	+29.4829	 -1.5284	 +1.2593	 -1.0344
-46.8336	+20.5744	-75.7231	 +1.0028	 +1.8914	 -0.0127
 +7.7461	 -1.8142	 -1.3626	 -1.1488	 +3.2089	 -0.2131
+13.2922	-17.1489	 -4.7713	 -0.6729	 +1.4639	 +0.7721
 -3.2387	+15.6872	-13.5341	 -0.2758	 +1.1807	 -0.9299
-27.6822	 -2.4529	 -7.3899	 -0.1956	 +1.1134	 -0.0034
 +0.3600	 +4.1428	 +0.8747	 -0.8364	 +2.8348	 +2.7445
 -3.2302	 +6.2687	 +4.2988	 +1.7078	 -0.2904	 -2.8920
 -4.1122	-26.3511	-16.2610	 +0.7553	 +2.9147	 -1.3489
 -2.3505	+11.1128	 +1.4232	 +2.5728	 +2.5123	 +0.5973
 -5.5712	 +3.2874	 -1.4266	 +0.5992	 -3.0800	 +2.2059
 -1.4719	 -2.4765	 +8.9817	 -2.6112	 +0.7174	 +0.9488
+19.8682	+15.8018	-33.5997	 -1.0900	 -0.9737	 +0.4052
+29.4613	+40.6420	+68.8341	 -1.0415	 -0.5654	 +1.0908
 -4.8717	 +2.6760	-23.1464	 -1.7236	 -2.6206	 -0.6088
 +1.0333	 -8.5929	+14.6046	 +2.9716	 +0.4443	 +2.6009
 +1.0057	 +1.7841	 +2.5057	 -1.0544	 -0.4890	 -0.3463
 +2.7056	+17.1501	 +6.9894	 +1.6940	 -1.0117	 -0.0920
+68.3477	+28.4770	+34.6285	 -0.6343	 +0.1884	 +0.6699
 +1.7409	 -3.6175	 -1.8696	 -2.0203	 +2.7741	 -4.5648
 -1.2277	 +7.9272	 +2.8817	 -0.8650	 -2.8532	 +2.7055
-15.2670	 -8.0497	 +2.0714	 -0.4147	 +1.2100	 -3.3252
 +2.4397	 -2.8830	 -0.8830	 -1.9195	 +2.1297	 +4.1461
-41.4252	+10.4257	+10.1935	 +0.9805	 -1.1221	 +1.8456
 -1.8859	 +3.9903	 -8.2825	 -0.7738	 +4.5530	 -2.3343
 +1.2445	 +5.9856	 -4.8328	 +1.2024	 +3.6124	 -3.8171
 -2.3833	 -8.5431	 -1.7444	 +3.8142	 +3.7685	 +0.8158
 -9.3517	 -0.1146	+29.4074	 +1.8415	 -0.1951	 -0.6464
 -7.2991	 -2.3366	 +8.0362	 -0.9718	 -4.7836	 -1.4108
-10.6002	 +7.8087	 -0.6140	 +1.5619	 -4.9169	 -1.0817
 +8.4889	 -3.6013	 +4.7173	 +0.7000	 -0.9031	 +0.9819
 +6.5651	 -5.3831	 +8.5005	 -3.9632	 -3.3832	 -2.3014
 -0.3958	-12.2958	 +7.9829	 -0.2048	 +1.2770	 -0.4749
 +4.1249	 +6.3243	-25.5707	 -1.7188	 +4.0845	 -0.9156
 -3.3332	 +3.5627	 -9.6618	 -1.3833	 -3.2062	 +2.5339
 -0.0176	 +3.5422	 +1.3317	 -4.4504	 +1.1616	 +4.6133
 -0.8399	 +0.0850	 +4.9432	 +0.7900	 +0.6012	 -1.7482
 -4.8386	-20.9404	-10.5852	 +0.6083	 -0.0029	 +3.0331
 -8.4460	-11.1797	-15.9402	 +3.1775	 -0.9453	 +1.1245
 -3.7122	 +4.1623	 +0.1917	 -1.1640	 -0.1749	 +0.3491
 -4.0529	 -9.2358	 +8.5584	 -0.4793	 +1.0195	 -3.1010
+17.1243	+13.5311	-12.5000	 -0.4774	 -1.2126	 -2.3284
 -6.2290	 -6.2663	 -4.6642	 +2.6676	 +0.3250	 +0.3627
 +2.3930	 +3.0021	 +3.5038	 -2.5425	 +4.5997	 -0.7927
 -2.0655	 +2.9353	 +2.8988	 -0.6670	 +3.5582	 -2.2606
 -2.8424	+11.9011	-25.9992	 -3.5374	 -1.8861	 +0.2760
 -5.8055	 -3.6965	 +1.7962	 -0.0467	 +2.2244	 -1.3366
+19.5798	 +8.1918	 +3.7833	 +3.2991	 +1.1627	 +0.7146
 +2.7946	 +8.6352	 -1.7768	 +0.8631	 -1.3218	 +3.7822
 +4.0240	 +0.3065	 +4.1574	 -1.1618	 -4.9161	 +0.0358
-14.6436	+19.2073	+11.4759	 +0.0157	 +0.7645	 +0.0874
 -1.8497	 -1.9742	 -3.7636	 +0.6989	 -0.9079	 -0.0344
-15.9210	 +6.7192	 +6.1309	 -1.2335	 +1.0409	 -3.8140
 -5.2526	 +5.9009	 -2.2583	 +1.0877	 -2.2569	 -1.3516
 -3.9828	 -1.7395	-10.4098	 -2.1313	 +0.8589	 -0.3918
 +4.8371	 +4.7159	 -8.6155	 +0.9050	 +0.5223	 -2.0750
+22.5941	+11.6866	 -0.6191	 -0.0804	 -3.2075	 -0.2376
-84.1389	+42.9377	+24.7337	 +0.1261	 +0.0985	 +0.6081
 -9.4947	 -1.0355	 +5.8959	 +3.2754	 +4.0100	 +2.1154
 -7.4184	 -1.7257	 -1.5489	 +0.1770	 +2.6762	 -1.8488
 -3.3552	 +6.5767	 -4.8108	 -3.8387	 +2.3234	 +1.9893
 -8.8284	 -4.1885	 +0.3424	 +1.6598	 -1.0307	 +1.6829
-19.9865	+11.4280	 +5.1450	 +0.3203	 -1.5600	 -2.0537
 -8.2669	+13.6956	-30.9892	 +0.8371	 +1.6994	 -1.9893
-16.8331	-19.3919	 -3.0911	 +0.1999	 -1.4917	 +3.0025
 -1.9101	 +2.9606	 -2.9817	 +1.5306	 +4.2312	 +2.4852
 +1.6720	+12.7098	 -9.2819	 +0.7252	 +0.7800	 -3.0802
 -1.0296	 +0.7163	 -9.1458	 +1.7554	 +0.5120	 +0.3490
 +5.0518	 -2.1528	 -3.4914	 -3.0053	 +0.1704	 -0.7901
 -7.8142	 -3.1430	-15.1670	 -3.0598	 +1.0992	 -1.5208
 -6.2324	 +1.9589	 -2.3836	 +3.0942	 +4.2105	 -4.2810
 +3.6843	 +1.5695	 +4.9978	 -0.2575	 +0.3014	 +0.1092
+30.4148	+20.5457	 +6.9364	 -1.4504	 -1.8606	 +1.8082
 +9.3127	 +2.8031	-17.5030	 +2.9317	 -3.0960	 -0.2866
 -6.3489	 -3.6479	 +5.3629	 -0.8024	 -3.1159	 -3.1040
 -3.8162	 +1.3884	 +0.0123	 +3.5862	 -4.7802	 -2.7240
+22.6852	 +1.6935	 +1.0242	 +0.8922	 -0.5414	 -0.3836
 -0.9138	 +2.1865	 +9.9896	 +3.8866	 -1.2058	 -1.9264
 +5.7846	-14.2492	 -3.4215	 -1.6491	 -1.6623	 -0.9433
 +6.1475	-13.9884	 +3.7800	 -2.1936	 -2.9903	 -0.6433
 -0.0410	 +4.9827	 +1.6725	 +0.3737	 +2.9232	 -4.3734
+13.1860	 -7.6078	 -0.6353	 +0.7482	 +2.2715	 -1.8220
+19.1436	 +4.6443	 -9.3753	 +0.5646	 -3.7597	 +0.4851
-34.9000	-18.2338	+15.7334	 -0.2600	 +0.1430	 -3.0443
 -0.4427	 -8.5527	+12.5785	 +1.8771	 -0.4356	 +1.2656
 +1.9395	+11.7410	+14.5194	 +1.2033	 -0.9563	 -2.8593
 -9.1133	 -9.3465	 -3.4030	 +1.7719	 +4.4182	 -2.7380
 +6.4303	-11.7325	 +1.6910	 +3.3002	 +1.7093	 +1.8771
-11.2267	 -5.3677	 -8.9942	 -2.3188	 -1.8883	 +0.8830
-40.7936	+25.9909	+37.3413	 -0.0757	 +0.5654	 +0.3113
 +7.5030	 +2.1920	 +4.8486	 +5.4611	 -0.5117	 -0.3982
 +2.1180	 -0.1598	 -4.4909	 -1.9339	 -2.5945	 +2.7234
 +3.2669	 +9.6359	 -6.4231	 -1.5691	 +3.2907	 +3.1634
 -4.1367	 +4.3961	 +3.1460	 -2.5065	 -1.5874	 +4.2986
 -4.4688	 +0.4850	 -3.1293	 -0.6014	 +6.1267	 +4.3358
+43.5769	 +5.7982	-16.6010	 -0.6749	 -0.7317	 +0.2755
 -0.0043	 -2.6644	 +0.7164	 +1.7716	 +4.1591	 -1.0622
 +9.0570	 +3.5415	 +5.4588	 -0.3423	 +2.2604	 +2.9057
 +6.6763	+12.7861	 +3.2351	 -0.6406	 -3.1203	 +2.0905
 -3.1919	-15.6308	-33.8200	 +1.0252	 -0.7750	 +0.9145
 -4.6343	 +0.4659	 -8.4129	 -1.1622	 +2.6743	 -1.7421
 +3.8680	 +1.1724	 +7.0816	 +0.3623	 -1.2066	 -2.7249
-102.4157	-32.5327	+85.0494	 +1.3953	 +0.1679	 -1.2322
 -1.8310	 +8.0900	 -8.5004	 +3.4405	 -2.3656	 -2.9561
+12.1329	-35.6353	 +9.0749	 -0.9851	 +1.7753	 +3.5863
 +3.2034	-24.9109	 -3.4584	 +0.9939	 -0.9706	 -2.2823
 +0.2018	 +0.8056	 +1.7265	 -2.6963	 -0.3736	 -3.9881
 -4.9270	 -5.8277	 -3.0241	 +1.2306	 -4.2059	 -3.1962
 +4.9571	 +6.1223	 -9.2927	 +3.5429	 -2.5467	 -1.2056
 +7.4105	-12.1714	 -0.3211	 +0.8891	 +1.2526	 +0.7109
 -2.3849	 -6.2230	 -8.9878	 -1.9232	 +1.5545	 -2.8789
-10.2263	 -9.4376	 +6.5318	 -2.5210	 +0.1692	 +0.5349
+12.1212	-24.2997	 -6.3709	 -0.2590	 +1.2788	 -1.1724
 -5.1596	 -0.5348	 +3.1306	 +1.8345	 +0.5576	 -0.7891
-20.2410	 -6.4100	 +4.1101	 -1.5260	 -0.4524	 +0.0852
 -1.3712	 +0.1725	 +2.7565	 -0.5014	 -5.0264	 +3.8152
 -0.2906	 +1.4181	 +4.5982	 +0.3046	 -0.8161	 -1.3317
 +4.8502	 -2.9871	 -2.3366	 -2.0045	 -0.7794	 +0.4520
-11.8753	-13.1862	 -6.7893	 -1.3061	 -1.9483	 -3.6583
-64.7020	+23.1886	+50.6877	 +1.2178	 -0.8359	 -0.8291
-58.5669	-32.3906	+18.6276	 +1.2856	 +1.0226	 -0.5459
 -8.9307	 -8.1687	 +9.9919	 +0.8564	 +2.1513	 +2.4334
 -2.6230	 +3.2624	 -3.3509	 +0.0909	 -2.2130	 +1.2481
-77.7166	-125.2857	+119.3649	 +0.6647	 +0.0551	 -0.0835
 -5.7379	 +6.8236	 +0.1718	 -4.1543	 -4.1768	 +0.2958
-10.1311	+11.3847	-10.1223	 -1.7068	 -1.4833	 -2.6413
 +0.8035	 +3.3211	 -4.5488	 +0.5228	 -2.6823	 +0.0975
-46.8752	-25.9322	-13.9952	 +1.8460	 -0.5860	 -1.1676
-10.7038	 +5.0330	-10.8510	 -1.8478	 -0.1520	 -0.0602
 +5.7821	 +5.8407	-18.8392	 -0.7996	 -1.5460	 +0.2282
 +7.9849	-31.7551	+35.8851	 +1.3695	 +2.1566	 +1.6169
-12.3922	 +3.2227	 +1.0376	 -1.8326	 +0.1536	 -2.2270
 -0.8424	 -8.1569	 +7.6572	 -1.9021	 +0.9038	 +1.4960
 +3.5040	+14.9113	-21.5233	 -0.0261	 -2.3868	 +1.7022
 -6.6615	 +2.0713	+17.6569	 +2.4716	 -2.8746	 +1.1585
-17.7247	+12.8096	+22.8017	 -1.7405	 -0.3791	 +1.5334
+12.6456	+10.2281	 +2.1003	 +0.2589	 -3.1521	 +2.3160
+11.8876	 -2.8279	-12.1625	 -0.0483	 -0.6265	 +0.4843
-11.3230	 +3.1897	 -1.2550	 +3.6124	 +2.7082	 +0.6357
 -6.1980	 +4.1683	-16.5835	 +2.2691	 -1.9275	 +0.5289
-11.3351	-15.9361	-23.5794	 -0.1769	 -0.1896	 +0.4029
 -4.9794	-13.1992	 -6.2283	 +1.9807	 +1.6715	 -1.8950
-10.9705	 -9.7214	+21.0317	 -1.5275	 +0.1621	 +0.0591
 -9.0104	 +5.4025	-10.2359	 -1.4344	 -2.9829	 -1.6452
 -8.8978	 +2.6323	 -5.7195	 +4.2530	 +0.8907	 -0.2200
-36.6533	+14.2645	+12.6497	 +0.1365	 +0.6467	 -1.6183
 -1.2761	 -8.4643	 -7.1888	 -1.2285	 -0.0324	 +1.7741
 -6.7317	-10.5859	+13.4124	 +0.8725	 +0.6011	 +2.3201
 +8.5068	+10.2641	 -4.7385	 +1.1720	 +0.6756	 +3.2766
 +3.9284	 +3.3477	 +4.8751	 -4.7490	 -0.5140	 -0.6868
-30.4743	+38.4089	-75.7011	 +0.4320	 -1.3964	 +0.6628
+11.5037	+21.7470	 -7.2531	 -1.5493	 +2.2017	 +1.3306
-12.6052	+76.8259	-52.1275	 -2.1214	 -0.6196	 +0.1603
-18.4523	 -4.9494	 -2.8145	 -0.1174	 -1.5609	 +0.3505
-15.4721	-17.5282	 -7.6888	 +1.1512	 -0.7683	 +2.0190
 +1.5659	+11.7967	 -4.5039	 -0.4708	 +4.6891	 +1.6060
 -9.2159	 -0.9818	+11.7194	 +3.0843	 +1.7263	 -1.3535
-19.9694	 -4.3097	 +5.1492	 +0.6606	 -1.0055	 +2.7803
 +2.0121	 +2.3200	 +6.6228	 +1.9552	 -3.5536	 -3.4566
 -1.3026	 -4.9090	 -9.4969	 +2.6671	 -0.5501	 -1.6686
 +4.5486	 -4.1652	 +2.0538	 +0.9566	 -0.5550	 +1.5749
 +2.3666	 +9.2911	 +4.6158	 -1.6816	 -0.4311	 -4.9351
-15.5665	 +0.6525	 -0.1023	 +0.0717	 +3.3587	 -2.0536
 +3.0485	 +3.0308	 -9.7608	 -4.1484	 +2.2906	 +1.6727
+10.9565	 +7.7129	 -2.4480	 -3.2706	 +0.4035	 +3.5020
+10.0076	-24.7419	 -7.0226	 -2.9072	 -0.4151	 +1.8780
 -5.6635	 +0.6858	 -5.9040	 -2.6847	 -1.1891	 +4.4456
 -9.1097	 -1.9311	 +6.8468	 +0.2549	 +1.7529	 +3.4063
+10.9902	+11.1915	 +1.4219	 -0.8788	 +2.8840	 -0.6715
 -4.5471	 +8.3401	 +6.6648	 +2.3949	 +3.6186	 +0.7076
-143.6743	-179.0527	+114.0418	 +0.3704	 +0.8802	 +0.0911
 +4.3302	 -9.3262	 +0.0098	 -0.2698	 +4.3883	 -3.3836
-17.2110	+47.1982	+46.1721	 -0.3279	 -2.1649	 -0.2253
 +5.4851	 +1.4608	-12.5233	 -1.6763	 -2.5033	 +2.2299
 +7.1547	+74.6963	-83.1818	 +0.0805	 +0.0108	 +0.3252
 +1.1095	 -0.1429	 -9.9661	 -0.8737	 -6.0416	 -1.1753
 -4.3777	 -4.9040	 +8.2284	 -2.4177	 +1.3950	 -0.0272
-14.1629	+25.7415	-25.2848	 +1.5091	 +0.1300	 -0.2156
-16.3435	-16.3292	 +1.0000	 +0.9556	 +3.0320	 +0.6053
 -2.6988	-14.1571	 +1.4644	 -4.5735	 -0.5077	 -1.3271
 -2.3767	 +9.8727	 -2.5312	 -2.9529	 +1.7299	 +1.3347
 -2.0899	 -6.1620	 -2.3239	 -0.0222	 -4.6144	 +3.4849
-10.6067	 -2.4440	 -6.3193	 -1.6609	 -0.0053	 +1.5909
 -3.8596	 +2.2572	 +3.0962	 +2.3935	 -3.3252	 -0.2892
 -9.6401	+12.0339	 +0.1928	 -4.1752	 +0.6029	 -0.8047
 -1.5032	 +1.8639	 +2.2092	 -4.6905	 +5.1425	 +1.9199
-22.1810	+26.3442	 +2.1519	 +0.3543	 -1.2993	 -0.0574
 -0.9552	 -1.8523	-20.4860	 +0.6801	 +0.5746	 -3.7651
+13.5754	 +4.4886	+10.9863	 +1.4843	 +2.1911	 -0.9101
 -5.2811	 +1.8053	-21.5859	 +1.0696	 +2.9871	 -1.0152
 +4.1943	 +6.9725	-13.1126	 -0.1477	 -2.1063	 +0.7101
 -4.5804	 -6.4003	 -4.4857	 -6.3024	 -1.9334	 +3.1955
 -0.6859	 -3.2755	 +2.3566	 +5.1703	 +0.5569	 +0.6178
 +7.6004	 +4.9372	 +7.6406	 +2.5488	 -1.6406	 +2.7613
 +0.3168	 +7.6737	 -0.5664	 -1.5655	 -3.0819	 -1.0613
 +5.3261	 -6.7913	 +7.1885	 +1.1547	 +1.6094	 +3.1345
 -6.5164	-22.2713	+12.2800	 +0.8992	 -0.5426	 +0.2550
+12.5012	 -0.2113	 +0.4012	 -1.6374	 +2.8230	 +0.4347
 -3.2065	 +4.3860	 +0.4124	 +1.7026	 -2.8784	 +2.8812
-19.6860	 +3.7950	 -2.2907	 +1.8939	 -0.5511	 +1.7543
 +1.2065	 -0.5070	 +0.2789	 -5.1153	 +4.7354	 -1.9945
 +3.1708	+13.5939	 +4.9441	 -1.2266	 +2.3767	 +1.3874
-16.3862	 +2.5520	 -6.1067	 -1.2736	 -2.5122	 +1.6424
 +7.4901	 +7.6021	 +7.3092	 -1.5362	 +1.3463	 +1.1548
 +2.5405	+12.9900	 +2.9537	 -0.8979	 +1.5422	 +1.9520
 +7.0606	+25.8206	+35.2379	 +0.6087	 +0.3199	 -1.3202
-12.8651	 -1.1323	 +1.1466	 -0.6215	 -1.4644	 +1.1625
 +3.9778	+21.1587	-11.9538	 -2.6832	 -1.5538	 +0.7064
+19.7869	-13.1429	+10.2183	 +3.4457	 +0.2653	 -1.8006
 -6.5954	 +2.0755	 -7.3768	 -0.6728	 +2.0623	 +3.5921
 -3.8637	 -1.2509	 -1.8044	 -2.8624	 -3.0549	 -4.7460
 +3.0573	 +3.1605	 -2.8641	 +3.6615	 +3.0796	 -4.0917
-11.0088	 +1.4724	 -5.0692	 -3.2451	 +0.1174	 -0.3907
-18.6490	+11.0809	-26.2925	 -0.1741	 -1.0391	 +1.8559
 +4.8015	 -1.5607	-13.5884	 +0.6639	 -2.9486	 -2.2317
+22.5364	 -2.1822	-17.7245	 -0.5971	 -0.8059	 +2.0124
 +2.5718	 -1.1983	 -3.8517	 +0.9858	 -2.5183	 -4.3163
 +0.6666	 -2.6622	 -4.5509	 +0.1779	 -2.2683	 -0.0309
+11.8453	+15.5745	-14.0139	 +0.1806	 -0.7051	 -0.3016
-16.7447	+37.1850	-11.3008	 +1.6563	 +1.6825	 -0.0399
 -4.9326	 +2.0218	 +2.8521	 -0.5815	 +1.7400	 -2.8723
-10.5909	 -5.3539	-16.1300	 +1.0898	 -1.2446	 -3.2606
-11.5575	 +3.4739	+11.9389	 -1.9408	 -4.3046	 -0.4502
+18.4201	-10.1092	 -9.3287	 -0.2330	 -0.4757	 +0.4442
 +6.4533	-18.7811	 -2.8505	 -1.9941	 -2.5317	 +0.4086
 +1.8618	 -2.3492	 +6.1058	 -1.4163	 -1.0453	 -1.8964
 +3.7312	 +7.4811	+15.0154	 -1.2476	 -0.1777	 +2.6308
 -6.1494	 +2.4450	-25.1923	 +0.4665	 +2.0741	 +0.3147
-13.4770	+19.2536	 +0.8267	 -1.4508	 -2.7817	 +1.2857
 +6.1405	 -6.1358	-19.8519	 +0.8699	 +0.6779	 +0.4878
 -9.6950	 -2.1646	 -1.6537	 +0.6696	 -2.0476	 +0.4104
+15.5678	 +6.5416	+40.3528	 -0.5538	 -0.5198	 +0.5765
 -9.8202	 -3.0631	 +1.3053	 +0.1068	 +0.7428	 -2.1469
 +7.1957	 +2.5333	 +7.4580	 -1.4307	 +2.6385	 +0.5662
-12.3822	+19.2788	 -1.8483	 +2.6612	 -0.6820	 +1.6127
-12.1681	 +2.5845	 +2.9641	 -2.2228	 +1.5084	 +0.6034
-12.8902	 +5.8339	-14.0805	 -0.2583	 -2.0596	 -2.0829
 -8.5457	 +9.3031	 +8.1328	 -3.8949	 -0.5447	 -0.4216
 -0.0452	 +3.5327	 -6.0995	 +0.5015	 +1.0056	 +3.4188
-61.1615	-18.0857	-25.6718	 -0.5248	 +0.1653	 -0.0719
 -4.3654	 -0.0919	 +5.0526	 -1.0242	 -3.7477	 +2.8079
 +5.6000	 -2.4095	 +5.5820	 -0.8156	 +0.1360	 +1.2771
+11.3455	 -5.1083	 -4.1563	 -0.4004	 -0.8063	 +1.2918
