# Iterations: 51 of 100
# Total Energy: -6.701e+05
#    Kinetic Energy: 6.734e+05
#    Potential Energy: -1.344e+06
# Current Time: 2018-05-08 11:27:37.342575
# Elapsed Time: 0:13:50.727216
# 
# Med. Times for Sections
#    Force Computation:		12.969814
#        [13.18551313.14950012.88935312.65637512.69489912.69882512.58388513.05027513.13138013.288094]
#    Gather Particles:		0.989936
#        [1.2717451.0216580.6803090.7659791.5052001.0930960.7532130.9582151.1655340.762360]
#    Overall:		15.937019
#        [16.41506016.12974015.45996515.25588316.07199215.62849815.19258115.87265716.25363916.001381]
#    Scatter Particles:		0.002552
#        [0.0026120.0025460.0005110.0028200.0022120.0028360.0022180.0025580.0022210.002848]
#    Time Integration:		0.000074
#        [0.0000840.0000780.0000710.0000720.0000790.0000730.0000750.0000720.0000770.000073]
#    Tree Broadcast:		0.895594
#        [0.9280930.9241490.9045000.8753210.8866870.8755260.8624850.8754690.9279480.936545]
#    Tree Construction:		0.988313
#        [1.0269381.0317290.9851450.9552340.9828400.9580640.9906330.9859931.0263861.011364]
# 
# x	y	z	vx	vy	vz
# 
 -6.5241	 -4.2723	 -2.7410	 +0.9550	 +0.6079	 -0.2616
 +2.8591	-19.5931	-11.7347	 +1.1548	 +1.9469	 +1.7049
 -1.5588	 -4.3851	 +7.6278	 -1.6862	 -2.7182	 +2.4244
-23.5825	+25.6505	 -1.0239	 -2.2652	 -0.8032	 +1.1918
 -5.0378	-18.2744	 -6.2975	 +1.7140	 -1.6019	 +0.2344
 -3.7473	 +0.6713	-16.4470	 +2.7163	 +0.6672	 -0.7841
+14.1200	-15.1271	 -8.4985	 -1.2508	 -0.9864	 -1.0034
+11.5463	 +7.7176	 -6.1463	 -1.3804	 +0.2557	 -0.2827
-26.9174	-35.4192	-11.2276	 +1.9226	 +1.6860	 -0.1069
-13.2113	+22.2080	 +1.8991	 -3.2248	 -0.2023	 +0.5734
-24.0894	+10.8519	+17.4639	 +2.1569	 +0.9815	 -0.3156
 -4.4150	 -4.0149	 +0.1532	 -1.8091	 +2.1856	 -1.4272
 +3.9171	 -1.5246	 -5.1819	 -2.3435	 +3.0890	 -4.6478
+25.8293	+12.0353	-27.0148	 -1.2522	 +0.9820	 -1.1571
 -1.6509	 -4.1900	 -1.7018	 +3.4214	 -1.9618	 -1.4537
+12.7455	 +3.2213	 -0.9868	 +2.1082	 -1.7318	 -1.8799
 -8.5065	 -2.0144	 -7.8831	 -1.1256	 -4.3335	 +2.6557
 -4.9676	 -0.3285	-18.4517	 -1.5652	 +0.6694	 -1.7419
 +9.7186	 -7.2763	 +7.4864	 +0.2031	 -1.2963	 -0.6548
+105.1991	-28.5525	+78.5061	 -1.3644	 -0.8386	 +0.2047
 -6.7409	 -4.8951	 -3.8036	 +2.7405	 +2.0267	 -3.1693
 -3.8629	 +0.2452	 -8.0264	 +0.7669	 -4.4959	 +0.3453
 +5.5035	 +0.8797	 -9.8111	 -1.2626	 +2.5874	 +1.9222
 -3.6007	 -5.1088	 +1.8128	 -2.6273	 +0.4395	 +4.5989
 +7.2061	 +7.4163	 -8.6268	 +1.3183	 +0.8330	 -0.2408
-34.9157	+20.0984	 +0.2756	 -2.1432	 +2.3519	 -1.3053
 -3.2625	 -0.5680	 -3.5167	 -1.7007	 -5.2380	 -2.7900
 +9.8489	 -7.4685	 +3.5354	 -4.0097	 -0.2539	 +2.2165
 +9.9028	+13.1181	 +6.8172	 +2.9830	 -2.1878	 -2.2430
-18.3392	-18.9641	 -4.8280	 +3.3362	 +2.0984	 +0.5651
 -5.1379	 -3.9609	 -3.7397	 +4.9359	 -3.1349	 -4.4228
-56.2380	 +8.1362	 -0.4746	 -0.8753	 +2.0068	 +1.8291
 -1.2631	 -5.7737	-13.1555	 -4.3404	 -0.3937	 +2.0504
 -0.4171	-15.0483	 +5.1820	 -0.8569	 +1.9316	 -1.2993
-10.0315	 -3.1398	+21.9512	 +0.2710	 -0.6363	 +1.0371
 +4.2395	 +1.8775	 -0.3037	 -0.4700	 +0.5266	 +0.3960
 +3.1506	 -3.8798	 -2.7565	 -0.2230	 -4.9537	 +1.8199
 -3.2249	 -0.3435	 +5.3035	 +4.3758	 -3.4334	 +1.1033
 -2.6606	+31.4004	-11.5315	 -0.7519	 -1.6040	 +0.6414
 +3.8158	 -0.9516	 +2.5247	 +0.3379	 +4.5279	 +2.4463
+13.2277	-11.5400	+10.0973	 +2.1680	 -3.6034	 +0.5394
 -4.8278	+10.7545	-11.9881	 -0.3775	 -1.1733	 +1.4117
 -5.6113	 -1.7981	-10.1608	 -1.9164	 +4.0141	 -0.0762
 -5.5933	 +3.7116	 -1.4580	 -3.7424	 -1.1548	 -0.9006
 -5.7620	+22.5091	-20.9660	 +2.3691	 -0.0292	 +0.7593
 +2.1233	 -0.4663	 -2.9739	 -1.9044	 -1.3737	 +4.9230
 -2.1072	 +2.0798	-11.4769	 +2.4659	 +4.6473	 -0.7935
+34.9042	 -5.5437	 +1.7098	 +0.0452	 -1.2682	 -1.5762
 -2.6668	 +5.2934	 +0.1799	 +2.3930	 +1.5005	 -1.0190
 -5.6925	 +1.0450	 -4.4718	 +2.7021	 +4.7567	 +0.4065
-33.8550	-57.0349	-37.9577	 +1.1279	 +0.2656	 +1.5925
 -2.0149	 -5.6264	 -0.6083	 -1.8808	 -2.7592	 -3.8867
+16.4028	 -9.1391	 +7.4736	 -0.3315	 +2.6910	 +3.9293
 +3.5183	+11.3208	 +5.3172	 +2.2716	 -4.1010	 +2.0596
 +5.2635	 -4.0542	+53.4635	 +0.4743	 +2.2158	 +1.8650
-28.0589	 -6.8141	 -4.3797	 -1.8215	 +0.3532	 -0.1711
+31.7791	 -4.9065	 +4.3485	 -1.3256	 +0.9740	 -1.0545
 -5.5333	 +6.0580	 +4.3862	 -1.2520	 -1.1585	 -3.1470
 -0.5230	 -5.8087	 -1.5763	 +3.5231	 +2.2809	 +4.2137
 +1.0409	-21.5055	 +8.4767	 -3.6850	 +1.2656	 +0.0861
-15.9711	 +1.3905	 +8.7075	 -4.1049	 +0.9824	 -1.7373
 -8.4021	 +4.8497	-21.1775	 -0.3059	 +3.9621	 -1.4793
 -1.6378	 -8.6769	 -3.0149	 +2.5093	 +2.5364	 -1.3995
 -5.6896	 -6.2685	 -7.3138	 +0.5610	 -2.8123	 +3.6077
 -3.0797	 -4.4490	 -4.4491	 -2.1728	 -0.4107	 +4.6567
 -7.9196	 -4.9755	-10.8571	 -2.2073	 -2.7960	 -1.5882
 +5.3428	 -1.5043	+22.3061	 +0.5472	 +1.0175	 -0.3028
-14.9364	-12.9888	+27.5851	 -2.4066	 -1.9819	 +0.4159
 -3.1523	 -8.0005	-19.9725	 +0.5353	 -0.7844	 +1.1293
 -4.1371	+10.1615	 -3.3917	 -0.2249	 -2.4112	 +4.3264
 -2.3850	 -5.4312	 -2.6092	 -1.8899	 -1.6191	 -1.8237
-12.4847	-11.9239	 -5.7007	 +2.0529	 +0.5325	 +1.1730
-11.5536	 +6.5659	 -3.1923	 +1.0545	 +0.0864	 -1.9230
-15.3446	+15.2829	-94.2984	 +1.9199	 +0.0066	 -1.4347
+26.4794	-27.7184	-13.9701	 -0.1856	 +1.6030	 +0.5908
-11.6320	 +9.0710	-10.7793	 -2.4239	 -3.8724	 +1.0717
 -4.5772	 +3.5873	 -8.8056	 +1.0746	 +2.2852	 -0.4862
 -2.9426	 -9.5501	+12.7492	 -2.8548	 -2.1800	 -1.2901
 -3.0672	+10.0585	 -2.7647	 +3.2115	 -0.3237	 +3.1601
+21.5979	-14.5367	 -5.7034	 +2.5763	 +1.5694	 -0.0428
 -1.3411	 +1.3184	 -1.0949	 -1.0526	 +1.1332	 +2.9869
 +9.6302	+10.6187	 -8.6533	 +0.1361	 +2.4441	 -1.0469
 -1.6600	 -0.6869	 -3.3055	 +1.9367	 -0.3961	 +4.9589
-11.2111	+24.5503	+15.7889	 -0.9806	 -0.1461	 +3.5817
+13.9989	 +5.2081	 +1.7669	 +2.8827	 +2.5525	 +2.9392
 +2.5886	+12.4960	 +9.1904	 -2.8402	 -1.8370	 +0.5717
-17.0668	 -4.6045	 +0.9346	 -1.1704	 +0.7117	 -2.9857
 -1.2409	+17.2512	 +9.5571	 -0.7921	 +2.8766	 +0.8178
 -4.5870	-27.9642	 +9.2397	 +2.0301	 -1.1325	 -1.4183
 +5.0419	 -9.4034	 +2.0487	 -1.1824	 -0.8809	 -0.7549
-11.7276	 +0.4534	 -1.9918	 -0.8536	 +2.2577	 +3.4407
 -2.8295	 +0.0540	 +1.0491	 +2.2517	 +1.6357	 +0.5151
-13.9474	-26.4448	-48.1305	 -0.7420	 -0.8741	 -0.4612
 +4.4483	 +2.4312	 -6.7367	 -4.0904	 -0.3667	 +4.5058
 +5.4132	+12.7206	 -0.3533	 +0.5700	 -1.3516	 -1.1656
 +7.4877	 -7.8737	 +2.1242	 +1.8176	 +1.2847	 -4.0829
 -7.7064	+32.9403	-18.9557	 -0.4827	 -0.0448	 +2.2503
 +1.2592	 -2.6853	+17.8581	 -1.9106	 -0.4443	 +1.5422
-10.1102	+14.3022	 +1.2690	 -0.5784	 -1.4655	 -1.3256
-12.1425	-11.2151	-22.5587	 +3.1113	 +1.6600	 -0.6482
 +5.8726	 -3.3809	 -3.2975	 -2.5126	 -5.6952	 -0.6311
-13.2391	 -1.7706	-11.1143	 +0.7461	 -0.2607	 -0.5549
 -3.5397	 -0.4440	 +3.5462	 -1.1668	 -1.3225	 -2.8410
 -2.9789	 -6.0092	-10.2601	 +1.2420	 +3.3536	 -2.6731
 -0.3822	 +2.2487	 -5.2630	 -0.8986	 -2.1641	 -0.5574
 -7.0793	 +0.3890	 +4.7364	 +3.7940	 +3.1147	 +2.9111
-15.6256	-17.9359	+21.5847	 +3.1098	 -0.3914	 -0.8194
 -7.4276	-13.6668	 -0.6763	 -0.4602	 +1.3910	 -0.2881
+26.2147	+10.6834	+18.0269	 +1.1282	 +1.8538	 -0.2743
 +2.4013	 +1.3717	 -9.3258	 +2.5660	 -0.1830	 -3.7951
 -4.5301	 +3.1104	 -3.4620	 +2.5155	 +5.7215	 -1.5902
+474.6698	+387.8262	-227.3839	 -0.2782	 +0.6742	 +0.3144
-138.9329	+99.1523	+199.9106	 -0.1118	 +1.1378	 +0.4427
 +9.6569	 -3.0722	+10.1829	 +4.3758	 -1.3704	 +0.6818
 +6.1217	 +1.5702	+20.3768	 -1.7386	 -1.1585	 +0.4855
 +0.6128	+10.5275	 +7.3197	 +0.0061	 +2.6996	 -2.4145
 +4.7602	 +4.3909	 +0.4424	 +3.7903	 -2.7189	 -2.6359
-73.5840	-15.9601	-10.3556	 +1.3291	 +0.1784	 -0.7500
 -4.3430	 +0.5091	 +0.0546	 -2.9685	 +1.4353	 -2.1128
+45.6758	-22.1567	-43.9135	 +0.5503	 -0.7248	 +0.2277
-15.1988	 +8.1833	 -7.4066	 +0.2666	 -0.9280	 -2.2424
 -0.5395	 +0.1572	 -1.2354	 -2.1652	 +4.3205	 -1.3434
 +3.8615	 -1.1969	 +0.3464	 +4.4157	 +2.3112	 -1.5627
 -0.4219	 -9.0247	 -1.2378	 -5.0554	 -1.2915	 +0.6404
 -3.4742	 +0.0791	 -0.6919	 +2.0422	 -2.6229	 +2.8118
 +0.7565	 -4.1223	 +2.8572	 -1.7750	 +3.3194	 +0.9713
-16.5736	 +1.1233	 -3.7112	 +1.1552	 +0.0698	 -3.0814
 -8.5636	 -4.1623	 +2.9598	 -1.7501	 +0.0144	 +0.5766
 -8.1657	 +0.6464	 -8.0722	 -2.4378	 +1.8744	 +1.1412
+12.1457	-12.9445	 -0.3445	 -1.7788	 -0.2056	 -2.5165
+13.9261	+32.3428	-162.8662	 +0.0700	 -1.1585	 -1.3158
 +7.8482	 -2.1085	 +6.5138	 +2.9155	 +2.2277	 -0.5496
 +6.0781	 -3.9285	 -9.2541	 -1.5279	 +3.4274	 -1.0614
 -5.7780	 -7.6706	 +2.5431	 -4.1681	 +0.1042	 +0.1301
 -2.7033	 +1.4918	 -2.1364	 -0.7782	 -3.1764	 -1.7196
-17.6188	+24.7293	-35.7032	 -0.5368	 -1.1089	 +0.6811
 -3.0541	-10.8741	 -7.8982	 +4.9435	 +1.0933	 -1.3285
+19.4934	-15.6228	+15.5804	 -0.8871	 -2.7359	 +1.2089
 +3.0310	 -3.1130	 +5.2084	 +1.8166	 -3.7521	 -1.1178
+12.9180	 -9.3697	-12.2465	 -1.6823	 +0.0052	 +1.5376
 +0.9538	 -4.2132	+10.9839	 +1.4008	 +0.8388	 +1.4748
 +9.9571	 -8.6222	 +6.1936	 -3.1238	 -1.2339	 +2.5752
 +0.6127	 -1.9470	 -1.9660	 +0.8961	 +1.6857	 +1.4239
-31.8975	 +4.8741	-37.2358	 +1.9610	 +2.2158	 -0.1099
+58.1045	 +5.7892	+20.7982	 +0.6014	 -1.9121	 -0.1917
 +1.5277	 +5.7602	 -2.0293	 -0.1877	 +0.6693	 -4.1305
-28.3937	-70.9925	+45.8240	 -1.2895	 +0.9607	 +0.9840
 +3.8556	 +9.3329	 -7.9679	 -1.0295	 +3.1051	 +0.5917
+19.8651	 +7.4561	 -3.8752	 +0.4921	 -1.0800	 -3.2917
 -4.0005	 -3.0695	 -2.1617	 +4.7909	 +3.4279	 -2.1413
 +1.8744	 -4.4972	+10.7646	 +1.1733	 +3.0853	 -1.2400
 -0.0218	 -5.5683	 +0.1921	 +6.1736	 +1.2239	 -1.8887
 +2.6900	 -2.7208	 -1.4993	 -5.5915	 +2.3275	 -0.5971
 -7.5707	+12.4666	 -6.8232	 +0.5724	 -0.7060	 -0.7539
 +6.6398	 -2.5921	 -8.2795	 +1.0502	 -3.6565	 -1.4714
 -9.5326	 -2.3314	-17.2889	 -1.1932	 +1.7477	 +1.2085
 +2.0654	 +8.1423	-14.7936	 +3.2137	 -0.3217	 -2.7546
 +7.8299	 +2.9126	+28.8421	 -2.7645	 +1.1675	 +0.8922
 -6.4619	 +2.8793	 -6.7058	 +1.8031	 -2.1949	 +3.9393
 -6.3356	 +3.3738	 -0.9799	 +1.1249	 -0.0916	 -1.4538
 +1.0875	 +1.6462	 -4.3970	 -3.3260	 +3.6307	 +2.3820
-18.6368	 +1.2661	 +9.6150	 +3.6899	 -2.3388	 -1.4532
 +5.6443	 +1.9505	 -2.3217	 -3.5836	 +1.2151	 +0.0877
+14.7200	 +8.6094	 +4.8534	 -0.7385	 +1.5247	 -0.1013
 -7.7867	 -4.7030	 -5.0044	 +2.0817	 -0.9119	 +4.1129
 +1.5879	 -2.8893	 +5.2267	 -4.9395	 -1.0689	 +2.5175
 -3.5393	 -2.2469	 +1.5081	 +1.3140	 +1.2471	 -3.2683
-16.2191	 -2.5346	-16.0188	 +0.1570	 -2.8365	 +2.4676
 -2.3662	 -1.2918	 -4.7218	 -3.4578	 +0.7580	 -0.0558
 +3.4243	 -4.2197	-14.2443	 +2.8084	 -1.5682	 +0.2813
-15.8725	 +1.9301	-15.5121	 +0.0519	 -1.1310	 -2.2760
 +2.3426	 +0.9689	 -2.9945	 +0.5103	 -0.5319	 +1.9045
 -4.0997	 +1.4246	 -9.6371	 -1.0604	 -0.5912	 -5.0945
+29.5066	-13.4173	+25.2539	 -0.5624	 -0.4205	 -0.4689
 -5.6795	 -0.5129	 +3.4289	 -0.3332	 +2.5757	 -1.5067
+53.9932	+26.5304	-26.1826	 -1.8980	 +0.9821	 -0.1686
-15.1483	-13.1264	 +2.2098	 -3.0243	 +1.5748	 -2.3029
 -6.8868	-24.2200	 -9.9975	 +1.5599	 +1.1902	 +1.4167
 -0.4038	 -7.1684	 -2.6902	 +1.1620	 -2.0053	 +1.9186
 -2.1440	 -5.0317	 +1.6294	 +0.2946	 -3.8151	 -1.5987
 -2.3184	 +4.3776	 -3.4166	 -4.4822	 +1.0278	 -1.8971
 +3.4229	 +4.0912	 -8.8457	 -1.6967	 +3.5925	 +1.0497
 +6.7866	 +4.1830	 +5.3499	 +0.5040	 -0.3711	 -0.8626
+14.8833	+19.3660	-21.8401	 -0.6052	 +1.2958	 -1.4564
 +9.1389	 +0.0767	 +2.4790	 +2.1217	 +2.8002	 -4.3764
 +2.8194	 -2.6902	 +0.9160	 +0.7143	 -1.9223	 -2.6533
 +1.3893	 +4.7829	-10.6377	 +0.2230	 +1.1346	 +1.6448
 +1.5853	 -1.2372	 -5.8964	 +0.5969	 +1.7705	 -1.1398
 -9.5027	 -8.6342	 -0.6951	 -3.8315	 -1.3125	 -2.2066
 -4.7510	 +4.8015	-11.8301	 +1.6808	 +1.0880	 -1.1816
 -4.4278	-11.5291	 +5.6382	 -1.5475	 -4.3367	 +2.1093
 +1.0327	 -1.5412	 -8.6618	 +2.1785	 -0.1348	 -0.0428
 -0.4457	+25.1080	-30.6556	 -1.5797	 -0.6225	 -2.0420
 +2.3642	 -4.2239	 +6.5248	 -0.0622	 +2.3377	 +3.5290
 -0.0613	 +9.8134	 -0.2402	 +1.9985	 -1.1593	 +1.4091
 +6.0419	 +3.0891	 +0.2665	 -0.9440	 +1.6837	 -0.4672
 +8.1669	 +5.2501	 +5.5792	 -2.7442	 +3.3882	 +0.4252
+31.6138	-101.2477	-36.4387	 -1.3265	 +0.1900	 +0.9642
 -7.5921	 +9.7741	 -1.4977	 -0.0423	 +2.8880	 +2.5312
 -9.1649	 -5.6588	-11.4552	 +2.3072	 +3.4875	 +0.2431
 -8.4001	-22.9819	-21.0682	 -1.5576	 -0.8721	 +2.5864
+26.4979	 +4.7140	 +5.9861	 -0.9743	 +1.3620	 -1.6755
 -2.8287	 +6.1933	 -2.1156	 -1.4739	 -1.1862	 +3.2490
 -5.4564	 +3.2025	 -0.2173	 -4.1554	 +4.0376	 +0.3797
-18.6097	 -5.2299	 +1.4708	 +1.3179	 -0.9984	 +1.5589
 -0.5913	 -1.7902	 +0.8366	 +3.0053	 -3.3138	 -0.0104
 -6.8859	 -2.4682	 +3.1881	 -0.2155	 +0.3703	 -0.7159
-14.5202	+20.6174	 -7.1247	 -2.9412	 -0.7265	 +3.0499
 +5.2685	+49.4551	-35.9250	 -2.0377	 +0.9052	 +1.1021
 -4.6951	 +1.3731	 -3.9688	 +5.2098	 +1.5395	 +1.7275
+11.7649	 +5.5031	 -5.5603	 +1.5784	 -2.1666	 -0.5834
 -1.0345	-10.9920	 +2.9190	 -2.4086	 -0.8802	 -1.5577
 +4.0717	 +3.2328	 -6.3766	 -2.0203	 +3.3015	 -1.4752
 +6.6318	 +0.8365	 -3.8787	 -5.6636	 -0.3221	 -2.8018
+20.3617	-11.4043	-18.4745	 -0.4315	 -0.1777	 -1.3686
+119.4665	 +5.0316	-43.6215	 +0.3236	 +0.1495	 +0.6840
+18.1818	+13.6756	 -6.5434	 +0.5733	 -1.3483	 -3.9000
 +4.0408	 -7.8626	 +2.3980	 +1.8143	 +0.3235	 -0.8542
 +5.9242	 +0.7763	 +3.0691	 -3.2243	 -2.0419	 +1.5566
 +4.7486	 -8.1159	 -0.7545	 -1.3300	 +0.6548	 -1.3984
+33.3292	-32.8027	 -6.0870	 -0.7942	 +0.0495	 -0.5753
 +2.1100	 +3.8590	 -1.8863	 +2.8495	 +4.2538	 +1.5382
-14.4738	 -9.2585	 -2.5720	 -1.3501	 +0.5701	 -2.3957
 +3.3096	 -2.2670	 -0.8881	 +1.8512	 +2.3923	 -4.1459
 +1.8041	 -4.9773	-11.6538	 +1.3086	 -0.1330	 -2.5347
 -2.4265	 -0.3143	 +1.9287	 +3.0540	 -1.1176	 -0.7085
 -2.6155	 +0.1262	 -6.2942	 +3.6765	 +1.9273	 +2.0861
 +1.4548	 -0.3418	 +1.8293	 -0.9045	 -4.4457	 -4.0870
 +7.1870	 +6.5606	 +1.4729	 +0.0198	 -1.7156	 -1.4948
-11.8477	 +6.3490	 +3.6765	 -0.3251	 -0.8170	 -1.2864
 -6.3185	 +3.9741	 -5.4094	 +0.0069	 -0.9668	 -0.9033
 +2.8512	 +9.2381	 -2.7001	 +0.9659	 +0.5637	 -1.3147
+11.1046	 +5.5537	-10.7879	 +0.8317	 +0.5845	 +2.1060
 -3.6153	 -5.9092	 -3.3853	 +0.6297	 +3.3819	 +2.7369
 -4.5875	 -8.6294	 -7.4490	 -0.8555	 -1.6202	 +4.1461
 -5.6705	 -2.4304	 +7.5338	 +0.7382	 +3.2842	 -1.7409
 +2.6659	-10.4113	 +0.1122	 +0.5657	 -3.5107	 -1.9634
 -1.2306	 -8.0673	+17.6929	 +1.9333	 -3.3381	 +0.9274
 +5.8652	 +3.7950	 -4.9155	 +1.3265	 +2.7424	 +1.8208
 -1.2662	 -2.2658	 +0.0602	 +2.5359	 +0.4359	 -1.6172
-48.4542	 +8.0717	 -0.3327	 -2.0923	 -1.5087	 +0.4340
 +3.6974	 +3.6128	 +4.4892	 -0.2173	 -1.6723	 +2.1300
 +0.7736	 -0.0365	 +2.5034	 +2.2561	 +6.6939	 -1.2932
+10.9858	 -7.3640	 -3.8230	 +3.0443	 -2.0795	 +0.4084
 -6.6968	 -6.6122	 -2.0882	 -0.7536	 -2.3828	 +2.0717
-16.4096	 +7.3384	 +1.8839	 +0.1864	 +1.5129	 +1.0489
-31.9877	 -9.5633	+42.0379	 +0.2126	 +1.0975	 -0.4443
 +1.3034	 +0.3559	 +1.8126	 -6.0849	 -0.3019	 +4.1104
 -0.8733	 -9.7898	 +6.3798	 -2.3266	 +1.0387	 -2.0361
-39.8554	-31.6185	-24.2978	 +1.5607	 +0.3310	 +1.4772
-19.7992	+20.3002	 +4.6651	 +1.6827	 +2.3462	 +0.8003
-13.4249	 +2.8744	-10.9320	 +1.1352	 -4.2912	 +1.3142
 +8.9900	 -5.4840	 +2.1806	 +1.3815	 -1.4256	 -0.4282
 -2.2455	 -3.1931	 -5.1690	 +4.6240	 -4.0732	 +0.6985
+1871.0186	-30.5576	+790.1949	 +0.2213	 -0.2337	 +0.0662
 -6.1488	 +3.8050	 +6.3217	 +0.2780	 +0.3438	 -1.8569
 -3.0560	 -6.2353	 -2.6077	 +5.6272	 +0.9405	 -1.1174
 -0.8419	 +2.2673	 +4.0572	 -1.4583	 +0.6665	 +5.3523
+26.0381	-16.3273	-14.6641	 -0.9856	 -0.0428	 +1.4513
 -5.5306	 -5.3037	 +1.2535	 +2.1589	 +3.7375	 +2.2384
-54.8420	-47.0674	-69.0811	 -0.9159	 -1.3457	 -0.3201
 +4.6467	-12.4156	-23.7881	 -0.0696	 +3.5833	 +1.0014
+20.9397	 +3.9562	+22.8878	 -2.0772	 +2.1178	 -1.4798
+19.5442	-27.7332	 +9.7971	 +1.1418	 +0.4323	 +0.4430
 -9.3107	 -1.8589	 -6.7318	 +0.7164	 +0.1052	 +0.1235
+12.9605	+27.1778	 -9.8617	 +1.5755	 -2.3397	 +0.4119
 -9.3365	+21.0164	 +3.4251	 -0.1392	 +0.3910	 -0.1438
 +4.3557	 -6.1566	 +0.1632	 +1.7364	 -2.2891	 -0.7471
 -0.3319	+10.1928	 +6.5788	 +0.9839	 +0.8880	 -0.2387
 -0.4483	 +2.5692	 -7.1778	 +0.2543	 -4.2938	 -4.8162
 -4.2236	 -3.1611	+13.6765	 +0.7144	 -1.1218	 +0.3427
 +1.3689	 -3.5010	 -7.2093	 +2.8976	 +1.8334	 -1.1992
 +5.9496	 -0.8204	 -7.5637	 +1.9246	 +1.3758	 +3.4197
 +1.1360	 -4.3805	 +6.3436	 +3.3618	 -3.3905	 -0.2056
 -4.1386	 -1.1202	 -1.9092	 +4.2409	 +2.0328	 +1.4195
+21.4344	+14.9283	-24.8180	 -2.6011	 +0.1409	 +0.8961
 -1.3726	 +4.9483	 -2.3448	 +2.5313	 +2.4192	 +3.7224
 -2.4782	 +0.5823	 -2.2262	 -3.2333	 -1.5615	 +2.3316
 -0.8335	+14.0619	+13.0886	 +0.1854	 +2.4826	 -3.6967
 +2.7499	 -4.1110	 -6.2923	 -2.5881	 +2.7219	 +1.1194
-11.1207	 -2.1680	 -0.6965	 +1.7763	 +0.4795	 +1.2734
 -9.1395	 +6.8957	 -4.1969	 +1.6484	 -0.8201	 +2.2136
-13.2764	 +1.9274	 -3.7512	 -2.1014	 -2.5835	 +1.0957
+11.2539	-11.6871	 +0.5677	 +0.2029	 -0.2980	 -0.5702
 -1.3314	 +7.6465	 +5.5159	 +1.5847	 -1.3256	 -2.5882
 -5.7748	 -1.1896	 +0.9872	 +2.7679	 +2.6038	 -0.8260
-14.3983	 +8.2618	-16.7821	 -3.0553	 +0.4866	 +1.5878
-22.8636	 -4.4000	 +7.0470	 -2.4982	 -1.0351	 -2.4854
 -8.5779	 +4.6237	+11.7383	 +0.2181	 +1.0829	 -0.4285
-134.8165	-41.4596	+71.1127	 +0.6402	 -0.9583	 +0.7067
 -2.1775	 -0.4704	 +0.7816	 -1.0583	 -1.2172	 -1.6312
 +1.6037	 -7.4771	 -0.4009	 -4.2638	 -0.3549	 -1.5153
 -9.4739	 -2.7829	 +5.4267	 +3.9810	 -2.8099	 +0.9234
 -7.0155	 +3.0860	 +1.3411	 +1.2371	 +2.3964	 -5.2417
-11.4399	+10.4234	-15.0999	 -2.0823	 +1.1734	 -0.0060
 +7.3964	 -1.4472	 +2.7207	 -0.7226	 +4.8150	 +1.0902
 -5.7364	 -2.8696	-13.1281	 +0.3476	 -2.5604	 -1.7383
-114.0481	-104.0795	+101.6603	 +0.3704	 -0.2818	 -0.0959
-20.0719	+31.0267	+25.8945	 +1.9524	 +1.5995	 -1.2873
-18.7557	-27.1703	 +5.3316	 -1.7391	 +0.1161	 +2.4340
-30.2610	+10.0193	-21.4606	 +1.3123	 -0.2800	 -2.7688
-11.3167	-24.0570	 -6.8221	 -2.2772	 -0.2282	 -0.7468
 +1.0959	 -0.9933	 -2.8355	 +1.9786	 -1.6517	 -2.8115
 -3.9148	 -0.2614	 +0.3059	 -0.2199	 -1.0470	 +3.0649
 -8.8321	 +3.5649	 -2.7871	 +3.5924	 +1.7671	 -1.8836
 +5.7580	 -7.7870	 +7.2878	 -0.7762	 +0.5556	 -2.4809
-23.8485	 -6.1702	 +2.9722	 -0.4101	 +0.6001	 -1.2735
-17.3340	 -8.3912	 +9.5368	 +0.8609	 -3.2184	 -0.6164
+22.6854	-98.1244	+21.6972	 -0.9516	 +1.1861	 -1.1706
 -9.1226	 +2.4630	 -2.4044	 -2.7383	 +2.2585	 +4.0931
 -0.5210	 -2.3603	 -7.3334	 +1.2751	 +0.7394	 +0.4228
 -2.8456	 -3.2452	 -2.3042	 +2.6678	 +1.2366	 -1.0761
 -2.5450	 +1.8300	-12.3590	 +0.5510	 -2.8688	 +1.9378
 -3.6076	 +5.2438	-10.1180	 -2.8635	 +2.6876	 -0.0188
 -9.6227	+12.7049	+18.3201	 +0.0675	 -2.4913	 +0.2979
 +8.0916	 -2.2365	+21.3122	 -0.5980	 -0.5699	 -1.2410
 -3.5082	 +9.0569	 +8.7979	 +2.7913	 +1.4289	 -4.8929
 -2.6281	 +3.1491	 -2.7818	 -2.8010	 -2.3858	 +0.0815
+10.0329	 -4.7371	 +1.1674	 +2.4200	 -2.5632	 +2.0853
 -4.9363	 -3.6692	 +2.9198	 -0.4687	 -3.7567	 -3.1056
 +2.2558	 +0.3928	 -5.1484	 -0.9840	 +0.9267	 +1.9152
-13.6494	-21.0854	 -6.1484	 -0.7015	 +4.0065	 +1.3140
 -1.5787	 -4.4174	 +0.0267	 -1.2187	 +1.3859	 -6.9872
 -4.7208	 +1.9645	-14.3224	 +0.3353	 -0.8412	 +1.5595
 +1.3275	 -4.1196	 -3.7706	 +1.7231	 +2.9549	 -1.8713
 -3.7324	 +9.8457	 +2.8221	 +1.2501	 +1.7212	 +0.3805
-156.4408	-52.3721	+202.1834	 +0.5199	 -0.6828	 +0.2381
 +2.5297	 -3.8435	 +1.2048	 -0.8042	 +0.0523	 +0.2935
 +5.7782	 -7.6958	 -7.3180	 +2.1745	 -1.3033	 +0.9436
+11.9775	 +3.1324	 -4.0436	 -0.8968	 +0.6757	 +2.3348
 +2.1787	 +5.1432	-11.1885	 +0.5117	 +4.6064	 -0.0948
 -2.3914	 +1.4295	 +6.7653	 +0.3295	 -0.0309	 -2.8543
+32.2295	+38.4857	 -0.8495	 -0.7795	 +1.8298	 -1.9314
 -5.9569	 +4.5995	 +7.6973	 +2.0070	 +0.8277	 -3.0077
 +3.3297	 -7.5242	 +7.9333	 +3.6181	 +0.5384	 -1.4474
-11.7488	 +3.3565	-20.7427	 +2.9123	 +0.6684	 +0.3752
 +1.5930	 +9.4563	 -9.5942	 +0.4477	 -1.2670	 -1.0853
 -5.3727	 +2.7483	 +3.4445	 -2.0944	 -1.6881	 -1.3243
 +1.0972	 +9.3631	 +4.0956	 -2.9568	 -0.3389	 -0.2110
 -0.0854	 +1.3970	 -5.8399	 +0.7115	 +0.4198	 -0.4425
 -8.6185	 -6.0763	 -9.6731	 +1.4170	 -1.1597	 -0.1490
 -3.5778	 -6.6991	 +9.7530	 -0.0701	 -0.2224	 -0.3271
+10.8428	 -2.2950	 +1.0868	 -2.0237	 -0.3675	 +2.8380
 -5.0284	 +1.7127	 -1.6524	 -2.3080	 +1.7319	 -0.2066
 -3.2802	 -3.8877	 -5.2094	 +1.9598	 -1.2566	 +2.5708
 +6.1602	 +0.2473	-10.6844	 -0.7762	 +1.5688	 +0.0571
 +0.3867	 +1.6012	 -6.0705	 -0.7040	 +0.1373	 -1.3726
-16.0723	-14.8360	+15.3448	 +1.3615	 +1.3576	 +3.7687
 +1.1337	 +0.2799	 +1.4935	 -0.3936	 +0.8839	 -0.8513
+12.6223	 -7.8701	 -4.5708	 -0.9167	 -2.2367	 +1.0987
 -7.3471	 -9.9704	 -6.2559	 -1.9319	 +0.6986	 +2.1404
-15.2888	 +1.3323	 +8.0583	 +2.8107	 +1.0440	 -1.7595
 +0.1132	 -7.8247	 -1.3098	 +3.7592	 -0.8375	 +2.0646
 +7.0931	 -4.9589	 -8.3362	 +3.2168	 -3.1053	 +2.1813
 -5.8543	 +5.9448	 -2.2407	 +0.8746	 +2.6475	 -1.9145
-14.8198	+27.5242	-43.1944	 +0.5590	 +0.3435	 -1.2477
 +8.5748	-12.1061	-50.9914	 -0.0805	 +0.9918	 +0.4252
 +2.0971	 -3.1791	 -5.3419	 +3.3621	 +0.0931	 +1.3339
-16.4417	 +0.9409	 -8.4806	 -2.0018	 -2.6187	 -1.8955
 -0.9598	 +0.7980	 +2.1622	 -2.7865	 +2.9557	 +0.1866
-12.4746	-14.3280	 -6.0248	 +1.1371	 +3.3066	 +0.1513
-19.1994	-71.6383	 -3.1032	 +1.2572	 +0.7623	 -0.6937
 -0.2186	 +0.8545	 +8.2548	 -1.6060	 -3.1871	 +1.4622
 +2.5348	 +5.2933	 -5.4883	 +2.8222	 -3.4136	 +2.3077
+18.6743	 -6.4840	 -3.8654	 -1.3582	 +1.4318	 -4.2739
 -6.7951	+10.1250	-13.3942	 +3.5291	 -0.1695	 +3.1139
 -5.4033	 +3.5959	-19.2624	 +1.8273	 -1.0760	 +0.1951
-11.5508	 -0.6908	 -9.3547	 +2.0011	 +1.5975	 -0.6530
 -5.2010	 +2.9758	 -1.2495	 -4.3476	 +3.9575	 +0.9562
 +2.1726	 -0.9357	 -3.5858	 +3.8213	 +4.7746	 +1.1354
 -3.9908	 +1.1567	 -2.4210	 -4.5366	 -1.0356	 +2.3434
 -7.2266	-22.5080	-14.3507	 -0.6676	 -0.1898	 +2.3963
 -3.7375	 +3.1394	 +1.2178	 +3.4607	 +1.5478	 +1.9132
 +4.5180	+15.5730	 +7.4026	 +0.1528	 -2.8165	 -1.1746
-58.5869	 -4.6636	-10.3512	 +0.2406	 +1.2580	 -1.0708
 -3.8929	 +1.1204	 +0.8298	 +1.6287	 +1.4832	 +2.3846
 -0.9895	 -0.3301	 -8.2217	 +3.5423	 +2.6758	 -1.5116
 +6.0406	 -6.9894	 -3.6135	 +1.3639	 +3.4672	 -0.1189
 +1.9361	 -0.2577	 -6.4755	 +1.3645	 -3.2972	 -1.0503
 -3.3837	 -5.0697	-13.9487	 +3.3096	 +2.1740	 -3.2464
 +0.7500	-11.7063	-25.0717	 +0.5651	 +1.9784	 +1.9431
 -8.8217	 +7.1904	 +1.2147	 -0.3601	 +0.1654	 +5.4336
 -6.7632	 +1.8331	-12.5680	 +4.2903	 -0.1046	 -2.4529
+10.1444	 +0.5335	 -3.3397	 +2.7708	 -2.4902	 -1.0100
 +2.9137	-29.9012	-20.2151	 -0.6778	 +0.4919	 -1.0717
-10.6852	+19.9149	 -0.6236	 -1.2537	 +0.7304	 +2.3743
 -4.5686	 -0.1311	 -2.2018	 +1.0408	 +2.4686	 +2.4569
 +1.3711	 +2.1110	 +5.6094	 -1.5333	 -4.4585	 +0.2154
 -7.3009	 -8.7920	 +6.9382	 -0.0038	 -2.7840	 +2.2035
 -2.5386	 +6.9184	 -5.4069	 +0.9026	 -3.9932	 -3.0870
 +4.0189	 -1.6810	 +5.7627	 -2.6404	 +2.1801	 -2.0789
 +2.8891	 +1.1431	-11.2685	 -5.0968	 -1.1267	 -0.1595
 -0.5231	 +7.6522	 +4.2160	 +1.4434	 +3.1500	 +2.1902
+34.2571	 +6.6379	 +4.0552	 +1.0158	 -0.0642	 +0.8093
-23.6771	+12.6948	 +0.5360	 +0.7704	 +0.2303	 +1.8266
 -4.2941	 -4.3755	 -8.2732	 +0.4957	 -0.8130	 +1.5112
 +5.2364	-20.7036	-19.3007	 -0.9172	 -2.5371	 -1.9904
 +6.1850	-12.7190	 -3.9768	 -1.1304	 +3.2018	 -2.3596
+10.4531	 +9.2846	 -3.9952	 +0.7897	 -1.4193	 -2.1768
-34.1626	 +7.8697	 -2.3137	 +2.4423	 -0.1035	 +3.3241
 +5.0231	 +4.1009	 -0.2666	 +0.1304	 +3.7664	 -0.8931
 +8.4207	 +7.0304	 +5.5804	 +0.1914	 -2.9662	 +0.2114
 -3.6087	 +6.6363	 -0.3478	 +4.1679	 +0.8066	 +3.0720
-12.6167	-10.7751	 +8.1697	 -0.4813	 -1.9090	 +1.6742
 -9.9345	 -1.4155	 +1.2280	 +0.3140	 -4.2399	 -0.6336
 +1.1507	-12.9064	 -7.9496	 +2.8403	 -2.0455	 -1.6461
 +0.6810	+15.3902	 -2.4197	 +3.7241	 +1.4182	 +1.7408
+16.9108	+12.7718	-15.6601	 +2.6730	 -1.5590	 -0.0158
-18.9533	 -5.6468	+15.5622	 -0.6205	 +2.8046	 +2.4232
+30.8905	 -7.8203	+67.4837	 -0.0598	 -1.8399	 +0.6446
 +9.8315	 +6.9827	 +5.0227	 +1.7941	 -0.6957	 -0.4250
 -0.7027	-13.8323	 -4.0576	 +2.7463	 +1.0889	 -1.9765
 +2.4161	 -0.3432	 +2.5477	 -0.1656	 -1.1132	 -1.8301
-18.5907	+10.6560	-15.8779	 +1.4957	 -1.3248	 +0.6862
 -5.6456	 -3.8612	 -5.0987	 +3.4017	 +2.3730	 +2.3800
+24.2661	 +3.0987	 -3.7896	 +2.2870	 -0.4732	 -2.0979
-10.9981	-17.5592	 -4.1309	 -1.6266	 +1.9452	 +1.6750
-13.6858	+13.6415	-13.2081	 -2.1082	 +2.4737	 -2.4638
 -6.3149	-21.8564	 +9.1161	 -2.6567	 -1.2441	 +1.7696
 -2.6997	 +4.3380	 -1.1810	 -2.0700	 +0.8023	 +2.7405
+11.1496	 +6.3950	 -9.9528	 +3.6506	 -1.5091	 -0.1200
 -0.5865	-20.0158	+14.3524	 +1.5409	 +0.4270	 +0.3655
 +0.6170	 -7.6092	 -5.3804	 +1.6784	 -0.9672	 +2.5896
 +0.3328	 -5.9121	 +1.1079	 -4.8228	 +0.3792	 -3.1236
-10.0126	 -3.4188	 +1.0555	 +0.6182	 -0.3954	 -1.8724
 -0.2852	 -0.9283	 +0.9387	 -3.5853	 -4.7037	 -2.1252
 +3.9062	 -7.3725	-15.2256	 -1.6022	 -1.5679	 +0.6328
+10.3465	 +2.6719	+27.8175	 -0.2486	 -1.8430	 +1.1726
 -3.5438	 -8.2808	 -2.6434	 -3.4547	 -1.5934	 +1.3521
 -1.6153	+12.2405	 +0.7340	 +0.7027	 +1.3206	 +4.3725
 +5.3182	 +2.4128	 -5.2055	 +1.1710	 -0.7574	 -3.0291
-11.3301	 +2.1686	+14.3557	 +2.1659	 +0.0425	 -2.1328
 -4.4195	 -4.1125	 +4.9669	 -3.3324	 +0.0719	 +3.0008
 +3.6436	 -0.7779	 -0.1888	 +0.2733	 -0.6953	 -2.8343
+33.9515	 +8.4804	-19.3001	 -0.5327	 -1.1431	 -0.1046
 -5.2551	+12.0109	-26.6186	 -3.1745	 -0.2946	 -1.5157
 +1.1967	 +1.3946	 +1.1752	 -4.6113	 +0.4850	 -1.2878
 +0.2761	 -4.4376	-10.3603	 +3.8898	 -0.3760	 +0.6405
 -0.7420	 -0.9451	 -2.1707	 -0.3251	 +6.2779	 +1.5670
 -6.5238	 +4.8111	 -2.0067	 -0.4372	 +2.4340	 -3.7890
 +1.4968	 +9.7819	 -1.5274	 -0.4112	 -3.5960	 +2.8739
+14.3823	+11.5091	 -1.9229	 -2.9006	 -2.0008	 -1.3715
+25.1169	 -0.2879	 +6.1902	 -1.9845	 +0.8923	 +0.6326
 -0.7343	 +1.2397	-11.1950	 -0.8507	 -1.1760	 -1.4408
-12.9097	 +0.8849	 -2.1337	 -2.5677	 -0.9126	 -2.5567
 +0.1991	 +0.9563	 -4.6128	 +1.7456	 +0.2394	 +0.9711
 -2.0986	+12.2066	 -2.1702	 +1.9883	 -2.7798	 +1.9265
+17.9234	-63.4017	-33.5462	 -0.4215	 +0.8826	 +0.6773
 +1.8741	 +9.9599	 +8.1621	 -0.4494	 -3.1878	 +2.5972
 +1.5775	 -3.0123	 -5.2238	 +1.9313	 +0.7993	 -1.6536
 -7.3288	 +3.2665	-11.4045	 +1.6134	 -0.5085	 -0.6438
+11.1404	+18.6408	+29.6144	 -0.9763	 +0.0918	 -0.9278
 +0.7142	 -1.2347	 -0.6061	 +3.1104	 -5.9096	 -0.7517
 -0.0010	 -2.3079	 +4.7977	 -2.5010	 +3.1904	 -2.4325
+16.2796	-19.2476	+22.3109	 -0.6651	 +1.1966	 -2.0022
 +1.3883	 -7.2117	 +1.0899	 -2.5696	 -1.4592	 +1.5566
-72.2833	-57.9573	+27.9169	 +0.5353	 +1.2360	 +0.5286
-13.5495	 -4.2982	-12.5688	 +2.2596	 -0.4791	 +0.4416
+60.6148	+43.0938	+41.8646	 -1.2164	 -1.2513	 -0.3340
 -5.4862	+10.3512	 -7.6267	 -1.5259	 -2.4074	 +3.0331
 +9.9183	 -6.2016	 +0.4847	 -0.6175	 -2.1366	 +0.4593
-109.3828	+51.5009	-21.7124	 -0.5394	 +0.7797	 +0.2650
 +3.5929	 -4.2750	-15.3264	 -3.3990	 +0.0092	 +1.5461
 +6.5383	+11.1223	 +4.2891	 +1.8296	 +0.0216	 -0.6012
 +5.3160	 +0.9998	 -3.3278	 +1.7234	 +0.8574	 -3.8912
 -2.2091	 +1.9550	 -5.4291	 +1.3186	 +3.3070	 -2.1713
 +0.0184	 -3.5873	 +1.1738	 -2.2067	 +0.9282	 -1.9635
 -8.3484	 +8.1383	 -3.6853	 +1.4979	 +4.2677	 -1.9723
 -1.0402	 +0.7857	 +0.1932	 +4.6511	 +3.5929	 +0.1819
 -6.9707	 +2.7431	 -1.1732	 +2.7358	 -4.5064	 +1.2330
 -6.1590	+10.0639	-12.2836	 -0.6567	 +5.0489	 -0.2936
 +6.0745	+11.1528	-11.4903	 -0.1255	 -0.6021	 +1.2770
 +0.5454	 +0.0578	 +0.4784	 -0.9528	 +2.5090	 -1.1618
 +3.5346	 -3.4716	 -3.1630	 +1.2226	 +2.2593	 -2.7532
 +3.6393	 +2.7693	 -3.1115	 +2.5575	 -1.6638	 +3.9157
-33.2859	+10.7580	+12.4727	 -1.3970	 +1.0649	 +0.5681
 -7.4424	 -4.0602	 +4.5893	 +2.6516	 +4.6306	 +2.9327
 -1.8543	-11.9812	 +8.3065	 -1.3428	 -4.8250	 +2.3329
-15.0834	 -4.0330	 +3.0202	 +1.1046	 -0.9419	 +4.0569
 -1.2412	 +1.0981	 -5.9000	 -1.8960	 +1.7068	 -2.6640
+10.0755	+15.4172	-21.4402	 -1.1288	 +1.1208	 -2.6588
 -0.0185	 +8.2356	 -7.8370	 +3.6372	 -1.3205	 -0.6710
 -9.8035	 +1.9140	-14.4656	 +0.9099	 +0.8540	 -1.3745
 +2.9045	+11.9532	 -1.4234	 +0.4810	 -2.4146	 +1.5745
 +4.1412	 -1.4803	 +4.1042	 +0.5265	 -4.2379	 -2.0040
 -8.0929	 +3.8563	 +6.7167	 -0.6126	 -0.0417	 +0.8481
-14.8070	 -2.8869	+15.8745	 -0.6435	 +1.3232	 -0.9347
-43.7122	+10.1585	 +4.2502	 -2.4173	 +1.5142	 +0.8346
 -0.0644	 +3.3775	 -1.8478	 -0.7804	 +0.7172	 +0.9790
-26.5106	 +9.7638	 +8.9881	 -1.1352	 +4.6377	 +0.2497
 -9.3527	-11.1729	 +7.0852	 +0.7654	 +0.7301	 -0.7582
 -4.3286	 -0.8433	 -2.9018	 -4.4513	 -3.2784	 -2.5788
 -4.7611	 -0.7201	 +2.9682	 +0.0610	 -1.1162	 +1.2831
-15.5403	-51.3004	+32.1853	 +1.8918	 +0.0211	 +0.8713
 -2.9033	 +9.3218	 +0.8259	 -1.9497	 -1.0040	 -1.5486
 -1.1777	 +0.6598	 -7.2471	 +4.6274	 -0.2326	 +1.2267
 +1.7983	+16.3012	+14.6114	 -1.8432	 +0.2826	 +2.0451
 +5.1423	+14.6980	+16.6332	 +0.4230	 +1.8935	 +0.7878
 -0.5583	 +6.2301	 -4.8654	 -0.5740	 +1.7536	 -3.4122
 -4.9904	 +6.8646	 -1.2125	 +1.3234	 +1.4047	 -0.9232
 -2.2519	 -2.3196	 -6.0092	 -1.6136	 -0.6665	 +3.6148
 -2.8861	 +3.1883	 -2.3099	 -0.1043	 +1.0951	 -1.3036
+10.6458	-12.0270	 +2.6417	 +1.0829	 -2.8982	 -0.7575
 -2.1084	 +0.1599	 -1.4822	 +0.5515	 +3.1418	 -3.9219
 -2.6027	+22.1130	 +0.0385	 +1.8070	 -0.2164	 +2.7067
 -6.4738	 -4.8757	 +1.3255	 -0.7715	 -3.3955	 +1.4252
 -5.5721	 +2.7866	 -0.6122	 +0.6223	 -0.5966	 +1.6973
+19.3017	+14.1795	 -2.9435	 +0.5368	 -2.1145	 +0.3154
-11.7468	 -2.0751	-11.5507	 +2.3725	 +0.2463	 -0.7878
 -2.0963	 -1.6033	+12.1883	 -1.2422	 -1.3043	 -2.9096
 +2.6300	 +1.7430	 -0.3092	 +0.5732	 +0.3455	 +2.1869
 +9.7278	 +9.2767	 +4.9291	 -2.1369	 +3.2903	 -0.0919
 +2.7692	 +3.1665	 +1.8036	 +5.4821	 -3.5017	 +0.5469
 -4.6967	+10.3723	 -5.4009	 +2.5503	 -1.9675	 -0.8359
 +4.6844	+15.2403	-17.3815	 -0.3068	 +1.4114	 +1.3255
+11.2785	 -0.3442	 -5.5474	 +0.9049	 -3.6241	 +0.4079
-10.9938	 +1.3307	 -2.0717	 +1.1485	 +2.2864	 -0.4136
 +0.0718	 +5.9612	 -8.0622	 -0.6654	 -2.9889	 +1.0595
-12.7931	 +3.7243	 +9.7347	 -2.4549	 -0.2071	 +1.9033
 +8.0376	 -9.3119	+36.1821	 -1.0393	 +0.8082	 +2.0227
 -3.0142	 -8.0170	 -2.2902	 -0.2526	 -2.0392	 -3.2055
-16.2278	 +6.3741	 +0.7795	 +0.2191	 +3.6737	 -0.0508
 +3.5789	 +0.8160	 -1.8367	 +1.2583	 +0.4498	 +0.3194
+17.4989	 -9.4312	 +8.6357	 -0.1937	 +0.6679	 -0.7565
 -1.1547	 -6.3238	 -0.6657	 +3.2058	 -1.7218	 -0.6048
 +0.1019	 -2.8011	-11.2606	 +0.7164	 +6.0237	 -1.6560
 -3.4895	 -3.1944	-11.7508	 -3.1280	 -2.0886	 +1.6117
-23.0613	 +5.3973	-40.4562	 +1.0576	 -1.1030	 -1.1367
+14.9224	+16.7885	+29.7038	 -1.0720	 -0.8861	 +0.7675
 +4.9811	 -2.2699	 -1.2318	 -0.3350	 +0.8188	 +0.8767
 +2.0348	 +7.3293	 +1.7500	 -2.1420	 -1.6812	 -2.3024
 -5.8146	 +8.2391	+23.7090	 -1.1900	 +0.7324	 -2.7401
 -8.6226	 -4.1426	-10.5668	 +2.4009	 -1.7116	 +0.3453
 -0.4706	 +2.3868	 +1.1186	 -5.1810	 -0.9531	 +0.2310
 -8.7951	+15.1579	+13.0403	 -1.6341	 +1.0965	 -0.0838
 +3.8700	 -8.4510	-11.4074	 +0.3713	 +1.2736	 -1.7070
 -4.5874	 -4.3661	 +6.0352	 +1.9422	 -4.7656	 +0.3074
 -1.9004	 -3.7037	 -4.7889	 -2.8307	 -2.0928	 -0.2754
 -3.9338	 +4.0975	-11.8054	 +3.3611	 -1.1743	 +0.2464
-18.7631	 +0.1653	-16.7551	 +2.6515	 +2.3187	 +1.1064
-12.6202	 -6.7187	 -1.5469	 +1.1198	 +0.5035	 +3.2131
 +4.6329	 -1.3715	 -3.9688	 +0.5321	 -0.5914	 -2.2446
 -5.3058	 -3.1948	 -2.3462	 +0.1810	 +2.1566	 -3.4843
 -2.7798	 +4.5464	 +2.6746	 +1.0343	 -4.5169	 -1.4815
 -1.4139	 +3.1867	 +0.3206	 +1.3635	 +1.1811	 -3.2225
+22.3306	-14.9119	 +4.2662	 +1.3798	 -0.1901	 +1.1556
-14.9200	+19.0070	 -7.6172	 -1.1025	 -0.2128	 -0.9935
-11.1750	 +4.0647	 +1.6049	 -1.4984	 -1.3243	 -2.1152
 +0.5787	 +4.9057	 -8.1599	 -1.2051	 -2.9491	 -3.3878
-13.6596	-11.0833	+10.3198	 -1.2857	 +1.3869	 -0.1344
 +7.9853	+10.6689	-20.4976	 +2.7020	 -0.8526	 +1.9735
 -3.6839	 -4.9864	 -0.9111	 +6.5635	 +2.1416	 -0.7681
+20.3140	-12.1066	-25.1043	 +0.1706	 -0.1571	 +1.9444
 +1.0188	 -2.3024	 -3.9950	 -4.6814	 -5.5397	 +0.7031
 -6.7615	 +0.3787	 -3.6834	 -0.5402	 -2.2825	 +3.4127
 -1.0554	 -0.7195	 -1.2563	 +0.9817	 -1.8112	 -2.9690
+23.3108	 +6.1429	 -0.0212	 +0.1398	 +1.8413	 -0.2056
 +5.8386	-12.2687	 -6.7477	 -3.5655	 +0.1991	 -4.0405
 -3.7312	 -6.1699	 +0.4541	 -4.0121	 +0.8791	 -5.4514
+21.2340	 -6.7845	 -6.4340	 +1.1419	 +0.8469	 +0.1756
-19.5261	 -3.4555	 -4.7871	 -0.9430	 -1.9987	 -0.3284
 -6.0460	 +6.9830	 +5.3437	 +2.6201	 +1.2624	 -1.3048
 -8.8215	 -3.1926	-10.4532	 +1.9333	 +2.0758	 -0.9206
-15.2368	 -3.2065	 -1.0120	 +0.8981	 -0.2402	 +0.9273
-17.7851	 -3.2127	 -9.4617	 -1.1978	 +1.6023	 -2.8732
-25.3698	 -7.6612	 -5.3648	 -3.2878	 +2.5736	 +0.8195
 +0.7462	 -0.6347	 +4.8191	 -3.4701	 +2.4609	 -3.6858
 -0.9966	 -0.9795	 -2.2855	 -1.0564	 -4.3113	 +2.3244
 -3.4579	+17.8026	 -0.3096	 -0.9608	 +1.9300	 -2.5981
 +3.2369	+11.7010	 +3.1352	 +1.3398	 -3.5247	 +0.4234
-12.6367	+14.2029	-48.8120	 +0.1074	 +0.0376	 -0.2306
+10.7061	 +7.0652	 -1.9273	 +1.9028	 +2.9076	 -0.4041
+13.6341	 +7.0042	-13.1965	 +2.1734	 -1.4766	 -2.2684
-13.3134	 -3.0938	 -0.1850	 +2.1259	 +0.0423	 +3.1574
 -6.9616	+16.6943	-19.7337	 +0.9147	 +2.6326	 +2.6391
 -0.5658	-12.5850	 -4.4559	 -1.1260	 +2.8920	 -1.5720
 -4.8194	 -3.4658	 +0.9401	 -0.1224	 -3.2900	 -1.5564
 -1.2572	 -1.8952	 -7.0755	 -6.1074	 -0.1492	 +0.5686
 +1.5519	 +0.6175	 +2.4520	 -3.4034	 +0.0037	 +1.2337
 -9.5766	-12.9629	 -1.1563	 +0.0153	 -1.7509	 -0.1769
 -0.5152	+25.0015	 -1.6168	 +2.8452	 -0.1376	 -2.7222
 -0.1632	 +2.4641	 -4.2371	 -0.6947	 -0.4737	 +0.8658
+10.5137	+11.0628	 +6.7840	 +0.5041	 +1.9311	 -1.4719
 -4.8629	 -9.3145	 -3.3256	 +1.7676	 +2.5145	 +3.6087
 +2.3505	-10.0584	+17.9676	 -1.5429	 +0.8253	 +0.2580
 -2.9814	 -0.8113	 -9.6157	 +1.8755	 +0.8164	 -1.6490
 +4.1449	 +2.3048	 -8.6173	 +1.3035	 +1.0124	 +0.7463
 +5.0541	 +4.0265	 -0.4014	 -3.6498	 +0.2409	 +0.0887
 -2.9363	-17.6126	 +6.6406	 -2.4489	 +1.6271	 +0.4090
 -3.7420	 +5.3763	 -4.6109	 -1.4914	 +0.1473	 -0.2716
 +1.3707	 -0.1503	 -4.2888	 -1.5489	 -1.2100	 -0.9032
 -5.7405	 +1.6044	 -3.1607	 -0.7786	 +0.9495	 -3.2178
 -0.9554	 +7.0176	 +0.8273	 -0.2942	 -0.8945	 +0.4664
 -4.1018	 +1.8079	 -0.6229	 -2.6729	 -2.7452	 +2.1679
+10.1957	 -2.4988	 +4.6892	 +1.1168	 +0.1581	 -1.4704
-12.9912	+20.7767	 -7.4683	 +0.8952	 -2.2607	 +0.8962
 -5.0898	 -9.6065	-15.8357	 -0.3896	 +2.7494	 +1.0704
 +6.3070	 -0.2820	 -3.8494	 -0.5315	 -4.2953	 -0.7057
 -3.7866	 -1.3058	 -0.6852	 -2.5291	 -0.7768	 -0.7658
 -2.8791	 +5.2906	 -9.8323	 +0.1464	 -2.8116	 +0.6088
-19.0594	 +2.1291	+15.4289	 -1.2154	 +0.1612	 -3.9687
 -2.1967	 +6.5438	 +4.5375	 -2.8358	 +0.9642	 +6.1074
 -0.2342	 -2.8407	 +1.2256	 +0.5611	 -0.6222	 -0.8096
 +1.7810	 +2.3020	 -2.3204	 +0.7054	 +0.9348	 -0.8206
 +1.2859	 +8.7856	 -2.2636	 +3.5929	 +2.0165	 +0.8756
 -0.4855	 -4.6332	 +1.9713	 -2.0049	 -1.0477	 -5.0896
+20.9157	 -6.4069	 +5.2428	 -2.6239	 -1.6260	 -3.1228
 -0.0304	 +1.1260	 +2.0714	 +0.9979	 +3.5161	 +0.5837
 -2.0921	-34.6784	+58.0924	 -0.3752	 -1.1716	 +0.5056
 +0.3886	 -5.5112	 +0.3908	 -0.4364	 -3.6461	 -0.4345
+37.9832	+35.4419	-30.4377	 -1.7482	 -1.2015	 +0.5783
 +1.9590	 +4.0580	 -3.3679	 -0.6057	 -3.0515	 +3.3011
 -1.4907	 +0.7410	 +1.2194	 -0.6771	 -3.5571	 -2.9338
+51.9933	 +1.6211	-44.8212	 -0.2954	 -0.1705	 +1.4979
-13.7749	-32.3380	+26.9920	 +2.5682	 -2.0118	 +1.5860
+104.1681	+58.7894	+15.4634	 +0.0501	 -0.7927	 -1.6076
 +0.4228	+30.9618	 +4.5292	 +2.8169	 -0.9669	 +0.6293
+23.4227	+66.8533	-34.0168	 +1.1678	 -0.3674	 +0.0130
 -8.9206	 -9.8449	 +2.2013	 +0.2436	 +0.6083	 +2.0912
-10.9451	+17.7886	 -3.2556	 -2.8801	 -1.2434	 +1.1466
 -8.3578	 +1.6599	 -7.4131	 -5.3231	 -0.5936	 +4.9770
+11.4457	+28.5309	-48.7548	 +0.7252	 +2.6803	 +0.2019
 +6.9793	-12.4050	+42.6117	 +1.4906	 +0.9408	 -0.9995
+23.1501	 +6.6849	 +2.5006	 -2.3252	 +1.4977	 +0.8699
 -3.5619	 -3.3162	 -7.7196	 +2.5141	 -3.7609	 -1.2333
 +2.8289	 -7.4479	 -5.3177	 -5.1386	 +2.0332	 +1.2910
 +7.7231	 -4.7375	 -0.8054	 +2.2527	 -0.8416	 -3.4017
 -0.5982	 -3.3743	 -4.6100	 -3.0986	 -1.6419	 +5.0215
-11.7899	 -9.6213	 -6.5076	 -0.3799	 +1.5826	 +0.7839
 -4.0987	 -3.2549	 -3.0440	 +3.4545	 +2.6437	 +0.4952
 +0.8409	+24.0403	 +7.4185	 -1.2227	 -1.9651	 +0.8022
 +3.7100	 +5.0789	-15.6253	 +0.1624	 +3.4017	 -0.0935
 +8.5396	+15.2856	-25.9156	 -1.5816	 +0.1764	 -0.0889
 -4.2977	 +8.2562	 -1.6752	 -2.0406	 +4.6749	 -0.5245
+18.2409	-21.4269	-11.3041	 -1.1058	 +0.8025	 -0.9962
 -4.4971	 +2.0321	 +3.1644	 -0.9863	 +1.3831	 +0.0230
 -2.3137	 +4.1992	 -1.2423	 +0.9079	 +1.6086	 -3.3605
+12.6105	-18.8732	 +0.2477	 -0.8369	 +0.8072	 -0.4192
 +2.0762	 +3.4537	-14.8386	 +0.3536	 -2.4767	 +2.6426
 -3.1455	 -6.1964	 -0.1466	 -3.0497	 -0.3872	 +6.1383
 -0.7346	 +5.9548	 +2.2902	 +1.2757	 -0.7487	 -5.0590
 +1.9303	 -2.1215	 +6.1669	 +0.3907	 +0.7017	 -3.5157
-23.3658	+23.7420	 +8.2343	 -0.1041	 +1.8630	 +0.8789
 -4.7036	-11.3739	 +2.2665	 -3.1039	 -2.0380	 -1.3425
-13.0528	 +5.5680	 +0.2028	 -3.6139	 -2.5509	 -0.8647
+12.3688	+10.6513	 +6.1323	 +4.0755	 -0.3458	 +1.3241
-11.8161	 +4.6291	 -4.7128	 -3.0830	 -0.4229	 +1.6020
 +3.3560	 +0.5897	+11.6549	 +1.3537	 -1.4333	 -1.7199
-14.8469	+66.1056	+21.2154	 +0.7293	 +0.2859	 +1.2557
+19.9025	 -6.4885	 +5.7762	 +1.6526	 +1.0329	 -0.7797
 +4.0919	 -9.1137	 +6.5548	 +1.7041	 -3.1825	 +0.8838
-12.8720	-33.7077	+25.9339	 -0.8885	 +0.4825	 +1.1225
-40.7568	+34.8535	+25.6007	 +1.2266	 -0.1980	 -0.6237
 +0.1706	 +2.5227	 +2.0012	 +1.5925	 -3.2274	 -1.8548
 -4.5163	-17.6926	 -5.9807	 +3.3434	 -0.6074	 +1.6808
 +9.2076	 +9.0115	 +2.2997	 -3.7375	 +2.1190	 +2.2134
 -6.0347	 +0.0379	 -3.5262	 +1.8824	 -6.2200	 +3.3675
 +3.9154	 -2.0945	 +3.5664	 +5.5121	 -0.6998	 +0.6216
 +8.0695	+12.6248	 +6.8068	 +3.2141	 -0.3579	 +1.5096
 +4.2429	-32.8560	+110.5674	 -0.2987	 -1.4595	 +0.5595
-23.8103	+11.1087	 -3.3298	 +0.2634	 -2.9461	 +0.3009
 +5.2561	-13.5571	-18.3273	 +2.4858	 +0.8136	 -1.3519
 -4.0149	 -0.1817	 +3.2623	 -2.1955	 -3.7328	 +0.6026
+11.8934	 +1.3850	-11.8657	 -3.4885	 -2.3224	 +1.5312
 -5.7099	 -6.5695	-19.5470	 -0.5429	 +0.1137	 +2.2921
 +0.0828	 -7.2286	 +3.9006	 +3.4147	 -1.0771	 -3.7055
+25.3839	-25.2947	+39.2143	 -1.3269	 +1.1211	 -0.3468
-10.4053	-16.0502	 -8.1410	 +2.5663	 +0.3681	 -3.5004
 -1.4954	 -7.7885	 +1.3175	 +0.8453	 -4.1253	 -1.4335
 +5.5240	 +3.0089	 -2.7994	 +1.2470	 +4.5728	 -2.5709
-15.7717	 +6.4273	+14.9749	 -1.7793	 +1.8330	 -1.2771
 +9.3918	 -6.5155	 -1.9511	 +1.4130	 +4.3346	 +2.0757
+13.9972	 +4.7491	 +6.0514	 +0.9623	 -3.4492	 -2.4319
+13.5244	 +1.2762	 +3.8522	 -3.6048	 -0.4426	 -1.5159
 -0.1547	 -1.2321	+22.6379	 -0.3308	 +2.9772	 +0.5767
 +3.6213	 -8.8825	-13.0273	 -0.3092	 -5.1708	 +1.6368
 -1.4625	 +1.4346	 +4.9567	 +3.2031	 -2.8365	 +0.6657
 -4.1639	 -0.2198	 +4.5311	 -2.2217	 -1.2445	 +1.6054
-14.9756	 -4.0219	-10.4522	 -0.4155	 +0.8753	 -0.3624
-13.0433	 +3.4416	 +0.2513	 +1.7225	 +1.1729	 +0.7402
 +1.8500	 +8.0504	 -8.3080	 +0.0365	 +0.6525	 +2.4168
-18.7636	 +2.0008	 +9.2265	 +4.5113	 +0.4276	 +1.8578
 -2.8444	-10.6452	 +1.8214	 +1.2173	 +0.4768	 +2.8462
 -6.5777	 -2.0540	 -3.9012	 +0.8277	 -0.3872	 +0.7354
-11.8015	-11.4046	 +0.4382	 +0.7931	 +2.6570	 +0.6908
 -1.7105	 +8.0445	 +4.6731	 +1.9050	 -1.9528	 -0.3971
+27.4475	+22.8380	 -5.2585	 -0.8136	 +0.9108	 -0.2501
 -5.9742	 -9.3843	 -0.1679	 +1.7922	 -0.2776	 +0.6743
+25.3747	 +2.6077	 +6.3109	 -0.8657	 +2.2751	 -0.7845
 -3.5950	 -4.2129	 -6.4379	 -3.5025	 +0.5416	 -2.9228
 -5.3009	 +3.3303	 -8.7729	 -0.0586	 +1.4936	 -1.0929
 -3.6417	 +3.7858	-12.1728	 +4.2055	 -4.0969	 +0.4225
 +1.8239	 -3.8840	 +1.7886	 +0.0632	 -3.8999	 -2.1728
 -6.6667	-23.2771	 +5.5802	 +0.0045	 -3.3801	 -1.6164
-11.9910	 +9.6703	 +5.7062	 +1.5761	 +0.3685	 -3.0905
 -2.9516	 -3.5976	 -3.4339	 +1.4188	 +5.6356	 +2.6024
-15.9704	 -9.7832	+16.5463	 -3.1982	 -0.5874	 +0.9509
 -7.6554	 +0.2167	 +2.3035	 -5.7875	 +1.1455	 -0.3065
-16.9143	 -6.5570	 -6.6228	 -1.8831	 -2.6675	 +1.2016
 -0.1027	+24.3990	-12.3607	 +1.6875	 -2.2428	 +2.1766
-13.7032	+11.8783	 -3.7525	 +0.1145	 +2.7846	 +1.4181
 +4.6001	 -7.2078	 +5.5862	 -4.0874	 +1.5097	 -0.1967
+13.5958	-23.9782	 +1.9437	 -1.0729	 +1.3460	 +1.6104
+11.4061	 +2.6697	 +1.0941	 -1.3875	 +2.8796	 -1.1954
 +6.8770	+37.4756	-14.7224	 -0.0998	 +1.6478	 +2.2275
 +3.5228	 -3.3421	 +5.2076	 +0.1655	 +0.7502	 +2.6984
 -1.3105	 +8.5868	 -1.1269	 -3.4464	 -0.0266	 +0.2835
 -3.7433	 -0.7817	 -4.5586	 -1.0076	 -3.7067	 -0.8381
+86.9466	-29.2016	+52.0599	 +0.1404	 -0.9276	 -1.3687
 +0.2706	+11.7138	-13.8610	 -2.4666	 -2.0049	 -1.4976
 -1.2993	 -1.2375	 -8.8267	 +2.3769	 -3.5093	 -1.4029
 -1.8472	 -0.0252	 +7.6044	 +2.0033	 +1.0117	 -0.1971
 +2.6328	 +5.2598	-14.3746	 -0.9539	 +2.2540	 -0.7675
 -6.8613	 -0.4409	 +2.9207	 +3.1397	 +3.4394	 -3.7668
 +1.1711	 -0.2214	 +3.2108	 +1.5270	 +2.0066	 +2.5459
 +4.6555	 -6.0796	-10.5133	 -1.5903	 -2.9336	 -0.7175
 -7.1893	 +0.8863	+19.5204	 +2.2626	 -1.0851	 +2.2805
 +3.1190	 -6.3587	 +8.2269	 -3.4847	 +2.9104	 +2.0300
 +4.2140	+14.7062	+24.3730	 +0.5960	 +0.8754	 +3.7524
+10.4149	 +5.3696	+14.5396	 +0.7587	 +0.8099	 +2.1883
 +7.0577	 +0.8500	 -2.3683	 -2.1425	 +1.3944	 +0.0978
 -3.9305	 -8.6486	+21.6796	 +1.3821	 +1.1534	 -0.9209
 -8.8974	 -0.5630	+16.2276	 -1.6323	 -2.1803	 -2.1580
-20.4161	 +1.2989	 -6.7304	 +1.4652	 +1.0057	 +3.7814
 +4.3955	 +3.1498	 +3.0644	 -3.3352	 -2.6825	 -1.6064
-42.1943	+21.6683	 -0.4055	 -2.9604	 +1.3993	 -1.0390
 -3.0979	 -2.7555	 -3.0987	 +0.2344	 -7.1025	 +0.3519
-13.2721	 +1.6729	 -0.7535	 +2.4804	 +2.7689	 +2.2290
+18.6082	 +6.6428	 +7.9978	 -1.3630	 -0.9965	 -1.7707
 -4.4782	 +5.8613	+11.8725	 +2.0406	 -0.3146	 +1.5257
 +4.6906	-20.0559	 +4.3263	 -0.5725	 -0.4516	 +0.8376
 -5.7913	-12.4543	 -1.7147	 -2.1797	 +2.3944	 -1.5946
 -0.5033	+12.4336	 +5.1304	 +0.8151	 -0.1654	 +1.0804
-92.2424	-169.9782	+26.0924	 +1.0942	 +0.0029	 -0.0977
 +6.2595	 +3.9581	 +2.3857	 -1.1612	 -0.2599	 -0.3028
 -2.0623	 -7.1291	 -2.4924	 -3.8610	 +0.2611	 +2.9669
 +1.3861	 -2.5027	 -1.8646	 +3.9243	 +3.1946	 +1.6516
 -8.3566	 -1.8645	 +7.4758	 +1.8008	 -2.9447	 +4.4266
-11.1756	 -1.7443	 -2.1440	 -2.0456	 +0.1766	 +5.4230
 +0.3951	 +1.5863	 -6.8337	 +1.0088	 -3.1286	 -0.0028
 +1.9823	 -5.5161	-12.0290	 -2.0570	 +0.0158	 -0.9450
-14.5375	-10.7565	+22.6142	 +1.6587	 -3.0752	 -1.1231
 +3.2991	 +1.9380	 +1.2095	 -3.1659	 +4.2432	 +1.4082
 +2.7565	 +2.8274	 -4.1043	 -1.2822	 -1.6564	 -2.3212
 +2.0247	 -7.5577	 +3.1937	 -2.6887	 +3.6187	 +2.6082
 -0.1922	 +1.6021	 +0.8447	 -1.6566	 +5.1007	 +4.5808
 -2.1574	 -3.7578	 -1.8245	 +5.9061	 -1.4295	 -0.0137
 -3.8951	 +5.0469	 +7.4345	 -2.7493	 +0.9432	 +1.1326
 -3.1462	+20.9596	 -6.4264	 -0.7750	 +2.6668	 +2.6215
 +9.7116	 +2.1474	 -5.9186	 +0.5541	 -1.8662	 +1.6171
 -3.7128	 -1.4161	-12.7147	 +0.9401	 +1.0258	 -1.9427
 +0.3673	+28.5089	-30.7125	 +0.1989	 -1.0584	 +2.4149
 -0.7271	-19.5106	+40.5597	 +0.4419	 +0.5604	 -1.7858
+17.7400	-20.8115	 -8.1850	 -0.5931	 +3.1078	 -1.2847
 +0.9825	 +3.2805	+15.9472	 -1.6515	 -1.2282	 -1.8134
 +1.0443	 +0.7504	 +3.9174	 -2.7498	 -2.3578	 -4.5639
-12.7807	+14.6079	 +0.4029	 -2.3555	 -0.1571	 +1.1507
 +4.3533	 -6.2423	+29.3775	 -1.5350	 +1.2673	 -1.0700
-46.7332	+20.7635	-75.7241	 +1.0056	 +1.8903	 -0.0082
 +7.6218	 -1.4916	 -1.3840	 -1.3212	 +3.2404	 -0.2141
+13.2228	-16.9999	 -4.6935	 -0.7123	 +1.5117	 +0.7827
 -3.2659	+15.8018	-13.6247	 -0.2692	 +1.1173	 -0.8855
-27.6991	 -2.3414	 -7.3895	 -0.1459	 +1.1163	 +0.0093
 +0.2704	 +4.4161	 +1.1488	 -0.9452	 +2.6613	 +2.7311
 -3.0554	 +6.2333	 +4.0029	 +1.7832	 -0.4062	 -3.0089
 -4.0366	-26.0576	-16.3947	 +0.7573	 +2.9516	 -1.3280
 -2.0919	+11.3560	 +1.4803	 +2.5969	 +2.3694	 +0.5479
 -5.4994	 +2.9735	 -1.2008	 +0.8489	 -3.1947	 +2.2979
 -1.7325	 -2.4032	 +9.0679	 -2.6017	 +0.7450	 +0.7924
+19.7585	+15.7040	-33.5581	 -1.1019	 -0.9822	 +0.4244
+29.3571	+40.5853	+68.9429	 -1.0435	 -0.5681	 +1.0862
 -5.0441	 +2.4133	-23.2029	 -1.7229	 -2.6321	 -0.5287
 +1.3295	 -8.5462	+14.8603	 +2.9527	 +0.4848	 +2.5218
 +0.8942	 +1.7271	 +2.4614	 -1.1664	 -0.6388	 -0.5238
 +2.8744	+17.0443	 +6.9783	 +1.6840	 -1.0960	 -0.1252
+68.2840	+28.4958	+34.6953	 -0.6396	 +0.1863	 +0.6673
 +1.5333	 -3.3296	 -2.3246	 -2.1203	 +2.9681	 -4.5327
 -1.3141	 +7.6330	 +3.1496	 -0.8621	 -3.0131	 +2.6573
-15.3041	 -7.9257	 +1.7376	 -0.3340	 +1.2640	 -3.3495
 +2.2440	 -2.6632	 -0.4705	 -1.9953	 +2.2527	 +4.1020
-41.3260	+10.3132	+10.3777	 +1.0019	 -1.1265	 +1.8386
 -1.9629	 +4.4403	 -8.5093	 -0.7680	 +4.4557	 -2.2156
 +1.3616	 +6.3380	 -5.2109	 +1.1450	 +3.4523	 -3.7525
 -2.0023	 -8.1528	 -1.6654	 +3.8061	 +4.0107	 +0.7701
 -9.1670	 -0.1341	+29.3407	 +1.8510	 -0.1958	 -0.6839
 -7.3923	 -2.8130	 +7.8871	 -0.9011	 -4.7443	 -1.5550
-10.4382	 +7.3116	 -0.7228	 +1.6667	 -5.0149	 -1.0938
 +8.5527	 -3.6890	 +4.8118	 +0.5886	 -0.8557	 +0.9134
 +6.1642	 -5.7194	 +8.2644	 -4.0470	 -3.3477	 -2.4116
 -0.4177	-12.1625	 +7.9318	 -0.2313	 +1.3770	 -0.5407
 +3.9523	 +6.7321	-25.6594	 -1.7316	 +4.0734	 -0.8634
 -3.4706	 +3.2389	 -9.4011	 -1.3672	 -3.2645	 +2.6672
 -0.4642	 +3.6488	 +1.7880	 -4.4782	 +0.9843	 +4.5151
 -0.7604	 +0.1467	 +4.7563	 +0.8000	 +0.6304	 -1.9676
 -4.7775	-20.9377	-10.2804	 +0.6130	 +0.0519	 +3.0589
 -8.1266	-11.2714	-15.8245	 +3.2067	 -0.8937	 +1.1826
 -3.8194	 +4.1369	 +0.2247	 -1.0064	 -0.3246	 +0.3123
 -4.0991	 -9.1293	 +8.2436	 -0.4490	 +1.1016	 -3.1870
+17.0744	+13.4083	-12.7317	 -0.5181	 -1.2419	 -2.3082
 -5.9550	 -6.2258	 -4.6228	 +2.8027	 +0.4686	 +0.4596
 +2.1339	 +3.4554	 +3.4175	 -2.6288	 +4.4762	 -0.9210
 -2.1300	 +3.2830	 +2.6638	 -0.6277	 +3.4076	 -2.4248
 -3.1966	+11.7114	-25.9693	 -3.5443	 -1.9060	 +0.3179
 -5.8025	 -3.4691	 +1.6572	 +0.0975	 +2.3107	 -1.4310
+19.9066	 +8.3067	 +3.8539	 +3.2427	 +1.1380	 +0.6992
 +2.8756	 +8.4971	 -1.3999	 +0.7649	 -1.4311	 +3.7602
 +3.8996	 -0.1867	 +4.1540	 -1.3095	 -4.9461	 -0.0941
-14.6407	+19.2818	+11.4833	 +0.0395	 +0.7292	 +0.0623
 -1.7806	 -2.0596	 -3.7626	 +0.6820	 -0.8166	 +0.0509
-16.0403	 +6.8213	 +5.7472	 -1.1598	 +1.0038	 -3.8557
 -5.1424	 +5.6660	 -2.3890	 +1.1140	 -2.4189	 -1.2728
 -4.1935	 -1.6515	-10.4406	 -2.0879	 +0.8959	 -0.2407
 +4.9215	 +4.7644	 -8.8183	 +0.7944	 +0.4541	 -1.9897
+22.5834	+11.3644	 -0.6429	 -0.1284	 -3.2332	 -0.2386
-84.1261	+42.9474	+24.7944	 +0.1302	 +0.0964	 +0.6068
 -9.1601	 -0.6359	 +6.1029	 +3.4020	 +3.9841	 +2.0297
 -7.3909	 -1.4560	 -1.7340	 +0.3565	 +2.7150	 -1.8516
 -3.7351	 +6.8004	 -4.6073	 -3.7687	 +2.1625	 +2.0692
 -8.6552	 -4.2861	 +0.5098	 +1.7908	 -0.9306	 +1.6656
-19.9516	+11.2702	 +4.9386	 +0.3719	 -1.5926	 -2.0735
 -8.1828	+13.8647	-31.1864	 +0.8451	 +1.6852	 -1.9565
-16.8112	-19.5385	 -2.7910	 +0.2340	 -1.4446	 +2.9990
 -1.7660	 +3.3806	 -2.7284	 +1.3693	 +4.1532	 +2.5628
 +1.7434	+12.7824	 -9.5870	 +0.7051	 +0.6808	 -3.0275
 -0.8553	 +0.7654	 -9.1008	 +1.7338	 +0.4750	 +0.5328
 +4.7405	 -2.1310	 -3.5670	 -3.2015	 +0.2593	 -0.7305
 -8.1178	 -3.0316	-15.3137	 -3.0170	 +1.1256	 -1.4232
 -5.9098	 +2.3748	 -2.8098	 +3.3275	 +4.1087	 -4.2391
 +3.6520	 +1.5973	 +5.0004	 -0.3761	 +0.2617	 -0.0393
+30.2685	+20.3589	 +7.1169	 -1.4723	 -1.8756	 +1.8019
 +9.6033	 +2.4932	-17.5280	 +2.8842	 -3.1026	 -0.2197
 -6.4242	 -3.9554	 +5.0452	 -0.7150	 -3.0405	 -3.2373
 -3.4545	 +0.9044	 -0.2622	 +3.6367	 -4.8832	 -2.7625
+22.7713	 +1.6395	 +0.9856	 +0.8366	 -0.5398	 -0.3873
 -0.5254	 +2.0638	 +9.7883	 +3.8826	 -1.2443	 -2.0813
 +5.6178	-14.4094	 -3.5152	 -1.6830	 -1.5553	 -0.9308
 +5.9259	-14.2824	 +3.7138	 -2.2326	 -2.8998	 -0.6767
 -0.0065	 +5.2642	 +1.2305	 +0.3213	 +2.7218	 -4.4524
+13.2555	 -7.3781	 -0.8176	 +0.6515	 +2.3164	 -1.8238
+19.1969	 +4.2678	 -9.3254	 +0.5052	 -3.7696	 +0.5106
-34.9249	-18.2190	+15.4285	 -0.2414	 +0.1532	 -3.0536
 -0.2554	 -8.5933	+12.7005	 +1.8686	 -0.3840	 +1.1826
 +2.0591	+11.6431	+14.2299	 +1.1915	 -0.9964	 -2.9238
 -8.9313	 -8.8992	 -3.6755	 +1.8609	 +4.5200	 -2.7127
 +6.7571	-11.5560	 +1.8773	 +3.2413	 +1.8108	 +1.8496
-11.4530	 -5.5533	 -8.9028	 -2.2204	 -1.8289	 +0.9379
-40.8007	+26.0472	+37.3721	 -0.0685	 +0.5607	 +0.3039
 +8.0424	 +2.1401	 +4.8046	 +5.3385	 -0.5241	 -0.4732
 +1.9131	 -0.4187	 -4.2100	 -2.1431	 -2.5847	 +2.8749
 +3.1070	 +9.9583	 -6.1045	 -1.6243	 +3.1702	 +3.2046
 -4.3821	 +4.2301	 +3.5684	 -2.4119	 -1.7173	 +4.1630
 -4.5212	 +1.0965	 -2.6898	 -0.4540	 +6.1069	 +4.4429
+43.5084	 +5.7250	-16.5731	 -0.6923	 -0.7336	 +0.2812
 +0.1672	 -2.2434	 +0.6112	 +1.6650	 +4.2532	 -1.0549
 +9.0158	 +3.7667	 +5.7456	 -0.4680	 +2.2441	 +2.8357
 +6.6090	+12.4686	 +3.4433	 -0.6983	 -3.2206	 +2.0749
 -3.0893	-15.7076	-33.7270	 +1.0265	 -0.7617	 +0.9421
 -4.7429	 +0.7338	 -8.5787	 -1.0288	 +2.6772	 -1.5913
 +3.8992	 +1.0505	 +6.7997	 +0.2700	 -1.2286	 -2.8954
-102.2761	-32.5159	+84.9261	 +1.3970	 +0.1685	 -1.2337
 -1.4856	 +7.8468	 -8.7906	 +3.4636	 -2.4876	 -2.8574
+12.0339	-35.4564	 +9.4332	 -0.9934	 +1.7987	 +3.5795
 +3.3024	-25.0050	 -3.6864	 +0.9857	 -0.9175	 -2.2779
 -0.0750	 +0.7654	 +1.3299	 -2.7939	 -0.4100	 -3.9649
 -4.7968	 -6.2400	 -3.3424	 +1.3578	 -4.0537	 -3.1737
 +5.3066	 +5.8626	 -9.4079	 +3.4539	 -2.6391	 -1.1083
 +7.4959	-12.0410	 -0.2498	 +0.8256	 +1.3471	 +0.7152
 -2.5773	 -6.0609	 -9.2705	 -1.9241	 +1.6745	 -2.7879
-10.4747	 -9.4175	 +6.5826	 -2.4536	 +0.2263	 +0.4852
+12.0938	-24.1696	 -6.4877	 -0.2866	 +1.3179	 -1.1651
 -4.9605	 -0.4829	 +3.0406	 +2.1492	 +0.4488	 -0.9956
-20.3898	 -6.4534	 +4.1175	 -1.4572	 -0.4196	 +0.0647
 -1.4187	 -0.3274	 +3.1260	 -0.4582	 -4.9751	 +3.6007
 -0.2619	 +1.3331	 +4.4529	 +0.2711	 -0.8776	 -1.5532
 +4.6397	 -3.0588	 -2.2902	 -2.1900	 -0.6674	 +0.4710
-12.0035	-13.3776	 -7.1528	 -1.2625	 -1.8868	 -3.6118
-64.5800	+23.1049	+50.6046	 +1.2223	 -0.8375	 -0.8328
-58.4379	-32.2881	+18.5728	 +1.2931	 +1.0269	 -0.5485
 -8.8424	 -7.9510	+10.2310	 +0.9058	 +2.1991	 +2.3550
 -2.6072	 +3.0360	 -3.2102	 +0.1985	 -2.2924	 +1.5554
-77.6501	-125.2801	+119.3565	 +0.6652	 +0.0560	 -0.0843
 -6.1468	 +6.3973	 +0.1975	 -4.0344	 -4.3306	 +0.2273
-10.2992	+11.2324	-10.3841	 -1.6594	 -1.5557	 -2.5982
 +0.8506	 +3.0442	 -4.5345	 +0.4283	 -2.8402	 +0.1807
-46.6900	-25.9904	-14.1118	 +1.8579	 -0.5791	 -1.1644
-10.8837	 +5.0153	-10.8530	 -1.7588	 -0.1975	 +0.0130
 +5.7003	 +5.6849	-18.8124	 -0.8316	 -1.5674	 +0.3027
 +8.1216	-31.5389	+36.0462	 +1.3663	 +2.1674	 +1.6047
-12.5696	 +3.2364	 +0.8114	 -1.7306	 +0.1246	 -2.2959
 -1.0327	 -8.0620	 +7.8011	 -1.9033	 +0.9863	 +1.3931
 +3.5009	+14.6709	-21.3507	 -0.0347	 -2.4190	 +1.7464
 -6.4137	 +1.7830	+17.7691	 +2.4836	 -2.8908	 +1.0920
-17.8977	+12.7708	+22.9534	 -1.7221	 -0.3943	 +1.5044
+12.6668	 +9.9099	 +2.3311	 +0.1758	 -3.2056	 +2.3024
+11.8788	 -2.8895	-12.1109	 -0.1206	 -0.6076	 +0.5418
-10.9546	 +3.4571	 -1.1917	 +3.7411	 +2.6455	 +0.6298
 -5.9694	 +3.9736	-16.5255	 +2.2994	 -1.9618	 +0.6231
-11.3519	-15.9537	-23.5373	 -0.1618	 -0.1640	 +0.4371
 -4.7800	-13.0260	 -6.4156	 +2.0057	 +1.7804	 -1.8532
-11.1223	 -9.7041	+21.0352	 -1.5117	 +0.1811	 +0.0160
 -9.1500	 +5.1006	-10.3963	 -1.3638	 -3.0476	 -1.5701
 -8.4647	 +2.7182	 -5.7374	 +4.3980	 +0.8323	 -0.1463
-36.6384	+14.3286	+12.4874	 +0.1583	 +0.6363	 -1.6279
 -1.3997	 -8.4600	 -7.0063	 -1.2419	 +0.1033	 +1.8657
 -6.6431	-10.5232	+13.6408	 +0.8976	 +0.6487	 +2.2535
 +8.6206	+10.3269	 -4.4093	 +1.1100	 +0.5895	 +3.3031
 +3.4477	 +3.2944	 +4.7945	 -4.8405	 -0.5379	 -0.9156
-30.4310	+38.2691	-75.6346	 +0.4338	 -1.3989	 +0.6674
+11.3474	+21.9648	 -7.1195	 -1.5739	 +2.1581	 +1.3406
-12.8174	+76.7637	-52.1113	 -2.1208	 -0.6239	 +0.1631
-18.4592	 -5.1038	 -2.7791	 -0.0293	 -1.5301	 +0.3580
-15.3547	-17.6024	 -7.4857	 +1.1926	 -0.7217	 +2.0413
 +1.5172	+12.2584	 -4.3411	 -0.5000	 +4.5596	 +1.6452
 -8.9046	 -0.8088	+11.5790	 +3.1363	 +1.7327	 -1.4468
-19.8997	 -4.4098	 +5.4255	 +0.7279	 -0.9963	 +2.7489
 +2.2039	 +1.9614	 +6.2658	 +1.8845	 -3.6106	 -3.6640
 -1.0364	 -4.9587	 -9.6570	 +2.6563	 -0.4538	 -1.5458
 +4.6361	 -4.2151	 +2.2077	 +0.8078	 -0.4532	 +1.5087
 +2.1939	 +9.2430	 +4.1179	 -1.7652	 -0.5243	 -5.0123
-15.5520	 +0.9881	 -0.3088	 +0.2037	 +3.3535	 -2.0732
 +2.6306	 +3.2577	 -9.5852	 -4.2036	 +2.2485	 +1.8230
+10.6238	 +7.7481	 -2.0966	 -3.3706	 +0.3012	 +3.5261
 +9.7163	-24.7810	 -6.8342	 -2.9174	 -0.3707	 +1.8902
 -5.9253	 +0.5665	 -5.4508	 -2.5600	 -1.1920	 +4.6084
 -9.0743	 -1.7527	 +7.1819	 +0.4348	 +1.7980	 +3.3061
+10.8988	+11.4756	 +1.3546	 -0.9437	 +2.8066	 -0.6754
 -4.3052	 +8.6963	 +6.7301	 +2.4400	 +3.5163	 +0.6104
-143.6372	-178.9647	+114.0509	 +0.3708	 +0.8806	 +0.0908
 +4.2992	 -8.8792	 -0.3288	 -0.3416	 +4.5401	 -3.3906
-17.2437	+46.9814	+46.1493	 -0.3259	 -2.1711	 -0.2316
 +5.3131	 +1.2098	-12.2935	 -1.7556	 -2.5163	 +2.3547
 +7.1627	+74.6972	-83.1491	 +0.0802	 +0.0084	 +0.3279
 +1.0187	 -0.7462	-10.0742	 -0.9366	 -6.0258	 -1.0014
 -4.6173	 -4.7609	 +8.2185	 -2.3771	 +1.4603	 -0.1592
-14.0114	+25.7534	-25.3053	 +1.5197	 +0.1101	 -0.1977
-16.2453	-16.0232	 +1.0599	 +1.0027	 +3.0841	 +0.5954
 -3.1558	-14.2013	 +1.3306	 -4.5650	 -0.3871	 -1.3466
 -2.6735	+10.0375	 -2.3977	 -2.9907	 +1.5822	 +1.3230
 -2.0918	 -6.6140	 -1.9742	 -0.0195	 -4.4508	 +3.4969
-10.7648	 -2.4421	 -6.1575	 -1.5168	 +0.0383	 +1.6410
 -3.6215	 +1.9181	 +3.0588	 +2.3804	 -3.4304	 -0.4447
-10.0543	+12.0893	 +0.1116	 -4.1160	 +0.5172	 -0.8176
 -1.9696	 +2.3722	 +2.3933	 -4.6432	 +5.0399	 +1.7777
-22.1444	+26.2127	 +2.1458	 +0.3742	 -1.3283	 -0.0634
 -0.8876	 -1.7942	-20.8579	 +0.6712	 +0.5856	 -3.6812
+13.7206	 +4.7070	+10.8923	 +1.4254	 +2.1766	 -0.9641
 -5.1735	 +2.1042	-21.6836	 +1.0813	 +2.9894	 -0.9489
 +4.1765	 +6.7584	-13.0366	 -0.2028	 -2.1689	 +0.7999
 -5.2061	 -6.5841	 -4.1597	 -6.2224	 -1.7552	 +3.3088
 -0.1678	 -3.2145	 +2.4078	 +5.1852	 +0.6536	 +0.4253
 +7.8513	 +4.7707	 +7.9107	 +2.4754	 -1.6839	 +2.6516
 +0.1573	 +7.3576	 -0.6734	 -1.6195	 -3.2282	 -1.0737
 +5.4377	 -6.6279	 +7.4970	 +1.0855	 +1.6534	 +3.0426
 -6.4258	-22.3232	+12.3039	 +0.9100	 -0.5002	 +0.2247
+12.3306	 +0.0713	 +0.4443	 -1.7622	 +2.8279	 +0.4267
 -3.0371	 +4.0894	 +0.6933	 +1.6933	 -3.0353	 +2.7550
-19.4917	 +3.7387	 -2.1151	 +1.9833	 -0.5724	 +1.7566
 +0.6823	 -0.0298	 +0.0838	 -5.3448	 +4.7984	 -1.8856
 +3.0466	+13.8254	 +5.0802	 -1.2543	 +2.2653	 +1.3396
-16.5081	 +2.2994	 -5.9408	 -1.1740	 -2.5365	 +1.6743
 +7.3337	 +7.7331	 +7.4198	 -1.5890	 +1.2813	 +1.0654
 +2.4501	+13.1367	 +3.1481	 -0.9109	 +1.4078	 +1.9361
 +7.1213	+25.8519	+35.1050	 +0.6054	 +0.3081	 -1.3361
-12.9199	 -1.2782	 +1.2601	 -0.4872	 -1.4535	 +1.1132
 +3.7088	+21.0006	-11.8819	 -2.6966	 -1.6039	 +0.7296
+20.1294	-13.1150	+10.0370	 +3.4075	 +0.2905	 -1.8225
 -6.6570	 +2.2811	 -7.0110	 -0.5643	 +2.0579	 +3.7179
 -4.1515	 -1.5476	 -2.2787	 -2.8854	 -2.8600	 -4.7086
 +3.4172	 +3.4578	 -3.2760	 +3.5463	 +2.8736	 -4.1205
-11.3260	 +1.4831	 -5.1047	 -3.1110	 +0.0995	 -0.3268
-18.6653	+10.9763	-26.1053	 -0.1533	 -1.0516	 +1.8849
 +4.8645	 -1.8547	-13.8055	 +0.6011	 -2.9326	 -2.1218
+22.4747	 -2.2625	-17.5219	 -0.6322	 -0.8024	 +2.0372
 +2.6573	 -1.4456	 -4.2772	 +0.7571	 -2.4322	 -4.1976
 +0.6832	 -2.8829	 -4.5489	 +0.1563	 -2.1527	 +0.0700
+11.8617	+15.5019	-14.0424	 +0.1495	 -0.7448	 -0.2722
-16.5786	+37.3521	-11.3045	 +1.6651	 +1.6608	 -0.0346
 -4.9782	 +2.1915	 +2.5620	 -0.3624	 +1.6616	 -2.9238
-10.4793	 -5.4764	-16.4519	 +1.1379	 -1.2083	 -3.1842
-11.7487	 +3.0423	+11.8899	 -1.8879	 -4.3250	 -0.5234
+18.3941	-10.1554	 -9.2830	 -0.2821	 -0.4510	 +0.4672
 +6.2525	-19.0304	 -2.8093	 -2.0191	 -2.4620	 +0.4149
 +1.7207	 -2.4460	 +5.9153	 -1.3929	 -0.8975	 -1.9299
 +3.6053	 +7.4616	+15.2745	 -1.2688	 -0.2077	 +2.5575
 -6.1019	 +2.6522	-25.1569	 +0.4811	 +2.0695	 +0.3862
-13.6199	+18.9726	 +0.9545	 -1.4108	 -2.8314	 +1.2724
 +6.2258	 -6.0668	-19.7994	 +0.8398	 +0.6998	 +0.5542
 -9.6207	 -2.3668	 -1.6120	 +0.8040	 -1.9982	 +0.4232
+15.5120	 +6.4894	+40.4095	 -0.5613	 -0.5228	 +0.5581
 -9.8092	 -2.9973	 +1.0859	 +0.1262	 +0.5964	 -2.2270
 +7.0479	 +2.7963	 +7.5083	 -1.5149	 +2.6234	 +0.4498
-12.1139	+19.2075	 -1.6866	 +2.7020	 -0.7394	 +1.6197
-12.3839	 +2.7342	 +3.0203	 -2.1056	 +1.4857	 +0.5279
-12.9128	 +5.6262	-14.2854	 -0.1988	 -2.0900	 -2.0202
 -8.9322	 +9.2448	 +8.0868	 -3.8420	 -0.6135	 -0.4912
 +0.0026	 +3.6236	 -5.7508	 +0.4630	 +0.8320	 +3.5449
-61.2135	-18.0691	-25.6788	 -0.5164	 +0.1680	 -0.0683
 -4.4585	 -0.4658	 +5.3190	 -0.8670	 -3.7280	 +2.5466
 +5.5106	 -2.3935	 +5.7033	 -0.9568	 +0.1791	 +1.1597
+11.2995	 -5.1874	 -4.0252	 -0.5087	 -0.7774	 +1.3261
