# Iterations: 81 of 100
# Total Energy: -6.701e+05
#    Kinetic Energy: 6.753e+05
#    Potential Energy: -1.345e+06
# Current Time: 2018-05-08 11:35:36.309941
# Elapsed Time: 0:21:49.694585
# 
# Med. Times for Sections
#    Force Computation:		12.820531
#        [12.80950512.83155812.99743813.36802313.05342212.85581012.65300912.52755812.48909512.485889]
#    Gather Particles:		0.914901
#        [1.5568020.7680060.8760450.9022940.9734470.7710150.9275081.6115250.9835820.795915]
#    Overall:		15.670492
#        [16.25421415.53267615.77299116.24250416.03902115.56799315.49469316.05546315.33399815.155497]
#    Scatter Particles:		0.002400
#        [0.0027720.0023890.0024120.0030650.0025730.0023560.0026010.0022530.0022890.000555]
#    Time Integration:		0.000078
#        [0.0000850.0000790.0000790.0000800.0000840.0000720.0000780.0000770.0000720.000073]
#    Tree Broadcast:		0.915564
#        [0.9074890.9260910.9147930.9265020.9681150.9332940.9000440.9163340.8932740.877529]
#    Tree Construction:		1.001048
#        [0.9774871.0044720.9821361.0424581.0412991.0053621.0113520.9976250.9655930.995467]
# 
# x	y	z	vx	vy	vz
# 
 -6.1559	 -4.0419	 -2.8208	 +1.4797	 +0.9270	 -0.2651
 +3.1993	-18.9834	-11.2093	 +1.1142	 +2.1144	 +1.7956
 -2.0610	 -5.1684	 +8.2924	 -1.6648	 -2.5149	 +2.0252
-24.2508	+25.3976	 -0.6648	 -2.1920	 -0.8799	 +1.2013
 -4.5064	-18.7067	 -6.2104	 +1.8121	 -1.3071	 +0.3346
 -2.9310	 +0.8709	-16.6290	 +2.7231	 +0.6628	 -0.4394
+13.7261	-15.4043	 -8.7884	 -1.3712	 -0.8647	 -0.9320
+11.0922	 +7.7698	 -6.2132	 -1.6383	 +0.1001	 -0.1646
-26.3353	-34.9058	-11.2575	 +1.9573	 +1.7353	 -0.0932
-14.1662	+22.1225	 +2.0660	 -3.1437	 -0.3601	 +0.5411
-23.4297	+11.1401	+17.3581	 +2.2389	 +0.9405	 -0.3878
 -4.9073	 -3.3094	 -0.2762	 -1.4627	 +2.4841	 -1.4411
 +3.1324	 -0.5845	 -6.5066	 -2.8760	 +3.1447	 -4.2032
+25.4448	+12.3268	-27.3537	 -1.3094	 +0.9617	 -1.1043
 -0.6726	 -4.6622	 -2.1192	 +3.1506	 -1.1599	 -1.2820
+13.3242	 +2.6921	 -1.5490	 +1.7601	 -1.7900	 -1.8682
 -8.7981	 -3.2915	 -7.0392	 -0.8193	 -4.1691	 +2.9495
 -5.4287	 -0.1232	-18.9294	 -1.5091	 +0.6979	 -1.4554
 +9.7424	 -7.6475	 +7.2559	 -0.0413	 -1.1855	 -0.8716
+104.7889	-28.8039	+78.5669	 -1.3701	 -0.8371	 +0.2004
 -5.8472	 -4.2376	 -4.7198	 +3.1960	 +2.3398	 -2.9112
 -3.6012	 -1.0980	 -7.8605	 +0.9777	 -4.4592	 +0.7622
 +5.0749	 +1.6502	 -9.1873	 -1.5946	 +2.5509	 +2.2356
 -4.3673	 -4.9101	 +3.1285	 -2.5062	 +0.8663	 +4.1718
 +7.5630	 +7.6329	 -8.6715	 +1.0719	 +0.6192	 -0.0640
-35.5487	+20.7977	 -0.1162	 -2.0789	 +2.3113	 -1.3065
 -3.7457	 -2.1376	 -4.3129	 -1.5274	 -5.1828	 -2.5673
 +8.6011	 -7.5131	 +4.1783	 -4.2942	 -0.0479	 +2.0698
+10.7697	+12.4218	 +6.1266	 +2.7976	 -2.4663	 -2.3492
-17.3177	-18.3158	 -4.6536	 +3.4706	 +2.2208	 +0.5950
 -3.5972	 -4.8398	 -5.0178	 +5.3067	 -2.7067	 -4.0558
-56.4938	 +8.7374	 +0.0741	 -0.8317	 +2.0007	 +1.8286
 -2.5672	 -5.8566	-12.4841	 -4.3450	 -0.1599	 +2.4179
 -0.6785	-14.4235	 +4.7754	 -0.8852	 +2.2266	 -1.4091
 -9.9413	 -3.3277	+22.2381	 +0.3278	 -0.6170	 +0.8809
 +4.0154	 +2.0112	 -0.1984	 -1.0027	 +0.3676	 +0.3025
 +3.0258	 -5.2818	 -2.1997	 -0.6025	 -4.4415	 +1.9004
 -1.9002	 -1.3577	 +5.5379	 +4.4679	 -3.3159	 +0.4860
 -2.8856	+30.9032	-11.3345	 -0.7480	 -1.7075	 +0.6709
 +3.8370	 +0.4098	 +3.2248	 -0.1550	 +4.5304	 +2.2137
+13.8589	-12.6031	+10.2411	 +2.0457	 -3.4884	 +0.4261
 -4.9418	+10.3636	-11.5376	 -0.3815	 -1.4205	 +1.5788
 -6.1415	 -0.5827	-10.1268	 -1.6262	 +4.0722	 +0.2865
 -6.6191	 +3.2487	 -1.6255	 -3.0000	 -1.7636	 -0.2174
 -5.0487	+22.4855	-20.7261	 +2.3852	 -0.1256	 +0.8379
 +1.4858	 -0.8937	 -1.5070	 -2.3286	 -1.4892	 +4.8987
 -1.3794	 +3.4494	-11.6516	 +2.3722	 +4.4794	 -0.3771
+34.9032	 -5.9214	 +1.2367	 -0.0483	 -1.2507	 -1.5779
 -1.9415	 +5.6556	 -0.1504	 +2.4430	 +0.9534	 -1.1609
 -4.8265	 +2.4509	 -4.2754	 +3.0173	 +4.6197	 +0.8798
-33.5152	-56.9525	-37.4782	 +1.1375	 +0.2831	 +1.6036
 -2.5623	 -6.3816	 -1.7986	 -1.7712	 -2.2975	 -4.0306
+16.2859	 -8.3229	 +8.6428	 -0.4399	 +2.7409	 +3.8565
 +4.1776	+10.0508	 +5.9029	 +2.1279	 -4.3534	 +1.8481
 +5.4051	 -3.3892	+54.0166	 +0.4698	 +2.2178	 +1.8238
-28.5811	 -6.7025	 -4.4295	 -1.6641	 +0.3893	 -0.1613
+31.3662	 -4.6116	 +4.0289	 -1.4242	 +0.9911	 -1.0751
 -5.8653	 +5.6599	 +3.4006	 -0.9621	 -1.4940	 -3.4168
 +0.4931	 -5.0592	 -0.2948	 +3.2678	 +2.6960	 +4.2861
 -0.0681	-21.1001	 +8.4909	 -3.7058	 +1.4328	 +0.0112
-17.1661	 +1.6815	 +8.1624	 -3.8869	 +0.9531	 -1.8610
 -8.4822	 +6.0277	-21.5906	 -0.2327	 +3.8918	 -1.2838
 -0.8978	 -7.8162	 -3.3923	 +2.4280	 +3.1678	 -1.1215
 -5.4847	 -7.0575	 -6.1809	 +0.7985	 -2.4528	 +3.9362
 -3.6940	 -4.4893	 -3.0023	 -1.8256	 +0.0662	 +4.9880
 -8.5746	 -5.7671	-11.2877	 -2.1303	 -2.4570	 -1.2962
 +5.5011	 -1.1970	+22.1892	 +0.5092	 +1.0303	 -0.4715
-15.6522	-13.5775	+27.6962	 -2.3666	 -1.9438	 +0.3284
 -2.9916	 -8.2192	-19.6000	 +0.5368	 -0.6762	 +1.3473
 -4.1716	 +9.3664	 -2.0683	 -0.0443	 -2.8694	 +4.5017
 -2.9459	 -5.8660	 -3.1197	 -1.8075	 -1.1917	 -1.5738
-11.8385	-11.7356	 -5.3399	 +2.2464	 +0.7182	 +1.2310
-11.1839	 +6.5519	 -3.7569	 +1.3981	 -0.1730	 -1.8369
-14.7683	+15.2845	-94.7266	 +1.9218	 +0.0045	 -1.4205
+26.4162	-27.2298	-13.7892	 -0.2345	 +1.6527	 +0.6143
-12.3287	 +7.8847	-10.4346	 -2.2256	 -4.0306	 +1.2214
 -4.2390	 +4.2217	 -8.9050	 +1.1874	 +1.9630	 -0.1866
 -3.7935	-10.1781	+12.3253	 -2.8193	 -2.0118	 -1.5251
 -2.1193	 +9.9332	 -1.7101	 +3.0684	 -0.5800	 +3.6334
+22.3518	-14.0544	 -5.7129	 +2.4539	 +1.6430	 -0.0211
 -1.6555	 +1.6014	 -0.1933	 -0.9826	 +0.7594	 +3.0050
 +9.6430	+11.3214	 -8.9484	 -0.0429	 +2.2479	 -0.9256
 -1.0713	 -0.8095	 -1.7533	 +2.0172	 -0.4743	 +5.3317
-11.5003	+24.4928	+16.8535	 -0.9486	 -0.2335	 +3.5173
+14.8205	 +5.9611	 +2.6417	 +2.6078	 +2.4718	 +2.8945
 +1.7266	+11.9103	 +9.3266	 -2.9020	 -2.0604	 +0.3412
-17.3761	 -4.3804	 +0.0346	 -0.8954	 +0.7785	 -3.0107
 -1.4762	+18.0838	 +9.7841	 -0.7774	 +2.6819	 +0.7010
 -3.9765	-28.2849	 +8.8078	 +2.0392	 -1.0098	 -1.4599
 +4.6531	 -9.6082	 +1.8038	 -1.3983	 -0.4935	 -0.8721
-11.9206	 +1.1384	 -0.9613	 -0.4455	 +2.2971	 +3.4258
 -2.1046	 +0.5295	 +1.1454	 +2.5510	 +1.5319	 +0.1280
-14.1685	-26.7039	-48.2635	 -0.7328	 -0.8542	 -0.4267
 +3.1603	 +2.3084	 -5.3309	 -4.4864	 -0.4829	 +4.8588
 +5.5563	+12.2657	 -0.7026	 +0.3886	 -1.6714	 -1.1621
 +7.9899	 -7.4467	 +0.8863	 +1.5418	 +1.5542	 -4.1596
 -7.8489	+32.9152	-18.2748	 -0.4679	 -0.1201	 +2.2878
 +0.6812	 -2.8146	+18.2862	 -1.9403	 -0.4186	 +1.3203
-10.2649	+13.8243	 +0.8610	 -0.4571	 -1.7140	 -1.3915
-11.1989	-10.7067	-22.7331	 +3.1766	 +1.7271	 -0.5170
 +5.0375	 -5.0410	 -3.4614	 -3.0098	 -5.3792	 -0.4711
-12.9694	 -1.8460	-11.2510	 +1.0370	 -0.2399	 -0.3619
 -3.9354	 -0.8112	 +2.6167	 -1.4608	 -1.1033	 -3.2808
 -2.5948	 -4.9613	-10.9883	 +1.2965	 +3.6051	 -2.2059
 -0.6368	 +1.5444	 -5.3857	 -0.7878	 -2.4838	 -0.2859
 -5.8811	 +1.3091	 +5.5402	 +4.1642	 +3.0200	 +2.4557
-14.6853	-18.0427	+21.3267	 +3.1573	 -0.3225	 -0.8981
 -7.5465	-13.1972	 -0.7679	 -0.3359	 +1.7284	 -0.3205
+26.5419	+11.2349	+17.9365	 +1.0559	 +1.8237	 -0.3269
 +3.1358	 +1.3115	-10.4007	 +2.3339	 -0.2227	 -3.3860
 -3.7226	 +4.7622	 -3.8844	 +3.0911	 +5.2160	 -1.3095
+474.5863	+388.0284	-227.2895	 -0.2784	 +0.6740	 +0.3145
-138.9663	+99.4936	+200.0432	 -0.1107	 +1.1371	 +0.4412
+10.9372	 -3.4758	+10.3517	 +4.1691	 -1.3216	 +0.4572
 +5.5908	 +1.2184	+20.4970	 -1.7980	 -1.1865	 +0.3215
 +0.6002	+11.2872	 +6.5499	 -0.0963	 +2.3632	 -2.7017
 +5.8293	 +3.5162	 -0.4050	 +3.3255	 -3.0900	 -2.7790
-73.1817	-15.9058	-10.5802	 +1.3522	 +0.1837	 -0.7473
 -5.1322	 +0.9521	 -0.6068	 -2.3088	 +1.5739	 -2.2281
+45.8378	-22.3727	-43.8424	 +0.5307	 -0.7152	 +0.2455
-15.0828	 +7.8830	 -8.0644	 +0.4994	 -1.0688	 -2.1454
 -1.2225	 +1.4134	 -1.6201	 -2.3364	 +3.9968	 -1.2176
 +5.0823	 -0.4888	 -0.1638	 +3.7625	 +2.3783	 -1.7979
 -1.9489	 -9.3064	 -1.0512	 -5.0994	 -0.6114	 +0.6048
 -2.8127	 -0.6700	 +0.1367	 +2.4396	 -2.4250	 +2.7017
 +0.2021	 -3.0531	 +3.0627	 -1.8746	 +3.7821	 +0.4136
-16.1753	 +1.1429	 -4.6296	 +1.4815	 +0.0667	 -3.0479
 -9.0251	 -4.1204	 +3.0949	 -1.3407	 +0.2479	 +0.3294
 -8.8447	 +1.2091	 -7.6749	 -2.1002	 +1.8603	 +1.4838
+11.5803	-12.9734	 -1.0953	 -1.9805	 +0.0062	 -2.4873
+13.9470	+31.9951	-163.2602	 +0.0695	 -1.1594	 -1.3110
 +8.6727	 -1.4342	 +6.3031	 +2.5936	 +2.2630	 -0.8392
 +5.5800	 -2.8752	 -9.5210	 -1.7853	 +3.5792	 -0.7262
 -6.9910	 -7.5785	 +2.5477	 -3.9211	 +0.4923	 -0.0884
 -2.9179	 +0.4878	 -2.6059	 -0.6159	 -3.4446	 -1.3814
-17.7761	+24.3916	-35.4919	 -0.5128	 -1.1418	 +0.7265
 -1.5687	-10.4917	 -8.2609	 +4.9525	 +1.4425	 -1.0931
+19.2155	-16.4342	+15.9326	 -0.9623	 -2.6754	 +1.1424
 +3.5764	 -4.1869	 +4.8482	 +1.7152	 -3.3983	 -1.3063
+12.3893	 -9.3520	-11.7657	 -1.8386	 +0.1108	 +1.6645
 +1.3801	 -3.9479	+11.3599	 +1.4227	 +0.9343	 +1.0435
 +8.9856	 -8.9583	 +6.9431	 -3.3385	 -1.0084	 +2.4222
 +0.8632	 -1.4146	 -1.5236	 +0.7877	 +1.7964	 +1.5072
-31.3034	 +5.5381	-37.2623	 +1.9983	 +2.2108	 -0.0682
+58.2804	 +5.2151	+20.7390	 +0.5721	 -1.9146	 -0.2026
 +1.4353	 +5.8847	 -3.2540	 -0.4169	 +0.1798	 -4.0156
-28.7798	-70.7023	+46.1178	 -1.2846	 +0.9737	 +0.9754
 +3.5169	+10.2147	 -7.7617	 -1.2168	 +2.7811	 +0.7730
+19.9852	 +7.1231	 -4.8572	 +0.3150	 -1.1370	 -3.2549
 -2.4691	 -2.0106	 -2.8401	 +5.7689	 +3.8413	 -1.9622
 +2.1955	 -3.5544	+10.3408	 +0.9859	 +3.1817	 -1.5766
 +1.8049	 -5.1686	 -0.3280	 +5.8828	 +1.5110	 -1.7305
 +0.9353	 -1.9263	 -1.6759	 -6.0405	 +2.9701	 -0.5463
 -7.3774	+12.2094	 -7.0316	 +0.7115	 -0.9999	 -0.6369
 +6.8972	 -3.6723	 -8.6840	 +0.6802	 -3.5370	 -1.2353
 -9.8682	 -1.8027	-16.8841	 -1.0450	 +1.7727	 +1.4829
 +3.0200	 +8.0164	-15.5780	 +3.1493	 -0.5120	 -2.4847
 +6.9977	 +3.2604	+29.0922	 -2.7834	 +1.1511	 +0.7796
 -5.9053	 +2.1766	 -5.4913	 +1.9200	 -2.3849	 +4.1967
 -5.8504	 +3.3177	 -1.4404	 +1.8603	 -0.2016	 -1.5626
 +0.0414	 +2.7008	 -3.6665	 -3.6290	 +3.3442	 +2.4459
-17.4971	 +0.5841	 +9.1538	 +3.9102	 -2.2258	 -1.6077
 +4.4769	 +2.2921	 -2.2923	 -4.2733	 +1.0595	 +0.2002
+14.4624	 +9.0500	 +4.8098	 -0.9719	 +1.4159	 -0.1860
 -7.0805	 -4.9336	 -3.7343	 +2.6162	 -0.6227	 +4.3284
 +0.1176	 -3.1503	 +5.9254	 -4.8635	 -0.7117	 +2.0933
 -3.1076	 -1.8193	 +0.4759	 +1.5700	 +1.6194	 -3.5989
-16.1456	 -3.3785	-15.2529	 +0.3297	 -2.7892	 +2.6337
 -3.3968	 -1.0673	 -4.6597	 -3.4141	 +0.6800	 +0.4623
 +4.2397	 -4.6722	-14.1235	 +2.6223	 -1.4463	 +0.5340
-15.8312	 +1.5864	-16.1697	 +0.2139	 -1.1590	 -2.1134
 +2.4337	 +0.7794	 -2.4087	 +0.1249	 -0.7202	 +1.9834
 -4.3915	 +1.2395	-11.0940	 -0.8862	 -0.6355	 -4.6475
+29.3304	-13.5402	+25.1068	 -0.6106	 -0.3998	 -0.5102
 -5.6843	 +0.2565	 +2.8991	 +0.2607	 +2.5409	 -1.9968
+53.4199	+26.8233	-26.2315	 -1.9230	 +0.9703	 -0.1577
-16.0282	-12.6295	 +1.5106	 -2.8462	 +1.7295	 -2.3550
 -6.4142	-23.8387	 -9.5653	 +1.5897	 +1.3481	 +1.4635
 -0.0948	 -7.6859	 -2.0774	 +0.9094	 -1.4408	 +2.1511
 -2.0382	 -6.1048	 +1.0891	 +0.4154	 -3.3435	 -1.9869
 -3.6652	 +4.6016	 -3.9291	 -4.7630	 +0.6051	 -1.4949
 +2.8758	 +5.1275	 -8.4833	 -1.9429	 +3.3198	 +1.3552
 +6.8988	 +4.0499	 +5.0546	 +0.2453	 -0.5074	 -1.0948
+14.6930	+19.7440	-22.2665	 -0.6614	 +1.2266	 -1.3888
 +9.7119	 +0.9136	 +1.1495	 +1.7193	 +2.7794	 -4.4758
 +2.9495	 -3.2241	 +0.0894	 +0.1597	 -1.6292	 -2.8304
 +1.4471	 +5.0914	-10.0853	 +0.1436	 +0.9156	 +2.0378
 +1.7370	 -0.6817	 -6.1728	 +0.4416	 +1.8825	 -0.7455
-10.6084	 -8.9845	 -1.3606	 -3.5518	 -1.0370	 -2.2228
 -4.2149	 +5.0830	-12.1227	 +1.8661	 +0.8110	 -0.7811
 -4.8782	-12.7833	 +6.2442	 -1.4606	 -4.0392	 +1.9400
 +1.6483	 -1.5598	 -8.6019	 +1.9342	 -0.0001	 +0.4348
 -0.9197	+24.9146	-31.2584	 -1.5795	 -0.6657	 -1.9781
 +2.3150	 -3.4883	 +7.5036	 -0.2432	 +2.5323	 +3.0169
 +0.5272	 +9.3905	 +0.1702	 +1.9293	 -1.6486	 +1.3267
 +5.6615	 +3.5821	 +0.0999	 -1.5742	 +1.6297	 -0.7488
 +7.3109	 +6.2439	 +5.6750	 -2.9220	 +3.2379	 +0.2172
+31.2153	-101.1892	-36.1489	 -1.3295	 +0.1994	 +0.9675
 -7.5694	+10.5824	 -0.7414	 +0.1842	 +2.5162	 +2.5071
 -8.4196	 -4.5847	-11.3207	 +2.6513	 +3.6165	 +0.6564
 -8.8629	-23.2299	-20.2802	 -1.5284	 -0.7838	 +2.6642
+26.1831	 +5.1158	 +5.4776	 -1.1206	 +1.3177	 -1.7123
 -3.2553	 +5.7455	 -1.1249	 -1.3504	 -1.7789	 +3.3383
 -6.6345	 +4.3151	 -0.1861	 -3.7228	 +3.3633	 -0.0664
-18.1710	 -5.5150	 +1.9291	 +1.5917	 -0.9059	 +1.4948
 +0.3062	 -2.7463	 +0.7828	 +2.8320	 -3.1524	 -0.2999
 -6.8831	 -2.3330	 +2.9260	 +0.2228	 +0.5214	 -1.0198
-15.3840	+20.3730	 -6.2073	 -2.8246	 -0.8933	 +3.0649
 +4.6566	+49.7222	-35.5913	 -2.0414	 +0.8763	 +1.1216
 -3.1004	 +1.8113	 -3.3775	 +5.4231	 +1.4046	 +2.2055
+12.1918	 +4.8381	 -5.7189	 +1.2767	 -2.2624	 -0.4774
 -1.7650	-11.1895	 +2.4263	 -2.4686	 -0.4356	 -1.7179
 +3.4161	 +4.1718	 -6.7718	 -2.3402	 +2.9841	 -1.1635
 +4.8391	 +0.7451	 -4.6658	 -6.2083	 -0.2466	 -2.4373
+20.2189	-11.4507	-18.8740	 -0.5174	 -0.1326	 -1.2971
+119.5624	 +5.0765	-43.4159	 +0.3160	 +0.1492	 +0.6866
+18.3327	+13.2555	 -7.7062	 +0.4367	 -1.4484	 -3.8529
 +4.5467	 -7.7127	 +2.1145	 +1.5635	 +0.6624	 -1.0290
 +4.8785	 +0.1539	 +3.4977	 -3.7451	 -2.1004	 +1.2964
 +4.2181	 -7.8676	 -1.1515	 -2.3792	 +1.2790	 -1.3584
+33.0848	-32.7820	 -6.2588	 -0.8339	 +0.0874	 -0.5703
 +2.9144	 +5.0652	 -1.4297	 +2.5253	 +3.8038	 +1.5237
-14.8395	 -9.0600	 -3.2860	 -1.0968	 +0.7452	 -2.3634
 +3.7760	 -1.5206	 -2.1338	 +1.2815	 +2.5690	 -4.1263
 +2.1639	 -5.0307	-12.3785	 +1.0579	 -0.1847	 -2.2652
 -1.4897	 -0.6152	 +1.6276	 +3.1624	 -0.8837	 -1.2718
 -1.4810	 +0.7062	 -5.6017	 +3.8732	 +1.9529	 +2.4995
 +1.1079	 -1.6201	 +0.5663	 -1.3633	 -4.1881	 -4.3620
 +7.1422	 +6.0046	 +1.0127	 -0.3143	 -1.9824	 -1.5730
-11.9023	 +6.0735	 +3.2636	 -0.0458	 -1.0135	 -1.4605
 -6.2658	 +3.6237	 -5.6367	 +0.3202	 -1.3778	 -0.6122
 +3.0994	 +9.3445	 -3.0725	 +0.7008	 +0.1638	 -1.1701
+11.3282	 +5.7293	-10.1166	 +0.6953	 +0.5821	 +2.3550
 -3.3716	 -4.8163	 -2.5361	 +1.0232	 +3.9263	 +2.8032
 -4.8251	 -9.0549	 -6.1647	 -0.7297	 -1.2203	 +4.4050
 -5.4222	 -1.4348	 +6.9396	 +0.9258	 +3.3464	 -2.2209
 +2.8137	-11.3953	 -0.4815	 +0.4242	 -3.0716	 -1.9909
 -0.6498	 -9.0557	+17.9394	 +1.9388	 -3.2530	 +0.7247
 +6.1907	 +4.5699	 -4.3381	 +0.8538	 +2.4336	 +2.0344
 -0.4902	 -2.0794	 -0.4284	 +2.5753	 +0.7751	 -1.6287
-49.0736	 +7.6180	 -0.2023	 -2.0389	 -1.5153	 +0.4353
 +3.5481	 +3.0425	 +5.0768	 -0.6992	 -2.0648	 +1.7524
 +1.4200	 +1.9485	 +2.0484	 +1.8373	 +6.4498	 -1.6502
+11.8632	 -7.9619	 -3.6908	 +2.8256	 -1.9280	 +0.4547
 -6.8619	 -7.2640	 -1.4713	 -0.3659	 -1.9797	 +2.0357
-16.3129	 +7.7658	 +2.1820	 +0.4479	 +1.3451	 +0.9408
-31.9201	 -9.2329	+41.8992	 +0.2371	 +1.1049	 -0.4791
 -0.5207	 +0.2967	 +3.0111	 -5.9190	 -0.0995	 +3.8674
 -1.5727	 -9.4288	 +5.7338	 -2.3335	 +1.3595	 -2.2661
-39.3828	-31.5154	-23.8518	 +1.5893	 +0.3556	 +1.4953
-19.2805	+20.9890	 +4.8999	 +1.7713	 +2.2489	 +0.7654
-13.0435	 +1.5770	-10.5088	 +1.4009	 -4.3542	 +1.5029
 +9.3591	 -5.8857	 +2.0296	 +1.0939	 -1.2609	 -0.5741
 -0.8823	 -4.3835	 -4.8583	 +4.4492	 -3.7831	 +1.3162
+1871.0850	-30.6277	+790.2148	 +0.2213	 -0.2337	 +0.0662
 -6.0253	 +3.8836	 +5.7081	 +0.5502	 +0.1798	 -2.2292
 -1.3643	 -5.8469	 -2.9114	 +5.5720	 +1.6086	 -0.8899
 -1.2754	 +2.4052	 +5.5713	 -1.4345	 +0.2902	 +4.7536
+25.7300	-16.3330	-14.2226	 -1.0659	 +0.0035	 +1.4910
 -4.8353	 -4.1142	 +1.8987	 +2.4479	 +4.0732	 +2.1315
-55.1157	-47.4701	-69.1756	 -0.9087	 -1.3392	 -0.3107
 +4.6188	-11.3292	-23.4669	 -0.1154	 +3.6567	 +1.1375
+20.3057	 +4.5896	+22.4319	 -2.1475	 +2.1050	 -1.5574
+19.8788	-27.5929	 +9.9257	 +1.0909	 +0.5004	 +0.4152
 -9.0353	 -1.8188	 -6.6659	 +1.1035	 +0.1530	 +0.3183
+13.4251	+26.4605	 -9.7337	 +1.5225	 -2.4391	 +0.4406
 -9.3707	+21.1067	 +3.3731	 -0.0905	 +0.2167	 -0.2005
 +4.8208	 -6.7939	 -0.0710	 +1.3727	 -1.9790	 -0.8217
 -0.0268	+10.4199	 +6.4709	 +1.0442	 +0.6478	 -0.4793
 -0.3762	 +1.2314	 -8.5376	 +0.2286	 -4.6268	 -4.3093
 -3.9997	 -3.4886	+13.7313	 +0.7745	 -1.0629	 +0.0324
 +2.2032	 -2.9021	 -7.4909	 +2.6590	 +2.1461	 -0.6893
 +6.4618	 -0.3996	 -6.4916	 +1.4914	 +1.4277	 +3.7182
 +2.1406	 -5.3441	 +6.2192	 +3.3135	 -3.0547	 -0.5975
 -2.8201	 -0.4856	 -1.4831	 +4.5461	 +2.2326	 +1.4908
+20.6450	+14.9647	-24.5400	 -2.6598	 +0.1028	 +0.9558
 -0.6390	 +5.5829	 -1.2090	 +2.3730	 +1.8538	 +3.8479
 -3.4131	 +0.1125	 -1.4920	 -2.9768	 -1.6009	 +2.5110
 -0.7757	+14.7823	+11.9534	 +0.1987	 +2.3223	 -3.8648
 +1.9170	 -3.2204	 -5.8828	 -2.9175	 +3.2489	 +1.6365
-10.5198	 -2.0078	 -0.3238	 +2.2070	 +0.5708	 +1.2259
 -8.5935	 +6.6038	 -3.5105	 +1.9849	 -1.1291	 +2.3539
-13.8429	 +1.1388	 -3.4002	 -1.6861	 -2.6786	 +1.2519
+11.2828	-11.7506	 +0.3929	 -0.0048	 -0.1306	 -0.5959
 -0.8760	 +7.2175	 +4.6433	 +1.3401	 -1.4452	 -3.2768
 -4.8578	 -0.3859	 +0.7103	 +3.3412	 +2.7521	 -1.0211
-15.2940	 +8.3951	-16.2823	 -2.9203	 +0.4054	 +1.7373
-23.5843	 -4.7059	 +6.2892	 -2.3130	 -1.0050	 -2.5623
 -8.4928	 +4.9321	+11.5693	 +0.3454	 +0.9750	 -0.6894
-134.6237	-41.7469	+71.3243	 +0.6449	 -0.9569	 +0.7043
 -2.4795	 -0.7851	 +0.2618	 -0.9876	 -0.8792	 -1.8878
 +0.2741	 -7.5132	 -0.8684	 -4.5515	 +0.0832	 -1.6164
 -8.2196	 -3.6047	 +5.6607	 +4.3674	 -2.6698	 +0.6390
 -6.5516	 +3.7679	 -0.2854	 +1.8660	 +2.2221	 -5.6261
-12.0470	+10.7550	-15.0765	 -1.9693	 +1.0424	 +0.1547
 +7.1097	 +0.0057	 +3.0215	 -1.1788	 +4.8556	 +0.9157
 -5.6106	 -3.6199	-13.5913	 +0.4825	 -2.4439	 -1.3646
-113.9366	-104.1637	+101.6312	 +0.3728	 -0.2796	 -0.0981
-19.4826	+31.5001	+25.5027	 +1.9756	 +1.5579	 -1.3236
-19.2687	-27.1218	 +6.0583	 -1.6826	 +0.2037	 +2.4112
-29.8563	 +9.9317	-22.2837	 +1.3829	 -0.3032	 -2.7199
-11.9914	-24.1021	 -7.0415	 -2.2219	 -0.0790	 -0.7162
 +1.6571	 -1.4505	 -3.6589	 +1.6517	 -1.2948	 -2.6501
 -3.9129	 -0.5460	 +1.1730	 +0.1990	 -0.8832	 +2.7289
 -7.6813	 +4.0528	 -3.3291	 +4.0755	 +1.5012	 -1.7258
 +5.4851	 -7.5723	 +6.5102	 -1.0384	 +0.8601	 -2.6822
-23.9415	 -5.9822	 +2.5860	 -0.2167	 +0.6511	 -1.2989
-17.0500	 -9.3431	 +9.3345	 +1.0275	 -3.1295	 -0.7281
+22.3995	-97.7668	+21.3456	 -0.9545	 +1.1976	 -1.1733
 -9.8736	 +3.1243	 -1.1719	 -2.2997	 +2.1556	 +4.1171
 -0.1581	 -2.0973	 -7.1322	 +1.1757	 +0.9901	 +0.8948
 -2.0585	 -2.8199	 -2.6532	 +2.5626	 +1.6308	 -1.2004
 -2.3711	 +0.9712	-11.6964	 +0.6068	 -2.8556	 +2.4444
 -4.4330	 +5.9932	-10.0679	 -2.6637	 +2.3249	 +0.3279
 -9.5942	+11.9445	+18.3888	 +0.1210	 -2.5747	 +0.1637
 +7.8992	 -2.4035	+20.9172	 -0.6820	 -0.5436	 -1.3876
 -2.6625	 +9.4468	 +7.2780	 +2.8304	 +1.1746	 -5.2393
 -3.4011	 +2.3964	 -2.7411	 -2.3212	 -2.6197	 +0.2265
+10.6957	 -5.4927	 +1.7830	 +2.0086	 -2.4729	 +2.0159
 -5.0362	 -4.7469	 +1.9121	 -0.1703	 -3.3607	 -3.6555
 +1.8903	 +0.6471	 -4.5091	 -1.4271	 +0.7875	 +2.3080
-13.8468	-19.8585	 -5.7489	 -0.6172	 +4.1707	 +1.3475
 -1.9375	 -3.9490	 -2.1037	 -1.1570	 +1.7175	 -7.1570
 -4.6068	 +1.7046	-13.7916	 +0.4126	 -0.8889	 +1.9781
 +1.7936	 -3.1435	 -4.2968	 +1.3727	 +3.5057	 -1.6484
 -3.3337	+10.2975	 +2.9071	 +1.3986	 +1.3066	 +0.1956
-156.2846	-52.5769	+202.2546	 +0.5210	 -0.6824	 +0.2366
 +2.2102	 -3.7695	 +1.2627	 -1.2918	 +0.4103	 +0.0650
 +6.3933	 -8.0446	 -7.0058	 +1.9350	 -1.0327	 +1.1291
+11.6548	 +3.3243	 -3.3322	 -1.2403	 +0.6034	 +2.4039
 +2.3050	 +6.4848	-11.1547	 +0.3481	 +4.3462	 +0.2909
 -2.2723	 +1.3956	 +5.8169	 +0.4692	 -0.1840	 -3.4550
+31.9908	+39.0290	 -1.4291	 -0.8102	 +1.7933	 -1.9322
 -5.3233	 +4.8171	 +6.7294	 +2.2163	 +0.6263	 -3.4242
 +4.4001	 -7.3164	 +7.4501	 +3.5357	 +0.8409	 -1.7644
-10.8579	 +3.5526	-20.6010	 +3.0230	 +0.6393	 +0.5640
 +1.7143	 +9.0246	 -9.8771	 +0.3615	 -1.5996	 -0.8085
 -5.9166	 +2.1973	 +2.9722	 -1.5420	 -1.9506	 -1.7891
 +0.2007	 +9.2014	 +3.9997	 -3.0338	 -0.7418	 -0.4145
 +0.1522	 +1.5347	 -5.9641	 +0.7877	 +0.4508	 -0.5012
 -8.1594	 -6.3792	 -9.6898	 +1.6333	 -0.8690	 +0.0336
 -3.5879	 -6.7369	 +9.6021	 +0.0017	 -0.0338	 -0.6694
+10.1750	 -2.3958	 +1.9288	 -2.4125	 -0.3054	 +2.7739
 -5.6352	 +2.2202	 -1.7016	 -1.7477	 +1.6405	 -0.0594
 -2.6364	 -4.2039	 -4.3674	 +2.3480	 -0.8539	 +2.8382
 +5.8729	 +0.7249	-10.6141	 -1.1300	 +1.6041	 +0.3938
 +0.0927	 +1.5743	 -6.3718	 -1.1522	 -0.3324	 -0.5135
-15.6512	-14.4147	+16.4613	 +1.4428	 +1.4474	 +3.6773
 +0.9430	 +0.5543	 +1.2707	 -0.8934	 +0.9618	 -0.7766
+12.3005	 -8.5135	 -4.2235	 -1.2269	 -2.0429	 +1.2238
 -7.8960	 -9.7091	 -5.5878	 -1.7294	 +1.0345	 +2.3068
-14.4203	 +1.6429	 +7.5127	 +2.9906	 +1.0241	 -1.8880
 +1.2043	 -7.9669	 -0.6784	 +3.4702	 -0.0789	 +2.1403
 +8.0087	 -5.8591	 -7.6498	 +2.9022	 -2.9074	 +2.3850
 -5.5272	 +6.6492	 -2.7977	 +1.2578	 +2.0848	 -1.8035
-14.6502	+27.6232	-43.5625	 +0.5711	 +0.3177	 -1.2081
 +8.5493	-11.8068	-50.8571	 -0.0895	 +1.0028	 +0.4688
 +3.0066	 -3.0815	 -4.8897	 +2.7564	 +0.5441	 +1.6427
-17.0005	 +0.1525	 -9.0288	 -1.7347	 -2.6358	 -1.7647
 -1.7678	 +1.6666	 +2.1296	 -2.6256	 +2.8256	 -0.3769
-12.1077	-13.3000	 -5.9746	 +1.3026	 +3.5379	 +0.1908
-18.8213	-71.4061	 -3.3113	 +1.2627	 +0.7851	 -0.6931
 -0.7112	 -0.1080	 +8.6097	 -1.6718	 -3.2168	 +0.9119
 +3.3371	 +4.2056	 -4.7583	 +2.5450	 -3.8279	 +2.5508
+18.2367	 -6.0454	 -5.1430	 -1.5527	 +1.4894	 -4.2417
 -5.7153	+10.0532	-12.4100	 +3.6559	 -0.2950	 +3.4261
 -4.8488	 +3.2625	-19.1649	 +1.8676	 -1.1444	 +0.4479
-10.9035	 -0.2126	 -9.5181	 +2.3022	 +1.5906	 -0.4397
 -6.5615	 +4.0152	 -0.9539	 -4.4317	 +3.0495	 +0.8901
 +3.2251	 +0.5040	 -3.2166	 +3.2365	 +4.7846	 +1.3340
 -5.3211	 +0.8523	 -1.6991	 -4.2017	 -1.0088	 +2.5137
 -7.4214	-22.5455	-13.6193	 -0.6315	 -0.0638	 +2.4766
 -2.6305	 +3.5550	 +1.7337	 +3.9973	 +1.1420	 +1.5216
 +4.5474	+14.6927	 +7.0282	 +0.0441	 -3.0453	 -1.3191
-58.5090	 -4.2857	-10.6714	 +0.2773	 +1.2613	 -1.0644
 -3.3506	 +1.5322	 +1.4885	 +1.9734	 +1.2813	 +2.0381
 +0.0613	 +0.4881	 -8.5995	 +3.4278	 +2.8248	 -1.0359
 +6.3974	 -5.9004	 -3.6281	 +1.0129	 +3.7822	 +0.0189
 +2.2836	 -1.2479	 -6.6934	 +0.9636	 -3.2655	 -0.4122
 -2.3848	 -4.3938	-14.8645	 +3.3405	 +2.3193	 -2.8713
 +0.9181	-11.1021	-24.4667	 +0.5559	 +2.0478	 +2.0865
 -8.8838	 +7.1916	 +2.8201	 -0.0673	 -0.1434	 +5.2698
 -5.4445	 +1.7959	-13.2475	 +4.5022	 -0.1473	 -2.0932
+10.9129	 -0.2124	 -3.6328	 +2.3719	 -2.4799	 -0.9474
 +2.7085	-29.7414	-20.5288	 -0.6901	 +0.5712	 -1.0215
-11.0547	+20.1020	 +0.0835	 -1.2076	 +0.5222	 +2.3380
 -4.1808	 +0.6222	 -1.4546	 +1.4972	 +2.5423	 +2.5343
 +0.8938	 +0.7422	 +5.5818	 -1.6657	 -4.6372	 -0.4070
 -7.2788	 -9.5919	 +7.5653	 +0.1422	 -2.5578	 +1.9843
 -2.2583	 +5.6509	 -6.2863	 +0.9710	 -4.4319	 -2.7829
 +3.1742	 -1.0238	 +5.0570	 -2.9766	 +2.2015	 -2.6134
 +1.3331	 +0.8027	-11.2423	 -5.2653	 -1.1450	 +0.3208
 -0.1206	 +8.5382	 +4.8298	 +1.2668	 +2.7651	 +1.8952
+34.5476	 +6.6159	 +4.2959	 +0.9246	 -0.0818	 +0.7957
-23.4243	+12.7514	 +1.0817	 +0.9107	 +0.1493	 +1.8118
 -4.1082	 -4.5687	 -7.7480	 +0.7282	 -0.4712	 +1.9887
 +4.9561	-21.4494	-19.8845	 -0.9493	 -2.4392	 -1.9048
 +5.8197	-11.7181	 -4.6725	 -1.3014	 +3.4681	 -2.2789
+10.6515	 +8.8267	 -4.6372	 +0.5426	 -1.6242	 -2.1043
-33.4145	 +7.8352	 -1.3158	 +2.5426	 -0.1256	 +3.3278
 +4.9369	 +4.9889	 -0.6330	 -0.5563	 +2.6266	 -1.2019
 +8.4392	 +6.1050	 +5.6145	 -0.0921	 -3.1907	 +0.0240
 -2.3320	 +6.7884	 +0.5514	 +4.3420	 +0.2209	 +2.9198
-12.7367	-11.3227	 +8.6528	 -0.3283	 -1.7453	 +1.5519
 -9.7724	 -2.6979	 +1.0018	 +0.7522	 -4.3324	 -0.9321
 +1.9922	-13.4751	 -8.4188	 +2.7727	 -1.7588	 -1.4889
 +1.7908	+15.7644	 -1.8932	 +3.6734	 +1.0895	 +1.7654
+17.6955	+12.2940	-15.6496	 +2.5608	 -1.6229	 +0.0829
-19.1204	 -4.8000	+16.2714	 -0.4983	 +2.8381	 +2.3085
+30.8711	 -8.3719	+67.6740	 -0.0693	 -1.8377	 +0.6246
+10.3206	 +6.7516	 +4.8761	 +1.4824	 -0.8400	 -0.5493
 +0.1145	-13.4420	 -4.6416	 +2.6976	 +1.4915	 -1.9130
 +2.2780	 -0.6565	 +1.9467	 -0.7131	 -0.9855	 -2.1508
-18.1215	+10.2465	-15.6568	 +1.6296	 -1.4035	 +0.7851
 -4.5575	 -3.1155	 -4.3167	 +3.8357	 +2.6165	 +2.8245
+24.9278	 +2.9552	 -4.4144	 +2.1308	 -0.4830	 -2.0686
-11.4708	-16.9430	 -3.6260	 -1.5260	 +2.1554	 +1.6902
-14.3000	+14.3623	-13.9310	 -1.9927	 +2.3379	 -2.3604
 -7.1059	-22.2075	 +9.6373	 -2.6165	 -1.1025	 +1.7077
 -3.2700	 +4.4946	 -0.3778	 -1.8081	 +0.2889	 +2.6450
+12.2000	 +5.9131	 -9.9778	 +3.3288	 -1.6915	 -0.0466
 -0.1260	-19.8682	+14.4457	 +1.5291	 +0.5530	 +0.2605
 +1.0991	 -7.8261	 -4.5636	 +1.5370	 -0.4704	 +2.8400
 -1.1127	 -5.7076	 +0.0956	 -4.7924	 +0.9454	 -3.5391
 -9.7349	 -3.4286	 +0.4744	 +1.1673	 +0.3038	 -1.9956
 -1.3513	 -2.3265	 +0.2527	 -3.4805	 -4.5687	 -2.4525
 +3.4091	 -7.8176	-14.9936	 -1.7060	 -1.4028	 +0.9050
+10.2631	 +2.1177	+28.1538	 -0.3044	 -1.8507	 +1.0724
 -4.5297	 -8.6603	 -2.2878	 -2.7858	 -0.6458	 +0.2590
 -1.4070	+12.5478	 +2.0393	 +0.6962	 +0.7037	 +4.2915
 +5.5938	 +2.1639	 -6.0711	 +0.6850	 -0.9009	 -2.7406
-10.6610	 +2.1758	+13.6796	 +2.2891	 +0.0045	 -2.3693
 -5.3960	 -4.0554	 +5.8131	 -3.1750	 +0.3008	 +2.6374
 +3.6513	 -0.9936	 -1.0408	 -0.2229	 -0.7204	 -2.8886
+33.7818	 +8.1353	-19.3263	 -0.5969	 -1.1572	 -0.0715
 -6.2010	+11.9128	-27.0528	 -3.1331	 -0.3573	 -1.3833
 -0.2602	 +1.4786	 +0.7883	 -4.9930	 +0.1268	 -1.3588
 +1.4211	 -4.5141	-10.1113	 +3.7390	 -0.1401	 +1.0014
 -0.9155	 +0.9081	 -1.6706	 -0.7184	 +6.1645	 +1.7956
 -6.5765	 +5.4755	 -3.1237	 +0.0482	 +2.0113	 -3.6508
 +1.3533	 +8.6270	 -0.6727	 -0.5442	 -4.0687	 +2.8366
+13.4807	+10.8842	 -2.3315	 -3.1069	 -2.1621	 -1.3518
+24.5002	 -0.0167	 +6.3726	 -2.1222	 +0.9136	 +0.5842
 -1.0051	 +0.8835	-11.5515	 -0.9480	 -1.1947	 -0.9550
-13.6099	 +0.6152	 -2.8933	 -2.1420	 -0.8630	 -2.5301
 +0.7054	 +1.0269	 -4.2843	 +1.6159	 +0.2175	 +1.2111
 -1.5015	+11.2974	 -1.5854	 +1.9832	 -3.2742	 +1.9692
+17.7960	-63.1338	-33.3414	 -0.4277	 +0.9028	 +0.6876
 +1.7242	 +8.9751	 +8.8944	 -0.5406	 -3.3696	 +2.2953
 +2.1487	 -2.7372	 -5.6476	 +1.8336	 +1.0017	 -1.2022
 -6.8067	 +3.0933	-11.5483	 +1.8586	 -0.6410	 -0.3228
+10.8443	+18.6615	+29.3261	 -0.9974	 +0.0477	 -0.9924
 +1.5998	 -2.9721	 -0.8445	 +2.7914	 -5.6131	 -0.8470
 -0.7504	 -1.3082	 +3.9844	 -2.5287	 +3.4732	 -2.9824
+16.0731	-18.8805	+21.7003	 -0.7108	 +1.2495	 -2.0671
 +0.5834	 -7.5662	 +1.5209	 -2.7736	 -0.9224	 +1.3189
-72.1211	-57.5851	+28.0748	 +0.5457	 +1.2446	 +0.5243
-12.8378	 -4.4244	-12.4029	 +2.4780	 -0.3643	 +0.6571
+60.2481	+42.7170	+41.7630	 -1.2284	 -1.2602	 -0.3427
 -5.9224	 +9.5794	 -6.6858	 -1.3795	 -2.7307	 +3.2339
 +9.6797	 -6.8072	 +0.6214	 -0.9607	 -1.9078	 +0.4529
-109.5434	+51.7343	-21.6327	 -0.5314	 +0.7759	 +0.2665
 +2.5606	 -4.2588	-14.7975	 -3.4709	 +0.0955	 +1.9510
 +7.0568	+11.1017	 +4.0855	 +1.6022	 -0.1378	 -0.7530
 +5.7629	 +1.2305	 -4.4844	 +1.2106	 +0.6480	 -3.8342
 -1.7818	 +2.8961	 -6.0199	 +1.5067	 +2.9611	 -1.7782
 -0.6512	 -3.1978	 +0.5583	 -2.1628	 +1.6517	 -2.1306
 -7.8590	 +9.3609	 -4.2598	 +1.7546	 +3.9002	 -1.8594
 +0.3448	 +1.8070	 +0.2617	 +4.4898	 +3.1435	 +0.3015
 -6.0209	 +1.3926	 -0.8126	 +3.5647	 -4.4850	 +1.1606
 -6.3383	+11.5370	-12.3518	 -0.5337	 +4.7618	 -0.1506
 +6.0155	+10.9392	-11.0800	 -0.2642	 -0.8155	 +1.4530
 +0.1871	 +0.8235	 +0.0814	 -1.4522	 +2.6074	 -1.3368
 +3.8263	 -2.7355	 -3.9496	 +0.7327	 +2.6700	 -2.5191
 +4.3429	 +2.2348	 -1.9286	 +2.2424	 -1.9242	 +3.9033
-33.6937	+11.0742	+12.6374	 -1.3245	 +1.0442	 +0.5314
 -6.5852	 -2.6450	 +5.4161	 +3.0204	 +4.7797	 +2.5811
 -2.2502	-13.3874	 +8.9726	 -1.3066	 -4.5630	 +2.1212
-14.7082	 -4.3017	 +4.2156	 +1.3863	 -0.8516	 +3.9152
 -1.7843	 +1.5916	 -6.6297	 -1.7187	 +1.5672	 -2.1877
 +9.7273	+15.7411	-22.2225	 -1.1894	 +1.0420	 -2.5606
 +1.0700	 +7.7786	 -8.0030	 +3.6310	 -1.7011	 -0.4302
 -9.5022	 +2.1631	-14.8359	 +1.0907	 +0.8068	 -1.1038
 +3.0251	+11.1667	 -0.9494	 +0.3254	 -2.8186	 +1.5820
 +4.2558	 -2.7487	 +3.4313	 +0.2644	 -4.1449	 -2.3941
 -8.2299	 +3.8209	 +6.9212	 -0.3144	 -0.1898	 +0.5246
-14.9815	 -2.4861	+15.5695	 -0.5237	 +1.3475	 -1.0935
-44.4279	+10.6106	 +4.4994	 -2.3566	 +1.5003	 +0.8274
 -0.3358	 +3.5291	 -1.5442	 -1.0286	 +0.3080	 +1.0559
-26.8339	+11.1483	 +9.0557	 -1.0252	 +4.5935	 +0.2031
 -9.1012	-10.9159	 +6.8328	 +0.9095	 +0.9744	 -0.9186
 -5.5852	 -1.8256	 -3.6189	 -3.9336	 -3.3209	 -2.2060
 -4.6610	 -0.9001	 +3.2956	 +0.8617	 -0.5809	 +0.9252
-14.9717	-51.2899	+32.4441	 +1.8988	 +0.0477	 +0.8545
 -3.4679	 +8.9471	 +0.3418	 -1.8105	 -1.4846	 -1.6824
 +0.2169	 +0.5957	 -6.7964	 +4.7102	 -0.1494	 +1.7748
 +1.2421	+16.3639	+15.2031	 -1.8629	 +0.1422	 +1.9040
 +5.2608	+15.2495	+16.8481	 +0.3691	 +1.7872	 +0.6512
 -0.7395	 +6.6846	 -5.8544	 -0.6292	 +1.2928	 -3.1894
 -4.5529	 +7.2037	 -1.4969	 +1.5780	 +0.8782	 -0.9681
 -2.7209	 -2.4952	 -4.8394	 -1.5358	 -0.5013	 +4.1763
 -2.8783	 +3.4123	 -2.7384	 +0.0828	 +0.4261	 -1.4073
+10.9414	-12.8639	 +2.3997	 +0.8957	 -2.6873	 -0.8507
 -1.9571	 +1.0905	 -2.6409	 +0.4639	 +3.0226	 -3.7316
 -2.0595	+22.0174	 +0.8475	 +1.8132	 -0.4147	 +2.6856
 -6.6331	 -5.8334	 +1.7241	 -0.3361	 -3.0001	 +1.2379
 -5.3122	 +2.5949	 -0.2121	 +1.0917	 -0.8394	 +1.0248
+19.4414	+13.5287	 -2.8476	 +0.3989	 -2.2206	 +0.3247
-11.0023	 -1.9941	-11.7468	 +2.5863	 +0.2911	 -0.5282
 -2.4651	 -1.9915	+11.2559	 -1.2146	 -1.2818	 -3.3012
 +2.7387	 +1.8117	 +0.3408	 +0.1610	 +0.1286	 +2.1329
 +9.0537	+10.2340	 +4.8824	 -2.3495	 +3.1008	 -0.2165
 +4.3430	 +2.0598	 +1.9313	 +4.9845	 -3.8027	 +0.3385
 -3.9151	 +9.7205	 -5.6247	 +2.6482	 -2.3690	 -0.6590
 +4.5846	+15.6430	-16.9650	 -0.3568	 +1.2769	 +1.4470
+11.4934	 -1.4241	 -5.4034	 +0.5422	 -3.5739	 +0.5471
-10.5908	 +2.0041	 -2.1854	 +1.5400	 +2.2164	 -0.3359
 -0.1348	 +5.0041	 -7.6990	 -0.7142	 -3.3663	 +1.3491
-13.4997	 +3.6486	+10.2773	 -2.2640	 -0.2948	 +1.7199
 +7.7229	 -9.0668	+36.7782	 -1.0578	 +0.8250	 +1.9538
 -3.0845	 -8.5334	 -3.2338	 -0.2170	 -1.4241	 -3.0510
-16.1192	 +7.4589	 +0.7657	 +0.4917	 +3.5555	 -0.0375
 +3.8757	 +0.9384	 -1.7400	 +0.7365	 +0.3752	 +0.3190
+17.4104	 -9.2160	 +8.3909	 -0.3937	 +0.7698	 -0.8638
 -0.2077	 -6.7481	 -0.8656	 +3.1005	 -1.1549	 -0.7054
 +0.3044	 -0.9764	-11.6801	 +0.6349	 +6.1277	 -1.1507
 -4.4146	 -3.7934	-11.2040	 -3.0286	 -1.9149	 +2.0143
-22.7396	 +5.0656	-40.7890	 +1.0858	 -1.1082	 -1.0833
+14.5947	+16.5177	+29.9243	 -1.1116	 -0.9177	 +0.7046
 +4.7801	 -1.9952	 -0.9795	 -0.9870	 +1.0190	 +0.8033
 +1.3525	 +6.7601	 +1.0334	 -2.4062	 -2.1090	 -2.4732
 -6.1679	 +8.4511	+22.8653	 -1.1654	 +0.6822	 -2.8805
 -7.8696	 -4.6409	-10.4298	 +2.5877	 -1.6158	 +0.5436
 -1.9996	 +2.0193	 +1.1636	 -5.0255	 -1.4132	 +0.0663
 -9.2754	+15.4665	+12.9958	 -1.5699	 +0.9662	 -0.2080
 +3.9587	 -8.0326	-11.8869	 +0.2246	 +1.5080	 -1.4850
 -3.9883	 -5.7463	 +6.0594	 +2.0414	 -4.4474	 -0.1040
 -2.7701	 -4.2388	 -4.8082	 -3.0120	 -1.5622	 +0.3810
 -2.8995	 +3.6952	-11.6836	 +3.5093	 -1.4773	 +0.5923
-17.9413	 +0.8608	-16.4017	 +2.8247	 +2.3179	 +1.2463
-12.2354	 -6.5371	 -0.5828	 +1.4373	 +0.7018	 +3.2092
 +4.7014	 -1.5463	 -4.5936	 -0.0585	 -0.5497	 -1.9286
 -5.1599	 -2.4959	 -3.3892	 +0.8002	 +2.5730	 -3.5012
 -2.4219	 +3.1042	 +2.1490	 +1.3102	 -4.9785	 -2.0750
 -1.0154	 +3.4698	 -0.6544	 +1.2859	 +0.7249	 -3.2778
+22.7269	-14.9573	 +4.6092	 +1.2660	 -0.1156	 +1.1317
-15.2321	+18.9289	 -7.9041	 -0.9848	 -0.3097	 -0.9196
-11.5799	 +3.6390	 +0.9410	 -1.2222	 -1.5044	 -2.3136
 +0.2001	 +3.9848	 -9.1172	 -1.2902	 -3.1812	 -3.0005
-14.0223	-10.6474	+10.2556	 -1.1363	 +1.5124	 -0.2894
 +8.7836	+10.4019	-19.8830	 +2.6215	 -0.9255	 +2.1183
 -1.6662	 -4.2787	 -1.1659	 +6.8551	 +2.5906	 -0.9825
+20.3558	-12.1484	-24.5099	 +0.1095	 -0.1222	 +2.0163
 -0.4062	 -3.9268	 -3.7612	 -4.8153	 -5.2367	 +0.8894
 -6.8171	 -0.3095	 -2.6289	 +0.1020	 -2.3183	 +3.6100
 -0.7788	 -1.2402	 -2.1718	 +0.7707	 -1.6442	 -3.0245
+23.3274	 +6.6897	 -0.0809	 -0.0239	 +1.8053	 -0.1931
 +4.7465	-12.1691	 -7.9377	 -3.7092	 +0.4569	 -3.8965
 -4.8652	 -5.8285	 -1.2083	 -3.5942	 +1.3656	 -5.5938
+21.5502	 -6.5235	 -6.3743	 +0.9715	 +0.8912	 +0.2197
-19.7690	 -4.0483	 -4.8770	 -0.6861	 -1.9533	 -0.2726
 -5.2229	 +7.3079	 +4.9047	 +2.8531	 +0.9134	 -1.6068
 -8.2012	 -2.5703	-10.6850	 +2.1874	 +2.0877	 -0.6310
-14.9124	 -3.2652	 -0.7323	 +1.2521	 -0.1538	 +0.9347
-18.1058	 -2.7245	-10.3059	 -0.9503	 +1.6502	 -2.7575
-26.3343	 -6.8803	 -5.1140	 -3.1486	 +2.6288	 +0.8516
 -0.3205	 +0.1320	 +3.6118	 -3.6590	 +2.6969	 -4.3136
 -1.2804	 -2.1905	 -1.5437	 -0.9454	 -3.8354	 +2.5069
 -3.7412	+18.3421	 -1.0906	 -0.9287	 +1.6777	 -2.6061
 +3.6155	+10.5954	 +3.2492	 +1.1859	 -3.8395	 +0.3310
-12.6029	+14.2122	-48.8740	 +0.1177	 +0.0254	 -0.1840
+11.2144	 +7.9363	 -2.0433	 +1.5200	 +2.8436	 -0.3639
+14.2593	 +6.5506	-13.8549	 +2.0020	 -1.5426	 -2.1274
-12.6147	 -3.0588	 +0.7531	 +2.5249	 +0.1910	 +3.0911
 -6.6816	+17.4671	-18.9244	 +0.9511	 +2.5221	 +2.7517
 -0.9092	-11.6647	 -4.9089	 -1.1581	 +3.2455	 -1.4507
 -4.8034	 -4.4063	 +0.4326	 +0.2105	 -2.9503	 -1.7897
 -3.0769	 -1.9172	 -6.8280	 -6.0169	 -0.0054	 +1.0704
 +0.3854	 +0.5909	 +2.6927	 -4.2510	 -0.1537	 +0.4917
 -9.5433	-13.4443	 -1.2101	 +0.2013	 -1.4673	 -0.1820
 +0.3361	+24.9338	 -2.4327	 +2.8296	 -0.3073	 -2.7166
 -0.3605	 +2.2663	 -3.9559	 -0.5699	 -0.7998	 +1.0488
+10.6357	+11.6207	 +6.3184	 +0.3126	 +1.8156	 -1.6257
 -4.2920	 -8.4740	 -2.1631	 +1.6574	 +2.7365	 +4.8478
 +1.8799	 -9.7947	+18.0160	 -1.5931	 +0.9295	 +0.0695
 -2.4058	 -0.5558	-10.0360	 +1.9570	 +0.8854	 -1.1760
 +4.4840	 +2.5932	 -8.3394	 +0.9732	 +0.9015	 +1.0861
 +3.9730	 +4.2187	 -0.2357	 -3.6597	 +0.5624	 +0.5482
 -3.6671	-17.0894	 +6.7481	 -2.4223	 +1.8550	 +0.3101
 -4.1593	 +5.3531	 -4.6381	 -1.2914	 -0.3176	 +0.1007
 +0.9035	 -0.5277	 -4.4926	 -1.6082	 -1.2629	 -0.4768
 -5.8834	 +1.8746	 -4.0871	 -0.2066	 +0.8589	 -2.9716
 -1.0475	 +6.6602	 +0.9446	 -0.3141	 -1.4912	 +0.3002
 -4.8598	 +0.9384	 -0.0060	 -2.4164	 -3.0272	 +1.8639
+10.4731	 -2.4431	 +4.2207	 +0.7475	 +0.2124	 -1.6450
-12.7177	+20.0735	 -7.1903	 +0.9334	 -2.4209	 +0.9539
 -5.1997	 -8.7557	-15.4806	 -0.3426	 +2.9173	 +1.2923
 +6.0564	 -1.5516	 -4.0332	 -1.1293	 -4.1763	 -0.5328
 -4.4802	 -1.4899	 -0.9405	 -2.0810	 -0.4763	 -0.9073
 -2.8372	 +4.4016	 -9.5946	 +0.1639	 -3.0861	 +0.9783
-19.4034	 +2.1747	+14.2186	 -1.0807	 +0.1434	 -4.0954
 -3.0324	 +6.7899	 +6.3021	 -2.7334	 +0.6868	 +5.6785
 -0.0792	 -2.9792	 +0.9062	 +0.4727	 -0.2272	 -1.3739
 +1.9460	 +2.5413	 -2.5622	 +0.3812	 +0.7065	 -0.7793
 +2.3446	 +9.3302	 -1.9778	 +3.4584	 +1.6135	 +1.0074
 -1.0839	 -4.8789	 +0.3795	 -1.9802	 -0.6353	 -5.4988
+20.0917	 -6.8843	 +4.3129	 -2.8406	 -1.5493	 -3.0762
 +0.2859	 +2.1334	 +2.1578	 +1.1296	 +3.0881	 +0.0170
 -2.2046	-35.0278	+58.2404	 -0.3748	 -1.1577	 +0.4821
 +0.1777	 -6.4979	 +0.1955	 -0.8468	 -2.9921	 -0.7963
+37.4551	+35.0782	-30.2616	 -1.7712	 -1.2225	 +0.5952
 +1.7368	 +3.0667	 -2.3550	 -0.8708	 -3.5710	 +3.4246
 -1.6807	 -0.3325	 +0.3017	 -0.6448	 -3.5576	 -3.1593
+51.9014	 +1.5699	-44.3692	 -0.3165	 -0.1709	 +1.5152
-12.9997	-32.9395	+27.4568	 +2.5951	 -2.0012	 +1.5074
+104.1819	+58.5510	+14.9809	 +0.0424	 -0.7970	 -1.6088
 +1.2664	+30.6539	 +4.7144	 +2.8070	 -1.0815	 +0.6060
+23.7719	+66.7403	-34.0116	 +1.1609	 -0.3856	 +0.0215
 -8.8123	 -9.6174	 +2.8087	 +0.4722	 +0.8988	 +1.9607
-11.7953	+17.3892	 -2.9043	 -2.7864	 -1.4133	 +1.1939
 -9.8877	 +1.4662	 -5.8819	 -4.8950	 -0.6844	 +5.2109
+11.6617	+29.3320	-48.6891	 +0.7158	 +2.6607	 +0.2351
 +7.4248	-12.1202	+42.3031	 +1.4796	 +0.9570	 -1.0560
+22.4279	 +7.1271	 +2.7559	 -2.4853	 +1.4530	 +0.8343
 -2.7968	 -4.4127	 -8.0164	 +2.5552	 -3.5354	 -0.7675
 +1.2456	 -6.7757	 -4.8928	 -5.4127	 +2.4253	 +1.5517
 +8.3410	 -4.9620	 -1.8232	 +1.8889	 -0.6672	 -3.3767
 -1.5536	 -3.8018	 -3.0544	 -3.2543	 -1.2222	 +5.3355
-11.8684	 -9.1172	 -6.2535	 -0.1482	 +1.7719	 +0.9061
 -2.9619	 -2.4026	 -2.8439	 +4.1507	 +3.0799	 +0.8201
 +0.4719	+23.4268	 +7.6502	 -1.2365	 -2.1207	 +0.7436
 +3.7357	 +6.0848	-15.6019	 +0.0150	 +3.3067	 +0.2340
 +8.0591	+15.3293	-25.9256	 -1.6200	 +0.1165	 +0.0191
 -4.8742	 +9.5842	 -1.8337	 -1.7671	 +4.2092	 -0.5552
+17.8972	-21.1725	-11.5944	 -1.1829	 +0.8913	 -0.9409
 -4.7501	 +2.4177	 +3.0829	 -0.7109	 +1.1836	 -0.5306
 -2.0639	 +4.6067	 -2.2362	 +0.8946	 +1.0865	 -3.2560
+12.3429	-18.6075	 +0.1194	 -0.9444	 +0.9600	 -0.4357
 +2.1685	 +2.7043	-13.9891	 +0.2566	 -2.5227	 +3.0134
 -4.0450	 -6.2243	 +1.6564	 -2.9137	 +0.1621	 +5.8759
 -0.3627	 +5.6535	 +0.7219	 +1.1957	 -1.2363	 -5.3697
 +1.9878	 -1.9457	 +5.0087	 +0.0464	 +0.5671	 -4.1087
-23.3866	+24.2895	 +8.4924	 -0.0374	 +1.7898	 +0.8432
 -5.6145	-11.9271	 +1.8443	 -2.9740	 -1.6668	 -1.4656
-14.0805	 +4.7666	 -0.0627	 -3.2398	 -2.7807	 -0.8999
+13.5570	+10.5247	 +6.5109	 +3.8589	 -0.4916	 +1.2016
-12.6848	 +4.4748	 -4.2104	 -2.7205	 -0.5974	 +1.7389
 +3.7421	 +0.1557	+11.0837	 +1.2210	 -1.4588	 -2.0780
-14.6274	+66.1877	+21.5909	 +0.7337	 +0.2624	 +1.2477
+20.3828	 -6.1749	 +5.5206	 +1.5306	 +1.0491	 -0.9203
 +4.5822	-10.0158	 +6.7867	 +1.5694	 -2.8490	 +0.6707
-13.1383	-33.5510	+26.2701	 -0.8838	 +0.5618	 +1.1271
-40.3851	+34.7907	+25.4110	 +1.2508	 -0.2204	 -0.6404
 +0.5950	 +1.4492	 +1.4060	 +1.2103	 -3.8471	 -2.0086
 -3.5217	-17.8493	 -5.4756	 +3.2998	 -0.4273	 +1.6912
 +8.0511	 +9.6142	 +2.9570	 -3.9646	 +1.9073	 +2.1697
 -5.3847	 -1.8153	 -2.4940	 +2.4519	 -6.1700	 +3.4323
 +5.4698	 -2.2469	 +3.7417	 +4.8511	 -0.4051	 +0.5000
 +9.0176	+12.4840	 +7.2344	 +3.1101	 -0.5742	 +1.3413
 +4.1533	-33.2935	+110.7338	 -0.2992	 -1.4568	 +0.5502
-23.7078	+10.2140	 -3.2363	 +0.4161	 -3.0157	 +0.3215
 +5.9924	-13.2951	-18.7116	 +2.4239	 +0.9284	 -1.2150
 -4.6663	 -1.2801	 +3.3316	 -2.2701	 -3.2577	 -0.2499
+10.8102	 +0.6873	-11.3778	 -3.7275	 -2.3284	 +1.7183
 -5.8640	 -6.5217	-18.8235	 -0.4860	 +0.2033	 +2.5250
 +1.1034	 -7.4837	 +2.7395	 +3.3725	 -0.6224	 -4.0149
+24.9825	-24.9553	+39.1054	 -1.3480	 +1.1409	 -0.3779
 -9.6219	-15.9084	 -9.1744	 +2.6528	 +0.5698	 -3.3914
 -1.2377	 -8.9400	 +0.8492	 +0.8664	 -3.5712	 -1.6715
 +5.8182	 +4.3312	 -3.5569	 +0.7480	 +4.2689	 -2.5012
-16.2873	 +6.9669	+14.5700	 -1.6614	 +1.7667	 -1.4164
 +9.7627	 -5.1851	 -1.3196	 +1.0566	 +4.5183	 +2.1258
+14.2469	 +3.7068	 +5.3021	 +0.7090	 -3.4957	 -2.5583
+12.3937	 +1.1423	 +3.3796	 -3.9278	 -0.4505	 -1.6325
 -0.2547	 -0.3387	+22.7835	 -0.3355	 +2.9777	 +0.4006
 +3.5131	-10.3955	-12.4977	 -0.4068	 -4.9235	 +1.8756
 -0.4805	 +0.5590	 +5.0417	 +3.3166	 -2.9832	 -0.1107
 -4.7914	 -0.5993	 +4.9231	 -1.9661	 -1.2770	 +1.0301
-15.0601	 -3.7451	-10.5390	 -0.1574	 +0.9658	 -0.2211
-12.4557	 +3.7066	 +0.4960	 +2.0834	 +0.5864	 +0.7875
 +1.8328	 +8.1934	 -7.5479	 -0.1618	 +0.2932	 +2.6338
-17.3745	 +2.1037	 +9.7663	 +4.7371	 +0.2846	 +1.7174
 -2.4671	-10.4389	 +2.6538	 +1.3099	 +0.8724	 +2.6966
 -6.2373	 -2.1443	 -3.6385	 +1.4752	 -0.2116	 +1.0190
-11.5289	-10.5705	 +0.6370	 +1.0201	 +2.8979	 +0.6339
 -1.1079	 +7.3769	 +4.5241	 +2.1932	 -2.5476	 -0.5237
+27.1929	+23.1026	 -5.3321	 -0.8811	 +0.8547	 -0.2411
 -5.4028	 -9.4011	 +0.0213	 +2.0075	 +0.1559	 +0.5833
+25.0951	 +3.2899	 +6.0675	 -0.9945	 +2.2737	 -0.8373
 -4.6100	 -4.0015	 -7.2535	 -3.2473	 +0.8165	 -2.5526
 -5.2525	 +3.7521	 -9.0482	 +0.3478	 +1.3182	 -0.7519
 -2.3871	 +2.5570	-11.9560	 +4.1965	 -4.1192	 +0.9724
 +1.8041	 -4.9771	 +1.0834	 -0.2031	 -3.3906	 -2.5009
 -6.6598	-24.2666	 +5.0902	 +0.0396	 -3.2233	 -1.6488
-11.4879	 +9.7499	 +4.7570	 +1.7729	 +0.1652	 -3.2316
 -2.6034	 -1.8820	 -2.5690	 +0.5457	 +5.3573	 +2.6713
-16.9147	 -9.9497	+16.8137	 -3.1004	 -0.5257	 +0.8369
 -9.3091	 +0.5505	 +2.1765	 -5.2776	 +1.0898	 -0.5374
-17.4424	 -7.3392	 -6.2493	 -1.6467	 -2.5510	 +1.2854
 +0.4024	+23.7044	-11.6986	 +1.6801	 -2.3846	 +2.2354
-13.6386	+12.6846	 -3.3207	 +0.3077	 +2.5981	 +1.4595
 +3.3436	 -6.7113	 +5.4952	 -4.2771	 +1.8006	 -0.4127
+13.2630	-23.5557	 +2.4236	 -1.1438	 +1.4671	 +1.5889
+10.9367	 +3.5200	 +0.7264	 -1.7316	 +2.7852	 -1.2507
 +6.8446	+37.9593	-14.0508	 -0.1156	 +1.5791	 +2.2492
 +3.4737	 -3.0820	 +5.9274	 -0.3497	 +0.9394	 +2.1390
 -2.3451	 +8.5031	 -1.0392	 -3.4478	 -0.5141	 +0.2987
 -3.9791	 -1.8880	 -4.7151	 -0.5384	 -3.6881	 -0.1681
+86.9873	-29.4794	+51.6484	 +0.1311	 -0.9245	 -1.3742
 -0.4724	+11.0805	-14.2780	 -2.4839	 -2.2089	 -1.2870
 -0.5861	 -2.2618	 -9.1653	 +2.3764	 -3.3267	 -0.8921
 -1.2362	 +0.2796	 +7.4592	 +2.0673	 +1.0080	 -0.7453
 +2.3372	 +5.9154	-14.5581	 -1.0098	 +2.1244	 -0.4653
 -5.8285	 +0.5886	 +1.7519	 +3.7370	 +3.4101	 -4.0074
 +1.5618	 +0.4150	 +3.8674	 +1.0780	 +2.1633	 +1.8889
 +4.1456	 -6.9276	-10.6899	 -1.7993	 -2.7272	 -0.4755
 -6.5020	 +0.5597	+20.1705	 +2.3166	 -1.0928	 +2.0625
 +2.0592	 -5.4568	 +8.7764	 -3.5781	 +3.1073	 +1.6445
 +4.3897	+14.9598	+25.4828	 +0.5766	 +0.8180	 +3.6511
+10.6239	 +5.6042	+15.1683	 +0.6398	 +0.7567	 +2.0104
 +6.3222	 +1.2599	 -2.3387	 -2.7398	 +1.3343	 +0.1103
 -3.5132	 -8.2932	+21.3778	 +1.3997	 +1.2142	 -1.0861
 -9.3724	 -1.2148	+15.5459	 -1.5360	 -2.1644	 -2.3808
-19.9369	 +1.5968	 -5.5858	 +1.7243	 +0.9799	 +3.8459
 +3.3249	 +2.3051	 +2.5322	 -3.7753	 -2.9467	 -1.9639
-43.0743	+22.0836	 -0.7171	 -2.9079	 +1.3704	 -1.0384
 -2.9749	 -4.8324	 -2.9848	 +0.4482	 -6.7199	 +0.4336
-12.4625	 +2.4998	 -0.0918	 +2.8935	 +2.7681	 +2.1924
+18.1727	 +6.3359	 +7.4518	 -1.5359	 -1.0478	 -1.8663
 -3.8572	 +5.7473	+12.2829	 +2.0955	 -0.4402	 +1.2216
 +4.5102	-20.1616	 +4.5693	 -0.6277	 -0.2597	 +0.7836
 -6.4273	-11.6783	 -2.1884	 -2.0569	 +2.7679	 -1.5610
 -0.2551	+12.3282	 +5.4296	 +0.8388	 -0.5279	 +0.9208
-91.9139	-169.9769	+26.0630	 +1.0959	 +0.0060	 -0.0981
 +5.8454	 +3.8445	 +2.2639	 -1.5844	 -0.4905	 -0.5097
 -3.1940	 -6.9489	 -1.5588	 -3.6296	 +0.9071	 +3.1559
 +2.5035	 -1.5399	 -1.3566	 +3.4529	 +3.2111	 +1.7114
 -7.7868	 -2.7376	 +8.7382	 +2.0050	 -2.8749	 +4.0119
-11.7153	 -1.6806	 -0.4997	 -1.5541	 +0.2338	 +5.5181
 +0.6389	 +0.6416	 -6.7193	 +0.5670	 -3.1544	 +0.6710
 +1.3590	 -5.4349	-12.2408	 -2.0482	 +0.4708	 -0.5187
-14.0301	-11.6713	+22.2602	 +1.7214	 -3.0238	 -1.2334
 +2.2853	 +3.1736	 +1.6101	 -3.5553	 +3.9471	 +1.2552
 +2.3133	 +2.2881	 -4.7542	 -1.6613	 -1.9357	 -2.0318
 +1.1872	 -6.4111	 +3.9301	 -2.8788	 +3.9971	 +2.2897
 -0.7143	 +3.0612	 +2.1987	 -1.7962	 +4.6028	 +4.3628
 -0.3838	 -4.1784	 -1.8281	 +5.7999	 -1.3882	 -0.0372
 -4.7090	 +5.2964	 +7.7074	 -2.6784	 +0.7225	 +0.6912
 -3.3765	+21.7297	 -5.6328	 -0.7602	 +2.4748	 +2.6667
 +9.8206	 +1.5781	 -5.4074	 +0.1831	 -1.9243	 +1.7818
 -3.4216	 -1.0995	-13.2278	 +0.9992	 +1.0876	 -1.4971
 +0.4258	+28.1817	-29.9800	 +0.1915	 -1.1206	 +2.4664
 -0.5944	-19.3385	+40.0159	 +0.4422	 +0.5858	 -1.8381
+17.5485	-19.8646	 -8.5667	 -0.6816	 +3.2015	 -1.2597
 +0.4824	 +2.9039	+15.3632	 -1.6811	 -1.2806	 -2.0733
 +0.1918	 +0.0379	 +2.4275	 -2.9472	 -2.2121	 -5.2751
-13.4612	+14.5321	 +0.7429	 -2.1871	 -0.3407	 +1.1157
 +3.8898	 -5.8583	+29.0396	 -1.5542	 +1.2913	 -1.1793
-46.4302	+21.3300	-75.7245	 +1.0141	 +1.8867	 +0.0053
 +7.1430	 -0.5073	 -1.4496	 -1.8596	 +3.3130	 -0.2232
+12.9902	-16.5238	 -4.4537	 -0.8350	 +1.6587	 +0.8147
 -3.3436	+16.1080	-13.8701	 -0.2491	 +0.9315	 -0.7557
-27.7198	 -2.0054	 -7.3808	 +0.0027	 +1.1231	 +0.0476
 -0.0579	 +5.1541	 +1.9309	 -1.2175	 +2.2676	 +2.4542
 -2.4918	 +6.0544	 +3.0532	 +1.9622	 -0.7900	 -3.3207
 -3.8085	-25.1550	-16.7829	 +0.7626	 +3.0624	 -1.2616
 -1.3012	+12.0210	 +1.6228	 +2.6585	 +2.1255	 +0.4481
 -5.1534	 +2.0592	 -0.5029	 +1.2793	 -3.0307	 +2.3522
 -2.5070	 -2.1670	 +9.2351	 -2.5590	 +0.8257	 +0.3416
+19.4224	+15.4054	-33.4218	 -1.1378	 -1.0077	 +0.4829
+29.0431	+40.4136	+69.2666	 -1.0495	 -0.5763	 +1.0722
 -5.5578	 +1.6239	-23.3233	 -1.6967	 -2.6217	 -0.2881
 +2.2060	 -8.3836	+15.5823	 +2.8913	 +0.5923	 +2.3031
 +0.4718	 +1.4607	 +2.2047	 -1.6187	 -1.0339	 -1.1917
 +3.3737	+16.6754	 +6.9244	 +1.6422	 -1.3572	 -0.2331
+68.0897	+28.5507	+34.8943	 -0.6552	 +0.1802	 +0.6594
 +0.8549	 -2.3680	 -3.6624	 -2.3808	 +3.3771	 -4.3798
 -1.5700	 +6.6676	 +3.9213	 -0.8354	 -3.3854	 +2.4785
-15.3654	 -7.5214	 +0.7227	 -0.0807	 +1.4259	 -3.4109
 +1.5807	 -1.9407	 +0.7316	 -2.4661	 +2.5548	 +3.8977
-41.0154	 +9.9733	+10.9259	 +1.0665	 -1.1388	 +1.8171
 -2.1921	 +5.7288	 -9.1265	 -0.7571	 +4.1265	 -1.9120
 +1.6774	 +7.3067	 -6.3057	 +0.9675	 +3.0364	 -3.5634
 -0.8756	 -6.8355	 -1.4426	 +3.7110	 +4.7083	 +0.7594
 -8.6074	 -0.1932	+29.1180	 +1.8787	 -0.1979	 -0.7977
 -7.6299	 -4.2069	 +7.3611	 -0.6772	 -4.5512	 -1.9270
 -9.8865	 +5.7601	 -1.0567	 +2.0107	 -5.3275	 -1.1305
 +8.6788	 -3.9245	 +5.0534	 +0.2647	 -0.7216	 +0.7028
 +4.9358	 -6.7840	 +7.5180	 -4.0672	 -3.6893	 -2.4806
 -0.4977	-11.7072	 +7.7394	 -0.2928	 +1.6465	 -0.7381
 +3.4273	 +7.9485	-25.8945	 -1.7667	 +4.0356	 -0.7102
 -3.8706	 +2.2383	 -8.5423	 -1.2842	 -3.3962	 +3.0372
 -1.8292	 +3.8667	 +3.0749	 -4.6267	 +0.4975	 +4.0208
 -0.5056	 +0.3512	 +4.0626	 +0.9447	 +0.7098	 -2.6710
 -4.5914	-20.8960	 -9.3510	 +0.6270	 +0.2219	 +3.1344
 -7.1516	-11.5144	-15.4425	 +3.2887	 -0.7294	 +1.3591
 -4.0683	 +3.9619	 +0.2922	 -0.6701	 -0.8159	 +0.1303
 -4.2198	 -8.7589	 +7.2474	 -0.3571	 +1.3640	 -3.4454
+16.9004	+13.0221	-13.4149	 -0.6363	 -1.3301	 -2.2487
 -5.0556	 -6.0263	 -4.4279	 +3.1622	 +0.8620	 +0.7999
 +1.3079	 +4.7330	 +3.0834	 -2.8754	 +4.0540	 -1.2945
 -2.3398	 +4.2191	 +1.8787	 -0.8029	 +2.7502	 -2.7504
 -4.2621	+11.1307	-25.8546	 -3.5563	 -1.9626	 +0.4424
 -5.6998	 -2.7456	 +1.1900	 +0.5693	 +2.5028	 -1.6692
+20.8547	 +8.6364	 +4.0562	 +3.0862	 +1.0614	 +0.6497
 +3.0584	 +8.0118	 -0.2787	 +0.4623	 -1.7982	 +3.7150
 +3.4460	 -1.6772	 +4.0638	 -1.6905	 -4.9464	 -0.4661
-14.6179	+19.4843	+11.4904	 +0.1100	 +0.6241	 -0.0126
 -1.5900	 -2.2819	 -3.6929	 +0.5749	 -0.6914	 +0.4396
-16.3533	 +7.1050	 +4.5712	 -0.9327	 +0.8913	 -3.9808
 -4.7782	 +4.8721	 -2.7456	 +1.3402	 -2.8723	 -1.1278
 -4.7984	 -1.3661	-10.4463	 -1.9448	 +1.0035	 +0.1820
 +5.1165	 +4.8747	 -9.3757	 +0.5339	 +0.2848	 -1.7313
+22.5222	+10.3824	 -0.7146	 -0.2753	 -3.3112	 -0.2384
-84.0852	+42.9753	+24.9759	 +0.1422	 +0.0900	 +0.6031
 -8.0865	 +0.5498	 +6.6650	 +3.7374	 +3.9256	 +1.7162
 -7.1925	 -0.6232	 -2.2916	 +0.9780	 +2.8437	 -1.8790
 -4.8375	 +7.3708	 -3.9498	 -3.5881	 +1.6594	 +2.3082
 -8.0575	 -4.5180	 +0.9965	 +2.1830	 -0.6281	 +1.5713
-19.8152	+10.7770	 +4.3073	 +0.5341	 -1.6925	 -2.1330
 -7.9257	+14.3637	-31.7583	 +0.8676	 +1.6426	 -1.8600
-16.7248	-19.9495	 -1.8935	 +0.3396	 -1.2996	 +2.9845
 -1.3939	 +4.5597	 -1.9269	 +1.1190	 +3.7249	 +2.7746
 +1.9459	+12.9425	-10.4706	 +0.6476	 +0.4004	 -2.8681
 -0.3404	 +0.8876	 -8.8462	 +1.7310	 +0.3523	 +1.1974
 +3.6941	 -2.0170	 -3.7647	 -3.7475	 +0.4374	 -0.5914
 -9.0032	 -2.6826	-15.6981	 -2.8903	 +1.1986	 -1.1556
 -4.8364	 +3.5479	 -4.0380	 +3.7681	 +3.7336	 -3.9489
 +3.4785	 +1.6564	 +4.9244	 -0.7769	 +0.1167	 -0.4510
+29.8165	+19.7891	 +7.6544	 -1.5391	 -1.9211	 +1.7817
+10.4466	 +1.5601	-17.5636	 +2.7424	 -3.1161	 -0.0256
 -6.6040	 -4.8185	 +4.0198	 -0.4633	 -2.7214	 -3.5718
 -2.3467	 -0.6000	 -1.1018	 +3.7164	 -5.0574	 -2.8205
+22.9965	 +1.4783	 +0.8679	 +0.6703	 -0.5352	 -0.3964
 +0.6323	 +1.6706	 +9.0897	 +3.8247	 -1.3722	 -2.5616
 +5.0958	-14.8305	 -3.7877	 -1.7940	 -1.2659	 -0.8866
 +5.2393	-15.1112	 +3.4967	 -2.3390	 -2.6364	 -0.7654
 +0.0545	 +5.9964	 -0.1148	 +0.0660	 +2.2059	 -4.4980
+13.4048	 -6.6635	 -1.3657	 +0.3514	 +2.4406	 -1.8297
+19.3206	 +3.1331	 -9.1604	 +0.3255	 -3.7927	 +0.5865
-34.9886	-18.1682	+14.5081	 -0.1848	 +0.1843	 -3.0808
 +0.3011	 -8.6847	+13.0170	 +1.8408	 -0.2310	 +0.9374
 +2.4105	+11.3246	+13.3219	 +1.1508	 -1.1246	 -3.1250
 -8.3263	 -7.4948	 -4.4742	 +2.1756	 +4.8328	 -2.6046
 +7.7004	-10.9677	 +2.4177	 +3.0514	 +2.0968	 +1.7533
-12.0756	 -6.0753	 -8.5963	 -1.9423	 -1.6589	 +1.0993
-40.8179	+26.2132	+37.4598	 -0.0469	 +0.5465	 +0.2815
 +9.5878	 +1.9772	 +4.6311	 +4.9810	 -0.5627	 -0.6734
 +1.2142	 -1.1978	 -3.2922	 -2.3994	 -2.7304	 +3.1928
 +2.5961	+10.8524	 -5.1231	 -1.7714	 +2.7998	 +3.3346
 -5.0650	 +3.6623	 +4.7488	 -2.1556	 -2.0350	 +3.7219
 -4.5911	 +2.8737	 -1.3096	 -0.1399	 +5.7435	 +4.6875
+43.2926	 +5.5040	-16.4860	 -0.7450	 -0.7391	 +0.2986
 +0.6054	 -0.9345	 +0.2782	 +1.3316	 +4.4021	 -1.1677
 +8.8220	 +4.4299	 +6.5615	 -0.8016	 +2.1778	 +2.6085
 +6.3780	+11.4475	 +4.0597	 -0.8017	 -3.5954	 +2.0323
 -2.7808	-15.9298	-33.4316	 +1.0298	 -0.7211	 +1.0247
 -5.0062	 +1.5311	 -8.9982	 -0.7426	 +2.6417	 -1.2238
 +3.9299	 +0.6732	 +5.8486	 -0.0725	 -1.2814	 -3.4352
-101.8562	-32.4651	+84.5553	 +1.4021	 +0.1701	 -1.2382
 -0.4405	 +7.0439	 -9.5990	 +3.4920	 -2.8506	 -2.5368
+11.7320	-34.9059	+10.5036	 -1.0183	 +1.8692	 +3.5573
 +3.5943	-25.2558	 -4.3675	 +0.9613	 -0.7604	 -2.2629
 -0.9145	 +0.6462	 +0.1007	 -2.7930	 -0.3650	 -4.2310
 -4.3547	 -7.3770	 -4.2716	 +1.5715	 -3.5338	 -2.9905
 +6.2920	 +5.0306	 -9.6930	 +3.1110	 -2.8813	 -0.8046
 +7.7143	-11.5930	 -0.0336	 +0.6373	 +1.6299	 +0.7239
 -3.1476	 -5.5027	-10.0678	 -1.8612	 +2.0332	 -2.5270
-11.1790	 -9.3237	 +6.7047	 -2.2478	 +0.3928	 +0.3337
+11.9957	-23.7559	 -6.8330	 -0.3636	 +1.4372	 -1.1364
 -4.2091	 -0.4730	 +2.7354	 +2.7373	 -0.2111	 -1.0455
-20.7953	 -6.5651	 +4.1277	 -1.2536	 -0.3297	 +0.0059
 -1.5388	 -1.7861	 +4.1220	 -0.3167	 -4.7316	 +3.0743
 -0.1989	 +1.0283	 +3.8923	 +0.1532	 -1.2035	 -2.1644
 +3.8955	 -3.2062	 -2.1452	 -2.7452	 -0.3151	 +0.4946
-12.3600	-13.9156	 -8.2123	 -1.1159	 -1.7039	 -3.4619
-64.2112	+22.8529	+50.3530	 +1.2358	 -0.8424	 -0.8442
-58.0465	-31.9780	+18.4070	 +1.3157	 +1.0399	 -0.5565
 -8.5478	 -7.2697	+10.9002	 +1.0524	 +2.3364	 +2.1130
 -2.5998	 +2.3382	 -2.6095	 -0.1450	 -2.4015	 +2.2121
-77.4503	-125.2629	+119.3309	 +0.6666	 +0.0584	 -0.0867
 -7.2972	 +5.0275	 +0.2376	 -3.6266	 -4.7981	 +0.0391
-10.7744	+10.7339	-11.1425	 -1.5132	 -1.7566	 -2.4609
 +0.9263	 +2.1159	 -4.4292	 +0.0713	 -3.2969	 +0.5295
-46.1270	-26.1609	-14.4596	 +1.8939	 -0.5580	 -1.1544
-11.3702	 +4.9346	-10.8164	 -1.4956	 -0.3353	 +0.2213
 +5.4356	 +5.2054	-18.6860	 -0.9305	 -1.6259	 +0.5338
 +8.5300	-30.8837	+36.5219	 +1.3563	 +2.1996	 +1.5679
-13.0353	 +3.3202	 +0.0697	 -1.2692	 +0.4227	 -2.5360
 -1.6047	 -7.7270	 +8.1711	 -1.9111	 +1.2410	 +1.0830
 +3.4862	+13.9301	-20.8057	 -0.0625	 -2.5166	 +1.8838
 -5.6632	 +0.9099	+18.0660	 +2.5182	 -2.9249	 +0.8939
-18.4059	+12.6457	+23.3915	 -1.6677	 -0.4378	 +1.4190
+12.6823	 +8.9241	 +3.0158	 -0.0630	 -3.3593	 +2.2633
+11.8088	 -3.0628	-11.9215	 -0.3399	 -0.5493	 +0.7150
 -9.7692	 +4.2162	 -1.0077	 +4.1544	 +2.4039	 +0.5927
 -5.2659	 +3.3693	-16.2930	 +2.3870	 -2.0636	 +0.9211
-11.3933	-15.9909	-23.3903	 -0.1154	 -0.0869	 +0.5391
 -4.1670	-12.4404	 -6.9499	 +2.0777	 +2.1147	 -1.7086
-11.5685	 -9.6413	+21.0202	 -1.4644	 +0.2342	 -0.1119
 -9.5262	 +4.1607	-10.8309	 -1.1498	 -3.2037	 -1.3321
 -7.0659	 +2.9369	 -5.7472	 +5.0090	 +0.6220	 +0.0648
-36.5807	+14.5145	+11.9947	 +0.2243	 +0.6040	 -1.6555
 -1.7773	 -8.3659	 -6.4029	 -1.2710	 +0.5135	 +2.1509
 -6.3624	-10.3072	+14.2856	 +0.9704	 +0.7853	 +2.0511
 +8.9244	+10.4633	 -3.4080	 +0.9185	 +0.3286	 +3.3667
 +1.9884	 +3.1027	 +4.4394	 -4.9380	 -0.7881	 -1.4031
-30.3000	+37.8483	-75.4322	 +0.4393	 -1.4063	 +0.6816
+10.8641	+22.5920	 -6.7130	 -1.6447	 +2.0272	 +1.3678
-13.4533	+76.5746	-52.0611	 -2.1188	 -0.6367	 +0.1713
-18.4274	 -5.5485	 -2.6681	 +0.2322	 -1.4374	 +0.3815
-14.9778	-17.7973	 -6.8630	 +1.3152	 -0.5824	 +2.1081
 +1.3556	+13.5681	 -3.8317	 -0.5711	 +4.1888	 +1.7430
 -7.9400	 -0.2878	+11.0987	 +3.2887	 +1.7364	 -1.7509
-19.6508	 -4.7033	 +6.2348	 +0.9239	 -0.9592	 +2.6484
 +2.7320	 +0.8566	 +5.0742	 +1.6524	 -3.7320	 -4.2468
 -0.2459	 -5.0493	-10.0649	 +2.6147	 -0.1588	 -1.1868
 +4.8123	 -4.3049	 +2.6307	 +0.3855	 -0.1570	 +1.3207
 +1.6292	 +9.0358	 +2.5879	 -1.9790	 -0.8612	 -5.1757
-15.4292	 +1.9902	 -0.9379	 +0.6017	 +3.3246	 -2.1152
 +1.3426	 +3.9100	 -8.9747	 -4.3901	 +2.1014	 +2.2246
 +9.5887	 +7.7863	 -1.0406	 -3.5455	 +0.0164	 +3.5058
 +8.8354	-24.8712	 -6.2623	 -2.9559	 -0.2346	 +1.9199
 -6.6217	 +0.2134	 -4.0001	 -2.0843	 -1.1726	 +5.0210
 -8.8813	 -1.2137	 +8.1253	 +0.8046	 +1.7954	 +2.9892
+10.5849	+12.2822	 +1.1498	 -1.1420	 +2.5787	 -0.6896
 -3.5505	 +9.7040	 +6.8731	 +2.5998	 +3.2079	 +0.3627
-143.5258	-178.7003	+114.0780	 +0.3719	 +0.8821	 +0.0898
 +4.2413	 -7.4440	 -1.3578	 +0.1386	 +4.7391	 -3.3501
-17.3405	+46.3272	+46.0768	 -0.3199	 -2.1898	 -0.2506
 +4.7508	 +0.4514	-11.5252	 -1.9834	 -2.5293	 +2.7612
 +7.1866	+74.6986	-83.0495	 +0.0793	 +0.0011	 +0.3358
 +0.7097	 -2.5402	-10.2965	 -1.1104	 -5.9149	 -0.5100
 -5.3098	 -4.2941	 +8.1073	 -2.2422	 +1.6425	 -0.5701
-13.5507	+25.7772	-25.3563	 +1.5507	 +0.0500	 -0.1438
-15.9219	-15.0723	 +1.2338	 +1.1501	 +3.2523	 +0.5642
 -4.5193	-14.2615	 +0.9182	 -4.5232	 -0.0264	 -1.3998
 -3.5481	+10.3901	 -2.0866	 -2.8045	 +0.8420	 +0.9900
 -2.0919	 -7.8691	 -0.9573	 +0.0525	 -3.8738	 +3.3039
-11.1554	 -2.4121	 -5.6423	 -1.1049	 +0.1547	 +1.7881
 -2.8810	 +0.8652	 +2.8430	 +2.5725	 -3.5672	 -0.9954
-11.2608	+12.2081	 -0.1380	 -3.9315	 +0.2889	 -0.8430
 -3.3290	 +3.8622	 +2.8374	 -4.3532	 +4.8529	 +1.1345
-22.0229	+25.8006	 +2.1241	 +0.4343	 -1.4159	 -0.0805
 -0.6903	 -1.6138	-21.9246	 +0.6455	 +0.6152	 -3.4407
+14.1211	 +5.3527	+10.5784	 +1.2511	 +2.1288	 -1.1222
 -4.8459	 +2.9972	-21.9394	 +1.0988	 +2.9566	 -0.7568
 +4.0880	 +6.0794	-12.7540	 -0.3846	 -2.3474	 +1.0791
 -7.0151	 -7.0265	 -3.1454	 -5.8407	 -1.2569	 +3.4321
 +1.3673	 -2.9787	 +2.4647	 +4.9896	 +0.9180	 +0.0003
 +8.5582	 +4.2482	 +8.6563	 +2.2438	 -1.7878	 +2.3328
 -0.3531	 +6.3108	 -0.9919	 -1.7822	 -3.7725	 -1.0269
 +5.7025	 -6.0318	 +8.3317	 +0.6112	 +2.2486	 +2.4503
 -6.1483	-22.4536	+12.3569	 +0.9378	 -0.3729	 +0.1318
+11.7437	 +0.9215	 +0.5681	 -2.1399	 +2.8376	 +0.3991
 -2.5284	 +3.1065	 +1.5083	 +1.6621	 -3.3999	 +2.8300
-18.8539	 +3.5570	 -1.5877	 +2.2627	 -0.6369	 +1.7581
 -0.9606	 +1.4011	 -0.3937	 -5.5608	 +4.6856	 -1.4378
 +2.6587	+14.4570	 +5.4614	 -1.3264	 +1.9597	 +1.2083
-16.8130	 +1.5277	 -5.4206	 -0.8605	 -2.6071	 +1.8011
 +6.8325	 +8.0881	 +7.6990	 -1.7474	 +1.0931	 +0.8051
 +2.1671	+13.5038	 +3.7191	 -0.9766	 +1.0591	 +1.8714
 +7.3013	+25.9388	+34.6968	 +0.5952	 +0.2723	 -1.3838
-13.0036	 -1.7102	 +1.5696	 -0.0828	 -1.4305	 +0.9514
 +2.8936	+20.4956	-11.6519	 -2.7360	 -1.7584	 +0.8019
+21.1338	-13.0166	 +9.4806	 +3.2930	 +0.3622	 -1.8844
 -6.7470	 +2.8950	 -5.8094	 -0.1299	 +1.9950	 +4.2863
 -4.9564	 -2.3605	 -3.6714	 -2.5777	 -2.6408	 -4.5211
 +4.4168	 +4.2510	 -4.4848	 +3.1342	 +2.4667	 -3.9489
-12.1997	 +1.5048	 -5.1741	 -2.7302	 +0.0472	 -0.1450
-18.7013	+10.6550	-25.5262	 -0.0887	 -1.0896	 +1.9734
 +5.0150	 -2.7282	-14.3925	 +0.4081	 -2.8940	 -1.8040
+22.2684	 -2.5015	-16.8992	 -0.7403	 -0.7909	 +2.1123
 +2.8103	 -2.1467	 -5.4827	 +0.2806	 -2.2870	 -3.8482
 +0.7105	 -3.4636	 -4.4445	 +0.0146	 -1.7403	 +0.5970
+11.8920	+15.2600	-14.1102	 +0.0550	 -0.8639	 -0.1823
-16.0751	+37.8403	-11.3124	 +1.6908	 +1.5962	 -0.0189
 -5.0119	 +2.6501	 +1.6524	 +0.1066	 +1.3931	 -3.1621
-10.1168	 -5.8223	-17.3721	 +1.2713	 -1.1022	 -2.9593
-12.2898	 +1.7379	+11.6995	 -1.7232	 -4.3630	 -0.7373
+18.2866	-10.2790	 -9.1322	 -0.4299	 -0.3752	 +0.5357
 +5.6358	-19.7371	 -2.6823	 -2.0881	 -2.2570	 +0.4305
 +1.3033	 -2.6658	 +5.2600	 -1.4255	 -0.5978	 -2.4247
 +3.2155	 +7.3859	+16.0080	 -1.3261	 -0.2934	 +2.3408
 -5.9510	 +3.2692	-25.0073	 +0.5225	 +2.0418	 +0.6037
-14.0241	+18.0999	 +1.3300	 -1.2874	 -2.9828	 +1.2324
 +6.4635	 -5.8469	-19.6023	 +0.7470	 +0.7640	 +0.7537
 -9.3156	 -2.9403	 -1.4737	 +1.2216	 -1.8275	 +0.5044
+15.3401	 +6.3312	+40.5684	 -0.5838	 -0.5316	 +0.5030
 -9.7293	 -2.8550	 +0.4017	 +0.4249	 +0.4140	 -2.2642
 +6.5587	 +3.5746	 +7.5904	 -1.7321	 +2.5604	 +0.1111
-11.2858	+18.9588	 -1.1974	 +2.8078	 -0.9124	 +1.6418
-12.9619	 +3.1687	 +3.1443	 -1.7604	 +1.4120	 +0.3082
-12.9454	 +4.9861	-14.8621	 -0.0260	 -2.1729	 -1.8308
-10.0601	 +9.0303	 +7.9076	 -3.6810	 -0.8070	 -0.6949
 +0.1263	 +3.7940	 -4.6304	 +0.3589	 +0.3166	 +3.9016
-61.3646	-18.0175	-25.6976	 -0.4912	 +0.1758	 -0.0573
 -4.6763	 -1.5666	 +5.9787	 -0.6280	 -3.6115	 +1.9194
 +5.1594	 -2.3223	 +5.9904	 -1.3656	 +0.2860	 +0.7603
+11.0966	 -5.4061	 -3.6117	 -0.8333	 -0.6797	 +1.4263
