# Iterations: 1 of 100
# Total Energy: -6.698e+05
#    Kinetic Energy: 6.692e+05
#    Potential Energy: -1.339e+06
# Current Time: 2018-05-09 11:37:26.046676
# Elapsed Time: 0:00:14.990614
# 
# Med. Times for Sections
#    Force Computation:		5.609135
#        [5.609135]
#    Gather Particles:		0.010777
#        [0.010777]
#    Overall:		7.734817
#        [7.734817]
#    Scatter Particles:		0.001099
#        [0.001099]
#    Time Integration:		0.000144
#        [0.000144]
#    Tree Broadcast:		0.887768
#        [0.887768]
#    Tree Construction:		1.225825
#        [1.225825]
# 
# x	y	z	vx	vy	vz
# 
 -6.7827	 -4.4649	 -2.5908	 +0.0553	 +0.1701	 -0.3982
 +2.2672	-20.5022	-12.5522	 +1.2118	 +1.6877	 +1.5642
 -0.6832	 -2.9324	 +6.2280	 -1.9376	 -3.2150	 +3.2396
-22.4214	+26.0199	 -1.6154	 -2.3802	 -0.6707	 +1.1740
 -5.8774	-17.1439	 -6.5126	 +2.0544	 -2.7506	 +1.0217
 -5.0924	 +0.3375	-15.9190	 +2.6430	 +0.6656	 -1.3350
+14.6949	-14.5856	 -7.9684	 -1.0433	 -1.1822	 -1.1185
+12.1269	 +7.5206	 -5.9577	 -0.9224	 +0.5378	 -0.4812
-27.8649	-36.2428	-11.1688	 +1.8667	 +1.6073	 -0.1283
-11.5680	+22.2402	 +1.5978	 -3.3468	 +0.0829	 +0.6334
-25.1348	+10.3454	+17.5930	 +2.0220	 +1.0448	 -0.1992
 -3.3829	 -4.9601	 +0.7903	 -2.3335	 +1.5680	 -1.0861
 +4.9009	 -2.9681	 -2.6845	 -1.6471	 +2.6063	 -5.3223
+26.4316	+11.5366	-26.4149	 -1.1546	 +1.0130	 -1.2438
 -3.4081	 -3.0545	 -0.9972	 +3.5013	 -2.5297	 -1.3652
+11.5552	 +4.0563	 -0.0398	 +2.6339	 -1.5968	 -1.9168
 -7.8034	 +0.1887	 -9.0788	 -1.7560	 -4.4555	 +2.0872
 -4.1670	 -0.6484	-17.4537	 -1.6286	 +0.6061	 -2.2704
 +9.5202	 -6.5734	 +7.7264	 +0.6032	 -1.5234	 -0.3002
+105.8790	-28.1326	+78.4021	 -1.3550	 -0.8411	 +0.2117
 -7.8896	 -5.7563	 -2.1551	 +1.8347	 +1.3947	 -3.3834
 -4.1198	 +2.4736	 -8.0715	 +0.2305	 -4.3020	 -0.2580
 +6.0627	 -0.4441	-10.6724	 -1.2607	 +2.7645	 +1.4660
 -2.2021	 -5.1678	 -0.6152	 -2.7559	 -0.1008	 +5.0684
 +6.4398	 +6.9121	 -8.4305	 +1.7625	 +1.1887	 -0.5565
-33.8167	+18.9054	 +0.9273	 -2.2568	 +2.4222	 -1.3005
 -2.3636	 +2.0484	 -2.0042	 -1.8859	 -5.1701	 -3.1950
+11.7311	 -7.2691	 +2.3851	 -3.5118	 -0.5330	 +2.3706
 +8.3447	+14.1220	 +7.8838	 +3.2441	 -1.8299	 -2.0164
-19.9546	-19.9652	 -5.0983	 +3.1257	 +1.9042	 +0.5189
 -7.4014	 -2.3084	 -1.4421	 +4.0872	 -3.4148	 -4.7291
-55.7825	 +7.1306	 -1.3891	 -0.9485	 +2.0156	 +1.8289
 +0.8960	 -5.4963	-14.0320	 -4.2892	 -0.7110	 +1.4517
 +0.0003	-15.9018	 +5.7881	 -0.8119	 +1.4831	 -1.1225
-10.1433	 -2.8136	+21.3674	 +0.1736	 -0.6695	 +1.3051
 +4.2620	 +1.5384	 -0.5270	 +0.3697	 +0.8764	 +0.4990
 +3.2093	 -1.2986	 -3.6074	 +0.1769	 -5.3865	 +1.4999
 -5.3722	 +1.3311	 +4.3147	 +3.9373	 -3.2418	 +2.7799
 -2.2834	+32.1611	-11.8406	 -0.7563	 -1.4366	 +0.5945
 +3.3991	 -3.1553	 +1.1986	 +1.3843	 +4.2404	 +2.8691
+12.0884	 -9.6904	 +9.7744	 +2.4021	 -3.8003	 +0.7645
 -4.6257	+11.2379	-12.6111	 -0.4424	 -0.7647	 +1.0678
 -4.5541	 -3.7442	 -9.9598	 -2.2811	 +3.7346	 -0.7806
 -3.6243	 +4.0107	 -0.9802	 -4.1810	 -0.1704	 -0.9982
 -6.9387	+22.4855	-21.3141	 +2.3360	 +0.1256	 +0.6308
 +2.8111	 +0.2094	 -5.4251	 -0.6303	 -1.3585	 +4.8691
 -3.3306	 -0.2628	-10.8932	 +2.4102	 +4.7158	 -1.6033
+34.8426	 -4.9031	 +2.4975	 +0.2051	 -1.2934	 -1.5751
 -3.8680	 +4.2167	 +0.5248	 +2.2372	 +2.7501	 -0.2428
 -6.8693	 -1.2846	 -4.4892	 +1.9587	 +4.5904	 -0.2575
-34.4151	-57.1607	-38.7494	 +1.1121	 +0.2371	 +1.5741
 -1.0545	 -4.0925	 +1.2860	 -2.0717	 -3.4389	 -3.6573
+16.5070	-10.4473	 +5.4864	 -0.0709	 +2.5310	 +4.0235
 +2.3525	+13.2714	 +4.2073	 +2.3207	 -3.6652	 +2.3810
 +5.0245	 -5.1611	+52.5139	 +0.4819	 +2.2114	 +1.9354
-27.0853	 -6.9750	 -4.2894	 -2.0781	 +0.2876	 -0.1913
+32.4033	 -5.3860	 +4.8667	 -1.1698	 +0.9424	 -1.0166
 -4.8159	 +6.5196	 +5.8468	 -1.6061	 -0.6974	 -2.6873
 -2.3550	 -6.7653	 -3.6391	 +3.6201	 +1.5026	 +3.9587
 +2.8721	-22.0718	 +8.4039	 -3.6364	 +0.9958	 +0.2064
-13.8418	 +0.8874	 +9.4480	 -4.4057	 +1.0211	 -1.2903
 -8.2131	 +2.8462	-20.3505	 -0.4595	 +4.0423	 -1.8443
 -2.9220	 -9.6766	 -2.2354	 +2.6341	 +1.5052	 -1.6728
 -5.8752	 -4.7295	 -8.9902	 +0.1733	 -3.3499	 +3.0913
 -2.1382	 -4.0661	 -6.6112	 -1.5935	 -1.0418	 +3.8549
 -6.7639	 -3.4932	 -9.9282	 -2.4771	 -3.1164	 -2.1540
 +5.0544	 -2.0072	+22.3900	 +0.6072	 +0.9929	 -0.0281
-13.7173	-11.9819	+27.3397	 -2.4703	 -2.0475	 +0.5702
 -3.4211	 -7.5656	-20.4499	 +0.5428	 -0.9579	 +0.7755
 -3.9651	+11.1818	 -5.4860	 -0.4097	 -1.6698	 +4.0425
 -1.4513	 -4.5010	 -1.6527	 -1.8344	 -2.1474	 -1.9257
-13.4192	-12.1211	 -6.2625	 +1.6715	 +0.2470	 +1.0583
-11.9390	 +6.4243	 -2.2094	 +0.4736	 +0.4814	 -1.9984
-16.3037	+15.2787	-93.5752	 +1.9165	 +0.0101	 -1.4585
+26.5528	-28.4999	-14.2560	 -0.1069	 +1.5216	 +0.5520
-10.3458	+10.9404	-11.2534	 -2.7139	 -3.5931	 +0.8191
 -5.1979	 +2.3538	 -8.2718	 +1.0119	 +2.1213	 -2.4057
 -1.4928	 -8.3918	+13.2881	 -2.9632	 -2.4544	 -0.8293
 -4.6174	+10.0494	 -4.3158	 +2.9869	 +0.3423	 +3.0641
+20.2594	-15.2895	 -5.6725	 +2.7819	 +1.4369	 -0.0825
 -0.8795	 +0.6556	 -2.5820	 -0.7989	 +1.3687	 +3.0295
 +9.4829	 +9.3143	 -8.0771	 +0.4695	 +2.7827	 -1.2654
 -2.6154	 -0.4848	 -5.6363	 +1.8363	 -0.4675	 +4.3162
-10.7074	+24.5854	+13.9720	 -1.0356	 +0.0114	 +3.6878
+12.4280	 +3.8929	 +0.2756	 +3.4598	 +2.7135	 +3.0405
 +3.9792	+13.3260	 +8.8179	 -2.7169	 -1.4795	 +0.9177
-16.3700	 -4.9204	 +2.4029	 -1.6315	 +0.5341	 -2.8633
 -0.8379	+15.7297	 +9.0955	 -0.8217	 +3.2201	 +1.0398
 -5.5968	-27.3478	 +9.9310	 +2.0071	 -1.3372	 -1.3443
 +5.5323	 -8.8163	 +2.3753	 -0.7577	 -1.4674	 -0.5546
-11.1234	 -0.6374	 -3.6664	 -1.5895	 +2.1346	 +3.2357
 -3.8081	 -0.6823	 +0.6379	 +1.5110	 +1.2282	 +1.1513
-13.5726	-25.9996	-47.8856	 -0.7573	 -0.9074	 -0.5197
 +6.3159	 +2.5772	 -8.8569	 -3.3830	 -0.1987	 +4.0027
 +5.0589	+13.2694	 +0.2311	 +0.8476	 -0.8364	 -1.1744
 +6.4610	 -8.4079	 +4.1156	 +2.3003	 +0.8356	 -3.8668
 -7.4593	+32.9326	-20.0653	 -0.5060	 +0.0777	 +2.1864
 +2.1985	 -2.4525	+16.9933	 -1.8407	 -0.4886	 +1.9286
 -9.7721	+14.9388	 +1.9026	 -0.7772	 -1.0774	 -1.2037
-13.6700	-12.0183	-22.1843	 +2.9950	 +1.5507	 -0.8500
 +6.8688	 -0.4504	 -2.9166	 -1.4847	 -5.9540	 -0.8960
-13.4750	 -1.6424	-10.7612	 +0.1565	 -0.2232	 -0.8554
 -3.0572	 +0.3463	 +4.7070	 -0.8443	 -1.7844	 -1.6375
 -3.5628	 -7.5525	 -8.7569	 +1.1451	 +2.8179	 -3.2891
 +0.0701	 +3.1581	 -4.8055	 -0.8710	 -1.3661	 -1.3598
 -8.7908	 -1.2130	 +3.1275	 +3.0340	 +3.2716	 +3.4478
-17.1603	-17.7140	+21.9635	 +3.0268	 -0.4962	 -0.6945
 -7.1475	-14.2271	 -0.5462	 -0.6614	 +0.8436	 -0.2307
+25.6205	 +9.7443	+18.1419	 +1.2516	 +1.9033	 -0.1829
 +1.0286	 +1.4383	 -7.2449	 +2.9424	 -0.0614	 -4.5879
 -5.6387	 +0.1161	 -2.5120	 +1.8091	 +6.1025	 -2.1688
+474.8088	+387.4890	-227.5410	 -0.2778	 +0.6745	 +0.3143
-138.8766	+98.5831	+199.6887	 -0.1134	 +1.1391	 +0.4451
 +7.3789	 -2.3704	 +9.7319	 +4.7440	 -1.4263	 +1.1567
 +6.9650	 +2.1388	+20.0664	 -1.6304	 -1.1155	 +0.7620
 +0.5986	 +9.0783	 +8.3998	 +0.0602	 +3.0870	 -1.8883
 +2.7367	 +5.5735	 +1.6929	 +4.3167	 -2.0124	 -2.3808
-74.2392	-16.0472	 -9.9795	 +1.2910	 +0.1697	 -0.7544
 -2.6658	 -0.2431	 +0.9839	 -3.6294	 +1.6366	 -1.5058
+45.3926	-21.7904	-44.0200	 +0.5829	 -0.7408	 +0.1977
-15.2360	 +8.5879	 -6.2488	 -0.1288	 -0.6839	 -2.3884
 +0.4509	 -1.9639	 -0.5173	 -1.8192	 +3.9946	 -1.4840
 +1.4548	 -2.2394	 +1.0665	 +5.0556	 +1.7837	 -1.3853
 +2.0398	 -8.1343	 -1.5518	 -4.7829	 -2.2278	 +0.5791
 -4.3399	 +1.4901	 -1.9749	 +1.1398	 -3.0753	 +1.9329
 +1.5574	 -5.5985	 +2.2001	 -1.4780	 +2.5616	 +1.5934
-17.0126	 +1.0776	 -2.1541	 +0.5870	 +0.1206	 -3.1415
 -7.5223	 -4.0626	 +2.5804	 -2.4186	 -0.4358	 +0.9605
 -6.8062	 -0.2789	 -8.5053	 -2.9817	 +1.8207	 +0.5991
+12.9480	-12.7585	 +0.9157	 -1.4247	 -0.5385	 -2.5130
+13.8909	+32.9216	-162.2063	 +0.0708	 -1.1569	 -1.3238
 +6.2534	 -3.1935	 +6.6547	 +3.4861	 +2.0779	 +0.0150
 +6.7464	 -5.5298	 -8.5532	 -1.0790	 +2.9568	 -1.6591
 -3.6080	 -7.5498	 +2.3789	 -4.5015	 -0.6214	 +0.5338
 -2.3590	 +2.9834	 -1.2901	 -0.3693	 -2.7049	 -1.4384
-17.3408	+25.2705	-36.0255	 -0.5755	 -1.0547	 +0.6071
 -5.5073	-11.2778	 -7.1490	 +4.8607	 +0.5064	 -1.6678
+19.9044	-14.2301	+14.9471	 -0.7514	 -2.8370	 +1.3284
 +1.9959	 -1.1924	 +5.5796	 +2.3083	 -3.8891	 -0.4409
+13.6987	 -9.3326	-12.9653	 -1.4387	 -0.1538	 +1.3350
 +0.2610	 -4.6046	+10.0927	 +1.3993	 +0.7050	 +2.1027
+11.4194	 -7.9309	 +4.8468	 -2.7107	 -1.5226	 +2.8151
 +0.0894	 -2.7063	 -2.6502	 +1.2533	 +1.3511	 +1.3290
-32.8628	 +3.7646	-37.1641	 +1.8992	 +2.2219	 -0.1779
+57.7918	 +6.7441	+20.8895	 +0.6504	 -1.9072	 -0.1734
 +1.5136	 +5.2281	 +0.0338	 +0.2646	 +1.4837	 -4.0921
-27.7469	-71.4675	+45.3285	 -1.2976	 +0.9389	 +0.9982
 +4.2786	 +7.6565	 -8.1753	 -0.6157	 +3.5972	 +0.2113
+19.5460	 +7.9709	 -2.2175	 +0.7912	 -0.9749	 -3.3364
 -6.2992	 -4.5576	 -1.0487	 +4.2259	 +2.4657	 -2.3391
 +1.2223	 -5.9735	+11.2337	 +1.4023	 +2.8208	 -0.6258
 -3.1262	 -5.9308	 +1.0668	 +6.1706	 +0.1889	 -1.5713
 +5.2756	 -3.7359	 -1.1822	 -4.7527	 +1.6975	 -0.6202
 -7.7988	+12.7019	 -6.4033	 +0.3330	 -0.2259	 -0.9251
 +5.9491	 -0.7124	 -7.4420	 +1.7386	 -3.8481	 -1.8774
 -8.8842	 -3.1875	-17.7850	 -1.3976	 +1.6678	 +0.7709
 +0.4396	 +8.2247	-13.3029	 +3.2857	 +0.0040	 -3.2230
 +9.2061	 +2.3253	+28.3475	 -2.7388	 +1.1756	 +1.0931
 -7.2265	 +3.8372	 -8.5693	 +1.2388	 -1.6694	 +3.5042
 -6.5966	 +3.3033	 -0.3597	 -0.1810	 +0.2273	 -1.0699
 +2.6865	 -0.2643	 -5.4498	 -3.2701	 +3.6512	 +1.8303
-20.4154	 +2.4520	+10.2502	 +3.4173	 -2.3550	 -1.1240
 +7.1997	 +1.2804	 -2.3668	 -2.6657	 +1.4851	 +0.0809
+14.9963	 +7.8026	 +4.8699	 -0.3602	 +1.7051	 +0.0365
 -8.6573	 -4.1466	 -6.9663	 +1.4217	 -1.3147	 +3.7371
 +3.9906	 -2.2544	 +3.8531	 -4.5176	 -1.4047	 +3.0427
 -4.1142	 -2.7545	 +2.9910	 +0.9663	 +0.7614	 -2.6297
-16.2327	 -1.1022	-17.1850	 -0.1026	 -2.8873	 +2.1915
 -0.6334	 -1.6162	 -4.5039	 -3.4551	 +0.5371	 -0.7610
 +1.9795	 -3.4003	-14.2606	 +2.9734	 -1.7065	 -0.2557
-15.8243	 +2.4827	-14.3074	 -0.2577	 -1.0768	 -2.5488
 +1.9230	 +1.1371	 -3.9068	 +1.1578	 -0.0661	 +1.7111
 -3.5953	 +1.6314	 -6.8737	 -0.8865	 -0.1919	 -5.8446
+29.7682	-13.1987	+25.4716	 -0.4827	 -0.4544	 -0.4006
 -5.2933	 -1.7195	 +3.9304	 -1.1494	 +2.2413	 -0.5382
+54.9321	+26.0347	-26.0939	 -1.8567	 +1.0012	 -0.1865
-13.5670	-13.8425	 +3.3354	 -3.3021	 +1.2769	 -2.1929
 -7.6546	-24.7541	-10.6864	 +1.5102	 +0.9446	 +1.3364
 -1.1264	 -5.9807	 -3.5352	 +1.7318	 -2.7200	 +1.4531
 -2.1634	 -2.8961	 +2.0927	 -0.3057	 -4.8543	 +0.6090
 -0.1732	 +3.6648	 -2.3379	 -4.0271	 +1.8606	 -2.2514
 +4.1627	 +2.1850	 -9.2477	 -1.2269	 +4.0296	 +0.5459
 +6.4293	 +4.2941	 +5.6715	 +0.9647	 -0.0575	 -0.3917
+15.1617	+18.6895	-21.0836	 -0.5046	 +1.4129	 -1.5724
 +7.9059	 -1.3264	 +4.6018	 +2.8140	 +2.8092	 -4.0822
 +2.2881	 -1.6274	 +2.1284	 +1.4552	 -2.2807	 -2.1357
 +1.2930	 +4.1162	-11.3166	 +0.2073	 +1.5588	 +1.0241
 +1.1575	 -2.0552	 -5.1127	 +1.1956	 +1.4890	 -1.9739
 -7.4629	 -7.8517	 +0.3873	 -4.3551	 -1.8569	 -2.0944
 -5.4270	 +4.1403	-11.1686	 +1.0919	 +1.4303	 -1.3875
 -3.6134	 -9.2281	 +4.5015	 -1.7207	 -4.8937	 +2.4655
 -0.1490	 -1.4182	 -8.4218	 +2.5351	 -0.3406	 -0.9679
 +0.3431	+25.4009	-29.6099	 -1.5744	 -0.5451	 -2.1419
 +2.3164	 -5.2510	 +4.5856	 +0.2592	 +1.7520	 +4.2189
 -1.0853	+10.1901	 -0.9693	 +2.0793	 -0.3392	 +1.4949
 +6.2804	 +2.1923	 +0.4500	 +0.0015	 +1.9159	 -0.2626
 +9.4104	 +3.4861	 +5.2803	 -2.1939	 +3.6609	 +0.7978
+32.2757	-101.3388	-36.9195	 -1.3213	 +0.1745	 +0.9587
 -7.4722	 +8.1694	 -2.7571	 -0.4557	 +3.5531	 +2.4801
-10.2299	 -7.3093	-11.4584	 +1.9597	 +3.1124	 -0.2138
 -7.6109	-22.5108	-22.3291	 -1.5985	 -1.0142	 +2.4538
+26.9283	 +4.0166	 +6.8069	 -0.7459	 +1.4270	 -1.6048
 -2.0700	 +6.5560	 -3.6924	 -1.5693	 -0.2555	 +3.0419
 -3.2290	 +1.0459	 -0.5779	 -4.7514	 +4.5740	 +0.9794
-19.1526	 -4.6974	 +0.6781	 +0.8517	 -1.1296	 +1.6064
 -2.0933	 -0.0185	 +0.7302	 +3.0579	 -3.7367	 +0.4509
 -6.6081	 -2.5667	 +3.4160	 -0.8997	 +0.0025	 -0.1784
-12.9832	+20.9394	 -8.6205	 -3.1704	 -0.6045	 +2.8862
 +6.2857	+48.9908	-36.4680	 -2.0306	 +0.9529	 +1.0693
 -7.2252	 +0.5649	 -4.7078	 +4.8059	 +1.5507	 +1.3475
+10.8591	 +6.5460	 -5.2280	 +2.0375	 -1.9969	 -0.7463
 +0.1553	-10.3866	 +3.6340	 -2.3481	 -1.5533	 -1.2986
 +4.9429	 +1.5042	 -5.5167	 -1.4086	 +3.4999	 -1.9927
 +9.2267	 +0.9689	 -2.3969	 -4.7197	 -0.2875	 -3.0468
+20.5417	-11.2969	-17.7609	 -0.2846	 -0.2537	 -1.4883
+119.3016	 +4.9568	-43.9624	 +0.3362	 +0.1500	 +0.6795
+17.8405	+14.3075	 -4.5739	 +0.7927	 -1.1759	 -3.9816
 +3.0242	 -7.8868	 +2.7447	 +2.2377	 -0.2384	 -0.4957
 +7.3411	 +1.7765	 +2.2136	 -2.4276	 -1.9555	 +1.8547
 +5.2855	 -8.3091	 -0.0334	 -0.8125	 +0.0902	 -1.4753
+33.7102	-32.8121	 -5.7974	 -0.7284	 -0.0129	 -0.5831
 +0.5890	 +1.5346	 -2.6381	 +3.1965	 +4.9663	 +1.3553
-13.6938	 -9.4664	 -1.3681	 -1.7795	 +0.2513	 -2.4102
 +2.1832	 -3.3625	 +1.1539	 +2.4986	 +1.9503	 -4.0681
 +1.1064	 -4.8524	-10.2692	 +1.5251	 -0.4179	 -3.0560
 -3.8663	 +0.2853	 +2.0798	 +2.6890	 -1.2111	 +0.0415
 -4.3654	 -0.8261	 -7.1781	 +3.2943	 +1.8438	 +1.5401
 +1.7637	 +1.9313	 +3.6269	 -0.3584	 -4.3700	 -3.0518
 +7.0578	 +7.3091	 +2.1920	 +0.4941	 -1.2674	 -1.3810
-11.5747	 +6.6771	 +4.2496	 -0.7760	 -0.4865	 -1.0023
 -6.1855	 +4.3140	 -4.8501	 -0.5453	 -0.3727	 -1.3363
 +2.3157	 +8.6426	 -2.0460	 +1.1670	 +1.7888	 -1.1025
+10.5967	 +5.2409	-11.7567	 +1.2043	 +0.6797	 +1.7722
 -3.8621	 -7.3827	 -4.6389	 +0.3258	 +2.4692	 +2.3025
 -4.1079	 -7.6662	 -9.4105	 -1.1076	 -2.2650	 +3.6566
 -5.9740	 -4.0233	 +8.2239	 +0.4555	 +3.0577	 -1.0191
 +2.3352	 -8.4604	 +1.0785	 +0.7409	 -4.3148	 -1.9100
 -2.1945	 -6.3662	+17.1401	 +1.9194	 -3.4659	 +1.2977
 +4.9938	 +2.2914	 -5.7320	 +2.1827	 +3.2903	 +1.4052
 -2.4802	 -2.3316	 +0.8162	 +2.3217	 -0.1987	 -1.3701
-47.3855	 +8.8228	 -0.5490	 -2.1852	 -1.4948	 +0.4312
 +3.6978	 +4.2649	 +3.3337	 +0.2086	 -0.9863	 +2.5368
 -0.3336	 -3.2370	 +2.9410	 +2.2147	 +6.1401	 -0.4264
 +9.3494	 -6.2477	 -3.9851	 +3.5245	 -2.3888	 +0.2288
 -6.1567	 -5.2216	 -3.1110	 -1.3932	 -3.2227	 +1.9237
-16.3934	 +6.5115	 +1.3245	 -0.2616	 +1.7949	 +1.1809
-32.0840	-10.1089	+42.2459	 +0.1721	 +1.0847	 -0.3867
 +4.0430	 +0.4450	 -0.2569	 -5.0623	 -0.1109	 +4.1534
 +0.2716	-10.1800	 +7.3116	 -2.2226	 +0.4972	 -1.6766
-40.6243	-31.7743	-25.0291	 +1.5141	 +0.2917	 +1.4476
-20.6029	+19.0882	 +4.2517	 +1.5277	 +2.5041	 +0.8537
-13.8896	 +4.9887	-11.5179	 +0.7209	 -4.1577	 +1.0312
 +8.1621	 -4.6917	 +2.3372	 +1.9781	 -1.7789	 -0.1932
 -4.4749	 -1.0792	 -5.3540	 +4.2261	 -4.3684	 +0.0524
+1870.9079	-30.4407	+790.1618	 +0.2213	 -0.2337	 +0.0662
 -6.2012	 +3.5738	 +7.1020	 -0.0611	 +0.5801	 -1.2413
 -5.7635	 -6.4818	 -2.0296	 +5.2045	 +0.0162	 -1.2015
 -0.1461	 +1.7751	 +1.1543	 -1.2262	 +1.2971	 +6.1557
+26.4989	-16.2876	-15.3736	 -0.8561	 -0.1166	 +1.3855
 -6.4734	 -6.9745	 +0.0559	 +1.6210	 +2.9452	 +2.5535
-54.3810	-46.3919	-68.9172	 -0.9282	 -1.3566	 -0.3358
 +4.6643	-14.1771	-24.2374	 -0.0013	 +3.4601	 +0.7954
+21.9503	 +2.8931	+23.5971	 -1.9636	 +2.1336	 -1.3561
+18.9526	-27.9211	 +9.5641	 +1.2260	 +0.3166	 +0.4900
 -9.5356	 -1.8924	 -6.7076	 +0.2266	 +0.1079	 -0.2185
+12.1528	+28.3077	-10.0566	 +1.6553	 -2.1774	 +0.3675
 -9.2468	+20.7505	 +3.4731	 -0.2216	 +0.6773	 -0.0450
 +3.3288	 -4.8545	 +0.5178	 +2.4123	 -2.9753	 -0.6726
 -0.8090	 +9.6262	 +6.5980	 +0.9436	 +1.3986	 +0.1807
 -0.5139	 +4.5578	 -4.5777	 +0.0480	 -3.5581	 -5.5394
 -4.5524	 -2.5783	+13.3796	 +0.5955	 -1.2086	 +0.8545
 -0.1658	 -4.2530	 -6.4134	 +3.2332	 +1.1156	 -1.9854
 +4.8570	 -1.4857	 -9.1475	 +2.4206	 +1.2533	 +2.8910
 -0.5496	 -2.5750	 +6.2440	 +3.4713	 -3.6575	 +0.6121
 -5.9893	 -2.0664	 -2.6351	 +3.2763	 +1.7353	 +1.3998
+22.7117	+14.8428	-25.2428	 -2.5070	 +0.2016	 +0.8020
 -2.6804	 +3.4240	 -4.1117	 +2.7564	 +3.4257	 +3.0317
 -0.8871	 +1.3158	 -3.2872	 -3.1740	 -1.2949	 +1.9091
 -0.9191	+12.7606	+14.8669	 +0.1547	 +2.7227	 -3.4101
 +3.9076	 -5.3298	 -6.7155	 -2.0628	 +2.1759	 +0.6072
-11.8275	 -2.3544	 -1.3471	 +1.0471	 +0.2541	 +1.3171
 -9.8340	 +7.1911	 -5.2340	 +1.1338	 -0.3445	 +1.9394
-12.0560	 +3.1747	 -4.2472	 -2.7938	 -2.3854	 +0.8905
+11.0711	-11.4651	 +0.8471	 +0.5350	 -0.6059	 -0.5499
 -2.1261	 +8.1919	 +6.6335	 +1.5736	 -0.8474	 -1.9149
 -6.9492	 -2.4416	 +1.3384	 +1.9195	 +2.4066	 -0.5600
-12.8163	 +7.9837	-17.5092	 -3.2753	 +0.6292	 +1.3092
-21.5392	 -3.8695	 +8.2541	 -2.8037	 -1.0887	 -2.3372
 -8.6368	 +4.0433	+11.8451	 +0.0144	 +1.2322	 +0.0128
-135.1347	-40.9799	+70.7583	 +0.6324	 -0.9606	 +0.7107
 -1.6148	 +0.1865	 +1.4551	 -1.1696	 -1.2722	 -0.9137
 +3.6197	 -7.0961	 +0.3764	 -3.7676	 -1.1755	 -1.5867
-11.2694	 -1.3236	 +4.8895	 +3.1386	 -2.9478	 +1.2190
 -7.4329	 +1.7976	 +3.8494	 +0.4443	 +2.7394	 -4.7712
-10.3497	 +9.7806	-15.0253	 -2.2913	 +1.4039	 -0.3057
 +7.5868	 -3.8161	 +2.1158	 -0.0400	 +4.6552	 +1.3313
 -5.8433	 -1.5509	-12.0962	 +0.0591	 -2.7006	 -2.4187
-114.2323	-103.9377	+101.7074	 +0.3664	 -0.2854	 -0.0923
-21.0385	+30.2104	+26.5232	 +1.9128	 +1.6665	 -1.2265
-17.8631	-27.1912	 +4.1058	 -1.8332	 -0.0371	 +2.4693
-30.8877	+10.1496	-20.0568	 +1.1914	 -0.2402	 -2.8472
-10.1584	-23.8795	 -6.4373	 -2.3535	 -0.4884	 -0.7917
 +0.0045	 -0.1505	 -1.3825	 +2.3644	 -1.7197	 -3.0316
 -3.6310	 +0.3780	 -1.2651	 -0.9276	 -1.4892	 +3.1817
-10.4431	 +2.5780	 -1.8227	 +2.8670	 +2.1419	 -1.9499
 +6.0425	 -7.9470	 +8.4059	 -0.3725	 +0.1129	 -1.9704
-23.5642	 -6.4477	 +3.5959	 -0.7328	 +0.5061	 -1.2172
-17.6974	 -6.7486	 +9.7980	 +0.5873	 -3.3514	 -0.4234
+23.1601	-98.7128	+22.2814	 -0.9468	 +1.1671	 -1.1662
 -7.5519	 +1.2963	 -4.4090	 -3.5832	 +2.4541	 +3.9143
 -1.2071	 -2.5549	 -7.3112	 +1.4845	 +0.0471	 -0.4771
 -4.1308	 -3.6775	 -1.5208	 +2.5710	 +0.3879	 -1.9190
 -2.8146	 +3.2300	-13.1226	 +0.5380	 -2.7171	 +1.1450
 -2.1732	 +3.7780	 -9.9569	 -2.7130	 +3.1505	 -0.5872
 -9.6350	+13.9154	+18.1177	 -0.0194	 -2.3464	 +0.5144
 +8.3573	 -1.9424	+21.8732	 -0.4638	 -0.6056	 -0.9986
 -4.8768	 +8.2530	+11.1248	 +2.6830	 +1.7820	 -4.4161
 -1.2196	 +4.1446	 -2.8005	 -2.7715	 -1.5281	 -0.1271
 +8.6592	 -3.4161	 +0.1078	 +3.1081	 -2.7395	 +2.1474
 -4.6090	 -1.6690	 +4.2928	 -0.7863	 -4.2365	 -2.3094
 +2.5249	 -0.0720	 -5.8209	 -0.1604	 +0.7806	 +0.4286
-13.2647	-23.0274	 -6.7917	 -0.8389	 +3.7601	 +1.2582
 -0.9713	 -4.9438	 +3.3991	 -1.1959	 +0.6639	 -6.4079
 -4.8537	 +2.3613	-14.9499	 +0.2002	 -0.7372	 +0.9475
 +0.3618	 -5.3775	 -2.7501	 +2.1724	 +2.0731	 -2.1824
 -4.2834	 +8.8148	 +2.5524	 +0.9362	 +2.4138	 +0.7062
-156.7002	-52.0306	+202.0637	 +0.5179	 -0.6834	 +0.2407
 +2.7587	 -3.6717	 +0.9937	 -0.0935	 -0.8111	 +0.5616
 +4.5910	 -6.9286	 -7.7040	 +2.5774	 -1.7809	 +0.5785
+12.2816	 +2.7695	 -5.1772	 -0.3055	 +0.7766	 +2.1908
 +1.8195	 +2.7766	-10.9585	 +0.8935	 +4.8139	 -0.8290
 -2.5173	 +1.3879	 +7.9669	 +0.1832	 +0.1834	 -1.9505
+32.6064	+37.5558	 +0.1156	 -0.7268	 +1.8909	 -1.9287
 -6.8870	 +4.1174	 +9.0354	 +1.7084	 +1.0865	 -2.3513
 +1.4966	 -7.6706	 +8.5202	 +3.7301	 +0.0782	 -0.8862
-13.1594	 +3.0116	-20.8556	 +2.7267	 +0.7107	 +0.0731
 +1.3385	 +9.9501	 -8.9469	 +0.5715	 -0.6945	 -1.5012
 -4.1484	 +3.4273	 +3.8839	 -2.7286	 -0.9999	 -0.3799
 +2.5519	 +9.3955	 +4.1367	 -2.8249	 +0.2064	 +0.0584
 -0.4033	 +1.1629	 -5.4037	 +0.6198	 +0.6173	 -1.4586
 -9.2383	 -5.3830	 -9.5162	 +1.0685	 -1.6364	 -0.5007
 -3.5123	 -6.5132	 +9.7784	 -0.2005	 -0.5274	 +0.2396
+11.6957	 -2.0850	 -0.3469	 -1.3858	 -0.4808	 +2.8809
 -3.6708	 +0.7566	 -1.6149	 -3.0626	 +2.2297	 +0.2892
 -4.1245	 -3.1509	 -6.3327	 +1.4430	 -1.7305	 +1.9437
 +6.3587	 -0.4857	-10.5477	 +0.2912	 +1.2746	 -0.5690
 +0.5421	 +1.4397	 -5.1895	 -0.0078	 +0.5084	 -2.1274
-16.7178	-15.4766	+13.4242	 +1.2151	 +1.2002	 +3.9150
 +1.2372	 -0.1240	 +1.8864	 +0.1784	 +0.7773	 -0.5573
+12.9665	 -6.6917	 -5.0808	 -0.4533	 -2.4749	 +0.9397
 -6.3064	-10.1886	 -7.2545	 -2.2368	 +0.1773	 +1.8383
-16.6001	 +0.8108	 +8.9397	 +2.4123	 +1.0486	 -1.6793
 -1.8447	 -7.1643	 -2.3540	 +4.0306	 -1.8602	 +2.1712
 +5.3296	 -3.3722	 -9.3932	 +3.7946	 -3.2213	 +1.9602
 -6.0751	 +4.4288	 -1.2494	 +0.0182	 +3.4203	 -2.0062
-15.0942	+27.3417	-42.5541	 +0.5382	 +0.3874	 -1.3153
 +8.6114	-12.5975	-51.1863	 -0.0656	 +0.9733	 +0.3533
 +0.1953	 -3.0363	 -5.7637	 +4.0976	 -0.6623	 +0.4331
-15.3264	 +2.2404	 -7.4755	 -2.4732	 -2.5793	 -2.1348
 +0.4624	 -0.5105	 +1.6902	 -2.5793	 +2.3207	 +1.7275
-12.9746	-15.8941	 -6.0827	 +0.8520	 +2.9723	 +0.0777
-19.8257	-72.0102	 -2.7561	 +1.2480	 +0.7248	 -0.6947
 +0.5603	 +2.4117	 +7.3067	 -1.5197	 -3.0256	 +2.3445
 +1.0093	 +6.8265	 -6.5412	 +3.2510	 -2.5912	 +1.9192
+19.2741	 -7.1749	 -1.7210	 -1.0354	 +1.3286	 -4.3002
 -8.5156	+10.1338	-14.8558	 +3.3685	 +0.1311	 +2.7440
 -6.2998	 +4.1056	-19.2584	 +1.7577	 -0.9596	 -0.2186
-12.4253	 -1.4906	 -8.9525	 +1.4849	 +1.5968	 -0.9477
 -2.9696	 +0.8751	 -1.6764	 -4.5703	 +4.4875	 +0.7605
 +0.1476	 -3.2041	 -4.1736	 +4.1758	 +4.2886	 +1.2356
 -1.6517	 +1.5744	 -3.4810	 -4.7644	 -0.6336	 +1.9000
 -6.8793	-22.3635	-15.5152	 -0.7213	 -0.3904	 +2.2577
 -5.2565	 +2.1977	 +0.1376	 +2.4175	 +2.1596	 +2.2631
 +4.4029	+16.8897	 +7.9371	 +0.3052	 -2.4448	 -0.9644
-58.6922	 -5.2912	 -9.8133	 +0.1796	 +1.2519	 -1.0809
 -4.4837	 +0.2973	 -0.5372	 +0.6371	 +1.6967	 +2.9862
 -2.7743	 -1.6342	 -7.3126	 +3.5379	 +2.4846	 -2.1783
 +5.2389	 -8.5932	 -3.5038	 +1.8287	 +2.9316	 -0.3163
 +1.1308	 +1.3821	 -5.6950	 +1.8778	 -3.2144	 -2.0880
 -5.0126	 -6.0758	-12.1787	 +3.1929	 +1.8260	 -3.8441
 +0.4638	-12.6685	-25.9882	 +0.5797	 +1.8694	 +1.7219
 -8.5139	 +6.9757	 -1.5496	 -0.8978	 +0.7213	 +5.6020
 -8.8183	 +1.8761	-11.1942	 +3.8961	 -0.0658	 -3.0429
 +8.5595	 +1.7532	 -2.8011	 +3.6239	 -2.2754	 -1.1864
 +3.2472	-30.1148	-19.6591	 -0.6555	 +0.3596	 -1.1536
-10.0393	+19.4695	 -1.8172	 -1.3396	 +1.0568	 +2.3964
 -4.8515	 -1.3379	 -3.3882	 +0.1931	 +2.3134	 +2.2422
 +2.0862	 +4.2204	 +5.3066	 -1.3019	 -3.9485	 +0.9848
 -7.2308	 -7.3028	 +5.7429	 -0.2932	 -3.1883	 +2.5961
 -2.9703	 +8.7084	 -3.7623	 +0.7849	 -3.1758	 -3.4509
 +5.2059	 -2.7447	 +6.6029	 -2.1395	 +2.0495	 -1.2952
 +5.3536	 +1.7023	-11.0114	 -4.7149	 -1.1047	 -0.8789
 -1.3111	 +5.8872	 +2.9847	 +1.6689	 +3.9683	 +2.7209
+33.7112	 +6.6624	 +3.6453	 +1.1716	 -0.0328	 +0.8303
-24.0058	+12.5477	 -0.3836	 +0.5405	 +0.3595	 +1.8532
 -4.4682	 -3.8526	 -8.8653	 +0.2149	 -1.2825	 +0.8823
 +5.6801	-19.3930	-18.2691	 -0.8539	 -2.7108	 -2.1407
 +6.6151	-14.2361	 -2.7737	 -0.4322	 +2.7192	 -2.3856
 +9.9629	 +9.9012	 -2.8860	 +1.1697	 -1.0365	 -2.2517
-35.3445	 +7.9130	 -3.9730	 +2.2843	 -0.0696	 +3.3115
 +4.9993	 +2.1458	 -0.0572	 +0.3686	 +4.1527	 -0.3230
 +8.2587	 +8.4222	 +5.4016	 +0.4551	 -2.5600	 +0.4995
 -5.6720	 +6.0364	 -1.9127	 +4.0852	 +1.4681	 +3.0633
-12.3027	 -9.7569	 +7.2788	 -0.7898	 -2.1680	 +1.8982
 -9.9133	 +0.6969	 +1.4789	 -0.4033	 -4.1961	 -0.3699
 -0.2966	-11.7566	 -7.0584	 +2.9472	 -2.5791	 -1.9264
 -1.1952	+14.5401	 -3.2738	 +3.7763	 +2.0038	 +1.6692
+15.5302	+13.5223	-15.6137	 +2.8529	 -1.4382	 -0.1717
-18.5915	 -7.0322	+14.3039	 -0.8325	 +2.7316	 +2.6144
+30.9165	 -6.8995	+67.1532	 -0.0439	 -1.8434	 +0.6782
 +8.8059	 +7.2840	 +5.1856	 +2.2988	 -0.5155	 -0.2224
 -2.0715	-14.2117	 -3.0544	 +2.7220	 +0.4408	 -2.0388
 +2.2650	 +0.2629	 +3.2501	 +0.6874	 -1.2784	 -0.9486
-19.2874	+11.2876	-16.1822	 +1.2899	 -1.2001	 +0.5298
 -7.2026	 -4.9437	 -6.1539	 +2.8469	 +1.9310	 +1.8764
+23.0561	 +3.3312	 -2.7277	 +2.5608	 -0.4568	 -2.1525
-10.1480	-18.4452	 -4.9618	 -1.7720	 +1.5904	 +1.6460
-12.5780	+12.3433	-11.9302	 -2.3381	 +2.7327	 -2.6566
 -4.9742	-21.1736	 +8.2018	 -2.7015	 -1.4968	 +1.8951
 -1.5782	 +3.6450	 -2.5103	 -2.3206	 +1.8496	 +2.7412
 +9.2332	 +7.0894	 -9.8369	 +4.0236	 -1.2686	 -0.3708
 -1.3603	-20.1777	+14.1270	 +1.5531	 +0.2162	 +0.5392
 -0.2845	 -6.9461	 -6.5662	 +1.9369	 -1.6996	 +2.1424
 +2.6540	 -5.8810	 +2.5530	 -4.4197	 -0.4990	 -2.6734
 -9.7872	 -3.2103	 +2.0888	 -0.7179	 +0.6974	 -2.0504
 +1.4712	 +1.4521	 +1.9276	 -3.3266	 -4.6112	 -1.8976
 +4.6585	 -6.5259	-15.4297	 -1.3962	 -1.8239	 +0.1734
+10.4446	 +3.5866	+27.1923	 -0.1404	 -1.8084	 +1.3287
 -1.7312	 -7.2159	 -3.2144	 -3.6973	 -2.7359	 +0.9721
 -1.9589	+11.3879	 -1.4661	 +0.6522	 +2.1064	 +4.4181
 +4.5444	 +2.7251	 -3.6139	 +1.9506	 -0.4190	 -3.3162
-12.3605	 +2.1359	+15.3355	 +1.9522	 +0.0870	 -1.7899
 -2.7013	 -4.0120	 +3.2938	 -3.5731	 -0.5111	 +3.7611
 +3.2600	 -0.4438	 +1.2211	 +1.2624	 -0.7380	 -2.7347
+34.1919	 +9.0461	-19.2346	 -0.4269	 -1.1189	 -0.1581
 -3.6509	+12.1336	-25.8071	 -3.2409	 -0.1960	 -1.7336
 +3.2954	 +0.9488	 +1.7933	 -3.6948	 +1.3366	 -1.1167
 -1.6769	 -4.1450	-10.5313	 +3.8951	 -0.7680	 -0.0115
 -0.6343	 -3.9248	 -2.9104	 -0.3264	 +5.7602	 +0.9971
 -6.0926	 +3.3858	 -0.1189	 -1.1742	 +3.3045	 -3.6290
 +1.6521	+11.3856	 -2.9541	 -0.2111	 -2.8303	 +2.8117
+15.7565	+12.4490	 -1.2322	 -2.5975	 -1.7595	 -1.3870
+26.0536	 -0.7228	 +5.8573	 -1.7581	 +0.8442	 +0.6958
 -0.3486	 +1.7985	-10.2654	 -0.7039	 -1.0474	 -2.3016
-11.4351	 +1.3247	 -0.8570	 -3.3136	 -0.8274	 -2.4938
 -0.7317	 +0.7950	 -5.0297	 +1.9050	 +0.4928	 +0.6062
 -3.0752	+13.4204	 -3.1138	 +1.9042	 -2.0857	 +1.8483
+18.1317	-63.8348	-33.8807	 -0.4114	 +0.8494	 +0.6604
 +2.0499	+11.4571	 +6.7512	 -0.2810	 -2.7674	 +3.0332
 +0.5304	 -3.2228	 -4.3118	 +2.4947	 -0.0962	 -2.1068
 -8.0345	 +3.4599	-10.9546	 +1.2007	 -0.2559	 -1.1689
+11.6204	+18.5774	+30.0520	 -0.9430	 +0.1627	 -0.8202
 -0.9176	 +1.7344	 -0.2008	 +3.3514	 -5.7886	 -0.8171
 +1.2520	 -3.8044	 +5.8290	 -2.4415	 +2.7654	 -1.6859
+16.5942	-19.8251	+23.2866	 -0.5925	 +1.1124	 -1.8993
 +2.5933	 -6.2834	 +0.2539	 -2.2746	 -2.2517	 +1.7278
-72.5467	-58.5717	+27.6509	 +0.5180	 +1.2216	 +0.5356
-14.5885	 -4.0171	-12.7009	 +1.8854	 -0.6419	 +0.0803
+61.2181	+43.7158	+42.0281	 -1.1966	 -1.2366	 -0.3198
 -4.6799	+11.4288	 -9.0659	 -1.6908	 -1.8965	 +2.7199
+10.0761	 -5.0458	 +0.2526	 +0.0108	 -2.4812	 +0.4719
-109.1098	+51.1095	-21.8443	 -0.5528	 +0.7862	 +0.2624
 +5.2317	 -4.2453	-15.9614	 -3.1534	 -0.1199	 +1.0176
 +5.5529	+11.0186	 +4.5390	 +2.1214	 +0.4077	 -0.3972
 +4.2669	 +0.5757	 -1.3360	 +2.3737	 +0.7595	 -4.0340
 -2.7984	 +0.2165	 -4.1606	 +1.0763	 +3.5087	 -2.9713
 +1.0302	 -3.8590	 +2.0489	 -1.8538	 +0.1696	 -1.4898
 -8.9808	 +5.8630	 -2.6670	 +0.9783	 +4.8170	 -2.1101
 -3.3288	 -1.0581	 +0.0401	 +4.3236	 +3.6058	 +0.5057
 -8.0479	 +4.9037	 -1.7849	 +1.6712	 -4.0858	 +1.2062
 -5.7894	 +7.4580	-12.0496	 -0.8287	 +5.4083	 -0.6806
 +6.0831	+11.3694	-12.0580	 +0.0934	 -0.2602	 +0.9894
 +0.9402	 -1.1649	 +1.0376	 -0.5458	 +2.2858	 -1.1526
 +2.6404	 -4.3460	 -1.6728	 +2.1256	 +1.2497	 -3.1279
 +2.0133	 +3.5359	 -4.8794	 +3.7407	 -1.2802	 +3.1584
-32.5565	+10.2165	+12.1737	 -1.5245	 +1.1023	 +0.6292
 -8.6291	 -6.2494	 +2.9984	 +2.0937	 +4.1076	 +3.4052
 -1.1572	 -9.4539	 +7.0432	 -1.4619	 -5.3149	 +2.7367
-15.5212	 -3.5296	 +0.9415	 +0.6319	 -1.0719	 +4.2426
 -0.2192	 +0.3076	 -4.4003	 -2.0852	 +1.2532	 -3.2598
+10.6129	+14.8237	-20.0694	 -1.0161	 +1.2565	 -2.8290
 -1.8534	 +8.7320	 -7.4106	 +3.7010	 -0.6628	 -1.0525
-10.1785	 +1.4717	-13.6643	 +0.5767	 +0.9122	 -1.8454
 +2.6056	+13.0007	 -2.2016	 +0.7144	 -1.7655	 +1.5340
 +3.6941	 +0.6601	 +4.9371	 +1.2416	 -4.3577	 -1.2798
 -7.6561	 +3.8157	 +6.1671	 -1.1486	 +0.2125	 +1.3546
-14.4376	 -3.5373	+16.2776	 -0.8370	 +1.2752	 -0.6728
-42.4779	 +9.3960	 +3.8300	 -2.5227	 +1.5358	 +0.8460
 +0.2456	 +2.8462	 -2.3274	 -0.4365	 +1.4163	 +0.9503
-25.8949	 +7.4282	 +8.8431	 -1.3352	 +4.7050	 +0.3330
 -9.6814	-11.4374	 +7.3988	 +0.5444	 +0.3214	 -0.4926
 -2.0154	 +0.8542	 -1.5221	 -4.6756	 -3.5132	 -2.8395
 -4.8036	 -0.0846	 +2.2987	 -0.0343	 -0.8537	 +1.5300
-16.4832	-51.3001	+31.7428	 +1.8795	 -0.0231	 +0.8991
 -1.8945	 +9.6497	 +1.5565	 -2.0559	 -0.2854	 -1.3564
 -3.4720	 +0.7252	 -7.6739	 +4.5355	 -0.0323	 +0.4883
 +2.7088	+16.0983	+13.5323	 -1.7952	 +0.5370	 +2.2752
 +4.9070	+13.7068	+16.1802	 +0.5221	 +2.0758	 +1.0324
 -0.2999	 +5.1391	 -3.0758	 -0.4387	 +2.6902	 -3.7066
 -5.4850	 +5.9392	 -0.8050	 +0.6243	 +2.2899	 -0.5706
 -1.4084	 -1.9092	 -7.6225	 -1.7428	 -0.9330	 +2.8294
 -2.7261	 +2.4792	 -1.6166	 -0.5150	 +1.5755	 -1.7018
+10.0234	-10.4918	 +2.9810	 +1.4202	 -3.2520	 -0.5980
 -2.3699	 -1.3326	 +0.4889	 +0.6183	 +2.6173	 -3.8765
 -3.5012	+22.1422	 -1.3193	 +1.7849	 +0.1041	 +2.7196
 -5.8939	 -3.0398	 +0.5548	 -1.5238	 -3.9262	 +1.6691
 -5.6387	 +3.0568	 -1.5400	 -0.2831	 -0.4063	 +1.8500
+18.9769	+15.1917	 -3.0998	 +0.7691	 -1.9265	 +0.3133
-12.8559	 -2.1727	-11.0482	 +2.0762	 +0.1184	 -1.2401
 -1.4701	 -0.9464	+13.4978	 -1.2579	 -1.3209	 -2.3271
 +2.1748	 +1.4738	 -1.4240	 +1.3238	 +0.6856	 +2.3148
+10.6911	 +7.5495	 +4.9287	 -1.6774	 +3.6056	 +0.0962
 -0.1183	 +4.7209	 +1.4362	 +6.0109	 -2.6743	 +0.9269
 -5.9017	+11.2018	 -4.9161	 +2.2417	 -1.3444	 -1.0834
 +4.8175	+14.4819	-17.9934	 -0.2240	 +1.6242	 +1.1162
+10.6739	 +1.4802	 -5.6922	 +1.5250	 -3.6648	 +0.1632
-11.4330	 +0.1550	 -1.8611	 +0.5639	 +2.3627	 -0.4424
 +0.3895	 +7.3046	 -8.4537	 -0.6072	 -2.3996	 +0.5009
-11.4823	 +3.7934	 +8.7043	 -2.8033	 -0.0657	 +2.2347
 +8.5491	 -9.7083	+35.1418	 -1.0053	 +0.7762	 +2.1417
 -2.8175	 -6.7685	 -0.7309	 -0.5204	 -3.0059	 -3.0453
-16.2177	 +4.5003	 +0.7960	 -0.2766	 +3.8228	 +0.0008
 +2.7481	 +0.5673	 -1.9849	 +2.0782	 +0.5326	 +0.2531
+17.5305	 -9.7350	 +8.9691	 +0.0643	 +0.5463	 -0.5811
 -2.7725	 -5.1975	 -0.3792	 +3.0399	 -2.8805	 -0.6462
 -0.3176	 -5.7589	-10.2333	 +0.9586	 +5.7079	 -2.4281
 -1.9237	 -2.0820	-12.3715	 -3.1044	 -2.3356	 +0.8331
-23.5783	 +5.9464	-39.8661	 +1.0091	 -1.0929	 -1.2254
+15.4419	+17.2182	+29.2950	 -1.0041	 -0.8316	 +0.8688
 +4.9107	 -2.6240	 -1.7134	 +0.5678	 +0.5998	 +1.0610
 +3.0130	 +8.0153	 +2.8375	 -1.7744	 -1.0682	 -2.0448
 -5.2109	 +7.8541	+25.0232	 -1.2242	 +0.8076	 -2.5136
 -9.7466	 -3.1972	-10.4959	 +2.0635	 -1.9099	 -0.6406
 +2.0246	 +2.7180	 +0.9544	 -4.6955	 -0.3655	 +0.4958
 -7.9520	+14.5546	+13.0297	 -1.7403	 +1.3236	 +0.1330
 +3.6269	 -8.9815	-10.4683	 +0.6038	 +0.8344	 -2.0677
 -5.5064	 -1.8940	 +5.6927	 +1.7357	 -5.0753	 +1.0704
 -0.5122	 -2.4830	 -4.5229	 -2.7936	 -2.7651	 -0.8015
 -5.5616	 +4.6844	-11.8775	 +3.2253	 -1.1695	 -0.2251
-20.0233	 -0.9930	-17.2554	 +2.3876	 +2.3109	 +0.8952
-13.0560	 -6.8928	 -3.1439	 +0.6164	 +0.1886	 +3.1626
 +4.1555	 -1.0806	 -2.7644	 +1.3909	 -0.6178	 -2.5545
 -5.1299	 -4.2682	 -0.7289	 -0.6738	 +2.1304	 -2.8808
 -3.2425	 +6.6267	 +3.2808	 +0.7902	 -3.7988	 -0.9608
 -2.0770	 +2.4162	 +1.8603	 +1.2246	 +1.9157	 -2.8677
+21.5929	-14.7853	 +3.6787	 +1.5768	 -0.3203	 +1.1952
-14.3174	+19.0759	 -7.1004	 -1.3083	 -0.0482	 -1.0682
-10.3010	 +4.6444	 +2.5899	 -2.0132	 -0.9789	 -1.8173
 +1.1254	 +6.2668	 -6.3241	 -0.9948	 -2.5478	 -3.9625
-12.9593	-11.7211	+10.3271	 -1.5166	 +1.1574	 +0.1066
 +6.6055	+11.0659	-21.4246	 +2.8151	 -0.7328	 +1.7286
 -6.8184	 -5.8676	 -0.5684	 +5.9505	 +1.3782	 -0.5884
+20.2047	-12.0143	-26.0478	 +0.2677	 -0.2126	 +1.8277
 +3.2363	 +0.5906	 -4.1873	 -3.9950	 -5.9810	 +0.2205
 -6.1059	 +1.5255	 -5.2219	 -1.8152	 -2.1767	 +2.6923
 -1.5648	 +0.2323	 +0.2318	 +1.1562	 -1.8822	 -3.0150
+23.1752	 +5.2077	 +0.0877	 +0.4061	 +1.9005	 -0.2294
 +7.5566	-12.2684	 -4.6721	 -3.2911	 -0.2017	 -4.2617
 -1.6290	 -6.3701	 +3.0401	 -4.3462	 -0.0916	 -4.8302
+20.5943	 -7.1893	 -6.5029	 +1.4222	 +0.7700	 +0.0987
-18.9451	 -2.4411	 -4.5999	 -1.3967	 -2.0548	 -0.4240
 -7.2394	 +6.2274	 +5.8777	 +2.1394	 +1.7437	 -0.8429
 -9.6458	 -4.2520	-10.0008	 +1.4025	 +1.9944	 -0.9343
-15.5338	 -3.0503	 -1.4693	 +0.2641	 -0.3885	 +0.9038
-17.0799	 -3.9922	 -7.9792	 -1.6421	 +1.5132	 -3.0618
-23.6644	 -8.9216	 -5.7607	 -3.5429	 +2.4619	 +0.7621
 +2.4430	 -1.8748	 +6.4352	 -3.2852	 +2.5686	 -2.9246
 -0.4774	 +1.1531	 -3.3202	 -0.7554	 -4.3384	 +1.8466
 -2.9647	+16.7281	 +0.9788	 -1.0127	 +2.3841	 -2.5462
 +2.4891	+13.3593	 +2.8417	 +1.6031	 -3.0011	 +0.7858
-12.6862	+14.1791	-48.6777	 +0.0901	 +0.0579	 -0.3083
 +9.6426	 +5.5696	 -1.7310	 +2.3781	 +3.1315	 -0.4049
+12.4720	 +7.7082	-12.0025	 +2.4866	 -1.3277	 -2.5133
-14.2331	 -3.0626	 -1.7725	 +1.5653	 -0.1670	 +3.1692
 -7.4038	+15.3350	-21.0055	 +0.8519	 +2.8057	 +2.4422
 -0.0356	-13.9010	 -3.6270	 -0.9895	 +2.3490	 -1.7311
 -4.6163	 -1.7209	 +1.6354	 -0.7222	 -3.7061	 -1.2143
 +1.7336	 -1.8031	 -7.1798	 -5.7265	 -0.2745	 -0.2332
 +2.9818	 +0.5158	 +1.6409	 -2.4390	 +0.1698	 +1.8928
 -9.5108	-11.9704	 -1.0715	 -0.2829	 -2.2386	 -0.1524
 -1.9426	+24.9995	 -0.2558	 +2.8625	 +0.1521	 -2.7178
 +0.1296	 +2.5881	 -4.6596	 -0.4181	 -0.1363	 +0.8024
+10.1925	+10.0278	 +7.4439	 +0.7951	 +2.2147	 -1.1512
 -5.6756	-10.3865	 -5.0801	 +1.4964	 +1.8008	 +3.4111
 +3.1024	-10.4300	+17.7650	 -1.4635	 +0.6587	 +0.5559
 -3.8692	 -1.1838	 -8.5863	 +1.6523	 +0.6430	 -2.5213
 +3.3696	 +1.7932	 -8.8560	 +1.7411	 +1.0070	 +0.2220
 +6.4779	 +3.7009	 -0.2108	 -2.4012	 +0.9911	 -0.4175
 -1.7046	-18.3355	 +6.3981	 -2.4747	 +1.2580	 +0.5611
 -2.9031	 +5.1413	 -4.3508	 -1.8933	 +0.8558	 -0.7770
 +2.1505	 +0.4202	 -3.7680	 -1.4391	 -1.1806	 -1.1356
 -5.1184	 +1.0954	 -1.4928	 -1.8083	 +1.1130	 -3.3736
 -0.8275	 +7.2712	 +0.5462	 -0.2139	 -0.1110	 +0.6515
 -2.6667	 +3.0191	 -1.7662	 -3.2963	 -1.8008	 +2.3914
 +9.4786	 -2.5566	 +5.3425	 +1.7723	 +0.0670	 -1.1203
-13.4484	+21.8130	 -7.9044	 +0.8928	 -1.8426	 +0.8834
 -4.8795	-10.9137	-16.2863	 -0.4506	 +2.4760	 +0.7310
 +6.3713	 +1.8805	 -3.3959	 +0.2783	 -4.2537	 -1.1141
 -2.4159	 -0.7379	 -0.3479	 -2.8686	 -1.5816	 -0.8220
 -2.9650	 +6.5196	-10.0140	 +0.1371	 -2.1400	 +0.0932
-18.4013	 +2.0421	+17.3616	 -1.4172	 +0.1863	 -3.7583
 -0.7476	 +5.9077	 +1.3714	 -2.9161	 +1.6454	 +6.4811
 -0.5103	 -2.4339	 +1.4612	 +0.5676	 -1.0132	 -0.2113
 +1.3167	 +1.7696	 -1.9021	 +1.1593	 +1.1629	 -0.9041
 -0.5562	 +7.6071	 -2.6505	 +3.7750	 +2.7297	 +0.6738
 +0.5120	 -3.9233	 +4.3201	 -1.9520	 -1.7509	 -4.2884
+22.1443	 -5.5812	 +6.7885	 -2.3086	 -1.6784	 -3.0476
 -0.4722	 -0.7859	 +1.7101	 +0.5347	 +3.9001	 +0.7849
 -1.9044	-34.0869	+57.8299	 -0.3757	 -1.1948	 +0.5454
 +0.4840	 -3.5043	 +0.5904	 -0.0118	 -4.4217	 -0.3981
+38.8481	+36.0343	-30.7201	 -1.7108	 -1.1675	 +0.5509
 +2.1309	 +5.3820	 -4.9457	 -0.0316	 -2.2445	 +2.9863
 -1.0400	 +2.3784	 +2.6051	 -1.0210	 -2.9178	 -2.4364
+52.1325	 +1.7062	-45.5632	 -0.2609	 -0.1698	 +1.4693
-15.0466	-31.3202	+26.1794	 +2.5199	 -2.0656	 +1.6618
+104.1399	+59.1840	+16.2667	 +0.0629	 -0.7855	 -1.6055
 -0.9882	+31.3987	 +4.2054	 +2.8261	 -0.7773	 +0.6660
+22.8360	+67.0296	-34.0198	 +1.1792	 -0.3370	 -0.0013
 -8.9495	-10.0272	 +1.1057	 -0.1389	 +0.1040	 +2.2910
 -9.4733	+18.3370	 -3.8108	 -3.0065	 -0.9396	 +1.0720
 -5.5262	 +1.9049	 -9.7345	 -5.9544	 -0.3846	 +4.1958
+11.0792	+27.1829	-48.8419	 +0.7410	 +2.7125	 +0.1449
 +6.2299	-12.8689	+43.0889	 +1.5072	 +0.9145	 -0.9079
+24.2479	 +5.9163	 +2.0490	 -2.0588	 +1.5786	 +0.9373
 -4.7216	 -1.3528	 -6.9268	 +2.0349	 -4.1549	 -1.9084
 +5.3061	 -8.3141	 -5.8852	 -4.7650	 +1.4433	 +0.9850
 +6.4346	 -4.2242	 +0.8905	 +2.9237	 -1.2360	 -3.3611
 +0.9158	 -2.4035	 -6.9402	 -2.9090	 -2.1921	 +4.2227
-11.5133	-10.3369	 -6.8489	 -0.7259	 +1.2732	 +0.5742
 -5.6923	 -4.4568	 -3.1618	 +2.9472	 +2.1674	 -0.0490
 +1.4458	+24.9615	 +6.9952	 -1.1954	 -1.7167	 +0.8909
 +3.5627	 +3.3467	-15.4371	 +0.4272	 +3.5094	 -0.6726
 +9.3134	+15.1733	-25.8280	 -1.5109	 +0.2747	 -0.2646
 -3.2310	 +5.6767	 -1.3926	 -2.1922	 +5.6780	 -0.6170
+18.7623	-21.7937	-10.7840	 -0.9771	 +0.6635	 -1.0849
 -3.9195	 +1.3005	 +2.9611	 -1.3601	 +1.6346	 +0.6511
 -2.8603	 +3.2621	 +0.3223	 +1.1361	 +2.1748	 -2.9344
+12.9861	-19.2164	 +0.4505	 -0.6628	 +0.5622	 -0.3910
 +1.8858	 +4.6730	-16.0127	 +0.4013	 -2.3683	 +2.0482
 -1.5446	 -5.7786	 -3.2520	 -3.3143	 -1.2182	 +6.2518
 -1.4171	 +6.2033	 +4.6704	 +1.4208	 -0.2615	 -4.3652
 +1.6787	 -2.4932	 +7.4857	 +0.5487	 +0.6122	 -1.9372
-23.2856	+22.7802	 +7.7802	 -0.2202	 +1.9870	 +0.9389
 -3.1011	-10.1930	 +2.8745	 -3.2861	 -2.7100	 -1.0812
-11.1084	 +6.7497	 +0.6086	 -4.1679	 -2.1642	 -0.7440
+10.2343	+10.7510	 +5.4297	 +4.4591	 -0.0263	 +1.4839
-10.1269	 +4.7588	 -5.4503	 -3.6824	 -0.0773	 +1.3363
 +2.6339	 +1.2935	+12.3723	 +1.5299	 -1.3780	 -1.1416
-15.2096	+65.9530	+20.5843	 +0.7216	 +0.3254	 +1.2689
+19.0236	 -6.9821	 +6.1395	 +1.8901	 +0.9416	 -0.6771
 +3.1925	 -7.3798	 +6.0220	 +1.8799	 -3.7490	 +1.2695
-12.4266	-33.9235	+25.3617	 -0.8958	 +0.3834	 +1.1711
-41.3603	+34.9435	+25.9059	 +1.1867	 -0.1615	 -0.5965
 -0.6722	 +3.9481	 +2.7508	 +1.6692	 -2.5126	 -1.2330
 -6.1776	-17.5224	 -6.6705	 +2.8840	 -0.2605	 +0.6689
+10.9775	 +7.8736	 +1.1785	 -3.3239	 +2.4223	 +2.2695
 -6.8144	 +3.0403	 -5.1717	 +1.1908	 -5.6742	 +3.1184
 +1.0154	 -1.6623	 +3.1015	 +5.9899	 -0.9793	 +1.4123
 +6.4112	+12.7137	 +5.9921	 +3.4364	 +0.0192	 +1.7530
 +4.3921	-32.1252	+110.2839	 -0.2979	 -1.4640	 +0.5750
-23.8829	+12.5524	 -3.4708	 +0.0257	 -2.8253	 +0.2606
 +3.9902	-13.9151	-17.5952	 +2.5771	 +0.6125	 -1.5815
 -2.8391	 +1.6242	 +2.8228	 -2.4346	 -3.4547	 +1.1909
+13.5464	 +2.5423	-12.5622	 -3.1222	 -2.3043	 +1.2563
 -5.4154	 -6.5932	-20.6022	 -0.6374	 -0.0178	 +1.9252
 -1.6282	 -6.5302	 +5.6172	 +3.4026	 -1.7072	 -3.1405
+26.0388	-25.8472	+39.3752	 -1.2921	 +1.0884	 -0.2962
-11.6523	-16.1499	 -6.3488	 +2.4266	 +0.0226	 -3.6666
 -1.9260	 -5.4814	 +1.9222	 +0.8970	 -5.1066	 -0.9980
 +4.6920	 +0.5847	 -1.4815	 +2.3005	 +5.1086	 -2.7351
-14.8336	 +5.4846	+15.5540	 -1.9781	 +1.9391	 -1.0317
 +8.5661	 -8.5897	 -2.9670	 +1.8893	 +3.9423	 +1.9802
+13.4180	 +6.4486	 +7.2121	 +1.3561	 -3.3396	 -2.1998
+15.2069	 +1.4945	 +4.5662	 -3.1269	 -0.4289	 -1.3406
 +0.0087	 -2.7170	+22.2770	 -0.3225	 +2.9583	 +0.8732
 +3.7288	 -6.2096	-13.7404	 -0.1108	 -5.5137	 +1.2082
 -3.0226	 +2.7542	 +4.3628	 +3.0505	 -2.3894	 +1.7155
 -2.9058	 +0.3847	 +3.5472	 -2.7237	 -1.2301	 +2.2842
-14.6605	 -4.4180	-10.2132	 -0.8549	 +0.6987	 -0.6010
-13.7207	 +2.7965	 -0.1315	 +0.9979	 +1.4066	 +0.8228
 +1.7771	 +7.5982	 -9.4057	 +0.2485	 +1.1618	 +1.9333
-20.9248	 +1.7515	 +8.2971	 +4.1438	 +0.5229	 +1.8894
 -3.4352	-10.7079	 +0.3623	 +1.1353	 -0.2487	 +2.9810
 -6.7837	 -1.7949	 -4.1706	 -0.0027	 -0.7167	 +0.3656
-12.1121	-12.6384	 +0.0733	 +0.4471	 +2.2698	 +0.7678
 -2.6257	 +8.8416	 +4.7632	 +1.7658	 -1.2459	 +0.0353
+27.8264	+22.3600	 -5.1297	 -0.6995	 +1.0031	 -0.2653
 -6.7825	 -9.0738	 -0.5294	 +1.4410	 -0.9881	 +0.7588
+25.7557	 +1.4675	 +6.6821	 -0.6552	 +2.2880	 -0.6979
 -1.6442	 -4.2790	 -4.7990	 -4.2750	 -0.2665	 -3.4628
 -4.9976	 +2.4577	 -8.2245	 -0.8140	 +2.6045	 -0.4041
 -5.8058	 +5.7050	-12.0163	 +4.2815	 -3.4491	 -0.8384
 +1.6824	 -1.7881	 +2.7228	 +0.5134	 -4.4943	 -1.5285
 -6.6518	-21.5200	 +6.3743	 -0.0712	 -3.6568	 -1.5578
-12.7022	 +9.4104	 +7.1928	 +1.2656	 +0.6706	 -2.8516
 -3.6012	 -6.2518	 -4.6325	 +1.1293	 +4.9804	 +2.1897
-14.3321	 -9.4614	+16.0207	 -3.3574	 -0.7051	 +1.1597
 -4.5072	 -0.3690	 +2.3836	 -6.9225	 +0.7341	 +0.0435
-15.8715	 -5.1738	 -7.1888	 -2.3000	 -2.8751	 +1.0607
 -0.9487	+25.4666	-13.4255	 +1.6955	 -2.0268	 +2.0817
-13.6759	+10.4067	 -4.4446	 -0.2366	 +3.1119	 +1.3483
 +6.5418	 -7.8521	 +5.6179	 -3.6405	 +1.0613	 +0.0912
+14.1039	-24.6029	 +1.1310	 -0.9582	 +1.1499	 +1.6396
+11.9585	 +1.2097	 +1.6625	 -0.8036	 +2.9466	 -1.0714
 +6.9202	+36.6235	-15.8266	 -0.0725	 +1.7632	 +2.1876
 +3.2556	 -3.5564	 +3.7267	 +0.8544	 +0.1234	 +3.2620
 +0.4099	 +8.4107	 -1.2605	 -3.3967	 +0.7378	 +0.2522
 -3.1064	 +1.0758	 -3.9431	 -1.6624	 -3.6363	 -1.6100
+86.8725	-28.7365	+52.7420	 +0.1559	 -0.9329	 -1.3595
 +1.4911	+12.6301	-13.0312	 -2.4078	 -1.6506	 -1.8230
 -2.4822	 +0.5577	 -7.8477	 +2.4109	 -3.5996	 -2.4560
 -2.8198	 -0.5159	 +7.4772	 +1.8702	 +0.9465	 +0.7147
 +3.0695	 +4.0751	-13.8745	 -0.7791	 +2.4788	 -1.2470
 -8.2375	 -2.1228	 +4.6718	 +2.4229	 +3.2657	 -3.2148
 +0.2929	 -1.1330	 +1.6481	 +1.9218	 +1.4961	 +3.5937
 +5.3627	 -4.5278	-10.0356	 -1.2257	 -3.2851	 -1.2250
 -8.2965	 +1.4258	+18.2856	 +2.1596	 -1.0642	 +2.6786
 +4.8041	 -7.7497	 +7.0642	 -3.2471	 +2.5963	 +2.6418
 +3.9071	+14.2427	+22.4521	 +0.6333	 +0.9835	 +3.9387
 +9.9838	 +4.9417	+13.3683	 +0.9737	 +0.9054	 +2.5086
 +7.9018	 +0.1612	 -2.4375	 -1.2474	 +1.3174	 +0.1462
 -4.6145	 -9.2000	+22.0752	 +1.3533	 +1.0500	 -0.6593
 -8.0453	 +0.5342	+17.2219	 -1.7718	 -2.2183	 -1.8261
-21.0515	 +0.7879	 -8.5913	 +1.0768	 +1.0367	 +3.6568
 +5.9033	 +4.3849	 +3.7828	 -2.7180	 -2.2284	 -1.2736
-40.6919	+20.9562	 +0.1140	 -3.0524	 +1.4508	 -1.0390
 -3.1332	 +0.8888	 -3.1774	 -0.1558	 -7.4645	 -0.0038
-14.3260	 +0.2703	 -1.8829	 +1.7363	 +2.8257	 +2.2518
+19.2227	 +7.1194	 +8.8449	 -1.0933	 -0.9073	 -1.6159
 -5.4702	 +5.9653	+10.9821	 +1.9179	 -0.0959	 +2.0488
 +4.9533	-19.7510	 +3.8867	 -0.4752	 -0.7757	 +0.9217
 -4.6664	-13.5023	 -0.9144	 -2.3118	 +1.7875	 -1.5950
 -0.8992	+12.3727	 +4.5253	 +0.7656	 +0.4179	 +1.3434
-92.7889	-169.9784	+26.1410	 +1.0915	 -0.0022	 -0.0969
 +6.6650	 +3.9908	 +2.4781	 -0.4505	 +0.1379	 -0.0892
 -0.1641	 -6.9694	 -3.8504	 -3.6300	 -0.9344	 +2.4720
 -0.6827	 -3.8988	 -2.6811	 +4.4070	 +2.2793	 +1.9659
 -9.1913	 -0.4244	 +5.0894	 +1.4257	 -2.8055	 +5.0985
 -9.9731	 -1.7836	 -4.8006	 -2.7731	 -0.0264	 +5.1960
 -0.1948	 +3.0801	 -6.5626	 +1.3431	 -2.8414	 -0.9193
 +2.9286	 -5.4106	-11.3965	 -1.7393	 -0.3983	 -1.5555
-15.3406	 -9.2012	+23.1316	 +1.5512	 -3.1450	 -0.9437
 +4.6377	 -0.2474	 +0.4291	 -2.1051	 +4.4070	 +1.7145
 +3.3693	 +3.4824	 -2.9187	 -0.9626	 -0.9390	 -2.3521
 +3.3223	 -9.1826	 +1.7983	 -2.4894	 +2.8361	 +2.9362
 +0.5103	 -1.0580	 -1.4439	 -1.0845	 +5.3201	 +4.6106
 -5.0128	 -2.9999	 -2.0177	 +5.3455	 -1.4918	 +0.5737
 -2.4907	 +4.4882	 +6.6893	 -2.8604	 +1.3045	 +1.8768
 -2.7539	+19.5446	 -7.7149	 -0.7931	 +3.0043	 +2.5257
 +9.2891	 +3.0482	 -6.6535	 +1.1398	 -1.7249	 +1.3134
 -4.1494	 -1.9116	-11.5478	 +0.7910	 +0.9334	 -2.7517
 +0.2656	+29.0136	-31.8979	 +0.2073	 -0.9609	 +2.3246
 -0.9478	-19.7807	+41.4317	 +0.4409	 +0.5193	 -1.7011
+18.0025	-22.3270	 -7.5341	 -0.4558	 +2.9508	 -1.3186
 +1.7951	 +3.8729	+16.7524	 -1.5961	 -1.1395	 -1.4035
 +2.3314	 +1.8730	 +5.9518	 -2.4309	 -2.1233	 -3.5850
-11.5346	+14.6079	 -0.1825	 -2.6318	 +0.1681	 +1.1883
 +5.1128	 -6.8661	+29.8695	 -1.5021	 +1.2271	 -0.8960
-47.2325	+19.8170	-75.7145	 +0.9914	 +1.8960	 -0.0308
 +8.0746	 -3.0673	 -1.2737	 -0.4890	 +3.0419	 -0.2506
+13.5316	-17.6979	 -5.0717	 -0.5216	 +1.2775	 +0.7283
 -3.1234	+15.1639	-13.1263	 -0.3008	 +1.4453	 -1.1168
-27.5651	 -2.8955	 -7.3787	 -0.3953	 +1.0987	 -0.0536
 +0.6855	 +2.7928	 -0.1979	 -0.8552	 +3.8077	 +2.7148
 -3.8773	 +6.2968	 +5.3602	 +1.5529	 +0.1445	 -2.4239
 -4.4127	-27.4883	-15.7058	 +0.7467	 +2.7681	 -1.4271
 -3.3507	 +9.9778	 +1.1518	 +2.3968	 +3.1835	 +0.7508
 -5.6894	 +4.4248	 -2.2328	 +0.0331	 -2.6047	 +1.8138
 -0.4219	 -2.7415	 +8.4747	 -2.6355	 +0.6018	 +1.6136
+20.2950	+16.1848	-33.7470	 -1.0428	 -0.9400	 +0.3300
+29.8763	+40.8661	+68.3941	 -1.0334	 -0.5545	 +1.1094
 -4.1821	 +3.7130	-22.8451	 -1.7258	 -2.5629	 -0.9019
 -0.1712	 -8.7356	+13.4968	 +3.0628	 +0.2542	 +2.9592
 +1.3516	 +1.8548	 +2.5249	 -0.6946	 +0.1718	 +0.2317
 +2.0217	+17.4909	 +7.0014	 +1.7240	 -0.6868	 +0.0339
+68.5973	+28.4001	+34.3585	 -0.6134	 +0.1966	 +0.6804
 +2.4848	 -4.5918	 -0.0332	 -1.6960	 +2.1090	 -4.6337
 -0.8907	 +8.9431	 +1.7525	 -0.7997	 -2.2318	 +2.9585
-15.0398	 -8.4921	 +3.3803	 -0.7264	 +0.9976	 -3.2131
 +3.1262	 -3.6656	 -2.5293	 -1.4733	 +1.7941	 +4.0157
-41.8008	+10.8709	 +9.4498	 +0.8956	 -1.1030	 +1.8732
 -1.5666	 +2.0939	 -7.2369	 -0.8309	 +4.9227	 -2.9362
 +0.7070	 +4.4042	 -3.2643	 +1.5458	 +4.3253	 -3.9912
 -3.8740	 -9.8843	 -2.0934	 +3.5881	 +2.9779	 +0.8986
-10.0808	 -0.0371	+29.6372	 +1.8028	 -0.1924	 -0.4994
 -6.8540	 -0.4138	 +8.4896	 -1.2587	 -4.8164	 -0.8484
-11.1497	 +9.6998	 -0.1925	 +1.1899	 -4.5352	 -1.0227
 +8.1182	 -3.2027	 +4.2704	 +1.1750	 -1.0939	 +1.2597
 +8.0915	 -3.9993	 +9.3417	 -3.6599	 -3.5409	 -1.9028
 -0.3248	-12.7277	 +8.1199	 -0.1607	 +0.8790	 -0.2056
 +4.8017	 +4.6830	-25.1628	 -1.6623	 +4.1208	 -1.1305
 -2.7195	 +4.8244	-10.5603	 -1.7111	 -3.0157	 +1.9063
 +1.6641	 +3.0113	 -0.5659	 -3.8358	 +1.5717	 +4.7993
 -1.1535	 -0.1416	 +5.4807	 +0.7841	 +0.5413	 -0.9318
 -5.0782	-20.8980	-11.7781	 +0.5894	 -0.2119	 +2.9286
 -9.6936	-10.7636	-16.3451	 +3.0563	 -1.1362	 +0.8950
 -3.1493	 +4.1946	 +0.0090	 -1.4890	 +0.1405	 +0.5365
 -3.8380	 -9.5811	 +9.7322	 -0.5959	 +0.7013	 -2.7621
+17.2832	+13.9932	-11.5526	 -0.3122	 -1.0943	 -2.4106
 -7.2074	 -6.2865	 -4.7463	 +2.2192	 -0.2272	 +0.0546
 +3.3264	 +1.0831	 +3.7241	 -2.0952	 +4.9552	 -0.3109
 -1.7729	 +1.4177	 +3.6670	 -0.7460	 +3.9707	 -1.5335
 -1.4339	+12.6392	-26.0762	 -3.5039	 -1.8002	 +0.1030
 -5.6988	 -4.4962	 +2.2433	 -0.4830	 +1.7351	 -0.9000
+18.2132	 +7.7074	 +3.4856	 +3.5461	 +1.2622	 +0.7757
 +2.3253	 +9.2173	 -3.2336	 +1.4383	 -1.3873	 +3.3705
 +4.3629	 +2.2500	 +4.0635	 -0.5214	 -4.7507	 +0.4152
-14.6310	+18.8741	+11.4214	 -0.0813	 +0.9053	 +0.1880
 -2.1140	 -1.5301	 -3.7032	 +0.5799	 -1.2985	 -0.2704
-15.3713	 +6.2746	 +7.6233	 -1.5209	 +1.1839	 -3.6411
 -5.6020	 +6.6489	 -1.6416	 +0.5706	 -1.3246	 -1.7164
 -3.1061	 -2.0494	-10.1281	 -2.2282	 +0.6790	 -1.0389
 +4.3923	 +4.4435	 -7.7186	 +1.3215	 +0.8497	 -2.4203
+22.5895	+12.9496	 -0.5254	 +0.1066	 -3.1049	 -0.2299
-84.1862	+42.8966	+24.4895	 +0.1101	 +0.1069	 +0.6131
-10.7185	 -2.6437	 +4.9685	 +2.8450	 +3.9322	 +2.5398
 -7.3499	 -2.7661	 -0.8217	 -0.5445	 +2.5032	 -1.7272
 -1.7894	 +5.5255	 -5.5200	 -3.9702	 +2.9587	 +1.5216
 -9.3819	 -3.7056	 -0.3410	 +1.0744	 -1.3776	 +1.7373
-20.0760	+12.0270	 +5.9511	 +0.1248	 -1.4328	 -1.9749
 -8.5952	+13.0047	-30.1675	 +0.8026	 +1.7562	 -2.1237
-16.8861	-18.7596	 -4.2923	 +0.0593	 -1.6737	 +2.9989
 -2.5297	 +1.2010	 -3.8611	 +1.4451	 +4.6637	 +1.8185
 +1.3652	+12.3158	 -8.0094	 +0.8137	 +1.2103	 -3.2866
 -1.7534	 +0.4887	 -9.1386	 +1.8705	 +0.6110	 -0.4179
 +6.1045	 -2.1694	 -3.1094	 -2.2157	 -0.0692	 -1.1545
 -6.5577	 -3.5585	-14.4768	 -3.2241	 +0.9680	 -1.9500
 -7.2912	 +0.2546	 -0.6775	 +2.2288	 +4.2901	 -4.2266
 +3.7046	 +1.4095	 +4.8174	 +0.1614	 +0.5199	 +0.8298
+30.9781	+21.2784	 +6.2084	 -1.3646	 -1.8016	 +1.8318
 +8.1027	 +4.0347	-17.3343	 +3.1234	 -3.0572	 -0.5673
 -5.9428	 -2.3467	 +6.4949	 -1.2457	 -3.3920	 -2.4940
 -5.2196	 +3.2542	 +0.9846	 +3.4287	 -4.4974	 -2.0364
+22.2848	 +1.9117	 +1.1742	 +1.1156	 -0.5498	 -0.3648
 -2.4659	 +2.6425	+10.6464	 +3.8650	 -1.0753	 -1.3538
 +6.4857	-13.4897	 -3.0277	 -1.9444	 -1.9971	 -1.0889
 +6.9905	-12.7207	 +4.0084	 -2.0092	 -3.3579	 -0.4915
 -0.2317	 +3.6650	 +3.3266	 +0.6455	 +3.6623	 -3.7657
+12.8135	 -8.4800	 +0.0929	 +1.1211	 +2.0824	 -1.8221
+18.8717	 +6.1391	 -9.5496	 +0.8003	 -3.7099	 +0.3839
-34.7817	-18.2832	+16.9438	 -0.3328	 +0.1028	 -3.0064
 -1.2019	 -8.3388	+12.0112	 +1.9152	 -0.6403	 +1.5608
 +1.4497	+12.0939	+15.6140	 +1.2461	 -0.8072	 -2.6093
 -9.7599	-11.0387	 -2.2924	 +1.4636	 +4.0449	 -2.8142
 +5.0680	-12.3309	 +0.9227	 +3.5109	 +1.2551	 +1.9583
-10.2146	 -4.5638	 -9.3042	 -2.7809	 -2.1432	 +0.6719
-40.7576	+25.7610	+37.2110	 -0.1048	 +0.5843	 +0.3413
 +5.2183	 +2.3833	 +4.9352	 +5.9885	 -0.4444	 +0.0095
 +2.7081	 +0.8354	 -5.4707	 -0.9945	 -2.1250	 +2.1517
 +3.8500	 +8.2236	 -7.6601	 -1.3451	 +3.8031	 +3.0308
 -3.0671	 +4.9242	 +1.3355	 -2.8045	 -0.9996	 +4.7683
 -4.1239	 -1.9489	 -4.7696	 -1.0858	 +5.9518	 +3.9163
+43.8334	 +6.0895	-16.7067	 -0.6060	 -0.7242	 +0.2527
 -0.7553	 -4.2245	 +1.1535	 +2.0748	 +3.6065	 -1.0574
 +9.0932	 +2.6320	 +4.2519	 +0.1702	 +2.2870	 +3.1182
 +6.8877	+13.9606	 +2.3869	 -0.4119	 -2.7465	 +2.1505
 -3.6009	-15.3106	-34.1644	 +1.0195	 -0.8268	 +0.8049
 -4.0804	 -0.5809	 -7.5904	 -1.5704	 +2.6187	 -2.4499
 +3.6610	 +1.6356	 +8.0431	 +0.6683	 -1.1033	 -2.0729
-102.9725	-32.5994	+85.5411	 +1.3885	 +0.1658	 -1.2262
 -3.1800	 +8.9415	 -7.2472	 +3.2845	 -1.8795	 -3.3040
+12.5205	-36.3271	 +7.6354	 -0.9520	 +1.6819	 +3.6109
 +2.7994	-24.4808	 -2.5425	 +1.0268	 -1.1861	 -2.2969
 +1.2015	 +0.8736	 +3.1994	 -2.4154	 -0.0712	 -3.2702
 -5.3361	 -4.0244	 -1.7115	 +0.8342	 -4.8125	 -3.3786
 +3.4799	 +7.0759	 -8.7358	 +3.8324	 -2.2363	 -1.6021
 +7.0047	-12.5993	 -0.6032	 +1.1456	 +0.8787	 +0.7039
 -1.6208	 -6.7478	 -7.7560	 -1.8967	 +1.0523	 -3.3035
 -9.1681	 -9.4568	 +6.2786	 -2.7700	 -0.0891	 +0.7383
+12.2031	-24.7803	 -5.8992	 -0.1511	 +1.1188	 -1.1813
 -5.7602	 -0.7650	 +3.3422	 +1.1492	 +0.5848	 -0.2565
-19.5766	 -6.2020	 +4.0585	 -1.8033	 -0.5923	 +0.1787
 -1.1001	 +2.1963	 +1.0883	 -0.7822	 -4.9641	 +4.3674
 -0.4295	 +1.6952	 +4.9667	 +0.3900	 -0.5669	 -0.5066
 +5.5066	 -2.5832	 -2.4882	 -1.2237	 -1.2151	 +0.3066
-11.3208	-12.3502	 -5.3003	 -1.4791	 -2.2451	 -3.7737
-65.1857	+23.5217	+51.0165	 +1.2001	 -0.8295	 -0.8143
-59.0754	-32.7963	+18.8439	 +1.2562	 +1.0057	 -0.5354
 -9.2349	 -8.9904	 +8.9583	 +0.6601	 +1.9495	 +2.7408
 -2.5195	 +4.0398	 -3.7354	 -0.7158	 -1.5226	 +0.8986
-77.9821	-125.3071	+119.3977	 +0.6629	 +0.0518	 -0.0804
 -4.0028	 +8.3582	 +0.0017	 -4.4879	 -3.4872	 +0.5149
 -9.4116	+11.9193	 -9.0344	 -1.8967	 -1.1798	 -2.8005
 +0.5223	 +4.2712	 -4.5221	 +0.9042	 -2.0468	 -0.2610
-47.6043	-25.6924	-13.5257	 +1.7984	 -0.6133	 -1.1800
 -9.8955	 +5.0574	-10.7679	 -2.2038	 +0.0400	 -0.3657
 +6.0777	 +6.4414	-18.8737	 -0.6769	 -1.4535	 -0.0608
 +7.4346	-32.6092	+35.2290	 +1.3820	 +2.1125	 +1.6650
-11.5641	 +3.1275	 +1.8930	 -2.3324	 +0.3437	 -2.0540
 -0.0834	 -8.4555	 +6.9801	 -1.8832	 +0.5820	 +1.8905
 +3.5080	+15.8410	-22.1709	 +0.0065	 -2.2585	 +1.5337
 -7.6398	 +3.2047	+17.1410	 +2.4152	 -2.7841	 +1.4293
-17.0139	+12.9489	+22.1654	 -1.8157	 -0.3152	 +1.6518
+12.4730	+11.4420	 +1.1643	 +0.6043	 -2.8955	 +2.3579
+11.8507	 -2.5630	-12.3113	 +0.2400	 -0.6987	 +0.2542
-12.6653	 +2.0574	 -1.5116	 +3.0674	 +2.9532	 +0.6342
 -7.0813	 +4.9125	-16.7243	 +2.1429	 -1.7906	 +0.1703
-11.2528	-15.8404	-23.7139	 -0.2352	 -0.2912	 +0.2656
 -5.7522	-13.7846	 -5.4416	 +1.8806	 +1.2474	 -2.0352
-10.3470	 -9.7707	+20.9740	 -1.5917	 +0.0816	 +0.2343
 -8.3800	 +6.5378	 -9.5218	 -1.7275	 -2.6752	 -1.9285
-10.4956	 +2.2311	 -5.5689	 +3.7158	 +1.1221	 -0.5463
-36.6911	+13.9980	+13.2893	 +0.0504	 +0.6862	 -1.5783
 -0.7982	 -8.3419	 -7.8275	 -1.1502	 -0.6037	 +1.4070
 -7.0607	-10.7878	+12.4323	 +0.7680	 +0.4005	 +2.5875
 +7.9877	 +9.9282	 -6.0270	 +1.4333	 +1.0120	 +3.1630
 +5.7461	 +3.4957	 +5.0342	 -4.3501	 -0.2130	 -0.1392
-30.6457	+38.9655	-75.9626	 +0.4248	 -1.3866	 +0.6442
+12.1035	+20.8322	 -7.7772	 -1.4461	 +2.3772	 +1.2876
-11.7562	+77.0704	-52.1894	 -2.1239	 -0.6026	 +0.1494
-18.3351	 -4.3011	 -2.9487	 -0.4814	 -1.6843	 +0.3188
-15.9001	-17.1849	 -8.4782	 +0.9845	 -0.9514	 +1.9240
 +1.7264	 +9.8177	 -5.1101	 -0.3173	 +5.2221	 +1.4107
-10.4089	 -1.6650	+12.1926	 +2.8758	 +1.6853	 -1.0118
-20.1780	 -3.9021	 +4.0145	 +0.3686	 -1.0317	 +2.8916
 +1.1926	 +3.6887	 +7.8633	 +2.1340	 -3.2681	 -2.7572
 -2.3706	 -4.6136	 -8.7298	 +2.6631	 -0.9450	 -2.1896
 +4.0386	 -3.8582	 +1.3697	 +1.6533	 -1.0089	 +1.8588
 +2.9921	 +9.3974	 +6.5208	 -1.4625	 -0.1031	 -4.5845
-15.4949	 -0.6935	 +0.6999	 -0.4364	 +3.3690	 -1.9478
 +4.6533	 +2.0864	-10.3009	 -3.8473	 +2.4388	 +1.0313
+12.1876	 +7.5043	 -3.8387	 -2.8790	 +0.6346	 +3.4577
+11.1631	-24.5427	 -7.7613	 -2.8667	 -0.5816	 +1.8085
 -4.5003	 +1.1445	 -7.5913	 -3.1579	 -1.0945	 +4.0097
 -9.1226	 -2.5728	 +5.3837	 -0.1760	 +1.4758	 +3.9278
+11.2959	 +9.9806	 +1.6859	 -0.6373	 +3.1650	 -0.6379
 -5.4662	 +6.8081	 +6.2966	 +2.1612	 +4.0711	 +1.1764
-143.8221	-179.4044	+114.0051	 +0.3689	 +0.8782	 +0.0923
 +4.3853	-10.9726	 +1.3596	 -0.0226	 +3.8446	 -3.3524
-17.0783	+48.0594	+46.2574	 -0.3356	 -2.1403	 -0.2006
 +6.0939	 +2.4494	-13.3233	 -1.3632	 -2.4345	 +1.7672
 +7.1222	+74.6901	-83.3098	 +0.0817	 +0.0205	 +0.3146
 +1.4131	 +2.2750	 -9.3629	 -0.6458	 -6.0104	 -1.8398
 -3.3818	 -5.4114	 +8.1425	 -2.5617	 +1.1376	 +0.4614
-14.7582	+25.6741	-25.1846	 +1.4658	 +0.2091	 -0.2867
-16.6908	-17.5029	 +0.7503	 +0.7793	 +2.8342	 +0.6434
 -0.8673	-13.8608	 +1.9786	 -4.5767	 -0.9832	 -1.2401
 -1.1920	 +9.0582	 -3.0445	 -2.9727	 +2.3709	 +1.2161
 -2.0630	 -4.1935	 -3.6430	 -0.1377	 -5.1694	 +3.1248
 -9.8171	 -2.3959	 -6.9119	 -2.3358	 -0.2964	 +1.3317
 -4.7786	 +3.4686	 +3.1258	 +2.0739	 -2.7648	 +0.0839
 -7.9251	+11.7197	 +0.5017	 -4.4041	 +0.9881	 -0.7328
 +0.3396	 -0.2930	 +1.3326	 -4.5741	 +5.6813	 +2.2524
-22.3070	+26.8416	 +2.1700	 +0.2738	 -1.1853	 -0.0330
 -1.2343	 -2.0724	-18.9115	 +0.7168	 +0.5223	 -4.1231
+12.9353	 +3.6019	+11.3073	 +1.7233	 +2.2419	 -0.6873
 -5.6991	 +0.6138	-21.1210	 +1.0191	 +2.9694	 -1.3234
 +4.2142	 +7.7669	-13.3271	 +0.0465	 -1.8620	 +0.3547
 -2.0123	 -5.5013	 -5.6551	 -6.4866	 -2.5794	 +2.6519
 -2.7893	 -3.4978	 +2.1419	 +5.3304	 +0.6059	 -0.2931
 +6.5249	 +5.5534	 +6.4500	 +2.8361	 -1.4130	 +3.2027
 +0.8909	 +8.7956	 -0.1680	 -1.2902	 -2.5016	 -0.9069
 +4.8060	 -7.3923	 +5.8670	 +1.4530	 +1.3679	 +3.4573
 -6.8670	-22.0213	+12.1550	 +0.8522	 -0.7117	 +0.3723
+13.0573	 -1.3368	 +0.2213	 -1.1255	 +2.8029	 +0.4684
 -3.8395	 +5.3658	 -0.7383	 +1.4239	 -1.9804	 +2.8714
-20.3760	 +3.9989	 -2.9893	 +1.5514	 -0.4671	 +1.7363
 +3.1331	 -2.3872	 +1.0923	 -4.4589	 +4.7473	 -2.0666
 +3.6196	+12.5425	 +4.3479	 -0.9740	 +2.8616	 +1.6036
-15.7987	 +3.5337	 -6.7415	 -1.6771	 -2.3816	 +1.5316
 +8.0599	 +7.0145	 +6.7739	 -1.2947	 +1.5898	 +1.5355
 +2.9100	+12.2637	 +2.2292	 -0.8854	 +2.0002	 +1.6742
 +6.8146	+25.6836	+35.7537	 +0.6214	 +0.3661	 -1.2569
-12.5113	 -0.5374	 +0.6454	 -1.1634	 -1.5103	 +1.3440
 +5.0404	+21.7418	-12.2187	 -2.6279	 -1.3588	 +0.6171
+18.3792	-13.2285	+10.9205	 +3.5955	 +0.1583	 -1.7064
 -6.2467	 +1.2300	 -8.7487	 -1.1212	 +2.1509	 +3.2458
 -2.6262	 +0.0155	 +0.1297	 -3.3338	 -3.1069	 -4.9498
 +1.4618	 +1.8175	 -1.2400	 +4.3234	 +3.6794	 -3.9733
 -9.5984	 +1.4150	 -4.8673	 -3.8179	 +0.1653	 -0.6086
-18.5635	+11.4870	-27.0125	 -0.2545	 -0.9899	 +1.7418
 +4.4888	 -0.3668	-12.6038	 +0.9008	 -3.0240	 -2.7167
+22.7484	 -1.8573	-18.5103	 -0.4609	 -0.8184	 +1.9143
 +2.0424	 -0.1375	 -2.1218	 +1.5833	 -2.7812	 -4.3425
 +0.5737	 -1.7061	 -4.4651	 +0.3476	 -2.4533	 -0.4008
+11.7490	+15.8254	-13.8706	 +0.3036	 -0.5449	 -0.4170
-17.4001	+36.4951	-11.2806	 +1.6195	 +1.7695	 -0.0617
 -4.5015	 +1.2674	 +3.8971	 -1.5214	 +2.0428	 -2.2890
-10.9870	 -4.8283	-14.7646	 +0.8814	 -1.3856	 -3.5785
-10.7391	 +5.1753	+12.0613	 -2.1587	 -4.1906	 -0.1539
+18.4751	 -9.8999	 -9.4883	 -0.0375	 -0.5726	 +0.3511
 +7.2299	-17.7125	 -3.0080	 -1.8827	 -2.8220	 +0.3756
 +2.3596	 -1.8925	 +6.7809	 -1.0522	 -1.2692	 -1.1589
 +4.2123	 +7.5275	+13.9051	 -1.1524	 -0.0484	 +2.9305
 -6.3254	 +1.6136	-25.2649	 +0.4143	 +2.0812	 +0.0453
-12.8668	+20.3274	 +0.3025	 -1.6008	 -2.5814	 +1.3336
 +5.7698	 -6.3894	-19.9950	 +0.9851	 +0.5863	 +0.2209
 -9.8534	 -1.3160	 -1.8141	 +0.1018	 -2.1843	 +0.3943
+15.7834	 +6.7471	+40.1079	 -0.5233	 -0.5075	 +0.6502
-10.0382	 -3.1686	 +1.9737	 -0.0395	 -1.0538	 -1.5182
 +7.6945	 +1.4675	 +7.1410	 -1.0437	 +2.6898	 +1.0240
-13.4154	+19.5087	 -2.4879	 +2.5016	 -0.4658	 +1.5858
-11.1853	 +1.9642	 +2.6624	 -2.7090	 +1.5944	 +0.9146
-12.7389	 +6.6315	-13.1987	 -0.5065	 -1.9193	 -2.3326
 -6.9472	 +9.4635	 +8.2457	 -4.0994	 -0.2423	 -0.1334
 -0.3158	 +2.9886	 -7.3196	 +0.7326	 +1.6869	 +2.5689
-60.9450	-18.1498	-25.6402	 -0.5586	 +0.1548	 -0.0866
 -3.8257	 +1.4062	 +3.8548	 -1.4707	 -3.6704	 +3.3489
 +5.8207	 -2.4332	 +4.9953	 -0.2873	 -0.0114	 +1.6517
+11.4210	 -4.7627	 -4.6454	 +0.0323	 -0.9275	 +1.1483
