# Iterations: 91 of 100
# Total Energy: -6.700e+05
#    Kinetic Energy: 6.758e+05
#    Potential Energy: -1.346e+06
# Current Time: 2018-05-09 12:13:41.001785
# Elapsed Time: 0:36:39.645284
# 
# Med. Times for Sections
#    Force Computation:		21.640576
#        [21.50243821.53292121.86178521.96053621.80964621.93120421.46290521.58503221.69612121.492825]
#    Gather Particles:		0.000163
#        [0.0001760.0001580.0001530.0001690.0001610.0001640.0001560.0001560.0001720.010739]
#    Overall:		23.179787
#        [23.06598823.07506923.46147223.51572223.41026923.48888423.04104923.12404123.23553323.090080]
#    Scatter Particles:		0.002741
#        [0.0033540.0027430.0031050.0026560.0030860.0026800.0029240.0027390.0026890.000729]
#    Time Integration:		0.000160
#        [0.0001680.0001580.0001540.0001580.0001590.0001660.0001610.0001540.0001620.000185]
#    Tree Broadcast:		0.759135
#        [0.7432060.7544250.7733350.7636840.7741360.7592550.7590150.7507100.7481850.769504]
#    Tree Construction:		0.805572
#        [0.8165680.7845910.8228630.7884400.8229940.7953360.8158090.7851730.7881220.816022]
# 
# x	y	z	vx	vy	vz
# 
 -5.9982	 -3.9427	 -2.8467	 +1.6527	 +1.0414	 -0.2561
 +3.3099	-18.7688	-11.0281	 +1.0993	 +2.1728	 +1.8269
 -2.2272	 -5.4166	 +8.4878	 -1.6594	 -2.4541	 +1.8986
-24.4686	+25.3083	 -0.5445	 -2.1671	 -0.9050	 +1.2038
 -4.3241	-18.8328	 -6.1753	 +1.8321	 -1.2233	 +0.3597
 -2.6587	 +0.9371	-16.6664	 +2.7218	 +0.6602	 -0.3225
+13.5868	-15.4885	 -8.8804	 -1.4105	 -0.8235	 -0.9080
+10.9237	 +7.7772	 -6.2273	 -1.7244	 +0.0519	 -0.1199
-26.1389	-34.7313	-11.2666	 +1.9690	 +1.7521	 -0.0885
-14.4790	+22.0838	 +2.1195	 -3.1160	 -0.4100	 +0.5310
-23.2043	+11.2334	+17.3180	 +2.2662	 +0.9263	 -0.4122
 -5.0457	 -3.0556	 -0.4223	 -1.3217	 +2.5858	 -1.4794
 +2.8351	 -0.2714	 -6.9185	 -3.0477	 +3.1205	 -4.0468
+25.3128	+12.4226	-27.4632	 -1.3282	 +0.9548	 -1.0866
 -0.3600	 -4.7656	 -2.2434	 +3.1022	 -0.9389	 -1.2124
+13.4940	 +2.5124	 -1.7354	 +1.6438	 -1.8041	 -1.8633
 -8.8735	 -3.7048	 -6.7396	 -0.7023	 -4.1045	 +3.0307
 -5.5785	 -0.0529	-19.0698	 -1.4889	 +0.7064	 -1.3633
 +9.7334	 -7.7641	 +7.1651	 -0.1286	 -1.1475	 -0.9372
+104.6518	-28.8876	+78.5868	 -1.3720	 -0.8366	 +0.1990
 -5.5191	 -3.9974	 -5.0039	 +3.3493	 +2.4515	 -2.7820
 -3.4994	 -1.5435	 -7.7749	 +1.0427	 -4.4473	 +0.9318
 +4.9087	 +1.9045	 -8.9571	 -1.7152	 +2.5411	 +2.3571
 -4.6152	 -4.8166	 +3.5374	 -2.4575	 +0.9848	 +4.0281
 +7.6658	 +7.6911	 -8.6748	 +0.9925	 +0.5498	 -0.0059
-35.7554	+21.0281	 -0.2468	 -2.0581	 +2.2980	 -1.3066
 -3.8983	 -2.6485	 -4.5673	 -1.5310	 -5.0286	 -2.5059
 +8.1666	 -7.5141	 +4.3825	 -4.3838	 +0.0226	 +2.0176
+11.0444	+12.1675	 +5.8912	 +2.6956	 -2.6109	 -2.3514
-16.9680	-18.0913	 -4.5937	 +3.5175	 +2.2639	 +0.6026
 -3.0617	 -5.1001	 -5.4133	 +5.3840	 -2.5214	 -3.8705
-56.5762	 +8.9373	 +0.2569	 -0.8173	 +1.9986	 +1.8283
 -3.0010	 -5.8677	-12.2349	 -4.3327	 -0.0706	 +2.5493
 -0.7675	-14.1952	 +4.6324	 -0.8947	 +2.3291	 -1.4472
 -9.9075	 -3.3891	+22.3233	 +0.3466	 -0.6108	 +0.8295
 +3.9058	 +2.0446	 -0.1708	 -1.1736	 +0.3064	 +0.2585
 +2.9582	 -5.7180	 -2.0076	 -0.7298	 -4.2980	 +1.9385
 -1.4514	 -1.6862	 +5.5751	 +4.5002	 -3.2636	 +0.2753
 -2.9603	+30.7305	-11.2669	 -0.7465	 -1.7427	 +0.6809
 +3.8140	 +0.8615	 +3.4411	 -0.2919	 +4.5026	 +2.1247
+14.0613	-12.9499	+10.2819	 +2.0069	 -3.4512	 +0.3919
 -4.9801	+10.2167	-11.3776	 -0.3846	 -1.5090	 +1.6120
 -6.2988	 -0.1752	-10.0918	 -1.5298	 +4.0755	 +0.4016
 -6.9053	 +3.0693	 -1.6434	 -2.7554	 -1.8192	 -0.1568
 -4.8099	+22.4711	-20.6408	 +2.3899	 -0.1584	 +0.8645
 +1.2415	 -1.0467	 -1.0179	 -2.5469	 -1.5622	 +4.8653
 -1.1442	 +3.8932	-11.6812	 +2.3381	 +4.4059	 -0.2294
+34.8966	 -6.0461	 +1.0788	 -0.0791	 -1.2446	 -1.5785
 -1.6952	 +5.7418	 -0.2677	 +2.4822	 +0.7846	 -1.1838
 -4.5205	 +2.9107	 -4.1807	 +3.0992	 +4.5804	 +0.9998
-33.4012	-56.9239	-37.3176	 +1.1407	 +0.2889	 +1.6073
 -2.7380	 -6.6016	 -2.2017	 -1.7497	 -2.1117	 -4.0251
+16.2399	 -8.0481	 +9.0264	 -0.4797	 +2.7536	 +3.8175
 +4.3879	 +9.6110	 +6.0835	 +2.0806	 -4.4323	 +1.7721
 +5.4520	 -3.1674	+54.1983	 +0.4684	 +2.2183	 +1.8103
-28.7446	 -6.6629	 -4.4454	 -1.6100	 +0.4016	 -0.1585
+31.2219	 -4.5122	 +3.9211	 -1.4579	 +0.9967	 -1.0817
 -5.9557	 +5.5039	 +3.0537	 -0.8545	 -1.6162	 -3.5100
 +0.8154	 -4.7813	 +0.1310	 +3.1906	 +2.8473	 +4.2313
 -0.4390	-20.9537	 +8.4907	 -3.7113	 +1.4893	 -0.0143
-17.5507	 +1.7757	 +7.9752	 -3.8102	 +0.9350	 -1.8808
 -8.5042	 +6.4155	-21.7155	 -0.2100	 +3.8670	 -1.2218
 -0.6565	 -7.4884	 -3.4994	 +2.4007	 +3.3683	 -1.0304
 -5.4003	 -7.2957	 -5.7814	 +0.8837	 -2.3257	 +4.0460
 -3.8638	 -4.4781	 -2.4985	 -1.5913	 +0.1600	 +5.0681
 -8.7832	 -6.0074	-11.4114	 -2.0505	 -2.3676	 -1.1920
 +5.5513	 -1.0938	+22.1388	 +0.4953	 +1.0348	 -0.5291
-15.8881	-13.7712	+27.7275	 -2.3530	 -1.9314	 +0.3002
 -2.9378	 -8.2847	-19.4613	 +0.5379	 -0.6388	 +1.4207
 -4.1749	 +9.0730	 -1.6167	 -0.0149	 -2.9950	 +4.5238
 -3.1237	 -5.9710	 -3.2714	 -1.7429	 -0.9326	 -1.4660
-11.6104	-11.6602	 -5.2156	 +2.3081	 +0.7812	 +1.2497
-11.0379	 +6.5298	 -3.9387	 +1.5112	 -0.2603	 -1.8003
-14.5761	+15.2849	-94.8684	 +1.9224	 +0.0038	 -1.4158
+26.3918	-27.0637	-13.7273	 -0.2511	 +1.6694	 +0.6222
-12.5474	 +7.4787	-10.3098	 -2.1567	 -4.0832	 +1.2719
 -4.1176	 +4.4126	 -8.9184	 +1.2374	 +1.8647	 -0.0875
 -4.0749	-10.3762	+12.1686	 -2.8075	 -1.9544	 -1.6004
 -1.8129	 +9.8667	 -1.3456	 +3.0627	 -0.7371	 +3.6538
+22.5949	-13.8888	 -5.7146	 +2.4132	 +1.6666	 -0.0142
 -1.7478	 +1.6703	 +0.1041	 -0.8735	 +0.6398	 +2.9367
 +9.6355	+11.5427	 -9.0389	 -0.1002	 +2.1835	 -0.8866
 -0.8717	 -0.8587	 -1.2197	 +1.9719	 -0.4978	 +5.3433
-11.5946	+24.4680	+17.2040	 -0.9382	 -0.2613	 +3.4958
+15.0765	 +6.2069	 +2.9304	 +2.5215	 +2.4468	 +2.8795
 +1.4356	+11.7002	 +9.3563	 -2.9188	 -2.1343	 +0.2604
-17.4603	 -4.3015	 -0.2668	 -0.7982	 +0.7992	 -3.0176
 -1.5536	+18.3486	 +9.8522	 -0.7726	 +2.6190	 +0.6640
 -3.7724	-28.3837	 +8.6609	 +2.0415	 -0.9690	 -1.4735
 +4.5095	 -9.6502	 +1.7145	 -1.4663	 -0.3607	 -0.9100
-11.9575	 +1.3687	 -0.6191	 -0.3092	 +2.3091	 +3.4204
 -1.8464	 +0.6823	 +1.1514	 +2.6032	 +1.5286	 +0.0064
-14.2417	-26.7890	-48.3056	 -0.7298	 -0.8476	 -0.4153
 +2.7013	 +2.2555	 -4.8378	 -4.6863	 -0.5747	 +4.9867
 +5.5917	+12.0927	 -0.8188	 +0.3259	 -1.7799	 -1.1601
 +8.1393	 -7.2864	 +0.4694	 +1.4557	 +1.6436	 -4.1741
 -7.8954	+32.9018	-18.0453	 -0.4628	 -0.1455	 +2.3003
 +0.4866	 -2.8561	+18.4142	 -1.9484	 -0.4100	 +1.2477
-10.3085	+13.6484	 +0.7207	 -0.4168	 -1.7980	 -1.4119
-10.8801	-10.5328	-22.7822	 +3.1976	 +1.7499	 -0.4714
 +4.7294	 -5.5729	 -3.5055	 -3.1389	 -5.2678	 -0.4163
-12.8606	 -1.8694	-11.2835	 +1.1286	 -0.2299	 -0.2962
 -4.0822	 -0.9087	 +2.2863	 -1.4367	 -0.8732	 -3.3198
 -2.4653	 -4.5974	-11.2014	 +1.2933	 +3.6651	 -2.0681
 -0.7143	 +1.2917	 -5.4094	 -0.7723	 -2.5682	 -0.1929
 -5.4594	 +1.6095	 +5.7769	 +4.2603	 +2.9889	 +2.2954
-14.3687	-18.0737	+21.2354	 +3.1726	 -0.2985	 -0.9250
 -7.5776	-13.0181	 -0.8004	 -0.2925	 +1.8406	 -0.3294
+26.6461	+11.4167	+17.9028	 +1.0321	 +1.8136	 -0.3443
 +3.3649	 +1.2883	-10.7317	 +2.2613	 -0.2424	 -3.2483
 -3.4147	 +5.2445	 -4.0180	 +3.0375	 +4.6884	 -1.3107
+474.5584	+388.0958	-227.2581	 -0.2785	 +0.6739	 +0.3146
-138.9773	+99.6073	+200.0873	 -0.1104	 +1.1368	 +0.4407
+11.3506	 -3.6070	+10.3937	 +4.1032	 -1.3052	 +0.3896
 +5.4100	 +1.0992	+20.5260	 -1.8166	 -1.1966	 +0.2672
 +0.5887	+11.5168	 +6.2751	 -0.1350	 +2.2428	 -2.7865
 +6.1497	 +3.2047	 -0.6792	 +3.1097	 -3.1372	 -2.7282
-73.0460	-15.8873	-10.6549	 +1.3600	 +0.1855	 -0.7463
 -5.3565	 +1.1109	 -0.8296	 -2.2381	 +1.5850	 -2.2193
+45.8906	-22.4440	-43.8176	 +0.5243	 -0.7119	 +0.2513
-15.0286	 +7.7736	 -8.2772	 +0.5772	 -1.1150	 -2.1123
 -1.4538	 +1.8027	 -1.7378	 -2.2846	 +3.8154	 -1.1327
 +5.4476	 -0.2506	 -0.3465	 +3.5642	 +2.3871	 -1.8478
 -2.4580	 -9.3553	 -0.9913	 -5.0848	 -0.3876	 +0.5973
 -2.5320	 -0.9181	 +0.3889	 +3.0484	 -2.4876	 +2.1733
 +0.0138	 -2.6680	 +3.0952	 -1.8946	 +3.9060	 +0.2554
-16.0227	 +1.1498	 -4.9341	 +1.5602	 +0.0701	 -3.0415
 -9.1516	 -4.0920	 +3.1231	 -1.2058	 +0.3139	 +0.2432
 -9.0484	 +1.3940	 -7.5210	 -1.9854	 +1.8392	 +1.5800
+11.3787	-12.9689	 -1.3434	 -2.0437	 +0.0765	 -2.4755
+13.9540	+31.8792	-163.3912	 +0.0694	 -1.1597	 -1.3095
 +8.9263	 -1.2076	 +6.2143	 +2.4887	 +2.2711	 -0.9286
 +5.3959	 -2.5150	 -9.5875	 -1.8836	 +3.6193	 -0.6162
 -7.3780	 -7.5223	 +2.5351	 -3.8292	 +0.6174	 -0.1567
 -2.9749	 +0.1426	 -2.7371	 -0.5304	 -3.4596	 -1.2544
-17.8269	+24.2768	-35.4184	 -0.5046	 -1.1527	 +0.7418
 -1.0739	-10.3414	 -8.3658	 +4.9463	 +1.5558	 -1.0111
+19.1180	-16.7006	+16.0457	 -0.9866	 -2.6553	 +1.1210
 +3.7426	 -4.5214	 +4.7119	 +1.6188	 -3.2997	 -1.4101
+12.2025	 -9.3388	-11.5969	 -1.8926	 +0.1480	 +1.7079
 +1.5217	 -3.8528	+11.4566	 +1.4083	 +0.9696	 +0.9039
 +8.6482	 -9.0549	 +7.1820	 -3.4013	 -0.9305	 +2.3613
 +0.9377	 -1.2371	 -1.3730	 +0.7101	 +1.7858	 +1.5189
-31.1029	 +5.7590	-37.2683	 +2.0107	 +2.2090	 -0.0540
+58.3370	 +5.0236	+20.7185	 +0.5623	 -1.9154	 -0.2062
 +1.3895	 +5.8941	 -3.6524	 -0.4902	 +0.0215	 -3.9561
-28.9082	-70.6046	+46.2152	 -1.2829	 +0.9780	 +0.9725
 +3.3921	+10.4867	 -7.6815	 -1.2711	 +2.6687	 +0.8287
+20.0136	 +7.0085	 -5.1820	 +0.2562	 -1.1551	 -3.2413
 -1.8974	 -1.6258	 -3.0222	 +5.6951	 +3.8315	 -1.7434
 +2.2914	 -3.2353	+10.1765	 +0.9376	 +3.2009	 -1.7003
 +2.3854	 -5.0088	 -0.5017	 +5.7378	 +1.6688	 -1.7418
 +0.3271	 -1.6179	 -1.7258	 -6.1028	 +3.1532	 -0.4601
 -7.3037	+12.1039	 -7.0931	 +0.7570	 -1.0994	 -0.5946
 +6.9590	 -4.0232	 -8.8030	 +0.5692	 -3.4852	 -1.1524
 -9.9697	 -1.6252	-16.7306	 -0.9898	 +1.7743	 +1.5785
 +3.3335	 +7.9616	-15.8216	 +3.1237	 -0.5780	 -2.3956
 +6.7190	 +3.3752	+29.1682	 -2.7904	 +1.1452	 +0.7427
 -5.7081	 +1.9380	 -5.0633	 +2.0143	 -2.3858	 +4.3540
 -5.6583	 +3.2898	 -1.5941	 +1.9726	 -0.3429	 -1.5167
 -0.3256	 +3.0249	 -3.4203	 -3.6927	 +3.1624	 +2.4800
-17.1021	 +0.3629	 +8.9903	 +3.9815	 -2.2018	 -1.6579
 +4.0398	 +2.3907	 -2.2608	 -4.4343	 +0.9269	 +0.3678
+14.3610	 +9.1895	 +4.7898	 -1.0504	 +1.3779	 -0.2125
 -6.8095	 -4.9896	 -3.2985	 +2.7882	 -0.5088	 +4.3807
 -0.3686	 -3.2167	 +6.1251	 -4.8646	 -0.6237	 +1.9206
 -2.9437	 -1.6479	 +0.1105	 +1.6976	 +1.7992	 -3.6961
-16.1093	 -3.6563	-14.9864	 +0.3896	 -2.7707	 +2.6895
 -3.7351	 -1.0033	 -4.6046	 -3.3475	 +0.6098	 +0.6220
 +4.4984	 -4.8143	-14.0644	 +2.5594	 -1.4012	 +0.6339
-15.8072	 +1.4701	-16.3780	 +0.2609	 -1.1672	 -2.0581
 +2.4399	 +0.7051	 -2.2096	 +0.0110	 -0.7595	 +1.9976
 -4.4769	 +1.1752	-11.5514	 -0.8262	 -0.6472	 -4.5168
+29.2684	-13.5798	+25.0550	 -0.6267	 -0.3928	 -0.5241
 -5.6483	 +0.5100	 +2.6911	 +0.4405	 +2.5316	 -2.1509
+53.2271	+26.9201	-26.2471	 -1.9315	 +0.9663	 -0.1540
-16.3093	-12.4537	 +1.2742	 -2.7833	 +1.7768	 -2.3694
 -6.2547	-23.7008	 -9.4180	 +1.5996	 +1.4028	 +1.4793
 -0.0076	 -7.8172	 -1.8581	 +0.8438	 -1.2059	 +2.2303
 -1.9938	 -6.4295	 +0.8835	 +0.4608	 -3.1728	 -2.1136
 -4.1386	 +4.6854	 -4.0665	 -4.6792	 +0.8363	 -1.3291
 +2.6768	 +5.4541	 -8.3422	 -2.0258	 +3.2225	 +1.4553
 +6.9180	 +3.9967	 +4.9409	 +0.1493	 -0.5495	 -1.1703
+14.6258	+19.8654	-22.4041	 -0.6795	 +1.2036	 -1.3665
 +9.8771	 +1.1911	 +0.7008	 +1.5967	 +2.7720	 -4.4980
 +2.9551	 -3.3812	 -0.1963	 -0.0303	 -1.5254	 -2.8780
 +1.4587	 +5.1780	 -9.8738	 +0.0944	 +0.8296	 +2.1778
 +1.7773	 -0.4936	 -6.2401	 +0.3679	 +1.8810	 -0.6149
-10.9587	 -9.0835	 -1.5828	 -3.4613	 -0.9515	 -2.2197
 -4.0258	 +5.1595	-12.1934	 +1.9085	 +0.7299	 -0.6493
 -5.0229	-13.1820	 +6.4353	 -1.4344	 -3.9467	 +1.8879
 +1.8374	 -1.5575	 -8.5487	 +1.8571	 +0.0398	 +0.6117
 -1.0776	+24.8473	-31.4550	 -1.5790	 -0.6804	 -1.9562
 +2.2881	 -3.2328	 +7.7966	 -0.2909	 +2.5739	 +2.8609
 +0.7188	 +9.2161	 +0.3014	 +1.9055	 -1.8238	 +1.2987
 +5.4971	 +3.7396	 +0.0183	 -1.7082	 +1.5292	 -0.8509
 +7.0159	 +6.5639	 +5.6928	 -2.9729	 +3.1663	 +0.1462
+31.0823	-101.1691	-36.0521	 -1.3306	 +0.2026	 +0.9686
 -7.5470	+10.8274	 -0.4915	 +0.2560	 +2.3966	 +2.4932
 -8.1498	 -4.2215	-11.2478	 +2.7370	 +3.6451	 +0.7852
 -9.0152	-23.3067	-20.0124	 -1.5180	 -0.7537	 +2.6898
+26.0682	 +5.2468	 +5.3058	 -1.1712	 +1.3023	 -1.7231
 -3.3866	 +5.5568	 -0.7906	 -1.2792	 -1.9746	 +3.3456
 -6.9983	 +4.6389	 -0.2000	 -3.5790	 +3.1483	 -0.1910
-18.0071	 -5.6040	 +2.0773	 +1.6773	 -0.8761	 +1.4715
 +0.5762	 -3.0576	 +0.7480	 +2.6011	 -3.0534	 -0.3948
 -6.8527	 -2.2784	 +2.8186	 +0.3749	 +0.5685	 -1.1211
-15.6644	+20.2809	 -5.9006	 -2.7880	 -0.9435	 +3.0701
 +4.4524	+49.8093	-35.4788	 -2.0426	 +0.8666	 +1.1281
 -2.5547	 +1.9498	 -3.1461	 +5.4822	 +1.3597	 +2.4067
+12.3140	 +4.6103	 -5.7648	 +1.1757	 -2.2911	 -0.4420
 -2.0127	-11.2237	 +2.2524	 -2.4846	 -0.2652	 -1.7526
 +3.1766	 +4.4649	 -6.8830	 -2.4381	 +2.8877	 -1.0673
 +4.2101	 +0.7199	 -4.9046	 -6.3630	 -0.2603	 -2.3445
+20.1656	-11.4631	-19.0024	 -0.5458	 -0.1176	 -1.2733
+119.5938	 +5.0914	-43.3472	 +0.3135	 +0.1492	 +0.6875
+18.3738	+13.1089	 -8.0906	 +0.3910	 -1.4807	 -3.8369
 +4.6983	 -7.6405	 +2.0085	 +1.4730	 +0.7737	 -1.0863
 +4.4933	 -0.0556	 +3.6218	 -3.9369	 -2.0862	 +1.1964
 +3.9758	 -7.7250	 -1.2896	 -2.4595	 +1.5260	 -1.3908
+33.0007	-32.7725	 -6.3157	 -0.8471	 +0.1002	 -0.5685
 +3.1610	 +5.4375	 -1.2764	 +2.4219	 +3.6567	 +1.5397
-14.9444	 -8.9823	 -3.5215	 -1.0127	 +0.8015	 -2.3498
 +3.8932	 -1.2615	 -2.5444	 +1.0834	 +2.6083	 -4.0840
 +2.2653	 -5.0468	-12.5984	 +0.9818	 -0.1401	 -2.1458
 -1.1729	 -0.6989	 +1.4918	 +3.1701	 -0.7955	 -1.4255
 -1.0895	 +0.9031	 -5.3446	 +3.9607	 +1.9880	 +2.6286
 +0.9672	 -2.0365	 +0.1282	 -1.4545	 -4.1300	 -4.3948
 +7.1040	 +5.8015	 +0.8539	 -0.4355	 -2.0705	 -1.6019
-11.9016	 +5.9686	 +3.1144	 +0.0502	 -1.0802	 -1.5179
 -6.2309	 +3.4754	 -5.6912	 +0.3584	 -1.5771	 -0.4820
 +3.1650	 +9.3539	 -3.1866	 +0.6211	 +0.0379	 -1.1175
+11.3959	 +5.7862	 -9.8780	 +0.6612	 +0.5556	 +2.4116
 -3.2647	 -4.4150	 -2.2629	 +1.0885	 +4.0726	 +2.6878
 -4.8955	 -9.1688	 -5.7197	 -0.6811	 -1.0713	 +4.4886
 -5.3251	 -1.1001	 +6.7073	 +1.0104	 +3.3444	 -2.4084
 +2.8538	-11.6950	 -0.6808	 +0.3785	 -2.9340	 -1.9959
 -0.4558	 -9.3793	+18.0082	 +1.9428	 -3.2230	 +0.6602
 +6.2655	 +4.8071	 -4.1288	 +0.6487	 +2.3217	 +2.1536
 -0.2353	 -1.9976	 -0.5932	 +2.5220	 +0.8562	 -1.6667
-49.2765	 +7.4664	 -0.1588	 -2.0215	 -1.5172	 +0.4357
 +3.4723	 +2.8301	 +5.2436	 -0.8065	 -2.1727	 +1.5997
 +1.5941	 +2.5869	 +1.8771	 +1.6706	 +6.3333	 -1.7633
+12.1423	 -8.1540	 -3.6464	 +2.7584	 -1.9202	 +0.4350
 -6.8918	 -7.4544	 -1.2686	 -0.2462	 -1.8459	 +2.0154
-16.2635	 +7.8974	 +2.2742	 +0.5319	 +1.2937	 +0.9069
-31.8960	 -9.1223	+41.8507	 +0.2454	 +1.1073	 -0.4908
 -1.1007	 +0.2873	 +3.3959	 -5.6403	 -0.0734	 +3.8079
 -1.8060	 -9.2869	 +5.5027	 -2.3330	 +1.4701	 -2.3478
-39.2233	-31.4794	-23.7020	 +1.5990	 +0.3639	 +1.5014
-19.1019	+21.2122	 +4.9758	 +1.8000	 +2.2162	 +0.7532
-12.8983	 +1.1406	-10.3550	 +1.4940	 -4.3723	 +1.5678
 +9.4634	 -6.0090	 +1.9696	 +1.0015	 -1.2106	 -0.6211
 -0.4400	 -4.7529	 -4.7167	 +4.4015	 -3.6225	 +1.4988
+1871.1071	-30.6511	+790.2214	 +0.2213	 -0.2337	 +0.0662
 -5.9639	 +3.8978	 +5.4774	 +0.6729	 +0.1066	 -2.3711
 -0.8092	 -5.6747	 -2.9953	 +5.5323	 +1.8136	 -0.8006
 -1.4190	 +2.4289	 +6.0354	 -1.4364	 +0.1953	 +4.5513
+25.6220	-16.3317	-14.0727	 -1.0930	 +0.0194	 +1.5043
 -4.5867	 -3.7040	 +2.1056	 +2.5195	 +4.1369	 +2.0168
-55.2064	-47.6039	-69.2065	 -0.9063	 -1.3370	 -0.3076
 +4.6064	-10.9623	-23.3505	 -0.1317	 +3.6808	 +1.1852
+20.0896	 +4.7999	+22.2747	 -2.1714	 +2.1002	 -1.5841
+19.9870	-27.5416	 +9.9667	 +1.0738	 +0.5229	 +0.4060
 -8.9180	 -1.8026	 -6.6298	 +1.2279	 +0.1693	 +0.3982
+13.5762	+26.2147	 -9.6891	 +1.5039	 -2.4726	 +0.4504
 -9.3789	+21.1253	 +3.3520	 -0.0743	 +0.1585	 -0.2192
 +4.9510	 -6.9860	 -0.1553	 +1.2433	 -1.8736	 -0.8574
 +0.0782	+10.4808	 +6.4179	 +1.0502	 +0.5786	 -0.5734
 -0.3196	 +0.7418	 -8.9642	 +1.0430	 -5.0021	 -4.0295
 -3.9214	 -3.5939	+13.7289	 +0.7918	 -1.0427	 -0.0713
 +2.4636	 -2.6814	 -7.5503	 +2.5589	 +2.2548	 -0.5148
 +6.6021	 -0.2560	 -6.1145	 +1.3305	 +1.4438	 +3.8135
 +2.4703	 -5.6447	 +6.1525	 +3.2810	 -2.9665	 -0.7247
 -2.3589	 -0.2633	 -1.3298	 +4.6550	 +2.1991	 +1.5542
+20.3780	+14.9742	-24.4433	 -2.6798	 +0.0897	 +0.9764
 -0.4032	 +5.7666	 -0.8220	 +2.3336	 +1.8841	 +3.8431
 -3.7043	 -0.0474	 -1.2395	 -2.8540	 -1.5892	 +2.5359
 -0.7555	+15.0114	+11.5639	 +0.2023	 +2.2653	 -3.9200
 +1.6257	 -2.8831	 -5.7084	 -2.9002	 +3.4607	 +1.8225
-10.2907	 -1.9506	 -0.2009	 +2.3608	 +0.5660	 +1.2330
 -8.3883	 +6.4843	 -3.2729	 +2.1090	 -1.2498	 +2.3960
-14.0025	 +0.8663	 -3.2704	 -1.5088	 -2.7864	 +1.3459
+11.2784	-11.7605	 +0.3327	 -0.0764	 -0.0736	 -0.6061
 -0.7812	 +7.0874	 +4.3100	 +0.4822	 -1.1613	 -3.1193
 -4.5135	 -0.1080	 +0.6042	 +3.5204	 +2.8021	 -1.0926
-15.5835	 +8.4342	-16.1059	 -2.8759	 +0.3800	 +1.7845
-23.8122	 -4.8058	 +6.0316	 -2.2522	 -0.9952	 -2.5858
 -8.4560	 +5.0274	+11.4957	 +0.3885	 +0.9370	 -0.7766
-134.5591	-41.8425	+71.3947	 +0.6464	 -0.9564	 +0.7035
 -2.6038	 -0.8617	 +0.0813	 -1.3936	 -0.7163	 -1.5415
 -0.1852	 -7.4899	 -1.0316	 -4.6179	 +0.3663	 -1.6440
 -7.7761	 -3.8687	 +5.7192	 +4.4890	 -2.6175	 +0.5421
 -6.3594	 +3.9902	 -0.8549	 +1.9477	 +2.2038	 -5.7333
-12.2418	+10.8569	-15.0582	 -1.9319	 +0.9999	 +0.2060
 +6.9832	 +0.4910	 +3.1096	 -1.3332	 +4.8515	 +0.8496
 -5.5601	 -3.8620	-13.7209	 +0.5227	 -2.4028	 -1.2429
-113.8993	-104.1916	+101.6214	 +0.3736	 -0.2789	 -0.0988
-19.2846	+31.6552	+25.3696	 +1.9832	 +1.5439	 -1.3358
-19.4359	-27.0998	 +6.2990	 -1.6638	 +0.2323	 +2.4032
-29.7167	 +9.9009	-22.5548	 +1.4062	 -0.3108	 -2.7034
-12.2125	-24.1073	 -7.1125	 -2.2024	 -0.0305	 -0.7055
 +1.8124	 -1.5776	 -3.9174	 +1.4873	 -1.2556	 -2.5447
 -3.8872	 -0.6313	 +1.4399	 +0.3047	 -0.8290	 +2.6268
 -7.2643	 +4.1981	 -3.4983	 +4.2448	 +1.4122	 -1.6605
 +5.3759	 -7.4810	 +6.2393	 -1.1373	 +0.9577	 -2.7281
-23.9596	 -5.9162	 +2.4557	 -0.1525	 +0.6672	 -1.3060
-16.9441	 -9.6544	 +9.2596	 +1.0844	 -3.0982	 -0.7642
+22.3040	-97.6468	+21.2283	 -0.9555	 +1.2015	 -1.1741
-10.0955	 +3.3385	 -0.7607	 -2.1543	 +2.1294	 +4.1066
 -0.0412	 -1.9941	 -7.0341	 +1.1692	 +1.0630	 +1.0525
 -1.8032	 -2.6498	 -2.7712	 +2.5456	 +1.7563	 -1.1610
 -2.3087	 +0.6860	-11.4436	 +0.6400	 -2.8486	 +2.5966
 -4.6964	 +6.2194	-10.0293	 -2.6053	 +2.2144	 +0.4335
 -9.5811	+11.6856	+18.4028	 +0.1391	 -2.6019	 +0.1185
 +7.8295	 -2.4573	+20.7756	 -0.7103	 -0.5339	 -1.4370
 -2.3801	 +9.5598	 +6.7479	 +2.8187	 +1.0929	 -5.3483
 -3.6247	 +2.1289	 -2.7148	 -2.1662	 -2.7133	 +0.2983
+10.8889	 -5.7380	 +1.9830	 +1.8709	 -2.4358	 +1.9847
 -5.0470	 -5.0736	 +1.5420	 -0.0600	 -3.2026	 -3.7408
 +1.7393	 +0.7249	 -4.2728	 -1.5767	 +0.7735	 +2.4041
-13.9070	-19.4381	 -5.6136	 -0.5896	 +4.2306	 +1.3575
 -2.0440	 -3.7705	 -2.8227	 -0.8863	 +1.7939	 -7.1760
 -4.5665	 +1.6154	-13.5843	 +0.3773	 -0.8884	 +2.1540
 +1.9247	 -2.7851	 -4.4578	 +1.2656	 +3.6437	 -1.5809
 -3.1913	+10.4206	 +2.9235	 +1.4436	 +1.1705	 +0.1381
-156.2325	-52.6451	+202.2783	 +0.5214	 -0.6823	 +0.2361
 +2.0732	 -3.7217	 +1.2633	 -1.4327	 +0.5325	 -0.0392
 +6.5825	 -8.1430	 -6.8897	 +1.8561	 -0.9448	 +1.1877
+11.5247	 +3.3831	 -3.0907	 -1.3524	 +0.5750	 +2.4241
 +2.3372	 +6.9146	-11.1193	 +0.3021	 +4.2603	 +0.4041
 -2.2222	 +1.3752	 +5.4602	 +0.5259	 -0.2209	 -3.6573
+31.9093	+39.2076	 -1.6223	 -0.8203	 +1.7811	 -1.9324
 -5.0981	 +4.8756	 +6.3797	 +2.2796	 +0.5483	 -3.5557
 +4.7540	 -7.2132	 +7.2687	 +3.4006	 +1.3739	 -1.8442
-10.5537	 +3.6160	-20.5410	 +3.0588	 +0.6285	 +0.6283
 +1.7487	 +8.8584	 -9.9529	 +0.3307	 -1.7129	 -0.7161
 -6.0604	 +1.9987	 +2.7857	 -1.3560	 -2.0139	 -1.9264
 -0.1043	 +9.1187	 +3.9556	 -3.0615	 -0.8920	 -0.4593
 +0.2237	 +1.5748	 -6.0185	 +0.6496	 +0.3514	 -0.5710
 -7.9923	 -6.4608	 -9.6827	 +1.7023	 -0.7736	 +0.1007
 -3.5863	 -6.7367	 +9.5287	 +0.0285	 +0.0322	 -0.7871
 +9.9270	 -2.4251	 +2.2049	 -2.5374	 -0.2836	 +2.7492
 -5.8005	 +2.3820	 -1.7026	 -1.5773	 +1.6016	 +0.0253
 -2.4038	 -4.2824	 -4.0812	 +2.3187	 -0.7267	 +2.9040
 +5.7531	 +0.8851	-10.5685	 -1.2522	 +1.6004	 +0.5043
 -0.0209	 +1.5342	 -6.4016	 -1.1057	 -0.4483	 -0.1294
-15.5055	-14.2683	+16.8273	 +1.4688	 +1.4763	 +3.6463
 +0.8436	 +0.6540	 +1.1900	 -1.0874	 +1.0451	 -0.8331
+12.1719	 -8.7123	 -4.0975	 -1.3308	 -1.9374	 +1.2941
 -8.0650	 -9.5995	 -5.3542	 -1.6551	 +1.1474	 +2.3597
-14.1171	 +1.7447	 +7.3210	 +3.0653	 +1.0140	 -1.9410
 +1.5449	 -7.9633	 -0.4656	 +3.3578	 +0.1248	 +2.1188
 +8.2931	 -6.1464	 -7.4076	 +2.8012	 -2.8461	 +2.4480
 -5.3956	 +6.8488	 -2.9766	 +1.3611	 +1.9265	 -1.7789
-14.5929	+27.6546	-43.6826	 +0.5751	 +0.3092	 -1.1950
 +8.5401	-11.7064	-50.8094	 -0.0926	 +1.0064	 +0.4834
 +3.2727	 -3.0181	 -4.7200	 +2.5867	 +0.7074	 +1.7412
-17.1693	 -0.1113	 -9.2030	 -1.6484	 -2.6401	 -1.7234
 -2.0300	 +1.9464	 +2.0810	 -2.6266	 +2.7854	 -0.5802
-11.9742	-12.9417	 -5.9539	 +1.3604	 +3.6193	 +0.2195
-18.6950	-71.3271	 -3.3805	 +1.2645	 +0.7927	 -0.6928
 -0.8789	 -0.4294	 +8.6905	 -1.6820	 -3.2125	 +0.7243
 +3.5867	 +3.8160	 -4.4993	 +2.4538	 -3.9486	 +2.6210
+18.0779	 -5.8955	 -5.5664	 -1.6178	 +1.5079	 -4.2272
 -5.3471	+10.0207	-12.0617	 +3.7051	 -0.3481	 +3.5331
 -4.6613	 +3.1468	-19.1152	 +1.8796	 -1.1662	 +0.5346
-10.6679	 -0.0536	 -9.5579	 +2.3992	 +1.5882	 -0.3644
 -6.9931	 +4.3098	 -0.8590	 -4.2056	 +2.8674	 +0.9912
 +3.5390	 +0.9811	 -3.0788	 +3.0633	 +4.7588	 +1.4097
 -5.7310	 +0.7531	 -1.4417	 -4.0073	 -0.9744	 +2.6335
 -7.4839	-22.5495	-13.3702	 -0.6189	 -0.0204	 +2.5031
 -2.2258	 +3.6551	 +1.8807	 +4.0685	 +0.9025	 +1.4191
 +4.5497	+14.3840	 +6.8936	 +0.0043	 -3.1221	 -1.3700
-58.4806	 -4.1595	-10.7778	 +0.2895	 +1.2624	 -1.0622
 -3.1457	 +1.6577	 +1.6859	 +2.1212	 +1.2373	 +1.9151
 +0.3939	 +0.7766	 -8.6956	 +3.2284	 +2.9144	 -0.8987
 +6.4911	 -5.5169	 -3.6236	 +0.8749	 +3.8782	 +0.0665
 +2.3737	 -1.5712	 -6.7244	 +0.8526	 -3.2125	 -0.2280
 -2.0507	 -4.1595	-15.1448	 +3.3419	 +2.3606	 -2.7492
 +0.9735	-10.8961	-24.2553	 +0.5526	 +2.0716	 +2.1364
 -8.8856	 +7.1720	 +3.3436	 +0.0249	 -0.2398	 +5.2077
 -4.9880	 +1.7795	-13.4511	 +4.6307	 -0.1846	 -1.9960
+11.1433	 -0.4600	 -3.7266	 +2.2455	 -2.4734	 -0.9280
 +2.6392	-29.6828	-20.6300	 -0.6941	 +0.5976	 -1.0045
-11.1742	+20.1505	 +0.3165	 -1.1852	 +0.4527	 +2.3245
 -4.0243	 +0.8740	 -1.1991	 +1.6147	 +2.4928	 +2.5705
 +0.7234	 +0.2770	 +5.5281	 -1.7386	 -4.6619	 -0.6427
 -7.2623	 -9.8437	 +7.7596	 +0.1852	 -2.4837	 +1.9099
 -2.1599	 +5.2004	 -6.5589	 +0.9959	 -4.5656	 -2.6768
 +2.8705	 -0.8030	 +4.7863	 -3.0884	 +2.2184	 -2.7843
 +0.8033	 +0.6873	-11.2013	 -5.3250	 -1.1608	 +0.4790
 +0.0047	 +8.8085	 +5.0121	 +1.2376	 +2.6546	 +1.7657
+34.6384	 +6.6074	 +4.3752	 +0.8944	 -0.0874	 +0.7910
-23.3307	+12.7649	 +1.2626	 +0.9579	 +0.1219	 +1.8066
 -4.0329	 -4.6088	 -7.5409	 +0.7736	 -0.3456	 +2.1381
 +4.8607	-21.6916	-20.0735	 -0.9592	 -2.4076	 -1.8771
 +5.6863	-11.3661	 -4.8987	 -1.3614	 +3.5633	 -2.2477
+10.7014	 +8.6606	 -4.8463	 +0.4623	 -1.6918	 -2.0823
-33.1583	 +7.8222	 -0.9830	 +2.5769	 -0.1333	 +3.3282
 +4.8734	 +5.2436	 -0.7536	 -0.6987	 +2.4838	 -1.2048
 +8.4240	 +5.7831	 +5.6136	 -0.1964	 -3.2431	 -0.0349
 -1.8941	 +6.7992	 +0.8401	 +4.4106	 +0.0135	 +2.8599
-12.7669	-11.4940	 +8.8056	 -0.2824	 -1.6884	 +1.5110
 -9.6889	 -3.1313	 +0.8970	 +0.8993	 -4.3228	 -1.1407
 +2.2684	-13.6461	 -8.5649	 +2.7518	 -1.6662	 -1.4390
 +2.1570	+15.8675	 -1.7165	 +3.6523	 +0.9831	 +1.7697
+17.9494	+12.1306	-15.6395	 +2.5212	 -1.6427	 +0.1162
-19.1680	 -4.5157	+16.5000	 -0.4584	 +2.8476	 +2.2699
+30.8640	 -8.5557	+67.7361	 -0.0725	 -1.8369	 +0.6180
+10.4634	 +6.6651	 +4.8188	 +1.3859	 -0.8861	 -0.5920
 +0.3832	-13.2861	 -4.8313	 +2.6772	 +1.6164	 -1.8851
 +2.1973	 -0.7535	 +1.7257	 -0.8837	 -0.9565	 -2.2561
-17.9559	+10.1047	-15.5764	 +1.6770	 -1.4312	 +0.8189
 -4.1672	 -2.8445	 -4.0270	 +3.9567	 +2.7907	 +2.9318
+25.1381	 +2.9067	 -4.6207	 +2.0800	 -0.4862	 -2.0592
-11.6214	-16.7235	 -3.4566	 -1.4901	 +2.2257	 +1.6952
-14.4973	+14.5938	-14.1652	 -1.9565	 +2.2951	 -2.3273
 -7.3667	-22.3153	 +9.8069	 -2.6013	 -1.0565	 +1.6881
 -3.4477	 +4.5143	 -0.1147	 -1.7532	 +0.1208	 +2.6205
+12.5260	 +5.7421	 -9.9801	 +3.2082	 -1.7238	 +0.0003
 +0.0267	-19.8106	+14.4699	 +1.5243	 +0.5949	 +0.2255
 +1.2487	 -7.8630	 -4.2754	 +1.4604	 -0.2852	 +2.9166
 -1.5902	 -5.6016	 -0.2623	 -4.7557	 +1.1578	 -3.6099
 -9.6109	 -3.3847	 +0.2742	 +1.2955	 +0.5491	 -1.9983
 -1.6955	 -2.7772	 +0.0017	 -3.4081	 -4.4507	 -2.5533
 +3.2368	 -7.9546	-14.8980	 -1.7371	 -1.3442	 +0.9966
+10.2318	 +1.9325	+28.2591	 -0.3214	 -1.8525	 +1.0385
 -4.7959	 -8.7087	 -2.2562	 -2.6004	 -0.3839	 +0.3412
 -1.3359	+12.6078	 +2.4637	 +0.7226	 +0.5223	 +4.2074
 +5.6539	 +2.0710	 -6.3398	 +0.5316	 -0.9495	 -2.6401
-10.4300	 +2.1754	+13.4383	 +2.3296	 -0.0111	 -2.4502
 -5.7101	 -4.0210	 +6.0701	 -3.1152	 +0.3823	 +2.5126
 +3.6180	 -1.0655	 -1.3323	 -0.4271	 -0.7160	 -2.9305
+33.7209	 +8.0193	-19.3328	 -0.6184	 -1.1617	 -0.0603
 -6.5136	+11.8760	-27.1887	 -3.1201	 -0.3781	 -1.3395
 -0.7608	 +1.4855	 +0.6473	 -5.0222	 +0.0217	 -1.4489
 +1.7915	 -4.5233	-10.0049	 +3.6732	 -0.0555	 +1.1147
 -0.9954	 +1.5268	 -1.4871	 -0.8672	 +6.1929	 +1.8542
 -6.5641	 +5.6689	 -3.4855	 +0.1826	 +1.8708	 -3.5921
 +1.2956	 +8.2121	 -0.3885	 -0.6038	 -4.2165	 +2.8464
+13.1659	+10.6650	 -2.4662	 -3.1811	 -2.2194	 -1.3439
+24.2854	 +0.0750	 +6.4301	 -2.1687	 +0.9195	 +0.5668
 -1.1016	 +0.7636	-11.6379	 -0.9797	 -1.1991	 -0.7918
-13.8191	 +0.5338	 -3.1486	 -2.0661	 -0.7517	 -2.5792
 +0.8643	 +1.0480	 -4.1591	 +1.5721	 +0.2100	 +1.2769
 -1.3038	+10.9604	 -1.3878	 +1.9694	 -3.4536	 +1.9830
+17.7531	-63.0432	-33.2724	 -0.4297	 +0.9095	 +0.6911
 +1.6689	 +8.6348	 +9.1184	 -0.5658	 -3.4279	 +2.1938
 +2.3254	 -2.6339	 -5.7603	 +1.7218	 +1.0778	 -1.0650
 -6.6162	 +3.0266	-11.5743	 +1.9396	 -0.6855	 -0.2114
+10.7442	+18.6655	+29.2257	 -1.0046	 +0.0327	 -1.0140
 +1.8712	 -3.5264	 -0.9293	 +2.6554	 -5.4839	 -0.8443
 -1.0038	 -0.9560	 +3.6763	 -2.5330	 +3.5685	 -3.1627
+16.0011	-18.7545	+21.4923	 -0.7263	 +1.2676	 -2.0894
 +0.3043	 -7.6489	 +1.6481	 -2.8048	 -0.7485	 +1.2333
-72.0664	-57.4605	+28.1272	 +0.5492	 +1.2475	 +0.5229
-12.5860	 -4.4586	-12.3332	 +2.5510	 -0.3240	 +0.7289
+60.1250	+42.5908	+41.7286	 -1.2324	 -1.2632	 -0.3456
 -6.0573	 +9.3001	 -6.3588	 -1.3227	 -2.8445	 +3.3021
 +9.5772	 -6.9939	 +0.6665	 -1.0780	 -1.8318	 +0.4506
-109.5964	+51.8118	-21.6060	 -0.5287	 +0.7746	 +0.2670
 +2.2121	 -4.2475	-14.5955	 -3.4967	 +0.1260	 +2.0749
 +7.2107	+11.0839	 +4.0085	 +1.4913	 -0.2163	 -0.7823
 +5.8729	 +1.2933	 -4.8645	 +1.0159	 +0.6145	 -3.7718
 -1.6293	 +3.1855	 -6.1904	 +1.5391	 +2.8404	 -1.6463
 -0.8643	 -3.0225	 +0.3400	 -2.1165	 +1.8270	 -2.2287
 -7.6791	 +9.7444	 -4.4439	 +1.8367	 +3.7818	 -1.8226
 +0.7855	 +2.1121	 +0.2928	 +4.3427	 +2.9811	 +0.3122
 -5.6458	 +0.9434	 -0.6985	 +3.9421	 -4.4879	 +1.1119
 -6.3897	+12.0083	-12.3633	 -0.4963	 +4.6752	 -0.0870
 +5.9863	+10.8536	-10.9313	 -0.3123	 -0.8882	 +1.5124
 +0.0344	 +1.0837	 -0.0508	 -1.5852	 +2.5900	 -1.3106
 +3.8876	 -2.4597	 -4.1976	 +0.5105	 +2.8190	 -2.4471
 +4.5578	 +2.0401	 -1.5471	 +2.0563	 -1.9722	 +3.7844
-33.8249	+11.1783	+12.6899	 -1.3011	 +1.0375	 +0.5192
 -6.2770	 -2.1650	 +5.6674	 +3.1327	 +4.8164	 +2.4583
 -2.3806	-13.8394	 +9.1812	 -1.3029	 -4.4835	 +2.0588
-14.5644	 -4.3853	 +4.6044	 +1.4782	 -0.8211	 +3.8652
 -1.9527	 +1.7456	 -6.8390	 -1.6525	 +1.5201	 -2.0196
 +9.6073	+15.8439	-22.4767	 -1.2086	 +1.0162	 -2.5284
 +1.4328	 +7.6027	 -8.0402	 +3.6257	 -1.8056	 -0.3179
 -9.3899	 +2.2428	-14.9413	 +1.1480	 +0.7887	 -1.0143
 +3.0546	+10.8772	 -0.7914	 +0.2687	 -2.9602	 +1.5783
 +4.2750	 -3.1592	 +3.1878	 +0.1302	 -4.0729	 -2.4698
 -8.2561	 +3.7991	 +6.9677	 -0.2189	 -0.2400	 +0.4159
-15.0316	 -2.3510	+15.4571	 -0.4827	 +1.3548	 -1.1471
-44.6625	+10.7604	 +4.5820	 -2.3368	 +1.4956	 +0.8248
 -0.4444	 +3.5523	 -1.4356	 -1.1379	 +0.1682	 +1.1184
-26.9346	+11.6068	 +9.0752	 -0.9903	 +4.5781	 +0.1882
 -9.0074	-10.8140	 +6.7379	 +0.9627	 +1.0554	 -0.9718
 -5.9714	 -2.1631	 -3.8307	 -3.8325	 -3.4197	 -1.9842
 -4.5683	 -0.9652	 +3.3768	 +0.9720	 -0.6794	 +0.7145
-14.7817	-51.2846	+32.5293	 +1.9010	 +0.0566	 +0.8489
 -3.6456	 +8.7894	 +0.1706	 -1.7513	 -1.6500	 -1.7381
 +0.7092	 +0.5705	 -6.6064	 +5.1078	 -0.5570	 +1.9729
 +1.0556	+16.3757	+15.3909	 -1.8676	 +0.0980	 +1.8571
 +5.2968	+15.4263	+16.9108	 +0.3521	 +1.7522	 +0.6074
 -0.8032	 +6.8054	 -6.1693	 -0.6396	 +1.1407	 -3.1142
 -4.3908	 +7.2824	 -1.5941	 +1.6539	 +0.7126	 -0.9744
 -2.8753	 -2.5419	 -4.4111	 -1.5497	 -0.4417	 +4.3667
 -2.8684	 +3.4457	 -2.8749	 +0.1165	 +0.2632	 -1.3288
+11.0275	-13.1288	 +2.3130	 +0.8354	 -2.6172	 -0.8788
 -1.9113	 +1.3906	 -3.0073	 +0.4483	 +2.9913	 -3.6071
 -1.8781	+21.9723	 +1.1155	 +1.8141	 -0.4811	 +2.6770
 -6.6604	 -6.1263	 +1.8445	 -0.2214	 -2.8744	 +1.1770
 -5.1939	 +2.5013	 -0.1165	 +1.2587	 -1.0123	 +0.9069
+19.4787	+13.3047	 -2.8149	 +0.3523	 -2.2555	 +0.3285
-10.7396	 -1.9642	-11.7947	 +2.6605	 +0.3056	 -0.4410
 -2.5860	 -2.1191	+10.9181	 -1.2030	 -1.2698	 -3.4448
 +2.7466	 +1.8210	 +0.5518	 +0.0128	 +0.0651	 +2.0914
 +8.8147	+10.5407	 +4.8584	 -2.4230	 +3.0385	 -0.2607
 +4.8314	 +1.6769	 +1.9613	 +4.8024	 -3.8508	 +0.2686
 -3.6491	 +9.4760	 -5.6872	 +2.6708	 -2.5080	 -0.5942
 +4.5480	+15.7681	-16.8180	 -0.3735	 +1.2309	 +1.4874
+11.5412	 -1.7804	 -5.3462	 +0.4245	 -3.5526	 +0.5928
-10.4288	 +2.2247	 -2.2171	 +1.6825	 +2.1984	 -0.3000
 -0.2074	 +4.6613	 -7.5588	 -0.7320	 -3.4802	 +1.4487
-13.7228	 +3.6175	+10.4460	 -2.2036	 -0.3235	 +1.6582
 +7.6168	 -8.9840	+36.9723	 -1.0635	 +0.8301	 +1.9313
 -3.1054	 -8.6647	 -3.5353	 -0.2006	 -1.2255	 -2.9860
-16.0654	 +7.8118	 +0.7624	 +0.5767	 +3.5070	 -0.0296
 +3.9396	 +0.9751	 -1.7087	 +0.5621	 +0.3647	 +0.3093
+17.3676	 -9.1370	 +8.3032	 -0.4560	 +0.8055	 -0.8874
 +0.0983	 -6.8563	 -0.9381	 +3.0150	 -1.0295	 -0.7389
 +0.3659	 -0.3618	-11.7861	 +0.6002	 +6.1615	 -0.9832
 -4.7148	 -3.9819	-10.9955	 -2.9790	 -1.8610	 +2.1411
-22.6306	 +4.9547	-40.8963	 +1.0950	 -1.1097	 -1.0655
+14.4828	+16.4254	+29.9936	 -1.1244	 -0.9280	 +0.6832
 +4.6693	 -1.8892	 -0.9011	 -1.2028	 +1.0951	 +0.7697
 +1.1065	 +6.5406	 +0.7826	 -2.5064	 -2.2643	 -2.5351
 -6.2839	 +8.5184	+22.5747	 -1.1563	 +0.6645	 -2.9279
 -7.6083	 -4.7994	-10.3721	 +2.6343	 -1.5577	 +0.6054
 -2.4997	 +1.8731	 +1.1677	 -4.9761	 -1.4951	 +0.0289
 -9.4312	+15.5610	+12.9729	 -1.5484	 +0.9239	 -0.2483
 +3.9784	 -7.8772	-12.0304	 +0.1742	 +1.5899	 -1.3941
 -3.7824	 -6.1858	 +6.0430	 +2.0730	 -4.3493	 -0.2157
 -3.0677	 -4.3884	 -4.7550	 -2.9440	 -1.4417	 +0.6219
 -2.5464	 +3.5431	-11.6166	 +3.5468	 -1.5532	 +0.7337
-17.6553	 +1.0926	-16.2744	 +2.8888	 +2.3172	 +1.2942
-12.0856	 -6.4632	 -0.2622	 +1.5463	 +0.7695	 +3.2007
 +4.6846	 -1.5998	 -4.7808	 -0.2540	 -0.5224	 -1.8230
 -5.0679	 -2.2337	 -3.7537	 +0.9702	 +2.5998	 -3.7296
 -2.2910	 +2.6055	 +1.9207	 +1.2797	 -4.9494	 -2.5242
 -0.8876	 +3.5345	 -0.9843	 +1.2764	 +0.5827	 -3.3218
+22.8514	-14.9675	 +4.7220	 +1.2287	 -0.0912	 +1.1238
-15.3285	+18.8958	 -7.9947	 -0.9479	 -0.3481	 -0.8949
-11.6992	 +3.4858	 +0.7047	 -1.1795	 -1.5517	 -2.4042
 +0.0712	 +3.6627	 -9.4093	 -1.2881	 -3.2457	 -2.8516
-14.1331	-10.4939	+10.2237	 -1.0856	 +1.5508	 -0.3414
 +9.0442	+10.3080	-19.6684	 +2.5926	 -0.9502	 +2.1667
 -0.9791	 -4.0114	 -1.2680	 +6.8746	 +2.7368	 -1.0468
+20.3656	-12.1600	-24.3069	 +0.0887	 -0.1103	 +2.0408
 -0.8920	 -4.4429	 -3.6659	 -4.8887	 -5.0974	 +1.0047
 -6.8077	 -0.5433	 -2.2632	 +0.0332	 -2.3109	 +3.6489
 -0.7059	 -1.4027	 -2.4674	 +0.7021	 -1.6128	 -2.9060
+23.3220	 +6.8696	 -0.1000	 -0.0787	 +1.7937	 -0.1898
 +4.3730	-12.1187	 -8.3245	 -3.7556	 +0.5426	 -3.8465
 -5.2173	 -5.6839	 -1.7690	 -3.4620	 +1.5120	 -5.6177
+21.6442	 -6.4336	 -6.3516	 +0.9147	 +0.9057	 +0.2332
-19.8330	 -4.2427	 -4.9032	 -0.6022	 -1.9370	 -0.2537
 -4.9337	 +7.3927	 +4.7388	 +2.9251	 +0.7935	 -1.7015
 -7.9780	 -2.3607	-10.7426	 +2.2681	 +2.1023	 -0.5318
-14.7808	 -3.2791	 -0.6389	 +1.3693	 -0.1246	 +0.9339
-18.1964	 -2.5587	-10.5794	 -0.8698	 +1.6651	 -2.7173
-26.6467	 -6.6165	 -5.0282	 -3.1054	 +2.6445	 +0.8620
 -0.6942	 +0.4084	 +3.1706	 -3.8257	 +2.7881	 -4.4670
 -1.3754	 -2.5681	 -1.2937	 -0.9471	 -3.7234	 +2.4930
 -3.8334	+18.5055	 -1.3513	 -0.9180	 +1.5968	 -2.6060
 +3.7312	+10.2056	 +3.2800	 +1.1310	 -3.9463	 +0.2896
-12.5910	+14.2146	-48.8915	 +0.1211	 +0.0213	 -0.1685
+11.3612	 +8.2178	 -2.0792	 +1.4232	 +2.7891	 -0.3567
+14.4563	 +6.3953	-14.0651	 +1.9473	 -1.5615	 -2.0818
-12.3547	 -3.0367	 +1.0604	 +2.6616	 +0.2494	 +3.0566
 -6.5857	+17.7172	-18.6471	 +0.9633	 +2.4840	 +2.7884
 -1.0254	-11.3329	 -5.0514	 -1.1669	 +3.3802	 -1.4060
 -4.7766	 -4.6938	 +0.2511	 +0.3142	 -2.8144	 -1.8358
 -3.6762	 -1.9152	 -6.7123	 -5.9647	 +0.0372	 +1.2255
 -0.0473	 +0.5732	 +2.7324	 -4.3843	 -0.1886	 +0.3356
 -9.5197	-13.5857	 -1.2283	 +0.2629	 -1.3705	 -0.1837
 +0.6187	+24.8999	 -2.7042	 +2.8235	 -0.3635	 -2.7141
 -0.4164	 +2.1836	 -3.8447	 -0.5546	 -0.8512	 +1.1599
+10.6646	+11.8030	 +6.1522	 +0.2807	 +1.8322	 -1.6972
 -4.1299	 -8.1963	 -1.6831	 +1.6322	 +2.8418	 +4.7812
 +1.7197	 -9.6998	+18.0194	 -1.6114	 +0.9651	 +0.0049
 -2.2087	 -0.4657	-10.1456	 +1.9839	 +0.9144	 -1.0325
 +4.5754	 +2.6803	 -8.2252	 +0.8703	 +0.8438	 +1.1845
 +3.6009	 +4.2688	 -0.1829	 -3.7724	 +0.4456	 +0.5103
 -3.9088	-16.8995	 +6.7773	 -2.4117	 +1.9332	 +0.2762
 -4.2837	 +5.3104	 -4.6190	 -1.1991	 -0.5177	 +0.2676
 +0.7401	 -0.6534	 -4.5332	 -1.6514	 -1.2517	 -0.3508
 -5.8956	 +1.9595	 -4.3803	 -0.0529	 +0.8424	 -2.9079
 -1.0799	 +6.4997	 +0.9697	 -0.3383	 -1.6935	 +0.2103
 -5.0945	 +0.6362	 +0.1725	 -2.2824	 -3.0132	 +1.7314
+10.5413	 -2.4209	 +4.0532	 +0.6263	 +0.2320	 -1.7025
-12.6233	+19.8286	 -7.0939	 +0.9526	 -2.4737	 +0.9719
 -5.2330	 -8.4608	-15.3471	 -0.3241	 +2.9743	 +1.3701
 +5.9321	 -1.9666	 -4.0839	 -1.3355	 -4.1284	 -0.4825
 -4.6793	 -1.5334	 -1.0327	 -1.9191	 -0.4022	 -0.9323
 -2.8200	 +4.0887	 -9.4899	 +0.1804	 -3.1624	 +1.1036
-19.5089	 +2.1886	+13.8068	 -1.0330	 +0.1368	 -4.1373
 -3.3040	 +6.8535	 +6.8624	 -2.7054	 +0.5968	 +5.5461
 -0.0281	 -2.9920	 +0.7579	 +0.5397	 -0.0603	 -1.5609
 +1.9747	 +2.6101	 -2.6348	 +0.2154	 +0.6561	 -0.6747
 +2.6873	 +9.4839	 -1.8763	 +3.4030	 +1.4743	 +1.0213
 -1.2813	 -4.9369	 -0.1773	 -1.9752	 -0.5365	 -5.6205
+19.8048	 -7.0376	 +4.0055	 -2.8936	 -1.5224	 -3.0756
 +0.3958	 +2.4302	 +2.1512	 +1.0701	 +2.8871	 -0.1325
 -2.2421	-35.1433	+58.2882	 -0.3746	 -1.1531	 +0.4743
 +0.0893	 -6.7876	 +0.1094	 -0.9113	 -2.8234	 -0.9135
+37.2776	+34.9556	-30.2018	 -1.7790	 -1.2296	 +0.6010
 +1.6464	 +2.6980	 -2.0154	 -0.9308	 -3.7647	 +3.3712
 -1.7480	 -0.6869	 -0.0182	 -0.6992	 -3.5331	 -3.2279
+51.8694	 +1.5528	-44.2174	 -0.3236	 -0.1710	 +1.5210
-12.7401	-33.1394	+27.6056	 +2.5946	 -1.9959	 +1.4726
+104.1860	+58.4712	+14.8200	 +0.0398	 -0.7984	 -1.6092
 +1.5469	+30.5436	 +4.7745	 +2.8030	 -1.1199	 +0.5979
+23.8879	+66.7013	-34.0093	 +1.1586	 -0.3917	 +0.0244
 -8.7609	 -9.5222	 +3.0022	 +0.5496	 +0.9974	 +1.9135
-12.0718	+17.2447	 -2.7842	 -2.7498	 -1.4709	 +1.2074
-10.3697	 +1.3966	 -5.3570	 -4.7633	 -0.7054	 +5.2767
+11.7331	+29.5977	-48.6650	 +0.7126	 +2.6542	 +0.2461
 +7.5726	-12.0242	+42.1964	 +1.4758	 +0.9625	 -1.0752
+22.1763	 +7.2717	 +2.8387	 -2.5400	 +1.4403	 +0.8250
 -2.5416	 -4.7606	 -8.0852	 +2.5528	 -3.4341	 -0.6247
 +0.7001	 -6.5259	 -4.7316	 -5.4886	 +2.5612	 +1.6637
 +8.5237	 -5.0257	 -2.1597	 +1.7753	 -0.6107	 -3.3554
 -1.8869	 -3.9145	 -2.5129	 -3.5002	 -1.0026	 +5.4370
-11.8788	 -8.9365	 -6.1605	 -0.0670	 +1.8361	 +0.9471
 -2.5350	 -2.0859	 -2.7576	 +4.3536	 +3.2231	 +0.8955
 +0.3480	+23.2118	 +7.7233	 -1.2407	 -2.1740	 +0.7229
 +3.7345	 +6.4138	-15.5728	 -0.0340	 +3.2765	 +0.3356
 +7.8964	+15.3398	-25.9217	 -1.6319	 +0.0965	 +0.0557
 -5.0438	 +9.9952	 -1.8893	 -1.6450	 +4.0339	 -0.5503
+17.7775	-21.0817	-11.6875	 -1.2086	 +0.9217	 -0.9224
 -4.8153	 +2.5315	 +3.0205	 -0.6054	 +1.1014	 -0.6998
 -1.9717	 +4.7056	 -2.5565	 +0.9335	 +0.9110	 -3.1600
+12.2465	-18.5087	 +0.0755	 -0.9808	 +1.0121	 -0.4412
 +2.1919	 +2.4509	-13.6805	 +0.2145	 -2.5435	 +3.1455
 -4.3335	 -6.1989	 +2.2389	 -2.8621	 +0.3276	 +5.7810
 -0.2462	 +5.5229	 +0.1800	 +1.1346	 -1.3600	 -5.4590
 +1.9885	 -1.8867	 +4.5894	 -0.0265	 +0.6132	 -4.2627
-23.3892	+24.4673	 +8.5761	 -0.0158	 +1.7658	 +0.8313
 -5.9095	-12.0873	 +1.6956	 -2.9309	 -1.5486	 -1.5039
-14.3971	 +4.4848	 -0.1533	 -3.1046	 -2.8479	 -0.9102
+13.9392	+10.4729	 +6.6287	 +3.7923	 -0.5382	 +1.1585
-12.9502	 +4.4119	 -4.0345	 -2.6007	 -0.6540	 +1.7784
 +3.8616	 +0.0093	+10.8693	 +1.1716	 -1.4665	 -2.1994
-14.5539	+66.2136	+21.7155	 +0.7352	 +0.2546	 +1.2450
+20.5326	 -6.0696	 +5.4269	 +1.4701	 +1.0552	 -0.9506
 +4.7368	-10.2951	 +6.8499	 +1.5253	 -2.7470	 +0.6015
-13.2262	-33.4934	+26.3833	 -0.8731	 +0.5861	 +1.1373
-40.2596	+34.7682	+25.3467	 +1.2589	 -0.2279	 -0.6460
 +0.7087	 +1.0586	 +1.2029	 +1.0859	 -3.9702	 -2.0572
 -3.1921	-17.8879	 -5.3059	 +3.2944	 -0.3536	 +1.6999
 +7.6504	 +9.8014	 +3.1733	 -4.0408	 +1.8431	 +2.1566
 -5.1303	 -2.4297	 -2.1530	 +2.6157	 -6.1164	 +3.3967
 +5.9457	 -2.2855	 +3.7872	 +4.6861	 -0.3676	 +0.4170
 +9.3266	+12.4225	 +7.3651	 +3.0736	 -0.6458	 +1.2787
 +4.1233	-33.4391	+110.7887	 -0.2993	 -1.4559	 +0.5471
-23.6634	 +9.9112	 -3.2038	 +0.4688	 -3.0386	 +0.3280
 +6.2336	-13.2002	-18.8307	 +2.4022	 +0.9655	 -1.1695
 -4.8842	 -1.5895	 +3.2969	 -2.1045	 -2.9955	 -0.4190
+10.4328	 +0.4543	-11.2024	 -3.8116	 -2.3295	 +1.7850
 -5.9115	 -6.4996	-18.5667	 -0.4665	 +0.2352	 +2.6053
 +1.4374	 -7.5375	 +2.3320	 +3.3082	 -0.4690	 -4.1203
+24.8474	-24.8408	+39.0670	 -1.3551	 +1.1476	 -0.3885
 -9.3551	-15.8476	 -9.5112	 +2.6805	 +0.6359	 -3.3535
 -1.1512	 -9.2868	 +0.6786	 +0.8606	 -3.3850	 -1.7358
 +5.8865	 +4.7535	 -3.8088	 +0.6474	 +4.1880	 -2.5399
-16.4513	 +7.1423	+14.4260	 -1.6223	 +1.7440	 -1.4613
 +9.8610	 -4.7310	 -1.1070	 +0.9246	 +4.5599	 +2.1264
+14.3130	 +3.3565	 +5.0441	 +0.6217	 -3.5075	 -2.5980
+11.9947	 +1.0971	 +3.2142	 -4.0436	 -0.4532	 -1.6727
 -0.2883	 -0.0410	+22.8204	 -0.3371	 +2.9761	 +0.3421
 +3.4707	-10.8834	-12.3062	 -0.4379	 -4.8445	 +1.9451
 -0.1489	 +0.2599	 +5.0153	 +3.3130	 -2.9947	 -0.3818
 -4.9828	 -0.7273	 +5.0165	 -1.8754	 -1.2792	 +0.8566
-15.0710	 -3.6470	-10.5584	 -0.0724	 +0.9942	 -0.1732
-12.2398	 +3.7596	 +0.5719	 +2.2380	 +0.4785	 +0.7398
 +1.8123	 +8.2141	 -7.2814	 -0.2339	 +0.1301	 +2.6956
-16.8972	 +2.1307	 +9.9345	 +4.8022	 +0.2605	 +1.6537
 -2.3341	-10.3455	 +2.9194	 +1.3423	 +0.9838	 +2.6203
 -6.0684	 -2.1600	 -3.5349	 +1.9060	 -0.1111	 +0.9778
-11.4224	-10.2760	 +0.6992	 +1.1002	 +2.9815	 +0.6114
 -0.8517	 +7.0935	 +4.4624	 +3.0004	 -3.0892	 -0.9461
+27.1036	+23.1870	 -5.3561	 -0.9036	 +0.8358	 -0.2381
 -5.1984	 -9.3772	 +0.0775	 +2.0756	 +0.3076	 +0.5437
+24.9932	 +3.5173	 +5.9827	 -1.0376	 +2.2741	 -0.8557
 -4.9283	 -3.9169	 -7.5019	 -3.1294	 +0.8701	 -2.4251
 -5.2115	 +3.8804	 -9.1171	 +0.4602	 +1.2532	 -0.6363
 -1.9670	 +2.1435	-11.8498	 +4.2043	 -4.1486	 +1.1333
 +1.7778	 -5.3071	 +0.8276	 -0.3129	 -3.2250	 -2.6064
 -6.6553	-24.5862	 +4.9247	 +0.0504	 -3.1725	 -1.6590
-11.3070	 +9.7625	 +4.4314	 +1.8399	 +0.0927	 -3.2776
 -2.5405	 -1.3522	 -2.3093	 +0.6902	 +5.2770	 +2.5871
-17.2230	-10.0011	+16.8953	 -3.0673	 -0.5064	 +0.8005
 -9.8289	 +0.6588	 +2.1186	 -5.1332	 +1.0778	 -0.6150
-17.6026	 -7.5922	 -6.1192	 -1.5693	 -2.5123	 +1.3128
 +0.5703	+23.4632	-11.4739	 +1.6772	 -2.4346	 +2.2552
-13.6045	+12.9411	 -3.1741	 +0.3696	 +2.5373	 +1.4738
 +2.9127	 -6.5250	 +5.4492	 -4.3362	 +1.9172	 -0.4965
+13.1473	-23.4068	 +2.5820	 -1.1678	 +1.5079	 +1.5811
+10.7573	 +3.7964	 +0.6005	 -1.8481	 +2.7451	 -1.2662
 +6.8327	+38.1159	-13.8254	 -0.1208	 +1.5562	 +2.2562
 +3.4339	 -2.9851	 +6.1328	 -0.4386	 +0.9946	 +1.9852
 -2.6894	 +8.4430	 -1.0090	 -3.4384	 -0.6731	 +0.3039
 -4.0230	 -2.2620	 -4.7151	 -0.3600	 -3.8078	 +0.1393
+87.0002	-29.5718	+51.5109	 +0.1280	 -0.9234	 -1.3761
 -0.7211	+10.8559	-14.4026	 -2.4871	 -2.2755	 -1.2139
 -0.3487	 -2.5909	 -9.2462	 +2.3751	 -3.2656	 -0.7442
 -1.0288	 +0.3795	 +7.3748	 +2.0770	 +0.9887	 -0.9261
 +2.2354	 +6.1255	-14.5991	 -1.0233	 +2.0825	 -0.3653
 -5.4439	 +0.9286	 +1.3458	 +3.9354	 +3.3903	 -4.1102
 +1.6632	 +0.6305	 +4.0473	 +0.9653	 +2.1482	 +1.7263
 +3.9620	 -7.1963	-10.7335	 -1.8628	 -2.6574	 -0.4071
 -6.2695	 +0.4501	+20.3729	 +2.3332	 -1.0964	 +1.9923
 +1.6999	 -5.1422	 +8.9336	 -3.6065	 +3.1780	 +1.5150
 +4.4471	+15.0406	+25.8461	 +0.5707	 +0.7999	 +3.6188
+10.6858	 +5.6789	+15.3662	 +0.6017	 +0.7394	 +1.9532
 +6.0372	 +1.3920	 -2.3265	 -2.9410	 +1.3065	 +0.1329
 -3.3729	 -8.1706	+21.2661	 +1.4055	 +1.2341	 -1.1426
 -9.5243	 -1.4310	+15.3036	 -1.5019	 -2.1580	 -2.4567
-19.7595	 +1.6942	 -5.2001	 +1.8162	 +0.9698	 +3.8653
 +2.9394	 +2.0058	 +2.3298	 -3.9244	 -3.0283	 -2.0725
-43.3641	+22.2201	 -0.8210	 -2.8909	 +1.3610	 -1.0381
 -2.9304	 -5.4947	 -2.9361	 +0.4563	 -6.5556	 +0.5098
-12.1668	 +2.7781	 +0.1267	 +3.0124	 +2.7953	 +2.1799
+18.0157	 +6.2302	 +7.2634	 -1.5960	 -1.0644	 -1.8982
 -3.6468	 +5.7011	+12.3997	 +2.1110	 -0.4806	 +1.1213
 +4.4465	-20.1840	 +4.6467	 -0.6457	 -0.1960	 +0.7648
 -6.6302	-11.3945	 -2.3436	 -2.0060	 +2.8946	 -1.5452
 -0.1705	+12.2685	 +5.5191	 +0.8500	 -0.6558	 +0.8721
-91.8043	-169.9762	+26.0532	 +1.0964	 +0.0070	 -0.0983
 +5.6792	 +3.7910	 +2.2088	 -1.7236	 -0.5705	 -0.5850
 -3.5515	 -6.8473	 -1.2457	 -3.5318	 +1.0978	 +3.1070
 +2.8396	 -1.2156	 -1.1861	 +3.2998	 +3.2645	 +1.6952
 -7.5825	 -3.0235	 +9.1324	 +2.0765	 -2.8465	 +3.8857
-11.8615	 -1.6566	 +0.0521	 -1.3914	 +0.2428	 +5.5158
 +0.6667	 +0.3391	 -6.6451	 +0.0388	 -2.7050	 +0.8286
 +1.1547	 -5.3827	-12.2863	 -2.0412	 +0.5577	 -0.4059
-13.8568	-11.9727	+22.1348	 +1.7416	 -3.0048	 -1.2705
 +1.9225	 +3.5596	 +1.7314	 -3.6899	 +3.7886	 +1.1802
 +2.1425	 +2.0893	 -4.9525	 -1.7325	 -2.0283	 -1.9331
 +0.8978	 -6.0046	 +4.1527	 -2.9086	 +4.1195	 +2.1747
 -0.8972	 +3.5129	 +2.6269	 -1.8533	 +4.4519	 +4.2102
 +0.1879	 -4.3125	 -1.8328	 +5.6496	 -1.2940	 -0.0513
 -4.9747	 +5.3645	 +7.7677	 -2.6386	 +0.6468	 +0.5336
 -3.4521	+21.9736	 -5.3654	 -0.7545	 +2.4118	 +2.6798
 +9.8320	 +1.3847	 -5.2265	 +0.0571	 -1.9399	 +1.8321
 -3.3206	 -0.9893	-13.3694	 +1.0191	 +1.1138	 -1.3520
 +0.4449	+28.0685	-29.7324	 +0.1889	 -1.1412	 +2.4833
 -0.5502	-19.2795	+39.8311	 +0.4423	 +0.5944	 -1.8557
+17.4787	-19.5427	 -8.6921	 -0.7124	 +3.2328	 -1.2502
 +0.3138	 +2.7748	+15.1510	 -1.6903	 -1.2979	 -2.1627
 -0.1069	 -0.1763	 +1.8956	 -3.0168	 -2.0953	 -5.3610
-13.6768	+14.4949	 +0.8537	 -2.1314	 -0.3998	 +1.1018
 +3.7341	 -5.7288	+28.9197	 -1.5604	 +1.2992	 -1.2166
-46.3286	+21.5186	-75.7237	 +1.0170	 +1.8855	 +0.0099
 +6.9465	 -0.1750	 -1.4720	 -2.0508	 +3.3296	 -0.2239
+12.9044	-16.3552	 -4.3717	 -0.8775	 +1.7091	 +0.8254
 -3.3681	+16.1977	-13.9432	 -0.2424	 +0.8707	 -0.7132
-27.7168	 -1.8929	 -7.3753	 +0.0521	 +1.1248	 +0.0605
 -0.1831	 +5.3728	 +2.1699	 -1.2768	 +2.1202	 +2.3403
 -2.2925	 +5.9668	 +2.7151	 +2.0153	 -0.9474	 -3.4296
 -3.7322	-24.8467	-16.9078	 +0.7643	 +3.0992	 -1.2384
 -1.0360	+12.2287	 +1.6692	 +2.6455	 +2.0293	 +0.4752
 -5.0197	 +1.7541	 -0.2699	 +1.3797	 -3.0796	 +2.3029
 -2.7617	 -2.0831	 +9.2615	 -2.5384	 +0.8499	 +0.1996
+19.3080	+15.3042	-33.3724	 -1.1497	 -1.0161	 +0.5027
+28.9380	+40.3559	+69.3736	 -1.0515	 -0.5789	 +1.0676
 -5.7267	 +1.3621	-23.3481	 -1.6830	 -2.6132	 -0.2157
 +2.4938	 -8.3227	+15.8088	 +2.8682	 +0.6239	 +2.2353
 +0.3051	 +1.3538	 +2.0756	 -1.7052	 -1.1045	 -1.3650
 +3.5369	+16.5348	 +6.8990	 +1.6228	 -1.4467	 -0.2723
+68.0238	+28.5686	+34.9601	 -0.6605	 +0.1782	 +0.6567
 +0.6145	 -2.0249	 -4.0950	 -2.4184	 +3.4691	 -4.2740
 -1.6512	 +6.3238	 +4.1634	 -0.7922	 -3.4771	 +2.3690
-15.3685	 -7.3759	 +0.3807	 +0.0078	 +1.4792	 -3.4266
 +1.3214	 -1.6800	 +1.1129	 -2.6727	 +2.6348	 +3.7438
-40.9076	 +9.8593	+11.1072	 +1.0882	 -1.1426	 +1.8097
 -2.2671	 +6.1345	 -9.3117	 -0.7399	 +4.0034	 -1.8038
 +1.7710	 +7.6040	 -6.6603	 +0.9131	 +2.9252	 -3.5329
 -0.5033	 -6.3555	 -1.3644	 +3.7319	 +4.8700	 +0.8001
 -8.4190	 -0.2131	+29.0361	 +1.8877	 -0.1987	 -0.8362
 -7.6928	 -4.6583	 +7.1620	 -0.5873	 -4.4835	 -2.0439
 -9.6782	 +5.2204	 -1.1702	 +2.1495	 -5.4622	 -1.1336
 +8.6994	 -3.9945	 +5.1197	 +0.1585	 -0.6800	 +0.6301
 +4.5240	 -7.1636	 +7.2626	 -4.0248	 -4.0666	 -2.6239
 -0.5278	-11.5377	 +7.6618	 -0.3066	 +1.7366	 -0.8082
 +3.2501	 +8.3513	-25.9628	 -1.7773	 +4.0218	 -0.6603
 -3.9967	 +1.8964	 -8.2323	 -1.2372	 -3.4340	 +3.1530
 -2.2920	 +3.9086	 +3.4649	 -4.6197	 +0.3603	 +3.8037
 -0.4091	 +0.4232	 +3.7738	 +0.9569	 +0.7453	 -3.0658
 -4.5285	-20.8706	 -9.0362	 +0.6317	 +0.2806	 +3.1588
 -6.8215	-11.5843	-15.3033	 +3.3133	 -0.6718	 +1.4189
 -4.1291	 +3.8722	 +0.3010	 -0.5571	 -0.9651	 +0.0506
 -4.2538	 -8.6173	 +6.8981	 -0.3240	 +1.4596	 -3.5325
+16.8347	+12.8874	-13.6386	 -0.6735	 -1.3598	 -2.2285
 -4.7335	 -5.9321	 -4.3431	 +3.2748	 +1.0079	 +0.8893
 +1.0152	 +5.1307	 +2.9467	 -2.9682	 +3.9172	 -1.4258
 -2.4191	 +4.4789	 +1.5985	 -0.7754	 +2.4866	 -2.8370
 -4.6178	+10.9335	-25.8081	 -3.5570	 -1.9810	 +0.4842
 -5.6341	 -2.4915	 +1.0190	 +0.7271	 +2.5744	 -1.7453
+21.1607	 +8.7410	 +4.1202	 +3.0377	 +1.0337	 +0.6307
 +3.0988	 +7.8249	 +0.0917	 +0.3572	 -1.9287	 +3.6943
 +3.2701	 -2.1689	 +4.0115	 -1.8172	 -4.8913	 -0.5704
-14.6056	+19.5449	+11.4878	 +0.1331	 +0.5893	 -0.0374
 -1.5358	 -2.3489	 -3.6384	 +0.5163	 -0.6438	 +0.6334
-16.4423	 +7.1921	 +4.1708	 -0.8547	 +0.8549	 -4.0245
 -4.6383	 +4.5761	 -2.8569	 +1.4451	 -3.0278	 -1.1014
 -4.9899	 -1.2639	-10.4208	 -1.8897	 +1.0373	 +0.3138
 +5.1656	 +4.8994	 -9.5437	 +0.4577	 +0.2177	 -1.6373
+22.4919	+10.0498	 -0.7384	 -0.3250	 -3.3376	 -0.2369
-84.0707	+42.9842	+25.0361	 +0.1462	 +0.0879	 +0.6018
 -7.7069	 +0.9413	 +6.8301	 +3.8420	 +3.9070	 +1.5977
 -7.0711	 -0.3347	 -2.4816	 +1.4596	 +2.8763	 -1.8762
 -5.1931	 +7.5274	 -3.7146	 -3.5261	 +1.4852	 +2.3929
 -7.8318	 -4.5756	 +1.1511	 +2.3158	 -0.5328	 +1.5267
-19.7588	+10.6059	 +4.0930	 +0.5907	 -1.7264	 -2.1528
 -7.8385	+14.5272	-31.9425	 +0.8745	 +1.6284	 -1.8285
-16.6888	-20.0768	 -1.5953	 +0.3754	 -1.2511	 +2.9795
 -1.2851	 +4.9230	 -1.6475	 +1.0763	 +3.5572	 +2.8139
 +2.0096	+12.9777	-10.7545	 +0.6290	 +0.3121	 -2.8145
 -0.1945	 +0.9408	 -8.7097	 +1.0535	 +0.5839	 +1.2975
 +3.3112	 -1.9736	 -3.8220	 -3.8912	 +0.4387	 -0.5612
 -9.2900	 -2.5613	-15.8091	 -2.8497	 +1.2257	 -1.0748
 -4.4538	 +3.9152	 -4.4264	 +3.8741	 +3.6256	 -3.8272
 +3.3938	 +1.6638	 +4.8713	 -0.9034	 +0.0393	 -0.5996
+29.6614	+19.5962	 +7.8321	 -1.5618	 -1.9365	 +1.7745
+10.7181	 +1.2483	-17.5626	 +2.6950	 -3.1187	 +0.0369
 -6.6445	 -5.0852	 +3.6568	 -0.3589	 -2.6228	 -3.6778
 -1.9762	 -1.1015	 -1.3850	 +3.7094	 -4.9785	 -2.8322
+23.0605	 +1.4249	 +0.8282	 +0.6150	 -0.5336	 -0.3990
 +1.0131	 +1.5313	 +8.8248	 +3.7915	 -1.4106	 -2.7228
 +4.9143	-14.9520	 -3.8754	 -1.8309	 -1.1732	 -0.8710
 +5.0036	-15.3701	 +3.4186	 -2.3717	 -2.5508	 -0.7921
 +0.0537	 +6.2065	 -0.5664	 -0.0758	 +2.0007	 -4.5339
+13.4344	 -6.4175	 -1.5487	 +0.2489	 +2.4772	 -1.8307
+19.3498	 +2.7535	 -9.1004	 +0.2652	 -3.7983	 +0.6116
-35.0061	-18.1492	+14.1996	 -0.1656	 +0.1948	 -3.0897
 +0.4844	 -8.7052	+13.1064	 +1.8295	 -0.1811	 +0.8575
 +2.5248	+11.2098	+13.0056	 +1.1349	 -1.1703	 -3.1957
 -8.1022	 -7.0058	 -4.7314	 +2.2952	 +4.9349	 -2.5466
 +8.0018	-10.7530	 +2.5912	 +2.9841	 +2.1865	 +1.7186
-12.2649	 -6.2381	 -8.4835	 -1.8531	 -1.6050	 +1.1522
-40.8222	+26.2676	+37.4875	 -0.0398	 +0.5418	 +0.2741
+10.0797	 +1.9200	 +4.5603	 +4.8696	 -0.5776	 -0.7364
 +0.9708	 -1.4711	 -2.9713	 -2.4686	 -2.7260	 +3.2297
 +2.4166	+11.1256	 -4.7875	 -1.8124	 +2.6726	 +3.3775
 -5.2766	 +3.4548	 +5.1139	 -2.0904	 -2.1031	 +3.5928
 -4.6022	 +3.4402	 -0.8398	 -0.0808	 +5.6016	 +4.7027
+43.2172	 +5.4300	-16.4559	 -0.7626	 -0.7409	 +0.3044
 +0.7336	 -0.4947	 +0.1582	 +1.2318	 +4.3984	 -1.2230
 +8.7364	 +4.6464	 +6.8179	 -0.8997	 +2.1541	 +2.5269
 +6.2985	+11.0816	 +4.2606	 -0.7922	 -3.7057	 +1.9872
 -2.6778	-16.0012	-33.3277	 +1.0308	 -0.7073	 +1.0523
 -5.0752	 +1.7946	 -9.1136	 -0.6455	 +2.6262	 -1.0971
 +3.9151	 +0.5442	 +5.4946	 -0.2124	 -1.2940	 -3.6260
-101.7159	-32.4480	+84.4314	 +1.4038	 +0.1706	 -1.2398
 -0.0915	 +6.7525	 -9.8465	 +3.4893	 -2.9661	 -2.4233
+11.6298	-34.7177	+10.8589	 -1.0266	 +1.8927	 +3.5493
 +3.6899	-25.3291	 -4.5935	 +0.9532	 -0.7086	 -2.2573
 -1.1955	 +0.6107	 -0.3241	 -2.8232	 -0.3479	 -4.2552
 -4.1941	 -7.7208	 -4.5659	 +1.6330	 -3.3626	 -2.9062
 +6.5964	 +4.7394	 -9.7685	 +2.9912	 -2.9353	 -0.7113
 +7.7745	-11.4249	 +0.0389	 +0.5743	 +1.7236	 +0.7239
 -3.3319	 -5.2934	-10.3151	 -1.8253	 +2.1414	 -2.4243
-11.3999	 -9.2813	 +6.7352	 -2.1792	 +0.4477	 +0.2826
+11.9580	-23.6100	 -6.9460	 -0.3879	 +1.4776	 -1.1258
 -3.9275	 -0.5038	 +2.6190	 +2.8516	 -0.3752	 -1.2778
-20.9169	 -6.5965	 +4.1272	 -1.1871	 -0.3021	 -0.0134
 -1.5676	 -2.2526	 +4.4199	 -0.2699	 -4.6121	 +2.9053
 -0.1882	 +0.8967	 +3.6629	 +0.0572	 -1.4165	 -2.3991
 +3.6111	 -3.2309	 -2.0950	 -2.9208	 -0.1925	 +0.5086
-12.4688	-14.0825	 -8.5560	 -1.0665	 -1.6429	 -3.4200
-64.0874	+22.7685	+50.2684	 +1.2403	 -0.8440	 -0.8480
-57.9145	-31.8737	+18.3512	 +1.3234	 +1.0443	 -0.5592
 -8.4400	 -7.0336	+11.1068	 +1.1004	 +2.3804	 +2.0297
 -2.6153	 +2.0918	 -2.3867	 -0.1465	 -2.5186	 +2.2308
-77.3836	-125.2570	+119.3222	 +0.6671	 +0.0593	 -0.0875
 -7.6493	 +4.5387	 +0.2360	 -3.4264	 -4.9525	 -0.0690
-10.9230	+10.5548	-11.3861	 -1.4641	 -1.8182	 -2.4135
 +0.9282	 +1.7792	 -4.3708	 -0.0178	 -3.4285	 +0.6290
-45.9369	-26.2163	-14.5748	 +1.9060	 -0.5509	 -1.1510
-11.5150	 +4.8987	-10.7905	 -1.4115	 -0.3797	 +0.2878
 +5.3407	 +5.0418	-18.6281	 -0.9642	 -1.6435	 +0.6132
 +8.6655	-30.6631	+36.6780	 +1.3529	 +2.2101	 +1.5556
-13.1514	 +3.3603	 -0.1835	 -1.0774	 +0.3816	 -2.5268
 -1.7959	 -7.5980	 +8.2736	 -1.9157	 +1.3298	 +0.9785
 +3.4795	+13.6766	-20.6146	 -0.0726	 -2.5499	 +1.9315
 -5.4108	 +0.6169	+18.1519	 +2.5296	 -2.9322	 +0.8278
-18.5717	+12.6012	+23.5319	 -1.6499	 -0.4516	 +1.3912
+12.6718	 +8.5857	 +3.2414	 -0.1401	 -3.4065	 +2.2491
+11.7706	 -3.1167	-11.8469	 -0.4142	 -0.5296	 +0.7729
 -9.3465	 +4.4518	 -0.9492	 +4.2863	 +2.3219	 +0.5800
 -5.0256	 +3.1610	-16.1950	 +2.4150	 -2.0968	 +1.0266
-11.4040	-15.9982	-23.3345	 -0.0997	 -0.0613	 +0.5731
 -3.9581	-12.2229	 -7.1176	 +2.1001	 +2.2289	 -1.6530
-11.7141	 -9.6170	+21.0066	 -1.4481	 +0.2504	 -0.1543
 -9.6369	 +3.8380	-10.9595	 -1.0756	 -3.2456	 -1.2493
 -6.5187	 +3.0005	 -5.7036	 +5.6378	 +0.7034	 +0.8565
-36.5571	+14.5743	+11.8286	 +0.2464	 +0.5928	 -1.6642
 -1.9048	 -8.3068	 -6.1824	 -1.2765	 +0.6577	 +2.2523
 -6.2641	-10.2262	+14.4868	 +0.9934	 +0.8285	 +1.9825
 +9.0125	+10.4915	 -3.0704	 +0.8506	 +0.2431	 +3.3841
 +1.4905	 +3.0177	 +4.2901	 -5.0123	 -0.9007	 -1.5689
-30.2559	+37.7075	-75.3638	 +0.4412	 -1.4087	 +0.6864
+10.6984	+22.7922	 -6.5758	 -1.6674	 +1.9834	 +1.3760
-13.6651	+76.5107	-52.0438	 -2.1180	 -0.6409	 +0.1740
-18.3993	 -5.6906	 -2.6294	 +0.3193	 -1.4059	 +0.3899
-14.8441	-17.8530	 -6.6509	 +1.3562	 -0.5373	 +2.1321
 +1.2974	+13.9807	 -3.6560	 -0.5895	 +4.0719	 +1.7697
 -7.6084	 -0.1145	+10.9175	 +3.3381	 +1.7316	 -1.8610
-19.5548	 -4.7983	 +6.4977	 +0.9888	 -0.9442	 +2.6136
 +2.8927	 +0.4825	 +4.6400	 +1.5673	 -3.7489	 -4.4164
 +0.0148	 -5.0597	-10.1773	 +2.6004	 -0.0582	 -1.0687
 +4.8432	 -4.3150	 +2.7594	 +0.2453	 -0.0554	 +1.2623
 +1.4281	 +8.9423	 +2.0673	 -2.0379	 -0.9958	 -5.2327
-15.3619	 +2.3218	 -1.1498	 +0.7339	 +3.3101	 -2.1229
 +0.8991	 +4.1163	 -8.7458	 -4.4689	 +2.0328	 +2.3384
 +9.2294	 +7.7843	 -0.6903	 -3.6346	 -0.0515	 +3.5019
 +8.5390	-24.8922	 -6.0699	 -2.9709	 -0.1886	 +1.9287
 -6.8205	 +0.0955	 -3.4913	 -1.9094	 -1.1863	 +5.1362
 -8.7957	 -1.0340	 +8.4183	 +0.8989	 +1.7985	 +2.8827
+10.4671	+12.5359	 +1.0805	 -1.2067	 +2.5027	 -0.6947
 -3.2862	+10.0186	 +6.9049	 +2.6765	 +3.0921	 +0.2775
-143.4886	-178.6120	+114.0869	 +0.3723	 +0.8826	 +0.0895
 +4.2483	 -6.9688	 -1.6882	 +0.0111	 +4.7834	 -3.2762
-17.3724	+46.1079	+46.0514	 -0.3179	 -2.1960	 -0.2570
 +4.5482	 +0.1990	-11.2413	 -2.0624	 -2.5160	 +2.9026
 +7.1945	+74.6986	-83.0158	 +0.0790	 -0.0013	 +0.3385
 +0.5961	 -3.1288	-10.3387	 -1.1542	 -5.8611	 -0.3523
 -5.5314	 -4.1267	 +8.0427	 -2.1964	 +1.6998	 -0.7091
-13.3951	+25.7811	-25.3697	 +1.5609	 +0.0298	 -0.1257
-15.8041	-14.7437	 +1.2896	 +1.2004	 +3.3126	 +0.5523
 -4.9707	-14.2575	 +0.7773	 -4.5049	 +0.0937	 -1.4160
 -3.8273	+10.4636	 -1.9860	 -2.7812	 +0.6475	 +1.0196
 -2.0853	 -8.2455	 -0.6290	 +0.0778	 -3.6806	 +3.2636
-11.2584	 -2.3946	 -5.4609	 -0.9721	 +0.1905	 +1.8365
 -2.6194	 +0.5077	 +2.7321	 +2.6511	 -3.5774	 -1.2005
-11.6506	+12.2335	 -0.2227	 -3.8679	 +0.2204	 -0.8485
 -3.7579	 +4.3393	 +2.9413	 -4.2390	 +4.7071	 +0.9673
-21.9783	+25.6575	 +2.1157	 +0.4547	 -1.4452	 -0.0857
 -0.6262	 -1.5518	-22.2644	 +0.6372	 +0.6239	 -3.3639
+14.2431	 +5.5646	+10.4634	 +1.1935	 +2.1118	 -1.1735
 -4.7358	 +3.2920	-22.0111	 +1.1028	 +2.9398	 -0.6850
 +4.0460	 +5.8417	-12.6406	 -0.4480	 -2.3999	 +1.1784
 -7.5925	 -7.1452	 -2.8006	 -5.7153	 -1.1326	 +3.4607
 +1.8607	 -2.8811	 +2.4570	 +4.8861	 +1.0228	 -0.1410
 +8.7784	 +4.0682	 +8.8840	 +2.1676	 -1.8111	 +2.2323
 -0.5343	 +5.9148	 -1.0895	 -1.8127	 -4.1628	 -0.8810
 +5.7589	 -5.8051	 +8.5700	 +0.5268	 +2.2855	 +2.3311
 -6.0542	-22.4885	+12.3684	 +0.9453	 -0.3305	 +0.1006
+11.5226	 +1.2052	 +0.6075	 -2.2725	 +2.8366	 +0.3894
 -2.3569	 +2.7620	 +1.7986	 +1.7960	 -3.5686	 +3.0294
-18.6223	 +3.4921	 -1.4120	 +2.3604	 -0.6586	 +1.7564
 -1.5208	 +1.8627	 -0.5350	 -5.6254	 +4.5533	 -1.3856
 +2.5251	+14.6475	 +5.5799	 -1.3457	 +1.8608	 +1.1669
-16.8919	 +1.2657	 -5.2374	 -0.7248	 -2.6298	 +1.8558
 +6.6547	 +8.1941	 +7.7747	 -1.8014	 +1.0326	 +0.7177
 +2.0682	+13.6037	 +3.9050	 -1.0009	 +0.9501	 +1.8484
 +7.3607	+25.9654	+34.5576	 +0.5918	 +0.2603	 -1.3998
-13.0042	 -1.8530	 +1.6615	 +0.0570	 -1.4261	 +0.8918
 +2.6193	+20.3167	-11.5703	 -2.7487	 -1.8113	 +0.8270
+21.4611	-12.9791	 +9.2911	 +3.2552	 +0.3848	 -1.9039
 -6.7850	 +3.0894	 -5.4042	 -0.3651	 +1.8604	 +3.7421
 -5.2127	 -2.6198	 -4.1019	 -2.4995	 -2.5061	 -4.1477
 +4.7223	 +4.4914	 -4.8759	 +2.9964	 +2.3514	 -3.8766
-12.4657	 +1.5085	 -5.1856	 -2.6064	 +0.0292	 -0.0880
-18.7090	+10.5453	-25.3272	 -0.0664	 -1.1024	 +2.0033
 +5.0522	 -3.0171	-14.5669	 +0.3440	 -2.8831	 -1.6988
+22.1923	 -2.5804	-16.6865	 -0.7774	 -0.7868	 +2.1376
 +2.8271	 -2.3747	 -5.8598	 +0.0644	 -2.2723	 -3.7051
 +0.7085	 -3.6294	 -4.3775	 -0.0469	 -1.5893	 +0.7215
+11.8957	+15.1713	-14.1267	 +0.0231	 -0.9037	 -0.1518
-15.9055	+37.9987	-11.3140	 +1.6991	 +1.5748	 -0.0137
 -4.9930	 +2.7834	 +1.3298	 +0.2553	 +1.2855	 -3.2772
 -9.9875	 -5.9306	-17.6640	 +1.3123	 -1.0687	 -2.8858
-12.4591	 +1.3013	+11.6220	 -1.6662	 -4.3682	 -0.8078
+18.2409	-10.3151	 -9.0774	 -0.4795	 -0.3492	 +0.5583
 +5.4259	-19.9591	 -2.6390	 -2.1094	 -2.1898	 +0.4346
 +1.1593	 -2.7202	 +5.0085	 -1.4551	 -0.5004	 -2.5915
 +3.0820	 +7.3551	+16.2382	 -1.3432	 -0.3209	 +2.2696
 -5.8980	 +3.4727	-24.9430	 +0.5344	 +2.0299	 +0.6740
-14.1506	+17.7988	 +1.4525	 -1.2457	 -3.0346	 +1.2187
 +6.5364	 -5.7693	-19.5231	 +0.7151	 +0.7850	 +0.8209
 -9.1853	 -3.1195	 -1.4213	 +1.3662	 -1.7657	 +0.5420
+15.2814	 +6.2779	+40.6177	 -0.5912	 -0.5346	 +0.4847
 -9.6797	 -2.8170	 +0.1792	 +0.5560	 +0.3441	 -2.1976
 +6.3818	 +3.8290	 +7.5952	 -1.7984	 +2.5302	 -0.0003
-11.0036	+18.8644	 -1.0329	 +2.8328	 -0.9701	 +1.6483
-13.1316	 +3.3084	 +3.1712	 -1.6463	 +1.3851	 +0.2384
-12.9448	 +4.7675	-15.0417	 +0.0301	 -2.1987	 -1.7669
-10.4251	 +8.9463	 +7.8346	 -3.6253	 -0.8680	 -0.7609
 +0.1594	 +3.8159	 -4.2341	 +0.3074	 +0.1392	 +4.0136
-61.4132	-17.9998	-25.7031	 -0.4829	 +0.1783	 -0.0537
 -4.7369	 -1.9250	 +6.1620	 -0.5913	 -3.5601	 +1.7641
 +5.0159	 -2.2921	 +6.0589	 -1.4938	 +0.3142	 +0.6233
+11.0073	 -5.4720	 -3.4675	 -0.9421	 -0.6411	 +1.4582
