# Iterations: 51 of 100
# Total Energy: -6.693e+05
#    Kinetic Energy: 6.739e+05
#    Potential Energy: -1.343e+06
# Current Time: 2018-05-09 11:42:16.829022
# Elapsed Time: 0:04:54.588804
# 
# Med. Times for Sections
#    Force Computation:		1.960385
#        [1.9645091.9592201.9640601.9628331.9615501.9550481.9622981.9465121.9309721.933227]
#    Gather Particles:		0.006911
#        [0.0067210.0067090.0073130.0072610.0069590.0072730.0066290.0069460.0065170.006876]
#    Overall:		5.553805
#        [5.6426565.5508175.5567345.5218225.5508755.5248195.5688095.6388075.5418105.564826]
#    Scatter Particles:		0.002070
#        [0.0020120.0004490.0081740.0020970.0089320.0019860.0020150.0020710.0076070.002070]
#    Time Integration:		0.002720
#        [0.0035110.0055530.0049070.0033920.0006800.0018620.0006660.0050880.0016430.002049]
#    Tree Broadcast:		1.729371
#        [1.7583591.7302061.6856701.7118001.7285361.7176891.7008311.7660161.7371411.754547]
#    Tree Construction:		1.861914
#        [1.9074711.8486101.8865341.8343631.8441431.8408871.8962931.9121011.8578461.865981]
# 
# x	y	z	vx	vy	vz
# 
 -6.5594	 -4.2468	 -2.7384	 +0.8499	 +0.7098	 -0.2143
 +2.8597	-19.5809	-11.7289	 +1.1571	 +1.9877	 +1.7243
 -1.5894	 -4.3988	 +7.6401	 -1.7963	 -2.7302	 +2.4330
-23.5823	+25.6490	 -1.0287	 -2.2655	 -0.8088	 +1.1728
 -5.0344	-18.2682	 -6.2994	 +1.7258	 -1.5771	 +0.2284
 -3.7489	 +0.6604	-16.4550	 +2.7127	 +0.6386	 -0.8071
+14.1168	-15.1259	 -8.4992	 -1.2625	 -0.9831	 -1.0079
+11.5513	 +7.7174	 -6.1494	 -1.3615	 +0.2585	 -0.2938
-26.9174	-35.4192	-11.2274	 +1.9225	 +1.6861	 -0.1063
-13.2097	+22.2133	 +1.9011	 -3.2213	 -0.1829	 +0.5810
-24.0868	+10.8521	+17.4633	 +2.1669	 +0.9821	 -0.3179
 -4.3933	 -3.8982	 +0.1127	 -1.7574	 +2.4811	 -1.4974
 +3.9049	 -1.5675	 -5.2194	 -2.3850	 +2.9700	 -4.7532
+25.8299	+12.0328	-27.0146	 -1.2500	 +0.9728	 -1.1565
 -1.6645	 -4.1914	 -1.7209	 +3.4680	 -2.0173	 -1.4223
+12.7565	 +3.2241	 -0.9991	 +2.1451	 -1.7224	 -1.9275
 -8.5013	 -2.0213	 -7.8682	 -1.1119	 -4.3539	 +2.7065
 -4.9675	 -0.3329	-18.4541	 -1.5644	 +0.6586	 -1.7396
 +9.7172	 -7.2884	 +7.4787	 +0.1884	 -1.3364	 -0.6756
+105.1991	-28.5526	+78.5062	 -1.3644	 -0.8387	 +0.2047
 -6.8231	 -4.8756	 -3.8027	 +2.4469	 +2.1018	 -3.1620
 -3.8356	 +0.2552	 -8.0663	 +0.8714	 -4.5054	 +0.2469
 +5.5014	 +0.8844	 -9.8107	 -1.2710	 +2.6013	 +1.9009
 -3.5831	 -5.0484	 +1.7457	 -2.5594	 +0.7318	 +4.3477
 +7.2307	 +7.4308	 -8.6266	 +1.3922	 +0.8789	 -0.2370
-34.9160	+20.0975	 +0.2757	 -2.1442	 +2.3484	 -1.3051
 -3.2853	 -0.6494	 -3.5260	 -1.7542	 -5.4709	 -2.8120
 +9.8485	 -7.4698	 +3.5327	 -4.0134	 -0.2701	 +2.2146
 +9.8977	+13.1301	 +6.8173	 +2.9727	 -2.1391	 -2.2372
-18.3447	-18.9606	 -4.8303	 +3.3142	 +2.1151	 +0.5531
 -5.1018	 -3.9193	 -3.7529	 +5.1190	 -2.9138	 -4.4400
-56.2380	 +8.1362	 -0.4746	 -0.8752	 +2.0068	 +1.8290
 -1.2844	 -5.7865	-13.1501	 -4.4132	 -0.4411	 +2.0852
 -0.4209	-15.0513	 +5.1802	 -0.8664	 +1.9169	 -1.3025
-10.0308	 -3.1402	+21.9504	 +0.2734	 -0.6371	 +1.0337
 +4.2721	 +1.8508	 -0.3845	 -0.3451	 +0.4613	 +0.1353
 +3.1013	 -3.8838	 -2.7193	 -0.3913	 -4.9736	 +1.9556
 -3.2806	 -0.3830	 +5.3412	 +4.1827	 -3.5667	 +1.2134
 -2.6599	+31.3983	-11.5289	 -0.7494	 -1.6124	 +0.6510
 +3.8967	 -1.0177	 +2.5049	 +0.6458	 +4.2976	 +2.3822
+13.2176	-11.5338	+10.0973	 +2.1312	 -3.5849	 +0.5370
 -4.8274	+10.7433	-11.9602	 -0.3628	 -1.2088	 +1.5335
 -5.6279	 -1.7924	-10.1516	 -2.0024	 +4.0254	 -0.0245
 -5.5782	 +3.6974	 -1.4993	 -3.6546	 -1.1513	 -1.0378
 -5.7620	+22.5051	-20.9602	 +2.3686	 -0.0439	 +0.7816
 +2.2327	 -0.5012	 -2.8832	 -1.6708	 -1.5589	 +5.2772
 -2.1346	 +2.0595	-11.4351	 +2.3646	 +4.5654	 -0.6057
+34.9067	 -5.5441	 +1.7058	 +0.0541	 -1.2705	 -1.5901
 -2.6965	 +5.3268	 +0.1389	 +2.2600	 +1.6782	 -1.1801
 -5.6740	 +0.9832	 -4.4738	 +2.7928	 +4.4447	 +0.3299
-33.8548	-57.0347	-37.9575	 +1.1287	 +0.2664	 +1.5930
 -2.1300	 -5.5632	 -0.6289	 -2.1323	 -2.5812	 -3.9533
+16.3991	 -9.1371	 +7.4676	 -0.3545	 +2.7016	 +3.8978
 +3.5233	+11.3383	 +5.3223	 +2.2949	 -4.0287	 +2.0793
 +5.2635	 -4.0541	+53.4635	 +0.4741	 +2.2162	 +1.8649
-28.0593	 -6.8145	 -4.3789	 -1.8258	 +0.3518	 -0.1673
+31.7783	 -4.9076	 +4.3476	 -1.3295	 +0.9700	 -1.0573
 -5.5479	 +6.0711	 +4.3773	 -1.2986	 -1.1160	 -3.2056
 -0.5005	 -5.7777	 -1.5914	 +3.6339	 +2.5173	 +4.1667
 +1.0427	-21.4995	 +8.4768	 -3.6786	 +1.2891	 +0.0860
-15.9599	 +1.3818	 +8.7120	 -4.0724	 +0.9541	 -1.7185
 -8.4144	 +4.8564	-21.1702	 -0.3450	 +3.9816	 -1.4615
 -1.6143	 -8.6578	 -3.0467	 +2.5898	 +2.5873	 -1.5438
 -5.6798	 -6.2524	 -7.3080	 +0.5996	 -2.7653	 +3.6043
 -2.8807	 -4.3673	 -4.4830	 -1.3182	 -0.1067	 +4.7218
 -7.9256	 -4.9610	-10.8299	 -2.1743	 -2.7645	 -1.4849
 +5.3439	 -1.5043	+22.3026	 +0.5517	 +1.0179	 -0.3165
-14.9351	-12.9893	+27.5867	 -2.4025	 -1.9835	 +0.4226
 -3.1532	 -8.0023	-19.9671	 +0.5323	 -0.7922	 +1.1498
 -4.1460	+10.1753	 -3.4209	 -0.2915	 -2.3742	 +4.2004
 -2.3985	 -5.3534	 -2.6026	 -1.9648	 -1.2988	 -1.8586
-12.4943	-11.9061	 -5.6987	 +2.0256	 +0.6117	 +1.1947
-11.5497	 +6.5656	 -3.1950	 +1.0706	 +0.0839	 -1.9325
-15.3445	+15.2828	-94.2983	 +1.9201	 +0.0063	 -1.4346
+26.4791	-27.7184	-13.9707	 -0.1868	 +1.6029	 +0.5886
-11.6164	 +9.0549	-10.7579	 -2.3649	 -3.9272	 +1.1580
 -4.6268	 +3.3207	 -9.3273	 +1.3235	 +1.7972	 -1.7516
 -2.9809	 -9.5396	+12.7457	 -2.9731	 -2.1360	 -1.3252
 -3.0796	+10.0426	 -2.7673	 +3.1350	 -0.4001	 +3.1210
+21.5962	-14.5357	 -5.7028	 +2.5699	 +1.5717	 -0.0409
 -1.3412	 +1.2945	 -1.0483	 -1.0369	 +1.0659	 +3.1447
 +9.6300	+10.6170	 -8.6634	 +0.1428	 +2.4395	 -1.0868
 -1.6406	 -0.6745	 -3.2866	 +2.0535	 -0.3218	 +4.9730
-11.2092	+24.5458	+15.7874	 -0.9729	 -0.1631	 +3.5755
+14.0181	 +5.2204	 +1.7612	 +2.9365	 +2.5994	 +2.9110
 +2.5887	+12.5055	 +9.1979	 -2.8360	 -1.8000	 +0.5935
-17.0698	 -4.6068	 +0.9380	 -1.1855	 +0.6990	 -2.9848
 -1.2525	+17.2477	 +9.5572	 -0.8360	 +2.8655	 +0.8153
 -4.5866	-27.9646	 +9.2394	 +2.0318	 -1.1341	 -1.4195
 +5.0453	 -9.4011	 +2.0451	 -1.1605	 -0.8611	 -0.7660
-11.7073	 +0.4267	 -2.0175	 -0.7227	 +2.0869	 +3.3036
 -2.8133	 +0.0165	 +1.0082	 +2.2640	 +1.4962	 +0.3786
-13.9473	-26.4445	-48.1305	 -0.7419	 -0.8729	 -0.4613
 +4.4567	 +2.4335	 -6.7489	 -4.0837	 -0.3263	 +4.4981
 +5.4261	+12.7263	 -0.3656	 +0.6127	 -1.3264	 -1.2061
 +7.4747	 -7.8625	 +2.1212	 +1.7795	 +1.3082	 -4.0879
 -7.7064	+32.9402	-18.9549	 -0.4829	 -0.0454	 +2.2536
 +1.2579	 -2.6862	+17.8546	 -1.9149	 -0.4441	 +1.5281
-10.0986	+14.2946	 +1.2697	 -0.5275	 -1.4953	 -1.3254
-12.1420	-11.2109	-22.5513	 +3.1133	 +1.6751	 -0.6197
 +5.9110	 -3.3674	 -3.3122	 -2.3664	 -5.6948	 -0.6824
-13.2800	 -1.7425	-11.0876	 +0.6190	 -0.1803	 -0.4631
 -3.5839	 -0.4671	 +3.6127	 -1.2525	 -1.4757	 -2.6315
 -2.9737	 -5.9990	-10.2531	 +1.2620	 +3.4179	 -2.6497
 -0.4873	 +2.3723	 -5.2984	 -1.3122	 -1.7871	 -0.6079
 -7.0768	 +0.3648	 +4.7260	 +3.7780	 +3.0378	 +2.8904
-15.6250	-17.9368	+21.5833	 +3.1128	 -0.3949	 -0.8251
 -7.4227	-13.6612	 -0.6799	 -0.4387	 +1.4107	 -0.3046
+26.2123	+10.6834	+18.0261	 +1.1193	 +1.8538	 -0.2771
 +2.3772	 +1.3465	 -9.3641	 +2.4857	 -0.2935	 -3.8659
 -4.4652	 +3.0337	 -3.4945	 +2.7787	 +5.5858	 -1.7075
+474.6698	+387.8262	-227.3839	 -0.2782	 +0.6742	 +0.3144
-138.9329	+99.1523	+199.9106	 -0.1117	 +1.1378	 +0.4426
 +9.6509	 -3.0642	+10.1827	 +4.3629	 -1.3552	 +0.6855
 +6.1230	 +1.5667	+20.3801	 -1.7359	 -1.1687	 +0.4953
 +0.6134	+10.5257	 +7.3420	 +0.0099	 +2.7044	 -2.3281
 +4.8207	 +4.4539	 +0.4400	 +4.0118	 -2.4846	 -2.6538
-73.5839	-15.9602	-10.3556	 +1.3293	 +0.1782	 -0.7498
 -4.3916	 +0.4043	 -0.0005	 -3.0548	 +1.2221	 -2.2505
+45.6755	-22.1567	-43.9135	 +0.5494	 -0.7248	 +0.2276
-15.1872	 +8.1802	 -7.4031	 +0.3139	 -0.9352	 -2.2232
 -0.5419	 +0.1585	 -1.2487	 -2.1713	 +4.2762	 -1.4358
 +3.8378	 -1.3004	 +0.2202	 +4.4763	 +1.9057	 -1.9224
 -0.4295	 -9.0296	 -1.2525	 -5.0701	 -1.3040	 +0.5763
 -3.4764	 +0.0515	 -0.7436	 +2.0916	 -2.6436	 +2.6352
 +0.7157	 -4.1510	 +2.8780	 -1.8882	 +3.2244	 +1.0854
-16.5803	 +1.1171	 -3.7124	 +1.1320	 +0.0318	 -3.0802
 -8.5728	 -4.1628	 +2.9631	 -1.7652	 +0.0097	 +0.5783
 -8.1622	 +0.6408	 -8.0717	 -2.4504	 +1.8275	 +1.1286
+12.1556	-12.9528	 -0.3536	 -1.7407	 -0.2408	 -2.5611
+13.9261	+32.3428	-162.8662	 +0.0700	 -1.1585	 -1.3158
 +7.8730	 -2.1447	 +6.5591	 +3.0074	 +2.0874	 -0.3828
 +6.0729	 -3.9335	 -9.2466	 -1.5485	 +3.4046	 -1.0275
 -5.7743	 -7.6929	 +2.5582	 -4.1463	 +0.0192	 +0.1724
 -2.6091	 +1.4420	 -2.0097	 -0.6260	 -3.3625	 -1.3670
-17.6191	+24.7294	-35.7039	 -0.5381	 -1.1089	 +0.6786
 -3.0404	-10.8172	 -7.8831	 +4.9729	 +1.3226	 -1.2578
+19.4935	-15.6228	+15.5821	 -0.8876	 -2.7359	 +1.2152
 +3.0281	 -3.1187	 +5.1845	 +1.8632	 -3.8044	 -1.1950
+12.9112	 -9.3658	-12.2428	 -1.7108	 +0.0214	 +1.5537
 +0.9483	 -4.2201	+10.9967	 +1.3814	 +0.8180	 +1.5261
 +9.9506	 -8.6266	 +6.1905	 -3.1515	 -1.2594	 +2.5597
 +0.6183	 -1.9401	 -1.9797	 +0.8678	 +1.6806	 +1.3073
-31.8979	 +4.8738	-37.2355	 +1.9593	 +2.2150	 -0.1088
+58.1046	 +5.7892	+20.7982	 +0.6017	 -1.9120	 -0.1916
 +1.5085	 +5.7821	 -2.0506	 -0.2651	 +0.7540	 -4.2175
-28.3937	-70.9925	+45.8239	 -1.2895	 +0.9606	 +0.9839
 +3.8538	 +9.3416	 -7.9568	 -1.0379	 +3.1425	 +0.6380
+19.8634	 +7.4532	 -3.8812	 +0.4854	 -1.0909	 -3.3124
 -4.0257	 -3.0553	 -2.1850	 +4.8061	 +3.4212	 -2.1672
 +1.8728	 -4.5042	+10.7804	 +1.1659	 +3.0606	 -1.1799
 -0.0135	 -5.5683	 +0.1459	 +6.1418	 +1.2575	 -2.1392
 +2.6699	 -2.7506	 -1.4979	 -5.6814	 +2.2692	 -0.6074
 -7.5813	+12.4713	 -6.8286	 +0.5334	 -0.6909	 -0.7765
 +6.6574	 -2.6111	 -8.2629	 +1.1156	 -3.7270	 -1.4230
 -9.5287	 -2.3355	-17.2871	 -1.1797	 +1.7326	 +1.2103
 +2.0507	 +8.1549	-14.7929	 +3.1615	 -0.2728	 -2.7626
 +7.8216	 +2.9088	+28.8470	 -2.7958	 +1.1588	 +0.9079
 -6.4812	 +2.9038	 -6.6793	 +1.7302	 -2.0302	 +4.0211
 -6.4850	 +3.3561	 -0.9837	 +0.5763	 -0.0600	 -1.4215
 +0.9009	 +1.4710	 -4.3122	 -3.8949	 +3.2772	 +2.6602
-18.6340	 +1.2670	 +9.6235	 +3.6965	 -2.3395	 -1.4335
 +5.7000	 +1.9377	 -2.3572	 -3.3397	 +1.1176	 -0.0526
+14.7221	 +8.6165	 +4.8544	 -0.7242	 +1.5472	 -0.0969
 -7.8142	 -4.6690	 -5.0015	 +1.9635	 -0.7894	 +4.1190
 +1.6165	 -2.9048	 +5.2566	 -4.9045	 -1.1391	 +2.5870
 -3.4454	 -2.2661	 +1.4624	 +1.5838	 +1.1745	 -3.4722
-16.2188	 -2.5348	-16.0186	 +0.1576	 -2.8356	 +2.4684
 -2.3683	 -1.2346	 -4.7245	 -3.3796	 +0.9200	 -0.1203
 +3.4199	 -4.2207	-14.2455	 +2.7966	 -1.5767	 +0.2765
-15.8786	 +1.9291	-15.5147	 +0.0300	 -1.1355	 -2.2867
 +2.3204	 +0.9283	 -2.9522	 +0.4085	 -0.7127	 +2.0647
 -4.0590	 +1.4320	 -9.6553	 -0.9177	 -0.5864	 -5.1943
+29.5062	-13.4169	+25.2539	 -0.5640	 -0.4190	 -0.4689
 -5.6750	 -0.4869	 +3.4179	 -0.3507	 +2.5977	 -1.4733
+53.9933	+26.5305	-26.1828	 -1.8978	 +0.9822	 -0.1692
-15.1490	-13.1261	 +2.2123	 -3.0292	 +1.5777	 -2.2945
 -6.8849	-24.2167	 -9.9953	 +1.5668	 +1.2029	 +1.4262
 -0.3623	 -7.1323	 -2.7037	 +1.2639	 -1.8570	 +1.8719
 -2.2878	 -5.0747	 +1.5832	 -0.1091	 -3.7892	 -1.7650
 -2.3225	 +4.3816	 -3.4283	 -4.4459	 +0.9908	 -1.9954
 +3.4719	 +4.1286	 -8.8435	 -1.5671	 +3.7085	 +1.0675
 +6.8200	 +4.1996	 +5.3736	 +0.6318	 -0.3178	 -0.7624
+14.8828	+19.3642	-21.8350	 -0.6070	 +1.2901	 -1.4377
 +9.1643	 +0.0417	 +2.4648	 +2.2047	 +2.6755	 -4.4162
 +2.9107	 -2.7225	 +0.9221	 +0.9790	 -2.1099	 -2.6701
 +1.3297	 +4.8411	-10.6187	 -0.0518	 +1.3287	 +1.7504
 +1.5691	 -1.2388	 -5.8551	 +0.4707	 +1.7148	 -1.0597
 -9.4882	 -8.6312	 -0.6957	 -3.7548	 -1.2622	 -2.2322
 -4.7326	 +4.7848	-11.7633	 +1.7969	 +1.0294	 -1.0570
 -4.4318	-11.5162	 +5.6266	 -1.5633	 -4.3004	 +2.0742
 +1.0222	 -1.5640	 -8.6777	 +2.1427	 -0.2214	 -0.1118
 -0.4456	+25.1050	-30.6544	 -1.5789	 -0.6312	 -2.0389
 +2.3920	 -4.2487	 +6.5463	 +0.0552	 +2.2215	 +3.6019
 -0.0882	 +9.8097	 -0.2515	 +1.9027	 -1.1666	 +1.3768
 +6.0886	 +3.0516	 +0.2204	 -0.7635	 +1.5831	 -0.6214
 +8.1918	 +5.2505	 +5.5923	 -2.6494	 +3.3896	 +0.4787
+31.6137	-101.2476	-36.4387	 -1.3265	 +0.1900	 +0.9642
 -7.6032	 +9.7594	 -1.5035	 -0.0812	 +2.8359	 +2.5193
 -9.1425	 -5.6709	-11.4378	 +2.3855	 +3.4278	 +0.3046
 -8.3999	-22.9794	-21.0674	 -1.5570	 -0.8623	 +2.5895
+26.4992	 +4.7225	 +5.9900	 -0.9680	 +1.3956	 -1.6613
 -2.8572	 +6.1990	 -2.1405	 -1.6006	 -1.1646	 +3.1417
 -5.4813	 +3.2064	 -0.2776	 -4.1934	 +4.1442	 +0.3051
-18.6105	 -5.2272	 +1.4644	 +1.3086	 -0.9930	 +1.5332
 -0.5856	 -1.8336	 +0.7927	 +2.9785	 -3.4393	 -0.1181
 -6.8984	 -2.4852	 +3.1962	 -0.2799	 +0.3273	 -0.6809
-14.5187	+20.6150	 -7.1245	 -2.9379	 -0.7362	 +3.0520
 +5.2686	+49.4554	-35.9250	 -2.0375	 +0.9061	 +1.1021
 -4.6436	 +1.2515	 -3.8835	 +5.5680	 +1.1715	 +1.9701
+11.7646	 +5.5013	 -5.5657	 +1.5786	 -2.1784	 -0.5990
 -1.0479	-10.9738	 +2.9179	 -2.4514	 -0.8015	 -1.5596
 +4.0848	 +3.1917	 -6.3851	 -2.0029	 +3.2678	 -1.5616
 +6.6398	 +0.7808	 -3.8693	 -5.6597	 -0.5004	 -2.8064
+20.3554	-11.4008	-18.4697	 -0.4559	 -0.1643	 -1.3494
+119.4665	 +5.0316	-43.6215	 +0.3234	 +0.1495	 +0.6840
+18.1779	+13.6718	 -6.5477	 +0.5593	 -1.3617	 -3.9128
 +4.0485	 -7.8786	 +2.4175	 +1.8460	 +0.2718	 -0.7990
 +5.9553	 +0.7231	 +3.0660	 -3.0808	 -2.2395	 +1.5537
 +4.7285	 -8.1204	 -0.7645	 -1.4234	 +0.5491	 -1.4040
+33.3294	-32.8029	 -6.0867	 -0.7935	 +0.0487	 -0.5743
 +1.9810	 +3.8581	 -1.9172	 +2.4030	 +4.4285	 +1.4334
-14.4653	 -9.2451	 -2.5794	 -1.3188	 +0.6182	 -2.4235
 +3.2793	 -2.2821	 -0.9611	 +1.7279	 +2.3014	 -4.3949
 +1.7898	 -4.9758	-11.5750	 +1.2298	 -0.0961	 -2.2126
 -2.4269	 -0.3257	 +1.9974	 +2.9882	 -1.2483	 -0.5240
 -2.6103	 +0.0987	 -6.2697	 +3.6896	 +1.8108	 +2.1857
 +1.4658	 -0.3519	 +2.0106	 -0.8983	 -4.7226	 -3.3974
 +7.2041	 +6.5741	 +1.4653	 +0.0805	 -1.6686	 -1.5460
-11.8390	 +6.3556	 +3.6808	 -0.2761	 -0.7820	 -1.2629
 -6.3174	 +4.0168	 -5.3877	 +0.0005	 -0.8015	 -0.8203
 +2.8128	 +9.3418	 -2.5807	 +0.8295	 +1.0401	 -1.0286
+11.0977	 +5.5512	-10.7920	 +0.8121	 +0.5682	 +2.0816
 -3.5945	 -5.9242	 -3.3729	 +0.7770	 +3.3447	 +2.8013
 -4.5805	 -8.6262	 -7.4452	 -0.8170	 -1.6005	 +4.1493
 -5.6648	 -2.4255	 +7.5256	 +0.7649	 +3.3177	 -1.7698
 +2.6466	-10.4313	 +0.0733	 +0.5018	 -3.5597	 -2.0937
 -1.2380	 -8.0627	+17.6901	 +1.9055	 -3.3189	 +0.9182
 +5.8968	 +3.8673	 -4.9173	 +1.4109	 +2.9643	 +1.8082
 -1.2881	 -2.3494	 +0.0315	 +2.4580	 +0.0954	 -1.6662
-48.4546	 +8.0715	 -0.3333	 -2.0939	 -1.5096	 +0.4317
 +3.7440	 +3.6630	 +4.5253	 -0.0462	 -1.4812	 +2.2671
 +0.7216	 -0.0698	 +2.5172	 +2.0303	 +6.4632	 -1.1630
+10.9713	 -7.3689	 -3.8210	 +3.0012	 -2.1091	 +0.4039
 -6.6991	 -6.6461	 -2.1001	 -0.7745	 -2.5100	 +2.0953
-16.4113	 +7.3405	 +1.8809	 +0.1802	 +1.5220	 +1.0357
-31.9878	 -9.5632	+42.0380	 +0.2122	 +1.0976	 -0.4441
 +1.3853	 +0.3192	 +1.7598	 -5.5572	 -0.4066	 +3.8530
 -0.8797	 -9.7750	 +6.3813	 -2.3465	 +1.0825	 -2.0243
-39.8553	-31.6184	-24.2979	 +1.5612	 +0.3313	 +1.4767
-19.7929	+20.2941	 +4.6645	 +1.7061	 +2.3228	 +0.7983
-13.4235	 +2.8756	-10.9169	 +1.1445	 -4.2864	 +1.3695
 +8.9768	 -5.5069	 +2.1976	 +1.3030	 -1.4874	 -0.3588
 -2.2081	 -3.2027	 -5.1375	 +4.6661	 -4.0842	 +0.7615
+1871.0186	-30.5576	+790.1949	 +0.2213	 -0.2337	 +0.0662
 -6.1447	 +3.8070	 +6.3265	 +0.2972	 +0.3559	 -1.8450
 -3.0049	 -6.2684	 -2.6080	 +5.8161	 +0.8933	 -1.0898
 -0.8593	 +2.2787	 +4.1080	 -1.5559	 +0.7240	 +5.6608
+26.0369	-16.3253	-14.6639	 -0.9901	 -0.0355	 +1.4520
 -5.5352	 -5.3349	 +1.2537	 +2.1625	 +3.6270	 +2.2049
-54.8419	-47.0674	-69.0810	 -0.9157	 -1.3455	 -0.3198
 +4.6495	-12.4141	-23.7822	 -0.0580	 +3.5888	 +1.0247
+20.9373	 +3.9557	+22.8857	 -2.0866	 +2.1159	 -1.4884
+19.5430	-27.7324	 +9.7972	 +1.1375	 +0.4350	 +0.4432
 -9.2330	 -1.7908	 -6.7093	 +0.9451	 +0.2975	 +0.1977
+12.9598	+27.1744	 -9.8611	 +1.5726	 -2.3526	 +0.4141
 -9.3320	+21.0161	 +3.4250	 -0.1284	 +0.3875	 -0.1466
 +4.4137	 -6.1670	 +0.1053	 +1.9094	 -2.3119	 -0.9361
 -0.3506	+10.1905	 +6.5771	 +0.8994	 +0.8725	 -0.2452
 -0.5324	 +2.6370	 -7.1953	 -0.0567	 -4.0250	 -4.9035
 -4.2264	 -3.1606	+13.6771	 +0.7042	 -1.1188	 +0.3482
 +1.3205	 -3.5120	 -7.2585	 +2.7047	 +1.7908	 -1.4058
 +5.9541	 -0.8411	 -7.5565	 +1.9290	 +1.3152	 +3.4317
 +1.1103	 -4.3914	 +6.3758	 +3.2354	 -3.4164	 -0.0928
 -4.0959	 -1.0865	 -1.9078	 +4.1923	 +2.2242	 +1.4544
+21.4325	+14.9278	-24.8162	 -2.6082	 +0.1386	 +0.9032
 -1.5123	 +5.0177	 -2.3085	 +2.1643	 +2.6915	 +3.7556
 -2.4884	 +0.5563	 -2.2587	 -3.2995	 -1.6471	 +2.1635
 -0.8467	+14.0541	+13.0819	 +0.1356	 +2.4495	 -3.7210
 +2.7277	 -4.1074	 -6.2865	 -2.6232	 +2.7095	 +1.1134
-11.1136	 -2.1725	 -0.7029	 +1.7994	 +0.4581	 +1.2592
 -9.1352	 +6.8879	 -4.1989	 +1.6651	 -0.8509	 +2.2033
-13.2473	 +1.9350	 -3.7796	 -2.0059	 -2.5565	 +0.9792
+11.2431	-11.6731	 +0.5544	 +0.1632	 -0.2376	 -0.6185
 -1.3420	 +7.6581	 +5.5313	 +1.5421	 -1.2654	 -2.5305
 -5.7912	 -1.1746	 +0.9278	 +2.7500	 +2.6143	 -1.1113
-14.3963	 +8.2604	-16.7822	 -3.0449	 +0.4803	 +1.5839
-22.8585	 -4.3982	 +7.0481	 -2.4805	 -1.0273	 -2.4742
 -8.5800	 +4.6168	+11.7362	 +0.2098	 +1.0583	 -0.4402
-134.8165	-41.4596	+71.1127	 +0.6402	 -0.9582	 +0.7067
 -2.1639	 -0.4605	 +0.7793	 -1.0080	 -1.2255	 -1.6471
 +1.6078	 -7.5036	 -0.4531	 -4.2526	 -0.4557	 -1.7411
 -9.4888	 -2.8027	 +5.4020	 +3.9546	 -2.9111	 +0.8098
 -7.0586	 +3.0900	 +1.3355	 +1.0521	 +2.4262	 -5.2850
-11.4397	+10.4110	-15.1044	 -2.0721	 +1.1376	 -0.0172
 +7.3690	 -1.4218	 +2.7120	 -0.7856	 +4.8568	 +1.0320
 -5.7526	 -2.8840	-13.0827	 +0.2914	 -2.6141	 -1.5779
-114.0481	-104.0795	+101.6603	 +0.3704	 -0.2818	 -0.0959
-20.0713	+31.0265	+25.8944	 +1.9548	 +1.5988	 -1.2875
-18.7550	-27.1690	 +5.3321	 -1.7365	 +0.1204	 +2.4353
-30.2608	+10.0189	-21.4596	 +1.3131	 -0.2813	 -2.7653
-11.3105	-24.0547	 -6.8194	 -2.2561	 -0.2210	 -0.7381
 +1.0993	 -1.0386	 -2.8937	 +1.9586	 -1.8174	 -3.0127
 -3.9324	 -0.2798	 +0.2339	 -0.1806	 -1.1730	 +2.8319
 -8.7925	 +3.5560	 -2.8104	 +3.7268	 +1.7144	 -1.9736
 +5.7427	 -7.7826	 +7.2788	 -0.8265	 +0.5613	 -2.5027
-23.8499	 -6.1745	 +2.9703	 -0.4159	 +0.5849	 -1.2820
-17.3295	 -8.3875	 +9.5276	 +0.8759	 -3.2051	 -0.6517
+22.6854	-98.1244	+21.6972	 -0.9516	 +1.1862	 -1.1707
 -9.1547	 +2.4519	 -2.3865	 -2.8340	 +2.1906	 +4.1205
 -0.5127	 -2.3980	 -7.3273	 +1.2842	 +0.5977	 +0.3816
 -2.8578	 -3.1953	 -2.3922	 +2.4888	 +1.3645	 -1.5765
 -2.5503	 +1.8346	-12.3508	 +0.5173	 -2.8623	 +1.9384
 -3.6112	 +5.2212	-10.0897	 -2.8964	 +2.6448	 +0.0502
 -9.6223	+12.7018	+18.3186	 +0.0694	 -2.5033	 +0.2910
 +8.0910	 -2.2336	+21.3067	 -0.6000	 -0.5593	 -1.2614
 -3.5049	 +9.0565	 +8.8022	 +2.8050	 +1.4203	 -4.8835
 -2.6441	 +3.1314	 -2.7930	 -2.8720	 -2.5015	 +0.0631
+10.0224	 -4.7112	 +1.1457	 +2.3952	 -2.4668	 +2.0102
 -4.8888	 -3.6650	 +2.9263	 -0.2906	 -3.7203	 -3.0713
 +2.2800	 +0.2757	 -5.4300	 -0.7942	 +0.6079	 +1.1470
-13.6504	-21.0802	 -6.1485	 -0.7009	 +4.0275	 +1.3136
 -1.5827	 -4.3866	 +0.0302	 -1.2626	 +1.5315	 -7.0149
 -4.7274	 +1.9658	-14.3206	 +0.3115	 -0.8445	 +1.5548
 +1.2832	 -4.0370	 -3.7182	 +1.4557	 +3.2216	 -1.6297
 -3.7421	 +9.8154	 +2.8324	 +1.2123	 +1.6101	 +0.4276
-156.4408	-52.3721	+202.1834	 +0.5199	 -0.6827	 +0.2381
 +2.5864	 -3.8868	 +1.1642	 -0.5914	 -0.1010	 +0.1090
 +5.7637	 -7.6977	 -7.3164	 +2.1240	 -1.3130	 +0.9543
+11.9844	 +3.1293	 -4.0453	 -0.8730	 +0.6611	 +2.3214
 +2.1964	 +5.1349	-11.1899	 +0.6316	 +4.6048	 -0.1242
 -2.4046	 +1.4191	 +6.7493	 +0.2707	 -0.0265	 -2.8673
+32.2291	+38.4857	 -0.8494	 -0.7807	 +1.8300	 -1.9310
 -5.9615	 +4.5829	 +7.7025	 +1.9922	 +0.7736	 -2.9861
 +3.3240	 -7.5344	 +7.9284	 +3.6086	 +0.4984	 -1.4562
-11.7500	 +3.3575	-20.7324	 +2.9052	 +0.6721	 +0.4159
 +1.5684	 +9.4595	 -9.6128	 +0.3472	 -1.2531	 -1.1277
 -5.4152	 +2.8052	 +3.4876	 -2.2825	 -1.4393	 -1.1186
 +1.0933	 +9.3821	 +4.1030	 -3.0261	 -0.2800	 -0.1994
 -0.2003	 +1.3513	 -5.9172	 +0.2154	 +0.1487	 -0.6324
 -8.6161	 -6.0716	 -9.6566	 +1.4474	 -1.1485	 -0.0592
 -3.5722	 -6.7061	 +9.7492	 -0.0520	 -0.2514	 -0.3376
+10.8466	 -2.2936	 +1.0816	 -2.0015	 -0.3572	 +2.8110
 -5.0182	 +1.6383	 -1.7249	 -2.1617	 +1.3425	 -0.4364
 -3.2718	 -3.8408	 -5.1758	 +1.9807	 -0.9859	 +2.7430
 +6.1889	 +0.2309	-10.6938	 -0.6689	 +1.4968	 +0.0031
 +0.4060	 +1.5854	 -6.0495	 -0.5052	 +0.0998	 -1.3559
-16.0724	-14.8362	+15.3431	 +1.3612	 +1.3560	 +3.7623
 +1.1903	 +0.1762	 +1.4953	 -0.4759	 +0.4047	 -1.0393
+12.6163	 -7.8719	 -4.5741	 -0.9332	 -2.2470	 +1.0813
 -7.3519	 -9.9563	 -6.2496	 -1.9398	 +0.7328	 +2.1656
-15.2942	 +1.3252	 +8.0553	 +2.7961	 +1.0217	 -1.7665
 +0.1220	 -7.8112	 -1.3270	 +3.7582	 -0.7566	 +2.0162
 +7.0917	 -4.9728	 -8.3314	 +3.2137	 -3.1520	 +2.2073
 -5.8481	 +5.9082	 -2.2267	 +0.8040	 +2.5025	 -1.8844
-14.8199	+27.5243	-43.1948	 +0.5586	 +0.3437	 -1.2491
 +8.5747	-12.1060	-50.9911	 -0.0810	 +0.9922	 +0.4265
 +2.0752	 -3.2056	 -5.3369	 +3.4363	 -0.0538	 +1.2480
-16.4354	 +0.9308	 -8.4807	 -1.9820	 -2.6537	 -1.8975
 -0.9475	 +0.5767	 +2.3526	 -3.0194	 +1.9649	 +0.9125
-12.4747	-14.3344	 -6.0236	 +1.1307	 +3.2679	 +0.1671
-19.1993	-71.6380	 -3.1033	 +1.2575	 +0.7634	 -0.6939
 -0.2697	 +0.8406	 +8.2768	 -1.7811	 -3.2540	 +1.5057
 +2.5316	 +5.3737	 -5.4959	 +2.8500	 -3.2053	 +2.2826
+18.6711	 -6.4809	 -3.8685	 -1.3723	 +1.4448	 -4.2861
 -6.7876	+10.1168	-13.3883	 +3.5381	 -0.1960	 +3.1355
 -5.4015	 +3.6029	-19.2587	 +1.8367	 -1.0565	 +0.2073
-11.5193	 -0.6899	 -9.3059	 +2.1273	 +1.6015	 -0.4708
 -5.2485	 +2.9762	 -1.2475	 -4.5310	 +4.0973	 +0.9511
 +2.1306	 -0.9422	 -3.4926	 +3.5761	 +4.7213	 +1.5860
 -3.9796	 +1.1180	 -2.4498	 -4.5131	 -1.1611	 +2.2700
 -7.2265	-22.4984	-14.3504	 -0.6671	 -0.1527	 +2.3975
 -3.8503	 +3.1729	 +1.1195	 +3.1036	 +1.7533	 +1.6294
 +4.5233	+15.5771	 +7.4028	 +0.1664	 -2.7951	 -1.1749
-58.5868	 -4.6638	-10.3513	 +0.2409	 +1.2575	 -1.0712
 -3.8871	 +1.1208	 +0.7372	 +1.6885	 +1.4291	 +2.1622
 -1.0208	 -0.3164	 -8.2010	 +3.4310	 +2.7017	 -1.4476
 +6.0286	 -6.9840	 -3.6183	 +1.3170	 +3.4843	 -0.1384
 +1.9288	 -0.2942	 -6.5601	 +1.2993	 -3.4409	 -1.3917
 -3.3883	 -5.0770	-13.9064	 +3.2844	 +2.1379	 -3.1059
 +0.7483	-11.7049	-25.0679	 +0.5585	 +1.9834	 +1.9580
 -8.8308	 +7.1958	 +1.2115	 -0.3878	 +0.1779	 +5.4277
 -6.7615	 +1.8109	-12.5350	 +4.2915	 -0.1898	 -2.3352
+10.1735	 +0.5864	 -3.3575	 +2.8719	 -2.3643	 -1.0467
 +2.9144	-29.9002	-20.2144	 -0.6751	 +0.4957	 -1.0693
-10.6909	+19.9213	 -0.6156	 -1.2772	 +0.7533	 +2.4035
 -4.5789	 -0.1542	 -2.1693	 +0.9946	 +2.3715	 +2.5855
 +1.3511	 +2.1876	 +5.6627	 -1.6771	 -4.1896	 +0.4233
 -7.2966	 -8.7938	 +6.9342	 +0.0119	 -2.7923	 +2.1860
 -2.5407	 +6.8693	 -5.3853	 +0.8909	 -4.1093	 -3.0468
 +4.0052	 -1.7059	 +5.7880	 -2.6498	 +2.1042	 -2.0062
 +2.9118	 +1.1351	-11.2806	 -5.0369	 -1.1818	 -0.1947
 -0.5498	 +7.7096	 +4.2284	 +1.3515	 +3.3776	 +2.2572
+34.2577	 +6.6384	 +4.0545	 +1.0182	 -0.0623	 +0.8071
-23.6707	+12.6942	 +0.5378	 +0.7951	 +0.2289	 +1.8309
 -4.3018	 -4.3648	 -8.2684	 +0.4672	 -0.7764	 +1.5218
 +5.2369	-20.6976	-19.2944	 -0.9151	 -2.5148	 -1.9673
 +6.3385	-12.7560	 -3.9522	 -0.6772	 +3.2148	 -2.3250
+10.4601	 +9.2852	 -3.9915	 +0.8227	 -1.4158	 -2.1644
-34.1613	 +7.8694	 -2.3135	 +2.4470	 -0.1046	 +3.3245
 +5.0537	 +4.1042	 -0.2977	 +0.3017	 +3.8649	 -1.0031
 +8.4703	 +7.0000	 +5.5741	 +0.3497	 -3.0350	 +0.2008
 -3.6068	 +6.5743	 -0.3870	 +4.1394	 +0.6692	 +2.9558
-12.6180	-10.7612	 +8.1654	 -0.4902	 -1.8623	 +1.6556
 -9.8846	 -1.4421	 +1.1926	 +0.4888	 -4.3286	 -0.7603
 +1.1437	-12.8750	 -7.9439	 +2.8172	 -1.9327	 -1.6290
 +0.6651	+15.3814	 -2.4408	 +3.6648	 +1.3940	 +1.6646
+16.9072	+12.7678	-15.6632	 +2.6598	 -1.5736	 -0.0304
-18.9517	 -5.6456	+15.5610	 -0.6147	 +2.8091	 +2.4185
+30.8903	 -7.8204	+67.4836	 -0.0606	 -1.8402	 +0.6441
 +9.8038	 +7.0350	 +5.0476	 +1.7347	 -0.5358	 -0.3497
 -0.7180	-13.8216	 -4.0587	 +2.6846	 +1.1082	 -1.9727
 +2.4766	 -0.4281	 +2.6814	 +0.1483	 -1.4848	 -1.3349
-18.5861	+10.6555	-15.8726	 +1.5056	 -1.3257	 +0.7004
 -5.6370	 -3.8247	 -5.0980	 +3.4427	 +2.5333	 +2.3706
+24.2611	 +3.0957	 -3.7959	 +2.2692	 -0.4838	 -2.1203
-10.9957	-17.5571	 -4.1321	 -1.6171	 +1.9541	 +1.6719
-13.6851	+13.6424	-13.2024	 -2.1029	 +2.4774	 -2.4424
 -6.3105	-21.8498	 +9.1122	 -2.6408	 -1.2225	 +1.7562
 -2.7501	 +4.3365	 -1.1314	 -2.2469	 +0.7940	 +2.8254
+11.1350	 +6.3882	 -9.9553	 +3.6064	 -1.5251	 -0.1288
 -0.5861	-20.0061	+14.3517	 +1.5421	 +0.4637	 +0.3631
 +0.5926	 -7.6199	 -5.3996	 +1.5863	 -1.0118	 +2.5661
 +0.3561	 -5.9598	 +1.1190	 -4.7859	 +0.2239	 -3.0912
 -9.9535	 -2.9022	 +0.9776	 +0.0353	 +0.3887	 -2.3434
 -0.3142	 -0.9430	 +0.8398	 -3.7758	 -4.7932	 -2.4298
 +3.9156	 -7.3780	-15.2378	 -1.5725	 -1.5850	 +0.5922
+10.3570	 +2.6778	+27.8082	 -0.2090	 -1.8265	 +1.1406
 -3.5373	 -8.2806	 -2.6617	 -3.4706	 -1.5238	 +1.2244
 -1.6367	+12.2544	 +0.7270	 +0.6280	 +1.3755	 +4.3592
 +5.3403	 +2.4038	 -5.2039	 +1.2501	 -0.7837	 -3.0260
-11.3293	 +2.1654	+14.3521	 +2.1720	 +0.0295	 -2.1414
 -4.4297	 -4.0579	 +4.9111	 -3.3797	 +0.1944	 +2.8393
 +3.7145	 -0.8616	 -0.2064	 +0.5237	 -1.0182	 -2.9519
+33.9506	 +8.4799	-19.2996	 -0.5360	 -1.1449	 -0.1028
 -5.2672	+12.0094	-26.6130	 -3.2219	 -0.2965	 -1.4990
 +1.3744	 +1.4983	 +1.0941	 -4.0647	 +0.8973	 -1.6482
 +0.2812	 -4.4332	-10.3516	 +3.9353	 -0.3590	 +0.6804
 -0.7291	 -0.9415	 -2.2046	 -0.1584	 +6.1516	 +1.4188
 -6.4966	 +4.8668	 -1.9829	 -0.4381	 +2.5679	 -3.7807
 +1.4876	 +9.8092	 -1.5338	 -0.4582	 -3.4906	 +2.8577
+14.3784	+11.5081	 -1.9305	 -2.9182	 -2.0057	 -1.4031
+25.1121	 -0.3011	 +6.1894	 -2.0046	 +0.8445	 +0.6332
 -0.7699	 +1.2303	-11.1751	 -0.9544	 -1.2190	 -1.3637
-12.8697	 +0.8697	 -2.1405	 -2.4652	 -0.9749	 -2.6103
 +0.1154	 +0.9009	 -4.4578	 +1.4016	 -0.0889	 +1.6651
 -2.1217	+12.2064	 -2.1920	 +1.9028	 -2.7713	 +1.8431
+17.9233	-63.4015	-33.5461	 -0.4221	 +0.8835	 +0.6776
 +1.8855	 +9.9838	 +8.1744	 -0.3833	 -3.1107	 +2.6456
 +1.5743	 -3.0738	 -5.1324	 +1.7159	 +0.6295	 -1.1934
 -7.3259	 +3.2857	-11.3591	 +1.6140	 -0.4376	 -0.4615
+11.1368	+18.6419	+29.6135	 -0.9899	 +0.0962	 -0.9319
 +0.6716	 -1.2696	 -0.6387	 +2.9999	 -6.0780	 -0.8993
 -0.0203	 -2.3192	 +4.8063	 -2.5563	 +3.1251	 -2.3533
+16.2778	-19.2466	+22.3100	 -0.6722	 +1.2005	 -2.0057
 +1.3419	 -7.2296	 +1.0449	 -2.7195	 -1.5279	 +1.4416
-72.2833	-57.9573	+27.9169	 +0.5354	 +1.2360	 +0.5286
-13.5520	 -4.3078	-12.5764	 +2.2553	 -0.5223	 +0.4140
+60.6148	+43.0940	+41.8646	 -1.2165	 -1.2505	 -0.3337
 -5.4841	+10.3492	 -7.6371	 -1.5132	 -2.4201	 +2.9892
 +9.9331	 -6.2269	 +0.4665	 -0.5656	 -2.2462	 +0.3834
-109.3828	+51.5009	-21.7124	 -0.5393	 +0.7797	 +0.2649
 +3.6028	 -4.2773	-15.3376	 -3.3565	 -0.0070	 +1.4823
 +6.5347	+11.1392	 +4.2827	 +1.8224	 +0.0796	 -0.6191
 +5.2960	 +0.9190	 -3.3597	 +1.6346	 +0.5828	 -4.0199
 -2.1705	 +1.9168	 -5.3940	 +1.3672	 +3.1501	 -1.9802
 -0.0463	 -3.5385	 +1.1383	 -2.4469	 +1.1310	 -2.1579
 -8.3502	 +8.1297	 -3.7033	 +1.4897	 +4.2344	 -2.0180
 -1.0435	 +0.7682	 +0.1855	 +4.6131	 +3.5435	 +0.2147
 -6.9973	 +2.7249	 -1.1997	 +2.5765	 -4.5481	 +1.1660
 -6.1485	+10.0640	-12.2634	 -0.6254	 +5.0191	 -0.1739
 +6.0780	+11.1499	-11.4939	 -0.1107	 -0.6103	 +1.2653
 +0.4814	 +0.0510	 +0.4307	 -1.2083	 +2.4383	 -1.3171
 +3.5225	 -3.4754	 -3.1277	 +1.1943	 +2.2108	 -2.6688
 +3.6778	 +2.8021	 -3.1254	 +2.7063	 -1.5833	 +3.8470
-33.2863	+10.7576	+12.4722	 -1.3989	 +1.0635	 +0.5663
 -7.4358	 -4.0621	 +4.5680	 +2.6715	 +4.6168	 +2.8471
 -1.8538	-11.9721	 +8.3067	 -1.3635	 -4.7806	 +2.3395
-15.0789	 -4.0320	 +3.0202	 +1.1190	 -0.9385	 +4.0632
 -1.3371	 +1.0072	 -5.8792	 -2.3301	 +1.2570	 -2.5150
+10.0721	+15.4164	-21.4385	 -1.1399	 +1.1177	 -2.6522
 +0.0047	 +8.2231	 -7.8538	 +3.6917	 -1.3383	 -0.7104
 -9.8032	 +1.9108	-14.4656	 +0.9115	 +0.8430	 -1.3747
 +2.9100	+11.9628	 -1.4425	 +0.4966	 -2.3716	 +1.5110
 +4.1531	 -1.5289	 +4.1863	 +0.6114	 -4.4499	 -1.7352
 -8.0965	 +3.8474	 +6.7272	 -0.6165	 -0.0746	 +0.8897
-14.8052	 -2.8891	+15.8684	 -0.6365	 +1.3169	 -0.9610
-43.7116	+10.1585	 +4.2506	 -2.4152	 +1.5141	 +0.8362
 -0.1074	 +3.3452	 -1.8561	 -0.9314	 +0.6307	 +0.9057
-26.5082	 +9.7644	 +8.9873	 -1.1263	 +4.6391	 +0.2469
 -9.3349	-11.1722	 +7.0844	 +0.8325	 +0.7313	 -0.7596
 -4.3905	 -0.8630	 -2.8735	 -4.6131	 -3.3231	 -2.5026
 -4.7591	 -0.7468	 +2.9728	 +0.1076	 -1.2367	 +1.2611
-15.5403	-51.3004	+32.1853	 +1.8918	 +0.0210	 +0.8712
 -2.9069	 +9.2846	 +0.8055	 -1.9668	 -1.1728	 -1.6393
 -1.1250	 +0.6006	 -7.2905	 +4.7121	 -0.4150	 +1.0690
 +1.7989	+16.3034	+14.6099	 -1.8425	 +0.2923	 +2.0413
 +5.1493	+14.6950	+16.6336	 +0.4477	 +1.8831	 +0.7903
 -0.5979	 +6.2485	 -4.8874	 -0.7081	 +1.7658	 -3.4676
 -4.9927	 +6.8426	 -1.1961	 +1.3015	 +1.3656	 -0.8756
 -2.2486	 -2.2946	 -5.9753	 -1.6097	 -0.5844	 +3.7954
 -2.9419	 +3.0610	 -2.3199	 -0.2404	 +0.7638	 -1.2674
+10.6370	-12.0178	 +2.6555	 +1.0531	 -2.8650	 -0.7047
 -2.1531	 +0.1275	 -1.4912	 +0.2660	 +2.9977	 -3.9294
 -2.6040	+22.1131	 +0.0369	 +1.8028	 -0.2124	 +2.7008
 -6.4548	 -4.8263	 +1.2602	 -0.7717	 -3.2393	 +1.1871
 -5.5628	 +2.7563	 -0.6442	 +0.5708	 -0.7791	 +1.6865
+19.3060	+14.1834	 -2.9370	 +0.5500	 -2.1033	 +0.3351
-11.6913	 -2.1008	-11.5576	 +2.5641	 +0.1744	 -0.7985
 -2.1057	 -1.6047	+12.1840	 -1.2730	 -1.3035	 -2.9117
 +2.7508	 +1.6530	 -0.3170	 +0.9474	 +0.1233	 +2.0744
 +9.7524	 +9.2907	 +4.9321	 -2.0611	 +3.3499	 -0.0823
 +2.7695	 +3.2898	 +1.7952	 +5.5618	 -3.0354	 +0.5344
 -4.7160	+10.3781	 -5.4043	 +2.4920	 -1.9569	 -0.8608
 +4.6787	+15.2388	-17.3753	 -0.3286	 +1.4060	 +1.3483
+11.2901	 -0.3597	 -5.5504	 +0.9528	 -3.6796	 +0.3884
-10.8933	 +1.2922	 -2.1160	 +1.5697	 +2.1895	 -0.5649
 +0.0704	 +5.9823	 -8.0777	 -0.6389	 -2.8693	 +0.9970
-12.7838	 +3.7244	 +9.7286	 -2.4174	 -0.2007	 +1.8771
 +8.0375	 -9.3129	+36.1832	 -1.0395	 +0.8050	 +2.0255
 -3.0109	 -8.0151	 -2.3220	 -0.2484	 -1.9488	 -3.2978
-16.2377	 +6.3816	 +0.7785	 +0.1836	 +3.7015	 -0.0566
 +3.6122	 +0.7265	 -1.8514	 +1.3971	 +0.1422	 +0.2011
+17.4989	 -9.4273	 +8.6392	 -0.1856	 +0.6790	 -0.7355
 -1.1947	 -6.2773	 -0.8129	 +3.2091	 -1.5516	 -1.0647
 +0.0815	 -2.7905	-11.2316	 +0.6451	 +6.0498	 -1.5327
 -3.4902	 -3.2212	-11.7130	 -3.1239	 -2.1832	 +1.7514
-23.0610	 +5.3974	-40.4562	 +1.0588	 -1.1026	 -1.1363
+14.9250	+16.7871	+29.7020	 -1.0622	 -0.8916	 +0.7612
 +4.9573	 -2.2754	 -1.2039	 -0.3987	 +0.7702	 +0.9713
 +2.0706	 +7.3647	 +1.7609	 -2.0317	 -1.5348	 -2.2726
 -5.8142	 +8.2386	+23.7069	 -1.1885	 +0.7302	 -2.7483
 -8.5590	 -4.1053	-10.6324	 +2.6606	 -1.7149	 +0.0872
 -0.4390	 +2.4406	 +1.0823	 -5.1842	 -0.7258	 -0.0465
 -8.7934	+15.1507	+13.0337	 -1.6270	 +1.0700	 -0.1089
 +3.8679	 -8.4514	-11.3771	 +0.3671	 +1.2708	 -1.5751
 -4.5415	 -4.3610	 +6.0049	 +2.1165	 -4.7290	 +0.2158
 -1.9144	 -3.7227	 -4.7875	 -2.8464	 -2.1652	 -0.2350
 -3.8944	 +4.0967	-11.8414	 +3.4520	 -1.1386	 +0.1660
-18.7619	 +0.1654	-16.7502	 +2.6557	 +2.3202	 +1.1253
-12.5753	 -6.6948	 -1.5624	 +1.2862	 +0.5886	 +3.1488
 +4.6341	 -1.3893	 -4.0007	 +0.5320	 -0.6577	 -2.3425
 -5.2508	 -3.0988	 -2.2887	 +0.2122	 +2.3961	 -3.2868
 -2.8025	 +4.5688	 +2.6564	 +0.9416	 -4.4053	 -1.5644
 -1.4931	 +3.2806	 +0.2673	 +1.1710	 +1.4559	 -3.4326
+22.3295	-14.9091	 +4.2637	 +1.3756	 -0.1800	 +1.1455
-14.9193	+19.0004	 -7.6164	 -1.1033	 -0.2499	 -0.9897
-11.1417	 +4.0848	 +1.6063	 -1.3489	 -1.2429	 -2.1094
 +0.5379	 +4.8416	 -8.1935	 -1.3223	 -3.0893	 -3.4779
-13.6595	-11.0785	+10.3184	 -1.2893	 +1.4063	 -0.1361
 +7.9836	+10.6686	-20.4943	 +2.6960	 -0.8536	 +1.9852
 -3.6810	 -4.9645	 -0.9212	 +6.6471	 +2.2807	 -0.8441
+20.3113	-12.1049	-25.1033	 +0.1604	 -0.1506	 +1.9476
 +1.0019	 -2.3759	 -3.9938	 -4.8309	 -5.7618	 +0.7048
 -6.8359	 +0.3531	 -3.7293	 -1.0834	 -2.4826	 +3.2617
 -1.0653	 -0.7096	 -1.2766	 +0.9132	 -1.8377	 -2.9985
+23.3051	 +6.1413	 -0.0329	 +0.1240	 +1.8344	 -0.2432
 +5.8371	-12.2350	 -6.7635	 -3.5728	 +0.3270	 -4.0906
 -3.7636	 -6.2034	 +0.5052	 -4.1099	 +0.7687	 -5.3505
+21.2217	 -6.7907	 -6.4441	 +1.1041	 +0.8352	 +0.1495
-19.5153	 -3.4531	 -4.7921	 -0.9010	 -1.9892	 -0.3474
 -6.0601	 +6.9803	 +5.3447	 +2.5793	 +1.2673	 -1.2927
 -8.7928	 -3.1714	-10.3888	 +2.0094	 +2.2788	 -0.5897
-15.2568	 -3.2175	 -1.0127	 +0.8345	 -0.2829	 +0.9113
-17.7770	 -3.2119	 -9.4571	 -1.1697	 +1.6074	 -2.8554
-25.3588	 -7.6640	 -5.3680	 -3.2456	 +2.5619	 +0.8069
 +0.7046	 -0.6166	 +4.8664	 -3.6326	 +2.5226	 -3.5471
 -1.0365	 -1.0105	 -2.2753	 -1.2815	 -4.3530	 +2.1747
 -3.4679	+17.8028	 -0.3184	 -0.9960	 +1.9258	 -2.6301
 +3.2229	+11.7308	 +3.0931	 +1.2582	 -3.3519	 +0.2663
-12.6367	+14.2026	-48.8122	 +0.1075	 +0.0368	 -0.2309
+10.6966	 +7.0681	 -1.9390	 +1.8685	 +2.9052	 -0.4379
+13.6320	 +7.0030	-13.1951	 +2.1635	 -1.4789	 -2.2592
-13.2918	 -3.1140	 -0.1954	 +2.2041	 -0.0415	 +3.1170
 -6.9623	+16.6910	-19.7321	 +0.9125	 +2.6175	 +2.6459
 -0.5522	-12.5500	 -4.4691	 -1.0793	 +3.0611	 -1.6298
 -4.7182	 -3.4443	 +0.8404	 +0.3230	 -3.1061	 -1.9889
 -1.2760	 -1.8789	 -7.1222	 -6.2200	 -0.0318	 +0.4757
 +1.7428	 +0.5651	 +2.4764	 -2.7153	 -0.0845	 +1.4622
 -9.5609	-12.9473	 -1.1631	 +0.0641	 -1.6906	 -0.2130
 -0.5141	+24.9986	 -1.6207	 +2.8485	 -0.1500	 -2.7385
 -0.2211	 +2.3898	 -4.0683	 -0.9586	 -0.6246	 +1.4947
+10.5244	+11.0692	 +6.7937	 +0.5418	 +1.9523	 -1.4324
 -4.8563	 -9.2954	 -3.3093	 +1.8004	 +2.5977	 +3.6533
 +2.3535	-10.0594	+17.9671	 -1.5299	 +0.8205	 +0.2577
 -2.9933	 -0.8159	 -9.5825	 +1.8259	 +0.8302	 -1.5522
 +4.1323	 +2.2674	 -8.6014	 +1.2616	 +0.9517	 +0.7576
 +5.0897	 +4.0458	 -0.4267	 -3.5003	 +0.3124	 -0.0202
 -2.9371	-17.6083	 +6.6366	 -2.4508	 +1.6409	 +0.3936
 -3.7721	 +5.3418	 -4.6301	 -1.6037	 -0.0126	 -0.3046
 +1.2833	 -0.2774	 -4.2274	 -2.0725	 -1.5853	 -0.5582
 -5.7533	 +1.5024	 -3.1529	 -0.8000	 +0.5761	 -3.1777
 -0.9787	 +7.0417	 +0.8168	 -0.3777	 -0.8030	 +0.4263
 -4.0643	 +1.7467	 -0.6440	 -2.4398	 -2.8900	 +2.0449
+10.1921	 -2.5032	 +4.6966	 +1.1078	 +0.1415	 -1.4442
-12.9898	+20.7745	 -7.4681	 +0.9013	 -2.2699	 +0.8970
 -5.0861	 -9.6054	-15.8261	 -0.3753	 +2.7516	 +1.1084
 +6.3730	 -0.2983	 -3.8266	 -0.3104	 -4.3157	 -0.6391
 -3.7954	 -1.3430	 -0.7016	 -2.5486	 -0.9134	 -0.8127
 -2.8974	 +5.3000	 -9.8290	 +0.0767	 -2.7827	 +0.6298
-19.0533	 +2.1306	+15.4266	 -1.1965	 +0.1618	 -3.9723
 -2.2338	 +6.5745	 +4.5094	 -2.9915	 +1.1219	 +6.0316
 -0.2296	 -2.8493	 +1.2153	 +0.5742	 -0.6863	 -0.7196
 +1.6924	 +2.1589	 -2.3223	 +0.3779	 +0.4655	 -0.7544
 +1.2338	 +8.7767	 -2.2907	 +3.3784	 +1.9096	 +0.7799
 -0.5059	 -4.6606	 +1.9963	 -2.1597	 -1.0963	 -5.0055
+20.9151	 -6.4029	 +5.2404	 -2.6289	 -1.6151	 -3.1335
 -0.2214	 +1.0635	 +2.0007	 +0.2616	 +3.2471	 +0.4679
 -2.0921	-34.6784	+58.0924	 -0.3751	 -1.1713	 +0.5056
 +0.3259	 -5.4348	 +0.2840	 -0.6152	 -3.3008	 -0.8932
+37.9831	+35.4421	-30.4378	 -1.7484	 -1.2009	 +0.5781
 +1.9915	 +4.0822	 -3.3683	 -0.5369	 -2.9175	 +3.2859
 -1.5999	 +0.7788	 +1.2780	 -1.1341	 -3.5207	 -2.9576
+51.9932	 +1.6210	-44.8213	 -0.2958	 -0.1710	 +1.4976
-13.7746	-32.3382	+26.9918	 +2.5690	 -2.0126	 +1.5855
+104.1681	+58.7895	+15.4633	 +0.0502	 -0.7926	 -1.6077
 +0.4229	+30.9614	 +4.5288	 +2.8173	 -0.9686	 +0.6281
+23.4225	+66.8533	-34.0169	 +1.1673	 -0.3673	 +0.0126
 -8.8991	 -9.8122	 +2.1985	 +0.3255	 +0.7305	 +2.0749
-10.9406	+17.7801	 -3.2625	 -2.8598	 -1.2776	 +1.1208
 -8.3875	 +1.6401	 -7.5028	 -5.4990	 -0.6593	 +4.6913
+11.4456	+28.5309	-48.7551	 +0.7249	 +2.6801	 +0.2008
 +6.9796	-12.4045	+42.6103	 +1.4914	 +0.9424	 -1.0037
+23.1496	 +6.6907	 +2.5107	 -2.3274	 +1.5164	 +0.9070
 -3.5506	 -3.2972	 -7.7123	 +2.5778	 -3.6529	 -1.1709
 +2.8076	 -7.4563	 -5.2963	 -5.2313	 +2.0086	 +1.3575
 +7.6850	 -4.7053	 -0.8423	 +2.1006	 -0.7238	 -3.5267
 -0.6853	 -3.3697	 -4.6242	 -3.4395	 -1.6095	 +5.0411
-11.7597	 -9.5826	 -6.5055	 -0.2640	 +1.7291	 +0.7984
 -4.0204	 -3.1613	 -3.0856	 +3.6882	 +2.8903	 +0.3746
 +0.8404	+24.0384	 +7.4190	 -1.2255	 -1.9723	 +0.8034
 +3.7324	 +5.0763	-15.6525	 +0.2468	 +3.4008	 -0.1954
 +8.5403	+15.2846	-25.9144	 -1.5797	 +0.1726	 -0.0854
 -4.3351	 +8.2444	 -1.7061	 -2.1348	 +4.6629	 -0.6530
+18.2385	-21.4217	-11.3091	 -1.1158	 +0.8220	 -1.0155
 -4.5550	 +1.9681	 +3.1894	 -1.1469	 +1.0851	 +0.2008
 -2.3191	 +4.1734	 -1.3110	 +0.8682	 +1.5333	 -3.5689
+12.6105	-18.8763	 +0.2452	 -0.8374	 +0.7963	 -0.4280
 +2.0506	 +3.4601	-14.8631	 +0.2569	 -2.4821	 +2.5523
 -3.1763	 -6.0864	 -0.0991	 -3.1154	 -0.0204	 +6.1940
 -0.7594	 +5.9952	 +2.3171	 +1.1867	 -0.5878	 -5.0092
 +1.8867	 -2.1253	 +6.2687	 +0.2505	 +0.8429	 -2.9117
-23.3650	+23.7406	 +8.2364	 -0.1016	 +1.8581	 +0.8872
 -4.7131	-11.3448	 +2.2650	 -3.1519	 -1.9162	 -1.3432
-13.0287	 +5.5854	 +0.1844	 -3.5372	 -2.4705	 -0.9357
+12.3796	+10.6622	 +6.1357	 +4.1177	 -0.3089	 +1.3446
-11.8019	 +4.6179	 -4.7137	 -3.0256	 -0.4510	 +1.5947
 +3.3492	 +0.5833	+11.6608	 +1.3269	 -1.4596	 -1.6943
-14.8468	+66.1055	+21.2152	 +0.7297	 +0.2854	 +1.2551
+19.8971	 -6.4845	 +5.7730	 +1.6320	 +1.0453	 -0.7952
 +4.0877	 -9.1168	 +6.5451	 +1.6775	 -3.1847	 +0.8600
-12.8717	-33.7078	+25.9337	 -0.8876	 +0.4821	 +1.1221
-40.7570	+34.8536	+25.6008	 +1.2260	 -0.1978	 -0.6233
 +0.1630	 +2.6666	 +2.1476	 +1.4725	 -2.7022	 -1.3558
 -4.5128	-17.6864	 -5.9826	 +3.3562	 -0.5819	 +1.6743
 +9.2144	 +9.0086	 +2.2897	 -3.7142	 +2.1068	 +2.1719
 -6.0606	 +0.1128	 -3.4812	 +1.8805	 -6.0192	 +3.6457
 +3.8989	 -2.1043	 +3.7007	 +5.5143	 -0.7697	 +1.0250
 +8.0715	+12.6378	 +6.8107	 +3.2218	 -0.3139	 +1.5224
 +4.2429	-32.8560	+110.5674	 -0.2988	 -1.4595	 +0.5594
-23.8019	+11.1068	 -3.3375	 +0.2960	 -2.9529	 +0.2731
 +5.2534	-13.5477	-18.3198	 +2.4759	 +0.8492	 -1.3234
 -4.0877	 -0.2587	 +3.2849	 -2.4151	 -4.0109	 +0.6769
+11.8924	 +1.3844	-11.8558	 -3.4940	 -2.3270	 +1.5720
 -5.7102	 -6.5710	-19.5415	 -0.5439	 +0.1075	 +2.3126
 +0.0576	 -7.2267	 +3.8993	 +3.3208	 -1.0896	 -3.6982
+25.3836	-25.2943	+39.2146	 -1.3281	 +1.1224	 -0.3454
-10.4000	-16.0518	 -8.1403	 +2.5885	 +0.3612	 -3.4915
 -1.4607	 -7.7991	 +1.2968	 +0.9641	 -4.2137	 -1.5248
 +5.5678	 +3.0430	 -2.8380	 +1.3328	 +4.7222	 -2.7323
-15.7751	 +6.4255	+14.9757	 -1.7822	 +1.8286	 -1.2763
 +9.4002	 -6.5022	 -1.9691	 +1.4136	 +4.3565	 +2.0241
+14.0026	 +4.7531	 +6.0584	 +0.9894	 -3.4422	 -2.4067
+13.5310	 +1.2674	 +3.8552	 -3.5760	 -0.4771	 -1.5034
 -0.1595	 -1.2328	+22.6371	 -0.3470	 +2.9762	 +0.5732
 +3.6229	 -8.8968	-13.0176	 -0.3051	 -5.2224	 +1.6656
 -1.5017	 +1.4562	 +5.0086	 +3.0416	 -2.7533	 +0.8514
 -4.2652	 -0.2216	 +4.5418	 -2.5582	 -1.2781	 +1.6379
-14.9861	 -4.0368	-10.4217	 -0.4465	 +0.8250	 -0.2607
-13.0618	 +3.4589	 +0.2437	 +1.6297	 +1.2411	 +0.6744
 +1.8273	 +8.0215	 -8.3380	 -0.0290	 +0.5614	 +2.3355
-18.7635	 +1.9966	 +9.2220	 +4.5114	 +0.4183	 +1.8477
 -2.8525	-10.5918	 +1.7957	 +1.1905	 +0.6769	 +2.7436
 -6.5550	 -2.0371	 -3.9005	 +0.9418	 -0.3126	 +0.7492
-11.7993	-11.3971	 +0.4363	 +0.8046	 +2.6909	 +0.6806
 -1.7285	 +8.0637	 +4.6757	 +1.8394	 -1.8858	 -0.3907
+27.4459	+22.8378	 -5.2585	 -0.8198	 +0.9098	 -0.2501
 -5.9501	 -9.3819	 -0.1716	 +1.8847	 -0.2584	 +0.6476
+25.3658	 +2.6080	 +6.3166	 -0.9026	 +2.2803	 -0.7667
 -3.7468	 -4.1383	 -6.3153	 -4.0262	 +0.7111	 -2.6567
 -5.2242	 +3.7023	 -8.2928	 -0.2171	 +2.2785	 +0.0957
 -3.6170	 +3.8627	-12.2178	 +4.4052	 -3.9170	 +0.0760
 +1.8095	 -3.9431	 +1.8461	 -0.0048	 -4.0452	 -2.0152
 -6.6696	-23.2701	 +5.5715	 -0.0057	 -3.3517	 -1.6480
-11.9766	 +9.6708	 +5.7110	 +1.6332	 +0.3695	 -3.0726
 -2.9329	 -3.5403	 -3.4052	 +1.5047	 +5.7993	 +2.6941
-15.9681	 -9.7808	+16.5427	 -3.1915	 -0.5780	 +0.9368
 -7.7009	 +0.1908	 +2.2819	 -5.9725	 +1.0673	 -0.4165
-16.8997	 -6.5533	 -6.6173	 -1.8305	 -2.6494	 +1.2227
 -0.1044	+24.3894	-12.3574	 +1.6800	 -2.2797	 +2.1894
-13.6821	+11.8687	 -3.7576	 +0.1926	 +2.7437	 +1.3959
 +4.5935	 -7.2126	 +5.5727	 -4.1228	 +1.4953	 -0.2475
+13.5944	-23.9748	 +1.9450	 -1.0782	 +1.3591	 +1.6149
+11.4099	 +2.6553	 +1.0834	 -1.3746	 +2.8441	 -1.2430
 +6.8773	+37.4752	-14.7215	 -0.0985	 +1.6461	 +2.2308
 +3.5523	 -3.3709	 +5.2382	 +0.2831	 +0.6240	 +2.7840
 -1.3456	 +8.5953	 -1.1513	 -3.5636	 +0.0227	 +0.1885
 -3.7132	 -0.8120	 -4.5386	 -0.9223	 -3.8155	 -0.7948
+86.9466	-29.2016	+52.0599	 +0.1406	 -0.9277	 -1.3687
 +0.2649	+11.7153	-13.8581	 -2.4912	 -1.9988	 -1.4866
 -1.3085	 -1.2537	 -8.8246	 +2.3117	 -3.5811	 -1.4263
 -1.8668	 -0.0399	 +7.6264	 +1.9346	 +0.9638	 -0.1119
 +2.6330	 +5.2796	-14.3594	 -0.9577	 +2.3334	 -0.7131
 -6.8712	 -0.4688	 +2.9047	 +3.0538	 +3.3427	 -3.8156
 +1.1213	 -0.3681	 +3.2562	 +1.3547	 +1.5144	 +2.8638
 +4.6484	 -6.0868	-10.5103	 -1.6281	 -2.9469	 -0.7128
 -7.1889	 +0.8855	+19.5375	 +2.2642	 -1.0957	 +2.3362
 +3.1171	 -6.3620	 +8.2360	 -3.4867	 +2.9000	 +2.0572
 +4.2143	+14.7046	+24.3734	 +0.5965	 +0.8702	 +3.7491
+10.4115	 +5.3758	+14.5403	 +0.7468	 +0.8324	 +2.1901
 +7.0458	 +0.8846	 -2.3992	 -2.1285	 +1.4619	 +0.0056
 -3.9313	 -8.6492	+21.6786	 +1.3782	 +1.1517	 -0.9241
 -8.8922	 -0.5769	+16.2147	 -1.6142	 -2.2256	 -2.1992
-20.4052	 +1.2983	 -6.7327	 +1.5000	 +0.9971	 +3.7726
 +4.4576	 +3.1743	 +3.1029	 -3.1014	 -2.5758	 -1.4511
-42.1943	+21.6680	 -0.4054	 -2.9602	 +1.3983	 -1.0387
 -3.0876	 -2.7702	 -3.1565	 +0.1941	 -7.1495	 +0.1941
-13.2897	 +1.6535	 -0.7707	 +2.4065	 +2.7083	 +2.1834
+18.6141	 +6.6426	 +7.9971	 -1.3342	 -0.9976	 -1.7730
 -4.4757	 +5.8512	+11.8775	 +2.0413	 -0.3468	 +1.5430
 +4.6890	-20.0514	 +4.3228	 -0.5783	 -0.4320	 +0.8226
 -5.7851	-12.4252	 -1.7264	 -2.1494	 +2.5182	 -1.6515
 -0.5165	+12.4425	 +5.1341	 +0.7616	 -0.1315	 +1.0955
-92.2424	-169.9782	+26.0924	 +1.0943	 +0.0030	 -0.0977
 +6.3335	 +3.9816	 +2.4114	 -0.8887	 -0.1636	 -0.2113
 -2.0772	 -7.1365	 -2.4891	 -3.9035	 +0.2833	 +2.9117
 +1.3825	 -2.4954	 -1.8734	 +3.8747	 +3.1726	 +1.6258
 -8.3447	 -1.8613	 +7.4748	 +1.8594	 -2.9440	 +4.4295
-11.1577	 -1.7333	 -2.1532	 -2.0107	 +0.2100	 +5.3699
 +0.3770	 +1.5645	 -6.9041	 +0.9594	 -3.2144	 -0.3819
 +1.9900	 -5.5326	-11.9983	 -2.0003	 -0.0945	 -0.8679
-14.5363	-10.7544	+22.6089	 +1.6634	 -3.0670	 -1.1434
 +3.3678	 +1.8889	 +1.2091	 -2.8850	 +4.0875	 +1.3616
 +2.7952	 +2.8538	 -4.1138	 -1.1405	 -1.5577	 -2.3642
 +2.0299	 -7.5737	 +3.2029	 -2.6725	 +3.5648	 +2.6580
 -0.1674	 +1.5609	 +0.8174	 -1.6484	 +4.9049	 +4.3379
 -2.1039	 -3.7454	 -1.7325	 +6.0645	 -1.4702	 +0.5000
 -3.9101	 +5.0524	 +7.4634	 -2.7989	 +0.9568	 +1.2314
 -3.1459	+20.9546	 -6.4278	 -0.7750	 +2.6451	 +2.6192
 +9.7097	 +2.1605	 -5.9310	 +0.5563	 -1.8152	 +1.5711
 -3.7304	 -1.4149	-12.6968	 +0.8786	 +1.0196	 -1.8539
 +0.3677	+28.5120	-30.7143	 +0.2010	 -1.0450	 +2.4089
 -0.7268	-19.5109	+40.5596	 +0.4428	 +0.5592	 -1.7859
+17.7365	-20.8060	 -8.1803	 -0.6080	 +3.1313	 -1.2663
 +0.9763	 +3.2822	+15.9431	 -1.6771	 -1.2223	 -1.8316
 +1.0260	 +0.7165	 +4.0054	 -2.8290	 -2.4848	 -4.2564
-12.7798	+14.5977	 +0.3922	 -2.3539	 -0.1950	 +1.1140
 +4.3530	 -6.2435	+29.3752	 -1.5363	 +1.2624	 -1.0787
-46.7333	+20.7634	-75.7240	 +1.0054	 +1.8899	 -0.0077
 +7.6414	 -1.5061	 -1.3877	 -1.2436	 +3.1866	 -0.2351
+13.2221	-16.9998	 -4.6953	 -0.7156	 +1.5112	 +0.7753
 -3.2703	+15.7980	-13.6178	 -0.2858	 +1.1031	 -0.8579
-27.6969	 -2.3391	 -7.3921	 -0.1374	 +1.1252	 -0.0006
 +0.2431	 +4.4952	 +1.0968	 -1.0436	 +2.9774	 +2.5281
 -3.0870	 +6.2481	 +4.0147	 +1.6551	 -0.3479	 -2.9685
 -4.0346	-26.0569	-16.3942	 +0.7652	 +2.9552	 -1.3260
 -2.1201	+11.3768	 +1.4613	 +2.5112	 +2.4514	 +0.5039
 -5.4369	 +2.9525	 -1.2205	 +1.0577	 -3.2288	 +2.2054
 -1.7665	 -2.3868	 +9.0513	 -2.7033	 +0.8115	 +0.7182
+19.7580	+15.7035	-33.5589	 -1.1041	 -0.9843	 +0.4211
+29.3570	+40.5854	+68.9429	 -1.0437	 -0.5680	 +1.0863
 -5.0363	 +2.4216	-23.2001	 -1.6900	 -2.6000	 -0.5283
 +1.3447	 -8.5447	+14.8609	 +2.9948	 +0.4965	 +2.5154
 +0.8812	 +1.8413	 +2.5370	 -1.2075	 -0.2495	 -0.1731
 +2.8676	+17.0526	 +6.9741	 +1.6567	 -1.0603	 -0.1399
+68.2840	+28.4958	+34.6953	 -0.6394	 +0.1865	 +0.6671
 +1.4758	 -3.2881	 -2.3829	 -2.3863	 +3.0383	 -4.6679
 -1.3202	 +7.5993	 +3.1550	 -0.9102	 -3.1183	 +2.6855
-15.2987	 -7.9240	 +1.7370	 -0.3162	 +1.2660	 -3.3513
 +2.1914	 -2.6182	 -0.4555	 -2.2537	 +2.3842	 +4.1088
-41.3257	+10.3129	+10.3776	 +1.0032	 -1.1278	 +1.8384
 -1.9366	 +4.4547	 -8.5057	 -0.7584	 +4.4875	 -2.1692
 +1.3323	 +6.3818	 -5.2061	 +1.0021	 +3.6016	 -3.6917
 -2.0332	 -8.1385	 -1.6639	 +3.7325	 +4.0536	 +0.8061
 -9.1668	 -0.1337	+29.3392	 +1.8515	 -0.1944	 -0.6900
 -7.3974	 -2.8097	 +7.8850	 -0.9293	 -4.7244	 -1.5589
-10.4164	 +7.3115	 -0.7406	 +1.7304	 -5.0103	 -1.1474
 +8.5680	 -3.7195	 +4.8033	 +0.6407	 -0.9687	 +0.8883
 +6.1566	 -5.7271	 +8.2541	 -4.0762	 -3.3620	 -2.4486
 -0.4201	-12.1651	 +7.9322	 -0.2146	 +1.3678	 -0.5374
 +3.9542	 +6.7310	-25.6564	 -1.7246	 +4.0691	 -0.8521
 -3.5335	 +3.2473	 -9.4169	 -1.5590	 -3.2575	 +2.6584
 -0.4746	 +3.7654	 +1.7208	 -4.5770	 +1.4637	 +4.2743
 -0.7692	 +0.1356	 +4.7658	 +0.7278	 +0.6141	 -1.8955
 -4.7714	-20.9192	-10.2761	 +0.6364	 +0.1230	 +3.0736
 -8.1227	-11.2703	-15.8193	 +3.2204	 -0.8905	 +1.2040
 -3.8721	 +4.1964	 +0.2201	 -1.1935	 -0.1127	 +0.2452
 -4.0979	 -9.1323	 +8.2332	 -0.4511	 +1.0898	 -3.2114
+17.0727	+13.4056	-12.7272	 -0.5241	 -1.2505	 -2.2893
 -5.9687	 -6.2441	 -4.6283	 +2.7455	 +0.3930	 +0.4239
 +2.1905	 +3.4707	 +3.5035	 -2.4349	 +4.6298	 -0.6237
 -2.1540	 +3.2967	 +2.7436	 -0.7581	 +3.5213	 -2.1372
 -3.1852	+11.7125	-25.9640	 -3.5004	 -1.9036	 +0.3414
 -5.7677	 -3.4515	 +1.6746	 +0.2108	 +2.4088	 -1.3899
+19.9133	 +8.3054	 +3.8526	 +3.2717	 +1.1288	 +0.6989
 +2.9580	 +8.3396	 -1.5255	 +1.0758	 -2.0834	 +3.4238
 +3.9897	 -0.1884	 +4.2141	 -1.0078	 -5.0471	 +0.1475
-14.6403	+19.2797	+11.4818	 +0.0415	 +0.7215	 +0.0567
 -1.8047	 -2.0423	 -3.7606	 +0.6796	 -0.8339	 +0.0393
-16.0400	 +6.8247	 +5.7479	 -1.1601	 +1.0166	 -3.8514
 -5.1321	 +5.6437	 -2.4270	 +1.2324	 -2.4971	 -1.4409
 -4.2063	 -1.6489	-10.4202	 -2.1214	 +0.9038	 -0.1797
 +4.9360	 +4.7773	 -8.8084	 +0.8496	 +0.4920	 -1.9499
+22.5843	+11.3643	 -0.6425	 -0.1225	 -3.2341	 -0.2380
-84.1261	+42.9474	+24.7944	 +0.1301	 +0.0965	 +0.6067
 -9.1613	 -0.6465	 +6.0887	 +3.4306	 +3.9673	 +1.9780
 -7.3789	 -1.4306	 -1.7366	 +0.4353	 +2.7611	 -1.8588
 -3.7477	 +6.7960	 -4.6368	 -3.8108	 +2.1724	 +1.9874
 -8.6550	 -4.2853	 +0.5175	 +1.7842	 -0.9158	 +1.6875
-19.9484	+11.2711	 +4.9372	 +0.3850	 -1.5885	 -2.0789
 -8.1839	+13.8645	-31.1863	 +0.8415	 +1.6838	 -1.9576
-16.8038	-19.5298	 -2.7860	 +0.2632	 -1.4146	 +3.0224
 -1.7586	 +3.3640	 -2.8181	 +1.5563	 +4.0219	 +2.3131
 +1.7268	+12.7784	 -9.5736	 +0.6462	 +0.6699	 -2.9760
 -0.8549	 +0.7631	 -9.1107	 +1.6898	 +0.4485	 +0.5165
 +4.7487	 -2.1676	 -3.5950	 -3.1638	 +0.1007	 -0.8029
 -8.1160	 -3.0433	-15.3088	 -3.0105	 +1.0864	 -1.4096
 -5.9681	 +2.3228	 -2.8162	 +3.0383	 +3.9675	 -4.2355
 +3.6964	 +1.5722	 +5.0855	 -0.1740	 +0.1477	 +0.2531
+30.2672	+20.3590	 +7.1172	 -1.4774	 -1.8749	 +1.8032
 +9.6052	 +2.4955	-17.5297	 +2.8878	 -3.0949	 -0.2239
 -6.4396	 -3.9693	 +5.0377	 -0.7937	 -3.0743	 -3.3032
 -3.3126	 +0.9044	 -0.1960	 +4.0621	 -4.9320	 -2.7641
+22.7615	 +1.6302	 +0.9838	 +0.8033	 -0.5691	 -0.3927
 -0.5399	 +2.0741	 +9.8020	 +3.8305	 -1.2074	 -2.0251
 +5.4534	-14.3558	 -3.5601	 -2.1702	 -1.4887	 -1.0377
 +5.9246	-14.2814	 +3.7219	 -2.2404	 -2.9002	 -0.6497
 -0.1323	 +5.3215	 +1.2044	 -0.0333	 +2.9820	 -4.5175
+13.2451	 -7.3629	 -0.8322	 +0.6096	 +2.3703	 -1.8753
+19.1911	 +4.2624	 -9.3233	 +0.4852	 -3.7885	 +0.5188
-34.9250	-18.2189	+15.4282	 -0.2415	 +0.1535	 -3.0547
 -0.2542	 -8.5857	+12.6836	 +1.8611	 -0.3353	 +1.0956
 +2.0595	+11.6319	+14.2271	 +1.1892	 -1.0395	 -2.9377
 -8.8958	 -8.8414	 -3.6998	 +1.9883	 +4.7119	 -2.7858
 +6.7561	-11.5527	 +1.8740	 +3.2352	 +1.8381	 +1.8520
-11.4306	 -5.5617	 -8.8246	 -2.1136	 -1.8534	 +1.2111
-40.8008	+26.0469	+37.3724	 -0.0688	 +0.5598	 +0.3050
 +8.0954	 +2.1309	 +4.8353	 +5.5047	 -0.5807	 -0.3638
 +2.0567	 -0.2887	 -4.1969	 -1.6196	 -2.4107	 +2.9137
 +3.0898	 +9.9641	 -6.0775	 -1.7008	 +3.1809	 +3.2878
 -4.4242	 +4.2694	 +3.5434	 -2.5364	 -1.5517	 +4.1015
 -4.4987	 +1.0719	 -2.6757	 -0.3954	 +5.9573	 +4.4932
+43.5086	 +5.7246	-16.5730	 -0.6918	 -0.7348	 +0.2815
 +0.2256	 -2.2038	 +0.5708	 +1.7726	 +4.3372	 -1.1087
 +9.0312	 +3.7601	 +5.7494	 -0.3962	 +2.2259	 +2.8703
 +6.6100	+12.4793	 +3.4409	 -0.6953	 -3.1797	 +2.0648
 -3.0888	-15.7067	-33.7264	 +1.0284	 -0.7583	 +0.9445
 -4.7222	 +0.7141	 -8.5843	 -0.9596	 +2.5866	 -1.6273
 +3.9327	 +1.0179	 +6.8400	 +0.3883	 -1.3402	 -2.7302
-102.2761	-32.5159	+84.9261	 +1.3970	 +0.1685	 -1.2337
 -1.5026	 +7.8322	 -8.8059	 +3.4352	 -2.5052	 -2.9026
+12.0331	-35.4561	 +9.4331	 -0.9964	 +1.8000	 +3.5793
 +3.3011	-24.9973	 -3.6875	 +0.9805	 -0.8888	 -2.2818
 -0.1286	 +0.7363	 +1.4671	 -2.9052	 -0.5089	 -3.7116
 -4.6977	 -6.1687	 -3.3657	 +1.6569	 -3.8450	 -3.1789
 +5.3082	 +5.8748	 -9.3984	 +3.4597	 -2.5917	 -1.0726
 +7.5011	-12.0228	 -0.2621	 +0.8404	 +1.4134	 +0.6565
 -2.5553	 -6.0487	 -9.2453	 -1.8650	 +1.7459	 -2.7049
-10.4632	 -9.3981	 +6.5766	 -2.4052	 +0.3225	 +0.4553
+12.0994	-24.1640	 -6.4791	 -0.2625	 +1.3431	 -1.1397
 -4.9702	 -0.4928	 +3.0465	 +2.1017	 +0.3935	 -0.9518
-20.3819	 -6.4641	 +4.1208	 -1.4262	 -0.4684	 +0.0751
 -1.5391	 -0.4386	 +3.0603	 -0.8901	 -5.4383	 +3.4993
 -0.3055	 +1.3532	 +4.5260	 +0.1012	 -0.8183	 -1.2435
 +4.6591	 -3.1052	 -2.3406	 -2.1515	 -0.8588	 +0.3076
-11.9759	-13.3728	 -7.1520	 -1.1596	 -1.8704	 -3.6234
-64.5800	+23.1048	+50.6047	 +1.2224	 -0.8379	 -0.8326
-58.4375	-32.2879	+18.5727	 +1.2946	 +1.0275	 -0.5489
 -8.8393	 -7.9475	+10.2184	 +0.9121	 +2.2049	 +2.2993
 -2.4490	 +3.0148	 -3.3241	 +0.5343	 -2.3785	 +1.1974
-77.6501	-125.2801	+119.3565	 +0.6652	 +0.0560	 -0.0843
 -6.1232	 +6.3943	 +0.1922	 -3.9532	 -4.3549	 +0.2121
-10.2718	+11.2129	-10.3505	 -1.5561	 -1.6202	 -2.4702
 +0.8054	 +3.1069	 -4.5329	 +0.2556	 -2.5667	 +0.2500
-46.6900	-25.9903	-14.1118	 +1.8581	 -0.5785	 -1.1641
-10.8706	 +5.0245	-10.8154	 -1.7103	 -0.1661	 +0.1491
 +5.7006	 +5.6865	-18.8120	 -0.8302	 -1.5617	 +0.3029
 +8.1215	-31.5388	+36.0461	 +1.3659	 +2.1679	 +1.6045
-12.5577	 +3.2491	 +0.8034	 -1.6570	 +0.1492	 -2.2896
 -1.0419	 -8.0731	 +7.7983	 -1.9339	 +0.9408	 +1.3792
 +3.4982	+14.6702	-21.3434	 -0.0442	 -2.4218	 +1.7719
 -6.4018	 +1.7967	+17.7559	 +2.5273	 -2.8470	 +1.0413
-17.8943	+12.7700	+22.9500	 -1.7095	 -0.3972	 +1.4925
+12.6872	 +9.9209	 +2.3211	 +0.2550	 -3.1782	 +2.2689
+11.8753	 -2.8949	-12.0969	 -0.1384	 -0.6302	 +0.5980
-10.9285	 +3.4850	 -1.2260	 +3.8587	 +2.7448	 +0.5225
 -5.9756	 +3.9803	-16.5286	 +2.2737	 -1.9316	 +0.6127
-11.3507	-15.9525	-23.5337	 -0.1577	 -0.1597	 +0.4507
 -4.7775	-12.9991	 -6.4174	 +2.0122	 +1.8907	 -1.8550
-11.1208	 -9.7041	+21.0342	 -1.5061	 +0.1812	 +0.0121
 -9.1439	 +5.1008	-10.3814	 -1.3326	 -3.0429	 -1.5110
 -8.4595	 +2.7287	 -5.7282	 +4.3634	 +0.8749	 -0.0913
-36.6385	+14.3283	+12.4871	 +0.1579	 +0.6352	 -1.6287
 -1.3983	 -8.4494	 -6.9883	 -1.2394	 +0.1368	 +1.9280
 -6.6398	-10.5127	+13.6303	 +0.9076	 +0.6862	 +2.2158
 +8.6130	+10.3249	 -4.4089	 +1.0797	 +0.5878	 +3.2992
 +3.4917	 +3.2873	 +4.8174	 -4.6616	 -0.4767	 -0.7766
-30.4309	+38.2692	-75.6345	 +0.4342	 -1.3984	 +0.6678
+11.3443	+21.9626	 -7.1191	 -1.5853	 +2.1497	 +1.3420
-12.8174	+76.7637	-52.1112	 -2.1208	 -0.6238	 +0.1632
-18.4535	 -5.1025	 -2.7832	 -0.0019	 -1.5256	 +0.3436
-15.3497	-17.5876	 -7.4913	 +1.2119	 -0.6646	 +2.0207
 +1.5019	+12.2707	 -4.3526	 -0.5678	 +4.6060	 +1.6053
 -8.8852	 -0.8226	+11.5598	 +3.1980	 +1.6876	 -1.5069
-19.8920	 -4.4023	 +5.4337	 +0.7624	 -0.9575	 +2.7854
 +2.1889	 +2.0019	 +6.3384	 +1.8282	 -3.4866	 -3.3569
 -1.0251	 -4.9482	 -9.6337	 +2.7098	 -0.4020	 -1.4482
 +4.7137	 -4.2115	 +2.1951	 +1.0709	 -0.4614	 +1.4658
 +2.2218	 +9.2507	 +4.1434	 -1.6356	 -0.5007	 -4.9035
-15.5694	 +0.9749	 -0.3037	 +0.1247	 +3.3036	 -2.0589
 +2.6457	 +3.2802	 -9.5593	 -4.1506	 +2.3215	 +1.8996
+10.6319	 +7.7489	 -2.1054	 -3.3440	 +0.3089	 +3.5008
 +9.7034	-24.7744	 -6.8440	 -2.9674	 -0.3477	 +1.8594
 -5.9120	 +0.5096	 -5.4351	 -2.5043	 -1.4035	 +4.6113
 -9.0664	 -1.7709	 +7.1717	 +0.4793	 +1.7285	 +3.3004
+10.8856	+11.4818	 +1.3402	 -0.9937	 +2.8402	 -0.7418
 -4.3267	 +8.7254	 +6.7406	 +2.3874	 +3.5969	 +0.6255
-143.6372	-178.9647	+114.0509	 +0.3708	 +0.8806	 +0.0908
 +4.2983	 -8.8691	 -0.3458	 -0.2976	 +4.6393	 -3.5036
-17.2436	+46.9814	+46.1492	 -0.3258	 -2.1713	 -0.2317
 +5.3417	 +1.2178	-12.2994	 -1.6483	 -2.4942	 +2.3307
 +7.1627	+74.6973	-83.1491	 +0.0802	 +0.0084	 +0.3279
 +0.9907	 -0.7751	-10.0582	 -1.0307	 -6.1703	 -0.9348
 -4.6075	 -4.7564	 +8.1884	 -2.3453	 +1.4738	 -0.2516
-14.0119	+25.7531	-25.3049	 +1.5180	 +0.1086	 -0.1961
-16.2376	-16.0135	 +1.0624	 +1.0340	 +3.1205	 +0.6033
 -3.1596	-14.1948	 +1.3255	 -4.5760	 -0.3671	 -1.3690
 -2.6978	 +9.9838	 -2.3959	 -3.0134	 +1.3791	 +1.3381
 -2.0991	 -6.5977	 -2.0174	 -0.0826	 -4.3327	 +3.3102
-10.8044	 -2.5091	 -6.1580	 -1.6345	 -0.1221	 +1.6977
 -3.6203	 +1.9830	 +3.0667	 +2.4731	 -3.1877	 -0.3725
-10.0370	+12.0691	 +0.0913	 -4.0339	 +0.4268	 -0.9038
 -2.0063	 +2.3600	 +2.3621	 -4.7308	 +4.9994	 +1.7970
-22.1426	+26.2138	 +2.1488	 +0.3822	 -1.3239	 -0.0518
 -0.8881	 -1.7967	-20.8547	 +0.6698	 +0.5768	 -3.6647
+13.7217	 +4.7072	+10.8966	 +1.4277	 +2.1811	 -0.9477
 -5.1742	 +2.0954	-21.6734	 +1.0776	 +2.9539	 -0.9001
 +4.1909	 +6.7704	-13.0317	 -0.1415	 -2.1162	 +0.8211
 -5.1795	 -6.5763	 -4.1895	 -6.1242	 -1.7679	 +3.1886
 +0.2486	 -2.6807	 +1.9493	 +6.1238	 +2.1106	 -0.8198
 +7.8750	 +4.7904	 +7.9366	 +2.5540	 -1.6301	 +2.7494
 +0.1418	 +7.3391	 -0.6773	 -1.6852	 -3.2567	 -1.1173
 +5.4258	 -6.6163	 +7.5034	 +1.0373	 +1.6865	 +3.0693
 -6.4282	-22.3144	+12.3065	 +0.9014	 -0.4670	 +0.2369
+12.3331	 +0.0575	 +0.4252	 -1.7524	 +2.7691	 +0.3441
 -3.0752	 +4.1314	 +0.6826	 +1.5490	 -2.8653	 +2.6877
-19.4869	 +3.7424	 -2.1170	 +2.0017	 -0.5581	 +1.7503
 +0.7867	 -0.0394	 -0.0571	 -5.0514	 +4.6641	 -2.4620
 +3.0521	+13.8417	 +5.0823	 -1.2389	 +2.3239	 +1.3483
-16.5021	 +2.3032	 -5.9355	 -1.1533	 -2.5229	 +1.6907
 +7.3409	 +7.7407	 +7.4378	 -1.5603	 +1.3253	 +1.1337
 +2.4731	+13.1419	 +3.1908	 -0.7982	 +1.3731	 +2.0917
 +7.1208	+25.8522	+35.1048	 +0.6035	 +0.3091	 -1.3370
-12.9017	 -1.3017	 +1.2616	 -0.4281	 -1.5332	 +1.1250
 +3.7045	+20.9929	-11.8789	 -2.7133	 -1.6344	 +0.7416
+20.1303	-13.1160	+10.0369	 +3.4125	 +0.2869	 -1.8228
 -6.6845	 +2.2277	 -6.9939	 -0.6331	 +1.8579	 +3.7546
 -4.1371	 -1.5772	 -2.2867	 -2.7225	 -2.9965	 -4.7615
 +3.4707	 +3.4908	 -3.2498	 +3.7906	 +2.9975	 -4.1193
-11.3161	 +1.4401	 -5.0650	 -2.9999	 -0.0422	 -0.2391
-18.6648	+10.9761	-26.1038	 -0.1512	 -1.0520	 +1.8919
 +4.8667	 -1.8751	-13.8070	 +0.6209	 -2.9988	 -2.1168
+22.4687	 -2.2613	-17.5173	 -0.6559	 -0.7980	 +2.0547
 +2.5883	 -1.5312	 -4.2436	 +0.6457	 -2.6765	 -4.0503
 +0.6061	 -2.7938	 -4.5017	 -0.1314	 -1.9035	 +0.1974
+11.8538	+15.4990	-14.0400	 +0.1194	 -0.7554	 -0.2641
-16.5785	+37.3521	-11.3042	 +1.6656	 +1.6609	 -0.0333
 -5.1104	 +2.1374	 +2.5715	 -0.9266	 +1.5127	 -2.9565
-10.4694	 -5.4770	-16.4508	 +1.1716	 -1.2098	 -3.1783
-11.7430	 +3.0454	+11.8852	 -1.8595	 -4.3137	 -0.5410
+18.3980	-10.1423	 -9.2730	 -0.2781	 -0.4128	 +0.4921
 +6.2499	-19.0334	 -2.8137	 -2.0285	 -2.4675	 +0.4001
 +1.7369	 -2.4530	 +5.8728	 -1.4289	 -1.0461	 -2.2900
 +3.6046	 +7.4633	+15.2640	 -1.2730	 -0.2045	 +2.5203
 -6.1055	 +2.6498	-25.1626	 +0.4643	 +2.0623	 +0.3577
-13.6225	+18.9736	 +0.9540	 -1.4223	 -2.8307	 +1.2737
 +6.2259	 -6.0685	-19.7955	 +0.8406	 +0.6935	 +0.5703
 -9.5804	 -2.3576	 -1.6002	 +0.9622	 -1.9918	 +0.4676
+15.5121	 +6.4891	+40.4097	 -0.5611	 -0.5241	 +0.5591
 -9.8337	 -3.5832	 +1.1195	 +0.7964	 -0.4541	 -1.9031
 +7.0488	 +2.7742	 +7.5158	 -1.4951	 +2.5521	 +0.4859
-12.1163	+19.2114	 -1.6836	 +2.6914	 -0.7185	 +1.6425
-12.3690	 +2.7167	 +3.0489	 -2.0558	 +1.4255	 +0.6388
-12.9091	 +5.6313	-14.2836	 -0.1853	 -2.0743	 -2.0141
 -8.9437	 +9.2364	 +8.0822	 -3.8803	 -0.6540	 -0.5124
 -0.0193	 +3.6607	 -5.8058	 +0.3932	 +1.0817	 +3.3747
-61.2130	-18.0690	-25.6789	 -0.5144	 +0.1684	 -0.0688
 -4.4753	 -0.5348	 +5.3261	 -0.9636	 -3.9308	 +2.5560
 +5.5157	 -2.4367	 +5.6948	 -0.9301	 +0.0135	 +1.1392
+11.3001	 -5.1734	 -4.0254	 -0.5057	 -0.7304	 +1.3193
