# Iterations: 1 of 100
# Total Energy: -6.699e+05
#    Kinetic Energy: 6.692e+05
#    Potential Energy: -1.339e+06
# Current Time: 2018-05-09 11:37:34.374502
# Elapsed Time: 0:00:12.134293
# 
# Med. Times for Sections
#    Force Computation:		1.954448
#        [1.954448]
#    Gather Particles:		0.006503
#        [0.006503]
#    Overall:		5.702884
#        [5.702884]
#    Scatter Particles:		0.007380
#        [0.007380]
#    Time Integration:		0.003086
#        [0.003086]
#    Tree Broadcast:		1.811743
#        [1.811743]
#    Tree Construction:		1.919651
#        [1.919651]
# 
# x	y	z	vx	vy	vz
# 
 -6.7828	 -4.4647	 -2.5907	 +0.0467	 +0.1776	 -0.3904
 +2.2672	-20.5022	-12.5522	 +1.2119	 +1.6894	 +1.5650
 -0.6833	 -2.9324	 +6.2281	 -1.9398	 -3.2169	 +3.2411
-22.4214	+26.0199	 -1.6154	 -2.3801	 -0.6708	 +1.1735
 -5.8774	-17.1439	 -6.5126	 +2.0549	 -2.7501	 +1.0214
 -5.0924	 +0.3375	-15.9190	 +2.6427	 +0.6641	 -1.3359
+14.6949	-14.5856	 -7.9684	 -1.0435	 -1.1824	 -1.1185
+12.1269	 +7.5206	 -5.9578	 -0.9220	 +0.5375	 -0.4816
-27.8649	-36.2428	-11.1688	 +1.8667	 +1.6073	 -0.1283
-11.5680	+22.2403	 +1.5978	 -3.3464	 +0.0836	 +0.6337
-25.1347	+10.3454	+17.5930	 +2.0223	 +1.0448	 -0.1993
 -3.3829	 -4.9598	 +0.7902	 -2.3326	 +1.5840	 -1.0916
 +4.9009	 -2.9683	 -2.6847	 -1.6487	 +2.5992	 -5.3302
+26.4316	+11.5366	-26.4149	 -1.1545	 +1.0127	 -1.2437
 -3.4081	 -3.0544	 -0.9972	 +3.5025	 -2.5255	 -1.3672
+11.5552	 +4.0563	 -0.0398	 +2.6354	 -1.5963	 -1.9176
 -7.8035	 +0.1887	 -9.0787	 -1.7562	 -4.4568	 +2.0893
 -4.1670	 -0.6484	-17.4537	 -1.6286	 +0.6055	 -2.2709
 +9.5202	 -6.5735	 +7.7264	 +0.6028	 -1.5247	 -0.3015
+105.8790	-28.1326	+78.4021	 -1.3550	 -0.8411	 +0.2117
 -7.8898	 -5.7563	 -2.1552	 +1.8265	 +1.3953	 -3.3842
 -4.1198	 +2.4736	 -8.0715	 +0.2321	 -4.2983	 -0.2616
 +6.0627	 -0.4441	-10.6724	 -1.2594	 +2.7639	 +1.4676
 -2.2020	 -5.1676	 -0.6153	 -2.7513	 -0.0922	 +5.0643
 +6.4399	 +6.9121	 -8.4305	 +1.7659	 +1.1905	 -0.5570
-33.8167	+18.9054	 +0.9273	 -2.2568	 +2.4221	 -1.3005
 -2.3635	 +2.0482	 -2.0044	 -1.8816	 -5.1811	 -3.2052
+11.7311	 -7.2691	 +2.3851	 -3.5123	 -0.5324	 +2.3700
 +8.3447	+14.1221	 +7.8838	 +3.2430	 -1.8290	 -2.0170
-19.9546	-19.9652	 -5.0983	 +3.1253	 +1.9045	 +0.5188
 -7.4013	 -2.3083	 -1.4421	 +4.0888	 -3.4130	 -4.7288
-55.7825	 +7.1306	 -1.3891	 -0.9485	 +2.0156	 +1.8289
 +0.8959	 -5.4964	-14.0320	 -4.2918	 -0.7128	 +1.4521
 +0.0003	-15.9018	 +5.7881	 -0.8125	 +1.4830	 -1.1228
-10.1433	 -2.8136	+21.3674	 +0.1737	 -0.6696	 +1.3051
 +4.2621	 +1.5384	 -0.5272	 +0.3715	 +0.8739	 +0.4913
 +3.2093	 -1.2987	 -3.6074	 +0.1737	 -5.3907	 +1.5026
 -5.3724	 +1.3310	 +4.3148	 +3.9283	 -3.2459	 +2.7877
 -2.2834	+32.1611	-11.8406	 -0.7562	 -1.4368	 +0.5947
 +3.3992	 -3.1554	 +1.1986	 +1.3912	 +4.2370	 +2.8679
+12.0883	 -9.6903	 +9.7744	 +2.4006	 -3.7988	 +0.7644
 -4.6257	+11.2379	-12.6110	 -0.4428	 -0.7662	 +1.0701
 -4.5541	 -3.7442	 -9.9598	 -2.2816	 +3.7348	 -0.7798
 -3.6242	 +4.0106	 -0.9803	 -4.1790	 -0.1754	 -1.0066
 -6.9387	+22.4855	-21.3141	 +2.3360	 +0.1251	 +0.6313
 +2.8115	 +0.2096	 -5.4249	 -0.6084	 -1.3477	 +4.8842
 -3.3306	 -0.2628	-10.8931	 +2.4083	 +4.7162	 -1.5983
+34.8426	 -4.9031	 +2.4975	 +0.2054	 -1.2934	 -1.5756
 -3.8681	 +4.2168	 +0.5248	 +2.2328	 +2.7532	 -0.2449
 -6.8692	 -1.2846	 -4.4892	 +1.9614	 +4.5918	 -0.2575
-34.4151	-57.1607	-38.7494	 +1.1121	 +0.2371	 +1.5741
 -1.0551	 -4.0916	 +1.2861	 -2.1098	 -3.3959	 -3.6489
+16.5070	-10.4473	 +5.4864	 -0.0712	 +2.5313	 +4.0233
 +2.3526	+13.2714	 +4.2073	 +2.3212	 -3.6643	 +2.3819
 +5.0245	 -5.1611	+52.5139	 +0.4819	 +2.2114	 +1.9354
-27.0853	 -6.9750	 -4.2894	 -2.0781	 +0.2875	 -0.1912
+32.4033	 -5.3860	 +4.8667	 -1.1699	 +0.9423	 -1.0166
 -4.8160	 +6.5196	 +5.8469	 -1.6079	 -0.6969	 -2.6862
 -2.3550	 -6.7653	 -3.6391	 +3.6175	 +1.5030	 +3.9572
 +2.8721	-22.0718	 +8.4039	 -3.6362	 +0.9964	 +0.2064
-13.8417	 +0.8874	 +9.4480	 -4.4046	 +1.0199	 -1.2906
 -8.2132	 +2.8462	-20.3505	 -0.4614	 +4.0435	 -1.8429
 -2.9219	 -9.6765	 -2.2355	 +2.6385	 +1.5110	 -1.6753
 -5.8751	 -4.7295	 -8.9901	 +0.1751	 -3.3483	 +3.0931
 -2.1381	 -4.0660	 -6.6113	 -1.5919	 -1.0393	 +3.8527
 -6.7639	 -3.4931	 -9.9281	 -2.4785	 -3.1140	 -2.1513
 +5.0544	 -2.0072	+22.3900	 +0.6073	 +0.9927	 -0.0284
-13.7173	-11.9819	+27.3397	 -2.4702	 -2.0476	 +0.5703
 -3.4211	 -7.5656	-20.4499	 +0.5428	 -0.9581	 +0.7761
 -3.9651	+11.1818	 -5.4861	 -0.4096	 -1.6687	 +4.0409
 -1.4514	 -4.5009	 -1.6527	 -1.8370	 -2.1430	 -1.9261
-13.4192	-12.1211	 -6.2625	 +1.6707	 +0.2480	 +1.0580
-11.9390	 +6.4243	 -2.2094	 +0.4738	 +0.4814	 -1.9988
-16.3037	+15.2787	-93.5752	 +1.9165	 +0.0101	 -1.4585
+26.5528	-28.4999	-14.2560	 -0.1070	 +1.5216	 +0.5519
-10.3457	+10.9404	-11.2534	 -2.7119	 -3.5949	 +0.8213
 -5.1999	 +2.3531	 -8.2719	 +0.9094	 +2.0822	 -2.4172
 -1.4929	 -8.3918	+13.2882	 -2.9689	 -2.4520	 -0.8285
 -4.6174	+10.0494	 -4.3158	 +2.9859	 +0.3408	 +3.0640
+20.2594	-15.2895	 -5.6725	 +2.7818	 +1.4370	 -0.0824
 -0.8796	 +0.6555	 -2.5819	 -0.8000	 +1.3662	 +3.0318
 +9.4829	 +9.3143	 -8.0771	 +0.4693	 +2.7824	 -1.2664
 -2.6154	 -0.4849	 -5.6362	 +1.8341	 -0.4684	 +4.3223
-10.7074	+24.5854	+13.9720	 -1.0354	 +0.0108	 +3.6877
+12.4280	 +3.8929	 +0.2756	 +3.4610	 +2.7140	 +3.0395
 +3.9792	+13.3260	 +8.8179	 -2.7169	 -1.4786	 +0.9183
-16.3701	 -4.9204	 +2.4030	 -1.6316	 +0.5346	 -2.8622
 -0.8379	+15.7297	 +9.0955	 -0.8229	 +3.2194	 +1.0398
 -5.5968	-27.3478	 +9.9310	 +2.0071	 -1.3372	 -1.3444
 +5.5322	 -8.8163	 +2.3753	 -0.7596	 -1.4674	 -0.5530
-11.1234	 -0.6374	 -3.6665	 -1.5882	 +2.1345	 +3.2344
 -3.8081	 -0.6825	 +0.6379	 +1.5140	 +1.2200	 +1.1499
-13.5726	-25.9996	-47.8856	 -0.7573	 -0.9074	 -0.5197
 +6.3160	 +2.5772	 -8.8569	 -3.3808	 -0.1987	 +4.0051
 +5.0589	+13.2694	 +0.2311	 +0.8489	 -0.8358	 -1.1757
 +6.4610	 -8.4078	 +4.1156	 +2.2987	 +0.8374	 -3.8663
 -7.4593	+32.9326	-20.0653	 -0.5060	 +0.0777	 +2.1865
 +2.1985	 -2.4525	+16.9933	 -1.8408	 -0.4889	 +1.9281
 -9.7721	+14.9388	 +1.9026	 -0.7762	 -1.0782	 -1.2036
-13.6700	-12.0182	-22.1843	 +2.9950	 +1.5512	 -0.8493
 +6.8688	 -0.4504	 -2.9166	 -1.4845	 -5.9509	 -0.8989
-13.4752	 -1.6423	-10.7612	 +0.1499	 -0.2176	 -0.8518
 -3.0573	 +0.3463	 +4.7071	 -0.8506	 -1.7864	 -1.6341
 -3.5628	 -7.5525	 -8.7569	 +1.1460	 +2.8191	 -3.2881
 +0.0698	 +3.1585	 -4.8055	 -0.8819	 -1.3461	 -1.3609
 -8.7908	 -1.2130	 +3.1274	 +3.0344	 +3.2691	 +3.4455
-17.1603	-17.7140	+21.9635	 +3.0268	 -0.4963	 -0.6946
 -7.1475	-14.2270	 -0.5462	 -0.6610	 +0.8442	 -0.2308
+25.6205	 +9.7443	+18.1419	 +1.2513	 +1.9033	 -0.1830
 +1.0285	 +1.4383	 -7.2451	 +2.9398	 -0.0645	 -4.5975
 -5.6384	 +0.1159	 -2.5120	 +1.8203	 +6.0924	 -2.1688
+474.8088	+387.4890	-227.5410	 -0.2778	 +0.6745	 +0.3143
-138.8766	+98.5831	+199.6887	 -0.1134	 +1.1391	 +0.4451
 +7.3788	 -2.3703	 +9.7318	 +4.7425	 -1.4249	 +1.1562
 +6.9649	 +2.1388	+20.0664	 -1.6305	 -1.1157	 +0.7622
 +0.5986	 +9.0783	 +8.3998	 +0.0599	 +3.0866	 -1.8861
 +2.7369	 +5.5737	 +1.6929	 +4.3236	 -2.0042	 -2.3794
-74.2392	-16.0472	 -9.9795	 +1.2910	 +0.1697	 -0.7543
 -2.6660	 -0.2433	 +0.9838	 -3.6419	 +1.6240	 -1.5076
+45.3926	-21.7904	-44.0200	 +0.5829	 -0.7408	 +0.1977
-15.2360	 +8.5879	 -6.2488	 -0.1277	 -0.6848	 -2.3884
 +0.4508	 -1.9638	 -0.5174	 -1.8218	 +3.9996	 -1.4871
 +1.4547	 -2.2394	 +1.0661	 +5.0483	 +1.7834	 -1.4064
 +2.0398	 -8.1342	 -1.5518	 -4.7838	 -2.2265	 +0.5805
 -4.3398	 +1.4901	 -1.9750	 +1.1404	 -3.0729	 +1.9265
 +1.5572	 -5.5986	 +2.2001	 -1.4851	 +2.5562	 +1.5926
-17.0126	 +1.0777	 -2.1541	 +0.5858	 +0.1212	 -3.1418
 -7.5224	 -4.0626	 +2.5804	 -2.4210	 -0.4353	 +0.9615
 -6.8062	 -0.2789	 -8.5053	 -2.9806	 +1.8224	 +0.5993
+12.9480	-12.7585	 +0.9157	 -1.4239	 -0.5390	 -2.5135
+13.8909	+32.9216	-162.2063	 +0.0708	 -1.1569	 -1.3238
 +6.2534	 -3.1936	 +6.6548	 +3.4886	 +2.0743	 +0.0199
 +6.7463	 -5.5298	 -8.5532	 -1.0813	 +2.9573	 -1.6580
 -3.6080	 -7.5498	 +2.3790	 -4.5009	 -0.6244	 +0.5367
 -2.3590	 +2.9833	 -1.2902	 -0.3678	 -2.7115	 -1.4424
-17.3408	+25.2705	-36.0255	 -0.5756	 -1.0547	 +0.6070
 -5.5072	-11.2777	 -7.1490	 +4.8637	 +0.5102	 -1.6670
+19.9044	-14.2301	+14.9471	 -0.7514	 -2.8369	 +1.3285
 +1.9957	 -1.1924	 +5.5796	 +2.3019	 -3.8905	 -0.4393
+13.6987	 -9.3325	-12.9653	 -1.4393	 -0.1535	 +1.3354
 +0.2610	 -4.6046	+10.0928	 +1.3983	 +0.7038	 +2.1035
+11.4194	 -7.9309	 +4.8468	 -2.7114	 -1.5225	 +2.8148
 +0.0894	 -2.7062	 -2.6502	 +1.2540	 +1.3553	 +1.3298
-32.8628	 +3.7646	-37.1641	 +1.8991	 +2.2219	 -0.1779
+57.7918	 +6.7441	+20.8895	 +0.6504	 -1.9072	 -0.1734
 +1.5135	 +5.2282	 +0.0337	 +0.2608	 +1.4875	 -4.0945
-27.7469	-71.4675	+45.3285	 -1.2976	 +0.9388	 +0.9982
 +4.2786	 +7.6566	 -8.1752	 -0.6164	 +3.5983	 +0.2124
+19.5460	 +7.9709	 -2.2175	 +0.7909	 -0.9752	 -3.3371
 -6.2993	 -4.5574	 -1.0487	 +4.2214	 +2.4717	 -2.3396
 +1.2223	 -5.9736	+11.2337	 +1.4022	 +2.8197	 -0.6236
 -3.1262	 -5.9308	 +1.0668	 +6.1711	 +0.1855	 -1.5712
 +5.2755	 -3.7360	 -1.1821	 -4.7557	 +1.6919	 -0.6171
 -7.7988	+12.7019	 -6.4033	 +0.3319	 -0.2252	 -0.9254
 +5.9492	 -0.7125	 -7.4419	 +1.7395	 -3.8511	 -1.8760
 -8.8842	 -3.1875	-17.7850	 -1.3968	 +1.6675	 +0.7723
 +0.4396	 +8.2247	-13.3028	 +3.2841	 +0.0052	 -3.2220
 +9.2061	 +2.3253	+28.3475	 -2.7396	 +1.1749	 +1.0937
 -7.2265	 +3.8372	 -8.5693	 +1.2384	 -1.6685	 +3.5080
 -6.5971	 +3.3033	 -0.3599	 -0.2045	 +0.2273	 -1.0799
 +2.6868	 -0.2653	 -5.4493	 -3.2563	 +3.6019	 +1.8577
-20.4154	 +2.4520	+10.2502	 +3.4182	 -2.3544	 -1.1221
 +7.1997	 +1.2804	 -2.3668	 -2.6634	 +1.4859	 +0.0789
+14.9963	 +7.8026	 +4.8699	 -0.3604	 +1.7059	 +0.0365
 -8.6574	 -4.1465	 -6.9663	 +1.4169	 -1.3076	 +3.7382
 +3.9908	 -2.2545	 +3.8532	 -4.5110	 -1.4068	 +3.0460
 -4.1140	 -2.7545	 +2.9909	 +0.9784	 +0.7600	 -2.6348
-16.2327	 -1.1022	-17.1850	 -0.1025	 -2.8873	 +2.1915
 -0.6336	 -1.6158	 -4.5038	 -3.4629	 +0.5577	 -0.7588
 +1.9795	 -3.4003	-14.2606	 +2.9727	 -1.7064	 -0.2556
-15.8243	 +2.4827	-14.3074	 -0.2583	 -1.0768	 -2.5489
 +1.9229	 +1.1371	 -3.9066	 +1.1539	 -0.0658	 +1.7207
 -3.5951	 +1.6314	 -6.8736	 -0.8800	 -0.1904	 -5.8380
+29.7682	-13.1987	+25.4716	 -0.4828	 -0.4544	 -0.4006
 -5.2934	 -1.7194	 +3.9302	 -1.1535	 +2.2468	 -0.5460
+54.9321	+26.0347	-26.0939	 -1.8567	 +1.0012	 -0.1865
-13.5670	-13.8425	 +3.3354	 -3.3022	 +1.2768	 -2.1926
 -7.6546	-24.7541	-10.6864	 +1.5104	 +0.9449	 +1.3367
 -1.1259	 -5.9809	 -3.5355	 +1.7547	 -2.7321	 +1.4423
 -2.1637	 -2.8961	 +2.0927	 -0.3197	 -4.8538	 +0.6067
 -0.1733	 +3.6649	 -2.3379	 -4.0313	 +1.8641	 -2.2516
 +4.1628	 +2.1850	 -9.2477	 -1.2208	 +4.0316	 +0.5454
 +6.4294	 +4.2941	 +5.6716	 +0.9708	 -0.0553	 -0.3901
+15.1617	+18.6895	-21.0836	 -0.5047	 +1.4127	 -1.5719
 +7.9059	 -1.3264	 +4.6018	 +2.8172	 +2.8061	 -4.0837
 +2.2884	 -1.6274	 +2.1284	 +1.4693	 -2.2833	 -2.1378
 +1.2929	 +4.1163	-11.3166	 +0.2036	 +1.5637	 +1.0256
 +1.1575	 -2.0552	 -5.1126	 +1.1972	 +1.4884	 -1.9661
 -7.4629	 -7.8518	 +0.3873	 -4.3561	 -1.8600	 -2.0943
 -5.4269	 +4.1403	-11.1684	 +1.0985	 +1.4268	 -1.3782
 -3.6134	 -9.2280	 +4.5015	 -1.7211	 -4.8925	 +2.4641
 -0.1491	 -1.4183	 -8.4218	 +2.5326	 -0.3444	 -0.9693
 +0.3431	+25.4009	-29.6099	 -1.5743	 -0.5455	 -2.1417
 +2.3164	 -5.2511	 +4.5856	 +0.2616	 +1.7505	 +4.2225
 -1.0853	+10.1900	 -0.9694	 +2.0763	 -0.3409	 +1.4927
 +6.2805	 +2.1922	 +0.4499	 +0.0064	 +1.9115	 -0.2689
 +9.4104	 +3.4862	 +5.2804	 -2.1927	 +3.6637	 +0.8010
+32.2757	-101.3388	-36.9195	 -1.3213	 +0.1745	 +0.9587
 -7.4722	 +8.1693	 -2.7571	 -0.4562	 +3.5511	 +2.4790
-10.2298	 -7.3094	-11.4584	 +1.9622	 +3.1116	 -0.2120
 -7.6109	-22.5108	-22.3290	 -1.5985	 -1.0140	 +2.4539
+26.9283	 +4.0166	 +6.8069	 -0.7458	 +1.4279	 -1.6044
 -2.0700	 +6.5560	 -3.6925	 -1.5706	 -0.2540	 +3.0391
 -3.2291	 +1.0459	 -0.5780	 -4.7558	 +4.5727	 +0.9737
-19.1526	 -4.6974	 +0.6781	 +0.8514	 -1.1292	 +1.6059
 -2.0933	 -0.0187	 +0.7300	 +3.0618	 -3.7465	 +0.4376
 -6.6081	 -2.5668	 +3.4161	 -0.8992	 +0.0004	 -0.1769
-12.9832	+20.9394	 -8.6205	 -3.1703	 -0.6047	 +2.8862
 +6.2857	+48.9908	-36.4680	 -2.0306	 +0.9529	 +1.0693
 -7.2252	 +0.5649	 -4.7078	 +4.8032	 +1.5475	 +1.3494
+10.8591	 +6.5460	 -5.2281	 +2.0376	 -1.9969	 -0.7470
 +0.1552	-10.3866	 +3.6340	 -2.3507	 -1.5507	 -1.2988
 +4.9430	 +1.5040	 -5.5166	 -1.4034	 +3.4893	 -1.9874
 +9.2268	 +0.9688	 -2.3969	 -4.7151	 -0.2910	 -3.0451
+20.5417	-11.2969	-17.7609	 -0.2853	 -0.2533	 -1.4878
+119.3016	 +4.9568	-43.9624	 +0.3362	 +0.1500	 +0.6795
+17.8405	+14.3075	 -4.5739	 +0.7924	 -1.1761	 -3.9818
 +3.0242	 -7.8868	 +2.7448	 +2.2383	 -0.2410	 -0.4928
 +7.3412	 +1.7764	 +2.2136	 -2.4251	 -1.9590	 +1.8551
 +5.2854	 -8.3091	 -0.0334	 -0.8178	 +0.0904	 -1.4765
+33.7102	-32.8121	 -5.7974	 -0.7283	 -0.0129	 -0.5831
 +0.5888	 +1.5345	 -2.6380	 +3.1884	 +4.9616	 +1.3560
-13.6937	 -9.4664	 -1.3681	 -1.7787	 +0.2530	 -2.4108
 +2.1830	 -3.3625	 +1.1538	 +2.4888	 +1.9527	 -4.0726
 +1.1063	 -4.8524	-10.2690	 +1.5228	 -0.4173	 -3.0473
 -3.8662	 +0.2854	 +2.0800	 +2.6959	 -1.2044	 +0.0474
 -4.3654	 -0.8263	 -7.1779	 +3.2917	 +1.8296	 +1.5529
 +1.7637	 +1.9314	 +3.6271	 -0.3565	 -4.3611	 -3.0378
 +7.0579	 +7.3092	 +2.1920	 +0.4966	 -1.2655	 -1.3799
-11.5747	 +6.6771	 +4.2496	 -0.7753	 -0.4860	 -1.0022
 -6.1854	 +4.3141	 -4.8500	 -0.5423	 -0.3669	 -1.3327
 +2.3157	 +8.6425	 -2.0459	 +1.1693	 +1.7835	 -1.1004
+10.5967	 +5.2408	-11.7567	 +1.2040	 +0.6792	 +1.7718
 -3.8621	 -7.3827	 -4.6389	 +0.3267	 +2.4703	 +2.3035
 -4.1079	 -7.6661	 -9.4105	 -1.1067	 -2.2641	 +3.6576
 -5.9740	 -4.0233	 +8.2239	 +0.4562	 +3.0580	 -1.0207
 +2.3351	 -8.4605	 +1.0784	 +0.7379	 -4.3180	 -1.9152
 -2.1945	 -6.3662	+17.1401	 +1.9186	 -3.4656	 +1.2970
 +4.9939	 +2.2916	 -5.7320	 +2.1868	 +3.3013	 +1.4029
 -2.4803	 -2.3318	 +0.8161	 +2.3168	 -0.2106	 -1.3768
-47.3855	 +8.8228	 -0.5490	 -2.1852	 -1.4948	 +0.4311
 +3.6980	 +4.2650	 +3.3338	 +0.2149	 -0.9802	 +2.5407
 -0.3336	 -3.2370	 +2.9410	 +2.2111	 +6.1398	 -0.4260
 +9.3494	 -6.2477	 -3.9850	 +3.5226	 -2.3888	 +0.2297
 -6.1567	 -5.2218	 -3.1112	 -1.3941	 -3.2303	 +1.9186
-16.3934	 +6.5115	 +1.3245	 -0.2618	 +1.7950	 +1.1806
-32.0840	-10.1089	+42.2459	 +0.1720	 +1.0847	 -0.3867
 +4.0431	 +0.4449	 -0.2570	 -5.0555	 -0.1166	 +4.1478
 +0.2716	-10.1799	 +7.3116	 -2.2226	 +0.4975	 -1.6764
-40.6243	-31.7743	-25.0291	 +1.5141	 +0.2917	 +1.4476
-20.6029	+19.0882	 +4.2517	 +1.5284	 +2.5035	 +0.8536
-13.8896	 +4.9887	-11.5179	 +0.7208	 -4.1575	 +1.0332
 +8.1621	 -4.6919	 +2.3373	 +1.9802	 -1.7848	 -0.1902
 -4.4747	 -1.0793	 -5.3538	 +4.2348	 -4.3720	 +0.0625
+1870.9079	-30.4407	+790.1618	 +0.2213	 -0.2337	 +0.0662
 -6.2012	 +3.5738	 +7.1020	 -0.0603	 +0.5802	 -1.2406
 -5.7634	 -6.4819	 -2.0296	 +5.2102	 +0.0098	 -1.2020
 -0.1462	 +1.7749	 +1.1540	 -1.2302	 +1.2885	 +6.1426
+26.4989	-16.2876	-15.3736	 -0.8562	 -0.1164	 +1.3855
 -6.4734	 -6.9746	 +0.0559	 +1.6225	 +2.9407	 +2.5530
-54.3810	-46.3919	-68.9172	 -0.9282	 -1.3565	 -0.3358
 +4.6643	-14.1771	-24.2373	 -0.0010	 +3.4603	 +0.7960
+21.9503	 +2.8931	+23.5971	 -1.9639	 +2.1335	 -1.3563
+18.9526	-27.9211	 +9.5641	 +1.2258	 +0.3168	 +0.4900
 -9.5354	 -1.8921	 -6.7074	 +0.2365	 +0.1231	 -0.2120
+12.1528	+28.3077	-10.0566	 +1.6553	 -2.1777	 +0.3675
 -9.2468	+20.7505	 +3.4731	 -0.2210	 +0.6773	 -0.0449
 +3.3291	 -4.8546	 +0.5176	 +2.4245	 -2.9808	 -0.6802
 -0.8091	 +9.6262	 +6.5980	 +0.9425	 +1.3988	 +0.1810
 -0.5140	 +4.5578	 -4.5778	 +0.0426	 -3.5552	 -5.5438
 -4.5524	 -2.5783	+13.3796	 +0.5951	 -1.2086	 +0.8546
 -0.1659	 -4.2530	 -6.4135	 +3.2293	 +1.1172	 -1.9910
 +4.8570	 -1.4857	 -9.1475	 +2.4211	 +1.2515	 +2.8925
 -0.5497	 -2.5751	 +6.2440	 +3.4693	 -3.6594	 +0.6139
 -5.9890	 -2.0663	 -2.6351	 +3.2886	 +1.7386	 +1.4017
+22.7117	+14.8428	-25.2428	 -2.5072	 +0.2016	 +0.8023
 -2.6804	 +3.4240	 -4.1117	 +2.7573	 +3.4277	 +3.0321
 -0.8872	 +1.3158	 -3.2872	 -3.1781	 -1.2958	 +1.9097
 -0.9191	+12.7606	+14.8668	 +0.1532	 +2.7219	 -3.4111
 +3.9075	 -5.3298	 -6.7155	 -2.0660	 +2.1771	 +0.6084
-11.8273	 -2.3544	 -1.3472	 +1.0548	 +0.2496	 +1.3133
 -9.8340	 +7.1911	 -5.2340	 +1.1348	 -0.3457	 +1.9393
-12.0559	 +3.1748	 -4.2473	 -2.7894	 -2.3840	 +0.8881
+11.0710	-11.4651	 +0.8471	 +0.5337	 -0.6045	 -0.5513
 -2.1261	 +8.1920	 +6.6336	 +1.5723	 -0.8466	 -1.9129
 -6.9494	 -2.4415	 +1.3383	 +1.9134	 +2.4097	 -0.5623
-12.8163	 +7.9837	-17.5092	 -3.2750	 +0.6291	 +1.3094
-21.5392	 -3.8695	 +8.2541	 -2.8034	 -1.0889	 -2.3374
 -8.6368	 +4.0433	+11.8451	 +0.0141	 +1.2313	 +0.0127
-135.1347	-40.9799	+70.7583	 +0.6325	 -0.9606	 +0.7107
 -1.6147	 +0.1864	 +1.4551	 -1.1697	 -1.2766	 -0.9135
 +3.6197	 -7.0962	 +0.3764	 -3.7671	 -1.1791	 -1.5903
-11.2693	 -1.3237	 +4.8895	 +3.1390	 -2.9489	 +1.2187
 -7.4330	 +1.7976	 +3.8494	 +0.4399	 +2.7387	 -4.7716
-10.3497	 +9.7806	-15.0253	 -2.2922	 +1.4018	 -0.3062
 +7.5867	 -3.8160	 +2.1158	 -0.0457	 +4.6625	 +1.3314
 -5.8433	 -1.5509	-12.0961	 +0.0570	 -2.7023	 -2.4135
-114.2323	-103.9377	+101.7074	 +0.3664	 -0.2854	 -0.0923
-21.0385	+30.2104	+26.5232	 +1.9129	 +1.6664	 -1.2265
-17.8631	-27.1912	 +4.1058	 -1.8332	 -0.0369	 +2.4694
-30.8877	+10.1496	-20.0568	 +1.1914	 -0.2403	 -2.8470
-10.1584	-23.8795	 -6.4373	 -2.3527	 -0.4881	 -0.7913
 +0.0045	 -0.1508	 -1.3825	 +2.3672	 -1.7379	 -3.0339
 -3.6311	 +0.3780	 -1.2652	 -0.9351	 -1.4898	 +3.1749
-10.4430	 +2.5780	 -1.8227	 +2.8692	 +2.1421	 -1.9510
 +6.0425	 -7.9470	 +8.4059	 -0.3723	 +0.1127	 -1.9702
-23.5642	 -6.4478	 +3.5959	 -0.7330	 +0.5056	 -1.2173
-17.6974	 -6.7486	 +9.7980	 +0.5878	 -3.3508	 -0.4241
+23.1601	-98.7128	+22.2814	 -0.9468	 +1.1671	 -1.1662
 -7.5520	 +1.2964	 -4.4088	 -3.5909	 +2.4587	 +3.9243
 -1.2071	 -2.5550	 -7.3111	 +1.4848	 +0.0411	 -0.4705
 -4.1308	 -3.6774	 -1.5208	 +2.5706	 +0.3917	 -1.9219
 -2.8146	 +3.2300	-13.1226	 +0.5377	 -2.7164	 +1.1464
 -2.1732	 +3.7779	 -9.9569	 -2.7152	 +3.1482	 -0.5835
 -9.6350	+13.9154	+18.1177	 -0.0194	 -2.3467	 +0.5143
 +8.3573	 -1.9424	+21.8732	 -0.4637	 -0.6058	 -0.9990
 -4.8768	 +8.2530	+11.1248	 +2.6830	 +1.7823	 -4.4154
 -1.2197	 +4.1447	 -2.8004	 -2.7746	 -1.5263	 -0.1256
 +8.6591	 -3.4160	 +0.1077	 +3.1061	 -2.7361	 +2.1453
 -4.6090	 -1.6689	 +4.2928	 -0.7832	 -4.2348	 -2.3104
 +2.5244	 -0.0722	 -5.8216	 -0.1839	 +0.7701	 +0.3914
-13.2647	-23.0274	 -6.7917	 -0.8393	 +3.7606	 +1.2582
 -0.9713	 -4.9439	 +3.3992	 -1.1979	 +0.6598	 -6.4056
 -4.8537	 +2.3613	-14.9499	 +0.1997	 -0.7365	 +0.9479
 +0.3619	 -5.3773	 -2.7500	 +2.1736	 +2.0827	 -2.1773
 -4.2835	 +8.8147	 +2.5524	 +0.9352	 +2.4106	 +0.7065
-156.7002	-52.0306	+202.0637	 +0.5179	 -0.6834	 +0.2407
 +2.7589	 -3.6720	 +0.9936	 -0.0867	 -0.8228	 +0.5560
 +4.5910	 -6.9286	 -7.7040	 +2.5754	 -1.7813	 +0.5784
+12.2817	 +2.7695	 -5.1772	 -0.3042	 +0.7767	 +2.1914
 +1.8195	 +2.7766	-10.9585	 +0.8921	 +4.8133	 -0.8295
 -2.5173	 +1.3879	 +7.9668	 +0.1823	 +0.1813	 -1.9533
+32.6064	+37.5558	 +0.1156	 -0.7268	 +1.8909	 -1.9287
 -6.8870	 +4.1173	 +9.0354	 +1.7084	 +1.0841	 -2.3496
 +1.4966	 -7.6706	 +8.5201	 +3.7288	 +0.0770	 -0.8875
-13.1594	 +3.0116	-20.8556	 +2.7268	 +0.7108	 +0.0742
 +1.3385	 +9.9501	 -8.9469	 +0.5691	 -0.6944	 -1.5038
 -4.1485	 +3.4274	 +3.8840	 -2.7328	 -0.9948	 -0.3754
 +2.5519	 +9.3956	 +4.1367	 -2.8232	 +0.2096	 +0.0610
 -0.4035	 +1.1628	 -5.4039	 +0.6131	 +0.6151	 -1.4672
 -9.2383	 -5.3830	 -9.5162	 +1.0679	 -1.6354	 -0.4993
 -3.5123	 -6.5133	 +9.7784	 -0.2001	 -0.5282	 +0.2391
+11.6957	 -2.0850	 -0.3469	 -1.3851	 -0.4812	 +2.8807
 -3.6711	 +0.7565	 -1.6149	 -3.0760	 +2.2260	 +0.2874
 -4.1244	 -3.1509	 -6.3327	 +1.4440	 -1.7302	 +1.9447
 +6.3587	 -0.4857	-10.5476	 +0.2917	 +1.2746	 -0.5681
 +0.5420	 +1.4396	 -5.1893	 -0.0134	 +0.5032	 -2.1177
-16.7178	-15.4766	+13.4242	 +1.2151	 +1.2002	 +3.9148
 +1.2374	 -0.1240	 +1.8866	 +0.1886	 +0.7773	 -0.5509
+12.9665	 -6.6917	 -5.0808	 -0.4529	 -2.4759	 +0.9398
 -6.3065	-10.1885	 -7.2545	 -2.2383	 +0.1814	 +1.8382
-16.6001	 +0.8108	 +8.9397	 +2.4118	 +1.0474	 -1.6799
 -1.8446	 -7.1643	 -2.3540	 +4.0318	 -1.8600	 +2.1703
 +5.3296	 -3.3722	 -9.3932	 +3.7948	 -3.2233	 +1.9615
 -6.0749	 +4.4287	 -1.2494	 +0.0293	 +3.4150	 -2.0044
-15.0942	+27.3417	-42.5541	 +0.5382	 +0.3874	 -1.3154
 +8.6114	-12.5975	-51.1863	 -0.0656	 +0.9733	 +0.3533
 +0.1951	 -3.0362	 -5.7637	 +4.0890	 -0.6592	 +0.4325
-15.3264	 +2.2404	 -7.4755	 -2.4723	 -2.5795	 -2.1342
 +0.4623	 -0.5106	 +1.6907	 -2.5810	 +2.3143	 +1.7524
-12.9747	-15.8941	 -6.0827	 +0.8511	 +2.9721	 +0.0778
-19.8257	-72.0102	 -2.7561	 +1.2481	 +0.7249	 -0.6947
 +0.5602	 +2.4117	 +7.3068	 -1.5262	 -3.0258	 +2.3475
 +1.0091	 +6.8267	 -6.5414	 +3.2418	 -2.5799	 +1.9094
+19.2741	 -7.1749	 -1.7210	 -1.0357	 +1.3290	 -4.3005
 -8.5156	+10.1338	-14.8558	 +3.3707	 +0.1302	 +2.7442
 -6.2998	 +4.1056	-19.2584	 +1.7575	 -0.9592	 -0.2189
-12.4252	 -1.4906	 -8.9524	 +1.4877	 +1.5969	 -0.9423
 -2.9698	 +0.8749	 -1.6764	 -4.5821	 +4.4797	 +0.7592
 +0.1475	 -3.2041	 -4.1735	 +4.1745	 +4.2876	 +1.2373
 -1.6515	 +1.5744	 -3.4811	 -4.7594	 -0.6322	 +1.8951
 -6.8793	-22.3635	-15.5152	 -0.7213	 -0.3895	 +2.2577
 -5.2565	 +2.1975	 +0.1375	 +2.4198	 +2.1543	 +2.2596
 +4.4029	+16.8897	 +7.9371	 +0.3066	 -2.4451	 -0.9642
-58.6922	 -5.2912	 -9.8133	 +0.1796	 +1.2519	 -1.0809
 -4.4837	 +0.2974	 -0.5374	 +0.6368	 +1.7030	 +2.9729
 -2.7744	 -1.6341	 -7.3126	 +3.5349	 +2.4872	 -2.1765
 +5.2389	 -8.5932	 -3.5038	 +1.8272	 +2.9324	 -0.3167
 +1.1309	 +1.3821	 -5.6951	 +1.8845	 -3.2170	 -2.0966
 -5.0126	 -6.0758	-12.1786	 +3.1929	 +1.8263	 -3.8385
 +0.4638	-12.6685	-25.9881	 +0.5796	 +1.8696	 +1.7222
 -8.5139	 +6.9757	 -1.5496	 -0.8979	 +0.7225	 +5.6014
 -8.8183	 +1.8760	-11.1941	 +3.8964	 -0.0675	 -3.0387
 +8.5595	 +1.7533	 -2.8011	 +3.6228	 -2.2714	 -1.1882
 +3.2472	-30.1148	-19.6591	 -0.6554	 +0.3597	 -1.1535
-10.0393	+19.4695	 -1.8172	 -1.3397	 +1.0573	 +2.3970
 -4.8515	 -1.3379	 -3.3881	 +0.1930	 +2.3121	 +2.2449
 +2.0862	 +4.2206	 +5.3067	 -1.3018	 -3.9422	 +0.9894
 -7.2308	 -7.3028	 +5.7429	 -0.2927	 -3.1882	 +2.5956
 -2.9703	 +8.7082	 -3.7623	 +0.7837	 -3.1850	 -3.4472
 +5.2059	 -2.7447	 +6.6029	 -2.1437	 +2.0485	 -1.2917
 +5.3537	 +1.7023	-11.0115	 -4.7098	 -1.1041	 -0.8815
 -1.3112	 +5.8873	 +2.9847	 +1.6643	 +3.9713	 +2.7193
+33.7112	 +6.6624	 +3.6453	 +1.1717	 -0.0328	 +0.8302
-24.0058	+12.5477	 -0.3836	 +0.5411	 +0.3593	 +1.8535
 -4.4682	 -3.8526	 -8.8652	 +0.2147	 -1.2822	 +0.8833
 +5.6801	-19.3930	-18.2691	 -0.8538	 -2.7102	 -2.1399
 +6.6151	-14.2363	 -2.7737	 -0.4315	 +2.7110	 -2.3840
 +9.9629	 +9.9012	 -2.8860	 +1.1705	 -1.0376	 -2.2509
-35.3445	 +7.9130	 -3.9730	 +2.2845	 -0.0696	 +3.3115
 +4.9992	 +2.1458	 -0.0572	 +0.3684	 +4.1538	 -0.3251
 +8.2587	 +8.4223	 +5.4016	 +0.4556	 -2.5585	 +0.5001
 -5.6721	 +6.0361	 -1.9129	 +4.0845	 +1.4544	 +3.0527
-12.3027	 -9.7569	 +7.2788	 -0.7893	 -2.1658	 +1.8979
 -9.9132	 +0.6968	 +1.4789	 -0.3979	 -4.1993	 -0.3730
 -0.2966	-11.7565	 -7.0583	 +2.9463	 -2.5753	 -1.9254
 -1.1952	+14.5400	 -3.2738	 +3.7747	 +2.0021	 +1.6667
+15.5302	+13.5223	-15.6137	 +2.8524	 -1.4387	 -0.1719
-18.5915	 -7.0322	+14.3039	 -0.8325	 +2.7317	 +2.6142
+30.9165	 -6.8995	+67.1532	 -0.0439	 -1.8434	 +0.6782
 +8.8059	 +7.2841	 +5.1856	 +2.2998	 -0.5145	 -0.2215
 -2.0716	-14.2117	 -3.0544	 +2.7212	 +0.4428	 -2.0393
 +2.2652	 +0.2627	 +3.2504	 +0.6964	 -1.2862	 -0.9347
-19.2874	+11.2876	-16.1822	 +1.2908	 -1.2003	 +0.5307
 -7.2026	 -4.9436	 -6.1539	 +2.8472	 +1.9331	 +1.8763
+23.0561	 +3.3312	 -2.7277	 +2.5602	 -0.4571	 -2.1533
-10.1480	-18.4452	 -4.9618	 -1.7717	 +1.5904	 +1.6458
-12.5780	+12.3433	-11.9301	 -2.3382	 +2.7327	 -2.6558
 -4.9742	-21.1736	 +8.2018	 -2.7014	 -1.4964	 +1.8949
 -1.5783	 +3.6450	 -2.5103	 -2.3266	 +1.8455	 +2.7450
 +9.2332	 +7.0894	 -9.8369	 +4.0237	 -1.2686	 -0.3709
 -1.3603	-20.1777	+14.1270	 +1.5532	 +0.2172	 +0.5392
 -0.2845	 -6.9461	 -6.5662	 +1.9366	 -1.7011	 +2.1407
 +2.6541	 -5.8811	 +2.5531	 -4.4146	 -0.5036	 -2.6695
 -9.7871	 -3.2104	 +2.0887	 -0.7147	 +0.6958	 -2.0539
 +1.4713	 +1.4521	 +1.9273	 -3.3229	 -4.6124	 -1.9112
 +4.6586	 -6.5259	-15.4298	 -1.3948	 -1.8248	 +0.1719
+10.4446	 +3.5867	+27.1923	 -0.1395	 -1.8073	 +1.3276
 -1.7313	 -7.2160	 -3.2144	 -3.6996	 -2.7396	 +0.9734
 -1.9589	+11.3879	 -1.4661	 +0.6504	 +2.1064	 +4.4167
 +4.5445	 +2.7251	 -3.6139	 +1.9546	 -0.4209	 -3.3153
-12.3605	 +2.1359	+15.3355	 +1.9521	 +0.0867	 -1.7906
 -2.7013	 -4.0119	 +3.2938	 -3.5743	 -0.5076	 +3.7611
 +3.2603	 -0.4439	 +1.2211	 +1.2766	 -0.7439	 -2.7378
+34.1919	 +9.0461	-19.2346	 -0.4270	 -1.1190	 -0.1580
 -3.6509	+12.1336	-25.8071	 -3.2420	 -0.1964	 -1.7328
 +3.2960	 +0.9490	 +1.7933	 -3.6665	 +1.3464	 -1.1151
 -1.6769	 -4.1450	-10.5313	 +3.8960	 -0.7673	 -0.0101
 -0.6343	 -3.9248	 -2.9104	 -0.3266	 +5.7618	 +0.9968
 -6.0923	 +3.3859	 -0.1187	 -1.1612	 +3.3099	 -3.6225
 +1.6521	+11.3856	 -2.9541	 -0.2129	 -2.8269	 +2.8116
+15.7565	+12.4490	 -1.2322	 -2.5980	 -1.7597	 -1.3876
+26.0536	 -0.7228	 +5.8573	 -1.7585	 +0.8426	 +0.6955
 -0.3487	 +1.7985	-10.2653	 -0.7094	 -1.0487	 -2.2989
-11.4350	 +1.3247	 -0.8571	 -3.3065	 -0.8285	 -2.4949
 -0.7315	 +0.7946	 -5.0293	 +1.9090	 +0.4809	 +0.6159
 -3.0752	+13.4204	 -3.1138	 +1.9016	 -2.0863	 +1.8459
+18.1317	-63.8348	-33.8807	 -0.4114	 +0.8494	 +0.6604
 +2.0499	+11.4571	 +6.7512	 -0.2817	 -2.7651	 +3.0348
 +0.5304	 -3.2229	 -4.3118	 +2.4944	 -0.0981	 -2.1042
 -8.0345	 +3.4599	-10.9545	 +1.2012	 -0.2544	 -1.1652
+11.6203	+18.5774	+30.0520	 -0.9434	 +0.1628	 -0.8203
 -0.9176	 +1.7342	 -0.2008	 +3.3508	 -5.7951	 -0.8179
 +1.2520	 -3.8044	 +5.8290	 -2.4447	 +2.7662	 -1.6850
+16.5942	-19.8251	+23.2866	 -0.5927	 +1.1126	 -1.8995
 +2.5932	 -6.2835	 +0.2537	 -2.2785	 -2.2576	 +1.7192
-72.5467	-58.5717	+27.6509	 +0.5180	 +1.2216	 +0.5356
-14.5885	 -4.0171	-12.7009	 +1.8848	 -0.6423	 +0.0793
+61.2181	+43.7158	+42.0281	 -1.1966	 -1.2366	 -0.3198
 -4.6799	+11.4288	 -9.0659	 -1.6911	 -1.8967	 +2.7191
+10.0761	 -5.0458	 +0.2526	 +0.0123	 -2.4830	 +0.4701
-109.1098	+51.1095	-21.8443	 -0.5528	 +0.7862	 +0.2623
 +5.2317	 -4.2453	-15.9615	 -3.1526	 -0.1197	 +1.0167
 +5.5529	+11.0186	 +4.5390	 +2.1215	 +0.4103	 -0.3984
 +4.2670	 +0.5756	 -1.3361	 +2.3786	 +0.7560	 -4.0402
 -2.7984	 +0.2164	 -4.1605	 +1.0786	 +3.5069	 -2.9700
 +1.0301	 -3.8590	 +2.0489	 -1.8619	 +0.1716	 -1.4885
 -8.9808	 +5.8630	 -2.6671	 +0.9787	 +4.8163	 -2.1157
 -3.3288	 -1.0582	 +0.0400	 +4.3244	 +3.6006	 +0.5039
 -8.0479	 +4.9037	 -1.7850	 +1.6711	 -4.0886	 +1.2027
 -5.7894	 +7.4580	-12.0496	 -0.8269	 +5.4109	 -0.6794
 +6.0831	+11.3694	-12.0580	 +0.0937	 -0.2605	 +0.9892
 +0.9400	 -1.1648	 +1.0374	 -0.5539	 +2.2887	 -1.1591
 +2.6404	 -4.3458	 -1.6727	 +2.1247	 +1.2547	 -3.1210
 +2.0134	 +3.5360	 -4.8795	 +3.7461	 -1.2747	 +3.1556
-32.5565	+10.2165	+12.1737	 -1.5245	 +1.1023	 +0.6292
 -8.6291	 -6.2494	 +2.9984	 +2.0938	 +4.1077	 +3.4035
 -1.1572	 -9.4539	 +7.0432	 -1.4586	 -5.3152	 +2.7371
-15.5212	 -3.5296	 +0.9415	 +0.6323	 -1.0721	 +4.2423
 -0.2197	 +0.3078	 -4.4006	 -2.0975	 +1.2562	 -3.2679
+10.6129	+14.8237	-20.0694	 -1.0166	 +1.2564	 -2.8288
 -1.8534	 +8.7318	 -7.4107	 +3.7028	 -0.6690	 -1.0565
-10.1785	 +1.4717	-13.6643	 +0.5768	 +0.9119	 -1.8454
 +2.6057	+13.0008	 -2.2017	 +0.7152	 -1.7647	 +1.5317
 +3.6942	 +0.6600	 +4.9373	 +1.2443	 -4.3637	 -1.2691
 -7.6561	 +3.8157	 +6.1671	 -1.1501	 +0.2117	 +1.3557
-14.4376	 -3.5373	+16.2776	 -0.8368	 +1.2750	 -0.6733
-42.4779	 +9.3960	 +3.8300	 -2.5226	 +1.5358	 +0.8460
 +0.2454	 +2.8461	 -2.3274	 -0.4461	 +1.4137	 +0.9497
-25.8949	 +7.4282	 +8.8431	 -1.3349	 +4.7051	 +0.3329
 -9.6814	-11.4373	 +7.3988	 +0.5466	 +0.3220	 -0.4927
 -2.0153	 +0.8541	 -1.5220	 -4.6707	 -3.5224	 -2.8312
 -4.8040	 -0.0844	 +2.2988	 -0.0453	 -0.8518	 +1.5334
-16.4832	-51.3001	+31.7428	 +1.8795	 -0.0232	 +0.8991
 -1.8945	 +9.6497	 +1.5565	 -2.0583	 -0.2858	 -1.3577
 -3.4719	 +0.7252	 -7.6739	 +4.5401	 -0.0346	 +0.4887
 +2.7088	+16.0983	+13.5323	 -1.7951	 +0.5371	 +2.2749
 +4.9070	+13.7068	+16.1801	 +0.5231	 +2.0755	 +1.0323
 -0.3000	 +5.1392	 -3.0758	 -0.4429	 +2.6941	 -3.7091
 -5.4849	 +5.9390	 -0.8049	 +0.6292	 +2.2799	 -0.5635
 -1.4084	 -1.9089	 -7.6226	 -1.7428	 -0.9225	 +2.8241
 -2.7268	 +2.4791	 -1.6163	 -0.5477	 +1.5726	 -1.6855
+10.0233	-10.4918	 +2.9810	 +1.4188	 -3.2507	 -0.5967
 -2.3699	 -1.3326	 +0.4888	 +0.6188	 +2.6163	 -3.8820
 -3.5012	+22.1422	 -1.3193	 +1.7848	 +0.1039	 +2.7195
 -5.8937	 -3.0397	 +0.5546	 -1.5170	 -3.9201	 +1.6618
 -5.6387	 +3.0567	 -1.5401	 -0.2838	 -0.4081	 +1.8471
+18.9770	+15.1917	 -3.0997	 +0.7698	 -1.9258	 +0.3144
-12.8558	 -2.1728	-11.0483	 +2.0835	 +0.1129	 -1.2422
 -1.4701	 -0.9464	+13.4977	 -1.2602	 -1.3220	 -2.3301
 +2.1751	 +1.4735	 -1.4241	 +1.3405	 +0.6737	 +2.3074
+10.6911	 +7.5495	 +4.9287	 -1.6746	 +3.6062	 +0.0973
 -0.1183	 +4.7211	 +1.4362	 +6.0071	 -2.6644	 +0.9268
 -5.9018	+11.2018	 -4.9161	 +2.2399	 -1.3432	 -1.0828
 +4.8175	+14.4819	-17.9934	 -0.2246	 +1.6240	 +1.1169
+10.6739	 +1.4802	 -5.6922	 +1.5258	 -3.6667	 +0.1627
-11.4328	 +0.1550	 -1.8612	 +0.5717	 +2.3584	 -0.4480
 +0.3894	 +7.3046	 -8.4537	 -0.6089	 -2.3998	 +0.5002
-11.4823	 +3.7934	 +8.7043	 -2.8031	 -0.0664	 +2.2350
 +8.5491	 -9.7083	+35.1418	 -1.0053	 +0.7762	 +2.1416
 -2.8175	 -6.7685	 -0.7310	 -0.5185	 -3.0066	 -3.0514
-16.2177	 +4.5003	 +0.7960	 -0.2778	 +3.8238	 +0.0009
 +2.7481	 +0.5671	 -1.9850	 +2.0765	 +0.5225	 +0.2492
+17.5305	 -9.7350	 +8.9691	 +0.0639	 +0.5471	 -0.5811
 -2.7725	 -5.1971	 -0.3794	 +3.0366	 -2.8615	 -0.6537
 -0.3177	 -5.7589	-10.2332	 +0.9543	 +5.7102	 -2.4252
 -1.9237	 -2.0821	-12.3715	 -3.1051	 -2.3379	 +0.8363
-23.5783	 +5.9464	-39.8661	 +1.0091	 -1.0929	 -1.2254
+15.4419	+17.2182	+29.2950	 -1.0039	 -0.8318	 +0.8685
 +4.9106	 -2.6240	 -1.7133	 +0.5643	 +0.5970	 +1.0619
 +3.0131	 +8.0153	 +2.8376	 -1.7692	 -1.0657	 -2.0430
 -5.2109	 +7.8540	+25.0232	 -1.2242	 +0.8075	 -2.5138
 -9.7465	 -3.1971	-10.4959	 +2.0692	 -1.9058	 -0.6383
 +2.0247	 +2.7182	 +0.9544	 -4.6889	 -0.3560	 +0.4933
 -7.9520	+14.5545	+13.0296	 -1.7400	 +1.3228	 +0.1323
 +3.6269	 -8.9815	-10.4682	 +0.6035	 +0.8345	 -2.0651
 -5.5064	 -1.8939	 +5.6926	 +1.7367	 -5.0725	 +1.0663
 -0.5122	 -2.4833	 -4.5229	 -2.7927	 -2.7753	 -0.8057
 -5.5616	 +4.6844	-11.8775	 +3.2287	 -1.1689	 -0.2277
-20.0233	 -0.9930	-17.2554	 +2.3878	 +2.3108	 +0.8957
-13.0559	 -6.8928	 -3.1439	 +0.6210	 +0.1910	 +3.1614
 +4.1555	 -1.0807	 -2.7645	 +1.3908	 -0.6208	 -2.5583
 -5.1296	 -4.2680	 -0.7289	 -0.6611	 +2.1384	 -2.8783
 -3.2426	 +6.6268	 +3.2808	 +0.7875	 -3.7977	 -0.9626
 -2.0771	 +2.4164	 +1.8602	 +1.2162	 +1.9254	 -2.8702
+21.5929	-14.7853	 +3.6787	 +1.5766	 -0.3200	 +1.1950
-14.3174	+19.0759	 -7.1004	 -1.3081	 -0.0485	 -1.0683
-10.3010	 +4.6445	 +2.5899	 -2.0103	 -0.9761	 -1.8161
 +1.1254	 +6.2666	 -6.3240	 -0.9958	 -2.5602	 -3.9598
-12.9593	-11.7211	+10.3271	 -1.5163	 +1.1579	 +0.1064
 +6.6055	+11.0659	-21.4246	 +2.8149	 -0.7328	 +1.7290
 -6.8185	 -5.8676	 -0.5684	 +5.9455	 +1.3785	 -0.5887
+20.2047	-12.0143	-26.0478	 +0.2674	 -0.2124	 +1.8279
 +3.2363	 +0.5905	 -4.1874	 -3.9908	 -5.9861	 +0.2167
 -6.1058	 +1.5255	 -5.2218	 -1.8118	 -2.1782	 +2.6954
 -1.5650	 +0.2322	 +0.2317	 +1.1514	 -1.8847	 -3.0199
+23.1752	 +5.2077	 +0.0876	 +0.4051	 +1.9004	 -0.2308
 +7.5566	-12.2683	 -4.6721	 -3.2909	 -0.1978	 -4.2638
 -1.6291	 -6.3702	 +3.0402	 -4.3500	 -0.0950	 -4.8297
+20.5942	 -7.1893	 -6.5029	 +1.4206	 +0.7690	 +0.0971
-18.9451	 -2.4411	 -4.5999	 -1.3960	 -2.0549	 -0.4246
 -7.2394	 +6.2274	 +5.8777	 +2.1377	 +1.7435	 -0.8428
 -9.6458	 -4.2520	-10.0008	 +1.4032	 +1.9944	 -0.9330
-15.5339	 -3.0503	 -1.4693	 +0.2611	 -0.3890	 +0.9038
-17.0798	 -3.9922	 -7.9792	 -1.6412	 +1.5132	 -3.0614
-23.6644	 -8.9216	 -5.7608	 -3.5417	 +2.4617	 +0.7618
 +2.4430	 -1.8749	 +6.4352	 -3.2849	 +2.5664	 -2.9230
 -0.4775	 +1.1530	 -3.3202	 -0.7592	 -4.3406	 +1.8480
 -2.9648	+16.7281	 +0.9788	 -1.0138	 +2.3841	 -2.5472
 +2.4891	+13.3594	 +2.8417	 +1.6045	 -3.0002	 +0.7859
-12.6862	+14.1791	-48.6777	 +0.0901	 +0.0578	 -0.3083
 +9.6425	 +5.5696	 -1.7310	 +2.3770	 +3.1327	 -0.4061
+12.4720	 +7.7082	-12.0025	 +2.4867	 -1.3281	 -2.5140
-14.2331	 -3.0626	 -1.7725	 +1.5670	 -0.1686	 +3.1676
 -7.4038	+15.3350	-21.0055	 +0.8518	 +2.8056	 +2.4423
 -0.0356	-13.9009	 -3.6270	 -0.9884	 +2.3513	 -1.7321
 -4.6162	 -1.7209	 +1.6353	 -0.7159	 -3.7081	 -1.2208
 +1.7336	 -1.8031	 -7.1799	 -5.7242	 -0.2757	 -0.2400
 +2.9838	 +0.5178	 +1.6419	 -2.3382	 +0.2731	 +1.9394
 -9.5107	-11.9704	 -1.0715	 -0.2805	 -2.2374	 -0.1514
 -1.9426	+24.9995	 -0.2558	 +2.8627	 +0.1518	 -2.7180
 +0.1295	 +2.5879	 -4.6594	 -0.4251	 -0.1488	 +0.8114
+10.1926	+10.0278	 +7.4439	 +0.7965	 +2.2155	 -1.1500
 -5.6756	-10.3865	 -5.0800	 +1.4963	 +1.8023	 +3.4135
 +3.1024	-10.4300	+17.7650	 -1.4632	 +0.6587	 +0.5557
 -3.8692	 -1.1839	 -8.5863	 +1.6541	 +0.6399	 -2.5174
 +3.3695	 +1.7932	 -8.8560	 +1.7372	 +1.0043	 +0.2243
 +6.4780	 +3.7009	 -0.2109	 -2.3987	 +0.9924	 -0.4187
 -1.7046	-18.3355	 +6.3981	 -2.4749	 +1.2586	 +0.5607
 -2.9031	 +5.1412	 -4.3509	 -1.8971	 +0.8510	 -0.7793
 +2.1505	 +0.4198	 -3.7679	 -1.4403	 -1.2002	 -1.1340
 -5.1183	 +1.0952	 -1.4929	 -1.8068	 +1.1011	 -3.3767
 -0.8275	 +7.2713	 +0.5462	 -0.2163	 -0.1070	 +0.6504
 -2.6667	 +3.0190	 -1.7663	 -3.2954	 -1.8079	 +2.3862
 +9.4785	 -2.5566	 +5.3425	 +1.7712	 +0.0664	 -1.1193
-13.4484	+21.8130	 -7.9044	 +0.8929	 -1.8428	 +0.8834
 -4.8795	-10.9137	-16.2863	 -0.4501	 +2.4761	 +0.7319
 +6.3715	 +1.8804	 -3.3958	 +0.2853	 -4.2586	 -1.1121
 -2.4160	 -0.7381	 -0.3478	 -2.8716	 -1.5883	 -0.8184
 -2.9650	 +6.5196	-10.0140	 +0.1358	 -2.1389	 +0.0932
-18.4012	 +2.0421	+17.3616	 -1.4159	 +0.1872	 -3.7591
 -0.7476	 +5.9078	 +1.3714	 -2.9182	 +1.6476	 +6.4790
 -0.5103	 -2.4339	 +1.4611	 +0.5653	 -1.0145	 -0.2162
 +1.3164	 +1.7694	 -1.9023	 +1.1473	 +1.1528	 -0.9151
 -0.5563	 +7.6070	 -2.6506	 +3.7665	 +2.7278	 +0.6674
 +0.5120	 -3.9234	 +4.3202	 -1.9527	 -1.7549	 -4.2840
+22.1443	 -5.5812	 +6.7885	 -2.3087	 -1.6777	 -3.0478
 -0.4722	 -0.7859	 +1.7101	 +0.5314	 +3.9022	 +0.7866
 -1.9044	-34.0869	+57.8299	 -0.3757	 -1.1948	 +0.5454
 +0.4838	 -3.5042	 +0.5903	 -0.0191	 -4.4173	 -0.4027
+38.8481	+36.0343	-30.7201	 -1.7108	 -1.1674	 +0.5509
 +2.1309	 +5.3820	 -4.9457	 -0.0289	 -2.2431	 +2.9869
 -1.0400	 +2.3785	 +2.6054	 -1.0207	 -2.9083	 -2.4229
+52.1325	 +1.7062	-45.5632	 -0.2609	 -0.1698	 +1.4693
-15.0466	-31.3202	+26.1794	 +2.5199	 -2.0656	 +1.6618
+104.1399	+59.1840	+16.2667	 +0.0629	 -0.7855	 -1.6055
 -0.9882	+31.3987	 +4.2054	 +2.8261	 -0.7773	 +0.6661
+22.8360	+67.0296	-34.0198	 +1.1792	 -0.3370	 -0.0013
 -8.9495	-10.0271	 +1.1057	 -0.1366	 +0.1081	 +2.2914
 -9.4733	+18.3370	 -3.8108	 -3.0061	 -0.9405	 +1.0710
 -5.5261	 +1.9048	 -9.7347	 -5.9503	 -0.3857	 +4.1870
+11.0792	+27.1829	-48.8419	 +0.7410	 +2.7125	 +0.1448
 +6.2299	-12.8689	+43.0889	 +1.5072	 +0.9145	 -0.9079
+24.2479	 +5.9163	 +2.0491	 -2.0587	 +1.5793	 +0.9381
 -4.7215	 -1.3529	 -6.9268	 +2.0373	 -4.1595	 -1.9089
 +5.3061	 -8.3141	 -5.8852	 -4.7666	 +1.4428	 +0.9870
 +6.4345	 -4.2242	 +0.8904	 +2.9205	 -1.2321	 -3.3661
 +0.9157	 -2.4036	 -6.9403	 -2.9159	 -2.1978	 +4.2162
-11.5133	-10.3368	 -6.8489	 -0.7230	 +1.2772	 +0.5738
 -5.6920	 -4.4564	 -3.1619	 +2.9600	 +2.1820	 -0.0544
 +1.4458	+24.9615	 +6.9952	 -1.1954	 -1.7169	 +0.8910
 +3.5627	 +3.3467	-15.4372	 +0.4284	 +3.5087	 -0.6752
 +9.3134	+15.1733	-25.8280	 -1.5107	 +0.2745	 -0.2644
 -3.2311	 +5.6768	 -1.3927	 -2.1977	 +5.6789	 -0.6210
+18.7623	-21.7937	-10.7840	 -0.9773	 +0.6641	 -1.0854
 -3.9197	 +1.3003	 +2.9612	 -1.3708	 +1.6297	 +0.6533
 -2.8603	 +3.2622	 +0.3222	 +1.1346	 +2.1759	 -2.9407
+12.9861	-19.2164	 +0.4505	 -0.6628	 +0.5619	 -0.3913
 +1.8857	 +4.6730	-16.0127	 +0.3997	 -2.3667	 +2.0460
 -1.5452	 -5.7783	 -3.2515	 -3.3414	 -1.2019	 +6.2730
 -1.4172	 +6.2034	 +4.6705	 +1.4171	 -0.2565	 -4.3606
 +1.6787	 -2.4932	 +7.4858	 +0.5455	 +0.6092	 -1.9338
-23.2856	+22.7802	 +7.7802	 -0.2201	 +1.9868	 +0.9391
 -3.1011	-10.1929	 +2.8745	 -3.2863	 -2.7082	 -1.0822
-11.1083	 +6.7497	 +0.6086	 -4.1642	 -2.1627	 -0.7467
+10.2343	+10.7511	 +5.4296	 +4.4605	 -0.0246	 +1.4833
-10.1269	 +4.7587	 -5.4503	 -3.6815	 -0.0794	 +1.3366
 +2.6339	 +1.2935	+12.3723	 +1.5292	 -1.3783	 -1.1409
-15.2096	+65.9530	+20.5843	 +0.7216	 +0.3254	 +1.2689
+19.0236	 -6.9821	 +6.1395	 +1.8897	 +0.9424	 -0.6773
 +3.1925	 -7.3799	 +6.0219	 +1.8798	 -3.7505	 +1.2656
-12.4266	-33.9235	+25.3617	 -0.8957	 +0.3834	 +1.1711
-41.3603	+34.9435	+25.9059	 +1.1867	 -0.1615	 -0.5964
 -0.6722	 +3.9483	 +2.7509	 +1.6654	 -2.5044	 -1.2267
 -6.1776	-17.5224	 -6.6705	 +2.8845	 -0.2599	 +0.6687
+10.9775	 +7.8737	 +1.1784	 -3.3227	 +2.4228	 +2.2691
 -6.8145	 +3.0403	 -5.1716	 +1.1880	 -5.6720	 +3.1206
 +1.0154	 -1.6625	 +3.1018	 +5.9915	 -0.9895	 +1.4256
 +6.4112	+12.7138	 +5.9921	 +3.4366	 +0.0211	 +1.7535
 +4.3921	-32.1252	+110.2839	 -0.2979	 -1.4640	 +0.5750
-23.8829	+12.5524	 -3.4708	 +0.0265	 -2.8255	 +0.2596
 +3.9902	-13.9151	-17.5952	 +2.5768	 +0.6137	 -1.5806
 -2.8393	 +1.6242	 +2.8229	 -2.4465	 -3.4580	 +1.1959
+13.5464	 +2.5423	-12.5622	 -3.1222	 -2.3042	 +1.2573
 -5.4154	 -6.5932	-20.6022	 -0.6374	 -0.0179	 +1.9257
 -1.6282	 -6.5301	 +5.6172	 +3.4010	 -1.7054	 -3.1414
+26.0388	-25.8472	+39.3752	 -1.2921	 +1.0884	 -0.2962
-11.6522	-16.1499	 -6.3488	 +2.4271	 +0.0224	 -3.6669
 -1.9260	 -5.4814	 +1.9222	 +0.8976	 -5.1031	 -0.9977
 +4.6921	 +0.5847	 -1.4816	 +2.3046	 +5.1071	 -2.7404
-14.8336	 +5.4846	+15.5540	 -1.9795	 +1.9383	 -1.0313
 +8.5661	 -8.5898	 -2.9670	 +1.8892	 +3.9419	 +1.9801
+13.4180	 +6.4487	 +7.2121	 +1.3556	 -3.3382	 -2.1988
+15.2069	 +1.4945	 +4.5662	 -3.1266	 -0.4297	 -1.3402
 +0.0087	 -2.7170	+22.2770	 -0.3230	 +2.9582	 +0.8731
 +3.7288	 -6.2096	-13.7404	 -0.1106	 -5.5151	 +1.2093
 -3.0226	 +2.7543	 +4.3630	 +3.0487	 -2.3875	 +1.7244
 -2.9059	 +0.3846	 +3.5473	 -2.7330	 -1.2355	 +2.2891
-14.6605	 -4.4180	-10.2132	 -0.8569	 +0.6969	 -0.5969
-13.7207	 +2.7966	 -0.1315	 +0.9965	 +1.4090	 +0.8228
 +1.7770	 +7.5981	 -9.4058	 +0.2446	 +1.1575	 +1.9288
-20.9248	 +1.7515	 +8.2971	 +4.1439	 +0.5226	 +1.8885
 -3.4352	-10.7078	 +0.3622	 +1.1343	 -0.2424	 +2.9796
 -6.7836	 -1.7948	 -4.1706	 +0.0005	 -0.7155	 +0.3645
-12.1121	-12.6384	 +0.0733	 +0.4472	 +2.2703	 +0.7679
 -2.6258	 +8.8416	 +4.7632	 +1.7623	 -1.2446	 +0.0362
+27.8264	+22.3600	 -5.1297	 -0.6997	 +1.0031	 -0.2653
 -6.7825	 -9.0738	 -0.5294	 +1.4431	 -0.9883	 +0.7589
+25.7556	 +1.4675	 +6.6821	 -0.6562	 +2.2882	 -0.6972
 -1.6443	 -4.2787	 -4.7989	 -4.2805	 -0.2496	 -3.4555
 -4.9957	 +2.4586	 -8.2245	 -0.7166	 +2.6540	 -0.3981
 -5.8058	 +5.7051	-12.0162	 +4.2822	 -3.4437	 -0.8380
 +1.6824	 -1.7882	 +2.7232	 +0.5160	 -4.5027	 -1.5128
 -6.6518	-21.5199	 +6.3743	 -0.0715	 -3.6563	 -1.5587
-12.7021	 +9.4104	 +7.1929	 +1.2669	 +0.6708	 -2.8510
 -3.6011	 -6.2517	 -4.6325	 +1.1299	 +4.9830	 +2.1909
-14.3321	 -9.4614	+16.0207	 -3.3570	 -0.7050	 +1.1594
 -4.5071	 -0.3693	 +2.3838	 -6.9225	 +0.7259	 +0.0503
-15.8715	 -5.1737	 -7.1888	 -2.2985	 -2.8749	 +1.0614
 -0.9487	+25.4665	-13.4255	 +1.6954	 -2.0278	 +2.0820
-13.6759	+10.4066	 -4.4446	 -0.2340	 +3.1111	 +1.3479
 +6.5418	 -7.8521	 +5.6179	 -3.6402	 +1.0610	 +0.0903
+14.1039	-24.6029	 +1.1310	 -0.9583	 +1.1504	 +1.6398
+11.9585	 +1.2097	 +1.6625	 -0.8030	 +2.9445	 -1.0721
 +6.9202	+36.6235	-15.8266	 -0.0725	 +1.7631	 +2.1878
 +3.2557	 -3.5564	 +3.7268	 +0.8583	 +0.1209	 +3.2667
 +0.4097	 +8.4105	 -1.2606	 -3.4057	 +0.7299	 +0.2469
 -3.1064	 +1.0758	 -3.9431	 -1.6620	 -3.6378	 -1.6111
+86.8725	-28.7365	+52.7420	 +0.1559	 -0.9329	 -1.3595
 +1.4911	+12.6301	-13.0312	 -2.4082	 -1.6506	 -1.8226
 -2.4821	 +0.5576	 -7.8476	 +2.4134	 -3.6023	 -2.4554
 -2.8198	 -0.5159	 +7.4773	 +1.8679	 +0.9446	 +0.7174
 +3.0695	 +4.0751	-13.8744	 -0.7793	 +2.4809	 -1.2455
 -8.2375	 -2.1228	 +4.6718	 +2.4238	 +3.2651	 -3.2163
 +0.2928	 -1.1330	 +1.6480	 +1.9163	 +1.4992	 +3.5898
 +5.3627	 -4.5278	-10.0356	 -1.2257	 -3.2862	 -1.2242
 -8.2966	 +1.4258	+18.2856	 +2.1591	 -1.0632	 +2.6814
 +4.8041	 -7.7497	 +7.0643	 -3.2462	 +2.5949	 +2.6443
 +3.9071	+14.2427	+22.4521	 +0.6333	 +0.9833	 +3.9389
 +9.9838	 +4.9417	+13.3683	 +0.9733	 +0.9061	 +2.5086
 +7.9018	 +0.1613	 -2.4376	 -1.2489	 +1.3236	 +0.1416
 -4.6145	 -9.2001	+22.0752	 +1.3533	 +1.0499	 -0.6595
 -8.0453	 +0.5341	+17.2219	 -1.7703	 -2.2218	 -1.8295
-21.0515	 +0.7879	 -8.5913	 +1.0782	 +1.0370	 +3.6565
 +5.9034	 +4.3849	 +3.7829	 -2.7114	 -2.2266	 -1.2704
-40.6919	+20.9562	 +0.1140	 -3.0523	 +1.4507	 -1.0390
 -3.1328	 +0.8889	 -3.1784	 -0.1341	 -7.4570	 -0.0542
-14.3260	 +0.2703	 -1.8829	 +1.7342	 +2.8241	 +2.2505
+19.2227	 +7.1194	 +8.8449	 -1.0929	 -0.9075	 -1.6159
 -5.4702	 +5.9652	+10.9822	 +1.9192	 -0.0979	 +2.0493
 +4.9533	-19.7510	 +3.8867	 -0.4754	 -0.7757	 +0.9215
 -4.6664	-13.5022	 -0.9144	 -2.3113	 +1.7901	 -1.5955
 -0.8992	+12.3727	 +4.5253	 +0.7640	 +0.4189	 +1.3436
-92.7889	-169.9784	+26.1410	 +1.0915	 -0.0022	 -0.0969
 +6.6652	 +3.9909	 +2.4782	 -0.4421	 +0.1405	 -0.0864
 -0.1642	 -6.9695	 -3.8504	 -3.6347	 -0.9389	 +2.4756
 -0.6827	 -3.8987	 -2.6812	 +4.4067	 +2.2818	 +1.9649
 -9.1913	 -0.4244	 +5.0893	 +1.4255	 -2.8051	 +5.0968
 -9.9730	 -1.7835	 -4.8005	 -2.7693	 -0.0232	 +5.1967
 -0.1949	 +3.0801	 -6.5627	 +1.3382	 -2.8390	 -0.9258
 +2.9285	 -5.4106	-11.3964	 -1.7397	 -0.3995	 -1.5510
-15.3406	 -9.2012	+23.1316	 +1.5513	 -3.1447	 -0.9443
 +4.6379	 -0.2475	 +0.4291	 -2.0979	 +4.4005	 +1.7132
 +3.3694	 +3.4824	 -2.9187	 -0.9577	 -0.9362	 -2.3543
 +3.3223	 -9.1827	 +1.7983	 -2.4897	 +2.8335	 +2.9348
 +0.5103	 -1.0580	 -1.4438	 -1.0860	 +5.3229	 +4.6136
 -5.0127	 -2.9998	 -2.0176	 +5.3501	 -1.4868	 +0.5764
 -2.4908	 +4.4882	 +6.6894	 -2.8626	 +1.3058	 +1.8808
 -2.7539	+19.5446	 -7.7149	 -0.7928	 +3.0041	 +2.5253
 +9.2891	 +3.0482	 -6.6535	 +1.1386	 -1.7253	 +1.3124
 -4.1494	 -1.9116	-11.5478	 +0.7890	 +0.9335	 -2.7513
 +0.2656	+29.0136	-31.8979	 +0.2073	 -0.9607	 +2.3243
 -0.9478	-19.7807	+41.4317	 +0.4409	 +0.5192	 -1.7011
+18.0025	-22.3270	 -7.5341	 -0.4561	 +2.9513	 -1.3181
 +1.7951	 +3.8729	+16.7524	 -1.5966	 -1.1393	 -1.4039
 +2.3314	 +1.8730	 +5.9520	 -2.4289	 -2.1247	 -3.5752
-11.5346	+14.6079	 -0.1826	 -2.6315	 +0.1669	 +1.1868
 +5.1128	 -6.8661	+29.8695	 -1.5022	 +1.2270	 -0.8963
-47.2325	+19.8170	-75.7145	 +0.9914	 +1.8960	 -0.0307
 +8.0747	 -3.0674	 -1.2738	 -0.4866	 +3.0408	 -0.2522
+13.5316	-17.6979	 -5.0717	 -0.5218	 +1.2776	 +0.7283
 -3.1234	+15.1639	-13.1262	 -0.3013	 +1.4449	 -1.1161
-27.5651	 -2.8955	 -7.3787	 -0.3950	 +1.0990	 -0.0539
 +0.6854	 +2.7930	 -0.1980	 -0.8582	 +3.8170	 +2.7109
 -3.8774	 +6.2968	 +5.3603	 +1.5498	 +0.1459	 -2.4221
 -4.4127	-27.4883	-15.7058	 +0.7469	 +2.7681	 -1.4270
 -3.3508	 +9.9778	 +1.1517	 +2.3941	 +3.1837	 +0.7475
 -5.6892	 +4.4247	 -2.2328	 +0.0453	 -2.6094	 +1.8124
 -0.4220	 -2.7415	 +8.4747	 -2.6412	 +0.6035	 +1.6110
+20.2950	+16.1848	-33.7470	 -1.0429	 -0.9401	 +0.3299
+29.8763	+40.8661	+68.3941	 -1.0334	 -0.5545	 +1.1094
 -4.1821	 +3.7131	-22.8451	 -1.7252	 -2.5622	 -0.9013
 -0.1711	 -8.7356	+13.4968	 +3.0665	 +0.2534	 +2.9596
 +1.3516	 +1.8551	 +2.5251	 -0.6987	 +0.1866	 +0.2424
 +2.0217	+17.4910	 +7.0014	 +1.7232	 -0.6862	 +0.0333
+68.5973	+28.4001	+34.3585	 -0.6134	 +0.1966	 +0.6804
 +2.4847	 -4.5917	 -0.0335	 -1.7017	 +2.1138	 -4.6501
 -0.8906	 +8.9430	 +1.7525	 -0.7980	 -2.2368	 +2.9587
-15.0397	 -8.4921	 +3.3803	 -0.7257	 +0.9980	 -3.2130
 +3.1261	 -3.6656	 -2.5293	 -1.4765	 +1.7966	 +4.0176
-41.8008	+10.8709	 +9.4498	 +0.8957	 -1.1031	 +1.8732
 -1.5664	 +2.0940	 -7.2369	 -0.8233	 +4.9269	 -2.9374
 +0.7069	 +4.4043	 -3.2643	 +1.5445	 +4.3303	 -3.9937
 -3.8741	 -9.8843	 -2.0934	 +3.5810	 +2.9803	 +0.8983
-10.0808	 -0.0371	+29.6372	 +1.8028	 -0.1924	 -0.4996
 -6.8540	 -0.4138	 +8.4896	 -1.2597	 -4.8178	 -0.8490
-11.1497	 +9.6998	 -0.1926	 +1.1929	 -4.5355	 -1.0252
 +8.1182	 -3.2028	 +4.2704	 +1.1774	 -1.0972	 +1.2594
 +8.0915	 -3.9993	 +9.3417	 -3.6597	 -3.5424	 -1.9035
 -0.3248	-12.7277	 +8.1199	 -0.1619	 +0.8792	 -0.2058
 +4.8017	 +4.6830	-25.1628	 -1.6621	 +4.1207	 -1.1301
 -2.7196	 +4.8244	-10.5603	 -1.7172	 -3.0151	 +1.9039
 +1.6642	 +3.0115	 -0.5660	 -3.8334	 +1.5852	 +4.7935
 -1.1535	 -0.1416	 +5.4807	 +0.7844	 +0.5392	 -0.9312
 -5.0782	-20.8980	-11.7781	 +0.5901	 -0.2100	 +2.9291
 -9.6936	-10.7636	-16.3451	 +3.0568	 -1.1361	 +0.8955
 -3.1493	 +4.1946	 +0.0090	 -1.4914	 +0.1432	 +0.5336
 -3.8380	 -9.5812	 +9.7321	 -0.5952	 +0.7007	 -2.7647
+17.2832	+13.9932	-11.5526	 -0.3125	 -1.0946	 -2.4102
 -7.2074	 -6.2866	 -4.7463	 +2.2176	 -0.2292	 +0.0549
 +3.3265	 +1.0830	 +3.7243	 -2.0908	 +4.9520	 -0.3025
 -1.7729	 +1.4176	 +3.6673	 -0.7478	 +3.9670	 -1.5218
 -1.4339	+12.6392	-26.0761	 -3.5027	 -1.8000	 +0.1033
 -5.6987	 -4.4962	 +2.2434	 -0.4791	 +1.7364	 -0.8974
+18.2132	 +7.7074	 +3.4856	 +3.5468	 +1.2620	 +0.7755
 +2.3254	 +9.2173	 -3.2337	 +1.4396	 -1.3884	 +3.3690
 +4.3633	 +2.2501	 +4.0637	 -0.5001	 -4.7433	 +0.4256
-14.6310	+18.8741	+11.4214	 -0.0812	 +0.9051	 +0.1878
 -2.1141	 -1.5300	 -3.7032	 +0.5749	 -1.2952	 -0.2715
-15.3713	 +6.2746	 +7.6233	 -1.5209	 +1.1842	 -3.6411
 -5.6019	 +6.6491	 -1.6415	 +0.5728	 -1.3132	 -1.7147
 -3.1062	 -2.0493	-10.1281	 -2.2302	 +0.6804	 -1.0358
 +4.3924	 +4.4435	 -7.7186	 +1.3229	 +0.8498	 -2.4214
+22.5895	+12.9496	 -0.5254	 +0.1065	 -3.1049	 -0.2298
-84.1862	+42.8966	+24.4895	 +0.1101	 +0.1069	 +0.6131
-10.7185	 -2.6438	 +4.9685	 +2.8460	 +3.9287	 +2.5376
 -7.3499	 -2.7661	 -0.8218	 -0.5446	 +2.5067	 -1.7293
 -1.7895	 +5.5255	 -5.5200	 -3.9720	 +2.9580	 +1.5196
 -9.3818	 -3.7056	 -0.3411	 +1.0761	 -1.3795	 +1.7363
-20.0760	+12.0270	 +5.9511	 +0.1251	 -1.4327	 -1.9750
 -8.5952	+13.0047	-30.1675	 +0.8025	 +1.7561	 -2.1237
-16.8861	-18.7595	 -4.2923	 +0.0599	 -1.6727	 +2.9993
 -2.5293	 +1.2009	 -3.8612	 +1.4630	 +4.6584	 +1.8117
 +1.3651	+12.3158	 -8.0093	 +0.8116	 +1.2093	 -3.2850
 -1.7534	 +0.4888	 -9.1387	 +1.8723	 +0.6159	 -0.4238
 +6.1046	 -2.1695	 -3.1095	 -2.2127	 -0.0719	 -1.1598
 -6.5577	 -3.5585	-14.4769	 -3.2244	 +0.9666	 -1.9497
 -7.2913	 +0.2545	 -0.6775	 +2.2280	 +4.2866	 -4.2280
 +3.7047	 +1.4094	 +4.8177	 +0.1640	 +0.5168	 +0.8412
+30.9781	+21.2784	 +6.2084	 -1.3648	 -1.8016	 +1.8318
 +8.1027	 +4.0347	-17.3343	 +3.1237	 -3.0567	 -0.5676
 -5.9427	 -2.3467	 +6.4950	 -1.2419	 -3.3944	 -2.4920
 -5.2196	 +3.2544	 +0.9846	 +3.4282	 -4.4918	 -2.0375
+22.2848	 +1.9116	 +1.1742	 +1.1144	 -0.5510	 -0.3649
 -2.4659	 +2.6426	+10.6464	 +3.8626	 -1.0731	 -1.3525
 +6.4857	-13.4895	 -3.0278	 -1.9465	 -1.9877	 -1.0929
 +6.9905	-12.7207	 +4.0084	 -2.0090	 -3.3574	 -0.4905
 -0.2318	 +3.6651	 +3.3267	 +0.6422	 +3.6703	 -3.7590
+12.8135	 -8.4799	 +0.0929	 +1.1196	 +2.0846	 -1.8239
+18.8717	 +6.1390	 -9.5496	 +0.7997	 -3.7105	 +0.3841
-34.7817	-18.2832	+16.9438	 -0.3328	 +0.1028	 -3.0064
 -1.2018	 -8.3389	+12.0112	 +1.9165	 -0.6413	 +1.5613
 +1.4497	+12.0939	+15.6140	 +1.2464	 -0.8083	 -2.6095
 -9.7598	-11.0385	 -2.2925	 +1.4660	 +4.0509	 -2.8180
 +5.0680	-12.3309	 +0.9226	 +3.5112	 +1.2544	 +1.9569
-10.2145	 -4.5638	 -9.3042	 -2.7803	 -2.1435	 +0.6733
-40.7576	+25.7610	+37.2110	 -0.1048	 +0.5843	 +0.3414
 +5.2185	 +2.3833	 +4.9352	 +5.9953	 -0.4444	 +0.0125
 +2.7082	 +0.8358	 -5.4707	 -0.9916	 -2.1048	 +2.1522
 +3.8500	 +8.2236	 -7.6601	 -1.3459	 +3.8038	 +3.0323
 -3.0673	 +4.9242	 +1.3354	 -2.8126	 -0.9979	 +4.7614
 -4.1237	 -1.9487	 -4.7697	 -1.0784	 +5.9582	 +3.9117
+43.8334	 +6.0895	-16.7067	 -0.6059	 -0.7242	 +0.2527
 -0.7549	 -4.2248	 +1.1528	 +2.0992	 +3.5912	 -1.0915
 +9.0932	 +2.6320	 +4.2518	 +0.1703	 +2.2861	 +3.1171
 +6.8877	+13.9606	 +2.3869	 -0.4114	 -2.7456	 +2.1506
 -3.6009	-15.3106	-34.1644	 +1.0195	 -0.8267	 +0.8050
 -4.0804	 -0.5809	 -7.5903	 -1.5686	 +2.6175	 -2.4472
 +3.6610	 +1.6355	 +8.0432	 +0.6713	 -1.1057	 -2.0685
-102.9725	-32.5994	+85.5411	 +1.3885	 +0.1658	 -1.2262
 -3.1800	 +8.9414	 -7.2472	 +3.2822	 -1.8837	 -3.3059
+12.5205	-36.3271	 +7.6354	 -0.9521	 +1.6819	 +3.6109
 +2.7994	-24.4808	 -2.5425	 +1.0267	 -1.1852	 -2.2970
 +1.2012	 +0.8734	 +3.1997	 -2.4275	 -0.0821	 -3.2533
 -5.3359	 -4.0242	 -1.7116	 +0.8447	 -4.8004	 -3.3854
 +3.4799	 +7.0759	 -8.7358	 +3.8325	 -2.2356	 -1.6006
 +7.0047	-12.5992	 -0.6033	 +1.1463	 +0.8811	 +0.7036
 -1.6208	 -6.7478	 -7.7560	 -1.8963	 +1.0540	 -3.3035
 -9.1681	 -9.4568	 +6.2785	 -2.7698	 -0.0888	 +0.7380
+12.2031	-24.7803	 -5.8992	 -0.1509	 +1.1192	 -1.1801
 -5.7603	 -0.7650	 +3.3422	 +1.1455	 +0.5850	 -0.2555
-19.5766	 -6.2020	 +4.0585	 -1.8024	 -0.5927	 +0.1791
 -1.1003	 +2.1963	 +1.0881	 -0.7927	 -4.9649	 +4.3574
 -0.4295	 +1.6951	 +4.9668	 +0.3895	 -0.5705	 -0.5024
 +5.5066	 -2.5833	 -2.4883	 -1.2205	 -1.2192	 +0.3013
-11.3208	-12.3502	 -5.3003	 -1.4768	 -2.2442	 -3.7736
-65.1857	+23.5217	+51.0165	 +1.2001	 -0.8295	 -0.8143
-59.0754	-32.7963	+18.8439	 +1.2562	 +1.0057	 -0.5354
 -9.2349	 -8.9904	 +8.9583	 +0.6597	 +1.9494	 +2.7409
 -2.5195	 +4.0398	 -3.7354	 -0.7141	 -1.5224	 +0.8968
-77.9821	-125.3071	+119.3977	 +0.6629	 +0.0518	 -0.0804
 -4.0027	 +8.3581	 +0.0016	 -4.4875	 -3.4903	 +0.5116
 -9.4115	+11.9193	 -9.0343	 -1.8938	 -1.1827	 -2.7969
 +0.5223	 +4.2712	 -4.5222	 +0.9031	 -2.0448	 -0.2651
-47.6043	-25.6924	-13.5257	 +1.7984	 -0.6133	 -1.1800
 -9.8954	 +5.0575	-10.7678	 -2.2023	 +0.0416	 -0.3610
 +6.0777	 +6.4414	-18.8737	 -0.6768	 -1.4533	 -0.0607
 +7.4346	-32.6092	+35.2290	 +1.3820	 +2.1125	 +1.6650
-11.5641	 +3.1276	 +1.8929	 -2.3322	 +0.3466	 -2.0554
 -0.0834	 -8.4555	 +6.9801	 -1.8843	 +0.5813	 +1.8901
 +3.5080	+15.8410	-22.1709	 +0.0063	 -2.2585	 +1.5345
 -7.6398	 +3.2047	+17.1410	 +2.4165	 -2.7822	 +1.4278
-17.0139	+12.9489	+22.1654	 -1.8153	 -0.3153	 +1.6513
+12.4730	+11.4420	 +1.1643	 +0.6047	 -2.8942	 +2.3566
+11.8507	 -2.5631	-12.3113	 +0.2399	 -0.6993	 +0.2556
-12.6653	 +2.0574	 -1.5117	 +3.0681	 +2.9551	 +0.6296
 -7.0813	 +4.9125	-16.7243	 +2.1425	 -1.7900	 +0.1699
-11.2528	-15.8404	-23.7139	 -0.2351	 -0.2911	 +0.2660
 -5.7522	-13.7845	 -5.4416	 +1.8809	 +1.2499	 -2.0354
-10.3470	 -9.7707	+20.9740	 -1.5915	 +0.0816	 +0.2343
 -8.3800	 +6.5378	 -9.5218	 -1.7271	 -2.6753	 -1.9268
-10.4956	 +2.2311	 -5.5689	 +3.7186	 +1.1219	 -0.5453
-36.6911	+13.9980	+13.2893	 +0.0504	 +0.6861	 -1.5784
 -0.7982	 -8.3419	 -7.8274	 -1.1503	 -0.6022	 +1.4093
 -7.0606	-10.7878	+12.4322	 +0.7686	 +0.4022	 +2.5859
 +7.9876	 +9.9282	 -6.0270	 +1.4323	 +1.0119	 +3.1633
 +5.7461	 +3.4955	 +5.0341	 -4.3515	 -0.2237	 -0.1438
-30.6457	+38.9655	-75.9626	 +0.4248	 -1.3866	 +0.6442
+12.1035	+20.8322	 -7.7772	 -1.4464	 +2.3769	 +1.2877
-11.7562	+77.0704	-52.1894	 -2.1239	 -0.6026	 +0.1494
-18.3351	 -4.3011	 -2.9487	 -0.4813	 -1.6842	 +0.3184
-15.9001	-17.1848	 -8.4783	 +0.9850	 -0.9499	 +1.9233
 +1.7263	 +9.8177	 -5.1101	 -0.3188	 +5.2225	 +1.4092
-10.4088	 -1.6650	+12.1925	 +2.8784	 +1.6835	 -1.0145
-20.1780	 -3.9021	 +4.0145	 +0.3690	 -1.0319	 +2.8921
 +1.1925	 +3.6888	 +7.8634	 +2.1317	 -3.2628	 -2.7512
 -2.3705	 -4.6136	 -8.7297	 +2.6671	 -0.9447	 -2.1872
 +4.0385	 -3.8581	 +1.3697	 +1.6453	 -1.0050	 +1.8571
 +2.9921	 +9.3974	 +6.5208	 -1.4598	 -0.1019	 -4.5829
-15.4949	 -0.6935	 +0.6999	 -0.4379	 +3.3676	 -1.9472
 +4.6533	 +2.0864	-10.3009	 -3.8498	 +2.4414	 +1.0353
+12.1876	 +7.5043	 -3.8388	 -2.8788	 +0.6343	 +3.4564
+11.1630	-24.5427	 -7.7613	 -2.8677	 -0.5807	 +1.8073
 -4.5002	 +1.1444	 -7.5912	 -3.1517	 -1.1000	 +4.0118
 -9.1226	 -2.5729	 +5.3836	 -0.1767	 +1.4715	 +3.9231
+11.2959	 +9.9806	 +1.6859	 -0.6374	 +3.1655	 -0.6388
 -5.4664	 +6.8082	 +6.2966	 +2.1531	 +4.0749	 +1.1800
-143.8221	-179.4044	+114.0051	 +0.3689	 +0.8782	 +0.0923
 +4.3853	-10.9726	 +1.3596	 -0.0232	 +3.8470	 -3.3532
-17.0783	+48.0594	+46.2574	 -0.3356	 -2.1403	 -0.2007
 +6.0940	 +2.4494	-13.3234	 -1.3604	 -2.4332	 +1.7669
 +7.1222	+74.6901	-83.3098	 +0.0817	 +0.0205	 +0.3146
 +1.4131	 +2.2750	 -9.3628	 -0.6499	 -6.0095	 -1.8366
 -3.3818	 -5.4114	 +8.1424	 -2.5606	 +1.1387	 +0.4569
-14.7582	+25.6741	-25.1846	 +1.4658	 +0.2090	 -0.2867
-16.6908	-17.5029	 +0.7503	 +0.7801	 +2.8352	 +0.6438
 -0.8673	-13.8608	 +1.9786	 -4.5774	 -0.9823	 -1.2405
 -1.1921	 +9.0581	 -3.0445	 -2.9774	 +2.3648	 +1.2178
 -2.0629	 -4.1935	 -3.6428	 -0.1309	 -5.1670	 +3.1317
 -9.8172	 -2.3963	 -6.9121	 -2.3412	 -0.3124	 +1.3234
 -4.7786	 +3.4687	 +3.1258	 +2.0714	 -2.7595	 +0.0848
 -7.9251	+11.7197	 +0.5017	 -4.4045	 +0.9882	 -0.7327
 +0.3395	 -0.2931	 +1.3325	 -4.5826	 +5.6724	 +2.2503
-22.3070	+26.8416	 +2.1700	 +0.2740	 -1.1852	 -0.0327
 -1.2343	 -2.0724	-18.9115	 +0.7168	 +0.5221	 -4.1229
+12.9353	 +3.6019	+11.3073	 +1.7235	 +2.2417	 -0.6871
 -5.6991	 +0.6138	-21.1210	 +1.0190	 +2.9685	 -1.3224
 +4.2142	 +7.7669	-13.3271	 +0.0477	 -1.8612	 +0.3552
 -2.0123	 -5.5013	 -5.6551	 -6.4868	 -2.5770	 +2.6489
 -2.7893	 -3.4976	 +2.1417	 +5.3307	 +0.6125	 -0.3005
 +6.5250	 +5.5534	 +6.4501	 +2.8389	 -1.4094	 +3.2057
 +0.8909	 +8.7956	 -0.1679	 -1.2912	 -2.5017	 -0.9060
 +4.8060	 -7.3923	 +5.8670	 +1.4541	 +1.3694	 +3.4555
 -6.8670	-22.0212	+12.1550	 +0.8519	 -0.7107	 +0.3725
+13.0573	 -1.3368	 +0.2213	 -1.1249	 +2.8016	 +0.4671
 -3.8396	 +5.3659	 -0.7384	 +1.4195	 -1.9793	 +2.8683
-20.3760	 +3.9990	 -2.9893	 +1.5520	 -0.4668	 +1.7360
 +3.1333	 -2.3872	 +1.0923	 -4.4489	 +4.7440	 -2.0711
 +3.6197	+12.5425	 +4.3479	 -0.9731	 +2.8636	 +1.6035
-15.7986	 +3.5337	 -6.7415	 -1.6762	 -2.3814	 +1.5319
 +8.0599	 +7.0145	 +6.7739	 -1.2943	 +1.5900	 +1.5375
 +2.9100	+12.2637	 +2.2292	 -0.8851	 +2.0022	 +1.6744
 +6.8146	+25.6836	+35.7537	 +0.6214	 +0.3661	 -1.2569
-12.5113	 -0.5375	 +0.6454	 -1.1610	 -1.5134	 +1.3443
 +5.0404	+21.7418	-12.2187	 -2.6283	 -1.3596	 +0.6174
+18.3792	-13.2285	+10.9205	 +3.5953	 +0.1583	 -1.7066
 -6.2468	 +1.2299	 -8.7487	 -1.1246	 +2.1456	 +3.2433
 -2.6263	 +0.0152	 +0.1295	 -3.3416	 -3.1232	 -4.9596
 +1.4616	 +1.8173	 -1.2398	 +4.3109	 +3.6691	 -3.9631
 -9.5985	 +1.4150	 -4.8672	 -3.8190	 +0.1618	 -0.6029
-18.5635	+11.4870	-27.0125	 -0.2545	 -0.9900	 +1.7420
 +4.4888	 -0.3669	-12.6039	 +0.9003	 -3.0263	 -2.7177
+22.7484	 -1.8573	-18.5103	 -0.4615	 -0.8183	 +1.9147
 +2.0423	 -0.1376	 -2.1217	 +1.5802	 -2.7902	 -4.3401
 +0.5737	 -1.7058	 -4.4650	 +0.3439	 -2.4372	 -0.3916
+11.7490	+15.8254	-13.8706	 +0.3027	 -0.5453	 -0.4166
-17.4001	+36.4951	-11.2806	 +1.6195	 +1.7695	 -0.0617
 -4.5017	 +1.2671	 +3.8970	 -1.5336	 +2.0312	 -2.2919
-10.9870	 -4.8283	-14.7646	 +0.8827	 -1.3859	 -3.5786
-10.7391	 +5.1753	+12.0613	 -2.1587	 -4.1906	 -0.1543
+18.4751	 -9.8999	 -9.4882	 -0.0368	 -0.5708	 +0.3527
 +7.2299	-17.7125	 -3.0080	 -1.8831	 -2.8227	 +0.3750
 +2.3597	 -1.8925	 +6.7809	 -1.0517	 -1.2691	 -1.1585
 +4.2123	 +7.5275	+13.9051	 -1.1524	 -0.0480	 +2.9296
 -6.3254	 +1.6136	-25.2649	 +0.4140	 +2.0810	 +0.0450
-12.8668	+20.3274	 +0.3025	 -1.6011	 -2.5812	 +1.3335
 +5.7698	 -6.3894	-19.9950	 +0.9850	 +0.5862	 +0.2214
 -9.8533	 -1.3160	 -1.8141	 +0.1056	 -2.1831	 +0.3944
+15.7834	 +6.7471	+40.1079	 -0.5233	 -0.5075	 +0.6502
-10.0381	 -3.1687	 +1.9737	 -0.0361	 -1.0555	 -1.5214
 +7.6944	 +1.4674	 +7.1410	 -1.0443	 +2.6870	 +1.0245
-13.4154	+19.5087	 -2.4879	 +2.5016	 -0.4662	 +1.5857
-11.1852	 +1.9642	 +2.6624	 -2.7073	 +1.5922	 +0.9176
-12.7389	 +6.6316	-13.1987	 -0.5058	 -1.9184	 -2.3323
 -6.9472	 +9.4635	 +8.2457	 -4.1009	 -0.2428	 -0.1337
 -0.3159	 +2.9887	 -7.3197	 +0.7292	 +1.6879	 +2.5643
-60.9450	-18.1498	-25.6402	 -0.5585	 +0.1549	 -0.0867
 -3.8257	 +1.4062	 +3.8548	 -1.4759	 -3.6729	 +3.3510
 +5.8207	 -2.4333	 +4.9953	 -0.2858	 -0.0161	 +1.6506
+11.4210	 -4.7627	 -4.6454	 +0.0322	 -0.9259	 +1.1486
