# Num Particles: 1000
# Num Cores: 1
# Total Energy: -2.287781e+04
# Iterations: 891 of 1000
# Current Time: 2018-05-06 07:11:45.880475
# Elapsed Time: 13:57:50.119946
# Avg. Step Time: 0:00:56.419888
# 
# x	y	z	vx	vy	vz
# 
 +1.5030	 -0.7112	 -1.5027	 -3.6686	 -2.2544	 -0.9772
 -4.9288	+17.0348	 +4.1778	 -2.3960	 +3.0214	 +0.5735
 -3.4523	 -1.0592	 -7.7831	 +3.2914	 +3.3437	 -2.5159
-33.7823	+11.5980	 +8.2689	 -0.1335	 -2.3297	 +0.8484
 +5.1552	 -1.9338	 +0.1051	 -1.5695	 +5.7310	 +0.7486
 -1.9311	 -0.6587	 +9.0894	 -3.5425	 -1.2788	 +2.2298
 -6.0215	 -1.3790	 -4.6711	 -1.1250	 +5.0425	 +3.1351
-12.0724	-11.1623	 +4.8167	 -0.2281	 -1.6207	 +1.1265
 -5.0857	-11.7095	 -8.6190	 +3.5744	 +5.0127	 +1.3241
-29.2870	 +8.5189	 +3.7513	 -0.4421	 -2.5499	 -0.1092
 +3.3582	 +8.9154	 +1.5165	 +3.7588	 -2.7086	 -4.2256
 +1.6921	 -4.7544	 +1.5559	 -2.6000	 -1.2540	 +2.2230
-13.7699	 +5.8323	 -3.2485	 +0.7725	 -1.7014	 +2.8181
 +9.4588	+16.8809	-29.8181	 -2.5281	 +0.0558	 +0.6148
 -7.2825	 +1.7917	 +0.5783	 -0.5349	 -1.9069	 +0.4723
 -5.0151	 -6.2818	 -5.3897	 -4.4306	 +1.6035	 +2.4692
 +6.6221	 -7.8877	+11.8689	 +2.1253	 +2.3774	 -0.4131
 -6.2205	 +2.8608	 -3.6007	 +2.8089	 -0.9844	 +5.3488
 -8.4065	 +7.9325	 -9.4479	 -1.5858	 +3.1930	 +0.0116
+93.0672	-35.3953	+79.6971	 -1.5246	 -0.7876	 +0.0756
 +6.6401	+11.3046	 +5.2543	 -1.3910	 -0.1063	 +1.6603
 +0.4313	 -0.1807	 +5.7985	 -0.8964	 +3.9713	 -1.5317
 -9.1953	 -6.3245	 +5.2723	 +1.0421	 -1.7733	 -1.9466
 -3.7223	 +3.7400	 +2.6078	 +2.1279	 -1.3351	 -4.0982
-10.9723	 -6.3629	 +3.0623	 -1.7950	 -1.0407	 +0.6265
-47.2932	+35.9520	-10.3088	 -0.9759	 +1.5087	 -1.1881
 -0.0863	 +0.9884	 +1.1904	 +1.1843	 +4.4617	 +1.0456
-19.1874	 +8.6811	 -9.0209	 -0.0394	 +1.8162	 -2.7214
 +5.7393	-13.8756	-11.1621	 -3.6730	 -2.0764	 -0.7528
+13.6431	+16.4723	 +6.2091	 +1.3989	 +3.5125	 +1.6697
+24.6992	 -4.1567	-12.1097	 +1.4965	 +1.0964	 +0.6605
-58.9525	+23.9313	+14.4064	 +0.1751	 +1.7103	 +1.6489
 -8.9282	 +5.1005	+17.7770	 +1.8423	 +1.3733	 +1.5737
 +0.0928	+15.7431	-11.0036	 +1.3462	 +1.1151	 -0.2503
 -2.0454	 -4.6499	+11.2901	 +1.5308	 +0.7271	 -4.3135
 -5.5353	 -1.7804	 -6.1754	 +3.3587	 -0.0180	 +0.8209
 -3.6647	 +5.0962	 -1.6352	 +2.3397	 +3.8592	 -2.3025
 +4.7431	 -5.8916	-12.7766	 -3.0771	 +1.8218	 -0.9914
 -4.8127	 -1.3219	 -1.0186	 +0.6324	 -6.0106	 +1.4782
 -4.6961	 +0.9091	 -6.0226	 -0.4649	 -4.9220	 -1.2743
+22.0647	-31.7863	 +7.9613	 +0.2813	 -1.4366	 -0.6614
 +3.3602	 -9.5244	 +8.2227	 +0.5269	 +0.1766	 +0.2153
 +3.3305	 +2.3821	 +5.6129	 +1.6256	 -3.9638	 +0.2341
 +5.1004	 +2.6347	 -1.5871	 -0.2968	 +2.6099	 +1.8207
+10.7522	 +7.6104	 -3.3479	 +0.3109	 -3.8524	 +3.4762
 -2.5961	 -0.5688	 -3.0326	 +3.8125	 +1.3702	 -2.8475
 +7.6566	 +8.9174	 +5.3233	 -0.9304	 -3.2504	 +1.8883
+24.2743	-13.1106	-10.9034	 -2.6434	 -0.3331	 -1.2307
 -8.7559	 -3.7132	 -2.1736	 +0.2192	 +0.6804	 +1.3637
 +7.2565	 +0.5874	 +4.4300	 -2.1883	 -2.9447	 -0.5785
-23.1617	-52.3893	-23.2225	 +1.4314	 +0.8965	 +1.9210
 -0.4078	 +3.7638	 +1.4468	 -0.0895	 -1.1876	 +3.5569
 +1.3058	+15.0250	+25.2714	 -2.5484	 +2.4471	 +0.3667
 -0.1684	-20.1257	 -4.2620	 -2.2729	 -0.7756	 -2.5009
 +8.7325	+14.4017	+64.9423	 +0.3535	 +2.1423	 +0.9392
-27.1659	 -0.1970	 -3.9993	 +2.0682	 +0.9734	 +0.2416
 +0.0555	 +1.6113	 -4.8145	 -8.0818	 -0.2152	 +0.3986
 +5.8915	 -4.9390	 -3.3113	 -0.7066	 +2.0390	 +3.1304
 +0.9768	+15.5207	 +0.2856	 -1.2437	 -0.8874	 -1.9750
-19.7197	 +7.5494	 -1.3410	 +0.3741	 +4.3472	 -2.1656
-28.3694	 +6.1703	-10.8261	 +0.6484	 +0.1712	 -2.1784
 -5.4341	+29.0683	-19.5333	 +0.7396	 +1.7901	 +1.2400
 -4.2919	+10.0985	 +1.1969	 -0.6547	 -2.5197	 +0.4804
 +3.1918	 +7.1546	 +7.9501	 -0.0790	 +2.2606	 -2.5847
 +0.9806	 +1.0252	 -8.9102	 +0.1990	 -0.2645	 -1.3835
 -4.7569	 -5.0610	 -1.6918	 +3.8638	 +3.4255	 +2.8094
 -0.4627	 +3.1417	 -4.7455	 -3.1869	 -1.5613	 -6.5545
-30.4940	-25.4894	+23.8319	 -1.3194	 -1.0142	 -1.0655
 +0.7680	+10.3976	 +8.7762	 +0.2097	 +4.1261	 +1.4613
 +3.6764	-14.2891	 -0.6588	 -0.3931	 +0.1032	 -2.5228
 +3.7996	 +2.4910	 +1.7059	 +0.5969	 -2.2670	 -0.8760
 +9.8364	+15.4945	 +1.2283	 +0.6678	 +1.9652	 -0.7441
 +6.8570	 -3.7328	 +4.2511	 -1.5567	 +0.5318	 +1.7259
 +0.9116	+15.1122	-104.7672	 +1.9398	 -0.0449	 -1.0689
+16.1654	 -7.0511	 -5.6743	 -3.0035	 +3.5406	 +1.5266
 -3.2577	-19.9603	 +8.0564	 +3.1908	 -1.1707	 +1.8371
 -1.2112	 -7.9490	 +0.9243	 -2.3338	 -0.5984	 -1.2033
 -9.9262	 -3.7383	-13.3473	 +1.9852	 +3.5147	 -2.8132
 +2.7042	-12.2451	 +3.6903	 -1.8032	 -0.6491	 -2.3584
+29.1083	 +3.5427	 -4.1186	 -0.7919	 +2.3006	 +0.3448
 -0.2344	 -0.0579	 -7.1671	 +0.3706	 +0.9373	 +0.4728
 -4.1935	 +6.3117	 -4.0965	 -2.4020	 -4.6968	 +2.5919
 -1.3910	 +0.3863	 -0.2815	 -0.9451	 +0.2815	 -5.1561
-16.3464	+16.6653	+38.6995	 -0.3071	 -1.4326	 +1.9490
+21.1682	+17.7182	+19.3969	 -0.3268	 +0.6494	 +1.2295
 -5.5200	-12.2143	-14.1468	 +1.9893	 -0.8799	 -2.7315
 +4.6224	 +4.0358	 -7.8430	 +4.0583	 -0.0671	 +3.1681
 -6.0573	+23.5524	 +6.0395	 -0.2176	 -1.1807	 -1.3896
+10.8210	-22.7436	 -5.6040	 +1.2662	 +2.4848	 -1.7980
 -6.3438	+13.6061	 -4.3481	 +0.6528	 +0.5911	 +0.4574
 +6.1289	 +3.5810	 +3.8007	 +1.0826	 -2.4800	 -2.6315
 -1.6342	 +0.6994	 -2.6537	 +0.8438	 -0.0005	 +1.9150
-19.0582	-31.5260	-48.2656	 -0.4683	 -0.3390	 +0.4027
-21.3344	 -9.4526	+16.1635	 -0.9741	 -0.8747	 +0.6620
 -8.2932	-11.1993	 +0.4619	 +0.0091	 +0.2756	 +0.4063
 -5.0432	 +9.4986	-13.9626	 -2.8148	 +0.7380	 +1.6044
 -8.7581	+21.1912	 +3.1998	 +0.4792	 -3.1982	 +2.7663
 -9.4856	 -2.1371	 +3.8674	 +1.0514	 +0.6872	 -5.2971
 +9.6860	-11.0097	 -5.0977	 +2.9907	 -0.4128	 +0.7956
+13.2623	 +7.3103	 -4.9887	 +1.1900	 +1.7563	 +4.8591
-19.8921	-10.9018	 +1.3307	 -1.1059	 +2.0427	 +0.5429
+11.0980	 +1.6332	 +8.5878	 +0.9221	 +0.0857	 +2.1134
 +0.7444	 -2.9222	 +5.1314	 -2.1983	 -0.8670	 +1.7974
 +2.2091	 +9.8316	 +7.0834	 -0.6184	 -2.0100	 +3.0391
 -0.2099	 +1.3929	 -4.7471	 +0.3702	 +0.1442	 -1.5214
+12.5196	 +7.9409	 -8.0603	 -1.0593	 -0.6809	 -2.6850
+11.1142	 -8.3650	 +1.7763	 +1.9258	 +3.4161	 -4.1567
+11.0155	+11.1899	 -3.7953	 +2.2090	 +0.0921	 -0.1127
+27.9228	+22.1517	+10.6844	 -0.6712	 +0.7890	 -1.3362
 -1.1626	 -1.6318	 -0.2860	 -3.7996	 +0.4304	 +5.1983
 +7.7451	 +1.1226	 -1.5191	 -1.8602	 -3.8031	 +1.1344
+472.3063	+393.4675	-224.7299	 -0.2845	 +0.6690	 +0.3174
-139.7560	+108.6224	+203.4585	 -0.0846	 +1.1169	 +0.4025
+29.0415	 -9.7557	 +3.6459	 +0.6398	 -0.2977	 -1.4374
 -8.8691	 -5.5097	 -0.0159	 -0.0649	 +1.0977	 -5.9319
 -4.1882	 -5.0394	-10.0740	 +0.0179	 -4.5421	 +2.0463
 -4.2572	-10.0947	 -7.0231	 -2.9799	 +2.1671	 +1.6169
-59.4375	-13.7583	-16.2080	 +2.0758	 +0.3571	 -0.6246
 +2.3227	 -0.1080	 -0.7537	 -3.3190	 +0.4025	 +0.4568
+48.0037	-27.0587	-40.0046	 +0.0033	 -0.4360	 +0.6920
 +6.8290	 -5.9374	 +2.9636	 +1.7935	 +0.1804	 +5.1337
 +3.1222	 -7.4894	 -4.4903	 +1.3617	 -1.0849	 +0.2711
 -2.1318	 +4.1960	 -3.7968	 -1.0213	 -3.5049	 +2.1112
 -8.4932	 +8.9900	 -2.5184	 +3.7609	 +1.1008	 -0.7230
 -3.8107	 -0.6672	 -6.1498	 -0.2871	 -1.2313	 +0.7730
 -1.4308	 -3.0414	 -8.0125	 +1.9658	 -2.4520	 +2.8785
+10.5108	 -1.1533	 +1.8491	 +0.7280	 -0.2635	 +4.3030
 +8.6320	 +0.3467	 -5.0098	 +0.5280	 -0.1566	 -0.2399
 +3.7992	 -2.6262	 +2.3160	 +1.4478	 -2.5403	 -2.8456
 -8.3030	+10.1001	 +2.3332	 +0.4294	 +2.4642	 +3.3358
+14.4610	+22.5180	-173.3744	 +0.0576	 -1.1790	 -1.1883
 -3.8992	 +4.4838	 -9.1182	 -4.2872	 -2.5704	 +0.2776
 -9.5486	 +0.0541	 +5.9680	 +1.3519	 -2.9762	 +0.4789
 +1.2576	 +4.7334	 -4.9523	 +4.5313	 -0.5894	 +0.5157
 -0.1439	 +6.8736	 -1.3054	 -0.9591	 +0.7888	 -1.0143
-18.3515	+11.1976	-23.7476	 +0.5560	 -2.1681	 +2.3480
+13.6261	+14.0091	 +0.9929	 -1.5761	 +2.2743	 +1.7837
 +5.8868	-31.0595	+19.0792	 -2.0598	 -0.8965	 -0.2926
 -2.1084	 +2.8527	 -7.1602	 -1.8430	 +3.3428	 +2.6419
-11.9150	+12.4668	 +7.9840	 -1.2169	 +2.9763	 +0.7752
 -2.9380	 +2.9410	-10.5488	 -2.2048	 -1.2533	 -1.9173
-19.1084	 +1.6370	 +1.8061	 -1.3729	 +2.4643	 -2.9152
 -1.6792	 -2.3061	 -4.7884	 +2.0234	 +0.7228	 +1.9757
-11.2942	+21.6750	-32.2865	 +2.8769	 +1.5933	 +1.3826
+59.7548	-10.2842	+17.9822	 -0.2043	 -1.8803	 -0.4698
 +1.7362	 -0.4972	 +9.5834	 +1.6838	 +0.6366	 +3.0556
-38.5784	-61.4659	+53.0389	 -1.1279	 +1.2973	 +0.7294
 -5.7468	 -5.5712	 +2.3964	 +0.8465	 -4.5045	 -0.2501
 +5.2295	 -4.9430	-21.3718	 -3.4512	 -1.4303	 -0.1425
+12.1343	 +9.7259	 -2.1521	 -1.7838	 -0.6127	 +0.7500
 -4.5130	 +3.0117	-19.1781	 -1.2597	 -1.7149	 -1.1991
 +7.9652	+12.0513	 -8.0515	 -2.3638	 +0.5554	 +0.8182
-15.2225	 +9.9259	 -0.2324	 +1.6632	 -0.4542	 -0.1421
 +5.5359	 -9.9423	 +5.1401	 -0.5234	 +0.0584	 +1.3532
 -7.0643	 -2.3617	 +0.2328	 -2.1317	 +4.9441	 +0.7061
 +5.9072	 -1.0884	 +9.3281	 +3.4925	 -1.9507	 +0.7757
+16.0845	 -3.2240	-14.1525	 -0.0788	 -1.5539	 +2.4345
-15.7402	 +9.9470	+23.4689	 -2.4799	 +0.3968	 -2.1254
 +7.1913	 -7.7269	+10.0552	 -0.0339	 +0.4878	 -1.6197
 -5.4223	 +1.2967	 -1.6625	 -0.8943	 +0.5835	 -0.0495
 -3.4165	 -5.6093	 +0.4056	 +3.7845	 -1.3613	 -2.9231
+19.8067	 +2.7831	-16.5998	 +2.3675	 +1.7399	 -2.4094
 -3.7344	 -3.1690	 -1.4512	 +4.1459	 +1.0804	 -0.4032
 -9.1732	 -6.6123	 -3.3932	 -1.2083	 -4.5181	 -0.4562
 +9.7599	 +8.4862	 +3.1850	 -1.2243	 +1.2000	 -2.2860
-13.9850	 +2.0518	 -4.7321	 +2.5840	 +0.9456	 -2.3240
 -1.5566	 -1.1556	 +0.7051	 -1.7364	 -3.1866	 +2.3878
 +6.1729	 -5.8364	+11.9782	 +3.7800	 +2.7747	 +1.2534
 +5.0194	 -2.5475	 -2.4157	 -0.0054	 +0.2716	 -2.0754
 -3.1220	 +0.9725	 +5.9795	 -4.2787	 +2.7244	 +0.3335
 -1.0497	 -5.4407	-10.7254	 +2.6605	 -0.0397	 +4.4856
 +0.6780	 -1.2744	 -3.8842	 +0.5587	 +0.1054	 +3.2687
 -2.0608	 -1.9304	-16.1089	 +0.7224	 -0.1711	 +3.0295
+18.4498	-13.8497	+15.8044	 -2.2382	 +0.4768	 -1.9381
+14.3780	 -5.5776	-27.7529	 +1.6391	 -1.7533	 -2.3496
+34.9657	+32.9835	-26.0802	 -2.6466	 +0.4937	 +0.2283
-15.6177	 +8.9662	-13.8450	 +2.6553	 +2.4273	 -0.5881
 +3.1620	+12.4139	 +2.0338	 -0.8763	 +5.3346	 -0.2906
 -4.7967	 +4.6773	 -6.5407	 -0.1439	 -1.7596	 -1.5797
 -2.9505	 +5.7041	 -0.2267	 -0.8229	 +0.9845	 +2.9714
 -1.2891	 -4.7799	 -0.6568	 +5.0622	 -0.1605	 +1.0444
 -4.3586	 -7.6471	 +2.9930	 +2.1895	 -2.2540	 -1.1189
 -7.2387	 -1.7149	 -5.8558	 +1.6122	 -0.2246	 +2.1147
 +4.9735	+22.6279	-26.4844	 -1.5895	 -0.5036	 +0.3639
 -1.4638	+12.3837	-22.2266	 -2.5378	 -0.0872	 -0.6827
 -0.8831	 +3.9023	 +0.8574	 +3.2548	 -0.1187	 +1.6452
 -3.9868	 -9.5316	 -0.5816	 +0.5162	 +0.2332	 -3.1639
 -0.3627	 -4.6222	 -2.5054	 +0.4036	 +0.2198	 -2.2578
-13.6655	 -1.0491	-10.5473	 +2.6720	 +1.8401	 +0.6861
 +1.2632	 -3.0599	 +0.9159	 -1.5453	 +0.1602	 -2.2878
 -9.7968	-26.9264	+11.1583	 -0.0527	 -0.1136	 -0.2110
 -7.1107	 -1.3327	 -0.7413	 +0.8263	 -1.7711	 -3.1889
-12.8444	+14.9747	-40.5089	 -1.2791	 -1.6527	 -0.3427
 -4.1872	 +6.1810	 -3.8458	 -1.0073	 -2.9183	 -3.9808
 -4.1684	-16.6383	 -8.3672	 -1.4126	 +0.1089	 -1.2265
 +0.3449	 -5.0419	 -3.2248	 +2.1574	 +0.7620	 +1.6736
-14.6420	 +4.1687	 -6.2964	 +0.0389	 -2.7152	 -1.4550
+20.1265	-98.4751	-27.9571	 -1.4059	 +0.4792	 +1.0545
 +4.6635	 -0.1766	 +5.0936	 +1.1713	 -4.3366	 -2.6218
+13.1977	 +9.7246	+13.3346	 +0.5336	 -0.7539	 +2.4246
-15.2447	-17.0135	 +6.5224	 +0.3572	 +2.5821	 +3.3119
 -2.8919	 +6.8402	 -7.3656	 -5.9270	 -2.5532	 -0.2766
 +1.6752	 -7.4353	 -5.0577	 +0.5856	 +2.9894	 -2.0234
 -3.9643	 +0.7523	 -2.7877	 +4.9558	 -3.6102	 -0.6320
+10.1505	 +4.2449	 -5.8216	 +0.8624	 +2.7115	 -2.9807
 -3.6880	 +6.5030	 -1.7104	 -0.9888	 +2.0651	 +1.1451
 +1.7158	 -0.7181	 +0.7559	 -3.1286	 -1.3067	 +1.8428
-25.5208	 +2.7714	+17.0753	 +0.2533	 -2.8694	 +2.1713
-11.9065	+53.4890	-24.5748	 -2.0027	 +0.0363	 +1.5738
 -3.4238	 -2.1860	 -3.1259	 -3.2688	 +0.7237	 -4.4010
 -7.5707	 -6.2208	 +2.9217	 -2.4798	 +2.2178	 +2.8448
 +1.3334	+13.2520	 -5.3543	 +2.7730	 +0.8860	 +1.3793
 -7.5925	 -8.3953	 +6.0211	 +2.4906	 -2.8104	 +1.7877
-26.3978	 -2.1175	 -3.1470	 -0.8003	 -0.2244	 +1.0741
 +8.0218	 -7.4042	-19.4465	 -2.6123	 +1.3837	 +1.5334
+121.2886	 +6.2512	-37.5778	 +0.1100	 +0.1404	 +0.7532
 +9.3779	 -4.5574	-29.2649	 -2.1848	 -2.4298	 -1.0488
-10.2800	 +2.1982	 -3.2231	 -0.2860	 -1.3661	 +1.8075
-16.9348	 +0.4902	 -9.5837	 +1.0440	 +1.3161	 -1.1336
 -3.2423	 +4.3738	 -1.3153	 +2.6144	 -2.9337	 -0.4806
+21.7024	-27.2208	 -9.9379	 -2.0422	 +1.4081	 -0.2688
 -1.1764	 -0.0618	 -1.9857	 -2.9912	 -4.6482	 -2.1489
 +3.9326	 +5.2185	 -3.7333	 +3.7324	 +0.0811	 +3.7459
 -8.8826	 -0.5700	 +2.2217	 +1.7555	 -1.6272	 +3.0529
 -3.6125	 +1.4102	 +6.3441	 -1.9044	 -0.2575	 +3.3133
 -4.9670	 -1.5769	 +2.2175	 +0.3076	 -1.2062	 +2.1749
 -2.7415	 +1.5476	 +7.2756	 -1.9174	 -1.6294	 -2.7534
 -4.4199	 -2.6325	 -4.3408	 +1.4645	 +2.3322	 +3.1952
-10.4784	 -2.0754	 -3.7970	 +1.3700	 +1.1987	 +1.3862
+10.7588	 -5.1598	 -5.2313	 +0.9525	 +0.4440	 +0.9152
 -0.6037	 +0.5294	 +0.2981	 -3.8758	 +1.3461	 -2.4164
 -2.7359	 -5.8892	 +1.3819	 -0.3539	 +1.0632	 -0.0974
-10.1319	 -3.8729	 +4.4660	 -2.6978	 -1.5992	 -1.9389
 +9.8134	+12.2205	 -1.9115	 +0.1652	 -1.5873	 -0.6894
 +1.2851	+10.0897	 +7.6959	 +1.0384	 +1.4928	 -2.5461
 +8.5170	 +0.3558	-20.1131	 +0.6825	 -1.8804	 -0.7756
 -3.2365	 -0.4884	 -6.9373	 -1.0344	 +5.2710	 +3.1140
+12.2296	-24.2353	 +9.7856	 +1.1951	 -0.6092	 -2.1149
 -8.1807	 -6.1764	 -2.5640	 -0.6535	 -1.2615	 -3.0280
 -0.8416	 -3.7000	 -1.2098	 +0.9251	 -0.5117	 -0.0306
-60.6434	 -4.8109	 +3.2058	 -0.8928	 -1.5187	 +0.3886
 -4.0132	 +1.0770	 -9.1572	 +0.4741	 +1.5135	 +2.1004
 -1.1350	+17.2184	-12.5640	 -0.8418	 -1.5342	 -0.8648
 +9.9238	 -9.8666	 -0.1877	 -3.1706	 +1.7854	 +0.1270
 +0.9555	 +7.1035	 -7.7377	 -0.5201	 +0.0431	 -1.9421
 +5.0544	 -5.1024	 -4.6833	 +1.9635	 -3.6839	 -2.2249
-26.9951	 +0.3213	+33.7516	 +1.0386	 +1.2244	 -1.6194
-17.5187	 -1.3313	 +3.0618	 +1.6795	 -0.1263	 -1.7909
 +3.0877	+12.7974	 -9.9145	 +1.6681	 +0.1183	 +0.9155
-22.6701	-24.8095	 -9.5436	 +2.6908	 +1.5127	 +2.0544
 +1.0637	+26.1903	 +7.1735	 +2.8354	 -1.1698	 -0.1935
+14.3740	 -9.1126	+12.2200	 +2.4908	 +1.6343	 +1.8063
 -8.0803	 +6.5597	 -3.6661	 -1.0159	 +2.8674	 +1.3475
 +8.9279	 -3.9025	 +7.3144	 -2.2043	 +2.0949	 -0.1995
+1872.8740	-32.5208	+790.7494	 +0.2205	 -0.2337	 +0.0658
 +3.3666	 -6.1778	 -1.7002	 -1.4771	 +0.7138	 +3.3675
 +2.8649	+14.0785	 +2.7007	 -2.7966	 -0.1440	 +0.4703
 -6.2132	 -2.0938	 +2.1466	 +1.4483	 -0.2028	 -5.1313
 +3.5187	 -7.0575	 +1.6012	 -5.4922	 +3.3336	 +2.0538
 +9.4231	+11.2815	 -8.1222	 -0.1134	 -1.6217	 -1.1625
-61.7272	-57.6288	-70.7653	 -0.7289	 -1.1718	 -0.0917
 -2.5130	+12.4127	+11.0106	 -1.3847	 -0.1279	 +5.4335
 -6.0639	+12.1904	 -2.7456	 -3.8676	 -2.1331	 -4.6014
+22.0774	-16.5680	 +9.9712	 -0.7192	 +2.2040	 -0.4715
 +4.2208	 +2.0329	 -0.3359	 -2.8594	 -1.1683	 -1.3540
+12.5664	 -4.0777	 -1.8468	 -3.0852	 -4.5903	 +1.5205
 -3.2053	 -1.2335	 -3.6226	 +2.3708	 -6.1757	 -1.1388
 -6.6829	 +7.7546	 -0.3002	 -0.3957	 +0.4238	 +1.1495
 -2.8922	-11.2892	 -9.9634	 -2.8231	 -2.8554	 -1.4879
 +2.6737	-20.9389	-11.3558	 -0.0981	 -0.4252	 +1.5978
 -2.4273	 +7.4336	-12.1271	 -0.6511	 +3.0738	 -1.5054
 -6.7193	 -1.9212	 +2.6935	 +1.2580	 -1.1364	 -1.1018
 -9.8115	 +7.9064	 +5.9834	 -1.7883	 -0.9253	 -2.1009
 +4.7096	 -3.6806	-13.3389	 -2.7276	 +1.9913	 -1.1860
 -3.8422	 -3.0779	 -4.8774	 -3.1876	 -2.2642	 -1.9344
 -7.2609	 +6.2612	 -4.5756	 -3.1824	 -3.5925	 +5.0697
 -2.6305	 -4.9629	 -3.9270	 -3.0219	 +0.2810	 -3.1145
 +3.7212	 +3.7244	 -4.3135	 -0.0372	 +1.9382	 -1.1078
 +1.8217	 +8.2553	-21.7795	 +0.2688	 -3.2938	 -2.6007
-10.7473	 +6.1934	 +8.9390	 +0.7637	 -0.9939	 -0.7172
 +7.3628	 +5.4683	 -8.9157	 -1.9333	 +0.1390	 +0.0193
 +5.0831	 -8.8794	 -5.3226	 -1.5614	 +1.3081	 -1.3621
 +5.3612	 -5.8959	 -0.6363	 +3.2769	 +2.8567	 -0.9586
-10.2736	 +8.0872	 -3.3882	 -2.7819	 +1.8382	 +0.2204
 -1.0475	 -8.0329	 -5.9173	 -0.8545	 +2.0071	 +2.8319
 +2.3008	 -0.9307	 -2.8660	 -3.9850	 -2.0806	 +2.3162
-20.4322	 +4.5290	 +5.7523	 +1.2858	 -1.2899	 +3.0801
-25.6920	 -8.5104	-15.6723	 +1.4535	 +0.0781	 -2.2669
 +2.0839	 -9.5212	-12.0263	 -0.1622	 -2.7458	 -0.8975
-128.9000	-49.3331	+76.7556	 +0.7672	 -0.9152	 +0.6359
 -0.0345	 -1.9019	 +1.4123	 -1.7873	 -2.5519	 +2.0898
 -6.3049	+11.6068	 -4.3690	 +3.0735	 +0.2974	 +1.1860
+15.2119	 -1.4913	-11.9085	 -0.0667	 +1.8055	 -2.2032
+12.8458	 -3.6669	-14.0912	 +0.4386	 -1.6519	 +1.5321
-12.4286	 +5.8358	 -1.9736	 +3.0939	 -2.5299	 +2.3659
-15.4345	+10.1421	 -4.9837	 -1.0938	 -2.2538	 -1.6254
 +2.2786	 +1.5332	 +4.9347	 -0.0521	 +4.2732	 +2.7850
-110.6535	-106.1846	+100.5996	 +0.4377	 -0.2191	 -0.1567
 -1.6703	+38.4494	+11.1137	 +2.3240	 +0.0307	 -2.1764
-26.8177	-18.2641	+22.0523	 -0.2154	 +1.7532	 +1.4417
-12.5543	 +5.5991	-37.6870	 +2.6778	 -0.7009	 -0.9588
-21.2176	-12.3301	 -8.9614	 +0.2817	 +2.7863	 +0.3076
 -4.6415	 +0.8422	 +4.3892	 +0.9285	 -1.0231	 +1.3559
 -1.6176	 +2.3195	 -4.8497	 -2.3027	 -0.0458	 +3.7025
+13.0183	 -6.1768	 +0.2577	 -1.4359	 -0.5805	 +0.8789
 -9.7214	+11.9921	-10.4879	 -0.4199	 +0.6558	 +0.9527
 +0.7866	 +2.5531	 -5.6475	 +7.5189	 +0.9847	 +0.3869
 +3.8542	-15.8706	 -4.5832	 +3.0023	 +2.2742	 -1.9036
+14.3471	-86.6622	+11.5583	 -1.0340	 +1.5633	 -1.2422
-17.2513	 +2.8246	 +6.3343	 +1.7921	 -1.0401	 -0.6840
 -2.3050	 +1.1920	 +1.7579	 -0.9229	 -2.7145	 -2.9478
 -3.6020	 -2.2203	 -2.1769	 +0.1865	 -0.9379	 -1.1725
 -1.3355	 +3.6312	+13.7423	 -0.2092	 +1.2417	 -0.5689
 -0.3021	 -3.2487	 +1.8178	 +3.1984	 -2.9791	 -1.5130
 -0.2267	 -9.6411	 -3.7451	 +1.5889	 -0.0013	 -5.8443
 -4.7672	 +1.2667	-12.9271	 -0.3656	 +1.8549	 -4.7015
+10.8731	 -9.4497	-25.2506	 +0.5652	 -2.7787	 -1.2374
 +1.2480	 +3.3502	 -4.1416	 -1.3446	 +1.2123	 -2.8207
 +1.9447	 -9.1692	 +4.7783	 -3.5370	 +2.1255	 -1.8972
 +1.7012	 +6.3519	 -1.0569	 -1.7029	 +0.6732	 +3.1063
 +1.4455	 -2.3880	 -3.3735	 +3.2425	 +1.2961	 -0.6831
 +5.5201	+18.6594	 +3.3615	 +4.2674	 +2.2645	 -0.4022
 -2.6430	+13.6862	-23.1826	 +0.3097	 +1.2835	 +0.2848
 +0.6518	 -1.0322	 +9.2287	 -0.2841	 +0.3271	 -1.3132
 -5.1800	 -3.7685	 +0.2232	 +2.0778	 -2.6993	 +0.7408
 -3.7354	 -9.7878	 -8.2593	 -3.4825	 -1.0886	 -1.4632
-151.9372	-58.0604	+204.0006	 +0.5522	 -0.6714	 +0.1945
 -0.6818	 -1.8333	 -2.1671	 +1.2929	 -2.9536	 +3.0899
 -5.6559	 +3.9684	 -0.5480	 -2.5106	 +1.9750	 -2.3984
-14.5127	 -6.9277	 -5.1483	 -0.4017	 -1.1439	 -1.6857
 -2.3807	 +6.4956	 +6.1373	 -0.4213	 -4.8734	 +2.5831
 +0.3926	 -1.2662	 -5.9517	 -1.1220	 +0.9566	 +4.8766
+22.6509	+49.6422	-16.7099	 -1.4314	 +0.8430	 -1.7948
 +4.8398	 -9.1081	-15.6853	 -0.5020	 -0.9022	 +0.6799
 -3.9024	 +7.9220	-12.4793	 -3.6050	 +0.1827	 +0.4414
 +7.2908	 -1.8215	+10.9156	 -1.4786	 -0.8381	 +4.4396
 -3.7807	 -4.1028	 +9.1110	 -0.4677	 +1.5238	 +0.7839
 +3.7060	 +2.0833	 -1.8110	 -2.1573	 +0.0118	 +3.3512
 +2.4736	-11.6678	-10.1948	 +2.1142	 +0.4894	 +0.2061
 -0.7536	 +0.5264	 +0.4322	 +1.3279	 -0.5180	 -2.6598
+10.3691	 +9.0280	 +6.0826	 +0.3809	 +1.1297	 +0.6414
 -0.2829	 +4.8507	-14.0670	 +0.0192	 -0.2193	 -0.5886
-17.1991	 +1.4351	 -9.8177	 -0.4190	 -0.0098	 -3.2849
 +0.8673	 -6.2482	 -3.7642	 -1.4072	 -0.2671	 +1.4327
 -1.9226	 +8.7951	 -0.1425	 -1.6140	 -0.7442	 -2.5997
 -5.0402	 -5.8938	 +4.5071	 +1.4205	 -0.7536	 -1.7238
 -1.0034	 +2.5972	 -3.0820	 +0.7993	 -0.0651	 -3.0654
 +0.9975	 +2.2682	+34.5256	 +2.2695	 +2.2686	 +0.8525
 +0.4238	 -3.0297	 +0.2140	 -0.8365	 -0.5140	 +1.8197
 -9.5472	 +5.2663	 +0.1712	 -0.1025	 +3.8234	 -1.7493
 +7.6899	 +7.2188	 -1.8108	 +1.7120	 -0.6925	 -2.3614
+14.6752	 -6.7955	-16.5795	 +1.3105	 -1.6472	 -1.3990
 -7.5921	 +3.5132	 -4.4969	 -1.6608	 -2.5836	 +0.5262
 +5.4154	 -9.8388	+11.2630	 -2.6847	 +1.8287	 +0.6662
 +2.0206	-14.8407	 +6.5468	 -0.9863	 -1.6894	 +1.9389
 -8.9689	+27.6260	-49.3069	 +0.8030	 -0.2986	 -0.2232
 +6.7279	 -2.6218	-41.6224	 -0.3827	 +1.2448	 +1.9291
 -8.5976	 +0.4892	 -1.8735	 +0.4589	 -1.3078	 -1.5541
-10.5081	-14.2780	-10.7110	 +2.8587	 -0.0714	 +1.3901
 +2.8196	 -2.1090	 +1.7925	 -0.4261	 +1.3320	 +1.6122
+14.5108	+15.6392	 +3.4351	 +2.4028	 +0.5818	 +0.6682
 -8.0578	-62.2894	 -8.7598	 +1.3857	 +1.5035	 -0.6403
 -2.9959	 -2.0994	-11.9696	 +1.6005	 +3.2740	 -1.1515
 -6.6634	-11.4591	 +4.9133	 -1.9076	 +1.8967	 -1.3187
 -9.8370	 +7.8347	-21.4941	 -3.8612	 +1.3257	 +0.8126
 +7.2253	-16.9718	+16.4707	 -0.4660	 -3.1556	 +1.2950
 -1.4689	 +0.2526	+13.0242	 -1.6258	 +0.5010	 +2.5316
 +5.8504	 -1.4626	 +8.5989	 -1.8545	 -1.3585	 +0.9679
 -5.5623	 +0.0338	 -1.7580	 +4.3569	 -3.0602	 +0.3265
 -1.1116	 +5.5303	 +5.0203	 -2.1342	 -3.4384	 -1.3946
 +5.5408	 -1.4518	 -2.9854	 +2.2882	 +1.4960	 -2.3573
 -4.2631	 -2.4472	 +8.0486	 +2.0752	 +5.5738	 +0.3634
 -5.7825	 -2.3171	 -5.2954	 -3.0552	 -1.0137	 +1.8034
-11.4018	-13.2332	-13.5729	 -1.5110	 -0.6081	 -1.0207
-52.1702	 +6.0062	-18.3083	 +1.3033	 +1.2444	 -0.7891
 -5.9485	 -4.5177	 -4.5313	 -1.3948	 +0.0963	 +3.0510
 -5.7223	 -4.1662	 +3.0705	 -2.7065	 -2.3261	 -0.7961
-13.0832	 +6.0891	 -0.9095	 -0.8798	 -2.5376	 -0.6768
 -4.6071	 +6.7240	 -0.2604	 -0.1115	 +1.7928	 -2.2565
+15.1420	+13.1983	 -9.7246	 +0.4341	 +1.0771	 +2.7924
 -2.7500	 +6.5231	+14.8125	 -1.6278	 +0.1767	 +4.4981
 +3.9503	 -7.2591	+18.7389	 +1.7246	 -1.8280	 -0.9958
+16.1289	 -3.7007	 +1.8546	 -0.8244	 -0.4808	 +3.3284
 -1.5674	 -4.7453	 +0.5880	 -4.7003	 +3.0652	 +1.2671
 -2.9897	-16.2472	-22.3573	 -0.6782	 +2.8178	 +0.9103
-10.9193	 +7.3796	+12.2441	 +1.4577	 -3.3545	 -0.0695
 -5.6254	 -3.6855	 -5.1235	 -3.5389	 -1.4636	 +1.0103
 -4.2463	 -3.1616	-12.3999	 +1.8397	 +2.8381	 +1.0161
 -0.5439	 -8.6809	 +4.3989	 +1.3888	 +3.1753	 -3.2620
 +3.3710	-13.0823	 +3.0619	 -0.1589	 +2.1648	 +1.9374
 -9.2151	 +1.3696	-16.1754	 +1.1436	 -1.0637	 +0.4249
-14.4571	 -0.6857	+12.5635	 +1.4583	 +0.4227	 +2.1878
 -0.7408	 -2.4579	 -5.0335	 -1.0779	 -5.3877	 -1.2301
+32.9355	 +4.4928	 +8.7753	 -1.3240	 -0.4146	 +0.2497
 +0.0498	 -0.7554	 +6.4209	 +4.5539	 -3.8793	 -2.5012
 -0.8153	 +3.1836	 -4.1057	 -1.5781	 -2.2566	 -2.5069
 -4.5228	-33.1491	-27.8698	 -1.2224	 -0.6098	 -0.2780
-12.2670	+17.4195	 +5.0937	 -1.1148	 +0.7052	 +2.5478
-10.2378	 -2.4713	 +0.2960	 -1.3450	 +1.3053	 +3.5727
 +0.6867	 +2.3926	+18.1063	 +5.3883	 -1.3391	 +0.1820
 -1.7945	 -8.8456	 -3.9793	 +1.7566	 +0.1007	 +1.1663
-10.6716	 -4.0057	-13.2832	 -0.8897	 +1.4615	 -0.6107
 +0.3484	 -7.1100	 -4.6584	 -3.8868	 +0.8082	 -1.6909
 -3.4044	 -9.0601	 +5.9649	 +2.4822	 +2.7576	 -2.8403
 +8.3310	 -0.0568	 -7.3843	 -0.1733	 +3.7633	 +1.0290
+11.0203	 -7.2971	 -6.1520	 -1.2255	 +3.0237	 +1.8907
+15.0445	 +4.9641	 +3.7839	 -1.2417	 -1.9264	 -1.1995
+24.8620	 -4.8050	 -7.7568	 -0.8913	 -2.1711	 +1.6279
-13.9046	+17.0010	+23.5125	 +1.4393	 +2.1699	 -0.3306
+29.3497	-22.8761	+70.6603	 -0.2971	 -1.7296	 +0.1254
-10.2545	 -4.8437	 -5.4983	 -4.3123	 -0.1208	 +0.7982
 +0.6975	+13.7913	 -0.0253	 -2.2203	 +1.1107	 +2.2861
 +0.4494	 -3.5864	 +0.5479	 +1.9683	 -0.5196	 +1.5061
 +9.8144	 -4.3062	 +8.4376	 +2.5075	 +0.3948	 +2.9796
 +6.3625	+10.9927	 +2.5970	 -1.1134	 -0.8992	 -1.7237
+28.9882	 -1.6186	-17.6344	 -0.8728	 -0.5702	 -1.0658
 +1.3131	+11.7987	 +0.3967	 +4.3278	 +1.2343	 -1.4054
-22.7435	+24.5895	-25.6015	 -0.3626	 +0.5047	 -0.7620
-22.6234	-19.9963	+16.9259	 -1.1982	 +1.2675	 +0.1728
 -1.1202	 -0.5536	 -4.7010	 -3.5167	 +2.2451	 +1.0561
+14.8597	 -8.8826	 -0.7922	 -2.6648	 -1.0082	 +1.6138
 +5.7764	 -0.7475	 +1.8345	 -1.4380	 +4.1464	 -4.1646
 -6.1578	 +2.5838	 -5.4041	 -0.7114	 -1.7065	 -2.0411
 -7.5841	+10.6196	 -9.1868	 +2.0197	 +0.2024	 +1.4623
 +1.4590	 -1.4805	 -0.0695	 -3.3261	 -0.8214	 +1.3832
 -5.7560	 -3.6873	 -6.6332	 +2.8497	 +2.9831	 +2.0288
 -3.8619	 +7.0629	 +8.5711	 +1.3979	 +3.0454	 +0.6838
 +3.8530	-11.8927	+25.9565	 -1.1444	 -1.3892	 -1.6533
 +7.9136	 +7.0004	 -0.3674	 +1.7753	 +0.3311	 -0.8624
 +5.3074	 -2.2401	+13.6880	 -0.0349	 -2.7255	 -1.9553
 -5.2020	 -0.7325	 +5.8180	 +1.3940	 +0.0534	 +0.4353
 +8.9404	 -5.4962	-24.4118	 +0.9963	 -0.6333	 -3.3385
 -0.2849	 +2.8999	 -5.4036	 +3.7276	 -0.0481	 -3.4777
 -1.0701	 +2.9060	 +1.6708	 +2.1996	 -1.3440	 -0.4258
+20.3979	 -2.4203	-14.9299	 -3.0203	 -1.3565	 +1.4065
-26.7942	 +4.9953	-27.4647	 -1.8235	 -1.1286	 +0.9649
 +3.7055	 +0.0278	 -2.8938	 +3.3998	 +0.8094	 +1.4241
 -5.6461	 +3.6889	 +3.5839	 -3.6206	 -0.6249	 -2.3658
 -1.3462	+10.9246	 +2.9299	 +1.4184	 -2.9080	 -0.8884
 +4.5219	 -8.2128	 +3.3102	 -1.5473	 -1.0845	 +3.3953
 -6.4722	-15.0082	 -4.6854	 +0.1880	 +0.3055	 -0.9052
-19.6745	-15.0886	 +1.3321	 -1.9638	 -1.7891	 +1.3924
-11.1241	 +1.2724	 -4.2563	 -4.2336	 -2.0708	 -4.1771
 -0.3957	 +2.2851	 +8.3093	 +0.6439	 +0.3912	 -0.4465
 +2.1937	 -1.2043	 -3.4044	 +4.5930	 +1.5730	 +4.1734
 -3.6350	 +0.8044	 -2.4545	 +1.7426	 +0.5406	 -0.5309
 -1.3906	-19.6401	 -3.2857	 -1.0923	 -0.3164	 -1.6071
+13.5914	-53.3288	-26.5333	 -0.6213	 +1.5593	 +1.0098
 -3.9212	-12.7555	 -7.5076	 -0.0183	 +1.0874	 -4.0684
 -6.1131	 +2.3019	 -0.1518	 +1.0746	 +0.0724	 -1.4805
 -1.1867	 +1.2949	 +3.1314	 -2.5624	 +0.5399	 -2.1147
 -0.0183	+12.6220	+12.2821	 -1.6382	 -1.9670	 -3.7619
 +1.3743	 -6.1491	 -3.4543	 -2.4859	 +4.6586	 +0.6432
 -0.7068	 +2.7445	-12.7196	 +1.0346	 -1.9450	 +1.9748
 -1.5966	 +2.0453	 -5.7799	 -4.9587	 +4.9001	 -4.0829
 -2.2229	 +5.8110	 -6.4599	 +3.2894	 -0.7752	 +0.0557
-66.4736	-46.5344	+31.7797	 +0.8594	 +1.4868	 +0.3810
 +7.1603	 +7.2783	 +8.3957	 -0.4967	 +0.8567	 +0.7357
+48.8356	+31.4423	+37.8746	 -1.6102	 -1.5345	 -0.6391
 +5.8823	-17.5427	 +5.0321	 +1.6161	 -0.5502	 -1.1352
 -5.9179	+10.2508	 -5.6932	 +0.2978	 +2.5711	 +0.1739
-113.0029	+57.6021	-19.3186	 -0.3262	 +0.6734	 +0.3033
 -4.3697	 +5.8360	+15.2654	 +1.6402	 +1.0838	 +1.1130
 -8.7696	 -7.9898	 -5.6909	 -2.4486	 -1.0791	 -0.5315
 -6.7710	 -1.6697	 +4.1715	 +1.0024	 -1.8127	 +4.8801
 -4.8665	 -8.3719	 +1.7780	 -1.6139	 -1.1160	 -0.3826
 +1.5139	 -3.5004	 +1.4015	 +0.8263	 -1.9982	 +1.8249
+11.8067	 +9.4612	 -6.8893	 +1.2466	 -3.3802	 +1.2784
 -6.8293	 -2.5851	 -3.5314	 -2.9507	 -1.5013	 -0.4380
+12.7741	 -4.3119	 -6.6605	 -1.2583	 +1.6786	 -0.7830
 -4.6617	+32.6679	 -4.3568	 +0.5621	 +0.9301	 +1.4902
 -8.0229	-13.8020	 +5.7220	 -0.7358	 -1.3000	 +0.4089
 +2.8096	 +2.3553	 -1.4769	 +0.0457	 +2.6124	 +0.9944
 -6.3362	 -2.0442	 +3.0705	 +3.1028	 -3.0507	 -0.4296
 -8.4680	 -1.4105	 -3.5621	 -0.5046	 +2.0596	 -2.9909
-37.4721	+16.9970	+13.4339	 +0.3315	 +0.3899	 -0.2690
+18.1989	+15.3317	-11.0104	 +1.2591	 -0.4945	 -2.8341
-10.7745	-35.7951	+15.6514	 -0.7865	 -1.5616	 +0.1329
 +8.4229	 +1.3534	+10.0036	 +1.7544	 +1.7158	 -2.5806
 +3.1423	 -6.3625	 +3.4879	 -0.2857	 -0.8711	 -0.6343
 -3.4422	+17.3835	-33.1605	 -1.7640	 -0.4545	 -0.2296
 -5.0399	 -7.5326	 +3.5391	 -3.0075	 +2.6729	 -0.6293
 +3.6958	 -4.6409	 +9.0157	 -0.3365	 -2.3373	 +3.8453
 -7.3687	-14.2934	 -5.5364	 -0.5754	 +1.6051	 -2.1537
 -7.0013	 -0.7175	 -8.6772	 -0.2186	 +3.3382	 +2.3387
 +6.3318	 -5.1580	 -9.3322	 +0.3883	 +0.2152	 -0.6063
 +4.4249	 +1.0485	 -7.7656	 +4.5644	 -1.7822	 -1.6398
-58.6261	+21.3620	+10.4143	 -1.2994	 +1.1910	 +0.6725
 +1.5676	 +1.0360	 -2.6532	 +0.0919	 +1.7514	 -0.2033
-27.7161	+42.7122	 +7.6097	 +0.4534	 +3.2509	 -0.3849
+10.4357	+12.4122	-11.2000	 +1.2568	 +1.3607	 -0.6708
 +0.1429	 -3.5549	 -1.6765	 +3.3005	 +3.2262	 +2.4251
 -3.8215	 -1.2793	 -4.6198	 -1.3769	 +1.3746	 +0.0571
 +0.8914	-47.9558	+37.3664	 +1.9902	 +0.7767	 +0.3428
 +3.7928	-11.3451	 -1.8348	 +1.0474	 +1.8244	 +1.0738
 -6.2358	 +2.8470	 +2.1244	 -4.3755	 +2.2904	 -3.6093
-12.1001	 +6.6216	+16.1519	 -0.9702	 -2.3400	 -1.7458
 +3.8363	+18.2318	+10.7712	 -0.6918	 -1.3094	 -2.0639
 +2.8368	 -7.4123	 +5.0577	 +1.2058	 -0.3670	 +1.3944
 -1.2742	 -6.3821	 +0.7838	 -2.2949	 +1.7116	 +0.6111
 +5.9403	 +6.2631	 +2.8685	 +1.3881	 -0.4698	 -3.4257
 -7.7987	 +1.0914	 +1.1579	 -0.0978	 +1.3067	 +0.3147
 +3.5070	-13.4892	 -6.8740	 -2.4299	 +2.9164	 -0.5787
 +1.0663	 -8.4724	 +3.2737	 +0.2278	 -1.0119	 +1.3626
 +7.3384	 -1.9230	+10.5654	 -0.3436	 -5.3828	 -1.7388
 +3.9497	 +6.5439	 -4.1230	 -0.3846	 +0.7072	 -0.8629
 -4.8422	 -1.0040	 -1.9453	 -1.2875	 +0.1612	 +2.3008
 -0.7233	 -8.8131	 -0.7013	 -6.2598	 -0.7401	 -0.3122
 +4.4291	 +3.7674	+11.7390	 -1.5221	 +0.2020	 +1.8432
 +0.2534	 +6.0976	-22.1772	 +1.1132	 +1.5501	 -0.9720
 +1.2207	 -0.0808	 -6.1534	 +1.3328	 +1.5626	 +2.3989
-15.6783	 +4.1123	 -4.7473	 -0.9912	 -3.7699	 -1.5435
+11.2678	-16.7439	 -5.0778	 -1.6786	 -0.1018	 -1.0993
-20.6933	-38.0631	-35.1257	 -4.9523	 -6.4167	 -6.4384
 -4.7803	 +2.9109	 +3.2993	 -1.1700	 -5.9961	 +1.9595
-10.0631	 -4.2723	 +1.1491	 -1.9963	 +3.9802	 -0.1876
+11.2679	 -7.1177	 -3.7382	 -0.8288	 -2.0039	 -0.4129
 -5.2344	 +0.3524	 +3.7763	 +0.7288	 +2.4699	 -2.9843
-13.4946	 -2.7178	 +6.2123	 +2.2731	 -0.7703	 -3.1479
 -1.6743	 -1.4333	+45.7522	 -1.1948	 +1.0130	 +0.3133
 -1.0844	 +7.5281	 +0.8153	 +0.6649	 -0.7133	 +3.6659
 +3.4285	+14.0944	 -0.2503	 +3.0007	 -2.7894	 -0.0938
 -0.9582	 -1.8049	 -5.3648	 +2.7184	 +1.5751	 -0.3953
-10.7916	 +3.7999	 -7.5189	 -4.6818	 +0.9627	 -1.2230
 -9.8509	 +4.7832	 -0.9045	 -2.5317	 -0.2462	 +0.2614
 -0.0294	+26.6821	 +3.8531	 -0.3137	 +0.7042	 +2.5536
 -1.2532	 +4.9373	 +8.4819	 +2.8090	 +2.0537	 -1.1279
-11.3771	 -3.9411	-43.5442	 +1.6629	 -1.0625	 +0.4421
 +2.1971	 +5.8705	+27.4161	 -1.8439	 -1.6916	 -1.5654
 +0.9110	 -1.8187	 -5.2569	 +3.4226	 +0.9279	 +0.8676
 -1.0427	 -7.9229	 -2.6129	 +1.7821	 +2.7428	 +1.1652
 -2.9358	 -1.8257	-13.7984	 +3.2287	 -3.6273	 -2.9573
 +5.3440	 +5.1920	 +8.3332	 -0.6755	 +1.7768	 +0.1673
 +1.5101	 -2.0369	 -4.6615	 +3.0595	 +3.4756	 +1.5366
-12.2728	 +9.9320	 +0.2734	 +1.5093	 -2.7608	 -2.7394
 -7.1999	 +1.2504	 +7.8965	 -0.6381	 -1.9680	 +2.2105
 +6.1055	 -5.7244	-10.0582	 -0.6632	 +3.6785	 -1.1003
 +6.6591	 +3.5315	 -3.1574	 +1.4228	 -0.5362	 -2.0578
 -1.2394	 -3.2596	 +9.8408	 -2.5217	 +1.2255	 -0.3778
+14.0433	 -0.0011	+11.2483	 +2.0967	 -2.6741	 +3.4984
+10.7144	 +6.8159	 -6.1530	 +0.1485	 +0.0518	 -3.2088
 -2.3365	 +1.0261	 +3.7659	 +3.0090	 -1.7888	 +0.0159
 +2.4258	 +0.6442	 +3.7592	 -1.8641	 -3.3671	 +1.7254
 -2.9835	 +0.5653	 -3.5003	 -0.2507	 +2.5199	 +4.0339
 -5.5489	 +1.5330	 +2.5187	 -0.9410	 +2.2761	 +0.2083
+22.0290	 -9.1749	 +9.9764	 -1.4925	 +1.4025	 +0.0352
 -9.7696	 +1.8075	 -6.8714	 +3.2786	 -3.8732	 +1.9926
 +7.9509	 +0.3915	 -0.5671	 +0.0426	 +2.2038	 +2.1444
 -3.7415	 -7.3877	 +4.2830	 +1.6689	 +2.4772	 +2.5620
 +4.8479	 +6.4870	 -7.4902	 +5.0381	 +0.0099	 -2.2576
+10.7333	 -4.1919	 +7.7667	 -3.3055	 -1.9517	 +3.2326
+15.6090	+15.1641	 -5.6508	 -1.0330	 +0.7876	 +0.1156
 +8.2472	 -6.6907	 +2.3264	 -4.1769	 +2.1075	 +4.2410
-22.9307	-12.1512	 +7.3012	 -0.6819	 +0.8785	 +0.7529
 +3.7200	 +0.7966	 -4.8976	 -2.2761	 +0.7380	 -3.1920
 -2.4230	 +1.7062	 +1.8872	 +0.9537	 -2.4913	 +0.6989
 +3.1352	+11.0516	 -1.7419	 -5.1455	 -1.7736	 -0.2480
-20.3069	 +8.0018	-15.6843	 -1.4597	 +2.8388	 +1.4538
 -6.5274	+11.5192	-21.4019	 +1.2355	 +1.2310	 +0.2912
 +8.0251	 +3.3136	 -0.9902	 -5.4125	 +0.8688	 +0.8896
 +0.7420	 -5.9304	 -1.0206	 +4.7573	 +3.2992	 +1.3037
 -4.0342	 -7.2375	 -6.5840	 -3.0158	 +0.5159	 +2.4984
+25.8459	+14.8875	+16.8574	 +3.1469	 +1.2671	 +3.8251
+10.9399	 +5.4761	 -7.2585	 -0.0809	 +0.7718	 -1.6833
 -6.8182	 +8.8711	-16.6957	 +3.1295	 +0.5692	 +1.5418
-39.5168	+14.2579	 +2.6028	 -0.4205	 +2.4036	 +0.9366
 -6.1280	 +3.2282	-17.2354	 +1.0443	 -1.5637	 +0.6604
 +2.0859	 +4.9950	 -6.1255	 +1.0070	 +1.5482	 -2.3100
 -5.9539	+10.6240	-15.7549	 +0.5443	 -3.3278	 -0.1847
 -8.8745	-10.0532	 -8.4225	 -1.0888	 +1.4060	 -0.8500
-10.5263	+13.0762	-45.1396	 +0.3980	 -0.3111	 +1.1550
 +1.8491	 +9.5344	 -2.6641	 -3.0478	 -3.4090	 +0.4191
+16.0073	 -7.1236	-18.2052	 -1.4580	 -1.3649	 +1.0046
+10.0989	 +0.4946	 -4.5435	 -1.3457	 +0.8885	 -2.8044
 +2.4172	+20.7957	 +9.4787	 +0.9843	 -1.8944	 +3.3266
 -1.3547	+12.7808	 +5.2210	 +0.8709	 -1.2127	 +1.0480
 -1.0513	 +5.0486	 -2.2128	 -1.8039	 +2.3074	 +3.3147
-13.1238	 -0.2336	 +9.6051	 +2.3896	 -0.2280	 +0.6672
 +3.7453	 +0.5237	 -3.0668	 +2.4389	 +0.0530	 +3.8478
 +3.0988	 +9.6894	 -2.7546	 +0.1102	 +4.0295	 -0.2658
+16.7554	 +6.6496	-18.9491	 +0.7737	 -3.6404	 -0.8456
 -0.5744	 +0.8808	 -5.5214	 +0.4221	 +0.1936	 -0.2223
 -3.2867	 +0.9773	 -7.9610	 -2.8530	 -5.0435	 +0.7856
 +5.6267	+18.0122	 +0.7316	 +0.2277	 +0.3952	 -2.2852
 -6.7771	 +3.5437	 -5.4175	 +2.1238	 +1.3023	 -5.0445
 -2.4232	 -3.3534	 +1.4770	 -0.8788	 -1.4248	 -1.8415
 -6.3917	 -5.4290	 +3.1873	 +1.2229	 +0.8795	 -1.1941
-10.5211	 -5.0943	 -2.3887	 +3.0863	 +0.0376	 -0.3620
 -5.4623	+13.4831	 -7.6409	 +2.8092	 +2.1957	 -3.0331
 +2.9623	 -8.2312	 -2.7017	 -0.0543	 +1.0290	 -1.6032
 +1.5492	 +0.4536	 -3.2360	 +0.0203	 -2.0333	 -2.4121
 +2.4524	 -4.8999	 +4.5276	 -2.1610	 -0.5898	 +0.7194
 -2.6016	 -7.6017	 -5.4004	 -0.5974	 +1.9426	 +0.6512
 +0.9713	 +5.0901	 -5.2645	 -1.4162	 -0.1574	 -0.8663
-14.8860	 +3.5778	 -1.3233	 -1.6511	 +0.4105	 +1.9478
 +9.7632	-14.3154	 -1.0594	 +2.8577	 -2.4444	 -0.1814
 +5.9372	 +6.3158	+13.8610	 +0.5047	 -0.9086	 +1.9240
-12.8920	 -0.0449	 +0.5747	 +1.1407	 +3.2851	 +0.2934
 +0.6289	 -0.7780	 -5.3100	 -1.7605	 +0.6388	 -1.5469
 +0.1126	 -0.7447	 +9.3734	 +0.3936	 +1.9721	 -1.8092
 -5.1306	 +0.4988	-20.5721	 +4.2973	 -0.4360	 -2.2828
-17.5536	 +1.0959	+29.2377	 -1.0622	 -1.0826	 +1.1524
 +0.7314	 -3.2297	 +0.4163	 +1.5001	 +0.4893	 +2.0101
 +1.0965	 +1.5660	 -2.1125	 +2.0042	 +1.3551	 -0.6628
 -3.3027	 -5.8108	 +0.1902	 -4.7371	 -2.1243	 -1.5660
 -7.1079	 +6.7775	-10.1728	 +1.2671	 +1.1263	 +3.0566
-19.1838	 -0.7824	-10.1939	 -3.7881	 +2.9217	 +0.6883
 -4.7644	 -7.0578	 -5.4198	 -0.5096	 -0.9435	 +0.3344
 -5.1686	-42.9334	+59.7719	 -0.3533	 -0.7977	 -0.0832
 +1.0797	 +4.3920	 +0.6406	 +0.3932	 +0.7630	 +2.5415
+19.9772	+22.2052	-22.9087	 -2.6525	 -2.0785	 +1.3470
 -5.9341	 -3.0189	 -1.6489	 +3.1562	 +3.2757	 -1.4575
 -0.7599	 +5.7275	 -0.6082	 +1.3382	 +0.6456	 +0.5720
+46.6191	 +0.1512	-30.0858	 -1.0471	 -0.1784	 +2.0278
 +8.0438	-44.9678	+35.5266	 +2.5633	 -1.0501	 +0.6338
+103.6480	+51.6252	 +1.8533	 -0.1778	 -0.9126	 -1.6285
+18.4348	 +8.8934	 +5.5271	 +0.6958	 -4.1956	 -0.6135
+32.3200	+61.6502	-32.8901	 +0.9365	 -0.8685	 +0.2562
 +5.4159	 +5.9770	-10.2510	 -0.0545	 -0.4447	 -2.3385
-13.6043	 -8.2778	 +5.7835	 +2.8176	 -3.2786	 +0.2493
-24.2281	 -3.3194	+30.0051	 -0.3315	 -0.4533	 +3.2736
+16.4867	+48.6327	-43.8198	 +0.4825	 +2.1006	 +0.9019
+16.9038	 -2.7276	+26.9144	 +0.6885	 +1.3064	 -2.8625
-12.2348	 +2.5753	 -0.6952	 -3.1201	 -3.7545	 -2.5418
 +0.0847	 +0.9310	 +2.6620	 -4.0226	 +3.5612	 +0.5726
-13.5379	+15.8927	 +8.2987	 +0.9929	 +1.1610	 +0.2901
 -5.8693	 +1.3862	 -5.2208	 -2.6727	 +0.7773	 +4.4881
 -4.6293	 +4.3523	 +2.4412	 +3.7058	 +0.4893	 -3.5898
+12.3445	 +3.3159	 +0.9631	 +1.6338	 -1.0172	 -0.5041
 +3.9178	 +8.7256	 +6.1693	 -1.6542	 -1.3874	 -1.3535
 -3.0690	-10.7840	 -4.9466	 +1.6685	 -3.3115	 -3.8871
 -2.9407	 +7.9397	 +5.8740	 -1.0347	 -3.2365	 +2.1170
 -6.5903	 +7.9222	-11.6229	 -1.4501	 -2.5802	 +4.1826
 -5.5548	 +9.7513	 -2.5395	 +1.3525	 -3.9953	 +0.2106
 -2.8121	 -0.4881	 -6.9198	 -4.6478	 +4.6624	 +4.0949
 +1.8442	 -3.1784	 -4.0761	 -2.3961	 +2.1435	 +2.0161
 -4.2919	 -2.9346	 +3.6437	 +1.0038	 +1.9804	 +1.4696
 -8.8598	+10.7285	 -0.4345	 -2.6419	 +2.3612	 +0.5297
 -9.7562	 -1.2352	+20.6623	 -1.3251	 +0.8267	 +1.6019
-11.9709	 +7.2921	+19.2123	 +0.3578	 +1.4396	 -0.5119
 -2.4195	 -7.3968	 -2.3337	 -0.2666	 +2.3967	 +3.9923
 -5.7073	 +4.0107	 -8.3073	 +0.7780	 -0.3274	 +3.4637
-18.2519	+31.2773	+11.9942	 +1.1786	 -0.0189	 +0.0535
 -9.9824	 +0.8762	 -9.5893	 +2.7853	 +3.2190	 +0.2418
 -7.8286	-13.3558	 -6.5478	 +3.8245	 +0.1038	 -0.1424
+28.0405	 +0.2160	 +7.1134	 +0.0996	 -1.5221	 -0.6188
 -1.1995	 -4.4189	 +3.8860	 +4.5249	 +0.3435	 -2.8348
 +9.7889	+19.0096	+18.4753	 +0.2533	 +4.0409	 +2.9191
 -8.2933	+65.8333	+30.7258	 +0.8194	 -0.3396	 +0.9976
+11.6703	 +4.9423	 -7.3281	 -4.4877	 +1.4192	 -1.2442
 +3.5359	 -8.6002	 -1.3909	 -2.3995	 +3.7099	 -2.0736
-17.8190	-24.5870	+31.7915	 -0.3103	 +1.6008	 +0.1164
-27.3019	+30.0435	+18.0813	 +2.0302	 -1.0343	 -1.2175
 -0.3722	 +3.8781	 -1.6796	 +1.1503	 -0.3013	 +1.8336
+11.6102	 +4.4180	 +4.9243	 -1.2020	 +4.3544	 +0.0906
-21.3779	 +4.2439	 +4.0453	 -0.9223	 -2.2975	 -2.0104
+13.1064	-24.8713	+15.1295	 +1.2801	 -0.8188	 +1.0492
 +7.1444	 -1.1242	 -6.7684	 -4.1382	 +0.7093	 -0.7756
+17.5325	 -2.5705	 +4.3135	 -1.4242	 -2.2046	 -1.6386
 +1.6869	-44.7809	+114.2240	 -0.3087	 -1.3780	 +0.3174
 +5.0280	-10.9290	 -0.4925	 +5.6024	 +0.4515	 -0.2218
+15.6393	 +1.9844	-14.1514	 -0.6059	 +2.2574	 +2.0563
 +1.7260	 +5.4236	 -2.8777	 -0.9294	 +1.3368	 +2.5698
-22.7525	 +2.0643	+15.4265	 -1.9342	 +1.6453	 +2.2699
 +6.1912	 +6.8583	+13.6492	 +3.0577	 +0.6090	 +1.2636
 +4.6147	 +6.3902	-14.5997	 -1.6405	 +1.9804	 +1.2812
+11.4419	-13.3083	+31.7235	 -2.0269	 +1.7809	 -1.6160
+12.8254	 +4.1674	-17.2562	 +1.7739	 +3.1660	 +1.5865
 -1.2594	 +6.3612	 -3.6899	 -0.6729	 +3.7721	 +3.1724
 -4.5580	 +8.7654	 -7.2688	 -1.6629	 -3.2632	 +1.9360
-13.8951	+11.3209	 -6.6716	 +2.7351	 -1.3721	 -2.9456
 -9.9028	+16.2907	 +2.5422	 -2.9247	 -0.7537	 -1.0388
 -8.3631	-11.2125	-12.6820	 -4.3682	 +1.3969	 -0.3125
-23.9086	 +2.5283	-14.3786	 -1.9894	 +0.3928	 -1.0110
 -2.9987	+17.2361	 +8.0828	 -0.1928	 +0.5778	 -3.8424
 -3.9937	-27.1684	+11.2395	 -1.0408	 +0.1477	 +2.7569
 -2.0313	 -1.5719	 -8.5965	 -2.7772	 +2.6195	 +2.3068
 +2.0627	 +0.8238	 -8.2355	 +0.1704	 +0.4300	 +1.2938
 +9.2025	 -1.6739	 +4.6717	 +2.4988	 -1.9467	 +1.7371
+16.3919	 -6.7959	-10.0079	 +0.2303	 -1.3465	 -1.2489
 -5.4113	 -9.8420	 -0.9310	 +0.0773	 +1.3602	 -1.7956
+23.7800	 +1.8624	 -2.2998	 +2.9619	 -0.4081	 -3.5379
 -2.6432	 +6.2476	-11.1526	 -1.8710	 -1.5058	 -2.9681
 -1.6248	 -1.7421	 -0.6121	 -2.5119	 -1.8548	 -0.0983
+13.2924	 +8.4463	 -7.7644	 +1.3947	 -0.9217	 -0.9283
 -5.5429	 -6.1663	 -7.1642	 -0.4528	 +2.4253	 +1.7139
+12.6759	+22.4602	 -6.0330	 -2.7580	 -1.3392	 +0.1483
 -0.6269	 +7.8450	 -7.6085	 -1.1751	 -1.7449	 -0.0572
 +0.5795	+11.9764	 -5.4324	 -4.9565	 -1.9594	 -1.1679
 +0.0271	 +3.3163	 +1.3774	 +4.1413	 -1.0144	 +3.0606
 -0.3107	 -2.2276	 +2.5092	 -2.3875	 +1.7668	 -1.1656
 +9.6398	-14.9918	+15.4192	 -0.6971	 +0.2235	 +2.7079
 -0.1285	 +5.3447	 +1.7148	 +1.2571	 +1.4449	 +4.0976
 -4.1291	-37.3587	 -9.1457	 +0.4662	 -0.3317	 -1.6625
+10.1848	-14.7042	 -7.4270	 +0.7551	 -2.7580	 +1.6220
 +4.5745	 +4.3623	 +0.3440	 -1.0902	 -3.2651	 -2.0585
-32.5703	 -9.7349	+15.4982	 -0.8874	 +0.4437	 -0.8641
-18.7621	 +5.8849	 -7.7268	 +2.4947	 +0.1065	 -0.7763
 -9.6870	-12.7325	 +5.8224	 +3.2247	 +1.5508	 +0.7838
 -0.7897	-15.2349	 +5.0165	 -2.8233	 -4.1417	 -0.1740
 +0.8932	+10.9205	 +5.1114	 +2.5451	 -3.6779	 -0.6669
-11.4209	+10.6926	-15.3643	 +1.0434	 +0.3294	 -1.4132
 -5.7060	 +4.9954	 +2.4249	 -2.7889	 +3.6055	 -3.5889
-14.3769	 -6.5019	 -2.7595	 -0.0713	 -2.5802	 +0.9323
 +4.4903	+43.5450	 +5.2050	 -0.4379	 -0.1649	 +2.3697
 -3.9507	 -4.4693	-12.6708	 +0.7649	 -1.6909	 -0.7065
 +1.5241	-12.2994	 -1.7934	 +2.6529	 +1.1113	 -0.1472
 +1.6500	 +1.8540	 +0.9209	 +0.3883	 +3.4122	 -1.3743
+86.9952	-36.5800	+39.9456	 -0.1329	 -0.8241	 -1.5116
 -5.1592	-12.3553	 +4.1013	 +2.3215	 -0.6087	 +4.1630
 +1.0395	 +1.4381	 +4.9345	 -3.3161	 +3.4474	 -0.1627
 -4.0365	 -4.8085	 -4.9379	 +2.1090	 -0.7518	 +2.8050
 -4.1958	 -3.7662	 +6.0184	 +0.6217	 -4.5025	 +1.3768
+14.1427	 +2.9602	-11.4657	 -0.3777	 -1.0236	 +0.7579
 -4.8058	 -7.5200	 -6.2848	 -0.0892	 -2.0291	 +1.9525
 -5.6335	 +2.2182	 +4.1747	 +2.6199	 +3.7115	 +1.3163
+11.2988	 -7.0608	+18.8637	 +1.5330	 -0.5514	 -2.1354
-15.8785	+12.9733	 -8.6467	 +0.2664	 -0.0216	 -2.9575
 +7.7952	+17.8619	+47.3566	 +0.2909	 +0.0502	 +1.9910
 +6.2455	 +6.3700	+15.5416	 -1.6424	 -0.6744	 -2.1482
 -8.1959	 -4.9406	 -0.3265	 +3.2902	 -0.0200	 -0.2597
 +0.3953	 +3.7732	-11.4637	 -2.4304	 -0.0324	 -4.9464
 +0.6800	 -4.6804	-17.1455	 +3.3569	 +2.2110	 -2.0537
+16.1692	 +1.3666	 +7.1868	 +3.5707	 -0.6444	 -1.9483
-13.6309	 -5.1442	-11.0556	 +1.2790	 +0.9696	 +0.3722
-62.3399	+30.9094	 -8.8524	 -1.9665	 +0.8769	 -0.9609
 -0.3229	-22.5245	 +1.5634	 +0.2332	 +0.8801	 +0.4047
+25.4158	 +3.4648	 +5.1055	 +3.2781	 -2.4114	 -0.5124
-18.2763	 -2.3828	 -6.3963	 -3.1614	 -0.1052	 +0.4840
 -0.0950	 -1.2733	 -8.5284	 -4.1584	 +0.6121	 -2.5840
 -4.8300	 +2.2472	 +0.3658	 -0.8732	 +5.6371	 -2.7582
 +5.5661	 +9.3385	 +2.4493	 +2.3092	 -1.1788	 +1.1521
 -4.4062	 -7.2511	-10.7326	 -2.3577	 -0.6186	 -0.6111
-82.8623	-169.5821	+25.2179	 +1.1388	 +0.0923	 -0.1106
-10.1985	 -7.7979	-11.2296	 +0.8255	 -0.4687	 +1.1141
 -1.0833	 +9.0144	 -4.1225	 +3.6635	 -1.6039	 -1.5685
 -5.2839	 -2.3598	 -2.9015	 -0.1206	 -4.6074	 -1.2310
+11.5285	-14.0546	+16.0660	 +1.7696	 -0.1183	 -1.2506
 -0.9553	 +0.8333	+24.8044	 +2.2480	 +0.4149	 +0.7411
 -0.4545	 +4.1182	 -3.5849	 +0.7980	 -2.3398	 -2.3718
 +1.2381	 +2.7267	 +9.1793	 +2.1503	 -1.5044	 +0.5085
 +3.8994	-25.9149	 +1.6531	 +2.2566	 -0.0032	 -3.4461
-11.0172	 +0.5509	 -4.1694	 +2.6727	 -1.9536	 -0.8651
 -0.9406	 +3.3376	 +1.5017	 +1.2292	 +1.1300	 -1.3572
 -9.6249	+14.5620	 -7.1108	 +0.7252	 -0.8403	 -1.7486
 -7.6213	+13.4250	 +6.6637	 +0.2873	 -1.3948	 -1.7646
 +2.4399	 +2.3468	 -1.8804	 -5.2847	 +0.2358	 -0.0339
 -1.1707	 -4.9515	 -9.8777	 +3.3552	 -0.8618	 -1.8739
 -7.3571	+24.7776	+14.3143	 -0.1567	 -1.3080	 +1.7444
-16.9949	 +0.7902	 +0.8944	 -1.4919	 +1.6573	 -1.1765
 +0.1469	 -3.4815	+10.5651	 -1.5175	 -1.1120	 +3.0898
 +0.5812	 +7.1906	 -1.7290	 -0.5859	 -5.8326	 +4.7882
 +2.6125	-10.6696	+17.3028	 +0.2745	 +1.8351	 -4.2386
 -5.2161	+12.1235	 -5.0406	 -4.5419	 +2.2485	 +3.3091
 -4.2751	 -5.4816	-20.0732	 +1.3726	 +0.1142	 -2.4650
 -7.3634	 -4.2669	-11.4348	 +1.4349	 +0.7888	 +2.3866
 -9.1612	 -3.1250	 +3.4816	 +4.1443	 -3.1074	 -1.2569
 -7.2932	 +4.4730	 +0.1590	 +0.5343	 +0.0918	 -7.1680
-37.3125	+36.1059	-74.1816	 +1.2319	 +1.7463	 +0.3769
-15.7571	 -4.3463	 -5.3815	 +0.9612	 -1.7945	 -0.1450
-13.5632	+11.4536	 -3.0288	 -2.6649	 +1.9055	 -0.3518
 -0.9718	 +3.4940	 -3.4768	 +1.4461	 -5.1686	 +4.4200
 -8.0293	 +5.2575	 -1.9949	 +5.8994	 -0.2145	 +1.3006
 +1.3613	 -7.7944	 -9.5379	 +2.2263	 -1.2281	 -2.2052
 -1.6846	 -1.5457	 +0.6949	 +0.6625	 +1.8024	 +3.1157
 +2.1368	+10.1978	 -9.5001	 +0.1701	 +4.1616	 +4.4324
 +1.6564	 -4.8578	 -3.0806	 -4.0786	 -3.8250	 -2.9845
 -2.5006	 +3.4965	 -6.5082	 -1.6893	 +0.5436	 +0.6777
 +3.1274	 -0.6064	 -8.6475	 +2.5239	 -0.3814	 +1.5304
 +5.6421	 +4.0807	-20.6317	 -2.4216	 -1.9095	 +3.2296
+19.9596	+34.9105	+76.3920	 -1.1854	 -0.7772	 +0.6830
-10.4876	-12.9058	 -4.8386	 +1.1236	 +0.1883	 +4.3528
+16.7944	 +1.7545	+17.4092	 +0.5722	 +1.4530	 -1.4835
 +3.2844	 +2.1553	 -0.4111	 +0.7576	 +1.4424	 +2.3647
 -5.4480	 -7.9478	-12.3310	 -2.9952	 -0.5675	 -2.2043
+61.0466	+29.3197	+39.2975	 -1.0876	 +0.0048	 +0.4178
 -3.3498	 +1.3768	 +2.4464	 +1.3132	 -4.3428	 +1.8123
 -0.7684	 -6.1473	-11.9167	 +0.5035	 +3.0523	 -1.0542
 +8.3716	 +8.3810	 -6.1467	 +3.0199	 +0.2110	 +3.0230
 -5.8771	 +4.0760	 -3.7214	 +3.8388	 -1.8136	 -1.0147
-24.9828	 -0.1735	+21.9013	 +2.9334	 -1.3357	 +0.6714
 -1.8808	 +8.1229	 -2.4476	 +0.4845	 -4.2193	 +2.1158
 +0.5256	+11.1813	-13.9175	 -1.2765	 -1.6294	 +1.6778
 +6.8059	+22.2009	 -3.0572	 -0.5600	 +0.5253	 -0.2858
 +7.1927	 -1.9270	 +3.8054	 +1.0283	 -0.0480	 -6.4450
 +1.8909	 -7.2321	-15.5404	 +1.5127	 +3.1202	 -0.6718
+18.6123	-12.3005	 -4.7181	 +1.6559	 +0.8010	 -0.3963
 -7.7602	 +8.1058	-11.7748	 -0.2713	 +1.8696	 -0.9872
-21.0982	 -7.7863	-18.3639	 -1.4447	 +2.0102	 -2.2094
 +0.2967	+11.4838	-14.0662	 +0.7698	 +0.4041	 -1.1047
-11.3415	+33.2606	-20.0458	 -1.6671	 +2.1010	 +1.6413
 +1.6354	 -3.5959	 +6.7937	 +0.4963	 +2.3231	 -2.5272
-16.9393	 -4.1731	 +3.3028	 +1.3007	 -0.7256	 -2.2553
 -0.8431	 +1.0150	 -7.9446	 -3.1833	 -2.9532	 +2.5655
 +1.6977	 +5.5900	 +8.6866	 -0.0508	 +4.8576	 -1.2603
 +7.4647	 +5.9881	+10.3150	 -1.6840	 +3.4353	 +1.9781
 +1.4361	 +0.1280	 -2.4737	 -2.5044	 +1.7773	 +2.2721
 +5.7436	+12.2692	 -9.2280	 +0.8931	 +0.4456	 +1.4989
 +0.5403	 -4.7340	-16.7585	 -3.2713	 -2.6553	 +2.1516
 +2.2190	+12.7820	 +3.0784	 -1.3133	 -0.8142	 -0.5929
 -5.5508	 -4.8020	 -7.6377	 +2.9368	 -2.9831	 +1.9841
 +0.8787	 -5.2504	 -0.9492	 -0.2625	 +1.3423	 +2.6728
-24.5761	 -7.8291	 -7.3394	 -0.7364	 -2.1708	 +3.6686
 +3.8763	 +2.5410	 -5.5917	 -2.7152	 -1.9825	 +1.7025
+32.7873	+11.2685	 +5.6144	 +0.2029	 -0.1644	 -0.0876
 -6.9307	 -9.2818	 -5.9863	 -0.2554	 +1.7345	 -2.4440
 -9.8519	 -2.5516	-11.6252	 +1.0225	 +3.1324	 -0.5495
 -5.8950	 +9.6976	 +2.3062	 +2.4325	 -3.8456	 -2.5617
 -1.8993	 -1.5243	 -5.0760	 +0.0454	 -1.5902	 -1.8437
 -0.2639	 +2.4804	-18.9265	 +3.5578	 -1.4840	 +0.0990
 -0.7033	 +0.1630	 +0.5259	 -1.9912	 +4.6393	 -1.7430
 +6.2889	 -3.4480	 +4.3855	 +0.8389	 -1.2859	 -1.1206
 -4.6206	 -3.1171	 +7.6424	 +0.2012	 -0.2149	 +1.1362
 -0.7454	-13.7935	 -2.3490	 -5.5613	 -0.2783	 -0.1820
-81.6247	+43.0072	+29.4155	 +0.4650	 -0.0827	 +0.4893
+15.9567	+13.5180	 -5.3293	 +0.6752	 -0.8719	 -2.7201
 +9.1725	 +1.2253	 +7.2729	 -0.6804	 -2.0583	 -0.1609
 -2.4976	 -6.8423	 +2.4117	 +3.8042	 -1.6461	 -2.9109
 -0.3297	 +3.9836	 -6.8365	 -2.1598	 -0.9629	 +1.5306
+12.5965	 -6.8913	 -4.0646	 +4.3318	 -0.5784	 +1.3474
 -0.1243	+23.9384	-38.7900	 +0.9588	 +0.7274	 -0.0459
 -5.1172	-16.4173	+17.5728	 +2.1738	 +1.9683	 +1.2897
 -2.0078	 -4.8651	 -3.2242	 -3.5662	 +0.4026	 -2.5809
 +0.7934	 -2.1158	 -8.9939	 -1.3755	 -2.7523	 +4.6175
 -5.3854	 -2.7235	 -1.7816	 +0.1664	 +0.5075	 -3.4114
 -0.6727	 +0.1714	 +2.6382	 +4.1714	 -0.5759	 -0.6048
-12.7613	 +8.3859	 -3.9800	 +2.5306	 +0.1278	 +3.5997
+13.7232	 +3.2693	 -5.3661	 -0.7982	 -2.0294	 +1.5818
 -2.6069	 -2.0295	 -6.8633	 +0.6597	 -0.8070	 +2.9212
 +7.7104	 -0.6609	+15.8281	 -4.1912	 -2.9474	 -0.6203
+17.6579	-17.3302	 -6.1673	 -0.8303	 -0.9613	 +2.1283
 +4.8520	 +2.0486	 -9.7216	 +0.6701	 +2.5269	 +3.0861
 +5.9159	 -7.2039	 -6.9112	 -1.8427	 +2.6742	 +1.4600
 +9.0910	 -2.4612	 -1.9904	 -5.0495	 -0.1601	 -0.4486
 +0.0847	 -4.4506	-20.4474	 -2.3227	 +0.3633	 -0.9628
 -5.3196	 +7.2306	 -2.9745	 +1.7362	 +4.5075	 +1.5662
-12.5054	 -9.1966	 -6.0970	 -0.4012	 +3.9618	 -0.9588
 -2.7727	 -6.5477	 +1.6281	 +0.3903	 +0.7203	 +3.6584
-12.3867	 +6.0148	 -2.1046	 -3.4500	 -1.7681	 +2.6501
 +1.5352	-18.7129	 +0.9815	 -4.1100	 -0.1449	 +1.4028
-28.6740	-12.5803	-11.9144	 +1.9443	 +1.2716	 -3.1749
 +6.1449	 -1.5731	 -4.4233	 -1.9529	 +1.2935	 -4.3652
 -5.9558	-16.4641	-20.2219	 -1.6666	 -2.9736	 -1.7787
+12.4023	+13.5080	 +1.1012	 +0.5132	 -0.8457	 +2.2821
 +5.5071	+13.4603	 +1.5536	 -3.6555	 +1.6327	 -1.5907
 +0.3475	 -0.2200	 +3.8693	 +4.2450	 +3.6729	 -0.9435
-38.9210	+29.0410	+37.3579	 +0.5111	 +0.1416	 -0.3028
+24.0976	 -2.0634	 -8.6229	 -0.6558	 -0.3011	 -1.7107
 -5.7470	 +3.4829	 -2.1991	 +3.6168	 +0.4219	 -3.1212
 -8.8071	 +0.9907	+12.1363	 -0.1281	 -3.4292	 -0.7283
 -2.4087	 -6.6221	 -2.6052	 +2.9015	 +2.2676	 -3.7761
 +7.1066	+17.3314	+15.0222	 +1.2244	 -0.2943	 +0.0171
+30.2552	 -1.0105	-11.8172	 -2.7163	 -0.8541	 +0.9159
 -3.9664	 -7.8462	 -1.0827	 +0.6336	 -1.5296	 +1.2527
 -8.5654	 +3.0796	 -2.0733	 -0.5379	 -3.7285	 -4.7219
-12.1286	-12.7135	 -8.8995	 -0.7954	 +0.0064	 -2.8062
 +4.8470	-15.3427	-14.8452	 +0.6198	 +1.3197	 +3.8123
 +1.8328	 -9.7633	 +4.2498	 -0.6831	 -2.5925	 -0.0115
-12.5648	 +2.2802	 -8.9869	 +0.3605	 +0.6967	 +2.0597
-89.8848	-30.8877	+73.9900	 +1.5602	 +0.2222	 -1.3756
 +7.1616	-14.3529	 +2.5071	 -1.8302	 +0.0109	 +2.9694
 +1.1715	-12.7230	+34.1510	 -1.4793	 +3.4122	 +2.0191
 +7.4976	-16.0888	-17.3355	 -0.2083	 +2.8681	 -0.5572
 +4.6944	 +1.4463	 +1.2236	 +0.9378	 +0.9338	 +0.5200
 +1.7347	 +1.7838	 -1.7598	 -3.4915	 +3.5167	 +3.4080
 +0.6582	-10.6617	 +3.2820	 -3.2878	 +1.5971	 +1.9610
-13.3188	 +7.2452	 -5.2639	 -1.9336	 -0.5974	 -0.6901
 -0.8329	 +4.2381	 +4.2788	 +2.3025	 -2.9867	 +2.5176
 +0.2159	 +5.7678	 -4.2892	 +5.7805	 +0.2527	 -2.1884
 -3.4217	 +5.4761	 -3.4530	 -3.4187	 +4.8177	 +4.0752
 -5.0774	 -1.2029	 +1.5033	 -1.4461	 -1.5208	 +3.3473
 -7.2076	 -1.5519	 -1.6327	 +5.9461	 +1.4525	 -1.2978
 -1.8688	 -6.8263	 -1.6755	 +0.3096	 +4.6523	 -2.8609
-14.2694	-16.1909	-27.8865	 -0.5816	 -0.8347	 -2.1700
 -0.5119	 +1.0688	 -4.1716	 +3.0435	 -1.8060	 -0.5897
-11.5719	-14.6411	-25.2881	 +0.8447	 +1.1379	 -0.8522
-52.5214	+15.4674	+42.0914	 +1.6800	 -0.9850	 -1.2224
-44.4041	-21.8950	+12.8683	 +2.1340	 +1.4870	 -0.8336
 +3.3544	 +7.3218	 -7.2063	 +0.0281	 -1.7256	 -4.9316
 -0.9395	 +1.8789	 -2.8836	 -1.5154	 +1.4356	 -3.3222
-71.8991	-124.5147	+118.3641	 +0.7039	 +0.1267	 -0.1524
 -3.1432	-19.8266	 -4.1553	 +2.1736	 +0.1139	 -0.4071
 -6.7326	-10.5150	-10.2154	 +2.6197	 -1.7232	 +3.1425
 +1.9245	 +5.1886	 -5.5368	 +0.3313	 +1.0266	 -1.6960
-26.5284	-27.7969	-22.0501	 +2.9597	 +0.2543	 -0.6168
 +8.4483	 -3.3556	 +3.2920	 +4.1733	 -0.3128	 +0.6591
 -4.9123	 -1.5368	+12.4134	 -0.2273	 +1.3083	 +2.7327
+18.0997	-10.3404	+44.7343	 +0.9660	 +2.7714	 +0.4267
 +7.1333	 -3.8141	 -0.5112	 +1.8682	 -0.4506	 +3.9252
 +4.4113	 +6.3493	 -9.8716	 +2.8717	 -0.2372	 -0.6651
 -4.7592	-10.0454	+15.4955	 -1.2444	 -1.0537	 +3.8176
+10.9440	-17.0006	 +5.0506	 +0.9349	 -0.5289	 -3.4816
-26.3340	 +5.9947	+27.0807	 -0.2948	 -1.0987	 -0.4033
-10.7289	-13.4316	 -0.3984	 -3.2616	 +0.2673	 -2.9476
 -2.7012	 +1.8310	 +4.0096	 -1.6968	 +0.8183	 -0.3102
+16.0715	 -6.8265	 -2.9244	 -0.5373	 -1.9166	 -0.9105
 +0.9263	 +3.0585	+13.3997	 -1.3250	 +1.2290	 +0.6710
 -5.1224	 -4.9461	 -5.1195	 +2.7472	 +3.9213	 +4.7807
 -1.5303	+10.4481	 +8.9495	 -1.2857	 -0.5548	 +2.0848
-13.9066	 -2.0095	 +5.6753	 +1.9564	 +2.0525	 -3.5721
 +3.5046	 -6.6016	 +4.3038	 +2.0564	 +3.4993	 +2.8022
+10.8004	 -2.4373	 +6.7358	 -1.9602	 -0.8788	 -0.2641
-26.4834	+15.4532	 -3.0219	 +2.4491	 -0.5356	 -1.9144
 +0.9542	 +6.5156	 +1.3534	 +1.2851	 -1.1408	 -2.8561
 +3.1970	 +4.4634	 +4.9770	 +0.4651	 +1.4047	 -5.1791
 -7.0603	 -5.0499	 +2.4188	 -2.4034	 -2.1988	 -4.1163
-12.1678	-11.3590	-17.3415	 +0.9883	 -0.7998	 -0.7247
-26.1049	+25.6386	-68.1810	 +0.6035	 -1.6067	 +1.1339
 -6.7305	+23.2964	 +4.8741	 -2.1970	 -2.0007	 +1.3201
-30.2722	+70.0125	-49.7516	 -2.0198	 -0.9833	 +0.4007
 +7.3639	 +3.5102	 -0.3513	 +1.5566	 +4.2019	 -0.2898
 +5.7953	 +2.3006	 +5.4335	 +1.9918	 +4.7854	 -1.8055
 -4.8233	+22.2291	 +9.3139	 -0.7344	 -1.1359	 +0.9055
 +7.3291	 -2.2475	-22.7659	 -0.5637	 -1.4202	 -2.5929
 +4.5070	 -3.5773	 +8.4930	 +3.6534	 +1.6543	 -3.4198
 -7.5438	 -8.8191	-18.4027	 -1.5446	 +0.9474	 +0.2833
 -7.2938	 +3.7388	 +6.2306	 -2.4886	 -0.8554	 +0.1547
 -4.7516	 +1.6728	 -7.4135	 +1.6239	 -1.0941	 +0.7119
 -7.2273	-15.9959	-13.8408	 -0.0615	 -1.6550	 +1.4107
+10.6480	 +0.9739	 -4.5369	 +1.4212	 -3.0618	 +1.9270
-10.7723	 -5.1545	+12.9453	 +1.3982	 -1.7551	 +0.3297
-20.9245	-10.1803	 +0.7174	 -1.3996	 -1.8597	 -2.0556
-15.9216	 -6.2955	 +5.7622	 -1.5582	 +4.8375	 +0.3217
 +4.9826	 -4.3827	 +9.4022	 +1.1342	 +0.6913	 -2.7900
 +3.9667	 +2.0141	 -3.3692	 -0.7442	 -2.2158	 -4.8639
 -7.5583	 +2.4537	 -4.1787	 -0.8203	 -5.9041	 -0.2350
 +7.2725	 +0.3344	 -7.5847	 -1.7921	 -4.1079	 -1.4829
-140.3840	-171.3924	+114.7012	 +0.4041	 +0.9225	 +0.0637
-12.3972	+15.1058	 -5.4401	 -1.0739	 -0.6844	 +1.4488
-19.0570	+26.4175	+41.4782	 -0.0693	 -2.7443	 -0.9558
-11.2427	 -1.4329	+18.2201	 -0.5953	 +0.8912	 +1.0832
 +7.7236	+73.8954	-79.4492	 +0.0528	 -0.2018	 +0.5542
 -6.0625	-21.3082	 +5.2688	 -0.4027	 +0.7836	 +2.2798
 +6.5649	 -0.9782	 -8.7615	 +1.7994	 -1.1964	 +1.5190
 +1.4551	+18.5773	-19.8217	 +1.9470	 -2.0354	 +1.7165
+16.5054	+11.9351	 -5.1629	 +3.7555	 +0.8419	 -1.5004
-19.3112	 +7.8616	 -7.3893	 +0.8577	 +3.2077	 -0.1170
 -1.3746	 -8.4493	 +0.3789	 +3.9602	 -0.4894	 -1.4492
 +0.0263	 -0.0163	 +3.8250	 +0.3268	 +3.5586	 -4.1165
 +5.6106	 -0.5787	 -3.4181	 -1.2257	 -0.3372	 -2.0199
 -1.1390	 +0.2021	 -4.4805	 -1.7230	 +3.1706	 +3.8887
-22.1629	 +1.9660	 -5.1530	 +1.3266	 -1.9691	 -0.3894
-17.6891	+15.0932	 -2.5183	 +0.2106	 -1.0271	 -1.0414
 -6.2419	 +0.9597	 -0.6853	 +5.0439	 -5.5922	 -0.9594
 +2.9862	 +3.8755	-32.3063	 +0.2933	 +0.5979	 +0.4135
 +5.1476	+11.9460	 -8.4651	 -3.3788	 -1.3852	 -2.4701
 +3.5897	+16.1492	 -8.4759	 +0.6606	 -0.6352	 +3.6726
-10.6049	 -3.7884	+15.0445	 -0.6773	 +0.6962	 +1.4371
-28.5775	 -2.7096	+19.0023	 -0.8882	 +1.1086	 +1.8177
 -3.7371	 +3.6387	 -5.8538	 -3.7319	 -2.1782	 +0.9277
 +7.1697	 -9.1806	 +6.2366	 -2.6271	 -0.5545	 -2.6837
 -1.1839	 -5.7767	 -1.4475	 +0.7810	 +4.0862	 -0.5077
 -4.4141	 +7.4040	 -4.2245	 -0.5814	 -1.6324	 -4.2191
 +1.5838	 -7.9023	 +3.0310	 +0.7556	 +4.8905	 -3.1656
-16.6088	 -4.3422	 -7.3886	 -0.9770	 -3.0659	 -1.1852
 -3.6501	 -4.3888	 -7.6187	 -4.1147	 +3.1486	 +0.3835
+15.8579	 -3.2530	 -7.2901	 +1.8609	 +0.3056	 -1.9680
-17.0575	 +7.7601	 -4.3863	 +1.2971	 -1.4263	 +0.1593
 -6.5405	 +0.7223	 -0.5053	 +0.7993	 -4.7653	 -3.8418
 +8.6353	 -6.5517	 +3.0684	 +4.0198	 +2.2226	 -1.3902
 -3.8737	 -8.2813	-10.4330	 +0.4246	 -2.8812	 -2.0504
 -3.6889	 -6.6422	 -4.3427	 +0.8126	 -2.7824	 -4.0539
+10.2731	+23.2120	+17.8925	 +0.0187	 -1.1290	 -2.8525
+10.0645	 +6.4225	 -6.9028	 +0.6269	 +1.7401	 -0.8544
 -0.5975	-11.1815	 +1.8033	 +3.2115	 -2.2634	 +1.2292
+36.4742	 -5.7968	 -8.6778	 +0.6444	 +1.2349	 -2.2841
 +7.1451	 -4.3868	 +2.2830	 -1.3571	 -1.5001	 -2.9718
 -0.3454	 -0.8692	 -2.0091	 +3.2821	 +2.0117	 +2.9755
 +5.5603	 +7.0092	-12.8518	 -1.9421	 -1.3562	 +1.7387
 +3.0690	 -1.0647	 +0.7461	 +4.9683	 +0.3960	 -0.4878
 -4.4950	 -3.9552	 +2.1239	 +5.6002	 -1.9118	 +4.1871
 -2.5614	 -8.8746	 -2.3333	 -1.4658	 +3.6809	 +3.7714
 -5.3498	 -2.0501	 +5.7470	 -6.3069	 +2.2387	 +1.2014
 -2.1745	 +1.3542	 +3.5377	 +1.1727	 +0.4271	 +1.7600
 -1.5401	 -0.2263	 -5.3641	 +1.3900	 -0.5266	 -2.0498
 -5.1530	 -5.1405	 +1.7211	 -4.3506	 -2.4647	 +4.5924
 -0.6785	+43.9220	 -9.9495	 +1.9933	 -0.0703	 +0.3385
 -2.5468	 -2.2737	 +2.1312	 -2.7051	 +1.2189	 +1.8586
 +5.5092	 -6.8740	-21.1757	 +1.8826	 +0.7737	 +1.9313
 -8.1743	-21.3273	 -8.8815	 +2.1469	 -0.4781	 -2.9088
 -7.5721	 +2.2092	 -0.4370	 -3.6844	 +4.6402	 +0.9770
-10.4550	-16.2226	 +1.4356	 -1.1362	 +3.2447	 +0.3178
 -4.7624	 +3.0348	-10.7735	 +0.8000	 -0.9832	 +2.3488
 -8.6054	 -1.2920	+13.8787	 -0.9677	 -1.4571	 -3.0686
 +1.2113	 +9.1836	 +0.8056	 +0.5791	 -2.4131	 +4.7623
 -1.7298	-14.3402	 -0.3382	 +4.6335	 -1.7928	 -1.7268
 -6.8545	 +0.4425	+10.5671	 -3.1215	 -0.6505	 +3.3330
 +4.0049	 +4.5376	 -5.2943	 -2.2674	 -0.5195	 -0.4522
 +8.3618	 +1.2466	+38.4402	 -1.1174	 -0.6998	 -1.0893
 +3.8480	 +1.5221	 +0.8422	 -3.1802	 -0.6637	 +1.1895
 -8.8476	 -0.0330	-10.5653	 +0.2917	 -3.2992	 -0.7636
 +8.4775	-12.3955	 -0.8087	 -0.5405	 -4.2332	 -2.3376
 +3.1085	 -1.5925	 -4.0731	 +3.0740	 -3.7172	 -0.3235
 +0.2955	 -9.5147	 -4.7630	 +2.4971	 +1.1070	 +4.7489
-11.8491	 -5.5091	 -8.4003	 +3.6876	 -1.2706	 -1.7263
 -3.2139	 -5.9432	 -1.6048	 +1.2418	 +1.3728	 -3.1611
-62.6310	-15.7790	-24.9734	 +0.1804	 +0.3743	 +0.2383
 -0.0465	 +1.1033	 -7.5745	 -0.4405	 +3.2731	 -2.0263
 -7.8996	 +2.1835	-12.9952	 +2.0272	 +0.0145	 -1.7469
-10.0859	 +4.7448	 -2.6687	 +1.0836	 +1.6707	 -1.8938
