# Num Particles: 1000
# Num Cores: 1
# Total Energy: -2.273336e+04
# Iterations: 531 of 1000
# Current Time: 2018-05-06 01:22:48.656613
# Elapsed Time: 8:08:52.896081
# Avg. Step Time: 0:00:55.240859
# 
# x	y	z	vx	vy	vz
# 
 +6.4966	 +3.2458	 +0.2185	 +1.0140	 +0.3004	 +0.0741
 +3.9323	 -0.7612	 -0.0618	 -2.2414	 +6.2413	 +2.6651
 -8.0474	 -9.0628	 +4.9368	 -0.3765	 +0.9099	 -2.7774
-31.5860	+19.1823	 +4.6900	 -1.0770	 -1.8224	 +1.1348
 +3.4250	-16.9211	 -3.1324	 +1.4882	 +2.2758	 +0.9582
 +6.3347	 +1.9246	 -6.4576	 +0.4632	 -0.4372	 +4.8075
 +3.9107	-13.8652	-10.2447	 -2.8441	 +1.9187	 +0.4863
 -5.3037	 -0.8066	 -1.6343	 -4.1763	 -4.2384	 +2.2192
-16.1254	-24.9982	-11.0119	 +2.6405	 +2.8007	 +0.2719
-25.3105	+16.6793	 +3.6297	 -1.7355	 -1.9020	 +0.1684
-10.5008	+13.3408	+12.5473	 +3.5086	 -0.1455	 -1.9371
 +2.2359	 +3.8609	 -5.6133	 +2.2378	 -1.1393	 +0.5412
-11.0920	 +8.4471	-10.8783	 -2.0868	 +0.4941	 +1.3277
+17.7732	+15.7784	-30.4414	 -2.0690	 +0.5361	 -0.2412
 +1.6537	 +2.0324	 -3.1604	 -2.7703	 +2.1614	 +0.7725
+10.3762	 -5.4102	 -8.2959	 -2.9648	 -1.4912	 -0.7492
 -2.4425	-12.7562	 +8.1137	 +2.6372	 +0.1165	 +2.4621
 -9.6383	 +2.9331	-17.1727	 -0.2859	 +0.5396	 +2.1958
 +1.7964	 -5.9608	 -3.3269	 -3.4099	 +2.7300	 -3.4209
+98.4314	-32.5156	+79.3198	 -1.4555	 -0.8117	 +0.1334
 +7.9475	 +8.5341	 -3.1136	 +0.9076	 +1.7692	 +2.5043
 +0.8088	 -9.9050	 +3.6867	 +0.5856	 +1.0722	 +2.1381
 -6.7834	 +2.3932	 +5.6316	 -1.9942	 -2.4103	 +1.8848
 -8.4814	 +2.1395	+10.9067	 +0.4356	 +1.3811	 -0.5146
 +2.6260	 +3.0071	 -3.0269	 -3.9431	 -3.0045	 +2.4188
-43.1289	+30.0011	 -5.9097	 -1.3571	 +1.8096	 -1.2549
 -3.7402	-11.1845	 -5.1997	 +0.6444	 +0.8288	 +1.6740
-13.7834	 -0.0409	 +1.8447	 -3.4185	 +2.7693	 -2.8778
+14.9753	 -2.8769	 -5.0844	 -1.0671	 -3.7106	 -2.4551
 +3.5627	 -0.0769	 -1.3387	 +5.1412	 +6.1656	 +1.2270
+16.3718	 -7.2987	-13.0079	 +3.2017	 +0.5995	 -0.2702
-58.8697	+17.4653	 +8.2113	 -0.2422	 +1.8712	 +1.7761
-13.0684	 -0.6719	 +7.7579	 +0.0918	 +1.7133	 +4.2214
 -3.8799	 +5.7874	 -6.7240	 +0.5763	 +4.6470	 -2.3156
 -6.7127	 -5.3223	+21.0686	 +1.0698	 -0.1963	 -1.4567
 -9.2437	 -1.0155	 -3.8165	 -1.5709	 -0.4997	 -1.8199
 -4.3481	 -9.1319	 +3.4489	 -1.6076	 +2.5516	 +0.0045
+11.0659	 -8.8155	 -4.4763	 +0.3327	 -0.2282	 -3.3662
 -5.7493	+18.7982	 -7.1617	 -0.3740	 -3.9369	 +1.2277
 -1.5134	+10.7935	 +1.7126	 -0.9894	 -0.2548	 -2.0732
+20.0331	-25.2546	 +9.9132	 +0.8705	 -2.2279	 -0.3973
 -0.6468	 -4.5057	 +1.8634	 +1.5793	 -3.5681	 +3.3580
 -4.3286	+10.8994	 -0.5591	 +1.9156	 -0.0824	 +2.8599
 -3.8582	 -5.3561	 -5.0131	 +3.5013	 -0.1096	 -0.0110
 +5.5969	+18.1284	-13.9984	 +2.1728	 -1.9562	 +2.2180
 -9.0456	 -2.8316	 +5.1063	 -0.3309	 -0.1067	 -1.0778
 +6.6690	+14.6507	 -3.9300	 +0.9764	 +0.3849	 +2.7438
+31.5843	-10.8287	 -5.8517	 -1.4415	 -0.8853	 -1.5286
 +0.5108	 -0.0088	 -4.6495	 -3.9631	 -2.4138	 -1.1122
 +8.4114	 +8.3450	 +3.1186	 +1.5196	 -1.1924	 +1.3226
-28.0576	-55.0304	-29.8774	 +1.2912	 +0.5837	 +1.7761
 -4.5538	 -1.8541	-10.1796	 +0.9140	 +2.8936	 +0.8513
 +9.9652	 +5.0964	+21.4835	 -2.1521	 +3.0000	 +1.8266
 +6.3584	-11.5132	 +4.6422	 -1.1657	 -3.9797	 -2.0944
 +7.3702	 +6.5793	+60.9574	 +0.4040	 +2.1994	 +1.2856
-31.3126	 -3.5987	 -4.5897	 +0.3438	 +0.8680	 +0.0924
+20.3670	 +0.1255	 -1.4540	 -3.9283	 +0.7140	 -1.3322
 +2.0216	 -5.8402	 -9.8809	 +2.3579	 -1.7146	 -0.1569
 +4.5458	+11.9938	 +6.1673	 -0.5505	 +2.8527	 -1.0453
-15.6792	 -8.5028	 +5.5819	 -2.6152	 +4.0568	 -1.4951
-27.7874	 +4.9271	 -2.2630	 -1.0356	 +0.5089	 -2.5026
 -7.7415	+20.8951	-22.7828	 +0.4702	 +2.7308	 +0.5133
 -0.0081	+11.2210	 -1.5609	 -1.3969	 +1.8727	 +0.8450
 +1.0475	 -3.6895	+10.2632	 +1.2245	 +3.0353	 +1.5003
 -3.1062	 +0.1004	 +3.3572	 +1.3425	 +0.3043	 -3.1850
-12.0449	-10.7870	 -9.9932	 +0.5086	 +0.1380	 +1.5781
 +5.4439	 +3.2251	+14.0076	 -0.6258	 +0.8043	 -3.3220
-24.9348	-21.1077	+26.8737	 -1.7709	 -1.4166	 -0.5952
 -0.4241	 -5.6443	 -4.6180	 +0.6535	 +2.9382	 +5.4454
 +2.0360	 -8.0999	 +6.7261	 +1.2615	 -3.4059	 -1.1795
 -2.1494	 +3.0337	 -0.6527	 +1.8327	 +2.4060	 +1.8511
 +3.4416	 +3.0830	 +2.2261	 +3.0814	 +5.1499	 +0.7092
 +4.7989	 -0.8751	 -4.4517	 +3.3755	 -1.6984	 +2.2956
 -6.0735	+15.2379	-100.6551	 +1.9391	 -0.0245	 -1.2179
+23.3365	-17.9107	-10.1582	 -1.2347	 +2.5386	 +1.0222
-13.1979	-11.4610	 -0.4578	 +1.9105	 -3.5757	 +2.7987
 +3.9856	 +0.4445	 -1.3065	 +0.5109	 -3.7181	 +2.2762
-12.4380	-12.4649	 -1.1315	 -0.7374	 +1.1409	 -3.7961
 +6.4726	 -4.1047	 +8.0633	 -0.0580	 -3.4641	 +0.0319
+29.3356	 -4.8756	 -5.1934	 +0.6657	 +2.3020	 +0.2406
 -0.9468	 -2.0179	 -0.6079	 +0.4553	 -0.0407	 -2.5181
 +4.6629	+14.9656	 -9.5106	 -2.0616	 -0.7043	 +0.7320
 +1.6853	 -0.2606	 +9.9902	 -0.4502	 +0.2598	 -0.3899
-14.8237	+21.2634	+30.5502	 -0.5488	 -1.0868	 +2.5928
+20.9333	+14.2902	+13.6729	 +0.5181	 +1.2775	 +1.9601
 -9.0793	 -3.7300	 +0.2385	 -0.7129	 -3.9173	 -4.3966
-11.2976	 +1.0007	-11.0011	 +3.5102	 +1.4334	 -1.0406
 -4.4660	+24.7280	 +9.6660	 -0.5762	 +0.4270	 -0.6092
 +5.0263	-28.6918	 +1.1442	 +1.8679	 +0.8474	 -1.8760
 -5.5797	 +3.6057	 -4.0534	 -1.4808	 +4.9032	 -0.8234
 -3.5842	 +8.1041	 +8.6213	 +3.1632	 +0.1903	 +0.2721
 +0.1248	 -0.1752	 -3.6577	 -1.2680	 +1.0017	 -1.3993
-17.1492	-29.8950	-49.0845	 -0.5907	 -0.5670	 +0.0500
-15.4600	 -5.1205	+11.6300	 -2.4575	 -1.5894	 +1.9815
 -2.3859	 -5.1821	 -2.1028	 -3.0956	 -3.9488	 +0.8606
 +5.0966	 +3.4550	-14.0152	 -2.5410	 +2.3720	 -1.5994
 -9.2845	+29.4600	 -6.8523	 -0.1203	 -1.5129	 +2.7412
 -7.7228	 -3.7283	+16.5749	 -1.5152	 +0.0643	 -2.0207
 -4.7240	 -2.7324	 -5.1323	 +3.9075	 -4.7735	 -0.7093
 +4.1144	 -0.7639	-18.9684	 +3.3301	 +2.5542	 +2.4926
-12.0555	-15.3983	 -1.2593	 -3.2235	 +0.2416	 +0.7913
 +0.8611	 +0.0828	 -3.0316	 +4.6311	 +1.0996	 +4.3424
 +1.5442	 +0.5209	 -6.0005	 +2.5514	 +0.4516	 +2.4955
 +2.1366	+10.6947	 -6.2532	 +0.5828	 +1.7501	 +3.6163
 -2.0732	 -1.2061	 +1.7957	 +0.1222	 +0.3340	 -1.8420
+10.8999	 +9.2029	 +2.3275	 +1.9950	 +0.3673	 -2.7418
 +0.4265	-16.4183	+13.9941	 +3.4195	 +1.1668	 -2.5154
 -0.6142	 +5.3207	 -2.6438	 +3.8099	 +3.9678	 -0.6303
+29.0160	+18.3394	+14.8946	 +0.0666	 +1.3099	 -0.9814
 +6.4740	 -0.4626	-13.6079	 -0.6619	 -0.4099	 +1.6637
 +7.7302	+10.7224	 -5.0601	 +1.4236	 -1.2382	 +0.5121
+473.3257	+391.0552	-225.8704	 -0.2818	 +0.6712	 +0.3162
-139.4312	+104.5853	+201.9792	 -0.0960	 +1.1259	 +0.4194
+24.3762	 -7.9463	 +8.2566	 +1.9819	 -0.6964	 -1.0603
 -3.6256	 -4.4064	+15.7596	 -2.0902	 -1.1328	 -2.7157
 -2.3543	+10.1830	 -7.6216	 -0.8075	 -2.8938	 -2.8219
 +5.7956	 -9.7908	 -8.8384	 -2.0980	 -1.7713	 -0.5899
-66.2712	-14.8867	-13.8295	 +1.7277	 +0.2720	 -0.6924
 +0.5470	 +1.9790	 -4.6313	 +3.4169	 -1.1615	 +0.9704
+47.5670	-25.2553	-42.1546	 +0.2389	 -0.5647	 +0.5005
 -5.2007	 -1.0042	-11.8789	 +3.7414	 -2.4749	 +1.3558
 -4.4417	 +3.3897	 -2.8347	 +0.9714	 -3.0914	 -0.1389
 +6.0897	 +7.9763	 -7.4115	 -2.3230	 +0.9490	 -0.4073
-15.3511	 +0.3886	 -0.6486	 -0.1564	 +3.0856	 -0.4223
 +2.2875	 -1.2949	 -1.4507	 -1.7873	 +1.2770	 -2.4214
 -6.5213	 +5.2909	 -7.6656	 +0.3122	 -1.2101	 -2.5025
 -0.6463	 +0.4130	-11.1502	 +4.7509	 -0.2790	 +1.3329
 -1.0940	 -0.2853	 -0.1006	 +4.4831	 +0.7211	 -1.2998
 -6.3811	 +4.7221	 +3.4152	 +2.7516	 -0.8555	 +2.0812
 -2.6986	 -4.0109	 -8.3895	 -3.5261	 +4.1741	 +0.7678
+14.2445	+26.7494	-169.0017	 +0.0627	 -1.1715	 -1.2415
 +9.1731	 +7.3136	 -3.1622	 -2.1005	 +0.9147	 -2.7306
 -7.4096	 +7.7708	 -1.0626	 -2.1117	 -0.6359	 +3.1141
-12.3127	 +0.9915	 -2.2140	 +1.7511	 +2.1041	 -1.3768
 +0.6172	 -3.8070	 -1.1972	 +0.7592	 +2.8066	 +0.9891
-19.1326	+18.0897	-30.5478	 -0.0586	 -1.6744	 +1.4993
+14.1348	 +3.2977	 -5.8465	 +1.3863	 +3.4899	 +1.7527
+12.8548	-26.3457	+19.0994	 -1.7649	 -1.7213	 +0.2941
 +3.9649	 -8.3365	 -5.8076	 -1.0518	 +1.7365	 -2.2790
 -3.0649	 -1.9186	 +0.8866	 -4.2574	 +4.2338	 +3.7310
 +3.8297	 +2.3882	 +4.0598	 -0.7100	 +1.5638	 -4.1077
 -9.3432	 -6.9236	 +9.9968	 -3.8945	 +1.8077	 -1.2069
 -3.0390	 +1.5229	 -1.8931	 -1.3411	 -1.8734	 -2.2243
-21.0797	+15.1232	-35.9862	 +2.5364	 +2.0043	 +0.6734
+59.8753	 -3.4338	+19.4740	 +0.1387	 -1.9192	 -0.3571
 -3.3655	 -0.2310	 -7.3787	 -0.4045	 -1.4408	 +3.2529
-34.3811	-65.8933	+50.2094	 -1.2028	 +1.1603	 +0.8420
 -3.5375	+10.6194	 -0.7651	 -1.3749	 -2.8040	 +1.8602
+15.6565	 +0.5874	-17.2482	 -2.1431	 -1.6372	 -2.0423
+13.1930	 +8.9797	 -4.6325	 +1.1548	 +1.0039	 +0.3295
 +0.3941	 +7.0931	 -8.8290	 -1.3853	 -0.0469	 -4.7324
+12.9802	 +6.5421	 -7.3874	 -0.0821	 +2.3478	 -0.9312
-16.1598	 +8.4330	 -0.8240	 -1.1939	 +1.2177	 +0.3219
 +1.7229	 -3.4019	 -3.1972	 +2.9607	 -4.3899	 +3.1234
 +2.3254	-12.0710	 -6.6601	 -2.2064	 +0.3318	 +1.9980
 -7.5845	 +3.7645	 -1.7657	 +2.7602	 +0.0282	 +4.7720
+13.5093	 +2.6083	-19.3327	 +1.4853	 -1.4796	 +0.4875
 -5.9580	 +7.7375	+28.8899	 -2.8724	 +0.8097	 -0.8654
 +4.2682	 -6.9909	+11.0290	 +1.4784	 -0.8851	 +1.2231
 +4.1783	 -2.6823	 -2.1094	 -1.0168	 -0.7565	 +0.8150
 -9.3201	 +2.4873	 +5.5344	 -0.1807	 -1.9223	 +0.3624
 +7.1824	 -3.7415	 -5.4270	 +5.1474	 +1.5899	 -4.0197
-11.0968	 -1.5800	 +0.3778	 -0.1251	 -1.7005	 -0.1341
 +1.9852	 +9.0061	 +1.0906	 -4.2773	 -2.1534	 -1.1123
 +8.0699	 +1.7306	 +8.1419	 +2.0524	 +2.3038	 +0.0141
-16.0925	 -1.4802	 +3.6361	 -1.3663	 +0.9727	 -2.0420
 +3.0591	 +5.5901	 -7.2706	 -0.2716	 -0.1154	 +0.9393
 -7.9063	-11.5052	 +1.5708	 +3.3568	 -0.1550	 +4.2357
 -3.8998	 +0.2784	 +2.5629	 +2.9026	 -0.5229	 +0.3867
 +8.4336	 -6.3835	 -3.5690	 -1.1686	 +0.8731	 +3.6588
-10.2218	 -3.2775	-19.4302	 +2.1400	 -0.9185	 +0.7751
 -3.3538	 -0.2323	 -2.8464	 +0.3231	 +0.2919	 -2.5526
 -4.2311	 -0.8487	-20.9544	 +0.4324	 -0.3936	 -0.1639
+24.8780	-14.5573	+21.3385	 -1.3910	 -0.0286	 -1.1873
 +6.4968	 +0.8324	-16.5170	 +2.7879	 -1.7604	 -3.8113
+43.8947	+30.7239	-26.5343	 -2.3149	 +0.7487	 +0.0315
-21.4637	 -1.1830	 -9.0668	 +0.4480	 +2.9914	 -1.9796
 +1.6964	-10.3802	 -1.0314	 +1.8523	 +5.3805	 +2.0390
 -1.1270	 +1.4647	 +2.4275	 -1.3695	 +3.5337	 -1.8188
 -0.2241	 -4.3930	 -6.7127	 -0.0609	 +3.5145	 -0.5257
-12.3854	 +0.5278	 -3.9699	 +0.6451	 -2.1385	 +0.3627
 -6.6745	 +4.9000	 +1.8891	 -1.1145	 -3.2756	 +1.8906
 -3.7594	 -0.3331	 -6.1905	 -3.2800	 -0.6823	 -2.3114
+10.1889	+23.0442	-26.3468	 -1.2854	 +0.2615	 -0.4300
 +6.9341	+10.5518	-16.1867	 -1.9642	 +1.1428	 -2.7486
 -4.9186	 -0.5585	 -7.5176	 -1.4273	 +2.5831	 +1.2626
 -3.2728	 -1.9853	 +4.6425	 -0.9209	 -3.4014	 +1.1624
 -2.6729	 +1.5806	 +1.0256	 -0.3133	 -1.5881	 +0.9810
-18.2666	 -7.2316	 -9.3755	 -0.0613	 +1.3797	 -1.0716
 +2.7739	 +1.3140	 -2.1346	 +0.0542	 -2.6231	 +4.1657
 -8.8249	-24.2565	+10.8110	 -0.4911	 -1.4179	 +0.4228
 -2.2065	 +2.8048	 +3.1878	 -2.9999	 +0.0607	 +1.5976
 -7.8922	+20.3766	-38.0270	 -1.4631	 -1.3315	 -1.0430
 -1.2024	 +7.9012	 +8.3041	 -0.9865	 +1.6162	 -2.2865
 +1.1267	-10.2746	 -1.9601	 -1.4556	 -4.0334	 -2.0633
 -5.6830	 -0.1440	 -4.8120	 -0.7103	 -2.8033	 -0.6334
 -8.6169	+11.6829	 +0.8456	 -3.0629	 -0.9404	 -2.0102
+25.1311	-99.9617	-31.6849	 -1.3738	 +0.3483	 +1.0163
 -1.8925	+11.7282	 +7.5665	 +1.9415	 -1.6876	 +1.0471
 +7.8829	 +9.7927	 +1.6273	 +2.7477	 +1.1435	 +3.9914
-14.3014	-23.2388	 -6.0998	 -0.8065	 +0.8782	 +3.5105
+15.4104	 +9.5085	 -2.5207	 -3.8076	 +0.5036	 -1.7943
 -2.9685	 -8.5454	 +3.9195	 +1.6250	 -2.1302	 -1.7813
-13.4885	 +8.2527	 -1.1506	 +0.1143	 -0.9710	 +0.3078
 -2.1500	 -5.1038	 +4.3051	 +5.3543	 +1.5255	 -1.3609
 +3.2945	 -4.9832	 -4.2475	 -1.3303	 +2.0403	 -0.6254
 +4.2740	 +1.1798	 -5.5677	 +2.1405	 +0.0213	 -0.0534
-24.1943	+12.4447	 +7.8219	 -1.0416	 -2.4140	 +2.9458
 -4.5888	+52.6582	-29.9211	 -2.0536	 +0.4232	 +1.3907
 +7.0293	 -0.1648	 +5.3631	 -1.1036	 -1.2567	 +0.2814
 +7.1047	 -6.1947	 -4.2923	 -3.6855	 -2.1068	 +1.0841
 -7.4059	 +2.0593	 -6.7416	 +1.2573	 +4.9326	 -1.0050
 -8.4241	 +4.8586	 -4.4884	 -1.2591	 -1.7140	 +2.1160
-19.6219	 -0.7491	 -6.6477	 -3.1896	 -0.4904	 +0.7313
+15.5201	-10.7078	-22.0573	 -1.5910	 +0.5165	 +0.0071
+120.7274	 +5.7380	-40.2389	 +0.2019	 +0.1446	 +0.7248
+15.9972	 +4.2338	-22.6867	 -1.3774	 -2.3783	 -2.5933
 -1.2656	 +2.9158	 -5.0142	 -4.0834	 +2.0681	 -1.3692
-14.7763	 -3.4147	 -2.9565	 -2.3730	 +0.6736	 -2.3878
 -7.6066	 +6.5683	 -2.2321	 -0.3787	 +1.6788	 +0.3637
+27.9576	-31.0003	 -8.5999	 -1.4540	 +0.7280	 -0.4554
 +5.7257	+10.1103	 +1.9547	 -0.7135	 -0.8455	 -0.6131
-10.8747	 -1.3158	-10.0761	 +2.9033	 +2.4641	 -0.1619
 -4.9054	 +4.5141	 -8.7746	 -3.0562	 -0.6950	 +1.8493
 +2.5846	 -1.5656	-10.7947	 -0.9048	 +1.7293	 +3.2272
 -0.3530	 +1.7580	 -6.4418	 -2.2395	 +0.4871	 +0.4351
 +4.2166	 +4.7751	 +8.0835	 -1.2141	 +0.0053	 +1.8751
 -5.5907	 -8.6347	-11.3298	 -0.5662	 +0.5480	 +0.0114
 -7.0093	 -3.7490	 -5.8348	 -3.3172	 -0.3854	 -0.4936
 +0.1239	 -3.7892	 -5.4236	 +4.8891	 -1.7455	 -1.0294
 +4.2705	 -4.6367	 +0.6617	 +0.9628	 +0.1589	 +1.7191
 -0.6545	 -2.1753	 -2.4360	 -1.3317	 -3.8168	 +1.3167
 +4.2484	 +3.6840	 +3.4330	 -3.8647	 -1.7899	 +2.7546
 +5.6993	+12.6199	 +0.3769	 +2.0316	 +1.4874	 -0.4550
 -3.3601	 -0.2033	+10.4326	 +1.0923	 +3.5246	 +1.2851
 +3.9194	 +5.9914	-12.8006	 +1.9537	 -0.9412	 -3.5015
 +1.2049	-14.1633	 -8.3739	 -0.8672	 +1.6933	 -1.0764
 +7.3890	-20.0722	+16.1529	 +1.4997	 -1.7085	 -1.2613
 -1.5182	 +4.2292	 +3.9645	 -2.4739	 -2.7794	 +0.2378
 -1.0716	 +2.4531	 -4.7438	 -0.9371	 -0.8230	 +0.8588
-56.6316	 +0.7084	 +1.7465	 -1.3488	 -1.5422	 +0.4212
 -2.8243	 -3.7206	 -5.4640	 -1.4285	 +0.2692	 -4.1169
 +1.8015	+18.0766	 -7.3020	 -0.6978	 +1.1484	 -1.9270
+16.4012	-12.6347	 -1.3074	 -0.5189	 -0.0493	 +0.5250
 -0.8737	 -2.1501	 +2.5109	 +1.5649	 +4.0506	 -1.9138
 -7.3472	 +7.8350	 +2.8065	 +3.4342	 -1.6844	 -0.8484
-29.9778	 -4.0466	+38.5009	 +0.6373	 +1.1929	 -1.0466
-17.4466	 -0.5330	 +7.5225	 -1.7249	 -0.2570	 -0.5995
 -3.9363	 +6.8150	 -8.7580	 +1.8835	 +3.2989	 -2.0194
-31.1707	-28.9214	-16.4610	 +2.0807	 +0.8390	 +1.7946
 -9.1085	+27.3221	 +7.0135	 +2.6352	 +0.5294	 +0.1940
 +2.1223	-12.3075	 +2.8720	 +4.2016	 -0.3570	 +3.4782
 +3.3862	 -6.0510	 -3.2680	 -3.6680	 +1.6614	 -1.4460
+10.9259	 -8.9600	 +5.1869	 +0.8708	 +0.7240	 +1.4562
+1872.0797	-31.6795	+790.5122	 +0.2208	 -0.2337	 +0.0660
 +1.8950	 -2.7481	 -8.8308	 +2.1185	 -1.6716	 -1.2638
+10.2483	 +8.6025	 -0.5057	 -0.8892	 +2.8643	 +1.2441
 -6.8240	 +0.6184	+12.5123	 -0.7591	 -0.7124	 -0.8439
+17.6854	-14.2157	 -6.1943	 -2.6687	 +1.1049	 +2.0631
 +6.4638	+12.0446	 -2.2604	 +1.6278	 +1.2450	 -2.0135
-58.9676	-53.2808	-70.2760	 -0.8052	 -1.2444	 -0.1820
 +1.9921	 +6.5297	-10.8495	 -1.0810	 +3.6189	 +5.1744
 +7.8798	+12.7709	+12.1120	 -3.4473	 +1.2546	 -3.2141
+22.9193	-23.1284	+10.8391	 +0.2035	 +1.4628	 -0.0255
 +5.3502	 +0.9923	 +1.0325	 +2.5885	 +0.5677	 +0.6780
+17.5550	+11.9976	 -6.6257	 +0.0420	 -4.0275	 +0.9979
 -8.0830	+15.7365	 +0.9925	 +0.6873	 -2.7237	 -0.8402
 -0.0568	 -2.7016	 -2.9814	 -2.5853	 +4.2555	 +0.1190
 +2.7864	 +3.4762	 +0.3401	 +0.0548	 -3.9978	 -2.6902
 +2.3403	-15.8018	-15.0440	 +0.2860	 -2.4430	 +0.3046
 -0.3633	 -4.7047	 +2.6345	 +0.4753	 +1.1578	 -5.4014
 -1.8978	 +5.2002	 +0.9105	 -3.1111	 -0.6604	 +2.2164
 -0.4119	 +7.0877	 +8.3087	 -3.0410	 +1.1461	 +1.2110
+10.2925	 -9.3313	 -4.0144	 -0.0730	 +1.3389	 -3.0689
 +6.4720	 +4.7040	 +1.6283	 -1.1525	 -0.4739	 -0.8067
 +6.4559	+13.5150	-17.5140	 -3.6809	 -0.9568	 +2.3839
 +4.6673	 +1.8398	 +5.6516	 -0.4654	 -2.5151	 -1.3165
 -3.4841	 -4.7160	 +1.8780	 +2.4950	 +0.6244	 -0.9366
 +0.4213	+17.2883	 -8.5693	 +0.3920	 -1.3625	 -4.5935
 -9.4138	 +7.2990	 +7.1277	 -1.4679	 +0.3956	 +1.8004
 +8.1692	 +2.5661	 -4.1766	 +1.9876	 +1.4365	 -2.3834
 +5.1845	 -6.9620	 +0.9440	 +1.4953	 -2.6053	 -1.3387
 -8.9092	 -9.3696	 +0.4637	 +3.1298	 -0.7053	 +0.4242
 +4.7044	 -4.4134	 -2.5317	 -3.3956	 +3.7786	 -0.3401
 -0.5400	 -7.3693	 -9.1418	 +0.1803	 -2.2494	 -1.2286
 +6.5008	 +7.1414	 -6.0012	 +0.4508	 -0.8995	 -0.9407
-22.9141	 +8.5865	 -5.2181	 -0.4585	 -0.4819	 +2.9856
-28.4024	 -7.9500	 -6.3787	 +0.0155	 -0.3989	 -2.8159
 -2.5015	 +3.1126	 -1.1858	 +2.6107	 -2.9612	 -4.7147
-131.5661	-46.0032	+74.4102	 +0.7136	 -0.9346	 +0.6670
 +0.5491	 +2.6324	 -5.6256	 +1.0492	 +1.0912	 +0.3142
-12.5087	 +4.7510	 -6.2057	 +0.1602	 +3.1415	 -0.2185
+11.1336	 -6.8928	 -1.4226	 +2.6065	 +0.9681	 -3.2905
 +8.0184	 +2.5583	-16.0572	 +2.3509	 -1.5804	 -0.5599
-16.8757	+11.3904	-10.2585	 -0.0651	 -0.6887	 +1.8573
 -7.3381	+13.5209	 +0.6401	 -3.3870	 +0.6347	 -1.2634
 -1.3603	 -9.1799	 -8.5938	 +1.3505	 +0.5503	 +3.4469
-112.1775	-105.3470	+101.1168	 +0.4089	 -0.2463	 -0.1306
 -9.9300	+36.9008	+18.3622	 +2.2419	 +0.8055	 -1.8351
-24.9361	-23.7045	+15.9284	 -0.8421	 +1.2303	 +1.9415
-21.5272	 +7.8991	-32.6465	 +2.2638	 -0.5717	 -1.8430
-19.6160	-20.3180	 -9.1220	 -1.0861	 +1.6361	 -0.1994
 -1.7960	 +1.3131	 -5.5157	 -2.3558	 +1.2460	 +2.3839
 +1.1403	 -2.8617	 -3.4412	 +0.7213	 +1.3521	 -3.5447
+12.2420	 -1.7107	 -3.6857	 +1.9914	 -1.8063	 +1.0646
 -5.3664	 +4.6234	 -9.4521	 -2.0648	 +3.4619	 -1.9374
-18.0403	 -1.7732	 -3.5942	 +3.1415	 +1.1975	 -1.3341
 -7.4024	-18.4835	 +3.0268	 +2.9908	 -0.6466	 -1.9856
+18.0056	-91.9640	+15.9773	 -0.9984	 +1.3862	 -1.2124
-19.3407	 +5.4656	 +6.3966	 -0.6546	 -0.3824	 +0.5996
 +0.3566	 +5.7667	 +4.9645	 -0.7114	 +0.3044	 +1.1341
 +0.5868	 +1.9200	 -0.8962	 -2.0096	 +0.1208	 +0.6683
 -0.1109	 -1.7451	 +8.6627	 -0.4544	 +1.4981	 +3.5478
 -8.9745	 +7.2907	 -1.8138	 +0.9328	 -1.8014	 +2.4732
 -6.5246	 -1.6245	+13.1836	 +1.3220	 -3.2438	 -2.8767
 +1.7290	 -3.6256	 +8.4066	 -2.2107	 +0.1749	 -4.7069
 +7.4441	 +1.9569	-16.9251	 +1.4952	 -3.4462	 -4.1189
 +0.3133	 -4.4357	 +1.5359	 +1.4092	 +1.1806	 +0.8338
+10.6957	-11.8289	 +6.9643	 -1.4391	 -0.3440	 +0.1966
 +1.6747	 -2.9045	 -8.7328	 +1.0521	 +3.2919	 +0.1651
 -6.6467	 -0.2948	 +1.4116	 +0.0992	 -1.9359	 -0.8913
 -9.8495	 +4.0845	 +2.0703	 +3.5325	 +5.7560	 +1.4498
 -3.3700	 +7.1963	-20.7319	 +0.0856	 +2.2613	 -1.7618
 -0.3427	 -1.3512	 +5.0133	 +0.4939	 -0.2652	 +3.8081
 -3.6453	 +6.0808	 -2.9991	 -2.4261	 -1.3956	 +0.5814
 +4.5227	 +2.2828	 -0.4794	 +0.9085	 -4.5801	 -1.8711
-153.9006	-55.6343	+203.2667	 +0.5385	 -0.6764	 +0.2132
 -5.5152	 +3.6633	 -5.6067	 +0.1720	 +0.3398	 -1.1798
 +6.1168	 -5.5166	 +1.5924	 -2.4909	 +1.8559	 +1.7923
 -6.1114	 +0.5862	 +2.2344	 -4.5453	 -2.4660	 -1.6455
 +0.7273	+15.0360	 -2.7071	 -0.6621	 -0.2990	 +2.5893
 +0.9781	 -1.6593	-12.4270	 +0.3370	 -0.1815	 -1.0315
+27.4133	+45.8758	-10.0647	 -1.2023	 +1.2543	 -1.8898
 +4.5852	 -2.9702	-13.1534	 +0.6176	 -2.5177	 -2.4489
 +8.1071	 +2.8911	 -7.0827	 -2.2467	 +2.4090	 -3.3183
 +4.6055	 +3.8606	 -9.3779	 +3.1225	 -0.9103	 +4.9741
 -0.8014	 -4.4053	 -1.5633	 -1.1282	 -2.1782	 +4.4017
 +2.7560	 -0.9319	 -7.9471	 +2.4962	 +1.4941	 -0.3454
 -5.6618	 -6.4029	 -5.9078	 +1.6307	 -3.5337	 -2.4713
 -2.8196	 -1.4950	 +2.0293	 -0.3712	 -0.3428	 +2.5509
 +3.9404	 +0.7537	 -0.0910	 +3.5488	 +3.7110	 +3.1050
 -1.4735	 +1.9237	 -3.8795	 +0.0527	 +2.3853	 -5.2307
 -9.0872	 +0.2441	 +3.2381	 -4.2874	 +0.4751	 -3.3545
 +0.0858	 +0.2245	 -3.1948	 +2.0796	 -3.2545	 -1.5615
 +2.5656	 +4.0845	 +5.3548	 -0.5405	 +2.8728	 +0.1001
 -5.4561	 +1.6482	 +1.6053	 -1.5845	 -2.4440	 +3.1206
 -2.1323	 -1.0751	 +2.5322	 -0.4122	 +0.8385	 +1.5792
 -7.1135	 -5.8615	+29.4110	 +2.1879	 +2.1960	 +2.0318
 -1.5854	 +0.1959	 -4.7227	 +1.5497	 -0.4018	 +1.0427
 +0.2184	 -8.5180	 +1.8049	 -3.9214	 +2.4794	 +0.6483
 -3.4110	 +2.5173	 +4.4457	 +3.5782	 +3.0890	 +0.3234
 +6.3597	 +0.4574	 -8.2337	 +3.8321	 -2.2196	 -3.5868
 +2.8444	 +3.9346	 +0.5843	 -2.8347	 +2.7039	 -2.0635
+12.1431	-12.6527	 +5.1168	 -0.7594	 -0.1533	 +2.5208
 +3.3792	 -1.7748	 -3.4889	 +0.6277	 -5.6071	 +3.1204
-11.7220	+28.2362	-47.7303	 +0.7211	 -0.0371	 -0.6536
 +7.8272	 -6.9478	-47.1751	 -0.2350	 +1.1520	 +1.1900
 -0.8951	 +4.2049	 +2.4974	 -3.3401	 +0.4085	 +0.0632
-17.7036	-10.4593	-13.1673	 +1.1356	 -1.8344	 -0.0541
 -3.1018	 +0.1246	 -5.5897	 +2.7135	 -2.7823	 +0.5688
 +2.2370	 +8.7403	 -0.5216	 +4.3182	 +3.7684	 +1.4935
-12.9649	-67.0605	 -6.3912	 +1.3378	 +1.1555	 -0.6728
 -6.6092	 -9.3811	 -0.8808	 -0.0048	 +0.1423	 -3.8718
 +1.4720	-11.8785	 +5.7085	 -2.1173	 -1.8083	 +0.7895
 +4.8655	 +1.9771	-19.9864	 -4.0467	 +1.8830	 -1.7824
 +7.2489	 -3.2465	 +8.3647	 +0.9635	 -4.3585	 +3.6072
 +3.1922	 -1.5554	 -4.9883	 +0.4448	 -0.0071	 +6.3908
 +6.3293	 +3.5173	 -0.7523	 +2.9900	 -1.2515	 +3.7936
-13.2406	 +8.7509	 -1.1434	 +0.8919	 -0.5203	 -0.7182
 +4.9585	+12.0051	 +4.4524	 -1.0616	 -0.1101	 +1.3189
 -6.2005	 -4.2483	 +4.3384	 +2.6485	 -0.4167	 -0.5150
 -8.4485	-17.4119	 -0.4019	 +0.3448	 +2.6331	 +3.1914
 +6.3214	 +1.5299	 -3.8104	 -1.3299	 -1.5768	 -2.0346
 -3.1354	 -6.2534	 -5.9163	 -3.0625	 -3.7691	 -3.6763
-56.0119	 +1.4518	-15.1935	 +0.8346	 +1.2783	 -0.9353
 +0.6608	 +0.5882	 -6.0448	 -2.1480	 -1.5342	 -4.2881
 +4.4933	 +5.5979	 -2.0370	 -1.3700	 -1.3003	 +2.6658
 -3.8538	 +9.5342	 -0.7610	 -3.9082	 +0.8908	 +0.3632
 -0.6419	 -5.2822	 +0.5061	 -1.6991	 +2.4709	 +2.1005
+10.4987	 +7.0583	-17.2950	 +2.1233	 +2.2563	 +1.2565
 +2.3862	 +1.0215	 -7.2378	 -0.4635	 +3.4346	 +6.4861
 -2.7724	 +0.2333	+17.9814	 +1.9526	 -2.2222	 +1.5052
+13.0262	 -1.4839	 -9.7830	 +2.5383	 -0.7216	 +2.6622
+10.5677	 -9.1167	 -4.9128	 -1.9362	 -0.9257	 +1.0377
 -0.5010	-24.4255	-23.3890	 -0.6966	 +1.7603	 -0.2278
-13.6393	+16.9004	 +9.2486	 +0.1145	 -1.8657	 +1.6230
 +4.5041	 +1.4412	 -1.2228	 +0.0031	 -1.1160	 -2.7679
 -6.8741	 -9.8553	 -7.9048	 -0.3728	 +0.3901	 -3.1116
 -4.7937	-14.3575	+10.7140	 +0.8812	 +0.2916	 -0.5275
 +2.5039	-13.2435	 -5.0423	 +0.6256	 -2.0119	 +2.1766
 -9.7030	 +4.1964	-12.4119	 -1.0606	 -0.3165	 -2.5105
-15.6387	 -2.0844	 +1.0520	 -1.1311	 +0.0556	 +3.8106
 +1.2924	+12.0420	 +1.9243	 -0.1103	 -1.6475	 -1.9298
+35.8544	 +5.7539	 +7.3278	 -0.3159	 -0.2862	 +0.5377
-14.2290	+10.2312	 +7.7243	 +3.1863	 -1.4200	 +0.8339
 +1.2433	 +2.7562	 +3.8086	 +0.4931	 +2.2388	 -0.5702
 -0.0805	-29.7550	-25.9140	 -1.2333	 -1.3032	 -0.8319
 -5.6586	+10.0905	 -4.9190	 -2.5985	 +3.7808	 +2.6291
 +2.9310	 -2.6790	 -9.0656	 -4.0476	 -2.6286	 +1.0989
-17.7596	 +6.1732	+12.7241	 +4.5279	 -0.6969	 +2.5691
 -3.9070	 +0.6006	 -4.6581	 -1.3216	 -4.6657	 -0.6461
 -2.2502	 -6.9867	 -3.9102	 -3.3198	 -0.6316	 -3.8417
 +8.7944	 -3.3048	 +2.9606	 -0.2223	 -2.4876	 -1.5401
-10.2896	-14.1626	+11.1828	 +1.3133	 +0.3908	 -0.4297
 +2.2003	-10.5942	 -6.0963	 +3.1275	 +1.2870	 -1.2991
+10.9704	-14.5227	-10.4928	 +1.0279	 +0.9726	 +0.5529
+14.4690	+11.9129	 +5.0094	 +1.6789	 -2.3542	 +1.0083
+25.0498	 +3.3922	-12.7469	 +0.7199	 -2.2418	 +1.1033
-18.0681	 +8.0751	+22.9073	 +0.8235	 +2.7389	 +0.7021
+30.2523	-16.5401	+69.8303	 -0.2024	 -1.7880	 +0.3385
 +8.1556	 -0.4441	 -2.3265	 -3.1341	 -1.8694	 -2.6059
 +6.8874	 +2.9017	 -7.3416	 -0.7728	 +4.5380	 +1.2641
 -4.0573	 +0.8692	 -5.5046	 -0.3074	 -0.2741	 +0.2179
 -5.0249	 -0.3718	 -6.8139	 +4.7472	 -3.1414	 +3.9128
 +8.0991	 +8.8672	 +5.5593	 +0.5436	 +1.8993	 +0.2728
+30.0909	 +0.4820	-12.7321	 +0.2894	 -0.5910	 -1.6114
-11.6452	 -0.2658	 +2.3698	 +2.0376	 +4.9507	 +0.5511
-20.5084	+21.7294	-21.9064	 -0.9035	 +1.1104	 -1.3074
-17.1533	-23.2195	+15.2264	 -1.8380	 +0.4854	 +0.7886
 +4.9168	 -3.0735	 -3.6006	 +1.0829	 -0.6077	 -1.4633
+19.4669	 -3.0280	 -6.5113	 +0.0610	 -2.0322	 +1.3823
 +5.7094	-13.0765	+11.8617	 +0.9138	 +2.4984	 -1.5358
 +0.2253	 +2.7271	 +3.2839	 -2.2682	 +1.9342	 -0.8015
-11.4257	 +5.8708	-10.8070	 +0.0269	 +2.2435	 -0.7050
 +5.8442	 +1.5389	 -4.3810	 +2.0157	 +1.2475	 +0.6920
 -9.6574	-10.0327	 -8.7269	 -0.2206	 +0.5700	 -0.6919
 -5.1468	 -6.1374	 -1.6089	 -1.1362	 +2.8993	 +4.4006
 +7.5156	 -6.1306	+29.6249	 -0.8667	 -1.7567	 -0.4037
 -4.3676	 +0.5985	 +0.6397	 +3.4632	 +3.5876	 +0.4880
 +3.5686	 +7.2948	+14.9033	 +0.9314	 -2.3020	 +1.1317
 -2.5702	 -1.2350	 -4.4554	 -2.8587	 +0.0037	 +3.9925
 +3.3121	 -1.8723	 -7.9874	 +2.4542	 -1.5363	 -6.2839
 -9.9794	 +0.4376	 +6.4694	 +1.0395	 +0.9516	 -2.1086
 -4.9430	 +0.9501	 -3.5747	 -0.5789	 +1.6089	 +2.4881
+28.7149	 +2.5038	-18.3466	 -1.7121	 -1.3334	 +0.5576
-18.9521	 +8.7602	-29.4995	 -2.5109	 -0.9385	 +0.1478
 -9.4975	 -1.5560	 -4.7785	 +1.6315	 -0.5452	 -0.5338
 +6.7951	 +0.5115	 +1.9442	 -2.0233	 +1.7298	 +2.7588
 -3.0729	+15.0699	 +3.3897	 -0.0602	 +0.5338	 +0.5404
 +2.1731	 +0.4232	 -9.1007	 +2.9314	 -3.1003	 +1.7322
 -6.3263	-11.7439	 +0.2395	 -0.8198	 -2.7161	 -1.4603
 -8.6717	 -5.3467	 -3.6924	 -4.7076	 -3.7646	 +1.3394
 +9.2503	 +3.9639	 +6.1926	 -4.9927	 +0.6175	 -1.0556
 -2.4427	 -0.9068	 +0.2155	 +0.6107	 +1.1562	 +5.0868
-13.1764	 -1.4687	 -9.0539	 +2.5601	 -0.4324	 -0.4030
 -3.3638	 -1.4103	 +0.8465	 -2.6540	 +0.4672	 -0.7327
 +2.4013	-12.4767	 +1.9334	 -0.7473	 -3.8845	 -1.1678
+15.6534	-58.3425	-29.8812	 -0.5270	 +1.2360	 +0.8539
 -2.4080	 -8.4411	 +7.2547	 -0.8641	 -3.2092	 -3.2546
 -2.7478	 +1.9428	 -1.2952	 -2.8991	 -0.0056	 +2.2316
 +3.9098	 -1.7179	 +1.2082	 +0.8893	 -0.2303	 +4.1799
 +5.4896	+17.1899	+22.5131	 -1.3874	 -0.7505	 -2.1130
 +5.4471	-14.3101	 -3.9444	 -0.3204	 +0.1453	 -0.4155
 -3.8604	 +7.5245	-12.3484	 +0.5612	 -0.3576	 -1.9568
+10.7552	-11.0903	 +9.6229	 -1.8923	 +2.3684	 -3.4863
 -8.1011	 +1.5254	 -0.2297	 -0.7262	 +2.7046	 -2.2823
-69.2977	-51.6881	+30.2769	 +0.7118	 +1.3769	 +0.4519
 +4.2486	 +0.3589	 +0.3682	 +2.4570	 +2.7017	 +4.4405
+54.2890	+36.7288	+39.8997	 -1.4247	 -1.4043	 -0.4908
 -1.4841	-10.3312	 +6.3458	 +2.3050	 -3.5508	 +0.8838
 -1.9244	 -5.1576	 -1.8570	 -3.1841	 +3.7955	 -1.5779
-111.6700	+55.0965	-20.3837	 -0.4151	 +0.7187	 +0.2881
 -8.2828	 +0.2449	 +5.1671	 +0.3001	 +1.8556	 +4.7976
 +5.1328	 +2.6534	 -1.9616	 -3.2865	 -3.4155	 -1.6900
 -1.8502	 +1.0834	-11.4994	 -2.9997	 -0.6289	 +1.9014
 +1.6042	 +2.7126	 -2.9113	 -0.7083	 -3.8896	 +2.9099
 -3.5863	 +5.4675	 -5.2348	 +1.3583	 -0.2105	 +0.8369
 +3.7322	+16.4352	 -9.0555	 +2.9054	 -0.4504	 -0.0118
 +5.9392	 +5.1052	 -0.5778	 -1.5078	 -1.5460	 -0.4388
+11.6420	 -7.8617	 -2.1605	 +1.9911	 -0.0014	 -1.4120
 -6.3701	+26.9406	 -9.3098	 +0.3652	 +2.3045	 +1.1986
 -1.8543	 -2.8760	 +0.4146	 -3.0167	 -5.0988	 +2.2852
 -3.7851	 -1.4683	 -3.3841	 +1.6946	 -2.1077	 -0.3554
 -5.2494	 +6.3952	 -3.9715	 -2.5972	 -0.5118	 +2.3122
 +0.1467	 -4.7920	 +6.0880	 -3.0037	 -0.4768	 -0.9923
-37.4351	+15.0250	+13.8511	 -0.3612	 +0.6987	 +0.0421
+10.5670	+14.0651	 +0.4125	 +3.0854	 +1.5119	 -3.3478
 -7.5556	-28.6179	+14.3996	 -1.0060	 -2.4902	 +0.6088
 -2.0170	 -4.0609	+14.5623	 +3.6146	 +1.0468	 +0.3258
 -0.7383	 +1.5050	 -2.3562	 +1.9788	 -2.6800	 +3.5211
 +2.8878	+18.0754	-30.6281	 -1.7183	 +0.0843	 -1.1907
 +6.0521	 -5.9440	 -1.5061	 -2.0993	 -2.8105	 +2.4033
 -0.4179	 +3.1352	 -9.5347	 +2.5223	 -0.7920	 +4.1488
 -1.5334	-10.5367	 +1.3627	 -1.9491	 -3.5874	 -1.5491
 -2.1470	-10.3040	 -9.0326	 -1.8493	 +1.1439	 -1.8915
 -0.6766	 -1.9112	 -1.2682	 +3.1675	 -2.6370	 -3.6144
-11.6156	 +3.2411	 +4.7164	 +2.7505	 +0.7808	 -3.7292
-53.3193	+16.8975	 +7.9543	 -1.6579	 +1.2999	 +0.7094
 -2.3718	 -1.8255	 -2.9452	 +1.8000	 -1.0922	 -0.4879
-28.6976	+30.0611	 +8.7828	 +0.0487	 +3.8009	 -0.2515
 +2.3644	 +3.4778	 -4.4024	 +3.5481	 +4.1219	 -3.2477
 -9.4494	-10.1183	 -5.8637	 +1.2483	 -0.0607	 +0.5517
 +0.6508	 +0.0823	 -4.7037	 +1.0043	 -0.3995	 -0.8620
 -6.2445	-50.1687	+35.6922	 +1.9698	 +0.4511	 +0.5840
 -2.2858	 -9.8238	 -4.3607	 +1.9931	 -2.9673	 +0.3671
 +8.0172	 -3.3843	 +5.0734	 -1.1607	 -0.2321	 +1.6724
 -7.0559	+13.3349	+19.3328	 -1.7045	 -1.3797	 -0.0446
 +5.4883	+19.9107	+16.0711	 -0.2284	 +0.2862	 -0.9031
 -1.4688	 +0.1798	 -6.6431	 +0.7471	 -3.3954	 +3.6031
 +3.7715	 -4.1505	 -2.0574	 +0.2369	 -3.1558	 +0.4880
 -0.8251	 +3.3696	 +9.1022	 +1.7775	 +1.9266	 +0.1456
 +0.3807	 -2.3265	 -1.4303	 +0.4157	 -1.2868	 +0.4308
 +9.9454	-18.6517	 -3.0283	 -1.1664	 +0.1039	 -1.3196
 +0.0094	 +3.6209	 -4.4151	 +0.1546	 -3.1426	 +2.3942
 +5.2634	+13.1333	+10.8118	 +1.2344	 -3.4629	 +1.3483
 -1.4268	 -4.3957	 +0.6267	 +2.0022	 +4.0922	 -1.1920
 +3.0913	 -1.1187	 -3.5132	 -1.1288	 -0.1146	 -1.9569
+15.5247	 +0.5921	 -0.9132	 -2.5102	 -3.3352	 +0.4179
 +5.3703	 +1.0151	 -1.4836	 +2.2132	 +1.3150	 +4.8447
 -3.8758	 -0.3459	-13.3393	 +1.0108	 +1.9392	 -4.3547
 -5.4065	 -2.1720	 -3.6045	 -0.0312	 -1.0874	 -2.7799
 -6.0239	+14.3443	 +0.4352	 -3.5468	 -1.4717	 -1.3953
+14.1864	-12.5301	 -0.7677	 +0.1579	 -2.2482	 -1.1192
 -2.3807	-13.6781	-10.9018	 -5.2679	 -7.5301	 -7.2997
 +1.0558	+15.5187	 -6.5333	 -1.3343	 -1.6371	 +2.9471
 +3.0522	-11.8356	 -0.3012	 -3.8058	 -0.1245	 +0.8955
 +7.7386	 +1.8381	 -2.3657	 +3.3713	 -2.5199	 -0.5760
 -4.4041	 -6.1162	 +5.3954	 -1.2589	 +0.7001	 +1.9202
-17.9952	 +0.3974	+12.4166	 +0.1892	 -0.9254	 -0.6487
 +2.6210	 -5.0060	+43.3969	 -1.1808	 +0.9634	 +1.0037
 -3.3339	 +0.4752	-10.2723	 +0.3133	 +3.9119	 +0.9890
 -7.7946	+17.5692	 +0.2824	 +2.8933	 +0.7086	 -0.0875
 -4.9065	 -0.4836	 -1.4615	 -1.5001	 -1.5164	 -1.0371
 +9.0313	 -2.8263	 +1.2279	 -3.8785	 +2.1123	 -2.4792
 +3.0613	 -1.1749	 -2.1701	 -2.4786	 +3.1429	 -0.2966
 +0.8049	+20.5935	 -5.3422	 -0.1236	 +2.8191	 +2.4528
 -9.1321	 -4.1321	 +3.7780	 +1.2194	 +1.9636	 +3.3863
-16.9981	 +0.0104	-43.8390	 +1.4482	 -1.1217	 -0.2672
 +8.4255	+11.3780	+30.7665	 -1.5967	 -1.3597	 -0.3684
 -6.9867	 +1.7455	 -3.1136	 -0.5236	 -0.9190	 -1.5614
 -6.5752	 -8.3715	 -5.2644	 +0.5693	 -1.8482	 +0.0632
 -9.5888	 +8.3526	 +4.1760	 +0.0760	 -1.1405	 -5.5731
 +3.6627	 -2.9638	 +1.5047	 +1.1046	 +2.2774	 +3.3020
 -9.4526	 -5.8225	 -4.3716	 +1.4544	 -0.7082	 -1.1511
-13.9380	+15.8226	 +8.3225	 -0.3795	 -0.6951	 -1.7953
 -0.5445	 +3.2735	 -7.5958	 -2.2185	 +1.9173	 +4.5413
 +4.7884	-13.9585	 -2.0758	 +1.3929	 +0.7740	 -2.6053
 -4.7189	 -1.1640	 +1.7533	 +2.5440	 +2.9343	 +0.6309
 +6.1935	 -4.1702	 +3.2092	 -0.8887	 -0.8684	 +3.7740
 +0.9296	 +7.7357	 -4.2703	 +5.0816	 -0.4807	 +4.4644
 +3.4222	 +2.6104	 +4.9814	 +3.9690	 +2.3697	 -2.1604
 -6.2892	 +1.1714	 -2.4781	 -1.1527	 +1.4045	 +2.3839
 +2.6861	 +7.1983	 -5.8270	 +1.3544	 +0.2736	 +2.3537
 -0.2004	 -6.5434	 -9.5156	 -0.8431	 +0.5854	 -0.9321
 +1.7957	 -2.8853	 -3.1155	 -1.6271	 -1.0724	 +2.0595
+25.0191	-13.2062	 +8.7107	 -0.2161	 +0.8189	 +0.6368
-16.0395	+13.2771	 -9.9655	 +0.6847	 -2.2510	 +0.0229
 -2.0524	 -4.4920	 -6.3106	 +4.6138	 -0.4631	 +0.0538
 -5.6017	 -9.5743	 -7.3197	 -0.7573	 -1.6404	 +3.1016
-12.1935	 -0.4738	 +3.5219	 +2.4274	 +2.9169	 -2.8991
+16.1392	 +3.7314	 -5.8633	 +0.1712	 -2.0087	 +3.9331
+15.5269	 +9.3423	 -4.9609	 +1.2302	 +2.3671	 -0.5109
+17.6720	-10.8884	-12.5973	 -1.4868	 +0.5359	 +3.7901
-17.5619	-13.4731	 +3.4203	 -2.3864	 -0.2444	 +1.4338
 +1.8586	 -2.3463	 +5.7769	 +1.7643	 +0.8253	 -1.2752
 -2.9098	 +3.0522	 -3.0559	 -0.7910	 +2.0119	 +1.4220
+17.4441	+12.4880	 -0.9714	 -2.6005	 +0.5418	 -0.1428
-12.1420	 -2.9154	-17.9471	 -3.1014	 +3.0517	 -0.4305
 -9.6791	 +5.2060	-18.7060	 +0.4331	 +2.2236	 -1.9183
+20.0772	 -1.2833	 -4.3075	 -1.7415	 +1.3667	 +0.7082
-14.7139	-10.0581	 -4.0385	 +2.9150	 -0.3429	 +0.6102
 +4.8652	 -1.7016	 -7.2140	 -0.8971	 -3.3744	 -1.8408
+12.1737	 +8.9171	 +1.8557	 +4.8789	 +2.3277	 +4.5143
 +2.6812	 +0.3100	 +0.5627	 +4.7895	 +2.3179	 -1.7013
-15.7308	 +4.8729	-18.0993	 +1.7444	 +1.5238	 -0.6408
-36.3563	 +5.1482	 -0.8559	 -1.3900	 +2.6318	 +0.9775
 -7.9490	 +6.6199	-14.4479	 +0.0395	 -0.0664	 -2.1990
 -3.6704	 -4.3283	 +2.6069	 +0.8092	 +2.7466	 -1.2071
 -6.5322	+18.8292	-11.6787	 -0.2135	 -1.2528	 -1.8672
 -1.1580	 -8.8728	 -2.3678	 -2.9772	 -1.9938	 -2.1659
-11.7305	+13.9154	-48.1238	 +0.2704	 -0.1573	 +0.5212
+10.4052	+14.9259	 -3.3088	 -1.5929	 +0.1298	 -0.0763
+18.6074	 -1.2897	-19.3189	 +0.0275	 -1.7736	 -0.3545
 +6.2103	 -2.0155	 +4.8489	 +3.4706	 +0.3544	 -1.7170
 -1.6108	+23.9379	 -3.6523	 +1.1750	 +0.1835	 +3.7730
 -4.1700	 +9.7190	 -1.9214	 +0.4177	 +3.0948	 +2.1895
 +0.2164	 -5.5998	 -8.5637	 +1.0939	 +2.3450	 -1.1307
-17.2549	 -0.6056	 +3.9090	 -0.3328	 +0.3935	 +2.3436
 -7.8388	 -0.4406	 -6.7360	 +1.6705	 +0.1063	 -2.0307
 -3.3857	 -8.8668	 -1.9629	 +2.6255	 +3.6744	 -0.2275
+11.6769	+18.1662	-13.6017	 +2.0148	 -2.5997	 -2.0610
 -2.2893	 -1.6703	 +1.0268	 -0.2566	 +0.2196	 -1.1869
 +6.8652	+13.0063	 -3.6112	 -2.2077	 -1.4511	 -2.2305
 +2.7581	+11.0121	 +7.1011	 +1.2354	 +3.4976	 -0.6820
 -6.0926	 -2.9228	+11.7164	 -1.6132	 +1.9141	 -3.0878
 +1.5435	 +3.3938	 -2.3928	 -0.9647	 -0.7122	 +3.0656
 -4.0748	 -1.3800	 +1.4229	 -2.5433	 -2.9458	 +2.0587
-13.2023	 -1.8854	 -1.0943	 -1.5482	 -1.6442	 -0.3957
-11.4379	 -0.9134	 +3.9256	 -0.2550	 +5.0446	 -2.0953
 -0.9920	 -2.5392	 +2.0339	 +1.8764	 -3.9621	 +0.1269
 -2.2257	 -0.4090	 +2.1457	 +1.8092	 +1.7781	 +1.3576
 +2.0391	 +0.8841	 -2.7109	 +2.9398	 -2.0496	 +2.4049
 -1.5931	 -8.7286	 -4.4749	 -0.0607	 -1.6539	 -0.9986
 -0.0053	 -4.3174	 +0.6282	 +2.4249	 +1.8755	 -1.1855
 -0.8231	 +0.3894	 -5.5258	 -5.6420	 +1.4631	 -1.3169
 -4.1110	 +1.6767	 -1.4199	 +3.6680	 -6.4321	 +1.0504
 -0.8283	 +6.8637	 +0.8392	 +2.5186	 +1.7223	 +5.1747
 -8.8848	 -8.8659	 -1.9907	 -3.1076	 +1.0787	 +0.9165
 -0.4257	 -0.3707	 +0.9851	 +1.7117	 -0.3706	 +0.0861
 +0.1428	 -5.6746	 +6.2222	 +0.1507	 +0.4830	 +3.2642
-17.6813	 +2.0514	 -7.2212	 +2.1819	 -0.2639	 -4.8667
-12.7475	 +4.8524	+23.0102	 -1.6443	 -0.9601	 +2.3982
 -4.0002	 +1.1409	 -5.1726	 -1.3558	 -0.8994	 +0.5772
 -4.3919	 -2.2797	 -1.7645	 -0.4283	 -0.5928	 +0.6029
 +9.3169	 +5.1187	 +2.2389	 -0.8691	 -2.6967	 +0.4138
 -8.1583	 +0.7149	-14.7302	 -0.4882	 +1.9581	 -0.5341
 -0.3812	 -9.2699	 -8.9143	 -6.1909	 +1.3313	 -1.8810
 +0.2938	 +3.4823	 -3.7356	 -0.3409	 -3.0620	 -1.9019
 -3.8732	-39.7784	+59.6521	 -0.3657	 -0.9556	 +0.1535
 -3.7292	 -4.1614	 -6.4401	 +0.8191	 +2.6975	 -0.7069
+28.6179	+28.7695	-26.9126	 -2.1786	 -1.6055	 +0.9172
 -7.6882	 -9.0091	 +3.3491	 -1.3897	 -0.3827	 -0.9883
 -3.9225	 -4.2601	 -5.7330	 -0.1622	 +3.0223	 +1.5725
+49.6964	 +0.7890	-36.9470	 -0.6772	 -0.1758	 +1.7874
 -1.3048	-40.5633	+32.7297	 +2.6162	 -1.4115	 +0.9329
+104.1058	+54.8190	 +7.7072	 -0.0771	 -0.8615	 -1.6228
+12.8714	+21.8055	 +6.4075	 +2.1934	 -2.8704	 +0.0921
+28.7458	+64.3942	-33.6229	 +1.0463	 -0.6553	 +0.1510
 +0.2396	 +1.9314	 +2.4284	 +2.7513	 +3.0092	 -3.4237
-18.8605	 +5.1474	 +2.9042	 -0.0403	 -3.6805	 +1.1793
-21.7827	 -1.4665	+16.6367	 -1.1573	 -0.5682	 +4.2318
+14.5749	+40.6190	-46.6387	 +0.5813	 +2.3526	 +0.6529
+13.4667	 -7.2443	+35.5388	 +1.1698	 +1.1924	 -1.9655
 +5.3484	+10.6280	 +4.8815	 -5.2832	 -0.4303	 -0.3944
 +6.3324	 -8.8668	 -3.1582	 +0.2030	 +1.0511	 +1.5782
-14.1946	 +8.7335	 +5.0917	 -0.8219	 +2.8506	 +1.5218
 +5.9627	 -2.9904	-11.8621	 -2.6780	 +1.3108	 -0.7064
 -9.4842	 +0.5769	 +9.0184	 -0.1357	 +1.5916	 -0.0675
 -0.3648	 +3.2213	 +0.4887	 +5.1023	 +2.0115	 +1.2701
 +6.7472	 +9.0683	 +6.2872	 +0.0784	 +1.1175	 +1.3735
 -4.7279	 +7.4837	 +7.2052	 -0.7405	 -5.0986	 -1.4469
 +0.4955	+14.6113	 -7.1713	 -1.0806	 +0.1843	 +3.1739
 -0.0903	+13.7506	-22.0186	 -1.9516	 -0.9028	 +1.8200
 -7.9283	+16.9338	 -3.1075	 +0.0622	 -0.2874	 -0.0387
 +9.6634	-13.6492	-13.5427	 -2.5771	 +2.5872	 +0.3163
 +3.1827	 -4.1085	 -5.8089	 +1.6509	 -1.8858	 -1.0065
 -4.6991	 -3.2550	 -4.9831	 -1.8982	 -2.1617	 +2.5859
 +3.6112	 -6.7628	 -1.9908	 -3.2966	 +5.0057	 -0.4604
 -3.8340	 -3.6042	+10.1431	 -1.9066	 +0.3743	 +4.5406
-11.5009	 +1.2666	+17.6082	 -0.6533	 +1.8450	 +1.4443
 -0.4811	 -6.2240	-11.9304	 -0.5094	 -2.0546	 +0.6719
 -4.1849	 +3.2416	-13.0866	 -1.1647	 +0.5537	 -1.0986
-21.6913	+29.9522	+11.2040	 +0.7237	 +0.7517	 +0.3849
-14.0212	 -9.6821	 -6.5697	 -0.4350	 +2.2775	 -1.5576
-17.6082	 -8.3299	 -4.4253	 +1.3474	 -2.4396	 -0.9084
+25.1622	 +5.5747	 +8.4572	 +1.5144	 -1.4016	 -0.1003
-14.1327	 -1.1835	 +5.0285	 +1.9957	 -1.5532	 +1.4159
 +6.8429	 +2.2657	 +4.9012	 +1.8610	 +5.3229	 +5.1473
-11.1924	+66.5910	+26.9168	 +0.7892	 -0.0790	 +1.1167
+21.5335	 -0.1989	 -0.4877	 -1.1650	 +1.6117	 -1.9880
 +7.6010	-15.2947	 +4.7890	 -0.1881	 +0.2989	 -1.2292
-16.2616	-29.5968	+30.4226	 -0.5498	 +1.1737	 +0.6352
-33.8937	+32.9650	+21.9169	 +1.6453	 -0.6102	 -0.9242
 -3.1362	 -3.9246	 -4.4420	 -0.2652	 +2.1849	 -0.9788
 +9.6598	-10.8919	 +2.1370	 +2.1479	 +3.5414	 +1.4196
-11.7691	+10.0610	 +8.1252	 -3.8321	 -1.4705	 -0.1486
 +6.8377	-19.5582	+10.0060	 +2.2094	 -2.2501	 +1.7899
+14.9146	 -2.6326	 -1.2363	 -0.1955	 +0.2422	 -1.8452
+18.2392	 +5.4702	 +8.4212	 +0.9188	 -2.1302	 -0.5923
 +2.7924	-39.7545	+112.9047	 -0.3053	 -1.4143	 +0.4168
-14.6861	 -4.8252	 -1.1228	 +4.0912	 -3.1702	 +0.5654
+14.3139	 -6.1730	-19.5276	 +1.1970	 +2.0566	 +0.8468
 -2.7739	 -4.1268	 -5.6526	 +2.4943	 +2.3376	 -2.0954
-12.3664	 -3.6548	 +4.6238	 -4.2495	 +1.1497	 +4.0199
 -3.4662	 +0.1042	 +2.4593	 +2.4577	 +2.9423	 +5.9736
 +8.0604	 -1.9978	-13.7481	 -0.1523	 +2.3594	 -1.8003
+18.1468	-19.1202	+36.2166	 -1.7028	 +1.4600	 -0.9361
 +3.9807	 -7.3553	-19.1157	 +2.9807	 +2.9167	 -0.7180
 +0.5385	 -9.3213	 -7.1157	 -0.0184	 +2.9235	 -1.1540
 +2.3406	+13.6182	-10.0145	 -1.8496	 +0.2518	 -0.2126
-19.3921	+12.4006	 +4.4319	 +0.3997	 +0.5320	 -2.9162
 +2.1015	+13.4699	 +4.7309	 -3.4046	 +2.5208	 +0.0192
 +7.2276	-10.5108	 -7.6551	 -3.6612	 -2.0440	 -2.5835
-12.9757	 +0.9906	 -8.5022	 -4.3931	 +0.3996	 -2.3639
 -1.8810	+11.8094	+18.8567	 -0.3711	 +2.2164	 -2.0857
 -0.0812	-24.8150	 +0.3538	 -1.0782	 -1.5993	 +3.2162
 +5.8489	 -6.9596	 -6.1601	 -0.9861	 +0.0611	 -2.5189
 -4.0340	 -2.1685	 -1.8569	 +2.1230	 +1.4788	 -3.7241
 -6.4293	 +1.9777	 -5.3482	 +4.3649	 +1.0320	 +2.8364
+10.0726	 -0.6719	 -3.4318	 +3.6059	 -1.8726	 -2.4392
 -2.4433	 -5.4777	 +2.9970	 -1.4433	 -3.4025	 +0.2514
 +8.6937	 +2.8437	 +9.4002	 +5.6333	 -0.0629	 -2.3858
 +0.5987	 +3.3192	 +3.4039	 +0.0827	 +3.4920	 -3.6541
 +3.8489	 +2.6656	 -0.6383	 +0.3207	 +1.0740	 -0.3350
 +3.0357	 +6.7757	 -1.4094	 +4.2469	 +2.1468	 -2.2046
 +0.1075	 -7.5193	 -6.9048	 -2.0091	 -1.4998	 -1.5210
+20.9905	+24.8784	 -6.0923	 -1.8778	 -0.1158	 -0.0867
 +2.0630	 +4.7980	 -2.8820	 -0.1608	 +3.2537	 -2.2189
+15.8363	+12.4638	 +0.1264	 -3.2679	 +1.4381	 -1.7211
-10.8719	 +2.2461	 -8.3777	 +0.6799	 +1.3239	 +1.8079
 +2.1994	 -0.4477	 -1.6458	 +1.7666	 -2.9663	 +2.7579
 +9.7952	-12.7659	 +3.3953	 +0.7959	 -1.7333	 +3.9090
 -1.9695	 -5.4435	 -9.0500	 -0.4314	 +2.7680	 -0.0758
 -5.6421	-34.3412	 -2.8757	 +0.3620	 -1.3864	 -1.8007
 +3.3614	 -0.7192	 -9.7538	 +3.6796	 -4.6300	 -1.1663
 +3.2443	+10.0370	 +4.0490	 +1.2683	 -0.0131	 -0.0344
-27.7601	-10.7494	+17.6908	 -1.7912	 +0.1037	 -0.3158
-21.3376	 +4.9659	 -3.7382	 -0.6339	 +0.6019	 -1.3777
-17.8327	-14.2955	 +0.9925	 +1.2939	 -0.5017	 +1.6620
 +5.9876	 +5.6657	 +0.3591	 +0.1961	 -6.2277	 +3.0162
 -7.9413	+17.8792	 +3.5627	 +2.0877	 -0.4113	 +1.1964
-11.8912	 +6.6475	 -6.6052	 -1.0071	 +1.9639	 -3.4086
 +5.2357	-12.0437	 +7.7162	 -2.5391	 +3.8696	 +0.3386
 -6.7486	 +4.8865	 -4.6470	 -4.1138	 -3.1995	 -0.7718
 +5.8521	+42.7995	 -3.4483	 -0.3142	 +0.5859	 +2.4151
 -2.9478	 +2.1127	 -0.9612	 -1.9922	 -0.1766	 -5.0458
 -7.6555	 -7.5706	 -1.0333	 +1.7504	 -3.6153	 -0.3047
 -1.4761	 -9.8167	 +0.8918	 +1.0594	 +1.2920	 +1.1776
+87.2560	-33.5250	+45.2839	 -0.0125	 -0.8723	 -1.4532
 -9.0092	 -3.8199	-10.6144	 -0.6027	 -3.5398	 +3.1900
 +6.2374	 -9.0514	 -2.2983	 +0.5874	 +1.3435	 +3.2665
 +0.9403	 +0.5715	 -5.9717	 -2.1382	 -1.9327	 -1.9659
 -2.9640	 +9.0400	 -6.7164	 -1.0483	 -1.1853	 +3.9242
+11.2267	 +5.5349	-11.1143	 +2.0607	 -0.3259	 -1.0329
 +0.0435	 +3.8817	 -2.4926	 -1.4350	 -1.5352	 -3.6701
 -6.1455	 -9.5972	 -5.0212	 -1.8483	 +1.8158	 +2.8296
 +4.3472	 -4.3046	+23.4880	 +2.2324	 -0.9416	 -0.4262
-12.7954	 +9.0870	 +3.3574	 -2.0952	 +2.2279	 -3.2557
 +6.5595	+17.2877	+39.2239	 +0.4007	 +0.2861	 +2.5566
+10.3560	 +7.3988	+19.2234	 -0.6656	 +0.0415	 -0.1212
-11.1341	 -1.0213	 -0.6714	 -1.6861	 -1.8141	 +0.2915
 +2.5570	 -0.7187	 +9.8641	 +0.9248	 +2.0659	 -4.5778
-10.0017	 -8.3910	 -2.8075	 +1.8474	 -0.3781	 -5.1654
 -1.8052	 +3.1436	 +9.3791	 +5.7354	 -0.4761	 +1.4987
-13.0016	 -6.3335	 -8.7929	 -1.6402	 -0.2846	 -1.5693
-54.6847	+27.4606	 -5.3203	 -2.3021	 +1.0483	 -1.0015
 -1.3168	-21.3497	 -0.3756	 +0.3559	 -1.5493	 +0.6266
+10.4278	 +9.4015	 +6.8855	 +4.9881	 -0.1778	 -0.5317
 +1.5638	 +0.3723	 -3.4625	 -6.8043	 -1.3834	 -2.7295
 +4.8396	 +0.4533	 +6.8534	 +1.1738	 -1.5127	 -3.8555
 +0.0720	-14.6071	 +5.5195	 -1.2948	 +2.9584	 -0.5424
 -5.4575	 +6.5967	 -2.7505	 +3.0201	 +3.0608	 +1.5050
 +4.0411	 -0.3598	 +0.2655	 -0.4701	 -4.0933	 -3.9659
-86.9281	-169.8440	+25.6060	 +1.1199	 +0.0532	 -0.1050
 -8.4546	 -3.0800	-10.0326	 -1.8536	 -1.8352	 -1.9290
-10.5398	 +5.6564	 +1.8341	 +1.1990	 +2.6768	 -0.8622
 +2.3065	 +7.7945	 +1.4388	 -2.1167	 -0.2543	 -0.4460
 +3.5747	-11.8092	+17.6091	 +2.5242	 -1.1514	 +0.4721
 -8.7001	 -0.6771	+18.5561	 +1.9064	 +0.4096	 +2.8441
 -3.9813	 -0.1867	 +2.5362	 -0.4611	 +2.7732	 +0.3074
 -5.5472	 +3.3175	 -0.8699	 +0.7103	 +1.6900	 +4.8629
 -4.6185	-22.7001	+13.0898	 +2.3742	 -1.7163	 -2.7762
-12.1119	 +7.5756	 +0.0230	 -1.7313	 -1.4705	 -1.1452
 -6.8626	 -3.2690	 -0.8721	 -0.3591	 +1.3646	 +2.1128
 -9.4525	+12.0724	 +0.5145	 -1.1823	 +2.3423	 -2.4764
 -6.7483	+14.2771	 +9.8772	 -0.6676	 +0.9016	 -0.0290
+11.7088	 -2.0432	 -1.3670	 -0.1592	 +1.3581	 -0.0093
-10.0559	 +2.0645	 +0.7575	 +0.4547	 -1.9531	 -3.2927
 -6.1385	+27.0974	 +6.5240	 -0.4687	 +0.0758	 +2.5595
 -4.5850	 -4.2336	 +2.8569	 -5.5595	 +0.4497	 +0.5447
 +2.4968	 +1.5094	 -7.7279	 +0.4542	 -0.8911	 +4.6506
 +1.0370	+20.6690	-16.7814	 +0.0717	 -2.3990	 +3.5088
 +1.3426	-15.6979	+29.7037	 +0.4024	 +1.0719	 -2.8201
 +9.9778	 -2.0977	-11.8041	 -3.1051	 +4.5921	 +0.2863
 -7.1510	 -4.1748	 -4.9251	 -0.3423	 -1.2418	 -5.9698
 -9.1070	 -5.4193	-13.3053	 -0.4655	 -0.1578	 -1.1804
-16.9934	 +7.7746	 +4.6098	 +0.6428	 -2.5469	 +0.4252
 -3.5564	 +0.5487	+18.9841	 -1.6365	 +1.4577	 -3.5349
-41.5841	+29.6800	-75.2395	 +1.1388	 +1.8206	 +0.2104
-12.1559	 +3.1867	 -4.0924	 -3.1171	 -1.8911	 -0.8545
 +1.0631	 -1.8784	 -1.5987	 -5.0310	 +5.3425	 -0.2951
 -3.5769	+14.6539	-12.8385	 +0.2228	 -1.6125	 +1.3037
-22.4557	 +2.9087	 -5.7526	 +2.4968	 +0.9920	 +0.7073
 -2.3525	 +3.2868	 +0.7827	 +0.1761	 -3.1119	 -2.7119
 +0.5055	 -3.1363	 -8.8994	 -0.9989	 -0.9215	 +0.2978
 -0.1521	 -7.3960	-18.8092	 +0.8537	 +4.8407	 +0.7902
 +7.4444	 +9.6166	 +2.6042	 +0.5799	 -3.0467	 -0.3360
 +2.5371	 -3.8696	 -0.2010	 +0.1243	 +1.6725	 -2.4261
 -7.5875	 +0.3277	 -2.2518	 +1.4715	 -0.1408	 -4.1682
+13.0252	 +9.9910	-28.9473	 -1.7298	 -1.4092	 +1.5890
+24.1316	+37.5564	+73.6145	 -1.1307	 -0.6916	 +0.8595
-11.1379	 -9.0945	-17.8374	 -0.6340	 -1.9239	 +2.6385
+12.5898	 -3.4799	+20.2062	 +1.7096	 +1.3955	 -0.0503
 -4.5086	 -4.1971	 -6.9607	 +1.5962	 -0.3511	 -0.3392
 +5.8186	 +1.9848	 +0.4798	 -1.4239	 -4.6886	 -3.2118
+64.6091	+29.1525	+37.5821	 -0.8920	 +0.0866	 +0.5330
 -5.2818	 +9.1624	 -6.5909	 +0.0634	 +0.2275	 +2.0692
 -3.0014	 -9.8505	 -1.6937	 +0.4854	 -1.6937	 -3.6743
 -5.8184	 +2.8030	-11.5998	 +4.2783	 +2.7037	 -0.7353
-10.5637	 +6.5574	 +1.9764	 -1.3252	 +0.1764	 -1.7602
-33.9761	 +4.5421	+18.1549	 +2.0657	 -1.2695	 +1.3465
 -3.4654	+14.5271	 -9.2876	 +0.1801	 +0.0626	 +1.2874
 +2.4364	+13.7909	-15.4296	 -0.2132	 +0.1872	 -0.6092
 +7.3473	+16.0496	 -1.7424	 +0.3580	 +3.1123	 -0.3871
 +0.5995	 -1.1879	+20.8096	 +2.0806	 -0.2310	 -3.1468
 -4.1987	-14.1252	 -7.7276	 +1.5667	 +0.3122	 -3.4020
 +8.9878	-12.1353	 -2.7395	 +3.7333	 -1.2208	 -0.6685
 -1.1962	 -2.4433	 -1.7283	 -4.4867	 +1.7621	 -3.9109
-13.0053	-13.4356	 -8.3433	 -3.1973	 +0.8201	 -3.3153
 -1.4549	 +5.1650	 -5.3633	 +0.5242	 +3.4667	 -3.9818
 -4.8984	+24.1054	-24.9594	 -1.8780	 +3.0796	 +0.9540
 -1.3792	 -7.4926	 +8.1531	 +0.9784	 +0.0156	 +1.7978
-16.0711	 -0.0293	 +8.9075	 -1.6633	 -1.3921	 -0.6021
 +6.7873	 +8.2203	 -7.8529	 -0.7397	 -0.7507	 -1.8924
 -0.5270	-12.1089	 +5.2430	 +1.0356	 +4.0379	 +2.7508
 +7.4586	 -6.8227	 -2.0117	 +2.1830	 +2.9443	 +4.4474
 +2.1250	 -2.8100	 -5.7855	 +1.9670	 +0.1669	 -1.2625
 -0.0117	 +5.7001	 -9.9895	 +2.2295	 +3.1042	 -1.4758
+10.3777	 +4.4824	-20.0208	 -2.2548	 -2.3845	 -0.4020
 +5.0161	 +9.3321	 +2.3610	 -0.1036	 +2.7714	 +0.9959
 -9.4545	 +6.4670	 -7.1232	 -0.6803	 -2.4108	 -1.7893
 -1.3105	 -0.8044	 -8.3613	 +0.8730	 -3.0966	 +0.2220
-18.6252	 +0.7768	-19.0106	 -2.5208	 -2.4934	 +2.6136
 +5.8268	 +6.5070	 -5.8190	 +2.0205	 -0.2573	 -0.6810
+30.2139	+11.1755	 +5.5572	 +1.2467	 +0.2265	 +0.1289
 -2.3157	 -7.0496	 +3.7642	 -1.9187	 -3.0486	 -2.0955
 -8.0755	-11.2373	 -5.7691	 -1.9528	 +0.8659	 -2.5372
-11.8366	+18.3943	 +8.8165	 +1.0798	 -1.2800	 -1.2323
 -0.3735	 +2.2422	 +1.4236	 -0.4807	 +0.6271	 -0.6352
-12.1898	 +7.3379	-13.1709	 +2.5552	 -0.9504	 -3.1399
 +2.9355	 -7.6882	 +0.6556	 +0.1311	 -0.2669	 +1.1289
 -2.5914	 +1.1436	 +0.4181	 +3.7239	 -0.5509	 +3.3732
 -1.2999	 +0.2513	 -5.0927	 -2.7606	 -2.0820	 +4.3803
+15.7530	 -5.7208	 -1.2711	 -3.0791	 -3.4322	 -0.1469
-83.0409	+43.1657	+27.5563	 +0.3215	 -0.0054	 +0.5428
 +9.5948	+13.1053	 +4.0169	 +2.8391	 +1.3066	 -2.1967
 +6.1946	 +6.2705	 +3.0775	 +2.4340	 -0.4852	 +2.6146
-11.3838	 +2.9086	 +5.5889	 +0.4390	 -2.7537	 +0.8780
 +3.3091	 +1.7334	 -3.3592	 +0.3919	 +1.9752	 -3.2003
 -8.5491	 -0.3161	 -5.5975	 +5.5021	 -3.1058	 -1.1951
 -3.6176	+20.5547	-37.4122	 +0.9772	 +1.1528	 -0.7373
-12.0956	-21.2155	+10.6614	 +1.6222	 +0.6707	 +2.4548
 +5.0464	 +1.1808	 +6.0350	 +0.3506	 -1.7212	 -0.8434
 +2.9998	 +7.7993	-16.7198	 -0.1573	 -2.2787	 +0.2725
 -1.6443	 -0.5340	 +4.8095	 -1.7681	 -1.4147	 +1.0577
-10.1169	 +1.0051	 -1.0185	 +0.0274	 +0.1718	 +1.6448
-16.5396	 +4.3958	-13.8383	 -0.2803	 +1.7051	 +1.7916
+10.8316	 +8.4477	 -9.7540	 +2.1595	 -0.7778	 +0.4126
 -3.8256	 +1.0498	 -8.2208	 -0.5994	 -0.0581	 -2.8207
+20.2394	 +9.5077	+14.4637	 -2.8106	 -2.6195	 +1.0815
+18.0789	-11.5809	-12.7542	 +0.6811	 -2.2514	 +1.3904
 -1.3643	 -6.4725	-12.3654	 +2.1233	 +1.7700	 -1.8029
 +7.7896	-11.6628	 -8.7497	 +0.6635	 -0.2379	 -0.3710
+20.3491	 -1.0382	 -0.7680	 -1.5581	 -0.6159	 -0.0852
 +7.2406	 -4.3574	-11.3870	 -1.0963	 -0.5568	 -4.1840
 -4.6678	-10.2878	 -5.5839	 -1.7078	 +3.6962	 -0.2599
 -6.5568	-18.5848	 -1.9726	 -2.4597	 +1.0708	 -1.4692
 -2.7427	 -0.4427	-10.1906	 -0.5442	 -3.0312	 +1.1491
 +3.8428	 +5.5848	 -7.7575	 -4.6289	 +2.0627	 -0.0692
+14.1883	-12.9567	 -4.3914	 -2.6681	 -2.8968	 +1.4349
-33.6281	-16.1622	 -0.0586	 +0.8478	 +0.7316	 -3.3349
 +6.0178	 -5.3261	 +9.7162	 +0.3359	 +1.6472	 -2.4987
 +0.3691	 -2.7757	 -9.3731	 -1.8140	 -4.6806	 -5.1574
 +6.7125	+11.7630	 -6.6689	 +2.6901	 +1.9952	 +1.5685
+13.4299	 +3.3462	 +5.6408	 -0.6227	 +3.4833	 -0.3855
-12.3769	 -8.0221	 +0.4302	 +1.9123	 +0.8939	 +2.3038
-40.3197	+28.1886	+37.9855	 +0.2655	 +0.3296	 -0.0453
+23.2043	 -0.9796	 -2.0752	 +1.2995	 -0.3512	 -1.8970
 -9.2078	 -1.9551	 +5.7458	 -1.3321	 +1.6964	 -0.7954
 -5.6160	+11.3292	 +9.4810	 -1.4766	 -2.0281	 +2.1171
 -8.3576	 -6.3976	 +8.4478	 +0.4284	 -1.6324	 -1.6755
 +1.7381	+15.9338	+12.4289	 +1.6977	 +1.1656	 +1.4784
+37.9955	 +2.0031	-14.5066	 -1.6534	 -0.8134	 +0.5943
 -1.4662	 +4.2451	 -4.1458	 -0.6252	 -2.7776	 +0.0807
 -1.0583	 +9.7624	 +9.2348	 -2.8636	 -0.1227	 -1.4004
 -4.5287	 -8.2704	 +2.3331	 -3.3195	 -3.1161	 -2.9717
 +1.8271	-17.5498	-25.8737	 +0.9822	 +0.0690	 +2.3794
 +0.0626	 +4.9339	 -2.5034	 +1.9566	 -2.9057	 +3.3097
 -8.1919	 -0.8775	-11.3639	 -2.6408	 +0.8567	 -1.0158
-95.3639	-31.6410	+78.8233	 +1.4850	 +0.1969	 -1.3106
 +9.7317	 -8.9619	 -8.2816	 +0.5348	 -2.8892	 +2.4919
 +6.3389	-24.1528	+25.2553	 -1.3587	 +2.8775	 +2.8966
 +6.9196	-23.7175	-13.2592	 +0.4636	 +1.3603	 -1.5978
 -4.4777	 -2.0214	 -5.8813	 +2.0436	 +0.0673	 +1.6380
 +3.8998	 -9.4914	 -9.5039	 +1.4045	 +1.9212	 +0.6075
 +9.5201	 -8.7615	 -5.5508	 -1.5383	 -2.4702	 +2.3779
 -0.7964	 +3.7172	 -0.0458	 -4.6084	 +3.4617	 -1.6832
 -7.0021	 +6.0876	 -8.6592	 +0.4840	 +1.7899	 +2.9901
-13.6864	 -2.4846	 +3.5280	 +1.4891	 +2.6619	 -1.6842
 +7.5057	-12.2041	-10.4007	 -1.7845	 +3.9801	 -0.1943
 +2.1576	 +1.2733	 -7.9799	 -1.6873	 +0.4583	 -0.2953
-19.9218	 -5.7406	 +2.2265	 +1.7427	 +0.6961	 -0.8170
 -2.4052	-13.3076	 +6.1117	 -0.1011	 -0.4636	 -1.3300
-10.8430	-12.1160	-17.6436	 -1.3812	 -1.5427	 -3.6520
 -7.0423	 +3.2014	 -0.2106	 +0.0328	 +0.6870	 -0.7586
-13.7776	-16.9933	-20.2944	 +0.2952	 +0.1155	 -1.9610
-58.1616	+18.8924	+46.1419	 +1.4602	 -0.9187	 -1.0340
-51.2810	-26.8217	+15.6069	 +1.7085	 +1.2598	 -0.6933
 -0.7205	 +5.3022	 +9.9760	 +1.7939	 +2.3413	 -3.0779
 +2.0624	 -4.4026	 +4.6490	 +0.4716	 +0.6375	 -0.5706
-74.4035	-124.9156	+118.8595	 +0.6874	 +0.0960	 -0.1228
 -9.7422	-14.9548	 -2.2140	 +1.3280	 -2.7689	 -0.5616
-12.7675	 -1.1156	-16.2973	 +0.6915	 -3.0263	 +0.3196
 -2.2615	 -3.6600	 +1.1387	 +0.3190	 +2.1930	 +0.2332
-36.3248	-27.8771	-19.2238	 +2.4780	 -0.1850	 -0.9355
 -9.1075	 -0.0510	 -3.5577	 +3.0423	 -1.6041	 +2.7732
 -1.6055	 -3.1404	 -5.3874	 -1.6577	 -1.4381	 +6.0941
+14.2367	-20.0338	+42.2474	 +1.1716	 +2.5930	 +0.9595
 -6.8126	 +1.1244	 -8.6514	 +3.9228	 -1.4499	 -0.4387
 -7.6016	 +1.5401	 -0.5450	 +2.4727	 +3.1234	 -3.6641
 +0.6125	 -1.9061	 -4.0780	 -1.7389	 -4.1904	 +6.5991
 +5.4009	-11.6485	+15.3929	 +2.0494	 -2.3107	 -2.0225
-24.1704	 +9.5697	+27.2214	 -0.9042	 -0.8798	 +0.3356
 +3.5302	 -7.8036	 +7.4969	 -3.8217	 -3.1968	 -0.7709
 +1.5688	 -2.9890	 -2.1816	 -4.6446	 +1.4882	 +3.5485
+12.0793	 +1.5761	 +0.0194	 +2.9294	 -2.4092	 -0.5012
 +3.4659	 -1.6300	 +3.1869	 +0.2816	 +1.0300	 +5.2269
-10.1344	-13.5918	-17.3006	 +0.7131	 +1.2902	 +2.2722
 +2.3732	 +6.1296	 -3.3504	 -0.5151	 +3.5999	 +4.1161
-15.8090	 -7.0767	+16.2548	 -0.2877	 +0.9502	 -2.0216
 -6.1460	 -9.9183	 -7.7215	 +2.5269	 -1.9808	 +2.6172
+11.8080	 +1.1324	 +4.0036	 +1.4524	 -1.0814	 +1.7246
-33.1962	+16.0934	 +3.8971	 +1.3221	 +0.1018	 -1.9155
 -4.1340	 +3.6894	 +5.6293	 +0.9570	 +2.4112	 +0.7151
 -0.5235	 -3.1057	+16.3084	 +1.3075	 +2.2621	 -1.2656
 +4.2951	 +4.5433	 +8.7637	 -2.9455	 -2.6194	 +0.7384
-12.8062	 -6.2972	-11.0998	 -0.8641	 -2.0317	 -2.8320
-28.1318	+31.2665	-71.8565	 +0.5252	 -1.5190	 +0.9138
 +1.6481	+27.0522	 -0.1109	 -2.3221	 -0.0888	 +1.4784
-22.8975	+73.2760	-51.0077	 -2.0745	 -0.8292	 +0.2972
 -7.9628	 -7.4797	 -0.5881	 +4.5106	 +1.0109	 +0.5234
 -5.1223	-13.1983	 +4.1480	 +3.0027	 +2.9061	 +2.1394
 -1.9838	+23.3268	 +4.5033	 -0.7977	 +0.5931	 +1.6667
 +6.8879	 +2.7154	 -9.2349	 +1.3095	 -1.1239	 -5.1654
 -9.2116	 -6.9266	+13.4870	 +3.4666	 +0.1272	 +0.2849
 -0.9142	 -9.7456	-14.4887	 -1.9812	 -0.6152	 -2.5821
 +3.6355	 +1.3437	 -2.7891	 -2.2922	 +2.5108	 +4.0002
 -4.1295	 +1.8377	 -2.2939	 -2.4027	 +1.5289	 -2.7951
 -5.6234	 -6.1640	-14.9233	 -0.8350	 -3.7101	 -1.1439
 -1.5353	 +9.4199	 -7.1586	 +4.5840	 -0.8140	 -0.2653
-12.1396	 +2.1068	 +7.3765	 -0.8359	 -1.9251	 +2.8561
-11.2218	 -1.4514	 +6.7556	 -4.0638	 -3.1205	 -0.7742
 -6.1782	-20.1295	 +2.1809	 -3.4690	 +2.5384	 +1.5545
 -1.6261	 -4.3658	+12.4102	 +2.1298	 -0.6523	 +0.9610
 -0.5871	 +3.9118	+10.3140	 +2.4247	 +0.2980	 -1.6601
 +0.5181	+15.6034	 -2.1115	 -2.8852	 -1.3565	 -0.8587
 +7.5416	+12.1454	 +0.3969	 +1.6343	 -2.0797	 -2.3652
-141.8125	-174.6808	+114.4504	 +0.3896	 +0.9044	 +0.0756
 -5.6094	+12.6069	 -8.7410	 -2.6083	 +2.0998	 +0.2012
-18.5432	+35.8215	+44.2270	 -0.2069	 -2.4840	 -0.5885
 -6.9512	 -3.9839	 +9.8605	 -1.8412	 +0.3690	 +3.7772
 +7.5115	+74.4555	-81.2676	 +0.0650	 -0.1097	 +0.4561
 -3.8076	-19.7876	 -3.6563	 -0.7804	 -1.7285	 +2.4562
 -4.8382	 +2.1734	 -5.5576	 +3.3511	 +0.3507	 -3.7302
 -5.6712	+23.7951	-24.0390	 +1.9621	 -0.9949	 +0.7371
 -1.4627	 +4.8398	 +0.5987	 +5.9659	 +3.9699	 -1.3727
-18.8991	 -4.7719	 -5.2759	 -1.4644	 +3.3650	 -1.0008
-10.4145	 +1.0605	 +1.6000	 +0.5568	 -3.7570	 +0.4972
 -0.8588	-10.6226	 +8.7954	 +0.1162	 +1.6515	 +0.6151
 -2.0560	 +0.0759	 +3.0556	 +4.5430	 +0.3386	 +0.2436
 +3.1041	 -6.9671	 -8.2836	 -0.5608	 +0.3708	 -1.3387
-22.4100	 +8.4568	 -3.3185	 -1.0733	 -1.6661	 -0.5499
-15.3233	+15.3502	 +1.0618	 -1.4537	 +0.9675	 -0.9668
-17.4258	+15.8927	 +1.5243	 +1.7659	 -3.1189	 -0.1867
 +1.6603	 +1.5031	-31.2965	 +0.4341	 +0.7006	 -0.9955
+14.0578	+12.3541	 +1.4370	 -1.3589	 +0.7293	 -2.6411
 +0.1337	+13.8284	-18.9110	 +1.0990	 +1.6938	 +1.9665
 -5.4529	 -4.2819	 +4.4605	 -2.4251	 -0.6723	 +4.8617
-23.3707	 -6.3261	+11.1429	 -2.1156	 +0.8434	 +2.5892
 +8.4878	 +4.4993	 -3.4104	 -1.7428	 +1.2914	 -1.5041
+12.3974	 -4.3724	+12.0072	 -0.3796	 -1.7812	 -0.5565
 -3.9545	-10.8036	 -0.5386	 +0.4960	 -1.0856	 -0.0745
 +2.0344	 +5.6169	 +8.8425	 -1.9497	 +2.0842	 -2.3085
 -1.7828	-19.3460	+10.1630	 +0.9479	 +1.8171	 -1.1222
 -8.0196	 +5.5466	 -2.3252	 -4.5016	 -1.7636	 -1.8286
 +1.8104	-11.0411	 -2.2212	 -0.0683	 -0.2240	 -2.2057
 +2.3453	 -2.3765	 +1.4291	 +5.9816	 -1.3312	 -2.1347
-16.4388	+10.0755	 -4.2690	 -1.4899	 +0.1830	 -0.2977
 -4.2454	+13.9016	 +6.3685	 -1.4877	 -2.0896	 -0.7990
 -8.7175	 -8.5389	 +3.3586	 +4.3266	 -1.1446	 +1.4489
 -2.9570	 +5.7266	 +1.5470	 -1.9232	 -2.8592	 -3.4692
 -2.9743	 +7.2606	 +7.0452	 -1.0417	 -3.3138	 -0.8377
 +9.5203	+25.7932	+26.8124	 +0.3645	 -0.3699	 -2.1312
 +0.4713	 -2.2037	 -0.3967	 +4.9361	 +2.4431	 -1.9988
 -8.4830	 +4.9143	 -4.4499	 -1.0959	 -6.7164	 +2.5412
+32.2856	 -9.8382	 -0.2913	 +1.7145	 +0.9816	 -2.3282
 +2.9822	 +2.0766	 +7.9524	 +2.7361	 -1.8138	 +0.5767
 -8.1624	 -6.5598	-10.5890	 +0.7585	 +0.5967	 +0.7351
 +9.5874	 +9.1286	-14.5713	 -0.3426	 +0.1440	 -0.5982
-13.4654	 -0.2617	 -2.3208	 +2.4046	 -0.6529	 +1.1765
-16.0132	 +4.1485	-13.1884	 +1.4823	 -2.1069	 +3.4716
 +2.5602	-12.2081	-13.4212	 -1.2151	 -0.9939	 +1.9449
+13.8383	 -5.1807	 -4.6102	 -3.4477	 -0.2227	 +3.3309
 -2.9951	 -2.1500	 -6.4030	 -1.2768	 +1.7721	 +3.3236
 -2.9423	 -0.3029	 +1.0079	 +0.7237	 +1.3166	 -0.4838
 +8.0647	 +6.9392	-11.2047	 -2.0377	 -2.9849	 +1.7134
 -7.8046	+42.8755	-10.9087	 +1.9443	 +0.6542	 +0.1913
 +3.5736	 -1.0984	 -6.2701	 +0.6459	 -1.5920	 +1.3228
 -1.8335	 -8.1339	-24.2412	 +2.1037	 -0.0186	 -0.1997
-13.9695	-15.5465	 +2.2562	 +0.8902	 -2.7644	 -3.0333
+10.2055	 -8.4133	 -4.6216	 -3.9504	 +1.3932	 +1.0231
 -4.3398	-23.3026	 -0.3978	 -2.0772	 +0.7246	 +0.6371
 -5.7797	 +2.8624	-11.1634	 -0.5651	 +1.1224	 -1.6366
 -3.7089	 +3.7853	+20.0851	 -1.5826	 -1.2090	 -0.4691
 -2.2906	+10.7676	-15.5482	 +1.0848	 +0.9826	 +3.5991
-14.5050	 -0.6355	 +3.5818	 +1.7277	 -5.0427	 -0.2796
 +5.2294	 -0.3017	 -8.1775	 -1.9128	 +1.6903	 +4.8042
 +3.9562	 +0.5164	 -0.6283	 +1.8121	 +2.6378	 -1.3196
+11.9904	 +3.6740	+40.9634	 -0.8962	 -0.6423	 -0.3329
 +5.1375	 +1.8341	 -4.4340	 +2.0582	 +0.1354	 +0.5940
 -5.2898	 +9.2793	 -2.0632	 -2.3747	 -0.8432	 -3.4783
 +3.4731	 +6.3697	 +4.6799	 +3.3694	 -5.0307	 +0.2072
-10.4318	 +6.8885	 +0.1682	 +2.6679	 -0.1841	 -1.2139
 -8.3811	 -5.7548	-16.0329	 +1.9006	 -2.1608	 +1.3912
-18.8066	 +1.3855	 -0.2505	 +0.1269	 -2.1681	 -2.4218
 -3.6032	 -4.4303	 +6.4915	 -0.6655	 -2.1336	 -0.6204
-62.7354	-16.9716	-25.5899	 -0.1205	 +0.2877	 +0.1048
 -3.5011	 -9.1443	 +2.4878	 +0.9927	 +0.6619	 -2.7260
 -8.7299	 +0.2380	 -1.2185	 -2.3069	 +1.2349	 -3.8890
 -3.6371	 -2.7746	 +2.5909	 -4.4032	 +1.7657	 +0.1297
