# Num Particles: 1000
# Num Cores: 1
# Total Energy: -2.262054e+04
# Iterations: 741 of 1000
# Current Time: 2018-05-06 04:30:47.428101
# Elapsed Time: 11:16:51.667569
# Avg. Step Time: 0:00:54.806569
# 
# x	y	z	vx	vy	vz
# 
 +5.7214	 +2.1679	 -0.4607	 -1.8294	 -1.2239	 -0.3969
 -1.1289	+11.3541	 +3.1630	 -2.6263	 +4.5899	 +0.8832
 -6.9974	 -5.6714	 -2.6051	 +1.4559	 +2.5334	 -3.8122
-33.2833	+14.9716	 +6.9025	 -0.5329	 -2.1591	 +0.9714
 +5.7929	 -9.7707	 -1.2157	 +0.6452	 +4.5211	 +0.8931
 +3.2631	 +1.0408	 +4.1404	 -2.9563	 -0.8037	 +4.3371
 -2.5789	 -8.1323	 -8.0517	 -2.8493	 +3.5649	 +1.4719
-10.8916	 -7.9845	 +2.6913	 -1.4325	 -2.6445	 +1.7236
-10.1012	-18.2062	-10.0559	 +3.1243	 +3.7558	 +0.6822
-28.1958	+12.1930	 +3.8263	 -1.0088	 -2.3363	 +0.0109
 -2.5787	+11.9261	 +7.2020	 +3.9768	 -1.3415	 -3.2299
 +4.0570	 -1.4101	 -2.2325	 -0.4057	 -2.9755	 +2.4981
-13.8534	 +7.8202	 -7.0545	 -0.5325	 -0.9333	 +2.1773
+13.1221	+16.6325	-30.4538	 -2.3516	 +0.2723	 +0.2361
 -4.4957	 +3.4532	 -0.6378	 -2.6427	 -0.4960	 +1.0583
 +1.9721	 -7.5288	 -8.1861	 -4.8803	 -0.3311	 +1.0731
 +3.0976	-10.8692	+11.5319	 +2.5277	 +1.5709	 +0.8255
 -9.2044	 +3.6893	-10.6498	 +0.8502	 +0.0935	 +3.9664
 -5.2126	 +2.3617	 -8.6046	 -2.5856	 +4.1969	 -1.3400
+95.3325	-34.2060	+79.5652	 -1.4957	 -0.7981	 +0.1002
 +8.1728	+10.8013	 +2.0633	 -0.6886	 +0.5401	 +2.4252
 +1.2116	 -5.6220	 +6.4899	 -0.2617	 +3.0417	 +0.4806
 -9.6550	 -3.0335	 +7.1095	 -0.4570	 -2.5084	 -0.5110
 -6.5757	 +4.1466	 +7.5918	 +1.3897	 +0.4990	 -2.6209
 -6.7285	 -3.9762	 +1.5110	 -3.9468	 -2.2291	 +1.4880
-45.7229	+33.6030	 -8.5052	 -1.1215	 +1.6259	 -1.2167
 -1.9956	 -5.8672	 -1.3577	 +1.0779	 +3.9865	 +1.8569
-18.3849	 +5.4506	 -4.5701	 -1.0923	 +2.4127	 -3.1168
+10.7430	-10.0560	 -9.4267	 -2.8708	 -3.0031	 -1.6263
+10.9802	+10.6537	 +3.3278	 +2.3074	 +4.2906	 +2.1842
+21.9654	 -5.6805	-12.8700	 +2.1572	 +0.9240	 +0.3456
-59.1025	+21.3100	+11.8842	 +0.0176	 +1.7854	 +1.7144
-11.3795	 +2.8815	+14.7125	 +1.3618	 +1.5821	 +2.5262
 -1.9181	+13.1657	-10.1203	 +1.2908	 +2.4263	 -1.0039
 -4.1855	 -5.3186	+16.5920	 +1.3274	 +0.2292	 -2.8640
 -9.1622	 -1.6389	 -6.3831	 +1.4463	 -0.2621	 -0.2645
 -5.8845	 -1.4857	 +1.6367	 +0.7326	 +4.5331	 -1.7868
 +8.7117	 -8.0443	-10.3648	 -2.1589	 +1.0274	 -2.1900
 -5.9423	 +8.5918	 -3.9860	 +0.2701	 -5.9760	 +1.8733
 -3.4178	 +7.3891	 -3.1399	 -0.7964	 -3.1932	 -2.2554
+21.4757	-29.4060	 +8.8877	 +0.5099	 -1.7430	 -0.5695
 +2.2660	 -8.9232	 +6.8714	 +0.9372	 -1.0013	 +1.6009
 +0.3041	 +7.5703	 +4.2034	 +2.3139	 -2.8201	 +1.5945
 +3.2981	 -1.7603	 -3.9774	 +2.3671	 +3.0668	 +1.0983
 +9.4653	+12.7729	 -8.4370	 +1.3554	 -3.0960	 +3.1882
 -7.3743	 -2.2331	 +1.0509	 +2.2362	 +0.7264	 -2.6126
 +8.0195	+13.0499	 +1.9019	 +0.2853	 -1.9899	 +2.6501
+27.8482	-12.4025	 -8.9285	 -2.1225	 -0.6016	 -1.3912
 -7.0221	 -3.7198	 -3.9657	 -2.5830	 -0.8724	 +1.0536
 +9.3462	 +4.6489	 +4.6760	 -0.6670	 -2.4158	 +0.1641
-25.2632	-53.6272	-26.0589	 +1.3707	 +0.7560	 +1.8604
 -1.7402	 +3.7208	 -4.7504	 +1.5575	 +1.5016	 +4.1957
 +5.0756	+11.1428	+24.3205	 -2.4615	 +2.7256	 +0.9157
 +3.0004	-17.9750	 -0.3891	 -1.9291	 -2.1213	 -2.5872
 +8.1870	+11.1678	+63.4325	 +0.3742	 +2.1691	 +1.0763
-29.6431	 -1.6709	 -4.3060	 +1.2615	 +0.9655	 +0.1752
+10.4112	 +1.3276	 -4.0886	 -5.7729	 +0.4379	 -1.0653
 +5.6288	 -7.1058	 -7.3866	 +0.9400	 +0.8154	 +2.1889
 +2.7574	+15.6313	 +3.0618	 -1.0491	 +0.6910	 -1.7215
-19.3869	 +0.7902	 +1.7911	 -0.8427	 +4.6004	 -1.9939
-28.8563	 +5.8028	 -7.4110	 -0.0105	 +0.3202	 -2.3670
 -6.5009	+26.0793	-21.2001	 +0.6778	 +2.1964	 +0.9725
 -2.9117	+12.4917	 +0.1531	 -1.1765	 -0.6507	 +0.7612
 +2.9034	 +3.0646	+10.7126	 +0.4870	 +3.1080	 -1.0428
 -0.1756	 +1.0669	 -4.9342	 +1.4307	 +0.1489	 -3.5490
 -9.2789	 -8.8595	 -5.6624	 +2.2267	 +1.7740	 +2.4288
 +2.9887	 +4.2674	 +4.7792	 -1.8419	 -0.0150	 -5.5830
-28.3755	-23.8402	+25.3039	 -1.5073	 -1.1859	 -0.8902
 +0.5895	 +3.7217	 +5.3909	 +0.2970	 +4.9733	 +3.1022
 +3.6860	-13.2750	 +3.0305	 +0.3662	 -1.4475	 -2.2606
 +1.8763	 +4.6867	 +1.9701	 +1.8223	 -0.6170	 +0.4345
 +8.2313	+11.6733	 +2.2025	 +1.6300	 +3.1430	 -0.6074
 +8.2236	 -3.3670	 +0.8909	 +0.0638	 -0.7617	 +2.5260
 -1.9990	+15.1735	-103.1189	 +1.9407	 -0.0367	 -1.1296
+19.9294	-12.0106	 -7.7594	 -2.0780	 +3.0863	 +1.2663
 -7.9021	-17.5048	 +4.9301	 +2.9438	 -2.1417	 +2.3294
 +1.8027	 -5.8660	 +1.7091	 -1.4108	 -2.0367	 +0.1257
-12.3258	 -8.3723	 -8.7813	 +0.9309	 +2.6551	 -3.3745
 +4.9875	-10.0671	 +6.5687	 -1.2678	 -2.1604	 -1.4509
+29.8419	 +0.0416	 -4.6068	 -0.1832	 +2.3558	 +0.3087
 -0.3765	 -1.5030	 -5.8795	 -0.1370	 +0.7748	 -1.4179
 -0.2985	+11.7595	 -7.0781	 -2.6371	 -2.6898	 +1.5838
 +0.2618	 +0.2975	 +6.2182	 -0.9342	 +0.2539	 -3.2492
-15.8167	+18.7294	+35.5846	 -0.4012	 -1.3132	 +2.2080
+21.4335	+16.5600	+17.3311	 -0.0163	 +0.8982	 +1.5288
 -8.1235	-10.1312	 -8.9337	 +1.3795	 -1.9985	 -4.0277
 -2.2908	 +3.4864	-10.9782	 +4.8420	 +0.7932	 +0.9367
 -5.5877	+24.7437	 +7.8674	 -0.4401	 -0.4190	 -1.0827
 +8.6727	-25.9407	 -2.8304	 +1.5824	 +1.7784	 -1.8860
 -6.9246	+11.3125	 -4.8165	 +0.0982	 +2.4355	 +0.0864
 +3.2788	 +6.7308	 +6.9439	 +3.0028	 -1.4778	 -1.7112
 -1.5945	 +0.3410	 -4.8621	 -0.8057	 +0.2328	 +0.5498
-18.3164	-30.9463	-48.7607	 -0.5207	 -0.4346	 +0.2565
-19.5154	 -7.9595	+14.8396	 -1.4696	 -1.1264	 +1.1237
 -7.3038	-10.4723	 -0.3491	 -1.4614	 -1.2815	 +0.7294
 -0.7043	 +7.7365	-15.3859	 -2.9179	 +1.5826	 +0.2703
 -9.2378	+25.3780	 -1.0015	 +0.1773	 -2.4037	 +2.8147
 -9.8405	 -3.1189	+10.5526	 -0.3702	 +0.5268	 -3.7155
 +4.4039	 -9.4592	 -5.9019	 +4.0430	 -1.7669	 +0.2113
+10.4439	 +4.3473	-11.8671	 +2.4649	 +2.1764	 +4.1470
-17.5857	-13.5265	 +0.3830	 -2.0321	 +1.4380	 +0.7364
 +8.5874	 +1.4076	 +4.7301	 +2.4705	 +0.2079	 +2.9824
 +3.1729	 -1.0175	 +0.9038	 -0.7943	 -1.3389	 +3.4630
 +2.7340	+11.8491	 +1.8299	 -0.0787	 -0.6441	 +3.8542
 -1.3691	 +0.3035	 -2.0968	 +1.0318	 +1.2725	 -1.7804
+13.1787	 +8.9657	 -3.8068	 +0.2485	 -0.4898	 -2.9686
 +7.3134	-12.7605	 +7.6026	 +3.0358	 +2.4110	 -3.5730
 +7.0026	+10.2477	 -3.5197	 +3.1328	 +1.1610	 -0.2726
+28.7007	+20.7921	+12.5925	 -0.3640	 +1.0215	 -1.2033
 +3.5492	 -1.4228	 -7.6892	 -2.3760	 -0.4725	 +4.1173
 +9.0257	 +6.3628	 -3.1991	 -0.0086	 -3.0716	 +1.1086
+472.7322	+392.4633	-225.2057	 -0.2834	 +0.6699	 +0.3169
-139.6256	+106.9442	+202.8495	 -0.0893	 +1.1207	 +0.4095
+27.6829	 -9.1770	 +5.7227	 +1.1794	 -0.4738	 -1.3234
 -7.5812	 -6.0302	 +8.0592	 -1.5184	 -0.2883	 -4.6530
 -3.7250	 +1.9891	-11.5557	 -0.5719	 -4.5876	 -0.2870
 +0.4388	-11.7392	 -8.7387	 -3.0579	 +0.0621	 +0.6577
-62.4377	-14.2658	-15.2467	 +1.9249	 +0.3199	 -0.6563
 +4.7041	 -0.0332	 -1.9585	 -0.1340	 -0.9290	 +1.1365
+47.9248	-26.3637	-40.9841	 +0.1022	 -0.4908	 +0.6133
 +2.9901	 -5.2361	 -4.8958	 +3.3707	 -1.1845	 +5.1310
 -0.0837	 -4.4558	 -3.9300	 +2.7178	 -2.9195	 -0.8220
 +0.3555	 +7.5776	 -6.6078	 -2.9724	 -1.2356	 +1.2761
-13.1246	 +6.2231	 -1.5259	 +2.3065	 +2.3701	 -0.5777
 -2.2891	 +0.7873	 -5.7672	 -1.6713	 -0.6532	 -1.4140
 -4.2739	 +1.0533	-10.2610	 +1.6817	 -2.5552	 +0.2116
 +7.9007	 -0.6232	 -4.7794	 +2.8227	 -0.5024	 +4.2775
 +6.3725	 +0.6453	 -4.0302	 +2.5746	 -0.2312	 -1.1510
 +0.2597	 +1.2560	 +5.0715	 +3.0576	 -2.1703	 -0.6097
 -7.9527	 +5.2223	 -3.1645	 -1.0533	 +4.0670	 +3.7702
+14.3730	+24.2843	-171.5757	 +0.0597	 -1.1761	 -1.2102
 +2.5897	 +7.2922	 -8.0378	 -3.9846	 -1.0653	 -1.6779
-10.3075	 +4.2039	 +4.2099	 -0.3580	 -2.4694	 +1.8039
 -5.6252	 +4.3996	 -4.7206	 +4.2980	 +0.9359	 -0.9891
 +0.7223	 +3.8330	 -0.3797	 -0.2212	 +3.0914	 -0.0396
-18.9472	+14.2840	-26.9526	 +0.2515	 -1.9500	 +1.9403
+15.1547	+10.0826	 -1.8035	 -0.4352	 +2.9344	 +1.9551
 +8.9146	-29.4577	+19.3449	 -1.9701	 -1.2419	 -0.0571
 +0.6925	 -2.4711	 -9.0297	 -1.7242	 +3.4200	 -0.1465
 -9.4841	 +7.3844	 +6.2743	 -2.1018	 +3.8509	 +1.5679
 +0.5025	 +4.2595	 -5.7542	 -2.2242	 -0.3629	 -4.3553
-16.1130	 -2.1909	 +5.9206	 -2.5450	 +2.6140	 -2.5226
 -3.7243	 -1.8592	 -5.7289	 +0.6458	 -0.9908	 -0.6854
-15.5197	+19.1279	-34.1371	 +2.7514	 +1.7963	 +1.0854
+59.9551	 -7.4473	+18.6529	 -0.0616	 -1.9012	 -0.4240
 -1.3020	 -1.4106	 +3.5136	 +2.0804	 +0.3216	 +5.1727
-36.8624	-63.3704	+51.9092	 -1.1601	 +1.2414	 +0.7770
 -5.8645	 +2.0588	 +2.0256	 -0.4271	 -5.4009	 +0.2942
+10.1613	 -2.7341	-20.5130	 -3.0620	 -1.5058	 -1.0104
+13.8827	+10.1525	 -3.3694	 -0.5312	 +0.0414	 +0.8284
 -2.4853	 +5.3193	-16.4363	 -1.4120	 -1.3174	 -2.4775
+11.0914	+10.5092	 -8.5617	 -1.6385	 +1.3794	 -0.1329
-16.8334	+10.0064	 -0.2528	 +0.4976	 +0.3145	 +0.1619
 +5.4645	 -8.9930	 +2.4747	 +0.6694	 -1.3211	 +2.1636
 -2.7963	 -8.6385	 -1.5836	 -2.4738	 +2.9439	 +2.7341
 +0.1118	 +1.6818	 +6.7635	 +4.2354	 -1.6494	 +2.7147
+15.6423	 -0.7399	-17.2590	 +0.5342	 -1.7357	 +1.4741
-11.8377	 +9.2087	+26.2804	 -2.7061	 +0.5843	 -1.6133
 +6.6137	 -7.9904	+11.6998	 +0.7457	 -0.1071	 -0.5261
 -1.4689	 -1.5027	 -1.2722	 -3.5398	 +1.8471	 +0.0005
 -7.8026	 -2.5027	 +3.9487	 +1.9217	 -2.4477	 -1.7665
+15.6686	 +0.0676	-12.6103	 +3.2000	 +1.8676	 -2.9143
 -8.8572	 -3.6545	 -0.6509	 +2.3660	 -0.3153	 -0.6796
 -6.1696	 +0.9324	 -1.9002	 -2.8293	 -5.1227	 -1.6072
+10.5488	 +6.2224	 +6.2742	 +0.2296	 +1.8030	 -1.7151
-16.5442	 +0.6156	 -1.1075	 +0.8628	 +0.9846	 -2.4042
 +1.3667	 +3.1351	 -3.3999	 -1.5518	 -2.3342	 +2.7479
 +0.2060	 -9.4735	 +9.0452	 +4.1039	 +1.9415	 +2.6665
 +3.0301	 -1.8712	 +0.3596	 +2.5371	 -0.9497	 -1.3978
 +3.1964	 -3.0088	 +3.7669	 -3.8875	 +2.4656	 +2.6338
 -5.1103	 -4.8789	-15.9926	 +2.6788	 -0.5892	 +2.6206
 -1.0400	 -0.8638	 -6.6131	 +1.7290	 -0.4430	 -0.4347
 -3.0967	 -1.5880	-19.5115	 +0.6425	 -0.2866	 +1.5585
+21.4989	-14.3655	+18.4401	 -1.8400	 +0.2238	 -1.5856
+11.6320	 -2.8710	-23.7937	 +2.0411	 -1.8509	 -2.9719
+38.8315	+32.1543	-26.3559	 -2.5071	 +0.6100	 +0.1404
-19.0159	 +5.0186	-12.4685	 +1.8469	 +2.8093	 -1.2344
 +3.9824	 +3.3449	 +1.9690	 -0.0098	 +6.7629	 +0.5316
 -3.6655	 +5.9214	 -3.1076	 -1.2193	 +0.2736	 -2.7775
 -1.5028	 +2.8284	 -4.7729	 -1.0960	 +2.0028	 +2.2980
 -7.9622	 -3.4786	 -2.3219	 +3.5675	 -1.4827	 +1.0533
 -6.7885	 -3.0358	 +3.9136	 +1.0324	 -3.7791	 -0.0765
 -7.8252	 -1.3681	 -7.8000	 -0.5832	 -0.2620	 +0.4801
 +7.2778	+23.1355	-26.7738	 -1.4782	 -0.1747	 +0.0233
 +2.2617	+12.1585	-20.6234	 -2.4160	 +0.4057	 -1.4956
 -4.5859	 +2.9280	 -2.6652	 +1.7289	 +1.1043	 +2.9390
 -4.2663	 -8.0539	 +3.5465	 -0.0758	 -2.0749	 -2.0893
 -1.4293	 -3.2262	 +0.2857	 +0.7855	 -1.9617	 -1.2928
-16.8028	 -3.8042	-10.8300	 +1.4802	 +1.8384	 -0.2745
 +1.8896	 -3.2578	 +2.5729	 -0.0270	 -0.4219	 -0.2318
 -9.5818	-26.3750	+11.2888	 -0.2337	 -0.6268	 +0.0412
 -6.6599	 +1.4929	 +3.2844	 -1.4006	 -1.7552	 -1.8893
-10.8579	+17.3641	-39.7816	 -1.3647	 -1.5305	 -0.6312
 -2.9414	 +9.0306	 +1.9370	 -0.5485	 -0.7200	 -3.8246
 -1.9715	-15.7626	 -6.1254	 -1.5039	 -1.3204	 -1.7511
 -3.2901	 -4.7205	 -4.7850	 +2.4479	 -1.1735	 +0.7174
-13.5620	 +8.0850	 -3.5872	 -1.4684	 -2.4377	 -2.0214
+22.2258	-99.1519	-29.5271	 -1.3929	 +0.4233	 +1.0387
 +2.1618	 +5.9863	 +7.8782	 +2.0028	 -3.7463	 -1.0555
+11.8977	+10.5009	 +9.2022	 +1.2316	 -0.2453	 +3.1044
-15.3748	-20.3606	 +1.3586	 -0.1792	 +1.8718	 +3.5352
 +5.7570	 +9.3511	 -6.0587	 -5.3358	 -0.8607	 -1.2993
 +0.2603	-10.0711	 -1.2480	 +1.2035	 +0.6436	 -2.8075
-10.0046	 +5.2414	 -1.2647	 +3.1852	 -2.3458	 -0.9866
 +7.4669	 -0.1256	 -1.1262	 +2.9415	 +2.9175	 -3.2174
 -1.0938	 +1.8554	 -3.4738	 -2.4665	 +3.8049	 +1.2569
 +5.1669	 +0.5438	 -2.9015	 -1.5137	 -0.0234	 +2.1533
-25.5285	 +6.9903	+13.5633	 -0.2510	 -2.7435	 +2.5109
 -8.8804	+53.3124	-26.8822	 -2.0306	 +0.1998	 +1.5013
 +1.7520	 -1.9854	 +2.8050	 -3.6512	 -0.4585	 -2.9882
 -2.2815	 -8.0373	 -1.3984	 -4.8807	 +0.5422	 +1.4966
 -2.8419	+10.4216	 -6.9379	 +2.6549	 +2.8671	 +0.6915
-10.1782	 -3.2386	 +2.3512	 +0.7162	 -3.9262	 +3.0061
-24.5970	 -1.6658	 -4.7387	 -1.6321	 -0.3622	 +1.0260
+11.5921	 -9.1705	-21.2064	 -2.1564	 +0.9690	 +0.8300
+121.0950	 +6.0392	-38.6990	 +0.1484	 +0.1422	 +0.7416
+12.4836	 -0.8777	-27.2070	 -1.9329	 -2.4605	 -1.7062
 -8.2603	 +3.7808	 -5.3291	 -2.3756	 -0.7563	 +0.9083
-17.5292	 -1.3500	 -7.3989	 -0.3096	 +1.1888	 -1.7704
 -6.6196	 +7.3149	 -1.1653	 +1.4400	 -0.8905	 +0.4127
+24.5666	-29.0941	 -9.4627	 -1.7803	 +1.0963	 -0.3611
 +2.7624	 +6.0393	 +0.2850	 -2.0742	 -3.1978	 -1.0303
 -2.7800	 +3.6677	 -8.2710	 +4.5694	 +1.8739	 +2.0769
 -9.4941	 +1.8872	 -2.8303	 -0.8691	 -1.6516	 +3.3736
 -0.4670	 +1.0392	 -0.4951	 -1.9738	 +0.7372	 +5.4837
 -4.4312	 +0.4975	 -1.9866	 -1.0562	 -1.4092	 +3.0425
 +0.4450	 +3.4387	 +9.6678	 -2.1950	 -0.9145	 -0.5054
 -5.9234	 -6.0119	 -8.8345	 +0.3443	 +1.8438	 +2.2928
-10.9665	 -3.5443	 -5.3879	 -0.5947	 +0.6904	 +0.7325
 +8.2617	 -5.4460	 -6.0581	 +2.4916	 -0.1295	 +0.1863
 +3.4812	 -2.0316	 +2.6345	 -1.9561	 +2.0360	 -0.1707
 -2.2520	 -6.4758	 +0.3542	 -0.2862	 -0.4810	 +1.1088
 -4.7756	 -0.9188	 +6.1683	 -4.3340	 -2.0981	 -0.2160
 +8.9460	+13.7177	 -0.8927	 +0.9724	 -0.3196	 -0.6432
 -0.7063	 +6.7000	+10.5591	 +1.3936	 +2.8513	 -1.1304
 +7.1395	 +3.0778	-18.2539	 +1.1551	 -1.7030	 -1.7486
 -0.8118	 -7.7343	 -9.3839	 -1.3998	 +4.2930	 +0.2558
+10.2484	-22.9380	+12.8067	 +1.3945	 -1.0993	 -1.9503
 -6.1370	 -2.7103	 +1.5427	 -2.0347	 -3.0636	 -2.1466
 -1.6622	 -1.6641	 -1.9930	 +0.3492	 -2.3059	 +1.6532
-59.1702	 -2.5220	 +2.6121	 -1.0745	 -1.5324	 +0.4029
 -4.4189	 -1.3790	-10.4663	 -0.0420	 +1.7198	 -0.4750
 +0.1409	+18.7248	-10.8361	 -0.8455	 -0.4716	 -1.4070
+13.7571	-11.8185	 -0.4528	 -1.9836	 +0.8576	 +0.2527
 +1.1142	 +5.4294	 -3.7682	 +0.4052	 +2.2943	 -3.1174
 +0.6654	 +1.3096	 -0.6825	 +3.7109	 -4.5821	 -2.6549
-28.4135	 -1.5129	+35.9813	 +0.8564	 +1.2181	 -1.3589
-18.9987	 -1.0156	 +5.4015	 +0.2637	 -0.2464	 -1.3510
 +0.3514	+11.6643	-10.6294	 +1.9928	 +1.4197	 -0.0002
-26.4817	-26.8191	-12.5405	 +2.3995	 +1.1800	 +1.9412
 -3.2276	+27.4190	 +7.2836	 +2.8738	 -0.4590	 +0.0424
+10.0668	-11.2092	 +9.0427	 +3.3167	 +1.1183	 +2.4475
 -4.8331	 +1.0576	 -4.8623	 -3.2696	 +4.1843	 +0.1321
+11.0611	 -6.5948	 +7.2171	 -0.7480	 +1.5185	 +0.4667
+1872.5432	-32.1703	+790.6506	 +0.2206	 -0.2337	 +0.0659
 +4.2550	 -6.1120	 -6.3507	 +0.1815	 -0.9071	 +2.6420
 +6.6240	+13.1069	 +1.7114	 -2.2414	 +1.3877	 +0.8000
 -7.5684	 -1.0279	 +8.4292	 +0.1641	 -0.7693	 -3.1145
+10.6781	-10.9756	 -1.6254	 -4.0821	 +2.0140	 +2.2052
 +8.8816	+12.8426	 -6.1509	 +0.7028	 -0.4264	 -1.5157
-60.6107	-55.8488	-70.6008	 -0.7601	 -1.2017	 -0.1282
 -0.3392	+11.6794	 +2.0299	 -1.2403	 +1.1945	 +6.4738
 -0.0234	+13.9594	 +4.0742	 -3.9717	 -0.2971	 -4.4592
+22.8304	-19.6282	+10.5278	 -0.2954	 +1.8779	 -0.2734
 +6.6334	 +2.5862	 +0.9523	 -0.4658	 +0.3027	 -0.3009
+16.0059	 +2.8787	 -4.0584	 -1.5543	 -4.6042	 +1.4073
 -5.9490	 +7.5341	 -1.3936	 +1.3538	 -5.2482	 -1.3116
 -5.1252	 +5.5526	 -2.0969	 -1.7207	 +2.6271	 +0.6812
 +0.7821	 -5.8838	 -6.4286	 -1.6026	 -4.1100	 -3.2114
 +2.7000	-19.6716	-13.4311	 +0.0618	 -1.2635	 +1.1561
 -1.3485	 +2.0996	 -8.3710	 -0.8406	 +4.0255	 -3.6128
 -6.6946	 +1.0187	 +3.7465	 -1.0118	 -2.1730	 +0.4734
 -6.4797	 +8.5670	 +8.3599	 -2.5787	 +0.0755	 -1.0065
 +8.1542	 -6.4257	-10.5263	 -1.8162	 +1.6429	 -2.5315
 +1.3802	 +1.0400	 -1.7408	 -3.3364	 -2.8923	 -2.1873
 -1.7526	+10.4518	-11.2264	 -3.9777	 -2.0949	 +3.7711
 +2.2879	 -3.6240	 +0.8289	 -2.0009	 -1.8523	 -2.7328
 +2.2688	 -0.1974	 -1.9897	 +2.0252	 +3.1196	 -1.9503
 +1.2623	+12.8478	-17.2062	 +0.4650	 -2.7755	 -3.5105
-11.2032	 +7.2516	 +9.2713	 -0.1613	 -0.4048	 +0.2801
 +9.3094	 +4.8050	 -8.0265	 -0.6331	 +0.7360	 -1.2008
 +6.4910	 -9.7290	 -2.8343	 -0.2811	 -0.1649	 -1.8933
 -0.5839	 -8.9909	 +0.4859	 +4.3387	 +1.0971	 -0.4381
 -4.9296	 +4.1399	 -3.3001	 -4.4935	 +3.4060	 -0.4936
 -0.3865	 -9.6576	 -9.1222	 -0.0387	 +0.1026	 +1.4870
 +6.0466	 +2.9117	 -5.4214	 -1.1539	 -2.5355	 +1.1375
-22.3882	 +6.5614	 +1.2472	 +0.9276	 -1.2733	 +3.0074
-27.4487	 -8.4853	-12.0450	 +0.8765	 -0.1159	 -2.5571
 +1.7949	 -4.5756	 -9.6097	 +0.9822	 -3.6718	 -2.5627
-130.0343	-47.9541	+75.7920	 +0.7450	 -0.9234	 +0.6490
 +1.4656	 +1.7297	 -2.3231	 -0.1646	 -1.8558	 +2.5035
-10.1050	+10.0412	 -5.8018	 +1.9632	 +1.7536	 +0.6262
+14.5659	 -4.1250	 -8.1680	 +0.9242	 +1.7241	 -2.8366
+11.6629	 -1.0727	-15.8074	 +1.1467	 -1.7722	 +0.7483
-15.5593	 +9.0683	 -5.7624	 +1.3677	 -1.6120	 +2.4210
-13.0280	+12.8197	 -2.5205	 -2.0407	 -1.2515	 -1.6440
 +1.3194	 -4.8652	 -0.4496	 +0.9766	 +3.5798	 +4.1109
-111.3011	-105.8475	+100.8265	 +0.4257	 -0.2305	 -0.1458
 -5.1464	+38.1457	+14.2829	 +2.3066	 +0.3726	 -2.0452
-26.3069	-20.7558	+19.7192	 -0.4686	 +1.5628	 +1.6655
-16.4686	 +6.6147	-35.9716	 +2.5341	 -0.6513	 -1.3289
-21.1517	-16.1609	 -9.2478	 -0.3546	 +2.3167	 +0.0802
 -4.9036	 +1.8992	 +0.8523	 -0.5778	 -0.2611	 +2.9473
 +0.7146	 +1.0706	 -7.3746	 -1.0904	 +1.4672	 -0.0884
+14.1463	 -4.9063	 -1.2412	 -0.0858	 -1.1292	 +1.1228
 -8.5474	+10.1244	-11.2168	 -1.0707	 +1.8617	 -0.0360
 -9.0354	 +0.8764	 -5.7562	 +5.5412	 +1.2434	 -0.5557
 -0.8903	-18.2736	 -1.5056	 +3.1860	 +0.9839	 -2.2331
+15.8870	-88.9491	+13.4126	 -1.0191	 +1.4862	 -1.2300
-19.1827	 +4.2072	 +6.9056	 +0.7850	 -0.8035	 -0.0999
 -1.1977	 +4.4962	 +4.8458	 -0.7008	 -1.4432	 -1.3182
 -3.1468	 -0.0954	 -0.7986	 -0.9417	 -1.7375	 -0.5722
 -0.9426	 +1.5339	+13.4124	 -0.3076	 +1.5212	 +1.0494
 -4.9858	 +1.7042	 +2.4509	 +2.7968	 -3.4184	 +0.7549
 -3.0587	 -7.7740	 +4.8080	 +1.9966	 -2.2447	 -5.1618
 -3.1039	 -1.7383	 -4.3259	 -1.9062	 +2.1123	 -6.6855
 +9.7759	 -5.0593	-22.8873	 +0.9017	 -3.0701	 -1.9579
 +1.8891	 +0.3076	 +0.1748	 +0.6441	 +2.8103	 -2.2451
 +6.5498	-11.3515	 +6.4674	 -2.5474	 +0.8589	 -0.5656
 +3.1687	 +3.7798	 -5.7418	 -0.1813	 +2.6428	 +2.7310
 -3.6038	 -3.0986	 -1.5455	 +2.6747	 -0.3280	 -1.7409
 -1.0742	+14.2648	 +3.6085	 +4.4769	 +3.7988	 +0.1131
 -3.0329	+11.4090	-23.0376	 +0.2209	 +1.7372	 -0.4888
 +0.4062	 -1.4112	 +9.7226	 +0.2983	 +0.1636	 +0.7764
 -6.8675	 +0.6580	 -1.2601	 -0.0185	 -3.0307	 +1.1008
 +1.4075	 -6.7722	 -5.2830	 -3.1153	 -3.0645	 -2.2235
-152.7613	-57.0517	+203.7030	 +0.5465	 -0.6735	 +0.2023
 -3.4388	 +2.0406	 -5.5092	 +1.7352	 -1.8106	 +1.4126
 -1.1368	 +0.0512	 +2.4151	 -3.4101	 +3.1889	 -1.5170
-12.7675	 -4.4844	 -2.3311	 -1.9290	 -2.1598	 -2.1339
 -1.3167	+12.2063	 +2.4925	 -1.1072	 -2.5740	 +2.2064
 +1.2911	 -1.8252	-11.1977	 -0.1107	 +0.0637	 +2.1858
+24.7345	+48.2525	-13.9833	 -1.3443	 +1.0117	 -1.8398
 +5.2201	 -7.2696	-15.9101	 -0.0075	 -1.5341	 -0.4039
 +1.5790	 +6.8153	-11.9630	 -3.5584	 +1.2565	 -1.1472
 +8.3594	 +0.7729	 +2.8055	 +0.1285	 -1.8003	 +5.8775
 -2.8397	 -5.6232	 +6.4003	 -0.7852	 +0.4469	 +2.7872
 +5.1806	 +1.5226	 -6.0950	 -0.1982	 +0.8192	 +2.0465
 -1.0294	-11.3330	 -9.6940	 +2.5036	 -1.0381	 -0.9864
 -2.2147	 -0.3990	 +3.3977	 +0.6904	 +0.8669	 -1.1100
 +9.0101	 +6.6757	 +4.4783	 +1.4135	 +2.0547	 +1.4450
 -0.5583	 +4.6614	-11.8218	 +0.3226	 +0.4791	 -2.4165
-15.5842	 +1.1445	 -4.4955	 -1.8234	 +0.3378	 -3.7508
 +2.2384	 -5.0512	 -4.8559	 -0.2957	 -1.4089	 +0.1140
 +0.4773	 +8.3673	 +3.2284	 -1.4448	 +1.1634	 -1.8873
 -6.3945	 -3.7100	 +5.4199	 +0.4413	 -2.1598	 +0.4352
 -1.8866	 +1.7903	 +1.0365	 +0.5636	 +1.0946	 -2.2253
 -2.4117	 -1.1450	+32.9064	 +2.2698	 +2.2751	 +1.3156
 +0.2100	 -2.4093	 -1.9711	 +0.7722	 -0.9399	 +1.3598
 -7.5953	 -0.9934	 +1.8466	 -2.6656	 +4.1629	 -0.5685
 +4.1040	 +6.9846	 +1.7988	 +3.0432	 +1.0844	 -2.2594
+12.2140	 -4.0567	-13.9964	 +2.0221	 -2.0031	 -2.0801
 -3.8540	 +5.9713	 -3.7983	 -3.2787	 -0.7570	 -1.3969
 +9.0331	-11.8681	 +9.5618	 -2.1171	 +0.9280	 +1.5717
 +3.2396	-11.1582	 +3.0057	 -0.5980	 -3.2782	 +2.7580
-10.1514	+27.9945	-48.8382	 +0.7726	 -0.1915	 -0.4028
 +7.2508	 -4.4649	-44.2605	 -0.3156	 +1.2109	 +1.5941
 -7.3065	 +2.5699	 +0.5452	 -2.0615	 -1.3163	 -1.7484
-14.2507	-13.4708	-12.3664	 +2.1188	 -0.9544	 +0.8113
 +1.9493	 -3.1650	 -1.4189	 +1.5435	 -0.1742	 +2.2556
+10.3084	+14.1186	 +2.2394	 +3.2397	 +1.5364	 +0.9544
-10.1233	-64.4302	 -7.7873	 +1.3676	 +1.3516	 -0.6560
 -5.2653	 -6.5668	 -8.6696	 +1.2661	 +2.4103	 -3.2167
 -3.4404	-13.2390	 +6.1685	 -2.3172	 +0.4524	 -0.3777
 -3.8076	 +5.6461	-22.0037	 -4.1333	 +1.5907	 -0.1794
 +7.7745	-11.8135	+14.0503	 -0.2219	 -3.7190	 +1.9780
 +1.0670	 -0.5814	 +7.7277	 -1.7101	 +0.6513	 +4.5626
 +7.8145	 +0.6274	 +6.1863	 -0.7535	 -1.4160	 +2.3279
-10.2120	 +4.7175	 -1.7354	 +1.7969	 -3.1713	 -0.3039
 +1.8872	 +9.6576	 +6.0235	 -1.8000	 -2.0833	 -0.0046
 +0.7827	 -3.4348	 +1.0371	 +3.5463	 +1.3401	 -2.6761
 -6.8397	-10.0449	 +5.7256	 +1.3109	 +4.4333	 +2.3763
 +0.0415	 -0.8931	 -6.5411	 -4.3331	 -1.2049	 -0.0238
 -8.6439	-11.6945	-11.4209	 -2.1633	 -1.5284	 -1.8799
-53.9762	 +4.1238	-17.0748	 +1.1043	 +1.2642	 -0.8548
 -3.4192	 -3.0591	 -8.6446	 -1.9248	 -1.4235	 +1.2149
 -0.6634	 -0.1686	 +2.5597	 -4.1362	 -3.7765	 +1.2842
-10.5564	 +9.0953	 -0.4116	 -2.4037	 -1.3543	 -0.0527
 -3.6293	 +2.3689	 +2.1526	 -1.0000	 +3.8206	 -0.7191
+13.9429	+11.1576	-13.5232	 +1.1620	 +1.6308	 +2.2531
 -0.2198	 +5.6882	 +6.9930	 -1.7342	 +1.0571	 +6.0455
 +1.2455	 -4.3211	+19.5127	 +1.8697	 -2.0754	 -0.0199
+16.3496	 -2.8696	 -3.2694	 +0.5858	 -0.5813	 +3.4076
 +4.7551	 -8.0881	 -1.8450	 -3.6833	 +1.3767	 +1.6800
 -1.9640	-20.1187	-23.2861	 -0.6923	 +2.3492	 +0.3530
-12.6399	+11.9882	+11.7244	 +0.8474	 -2.7751	 +0.7306
 +0.1874	 -1.2795	 -5.0781	 -3.8246	 -1.3271	 -0.8313
 -6.2017	 -7.0163	-12.3210	 +0.9431	 +2.1733	 -0.9826
 -2.5252	-12.2985	 +8.2221	 +1.2542	 +1.7359	 -1.9197
 +3.3471	-14.9415	 -0.2030	 +0.1399	 +0.3102	 +2.3229
-10.3591	 +2.8576	-15.8846	 +0.3799	 -0.8760	 -0.7820
-15.9683	 -1.3409	 +8.5420	 +0.5797	 +0.5607	 +3.1530
 +0.6260	 +5.7109	 -2.5502	 -0.6591	 -4.4922	 -2.1607
+34.5928	 +5.0736	 +8.2987	 -0.8879	 -0.3605	 +0.3827
 -6.5395	 +4.8507	 +8.5224	 +4.1346	 -3.3624	 -0.3755
 +0.9982	 +5.3568	 -0.1532	 -0.7319	 -0.2088	 -2.6187
 -2.6774	-32.0348	-27.2945	 -1.2356	 -0.8808	 -0.4932
-10.1453	+15.6668	 +1.0516	 -1.7254	 +1.6944	 +2.8197
 -6.3505	 -4.0855	 -5.0263	 -3.5683	 +0.9151	 +3.1131
 -7.3607	 +4.2648	+16.9420	 +5.2823	 -1.1228	 +1.3569
 -3.8035	 -7.1987	 -5.0212	 +0.8832	 -2.2037	 +0.2917
 -8.2251	 -6.0272	-10.7299	 -2.1345	 +1.1326	 -2.4649
 +5.5972	 -7.0322	 -1.4469	 -2.8121	 -0.8599	 -2.3741
 -6.8030	-12.2104	 +9.1832	 +2.0151	 +1.5302	 -1.5466
 +7.3359	 -5.4559	 -7.8997	 +1.4474	 +3.3826	 -0.2918
+12.0086	-11.2055	 -8.5227	 -0.1011	 +2.1956	 +1.3235
+16.0339	 +7.5696	 +5.2976	 -0.1094	 -1.5394	 -0.8069
+25.6467	 -1.4150	-10.0719	 -0.1634	 -2.3069	 +1.4326
-15.9057	+13.5370	+23.7084	 +1.2180	 +2.4452	 +0.0761
+29.7671	-20.2619	+70.4076	 -0.2588	 -1.7558	 +0.2126
 -2.2650	 -3.8805	 -6.0202	 -5.9844	 -1.1673	 -0.2964
 +3.8610	+10.8449	 -3.4311	 -1.9011	 +2.8003	 +2.2218
 -2.5844	 -1.7314	 -2.4081	 +1.5945	 -1.8450	 +1.8743
 +5.2236	 -4.3505	 +2.7697	 +3.9990	 -0.4987	 +4.3781
 +7.7398	+11.3356	 +4.7712	 -0.7858	 +0.4159	 -0.9768
+29.9516	 -0.7526	-15.8354	 -0.4075	 -0.5829	 -1.3289
 -5.1260	 +8.5330	 +2.1523	 +4.0398	 +3.1560	 -0.7812
-22.0461	+23.6602	-24.2980	 -0.5717	 +0.7395	 -0.9789
-20.6222	-21.6768	+16.4841	 -1.4687	 +0.9665	 +0.4188
 +3.3482	 -2.8146	 -5.3590	 -2.4074	 +0.5443	 -0.1376
+17.9839	 -6.8929	 -3.2586	 -1.4958	 -1.5989	 +1.6420
 +6.7835	 -6.6895	 +7.2533	 -0.0473	 +3.5681	 -2.9497
 -4.3158	 +4.5933	 -1.2711	 -1.6069	 -0.6396	 -3.2236
-10.0528	 +9.5176	-10.7821	 +1.2044	 +1.1690	 +0.6856
 +5.5343	 +0.5163	 -2.1645	 -1.8821	 -1.3001	 +1.1634
 -8.6513	 -7.3725	 -8.5934	 +1.1507	 +1.9147	 +0.7650
 -5.4637	 +1.7203	 +6.2405	 +0.6877	 +3.9550	 +2.4982
 +5.4995	 -9.6532	+28.0334	 -1.0454	 -1.5844	 -1.1160
 +4.0164	 +5.8405	 +0.5126	 +3.4366	 +1.3590	 -0.4259
 +5.0200	 +1.9119	+15.5515	 +0.4181	 -2.7515	 -0.5429
 -5.9427	 -1.0109	 +3.1984	 -0.3218	 +0.2076	 +2.8500
 +7.1688	 -4.3303	-18.7567	 +1.3629	 -0.9666	 -4.2333
 -5.6203	 +2.1879	 +0.3242	 +3.2617	 +0.4212	 -3.7098
 -3.2343	 +3.3692	 +0.9397	 +1.6803	 +0.5845	 +1.3490
+24.4338	 -0.3542	-16.7249	 -2.3854	 -1.3810	 +1.0017
-23.8325	 +6.6436	-28.6709	 -2.1250	 -1.0658	 +0.6366
 -2.7799	 -1.3825	 -4.4389	 +4.6099	 +0.6691	 +0.7673
 +0.1576	 +3.6144	 +4.8971	 -3.8050	 +0.6517	 +0.2803
 -2.9185	+14.1955	 +3.8162	 +0.2718	 -1.3846	 -0.1787
 +5.7149	 -5.6059	 -2.3513	 +0.0700	 -2.1970	 +3.9313
 -7.0352	-14.9242	 -2.9823	 +0.1493	 -0.4021	 -1.5141
-16.2042	-11.8668	 -0.7835	 -2.6852	 -2.5098	 +1.3913
 -3.0689	 +3.8854	 +1.7597	 -6.3144	 -0.9256	 -3.3287
 -1.4872	 +1.3825	 +7.5087	 +0.6991	 +0.7681	 +1.5688
 -5.4919	 -1.9337	 -8.1403	 +4.7663	 +0.0671	 +1.6066
 -5.6168	 -0.1932	 -1.1990	 +0.4653	 +0.5739	 -1.2330
 +0.3381	-18.2038	 -0.9151	 -1.1408	 -1.6924	 -1.4782
+14.4920	-55.5599	-27.9966	 -0.5798	 +1.4166	 +0.9418
 -3.6890	-12.9922	 -1.0636	 -0.3469	 -0.8212	 -4.4031
 -7.1647	 +1.6343	 +1.3969	 -0.1222	 +0.7293	 -0.5599
 +2.0342	 -0.1339	 +4.7946	 -1.7507	 +1.1439	 -0.4916
 +2.3838	+15.0476	+17.2665	 -1.5614	 -1.3228	 -2.9323
 +3.8788	-11.4678	 -4.1533	 -1.1692	 +2.5499	 +0.1799
 -2.2542	 +5.4244	-14.2272	 +0.9670	 -1.5544	 +0.1041
 +5.3111	 -4.9675	 +1.0178	 -3.7002	 +3.8238	 -4.6894
 -6.5162	 +5.6334	 -5.1573	 +1.9130	 +0.7630	 -1.8945
-67.7151	-48.7299	+31.1847	 +0.7960	 +1.4404	 +0.4122
 +7.1461	 +5.3385	 +6.4847	 +0.5402	 +1.7321	 +1.8463
+51.1892	+33.7021	+38.7835	 -1.5287	 -1.4786	 -0.5734
 +3.1649	-15.8575	 +6.3569	 +1.9850	 -1.7300	 -0.5939
 -5.6942	 +4.9497	 -5.2806	 -0.4212	 +4.6936	 -0.8699
-112.4864	+56.5779	-19.7691	 -0.3628	 +0.6923	 +0.2972
 -6.5658	 +3.8862	+12.6490	 +1.2875	 +1.5060	 +2.4176
 -3.8665	 -5.1587	 -4.3847	 -4.1345	 -2.7972	 -1.1670
 -7.0550	 -0.5112	 -3.5471	 -1.1715	 -0.8885	 +5.0570
 -1.9169	 -5.2614	 +1.3684	 -2.1062	 -2.8399	 +1.0966
 -0.2937	 +1.3918	 -1.7172	 +1.4839	 -3.4569	 +2.5264
 +9.1266	+13.7207	 -8.3840	 +2.2615	 -2.1586	 +0.6208
 -0.6768	 +0.3432	 -2.3365	 -4.6013	 -2.5801	 -1.2097
+13.6771	 -6.4831	 -5.0830	 +0.0529	 +1.1559	 -1.2786
 -5.4575	+30.8778	 -6.5407	 +0.4951	 +1.4669	 +1.4130
 -6.4013	-10.8540	 +4.4951	 -1.4768	 -2.6687	 +1.2774
 +1.4044	 -1.4189	 -3.1568	 +2.1215	 +2.1962	 +0.8386
 -8.4050	 +2.7750	 +1.2087	 -0.0151	 -2.7418	 +2.2061
 -6.0232	 -4.1796	 +1.2806	 -2.5842	 +1.3911	 -3.3343
-37.7588	+16.3106	+13.7436	 +0.0480	 +0.5246	 -0.1423
+15.8136	+15.6507	 -6.5166	 +1.9393	 +0.1170	 -3.1568
 -9.5292	-33.2023	+15.3321	 -0.8751	 -1.9050	 +0.2995
 +5.1277	 -1.2731	+13.2604	 +2.5904	 +1.6925	 -1.5486
 +2.6610	 -4.1906	 +3.4632	 +1.1103	 -2.1624	 +1.1789
 -0.7879	+17.9055	-32.5230	 -1.7699	 -0.2387	 -0.6231
 -0.0177	 -9.1053	 +2.6769	 -3.3186	 -0.0486	 +1.4047
 +3.5634	 -0.5950	 +2.0046	 +0.8190	 -2.6174	 +5.7145
 -5.4006	-14.9441	 -2.4048	 -1.6506	 -0.7781	 -1.8683
 -5.6326	 -5.5278	-10.7170	 -1.4953	 +2.9653	 +0.3807
 +4.8291	 -5.0471	 -7.5119	 +1.6657	 -0.4389	 -1.9770
 -3.4740	 +3.1910	 -3.8992	 +5.1840	 -0.8181	 -3.5365
-56.5672	+19.5471	 +9.4023	 -1.4450	 +1.2290	 +0.6768
 +0.7365	 -0.9646	 -3.1017	 +0.8307	 +1.2310	 +0.1325
-28.2970	+37.6796	 +8.1548	 +0.3146	 +3.4642	 -0.3397
 +8.0068	 +9.7567	 -9.5067	 +1.9868	 +2.1800	 -1.6220
 -4.8881	 -8.0203	 -4.0910	 +2.9944	 +2.1341	 +1.1578
 -0.8237	 -1.7892	 -4.5290	 -2.1081	 -0.9401	 -0.0603
 -2.0905	-49.0205	+36.7747	 +1.9848	 +0.6416	 +0.4462
 +1.6672	-12.7439	 -3.1613	 +1.6707	 +0.0180	 +0.7151
 +1.2128	 -1.0074	 +5.9118	 -5.0909	 +2.5202	 -1.2360
-10.3153	 +9.8418	+18.2300	 -1.3733	 -1.9414	 -1.0169
 +4.7245	+19.6488	+13.4775	 -0.5021	 -0.5807	 -1.5639
 +0.6992	 -5.9189	 +1.6188	 +1.4280	 -1.9199	 +3.1915
 +1.7467	 -7.4536	 -0.6396	 -1.7911	 -0.2161	 +1.0164
 +3.2703	 +5.9782	 +7.2244	 +1.6952	 +0.6782	 -2.1008
 -5.7816	 -1.1220	 +0.0469	 -2.5141	 +1.4715	 +0.9374
 +6.7363	-16.8759	 -5.6064	 -1.8795	 +1.6271	 -1.0624
 +0.7929	 -5.2038	 +0.5795	 +0.0575	 -3.6994	 +2.0154
 +7.2144	 +4.8769	+12.1173	 +0.5258	 -4.3266	 -0.1871
 +3.0650	 +3.9808	 -2.5948	 +1.6076	 +2.7630	 -1.1413
 -1.7498	 -1.1209	 -4.7059	 -2.7694	 +0.1182	 +1.0199
 +7.8329	 -6.0550	 -0.4658	 -4.9198	 -2.6977	 +0.0359
 +6.1685	 +3.1348	 +7.8050	 -0.6837	 +0.6906	 +3.4622
 -1.4791	 +3.5948	-19.8943	 +1.1973	 +1.7757	 -2.1233
 -2.0133	 -2.1243	 -7.5357	 +2.4443	 +1.0150	 -0.5990
-12.8650	 +9.4579	 -2.4891	 -2.6375	 -3.1591	 -1.4003
+13.2829	-15.9407	 -3.3130	 -0.9921	 -0.9708	 -1.2380
-13.1992	-28.2999	-25.3485	 -5.0483	 -6.6255	 -6.6176
 -2.5099	+10.2875	 -0.5177	 -1.7712	 -3.4758	 +3.0057
 -5.4632	 -9.2612	 +1.0407	 -3.9276	 +2.5323	 +0.3295
+11.5123	 -3.6109	 -3.2284	 +0.5529	 -2.6383	 -0.3480
 -5.7254	 -3.0455	 +6.7067	 -0.0466	 +2.0150	 -0.7769
-16.3645	 -1.5773	 +9.8332	 +1.3524	 -0.9343	 -1.8886
 +0.1207	 -2.9429	+45.0718	 -1.1968	 +0.9983	 +0.5965
 -2.1424	 +6.7989	 -4.9938	 +0.7768	 +1.7408	 +3.7221
 -1.3099	+17.0778	 -0.0318	 +3.2044	 -1.2093	 -0.1862
 -4.7224	 -2.6754	 -3.8890	 +1.6593	 -0.2694	 -1.1199
 -2.4985	 +2.0132	 -4.6186	 -6.3648	 +1.5587	 -2.7098
 -4.5404	 +3.9304	 -1.6347	 -4.5964	 +1.3447	 +0.8317
 +0.4015	+25.0514	 -0.0172	 -0.2537	 +1.4935	 +2.5929
 -5.1882	 +1.2224	 +8.6332	 +2.3765	 +2.7121	 +1.0182
-13.8123	 -2.3213	-43.9778	 +1.5815	 -1.0954	 +0.1369
 +4.8990	 +8.3090	+29.3403	 -1.7544	 -1.5595	 -1.0115
 -4.3988	 -1.0560	 -5.2754	 +2.9746	 -1.5644	 -0.3617
 -3.8798	-10.1726	 -4.1911	 +1.7524	 +0.3163	 +0.8842
 -7.3234	 +3.4958	 -7.7231	 +2.3502	 -3.3688	 -5.0229
 +5.6251	 +2.0727	 +7.1260	 +0.3188	 +2.2824	 +1.4345
 -3.9425	 -5.5479	 -5.7326	 +3.7152	 +1.2091	 -0.0522
-13.7843	+13.2981	 +4.0408	 +0.5564	 -1.7776	 -2.2993
 -5.2581	 +3.8164	 +3.1322	 -1.9597	 -1.2318	 +4.1850
 +6.4109	-10.4613	 -7.4626	 +0.1467	 +2.6046	 -2.2482
 +2.8985	 +3.2755	 +0.0029	 +3.4566	 +0.9164	 -1.9711
 +2.6156	 -4.4801	 +8.9402	 -2.3693	 +0.4515	 +1.5616
+10.0803	 +3.8967	 +5.3385	 +3.3660	 -2.4511	 +4.3590
 +9.4363	 +6.0917	 -1.3120	 +1.6398	 +0.9464	 -3.1771
 -5.8209	 +3.1202	 +1.9814	 +1.6094	 -0.5073	 +2.1038
 +4.0518	 +4.9884	 +0.0563	 -0.2933	 -2.2290	 +2.9830
 -1.9279	 -3.4668	 -8.3294	 -0.7272	 +2.3691	 +2.2207
 -3.0479	 -1.8841	 +1.1597	 -2.1092	 +1.9987	 +1.6269
+23.8302	-11.1064	 +9.7142	 -0.9205	 +1.1714	 +0.3090
-13.5043	 +7.3137	 -9.0521	 +1.8537	 -3.3913	 +0.9597
 +6.0702	 -2.6819	 -3.7896	 +2.4773	 +1.7373	 +1.9356
 -5.7733	-10.3297	 -0.3555	 +0.7517	 +1.0806	 +3.4151
 -3.5459	 +5.1784	 -3.2901	 +5.8782	 +1.8667	 -3.2222
+14.5011	 -0.9048	 +2.4488	 -1.7429	 -2.3366	 +3.7773
+16.5572	+13.3861	 -5.6200	 -0.1952	 +1.5038	 -0.1322
+13.3847	 -9.1735	 -4.1028	 -2.7587	 +1.2452	 +4.2775
-21.4232	-13.1814	 +5.9674	 -1.3381	 +0.4780	 +1.0242
 +4.8830	 -0.3676	 +0.5511	 +0.5081	 +0.8206	 -3.3700
 -3.2445	 +4.1783	 +0.2671	 +0.2698	 -0.6567	 +1.4864
+10.2039	+12.6026	 -1.3445	 -4.2808	 -0.4988	 -0.2737
-17.6198	 +3.5697	-17.4203	 -2.1279	 +3.0502	 +0.8252
 -8.1857	 +9.3234	-21.2240	 +0.9567	 +1.6893	 -0.5440
+14.6158	 +1.5999	 -2.4354	 -3.5395	 +1.3067	 +1.0035
 -6.7485	 -9.2621	 -2.5543	 +4.6503	 +1.2587	 +0.7528
 +0.4424	 -6.7343	 -8.8240	 -2.7947	 -1.1281	 +0.4509
+20.8244	+12.8286	+10.9290	 +3.5820	 +1.5013	 +4.0961
 +9.7912	 +4.0438	 -4.2312	 +1.7714	 +1.1988	 -2.2508
-11.1409	 +7.6330	-18.2278	 +2.6077	 +1.0652	 +0.5384
-38.6193	+10.5638	 +1.1807	 -0.7872	 +2.5179	 +0.9587
 -7.3391	 +5.3409	-17.2744	 +0.5524	 -1.2287	 -0.5994
 -0.0950	 +2.4198	 -1.9434	 +2.1116	 +2.4443	 -3.7233
 -6.5287	+14.9425	-14.7872	 +0.2189	 -2.4375	 -1.0488
 -6.5240	-11.1932	 -6.5830	 -1.9924	 +0.0220	 -1.5692
-11.0844	+13.4930	-46.6607	 +0.3450	 -0.2451	 +0.8758
 +5.9590	+13.2972	 -3.1361	 -2.4608	 -1.7548	 +0.2404
+17.7379	 -4.8814	-19.2607	 -0.8525	 -1.6103	 +0.4156
+10.6271	 -0.7095	 -0.2333	 +0.6692	 +0.7691	 -2.8452
 +0.8433	+23.0118	 +4.2200	 +1.1155	 -1.0453	 +3.6556
 -2.7004	+13.3215	 +2.8741	 +1.0560	 +0.5196	 +2.1012
 +1.1855	 +0.8465	 -7.2121	 -0.6082	 +3.3083	 +2.6806
-15.9560	 -0.0263	 +7.9462	 +1.3895	 +0.0314	 +1.4698
 -1.5135	 -0.0008	 -7.2831	 +3.8838	 +0.4646	 +1.7713
 +1.9675	 +2.1347	 -2.4179	 +1.5363	 +6.0801	 -0.1033
+15.1892	+11.8920	-17.2672	 +1.3154	 -3.3254	 -1.3968
 -1.4566	 +0.2592	 -3.2525	 +0.7974	 +0.6273	 -2.3857
 +1.3745	 +7.7110	 -7.4180	 -3.0968	 -3.7257	 -1.2130
 +4.9317	+16.4787	 +4.0355	 +0.7039	 +1.6766	 -2.0362
 -8.3699	 +1.1587	 +2.9155	 -0.1341	 +1.7978	 -5.4088
 -0.7263	 -0.0314	 +2.7454	 -0.7933	 -2.2734	 +0.8453
 -6.9260	 -5.4592	 +3.7800	 -0.4965	 -0.8521	 +0.2677
-13.6565	 -4.4636	 -1.8345	 +1.1286	 -0.8129	 -0.2824
 -9.2757	 +8.9634	 -2.5923	 +2.1310	 +3.8848	 -3.5535
 +2.1356	 -8.1733	 -0.1305	 +1.1075	 -1.1824	 -1.7081
 +0.7033	 +1.7343	 +1.0835	 +1.0584	 -0.0053	 -2.1910
 +4.6789	 -3.2759	 +2.2687	 -0.4915	 -1.6202	 +2.1589
 -1.9660	 -9.6379	 -5.5597	 -0.1949	 +0.8222	 -0.1049
 +2.5946	 +1.9448	 -3.2431	 -0.2204	 +3.2418	 -1.7446
-11.0540	 +2.6415	 -4.2702	 -3.4357	 +0.8983	 +1.7704
 +4.7212	 -9.6630	 -0.7496	 +3.8763	 -3.8632	 -0.1779
 +3.9205	 +7.7726	 +9.8886	 +1.7695	 -0.5477	 +3.3033
-13.1087	 -4.7378	 -0.1852	 -0.8434	 +2.7344	 +0.7486
 +1.5832	 -1.3196	 -1.8248	 +0.1984	 -0.3030	 -2.5947
 +0.0566	 -3.3921	+10.2390	 -0.0803	 +1.4614	 +0.5359
-11.2600	 +1.1793	-16.2038	 +3.7843	 -0.4867	 -3.5492
-15.8039	 +2.7058	+27.1769	 -1.2785	 -1.0606	 +1.6096
 -2.4782	 -1.9553	 -2.7944	 +2.7094	 -1.2494	 +1.5088
 -2.1782	 -0.8687	 -1.3511	 +2.2080	 +1.6896	 -0.1300
 +3.8227	 -1.4759	 +2.0184	 -4.4852	 -3.2641	 -0.9181
 -8.3308	 +4.6895	-13.6278	 +0.3548	 +1.6998	 +1.5407
-12.5522	 -4.8869	-10.7030	 -5.0372	 +2.5074	 -0.0718
 -3.1212	 -3.9084	 -5.7130	 -1.6453	 -3.1194	 -0.0349
 -4.6344	-41.6878	+59.8253	 -0.3590	 -0.8635	 +0.0132
 -0.4389	 +1.9837	 -3.8254	 +1.4599	 +2.2542	 +2.9990
+23.7860	+25.1482	-24.7658	 -2.4312	 -1.8527	 +1.1373
 -8.6151	 -7.0525	 +0.7527	 +0.5742	 +2.0439	 -1.6273
 -2.6176	 +2.8821	 -2.1337	 +1.0522	 +2.9432	 +1.4663
+48.0639	 +0.4181	-33.0500	 -0.8814	 -0.1774	 +1.9246
 +4.1730	-43.2893	+34.4910	 +2.5957	 -1.1909	 +0.7497
+103.8829	+52.9783	 +4.2949	 -0.1353	 -0.8914	 -1.6268
+16.7874	+14.8617	 +6.2090	 +1.4739	 -3.7267	 -0.2956
+30.8789	+62.8868	-33.2415	 +0.9846	 -0.7797	 +0.2121
 +4.5568	 +5.9306	 -5.6962	 +1.2121	 +0.6459	 -3.6281
-17.0494	 -2.9254	 +4.9372	 +1.7391	 -3.8566	 +0.7960
-23.5501	 -2.5983	+24.8450	 -0.5876	 -0.5072	 +3.6193
+15.7333	+45.4040	-45.1023	 +0.5226	 +2.2052	 +0.8058
+15.6836	 -4.6586	+30.9012	 +0.9282	 +1.2661	 -2.4593
 -5.9322	 +7.4955	 +2.5094	 -5.1070	 -2.5503	 -1.7929
 +4.6778	 -4.3544	 +0.5572	 -1.9375	 +3.1639	 +1.8678
-14.5749	+13.6377	 +7.5051	 +0.3680	 +1.8536	 +0.7744
 -0.8227	 -0.1180	-10.4632	 -3.6006	 +1.2598	 +2.2189
 -8.1749	 +3.4486	 +6.6478	 +1.4909	 +1.0490	 -2.1205
 +8.6541	 +4.4752	 +1.4397	 +3.3218	 -0.4543	 -0.1032
 +5.8469	 +9.9747	 +7.3841	 -0.9314	 -0.2745	 -0.2587
 -4.7342	 -4.1278	 +1.2568	 +0.5566	 -5.2808	 -4.2250
 -1.3214	+12.2080	 +0.8098	 -0.9192	 -2.6470	 +4.0754
 -4.1074	+11.0876	-16.9744	 -1.8245	 -1.6958	 +3.0207
 -7.0857	+14.3730	 -2.8861	 +0.7242	 -2.2168	 +0.2300
 +3.3151	 -6.9649	-11.4252	 -3.5019	 +3.8451	 +1.9079
 +4.0782	 -5.2791	 -5.9966	 -0.7317	 +0.8425	 +0.5907
 -5.7058	 -4.8662	 +0.5011	 +0.5241	 +0.4780	 +2.5051
 -4.1670	 +5.6170	 -1.4984	 -3.4546	 +4.7042	 +0.8996
 -7.5671	 -2.4006	+17.5267	 -1.6017	 +0.7003	 +2.6213
-12.2115	 +4.9583	+19.3881	 -0.0429	 +1.6554	 +0.2763
 -1.6921	 -8.8549	 -7.8051	 -0.7620	 -0.5996	 +3.0926
 -6.0865	 +3.8864	-12.2172	 -0.2392	 +0.4200	 +1.8355
-19.8832	+31.0608	+11.8095	 +0.9943	 +0.3069	 +0.1929
-13.0749	 -3.9060	 -9.1039	 +1.3821	 +3.0999	 -0.8046
-13.0156	-12.3985	 -6.0201	 +2.9767	 -1.3439	 -0.5857
+27.4561	 +2.4980	 +7.8964	 +0.6820	 -1.5102	 -0.4212
 -7.8375	 -3.9891	 +6.3686	 +4.0036	 -0.8154	 -0.3230
 +9.1704	+12.6230	+13.7024	 +0.6068	 +4.5047	 +3.4891
 -9.5143	+66.2629	+29.1911	 +0.8082	 -0.2322	 +1.0488
+17.2263	 +2.9162	 -4.7920	 -2.9626	 +1.3646	 -1.9720
 +6.2056	-12.8849	 +1.5910	 -1.2102	 +2.0443	 -1.8119
-17.2750	-26.8603	+31.4486	 -0.4144	 +1.4282	 +0.3401
-30.2173	+31.4470	+19.8085	 +1.8592	 -0.8407	 -1.0868
 -2.2923	 +2.8107	 -4.3830	 +1.3726	 +2.7807	 +1.1944
+12.3197	 -2.3110	 +4.3728	 +0.2717	 +4.4829	 +0.6435
-18.4826	 +7.1373	 +6.4183	 -2.5345	 -1.6531	 -1.2540
+10.9948	-23.3113	+13.3077	 +1.5897	 -1.3033	 +1.4419
+12.0807	 -1.8782	 -5.0063	 -2.4598	 +0.4145	 -1.5446
+18.8555	 +0.7999	 +6.4902	 -0.3629	 -2.2682	 -1.2444
 +2.1490	-42.7024	+113.7177	 -0.3074	 -1.3933	 +0.3581
 -3.8602	-10.0945	 -0.3539	 +5.9618	 -1.6930	 +0.0732
+15.9566	 -1.5174	-16.8074	 +0.3010	 +2.3888	 +1.7008
 +1.3171	 +2.3917	 -6.3275	 +1.3048	 +2.5765	 +1.5139
-19.4060	 -0.4286	+11.6706	 -2.5917	 +1.6738	 +2.7860
 +2.1409	 +4.8908	+10.9623	 +2.7563	 +1.6696	 +2.5923
 +6.6307	 +3.1199	-15.5332	 -1.0229	 +2.3529	 +0.0103
+14.3772	-15.8712	+33.8954	 -1.8874	 +1.6376	 -1.2898
 +9.6954	 -0.7070	-19.0244	 +2.4190	 +3.3078	 +0.7430
 -0.2678	 -0.5801	 -7.4259	 -0.5544	 +5.0287	 +1.3994
 -1.7499	+12.3777	 -9.2871	 -2.0463	 -1.5935	 +0.8363
-17.2410	+12.6118	 -1.9963	 +1.6915	 -0.3951	 -3.1542
 -5.1585	+16.5792	 +3.8841	 -3.3879	 +0.4284	 -0.7235
 -1.6259	-12.4411	-11.7254	 -4.5419	 +0.1608	 -1.1108
-20.3555	 +1.8936	-12.5148	 -2.7887	 +0.4524	 -1.4997
 -2.6146	+15.6990	+13.3467	 -0.3102	 +1.4282	 -3.1488
 -2.3989	-26.9421	 +6.9122	 -1.0902	 -0.4757	 +3.0083
 +1.8492	 -5.0943	 -9.6840	 -2.6801	 +1.8089	 -0.4120
 +0.5062	 -0.0966	 -8.3286	 +1.8216	 +0.7898	 -1.2867
 +4.0037	 +1.1316	 +1.3554	 +4.4388	 -1.6501	 +2.8289
+15.2826	 -4.4744	 -7.7681	 +1.3575	 -1.7803	 -1.7105
 -4.7518	-10.1510	 +1.6216	 -0.7376	 -0.9922	 -1.4385
+18.6613	 +2.4099	 +2.9685	 +3.9215	 -0.3119	 -3.4454
 -0.0066	 +7.2753	 -5.5314	 -0.5969	 +0.3768	 -4.1204
 +2.3375	 +1.3656	 -0.7010	 -2.3232	 -1.9153	 +0.3344
+10.2097	 +8.8343	 -5.7272	 +2.6180	 +0.1666	 -1.6993
 -3.9388	 -8.4515	 -8.4039	 -1.5853	 +0.5839	 +0.1082
+16.5273	+24.0063	 -6.1613	 -2.3778	 -0.7434	 +0.0285
 +0.9077	 +8.7377	 -6.4621	 -0.7631	 +0.5297	 -1.2772
 +7.6242	+13.7302	 -3.3457	 -4.3810	 -0.3692	 -1.5903
 -6.5861	 +3.9731	 -3.0911	 +3.7415	 +0.2221	 +2.7973
 +2.6911	 -3.8238	 +2.3019	 -1.3604	 +0.1272	 +1.3686
+10.3805	-14.8879	+10.9830	 -0.2325	 -0.3871	 +3.2516
 -1.7685	 +1.5735	 -5.0462	 +0.9037	 +2.9370	 +4.1637
 -4.8037	-36.5577	 -6.5962	 +0.4315	 -0.7438	 -1.7344
 +8.4619	 -9.8355	 -9.5014	 +1.5779	 -3.7775	 +1.0734
 +5.1142	 +8.1748	 +2.8034	 +0.2958	 -1.8232	 -1.1692
-30.9606	-10.3057	+16.6478	 -1.2616	 +0.3133	 -0.6621
-21.1607	 +5.8083	 -6.3510	 +0.7954	 +0.1891	 -1.0480
-13.9207	-14.2878	 +4.1963	 +2.4267	 +0.5385	 +1.3164
 +3.3604	 -7.8246	 +4.6278	 -2.4882	 -5.7533	 +0.8719
 -3.0270	+15.2953	 +5.3720	 +2.5896	 -2.1113	 +0.3630
-12.4760	 +9.7090	-12.6296	 +0.3251	 +0.9999	 -2.2432
 -1.1088	 -2.4653	 +6.5892	 -3.3149	 +5.1387	 -1.6236
-13.0227	 -2.2298	 -4.1459	 -1.7759	 -3.0451	 +0.8326
 +5.1115	+43.5623	 +1.6214	 -0.3894	 +0.1445	 +2.4052
 -4.9133	 -1.4077	 -9.9130	 +0.1398	 -2.3534	 -2.9800
 -2.5889	-12.4775	 -1.5579	 +2.7891	 -0.9289	 -0.1772
 +0.3225	 -4.2466	 +2.3166	 +0.8075	 +4.0037	 -0.2352
+87.1566	-35.3282	+42.1954	 -0.0821	 -0.8449	 -1.4878
 -8.1164	-10.1066	 -2.4551	 +1.4613	 -2.3885	 +4.3221
 +5.1256	 -3.9413	 +3.5224	 -1.8006	 +3.4116	 +1.8926
 -4.3997	 -2.9892	 -7.7179	 -1.7787	 -1.0550	 +0.7753
 -4.5179	 +3.3565	 +2.1078	 -0.1879	 -4.4243	 +3.8825
+13.9779	 +4.3313	-12.0838	 +0.6049	 -0.7899	 +0.0559
 -3.4699	 -2.9664	 -7.7315	 -1.8902	 -4.0021	 -0.4226
 -7.9677	 -3.6309	 +0.8866	 +0.3383	 +3.7124	 +2.7486
 +8.7114	 -6.0824	+21.5335	 +1.8977	 -0.7442	 -1.4233
-15.6147	+12.3395	 -3.8489	 -0.6353	 +0.8953	 -3.4144
 +7.3278	+17.7239	+44.2120	 +0.3332	 +0.1367	 +2.2069
 +8.3751	 +7.1072	+17.9498	 -1.2145	 -0.3235	 -1.1370
-11.5370	 -4.0821	 -0.1185	 +1.2471	 -1.0466	 +0.0195
 +3.1376	 +3.1343	 -2.4934	 -0.8224	 +1.0252	 -6.7894
 -4.2158	 -7.3405	-12.6228	 +3.2641	 +1.3896	 -3.8556
 +9.8188	 +2.2460	 +9.5610	 +4.9119	 -0.5296	 -1.0531
-14.6429	 -6.1967	-10.9656	 +0.0572	 +0.4074	 -0.4784
-59.2956	+29.5465	 -7.3985	 -2.0957	 +0.9421	 -0.9778
 -0.6840	-23.0957	 +0.8508	 +0.2537	 -0.1235	 +0.5337
+19.9531	 +6.9682	 +5.7147	 +4.0486	 -2.2308	 -0.2745
-11.9537	 -1.9483	 -6.3215	 -5.1532	 -0.5379	 -0.6564
 +4.5786	 -1.4468	 -2.7790	 -1.8465	 -0.4456	 -4.6462
 -2.9051	 -6.0844	 +3.6027	 -1.5410	 +5.0270	 -1.4094
 +1.3676	+10.0411	 +0.4234	 +3.1573	 +0.3682	 +1.4947
 -0.7314	 -5.8769	 -8.1957	 -2.7722	 -0.9594	 -3.0506
-84.5646	-169.7084	+25.3821	 +1.1310	 +0.0759	 -0.1083
-10.6557	 -6.4416	-12.0615	 -0.2499	 -1.2970	 -0.0660
 -6.1252	 +9.6808	 -1.2795	 +3.0002	 +0.6843	 -1.9603
 -2.8214	 +4.1404	 -0.7181	 -2.7373	 -3.4336	 -1.4360
 +8.5467	-13.5782	+17.4490	 +2.1785	 -0.5353	 -0.5770
 -4.3052	 +0.2029	+23.1110	 +2.2064	 +0.4257	 +1.5364
 -1.9517	 +4.4928	 +0.2929	 +1.2378	 +1.2488	 -2.2629
 -2.1689	 +4.3016	 +7.0187	 +2.2380	 -0.5252	 +2.3741
 +0.4136	-25.3274	 +6.7088	 +2.3788	 -0.7729	 -3.2685
-13.3957	 +3.7046	 -2.5491	 +0.5553	 -2.1409	 -1.1434
 -4.3437	 +0.8534	 +2.0898	 +2.4438	 +2.0490	 +0.5235
-10.3088	+14.8938	 -4.2358	 +0.1681	 +0.4061	 -2.0256
 -7.6850	+14.7744	 +8.7700	 -0.1892	 -0.4154	 -1.0303
 +8.6732	 +0.9442	 -1.6478	 -2.8804	 +1.3747	 -0.1461
 -6.4655	 -2.7941	 -5.9913	 +3.2996	 -2.0440	 -2.8271
 -7.0136	+26.3482	+11.4384	 -0.3054	 -0.7742	 +2.0889
-13.6394	 -1.6958	 +2.4267	 -3.0377	 +1.6259	 -0.8043
 +2.0146	 -1.3351	 +4.3930	 -0.9017	 -1.6778	 +5.2522
 +1.0552	+14.3096	 -8.6017	 -0.1076	 -3.8283	 +4.3010
 +2.1380	-13.0959	+23.0879	 +0.3500	 +1.4296	 -3.5159
 +1.6703	 +7.3113	 -9.3228	 -4.5405	 +4.1252	 +2.1326
 -6.1220	 -5.3881	-15.3967	 +1.0032	 -0.2702	 -3.8550
 -8.8973	 -5.0926	-13.7897	 +0.6242	 +0.3863	 +0.7483
-13.9235	 +1.7017	 +4.7156	 +2.3410	 -3.1810	 -0.3830
 -6.6236	 +3.3282	 +9.7311	 -1.2586	 +1.1715	 -5.4026
-39.1330	+33.4613	-74.6953	 +1.1947	 +1.7796	 +0.3075
-16.0313	 -1.3137	 -5.1381	 -0.6701	 -2.1941	 -0.2023
 -8.7513	 +7.5685	 -2.5054	 -3.8289	 +3.3493	 -0.3333
 -2.6041	 +9.6563	 -8.7152	 +0.8089	 -3.1895	 +2.7380
-15.5521	 +4.7439	 -3.8325	 +4.1433	 +0.6611	 +1.1416
 -0.9465	 -4.4124	 -5.7621	 +0.6848	 -3.2836	 -2.7669
 -1.4473	 -3.8677	 -4.5616	 -0.5250	 +0.8619	 +3.4541
 +1.5020	 +3.1655	-15.0687	 +0.6842	 +5.0423	 +2.8867
 +6.4901	 +1.6118	 +0.7653	 -2.3191	 -4.2355	 -1.6952
 +0.5308	 +1.4321	 -5.5949	 -2.1147	 +2.3529	 -1.8428
 -1.6043	 +0.2076	 -8.8811	 +3.4361	 -0.4603	 -1.3090
 +9.0227	 +6.7679	-24.8159	 -2.0951	 -1.6741	 +2.3922
+21.7217	+36.0503	+75.3120	 -1.1637	 -0.7422	 +0.7573
-11.5483	-12.2756	-11.0211	 +0.3025	 -0.9638	 +3.7973
+15.5413	 -0.4502	+19.1984	 +1.0910	 +1.4720	 -0.8959
 +0.8134	 -1.4194	 -4.5440	 +2.5215	 +2.8804	 +2.3103
 -0.4394	 -5.8210	 -7.6016	 -3.5764	 -2.5922	 -3.6893
+62.6167	+29.2859	+38.6333	 -1.0054	 +0.0402	 +0.4677
 -4.4031	 +6.7004	 -1.1726	 +0.3542	 -2.5402	 +2.9514
 -1.7993	 -9.7438	 -8.9142	 +0.7298	 +1.6314	 -2.9206
 +3.0736	 +7.2009	-10.0223	 +4.0539	 +1.3724	 +1.9551
-10.3087	 +5.6337	 -2.1907	 +1.9035	 -0.3627	 -1.1833
-29.1142	 +1.8215	+20.6370	 +2.5684	 -1.3186	 +1.0013
 -2.7412	+12.6702	 -5.6992	 +0.5139	 -1.9657	 +2.0691
 +1.6840	+13.0782	-15.4827	 -0.6221	 -0.8069	 +0.5440
 +7.4173	+20.7288	 -2.5675	 -0.2421	 +1.4589	 -0.3646
 +4.6791	 -1.6763	+12.4107	 +2.1484	 -0.3447	 -5.0075
 -0.5856	-11.2982	-13.5652	 +1.7743	 +2.2447	 -1.9719
+15.5186	-13.0730	 -4.0464	 +2.4895	 +0.1964	 -0.4998
 -6.6316	 +4.3793	 -9.2700	 -1.2133	 +3.1136	 -2.4063
-18.5035	-10.6034	-14.6775	 -2.0477	 +1.7115	 -2.7155
 -0.3568	 +9.9710	-11.7419	 +0.4606	 +1.5346	 -2.1488
 -8.7609	+29.8526	-22.3632	 -1.7742	 +2.4521	 +1.4366
 +0.6076	 -6.2641	 +9.2912	 +0.8191	 +1.1959	 -0.8039
-17.9247	 -2.7967	 +6.3451	 -0.0145	 -1.1073	 -1.7421
 +3.4892	 +4.8838	 -9.7424	 -2.3666	 -2.2527	 +0.0987
 +1.3524	 -2.1526	 +9.1761	 +0.6307	 +5.2122	 +0.6801
 +9.1884	 +0.4817	 +6.3877	 -0.5083	 +3.7787	 +3.3191
 +3.8567	 -1.3219	 -5.5989	 -0.5760	 +0.8615	 +1.3764
 +3.9523	+10.7248	-10.7277	 +1.4993	 +1.6103	 +0.5153
 +4.9865	 -0.8491	-19.3349	 -2.8058	 -2.6250	 +1.1144
 +3.9576	+12.9055	 +3.4330	 -0.9134	 +0.6592	 +0.0944
 -8.7719	 +0.1009	 -9.0972	 +1.3327	 -3.3579	 +0.0835
 +0.2945	 -5.7516	 -4.8701	 +0.7129	 -0.8576	 +2.4326
-22.8911	 -4.3951	-12.6576	 -1.5142	 -2.3901	 +3.3811
 +6.5480	 +4.9676	 -6.9685	 -1.0694	 -1.2538	 +0.1770
+32.1684	+11.3991	 +5.6840	 +0.6265	 -0.0080	 -0.0037
 -5.7012	-10.5108	 -1.9699	 -1.3322	 -0.1534	 -2.8771
-10.4911	 -7.0970	-10.0555	 -0.1900	 +2.8091	 -1.4820
 -8.9840	+14.4187	 +5.5850	 +1.7102	 -2.5513	 -1.8736
 -1.6683	 +1.3535	 -1.7573	 -0.2801	 -1.6338	 -2.1935
 -5.6429	 +4.6240	-18.0256	 +3.5140	 -1.3691	 -1.3280
 +1.8753	 -5.3888	 +1.4938	 -1.3509	 +2.6739	 +0.2900
 +4.0840	 -1.2413	 +4.8322	 +2.3467	 -1.5497	 +0.6466
 -4.1807	 -2.3627	 +4.3958	 -0.7188	 -0.8269	 +3.3433
 +7.2629	-11.8539	 -1.9079	 -4.9265	 -2.2105	 -0.3930
-82.2776	+43.1071	+28.6643	 +0.4051	 -0.0503	 +0.5123
+14.2849	+14.2868	 -1.2483	 +1.5799	 -0.1060	 -2.7136
 +9.2910	 +3.9419	 +6.7958	 +0.5411	 -1.5107	 +0.8684
 -7.9126	 -3.2964	 +5.3584	 +2.9200	 -2.8506	 -1.1375
 +2.2843	 +4.3276	 -7.4137	 -1.1615	 +0.3835	 -0.6515
 +4.9572	 -5.3249	 -5.6223	 +5.9583	 -1.5490	 +0.7702
 -1.5733	+22.7151	-38.5171	 +0.9712	 +0.9051	 -0.3225
 -8.2577	-18.9832	+15.2126	 +2.0003	 +1.4450	 +1.8449
 +2.4523	 -3.2867	 +1.1642	 -2.9302	 -2.3970	 -3.5866
 +2.2550	 +2.2669	-14.0418	 -0.6583	 -2.9015	 +2.3224
 -4.6976	 -2.8213	 +2.9356	 -0.9773	 -0.4454	 -2.5605
 -6.4521	 +1.3621	 +1.9054	 +2.8439	 -0.7520	 +2.0727
-15.5713	 +7.3427	 -8.8935	 +1.2256	 +1.1056	 +2.8594
+13.7968	 +5.9395	 -7.7388	 +0.6140	 -1.5074	 +1.4282
 -3.6756	 -0.5283	-10.0310	 +0.5297	 -1.1055	 +1.1037
+13.5467	 +3.7247	+16.0008	 -3.5838	 -2.8730	 +0.3159
+18.4647	-15.4790	 -9.2176	 -0.2391	 -1.5051	 +1.9182
 +2.9709	 -1.8182	-12.9038	 +1.7549	 +2.5373	 +1.1640
 +7.7725	-10.3410	 -8.4546	 -0.6381	 +1.4947	 +0.6572
+15.3319	 -1.9659	 -1.3176	 -3.3828	 -0.4042	 -0.3959
 +3.4792	 -4.7725	-18.0710	 -2.1736	 +0.0449	 -2.1966
 -6.8379	 -0.4846	 -5.0339	 +0.0785	 +5.2817	 +0.9816
-10.9641	-14.3909	 -4.5602	 -1.5979	 +2.8699	 -1.0040
 -3.1154	 -5.8322	 -4.2399	 +0.1357	 -1.5261	 +3.9528
 -6.4453	 +7.5258	 -5.5837	 -4.6841	 -0.2324	 +1.8838
 +7.4350	-17.5417	 -1.2267	 -3.6823	 -1.4090	 +1.5114
-31.2210	-14.3096	 -7.0467	 +1.4557	 +1.0357	 -3.2989
 +7.2308	 -2.9363	 +2.3813	 +0.4305	 +0.6022	 -4.3384
 -3.3589	-11.5430	-16.9961	 -1.7755	 -3.6346	 -2.6048
+11.0373	+14.0770	 -2.4059	 +1.3841	 +0.1665	 +2.3431
+10.1713	+10.0299	 +3.8393	 -2.4350	 +2.7585	 -1.3753
 -6.1293	 -4.5850	 +4.1626	 +4.1505	 +2.3403	 +0.7254
-39.6112	+28.7682	+37.7320	 +0.4086	 +0.2221	 -0.1953
+24.5519	 -1.6411	 -5.9748	 +0.0646	 -0.2848	 -1.8044
 -9.6482	 +1.8191	 +2.1980	 +1.2207	 +1.6691	 -2.4514
 -8.0782	 +5.9141	+12.2940	 -0.8292	 -3.0652	 +0.5076
 -6.0580	 -8.2738	 +3.0765	 +1.8621	 +0.0048	 -3.4209
 +5.0894	+17.3580	+14.5753	 +1.4678	 +0.2634	 +0.5985
+33.9497	 +0.2639	-13.0781	 -2.2205	 -0.8424	 +0.7697
 -3.7258	 -4.0081	 -2.7432	 -0.8482	 -3.4025	 +0.9851
 -6.4766	 +7.5077	 +4.3121	 -2.1350	 -1.9589	 -3.3532
-10.0563	-12.1706	 -4.3445	 -1.8687	 -0.7213	 -3.1975
 +3.7509	-16.8121	-20.0740	 +0.8266	 +0.6752	 +3.1638
 +2.2828	 -4.3643	 +3.1049	 +0.0047	 -4.7725	 +1.7036
-12.0632	 +1.0467	-11.2599	 -1.0058	 +0.9137	 +0.9482
-92.2007	-31.2127	+76.0323	 +1.5278	 +0.2112	 -1.3476
 +9.2556	-13.4013	 -2.1345	 -0.9149	 -1.2824	 +3.1415
 +3.3745	-17.7167	+30.8332	 -1.4532	 +3.2329	 +2.4047
 +7.5529	-19.9239	-16.0936	 +0.1217	 +2.2431	 -1.0730
 +1.6638	 -0.0963	 -0.9988	 +2.9911	 +1.0455	 +2.1957
 +5.0183	 -3.6389	 -6.3951	 -0.8548	 +3.3437	 +2.3533
 +5.2611	-11.6375	 -0.0991	 -2.7663	 -0.2119	 +2.4663
 -9.5062	 +7.4406	 -3.6772	 -3.2591	 +0.4358	 -1.4149
 -4.3298	 +7.3227	 -0.7236	 +2.2622	 -0.9697	 +3.9957
 -7.9149	 +3.3402	 -0.8406	 +4.3168	 +2.4882	 -2.3567
 +2.2473	 -2.3620	 -8.5296	 -3.4618	 +5.1686	 +2.3347
 -2.4133	 +0.5988	 -4.0924	 -2.3275	 -0.7093	 +3.7827
-14.3198	 -3.5888	 +0.2279	 +3.7266	 +1.3555	 -1.1176
 -2.2236	-11.7278	 +2.2649	 +0.1658	 +2.0318	 -2.3087
-13.1833	-14.7417	-24.2514	 -0.9008	 -1.0666	 -2.7230
 -4.3535	 +3.1097	 -2.7810	 +2.0838	 -0.8536	 -1.6578
-12.7128	-16.1042	-23.6744	 +0.6955	 +0.7610	 -1.2701
-54.9680	+16.9236	+43.8619	 +1.5830	 -0.9566	 -1.1390
-47.4565	-24.0476	+14.0710	 +1.9395	 +1.3847	 -0.7708
 +2.5149	 +8.3917	 +0.6589	 +1.0362	 +0.2604	 -5.3102
 +1.2590	 -1.0046	 +1.3177	 -1.2724	 +2.2376	 -1.9594
-72.9498	-124.6952	+118.5834	 +0.6970	 +0.1138	 -0.1400
 -6.2199	-19.0769	 -3.4275	 +1.9239	 -1.1257	 -0.5581
-10.1098	 -7.1953	-14.0672	 +1.8704	 -2.6428	 +1.9228
 -0.0323	 +2.6380	 -1.8347	 +1.7530	 +2.6648	 -1.6901
-30.8203	-28.0243	-21.0131	 +2.7611	 +0.0523	 -0.7633
 +0.7753	 -2.6534	 +1.8442	 +5.8573	 -0.7029	 +1.5347
 -4.1577	 -3.2678	 +6.8990	 -0.7702	 +0.8958	 +4.7677
+16.5815	-14.4554	+43.9313	 +1.0579	 +2.7117	 +0.6461
 +2.6270	 -2.2727	 -6.0496	 +4.1151	 -1.4989	 +3.0375
 -0.5329	 +5.8306	 -7.5681	 +3.6522	 +0.8744	 -2.5193
 -2.7111	 -7.9332	 +8.9181	 -1.5063	 -1.8528	 +5.0675
 +9.1062	-15.5977	 +9.9842	 +1.4896	 -1.3575	 -3.0749
-25.6982	 +7.5785	+27.4612	 -0.5526	 -1.0119	 -0.1011
 -5.1638	-12.7448	 +3.7847	 -4.0828	 -1.2923	 -2.5168
 -0.6094	 -0.2701	 +2.3392	 -0.5535	 +1.9632	 +1.5275
+15.8964	 -3.6562	 -1.5199	 +0.8085	 -2.3450	 -0.9121
 +2.6793	 +1.0185	+11.1103	 -0.9208	 +1.3783	 +2.4751
 -8.0397	 -9.6733	-11.3471	 +1.3930	 +2.5077	 +3.5447
 +0.4575	+10.4104	 +4.8676	 -1.2478	 +0.6559	 +3.3940
-15.5837	 -4.6210	+10.8821	 +0.5711	 +1.4128	 -3.1077
 -0.3417	-10.4471	 -0.6041	 +2.8464	 +1.4250	 +3.6226
+12.6770	 -1.0738	 +6.4931	 -0.5621	 -0.9962	 +0.6214
-29.7706	+16.0103	 -0.1404	 +1.9451	 -0.2163	 -1.9236
 -1.3777	 +6.9032	 +4.7069	 +1.6087	 +0.5309	 -1.5862
 +1.9386	 +1.6373	+11.4937	 +1.0525	 +2.1954	 -3.4746
 -2.4913	 -1.2058	 +7.2745	 -3.1944	 -2.7975	 -2.2044
-13.2124	 -9.7865	-15.6560	 +0.3781	 -1.3061	 -1.5422
-26.9838	+28.0218	-69.8092	 +0.5687	 -1.5706	 +1.0375
 -3.3050	+25.7020	 +2.8776	 -2.3452	 -1.2054	 +1.3663
-27.2236	+71.4397	-50.3203	 -2.0447	 -0.9192	 +0.3573
 +2.7928	 -2.8583	 -0.3750	 +4.7837	 +3.8200	 +0.0206
 +1.7351	 -4.9681	 +6.8622	 +3.3003	 +4.6423	 +0.0381
 -3.6579	+23.4169	 +7.6441	 -0.7967	 -0.4595	 +1.3076
 +7.8909	 -0.1283	-18.1828	 -0.1715	 -1.4040	 -3.5409
 -1.3147	 -5.6779	+12.2522	 +3.9412	 +1.0471	 -1.5819
 -4.9893	 -9.8510	-18.0231	 -1.8419	 +0.4171	 -0.8166
 -2.8971	 +4.1850	 +4.4362	 -3.1618	 +0.3439	 +2.2274
 -6.0877	 +2.7744	 -6.9233	 +0.2026	 -0.3937	 -1.2183
 -6.9142	-12.8152	-15.3703	 -0.3715	 -2.5763	 +0.5879
 +6.9942	 +5.4534	 -6.7168	 +3.3642	 -2.8307	 +0.8285
-12.2874	 -2.2480	+11.7335	 +0.5944	 -2.0608	 +1.3348
-18.0576	 -7.1191	 +3.6844	 -2.4401	 -2.2745	 -1.8562
-12.6974	-13.0142	 +4.8400	 -2.6386	 +4.0968	 +0.9035
 +2.6568	 -4.9435	+12.3108	 +1.8656	 +0.0933	 -1.1129
 +3.4050	 +3.6980	 +3.8033	 +1.2817	 -0.6220	 -4.2228
 -4.8583	+10.0483	 -3.7463	 -2.3010	 -3.9268	 -0.5574
 +9.0313	 +6.0285	 -4.5996	 -0.6569	 -3.2253	 -2.2543
-140.9856	-172.7705	+114.6019	 +0.3980	 +0.9149	 +0.0687
-10.2258	+15.2697	 -7.3633	 -1.7955	 +0.4717	 +1.0463
-18.9034	+30.4499	+42.7852	 -0.1338	 -2.6324	 -0.7893
 -9.9607	 -2.6817	+15.9120	 -1.1296	 +0.7513	 +2.0291
 +7.6406	+74.1691	-80.2498	 +0.0580	 -0.1630	 +0.5131
 -5.2879	-21.7723	 +1.6646	 -0.6190	 -0.1898	 +2.5113
 +2.7747	 +0.9415	 -9.7688	 +3.2485	 -1.2324	 -0.2682
 -1.5069	+21.2261	-22.0296	 +1.9856	 -1.5113	 +1.2391
+10.0903	+10.1989	 -2.7850	 +4.8085	 +1.5733	 -1.6630
-20.1864	 +2.6378	 -6.9191	 +0.2154	 +3.5601	 -0.5466
 -6.7838	 -5.9420	 +1.7983	 +2.9475	 -2.5567	 -0.3931
 -0.5114	 -5.5103	 +7.7973	 +0.2935	 +3.2222	 -1.6168
 +5.1990	 +0.0308	 -0.1121	 +2.0039	 -0.4739	 -2.2695
 +1.1602	 -4.1183	 -8.4524	 -1.0762	 +2.2848	 +1.4858
-23.3521	 +4.8438	 -4.4819	 +0.2568	 -1.8467	 -0.4906
-17.4478	+16.0624	 -0.9798	 -0.5281	 -0.2528	 -1.0005
-12.3850	 +8.1881	 +0.7503	 +3.1450	 -4.2909	 -0.6572
 +2.4951	 +2.9329	-32.4981	 +0.3594	 +0.6552	 -0.1623
 +9.8173	+13.0554	 -4.5085	 -2.7871	 -0.0865	 -2.7479
 +2.3675	+16.2305	-13.5703	 +0.9564	 +0.4760	 +3.0826
 -9.1928	 -4.5798	+12.0314	 -1.2225	 +0.3130	 +2.6157
-26.9275	 -4.3210	+16.0617	 -1.3239	 +1.0359	 +2.1111
 +2.3106	 +5.5876	 -5.9254	 -3.8230	 -0.3908	 -0.6550
+10.3334	 -7.6888	 +9.5801	 -1.6146	 -1.3265	 -1.7770
 -2.4022	-10.0976	 -0.9497	 +0.8768	 +1.7469	 -0.2940
 -2.2895	 +8.0517	 +2.1979	 -1.9408	 +0.1505	 -3.9780
 +0.2021	-14.0438	 +6.9071	 +0.9207	 +3.3435	 -2.0585
-14.5938	 +0.2558	 -5.6178	 -1.8706	 -2.9130	 -1.2045
 +0.4530	 -8.7410	 -6.4113	 -1.0788	 +2.4326	 -1.6527
+12.0483	 -3.5974	 -4.0240	 +3.3054	 +0.1089	 -2.4204
-18.0265	 +9.4165	 -4.5318	 +0.0115	 -0.7738	 +0.0241
 -6.6315	 +7.5906	 +3.4860	 -0.5097	 -4.0346	 -1.9950
 +1.5773	 -9.0339	 +4.4361	 +5.1228	 +1.0063	 -0.4809
 -4.5604	 -2.7347	 -6.3140	 +0.7376	 -4.3520	 -3.2956
 -4.2506	 -1.1568	 +2.0553	 -0.0819	 -4.3514	 -3.9990
+10.1111	+24.6183	+21.9261	 +0.1896	 -0.7626	 -2.5293
 +8.2057	 +3.2431	 -5.0199	 +2.1730	 +2.3780	 -1.6573
 -5.2892	 -6.0006	 -0.6502	 +2.8242	 -4.5400	 +1.9763
+35.1943	 -7.5888	 -5.2089	 +1.0690	 +1.1492	 -2.3353
 +7.1358	 -1.9021	 +6.2704	 +1.0512	 -1.7930	 -2.0604
 -4.9768	 -3.9877	 -6.9277	 +2.4162	 +1.8892	 +2.8195
 +7.9222	 +8.5313	-14.5895	 -1.2308	 -0.6995	 +0.6202
 -5.2900	 -1.3250	 +0.2754	 +5.4502	 -0.0971	 +0.8365
-11.2744	 -0.6066	 -4.7722	 +3.3467	 -2.3764	 +4.5927
 -0.2940	-12.3346	 -7.7002	 -1.4502	 +1.1612	 +3.3319
 +4.1266	 -4.7618	 +2.4163	 -5.9497	 +1.0219	 +3.1312
 -3.8449	 +0.2567	 +0.2659	 +0.8321	 +0.8801	 +2.6078
 -2.1415	 +0.1788	 -1.4355	 -0.6260	 -0.0667	 -2.5405
 +1.7556	 -0.2693	 -5.2660	 -4.2268	 -3.8290	 +4.0458
 -3.6676	+43.8027	-10.4133	 +1.9884	 +0.2313	 +0.2792
 +1.5385	 -3.3182	 -1.7332	 -2.5889	 -0.1281	 +2.8659
 +2.5531	 -7.7363	-23.3858	 +2.0416	 +0.3995	 +1.0147
-11.1269	-19.9167	 -4.3358	 +1.7552	 -1.4155	 -3.1267
 +0.0219	 -4.1131	 -2.1004	 -5.7450	 +3.2776	 +1.3701
 -8.3347	-20.2627	 +0.8177	 -1.6551	 +2.1635	 +0.4931
 -5.4866	 +4.0691	-12.7596	 +0.2991	 -0.3912	 +0.2632
 -6.8288	 +0.9205	+17.5999	 -1.3543	 -1.4648	 -1.9150
 +0.0124	+11.3471	 -6.4688	 +1.0260	 -0.5001	 +4.8208
 -8.3683	-10.1855	 +1.9816	 +3.9933	 -3.7176	 -1.2631
 -1.5785	 +1.2644	 +4.0465	 -3.8321	 -0.3304	 +5.4786
 +5.8647	 +4.2797	 -3.8760	 -0.3086	 +0.8442	 -1.2716
 +9.9698	 +2.2831	+39.8230	 -1.0263	 -0.6805	 -0.7572
 +7.0316	 +2.1003	 -1.5198	 -0.9340	 +0.0396	 +1.7749
 -8.4922	 +4.8424	 -8.3057	 -0.5800	 -3.1651	 -2.1457
 +8.3378	 -5.2006	 +2.5160	 +0.9052	 -5.3218	 -1.9574
 -2.6243	 +3.9165	 -2.5028	 +4.2524	 -3.0057	 -1.1471
 -3.6567	 -9.3962	-11.0084	 +2.4841	 -1.0594	 +3.4567
-16.3267	 -3.1096	 -5.3030	 +2.2400	 -1.9437	 -2.3283
 -4.2093	 -6.9174	 +2.7172	 +0.2826	 -0.0462	 -2.3894
-62.8062	-16.3138	-25.2888	 +0.0530	 +0.3384	 +0.1820
 -0.9275	 -4.7305	 -3.5996	 +1.4117	 +3.6115	 -2.9248
-10.1039	 +1.9517	 -9.1682	 +0.7851	 +0.2619	 -3.3009
 -9.9035	 +1.7506	 +0.1706	 -1.4078	 +2.2473	 -1.7757
