# Num Particles: 1000
# Num Cores: 1
# Total Energy: -2.265801e+04
# Iterations: 671 of 1000
# Current Time: 2018-05-06 03:27:59.359651
# Elapsed Time: 10:14:03.599119
# Avg. Step Time: 0:00:54.908493
# 
# x	y	z	vx	vy	vz
# 
 +6.6965	 +2.8566	 -0.1919	 -0.9411	 -0.7454	 -0.3757
 +0.7058	 +7.8742	 +2.4269	 -2.5790	 +5.4006	 +1.1679
 -7.7534	 -7.1923	 +0.0900	 +0.7354	 +1.8054	 -3.8295
-32.8462	+16.4506	 +6.2041	 -0.7186	 -2.0636	 +1.0247
 +5.2063	-12.6781	 -1.8276	 +0.9748	 +3.7624	 +0.8603
 +5.0589	 +1.4513	 +0.8056	 -2.0986	 -0.3379	 +5.1034
 -0.3898	-10.3590	 -8.9590	 -3.2849	 +2.7544	 +1.2086
 -9.6170	 -5.9633	 +1.3762	 -2.2374	 -3.1306	 +2.0196
-12.2240	-20.6971	-10.4715	 +2.9424	 +3.3717	 +0.5120
-27.4033	+13.7868	 +3.7986	 -1.2569	 -2.2126	 +0.0689
 -5.3231	+12.6845	 +9.2882	 +3.8584	 -0.8336	 -2.7417
 +4.1011	 +0.7450	 -3.8412	 +0.3146	 -3.1135	 +1.9233
-13.3120	 +8.3584	 -8.5032	 -1.0121	 -0.6083	 +1.9546
+14.7377	+16.4098	-30.5617	 -2.2625	 +0.3644	 +0.0710
 -2.4539	 +3.6600	 -1.5268	 -3.0423	 +0.0472	 +1.3492
 +5.2550	 -7.0503	 -8.6795	 -4.4784	 -0.7399	 +0.2516
 +1.2905	-11.8247	+10.7716	 +2.6296	 +1.1482	 +1.3527
 -9.6157	 +3.5408	-13.2155	 +0.3341	 +0.3200	 +3.3886
 -3.1759	 -0.6842	 -7.3740	 -3.3059	 +4.4280	 -2.1051
+96.3749	-33.6457	+79.4912	 -1.4822	 -0.8028	 +0.1114
 +8.4642	+10.3371	 +0.3842	 -0.1367	 +0.8744	 +2.4129
 +1.2765	 -7.4694	 +6.0265	 +0.0982	 +2.3780	 +0.9556
 -9.0887	 -1.2412	 +7.1964	 -1.1393	 -2.6076	 +0.3207
 -7.4339	 +3.7077	 +9.1887	 +1.0616	 +0.7721	 -1.9269
 -3.6796	 -2.1965	 +0.3895	 -4.7454	 -2.9469	 +1.8357
-44.9125	+32.4448	 -7.6490	 -1.1955	 +1.6844	 -1.2298
 -2.6648	 -8.3444	 -2.6571	 +0.8178	 +3.0709	 +1.8251
-17.3844	 +3.7027	 -2.3845	 -1.7824	 +2.5751	 -3.0963
+12.5670	 -7.8407	 -8.1800	 -2.3207	 -3.3196	 -1.9316
 +9.1419	 +7.4986	 +1.7656	 +2.9589	 +4.7233	 +2.3140
+20.3429	 -6.2946	-13.0543	 +2.4867	 +0.8274	 +0.1744
-59.0857	+20.0488	+10.6748	 -0.0675	 +1.8178	 +1.7405
-12.2216	 +1.7440	+12.7819	 +1.0302	 +1.6690	 +3.0039
 -2.7209	+11.1999	 -9.2406	 +1.0485	 +3.1727	 -1.4105
 -5.0876	 -5.4210	+18.4168	 +1.2483	 +0.0646	 -2.3499
 -9.8912	 -1.4776	 -5.9373	 +0.5260	 -0.1459	 -1.0874
 -5.8735	 -4.5648	 +2.6293	 -0.4765	 +3.9733	 -1.0974
+10.0087	 -8.6327	 -8.6707	 -1.5305	 +0.6055	 -2.6244
 -6.0313	+12.4827	 -5.2010	 +0.0050	 -5.1436	 +1.6037
 -2.8617	 +9.2095	 -1.5004	 -0.8248	 -2.0634	 -2.3836
+21.0791	-28.1338	 +9.2690	 +0.6260	 -1.8951	 -0.5182
 +1.5138	 -7.9786	 +5.5372	 +1.2621	 -1.7736	 +2.1730
 -1.3039	 +9.2998	 +2.8701	 +2.2845	 -2.0383	 +2.1315
 +1.2586	 -3.7615	 -4.6095	 +3.6423	 +2.3866	 +0.6648
 +8.3704	+14.8376	-10.5204	 +1.7451	 -2.7551	 +2.7725
 -8.5148	 -2.6219	 +2.7923	 +1.0966	 +0.4059	 -2.2833
 +7.6910	+14.1781	 +0.0026	 +0.5652	 -1.1931	 +2.8063
+29.2529	-11.9448	 -7.9356	 -1.8888	 -0.7054	 -1.4449
 -4.8690	 -2.8873	 -4.6329	 -3.5564	 -1.5449	 +0.8224
 +9.5530	 +6.1633	 +4.4345	 +0.1179	 -1.9504	 +0.5631
-26.2133	-54.1355	-27.3514	 +1.3436	 +0.6958	 +1.8321
 -2.7927	 +2.2629	 -7.3537	 +1.4367	 +2.5581	 +3.1981
 +6.7737	 +9.1953	+23.5843	 -2.3851	 +2.8376	 +1.1948
 +4.2841	-16.2640	 +1.3919	 -1.7289	 -2.7750	 -2.4847
 +7.9217	 +9.6455	+62.6560	 +0.3840	 +2.1803	 +1.1436
-30.4143	 -2.3364	 -4.4197	 +0.9410	 +0.9346	 +0.1490
+14.1723	 +0.9877	 -3.2784	 -5.0050	 +0.5449	 -1.2308
 +4.7319	 -7.3942	 -8.7293	 +1.6047	 -0.3282	 +1.6953
 +3.4513	+14.9121	 +4.2081	 -0.9435	 +1.3657	 -1.5580
-18.5809	 -2.4278	 +3.1571	 -1.4774	 +4.5604	 -1.9137
-28.7374	 +5.5551	 -5.7301	 -0.3366	 +0.3877	 -2.4336
 -6.9609	+24.4777	-21.8327	 +0.6327	 +2.3817	 +0.8312
 -1.9983	+12.6471	 -0.3830	 -1.4028	 +0.2014	 +0.7952
 +2.4577	 +0.8139	+11.1599	 +0.7692	 +3.2911	 -0.2065
 -1.2775	 +0.8416	 -2.1654	 +1.6169	 +0.5969	 -4.1311
-10.6215	 -9.9071	 -7.2929	 +1.6037	 +1.1934	 +2.2206
 +4.1103	 +4.1230	 +8.3953	 -1.3584	 +0.3815	 -4.7489
-27.2900	-22.9831	+25.8953	 -1.5952	 -1.2637	 -0.7972
 +0.2545	 +0.2438	 +2.7743	 +0.5838	 +5.0467	 +4.3430
 +3.3472	-12.0106	 +4.5091	 +0.6122	 -2.1570	 -1.9521
 +0.5025	 +4.8653	 +1.4394	 +1.9828	 +0.1157	 +1.0691
 +6.9747	 +9.2558	 +2.4828	 +1.9946	 +3.7258	 -0.2282
 +7.8243	 -2.7371	 -0.9134	 +1.0808	 -1.0385	 +2.6057
 -3.3575	+15.1978	-102.3181	 +1.9406	 -0.0327	 -1.1586
+21.2680	-14.1073	 -8.6152	 -1.7474	 +2.9015	 +1.1813
 -9.8866	-15.8297	 +3.2298	 +2.7261	 -2.6621	 +2.5124
 +2.7599	 -4.1312	 +1.0270	 -1.2016	 -2.9771	 +1.3023
-12.7653	-10.0855	 -6.3385	 +0.3157	 +2.2294	 -3.5958
 +5.7591	 -8.3803	 +7.4202	 -0.9300	 -2.6492	 -0.9833
+29.8718	 -1.6083	 -4.8175	 +0.1018	 +2.3551	 +0.2921
 -0.3292	 -1.8668	 -4.5009	 -0.0173	 +0.1599	 -2.4468
 +1.4847	+13.2874	 -8.0700	 -2.4465	 -1.7823	 +1.2988
 +0.8683	 +0.0960	 +8.1297	 -0.7585	 +0.3085	 -2.2331
-15.5198	+19.6258	+33.9959	 -0.4480	 -1.2458	 +2.3334
+21.3893	+15.8902	+16.2120	 +0.1471	 +1.0176	 +1.6708
 -8.9392	 -8.5087	 -5.9978	 +0.9127	 -2.6402	 -4.3861
 -5.5993	 +2.7901	-11.4993	 +4.5479	 +1.1160	 +0.4226
 -5.2441	+24.9305	 +8.5770	 -0.5309	 -0.1210	 -0.9395
 +7.5251	-27.0755	 -1.5051	 +1.6942	 +1.4608	 -1.8981
 -6.8269	 +9.3257	 -4.7659	 -0.3879	 +3.2321	 -0.2420
 +1.0548	 +7.5226	 +7.9802	 +3.3112	 -0.9111	 -1.2201
 -1.1106	 +0.4156	 -5.0599	 -0.5340	 -0.4452	 +0.2001
-17.9438	-30.6268	-48.9167	 -0.5444	 -0.4789	 +0.1882
-18.3941	 -7.1234	+13.9645	 -1.7464	 -1.2687	 +1.3869
 -6.0126	 -9.2832	 -0.9100	 -2.1573	 -2.1451	 +0.8277
 +1.3052	 +6.5114	-15.3506	 -2.8101	 +1.9129	 -0.3834
 -9.3235	+26.9482	 -2.9681	 +0.0684	 -2.0830	 +2.8011
 -9.4456	 -3.4522	+12.9502	 -0.7484	 +0.4097	 -3.1401
 +1.4257	 -7.9248	 -5.9371	 +4.4464	 -2.6533	 -0.1271
 +8.5664	 +2.7701	-14.6137	 +2.9038	 +2.3409	 +3.6973
-16.0214	-14.4146	 -0.1496	 -2.4394	 +1.0922	 +0.7799
 +6.5664	 +1.2124	 +2.4901	 +3.3857	 +0.4422	 +3.4946
 +3.3976	 -0.0203	 -1.5334	 +0.2480	 -1.5614	 +3.5175
 +2.6934	+12.0311	 -0.8967	 +0.1918	 +0.1471	 +3.9186
 -2.0478	 -0.5278	 -0.9405	 +0.8238	 +0.9847	 -1.4033
+12.8313	 +9.2424	 -1.7137	 +0.7668	 -0.2688	 -2.9791
 +5.1132	-14.2760	 +9.9832	 +3.2326	 +1.9292	 -3.2201
 +4.6664	 +9.2176	 -3.3052	 +3.5409	 +1.8375	 -0.3236
+28.9062	+20.0422	+13.4111	 -0.2209	 +1.1217	 -1.1337
 +4.9340	 -1.0957	-10.2413	 -1.6179	 -0.4660	 +3.1783
 +8.9395	 +8.2231	 -4.0052	 +0.2128	 -2.2595	 +0.9997
+472.9304	+391.9942	-225.4275	 -0.2829	 +0.6703	 +0.3167
-139.5624	+106.1591	+202.5617	 -0.0915	 +1.1224	 +0.4128
+26.7674	 -8.8183	 +6.6257	 +1.4414	 -0.5511	 -1.2535
 -6.3994	 -5.6865	+11.0746	 -1.8250	 -0.6766	 -3.9643
 -3.3251	 +5.1009	-10.8242	 -0.5451	 -4.1973	 -1.6513
 +2.4527	-11.5250	 -9.0379	 -2.6946	 -0.6718	 +0.2171
-63.7617	-14.4840	-14.7828	 +1.8574	 +0.3034	 -0.6692
 +4.4629	 +0.5792	 -2.8105	 +1.3466	 -0.6681	 +1.9148
+47.8375	-26.0115	-41.4005	 +0.1480	 -0.5157	 +0.5760
 +0.3905	 -4.1506	 -8.1924	 +3.9779	 -1.9433	 +4.1406
 -2.0242	 -2.1095	 -3.3620	 +2.5318	 -3.8545	 -0.6274
 +2.4233	 +8.2441	 -7.2906	 -2.8896	 -0.6435	 +0.6632
-14.4440	 +4.4417	 -1.1756	 +1.4112	 +2.6885	 -0.3896
 -0.7106	 +0.8418	 -4.5397	 -2.5753	 +0.9514	 -1.7671
 -5.3036	 +2.7712	-10.0478	 +1.2834	 -2.3159	 -0.8494
 +5.5771	 -0.2525	 -7.5812	 +3.8311	 -0.5536	 +3.6674
 +4.2971	 +0.5060	 -2.8296	 +2.9170	 +0.4148	 -2.6674
 -1.9511	 +2.7065	 +5.1973	 +3.3080	 -1.9385	 +0.3334
 -6.8344	 +2.2043	 -5.5686	 -2.0788	 +4.4011	 +3.0463
+14.3309	+25.1071	-170.7250	 +0.0607	 -1.1746	 -1.2205
 +5.2081	 +7.8047	 -6.6827	 -3.5072	 -0.3347	 -2.1665
 -9.7908	 +5.7901	 +2.7824	 -1.1280	 -2.0365	 +2.2763
 -8.4498	 +3.5514	 -3.9490	 +3.7705	 +1.5066	 -1.0961
 +0.7649	 +1.3409	 -0.4580	 -0.0444	 +3.8531	 +0.1917
-19.0826	+15.6166	-28.2548	 +0.1360	 -1.8568	 +1.7806
+15.2389	 +7.9491	 -3.1895	 +0.2028	 +3.1487	 +1.9813
+10.2745	-28.5326	+19.3451	 -1.9129	 -1.4034	 +0.0588
 +1.9281	 -4.7978	 -8.4526	 -1.7030	 +3.1999	 -1.4662
 -7.8212	 +4.5270	 +4.9928	 -2.6662	 +4.3182	 +2.1394
 +1.9621	 +4.1711	 -2.4990	 -1.8960	 +0.6649	 -4.8616
-14.1813	 -3.9533	 +7.5814	 -2.9951	 +2.3995	 -2.1925
 -4.0159	 -1.0648	 -4.9143	 +0.0663	 -1.3180	 -1.6659
-17.4226	+17.8427	-34.8498	 +2.6837	 +1.8751	 +0.9489
+59.9752	 -6.1139	+18.9422	 +0.0051	 -1.9086	 -0.4021
 -2.6431	 -1.5313	 -0.4166	 +1.6920	 +0.1799	 +5.9132
-36.0453	-64.2302	+51.3578	 -1.1746	 +1.2148	 +0.7988
 -5.3804	 +5.5719	 +1.4692	 -0.9632	 -4.5003	 +1.2189
+12.2054	 -1.6580	-19.6720	 -2.7646	 -1.5599	 -1.3870
+14.0504	 +9.9830	 -3.9001	 +0.0487	 +0.4269	 +0.6780
 -1.4928	 +6.1627	-14.4345	 -1.3897	 -1.0757	 -3.2584
+12.0719	 +9.4268	 -8.3580	 -1.1590	 +1.7202	 -0.4497
-16.9987	 +9.6850	 -0.4042	 -0.0379	 +0.6018	 +0.2618
 +4.7843	 -7.8105	 +0.8413	 +1.2996	 -2.0925	 +2.4928
 -1.0068	-10.3798	 -3.4281	 -2.5421	 +2.0583	 +2.5371
 -2.7851	 +2.6913	 +4.4605	 +3.9019	 -1.2087	 +3.8161
+15.1618	 +0.4295	-18.1714	 +0.8539	 -1.6327	 +1.1449
 -9.9180	 +8.7717	+27.3246	 -2.7766	 +0.6649	 -1.3661
 +5.9962	 -7.8299	+11.8793	 +1.0130	 -0.3491	 +0.0242
 +0.9733	 -2.5542	 -1.4433	 -3.3603	 +1.0873	 +0.2855
 -8.7971	 -0.7673	 +4.9585	 +0.9759	 -2.5127	 -1.1380
+13.2650	 -1.2416	-10.4702	 +3.6924	 +1.8686	 -3.2176
-10.1741	 -3.3057	 -0.1863	 +1.4425	 -0.6877	 -0.6101
 -3.8740	 +4.4269	 -0.7735	 -3.7677	 -4.7335	 -1.5638
+10.1540	 +4.8488	 +7.2978	 +0.9068	 +2.0929	 -1.1814
-16.9000	 -0.0810	 +0.5471	 +0.1475	 +1.0027	 -2.3182
 +2.2227	 +4.4881	 -5.1313	 -0.9306	 -1.5383	 +2.1531
 -2.6674	-10.6270	 +6.9571	 +4.0735	 +1.3406	 +3.3128
 +1.0015	 -1.0698	 +1.4222	 +3.1570	 -1.0765	 -2.0457
 +5.5818	 -4.5332	 +1.5490	 -2.9014	 +1.8198	 +3.4960
 -6.9442	 -4.4247	-17.5690	 +2.5362	 -0.7130	 +1.9079
 -2.1859	 -0.4877	 -5.9395	 +1.4596	 -0.6448	 -1.4481
 -3.5248	 -1.3690	-20.3953	 +0.5774	 -0.3389	 +0.9637
+22.7310	-14.4891	+19.5001	 -1.6800	 +0.1301	 -1.4429
+10.1263	 -1.5713	-21.5706	 +2.2715	 -1.8486	 -3.4043
+40.5641	+31.7102	-26.4410	 -2.4425	 +0.6591	 +0.1024
-20.1612	 +3.0029	-11.5095	 +1.4037	 +2.9470	 -1.5057
 +3.7173	 -1.5601	 +1.3788	 +0.7933	 +7.1042	 +1.1245
 -2.8254	 +5.2521	 -1.1447	 -1.1881	 +1.6528	 -2.8749
 -0.8470	 +0.9647	 -6.0401	 -0.8400	 +3.4874	 +1.5446
-10.1244	 -2.3186	 -3.0104	 +2.6007	 -1.8171	 +0.9146
 -7.2728	 -0.3182	 +3.7060	 +0.2884	 -3.9236	 +0.6591
 -7.1270	 -1.1665	 -7.8863	 -1.4085	 -0.3156	 -0.2540
 +8.2924	+23.2069	-26.7373	 -1.4191	 -0.0276	 -0.1294
 +3.9186	+11.7935	-19.4368	 -2.3106	 +0.6419	 -1.9016
 -5.3342	 +2.3009	 -4.5113	 +0.6937	 +1.1925	 +2.4883
 -4.1166	 -6.2968	 +4.7042	 -0.3129	 -2.8301	 -1.0002
 -2.0235	 -1.6590	 +1.1307	 +1.1025	 -2.4011	 -1.0336
-17.6522	 -5.0505	-10.5318	 +0.9442	 +1.7150	 -0.5723
 +2.1187	 -2.5252	 +2.4653	 -1.0251	 -2.8575	 +2.7051
 -9.3893	-25.8509	+11.2177	 -0.3176	 -0.8756	 +0.1640
 -5.5653	 +2.2526	 +4.0984	 -1.7661	 -0.7354	 -0.3115
 -9.8916	+18.4142	-39.2925	 -1.3963	 -1.4680	 -0.7680
 -2.4804	 +9.2106	 +4.4671	 -0.7522	 +0.2252	 -3.2770
 -0.9148	-14.5747	 -4.8290	 -1.5091	 -2.1046	 -1.9515
 -4.7938	 -3.6793	 -5.1006	 +1.8277	 -1.9072	 +0.2395
-12.3096	 +9.6481	 -2.1298	 -2.1086	 -1.9983	 -2.1317
+23.1987	-99.4394	-30.2516	 -1.3867	 +0.3978	 +1.0312
 +0.7936	 +8.4116	 +8.3014	 +1.8741	 -3.0934	 -0.1305
+10.9001	+10.5632	 +6.9087	 +1.6367	 +0.0877	 +3.4577
-15.1682	-21.5551	 -1.1297	 -0.4130	 +1.5348	 +3.5681
 +9.3455	 +9.7463	 -5.0332	 -4.8802	 -0.2423	 -1.6477
 -0.7096	-10.2047	 +0.6855	 +1.5015	 -0.2915	 -2.6621
-11.9014	 +6.6243	 -0.9185	 +2.0959	 -1.6167	 -0.1012
 +4.9784	 -2.1095	 +1.0839	 +4.3092	 +2.7048	 -3.0210
 +0.4553	 -0.7904	 -4.4590	 -1.9752	 +4.1353	 +1.2932
 +5.7666	 +0.7490	 -4.3176	 -0.1003	 -0.5349	 +1.7656
-25.2668	 +8.8821	+11.7524	 -0.5025	 -2.6568	 +2.6643
 -7.4555	+53.1465	-27.9208	 -2.0403	 +0.2750	 +1.4655
 +4.1431	 -1.6083	 +4.5044	 -3.0476	 -0.6696	 -1.7990
 +1.0938	 -8.1096	 -2.4419	 -4.7369	 -0.4265	 +1.4734
 -4.6301	 +8.1533	 -7.2741	 +2.4297	 +3.6392	 +0.2166
-10.3288	 -0.4276	 +0.1360	 -0.3141	 -4.0649	 +3.2846
-23.2999	 -1.3936	 -5.4371	 -2.0904	 -0.4175	 +0.9648
+13.0336	 -9.7893	-21.6840	 -1.9610	 +0.8010	 +0.5340
+120.9849	 +5.9394	-39.2162	 +0.1663	 +0.1431	 +0.7361
+13.7812	 +0.8422	-25.9076	 -1.7687	 -2.4512	 -2.0089
 -6.3091	 +4.1622	 -5.7265	 -3.1184	 -0.1893	 +0.1606
-17.0828	 -2.1529	 -6.0649	 -0.9710	 +1.0880	 -2.0371
 -7.3627	 +7.6878	 -1.5216	 +0.7491	 -0.1096	 +0.5850
+25.7736	-29.8162	 -9.1975	 -1.6672	 +0.9663	 -0.3963
 +4.0657	 +7.9361	 +0.9637	 -1.6052	 -2.2754	 -0.8929
 -5.8854	 +2.1535	 -9.4184	 +4.2141	 +2.3880	 +1.2370
 -8.5392	 +2.9964	 -5.1602	 -1.9053	 -1.4999	 +3.2455
 +0.8855	 +0.5138	 -4.4807	 -1.7654	 +0.9276	 +5.5962
 -3.3948	 +1.4509	 -4.0232	 -1.9171	 -1.1536	 +2.6769
 +1.9289	 +4.0607	 +9.7460	 -1.9476	 -0.8629	 +0.3324
 -5.9960	 -7.1684	-10.2153	 -0.0626	 +1.4840	 +1.6492
-10.2639	 -3.8807	 -5.8006	 -1.4400	 +0.2684	 +0.4252
 +6.2020	 -5.2294	 -6.0845	 +3.4487	 -0.5149	 -0.1268
 +4.4596	 -3.3927	 +2.4331	 -0.8014	 +1.6700	 +0.7119
 -1.9656	 -5.8203	 -0.5306	 -0.5608	 -1.4268	 +1.4140
 -1.6369	 +0.5753	 +5.9610	 -4.5292	 -2.4113	 +0.7505
 +8.1469	+13.7257	 -0.4450	 +1.3547	 +0.2841	 -0.6973
 -1.6585	 +4.5703	+11.0831	 +1.3199	 +3.2138	 -0.3458
 +6.2501	 +4.2101	-16.8396	 +1.3879	 -1.5195	 -2.3056
 +0.0174	-10.6113	 -9.3757	 -0.8044	 +3.7663	 -0.1649
 +9.3381	-22.1343	+14.0949	 +1.2870	 -1.2391	 -1.6841
 -4.8221	 -0.3587	 +2.9228	 -2.0179	 -3.4333	 -1.6747
 -1.8862	 +0.1319	 -3.1021	 +0.2019	 -2.6887	 +1.4418
-58.3876	 -1.4477	 +2.3279	 -1.1632	 -1.5370	 +0.4093
 -4.2626	 -2.4777	 -9.6706	 -0.4481	 +1.4171	 -1.7680
 +0.7240	+18.8799	 -9.7804	 -0.8178	 +0.0431	 -1.6049
+14.9779	-12.3012	 -0.6661	 -1.4983	 +0.5253	 +0.3632
 +0.6986	 +3.4547	 -1.5184	 +0.7655	 +3.3862	 -3.2684
 -2.0303	 +4.2557	 +0.9199	 +3.9352	 -3.7636	 -1.9860
-28.9864	 -2.3632	+36.8945	 +0.7800	 +1.2110	 -1.2497
-18.9562	 -0.8556	 +6.2793	 -0.4053	 -0.2173	 -1.1424
 -1.0944	+10.4577	-10.4583	 +2.1006	 +2.0026	 -0.5339
-28.1204	-27.6006	-13.8817	 +2.2825	 +1.0536	 +1.8905
 -5.2345	+27.6222	 +7.2226	 +2.8539	 -0.1167	 +0.1262
 +7.5994	-11.9178	 +7.2543	 +3.6707	 +0.8234	 +2.7943
 -2.2867	 -1.9393	 -4.7453	 -3.9528	 +4.1993	 -0.4643
+11.3955	 -7.5709	 +6.7754	 -0.2038	 +1.2606	 +0.8008
+1872.3887	-32.0067	+790.6045	 +0.2207	 -0.2337	 +0.0659
 +3.9151	 -5.1104	 -7.9018	 +0.7847	 -1.7769	 +1.7912
 +8.1524	+11.9466	 +1.0952	 -2.0564	 +1.8782	 +0.9598
 -7.5346	 -0.4795	+10.3247	 -0.2375	 -0.7989	 -2.3005
+13.3578	-12.2472	 -3.1736	 -3.5998	 +1.6486	 +2.2225
 +8.2782	+12.9587	 -5.0001	 +1.0229	 +0.1072	 -1.7842
-60.0735	-55.0028	-70.5051	 -0.7750	 -1.2159	 -0.1457
 +0.4567	+10.5594	 -2.5136	 -1.0413	 +2.0479	 +6.4546
 +2.7127	+13.9356	 +7.0529	 -3.8636	 +0.3446	 -4.0426
+22.9764	-20.8926	+10.6895	 -0.1213	 +1.7335	 -0.1881
 +6.9347	 +2.1026	 +1.1430	 -0.1136	 +0.8315	 -0.1697
+16.9076	 +6.0407	 -5.0096	 -1.0039	 -4.4335	 +1.2987
 -6.8148	+10.8517	 -0.4955	 +1.1229	 -4.2581	 -1.2488
 -3.6491	 +3.3012	 -2.5544	 -2.3664	 +3.7148	 +0.4320
 +1.8614	 -2.7921	 -4.0413	 -1.7364	 -4.4552	 -3.3383
 +2.6320	-18.6544	-14.1598	 +0.1336	 -1.6484	 +0.9170
 -0.8043	 -0.9035	 -5.3897	 -0.6398	 +4.4051	 -4.9114
 -5.6100	 +2.8083	 +3.1780	 -1.9854	 -2.5130	 +0.9894
 -4.5933	 +8.3444	 +8.8537	 -2.8000	 +0.5578	 -0.3804
 +9.2365	 -7.5213	 -8.5736	 -1.2513	 +1.4753	 -3.0114
 +3.5753	 +2.8652	 -0.2902	 -2.9535	 -2.0943	 -1.7924
 +1.0622	+11.7303	-13.6443	 -4.0035	 -1.5870	 +3.1621
 +3.5454	 -2.0502	 +2.8468	 -1.4705	 -2.5490	 -2.7451
 +0.4734	 -2.3094	 -0.4172	 +2.8576	 +2.8239	 -2.2434
 +0.9643	+14.6491	-14.5673	 +0.3703	 -2.3500	 -3.9771
-10.9396	 +7.4256	 +8.9177	 -0.6074	 -0.0814	 +0.7378
 +9.5099	 +4.2130	 -7.0245	 +0.0841	 +0.9531	 -1.6536
 +6.4569	 -9.3766	 -1.4656	 +0.3547	 -0.8646	 -1.9388
 -3.6222	 -9.4716	 +0.6741	 +4.3075	 +0.3370	 -0.1235
 -1.6977	 +1.3738	 -2.7365	 -4.7259	 +4.3653	 -1.1366
 -0.4009	 -9.3962	 -9.7847	 -0.0162	 -0.7335	 +0.2479
 +6.5817	 +4.5703	 -6.0371	 -0.3706	 -2.2035	 +0.6366
-22.8812	 +7.4031	 -0.8818	 +0.4759	 -1.1268	 +3.0714
-27.9661	 -8.3723	-10.2185	 +0.5971	 -0.2083	 -2.6598
 +0.8331	 -1.9809	 -7.4515	 +1.7551	 -3.7678	 -3.6241
-130.5523	-47.3064	+75.3356	 +0.7346	 -0.9272	 +0.6550
 +1.4752	 +2.7130	 -3.8873	 +0.2866	 -0.9579	 +1.9353
-11.3083	 +8.6139	 -6.1323	 +1.4587	 +2.3141	 +0.3206
+13.8369	 -5.2327	 -6.0493	 +1.2815	 +1.4152	 -3.1637
+10.7330	 +0.1668	-16.1981	 +1.5257	 -1.7659	 +0.3537
-16.3368	+10.0696	 -7.3889	 +0.8569	 -1.2475	 +2.2245
-11.4580	+13.5013	 -1.3705	 -2.4623	 -0.6795	 -1.6331
 +0.5331	 -7.0051	 -3.3054	 +1.2279	 +2.5400	 +4.0239
-111.5972	-105.6844	+100.9268	 +0.4201	 -0.2358	 -0.1407
 -6.7555	+37.8326	+15.6915	 +2.2899	 +0.5233	 -1.9777
-25.9369	-21.8152	+18.5203	 -0.5907	 +1.4611	 +1.7607
-18.2155	 +7.0616	-34.9829	 +2.4546	 -0.6249	 -1.4984
-20.8122	-17.7054	 -9.2710	 -0.6156	 +2.0923	 -0.0144
 -4.3163	 +2.0300	 -1.3140	 -1.2018	 -0.1253	 +3.2180
 +1.3757	 -0.2114	 -6.9244	 -0.5957	 +2.0431	 -1.2427
+13.9876	 -4.0191	 -2.0522	 +0.5636	 -1.4028	 +1.1847
 -7.7133	 +8.6518	-11.0271	 -1.3313	 +2.3504	 -0.5209
-12.6161	 -0.0258	 -5.2334	 +4.6548	 +1.3263	 -0.9434
 -3.0984	-18.7403	 +0.0582	 +3.1347	 +0.3542	 -2.2180
+16.5981	-89.9775	+14.2716	 -1.0122	 +1.4519	 -1.2242
-19.5690	 +4.7263	 +6.8964	 +0.3123	 -0.6730	 +0.1275
 -0.6884	 +5.2987	 +5.4742	 -0.7403	 -0.8605	 -0.4336
 -2.2391	 +1.0718	 -0.5620	 -1.7429	 -1.4493	 -0.1130
 -0.7054	 +0.4459	+12.4028	 -0.3770	 +1.5817	 +1.8453
 -6.8021	 +3.9957	 +1.4917	 +2.1858	 -2.9378	 +1.9614
 -4.3745	 -5.9745	 +8.1386	 +1.7357	 -2.8371	 -4.3319
 -1.6349	 -2.8236	 +0.4225	 -2.4077	 +1.2026	 -6.7350
 +9.0957	 -2.8594	-21.3749	 +1.0421	 -3.2230	 -2.3845
 +1.3622	 -1.7342	 +1.4305	 +0.7484	 +2.7216	 -0.8946
 +8.2079	-11.7882	 +6.7793	 -2.1650	 +0.4046	 -0.4179
 +3.0557	 +1.7590	 -7.4147	 +0.4379	 +3.1491	 +1.9898
 -5.2442	 -2.6091	 -0.3858	 +1.9097	 -1.1047	 -1.6092
 -4.2045	+11.3579	 +3.3920	 +4.3971	 +4.5078	 +0.5163
 -3.1760	+10.1270	-22.5616	 +0.1860	 +1.9256	 -0.8823
 +0.1843	 -1.5123	 +8.8339	 +0.3447	 +0.0786	 +1.7650
 -6.4207	 +2.7755	 -2.0086	 -1.2272	 -3.0260	 +1.0089
 +3.3955	 -4.2173	 -3.6784	 -2.4445	 -4.2042	 -2.3112
-153.1429	-56.5799	+203.5601	 +0.5438	 -0.6745	 +0.2060
 -4.4393	 +3.0964	 -6.1641	 +1.2104	 -1.1438	 +0.4930
 +1.5130	 -2.0471	 +3.0219	 -3.8734	 +2.8658	 -0.1364
-11.1654	 -2.8756	 -0.7750	 -2.7144	 -2.4132	 -2.3154
 -0.5564	+13.7172	 +0.8677	 -1.0369	 -1.7340	 +2.4275
 +1.2803	 -1.8314	-12.3518	 +0.1217	 -0.0653	 +1.0950
+25.6602	+47.5168	-12.6890	 -1.2996	 +1.0917	 -1.8583
 +5.1418	 -6.0934	-15.4371	 +0.2383	 -1.8461	 -0.9603
 +3.9834	 +5.7984	-10.8539	 -3.3012	 +1.6716	 -2.0208
 +7.9018	 +2.0084	 -1.4046	 +1.2344	 -1.7100	 +6.0937
 -2.2519	 -5.7681	 +4.1703	 -0.8737	 -0.0465	 +3.5605
 +5.0146	 +0.8823	 -7.2663	 +0.7003	 +1.0222	 +1.2904
 -2.7401	-10.2879	 -8.7883	 +2.3326	 -1.9607	 -1.6018
 -2.6060	 -0.9782	 +3.7804	 +0.4972	 +0.7544	 +0.0398
 +7.8361	 +5.0356	 +3.3432	 +1.9868	 +2.6264	 +1.9121
 -0.8141	 +4.1887	 -9.8364	 +0.4067	 +0.8952	 -3.2719
-14.0327	 +0.8771	 -1.8649	 -2.6285	 +0.4116	 -3.7478
 +2.2366	 -3.8537	 -4.9242	 +0.7308	 -2.1980	 -0.0408
 +1.3724	 +7.3019	 +4.3911	 -1.1874	 +1.8113	 -1.2988
 -6.5312	 -2.0661	 +4.7936	 -0.0911	 -2.5392	 +1.3755
 -2.2381	 +0.8871	 +2.3391	 +0.3964	 +1.4882	 -1.4182
 -3.9962	 -2.7337	+31.9071	 +2.2553	 +2.2621	 +1.5444
 -0.3340	 -1.4963	 -2.9783	 +0.5737	 -1.5628	 +1.6379
 -5.3340	 -3.8896	 +2.0960	 -3.6739	 +4.0322	 -0.2028
 +1.7819	 +5.9799	 +3.2105	 +3.5955	 +1.8004	 -1.7456
+10.6518	 -2.6106	-12.4074	 +2.4630	 -2.1229	 -2.4797
 -1.5542	 +6.0787	 -2.5474	 -3.2551	 +0.4310	 -2.0335
+10.3908	-12.3617	 +8.2990	 -1.7189	 +0.5206	 +1.9915
 +3.5403	 -8.5763	 +0.9594	 -0.2126	 -4.1600	 +3.0826
-10.6868	+28.1110	-48.5274	 +0.7567	 -0.1406	 -0.4863
 +7.4619	 -5.3062	-45.3271	 -0.2874	 +1.1923	 +1.4524
 -5.4465	 +3.4655	 +1.6285	 -3.0053	 -1.3316	 -1.1202
-15.6189	-12.6853	-12.8477	 +1.7986	 -1.2951	 +0.5634
 +0.6746	 -2.8596	 -3.2130	 +2.1184	 -0.9269	 +2.6419
 +7.8643	+12.8332	 +1.4799	 +3.7405	 +2.1901	 +1.2638
-11.0774	-65.3530	 -7.3260	 +1.3581	 +1.2843	 -0.6622
 -6.0173	 -8.0007	 -6.2584	 +0.8569	 +1.6862	 -3.6697
 -1.7904	-13.3189	 +6.2906	 -2.3812	 -0.2472	 +0.0447
 -0.9014	 +4.4923	-21.7000	 -4.1586	 +1.7047	 -0.6970
 +7.8512	 -9.1216	+12.5176	 +0.0270	 -3.9786	 +2.4237
 +2.1979	 -1.0112	 +4.1266	 -1.6168	 +0.5133	 +5.7963
 +8.1010	 +1.6010	 +4.3307	 +0.0203	 -1.3528	 +2.9714
-11.4874	 +6.7109	 -1.7230	 +1.7474	 -2.1646	 -0.0426
 +3.0675	+10.8879	 +5.8280	 -1.5762	 -1.4207	 +0.5490
 -1.6780	 -4.1282	 +2.6902	 +3.4891	 +0.6091	 -1.9259
 -7.6019	-12.9261	 +3.8788	 +0.8891	 +3.7878	 +2.8395
 +2.8023	 -0.0501	 -6.1995	 -3.4660	 -1.1401	 -0.9464
 -7.0266	-10.4006	 -9.9694	 -2.4663	 -2.1943	 -2.2855
-54.7178	 +3.2366	-16.4667	 +1.0134	 +1.2705	 -0.8830
 -2.0036	 -1.9164	 -8.9798	 -2.0743	 -1.8154	 -0.2798
 +1.6179	 +2.2964	 +1.4848	 -2.7395	 -3.2941	 +2.0071
 -8.6724	 +9.7967	 -0.4488	 -3.0006	 -0.6131	 +0.1369
 -2.8484	 -0.4041	 +2.3367	 -1.2981	 +4.0369	 +0.1990
+13.0199	 +9.9389	-15.0059	 +1.4790	 +1.8505	 +1.9726
 +0.9299	 +4.7128	 +2.4733	 -1.5052	 +1.8052	 +6.8578
 -0.0788	 -2.8397	+19.3606	 +1.9116	 -2.1536	 +0.4663
+15.7073	 -2.4385	 -5.6043	 +1.2627	 -0.6457	 +3.2571
 +7.1354	 -8.8359	 -2.9651	 -3.0844	 +0.7890	 +1.5000
 -1.4775	-21.6927	-23.4582	 -0.6970	 +2.1463	 +0.1393
-13.1449	+13.8329	+11.1042	 +0.5941	 -2.4895	 +1.0405
 +2.5481	 -0.3834	 -4.2451	 -2.7306	 -1.3100	 -1.5209
 -6.7211	 -8.3881	-11.3598	 +0.5229	 +1.7134	 -1.7865
 -3.3700	-13.3271	 +9.3817	 +1.1485	 +1.2030	 -1.3956
 +3.1786	-14.9117	 -1.8398	 +0.3427	 -0.4107	 +2.3419
-10.5021	 +3.4298	-15.1368	 +0.0012	 -0.7626	 -1.3739
-16.2256	 -1.6911	 +6.2083	 +0.1555	 +0.4379	 +3.4881
 +0.9880	 +8.4863	 -1.0287	 -0.3741	 -3.4711	 -2.1892
+35.1470	 +5.3175	 +8.0115	 -0.6937	 -0.3363	 +0.4378
 -9.3003	 +7.0435	 +8.5448	 +3.7514	 -2.9319	 +0.2634
 +1.4134	 +5.1403	 +1.6068	 -0.3573	 +0.8987	 -2.3783
 -1.8117	-31.3723	-26.9125	 -1.2374	 -1.0148	 -0.6006
 -8.8362	+14.2795	 -0.9572	 -2.0147	 +2.2974	 +2.9234
 -3.5641	 -4.4918	 -7.0008	 -4.4330	 +0.2029	 +2.3947
-10.9997	 +5.0019	+15.8255	 +5.0971	 -0.9802	 +1.8272
 -4.2912	 -5.2776	 -5.1228	 +0.4997	 -3.2720	 +0.0137
 -6.5328	 -6.7147	 -8.7969	 -2.7295	 +0.8046	 -3.0255
 +7.2729	 -6.2059	 +0.2014	 -1.9438	 -1.5396	 -2.3257
 -8.1298	-13.1297	+10.1126	 +1.7735	 +1.1021	 -1.1175
 +6.0514	 -7.6806	 -7.5166	 +2.2435	 +2.8855	 -0.7493
+11.9254	-12.5938	 -9.3640	 +0.3255	 +1.7733	 +1.0683
+15.9586	 +8.5775	 +5.7937	 +0.2919	 -1.3321	 -0.6090
+25.6546	 +0.2004	-11.0389	 +0.1427	 -2.3049	 +1.3287
-16.7170	+11.7864	+23.5864	 +1.0967	 +2.5558	 +0.2766
+29.9419	-19.0289	+70.2444	 -0.2404	 -1.7671	 +0.2541
 +1.8795	 -2.8653	 -5.4130	 -5.7239	 -1.6448	 -1.4083
 +5.0984	 +8.6284	 -4.9225	 -1.6033	 +3.5337	 +1.9959
 -3.7135	 -0.7398	 -3.9139	 +2.0193	 -1.1608	 +1.6732
 +2.0880	 -3.7636	 -0.3780	 +4.8879	 -1.2672	 +4.4753
 +8.1571	+10.8666	 +5.3107	 -0.3877	 +0.9328	 -0.5717
+30.1600	 -0.3432	-14.8678	 -0.1832	 -0.5865	 -1.4349
 -7.7681	 +6.0161	 +2.6033	 +3.4730	 +3.9768	 -0.4121
-21.6102	+23.1023	-23.5767	 -0.6763	 +0.8571	 -1.0840
-19.5518	-22.3017	+16.1503	 -1.5912	 +0.8157	 +0.5372
 +4.7034	 -3.0958	 -5.0665	 -1.3790	 +0.4148	 -0.7353
+18.8445	 -5.7085	 -4.3959	 -0.9574	 -1.7794	 +1.6014
 +6.6561	 -9.0717	 +9.1299	 +0.3952	 +3.2333	 -2.4062
 -2.9798	 +4.5738	 +0.7640	 -2.0514	 +0.7259	 -2.5327
-10.7616	 +8.5591	-11.1201	 +0.8370	 +1.5706	 +0.2644
 +6.3934	 +1.3359	 -3.0046	 -0.6246	 -1.0995	 +1.2164
 -9.2856	 -8.5548	 -9.0006	 +0.7100	 +1.4661	 +0.3768
 -5.7815	 -1.1049	 +4.1337	 +0.1754	 +4.0522	 +3.5686
 +6.2127	 -8.5203	+28.7306	 -0.9905	 -1.6515	 -0.8735
 +1.3620	 +4.6317	 +0.7048	 +4.1644	 +2.1206	 -0.2325
 +4.6585	 +3.8046	+15.7261	 +0.6136	 -2.6466	 +0.0428
 -5.4281	 -1.1968	 +0.9623	 -1.2113	 +0.1843	 +3.3796
 +6.1285	 -3.6045	-15.6196	 +1.6407	 -1.0931	 -4.7541
 -7.6363	 +1.7771	 +2.7953	 +2.4277	 +0.7561	 -3.1418
 -4.3151	 +2.8249	 -0.2423	 +1.3114	 +0.9471	 +2.0256
+26.0188	 +0.6093	-17.3706	 -2.1441	 -1.3703	 +0.8428
-22.2979	 +7.3777	-29.0611	 -2.2611	 -1.0300	 +0.4751
 -5.7628	 -1.7560	 -4.8301	 +3.7608	 +0.2845	 +0.3673
 +2.7406	 +2.8423	 +4.5417	 -3.4756	 +1.3550	 +0.9260
 -3.0480	+14.9124	 +3.8325	 +0.1389	 -0.7122	 +0.1067
 +5.3344	 -3.8697	 -5.0568	 +1.1361	 -2.7747	 +3.7908
 -7.0219	-14.3943	 -1.9015	 -0.1828	 -1.1274	 -1.5604
-14.1544	 -9.9892	 -1.7633	 -3.2022	 -2.8772	 +1.4117
 +1.3160	 +4.2702	 +3.8139	 -6.1717	 -0.2734	 -2.5032
 -1.9146	 +0.7735	 +6.0133	 +0.4791	 +1.1811	 +2.8122
 -8.5709	 -1.9012	 -8.9408	 +4.0171	 -0.1798	 +0.6736
 -5.6016	 -0.5536	 -0.3218	 -0.5523	 +0.4800	 -1.2180
 +1.1024	-16.7943	 +0.1027	 -1.0519	 -2.3557	 -1.4258
+14.8916	-56.5298	-28.6454	 -0.5616	 +1.3542	 +0.9116
 -3.3822	-12.0673	 +1.9411	 -0.5204	 -1.8253	 -4.1567
 -6.2855	 +1.6843	 +1.0163	 -1.7815	 -0.4629	 +1.1414
 +3.1344	 -0.9995	 +4.7021	 -1.3236	 +1.2492	 +0.9073
 +3.4600	+15.8976	+19.2103	 -1.5101	 -1.1077	 -2.6232
 +4.5853	-12.9737	 -4.2121	 -0.8567	 +1.7553	 -0.0065
 -2.8958	 +6.3973	-14.0803	 +0.8317	 -1.2049	 -0.5248
 +7.5449	 -7.3502	 +4.1763	 -2.7743	 +3.0545	 -4.2776
 -7.6130	 +4.7420	 -3.6579	 +1.2470	 +1.7632	 -2.3097
-68.2623	-49.7308	+30.8914	 +0.7674	 +1.4191	 +0.4259
 +6.5991	 +3.9835	 +4.9919	 +1.0508	 +2.1516	 +2.4449
+52.2469	+34.7284	+39.1750	 -1.4929	 -1.4534	 -0.5448
 +1.7242	-14.4436	 +6.6690	 +2.1337	 -2.3192	 -0.2873
 -5.2427	 +1.4551	 -4.3276	 -1.0208	 +5.0959	 -1.7891
-112.2264	+56.0903	-19.9761	 -0.3801	 +0.7011	 +0.2942
 -7.3593	 +2.7618	+10.7016	 +0.9542	 +1.7075	 +3.1493
 -0.8007	 -2.8228	 -3.6083	 -4.6058	 -4.0980	 -1.1865
 -5.8574	 +0.0815	 -6.9502	 -2.2548	 -0.8013	 +4.5114
 -0.3605	 -2.9700	 +0.4215	 -2.2507	 -3.7517	 +1.6672
 -1.3668	 +3.5539	 -3.3095	 +1.6389	 -2.5316	 +1.9905
 +7.4819	+14.9978	 -8.7523	 +2.4497	 -1.5399	 +0.4368
 +2.2745	 +2.0666	 -1.4466	 -3.7476	 -2.2305	 -1.0882
+13.4361	 -7.1949	 -4.1458	 +0.6449	 +0.8642	 -1.3830
 -5.7911	+29.7595	 -7.5116	 +0.4568	 +1.7341	 +1.3579
 -5.2450	 -8.7279	 +3.4501	 -1.8624	 -3.4240	 +1.7429
 -0.3689	 -2.6458	 -3.5929	 +2.8059	 +1.1775	 +0.4124
 -7.9942	 +4.4810	 -0.4616	 -1.1496	 -2.1171	 +2.5349
 -4.0944	 -4.8291	 +3.4335	 -2.9326	 +0.5045	 -2.7870
-37.7461	+15.9227	+13.8223	 -0.0865	 +0.5841	 -0.0816
+14.3359	+15.4415	 -4.2674	 +2.2979	 +0.4941	 -3.2656
 -8.9019	-31.8081	+15.0916	 -0.9181	 -2.0832	 +0.3906
 +2.9474	 -2.3559	+14.1015	 +3.4114	 +1.3764	 -0.9736
 +1.7162	 -2.4487	 +1.9281	 +0.9735	 -2.5100	 +2.4513
 +0.4483	+18.0369	-32.0230	 -1.7608	 -0.1347	 -0.8084
 +2.2523	 -8.7541	 +1.5396	 -3.1431	 -0.9944	 +1.8474
 +2.7120	 +1.0930	 -2.1797	 +1.6936	 -2.2111	 +6.0583
 -4.1919	-14.1163	 -1.0929	 -1.8044	 -1.6178	 -1.8694
 -4.5216	 -7.5089	-10.6952	 -1.6091	 +2.6608	 -0.4490
 +3.4068	 -4.6539	 -5.8186	 +2.3787	 -0.7340	 -2.7668
 -6.7629	 +3.6156	 -1.0391	 +4.1347	 -0.3293	 -4.4029
-55.5331	+18.6801	 +8.9268	 -1.5107	 +1.2491	 +0.6827
 +0.0127	 -1.8497	 -3.1147	 +1.4573	 +1.1556	 -0.1796
-28.4910	+35.2180	 +8.3840	 +0.2370	 +3.5713	 -0.3144
 +6.4669	 +8.0761	 -8.2108	 +2.4505	 +2.6569	 -2.1097
 -6.8084	 -9.2459	 -4.8226	 +2.4923	 +1.3862	 +0.9390
 +0.5306	 -0.9786	 -4.4284	 -1.4587	 -1.5522	 -0.2484
 -3.4785	-49.4477	+36.4461	 +1.9808	 +0.5780	 +0.4931
 +0.4393	-12.4511	 -3.6203	 +1.8428	 -0.8740	 +0.5997
 +4.6251	 -2.6723	 +6.4032	 -4.6148	 +2.2273	 -0.1638
 -9.3075	+11.1363	+18.8257	 -1.5034	 -1.7548	 -0.6820
 +5.0447	+19.9411	+14.4978	 -0.4091	 -0.2559	 -1.3451
 -0.2474	 -4.2052	 -0.8047	 +1.2804	 -2.7794	 +3.8190
 +2.8598	 -7.0145	 -1.2807	 -1.3012	 -1.0479	 +0.7612
 +1.9408	 +5.4254	 +8.4285	 +2.0508	 +0.9662	 -1.3151
 -3.8124	 -2.1220	 -0.4394	 -3.1900	 +1.2346	 +0.7440
 +7.9694	-17.8280	 -4.8120	 -1.6435	 +1.0895	 -1.2008
 +0.7340	 -2.3494	 -0.9229	 +0.2458	 -4.5504	 +2.3420
 +6.7363	 +7.8269	+12.0510	 +0.8291	 -4.0917	 +0.3757
 +1.6661	 +1.6704	 -1.6730	 +2.2735	 +3.8471	 -1.6871
 +0.2871	 -1.1832	 -5.1612	 -2.8777	 +0.1155	 +0.0580
+10.9651	 -4.0101	 -0.5165	 -4.0295	 -3.1157	 +0.1271
 +6.4521	 +2.5582	 +5.1208	 -0.1017	 +0.9333	 +4.2136
 -2.3152	 +2.3265	-18.1987	 +1.1800	 +1.8491	 -2.7393
 -3.7108	 -2.6505	 -6.8088	 +2.2216	 +0.4067	 -1.4459
-10.8368	+11.4676	 -1.5091	 -3.1422	 -2.5733	 -1.4006
+13.8558	-15.1129	 -2.4389	 -0.6316	 -1.4109	 -1.2492
 -9.6440	-23.6078	-20.6719	 -5.1126	 -6.7953	 -6.7544
 -1.2487	+12.4337	 -2.5853	 -1.8228	 -2.6582	 +2.8670
 -2.6004	-10.7704	 +0.7355	 -4.1676	 +1.6916	 +0.5802
+10.8822	 -1.7989	 -3.0446	 +1.3152	 -2.5762	 -0.3040
 -5.5634	 -4.3461	 +6.8926	 -0.4178	 +1.6802	 +0.2162
-17.1761	 -0.9113	+10.9938	 +0.9926	 -0.9457	 -1.4111
 +0.9576	 -3.6385	+44.6082	 -1.1939	 +0.9886	 +0.7303
 -2.6382	 +5.2304	 -7.3741	 +0.6348	 +2.7398	 +2.9922
 -3.5404	+17.6877	 +0.0977	 +3.1543	 -0.5325	 -0.1771
 -5.5465	 -2.3100	 -3.0794	 +0.6708	 -0.8019	 -1.1558
 +1.9674	 +0.5210	 -2.6360	 -6.0864	 +2.7075	 -2.9664
 -1.5035	 +2.8724	 -2.1017	 -3.6728	 +2.0235	 +0.4003
 +0.5663	+23.8670	 -1.8254	 -0.2159	 +1.9005	 +2.5666
 -6.7414	 -0.7031	 +7.6001	 +2.0569	 +2.7670	 +1.9414
-14.9050	 -1.5505	-44.0261	 +1.5396	 -1.1066	 -0.0004
 +6.1107	 +9.3787	+29.9676	 -1.7063	 -1.4951	 -0.7803
 -6.0984	 -0.0211	 -4.8220	 +1.8272	 -1.4124	 -0.9122
 -5.0234	-10.0794	 -4.7260	 +1.5166	 -0.5454	 +0.6687
 -8.6674	 +5.6556	 -3.9429	 +1.4217	 -2.6834	 -5.7177
 +5.2282	 +0.4558	 +5.8549	 +0.8545	 +2.3557	 +2.2422
 -6.2963	 -6.0940	 -5.5006	 +2.9992	 +0.3845	 -0.5353
-14.0536	+14.4055	 +5.5912	 +0.2180	 -1.3776	 -2.1296
 -3.7238	 +4.3655	 -0.1705	 -2.4678	 -0.3544	 +5.2158
 +6.1718	-12.0526	 -5.7918	 +0.5454	 +1.9341	 -2.5230
 +0.2726	 +2.3388	 +1.1960	 +3.9569	 +1.8288	 -1.3959
 +4.1240	 -4.6822	 +7.5627	 -1.9291	 +0.1119	 +2.3802
 +7.4515	 +5.6339	 +2.2044	 +4.1215	 -2.3580	 +4.5448
 +8.0169	 +5.2795	 +0.8862	 +2.4613	 +1.4085	 -3.1314
 -6.6230	 +2.8932	 +0.5511	 +0.6506	 +0.9853	 +1.8452
 +3.9830	 +6.3039	 -2.0119	 +0.4357	 -1.4686	 +2.9468
 -1.4044	 -4.9145	 -9.4751	 -0.8061	 +1.7609	 +1.0538
 -1.3975	 -3.0381	 -0.1214	 -2.4345	 +0.9784	 +1.9531
+24.3907	-11.8882	 +9.4574	 -0.6797	 +1.0599	 +0.4255
-14.6423	 +9.5714	 -9.5817	 +1.3758	 -3.0341	 +0.5684
 +3.9482	 -3.7634	 -5.0619	 +3.5670	 +1.2640	 +1.7312
 -6.0706	-10.7486	 -2.7607	 +0.1446	 +0.1275	 +3.3746
 -7.3167	 +3.5739	 -0.8674	 +4.6311	 +2.7518	 -3.4185
+15.4900	 +0.7281	 -0.2587	 -1.0783	 -2.3066	 +3.9520
+16.5416	+12.2432	 -5.4889	 +0.2505	 +1.7709	 -0.2491
+15.1325	 -9.9293	 -7.0560	 -2.2334	 +0.9216	 +4.1429
-20.3763	-13.4428	 +5.2089	 -1.6601	 +0.2625	 +1.1444
 +4.1266	 -0.9127	 +2.7280	 +1.6572	 +0.8030	 -2.7643
 -3.4214	 +4.3224	 -0.9551	 +0.3269	 +0.2589	 +1.8301
+13.0182	+12.8123	 -1.1806	 -3.7459	 -0.1019	 -0.1940
-16.0197	 +1.4159	-17.8778	 -2.4497	 +3.0967	 +0.4683
 -8.8020	 +8.0755	-20.6999	 +0.8001	 +1.8771	 -0.9648
+16.8687	 +0.6575	 -3.1294	 -2.8942	 +1.3849	 +0.9660
 -9.8221	 -9.9219	 -3.0764	 +4.0776	 +0.6216	 +0.7452
 +2.3260	 -5.6503	 -8.8249	 -2.5215	 -2.0936	 -0.3948
+18.2205	+11.7220	 +8.0056	 +3.8764	 +1.6739	 +4.2650
 +8.2280	 +3.1045	 -2.5923	 +2.7504	 +1.5284	 -2.4406
-12.8716	 +6.8226	-18.4620	 +2.3308	 +1.2475	 +0.1277
-38.0038	 +8.7858	 +0.5066	 -0.9758	 +2.5615	 +0.9671
 -7.6172	 +6.0774	-16.6894	 +0.2991	 -0.7332	 -1.0247
 -1.4760	 +0.4638	 -0.3314	 +2.4847	 +3.8032	 -2.2444
 -6.6305	+16.5130	-13.9451	 +0.0711	 -2.0451	 -1.3547
 -5.0100	-10.9222	 -5.3695	 -2.3344	 -0.8591	 -1.9282
-11.3172	+13.6544	-47.2314	 +0.3198	 -0.2155	 +0.7540
 +7.6284	+14.2964	 -3.2665	 -2.2970	 -1.0914	 +0.1278
+18.2356	 -3.7239	-19.4609	 -0.5615	 -1.6935	 +0.1517
 +9.8303	 -1.2252	 +1.6986	 +1.6263	 +0.6994	 -2.6475
 +0.0435	+23.6038	 +1.6291	 +1.1678	 -0.6416	 +3.7411
 -3.3402	+12.7057	 +1.3563	 +0.7954	 +1.2719	 +2.2467
 +1.2496	 -1.4451	 -8.6094	 +0.2710	 +3.2949	 +1.2453
-16.7582	 -0.1247	 +6.8061	 +0.8966	 +0.2449	 +1.8004
 -4.1043	 -0.3043	 -8.1020	 +3.4545	 +0.2055	 +0.3385
 +0.4632	 -2.1718	 -2.2760	 +2.6589	 +6.0926	 -0.1987
+14.1829	+14.1497	-16.2026	 +1.5612	 -3.1146	 -1.6433
 -1.9293	 -0.2213	 -1.4719	 +0.5463	 +0.7916	 -2.6868
 +3.4042	+10.0253	 -6.3827	 -2.7337	 -2.8699	 -1.6912
 +4.3540	+15.0896	 +5.3653	 +0.9619	 +2.3053	 -1.7352
 -7.9473	 -0.1455	 +6.4247	 -0.9716	 +1.9601	 -4.5904
 +0.0558	 +1.3213	 +1.4730	 -1.2448	 -1.9757	 +2.2778
 -6.4269	 -4.5232	 +3.4863	 -0.9719	 -1.7015	 +0.7285
-14.1162	 -3.7934	 -1.6154	 +0.2094	 -1.0957	 -0.3430
-10.5465	 +5.9738	 -0.1295	 +1.5445	 +4.6260	 -3.3696
 +1.2534	 -6.9663	 +0.9476	 +1.3506	 -2.2395	 -1.3743
 -0.1615	 +1.4386	 +2.3306	 +1.3220	 +0.9203	 -1.1802
 +4.5897	 -2.0519	 +0.6766	 +0.6441	 -1.9795	 +2.2980
 -1.8116	 -9.8915	 -5.3996	 -0.2446	 -0.0819	 -0.3573
 +2.3513	 -0.4335	 -1.8331	 +0.8380	 +3.4276	 -2.1644
 -8.2851	 +1.9573	 -5.3671	 -4.5146	 +0.9523	 +1.2846
 +1.8492	 -6.6291	 -0.6853	 +4.3099	 -4.8843	 +0.0753
 +2.5682	 +7.9728	 +7.3257	 +2.1360	 +0.0093	 +4.0186
-12.2406	 -6.4781	 -0.7595	 -1.6426	 +2.2334	 +0.8603
 +1.2651	 -0.9534	 -0.2943	 +0.7862	 -0.5420	 -1.8001
 +0.1252	 -4.3305	 +9.5241	 -0.1074	 +1.2414	 +1.5118
-13.7623	 +1.5203	-13.5384	 +3.3440	 -0.4727	 -4.0595
-14.8699	 +3.4420	+25.9688	 -1.3933	 -1.0413	 +1.8491
 -3.8439	 -0.6192	 -3.6315	 +0.6960	 -2.3118	 +1.5463
 -3.5133	 -1.8838	 -1.4105	 +1.5720	 +1.1676	 +0.1661
 +6.5414	 +0.7942	 +2.3835	 -3.3277	 -3.2914	 -0.2050
 -8.4524	 +3.4208	-14.4815	 +0.0122	 +1.9030	 +0.8810
 -8.8266	 -6.5815	-10.5010	 -5.6071	 +2.3026	 -0.5230
 -1.8034	 -1.5050	 -5.4291	 -2.0921	 -3.7839	 -0.8487
 -4.3822	-41.0728	+59.8002	 -0.3614	 -0.8941	 +0.0592
 -1.6819	 +0.0567	 -5.5790	 +1.7685	 +3.1013	 +1.8875
+25.4562	+26.4136	-25.5335	 -2.3408	 -1.7631	 +1.0564
 -8.7738	 -8.2556	 +1.8273	 -0.0929	 +1.3658	 -1.4094
 -3.2551	 +0.6765	 -3.1364	 +0.6601	 +3.3278	 +1.4096
+48.6561	 +0.5421	-34.3811	 -0.8101	 -0.1769	 +1.8780
 +2.3523	-42.4316	+33.9462	 +2.6059	 -1.2610	 +0.8079
+103.9708	+53.5989	 +5.4333	 -0.1157	 -0.8814	 -1.6256
+15.6548	+17.3767	 +6.3678	 +1.7580	 -3.4510	 -0.1568
+30.1824	+63.4183	-33.3829	 +1.0058	 -0.7382	 +0.1917
 +3.4841	 +5.2255	 -3.0674	 +1.8451	 +1.3968	 -3.8740
-18.0717	 -0.1894	 +4.3518	 +1.1753	 -3.9152	 +0.8910
-23.0877	 -2.2355	+22.2488	 -0.7404	 -0.5295	 +3.8036
+15.3608	+43.8434	-45.6497	 +0.5419	 +2.2543	 +0.7573
+15.0021	 -5.5374	+32.5629	 +1.0186	 +1.2440	 -2.2875
 -2.2509	 +9.0648	 +3.5850	 -5.4496	 -1.9027	 -1.3858
 +5.7414	 -6.3440	 -0.7177	 -1.1358	 +2.5053	 +1.8046
-14.7153	+12.2305	 +6.8745	 +0.0212	 +2.1648	 +1.0345
 +1.6497	 -1.0313	-11.6068	 -3.4298	 +1.3788	 +1.1018
 -9.0034	 +2.6339	 +7.9033	 +0.8860	 +1.2758	 -1.4625
 +6.0637	 +4.6095	 +1.4280	 +4.0012	 +0.1359	 +0.1437
 +6.3830	 +9.9976	 +7.3899	 -0.5942	 +0.2100	 +0.2518
 -5.0614	 -0.2305	 +3.9811	 +0.2922	 -5.7153	 -3.3675
 -0.7095	+13.7375	 -2.0108	 -0.8179	 -1.6986	 +3.9888
 -2.8005	+12.1648	-18.9366	 -1.9026	 -1.3865	 +2.5881
 -7.5166	+15.6865	 -3.0233	 +0.5114	 -1.5326	 +0.1536
 +5.6502	 -9.4971	-12.5120	 -3.1733	 +3.3805	 +1.2230
 +4.3367	 -5.5487	 -6.2651	 +0.0859	 -0.1081	 +0.2660
 -5.8807	 -4.9109	 -1.3074	 -0.0467	 -0.3562	 +2.6525
 -1.5431	 +1.8379	 -2.2578	 -4.3343	 +5.8393	 +1.2639
 -6.3989	 -2.8626	+15.5060	 -1.7362	 +0.6196	 +3.1725
-12.1140	 +3.7719	+19.0668	 -0.2398	 +1.7318	 +0.6521
 -1.2817	 -8.2975	 -9.7611	 -0.5568	 -0.9438	 +2.4139
 -5.6362	 +3.6668	-13.2530	 -0.9350	 +0.1338	 +0.8960
-20.5488	+30.7948	+11.6524	 +0.9059	 +0.4551	 +0.2569
-13.8179	 -6.0155	 -8.4317	 +0.7418	 +2.9089	 -1.1046
-14.9268	-11.3069	 -5.5649	 +2.4691	 -1.7761	 -0.7105
+26.8848	 +3.5473	 +8.1572	 +0.9546	 -1.4858	 -0.3215
-10.4013	 -3.2467	 +6.3184	 +3.3085	 -1.2826	 +0.4132
 +8.6628	 +9.3737	+11.1316	 +0.8678	 +4.7925	 +3.8822
-10.0781	+66.4079	+28.4489	 +0.8023	 -0.1815	 +1.0719
+19.0747	 +1.9379	 -3.3727	 -2.3333	 +1.4385	 -2.0659
 +6.9132	-14.0913	 +2.7890	 -0.8232	 +1.4148	 -1.6137
-16.9689	-27.8315	+31.1757	 -0.4606	 +1.3454	 +0.4406
-31.4930	+32.0072	+20.5495	 +1.7851	 -0.7595	 -1.0301
 -3.0251	 +0.5486	 -5.0215	 +0.7195	 +3.6005	 +0.5546
+11.8883	 -5.3806	 +3.8176	 +0.9699	 +4.2674	 +0.9470
-16.5606	 +8.2163	 +7.2145	 -2.9630	 -1.4241	 -1.0089
 +9.7344	-22.2663	+12.2710	 +1.9341	 -1.6511	 +1.4843
+13.5491	 -2.1609	 -3.8356	 -1.7386	 +0.3797	 -1.7732
+18.9529	 +2.3849	 +7.2852	 +0.0892	 -2.2550	 -1.0241
 +2.3640	-41.7247	+113.4603	 -0.3067	 -1.4004	 +0.3774
 -7.9216	 -8.7047	 -0.4829	 +5.5188	 -2.2435	 +0.3146
+15.6192	 -3.1396	-17.9126	 +0.6495	 +2.2710	 +1.4419
 +0.2121	 +0.3057	 -7.0422	 +1.8338	 +3.3908	 +0.4319
-17.4233	 -1.5987	 +9.6042	 -3.1134	 +1.6460	 +3.1115
 +0.1971	 +3.5340	 +8.8358	 +2.7063	 +2.1898	 +3.4840
 +7.2450	 +1.4288	-15.3675	 -0.7610	 +2.4946	 -0.4857
+15.6768	-16.9960	+34.7528	 -1.8251	 +1.5756	 -1.1602
 +7.9187	 -3.0146	-19.3912	 +2.6417	 +3.2610	 +0.2986
 +0.0718	 -3.9821	 -7.9394	 -0.5336	 +4.6873	 +0.1034
 -0.3464	+13.2475	 -9.7804	 -1.9738	 -0.8474	 +0.5205
-18.2646	+12.7619	 +0.1983	 +1.2315	 -0.0372	 -3.1096
 -2.7263	+16.0364	 +4.3452	 -3.5048	 +1.1557	 -0.5760
 +1.5281	-12.3139	-10.7595	 -4.4202	 -0.5224	 -1.6903
-18.2532	 +1.5760	-11.3702	 -3.2246	 +0.4520	 -1.7804
 -2.3855	+14.5909	+15.4312	 -0.3426	 +1.7341	 -2.8005
 -1.6254	-26.4902	 +4.7767	 -1.1131	 -0.8234	 +3.0896
 +3.5375	 -6.1148	 -9.0106	 -2.1698	 +1.1119	 -1.4760
 -0.8571	 -0.6820	 -6.9044	 +2.0526	 +0.8860	 -2.7948
 +0.6343	 +2.1041	 -0.8167	 +5.2057	 -0.9635	 +3.2798
+14.0157	 -3.2321	 -6.5148	 +2.1670	 -1.7607	 -1.9326
 -4.1472	 -9.1518	 +2.4321	 -1.0167	 -1.8258	 -0.9201
+15.7343	 +2.6057	 +5.3285	 +4.4526	 -0.2464	 -3.2736
 +0.3588	 +6.6867	 -2.5504	 -0.4239	 +1.3345	 -4.4109
 +3.4908	 +2.5485	 -0.9924	 -0.8486	 -1.4901	 +0.2534
 +8.1720	 +8.5679	 -4.4360	 +3.1733	 +0.6252	 -2.0228
 -2.6937	 -8.6200	 -8.2855	 -1.9309	 -0.0850	 -0.4392
+18.1323	+24.4453	 -6.1658	 -2.2061	 -0.5122	 -0.0155
 +1.3930	 +8.0145	 -5.5074	 -0.6449	 +1.4704	 -1.4883
+10.5992	+13.7719	 -2.2127	 -4.1124	 +0.2521	 -1.5964
 -8.7887	 +3.7344	 -5.1266	 +2.4395	 +0.6092	 +2.8379
 +3.3695	 -3.5342	 +1.1998	 -0.5642	 -0.8975	 +1.7780
+10.4180	-14.4990	 +8.6132	 +0.1201	 -0.7533	 +3.5127
 -2.2859	 -0.8062	 -7.3906	 -0.0784	 +3.5295	 +2.9358
 -5.0990	-35.9672	 -5.3724	 +0.4113	 -0.9476	 -1.7619
 +7.2208	 -7.0209	-10.0724	 +2.0052	 -4.2469	 +0.5141
 +4.7385	 +9.2290	 +3.4953	 +0.7585	 -1.1829	 -0.7986
-30.0171	-10.5021	+17.0750	 -1.4369	 +0.2464	 -0.5556
-21.5509	 +5.6217	 -5.5668	 +0.3189	 +0.3399	 -1.1938
-15.4840	-14.5305	 +3.2208	 +2.0448	 +0.1636	 +1.4728
 +4.9236	 -3.5546	 +3.7679	 -1.9146	 -6.4555	 +1.6585
 -4.7908	+16.5563	 +4.9638	 +2.4143	 -1.4937	 +0.7876
-12.5635	 +8.8868	-10.9134	 -0.0921	 +1.3607	 -2.6716
 +1.2097	 -5.9511	 +7.4265	 -3.2506	 +4.8081	 -0.8319
-11.4761	 -0.0386	 -4.6958	 -2.6412	 -3.2164	 +0.7524
 +5.3758	+43.4109	 -0.0655	 -0.3653	 +0.2904	 +2.4139
 -4.7410	 +0.2419	 -7.4946	 -0.7372	 -2.3312	 -4.0045
 -4.5158	-11.4843	 -1.3936	 +2.6464	 -1.9324	 -0.2739
 -0.2080	 -6.7425	 +2.1857	 +0.7637	 +3.1083	 +0.5391
+87.2060	-34.7336	+43.2329	 -0.0587	 -0.8542	 -1.4764
 -8.8758	 -8.2103	 -5.4009	 +0.7397	 -2.9806	 +4.1396
 +6.0544	 -6.1280	 +1.8889	 -0.9026	 +2.7779	 +2.6345
 -2.8725	 -2.0761	 -7.8765	 -2.4994	 -1.5739	 -0.4254
 -4.2246	 +6.0628	 -0.8121	 -0.6929	 -3.1896	 +4.3890
+13.3944	 +4.8368	-12.0086	 +1.0684	 -0.6511	 -0.2773
 -2.0652	 -0.1235	 -6.9965	 -1.5098	 -3.9870	 -2.1269
 -7.8719	 -6.0313	 -1.0764	 -0.5659	 +3.1491	 +2.8266
 +7.3366	 -5.5362	+22.4163	 +2.0285	 -0.8161	 -1.0946
-15.0134	+11.5609	 -1.4306	 -1.0975	 +1.3363	 -3.4809
 +7.0873	+17.6128	+42.6298	 +0.3545	 +0.1822	 +2.3162
 +9.1631	 +7.2881	+18.6146	 -1.0342	 -0.1947	 -0.7634
-12.1198	 -3.2576	 -0.2073	 +0.3371	 -1.3250	 +0.2683
 +3.3530	 +2.1425	 +2.1743	 +0.1575	 +1.8116	 -6.3952
 -6.4575	 -8.1348	 -9.6663	 +3.0736	 +0.7748	 -4.5305
 +6.2048	 +2.5877	+10.0786	 +5.4074	 -0.4345	 -0.3929
-14.4863	 -6.3980	-10.5036	 -0.5072	 +0.1683	 -0.8502
-57.8063	+28.8757	 -6.7113	 -2.1609	 +0.9753	 -0.9857
 -0.8703	-22.8459	 +0.4635	 +0.2814	 -0.5973	 +0.5713
+16.9621	 +8.4810	 +5.8514	 +4.5460	 -2.0852	 -0.1047
 -8.0241	 -1.4244	 -5.8005	 -6.0287	 -1.0221	 -0.7862
 +5.4123	 -0.9877	 +0.5269	 -0.5723	 -0.7367	 -4.7827
 -1.8171	 -9.3657	 +4.3934	 -1.5365	 +4.5031	 -1.0683
 -0.9079	 +9.5117	 -0.6324	 +3.3000	 +1.1731	 +1.5462
 +1.2578	 -4.8580	 -5.6718	 -2.7758	 -2.1317	 -4.0344
-85.3551	-169.7589	+25.4575	 +1.1273	 +0.0683	 -0.1072
-10.3059	 -5.4529	-11.8085	 -0.7744	 -1.5117	 -0.6712
 -8.0252	 +8.8445	 +0.0143	 +2.4264	 +1.6192	 -1.6983
 -1.0137	 +6.1397	 +0.2172	 -2.4850	 -2.2531	 -1.2070
 +6.9735	-13.1316	+17.7417	 +2.3149	 -0.7426	 -0.2530
 -5.8334	 -0.0956	+21.8960	 +2.1538	 +0.4256	 +1.9470
 -2.8912	 +3.3082	 +1.6166	 +1.2970	 +2.0521	 -1.4448
 -3.6387	 +4.5023	 +5.0234	 +1.9288	 -0.0201	 +3.3241
 -1.2642	-24.6748	 +8.9485	 +2.4062	 -1.0960	 -3.1223
-13.5109	 +5.1514	 -1.7204	 -0.1954	 -1.9608	 -1.2630
 -5.8783	 -0.6105	 +1.5024	 +1.8064	 +2.2136	 +1.1277
-10.3158	+14.4035	 -2.7801	 -0.1582	 +1.0108	 -2.1451
 -7.4882	+14.9182	 +9.3708	 -0.3734	 +0.0103	 -0.6827
+10.3261	 -0.0393	 -1.5292	 -1.8586	 +1.4255	 -0.1882
 -8.3653	 -1.2263	 -3.8642	 +2.1375	 -2.3798	 -3.1646
 -6.7720	+26.7966	 +9.9206	 -0.3900	 -0.4982	 +2.2518
-11.2286	 -2.7953	 +2.8776	 -3.8863	 +1.4837	 -0.4564
 +2.4941	 -0.2402	 +0.3839	 -0.3609	 -1.4011	 +6.0604
 +1.0911	+16.7722	-11.5169	 -0.0065	 -3.2366	 +4.0237
 +1.8852	-14.0479	+25.4576	 +0.3715	 +1.2923	 -3.2572
 +4.7728	 +4.2963	-10.6165	 -4.2553	 +4.4250	 +1.4957
 -6.7406	 -5.1311	-12.4512	 +0.7571	 -0.4554	 -4.5982
 -9.2133	 -5.3244	-14.0821	 +0.2810	 +0.2627	 +0.0801
-15.3443	 +3.8720	 +4.8734	 +1.7236	 -3.0071	 -0.0723
 -5.6826	 +2.4701	+13.2634	 -1.3985	 +1.2755	 -4.6808
-39.9630	+32.2105	-74.8994	 +1.1765	 +1.7941	 +0.2751
-15.3041	 +0.2385	 -4.9381	 -1.4246	 -2.2301	 -0.3811
 -5.8458	 +4.9816	 -2.2604	 -4.5208	 +4.0980	 -0.4331
 -3.0864	+11.7036	-10.4443	 +0.5245	 -2.6647	 +2.1564
-18.2423	 +4.2177	 -4.5783	 +3.5425	 +0.8411	 +0.9633
 -1.5663	 -1.9151	 -3.6186	 +0.8809	 -3.8371	 -3.3929
 -0.8945	 -4.0571	 -6.8489	 -1.0059	 -0.2715	 +2.8697
 +0.9943	 -0.3912	-16.8118	 +0.7690	 +5.0931	 +2.1097
 +7.4683	 +4.6066	 +1.7042	 -0.7311	 -4.1357	 -1.0974
 +1.7254	 -0.3888	 -4.0384	 -1.2616	 +2.8459	 -2.5637
 -3.9679	 +0.3438	 -7.4433	 +3.3266	 +0.3482	 -2.7667
+10.4431	 +7.9053	-26.3836	 -1.9631	 -1.5759	 +2.0896
+22.5327	+36.5641	+74.7700	 -1.1531	 -0.7255	 +0.7916
-11.6363	-11.4520	-13.5644	 -0.0492	 -1.3846	 +3.4529
+14.7023	 -1.4761	+19.7302	 +1.3067	 +1.4576	 -0.6196
 -1.1889	 -3.0960	 -5.9554	 +2.9529	 +1.9274	 +1.5809
 +1.9882	 -3.7512	 -4.8351	 -3.5034	 -3.3928	 -4.2410
+63.3073	+29.2523	+38.2982	 -0.9673	 +0.0560	 +0.4900
 -4.7429	 +8.2201	 -3.1535	 +0.5976	 -1.6440	 +2.7481
 -2.2431	-10.5289	 -6.7349	 +0.5545	 +0.6296	 -3.2669
 +0.1510	 +6.0384	-11.1055	 +4.2341	 +1.9174	 +1.1709
-11.0577	 +5.9496	 -0.8803	 +0.4414	 -0.8668	 -2.2236
-30.8527	 +2.7396	+19.8913	 +2.3968	 -1.3040	 +1.1285
 -3.0595	+13.7687	 -7.0763	 +0.3964	 -1.1847	 +1.8514
 +2.0379	+13.5382	-15.7542	 -0.3799	 -0.5301	 +0.1781
 +7.5282	+19.5434	 -2.3025	 -0.0695	 +1.9420	 -0.3916
 +3.3585	 -1.4815	+15.6868	 +1.8208	 -0.1869	 -4.2315
 -1.8393	-12.6895	-11.9666	 +1.7787	 +1.6918	 -2.5828
+13.6209	-13.0913	 -3.6706	 +2.9556	 -0.1785	 -0.5966
 -5.5938	 +2.0357	 -7.2890	 -1.8063	 +3.5840	 -3.2900
-16.9494	-11.7316	-12.6921	 -2.4161	 +1.5062	 -2.9595
 -0.7040	 +8.7691	-10.0282	 +0.5121	 +1.9197	 -2.7428
 -7.5026	+28.0744	-23.3282	 -1.8206	 +2.6333	 +1.3156
 -0.0120	 -6.9364	 +9.5379	 +0.9534	 +0.7316	 +0.1316
-17.7004	 -1.9537	 +7.4540	 -0.6264	 -1.3056	 -1.4189
 +4.9450	 +6.3448	 -9.5680	 -1.7883	 -1.8690	 -0.5632
 +0.8148	 -5.7191	 +8.3986	 +0.8897	 +4.9598	 +1.5691
 +9.2495	 -2.1262	 +3.8739	 +0.3622	 +3.6603	 +3.8598
 +3.9054	 -1.9317	 -6.3016	 +0.4403	 +0.8670	 +0.5930
 +2.8018	 +9.4094	-10.9124	 +1.7825	 +2.1501	 -0.0080
 +6.9076	 +0.9848	-19.9234	 -2.6719	 -2.6013	 +0.5642
 +4.5067	+12.2174	 +3.2656	 -0.6543	 +1.3214	 +0.3757
 -9.4768	 +2.4284	 -8.8962	 +0.6687	 -3.2450	 -0.6628
 -0.1878	 -4.7516	 -6.4738	 +0.5747	 -2.0660	 +2.0664
-21.7073	 -2.6988	-14.9516	 -1.8709	 -2.4534	 +3.1617
 +7.0538	 +5.8123	 -6.8712	 -0.3400	 -1.0297	 -0.4149
+31.6606	+11.3788	 +5.6723	 +0.8278	 +0.0674	 +0.0381
 -4.7341	-10.0990	 +0.1127	 -1.4946	 -1.0179	 -2.9392
-10.1367	 -8.9178	 -8.8680	 -0.8889	 +2.3530	 -1.9241
-10.0881	+16.0426	 +6.8136	 +1.4496	 -2.0898	 -1.6386
 -1.2978	 +2.2337	 -0.3417	 -0.6641	 -0.7760	 -1.8362
 -8.0760	 +5.5787	-16.8530	 +3.3682	 -1.4717	 -2.0843
 +2.5332	 -6.8122	 +1.5525	 -0.6739	 +1.4745	 +0.0909
 +2.1404	 -0.1931	 +4.0746	 +3.0999	 -1.2718	 +1.4476
 -3.6646	 -1.7176	 +1.7143	 -0.8333	 -1.0787	 +4.2770
+10.5163	-10.1048	 -1.6368	 -4.3533	 -2.7536	 -0.3639
-82.5515	+43.1372	+28.3021	 +0.3772	 -0.0353	 +0.5227
+13.0195	+14.2174	 +0.6261	 +2.0437	 +0.3226	 -2.6174
 +8.6976	 +4.9381	 +5.9704	 +1.1581	 -1.3163	 +1.4848
 -9.6698	 -1.2420	 +5.9056	 +2.0886	 -3.0190	 -0.4385
 +2.9453	 +3.8543	 -6.6637	 -0.7235	 +1.0035	 -1.4739
 +0.4655	 -4.1064	 -6.1293	 +6.7513	 -2.0697	 +0.3377
 -2.2539	+22.0528	-38.2451	 +0.9730	 +0.9881	 -0.4571
 -9.6223	-19.9075	+13.8414	 +1.8944	 +1.1910	 +2.0723
 +4.1571	 -1.6678	 +3.4183	 -1.8940	 -2.3144	 -2.7183
 +2.6239	 +4.2447	-15.4308	 -0.4213	 -2.7358	 +1.6338
 -3.8871	 -2.2967	 +4.3944	 -1.3237	 -0.9879	 -1.5186
 -8.4073	 +1.4257	 +0.9440	 +2.2494	 +0.2705	 +1.1017
-16.2356	 +6.4961	-10.7785	 +0.6852	 +1.3076	 +2.5243
+13.1730	 +6.9258	 -8.6456	 +1.1697	 -1.3065	 +1.1539
 -3.9787	 +0.2092	-10.3743	 +0.3031	 -1.0148	 -0.1637
+15.9602	 +5.7108	+15.6719	 -3.3104	 -2.7988	 +0.6187
+18.5382	-14.3405	-10.5129	 +0.0321	 -1.7475	 +1.7744
 +1.6330	 -3.5451	-13.3955	 +2.0371	 +2.3636	 +0.2216
 +8.0713	-11.1770	 -8.7992	 -0.2139	 +0.8978	 +0.3125
+17.4535	 -1.7038	 -1.0682	 -2.6580	 -0.3799	 -0.3193
 +4.9609	 -4.7474	-16.3245	 -2.0548	 -0.1204	 -2.8250
 -6.5877	 -4.1245	 -5.5228	 -0.8203	 +4.9763	 +0.4168
 -9.7172	-16.2038	 -3.8231	 -1.9552	 +2.3095	 -1.1050
 -3.1627	 -4.3543	 -6.8535	 +0.0583	 -2.6067	 +3.4403
 -3.0412	 +7.4069	 -6.7033	 -4.9787	 +0.5702	 +1.3297
 +9.9129	-16.3688	 -2.2900	 -3.3874	 -1.9418	 +1.5263
-32.1663	-14.9984	 -4.7272	 +1.2438	 +0.9313	 -3.3257
 +6.6107	 -3.2827	 +5.1989	 +1.3075	 +0.3340	 -3.6498
 -2.1185	 -8.8725	-14.9870	 -1.7639	 -3.9950	 -3.1703
 +9.9055	+13.7269	 -4.0117	 +1.8305	 +0.8404	 +2.1778
+11.6858	 +7.9909	 +4.6572	 -1.8570	 +3.0888	 -1.0002
 -8.7367	 -6.0977	 +3.2836	 +3.2802	 +1.8831	 +1.6467
-39.8807	+28.6002	+37.8515	 +0.3609	 +0.2585	 -0.1454
+24.3811	 -1.4346	 -4.6974	 +0.4323	 -0.3048	 -1.8448
-10.1292	 +0.5891	 +3.7362	 +0.1804	 +1.8428	 -1.9291
 -7.4090	 +7.9531	+11.7389	 -1.0752	 -2.7521	 +1.0844
 -7.1697	 -8.0438	 +5.2838	 +1.3128	 -0.6521	 -2.8521
 +4.0274	+17.0872	+14.0605	 +1.5629	 +0.5183	 +0.8749
+35.4323	 +0.8504	-13.5956	 -2.0155	 -0.8331	 +0.7085
 -2.9175	 -1.3022	 -3.4366	 -1.4709	 -4.3384	 +0.9994
 -4.8621	 +8.6815	 +6.3845	 -2.4684	 -1.3886	 -2.6241
 -8.5691	-11.4375	 -2.0787	 -2.3952	 -1.4199	 -3.2533
 +3.1477	-17.2021	-22.1918	 +0.8947	 +0.4420	 +2.8863
 +2.1064	 -0.9090	 +1.6742	 +0.7379	 -4.8328	 +2.4483
-11.1578	 +0.3955	-11.7319	 -1.5782	 +0.9380	 +0.3892
-93.2651	-31.3588	+76.9713	 +1.5132	 +0.2063	 -1.3350
 +9.7413	-12.3018	 -4.3072	 -0.4710	 -1.8531	 +3.0498
 +4.3840	-19.9439	+29.0900	 -1.4293	 +3.1265	 +2.5774
 +7.4228	-21.3940	-15.2734	 +0.2493	 +1.9523	 -1.2693
 -0.5252	 -0.8501	 -2.6500	 +3.2095	 +1.1915	 +2.5185
 +5.2217	 -5.9354	 -7.8095	 +0.2654	 +3.1391	 +1.6858
 +7.0194	-11.1991	 -1.8956	 -2.2160	 -1.0158	 +2.6410
 -6.9597	 +6.8777	 -2.5597	 -4.0117	 +1.2251	 -1.7433
 -5.6052	 +7.4936	 -3.6508	 +1.3895	 +0.2742	 +4.0962
-10.5431	 +1.4795	 +0.8012	 +3.1742	 +2.7942	 -2.2766
 +4.4110	 -5.9226	 -9.8031	 -2.7166	 +4.9880	 +1.2621
 -0.6507	 +1.2240	 -6.4677	 -2.4139	 -0.8456	 +2.3524
-16.6501	 -4.4677	 +0.9570	 +2.9579	 +1.1398	 -0.9799
 -2.3388	-12.8496	 +3.7645	 +0.1614	 +1.1658	 -1.9881
-12.5054	-13.9736	-22.2529	 -1.0339	 -1.1476	 -2.9879
 -5.6982	 +3.5000	 -1.7849	 +1.7489	 -0.3994	 -1.3852
-13.1621	-16.5482	-22.7116	 +0.5777	 +0.5168	 -1.4923
-56.0614	+17.5887	+44.6466	 +1.5406	 -0.9437	 -1.1026
-48.7858	-25.0017	+14.6012	 +1.8579	 +1.3409	 -0.7438
 +1.6596	 +7.9123	 +4.2889	 +1.4676	 +1.1644	 -5.0070
 +2.1320	 -2.5816	 +2.4936	 -0.2171	 +2.7439	 -2.9608
-73.4366	-124.7729	+118.6795	 +0.6938	 +0.1079	 -0.1343
 -7.5133	-18.0885	 -3.0108	 +1.7630	 -1.7081	 -0.6325
-11.2748	 -5.2598	-15.1957	 +1.4471	 -2.8598	 +1.3035
 -1.6059	 +0.3584	 +0.0587	 +2.2809	 +3.5642	 -2.4548
-32.7209	-28.0313	-20.4573	 +2.6680	 -0.0326	 -0.8246
 -3.2352	 -1.9848	 +0.3766	 +5.3991	 -1.3698	 +2.8285
 -3.5620	 -3.7474	 +3.2154	 -0.9341	 +0.4252	 +5.7509
+15.8268	-16.3419	+43.4432	 +1.0985	 +2.6770	 +0.7501
 -0.4849	 -1.1191	 -7.8267	 +4.6978	 -1.7739	 +1.8881
 -3.1098	 +4.9853	 -5.5415	 +3.6980	 +1.5629	 -3.1984
 -1.6075	 -6.4389	 +5.0988	 -1.6159	 -2.4324	 +5.8664
 +8.0092	-14.5070	+12.0339	 +1.6640	 -1.7445	 -2.7560
-25.2709	 +8.2725	+27.4828	 -0.6698	 -0.9702	 +0.0420
 -2.2349	-11.5757	 +5.4100	 -4.2702	 -2.0405	 -2.0962
 -0.2858	 -1.3255	 +1.3400	 -0.4965	 +1.3601	 +1.7847
+15.1057	 -1.9394	 -0.9106	 +1.4466	 -2.5324	 -0.8205
 +3.2022	 +0.0747	 +9.1134	 -0.5656	 +1.3301	 +3.2655
 -8.9040	-11.2722	-13.6383	 +1.0824	 +2.0521	 +3.0142
 +1.2614	 +9.6613	 +2.3164	 -1.0206	 +1.5563	 +3.8468
-15.8573	 -5.5454	+12.9276	 +0.2196	 +1.2337	 -2.7371
 -2.3417	-11.0459	 -3.1350	 +2.8558	 +0.2973	 +3.5779
+12.8479	 -0.3617	 +5.9216	 +0.0816	 -1.0358	 +1.0118
-31.0578	+16.1162	 +1.2060	 +1.7312	 -0.0867	 -1.9229
 -2.4458	 +6.2871	 +5.5507	 +1.4157	 +1.2193	 -0.7926
 +1.1777	 +0.0766	+13.6160	 +1.1410	 +2.2488	 -2.6147
 -0.2021	 +0.7776	 +8.4448	 -3.3352	 -2.8223	 -1.1305
-13.3585	 -8.7885	-14.4332	 +0.0237	 -1.5459	 -1.9597
-27.3766	+29.1154	-70.5206	 +0.5537	 -1.5536	 +0.9949
 -1.6526	+26.4171	 +1.9091	 -2.3721	 -0.8293	 +1.4020
-25.7886	+72.0728	-50.5634	 -2.0553	 -0.8892	 +0.3372
 -0.8148	 -5.2017	 -0.3327	 +5.4255	 +2.5326	 -0.2217
 -0.6103	 -8.1315	 +6.4581	 +3.3381	 +4.2457	 +1.0085
 -3.1007	+23.6302	 +6.6812	 -0.7961	 -0.1389	 +1.4405
 +7.9170	 +0.8487	-15.5389	 +0.1451	 -1.4216	 -4.0509
 -4.0437	 -6.3148	+13.1101	 +3.8498	 +0.7716	 -0.8802
 -3.6634	-10.0502	-17.2531	 -1.9361	 +0.1349	 -1.3965
 -0.5939	 +3.7317	 +2.5748	 -3.3955	 +0.9728	 +3.0971
 -6.0085	 +2.9359	 -5.7888	 -0.4263	 -0.0039	 -2.0557
 -6.5953	-10.8691	-15.6193	 -0.5415	 -2.9858	 +0.0983
 +4.4280	 +7.1604	 -7.1506	 +3.9084	 -2.1983	 +0.3451
-12.5598	 -0.7888	+10.6240	 +0.1741	 -2.1034	 +1.8411
-16.1651	 -5.4348	 +4.9218	 -2.9818	 -2.5484	 -1.6621
-10.7352	-15.7392	 +4.1238	 -2.9884	 +3.6750	 +1.1494
 +1.2931	 -4.9229	+12.8317	 +2.0171	 -0.1517	 -0.3717
 +2.3229	 +3.9809	 +6.5401	 +1.7664	 -0.1880	 -3.5150
 -3.1945	+12.4719	 -3.2945	 -2.4604	 -3.0215	 -0.7367
 +9.1090	 +8.3085	 -2.9066	 +0.5219	 -3.3206	 -2.3226
-141.2632	-173.4097	+114.5530	 +0.3952	 +0.9114	 +0.0710
 -8.8769	+14.7576	 -8.0141	 -2.0615	 +1.0004	 +0.8056
-18.8006	+32.2752	+43.3131	 -0.1600	 -2.5821	 -0.7186
 -9.0786	 -3.1731	+14.3106	 -1.3945	 +0.6499	 +2.5830
 +7.5992	+74.2770	-80.6024	 +0.0603	 -0.1451	 +0.4940
 -4.8304	-21.4687	 -0.1171	 -0.6831	 -0.6900	 +2.5687
 +0.3325	 +1.7023	 -9.1970	 +3.6718	 -0.8904	 -1.4056
 -2.8956	+22.2114	-22.8283	 +1.9815	 -1.3050	 +1.0421
 +6.5455	 +8.9336	 -1.6186	 +5.3161	 +2.0898	 -1.6579
-20.1467	 +0.1361	 -6.4801	 -0.3412	 +3.5808	 -0.7083
 -8.5643	 -3.9002	 +1.9549	 +2.1158	 -3.2133	 -0.0580
 -0.6849	 -7.6019	 +8.6484	 +0.1914	 +2.7193	 -0.8216
 +3.3792	 +0.2613	 +1.4587	 +3.1470	 -0.1289	 -2.1415
 +1.8502	 -5.5111	 -9.1769	 -0.9811	 +1.7373	 +0.3845
-23.3626	 +6.1015	 -4.1277	 -0.2336	 -1.7389	 -0.5223
-16.9642	+16.1070	 -0.2887	 -0.8569	 +0.1325	 -0.9750
-14.3828	+11.0385	 +1.1256	 +2.5892	 -3.8565	 -0.4274
 +2.2343	 +2.4674	-32.2909	 +0.3859	 +0.6744	 -0.4342
+11.5920	+12.9834	 -2.5147	 -2.2392	 +0.2680	 -2.9288
 +1.6616	+15.7354	-15.6199	 +1.0645	 +0.9626	 +2.7549
 -8.2317	 -4.6966	 +9.9851	 -1.5548	 +0.0242	 +3.2344
-25.9220	 -5.0313	+14.5324	 -1.5566	 +0.9904	 +2.2619
 +4.8206	 +5.6105	 -5.2964	 -3.3230	 +0.2962	 -1.1340
+11.3119	 -6.6910	+10.6746	 -1.1796	 -1.5164	 -1.3493
 -2.9843	-10.9858	 -0.7754	 +0.8063	 +0.7954	 -0.2234
 -0.8995	 +7.7143	 +4.8097	 -2.0366	 +0.8209	 -3.4148
 -0.4535	-16.1785	 +8.2178	 +0.9462	 +2.7559	 -1.6876
-13.0223	 +2.2543	 -4.6771	 -2.6612	 -2.7596	 -1.4633
 +1.1294	-10.1192	 -5.1505	 -0.8496	 +1.4948	 -1.9411
 +9.4681	 -3.4902	 -2.1925	 +4.0692	 -0.3676	 -2.7134
-17.8466	 +9.8550	 -4.5171	 -0.5227	 -0.4737	 -0.0690
 -6.0720	+10.1514	 +4.7389	 -1.0341	 -3.2962	 -1.5715
 -2.0550	 -9.4503	 +4.5763	 +5.1887	 -0.0101	 +0.2676
 -4.7018	 +0.3986	 -3.7575	 -0.3623	 -4.4408	 -3.8994
 -4.0836	 +1.8882	 +4.5268	 -0.4163	 -4.2519	 -3.0032
 +9.9556	+25.1025	+23.6484	 +0.2543	 -0.6211	 -2.3907
 +6.3502	 +1.4969	 -3.7143	 +3.1958	 +2.6544	 -2.1574
 -7.0284	 -2.5682	 -1.9874	 +2.0331	 -5.2012	 +1.8663
+34.3746	 -8.3767	 -3.5700	 +1.2770	 +1.1002	 -2.3458
 +6.1742	 -0.5895	 +7.4513	 +1.7060	 -1.9359	 -1.2713
 -6.4289	 -5.1150	 -8.6287	 +1.7676	 +1.3955	 +2.0545
 +8.6808	 +8.9252	-14.8695	 -0.9341	 -0.4224	 +0.1811
 -8.7185	 -1.0770	 -0.5632	 +4.3451	 -0.4681	 +1.2627
-13.3123	 +1.0455	 -7.8642	 +2.4859	 -2.3382	 +4.1830
 +0.7039	-12.8255	 -9.9327	 -1.3985	 +0.2505	 +3.0214
 +7.9879	 -5.1768	 +0.1361	 -5.0073	 +0.3322	 +3.3604
 -4.1806	 -0.3437	 -1.6947	 +0.0305	 +0.8502	 +2.9205
 -1.6103	 +0.2424	 +0.0780	 -1.0974	 -0.9806	 -1.4909
 +4.3846	 +2.3301	 -7.8206	 -3.3078	 -3.5593	 +3.1985
 -5.0563	+43.5923	-10.5989	 +1.9785	 +0.3720	 +0.2505
 +3.0302	 -2.8910	 -3.4673	 -1.5558	 -0.9163	 +2.4133
 +1.1083	 -7.9661	-23.9539	 +2.0838	 +0.2567	 +0.6047
-12.2718	-18.7732	 -2.1298	 +1.5059	 -1.8565	 -3.1687
 +3.8970	 -6.0691	 -3.0301	 -5.2065	 +2.3068	 +1.3050
 -7.1109	-21.6137	 +0.4507	 -1.8424	 +1.6894	 +0.5558
 -5.7662	 +4.0655	-12.6405	 +0.3911	 +0.4872	 -0.4174
 -5.8441	 +1.9314	+18.7648	 -1.4562	 -1.4161	 -1.4139
 -0.7274	+11.5411	 -9.7902	 +1.0943	 +0.0175	 +4.6102
-10.9363	 -7.3436	 +2.7533	 +3.3020	 -4.3875	 -0.9144
 +1.1642	 +1.3191	 -0.0923	 -3.8454	 +0.0736	 +6.2455
 +5.8044	 +3.4850	 -2.9172	 +0.5007	 +1.4494	 -1.4814
+10.6736	 +2.7555	+40.3025	 -0.9838	 -0.6689	 -0.6116
 +7.2964	 +1.9473	 -2.7305	 +0.2172	 +0.3794	 +1.6815
 -7.8609	 +6.8510	 -6.5771	 -1.2043	 -2.5427	 -2.7875
 +7.3513	 -1.3427	 +3.7420	 +1.9203	 -5.6372	 -1.5165
 -5.6150	 +5.6115	 -1.5953	 +4.1053	 -1.7727	 -1.3547
 -5.3564	 -8.4443	-13.1785	 +2.3762	 -1.6277	 +2.7152
-17.6447	 -1.6710	 -3.6417	 +1.5208	 -2.1381	 -2.4016
 -4.2816	 -6.6799	 +4.3176	 -0.1465	 -0.7382	 -2.3160
-62.8231	-16.5449	-25.4072	 -0.0053	 +0.3216	 +0.1560
 -1.8828	 -6.8951	 -1.5446	 +1.2957	 +2.5925	 -2.9637
-10.3779	 +1.6973	 -6.6610	 -0.0364	 +0.4644	 -3.8646
 -8.5086	 +0.1711	 +1.3464	 -2.5691	 +2.2235	 -1.5319
