# Num Particles: 1000
# Num Cores: 1
# Total Energy: -2.306643e+04
# Iterations: 251 of 1000
# Current Time: 2018-05-05 21:09:26.136670
# Elapsed Time: 3:55:30.376138
# Avg. Step Time: 0:00:56.296319
# 
# x	y	z	vx	vy	vz
# 
 -1.3124	 -0.8774	 -2.2538	 +3.9388	 +2.3428	 +1.3288
 +4.7994	-14.3699	 -7.6975	 +0.7086	 +3.3844	 +2.3151
 -4.9598	 -8.4994	 +9.5299	 -1.6161	 -1.2731	 -0.3889
-27.6115	+23.5497	 +1.3905	 -1.7663	 -1.2802	 +1.2054
 -1.3357	-19.8680	 -5.3941	 +1.8246	 -0.0852	 +0.6189
 +1.5403	 +1.8626	-15.5990	 +2.4898	 +0.4370	 +1.6638
+10.8436	-16.2355	-10.0109	 -2.0095	 -0.0918	 -0.4955
 +7.2385	 +7.1244	 -5.7580	 -2.9904	 -0.9813	 +0.6420
-22.8282	-31.6968	-11.3409	 +2.1732	 +2.0493	 +0.0000
-19.1114	+20.8651	 +2.8744	 -2.6714	 -1.0675	 +0.4164
-19.2205	+12.5080	+16.3219	 +2.7135	 +0.6525	 -0.8472
 -4.6438	 +1.3890	 -3.4113	 +1.7416	 +2.5362	 -1.5278
 -2.9497	 +4.3014	-11.3018	 -3.6737	 +2.4339	 -1.5111
+22.9539	+13.8513	-28.9698	 -1.6161	 +0.8276	 -0.7971
 +3.5590	 -4.1800	 -3.7839	 +1.4564	 +1.4399	 -0.5719
+14.7231	 -0.4775	 -4.5957	 -0.0630	 -1.9043	 -1.6958
 -8.3885	 -9.3224	 -1.0986	 +1.3126	 -2.7462	 +3.8557
 -7.6609	 +1.1295	-20.1576	 -1.1015	 +0.7423	 -0.0384
 +8.5260	 -8.8934	 +4.8621	 -1.3316	 -0.2053	 -1.9538
+102.4323	-30.2194	+78.8866	 -1.4022	 -0.8281	 +0.1758
 +0.9248	 +0.7241	 -7.3902	 +4.1644	 +3.2417	 -0.1785
 -1.5975	 -7.6694	 -4.2819	 +1.1470	 -2.8283	 +3.0405
 +1.0935	 +5.2616	 -3.6310	 -3.2399	 +1.1495	 +3.9705
 -7.6234	 -2.4570	 +8.5746	 -1.2713	 +1.7211	 +2.1808
 +8.2167	 +7.6719	 -7.8897	 -0.3535	 -0.6030	 +0.9766
-38.7985	+24.5423	 -2.3326	 -1.7587	 +2.1005	 -1.2974
 -5.2170	 -8.6619	 -6.6319	 -0.0815	 -2.7050	 -0.4557
 +0.0136	 -6.4476	 +6.4472	 -5.6597	 +1.2705	 +0.3302
+14.3174	 +7.3271	 +2.0473	 +1.4960	 -3.3398	 -2.4790
-10.6789	-13.7307	 -3.8189	 +4.2800	 +3.3258	 +0.4868
 +5.2106	 -7.5391	-10.0724	 +4.7900	 -0.7000	 -2.1307
-57.7033	+12.1028	 +3.1748	 -0.5960	 +1.9569	 +1.8172
 -9.3273	 -4.9069	 -6.2241	 -3.2300	 +0.9579	 +4.8144
 -2.3700	 -8.9780	 +1.6087	 -1.1132	 +4.2366	 -2.4205
 -9.1193	 -4.2811	+23.0041	 +0.6315	 -0.5037	 +0.0320
 -0.0796	 +1.6816	 -0.2048	 -3.3515	 -0.6410	 -0.0804
 +0.8759	-10.3335	 +0.9087	 -1.6454	 -1.4730	 +1.5768
 +5.2154	 -5.9711	 +3.8586	 +3.5999	 -1.9944	 -2.1242
 -4.1278	+27.4636	-10.0386	 -0.7058	 -2.3570	 +0.8581
 +1.8424	 +7.0598	 +5.2665	 -1.6651	 +3.2129	 -0.0745
+16.8294	-18.0450	+10.5533	 +1.4823	 -2.9421	 -0.0132
 -4.7436	 +6.5997	 -8.1492	 +0.5163	 -2.9616	 +2.9604
 -7.4704	 +5.9388	 -8.1074	 +0.0876	 +3.3594	 +2.0264
 -9.0454	 -0.5349	 -3.2965	 +0.0539	 -2.5335	 -1.3260
 -0.9511	+21.7755	-18.9023	 +2.4186	 -0.7187	 +1.3146
 -3.9071	 -2.0392	 +4.7285	 -3.1572	 +0.0139	 +1.8454
 +2.4297	 +9.8621	-10.3812	 +2.0403	 +3.0346	 +1.6347
+34.3807	 -7.9577	 -1.4557	 -0.5619	 -1.1414	 -1.5870
 +1.5604	 +6.4986	 -2.6411	 +1.4290	 -0.7467	 -1.4565
 +0.9347	 +8.3864	 -1.5484	 +3.4580	 +1.9449	 +1.8599
-31.5343	-56.3833	-34.6978	 +1.1932	 +0.3875	 +1.6674
 -4.6703	 -7.2972	 -7.5485	 -0.8639	 +0.6988	 -2.5482
+14.8469	 -3.4195	+14.5763	 -1.2378	 +3.0070	 +3.1031
 +6.9320	 +1.7976	 +7.7091	 +0.9419	 -5.1436	 +0.1878
 +6.1824	 +0.3854	+56.9256	 +0.4447	 +2.2205	 +1.6037
-30.6452	 -5.7985	 -4.6390	 -0.8236	 +0.6693	 -0.0698
+28.4195	 -2.8514	 +2.1095	 -2.0646	 +1.0783	 -1.1800
 -5.3682	 +1.5981	 -3.5044	 +1.6950	 -2.9461	 -4.1806
 +4.3566	 +1.5240	 +5.2445	 +1.2609	 +4.2751	 +2.1753
 -6.3901	-17.7808	 +8.1340	 -3.7512	 +2.4850	 -0.3986
-22.7050	 +3.1375	 +4.5863	 -2.6753	 +0.7751	 -2.3044
 -8.5699	+12.2721	-22.9990	 +0.1037	 +3.4446	 -0.4407
 +2.3435	 +0.1719	 -3.7476	 +0.7342	 +5.7785	 +0.5715
 -3.1518	 -9.0990	 +1.4042	 +1.6135	 +0.1693	 +4.5360
 -4.5636	 -2.8298	 +4.3751	 +0.3511	 +1.4932	 +3.3491
-11.2179	 -8.9793	-12.2977	 -1.0602	 -1.4002	 +0.0051
 +6.0665	 +0.5912	+20.5294	 +0.1303	 +1.0355	 -1.4619
-19.4762	-16.7030	+27.8776	 -2.1338	 -1.7358	 -0.0918
 -2.0381	 -8.7707	-16.2044	 +0.5985	 +0.0576	 +2.6841
 -2.6030	 +3.7351	 +4.6569	 +1.5516	 -4.1699	 +2.9332
 -4.5212	 -5.2385	 -4.2141	 -0.1677	 +1.6303	 +0.3009
 -7.1018	 -9.1921	 -2.9102	 +3.4072	 +2.5524	 +1.8157
 -7.1379	 +4.9881	 -6.1048	 +3.3606	 -1.7067	 -0.7745
-11.4931	+15.2823	-97.0738	 +1.9308	 -0.0069	 -1.3418
+25.7600	-24.1677	-12.6278	 -0.5444	 +1.9525	 +0.7530
-14.9231	 +0.4489	 -7.6406	 -0.7178	 -4.6020	 +2.0647
 -1.5784	 +6.0374	 -7.5321	 +1.8593	 +0.0774	 +1.8467
 -8.2199	-12.7048	 +8.5731	 -2.1589	 -0.9561	 -2.9024
 +3.0109	 +6.4895	 +3.8269	 +2.7369	 -3.5008	 +2.8910
+25.9358	-10.9523	 -5.6571	 +1.7692	 +1.9839	 +0.0841
 -2.5827	 +0.8502	 +3.2435	 -0.0918	 -0.9020	 +0.6193
 +8.8186	+14.2314	 -9.9944	 -0.8829	 +1.1880	 -0.3282
 +1.7415	 -1.0088	 +6.0121	 +0.7678	 +0.0325	 +3.4982
-12.9699	+23.7299	+22.5213	 -0.7837	 -0.6391	 +3.1540
+18.2023	 +9.7862	 +7.3185	 +1.5213	 +2.0112	 +2.6185
 -3.2625	 +7.3665	 +8.5582	 -2.8436	 -3.2782	 -1.3357
-17.4727	 -2.7931	 -5.0716	 +0.7964	 +1.0901	 -2.8766
 -2.7183	+21.7939	+10.4457	 -0.6769	 +1.7195	 +0.0870
 -0.4990	-29.4123	 +6.1441	 +2.0395	 -0.3232	 -1.6635
 +1.2746	 -8.3424	 -0.3248	 -2.5633	 +1.9980	 -1.6080
-10.7791	 +5.0816	 +4.3019	 +1.6161	 +2.0659	 +2.5973
 +1.5837	 +2.0831	 -0.0194	 +1.2394	 -1.1096	 -0.7517
-15.3696	-28.0613	-48.8264	 -0.6802	 -0.7439	 -0.2387
 -5.6895	 +0.1111	 +3.2263	 -4.9180	 -1.7991	 +4.2891
 +5.0880	 +7.7103	 -2.4253	 -1.0214	 -3.7489	 -0.7354
 +9.2429	 -3.7928	 -6.0784	 -0.1261	 +2.5759	 -3.8799
 -8.5650	+32.3275	-14.2088	 -0.3703	 -0.5784	 +2.4896
 -2.7178	 -3.3753	+19.4468	 -1.9946	 -0.2437	 -0.0465
-10.2787	 +9.6578	 -1.6576	 +0.5695	 -3.2448	 -1.4725
 -5.5306	 -7.4251	-22.8712	 +3.4499	 +2.1376	 +0.4069
 -1.4176	-12.0930	 -3.3092	 -4.1404	 -2.8874	 +0.5109
 -9.9170	 -2.0455	-10.7970	 +2.5826	 +0.0671	 +0.9442
 -4.7114	 -0.6139	 -3.9646	 +0.4316	 +0.9221	 -3.5968
 -0.4084	 +1.8358	-12.6223	 +1.1359	 +4.0994	 +0.3129
 -0.8833	 -2.0671	 -2.9201	 +0.2779	 -0.3193	 +2.7609
 +1.6901	 +5.7490	 +7.3449	 +4.3704	 +2.1048	 -0.2259
 -9.1182	-18.1995	+19.3865	 +3.3681	 +0.1652	 -1.3966
 -7.2618	 -8.4995	 -1.3853	 +0.8692	 +3.9632	 -0.5536
+28.0010	+14.1863	+17.1413	 +0.6677	 +1.6474	 -0.6020
 +6.0138	 +0.7563	-14.2259	 +1.0762	 -0.3658	 -1.2546
 +1.4305	+10.3659	 -5.2695	 +2.8911	 +1.7860	 -0.4222
+474.1119	+389.1733	-226.7543	 -0.2797	 +0.6730	 +0.3152
-139.1497	+101.4230	+200.7861	 -0.1051	 +1.1329	 +0.4329
+17.1781	 -5.5058	+10.3556	 +3.2194	 -1.0711	 -0.3468
 +2.3372	 -0.9105	+20.2485	 -2.0091	 -1.2769	 -0.6372
 -0.2186	+13.5680	 +1.3814	 -0.5804	 +0.3284	 -3.2807
 +8.7645	 -2.2482	 -4.7158	 +0.3729	 -3.4013	 -2.0760
-70.7681	-15.5671	-11.8361	 +1.4875	 +0.2150	 -0.7297
 -6.7612	 +2.8949	 -3.6427	 +0.5782	 +0.7380	 -1.1272
+46.6452	-23.5410	-43.3400	 +0.4201	 -0.6595	 +0.3444
-13.1068	 +5.3716	-11.1481	 +1.7996	 -1.8737	 -1.4198
 -4.2779	 +6.2359	 -2.5987	 -1.1059	 +1.3902	 -0.0652
 +8.8335	 +3.5596	 -3.7114	 +0.8349	 +2.1088	 -2.0239
 -9.7957	 -7.7095	 -0.1952	 -3.7364	 +2.1081	 +0.2248
 +2.0848	 -2.8432	 +1.7603	 +2.1000	 -0.2223	 -0.2715
 -3.5355	 +3.9401	 +1.1707	 -2.3885	 +2.8328	 -2.7343
-12.2936	 +1.1169	 -9.1264	 +3.0775	 -0.0939	 -2.1581
 -9.4523	 -2.8928	 +2.4830	 +0.9067	 +1.0539	 -0.9689
-10.6850	 +3.9043	 -4.0688	 -0.0133	 +1.2576	 +2.6109
 +7.3708	-11.8790	 -5.1295	 -2.9540	 +1.3415	 -2.2072
+14.0630	+30.0199	-165.4660	 +0.0669	 -1.1643	 -1.2844
+11.5954	 +2.4364	 +3.7588	 +0.8432	 +2.2444	 -2.0189
 +0.9938	 +3.4844	 -8.9067	 -3.2787	 +3.5550	 +1.5841
-12.0544	 -5.2869	 +1.5258	 -1.9511	 +2.0126	 -1.0073
 -2.4976	 -4.8931	 -3.2557	 +1.1530	 -2.0895	 +0.0073
-18.5243	+22.2895	-34.0282	 -0.3637	 -1.3321	 +0.9973
 +6.3733	 -6.4981	 -8.9915	 +4.0979	 +3.1118	 +0.2024
+17.2454	-20.6862	+17.5832	 -1.3400	 -2.3205	 +0.8062
 +5.1194	 -8.5442	 +1.4979	 +0.1744	 -1.6468	 -2.5253
 +8.3694	 -8.5067	 -8.2426	 -2.9821	 +0.9729	 +2.5074
 +3.3713	 -1.9338	+11.3185	 +0.8779	 +1.3893	 -0.9873
 +2.5205	 -9.6798	+10.0149	 -4.1602	 +0.1110	 +1.1708
 +0.2850	 +1.7262	 +1.0434	 -1.0858	 +1.8765	 +0.7022
-27.7271	 +9.2609	-37.1666	 +2.2071	 +2.1639	 +0.1842
+59.1122	 +1.9514	+20.3433	 +0.4076	 -1.9235	 -0.2625
 -0.2531	 +4.4425	 -8.9176	 -1.4397	 -1.4873	 -2.2849
-30.9388	-68.9846	+47.7339	 -1.2553	 +1.0462	 +0.9260
 +0.8952	+13.2613	 -5.7656	 -1.7568	 +0.7938	 +1.4951
+19.6730	 +4.9446	-10.1521	 -0.6743	 -1.4130	 -2.9493
 +6.3570	 +3.7671	 -4.6053	 +4.0413	 +2.8657	 -0.4692
 +2.8903	 +1.8648	 +5.5145	 -0.1966	 +3.0823	 -4.1735
 +9.2702	 -1.0810	 -3.4653	 +3.0116	 +2.9312	 -1.7776
 -8.7414	 +3.2160	 -1.6878	 -4.3925	 +2.6680	 +0.3331
 -5.4481	 +9.0253	 -7.3663	 +1.5988	 -2.8228	 +0.2690
 +6.7108	 -8.8523	 -9.6647	 -0.7952	 -2.4729	 +0.0462
-10.8493	 +1.0535	-13.1079	 -0.0840	 +1.6042	 +2.9203
 +7.8461	 +6.4606	-18.5445	 +2.5274	 -1.1672	 -1.1224
 +2.1687	 +5.1292	+29.8881	 -2.8885	 +1.0437	 +0.1595
 -1.7026	 -2.2102	 +3.1889	 +2.9509	 -2.5976	 +4.8526
 -1.0483	 +1.5663	 -3.1046	 +3.5503	 -1.7413	 -0.1352
 -5.7937	 +5.7260	 +1.1523	 -2.7025	 +0.0809	 +2.6029
 -9.7027	 -3.0335	 +5.5987	 +5.3882	 -1.9926	 -2.7041
 -4.5409	 +2.4549	 -1.2213	 -5.1056	 -0.5598	 +1.0526
+11.6576	+10.7699	 +4.0290	 -2.2837	 +0.5465	 -0.7721
 -0.6441	 -4.2991	 +3.5105	 +4.1445	 +1.4163	 +3.6311
 -7.8873	 -3.4221	 +7.2873	 -4.3725	 +0.2917	 -0.2344
 +0.3706	 +2.0200	 -5.2454	 +2.0966	 +2.1924	 -2.6597
-14.6704	 -7.7370	 -9.9775	 +1.4284	 -2.2729	 +3.5590
 -7.2812	 -0.2604	 -2.1498	 -0.7942	 +0.4032	 +2.2217
 +7.7212	 -6.4887	-11.9331	 +1.4570	 -0.7077	 +1.9944
-14.7826	 -0.3864	-18.8821	 +1.0360	 -1.1380	 -1.0866
 +0.4405	 -0.5960	 +0.7477	 -2.2972	 -0.5283	 +1.0200
 -4.9649	 +0.3639	-17.2260	 +0.0286	 -0.4857	 -2.6179
+28.0561	-14.1156	+24.0362	 -0.8892	 -0.2757	 -0.7500
 -2.5310	 +3.8398	 -2.4243	 +2.8214	 +1.5421	 -4.0316
+50.0281	+28.4117	-26.4446	 -2.0672	 +0.8970	 -0.0923
-19.8759	 -9.0232	 -2.6141	 -1.6524	 +2.4774	 -2.4734
 -3.5628	-20.6823	 -6.8095	 +1.7697	 +2.4058	 +1.8054
 +0.6830	 -7.1643	 +1.6076	 +0.0641	 +1.6055	 +1.7847
 -0.9672	 -9.3585	 -2.9301	 +0.6710	 -0.4789	 -1.9790
 -9.7878	 +4.6655	 -5.0218	 -2.4707	 -0.6419	 -0.0152
 -1.1583	 +8.9031	 -4.9885	 -2.5317	 +0.8015	 +2.4953
 +5.6108	 +2.5896	 +1.9973	 -1.9853	 -1.1256	 -2.5717
+13.3258	+21.5027	-24.3137	 -0.9350	 +0.8473	 -1.0233
+10.8442	 +5.4578	 -6.3326	 -0.3280	 +2.4882	 -4.2001
 +0.9900	 -4.7915	 -5.0852	 -1.9455	 -0.0760	 -2.7652
 +0.7232	 +5.4016	 -4.7558	 -1.1235	 -0.8757	 +4.0934
 +0.7502	 +2.4033	 -4.9999	 -1.5106	 +1.1568	 +1.8949
-15.3600	 -9.6557	 -5.0149	 -2.0940	 +0.1761	 -2.0234
 -0.6266	 +5.4082	-11.5897	 +2.2200	 -0.3936	 +1.4557
 -6.9140	-18.5294	 +8.7870	 -0.9023	 -2.7972	 +1.0951
 +3.7926	 -0.7471	 -5.2049	 +0.2091	 +1.3564	 +3.1652
 -3.5978	+23.5620	-34.3086	 -1.5698	 -0.9253	 -1.6163
 +1.5226	 +1.2386	+10.6227	 -0.6954	 +2.8565	 +0.6944
 +2.4461	 +3.9556	 +2.0425	 +0.3907	 -4.4243	 +0.3951
 +0.9024	 +4.6743	 -1.5681	 -3.5971	 -0.8633	 -1.3917
 +1.4943	+10.7437	 +5.0065	 -3.9937	 +1.7913	 -0.8764
+28.9404	-100.8039	-34.4884	 -1.3467	 +0.2539	 +0.9860
 -6.4255	+13.2218	 +3.1824	 +1.0544	 +0.6727	 +2.0478
 -2.8295	 +2.1248	 -8.7381	 +3.8148	 +3.8640	 +2.2905
-11.2850	-24.0988	-15.3960	 -1.3113	 -0.2275	 +3.0658
+23.4918	 +7.1397	 +2.4778	 -2.0579	 +1.0794	 -1.7745
 -5.0290	 +0.7418	 +3.8784	 -0.3550	 -3.4450	 +1.7179
-11.8345	 +7.5263	 -0.2441	 -1.9501	 +1.4789	 +0.1956
-14.2120	 -6.5951	 +4.0769	 +3.0954	 -0.3501	 +0.9724
 +3.5676	 -6.2283	 -0.7467	 +1.0726	 -1.1385	 -1.2563
 -4.4094	 -0.6497	 -0.4201	 +2.4161	 +1.3761	 -2.6375
-19.6543	+18.1999	 -0.8975	 -2.1939	 -1.6272	 +3.1730
 +1.1720	+51.0706	-33.5925	 -2.0559	 +0.7096	 +1.2283
 +5.0359	 +2.8267	 +1.2994	 +3.2846	 -0.0697	 +2.5790
+12.8962	 +0.6929	 -6.0200	 -0.4416	 -2.5593	 +0.1245
 -5.7267	 -9.5482	 -1.0193	 -2.1016	 +2.4164	 -2.2446
 -1.6801	 +7.8038	 -7.6438	 -3.2912	 +1.0534	 +0.0892
 -6.7328	 +0.3755	 -7.2364	 -6.3282	 -0.0825	 -0.6291
+18.9540	-11.4739	-20.7562	 -0.9110	 +0.0732	 -0.9350
+120.0628	 +5.3288	-42.2360	 +0.2730	 +0.1476	 +0.7014
+18.4252	+10.3639	-14.0016	 -0.3092	 -1.9273	 -3.5377
 +5.5421	 -5.1078	 -0.3426	 -0.5144	 +2.2578	 -1.7574
 -3.4761	 -2.9093	 +3.4211	 -5.4458	 -1.3456	 -1.6026
 -1.1252	 -2.9251	 -2.9618	 -3.3528	 +4.7002	 -0.4098
+31.4736	-32.4435	 -7.2016	 -1.0612	 +0.3123	 -0.5372
 +5.7095	 +9.4976	 +1.0761	 +0.8381	 +1.5363	 +1.2628
-15.4639	 -7.0491	 -6.9730	 +0.4000	 +1.5554	 -1.8839
 +3.1591	 +2.4141	 -8.1741	 -1.7697	 +1.7890	 -2.6049
 +3.2473	 -4.6920	-14.5528	 +0.3381	 +0.5041	 -0.2716
 +2.6033	 -1.3602	 -2.0201	 +0.8818	 +0.1871	 -2.3206
 +4.3039	 +3.1225	 -0.1266	 +1.7245	 +0.3944	 +3.6572
 -2.0977	 -6.7396	 -6.8583	 -2.1311	 -1.8046	 -3.7774
 +4.4733	 +1.5213	 -1.9592	 -3.0401	 -3.1045	 -1.6902
-10.4908	 +3.2346	 -0.0346	 +1.7845	 -2.2147	 -2.2702
 -2.9561	 -0.5210	 -5.2732	 +3.1322	 -2.7707	 +1.0770
 +3.2508	 +7.7188	 -4.3847	 -0.5710	 -2.1219	 -0.3592
+11.3625	 +6.2174	 -5.3994	 -0.8916	 -0.0950	 +3.0960
 -0.3712	 +3.4347	 +0.8543	 +2.1413	 +5.1605	 +0.5880
 -5.1760	 -8.5807	 +1.9101	 +0.1567	 +1.6748	 +4.6444
 -2.6500	 +3.7765	 +0.6569	 +2.1449	 +3.0722	 -5.1226
 +2.9524	-14.8624	 -3.8690	 -0.2299	 -1.1402	 -1.9658
 +2.6471	-14.0191	+18.3197	 +1.8712	 -2.6102	 -0.2100
 +5.1003	 +7.4158	 -0.4163	 -1.5521	 +0.6876	 +2.4435
 +2.2715	 +0.2129	 -3.0406	 +0.2241	 +1.7105	 -1.2843
-52.2960	 +5.0221	 +0.5410	 -1.7589	 -1.5350	 +0.4372
 +1.1641	 -1.3781	 +5.4732	 -0.3616	 -2.7966	 -2.5480
 +2.7141	+11.0887	 -1.5054	 +0.0839	 +4.1036	 -2.1767
+15.3122	-10.7828	 -2.8823	 +1.3411	 -1.2854	 +0.5513
 -5.9466	 -8.7107	 +1.4845	 +1.3609	 +0.2519	 +1.3099
-14.5216	 +9.2552	 +3.3198	 +1.6441	 +0.4399	 +0.3852
-31.3962	 -7.3210	+40.9127	 +0.3801	 +1.1431	 -0.6822
 -9.1127	 +0.2401	 +6.9834	 -4.3228	 -0.1362	 +1.1964
 -5.2746	 -5.0884	 +0.6882	 -1.6146	 +4.0086	 -3.6781
-36.5364	-30.7837	-21.2190	 +1.7609	 +0.5089	 +1.6032
-15.8919	+24.3004	 +5.9993	 +2.1844	 +1.6303	 +0.5277
 -9.1968	 -5.7711	 -7.0372	 +3.2682	 -4.0500	 +2.7121
 +9.7165	 -7.3188	 +0.5468	 -0.7229	 -0.3874	 -1.1016
 +5.4830	 -8.6193	 -0.8229	 +3.1487	 -1.3537	 +2.6742
+1871.4610	-31.0250	+790.3272	 +0.2211	 -0.2337	 +0.0661
 -4.2201	 +2.7216	 +0.1585	 +1.0734	 -1.3806	 -4.0483
 +6.4831	 -0.9965	 -3.0978	 +3.4541	 +3.6906	 +0.5054
 -3.6838	 +2.1371	+11.1325	 -1.3341	 -0.4574	 +2.0383
+23.4989	-16.0779	-11.4932	 -1.5676	 +0.3087	 +1.7172
 -0.0878	 +3.9862	 +3.0956	 +2.8705	 +4.6728	 -0.9976
-56.6258	-49.7154	-69.6598	 -0.8684	 -1.3028	 -0.2597
 +4.1565	 -4.7834	-20.7359	 -0.4443	 +4.0193	 +2.1508
+16.2930	 +8.0702	+19.3723	 -2.5836	 +1.9683	 -2.0608
+21.4804	-26.4196	+10.4963	 +0.7923	 +0.8747	 +0.2583
 -5.1718	 -1.3668	 -4.6859	 +3.4862	 +0.4740	 +2.1170
+15.7079	+21.8301	 -8.8369	 +1.1431	 -3.0098	 +0.6162
 -9.2982	+20.6079	 +2.7812	 +0.1824	 -0.8050	 -0.4729
 +5.2967	 -8.4142	 -1.6332	 -0.9126	 +0.0696	 -0.7865
 +1.5625	+10.1423	 +5.1315	 +1.0324	 -0.7223	 -0.6886
 +1.0907	 -6.5587	-13.3850	 +0.6708	 -4.1430	 -1.7432
 -2.5382	 -4.9611	+12.2643	 +0.8681	 -0.6493	 -1.7436
 +4.5113	 +1.4220	 -6.3039	 -0.0970	 +2.5979	 +1.7851
 +6.6497	 +2.0544	 +0.6527	 -1.3059	 +1.3536	 +4.3055
 +7.0963	 -9.1426	 +3.6347	 +2.4067	 -1.3985	 -2.1927
 +3.9150	 +3.3276	 +1.0140	 +2.7347	 +2.0627	 +0.9243
+15.8229	+14.9293	-22.5909	 -3.0191	 -0.1590	 +1.3536
 +2.8438	 +6.1985	 +4.4766	 +1.6315	 -0.5931	 +2.4788
 -6.2630	 -2.3132	 +2.1592	 -0.5325	 -1.5929	 +1.0981
 -0.3845	+17.7362	 +4.6488	 +0.2835	 +1.0563	 -4.6194
 -3.3908	 +3.0598	 -0.9152	 -3.0191	 +3.1949	 +3.7647
 -4.1413	 -0.9531	 +1.1982	 +5.2469	 +0.8150	 +0.3337
 -3.2020	 +2.8477	 +0.6595	 +4.0544	 -2.8744	 +2.1835
-14.4598	 -3.8877	 -1.7411	 +0.6253	 -2.7876	 +0.9413
+10.2270	-11.0319	 -0.7979	 -1.2575	 +1.0373	 -0.8547
 -0.6129	 +2.5417	 -1.2118	 -0.3390	 -4.1347	 -4.2699
 +1.5110	 +4.8113	 -1.9917	 +3.5779	 +2.6893	 -1.7048
-19.4796	 +8.9672	-12.7567	 -1.9654	 +0.2049	 +2.3505
-26.6582	 -6.2595	 +1.6540	 -1.3220	 -0.8077	 -2.8445
 -7.2635	 +5.9754	 +9.0350	 +0.9801	 +0.2235	 -2.2906
-133.5050	-43.3666	+72.5098	 +0.6710	 -0.9487	 +0.6904
 -3.1022	 -1.6166	 -2.7162	 +0.6145	 -0.0735	 -1.6106
 -7.4232	 -4.6465	 -3.6503	 -3.8961	 +2.8587	 -1.4113
 +0.1905	 -6.9881	 +5.2216	 +5.0033	 -1.3087	 -1.1051
 -1.5784	 +5.4041	 -9.4450	 +3.6901	 -0.0791	 -4.4780
-14.8494	+11.9180	-14.1445	 -1.3236	 +0.3338	 +0.8956
 +3.0245	 +7.7180	 +3.3403	 -3.6708	 +3.8078	 -0.5012
 -4.4586	 -7.1905	-14.1825	 +0.7786	 -1.6685	 +0.5984
-113.2912	-104.6283	+101.4541	 +0.3865	 -0.2671	 -0.1103
-16.0189	+33.9348	+23.0776	 +2.0956	 +1.3011	 -1.5266
-21.8553	-26.3814	+10.0320	 -1.3629	 +0.6506	 +2.2588
-27.1809	 +9.3117	-26.6556	 +1.7550	 -0.4234	 -2.4184
-15.4609	-23.5823	 -8.0963	 -1.8487	 +0.6602	 -0.5252
 +3.1054	 -2.1565	 -7.2388	 +0.0391	 +0.5672	 -1.1331
 -2.3488	 -2.1989	 +3.4334	 +1.3971	 -1.3532	 -0.5387
 +1.3937	 +3.4658	 -5.1184	 +5.7837	 -1.7421	 -0.3848
 +2.5917	 -4.7756	 +0.8723	 -2.3440	 +2.3876	 -4.1121
-23.3999	 -4.6714	 +0.3099	 +0.8471	 +0.8722	 -1.3709
-14.4801	-14.0890	 +7.6158	 +1.9545	 -2.4011	 -1.2722
+20.7628	-95.6736	+19.3383	 -0.9710	 +1.2652	 -1.1882
-14.7771	 +5.5162	 +3.2626	 -2.6388	 +0.4800	 +1.6864
 +1.4481	 +1.0675	 -2.5622	 +0.3726	 +3.1574	 +3.6090
 +1.9789	 +0.0485	 -4.0021	 +1.7431	 +0.4590	 +0.3363
 -0.5217	 -3.2373	 -5.4180	 +1.2372	 -1.6804	 +5.0508
 -7.9602	 +8.5918	 -8.1781	 -1.4171	 +0.7647	 +1.7883
 -9.0721	 +7.1920	+17.9757	 +0.5317	 -2.9742	 -0.6835
 +6.3256	 -3.1780	+17.8040	 -1.1659	 -0.3732	 -2.3001
 +2.1788	 +9.6453	 -2.6255	 +2.7431	 -1.1826	 -6.0185
 -4.7210	 -2.1309	 -1.6737	 +0.6437	 -2.6174	 +0.7754
+12.4719	 -9.0424	 +4.6889	 +0.2472	 -1.6637	 +1.4026
 -2.8884	 -7.6791	 -4.2846	 +1.7518	 +0.0743	 -3.1418
 -2.1466	 +2.1064	 -0.6530	 -2.8310	 +0.3352	 +2.4266
-14.3722	-12.0318	 -3.1696	 +0.2131	 +5.0447	 +1.7694
 -3.1558	 +0.0419	-12.2862	 -0.3579	 +2.7420	 -4.6795
 -3.8199	 +0.1860	 -8.8214	 +0.7546	 -0.9379	 +3.8538
 +2.2874	 +3.2429	 -5.1203	 -0.9185	 +3.3865	 +0.3887
 -0.4090	+10.4789	 +2.5507	 +1.9172	 -1.0559	 -0.5689
-155.3932	-53.7350	+202.6493	 +0.5277	 -0.6802	 +0.2278
 -1.3611	 -1.3576	 -0.2149	 -2.6657	 +2.3347	 -1.8770
 +8.5352	 -8.5788	 -4.3530	 +0.5697	 +0.3683	 +1.9120
 +7.7010	 +3.7381	 +0.8946	 -3.5932	 -0.1406	 +2.4101
 +2.2362	+12.3250	 -9.1200	 -0.3218	 +2.3677	 +1.8291
 -1.0452	 +0.2785	 -2.8247	 +1.1258	 -1.1409	 -5.6173
+30.4714	+41.9012	 -4.7119	 -0.9732	 +1.5874	 -1.9277
 -0.7024	 +4.1573	 -1.1324	 +3.1094	 -1.7425	 -5.5297
 +8.7200	 -4.2558	 +3.0102	 +1.7057	 +2.3069	 -3.2306
 -5.2567	 +4.4045	-18.6383	 +3.5146	 +0.3218	 +1.7961
 +1.8485	 +4.8345	 -9.8823	 -0.3360	 -3.1991	 +0.9758
 -5.5475	 -1.4256	 -1.6414	 +1.9190	 -1.3990	 -3.4505
 -4.6721	 +5.6416	 +1.9673	 -2.3250	 -3.4283	 -2.1680
 +0.1569	 +0.7365	 -5.3200	 -0.2587	 -0.8424	 +1.6266
 -4.3281	 -6.2985	 -8.4028	 +2.8244	 +0.9597	 +1.6767
 -2.5286	 -5.0780	 +7.3891	 +0.7949	 +1.9792	 -1.9367
 +4.5286	 -2.2559	 +6.2511	 -4.4561	 +0.8823	 +1.5428
 -6.0019	 +4.0920	 -1.3961	 +1.2357	 +0.4763	 +0.1976
 +1.0496	 -3.3603	 +1.0893	 +1.5537	 +1.8243	 +2.8444
 +2.3229	 +3.1324	 -8.2092	 -2.9468	 +1.0109	 +2.5064
 -1.4189	 +0.1487	 -4.3800	 -1.0238	 -1.2718	 +2.3840
-12.8325	-11.5920	+22.2474	 +1.8487	 +1.8413	 +3.1027
 -1.0115	 +1.3177	 -3.2524	 -1.7153	 +0.0816	 -2.6494
 +9.1780	-10.8026	 -1.6923	 -2.4397	 -0.7361	 +1.5850
 -9.3330	 -6.5048	 -1.1772	 +0.3169	 +2.5804	 +2.6471
 -8.0244	 +3.1002	 +3.3187	 +4.6587	 +0.5634	 -3.1207
 +5.1483	 -5.0615	 +1.9434	 +1.2980	 +2.8917	 +0.8137
+11.5645	 -9.9190	 -2.9053	 +1.3193	 -1.8717	 +3.0511
 -2.4417	 +7.9010	 -5.1654	 +2.3170	 -0.6853	 -0.9340
-13.6245	+28.0430	-45.4302	 +0.6341	 +0.1781	 -0.9924
 +8.3526	-10.0509	-49.8434	 -0.1419	 +1.0623	 +0.7249
 +5.2175	 -0.5953	 -1.3383	 -0.0533	 +1.9807	 +2.2081
-18.7965	 -4.2851	-11.5147	 -0.4360	 -2.5107	 -1.1505
 -5.0835	 +4.8442	 -0.6453	 -1.2765	 +0.4902	 -2.2970
 -8.7973	 -6.0105	 -4.9309	 +2.7121	 +5.1568	 +1.0436
-16.6490	-69.9588	 -4.4850	 +1.2926	 +0.9181	 -0.6876
 -3.6810	 -5.3872	 +7.8358	 -1.7356	 -2.8700	 -1.7120
 +5.3955	 -3.1167	 +0.4035	 -0.1832	 -4.1742	 +2.9636
+14.6233	 -3.2556	-11.9990	 -2.6929	 +1.7780	 -3.7337
 +0.5380	 +8.0226	 -4.9770	 +3.6479	 -2.4380	 +5.1254
 -1.5322	 +1.0571	-17.0041	 +2.0101	 -1.4065	 +2.1745
 -5.5365	 +2.2718	 -9.0364	 +4.0631	 +1.1757	 +1.1722
-11.2641	 +7.9041	 -0.8214	 -1.8452	 +1.1425	 -0.4677
 +6.3839	 +7.4659	 -0.2884	 +0.6141	 +3.3387	 +1.7510
 -9.3152	 -1.0222	 +2.4213	 -0.7632	 -1.3201	 +1.9402
 -8.2878	-21.9774	 -9.0495	 -0.3750	 +0.7579	 +2.8768
 +3.8475	 +3.9317	 +2.0143	 +3.0740	 -0.3429	 -1.2285
 +3.8331	 +8.2126	 +3.9268	 -1.1004	 -4.7162	 -2.3636
-57.8599	 -2.1288	-12.4469	 +0.4856	 +1.2750	 -1.0230
 +1.5018	 +2.1318	 +2.5973	 +3.3458	 -1.0339	 -0.3331
 +4.3471	 +4.6357	 -8.2470	 +1.7638	 +1.7495	 +1.2313
 +5.8191	 +1.4059	 -2.9423	 -1.7825	 +4.4332	 +0.8730
 +2.6772	 -5.7797	 -5.4603	 -0.5000	 -1.7928	 +1.5648
 +3.1553	 -0.0490	-18.0477	 +3.0833	 +2.6883	 -0.9507
 +1.8017	 -7.2354	-20.1098	 +0.4661	 +2.5207	 +3.1024
 -7.7722	 +5.7337	+10.6777	 +1.3819	 -1.4851	 +3.8527
 +2.7141	 +0.6398	-14.4527	 +4.5854	 -0.8203	 +0.3989
+13.2157	 -4.3021	 -4.8484	 +0.4047	 -2.2352	 -0.4034
 +1.4874	-28.3806	-22.0112	 -0.7387	 +1.0321	 -0.7204
-12.7130	+20.1068	 +3.9053	 -0.7342	 -0.4581	 +2.1476
 -0.4757	 +3.0357	 +2.0820	 +2.5525	 +0.1592	 +0.8753
 -2.4885	 -6.3037	 +1.8618	 -2.3170	 -3.1743	 -3.4219
 -6.6072	-12.8928	+10.0449	 +0.4194	 -1.3672	 +1.0399
 -0.2917	 -2.9657	 -8.8672	 +1.1267	 -5.0269	 -0.1154
 -3.1047	 +2.6127	 -1.7843	 -4.0306	 +1.8141	 -4.9645
 -7.5402	 -1.0289	 -8.6766	 -4.7328	 -0.7575	 +2.5564
 +1.1717	+12.3454	 +5.7563	 +0.2702	 +1.3243	 -0.6873
+35.6963	 +6.3990	 +5.5762	 +0.4358	 -0.1697	 +0.7084
-21.1662	+12.5929	 +4.0494	 +1.7545	 -0.3407	 +1.6492
 -2.2412	 -3.7768	 -2.3069	 +1.2965	 +1.4976	 +4.0271
 +3.2208	-25.1707	-22.7435	 -1.0809	 -1.9633	 -1.4741
 +2.6045	 -4.3249	 -7.8232	 -2.5151	 +5.2257	 -1.2336
+10.1290	 +5.1826	 -7.9115	 -1.1235	 -2.5458	 -1.5445
-28.5543	 +7.4960	 +4.3156	 +3.1959	 -0.2822	 +3.2709
 +2.1460	 +7.6477	 -2.3875	 -2.4975	 +0.3532	 -0.8314
 +6.7617	 +0.1610	 +4.5682	 -1.9650	 -3.6443	 -1.4003
 +4.6137	 +4.2614	 +4.1505	 +3.3095	 -2.5862	 +1.1185
-12.6859	-13.5013	+10.6629	 +0.3600	 -0.8627	 +0.8072
 -6.4837	 -8.8677	 -1.7064	 +2.7105	 -2.8158	 -1.9452
 +6.2614	-15.2540	-10.3271	 +2.1904	 -0.4538	 -0.7416
 +7.6137	+16.2097	 +1.1102	 +3.1480	 -0.5114	 +1.7132
+21.4536	 +9.2718	-15.0925	 +1.8612	 -1.9179	 +0.5470
-19.4302	 +0.1090	+19.6372	 +0.1029	 +2.9056	 +1.6605
+30.7080	-11.4834	+68.6403	 -0.1217	 -1.8222	 +0.5136
+11.6133	 +4.7492	 +3.3705	 +0.0291	 -1.5074	 -1.1825
 +4.2741	 -9.1879	 -7.3443	 +2.0726	 +3.4687	 -1.1792
 -1.3694	 -1.2667	 -2.2458	 -2.9338	 +0.1884	 -2.4504
-14.7214	 +7.2080	-13.7612	 +2.3886	 -2.1172	 +1.4913
 +2.5632	 +1.9061	 +1.2891	 +3.5765	 +3.1969	 +3.0768
+27.8567	 +2.0855	 -7.7956	 +1.3449	 -0.5395	 -1.9081
-13.4031	-12.2630	 -0.7383	 -0.6222	 +3.3539	 +1.6496
-17.2244	+17.7931	-17.5068	 -1.4813	 +1.7447	 -1.8726
-11.3100	-23.4480	+12.2425	 -2.3315	 -0.3852	 +1.3529
 -3.1712	 +2.3520	 +1.7557	 +2.8614	 -2.2637	 -1.0727
+16.6169	 +2.7468	 -9.4017	 +1.9832	 -1.9895	 +0.6623
 +2.3737	-18.3165	+14.3749	 +1.3946	 +1.2679	 -0.3440
 +2.8850	 -5.6581	 +0.9044	 +0.6665	 +2.8611	 +2.9991
 -7.7926	 -1.8601	 -5.8249	 -2.7662	 +2.9414	 -2.8800
 -5.9369	 -1.9889	 -2.8896	 +4.0325	 +1.6284	 -1.6063
 -6.4564	 -8.1608	 -4.4501	 -2.1820	 -2.2377	 -2.3919
 +0.1532	 -9.2554	-12.1003	 -2.0902	 -0.2705	 +2.5173
 +9.5251	 -1.0398	+29.4888	 -0.5516	 -1.8566	 +0.5040
 -7.6817	 -7.5241	 -1.3753	 -0.9083	 +1.5444	 +0.8424
 +0.2918	+12.0540	 +8.6793	 +1.3531	 -0.8799	 +3.4139
 +4.8457	 +0.4412	 -9.0411	 -1.4684	 -0.8904	 -0.7196
 -6.0607	 +1.8672	 +8.2938	 +3.1513	 -0.4642	 -4.0837
 -9.4034	 -2.7319	 +8.5691	 -1.4782	 +1.0752	 +0.6498
 +0.7638	 -1.6239	 -5.4491	 -2.7869	 +0.0777	 -1.8527
+32.4458	 +6.1028	-19.2776	 -0.9779	 -1.2319	 +0.1319
-11.3460	+11.0301	-28.8013	 -2.9178	 -0.6557	 -0.7001
 -7.8226	 +0.9720	 -1.6571	 -3.0425	 -0.6045	 -1.5375
 +6.4540	 -3.6089	 -6.8261	 +2.0084	 +1.0966	 +2.7373
 -2.2873	 +9.5736	 +0.8399	 -0.6699	 +3.6110	 +1.1880
 -4.8337	 +6.9549	 -8.1150	 +1.8951	 -0.2960	 -2.4320
 -1.3365	 +0.2004	 +2.9071	 -2.7364	 -4.9114	 +0.2564
 +6.9747	 +6.2251	 -4.3044	 -4.6772	 -3.3556	 -0.9660
+20.1793	 +1.5864	 +7.0721	 -2.9874	 +0.9519	 +0.2139
 -2.3821	 -0.9256	-10.5357	 -0.6375	 -0.8595	 +1.8277
-16.0753	 -0.0771	 -6.1692	 -0.5272	 -0.3343	 -1.5550
 +1.3266	 +0.3605	 -0.9724	 -0.9051	 -0.6640	 +2.3799
 +1.5373	 +2.7800	 +1.9757	 +1.4508	 -6.5383	 +1.3921
+17.0387	-61.4982	-32.1214	 -0.4634	 +1.0218	 +0.7477
 +0.4692	 +2.5277	+11.2282	 -0.9373	 -4.1117	 +0.4018
 +3.5451	 -0.4448	 -6.2395	 -0.4206	 +1.0109	 +0.6858
 -2.6366	 +1.2366	-10.2422	 +2.8223	 -1.5895	 +2.1109
 +9.0309	+18.5162	+27.3225	 -1.1408	 -0.2223	 -1.3650
 +4.5614	-10.4277	 -2.2552	 +1.0031	 -3.0291	 -0.7305
 -3.9512	 +4.9495	 -2.9912	 -1.0254	 +2.6782	 -4.3573
+14.6259	-16.4860	+17.8355	 -1.0014	 +1.5708	 -2.4913
 -4.3559	 -6.9344	 +2.3818	 -2.8184	 +1.6103	 -0.3086
-71.1419	-55.4272	+28.9446	 +0.6063	 +1.2939	 +0.4988
 -7.5287	 -4.4126	-10.1364	 +3.7728	 +0.4367	 +2.1486
+58.0998	+40.5305	+41.1366	 -1.2991	 -1.3123	 -0.3947
 -6.8476	 +3.0318	 -0.2961	 +0.7616	 -4.8662	 +3.8798
 +6.6982	 -8.9304	 +1.0238	 -2.2714	 -0.5258	 -0.1779
-110.4084	+53.0347	-21.1723	 -0.4867	 +0.7542	 +0.2750
 -3.4213	 -3.7047	 -9.5254	 -3.3059	 +0.6541	 +4.1716
 +8.6009	 +9.6177	 +2.4649	 +0.3137	 -1.5140	 -1.2741
 +5.3219	 +1.7997	-10.0794	 -1.5702	 -0.0135	 -2.5040
 +0.8008	 +6.3742	 -7.4104	 +1.3305	 +1.0818	 +0.2075
 -3.9810	 +1.1952	 -3.9398	 -1.4368	 +2.8340	 -2.2034
 -4.0547	+14.3223	 -6.9120	 +2.5357	 +2.0204	 -1.2745
 +5.8960	 +5.4817	 +0.2350	 +2.0027	 +1.2500	 -0.2998
 +1.8398	 -5.2012	 +0.0839	 +4.7570	 -2.4266	 -0.0970
 -6.8471	+18.6369	-11.9019	 -0.1011	 +3.6727	 +0.5764
 +4.7663	 +8.3934	 -7.7180	 -1.2562	 -2.2480	 +2.5419
 -3.3212	 +3.6741	 -1.9908	 -1.8057	 -0.2606	 -0.5737
 +2.6423	 +2.2651	 -6.9641	 -1.7459	 +2.8539	 -0.8613
 +5.5371	 -1.3950	 +3.7058	 -0.5117	 -1.8326	 +2.6210
-35.6183	+12.7518	+13.3602	 -0.9472	 +0.9264	 +0.3215
 -0.3603	 +5.6115	 +7.4459	 +3.8621	 +4.6312	 -0.0993
 -4.4464	-20.1915	+11.8318	 -1.2742	 -3.5484	 +1.3248
-11.1302	 -5.2904	+10.0390	 +2.7258	 -0.2434	 +2.9068
 -3.7408	 +3.5244	 -8.3476	 -0.5151	 +0.6155	 +0.0881
 +7.4417	+17.1436	-26.1352	 -1.4881	 +0.6143	 -2.0426
 +6.0953	 +3.3606	 -7.2926	 +1.9908	 -3.3172	 +1.1569
 -6.9110	 +3.1988	-15.4130	 +1.9122	 +0.3906	 +0.4292
 +2.4391	 +4.1280	 +1.4928	 -1.2149	 -5.5584	 +1.3351
 +3.1163	 -8.6097	 -1.3781	 -1.4179	 -2.4800	 -3.1169
 -7.3454	 +2.8770	 +6.3200	 +1.2980	 -0.8050	 -1.1165
-15.2186	 -0.1193	+12.9009	 +0.2743	 +1.4104	 -2.0574
-48.1625	+13.0928	 +5.8680	 -2.0489	 +1.4208	 +0.7825
 -3.6636	 +2.3847	 -1.0148	 -1.4634	 -1.5114	 -0.5472
-28.1169	+18.7176	 +9.2028	 -0.5143	 +4.3060	 -0.0176
 -6.7135	 -7.9108	 +4.2759	 +1.9237	 +2.7041	 -2.2378
 -9.7264	 -6.8654	 -5.8607	 -1.2365	 -2.3943	 -0.7266
 -1.4240	 -0.7995	 +2.5198	 +2.4595	 +0.6269	 -1.4231
-11.7135	-51.0796	+33.8136	 +1.9328	 +0.1991	 +0.7564
 -5.6534	 +2.9291	 -2.8764	 -0.4463	 -4.8338	 -1.6486
 +6.6793	 -1.1866	 -2.2501	 +2.4026	 -1.0710	 +3.1115
 -1.9598	+16.0238	+17.7842	 -1.8859	 -0.5093	 +1.1500
 +5.6607	+17.7915	+17.3719	 +0.1147	 +1.2153	 -0.0058
 -1.7392	 +6.8320	 -9.7850	 -0.4636	 -1.0084	 -1.2218
 -1.1440	 +6.1172	 -2.7137	 +2.2576	 -2.3064	 -0.4538
 -4.3735	 -1.7125	 +3.1296	 -0.1201	 +0.9529	 +4.3294
 -2.0715	 +2.4326	 -3.5004	 +0.7724	 -1.4354	 +0.7156
+11.6769	-16.4967	 +0.6295	 -0.0029	 -1.6367	 -1.2129
 -0.8981	 +5.3683	 -6.6301	 +0.8985	 +1.7058	 -0.9400
 +0.9972	+20.3320	 +5.2547	 +1.7545	 -1.5912	 +2.4708
 -5.9586	 -9.0207	 +2.8330	 +0.9727	 -0.7929	 -0.0138
 -0.8813	 +0.1896	 +0.5435	 +3.5238	 -1.2991	 -0.2964
+19.4134	 +9.2658	 -2.2234	 -0.4522	 -2.7754	 +0.4206
 -5.4772	 -1.2676	-11.2047	 +3.9084	 +0.5605	 +1.2701
 -4.3552	 -3.6581	 +3.3705	 -0.8956	 -0.3531	 -6.0143
 +0.5657	 +1.2998	 +2.5695	 -3.1454	 -0.7987	 -0.1747
 +4.0682	+14.2560	 +3.8403	 -3.4022	 +1.5669	 -0.9079
+10.6299	 -4.3890	 +1.6657	 +2.6505	 -3.5208	 -0.5080
 +0.8197	 +3.4490	 -5.5945	 +2.7106	 -4.9525	 +0.9666
 +3.7295	+17.0994	-13.9210	 -0.6496	 +0.4077	 +2.1294
+10.7696	 -7.0463	 -3.8878	 -1.3657	 -2.9476	 +1.1342
 -5.5447	 +5.0359	 -2.1015	 +4.4947	 +0.8908	 +0.4192
 -1.1052	 -1.9524	 -3.5835	 -0.1581	 -4.1972	 +3.6724
-16.5025	 +2.7498	+12.3159	 -1.2856	 -0.6943	 +0.7349
 +5.8573	 -7.6043	+39.7843	 -1.1255	 +0.8880	 +1.5878
 -3.1491	 -8.3810	 -7.6299	 +0.1543	 +1.3875	 -1.9723
-14.2085	+12.7220	 +0.6986	 +1.6403	 +2.6441	 -0.1022
 +2.5724	 +1.4383	 -1.1439	 -2.3096	 +0.2930	 +0.5399
+15.9296	 -7.4875	 +6.5353	 -1.3612	 +1.2491	 -1.3442
 +3.7524	 -6.8304	 -1.9768	 +1.5555	 +0.8198	 -0.4261
 +0.7992	 +9.0830	-11.2474	 +0.1079	 +5.3825	 +1.3740
 -8.5064	 -6.1927	 -6.4448	 -1.6975	 -0.5516	 +3.3611
-20.7649	 +3.1643	-42.3716	 +1.2346	 -1.1254	 -0.7793
+12.5255	+14.8096	+30.8025	 -1.3168	 -1.0897	 +0.3252
 +0.0868	 +0.4966	 -0.2576	 -4.2371	 +1.7078	 -0.0301
 -3.8712	 +1.1172	 -3.0650	 -2.8028	 -4.3436	 -1.7162
 -8.0095	 +9.3088	+17.2182	 -1.0016	 +0.2714	 -3.7871
 -2.7967	 -6.1756	 -8.1807	 +3.1489	 -0.1582	 +2.2723
 -8.5432	 -1.2767	 -0.1362	 -2.3549	 -2.3377	 -1.5334
-11.6229	+16.5077	+12.0767	 -1.1922	 +0.2759	 -0.8542
 +3.5404	 -4.4757	-13.0604	 -0.7136	 +2.5585	 +0.1020
 -0.3154	-11.7585	 +4.3616	 +2.1284	 -2.5145	 -1.8058
 -6.3125	 -5.2045	 -2.5521	 -1.1273	 +0.0618	 +1.7324
 +3.0826	 +0.2780	 -8.4089	 +3.1688	 -2.1668	 +3.2821
-12.1928	 +4.6416	-13.5850	 +3.9051	 +2.0685	 +2.1377
 -8.0520	 -4.4256	 +4.3483	 +3.4786	 +1.8088	 +2.3068
 +1.6308	 -1.6064	 -6.4344	 -2.9374	 +0.5668	 -0.5077
 -2.3128	 +1.8816	 -7.9246	 +2.1171	 +2.3236	 -1.3933
 -0.5685	 -4.0451	 -2.5275	 +0.6435	 -2.9839	 -3.4456
 +1.5215	 +2.5237	 -4.4537	 +0.8169	 -1.4666	 -1.3915
+24.3621	-14.8026	 +6.4202	 +0.6816	 +0.2973	 +0.9917
-16.3950	+17.7957	 -9.1548	 -0.3927	 -1.0223	 -0.5717
-11.4069	 +0.1598	 -2.8448	 +1.2979	 -2.2740	 -2.1106
 -2.1933	 -2.0268	-12.0001	 -1.5400	 -3.5266	 -0.2975
-15.1934	 -7.5703	 +9.0241	 -0.1964	 +2.1210	 -1.1526
+12.7554	 +8.4637	-15.5835	 +2.0192	 -1.3479	 +2.9281
 +8.2417	 +1.2461	 -2.8592	 +4.3485	 +3.3296	 -0.9794
+20.1932	-12.1552	-20.6825	 -0.3661	 +0.1547	 +2.5101
 -8.4204	-10.4284	 -1.2672	 -4.2542	 -2.3344	 +1.8532
 -4.6536	 -2.9610	 +3.1989	 +2.2667	 -0.6330	 +2.8948
 -0.4853	 -2.4950	 -5.1794	 -0.0749	 +0.4141	 -0.5149
+22.4083	 +9.5459	 -0.4443	 -1.0280	 +1.4925	 -0.2272
 -1.9654	-10.1675	-13.6757	 -4.0185	 +1.8644	 -2.7208
 -9.0968	 -1.8803	-10.0596	 -1.1631	 +2.7925	 -4.6887
+22.3910	 -4.8070	 -5.8354	 +0.0255	 +1.1202	 +0.4047
-19.7415	 -7.0913	 -5.0558	 +0.6990	 -1.6011	 +0.0649
 +0.3659	 +6.8927	 +0.8480	 +3.3856	 -1.6080	 -3.0125
 -3.1441	 +0.9875	 -9.5970	 +3.8518	 +2.1466	 +2.4486
-10.9926	 -3.0800	 +0.7486	 +3.4592	 +0.3575	 +0.7237
-18.6414	 +0.2024	-14.3307	 +0.2460	 +1.7389	 -1.9842
-31.0904	 -2.3267	 -3.5654	 -2.4334	 +2.6857	 +0.9434
 -5.6821	 +4.4563	 -4.7835	 -2.1784	 +1.9926	 -4.5502
 -2.9945	 -6.5060	 +1.9571	 -0.9568	 -1.1500	 +1.5821
 -5.1616	+20.0951	 -5.4407	 -0.7319	 +0.4210	 -2.4743
 +4.5086	 +2.6625	 +2.9565	 -0.4440	 -5.2219	 -0.8748
-12.3540	+14.1965	-48.9621	 +0.1751	 -0.0434	 +0.0792
+12.5274	+11.9962	 -2.6954	 +0.1154	 +1.8941	 -0.3510
+16.9359	 +3.7199	-16.8552	 +1.1820	 -1.7506	 -1.4216
 -6.4355	 -2.2078	 +5.0499	 +4.8957	 +0.3896	 +1.5444
 -4.8907	+21.1425	-13.7512	 +1.1474	 +1.7642	 +3.3090
 -3.1104	 -4.0565	 -6.2764	 -1.2672	 +5.5460	 +0.1488
 -3.4052	 -7.8443	 -3.2854	 +1.0083	 -1.0285	 -2.7178
-11.6290	 -1.6432	 -3.3840	 -3.8507	 +0.3140	 +2.6105
 -6.4235	 +0.2633	 +0.7859	 -2.8693	 -0.2932	 -2.4671
 -8.4347	-14.4188	 -1.4367	 +0.9801	 +0.3894	 -0.0448
 +5.0207	+23.6138	 -6.9797	 +2.6638	 -1.2342	 -2.6053
 -1.4311	 +0.2153	 -0.7702	 -1.0007	 -1.0859	 +2.1110
+10.6061	+13.8552	 +2.9124	 -0.4796	 +0.7291	 -2.2364
 -1.2435	 -1.5314	 +4.8391	 +1.6202	 +5.1042	 +2.8713
 -1.0509	 -7.8095	+17.2267	 -1.8049	 +1.4263	 -0.9881
 +0.6484	 +1.3632	-10.4579	 +1.5207	 +1.1512	 +0.8974
 +4.1081	 +2.9986	 -5.3939	 -1.4726	 -0.4020	 +2.3943
 -3.8185	 +3.1711	 +0.3424	 -5.4085	 -1.4857	 +0.1099
 -7.6452	-12.7478	 +6.8748	 -2.1755	 +3.2300	 -0.1926
 -5.8455	 +4.4916	 -2.6197	 -0.1673	 -0.9511	 +2.0892
 -2.0176	 -2.3106	 -3.5522	 -1.6504	 -1.1348	 +1.7112
 -4.9529	 +2.9967	 -6.8376	 +1.3329	 +0.2027	 -0.3549
 -1.4883	 +1.1257	 -0.2025	 -0.0775	 -4.3251	 -1.7690
 -5.8180	 -3.5779	 +1.6803	 +1.1848	 -2.0122	 +0.3684
 +9.8466	 -1.7818	 +0.7578	 -1.5042	 +0.5213	 -2.3095
-10.7403	+15.1360	 -5.2943	 +1.4547	 -3.4320	 +1.2871
 -5.2751	 -2.8728	-12.0702	 +0.3459	 +3.9537	 +2.8466
 +1.6504	 -7.3013	 -4.0311	 -3.6095	 -2.3398	 +0.4389
 -5.7468	 -0.9861	 -0.9504	 +0.5785	 +0.1614	 +1.1416
 -1.9269	 -1.4573	 -5.6958	 +0.9786	 -3.5236	 +3.7055
-20.4564	 +2.3194	 +6.6883	 -0.1191	 +0.0257	 -4.7391
 -7.2954	 +6.9051	+14.3224	 -2.2852	 -0.3692	 +3.9351
 +0.1053	 -1.4638	 -2.6312	 -0.7007	 +1.6207	 -2.1321
 +0.6586	 +1.9445	 -2.6589	 -1.7009	 -1.1562	 +0.5818
 +7.2564	+10.1892	 -0.1786	 +2.2396	 -0.5364	 +1.0086
 -4.8006	 -4.1648	 -8.4176	 -2.0031	 +1.2375	 -4.1336
+14.3602	 -9.1270	 -1.0428	 -3.9862	 -1.0443	 -3.2404
 +0.8512	 +5.7391	 +0.8898	 -0.2443	 +1.1433	 -0.8889
 -2.8396	-36.9294	+58.9481	 -0.3721	 -1.0802	 +0.3527
 -1.7116	 -9.1276	 -2.2171	 -1.3001	 -0.2295	 -1.9048
+34.3283	+32.8933	-29.1624	 -1.9094	 -1.3502	 +0.7001
 -1.3775	 -3.7543	 +2.7052	 -2.6264	 -3.6687	 +1.9244
 -3.0077	 -4.8073	 -4.6523	 -0.9887	 -1.6267	 -1.8839
+51.2567	 +1.2775	-41.7085	 -0.4427	 -0.1730	 +1.6149
 -8.6099	-36.1417	+29.7263	 +2.5910	 -1.7596	 +1.2230
+104.2162	+57.1752	+12.2407	 -0.0019	 -0.8214	 -1.6149
 +5.9504	+28.2561	 +5.6174	 +2.6851	 -1.7413	 +0.4514
+25.7112	+65.9966	-33.9332	 +1.1202	 -0.4883	 +0.0704
 -6.8369	 -6.7937	 +5.3940	 +1.8459	 +2.2486	 +0.9403
-15.8783	+14.0531	 -0.7467	 -1.9555	 -2.5066	 +1.3281
-16.4656	 +0.2504	 +3.3378	 -2.9131	 -0.6381	 +5.2886
+12.8338	+33.7590	-48.1381	 +0.6635	 +2.5471	 +0.4090
 +9.8702	-10.4069	+40.2221	 +1.3876	 +1.0593	 -1.3913
+17.4373	 +9.3486	 +4.0488	 -3.4098	 +1.0937	 +0.6774
 +1.5188	 -8.8088	 -7.5459	 +2.3843	 -1.6221	 +1.0602
 -7.7533	 -1.1115	 -0.8026	 -4.2723	 +4.0435	 +2.6670
 +9.9637	 -5.3332	 -7.0134	 +0.0675	 +0.2033	 -2.5895
 -6.5937	 -3.6554	 +4.7095	 -2.2340	 +1.0739	 +3.3623
-10.7606	 -5.2141	 -4.1162	 +1.6304	 +2.7712	 +1.5727
 +4.1007	 +3.0749	 -0.5384	 +2.4724	 +3.0405	 +2.9557
 -1.6844	+18.9854	 +8.5789	 -1.2790	 -3.1284	 +0.3075
 +3.2170	+11.0876	-14.0346	 -0.5915	 +2.4998	 +1.5680
 +5.1645	+15.2411	-25.3532	 -1.7687	 -0.2124	 +0.6453
 -6.8761	+14.6346	 -2.5513	 -0.8237	 +2.0043	 -0.3220
+15.5034	-19.1948	-12.9214	 -1.6384	 +1.4417	 -0.6150
 -3.7226	 +3.2842	 +0.2774	 +2.5660	 -1.2004	 -2.1933
 -0.5841	 +4.0130	 -6.3366	 +0.8312	 -1.3707	 -1.5794
+10.1859	-16.1344	 -0.6847	 -1.5876	 +2.0011	 -0.4856
 +1.7740	 -1.7079	 -6.6675	 -0.7798	 -2.4352	 +5.8389
 -8.0820	 -4.2537	+10.1969	 -1.7954	 +1.8183	 +4.0882
 +0.3498	 +1.6034	 -7.7739	 -0.0506	 -3.2643	 -3.8625
 +0.4626	 -0.1760	 -3.8828	 -1.7906	 +1.3837	 -5.6197
-23.1538	+26.9814	 +9.7594	 +0.2982	 +1.3826	 +0.6532
-10.0710	-13.2442	 -1.2232	 -2.2969	 +0.0371	 -2.0903
-17.8406	 -0.3553	 -1.7589	 -1.2735	 -3.0301	 -1.0118
+19.2220	 +9.1093	 +7.9790	 +2.8172	 -1.0974	 +0.5127
-15.6755	 +2.8424	 -0.6802	 -0.8237	 -1.2463	 +2.3151
 +4.8181	 -2.3493	 +5.7189	 +0.2290	 -1.7266	 -3.9039
-13.3595	+66.5210	+23.6717	 +0.7572	 +0.1310	 +1.2004
+22.1618	 -4.2254	 +3.6798	 +0.5823	 +1.2537	 -1.2105
 +6.6353	-13.5932	 +7.0605	 +0.8674	 -1.4712	 -0.2757
-14.4805	-32.3766	+28.1264	 -0.7230	 +0.8049	 +1.0007
-38.1396	+34.3041	+24.2392	 +1.3917	 -0.3539	 -0.7392
 -0.3521	 -4.4238	 -0.8263	 -1.3346	 -2.2734	 -1.5673
 +2.0267	-17.3969	 -2.4715	 +3.1951	 +1.0100	 +1.8107
 +0.5037	+11.6609	 +6.2970	 -4.7875	 +0.4675	 +1.4713
 -0.2249	-10.7956	 +3.4424	 +2.9781	 -4.1673	 +3.1308
+11.6899	 -2.7374	 +3.0878	 +2.5801	 -0.1670	 -1.1006
+13.6316	+10.6757	 +8.7110	 +2.3098	 -1.4619	 +0.4735
 +3.6424	-35.7567	+111.6247	 -0.3017	 -1.4411	 +0.4985
-22.1586	 +4.7761	 -2.5925	 +1.4557	 -3.3620	 +0.4357
 +9.7717	-11.2181	-20.1134	 +2.0117	 +1.4827	 -0.4378
 -6.6075	 -5.2326	 +1.0132	 -0.0726	 -1.5019	 -2.1475
 +2.9913	 -3.0850	 -7.2227	 -5.6129	 -1.8819	 +3.3652
 -6.2807	 -5.6213	-13.2151	 +0.1093	 +0.9119	 +4.1500
 +5.9119	 -7.1289	 -4.7637	 +1.9182	 +1.0109	 -4.2633
+22.5858	-22.9178	+38.3046	 -1.4725	 +1.2561	 -0.5669
 -4.7474	-14.0129	-14.3308	 +3.0545	 +1.6489	 -2.6268
 -0.0807	-12.4405	 -2.3671	 +0.4894	 -0.7310	 -1.9577
 +6.1008	+10.0251	 -7.1935	 -0.5150	 +2.4837	 -1.7530
-18.5209	 +9.6380	+11.5589	 -0.9648	 +1.3741	 -2.0899
 +9.6458	 +2.8146	 +2.1289	 -1.2143	 +4.6978	 +1.8077
+14.0440	 -2.2657	 +0.5422	 -0.9815	 -3.4480	 -2.9608
 +3.8178	 +0.3247	 -0.0368	 -6.3311	 -0.4193	 -2.4697
 -0.8519	 +4.6376	+22.6265	 -0.3637	 +2.8396	 -0.5654
 +2.4950	-17.6551	 -8.3888	 -0.7048	 -3.6137	 +2.8372
 +4.2832	 -4.1813	 +2.2802	 +2.0370	 -2.3199	 -2.6132
 -6.7481	 -2.4986	 +4.7543	 -0.6438	 -0.5135	 -1.0272
-14.1164	 -1.7763	-10.1835	 +1.2716	 +1.3011	 +0.6793
 -5.2907	 +3.7983	 +1.3368	 +5.7526	 -0.3688	 -0.0594
 +0.8945	 +6.0129	 -2.5921	 -0.9663	 -2.6803	 +3.3892
 -8.4090	 +2.4154	+11.7812	 +5.7874	 +0.0490	 +0.5193
 -0.3904	 -7.2318	 +6.1671	 +0.8369	 +2.7294	 +1.2942
 -1.2883	 -1.9189	 -1.7978	 +3.4816	 +0.9514	 +1.0722
 -8.3858	 -4.3187	 +1.3406	 +2.8271	 +4.4635	 +0.1814
 +2.5848	 +1.1806	 -0.1601	 +1.2349	 -4.1618	 -2.6786
+25.3744	+24.2754	 -5.6978	 -1.2553	 +0.5229	 -0.1893
 -1.3287	 -6.8082	 +0.3095	 +2.4957	 +2.8493	 -0.1326
+22.7707	 +7.1474	 +4.3228	 -1.7470	 +2.2300	 -1.2332
 -8.7522	 -1.9350	 -9.8501	 -2.0059	 +1.4304	 -0.5247
 -3.4787	 +4.8069	 -8.6124	 +1.5774	 -0.1611	 +1.3101
 +4.1843	 -4.6964	 -7.9638	 +3.2400	 -3.9628	 +3.5580
 +0.7682	 -8.5383	 -4.0907	 -0.8018	 -0.8121	 -3.0272
 -6.4509	-29.0535	 +2.1686	 +0.1965	 -2.4367	 -1.7725
 -7.4109	 +8.7537	 -1.3261	 +3.0472	 -1.4550	 -3.7796
 -0.7712	 +5.9580	 +1.6712	 +1.2906	 +3.1690	 +1.8596
-21.7086	-10.5877	+17.7608	 -2.5541	 -0.2391	 +0.3067
-16.4088	 +2.4046	 +0.3538	 -3.1403	 +1.2066	 -1.4472
-19.1484	-11.0756	 -3.7225	 -0.4009	 -1.8169	 +1.6477
 +3.1544	+18.8306	 -7.6116	 +1.5170	 -3.3960	 +2.5772
-12.3894	+16.2278	 -0.6442	 +1.0629	 +1.5470	 +1.6312
 -4.2905	 -1.9395	 +3.0125	 -4.3957	 +3.7369	 -2.7959
+10.9516	-20.4398	 +4.9768	 -1.5831	 +2.2147	 +1.3907
 +6.2071	 +7.3805	 -1.5639	 -3.9598	 +1.5718	 -1.2881
 +6.5755	+40.3147	-10.1376	 -0.1985	 +1.1959	 +2.3458
 +1.9046	 -0.7808	 +7.3365	 -1.3908	 +1.6703	 -0.5684
 -7.7368	 +4.4359	 -0.3747	 -2.1902	 -3.9948	 +0.1363
 -3.9389	 -8.0804	 -3.1217	 +0.5046	 -2.7174	 +1.6211
+87.1646	-31.0351	+49.2859	 +0.0777	 -0.9058	 -1.4048
 -4.5980	 +6.4201	-15.2800	 -2.2810	 -3.2184	 +0.1631
 +3.1322	 -6.9127	 -8.9247	 +1.8901	 -2.0237	 +1.0567
 +2.0184	 +1.6643	 +3.5009	 +1.5182	 +0.6939	 -3.8744
 +0.4209	 +8.8001	-13.9050	 -1.2274	 +1.2182	 +1.2313
 +2.0561	 +4.8504	 -5.2382	 +4.6096	 +1.2549	 -3.4982
 +2.3990	 +3.3828	 +4.5507	 -0.2057	 +1.6086	 -0.8677
 +0.4110	-10.3412	-10.4103	 -2.5003	 -1.2301	 +0.8470
 -2.3749	 -1.3419	+22.7267	 +2.4991	 -1.1354	 +0.9837
 -4.3160	 +0.4903	 +9.5673	 -3.7790	 +3.6538	 -0.7186
 +5.2977	+16.1205	+31.2602	 +0.5008	 +0.5674	 +3.1678
+11.2017	 +6.6477	+17.8153	 +0.0716	 +0.4782	 +1.1395
 -0.8902	 +2.6424	 -1.7162	 -5.1848	 +0.0899	 +0.5930
 -1.0709	 -5.9283	+18.6527	 +1.4420	 +1.5835	 -2.1582
-11.3699	 -4.7313	+10.3402	 -0.7332	 -1.9593	 -3.8135
-15.4689	 +2.9923	 +1.1361	 +3.6153	 +0.4931	 +3.9154
 -4.5819	 -2.9335	 -2.3265	 -4.6082	 -2.5322	 -3.2116
-47.7842	+24.2869	 -2.4757	 -2.6438	 +1.2281	 -1.0290
 -2.4358	-13.9226	 -2.1483	 +0.3662	 -4.0089	 +0.6107
 -5.2510	 +7.1333	 +4.4257	 +5.4085	 +1.9512	 +2.4471
+14.5883	 +4.3519	 +3.8189	 -2.7465	 -1.2941	 -2.3936
 -0.1785	 +4.4430	+12.8698	 +2.1620	 -1.0760	 -0.5470
 +3.1908	-19.6776	 +5.5936	 -0.9186	 +0.8224	 +0.4020
 -8.9257	 -5.1803	 -4.3646	 -0.7311	 +4.6127	 -0.9114
 +1.9718	 +9.5909	 +5.9542	 +1.6260	 -2.3382	 -0.5517
-90.0431	-169.9516	+25.8940	 +1.1050	 +0.0236	 -0.1007
 +0.8811	 +2.0928	 -0.4634	 -3.9946	 -0.5574	 -4.4180
 -8.8367	 -3.2676	 +2.2239	 -2.4918	 +2.9647	 +1.5723
 +5.9120	 +3.9964	 +0.8199	 +0.4765	 +2.9958	 +0.8517
 -3.6979	 -7.1400	+13.9311	 +2.6125	 -2.2567	 +2.2247
-12.5257	 -1.3501	 +8.2696	 +0.4560	 +0.1607	 +4.6377
 +0.3272	 -2.6406	 -3.7007	 -0.8457	 -0.9668	 +2.6235
 -2.2959	 -3.3174	-11.3179	 -2.2870	 +2.0123	 +1.7201
-10.8621	-16.4972	+19.6185	 +1.9974	 -2.6433	 -1.8590
 -4.3378	 +7.8245	 +2.3816	 -3.6717	 +1.5099	 -0.2557
 -1.7979	 -1.9720	 -6.2288	 -2.7772	 -2.3073	 +0.4773
 -3.7869	 +1.6786	 +5.6966	 -2.6808	 +4.9941	 -0.4362
 -3.7790	 +9.2235	 +7.3747	 -1.5602	 +2.7782	 +1.9971
 +7.3656	 -4.7669	 -1.7393	 +3.3570	 +0.4191	 +0.1184
 -8.4658	 +5.4798	 +7.1259	 -1.6821	 -0.4940	 -1.1255
 -4.5805	+25.0446	 -0.9836	 -0.6540	 +1.4513	 +2.7588
 +8.0471	 -1.7244	 -1.8445	 -2.4241	 -1.8558	 +2.1430
 -1.3707	 +0.7994	-14.0449	 +1.5577	 +0.5624	 +0.1914
 +0.7160	+25.9771	-25.5259	 +0.1518	 -1.4826	 +2.7848
 +0.1559	-18.2123	+36.6247	 +0.4386	 +0.7422	 -2.1574
+15.8840	-13.9511	-10.5106	 -1.3106	 +3.7647	 -0.9851
 -2.4923	 +0.5156	+10.3392	 -1.8127	 -1.4752	 -3.9759
 -5.0759	 -3.3014	 -6.1441	 -2.6959	 -1.5088	 -4.0061
-16.3152	+13.2105	 +2.5017	 -1.0722	 -1.2300	 +1.0439
 +1.1607	 -3.5530	+26.4584	 -1.6539	 +1.4177	 -1.8823
-44.6654	+24.5188	-75.6496	 +1.0617	 +1.8645	 +0.0824
 +1.1476	 +4.5920	 -1.5434	 -5.3177	 +2.4658	 -0.0673
+10.8578	-12.8764	 -2.9053	 -1.7350	 +2.7009	 +1.0058
 -3.6714	+16.8643	-14.5468	 -0.1325	 -0.0090	 -0.0375
-26.9993	 -0.0923	 -7.1064	 +0.8414	 +1.1204	 +0.2765
 -1.6772	 +7.2256	 +4.0877	 -0.7217	 +0.1698	 +0.1050
 +1.0798	 +3.2276	 -3.2490	 +1.8540	 -2.7696	 -3.4319
 -2.4813	-19.4073	-18.5427	 +0.8020	 +3.7041	 -0.7758
 +2.9945	+13.8108	 +2.3515	 +2.3138	 +0.0359	 +0.3436
 -1.2325	 -2.8929	 +2.2463	 +2.6868	 -2.3239	 +0.6450
 -6.3061	 -0.7004	 +7.7682	 -1.8977	 +0.8750	 -2.0465
+17.3129	+13.5682	-32.3003	 -1.3454	 -1.1534	 +0.8437
+27.2309	+39.3954	+71.0214	 -1.0819	 -0.6211	 +0.9927
 -8.2082	 -2.7407	-22.7895	 -1.4019	 -2.5054	 +0.8881
 +6.7499	 -6.9779	+18.5820	 +2.4586	 +1.0318	 +1.2726
 -3.4596	 -1.0712	 -1.1956	 -2.4239	 -1.7544	 -2.3488
 +5.6881	+13.0915	 +5.8886	 +0.9933	 -2.8325	 -1.0373
+66.8997	+28.8274	+35.9762	 -0.7442	 +0.1454	 +0.6134
 -2.7476	 +3.8139	 -8.5132	 -1.8895	 +3.3118	 -1.4130
 -2.6765	 -0.2734	 +5.6717	 -0.6227	 -4.4673	 -0.4747
-14.1441	 -4.4263	 -5.1093	 +1.5589	 +2.1471	 -3.3029
 -4.0486	 +2.7645	 +4.4265	 -3.3609	 +2.4635	 +0.3174
-38.8829	 +7.9883	+13.8985	 +1.4416	 -1.1926	 +1.6745
 -3.1958	+11.1748	-10.8901	 -0.4073	 +2.3620	 -0.2778
 +2.5257	+11.2534	-11.3380	 +0.1683	 +1.6178	 -2.3619
 +4.0178	 +3.2127	 -0.5826	 +2.3448	 +6.5996	 -0.8776
 -5.2897	 -0.5403	+27.1728	 +2.0208	 -0.2102	 -1.5064
 -7.5510	-10.6588	 +2.5921	 +0.6860	 -2.8203	 -3.4721
 -3.6459	 -3.7981	 -1.2188	 +5.0256	 -5.0413	 -0.0536
 +7.6065	 -4.5591	 +5.0739	 -1.4844	 -0.0349	 -0.7625
 -2.0574	-12.1882	 +1.9857	 -4.3815	 -2.0866	 -3.7350
 -1.1782	 -7.3953	 +5.1954	 -0.3445	 +3.6603	 -2.3667
 +0.3113	+14.5628	-26.4228	 -1.8695	 +3.7288	 +0.0500
 -4.5802	 -3.5617	 -1.5215	 +0.7126	 -2.8545	 +4.9975
 -8.9095	 +3.4331	 +7.6128	 -3.5591	 -0.8684	 +1.6271
 +4.6614	 +5.4725	 -0.4726	 +2.4737	 +2.5930	 -3.0573
 -3.3619	-19.5556	 -3.7197	 +0.8745	 +1.4018	 +3.4070
 -1.2870	-11.8259	-12.2106	 +3.5731	 +0.4596	 +2.4730
 -3.6682	 +1.0519	 -0.4774	 +1.2456	 -2.0074	 -0.9648
 -4.1047	 -5.0378	 +0.0452	 +0.4290	 +2.9219	 -4.8148
+15.3042	+10.3586	-16.8537	 -1.2501	 -1.7841	 -1.7485
 +1.3085	 -1.6893	 -1.9892	 +3.4823	 +4.2135	 +1.9905
 -4.0877	 +9.0245	 -0.5016	 -2.8601	 +0.9075	 -2.4674
 -2.9430	 +5.9892	 -3.4423	 +0.0260	 -0.6377	 -3.0529
-10.2109	 +7.5264	-24.4341	 -3.3786	 -2.2558	 +1.2500
 -2.2307	 +2.3660	 -2.1291	 +3.1353	 +3.1942	 -1.8071
+25.3867	+10.0358	 +4.8941	 +2.2675	 +0.6180	 +0.3678
 +2.2373	 +3.3481	 +4.8944	 -1.1301	 -3.5696	 +1.6772
 -0.6763	 -8.6264	 +1.5895	 -2.8530	 -3.0173	 -2.2848
-14.0993	+20.0293	+11.1074	 +0.4966	 +0.0136	 -0.4364
 -0.4927	 -1.7890	 -0.8013	 +0.4609	 +1.1380	 +2.0986
-16.6572	 +8.1984	 -2.5710	 +0.5372	 +0.3308	 -4.2117
 -1.1108	 -1.2108	 -3.4624	 +2.7266	 -3.8969	 +0.5579
 -6.9922	 +0.3905	 -8.5790	 -0.3824	 +0.8954	 +1.9396
 +4.7451	 +4.4238	-10.8461	 -0.9748	 -0.7866	 +0.0773
+21.3968	 +4.4389	 -1.0064	 -1.0878	 -3.6027	 -0.1144
-83.7855	+43.0977	+25.9824	 +0.2100	 +0.0541	 +0.5811
 -0.7167	 +6.5973	 +7.5214	 +4.6503	 +2.9425	 -0.6636
 -2.9618	 +3.6188	 -4.4245	 +3.6155	 +1.9053	 -0.1689
 -9.4931	 +7.8750	 +0.4703	 -1.9120	 -0.7134	 +2.5653
 -2.6948	 -4.0308	 +2.5386	 +3.7313	 +1.4337	 -0.0277
-17.9289	 +7.3987	 +0.4109	 +1.7589	 -2.2771	 -2.4221
 -6.3703	+16.9608	-34.4928	 +0.9529	 +1.4210	 -1.3765
-15.6591	-21.4779	 +3.1005	 +0.8910	 -0.5158	 +2.8799
 +1.3974	 +5.9277	 +3.4556	 +1.7372	 -1.0215	 +2.6082
 +2.7776	+12.4717	-14.5287	 +0.3381	 -0.9079	 -1.8762
 +1.1467	 +1.4000	 -4.5085	 +0.1872	 +0.2385	 +4.0037
 -4.1470	 -0.8763	 -4.4803	 -4.4814	 +0.7274	 +0.1366
-13.2026	 -0.1780	-16.4843	 -2.0159	 +1.6485	 +0.1732
 +2.1038	 +7.9959	 -8.6589	 +4.0024	 +1.3477	 -1.4769
 +0.6507	 +1.4133	 +1.9665	 -1.6758	 +0.3851	 -2.8332
+26.8552	+16.2921	+10.5612	 -1.9535	 -2.1957	 +1.6260
+14.4257	 -3.7113	-16.7800	 +1.9462	 -3.0460	 +0.9028
 -5.9711	 -8.0034	 -3.1090	 +0.9714	 -0.9805	 -4.3583
 +3.2691	 -7.5237	 -5.4666	 +2.6555	 -2.8951	 -1.9560
+23.3319	 +0.5883	 +0.1548	 -0.2752	 -0.5127	 -0.4439
 +6.0496	 -0.9989	 +2.4900	 +2.1775	 -1.7690	 -4.9507
 +1.5843	-15.6198	 -5.0407	 -2.2623	 +0.3498	 -0.5444
 +0.8944	-18.3934	 +1.8641	 -2.7035	 -1.2450	 -1.1307
 -0.8626	 +6.7068	 -6.9210	 -0.7440	 -1.0662	 -3.4164
+12.4381	 -2.0748	 -4.4707	 -1.4995	 +2.8575	 -1.8319
+18.9729	 -3.3343	 -7.8185	 -0.7464	 -3.7726	 +0.9771
-35.0128	-17.6965	 +9.1501	 +0.1628	 +0.3729	 -3.2162
 +3.1880	 -8.3937	+13.5098	 +1.5131	 +0.5345	 -0.3253
 +3.8703	 +8.4823	 +6.7196	 -0.0573	 -2.5819	 -4.8514
 -2.8155	 +1.8061	 -7.8224	 +4.1664	 +5.8422	 -1.0981
+11.8065	 -6.3119	 +4.8105	 +1.7528	 +3.1926	 +1.0133
-14.1329	 -8.1573	 -5.9651	 -0.5503	 -0.7707	 +1.9581
-40.7952	+27.0738	+37.8314	 +0.0727	 +0.4661	 +0.1567
+16.5974	 +0.8361	 +2.7371	 +3.3493	 -0.7345	 -1.4086
 -3.6478	 -4.2858	 +2.2283	 -2.7141	 -0.6092	 +2.9652
 -0.7701	+13.7390	 +0.9412	 -2.0260	 +0.6207	 +3.7008
 -7.5525	 -0.2691	 +9.2198	 -0.8103	 -2.4590	 +1.5900
 -3.1105	+10.2222	 +5.8392	 +1.5205	 +3.1217	 +3.4931
+41.7628	 +4.2209	-15.8918	 -1.0572	 -0.7695	 +0.4011
 +1.0550	 +5.2939	 -2.2397	 -0.5050	 +2.1774	 -1.3656
 +6.2743	 +7.6107	 +9.7074	 -2.0862	 +1.5166	 +1.0959
 +4.1364	 +4.1414	 +6.4996	 -2.1045	 -4.8305	 +0.5928
 -1.0222	-16.9460	-31.2816	 +1.0356	 -0.4686	 +1.5046
 -4.9715	 +5.4460	 -9.2808	 +0.8027	 +1.7783	 +0.9473
 +1.4212	 -1.4565	 -2.2337	 -2.9319	 -0.9110	 -5.6939
-99.4471	-32.1678	+82.4279	 +1.4322	 +0.1797	 -1.2646
 +5.0942	 +1.0046	-11.9239	 +2.7908	 -3.9367	 -0.1125
 +9.8804	-31.3865	+16.4120	 -1.1592	 +2.2684	 +3.3808
 +5.1195	-25.8040	 -8.0754	 +0.8165	 +0.1010	 -2.0718
 -5.1665	 -0.6857	 -5.4932	 -1.6452	 -0.9214	 -2.0830
 -1.1519	-11.0715	 -7.9017	 +2.0048	 -0.9421	 -1.4954
+10.0137	 -0.3247	 -9.8134	 +1.3296	 -3.2597	 +0.5929
 +7.6206	 -7.3495	 +1.1247	 -1.0590	 +3.3261	 +0.6308
 -5.8619	 -1.1195	-12.6191	 -1.2375	 +2.8860	 -0.3375
-14.0067	 -7.8879	 +6.5456	 -1.0809	 +1.2779	 -0.4953
+11.0243	-20.6908	 -8.5922	 -0.7869	 +2.1901	 -0.9212
 +1.0819	 -0.5886	 -1.6516	 +2.8861	 +0.3264	 -3.5590
-22.0096	 -6.7741	 +3.8541	 -0.1914	 +0.0651	 -0.3293
 -1.8669	 -8.3613	 +7.3132	 -0.2245	 -3.0542	 +0.7551
 -5.3334	 -5.5696	 -4.8903	 -2.8489	 -3.5380	 -5.6900
 -2.3135	 -1.9088	 -0.5540	 -3.2001	 +2.0772	 +1.3819
-13.6395	-16.0384	-13.5585	 -0.4421	 -0.8516	 -2.8528
-62.0434	+21.3969	+48.8615	 +1.3152	 -0.8705	 -0.9111
-55.6952	-30.1449	+17.4206	 +1.4516	 +1.1171	 -0.6043
 -6.0774	 -2.7627	+13.1605	 +1.7894	 +2.8607	 +0.4887
 -1.5912	 -2.3111	 +1.5096	 +1.0971	 -2.4520	 +2.0833
-76.3103	-125.1516	+119.1719	 +0.6745	 +0.0725	 -0.1003
-11.0062	 -3.7468	 -0.5687	 -0.8744	 -5.1186	 -0.6288
-12.6671	 +7.0049	-14.5914	 -0.7374	 -2.5623	 -1.5616
 -0.0586	 -3.4249	 -1.4470	 -1.5671	 -2.3725	 +2.1729
-42.7300	-27.0028	-16.3691	 +2.1029	 -0.4308	 -1.0899
-12.8265	 +3.8154	 -9.4867	 -0.2187	 -0.9512	 +1.3000
 +3.3549	 +2.2096	-16.5511	 -1.5343	 -1.9137	 +2.0497
+10.7832	-26.9968	+39.0042	 +1.2929	 +2.3683	 +1.3510
-13.3589	 +3.4716	 -4.1145	 +0.7052	 -0.2271	 -2.3090
 -5.3942	 -5.0390	 +8.1251	 -2.2069	 +1.7482	 -1.3376
 +3.1849	 +9.1183	-16.8056	 -0.3255	 -3.1647	 +2.9184
 -1.2222	 -4.0952	+18.6493	 +2.6426	 -2.9404	 -0.0865
-20.9865	+11.7186	+25.4131	 -1.3724	 -0.6404	 +0.9717
+11.3031	 +2.6822	 +6.3684	 -1.5769	 -3.8880	 +1.4939
+10.1013	 -3.7011	 -9.8333	 -1.7046	 -0.1919	 +1.7672
 -1.0474	 +6.5554	 +0.1787	 +5.7533	 -0.0882	 +0.4434
 -0.9269	 -0.2900	-12.5102	 +2.4537	 -1.6493	 +4.0462
-11.3493	-15.7638	-21.9762	 +0.1698	 +0.3545	 +1.1248
 -0.4114	 -7.1168	 -8.7576	 +2.2419	 +4.0789	 -0.2829
-13.7806	 -9.0340	+20.2117	 -1.1153	 +0.4673	 -0.8271
-10.3307	 -1.7026	-11.8483	 +0.2275	 -3.5742	 +0.2005
 +2.7502	 +3.6255	 -2.6894	 +5.3447	 -0.3601	 +2.6348
-35.8709	+15.3748	 +9.0720	 +0.6118	 +0.4103	 -1.7728
 -4.1779	 -5.3097	 -1.4970	 -1.4104	 +3.0216	 +3.1937
 -4.4507	 -8.3978	+16.7856	 +1.2523	 +1.4339	 +0.9003
 +9.3940	 +9.8412	 +2.4016	 -0.4946	 -1.0241	 +3.3788
 -6.3316	 +0.3070	 -0.8060	 -3.9270	 -2.2305	 -4.2339
-29.5262	+35.4215	-74.2032	 +0.4710	 -1.4486	 +0.7647
 +7.7621	+25.3980	 -4.2868	 -1.9935	 +1.2649	 +1.4726
-17.0440	+75.4303	-51.7297	 -2.1051	 -0.7092	 +0.2184
-16.7494	 -7.4896	 -1.9507	 +1.7305	 -0.8335	 +0.4245
-12.1563	-17.8690	 -2.7683	 +1.9769	 +0.5589	 +2.5654
 +0.2058	+19.1781	 -0.6393	 -0.7464	 +2.5225	 +1.9303
 -1.7210	 +2.4629	 +6.2235	 +3.9070	 +1.3838	 -4.1309
-17.1366	 -6.0839	+10.2024	 +2.0392	 -0.6557	 +1.9905
 +3.6220	 -5.1215	 -3.2869	 -0.6785	 -2.8678	 -5.2007
 +3.4048	 -3.9455	-10.2262	 +1.6137	 +1.2038	 +1.0664
 +3.3956	 -3.3679	 +3.5484	 -1.8323	 +1.1402	 -0.4682
 -1.9499	 +5.1269	 -6.5055	 -1.9854	 -3.7328	 -5.0452
-12.5756	 +6.9203	 -4.3619	 +2.6093	 +2.3208	 -1.8080
 -6.0846	 +5.8450	 -3.3775	 -3.7856	 -0.0571	 +4.1505
 +2.0751	 +6.4736	 +4.5119	 -5.1414	 -1.9736	 +2.5854
 +3.5585	-24.5623	 -2.9118	 -3.2430	 +0.6330	 +2.0002
 -6.9505	 -1.5371	 +5.0474	 +1.1976	 -1.1647	 +4.6983
 -6.4598	 +1.8706	+11.6223	 +1.8601	 +1.7798	 +1.0567
 +7.7809	+15.5337	 -0.0819	 -2.1228	 +1.2675	 -0.7242
 +1.3108	+13.4727	 +5.9665	 +2.7583	 +1.1410	 -1.3696
-142.8879	-177.1935	+114.2262	 +0.3785	 +0.8905	 +0.0845
 +2.2807	 +1.8694	 -6.2506	 -2.3780	 +5.8507	 -2.2847
-17.8533	+42.5133	+45.5540	 -0.2827	 -2.2973	 -0.3660
 +0.3417	 -3.2938	 -4.6220	 -3.1516	 -1.4757	 +5.3375
 +7.3169	+74.6653	-82.4400	 +0.0740	 -0.0402	 +0.3811
 -1.2105	-11.4749	 -9.3823	 -1.1060	 -4.4059	 +1.3631
 -8.1269	 -1.1690	 +5.1012	 -0.7658	 +1.8246	 -2.8332
-10.7748	+25.5637	-25.3310	 +1.7093	 -0.3037	 +0.1745
-13.1064	 -8.6410	 +1.9448	 +2.2665	 +4.3551	 +0.2330
-11.6743	-12.5927	 -1.6018	 -3.6654	 +1.8263	 -1.4952
 -7.8351	 +9.5829	 -0.3199	 -2.1085	 -1.6800	 +0.9771
 -1.7840	-11.9158	 +4.0852	 +0.4193	 -0.9639	 +2.6096
-11.1346	 -1.7252	 -1.9965	 +1.1770	 +0.5995	 +2.3579
 +1.7269	 -4.2937	 -1.2162	 +1.7416	 -2.4116	 -3.2533
-17.0176	+11.8266	 -1.5566	 -2.8300	 -0.6659	 -0.7581
 -9.3505	+10.2404	 +3.2215	 -2.8694	 +2.8422	 -0.3805
-20.9558	+22.9501	 +1.9287	 +0.8458	 -1.9494	 -0.1406
 +0.3043	 -0.4776	-26.7624	 +0.5391	 +0.6994	 -2.3175
+15.4397	 +8.6880	 +7.9613	 +0.3292	 +1.7773	 -1.9239
 -2.9435	 +7.7482	-22.2437	 +1.1143	 +2.6029	 +0.3538
 +2.3842	 +1.4332	 -9.2190	 -1.6562	 -3.0120	 +3.3138
-15.2383	 -7.8425	 +2.7904	 -3.9411	 +0.0748	 +3.3831
 +7.6710	 -0.3935	 +1.1133	 +2.3687	 +1.8978	 -1.3660
+11.3722	 +1.0047	+11.4168	 +1.1313	 -1.9741	 +1.0239
 -3.2513	 -2.1426	 -1.0069	 -1.1389	 -4.9986	 +0.4842
 +5.7438	 -1.6928	+10.9677	 -0.5066	 +2.7785	 +0.7150
 -4.4689	-22.4549	+12.1570	 +1.0312	 +0.3899	 -0.3546
 +6.1151	 +5.3882	 +0.8171	 -4.5775	 +2.1533	 -0.2618
 +0.3172	 -4.8786	 +3.0592	 +1.2830	 -4.2219	 -0.7106
-13.4051	 +2.0451	 +1.1910	 +4.0635	 -1.2003	 +1.4476
 -9.2424	 +7.1161	 -2.4947	 -3.8277	 +2.1016	 -1.0299
 +0.1758	+16.3506	 +6.8759	 -1.5793	 +0.3324	 +0.4320
-16.5318	 -2.8949	 -2.0045	 +1.1020	 -2.5332	 +2.1016
 +3.1827	 +9.1232	 +7.7317	 -2.0363	 +0.3458	 -0.7264
 +0.1835	+13.6419	 +6.4488	 -1.1760	 -1.0314	 +1.2349
 +8.2580	+26.2191	+32.1110	 +0.5269	 +0.0536	 -1.6585
-11.0379	 -3.7708	 +2.4576	 +2.3369	 -0.9526	 +0.0832
 -1.8781	+16.6702	 -9.8813	 -2.8279	 -2.8100	 +1.3062
+26.1944	-12.1361	 +6.0238	 +2.6633	 +0.6402	 -2.1547
 -4.8944	 +4.9397	 +1.2443	 +2.4879	 +0.2168	 +4.0715
 -7.8195	 -5.6247	 -8.8773	 -1.1292	 -1.3763	 -2.0266
 +8.1562	 +7.2763	-10.0971	 +1.4375	 +1.2775	 -2.6420
-15.2788	 +1.2660	 -4.7028	 -0.9458	 -0.3320	 +0.5769
-18.4974	 +8.6123	-21.7188	 +0.3493	 -1.3156	 +2.5158
 +4.9426	 -7.3373	-15.9898	 -0.4130	 -2.4117	 -0.1621
+20.4193	 -3.7695	-12.9254	 -1.4685	 -0.6864	 +2.5703
 +1.3587	 -4.1345	 -9.4775	 -1.3057	 -0.3522	 -1.1376
 +0.1258	 -4.6576	 -1.7816	 -0.8840	 +0.3728	 +1.9250
+11.4994	+13.2088	-13.9585	 -0.5332	 -1.5521	 +0.3772
-13.0887	+40.2418	-11.2707	 +1.8150	 +1.2335	 +0.0652
 -2.3832	 +3.1874	 -4.0422	 +2.4960	 -0.9181	 -2.6772
 -7.4546	 -7.2727	-21.4015	 +1.8044	 -0.6380	 -1.8410
-14.3287	 -5.6069	 +9.4467	 -0.6241	 -4.2118	 -1.8740
+16.8034	-10.5110	 -7.9030	 -1.3329	 +0.1143	 +0.9052
 +1.8381	-22.6193	 -1.9263	 -2.3385	 -1.1503	 +0.4397
 -1.5206	 -1.9258	 -1.2216	 -1.6369	 +1.6578	 -5.0539
 +0.7571	 +6.5108	+18.9996	 -1.5358	 -0.7190	 +1.2150
 -4.8843	 +6.5778	-22.9964	 +0.7376	 +1.8448	 +1.7430
-15.6199	+12.1458	 +3.0500	 -0.6469	 -3.9866	 +0.6215
 +7.2160	 -4.2565	-17.3045	 +0.1006	 +1.0924	 +1.9725
 -5.2335	 -4.7757	 -0.2594	 +3.5038	 -0.2408	 +0.7125
+14.2409	 +5.3862	+41.1570	 -0.7074	 -0.5783	 +0.1914
 -6.0920	 -1.4989	 -3.0172	 +3.4180	 +0.9587	 -1.7199
 +2.7729	 +7.3603	 +6.1154	 -2.6939	 +1.7428	 -1.9323
 -6.1748	+16.4371	 +1.5723	 +3.2144	 -2.1271	 +1.5571
-14.2677	 +5.1829	 +2.7824	 +0.1475	 +1.2750	 -0.6050
-12.2343	 +0.9773	-17.0175	 +0.8252	 -2.5050	 -0.6738
-15.4165	 +6.8666	 +5.8565	 -2.5793	 -1.6595	 -1.6649
 -0.7802	 +2.0019	 +2.5894	 -1.1659	 -1.8990	 +3.5852
-62.0783	-17.6817	-25.7425	 -0.3499	 +0.2189	 +0.0040
 -5.1398	 -6.8399	 +7.2152	 +0.1170	 -2.4364	 -0.2438
 +1.1531	 -1.2859	 +5.4483	 -4.2546	 +1.3217	 -0.2261
 +7.9323	 -5.8306	 -1.0042	 -2.9191	 +0.2511	 +1.5187
