# Num Particles: 1000
# Num Cores: 1
# Total Energy: -2.263060e+04
# Iterations: 711 of 1000
# Current Time: 2018-05-06 04:03:48.516304
# Elapsed Time: 10:49:52.755773
# Avg. Step Time: 0:00:54.842132
# 
# x	y	z	vx	vy	vz
# 
 +6.2154	 +2.5035	 -0.3446	 -1.4493	 -1.0124	 -0.3818
 -0.3397	 +9.9357	 +2.8695	 -2.6345	 +4.9051	 +1.0564
 -7.3841	 -6.3865	 -1.4538	 +1.1156	 +2.2221	 -3.8597
-33.1119	+15.6136	 +6.6077	 -0.6124	 -2.1193	 +0.9942
 +5.5649	-11.0804	 -1.4848	 +0.8473	 +4.2118	 +0.8815
 +4.1058	 +1.2594	 +2.7860	 -2.6421	 -0.6447	 +4.7221
 -1.6805	 -9.1653	 -8.4627	 -3.1937	 +3.2325	 +1.3072
-10.4153	 -7.1593	 +2.1542	 -1.7625	 -2.8617	 +1.8633
-11.0266	-19.3068	-10.2487	 +3.0430	 +3.5791	 +0.6025
-27.8775	+12.8866	 +3.8194	 -1.1167	 -2.2854	 +0.0358
 -3.7650	+12.2950	 +8.1381	 +3.9290	 -1.1127	 -3.0073
 +4.1424	 -0.5047	 -2.9684	 -0.1103	 -3.0708	 +2.3599
-13.6624	 +8.0787	 -7.6936	 -0.7459	 -0.7868	 +2.0840
+13.8221	+16.5449	-30.5142	 -2.3139	 +0.3124	 +0.1645
 -3.6594	 +3.5830	 -0.9888	 -2.9282	 -0.3693	 +1.2827
 +3.4072	 -7.3788	 -8.4649	 -4.6852	 -0.6808	 +0.7718
 +2.3319	-11.3148	+11.2512	 +2.5767	 +1.3933	 +1.0526
 -9.4248	 +3.6451	-11.7993	 +0.6164	 +0.2012	 +3.6947
 -4.4044	 +1.0841	 -8.1468	 -2.8185	 +4.3243	 -1.7286
+95.7804	-33.9663	+79.5345	 -1.4899	 -0.8001	 +0.1050
 +8.3462	+10.6342	 +1.3412	 -0.4471	 +0.6173	 +2.3811
 +1.2803	 -6.4727	 +6.3252	 -0.1213	 +2.6296	 +0.5893
 -9.4718	 -2.2726	 +7.2176	 -0.7732	 -2.5581	 -0.1902
 -6.9714	 +3.9816	 +8.3371	 +1.2467	 +0.6061	 -2.3284
 -5.4788	 -3.2745	 +1.0501	 -4.3336	 -2.4867	 +1.5544
-45.3819	+33.1116	 -8.1394	 -1.1527	 +1.6507	 -1.2223
 -2.3066	 -7.0085	 -1.9164	 +0.9788	 +3.6048	 +1.8648
-18.0174	 +4.7159	 -3.6309	 -1.3788	 +2.4887	 -3.1405
+11.5721	 -9.1341	 -8.9182	 -2.6447	 -3.1463	 -1.7638
+10.2457	 +9.3367	 +2.6694	 +2.5838	 +4.4839	 +2.2105
+21.2982	 -5.9519	-12.9636	 +2.2959	 +0.8840	 +0.2753
-59.1026	+20.7722	+11.3682	 -0.0183	 +1.7997	 +1.7263
-11.7687	 +2.4014	+13.9258	 +1.2266	 +1.6195	 +2.7258
 -2.2857	+12.3869	 -9.7806	 +1.1396	 +2.7565	 -1.2566
 -4.5788	 -5.3767	+17.4182	 +1.2936	 +0.1562	 -2.6381
 -9.5433	 -1.5491	 -6.2740	 +1.1068	 -0.3324	 -0.4752
 -5.9869	 -2.8675	 +2.1224	 -0.1116	 +4.5127	 -1.4449
 +9.3233	 -8.3321	 -9.6760	 -1.8935	 +0.8826	 -2.4023
 -5.9992	+10.3310	 -4.5289	 +0.1282	 -5.6220	 +1.7502
 -3.1796	 +8.2668	 -2.4488	 -0.7874	 -2.6556	 -2.3491
+21.3156	-28.8738	 +9.0554	 +0.5589	 -1.8073	 -0.5482
 +1.9701	 -8.5821	 +6.3511	 +1.0446	 -1.2883	 +1.8743
 -0.3887	 +8.3781	 +3.6802	 +2.2902	 -2.5383	 +1.8884
 +2.5314	 -2.6592	 -4.2831	 +2.7563	 +2.9157	 +0.9364
 +9.0303	+13.6872	 -9.3671	 +1.5482	 -2.9844	 +2.9996
 -7.9650	 -2.4283	 +1.8251	 +1.6748	 +0.5653	 -2.5300
 +7.9047	+13.6011	 +1.0982	 +0.4775	 -1.6656	 +2.7029
+28.4703	-12.2153	 -8.5076	 -2.0215	 -0.6476	 -1.4155
 -6.1841	 -3.4234	 -4.2718	 -3.0175	 -1.1304	 +0.9799
 +9.5071	 +5.3387	 +4.6108	 -0.3580	 -2.1665	 +0.3118
-25.6727	-53.8502	-26.6153	 +1.3590	 +0.7298	 +1.8482
 -2.2027	 +3.1856	 -5.9513	 +1.5123	 +2.0462	 +3.7896
 +5.8098	+10.3178	+24.0289	 -2.4317	 +2.7756	 +1.0332
 +3.5676	-17.2980	 +0.3829	 -1.8488	 -2.4027	 -2.5551
 +8.0741	+10.5164	+63.1055	 +0.3784	 +2.1740	 +1.1049
-30.0011	 -1.9588	 -4.3570	 +1.1213	 +0.9528	 +0.1641
+12.0893	 +1.1911	 -3.7557	 -5.4120	 +0.4760	 -1.1523
 +5.3066	 -7.3071	 -8.0074	 +1.2129	 +0.5144	 +1.9397
 +3.0640	+15.3810	 +3.5675	 -0.9953	 +0.9861	 -1.6470
-19.0960	 -0.5912	 +2.3832	 -1.1076	 +4.6063	 -1.9533
-28.8332	 +5.7024	 -6.6964	 -0.1484	 +0.3496	 -2.3976
 -6.7018	+25.4088	-21.4833	 +0.6608	 +2.2762	 +0.9132
 -2.5414	+12.6315	 -0.0735	 -1.2980	 -0.2717	 +0.7561
 +2.7367	 +2.1171	+10.9763	 +0.6249	 +3.2111	 -0.6985
 -0.6503	 +1.0154	 -3.8043	 +1.6436	 +0.2816	 -4.0757
 -9.9085	 -9.3576	 -6.3780	 +1.9611	 +1.5389	 +2.3424
 +3.5114	 +4.2391	 +6.4008	 -1.6323	 +0.1955	 -5.2163
-27.9178	-23.4795	+25.5653	 -1.5450	 -1.2195	 -0.8510
 +0.4669	 +2.2441	 +4.3624	 +0.4642	 +4.9237	 +3.6555
 +3.5617	-12.7938	 +3.6905	 +0.4665	 -1.7654	 -2.1335
 +1.3081	 +4.8255	 +1.8013	 +1.9718	 -0.2955	 +0.7060
 +7.7216	+10.6836	 +2.3567	 +1.7617	 +3.4323	 -0.4070
 +8.1397	 -3.1212	 +0.1251	 +0.5069	 -0.8818	 +2.5788
 -2.5812	+15.1842	-102.7782	 +1.9407	 -0.0350	 -1.1420
+20.5315	-12.9249	 -8.1334	 -1.9324	 +3.0071	 +1.2271
 -8.7720	-16.8312	 +4.2181	 +2.8504	 -2.3572	 +2.4193
 +2.2358	 -5.1832	 +1.4962	 -1.4094	 -2.3369	 +1.0518
-12.5671	 -9.1428	 -7.7538	 +0.6683	 +2.4755	 -3.4773
 +5.3471	 -9.3870	 +6.9737	 -1.1237	 -2.3805	 -1.2438
+29.8791	 -0.6655	 -4.6985	 -0.0611	 +2.3577	 +0.3021
 -0.3451	 -1.7015	 -5.3856	 -0.0840	 +0.5855	 -1.9374
 +0.4846	+12.4911	 -7.5235	 -2.5565	 -2.2034	 +1.4243
 +0.5358	 +0.2176	 +7.1268	 -0.8889	 +0.2886	 -2.7879
-15.6935	+19.1193	+34.9144	 -0.4209	 -1.2852	 +2.2614
+21.4286	+16.2832	+16.8637	 +0.0521	 +0.9489	 +1.5894
 -8.5110	 -9.4912	 -7.7037	 +1.1960	 -2.2819	 -4.1758
 -3.7458	 +3.2125	-11.2173	 +4.7748	 +1.0480	 +0.9497
 -5.4485	+24.8494	 +8.1838	 -0.4876	 -0.2835	 -1.0235
 +8.1905	-26.4543	 -2.2635	 +1.6330	 +1.6412	 -1.8932
 -6.9288	+10.5288	 -4.8238	 -0.0985	 +2.8066	 -0.0503
 +2.3545	 +7.1207	 +7.4279	 +3.1624	 -1.1341	 -1.5074
 -1.3664	 +0.2934	 -4.9785	 -0.6848	 +0.0079	 +0.2446
-18.1588	-30.8131	-48.8334	 -0.5309	 -0.4536	 +0.2273
-19.0584	 -7.6132	+14.4870	 -1.5824	 -1.1843	 +1.2316
 -6.8170	-10.0387	 -0.5797	 -1.8068	 -1.6125	 +0.8190
 +0.1663	 +7.2398	-15.4268	 -2.8811	 +1.7317	 -0.0075
 -9.2839	+26.0785	 -1.8455	 +0.1289	 -2.2624	 +2.8110
 -9.7041	 -3.2707	+11.6312	 -0.5444	 +0.4880	 -3.4636
 +3.1637	 -8.8780	 -5.9449	 +4.2319	 -2.1289	 +0.0735
 +9.6767	 +3.6849	-13.0830	 +2.6550	 +2.2418	 +3.9523
-16.9502	-13.9367	 +0.1585	 -2.2094	 +1.2914	 +0.7595
 +7.7965	 +1.3368	 +3.8104	 +2.8181	 +0.2649	 +3.1581
 +3.3567	 -0.6171	 -0.1415	 -0.4049	 -1.3881	 +3.4741
 +2.7400	+11.9949	 +0.6669	 +0.0423	 -0.3136	 +3.8954
 -1.6726	 -0.0728	 -1.5709	 +1.0014	 +1.2346	 -1.7062
+13.0730	 +9.1028	 -2.9103	 +0.4600	 -0.4184	 -2.9988
 +6.3869	-13.4514	 +8.6532	 +3.1357	 +2.1914	 -3.4245
 +6.0376	 +9.8633	 -3.4321	 +3.3080	 +1.4174	 -0.3101
+28.8010	+20.4793	+12.9493	 -0.3027	 +1.0650	 -1.1740
 +4.2085	 -1.2818	 -8.8639	 -2.0150	 -0.4668	 +3.7028
 +8.9883	 +7.2512	 -3.5412	 +0.2365	 -2.8072	 +1.2337
+472.8172	+392.2623	-225.3008	 -0.2832	 +0.6701	 +0.3168
-139.5987	+106.6079	+202.7264	 -0.0902	 +1.1214	 +0.4109
+27.3130	 -9.0299	 +6.1156	 +1.2909	 -0.5077	 -1.2950
 -7.1013	 -5.9164	 +9.4102	 -1.6786	 -0.4707	 -4.3482
 -3.5367	 +3.3606	-11.3882	 -0.6000	 -4.5534	 -1.1409
 +1.3332	-11.7100	 -8.9049	 -2.8987	 -0.2615	 +0.4484
-63.0109	-14.3608	-15.0490	 +1.8957	 +0.3127	 -0.6619
 +4.6891	 +0.2400	 -2.3009	 +0.2601	 -0.8771	 +1.1414
+47.8913	-26.2149	-41.1658	 +0.1219	 -0.5015	 +0.5973
 +1.9242	 -4.8311	 -6.3927	 +3.6982	 -1.5090	 +4.8022
 -0.9207	 -3.5299	 -3.6734	 +2.8255	 -3.2857	 -0.8612
 +1.2487	 +7.9113	 -6.9555	 -2.9756	 -0.9974	 +1.0187
-13.7658	 +5.4902	 -1.3594	 +1.9545	 +2.5238	 -0.5270
 -1.7279	 +1.0012	 -5.2708	 -2.1286	 -0.4299	 -1.9957
 -4.7523	 +1.8067	-10.2603	 +1.4976	 -2.4662	 -0.2333
 +6.9912	 -0.4681	 -6.0313	 +3.2539	 -0.5294	 +4.0521
 +5.5204	 +0.6988	 -3.6329	 +3.1457	 +0.1229	 -1.7943
 -0.6656	 +1.8932	 +5.2009	 +3.1039	 -2.0900	 -0.2440
 -7.5656	 +3.9562	 -4.2766	 -1.5992	 +4.4435	 +3.5021
+14.3551	+24.6371	-171.2120	 +0.0601	 -1.1755	 -1.2146
 +3.7509	 +7.5716	 -7.5009	 -3.7575	 -0.7877	 -1.9083
-10.1518	 +4.9203	 +3.6381	 -0.6895	 -2.2983	 +2.0114
 -6.8643	 +4.0950	 -4.4044	 +4.0060	 +1.1336	 -1.1545
 +0.7649	 +2.8416	 -0.3920	 -0.0458	 +3.5387	 +0.1140
-19.0152	+14.8631	-27.5244	 +0.2003	 -1.9096	 +1.8698
+15.2463	 +9.1865	 -2.3948	 -0.1623	 +3.0389	 +1.9849
 +9.5023	-29.0751	+19.3549	 -1.9469	 -1.3111	 -0.0078
 +1.2021	 -3.4923	 -8.9122	 -1.8243	 +3.4390	 -0.7069
 -8.8196	 +6.1998	 +5.7727	 -2.3384	 +4.0527	 +1.7868
 +1.1502	 +4.3130	 -4.4046	 -2.0999	 +0.0408	 -4.6537
-15.3235	 -2.9658	 +6.6595	 -2.7276	 +2.5366	 -2.4008
 -3.8897	 -1.5493	 -5.4698	 +0.4769	 -1.0929	 -1.0862
-16.3410	+18.5838	-34.4542	 +2.7229	 +1.8313	 +1.0270
+59.9694	 -6.8765	+18.7787	 -0.0330	 -1.9045	 -0.4146
 -1.9124	 -1.4715	 +1.8996	 +1.9677	 +0.1073	 +5.5816
-36.5135	-63.7412	+51.6748	 -1.1664	 +1.2301	 +0.7864
 -5.6996	 +3.6506	 +1.8727	 -0.6323	 -5.1140	 +0.7758
+11.0632	 -2.2775	-20.1847	 -2.9419	 -1.5372	 -1.1811
+14.0045	+10.1135	 -3.6108	 -0.2731	 +0.2236	 +0.7705
 -2.0589	 +5.7011	-15.6465	 -1.4283	 -1.2228	 -2.8048
+11.5527	+10.0745	 -8.5016	 -1.4308	 +1.5240	 -0.2715
-16.9500	 +9.8933	 -0.3090	 +0.2714	 +0.4420	 +0.2123
 +5.2263	 -8.5526	 +1.8034	 +0.9287	 -1.6333	 +2.3158
 -2.0367	 -9.4596	 -2.3922	 -2.5728	 +2.5305	 +2.6510
 -1.1611	 +2.1532	 +5.8777	 +4.2208	 -1.4822	 +3.2218
+15.4641	 -0.2307	-17.6776	 +0.6633	 -1.6701	 +1.3208
-11.0211	 +9.0283	+26.7491	 -2.7386	 +0.6193	 -1.5077
 +6.3723	 -7.9425	+11.8238	 +0.8668	 -0.2151	 -0.2924
 -0.4174	 -2.0152	 -1.3117	 -3.4983	 +1.5638	 +0.2451
 -8.3111	 -1.7648	 +4.4366	 +1.4642	 -2.4721	 -1.4760
+14.6803	 -0.4934	-11.7189	 +3.3979	 +1.8711	 -3.0347
 -9.5023	 -3.5358	 -0.4464	 +1.9272	 -0.4753	 -0.6767
 -5.2630	 +2.4552	 -1.4060	 -3.2388	 -5.0348	 -1.6483
+10.4382	 +5.6594	 +6.7586	 +0.5192	 +1.9511	 -1.5022
-16.7580	 +0.3187	 -0.3910	 +0.5533	 +0.9946	 -2.3701
 +1.7942	 +3.7788	 -4.1933	 -1.2693	 -1.9713	 +2.5410
 -1.0270	-10.0198	 +8.2051	 +4.1131	 +1.6886	 +2.9419
 +2.2263	 -1.5632	 +0.7717	 +2.8201	 -1.1108	 -1.3342
 +4.3059	 -3.7230	 +2.8953	 -3.4776	 +2.2426	 +3.1778
 -5.9091	 -4.6952	-16.7293	 +2.6344	 -0.6402	 +2.2886
 -1.5471	 -0.7230	 -6.4150	 +1.6615	 -0.5001	 -0.9167
 -3.2857	 -1.4987	-19.9413	 +0.6163	 -0.3096	 +1.2994
+22.0407	-14.4265	+18.9067	 -1.7698	 +0.1822	 -1.5230
+11.0062	 -2.3142	-22.8780	 +2.1351	 -1.8596	 -3.1428
+39.5796	+31.9682	-26.3957	 -2.4793	 +0.6314	 +0.1239
-19.5443	 +4.1670	-12.0808	 +1.6684	 +2.8706	 -1.3533
 +3.9359	 +1.2791	 +1.7707	 +0.3412	 +7.0198	 +0.7978
 -3.3037	 +5.7516	 -2.2758	 -1.1984	 +0.8735	 -2.7922
 -1.1975	 +2.1599	 -5.3977	 -0.9602	 +2.4975	 +1.8481
 -8.9714	 -3.0100	 -2.6286	 +3.1486	 -1.6414	 +0.9904
 -7.0595	 -1.8839	 +3.8901	 +0.7531	 -3.8895	 +0.2555
 -7.5986	 -1.2837	 -7.8975	 -0.9491	 -0.2940	 +0.1620
 +7.7176	+23.1787	-26.7712	 -1.4534	 -0.1113	 -0.0425
 +2.9807	+12.0223	-20.1496	 -2.3753	 +0.5059	 -1.6688
 -4.9865	 +2.6658	 -3.5028	 +1.0536	 +0.7796	 +2.6054
 -4.2255	 -7.3744	 +4.1306	 -0.2066	 -2.4703	 -1.7767
 -1.6533	 -2.5947	 +0.6486	 +0.7213	 -2.2661	 -1.1338
-17.2128	 -4.3488	-10.7278	 +1.2466	 +1.7898	 -0.4091
 +1.9293	 -3.1237	 +2.5950	 -0.4518	 -0.5152	 +0.0571
 -9.5065	-26.1717	+11.2689	 -0.2695	 -0.7323	 +0.0936
 -6.2088	 +1.9245	 +3.8000	 -1.5159	 -0.9652	 -1.3385
-10.4465	+17.8195	-39.5837	 -1.3785	 -1.5043	 -0.6900
 -2.7614	 +9.1881	 +3.0625	 -0.6559	 -0.3222	 -3.6683
 -1.5192	-15.3202	 -5.5870	 -1.5108	 -1.6424	 -1.8402
 -3.9908	 -4.3372	 -4.9560	 +2.1765	 -1.4218	 +0.4502
-13.0806	 +8.7921	 -2.9722	 -1.7502	 -2.2668	 -2.0779
+22.6433	-99.2773	-29.8382	 -1.3903	 +0.4123	 +1.0355
 +1.5625	 +7.0790	 +8.1395	 +1.9789	 -3.5232	 -0.6721
+11.5046	+10.5558	 +8.2496	 +1.3963	 -0.1140	 +3.2528
-15.3063	-20.9014	 +0.2951	 -0.2804	 +1.7283	 +3.5540
 +7.3319	 +9.5725	 -5.6487	 -5.1562	 -0.6104	 -1.4395
 -0.1311	-10.2103	 -0.4044	 +1.3888	 +0.2574	 -2.7815
-10.9124	 +5.8971	 -1.0290	 +2.8230	 -2.0176	 -0.5333
 +6.5107	 -0.9920	 -0.1662	 +3.4541	 +2.8556	 -3.1785
 -0.3604	 +0.6987	 -3.8829	 -2.2107	 +3.6883	 +1.6015
 +5.5727	 +0.5444	 -3.5166	 -1.1939	 -0.2377	 +2.2262
-25.4379	 +7.8085	+12.8004	 -0.3572	 -2.7090	 +2.5773
 -8.2705	+53.2478	-27.3304	 -2.0350	 +0.2321	 +1.4861
 +2.8280	 -1.8427	 +3.6371	 -3.4854	 -0.5127	 -2.5116
 -0.8236	 -8.1514	 -1.8482	 -4.8364	 +0.1829	 +1.4951
 -3.6259	 +9.5151	 -7.1224	 +2.5703	 +3.1855	 +0.5236
-10.3302	 -2.0458	 +1.4263	 +0.2829	 -4.0180	 +3.1576
-24.0802	 -1.5539	 -5.0432	 -1.8213	 -0.3850	 +1.0025
+12.2267	 -9.4502	-21.4366	 -2.0715	 +0.8938	 +0.7005
+121.0493	 +5.9965	-38.9211	 +0.1561	 +0.1426	 +0.7392
+13.0538	 -0.1398	-26.6761	 -1.8651	 -2.4580	 -1.8372
 -7.4874	 +3.9860	 -5.5679	 -2.7812	 -0.6140	 +0.6605
-17.3948	 -1.7025	 -6.8504	 -0.5961	 +1.1575	 -1.8895
 -6.9941	 +7.5413	 -1.3036	 +1.0868	 -0.5984	 +0.5029
+25.0936	-29.4148	 -9.3520	 -1.7313	 +1.0396	 -0.3768
 +3.3646	 +6.9328	 +0.5870	 -1.9049	 -2.7455	 -0.9828
 -4.1370	 +3.0665	 -8.8362	 +4.4708	 +2.1398	 +1.6824
 -9.1715	 +2.3759	 -3.8346	 -1.2904	 -1.6035	 +3.3263
 +0.1226	 +0.8195	 -2.1905	 -2.0105	 +0.7080	 +5.7721
 -4.0643	 +0.9187	 -2.8871	 -1.4108	 -1.3971	 +2.9549
 +1.1035	 +3.6988	 +9.7682	 -2.1992	 -0.8415	 -0.1680
 -5.9882	 -6.5422	 -9.4778	 +0.1092	 +1.6728	 +2.0017
-10.7382	 -3.7252	 -5.5907	 -0.9445	 +0.5067	 +0.6138
 +7.4601	 -5.3853	 -6.0958	 +2.8709	 -0.2812	 +0.0602
 +4.0081	 -2.6403	 +2.6297	 -1.5023	 +2.0337	 +0.2292
 -2.1520	 -6.2748	 +0.0013	 -0.3879	 -0.8705	 +1.2473
 -3.4552	 -0.2886	 +6.1686	 -4.4659	 -2.1062	 +0.2325
 +8.6344	+13.7744	 -0.7028	 +1.1127	 -0.0505	 -0.6248
 -1.1208	 +5.8188	+10.8508	 +1.3666	 +3.0252	 -0.8013
 +6.7783	 +3.5788	-17.6956	 +1.2562	 -1.6323	 -1.9833
 -0.4006	 -8.9913	 -9.4034	 -1.3188	 +4.1229	 -0.1261
 +9.8464	-22.6045	+13.3860	 +1.2777	 -1.1246	 -1.8724
 -5.5655	 -1.7290	 +2.1767	 -1.7264	 -3.3608	 -2.0717
 -1.7713	 -0.9345	 -2.4849	 +0.3631	 -2.5516	 +1.6338
-58.8424	 -2.0620	 +2.4909	 -1.1122	 -1.5345	 +0.4056
 -4.3877	 -1.8754	-10.2342	 -0.1889	 +1.5859	 -1.0655
 +0.3932	+18.8353	-10.4009	 -0.8352	 -0.2569	 -1.4967
+14.3219	-12.0540	 -0.5347	 -1.7751	 +0.7090	 +0.2961
 +0.9666	 +4.6769	 -2.8154	 +0.5756	 +2.7454	 -3.2180
 -0.4744	 +2.6450	 +0.0616	 +3.8544	 -4.2840	 -2.2987
-28.6655	 -1.8779	+36.3821	 +0.8232	 +1.2153	 -1.3113
-19.0378	 -0.9441	 +5.7956	 -0.0144	 -0.2291	 -1.2713
 -0.2581	+11.1983	-10.5998	 +2.0696	 +1.6931	 -0.2009
-27.1941	-27.1649	-13.1197	 +2.3481	 +1.1240	 +1.9192
 -4.0893	+27.5355	 +7.2648	 +2.8698	 -0.3124	 +0.0832
 +9.0402	-11.5352	 +8.2990	 +3.5086	 +1.0546	 +2.5036
 -3.7960	 -0.2125	 -4.8632	 -3.6340	 +4.3024	 -0.1291
+11.2511	 -7.0352	 +7.0563	 -0.5116	 +1.4124	 +0.6093
+1872.4770	-32.1002	+790.6309	 +0.2206	 -0.2337	 +0.0659
 +4.1608	 -5.7650	 -7.0928	 +0.4537	 -1.4205	 +2.2759
 +7.2928	+12.6524	 +1.4628	 -2.2120	 +1.6349	 +0.8677
 -7.5888	 -0.7957	 +9.3115	 -0.0288	 -0.7812	 -2.7587
+11.8689	-11.5537	 -2.2881	 -3.8524	 +1.8363	 +2.2120
 +8.6509	+12.9382	 -5.6807	 +0.8413	 -0.2021	 -1.6249
-60.3817	-55.4874	-70.5613	 -0.7665	 -1.2078	 -0.1356
 +0.0176	+11.2745	 +0.0828	 -1.1504	 +1.5318	 +6.5065
 +1.1573	+14.0044	 +5.3859	 -3.9108	 +0.0006	 -4.2825
+22.9079	-20.1825	+10.6044	 -0.2193	 +1.8154	 -0.2363
 +6.7718	 +2.4089	 +1.0360	 -0.6513	 +0.7354	 -0.3600
+16.4400	 +4.2490	 -4.4757	 -1.3264	 -4.5259	 +1.3678
 -6.3361	 +9.0387	 -1.0044	 +1.2330	 -4.8047	 -1.2797
 -4.5448	 +4.6868	 -2.3118	 -2.0867	 +3.2330	 +0.8006
 +1.2392	 -4.6037	 -5.4246	 -1.4509	 -4.4240	 -3.4573
 +2.6770	-19.2687	-13.7638	 +0.0926	 -1.4284	 +1.0576
 -1.0979	 +0.8534	 -7.2110	 -0.8195	 +4.2936	 -4.1579
 -6.3263	 +1.7378	 +3.5174	 -1.5367	 -2.7478	 +0.8630
 -5.6903	 +8.5132	 +8.6249	 -2.6846	 +0.2895	 -0.7492
 +8.6671	 -6.9081	 -9.7316	 -1.5908	 +1.5749	 -2.7701
 +2.3397	 +1.8885	 -1.1009	 -3.0856	 -2.7238	 -2.1152
 -0.5476	+11.0444	-12.3177	 -4.0386	 -1.8493	 +3.4831
 +2.8723	 -3.0018	 +1.6820	 -1.8809	 -2.2312	 -2.9567
 +1.5835	 -1.1379	 -1.3824	 +2.6196	 +3.1867	 -2.2213
 +1.1230	+13.6585	-16.1186	 +0.4436	 -2.6123	 -3.7577
-11.1279	 +7.3538	 +9.1588	 -0.3470	 -0.2708	 +0.4759
 +9.4565	 +4.5699	 -7.6360	 -0.3356	 +0.8329	 -1.4060
 +6.5328	 -9.6389	 -2.2528	 +0.0138	 -0.4481	 -1.9761
 -1.8876	 -9.2643	 +0.5948	 +4.3448	 +0.7180	 -0.2809
 -3.5544	 +3.0358	 -3.1145	 -4.5603	 +3.9396	 -0.7654
 -0.3949	 -9.6372	 -9.5237	 +0.0985	 -0.2914	 +1.1668
 +6.3431	 +3.6518	 -5.7291	 -0.8145	 -2.3913	 +0.9061
-22.6382	 +6.9346	 +0.3403	 +0.7328	 -1.2126	 +3.0385
-27.6944	 -8.4448	-11.2710	 +0.7573	 -0.1555	 -2.6033
 +1.4665	 -3.4657	 -8.7622	 +1.3608	 -3.7838	 -3.0493
-130.2572	-47.6769	+75.5969	 +0.7406	 -0.9250	 +0.6516
 +1.5201	 +2.2280	 -3.0401	 -0.0745	 -1.4461	 +2.2755
-10.6636	 +9.4777	 -5.9698	 +1.7534	 +2.0070	 +0.4901
+14.2827	 -4.6318	 -7.2874	 +0.9755	 +1.6050	 -3.0244
+11.2967	 -0.5409	-16.0084	 +1.3016	 -1.7721	 +0.5855
-15.9362	 +9.5287	 -6.4765	 +1.1409	 -1.4532	 +2.3362
-12.3908	+13.1607	 -2.0271	 -2.2134	 -1.0125	 -1.6450
 +1.0036	 -5.8734	 -1.6770	 +1.1186	 +3.1181	 +4.0912
-111.4285	-105.7781	+100.8700	 +0.4233	 -0.2327	 -0.1436
 -5.8374	+38.0244	+14.8924	 +2.3001	 +0.4379	 -2.0167
-26.1588	-21.2185	+19.2136	 -0.5205	 +1.5204	 +1.7068
-17.2241	 +6.8085	-35.5624	 +2.5009	 -0.6402	 -1.4017
-21.0286	-16.8420	 -9.2659	 -0.4690	 +2.2210	 +0.0391
 -4.7071	 +1.9657	 -0.0487	 -0.7738	 -0.1803	 +3.0725
 +1.0438	 +0.5700	 -7.2788	 -1.0258	 +1.8431	 -0.5486
+14.1336	 -4.5497	 -1.5834	 +0.1814	 -1.2516	 +1.1575
 -8.2121	 +9.5350	-11.1768	 -1.1711	 +2.0730	 -0.2380
-10.6433	 +0.4972	 -5.5628	 +5.1711	 +1.2830	 -0.7293
 -1.8405	-18.5279	 -0.8340	 +3.1546	 +0.7040	 -2.2386
+16.1924	-89.3928	+13.7812	 -1.0162	 +1.4714	 -1.2276
-19.3888	 +4.4409	 +6.9211	 +0.5823	 -0.7511	 -0.0010
 -0.9843	 +4.8900	 +5.1921	 -0.7277	 -1.1812	 -0.9696
 -2.8245	 +0.4255	 -0.6550	 -1.2236	 -1.7134	 -0.3679
 -0.8470	 +1.0730	+13.0482	 -0.3322	 +1.5517	 +1.3912
 -5.8098	 +2.7227	 +2.1512	 +2.6813	 -3.3696	 +1.2646
 -3.6477	 -7.0543	 +6.3067	 +1.9081	 -2.5524	 -4.8166
 -2.5003	 -2.2946	 -2.2965	 -2.0518	 +1.5565	 -6.8157
 +9.4963	 -4.1295	-22.2753	 +0.9634	 -3.1316	 -2.1300
 +1.6665	 -0.5492	 +0.8125	 +0.8218	 +2.9015	 -2.0127
 +7.2902	-11.5788	 +6.6186	 -2.3856	 +0.6504	 -0.4416
 +3.1764	 +2.9574	 -6.5217	 +0.1380	 +2.8427	 +2.4499
 -4.3678	 -2.9554	 -1.0383	 +2.4066	 -0.6396	 -1.6462
 -2.4211	+13.0767	 +3.5528	 +4.4991	 +4.1121	 +0.2803
 -3.0972	+10.8758	-22.8672	 +0.2070	 +1.8200	 -0.6533
 +0.3160	 -1.4609	 +9.4263	 +0.3110	 +0.1607	 +1.2087
 -6.7791	 +1.5680	 -1.5878	 -0.5706	 -3.0274	 +1.0713
 +2.3140	 -5.7791	 -4.6028	 -2.9138	 -3.5830	 -2.2965
-152.9251	-56.8496	+203.6421	 +0.5454	 -0.6739	 +0.2039
 -3.9138	 +2.5490	 -5.8685	 +1.4395	 -1.5628	 +0.9826
 -0.0111	 -0.8770	 +2.7992	 -3.7998	 +2.9860	 -0.9197
-12.1492	 -3.8169	 -1.6793	 -2.2220	 -2.2867	 -2.2077
 -0.9833	+12.9254	 +1.8151	 -1.0967	 -2.2133	 +2.3089
 +1.3073	 -1.8381	-11.7847	 +0.0032	 +0.0210	 +1.7168
+25.1351	+47.9441	-13.4302	 -1.3254	 +1.0459	 -1.8479
 +5.2076	 -6.7916	-15.7552	 +0.0952	 -1.6578	 -0.6385
 +2.6332	 +6.4143	-11.5651	 -3.4562	 +1.4189	 -1.5333
 +8.2590	 +1.3093	 +1.0205	 +0.5715	 -1.7747	 +6.0207
 -2.5953	 -5.7263	 +5.5114	 -0.8397	 +0.2398	 +3.1444
 +5.1870	 +1.2658	 -6.6621	 +0.1725	 +0.8996	 +1.7229
 -1.7771	-10.9662	 -9.3596	 +2.4705	 -1.4288	 -1.2529
 -2.3970	 -0.6565	 +3.6595	 +0.5503	 +0.8435	 -0.6172
 +8.5518	 +6.0267	 +4.0270	 +1.6422	 +2.2916	 +1.5652
 -0.6609	 +4.4940	-11.0440	 +0.3613	 +0.6449	 -2.7807
-14.9879	 +1.0362	 -3.3676	 -2.1637	 +0.3815	 -3.7625
 +2.3090	 -4.5966	 -4.8934	 -0.1061	 -1.6357	 +0.1314
 +0.8874	 +7.9680	 +3.7765	 -1.2707	 +1.4887	 -1.7333
 -6.4985	 -3.0370	 +5.2322	 +0.2366	 -2.3266	 +0.8301
 -2.0527	 +1.4365	 +1.6619	 +0.5235	 +1.2656	 -1.9300
 -3.0920	 -1.8270	+32.4977	 +2.2649	 +2.2709	 +1.4125
 -0.0311	 -2.0818	 -2.3833	 +0.8338	 -1.2674	 +1.3910
 -6.7206	 -2.2456	 +1.9851	 -3.1835	 +4.1677	 -0.3569
 +3.1560	 +6.6137	 +2.4477	 +3.2831	 +1.3925	 -2.0507
+11.5820	 -3.4473	-13.3493	 +2.1997	 -2.0599	 -2.2411
 -2.8632	 +6.1187	 -3.3151	 -3.2956	 -0.2198	 -1.7873
 +9.6520	-12.1159	 +9.0584	 -1.9770	 +0.7134	 +1.7973
 +3.4005	-10.1263	 +2.1573	 -0.4639	 -3.6200	 +2.9028
-10.3822	+28.0488	-48.7122	 +0.7659	 -0.1698	 -0.4386
 +7.3437	 -4.8271	-44.7298	 -0.3033	 +1.2031	 +1.5324
 -6.6144	 +2.9224	 +1.0661	 -2.6171	 -1.0168	 -1.7551
-14.8651	-13.1631	-12.5938	 +1.9731	 -1.1007	 +0.7021
 +1.4404	 -3.0984	 -2.1617	 +1.7517	 -0.3303	 +2.6105
 +9.3063	+13.6213	 +1.9396	 +3.4539	 +1.7900	 +1.0534
-10.5330	-64.8315	 -7.5901	 +1.3636	 +1.3225	 -0.6587
 -5.6248	 -7.2425	 -7.6755	 +1.1061	 +2.0945	 -3.4155
 -2.7390	-13.3326	 +6.2568	 -2.3571	 +0.1617	 -0.2042
 -2.5644	 +5.1615	-21.9180	 -4.1530	 +1.6413	 -0.4001
 +7.8282	-10.6820	+13.4313	 -0.1298	 -3.8284	 +2.1573
 +1.5622	 -0.7738	 +6.2872	 -1.5950	 +0.6282	 +5.0528
 +8.0035	 +1.0501	 +5.4470	 -0.4780	 -1.3970	 +2.6124
-10.7067	 +5.7073	 -1.6513	 +1.8360	 -3.4909	 +0.1836
 +2.4123	+10.2420	 +5.9875	 -1.6989	 -1.8009	 +0.2491
 -0.2757	 -3.7946	 +1.8150	 +3.5180	 +1.0461	 -2.4517
 -7.2033	-11.3366	 +4.9737	 +1.1074	 +4.1573	 +2.6280
 +1.2977	 -0.5278	 -6.4720	 -4.0330	 -1.2202	 -0.4394
 -7.9762	-11.1962	-10.8322	 -2.2902	 -1.8060	 -2.0437
-54.3018	 +3.7441	-16.8166	 +1.0652	 +1.2671	 -0.8671
 -2.8258	 -2.6041	 -8.9142	 -2.0270	 -1.6145	 +0.5721
 +0.4171	 +0.9190	 +2.1722	 -3.3087	 -3.5072	 +1.4196
 -9.7992	 +9.4588	 -0.4101	 -2.6519	 -1.0530	 +0.0466
 -3.3223	 +1.2013	 +2.3092	 -1.0773	 +3.9649	 -0.3147
+13.5745	+10.6541	-14.1825	 +1.2985	 +1.7278	 +2.1378
 +0.2946	 +5.3325	 +5.1255	 -1.6720	 +1.3314	 +6.4128
 +0.6816	 -3.6930	+19.4891	 +1.8900	 -2.1122	 +0.1849
+16.1319	 -2.6908	 -4.2825	 +0.8737	 -0.6128	 +3.3451
 +5.8258	 -8.4574	 -2.3397	 -3.4412	 +1.0889	 +1.6185
 -1.7559	-20.8107	-23.3783	 -0.6949	 +2.2614	 +0.2586
-12.8780	+12.8033	+11.4852	 +0.7370	 -2.6540	 +0.8672
 +1.2916	 -0.8965	 -4.7765	 -3.4718	 -1.2500	 -1.1549
 -6.4620	 -7.6426	-11.9784	 +0.7761	 +1.9943	 -1.3155
 -2.8964	-12.7851	 +8.7643	 +1.2162	 +1.5023	 -1.6884
 +3.2925	-14.9900	 -0.9029	 +0.2279	 +0.0046	 +2.3405
-10.4523	 +3.1123	-15.6146	 +0.2335	 -0.8227	 -1.0279
-16.1152	 -1.5009	 +7.5726	 +0.3924	 +0.5062	 +3.3199
 +0.8056	 +6.9881	 -1.9016	 -0.5337	 -4.0176	 -2.1706
+34.8470	 +5.1802	 +8.1803	 -0.8041	 -0.3501	 +0.4068
 -7.7565	 +5.8271	 +8.5867	 +3.9694	 -3.1512	 -0.0599
 +1.2018	 +5.3563	 +0.6166	 -0.6247	 +0.2230	 -2.5181
 -2.3065	-31.7623	-27.1400	 -1.2367	 -0.9375	 -0.5386
 -9.6093	+15.1236	 +0.1996	 -1.8519	 +1.9385	 +2.8623
 -5.2250	 -4.3163	 -5.9308	 -3.9439	 +0.6245	 +2.8968
 -8.9359	 +4.5928	+16.5040	 +5.2139	 -1.0621	 +1.5676
 -4.0442	 -6.4682	 -5.0872	 +0.7176	 -2.6857	 +0.1562
 -7.5524	 -6.3491	 -9.9517	 -2.3660	 +1.0062	 -2.7332
 +6.3899	 -6.7357	 -0.7378	 -2.4582	 -1.1292	 -2.3566
 -7.3923	-12.6411	 +9.6185	 +1.9105	 +1.3379	 -1.3515
 +6.8539	 -6.4497	 -7.7768	 +1.7798	 +3.2274	 -0.5307
+12.0094	-11.8369	 -8.9053	 +0.0965	 +2.0079	 +1.2207
+16.0379	 +8.0192	 +5.5273	 +0.0871	 -1.4540	 -0.7214
+25.6763	 -0.7226	-10.4953	 -0.0303	 -2.3088	 +1.3881
-16.2638	+12.7963	+23.6733	 +1.1672	 +2.4943	 +0.1611
+29.8436	-19.7344	+70.3412	 -0.2510	 -1.7607	 +0.2303
 -0.4664	 -3.4944	 -5.8551	 -5.9615	 -1.4096	 -0.8509
 +4.4146	 +9.9584	 -4.0893	 -1.7876	 +3.1214	 +2.1589
 -3.0217	 -1.2175	 -3.0431	 +1.4237	 -1.4631	 +2.3263
 +3.9581	 -4.1694	 +1.4240	 +4.4264	 -0.7608	 +4.5556
 +7.9527	+11.1789	 +5.0374	 -0.6250	 +0.6364	 -0.7939
+30.0601	 -0.5774	-15.4298	 -0.3125	 -0.5845	 -1.3760
 -6.3084	 +7.5210	 +2.3774	 +3.8092	 +3.5588	 -0.6981
-21.8682	+23.4312	-23.9979	 -0.6159	 +0.7892	 -1.0236
-20.1740	-21.9575	+16.3512	 -1.5214	 +0.9028	 +0.4692
 +4.0131	 -2.9509	 -5.2845	 -2.0037	 +0.3764	 -0.3650
+18.3989	 -6.4009	 -3.7494	 -1.2636	 -1.6823	 +1.6284
 +6.7672	 -7.7385	 +8.1040	 +0.1580	 +3.4227	 -2.7159
 -3.7916	 +4.7135	 -0.3439	 -1.9225	 -0.0891	 -2.9752
-10.3883	 +9.1415	-10.9628	 +1.0308	 +1.3444	 +0.5119
 +6.0127	 +0.8877	 -2.5205	 -1.2986	 -1.1741	 +1.2097
 -8.9628	 -7.9180	 -8.8006	 +0.9231	 +1.7177	 +0.6101
 -5.6419	 +0.5202	 +5.4295	 +0.4900	 +4.0402	 +2.9317
 +5.8099	 -9.1734	+28.3530	 -1.0224	 -1.6145	 -1.0114
 +2.9391	 +5.3862	 +0.6151	 +3.7348	 +1.6604	 -0.2643
 +4.8819	 +2.7320	+15.6766	 +0.5048	 -2.7127	 -0.2846
 -5.8037	 -1.0769	 +2.2841	 -0.6290	 +0.2766	 +3.2432
 +6.7461	 -4.0307	-17.4567	 +1.4622	 -1.0318	 -4.4438
 -6.5490	 +2.0429	 +1.4371	 +2.9717	 +0.5302	 -3.6730
 -3.7270	 +3.1667	 +0.4937	 +1.5891	 +0.7623	 +1.6451
+25.1338	 +0.0596	-17.0153	 -2.2786	 -1.3774	 +0.9322
-23.1865	 +6.9613	-28.8519	 -2.1837	 -1.0511	 +0.5679
 -4.1284	 -1.5855	 -4.6274	 +4.3564	 +0.6197	 +0.5712
 +1.2981	 +3.3407	 +4.8102	 -3.7149	 +1.1331	 +0.4321
 -2.9844	+14.5626	 +3.8482	 +0.1766	 -1.0532	 -0.0350
 +5.6389	 -4.9123	 -3.5212	 +0.4551	 -2.4405	 +3.8695
 -7.0579	-14.7592	 -2.5233	 -0.0001	 -0.7093	 -1.5444
-15.3697	-11.0933	 -1.2017	 -2.8895	 -2.6546	 +1.3975
 -1.1789	 +4.1100	 +2.7028	 -6.2856	 -0.5739	 -2.9784
 -1.6833	 +1.1408	 +6.9681	 +0.6061	 +0.8443	 +2.0543
 -6.8731	 -1.9440	 -8.5658	 +4.4460	 -0.0188	 +1.2135
 -5.6977	 -0.3552	 -0.8229	 +0.0520	 +0.5180	 -1.2719
 +0.6728	-17.6564	 -0.4749	 -1.0948	 -1.9681	 -1.4581
+14.6648	-55.9809	-28.2773	 -0.5719	 +1.3896	 +0.9287
 -3.5710	-12.6821	 +0.2453	 -0.4317	 -1.2591	 -4.3113
 -6.9118	 +1.5052	 +1.4336	 -1.3896	 -0.3417	 +0.9903
 +2.5323	 -0.4938	 +4.8760	 -1.5853	 +1.2545	 -0.0283
 +2.8494	+15.4304	+18.1261	 -1.5414	 -1.2270	 -2.7953
 +4.2087	-12.1814	 -4.1945	 -1.0263	 +2.1987	 +0.0939
 -2.5400	 +5.8712	-14.2168	 +0.9342	 -1.4166	 -0.1752
 +6.3497	 -6.0576	 +2.4091	 -3.2230	 +3.4303	 -4.5560
 -7.0418	 +5.3435	 -4.5517	 +1.5984	 +1.2045	 -2.1420
-67.9521	-49.1607	+31.0602	 +0.7836	 +1.4313	 +0.4181
 +6.9546	 +4.7932	 +5.8957	 +0.7444	 +1.9089	 +2.0912
+51.6456	+34.1441	+38.9537	 -1.5132	 -1.4678	 -0.5610
 +2.5603	-15.3020	 +6.5167	 +2.0481	 -1.9822	 -0.4666
 -5.5487	 +3.4931	 -4.9483	 -0.5639	 +4.9931	 -1.3127
-112.3765	+56.3697	-19.8581	 -0.3702	 +0.6960	 +0.2959
 -6.9380	 +3.4238	+11.8783	 +1.1743	 +1.5880	 +2.7459
 -2.5874	 -4.2601	 -4.0557	 -4.3442	 -3.2064	 -1.0681
 -6.6368	 -0.2463	 -5.0511	 -1.6356	 -0.8546	 +4.9443
 -1.2689	 -4.3592	 +1.0064	 -2.2293	 -3.2035	 +1.3162
 -0.7406	 +2.4061	 -2.4434	 +1.5003	 -3.1806	 +2.2765
 +8.4373	+14.3209	 -8.5561	 +2.3343	 -1.8474	 +0.5359
 +0.6609	 +1.1197	 -1.9553	 -4.2218	 -2.5103	 -1.3412
+13.6243	 -6.8129	 -4.6904	 +0.3062	 +1.0382	 -1.3368
 -5.6038	+30.4214	 -6.9615	 +0.4793	 +1.5800	 +1.3911
 -5.9376	-10.0075	 +4.0875	 -1.6202	 -2.9830	 +1.4553
 +0.7054	 -2.0319	 -3.3820	 +2.5345	 +1.8523	 +0.6540
 -8.3239	 +3.5600	 +0.5199	 -0.5254	 -2.4732	 +2.3829
 -5.2271	 -4.5347	 +2.2496	 -2.7381	 +0.9673	 -3.1103
-37.7649	+16.1495	+13.7825	 -0.0094	 +0.5503	 -0.1163
+15.2108	+15.5931	 -5.5620	 +2.0856	 +0.2732	 -3.2076
 -9.2641	-32.6200	+15.2368	 -0.8934	 -1.9797	 +0.3373
 +4.2862	 -1.7801	+13.6550	 +3.2370	 +1.5655	 -1.1639
 +2.2697	 -3.4723	 +2.9698	 +1.4432	 -2.7233	 +2.1229
 -0.2574	+17.9707	-32.3246	 -1.7670	 -0.1944	 -0.7023
 +0.9704	 -9.0346	 +2.2271	 -3.2592	 -0.4359	 +1.5956
 +3.2701	 +0.1622	 +0.2431	 +1.1491	 -2.4332	 +6.0087
 -4.8961	-14.6611	 -1.8431	 -1.7167	 -1.1239	 -1.8763
 -5.1664	 -6.3999	-10.7785	 -1.6033	 +2.8483	 +0.0215
 +4.2799	 -4.8938	 -6.8543	 +1.9971	 -0.5621	 -2.4143
 -4.9979	 +3.4244	 -2.7682	 +4.8885	 -0.6949	 -4.0549
-56.1297	+19.1772	 +9.1990	 -1.4730	 +1.2372	 +0.6786
 +0.4730	 -1.3395	 -3.1286	 +0.9511	 +1.2802	 +0.0543
-28.3867	+36.6338	 +8.2552	 +0.2825	 +3.5095	 -0.3292
 +7.3857	 +9.0766	 -8.9924	 +2.1638	 +2.3639	 -1.8157
 -5.7535	 -8.6087	 -4.4241	 +2.7723	 +1.7895	 +1.0575
 -0.1980	 -1.4686	 -4.4976	 -2.0425	 -1.1639	 -0.1201
 -2.6857	-49.2091	+36.6379	 +1.9832	 +0.6143	 +0.4664
 +1.1556	-12.6945	 -3.3681	 +1.7426	 -0.3599	 +0.6622
 +2.7175	 -1.7469	 +6.2160	 -4.9148	 +2.3966	 -0.7726
 -9.8946	+10.4126	+18.5141	 -1.4324	 -1.8614	 -0.8722
 +4.8697	+19.8021	+13.9335	 -0.4643	 -0.4371	 -1.4725
 +0.2808	 -5.2679	 +0.6317	 +1.3828	 -2.4262	 +3.3719
 +2.2618	 -7.3368	 -0.9330	 -1.6229	 -0.5910	 +0.9460
 +2.7313	 +5.7658	 +7.8078	 +1.8925	 +0.7565	 -1.7750
 -4.9899	 -1.5775	 -0.1572	 -2.7362	 +1.4566	 +0.6364
 +7.2851	-17.3300	 -5.2780	 -1.7760	 +1.3938	 -1.1276
 +0.7736	 -4.0404	 -0.0321	 +0.0644	 -4.0642	 +2.0856
 +7.0358	 +6.1613	+12.1372	 +0.6667	 -4.2311	 +0.0610
 +2.5336	 +3.0810	 -2.2333	 +1.9531	 +3.2241	 -1.2666
 -0.8994	 -1.1406	 -4.9724	 -2.9264	 +0.0286	 +0.7507
 +9.2516	 -5.2152	 -0.4803	 -4.5281	 -2.9023	 +0.0624
 +6.3396	 +2.9088	 +6.7185	 -0.4460	 +0.8149	 +3.7885
 -1.8388	 +3.0575	-19.2202	 +1.1986	 +1.8072	 -2.3806
 -2.7520	 -2.4094	 -7.2933	 +2.5053	 +0.8076	 -0.9935
-12.0392	+10.3698	 -2.0693	 -2.8707	 -2.9097	 -1.3996
+13.5591	-15.6234	 -2.9396	 -0.8433	 -1.1517	 -1.2502
-11.6810	-26.3033	-23.3558	 -5.0741	 -6.6893	 -6.6701
 -1.9745	+11.2774	 -1.4159	 -1.7998	 -3.1164	 +2.9725
 -4.2571	 -9.9803	 +0.9295	 -4.0881	 +2.2310	 +0.4058
+11.3111	 -2.8228	 -3.1465	 +0.8355	 -2.5659	 -0.2178
 -5.6872	 -3.6325	 +6.8724	 -0.2090	 +1.8846	 -0.3180
-16.7422	 -1.2938	+10.3693	 +1.1678	 -0.9545	 -1.6883
 +0.4796	 -3.2418	+44.8846	 -1.1958	 +0.9944	 +0.6537
 -2.3710	 +6.2162	 -6.0736	 +0.7351	 +2.1539	 +3.4679
 -2.2699	+17.3974	 +0.0244	 +3.1929	 -0.9129	 -0.1871
 -5.1602	 -2.5644	 -3.5442	 +1.2421	 -0.4836	 -1.1703
 -0.5570	 +1.5012	 -3.7878	 -6.5495	 +2.0483	 -2.7716
 -3.1321	 +3.5020	 -1.8848	 -4.7163	 +1.4751	 +0.8176
 +0.4753	+24.5786	 -0.7943	 -0.2380	 +1.6649	 +2.5863
 -5.8818	 +0.4029	 +8.2690	 +2.2399	 +2.7515	 +1.4201
-14.2842	 -1.9919	-44.0103	 +1.5638	 -1.1005	 +0.0777
 +5.4224	 +8.7729	+29.6290	 -1.7343	 -1.5325	 -0.9103
 -5.2270	 -0.5944	 -5.1291	 +2.5151	 -1.4945	 -0.6203
 -4.3901	-10.2083	 -4.4401	 +1.6466	 -0.0864	 +0.7731
 -7.9816	 +4.4810	 -6.1700	 +2.0068	 -3.1683	 -5.3681
 +5.5003	 +1.3854	 +6.6505	 +0.5253	 +2.3011	 +1.7562
 -5.0144	 -5.8536	 -5.6744	 +3.4137	 +0.8259	 -0.3235
-13.9288	+13.8068	 +4.7196	 +0.4041	 -1.6085	 -2.2250
 -4.6380	 +4.1262	 +1.8053	 -2.1574	 -0.8235	 +4.6734
 +6.3429	-11.2009	 -6.7701	 +0.3151	 +2.3160	 -2.3707
 +1.8193	 +2.9521	 +0.5655	 +3.7364	 +1.2640	 -1.7533
 +3.3002	 -4.5954	 +8.4197	 -2.1850	 +0.3118	 +1.9168
 +9.0170	 +4.6403	 +4.0086	 +3.7079	 -2.5172	 +4.4845
 +8.8970	 +5.7824	 -0.3649	 +1.9691	 +1.1249	 -3.1397
 -6.2345	 +3.1874	 +1.3281	 +1.1420	 +0.0574	 +2.2294
 +4.0853	 +5.6190	 -0.8334	 +0.0707	 -1.9381	 +2.9505
 -1.7111	 -4.1398	 -8.9202	 -0.7329	 +2.1062	 +1.7065
 -2.3936	 -2.4536	 +0.6370	 -2.3053	 +1.7897	 +1.8592
+24.0910	-11.4510	 +9.6141	 -0.8157	 +1.1242	 +0.3596
-14.0330	 +8.3119	 -9.3134	 +1.6619	 -3.2539	 +0.7773
 +5.2585	 -3.1808	 -4.3513	 +2.9523	 +1.5885	 +1.8091
 -5.9605	-10.5953	 -1.3947	 +0.4187	 +0.6491	 +3.4816
 -5.2760	 +4.5719	 -2.2763	 +5.4818	 +2.1888	 -3.5737
+14.9819	 -0.2029	 +1.3037	 -1.4540	 -2.3398	 +3.8585
+16.5886	+12.9191	 -5.5738	 -0.0071	 +1.6145	 -0.1784
+14.1789	 -9.5253	 -5.3800	 -2.5295	 +1.0975	 +4.2315
-21.0021	-13.3119	 +5.6526	 -1.4742	 +0.3879	 +1.0758
 +4.6549	 -0.6080	 +1.5295	 +1.0215	 +0.7861	 -3.1747
 -3.3106	 +4.3122	 -0.2207	 +0.2216	 -0.2455	 +1.7875
+11.4556	+12.7270	 -1.2671	 -4.0550	 -0.3238	 -0.2392
-16.9617	 +2.6508	-17.6468	 -2.2646	 +3.0756	 +0.6786
 -8.4632	 +8.8047	-21.0353	 +0.8910	 +1.7712	 -0.7205
+15.6366	 +1.2030	 -2.7359	 -3.2582	 +1.3409	 +0.9966
 -8.1138	 -9.6013	 -2.7748	 +4.4479	 +0.9856	 +0.7461
 +1.2654	 -6.3494	 -8.9008	 -2.7019	 -1.4589	 +0.0504
+19.7333	+12.3689	 +9.6904	 +3.6976	 +1.5674	 +4.1640
 +9.2034	 +3.6680	 -3.5447	 +2.1624	 +1.3140	 -2.3283
-11.9063	 +7.3014	-18.3634	 +2.4909	 +1.1473	 +0.3603
-38.3716	 +9.8056	 +0.8925	 -0.8667	 +2.5373	 +0.9624
 -7.4864	 +5.6945	-17.0610	 +0.4183	 -1.1161	 -0.8253
 -0.6125	 +1.8101	 -1.0966	 +1.7643	 +2.7174	 -1.7296
 -6.5851	+15.6492	-14.4526	 +0.1544	 -2.2684	 -1.1849
 -5.9048	-11.1508	 -6.0927	 -2.1404	 -0.3215	 -1.7062
-11.1863	+13.5647	-46.9157	 +0.3342	 -0.2324	 +0.8230
 +6.6884	+13.7822	 -3.2020	 -2.3976	 -1.4695	 +0.1948
+17.9761	 -4.3926	-19.3692	 -0.7307	 -1.6492	 +0.3034
+10.3676	 -0.9365	 +0.6115	 +1.0758	 +0.7419	 -2.7795
 +0.5051	+23.3002	 +3.1170	 +1.1398	 -0.8714	 +3.6973
 -2.9977	+13.1220	 +2.2349	 +0.9215	 +0.8240	 +2.1584
 +1.2837	 -0.1354	 -7.9383	 -0.1019	 +3.2563	 +2.0949
-16.3424	 -0.0498	 +7.4861	 +1.1780	 +0.1286	 +1.6046
 -2.6567	 -0.1524	 -7.7407	 +3.7314	 +0.5232	 +1.2856
 +1.4133	 +0.2918	 -2.3743	 +2.0739	 +6.1637	 -0.2098
+14.7791	+12.8776	-16.8322	 +1.4222	 -3.2409	 -1.5062
 -1.6813	 +0.0727	 -2.5127	 +0.6896	 +0.6445	 -2.5481
 +2.2778	 +8.7779	 -7.0155	 -2.9118	 -3.3630	 -1.4672
 +4.7060	+15.9372	 +4.6307	 +0.8059	 +1.9431	 -1.9246
 -8.2624	 +0.6140	 +4.4893	 -0.5750	 +1.8409	 -5.0692
 -0.4280	 +0.5483	 +2.3007	 -1.1245	 -1.8351	 +1.7849
 -6.7363	 -5.1301	 +3.6850	 -0.6434	 -1.3524	 +0.3036
-13.9317	 -4.2004	 -1.7465	 +0.7059	 -0.9422	 -0.3104
 -9.8734	 +7.7464	 -1.5258	 +1.8393	 +4.2231	 -3.5498
 +1.7784	 -7.7464	 +0.3598	 +1.2603	 -1.6669	 -1.5558
 +0.3623	 +1.6975	 +1.6924	 +1.2284	 +0.2784	 -1.8835
 +4.7492	 -2.7791	 +1.6001	 +0.0635	 -1.7058	 +2.2810
 -1.9044	 -9.8246	 -5.5127	 -0.2172	 +0.4140	 -0.2122
 +2.5833	 +0.9477	 -2.6760	 +0.3036	 +3.4064	 -2.0168
 -9.9617	 +2.3575	 -4.7819	 -3.8706	 +1.0010	 +1.6267
 +3.5348	 -8.4524	 -0.7048	 +4.0572	 -4.2319	 -0.1300
 +3.3722	 +7.9065	 +8.8534	 +1.8960	 -0.3306	 +3.6142
-12.8052	 -5.5275	 -0.4216	 -1.1904	 +2.5177	 +0.8226
 +1.4936	 -1.1846	 -1.0643	 +0.3453	 -0.6750	 -2.2950
 +0.0828	 -3.8136	+10.0175	 -0.0966	 +1.3471	 +0.9579
-12.3699	 +1.3266	-15.1055	 +3.6065	 -0.4917	 -3.7778
-15.4134	 +3.0229	+26.6796	 -1.3265	 -1.0533	 +1.7096
 -3.2441	 -1.4988	 -3.1813	 +2.2316	 -1.8217	 +1.0532
 -2.8043	 -1.3470	 -1.3453	 +1.9573	 +1.4809	 +0.0939
 +5.0930	 -0.4978	 +2.2452	 -3.9671	 -3.2526	 -0.5467
 -8.4131	 +4.1638	-14.0497	 +0.1906	 +1.8046	 +1.2633
-11.0052	 -5.6293	-10.6523	 -5.2890	 +2.4414	 -0.2645
 -2.5957	 -2.9350	 -5.6580	 -1.8570	 -3.3836	 -0.3467
 -4.5265	-41.4269	+59.8185	 -0.3601	 -0.8766	 +0.0329
 -0.9227	 +1.2328	 -4.6654	 +1.7196	 +2.7703	 +2.5158
+24.5096	+25.6982	-25.1017	 -2.3916	 -1.8133	 +1.1015
 -8.7394	 -7.6251	 +1.2304	 +0.2556	 +1.7662	 -1.5532
 -2.9213	 +1.9681	 -2.5723	 +0.9552	 +3.1468	 +1.4330
+48.3238	 +0.4713	-33.6245	 -0.8504	 -0.1772	 +1.9045
 +3.3936	-42.9277	+34.2625	 +2.6005	 -1.2206	 +0.7743
+103.9222	+53.2451	 +4.7829	 -0.1268	 -0.8871	 -1.6263
+16.3265	+15.9632	 +6.2890	 +1.6017	 -3.6116	 -0.2356
+30.5822	+63.1181	-33.3039	 +0.9938	 -0.7619	 +0.2033
 +4.1525	 +5.6923	 -4.5879	 +1.4980	 +0.9552	 -3.7487
-17.5351	 -1.7588	 +4.6947	 +1.4940	 -3.9136	 +0.8263
-23.3650	 -2.4447	+23.7481	 -0.6497	 -0.5170	 +3.6963
+15.5753	+44.7394	-45.3410	 +0.5308	 +2.2262	 +0.7853
+15.3993	 -5.0371	+31.6281	 +0.9683	 +1.2569	 -2.3846
 -4.3827	 +8.2273	 +3.0087	 -5.2115	 -2.2871	 -1.5369
 +5.2030	 -5.2642	 +0.0058	 -1.5555	 +2.8831	 +1.8134
-14.6647	+13.0614	 +7.2573	 +0.2247	 +1.9921	 +0.8827
 +0.2497	 -0.5001	-11.0505	 -3.5464	 +1.2909	 +1.6903
 -8.5819	 +3.1185	 +7.2423	 +1.2178	 +1.1512	 -1.8348
 +7.6064	 +4.5845	 +1.4564	 +3.6733	 -0.2559	 -0.0017
 +6.1056	+10.0261	 +7.4303	 -0.7880	 -0.0622	 -0.0417
 -4.8970	 -2.5021	 +2.4952	 +0.5234	 -5.5661	 -4.0070
 -1.0498	+12.9454	 -0.4064	 -0.8836	 -2.2490	 +4.0340
 -3.5541	+11.5759	-17.8525	 -1.8639	 -1.5564	 +2.8289
 -7.2886	+14.9944	 -2.9513	 +0.6272	 -1.9185	 +0.2026
 +4.3438	 -8.0899	-11.9500	 -3.3544	 +3.6482	 +1.5882
 +4.2671	 -5.4803	 -6.1277	 -0.4322	 +0.4536	 +0.3597
 -5.8284	 -4.9578	 -0.2564	 +0.2866	 +0.1217	 +2.5806
 -3.1306	 +4.1186	 -1.7855	 -3.3984	 +5.3054	 +1.0272
 -7.0780	 -2.6054	+16.7076	 -1.6605	 +0.6648	 +2.8487
-12.1866	 +4.4565	+19.2825	 -0.1262	 +1.6908	 +0.4337
 -1.4943	 -8.6319	 -8.7064	 -0.5066	 -0.7800	 +2.8488
 -5.9651	 +3.7585	-12.7375	 -0.6147	 +0.3807	 +1.6113
-20.1760	+30.9595	+11.7477	 +0.9567	 +0.3705	 +0.2204
-13.4485	 -4.8264	 -8.8420	 +1.0999	 +3.0293	 -0.9445
-13.8778	-11.9679	 -5.8357	 +2.7643	 -1.5324	 -0.6438
+27.2346	 +2.9498	 +8.0167	 +0.7986	 -1.5010	 -0.3792
 -8.9958	 -3.7125	 +6.4098	 +3.7095	 -1.0363	 +0.0412
 +8.9746	+11.2550	+12.6340	 +0.7044	 +4.6212	 +3.6424
 -9.7564	+66.3294	+28.8750	 +0.8058	 -0.2105	 +1.0588
+18.0719	 +2.5029	 -4.1914	 -2.6741	 +1.3901	 -2.0259
 +6.5421	-13.4560	 +2.1215	 -1.0315	 +1.7584	 -1.7229
-17.1477	-27.2836	+31.3403	 -0.4343	 +1.3929	 +0.3835
-30.7704	+31.6941	+20.1309	 +1.8271	 -0.8053	 -1.0622
 -2.6629	 +1.9102	 -4.7097	 +1.0905	 +3.1999	 +0.9671
+12.1948	 -3.6447	 +4.1610	 +0.5715	 +4.4030	 +0.7736
-17.6956	 +7.6193	 +6.7804	 -2.7181	 -1.5567	 -1.1552
+10.4868	-22.8943	+12.8626	 +1.8079	 -1.4840	 +1.4919
+12.7724	 -2.0024	 -4.5248	 -2.1411	 +0.4099	 -1.6652
+18.9361	 +1.4802	 +6.8500	 -0.1678	 -2.2664	 -1.1500
 +2.2412	-42.2840	+113.6090	 -0.3071	 -1.3964	 +0.3664
 -5.6357	 -9.5378	 -0.3844	 +5.8566	 -1.9899	 +0.1478
+15.8416	 -2.2218	-17.3038	 +0.4639	 +2.3180	 +1.5980
 +0.8869	 +1.5712	 -6.7223	 +1.5575	 +2.9183	 +1.1024
-18.6018	 -0.9312	+10.8141	 -2.7832	 +1.6768	 +2.9322
 +1.3026	 +4.3649	+10.1311	 +2.8418	 +1.8611	 +2.9780
 +6.9185	 +2.4060	-15.5047	 -0.8917	 +2.4069	 -0.2055
+14.9395	-16.3586	+34.2740	 -1.8605	 +1.6107	 -1.2326
 +8.9529	 -1.6996	-19.2198	 +2.5280	 +3.3055	 +0.5530
 -0.1149	 -2.0706	 -7.7582	 -0.4674	 +4.8893	 +0.8132
 -1.1407	+12.8169	 -9.5265	 -1.9985	 -1.3011	 +0.7441
-17.7192	+12.7069	 -1.0521	 +1.4906	 -0.2354	 -3.1394
 -4.1283	+16.4095	 +4.0908	 -3.4842	 +0.7214	 -0.6591
 -0.2644	-12.4457	-11.3593	 -4.5237	 -0.1405	 -1.3353
-19.4920	 +1.7571	-12.0482	 -2.9752	 +0.4557	 -1.6158
 -2.5192	+15.2504	+14.2699	 -0.3259	 +1.5652	 -3.0006
 -2.0696	-26.7783	 +6.0038	 -1.1056	 -0.6226	 +3.0471
 +2.6179	 -5.5873	 -9.4887	 -2.4409	 +1.5035	 -0.9006
 -0.0621	 -0.3394	 -7.8473	 +1.9374	 +0.8296	 -1.9357
 +2.6229	 +1.5946	 +0.4716	 +4.7655	 -1.4282	 +3.0755
+14.8105	 -3.9343	 -7.2508	 +1.7974	 -1.7755	 -1.7565
 -4.5182	 -9.7926	 +2.0160	 -0.8362	 -1.3903	 -1.1698
+17.4523	 +2.4995	 +3.9942	 +4.1469	 -0.2838	 -3.3873
 +0.1646	 +7.1054	 -4.2800	 -0.5369	 +0.7758	 -4.2355
 +2.9691	 +1.9075	 -0.8272	 -1.8457	 -1.7025	 +0.4943
 +9.3884	 +8.7590	 -5.2005	 +2.8707	 +0.3477	 -1.8190
 -3.4358	 -8.5809	 -8.4003	 -1.7671	 +0.2767	 -0.1373
+17.2299	+24.2143	 -6.1670	 -2.3037	 -0.6410	 +0.0090
 +1.1240	 +8.5087	 -6.0676	 -0.6928	 +0.9995	 -1.3411
 +8.9203	+13.8007	 -2.8619	 -4.2607	 -0.0955	 -1.6344
 -7.6509	 +3.8919	 -3.9284	 +3.3486	 +0.2387	 +2.9548
 +3.0442	 -3.7976	 +1.8655	 -1.0038	 -0.3752	 +1.5451
+10.4271	-14.7523	 +9.9891	 -0.0722	 -0.5258	 +3.3714
 -2.0493	 +0.6148	 -6.1820	 +0.8904	 +3.4185	 +3.2772
 -4.9320	-36.3221	 -6.0741	 +0.4232	 -0.8301	 -1.7467
 +7.9628	 -8.6715	 -9.7930	 +1.7410	 -3.9960	 +0.8632
 +4.9933	 +8.6811	 +3.1313	 +0.5126	 -1.5460	 -1.0125
-30.5713	-10.3956	+16.8400	 -1.3367	 +0.2850	 -0.6175
-21.3688	 +5.7414	 -6.0274	 +0.5863	 +0.2583	 -1.1111
-14.6235	-14.4238	 +3.7917	 +2.2548	 +0.3674	 +1.3834
 +4.0772	 -6.0551	 +4.3266	 -2.2778	 -6.0564	 +1.1595
 -3.7969	+15.8876	 +5.2366	 +2.5442	 -1.8360	 +0.5495
-12.5491	 +9.3876	-11.9309	 +0.1546	 +1.1496	 -2.4223
 -0.1120	 -3.9863	 +7.0180	 -3.3268	 +4.9994	 -1.2312
-12.4361	 -1.3056	 -4.3893	 -2.1497	 -3.1175	 +0.7887
 +5.2268	+43.5099	 +0.8992	 -0.3792	 +0.2069	 +2.4096
 -4.9076	 -0.7012	 -8.9657	 -0.1719	 -2.3532	 -3.3686
 -3.4267	-12.1389	 -1.4964	 +2.7784	 -1.3494	 -0.2342
 +0.0926	 -5.3955	 +2.3286	 +0.7445	 +3.6264	 +0.1619
+87.1798	-35.0742	+42.6410	 -0.0721	 -0.8489	 -1.4830
 -8.5043	 -9.3449	 -3.7401	 +1.1115	 -2.6845	 +4.2152
 +5.5996	 -4.9328	 +2.8848	 -1.3649	 +3.1745	 +2.3320
 -3.8112	 -2.6439	 -7.8874	 -2.1484	 -1.2691	 +0.3363
 -4.4392	 +4.6227	 +0.9024	 -0.3577	 -3.9807	 +4.1454
+13.7675	 +4.5599	-12.0801	 +0.8039	 -0.7315	 -0.0855
 -2.8780	 -1.7543	 -7.5446	 -2.1121	 -4.0181	 -0.8880
 -8.0040	 -4.7088	 +0.0534	 -0.0906	 +3.4634	 +2.8037
 +8.1335	 -5.8545	+21.9400	 +1.9564	 -0.7761	 -1.2823
-15.3965	+12.0435	 -2.8182	 -0.8273	 +1.0839	 -3.4543
 +7.2266	+17.6802	+43.5432	 +0.3422	 +0.1557	 +2.2530
 +8.7283	 +7.1958	+18.2668	 -1.1373	 -0.2660	 -0.9722
-11.8624	 -3.7514	 -0.1349	 +0.9044	 -1.1580	 +0.0983
 +3.3178	 +2.7850	 -0.4613	 -0.3633	 +1.3621	 -6.7436
 -5.1904	 -7.7314	-11.4154	 +3.2284	 +1.2022	 -4.1976
 +8.3125	 +2.4003	 +9.8390	 +5.1347	 -0.4968	 -0.7870
-14.6241	 -6.3035	-10.7993	 -0.1888	 +0.3023	 -0.6353
-58.6629	+29.2619	 -7.1046	 -2.1233	 +0.9561	 -0.9812
 -0.7615	-23.0293	 +0.6880	 +0.2638	 -0.3262	 +0.5514
+18.7119	 +7.6291	 +5.7876	 +4.2351	 -2.1718	 -0.2080
-10.3531	 -1.7759	 -6.0968	 -5.5540	 -0.6242	 -0.8423
 +5.0390	 -1.2788	 -1.3710	 -1.2539	 -0.6660	 -4.7055
 -2.4420	 -7.5513	 +3.9857	 -1.5386	 +4.7276	 -1.1467
 +0.4065	 +9.8802	 -0.0254	 +3.2537	 +0.7070	 +1.4954
 +0.1162	 -5.5374	 -7.2024	 -2.8663	 -1.3429	 -3.5603
-84.9037	-169.7307	+25.4145	 +1.1294	 +0.0726	 -0.1078
-10.5496	 -6.0371	-12.0065	 -0.4608	 -1.4040	 -0.3143
 -6.9953	 +9.4070	 -0.7007	 +2.7659	 +1.1700	 -1.8792
 -2.0220	 +5.1019	 -0.2954	 -2.5775	 -2.9313	 -1.3599
 +7.8842	-13.4046	+17.6021	 +2.2395	 -0.6250	 -0.4391
 -4.9645	 +0.0750	+22.6254	 +2.1877	 +0.4268	 +1.7079
 -2.3469	 +4.0556	 +0.9299	 +1.3736	 +1.6591	 -1.9577
 -2.8252	 +4.4299	 +6.2457	 +2.1271	 -0.3219	 +2.7933
 -0.3029	-25.0753	 +7.6813	 +2.3976	 -0.9116	 -3.2108
-13.5105	 +4.3370	 -2.2044	 +0.2005	 -2.0761	 -1.1602
 -5.0527	 +0.2407	 +1.8869	 +2.2510	 +2.0533	 +0.8165
-10.3396	+14.7352	 -3.6219	 +0.0321	 +0.6603	 -2.0701
 -7.6164	+14.8724	 +9.0573	 -0.2700	 -0.2326	 -0.8803
 +9.4690	 +0.5265	 -1.6012	 -2.4196	 +1.4051	 -0.1666
 -7.3883	 -2.1553	 -5.1075	 +2.7754	 -2.2640	 -3.0508
 -6.9172	+26.5639	+10.8019	 -0.3389	 -0.6594	 +2.1575
-12.6788	 -2.1785	 +2.6496	 -3.3831	 +1.5870	 -0.6723
 +2.2639	 -0.8376	 +2.7515	 -0.7519	 -1.5957	 +5.6934
 +1.0794	+15.4161	 -9.8749	 -0.0545	 -3.5465	 +4.1825
 +2.0316	-13.5157	+24.1257	 +0.3600	 +1.3678	 -3.4006
 +3.0240	 +6.0460	 -9.9304	 -4.4488	 +4.3015	 +1.9201
 -6.4068	 -5.2936	-14.1982	 +0.8997	 -0.3580	 -4.1530
 -9.0620	 -5.2020	-13.9722	 +0.4711	 +0.3415	 +0.4600
-14.5854	 +2.6467	 +4.8098	 +2.0658	 -3.1143	 -0.2433
 -6.2286	 +2.9674	+11.3049	 -1.3576	 +1.2260	 -5.1002
-39.4903	+32.9265	-74.7855	 +1.1870	 +1.7859	 +0.2936
-15.7838	 -0.6519	 -5.0679	 -0.9891	 -2.2173	 -0.2716
 -7.5651	 +6.5219	 -2.4055	 -4.0966	 +3.6353	 -0.3400
 -2.8345	+10.5767	 -9.5029	 +0.7207	 -2.9431	 +2.5122
-16.7542	 +4.5337	 -4.1685	 +3.8754	 +0.7404	 +1.0920
 -1.1990	 -3.3883	 -4.8850	 +0.9816	 -3.4786	 -2.9947
 -1.2558	 -4.0585	 -5.5963	 -0.8157	 +0.2794	 +3.3663
 +1.2919	 +1.6448	-15.8821	 +0.7180	 +5.0832	 +2.5317
 +7.0625	 +2.9220	 +1.2295	 -1.2950	 -4.3413	 -1.2937
 +1.1181	 +0.6957	 -4.9913	 -1.7748	 +2.5603	 -2.1784
 -2.6243	 +0.3314	 -8.3996	 +3.3584	 -0.3363	 -1.9460
 +9.6428	 +7.2638	-25.5138	 -2.0371	 -1.6309	 +2.2572
+22.0702	+36.2719	+75.0826	 -1.1592	 -0.7350	 +0.7720
-11.6161	-11.9590	-12.1406	 +0.1464	 -1.1521	 +3.6580
+15.2002	 -0.8911	+19.4499	 +1.1853	 +1.4669	 -0.7774
 -0.0005	 -2.2242	 -5.2153	 +2.9057	 +2.4530	 +2.1115
 +0.6164	 -5.0027	 -6.4676	 -3.4662	 -2.8834	 -3.9282
+62.9159	+29.2728	+38.4916	 -0.9891	 +0.0470	 +0.4773
 -4.5092	 +7.4267	 -2.0410	 +0.4752	 -2.3071	 +2.8036
 -2.0058	-10.1684	 -8.0051	 +0.6424	 +1.1714	 -3.1104
 +1.8311	 +6.7511	-10.5519	 +4.1797	 +1.6449	 +1.5780
-10.8072	 +5.6736	 -1.7814	 +1.1080	 +0.1646	 -2.0315
-29.8740	 +2.2162	+20.3283	 +2.4945	 -1.3126	 +1.0575
 -2.8877	+13.2080	 -6.3079	 +0.4618	 -1.6139	 +1.9839
 +1.8602	+13.2973	-15.6279	 -0.5311	 -0.6604	 +0.4294
 +7.4796	+20.2620	 -2.4563	 -0.1703	 +1.6608	 -0.3772
 +4.0629	 -1.5633	+13.8968	 +1.7421	 -0.2875	 -4.8006
 -1.1226	-11.9413	-12.9335	 +1.7991	 +2.0315	 -2.2501
+14.7447	-13.1113	 -3.8925	 +2.6780	 +0.0529	 -0.5278
 -6.2382	 +3.4151	 -8.4958	 -1.4296	 +3.3186	 -2.7707
-17.8684	-11.1047	-13.8477	 -2.1932	 +1.6264	 -2.8205
 -0.5024	 +9.4880	-11.0582	 +0.4992	 +1.6871	 -2.4104
 -8.2257	+29.1060	-22.7871	 -1.7948	 +2.5283	 +1.3871
 +0.3541	 -6.5927	 +9.4770	 +0.8749	 +0.9882	 -0.4177
-17.8810	 -2.4526	 +6.8472	 -0.2821	 -1.1900	 -1.6041
 +4.1663	 +5.5412	 -9.7238	 -2.1288	 -2.1272	 -0.2249
 +1.1448	 -3.7024	 +8.9174	 +0.7522	 +5.1170	 +1.0540
 +9.2876	 -0.6455	 +5.3563	 -0.1447	 +3.7322	 +3.5588
 +3.9639	 -1.5825	 -5.9662	 -0.1306	 +0.8729	 +1.0600
 +3.4840	+10.2076	-10.8515	 +1.6271	 +1.8455	 +0.3005
 +5.8210	 -0.0613	-19.6346	 -2.7552	 -2.6246	 +0.8752
 +4.2151	+12.6670	 +3.3855	 -0.8005	 +0.9397	 +0.2244
 -9.1299	 +1.1069	 -9.0758	 +1.0492	 -3.3439	 -0.2381
 +0.0744	 -5.4277	 -5.5838	 +0.7322	 -1.3401	 +2.3230
-22.4144	 -3.6736	-13.6594	 -1.6687	 -2.4202	 +3.2931
 +6.8311	 +5.3512	 -6.9756	 -0.7675	 -1.2594	 -0.1139
+31.9680	+11.3969	 +5.6826	 +0.7123	 +0.0241	 +0.0140
 -5.2898	-10.4083	 -1.0835	 -1.3363	 -0.5334	 -3.0295
-10.3973	 -7.9153	 -9.5850	 -0.4493	 +2.6365	 -1.6640
 -9.4797	+15.1543	 +6.1317	 +1.5919	 -2.3477	 -1.7689
 -1.5529	 +1.8040	 -1.1216	 -0.5206	 -1.3635	 -2.0363
 -6.6916	 +5.0283	-17.5870	 +3.4817	 -1.3303	 -1.6099
 +2.2067	 -6.1209	 +1.5219	 -0.9382	 +2.0130	 -0.2276
 +3.3268	 -0.7750	 +4.5724	 +2.7261	 -1.5573	 +1.0988
 -3.9591	 -2.1021	 +3.3240	 -0.7228	 -0.8752	 +3.8073
 +8.7066	-11.1507	 -1.7890	 -4.6864	 -2.4747	 -0.3937
-82.3974	+43.1213	+28.5100	 +0.3931	 -0.0439	 +0.5167
+13.7826	+14.2935	 -0.4373	 +1.7764	 +0.0685	 -2.6890
 +9.0899	 +4.3842	 +6.4950	 +0.8102	 -1.4378	 +1.1439
 -8.7349	 -2.4304	 +5.6538	 +2.5608	 -2.9232	 -0.8215
 +2.6041	 +4.1788	 -7.1631	 -0.9705	 +0.6265	 -1.0277
 +3.1001	 -4.8490	 -5.8778	 +6.3521	 -1.6431	 +0.8671
 -1.8648	+22.4384	-38.4121	 +0.9722	 +0.9407	 -0.3798
 -8.8516	-19.4011	+14.6445	 +1.9570	 +1.3369	 +1.9451
 +3.2694	 -2.5804	 +2.2002	 -2.5040	 -2.3078	 -3.3277
 +2.4333	 +3.1298	-14.6965	 -0.5333	 -2.8378	 +2.0311
 -4.3829	 -2.6496	 +3.6542	 -1.1537	 -0.7446	 -2.1812
 -7.3708	 +1.5094	 +1.3535	 +3.0292	 +0.1972	 +0.9515
-15.9025	 +6.9969	 -9.7301	 +0.9783	 +1.1985	 +2.7136
+13.5771	 +6.3795	 -8.1509	 +0.8570	 -1.4225	 +1.3140
 -3.8255	 -0.2050	-10.2883	 +0.4566	 -1.0539	 +0.5793
+14.6045	 +4.5822	+15.8859	 -3.4647	 -2.8424	 +0.4526
+18.5194	-15.0120	 -9.7850	 -0.1220	 -1.6115	 +1.8612
 +2.4226	 -2.5726	-13.1956	 +1.9007	 +2.4859	 +0.7654
 +7.9373	-10.7506	 -8.6322	 -0.4527	 +1.2289	 +0.5172
+16.3049	 -1.8496	 -1.2043	 -3.0846	 -0.3657	 -0.3595
 +4.1242	 -4.7760	-17.3756	 -2.1243	 -0.0247	 -2.4504
 -6.8013	 -2.0677	 -5.2940	 -0.2877	 +5.2840	 +0.7454
-10.4605	-15.2159	 -4.2530	 -1.7618	 +2.6238	 -1.0464
 -3.1504	 -5.2907	 -5.4084	 +0.0800	 -2.0694	 +3.7906
 -5.0135	 +7.5433	 -6.1113	 -4.8555	 +0.1239	 +1.6285
 +8.5222	-17.0848	 -1.6810	 -3.5605	 -1.6431	 +1.5180
-31.6443	-14.6138	 -6.0550	 +1.3637	 +0.9906	 -3.3125
 +7.0383	 -3.1061	 +3.6493	 +0.8491	 +0.5288	 -4.0892
 -2.8262	-10.4294	-16.1828	 -1.7741	 -3.7938	 -2.8280
+10.5916	+13.9887	 -3.1056	 +1.5956	 +0.4441	 +2.3270
+10.8714	 +9.1857	 +4.2222	 -2.2064	 +2.8859	 -1.1768
 -7.3377	 -5.2734	 +3.8728	 +3.7496	 +2.2526	 +1.2881
-39.7308	+28.6993	+37.7875	 +0.3882	 +0.2378	 -0.1739
+24.5101	 -1.5543	 -5.4308	 +0.2195	 -0.2938	 -1.8224
 -9.9433	 +1.3068	 +2.9021	 +0.7436	 +1.7465	 -2.2335
 -7.8125	 +6.8148	+12.1057	 -0.9432	 -2.9340	 +0.7562
 -6.5818	 -8.2310	 +4.0709	 +1.6233	 -0.2917	 -3.1980
 +4.6424	+17.2636	+14.3783	 +1.5124	 +0.3697	 +0.7182
+34.6027	 +0.5161	-13.3051	 -2.1306	 -0.8386	 +0.7432
 -3.4343	 -2.9322	 -3.0409	 -1.1148	 -3.7972	 +0.9961
 -5.8132	 +8.0595	 +5.2617	 -2.2884	 -1.7137	 -2.9900
 -9.4646	-11.9162	 -3.3790	 -2.0878	 -0.9919	 -3.2381
 +3.4983	-16.9993	-21.0055	 +0.8580	 +0.5707	 +3.0425
 +2.2863	 -2.8766	 +2.5594	 +0.1898	 -5.0141	 +1.9926
-11.7245	 +0.7699	-11.5099	 -1.2590	 +0.9312	 +0.7107
-92.6582	-31.2757	+76.4358	 +1.5215	 +0.2091	 -1.3422
 +9.5016	-12.9795	 -3.0736	 -0.7205	 -1.5376	 +3.1137
 +3.8092	-18.6803	+30.1009	 -1.4440	 +3.1891	 +2.4794
 +7.5081	-20.5788	-15.7590	 +0.1782	 +2.1191	 -1.1600
 +0.7437	 -0.4129	 -1.6809	 +3.1293	 +1.0717	 +2.3365
 +5.2071	 -4.6379	 -7.0614	 -0.3585	 +3.3199	 +2.0729
 +6.0648	-11.5207	 -0.8495	 -2.5713	 -0.5896	 +2.5560
 -8.4801	 +7.2681	 -3.2266	 -3.5907	 +0.7399	 -1.5876
 -4.9737	 +7.5041	 -1.9669	 +1.8763	 -0.2257	 +4.2772
 -9.1411	 +2.5678	 -0.1319	 +3.8299	 +2.6464	 -2.3683
 +3.2397	 -3.9029	 -9.1661	 -3.1336	 +5.0992	 +1.8924
 -1.6599	 +0.8086	 -5.2224	 -2.6311	 -0.8814	 +3.8880
-15.3847	 -3.9841	 +0.5523	 +3.3691	 +1.2726	 -1.0466
 -2.2726	-12.2822	 +2.9352	 +0.1636	 +1.6563	 -2.1578
-12.9040	-14.4192	-23.4174	 -0.9614	 -1.0876	 -2.8390
 -4.9667	 +3.2942	 -2.3114	 +1.8248	 -0.5207	 -1.4048
-12.9156	-16.3156	-23.2809	 +0.6518	 +0.6466	 -1.3589
-55.4402	+17.2097	+44.2013	 +1.5646	 -0.9511	 -1.1232
-48.0332	-24.4603	+14.3006	 +1.9039	 +1.3656	 -0.7591
 +2.1826	 +8.2599	 +2.2397	 +1.1828	 +0.6299	 -5.2150
 +1.6276	 -1.6748	 +1.8670	 -1.1940	 +2.2110	 -1.6841
-73.1587	-124.7290	+118.6251	 +0.6957	 +0.1113	 -0.1375
 -6.7880	-18.7031	 -3.2554	 +1.8596	 -1.3747	 -0.5906
-10.6457	 -6.3849	-14.6043	 +1.6933	 -2.7586	 +1.6497
 -0.7156	 +1.5505	 -1.1037	 +2.3818	 +3.3705	 -3.3123
-31.6428	-28.0346	-20.7802	 +2.7212	 +0.0153	 -0.7901
 -0.9728	 -2.4256	 +1.3393	 +5.8210	 -0.8475	 +1.8408
 -3.9168	 -3.5136	 +5.4066	 -0.8419	 +0.7335	 +5.1949
+16.2615	-15.2669	+43.7310	 +1.0755	 +2.6974	 +0.6906
 +1.3487	 -1.8033	 -6.9043	 +4.4308	 -1.6400	 +2.6340
 -1.6287	 +5.5240	 -6.7613	 +3.6612	 +1.1863	 -2.8737
 -2.2487	 -7.3433	 +7.3500	 -1.5768	 -2.0949	 +5.4048
 +8.6506	-15.1637	+10.8908	 +1.5501	 -1.5387	 -2.9542
-25.5251	 +7.8795	+27.4827	 -0.6029	 -0.9941	 -0.0400
 -3.9255	-12.3077	 +4.5173	 -4.1737	 -1.6289	 -2.3563
 -0.4732	 -0.7556	 +1.9463	 -0.4472	 +1.4806	 +1.2897
+15.6109	 -2.9381	 -1.2513	 +1.0960	 -2.4496	 -0.8779
 +2.9329	 +0.6099	+10.3217	 -0.7709	 +1.3494	 +2.7976
 -8.4375	-10.3976	-12.3758	 +1.2528	 +2.3167	 +3.3018
 +0.8227	+10.1668	 +3.8156	 -1.1737	 +0.9917	 +3.6257
-15.7313	 -5.0327	+11.7906	 +0.4102	 +1.3303	 -2.9448
 -1.1928	-10.8000	 -1.6950	 +2.8516	 +0.9248	 +3.6208
+12.8054	 -0.7719	 +6.2816	 -0.2851	 -1.0155	 +0.7927
-30.3406	+16.0668	 +0.4367	 +1.8524	 -0.1591	 -1.9235
 -1.8517	 +6.6991	 +5.1372	 +1.5440	 +0.8406	 -1.2635
 +1.6209	 +0.9725	+12.4768	 +1.0763	 +2.2294	 -3.0770
 -1.5218	 -0.3605	 +7.8692	 -3.2666	 -2.8411	 -1.7423
-13.3052	 -9.3795	-15.1678	 +0.2339	 -1.4110	 -1.7194
-27.1534	+28.4919	-70.1177	 +0.5622	 -1.5634	 +1.0191
 -2.5992	+26.0406	 +2.4655	 -2.3598	 -1.0464	 +1.3812
-26.6095	+71.7136	-50.4262	 -2.0493	 -0.9063	 +0.3487
 +1.3113	 -3.9643	 -0.3816	 +5.0952	 +3.5381	 +0.0261
 +0.7254	 -6.3575	 +6.7761	 +3.3593	 +4.6001	 +0.5706
 -3.4190	+23.5356	 +7.2428	 -0.7959	 -0.3269	 +1.3683
 +7.9276	 +0.2908	-17.0925	 -0.0635	 -1.3906	 -3.7378
 -2.4922	 -5.9743	+12.6802	 +3.9059	 +0.9265	 -1.2654
 -4.4296	 -9.9603	-17.7430	 -1.8907	 +0.3061	 -1.0610
 -1.9327	 +4.0442	 +3.7136	 -3.2720	 +0.6042	 +2.6063
 -6.1091	 +2.8741	 -6.5102	 -0.0726	 -0.2653	 -1.5584
 -6.7922	-12.0165	-15.5186	 -0.4446	 -2.7544	 +0.3915
 +5.9405	 +6.2396	 -6.9442	 +3.6281	 -2.4372	 +0.6602
-12.4401	 -1.6263	+11.3013	 +0.4171	 -2.0831	 +1.5529
-17.2929	 -6.4207	 +4.2311	 -2.6669	 -2.3868	 -1.7836
-11.8855	-14.2186	 +4.5532	 -2.7789	 +3.9223	 +1.0095
 +2.0856	 -4.9558	+12.5978	 +1.9420	 -0.0147	 -0.7905
 +2.9843	 +3.8574	 +5.0358	 +1.5227	 -0.4331	 -3.9785
 -4.1583	+11.1649	 -3.5675	 -2.3658	 -3.5111	 -0.6338
 +9.1828	 +6.9761	 -3.8948	 -0.3146	 -3.1373	 -2.5037
-141.1048	-173.0447	+114.5811	 +0.3968	 +0.9134	 +0.0697
 -9.6705	+15.0955	 -7.6627	 -1.9101	 +0.6971	 +0.9459
-18.8616	+31.2365	+43.0175	 -0.1453	 -2.6107	 -0.7585
 -9.6055	 -2.9011	+15.2721	 -1.2427	 +0.7093	 +2.2472
 +7.6230	+74.2169	-80.4025	 +0.0590	 -0.1553	 +0.5049
 -5.0974	-21.6850	 +0.9063	 -0.6509	 -0.4002	 +2.5440
 +1.7653	 +1.2966	 -9.6216	 +3.4789	 -1.1212	 -0.7374
 -2.1024	+21.6661	-22.3888	 +1.9844	 -1.4200	 +1.1530
 +8.6150	 +9.7005	 -2.2845	 +5.0341	 +1.7642	 -1.6705
-20.2171	 +1.5676	 -6.7448	 -0.0197	 +3.5740	 -0.6172
 -7.6188	 -5.1237	 +1.8942	 +2.6021	 -2.8946	 -0.2431
 -0.5940	 -6.4485	 +8.2312	 +0.2567	 +3.0262	 -1.2655
 +4.5209	 +0.1561	 +0.5688	 +2.5392	 -0.3545	 -2.2531
 +1.4705	 -4.7681	 -8.8532	 -0.9910	 +2.0031	 +1.1464
-23.3986	 +5.3919	 -4.3328	 +0.0467	 -1.8052	 -0.5041
-17.2687	+16.1145	 -0.6814	 -0.6701	 -0.0891	 -0.9887
-13.2891	 +9.4471	 +0.9308	 +2.8812	 -4.0974	 -0.5466
 +2.3856	 +2.7351	-32.4326	 +0.3710	 +0.6639	 -0.2782
+10.6250	+13.0517	 -3.6720	 -2.5879	 +0.0993	 -2.8440
 +2.0740	+16.0594	-14.4758	 +1.0013	 +0.6719	 +2.9494
 -8.8084	 -4.6554	+11.2073	 -1.3443	 +0.1819	 +2.8861
-26.5164	 -4.6293	+15.4192	 -1.4204	 +1.0181	 +2.1747
 +3.4277	 +5.6570	 -5.6993	 -3.6234	 -0.0681	 -0.8660
+10.7901	 -7.2775	+10.0859	 -1.4247	 -1.4159	 -1.5895
 -2.6596	-10.5586	 -0.8673	 +0.8289	 +1.3230	 -0.2501
 -1.7053	 +7.9639	 +3.3634	 -1.9695	 +0.4465	 -3.7860
 -0.0766	-15.0091	 +7.5009	 +0.9369	 +3.0856	 -1.8950
-13.9883	 +1.1251	 -5.2370	 -2.1852	 -2.8735	 -1.3349
 +0.7617	 -9.4116	 -5.8957	 -0.9785	 +2.0287	 -1.7860
+11.0029	 -3.5985	 -3.2625	 +3.6417	 -0.1543	 -2.6402
-17.9953	 +9.6301	 -4.5335	 -0.2252	 -0.6462	 -0.0147
 -6.4363	 +8.7527	 +4.0603	 -0.7831	 -3.6996	 -1.8169
 +0.0314	 -9.2861	 +4.5453	 +5.1784	 +0.6628	 -0.2406
 -4.7190	 -1.4025	 -5.2773	 +0.2655	 -4.5407	 -3.6441
 -4.2082	 +0.1572	 +3.2024	 -0.2092	 -4.3872	 -3.6081
+10.0500	+24.8379	+22.6761	 +0.2182	 -0.7002	 -2.4691
 +7.4971	 +2.5162	 -4.4992	 +2.5739	 +2.4711	 -1.8215
 -6.1013	 -4.5857	 -1.2365	 +2.5634	 -4.8842	 +1.9084
+34.8608	 -7.9306	 -4.5074	 +1.1572	 +1.1289	 -2.3411
 +6.7794	 -1.3524	 +6.8436	 +1.3315	 -1.8715	 -1.7445
 -5.6547	 -4.5136	 -7.7239	 +2.1061	 +1.6275	 +2.4732
 +8.2728	 +8.7239	-14.7472	 -1.1023	 -0.5805	 +0.4264
 -6.8613	 -1.2421	 -0.0650	 +4.9466	 -0.3550	 +1.2289
-12.2235	 +0.1042	 -6.1339	 +2.9632	 -2.3617	 +4.4625
 +0.1386	-12.6233	 -8.6847	 -1.4316	 +0.7526	 +3.2169
 +5.8655	 -4.9961	 +1.4570	 -5.5909	 +0.5915	 +3.2471
 -4.0566	 -0.0048	 -0.5471	 +0.5462	 +0.8550	 +2.8047
 -1.9323	 +0.1921	 -0.7120	 -0.7369	 -0.0369	 -2.2445
 +2.9614	 +0.8671	 -6.4328	 -3.7980	 -3.7296	 +3.7162
 -4.2636	+43.7246	-10.4953	 +1.9847	 +0.2916	 +0.2670
 +2.2766	 -3.2008	 -2.5086	 -2.1898	 -0.6085	 +2.4046
 +1.9376	 -7.8470	-23.6644	 +2.0620	 +0.3371	 +0.8375
-11.6388	-19.4645	 -3.3942	 +1.6531	 -1.6055	 -3.1506
 +1.7298	 -5.0345	 -2.5057	 -5.6031	 +2.8522	 +1.3152
 -7.8262	-20.8822	 +0.6657	 -1.7366	 +1.9602	 +0.5205
 -5.5880	 +4.1516	-12.7701	 +0.4098	 -0.0992	 -0.1934
 -6.4156	 +1.3579	+18.1422	 -1.4012	 -1.4488	 -1.6945
 -0.3019	+11.4752	 -7.9137	 +1.0450	 -0.3306	 +4.7664
 -9.5273	 -9.0267	 +2.3422	 +3.7221	 -4.0183	 -1.1332
 -0.4207	 +1.3292	 +2.3350	 -3.8981	 -0.0537	 +5.9564
 +5.9080	 +3.9901	 -3.4828	 +0.0319	 +1.0941	 -1.3534
+10.2751	 +2.4865	+40.0410	 -1.0082	 -0.6757	 -0.6942
 +7.2426	 +2.0637	 -2.0462	 -0.4557	 +0.2026	 +1.7331
 -8.2753	 +5.7566	 -7.6215	 -0.8694	 -2.9153	 -2.4301
 +8.0054	 -3.5755	 +3.0772	 +1.3409	 -5.5117	 -1.7775
 -3.9169	 +4.7564	 -2.1352	 +4.3355	 -2.5489	 -1.3540
 -4.3931	 -9.0389	-12.0020	 +2.4310	 -1.3329	 +3.1551
-16.9533	 -2.5101	 -4.5972	 +1.9279	 -2.0502	 -2.3735
 -4.2739	 -6.8653	 +3.4117	 +0.1407	 -0.2952	 -2.2504
-62.8184	-16.4143	-25.3418	 +0.0279	 +0.3312	 +0.1708
 -1.3456	 -5.7441	 -2.7235	 +1.3796	 +3.1426	 -2.9266
-10.2915	 +1.8611	 -8.1420	 +0.4485	 +0.3503	 -3.5470
 -9.4068	 +1.0726	 +0.6941	 -1.9200	 +2.2663	 -1.7043
