# Num Particles: 1000
# Num Cores: 1
# Total Energy: -2.285739e+04
# Iterations: 881 of 1000
# Current Time: 2018-05-06 07:02:12.481171
# Elapsed Time: 13:48:16.720645
# Avg. Step Time: 0:00:56.409445
# 
# x	y	z	vx	vy	vz
# 
 +1.8654	 -0.4833	 -1.4066	 -3.5699	 -2.3078	 -0.9435
 -4.6884	+16.7292	 +4.1193	 -2.4139	 +3.1001	 +0.5981
 -3.7760	 -1.3908	 -7.5205	 +3.1584	 +3.2818	 -2.7540
-33.7677	+11.8306	 +8.1837	 -0.1606	 -2.3198	 +0.8571
 +5.3052	 -2.5047	 +0.0287	 -1.4174	 +5.6817	 +0.7821
 -1.5756	 -0.5307	 +8.8599	 -3.5708	 -1.2802	 +2.3749
 -5.9013	 -1.8846	 -4.9824	 -1.3040	 +5.0738	 +3.0934
-12.0465	-10.9973	 +4.7023	 -0.2977	 -1.6859	 +1.1650
 -5.4414	-12.2059	 -8.7483	 +3.5375	 +4.9039	 +1.2572
-29.2410	 +8.7734	 +3.7619	 -0.4814	 -2.5378	 -0.1013
 +2.9797	 +9.1817	 +1.9370	 +3.8151	 -2.6084	 -4.1779
 +1.9469	 -4.6223	 +1.3293	 -2.4850	 -1.4028	 +2.3148
-13.8415	 +6.0005	 -3.5293	 +0.6482	 -1.6584	 +2.7965
 +9.7111	+16.8746	-29.8784	 -2.5170	 +0.0712	 +0.5884
 -7.2214	 +1.9791	 +0.5261	 -0.7111	 -1.8263	 +0.5916
 -4.5677	 -6.4399	 -5.6333	 -4.5070	 +1.5698	 +2.3882
 +6.4077	 -8.1232	+11.9061	 +2.1660	 +2.3266	 -0.3230
 -6.4972	 +2.9574	 -4.1346	 +2.7250	 -0.9479	 +5.3308
 -8.2443	 +7.6099	 -9.4463	 -1.6672	 +3.2671	 -0.0506
+93.2196	-35.3165	+79.6895	 -1.5226	 -0.7883	 +0.0773
 +6.7767	+11.3115	 +5.0856	 -1.3354	 -0.0218	 +1.7178
 +0.5179	 -0.5781	 +5.9453	 -0.8291	 +3.9674	 -1.3872
 -9.2951	 -6.1440	 +5.4626	 +0.9450	 -1.8432	 -1.8503
 -3.9351	 +3.8677	 +3.0129	 +2.1404	 -1.2015	 -3.9910
-10.7874	 -6.2554	 +2.9975	 -1.9164	 -1.1163	 +0.6770
-47.1952	+35.8008	-10.1899	 -0.9851	 +1.5162	 -1.1900
 -0.2103	 +0.5374	 +1.0782	 +1.3153	 +4.5745	 +1.2442
-19.1805	 +8.4976	 -8.7468	 -0.1041	 +1.8586	 -2.7644
 +6.1049	-13.6650	-11.0848	 -3.6353	 -2.1413	 -0.7992
+13.5014	+16.1190	 +6.0408	 +1.4389	 +3.5592	 +1.6986
+24.5476	 -4.2660	-12.1749	 +1.5400	 +1.0873	 +0.6402
-58.9696	+23.7600	+14.2413	 +0.1657	 +1.7152	 +1.6531
 -9.1114	 +4.9624	+17.6168	 +1.8207	 +1.3886	 +1.6364
 -0.0421	+15.6282	-10.9768	 +1.3512	 +1.1903	 -0.2911
 -2.1978	 -4.7202	+11.7159	 +1.5155	 +0.6747	 -4.1902
 -5.8655	 -1.7787	 -6.2490	 +3.2271	 -0.0152	 +0.6317
 -3.8925	 +4.7028	 -1.4043	 +2.1553	 +4.0257	 -2.3331
 +5.0484	 -6.0716	-12.6735	 -3.0247	 +1.7728	 -1.0799
 -4.8716	 -0.7203	 -1.1707	 +0.5336	 -6.0174	 +1.5691
 -4.6454	 +1.3995	 -5.8899	 -0.5498	 -4.8800	 -1.3917
+22.0359	-31.6418	 +8.0272	 +0.2958	 -1.4564	 -0.6559
 +3.3063	 -9.5385	 +8.1971	 +0.5543	 +0.0972	 +0.3056
 +3.1642	 +2.7760	 +5.5837	 +1.7049	 -3.9079	 +0.3607
 +5.1212	 +2.3702	 -1.7693	 -0.0970	 +2.6869	 +1.8264
+10.7172	 +7.9932	 -3.6957	 +0.3973	 -3.7986	 +3.4794
 -2.9760	 -0.7057	 -2.7489	 +3.7838	 +1.3669	 -2.8173
 +7.7465	 +9.2397	 +5.1320	 -0.8610	 -3.1890	 +1.9440
+24.5370	-13.0764	-10.7798	 -2.6078	 -0.3531	 -1.2439
 -8.7706	 -3.7784	 -2.3093	 +0.0574	 +0.6164	 +1.3463
 +7.4699	 +0.8808	 +4.4847	 -2.0692	 -2.9205	 -0.5093
-23.3047	-52.4785	-23.4144	 +1.4273	 +0.8866	 +1.9170
 -0.4017	 +3.8693	 +1.0854	 -0.0203	 -0.8749	 +3.6744
 +1.5605	+14.7794	+25.2331	 -2.5454	 +2.4665	 +0.4012
 +0.0579	-20.0444	 -4.0109	 -2.2519	 -0.8602	 -2.5217
 +8.6971	+14.1874	+64.8480	 +0.3549	 +2.1442	 +0.9481
-27.3701	 -0.2946	 -4.0232	 +2.0099	 +0.9789	 +0.2349
 +0.8525	 +1.6283	 -4.8485	 -7.8633	 -0.1347	 +0.2761
 +5.9557	 -5.1391	 -3.6230	 -0.5641	 +1.9542	 +3.0983
 +1.1011	+15.6039	 +0.4827	 -1.2422	 -0.7653	 -1.9644
-19.7535	 +7.1134	 -1.1249	 +0.2950	 +4.3771	 -2.1564
-28.4323	 +6.1527	-10.6076	 +0.6056	 +0.1811	 -2.1927
 -5.5079	+28.8880	-19.6566	 +0.7362	 +1.8174	 +1.2237
 -4.2249	+10.3445	 +1.1470	 -0.6887	 -2.3880	 +0.5226
 +3.1979	 +6.9255	 +8.2044	 -0.0393	 +2.3271	 -2.4919
 +0.9580	 +1.0501	 -8.7623	 +0.2576	 -0.2278	 -1.5949
 -5.1378	 -5.3976	 -1.9725	 +3.7439	 +3.2937	 +2.8028
 -0.1492	 +3.2917	 -4.0845	 -3.0462	 -1.4430	 -6.6748
-30.3615	-25.3875	+23.9379	 -1.3317	 -1.0256	 -1.0549
 +0.7473	 +9.9812	 +8.6247	 +0.2004	 +4.2076	 +1.5876
 +3.7139	-14.2943	 -0.4068	 -0.3530	 -0.0107	 -2.5176
 +3.7349	 +2.7132	 +1.7881	 +0.7080	 -2.1669	 -0.7590
 +9.7676	+15.2947	 +1.3021	 +0.7122	 +2.0375	 -0.7309
 +7.0058	 -3.7822	 +4.0754	 -1.4147	 +0.4516	 +1.7969
 +0.7176	+15.1166	-104.6602	 +1.9399	 -0.0444	 -1.0729
+16.4623	 -7.4037	 -5.8260	 -2.9269	 +3.5079	 +1.5051
 -3.5764	-19.8405	 +7.8712	 +3.1839	 -1.2302	 +1.8701
 -0.9802	 -7.8827	 +1.0396	 -2.2808	 -0.7490	 -1.0960
-10.1262	 -4.0897	-13.0617	 +2.0389	 +3.5130	 -2.8951
 +2.8831	-12.1755	 +3.9234	 -1.7707	 -0.7562	 -2.2963
+29.1857	 +3.3123	 -4.1529	 -0.7508	 +2.3066	 +0.3418
 -0.2732	 -0.1501	 -7.2057	 +0.4047	 +0.9017	 +0.2789
 -3.9515	 +6.7724	 -4.3443	 -2.4401	 -4.5212	 +2.3857
 -1.2910	 +0.3556	 +0.2356	 -1.0743	 +0.3383	 -5.1921
-16.3155	+16.8082	+38.5038	 -0.3131	 -1.4257	 +1.9659
+21.2000	+17.6526	+19.2730	 -0.3075	 +0.6656	 +1.2489
 -5.7183	-12.1234	-13.8703	 +1.9759	 -0.9447	 -2.8054
 +4.2122	 +4.0401	 -8.1546	 +4.1548	 -0.0144	 +3.0515
 -6.0354	+23.6679	 +6.1769	 -0.2212	 -1.1244	 -1.3562
+10.6932	-22.9899	 -5.4238	 +1.2905	 +2.4366	 -1.8068
 -6.4073	+13.5410	 -4.3931	 +0.6124	 +0.7229	 +0.4408
 +6.0157	 +3.8263	 +4.0606	 +1.1916	 -2.4187	 -2.5586
 -1.7163	 +0.6971	 -2.8455	 +0.7916	 +0.0480	 +1.9197
-19.0112	-31.4918	-48.3054	 -0.4718	 -0.3454	 +0.3929
-21.2357	 -9.3645	+16.0961	 -1.0047	 -0.8902	 +0.6900
 -8.2908	-11.2220	 +0.4203	 -0.0636	 +0.1691	 +0.4267
 -4.7609	 +9.4219	-14.1194	 -2.8318	 +0.8024	 +1.5215
 -8.8050	+21.5084	 +2.9228	 +0.4554	 -3.1411	 +2.7740
 -9.5842	 -2.2068	 +4.3919	 +0.9100	 +0.7101	 -5.1778
 +9.3839	-10.9652	 -5.1760	 +3.0586	 -0.4846	 +0.7666
+13.1386	 +7.1331	 -5.4744	 +1.2949	 +1.7918	 +4.8541
-19.7796	-11.1040	 +1.2756	 -1.1506	 +1.9965	 +0.5589
+11.0018	 +1.6238	 +8.3735	 +1.0128	 +0.1046	 +2.1789
 +0.9623	 -2.8328	 +4.9452	 -2.1536	 -0.9280	 +1.9416
 +2.2688	+10.0289	 +6.7768	 -0.5734	 -1.9262	 +3.0989
 -0.2475	 +1.3777	 -4.5908	 +0.4221	 +0.1777	 -1.6133
+12.6235	 +8.0086	 -7.7886	 -1.0174	 -0.6782	 -2.7534
+10.9174	 -8.7038	 +2.1907	 +2.0194	 +3.3541	 -4.1281
+10.7916	+11.1775	 -3.7834	 +2.2750	 +0.1643	 -0.1261
+27.9890	+22.0721	+10.8177	 -0.6507	 +0.8051	 -1.3280
 -0.7893	 -1.6725	 -0.8080	 -3.6547	 +0.3694	 +5.2254
 +7.9241	 +1.5018	 -1.6320	 -1.7047	 -3.7791	 +1.1236
+472.3347	+393.4006	-224.7617	 -0.2845	 +0.6690	 +0.3174
-139.7475	+108.5107	+203.4182	 -0.0849	 +1.1172	 +0.4030
+28.9759	 -9.7254	 +3.7894	 +0.6751	 -0.3096	 -1.4311
 -8.8554	 -5.6135	 +0.5752	 -0.2186	 +0.9684	 -5.8847
 -4.1882	 -4.5825	-10.2727	 -0.0230	 -4.5996	 +1.9153
 -3.9575	-10.3054	 -7.1827	 -3.0174	 +2.0323	 +1.5687
-59.6446	-13.7939	-16.1454	 +2.0655	 +0.3545	 -0.6269
 +2.6470	 -0.1484	 -0.8022	 -3.1464	 +0.4059	 +0.5196
+48.0031	-27.0149	-40.0736	 +0.0100	 -0.4397	 +0.6868
 +6.6457	 -5.9518	 +2.4481	 +1.8833	 +0.0989	 +5.1784
 +2.9807	 -7.3756	 -4.5141	 +1.4813	 -1.2028	 +0.1962
 -2.0259	 +4.5400	 -4.0054	 -1.1053	 -3.3618	 +2.0506
 -8.8657	 +8.8747	 -2.4461	 +3.6807	 +1.2180	 -0.7220
 -3.7764	 -0.5446	 -6.2223	 -0.4074	 -1.2158	 +0.6637
 -1.6286	 -2.7915	 -8.2928	 +1.9927	 -2.5586	 +2.7126
+10.4321	 -1.1268	 +1.4177	 +0.8593	 -0.2674	 +4.3292
 +8.5739	 +0.3623	 -4.9837	 +0.6482	 -0.1566	 -0.2865
 +3.6479	 -2.3695	 +2.5955	 +1.5904	 -2.5968	 -2.7291
 -8.3427	 +9.8494	 +1.9972	 +0.3565	 +2.5602	 +3.3889
+14.4553	+22.6359	-173.2555	 +0.0578	 -1.1788	 -1.1897
 -3.4688	 +4.7369	 -9.1398	 -4.3245	 -2.4830	 +0.1404
 -9.6788	 +0.3510	 +5.9155	 +1.2402	 -2.9585	 +0.5804
 +0.8014	 +4.7939	 -5.0062	 +4.5475	 -0.6280	 +0.5570
 -0.0487	 +6.7874	 -1.2056	 -0.9370	 +0.9527	 -0.9797
-18.4061	+11.4137	-23.9810	 +0.5326	 -2.1528	 +2.3172
+13.7800	+13.7792	 +0.8142	 -1.4958	 +2.3289	 +1.7915
 +6.0926	-30.9688	+19.1077	 -2.0550	 -0.9195	 -0.2774
 -1.9234	 +2.5152	 -7.4154	 -1.8605	 +3.4141	 +2.4441
-11.7912	+12.1669	 +7.9046	 -1.2635	 +3.0253	 +0.8187
 -2.7172	 +3.0643	-10.3499	 -2.2133	 -1.2072	 -2.0767
-18.9670	 +1.3902	 +2.0967	 -1.4639	 +2.4729	 -2.8946
 -1.8791	 -2.3698	 -4.9828	 +1.9641	 +0.5322	 +1.8985
-11.5816	+21.5150	-32.4238	 +2.8695	 +1.6083	 +1.3623
+59.7748	-10.0961	+18.0290	 -0.1949	 -1.8819	 -0.4668
 +1.5643	 -0.5616	 +9.2716	 +1.7654	 +0.6554	 +3.1914
-38.4655	-61.5954	+52.9658	 -1.1301	 +1.2936	 +0.7326
 -5.8279	 -5.1147	 +2.4186	 +0.7709	 -4.6334	 -0.1891
 +5.5738	 -4.7997	-21.3547	 -3.4337	 -1.4362	 -0.2058
+12.3089	 +9.7848	 -2.2276	 -1.6979	 -0.5608	 +0.7611
 -4.3865	 +3.1824	-19.0542	 -1.2703	 -1.6985	 -1.2882
 +8.1997	+11.9919	 -8.1316	 -2.3242	 +0.6398	 +0.7798
-15.3851	 +9.9687	 -0.2192	 +1.5807	 -0.3955	 -0.1192
 +5.5853	 -9.9437	 +5.0020	 -0.4561	 -0.0382	 +1.4150
 -6.8438	 -2.8534	 +0.1596	 -2.2935	 +4.8829	 +0.7614
 +5.5561	 -0.8949	 +9.2439	 +3.5308	 -1.9188	 +0.9185
+16.0899	 -3.0681	-14.3940	 -0.0232	 -1.5652	 +2.3915
-15.4914	 +9.9067	+23.6800	 -2.4985	 +0.4103	 -2.0926
 +7.1920	 -7.7733	+10.2143	 +0.0270	 +0.4357	 -1.5572
 -5.3287	 +1.2347	 -1.6570	 -0.9872	 +0.6637	 -0.0563
 -3.7851	 -5.4717	 +0.6916	 +3.6007	 -1.4233	 -2.8177
+19.5679	 +2.6087	-16.3574	 +2.4131	 +1.7483	 -2.4424
 -4.1461	 -3.2720	 -1.4126	 +4.0816	 +0.9685	 -0.3680
 -9.0462	 -6.1556	 -3.3459	 -1.3470	 -4.6241	 -0.4942
 +9.8784	 +8.3637	 +3.4123	 -1.1373	 +1.2549	 -2.2556
-14.2380	 +1.9572	 -4.4985	 +2.4627	 +0.9464	 -2.3502
 -1.3821	 -0.8408	 +0.4608	 -1.7693	 -3.1366	 +2.5029
 +5.7932	 -6.1125	+11.8486	 +3.8172	 +2.7438	 +1.3493
 +5.0133	 -2.5704	 -2.2080	 +0.1395	 +0.1776	 -2.0781
 -2.6945	 +0.7010	 +5.9394	 -4.2741	 +2.7045	 +0.4897
 -1.3168	 -5.4338	-11.1678	 +2.6814	 -0.1002	 +4.3507
 +0.6193	 -1.2827	 -4.2093	 +0.6243	 +0.0554	 +3.2329
 -2.1330	 -1.9130	-16.4067	 +0.7210	 -0.1795	 +2.9165
+18.6723	-13.8965	+15.9971	 -2.2085	 +0.4569	 -1.9123
+14.2130	 -5.4020	-27.5164	 +1.6625	 -1.7603	 -2.3853
+35.2300	+32.9337	-26.1027	 -2.6372	 +0.5020	 +0.2221
-15.8809	 +8.7221	-13.7840	 +2.6053	 +2.4582	 -0.6347
 +3.2475	+11.8765	 +2.0618	 -0.8291	 +5.4244	 -0.2656
 -4.7784	 +4.8481	 -6.3775	 -0.2318	 -1.6449	 -1.6946
 -2.8668	 +5.5988	 -0.5275	 -0.8528	 +1.1392	 +3.0517
 -1.7946	 -4.7589	 -0.7624	 +5.0399	 -0.2672	 +1.0697
 -4.5769	 -7.4158	 +3.1034	 +2.1673	 -2.3675	 -1.0974
 -7.3916	 -1.6917	 -6.0622	 +1.4282	 -0.2401	 +2.0026
 +5.1322	+22.6772	-26.5197	 -1.5829	 -0.4809	 +0.3405
 -1.2103	+12.3912	-22.1562	 -2.5304	 -0.0610	 -0.7296
 -1.2053	 +3.9059	 +0.6942	 +3.1769	 +0.0599	 +1.6244
 -4.0363	 -9.5470	 -0.2665	 +0.4703	 +0.0584	 -3.1335
 -0.4045	 -4.6387	 -2.2774	 +0.4377	 +0.0904	 -2.3075
-13.9289	 -1.2327	-10.6130	 +2.5873	 +1.8317	 +0.6198
 +1.4119	 -3.0790	 +1.1435	 -1.4369	 +0.3683	 -2.3109
 -9.7910	-26.9135	+11.1787	 -0.0651	 -0.1476	 -0.1948
 -7.1858	 -1.1554	 -0.4252	 +0.6619	 -1.7782	 -3.1317
-12.7161	+15.1396	-40.4738	 -1.2859	 -1.6449	 -0.3614
 -4.0829	 +6.4703	 -3.4537	 -1.0790	 -2.8388	 -3.8970
 -4.0267	-16.6452	 -8.2429	 -1.4220	 +0.0186	 -1.2634
 +0.1263	 -5.1128	 -3.3878	 +2.2201	 +0.6425	 +1.5767
-14.6415	 +4.4389	 -6.1485	 -0.0579	 -2.6872	 -1.5095
+20.2670	-98.5228	-28.0625	 -1.4051	 +0.4754	 +1.0535
 +4.5421	 +0.2571	 +5.3508	 +1.2662	 -4.3375	 -2.5109
+13.1425	 +9.7987	+13.0902	 +0.5757	 -0.7256	 +2.4677
-15.2787	-17.2696	 +6.1902	 +0.3200	 +2.5359	 +3.3345
 -2.2981	 +7.0892	 -7.3326	 -5.9503	 -2.4124	 -0.3939
 +1.6127	 -7.7279	 -4.8503	 +0.6748	 +2.8425	 -2.1358
 -4.4503	 +1.1092	 -2.7197	 +4.7647	 -3.5137	 -0.7235
+10.0599	 +3.9730	 -5.5224	 +0.9602	 +2.7301	 -3.0073
 -3.5868	 +6.2885	 -1.8258	 -1.0407	 +2.2422	 +1.1626
 +2.0240	 -0.5885	 +0.5666	 -3.0292	 -1.2755	 +1.9517
-25.5446	 +3.0580	+16.8571	 +0.2198	 -2.8632	 +2.1948
-11.7061	+53.4849	-24.7319	 -2.0049	 +0.0473	 +1.5692
 -3.0955	 -2.2540	 -2.6833	 -3.2936	 +0.6255	 -4.4583
 -7.3162	 -6.4362	 +2.6340	 -2.6228	 +2.0766	 +2.9140
 +1.0550	+13.1571	 -5.4908	 +2.7960	 +1.0310	 +1.3451
 -7.8385	 -8.1103	 +5.8381	 +2.4208	 -2.8986	 +1.8818
-26.3154	 -2.0945	 -3.2544	 -0.8535	 -0.2377	 +1.0755
 +8.2815	 -7.5413	-19.5975	 -2.5783	 +1.3567	 +1.4815
+121.2775	 +6.2372	-37.6531	 +0.1126	 +0.1406	 +0.7525
 +9.5957	 -4.3142	-29.1581	 -2.1712	 -2.4350	 -1.0914
-10.2450	 +2.3330	 -3.4032	 -0.4261	 -1.3216	 +1.7920
-17.0360	 +0.3602	 -9.4686	 +0.9720	 +1.2815	 -1.1728
 -3.5041	 +4.6654	 -1.2702	 +2.6648	 -2.8960	 -0.4020
+21.9057	-27.3606	 -9.9107	 -2.0237	 +1.3856	 -0.2758
 -0.8771	 +0.4016	 -1.7725	 -2.9936	 -4.6143	 -2.1103
 +3.5536	 +5.2050	 -4.1073	 +3.8587	 +0.2011	 +3.7309
 -9.0505	 -0.4078	 +1.9130	 +1.5844	 -1.6177	 +3.1284
 -3.4176	 +1.4323	 +6.0046	 -1.9957	 -0.1799	 +3.4920
 -4.9954	 -1.4549	 +1.9937	 +0.2496	 -1.2364	 +2.3116
 -2.5489	 +1.7083	 +7.5428	 -1.9388	 -1.5808	 -2.5758
 -4.5610	 -2.8627	 -4.6580	 +1.3506	 +2.2620	 +3.1426
-10.6080	 -2.1938	 -3.9339	 +1.2083	 +1.1673	 +1.3464
+10.6595	 -5.2028	 -5.3211	 +1.0404	 +0.4126	 +0.8763
 -0.2363	 +0.3896	 +0.5491	 -3.5274	 +1.4444	 -2.5643
 -2.7002	 -5.9941	 +1.3866	 -0.3557	 +1.0331	 +0.0248
 -9.8561	 -3.7104	 +4.6551	 -2.8299	 -1.6586	 -1.8323
 +9.7943	+12.3758	 -1.8427	 +0.2213	 -1.5100	 -0.6863
 +1.1806	 +9.9370	 +7.9476	 +1.0615	 +1.5677	 -2.4895
 +8.4473	 +0.5437	-20.0329	 +0.7159	 -1.8759	 -0.8351
 -3.1249	 -1.0165	 -7.2413	 -1.1825	 +5.2959	 +2.9525
+12.1092	-24.1728	 +9.9964	 +1.2137	 -0.6440	 -2.1005
 -8.1103	 -6.0452	 -2.2611	 -0.7664	 -1.3752	 -3.0304
 -0.9335	 -3.6451	 -1.2075	 +0.9108	 -0.5935	 -0.0109
-60.5536	 -4.6590	 +3.1669	 -0.9046	 -1.5198	 +0.3896
 -4.0576	 +0.9248	 -9.3587	 +0.4086	 +1.5299	 +1.9145
 -1.0506	+17.3686	-12.4756	 -0.8455	 -1.4626	 -0.9084
+10.2371	-10.0420	 -0.2006	 -3.0873	 +1.7151	 +0.1318
 +1.0056	 +7.0939	 -7.5385	 -0.4775	 +0.1615	 -2.0532
 +4.8530	 -4.7304	 -4.4571	 +2.0770	 -3.7649	 -2.3070
-27.0984	 +0.1988	+33.9127	 +1.0254	 +1.2247	 -1.6007
-17.6826	 -1.3183	 +3.2395	 +1.5884	 -0.1350	 -1.7604
 +2.9200	+12.7817	-10.0033	 +1.6880	 +0.2054	 +0.8561
-22.9382	-24.9597	 -9.7487	 +2.6694	 +1.4874	 +2.0468
 +0.7799	+26.3052	 +7.1921	 +2.8409	 -1.1233	 -0.1762
+14.1228	 -9.2749	+12.0376	 +2.5381	 +1.6075	 +1.8456
 -7.9734	 +6.2678	 -3.7996	 -1.1335	 +2.9812	 +1.3172
 +9.1455	 -4.1106	 +7.3320	 -2.1434	 +2.0642	 -0.1535
+1872.8519	-32.4975	+790.7429	 +0.2205	 -0.2337	 +0.0658
 +3.5088	 -6.2442	 -2.0367	 -1.3537	 +0.6051	 +3.3614
 +3.1432	+14.0872	 +2.6519	 -2.7638	 -0.0182	 +0.5074
 -6.3557	 -2.0698	 +2.6608	 +1.4222	 -0.3057	 -5.1598
 +4.0638	 -7.3860	 +1.3946	 -5.3999	 +3.2264	 +2.0812
 +9.4312	+11.4408	 -8.0041	 -0.0418	 -1.5584	 -1.2027
-61.6542	-57.5115	-70.7560	 -0.7309	 -1.1738	 -0.0941
 -2.3738	+12.4225	+10.4642	 -1.4015	 -0.0622	 +5.5013
 -5.6755	+12.3978	 -2.2862	 -3.9029	 -2.0031	 -4.5852
+22.1479	-16.7874	+10.0177	 -0.6883	 +2.1815	 -0.4575
 +4.4977	 +2.1467	 -0.2027	 -2.6638	 -1.0955	 -1.3060
+12.8701	 -3.6178	 -1.9987	 -2.9775	 -4.6087	 +1.5187
 -3.4382	 -0.6150	 -3.5058	 +2.2668	 -6.1909	 -1.2088
 -6.6395	 +7.7065	 -0.4171	 -0.4806	 +0.5524	 +1.1926
 -2.6103	-10.9989	 -9.8107	 -2.8146	 -2.9610	 -1.5760
 +2.6830	-20.8938	-11.5143	 -0.0870	 -0.4825	 +1.5702
 -2.3628	 +7.1227	-11.9714	 -0.6377	 +3.1515	 -1.6218
 -6.8295	 -1.8085	 +2.8042	 +0.8844	 -1.1274	 -1.1599
 -9.6295	 +7.9961	 +6.1906	 -1.8566	 -0.8618	 -2.0369
 +4.9799	 -3.8790	-13.2158	 -2.6741	 +1.9737	 -1.2847
 -3.5230	 -2.8462	 -4.6786	 -3.1987	 -2.3785	 -2.0446
 -6.9385	 +6.6152	 -5.0789	 -3.2750	 -3.4751	 +4.9882
 -2.3264	 -4.9856	 -3.6107	 -3.0662	 +0.1613	 -3.2226
 +3.7187	 +3.5271	 -4.2006	 +0.1025	 +2.0157	 -1.1585
 +1.7942	 +8.5834	-21.5167	 +0.2833	 -3.2654	 -2.6616
-10.8208	 +6.2910	 +9.0077	 +0.7009	 -0.9542	 -0.6498
 +7.5521	 +5.4524	 -8.9140	 -1.8436	 +0.1823	 -0.0622
 +5.2354	 -9.0054	 -5.1840	 -1.4756	 +1.2023	 -1.4148
 +5.0279	 -6.1774	 -0.5409	 +3.4024	 +2.7629	 -0.9481
 -9.9911	 +7.8990	 -3.4092	 -2.8788	 +1.9350	 +0.1961
 -0.9635	 -8.2277	 -6.1952	 -0.8202	 +1.8774	 +2.7171
 +2.6910	 -0.7205	 -3.0984	 -3.8083	 -2.1402	 +2.3210
-20.5581	 +4.6571	 +5.4425	 +1.2272	 -1.2692	 +3.1220
-25.8357	 -8.5176	-15.4446	 +1.4166	 +0.0656	 -2.2884
 +2.0986	 -9.2434	-11.9327	 -0.1295	 -2.8180	 -0.9823
-128.9766	-49.2415	+76.6920	 +0.7658	 -0.9158	 +0.6368
 +0.1415	 -1.6459	 +1.1978	 -1.7265	 -2.5736	 +2.2123
 -6.6093	+11.5721	 -4.4867	 +3.0095	 +0.4094	 +1.1646
+15.2158	 -1.6717	-11.6865	 -0.0037	 +1.8012	 -2.2397
+12.7998	 -3.5011	-14.2421	 +0.4861	 -1.6671	 +1.4802
-12.7205	 +6.0972	 -2.2193	 +2.7687	 -2.6231	 +2.4961
-15.3214	+10.3648	 -4.8205	 -1.1757	 -2.1932	 -1.6408
 +2.2792	 +1.1037	 +4.6497	 +0.0555	 +4.3186	 +2.9307
-110.6973	-106.1627	+100.6152	 +0.4369	 -0.2198	 -0.1560
 -1.9027	+38.4453	+11.3310	 +2.3236	 +0.0542	 -2.1683
-26.7954	-18.4389	+21.9074	 -0.2321	 +1.7413	 +1.4576
-12.8217	 +5.6690	-37.5900	 +2.6694	 -0.6979	 -0.9839
-21.2437	-12.6074	 -8.9914	 +0.2354	 +2.7551	 +0.2908
 -4.7317	 +0.9426	 +4.2457	 +0.8699	 -0.9793	 +1.5277
 -1.3824	 +2.3189	 -5.2166	 -2.4178	 +0.0754	 +3.6156
+13.1576	 -6.1171	 +0.1691	 -1.3400	 -0.6170	 +0.8951
 -9.6771	+11.9232	-10.5807	 -0.4710	 +0.7298	 +0.8977
 +0.0284	 +2.4507	 -5.6775	 +7.6492	 +1.0756	 +0.1892
 +3.5526	-16.0937	 -4.3919	 +3.0340	 +2.1788	 -1.9244
+14.4505	-86.8183	+11.6825	 -1.0330	 +1.5580	 -1.2414
-17.4273	 +2.9280	 +6.4008	 +1.7218	 -1.0246	 -0.6405
 -2.2129	 +1.4674	 +2.0495	 -0.9122	 -2.7894	 -2.8638
 -3.6177	 -2.1238	 -2.0619	 +0.1142	 -0.9967	 -1.1194
 -1.3142	 +3.5059	+13.7947	 -0.2187	 +1.2674	 -0.4676
 -0.6223	 -2.9454	 +1.9623	 +3.2030	 -3.0978	 -1.3677
 -0.3874	 -9.6328	 -3.1597	 +1.6316	 -0.1845	 -5.8685
 -4.7290	 +1.0807	-12.4508	 -0.4036	 +1.8675	 -4.8402
+10.8156	 -9.1709	-25.1251	 +0.5862	 -2.7993	 -1.2778
 +1.3765	 +3.2243	 -3.8575	 -1.2115	 +1.3154	 -2.8646
 +2.2957	 -9.3780	 +4.9608	 -3.4741	 +2.0361	 -1.7352
 +1.8669	 +6.2782	 -1.3692	 -1.6025	 +0.8142	 +3.1425
 +1.1168	 -2.5121	 -3.3046	 +3.3396	 +1.1711	 -0.6961
 +5.0923	+18.4296	 +3.4006	 +4.2907	 +2.3409	 -0.3767
 -2.6736	+13.5562	-23.2088	 +0.3013	 +1.3197	 +0.2331
 +0.6757	 -1.0621	 +9.3553	 -0.1847	 +0.2693	 -1.2078
 -5.3829	 -3.4947	 +0.1471	 +1.9696	 -2.7844	 +0.7859
 -3.3870	 -9.6741	 -8.1084	 -3.4847	 -1.1946	 -1.5644
-151.9924	-57.9932	+203.9811	 +0.5518	 -0.6715	 +0.1950
 -0.8114	 -1.5323	 -2.4746	 +1.2905	 -3.0993	 +3.0478
 -5.4008	 +3.7652	 -0.3103	 -2.5999	 +2.1004	 -2.3516
-14.4681	 -6.8109	 -4.9787	 -0.4992	 -1.1979	 -1.7103
 -2.3376	 +6.9791	 +5.8740	 -0.4424	 -4.7886	 +2.6918
 +0.5013	 -1.3580	 -6.4288	 -1.0403	 +0.8700	 +4.6485
+22.7938	+49.5574	-16.5303	 -1.4260	 +0.8542	 -1.7980
 +4.8885	 -9.0157	-15.7502	 -0.4674	 -0.9494	 +0.6105
 -3.5407	 +7.9004	-12.5188	 -3.6309	 +0.2585	 +0.3376
 +7.4352	 -1.7012	+10.4330	 -1.3648	 -1.6406	 +4.9386
 -3.7326	 -4.2522	 +9.0264	 -0.4972	 +1.4567	 +0.9234
 +3.9122	 +2.0794	 -2.1457	 -1.9483	 +0.0725	 +3.3522
 +2.2607	-11.7128	-10.2125	 +2.1453	 +0.4022	 +0.1423
 -0.8698	 +0.5671	 +0.6871	 +1.0609	 -0.3032	 -2.4689
+10.3275	 +8.9127	 +6.0161	 +0.4584	 +1.1815	 +0.6932
 -0.2856	 +4.8707	-14.0027	 +0.0366	 -0.1756	 -0.7102
-17.1533	 +1.4339	 -9.4869	 -0.5058	 +0.0387	 -3.3344
 +1.0080	 -6.2162	 -3.9018	 -1.3940	 -0.3703	 +1.3151
 -1.7602	 +8.8619	 +0.1158	 -1.6357	 -0.5751	 -2.5610
 -5.1797	 -5.8144	 +4.6725	 +1.3629	 -0.8442	 -1.5671
 -1.0815	 +2.5982	 -2.7771	 +0.7568	 +0.0552	 -3.0290
 +0.7705	 +2.0413	+34.4390	 +2.2707	 +2.2704	 +0.8823
 +0.5119	 -2.9867	 +0.0403	 -0.9008	 -0.2880	 +1.6222
 -9.5314	 +4.8799	 +0.3421	 -0.2295	 +3.9121	 -1.6604
 +7.5144	 +7.2842	 -1.5740	 +1.8071	 -0.6058	 -2.3764
+14.5424	 -6.6298	-16.4379	 +1.3483	 -1.6696	 -1.4368
 -7.4176	 +3.7659	 -4.5468	 -1.8572	 -2.4423	 +0.4657
 +5.6827	-10.0186	+11.1931	 -2.6578	 +1.7607	 +0.7379
 +2.1185	-14.6678	 +6.3503	 -0.9690	 -1.7776	 +1.9956
 -9.0491	+27.6556	-49.2841	 +0.8012	 -0.2916	 -0.2352
 +6.7659	 -2.7462	-41.8143	 -0.3779	 +1.2429	 +1.9052
 -8.6352	 +0.6196	 -1.7178	 +0.2745	 -1.2997	 -1.5618
-10.7920	-14.2677	-10.8482	 +2.8143	 -0.1415	 +1.3505
 +2.8565	 -2.2400	 +1.6266	 -0.2939	 +1.2806	 +1.7141
+14.2682	+15.5788	 +3.3675	 +2.4544	 +0.6309	 +0.6857
 -8.1964	-62.4393	 -8.6958	 +1.3846	 +1.4930	 -0.6414
 -3.1558	 -2.4263	-11.8484	 +1.5969	 +3.2633	 -1.2845
 -6.4704	-11.6446	 +5.0422	 -1.9572	 +1.8044	 -1.2518
 -9.4497	 +7.7013	-21.5727	 -3.8872	 +1.3448	 +0.7544
 +7.2714	-16.6545	+16.3395	 -0.4546	 -3.1936	 +1.3334
 -1.3060	 +0.2025	+12.7657	 -1.6334	 +0.5027	 +2.6515
 +6.0325	 -1.3255	 +8.5003	 -1.7770	 -1.3853	 +1.0127
 -5.9914	 +0.3396	 -1.7898	 +4.2051	 -3.0574	 +0.3064
 -0.8986	 +5.8691	 +5.1544	 -2.1230	 -3.3291	 -1.2772
 +5.3045	 -1.5987	 -2.7491	 +2.4528	 +1.4395	 -2.3733
 -4.4702	 -3.0058	 +8.0029	 +2.0704	 +5.5975	 +0.5977
 -5.4711	 -2.2128	 -5.4708	 -3.1729	 -1.0813	 +1.6851
-11.2486	-13.1701	-13.4685	 -1.5564	 -0.6596	 -1.0727
-52.3000	 +5.8817	-18.2292	 +1.2898	 +1.2460	 -0.7937
 -5.8012	 -4.5220	 -4.8354	 -1.5665	 -0.0198	 +3.0277
 -5.4476	 -3.9310	 +3.1437	 -2.7935	 -2.3860	 -0.6534
-12.9894	 +6.3400	 -0.8449	 -1.0051	 -2.4732	 -0.6090
 -4.5925	 +6.5378	 -0.0378	 -0.1875	 +1.9463	 -2.1896
+15.0964	+13.0887	-10.0024	 +0.4833	 +1.1177	 +2.7606
 -2.5872	 +6.5035	+14.3590	 -1.6312	 +0.2188	 +4.5797
 +3.7772	 -7.0754	+18.8356	 +1.7371	 -1.8474	 -0.9320
+16.2074	 -3.6519	 +1.5211	 -0.7375	 -0.4959	 +3.3433
 -1.0980	 -5.0470	 +0.4568	 -4.6797	 +2.9563	 +1.3678
 -2.9219	-16.5275	-22.4464	 -0.6781	 +2.7855	 +0.8674
-11.0631	 +7.7135	+12.2483	 +1.4143	 -3.3185	 -0.0093
 -5.2658	 -3.5358	 -5.2201	 -3.6626	 -1.5432	 +0.9106
 -4.4279	 -3.4450	-12.4955	 +1.7841	 +2.8324	 +0.8826
 -0.6823	 -8.9932	 +4.7202	 +1.3779	 +3.0599	 -3.1516
 +3.3847	-13.2931	 +2.8671	 -0.1117	 +2.0404	 +1.9625
 -9.3271	 +1.4757	-16.2139	 +1.0929	 -1.0570	 +0.3359
-14.6004	 -0.7279	+12.3420	 +1.4005	 +0.4204	 +2.2480
 -0.6381	 -1.9100	 -4.9076	 -0.9654	 -5.5725	 -1.2893
+33.0665	 +4.5341	 +8.7499	 -1.2939	 -0.4107	 +0.2593
 -0.4052	 -0.3662	 +6.6625	 +4.5449	 -3.8998	 -2.3166
 -0.6564	 +3.4062	 -3.8532	 -1.6109	 -2.1920	 -2.5296
 -4.4005	-33.0874	-27.8414	 -1.2238	 -0.6274	 -0.2919
-12.1538	+17.3465	 +4.8379	 -1.1530	 +0.7618	 +2.5695
-10.0957	 -2.6007	 -0.0625	 -1.5155	 +1.2793	 +3.6000
 +0.1477	 +2.5262	+18.0845	 +5.3932	 -1.3304	 +0.2628
 -1.9697	 -8.8478	 -4.0928	 +1.7491	 -0.0725	 +1.0955
-10.5751	 -4.1494	-13.2177	 -1.0796	 +1.4047	 -0.7231
 +0.7358	 -7.1843	 -4.4845	 -3.8609	 +0.6642	 -1.7970
 -3.6516	 -9.3310	 +6.2439	 +2.4585	 +2.6511	 -2.7298
 +8.3415	 -0.4325	 -7.4833	 -0.0251	 +3.7483	 +0.9403
+11.1394	 -7.5968	 -6.3388	 -1.1475	 +2.9639	 +1.8399
+15.1649	 +5.1556	 +3.9028	 -1.1579	 -1.9015	 -1.1746
+24.9490	 -4.5873	 -7.9193	 -0.8424	 -2.1853	 +1.6213
-14.0480	+16.7832	+23.5443	 +1.4261	 +2.1890	 -0.3041
+29.3793	-22.7030	+70.6475	 -0.2946	 -1.7314	 +0.1312
 -9.8174	 -4.8290	 -5.5755	 -4.4428	 -0.1787	 +0.7374
 +0.9197	+13.6751	 -0.2539	 -2.2231	 +1.2268	 +2.2858
 +0.2570	 -3.5186	 +0.3898	 +1.8542	 -0.8628	 +1.6813
 +9.5601	 -4.3435	 +8.1349	 +2.5904	 +0.3459	 +3.0886
 +6.4706	+11.0786	 +2.7679	 -1.0421	 -0.8101	 -1.6924
+29.0741	 -1.5615	-17.5270	 -0.8420	 -0.5714	 -1.0842
 +0.8799	+11.6700	 +0.5364	 +4.3375	 +1.3520	 -1.3860
-22.7066	+24.5384	-25.5247	 -0.3760	 +0.5198	 -0.7762
-22.5028	-20.1222	+16.9078	 -1.2169	 +1.2482	 +0.1891
 -0.7706	 -0.7737	 -4.8038	 -3.4632	 +2.1494	 +0.9902
+15.1226	 -8.7796	 -0.9540	 -2.5848	 -1.0561	 +1.6215
 +5.9138	 -1.1619	 +2.2481	 -1.2977	 +4.1404	 -4.1012
 -6.0824	 +2.7523	 -5.1946	 -0.8012	 -1.6603	 -2.1635
 -7.7840	+10.5953	 -9.3304	 +1.9727	 +0.2914	 +1.4034
 +1.7864	 -1.3955	 -0.2091	 -3.2126	 -0.8878	 +1.4103
 -6.0352	 -3.9829	 -6.8297	 +2.7210	 +2.9250	 +1.8932
 -3.9999	 +6.7553	 +8.4980	 +1.3582	 +3.1149	 +0.7890
 +3.9672	-11.7531	+26.1202	 -1.1388	 -1.4049	 -1.6167
 +7.7313	 +6.9639	 -0.2828	 +1.8809	 +0.4043	 -0.8241
 +5.3095	 -1.9671	+13.8790	 -0.0051	 -2.7367	 -1.8556
 -5.3377	 -0.7383	 +5.7671	 +1.3106	 +0.0610	 +0.6018
 +8.8397	 -5.4323	-24.0757	 +1.0192	 -0.6453	 -3.3897
 -0.6588	 +2.8990	 -5.0466	 +3.7480	 +0.0857	 -3.6633
 -1.2830	 +3.0471	 +1.7034	 +1.9703	 -1.5246	 -0.1883
+20.6978	 -2.2844	-15.0692	 -2.9727	 -1.3617	 +1.3762
-26.6109	 +5.1080	-27.5603	 -1.8441	 -1.1250	 +0.9438
 +3.3571	 -0.0477	 -3.0371	 +3.5920	 +0.7079	 +1.4421
 -5.2781	 +3.7459	 +3.8128	 -3.7524	 -0.5083	 -2.1831
 -1.4874	+11.2102	 +3.0165	 +1.4034	 -2.7940	 -0.8388
 +4.6722	 -8.0993	 +2.9684	 -1.4503	 -1.1960	 +3.4469
 -6.4901	-15.0336	 -4.5950	 +0.1706	 +0.1893	 -0.9009
-19.4760	-14.9078	 +1.1926	 -2.0101	 -1.8317	 +1.3993
-10.6943	 +1.4763	 -3.8365	 -4.3730	 -2.0160	 -4.2211
 -0.4602	 +2.2440	 +8.3478	 +0.6470	 +0.4341	 -0.3100
 +1.7289	 -1.3579	 -3.8176	 +4.7153	 +1.4947	 +4.0931
 -3.8099	 +0.7478	 -2.4058	 +1.7425	 +0.5918	 -0.4571
 -1.2812	-19.6049	 -3.1253	 -1.0978	 -0.3945	 -1.6021
+13.6534	-53.4843	-26.6340	 -0.6184	 +1.5494	 +1.0051
 -3.9190	-12.8586	 -7.0988	 -0.0269	 +0.9616	 -4.1107
 -6.2164	 +2.2896	 -0.0062	 +0.9908	 +0.1923	 -1.4211
 -0.9327	 +1.2375	 +3.3354	 -2.5111	 +0.6177	 -1.9449
 +0.1453	+12.8162	+12.6552	 -1.6324	 -1.9108	 -3.6938
 +1.6145	 -6.6084	 -3.5185	 -2.3115	 +4.5112	 +0.6380
 -0.8109	 +2.9381	-12.9107	 +1.0472	 -1.9245	 +1.8347
 -1.0980	 +1.5532	 -5.3623	 -5.0213	 +4.9422	 -4.2832
 -2.5510	 +5.8825	 -6.4606	 +3.2688	 -0.6438	 -0.0533
-66.5593	-46.6829	+31.7415	 +0.8551	 +1.4837	 +0.3832
 +7.2070	 +7.1900	 +8.3190	 -0.4316	 +0.9151	 +0.8046
+48.9963	+31.5956	+37.9383	 -1.6045	 -1.5307	 -0.6345
 +5.7194	-17.4844	 +5.1443	 +1.6447	 -0.6243	 -1.1058
 -5.9454	 +9.9888	 -5.7081	 +0.2454	 +2.6792	 +0.1180
-112.9702	+57.5347	-19.3489	 -0.3286	 +0.6747	 +0.3029
 -4.5324	 +5.7264	+15.1504	 +1.6129	 +1.1105	 +1.1964
 -8.5199	 -7.8776	 -5.6357	 -2.5564	 -1.1733	 -0.5782
 -6.8647	 -1.4887	 +3.6746	 +0.8504	 -1.7957	 +5.0972
 -4.7015	 -8.2527	 +1.8145	 -1.6932	 -1.2849	 -0.3419
 +1.4226	 -3.2900	 +1.2081	 +1.0263	 -2.3784	 +2.1128
+11.6791	 +9.7960	 -7.0159	 +1.3130	 -3.3078	 +1.2499
 -6.5260	 -2.4322	 -3.4856	 -3.1313	 -1.5614	 -0.4826
+12.8958	 -4.4788	 -6.5803	 -1.1676	 +1.6574	 -0.8249
 -4.7177	+32.5733	 -4.5056	 +0.5583	 +0.9647	 +1.4866
 -7.9478	-13.6680	 +5.6789	 -0.7708	 -1.3900	 +0.4588
 +2.7966	 +2.0911	 -1.5874	 +0.1807	 +2.6390	 +1.2610
 -6.6462	 -1.7375	 +3.0999	 +3.1079	 -3.0610	 -0.0977
 -8.4095	 -1.6156	 -3.2609	 -0.6822	 +2.0415	 -3.0398
-37.5044	+16.9576	+13.4605	 +0.3128	 +0.3992	 -0.2607
+18.0711	+15.3796	-10.7259	 +1.3015	 -0.4606	 -2.8566
-10.6956	-35.6379	+15.6377	 -0.7923	 -1.5832	 +0.1430
 +8.2443	 +1.1809	+10.2577	 +1.8240	 +1.7374	 -2.4919
 +3.1681	 -6.2731	 +3.5500	 -0.2224	 -0.9158	 -0.6023
 -3.2658	+17.4283	-33.1363	 -1.7653	 -0.4404	 -0.2559
 -4.7331	 -7.7930	 +3.5950	 -3.1422	 +2.5042	 -0.4645
 +3.7292	 -4.4036	 +8.6264	 -0.3335	 -2.4236	 +3.9458
 -7.3089	-14.4494	 -5.3201	 -0.6268	 +1.5068	 -2.1761
 -6.9748	 -1.0509	 -8.9052	 -0.3216	 +3.3289	 +2.2078
 +6.2890	 -5.1785	 -9.2691	 +0.4760	 +0.1934	 -0.6642
 +3.9631	 +1.2261	 -7.5960	 +4.6852	 -1.7686	 -1.7649
-58.4957	+21.2428	+10.3471	 -1.3094	 +1.1936	 +0.6730
 +1.5533	 +0.8557	 -2.6331	 +0.1968	 +1.8826	 -0.1587
-27.7611	+42.3865	 +7.6481	 +0.4451	 +3.2645	 -0.3823
+10.3078	+12.2736	-11.1306	 +1.3047	 +1.4157	 -0.7235
 -0.1915	 -3.8740	 -1.9178	 +3.3967	 +3.1519	 +2.3980
 -3.6791	 -1.4162	 -4.6206	 -1.4782	 +1.3589	 -0.0491
 +0.6924	-48.0331	+37.3318	 +1.9900	 +0.7678	 +0.3498
 +3.6854	-11.5219	 -1.9413	 +1.1061	 +1.6993	 +1.0527
 -5.7917	 +2.6141	 +2.4814	 -4.5210	 +2.3740	 -3.5214
-12.0014	 +6.8546	+16.3242	 -1.0057	 -2.3180	 -1.6967
 +3.9048	+18.3605	+10.9758	 -0.6763	 -1.2593	 -2.0260
 +2.7144	 -7.3712	 +4.9121	 +1.2464	 -0.4629	 +1.5329
 -1.0471	 -6.5468	 +0.7191	 -2.2421	 +1.5677	 +0.6924
 +5.7974	 +6.3066	 +3.2085	 +1.4777	 -0.3921	 -3.3673
 -7.7804	 +0.9603	 +1.1216	 -0.2871	 +1.3149	 +0.4208
 +3.7483	-13.7766	 -6.8142	 -2.3925	 +2.8234	 -0.6212
 +1.0467	 -8.3637	 +3.1344	 +0.1304	 -1.1667	 +1.4117
 +7.3699	 -1.4202	+10.7686	 -0.3172	 -4.6023	 -2.0317
 +3.9831	 +6.4662	 -4.0352	 -0.2696	 +0.8622	 -0.8934
 -4.7085	 -1.0204	 -2.1742	 -1.3986	 +0.1652	 +2.2774
 -0.0997	 -8.7306	 -0.6707	 -6.2067	 -0.9253	 -0.2953
 +4.5797	 +3.7461	+11.5503	 -1.4846	 +0.2274	 +1.9417
 +0.1419	 +5.9419	-22.0770	 +1.1168	 +1.5653	 -1.0408
 +1.0805	 -0.2376	 -6.3852	 +1.4849	 +1.5743	 +2.2216
-15.5739	 +4.4884	 -4.5923	 -1.1089	 -3.7480	 -1.5584
+11.4337	-16.7310	 -4.9674	 -1.6345	 -0.1621	 -1.1113
-20.1979	-37.4210	-34.4814	 -4.9574	 -6.4268	 -6.4472
 -4.6606	 +3.5076	 +3.0974	 -1.2329	 -5.9418	 +2.0889
 -9.8562	 -4.6675	 +1.1658	 -2.1573	 +3.9201	 -0.1396
+11.3479	 -6.9146	 -3.6969	 -0.7692	 -2.0637	 -0.4108
 -5.3018	 +0.1063	 +4.0692	 +0.6107	 +2.4504	 -2.8567
-13.7189	 -2.6384	 +6.5228	 +2.2112	 -0.8258	 -3.0476
 -1.5548	 -1.5345	+45.7200	 -1.1953	 +1.0123	 +0.3321
 -1.1508	 +7.5926	 +0.4452	 +0.6636	 -0.5625	 +3.7410
 +3.1267	+14.3683	 -0.2407	 +3.0394	 -2.6778	 -0.0993
 -1.2308	 -1.9594	 -5.3152	 +2.7250	 +1.4907	 -0.6223
-10.3186	 +3.7012	 -7.3930	 -4.7899	 +1.0179	 -1.3033
 -9.5914	 +4.8047	 -0.9319	 -2.6719	 -0.1733	 +0.2906
 +0.0019	+26.6095	 +3.5975	 -0.3115	 +0.7537	 +2.5583
 -1.5336	 +4.7290	 +8.5891	 +2.7974	 +2.1189	 -1.0039
-11.5432	 -3.8348	-43.5874	 +1.6578	 -1.0651	 +0.4212
 +2.3813	 +6.0393	+27.5708	 -1.8387	 -1.6825	 -1.5253
 +0.5643	 -1.9054	 -5.3361	 +3.5167	 +0.7930	 +0.6970
 -1.2234	 -8.1892	 -2.7280	 +1.8362	 +2.5672	 +1.1340
 -3.2583	 -1.4628	-13.4962	 +3.2195	 -3.6285	 -3.1009
 +5.4088	 +5.0123	 +8.3125	 -0.6158	 +1.8204	 +0.2549
 +1.1969	 -2.3785	 -4.8098	 +3.2154	 +3.3345	 +1.4167
-12.4203	+10.2046	 +0.5459	 +1.4340	 -2.6837	 -2.7070
 -7.1325	 +1.4459	 +7.6699	 -0.7193	 -1.9406	 +2.3333
 +6.1688	 -6.0886	 -9.9432	 -0.5958	 +3.5968	 -1.2083
 +6.5101	 +3.5820	 -2.9502	 +1.5734	 -0.4649	 -2.0889
 -0.9865	 -3.3802	 +9.8731	 -2.5407	 +1.1796	 -0.2555
+13.8307	 +0.2662	+10.8960	 +2.1633	 -2.6726	 +3.5534
+10.6952	 +6.8077	 -5.8321	 +0.2436	 +0.1166	 -3.2104
 -2.6313	 +1.2122	 +3.7509	 +2.8664	 -1.9307	 +0.2994
 +2.6071	 +0.9802	 +3.5820	 -1.7491	 -3.3475	 +1.8230
 -2.9548	 +0.3102	 -3.9002	 -0.3339	 +2.5913	 +3.9556
 -5.4496	 +1.3043	 +2.4936	 -1.0551	 +2.2981	 +0.3040
+22.1764	 -9.3144	 +9.9720	 -1.4513	 +1.3869	 +0.0550
-10.0922	 +2.1941	 -7.0670	 +3.1622	 -3.8576	 +1.9118
 +7.9396	 +0.1717	 -0.7831	 +0.1991	 +2.1905	 +2.1767
 -3.9084	 -7.6299	 +4.0198	 +1.6746	 +2.3540	 +2.7215
 +4.3397	 +6.4821	 -7.2608	 +5.1348	 +0.0976	 -2.3406
+11.0584	 -3.9951	 +7.4410	 -3.1858	 -1.9883	 +3.2885
+15.7103	+15.0824	 -5.6617	 -0.9862	 +0.8528	 +0.1001
 +8.6601	 -6.8977	 +1.9032	 -4.0646	 +2.0270	 +4.2293
-22.8605	-12.2379	 +7.2251	 -0.7247	 +0.8546	 +0.7715
 +3.9402	 +0.7222	 -4.5726	 -2.1086	 +0.7523	 -3.3230
 -2.5143	 +1.9456	 +1.8145	 +0.8636	 -2.2874	 +0.7451
 +3.6470	+11.2231	 -1.7170	 -5.0855	 -1.6463	 -0.2503
-20.1589	 +7.7171	-15.8281	 -1.5039	 +2.8571	 +1.4180
 -6.6503	+11.3947	-21.4286	 +1.2197	 +1.2624	 +0.2372
 +8.5586	 +3.2243	 -1.0791	 -5.2451	 +0.9227	 +0.8921
 +0.2629	 -6.2506	 -1.1521	 +4.8328	 +3.0935	 +1.3293
 -3.7337	 -7.2835	 -6.8274	 -2.9944	 +0.3909	 +2.3575
+25.5301	+14.7603	+16.4742	 +3.1710	 +1.2793	 +3.8408
+10.9446	 +5.3977	 -7.0873	 -0.0013	 +0.7957	 -1.7470
 -7.1298	 +8.8126	-16.8463	 +3.0988	 +0.6038	 +1.4633
-39.4737	+14.0171	 +2.5091	 -0.4433	 +2.4121	 +0.9383
 -6.2311	 +3.3837	-17.2975	 +1.0136	 -1.5444	 +0.5728
 +1.9791	 +4.8367	 -5.8832	 +1.1440	 +1.6194	 -2.5649
 -6.0074	+10.9540	-15.7332	 +0.5230	 -3.2647	 -0.2560
 -8.7622	-10.1902	 -8.3350	 -1.1633	 +1.3258	 -0.9051
-10.5659	+13.1071	-45.2543	 +0.3947	 -0.3065	 +1.1355
 +2.1532	 +9.8689	 -2.7052	 -3.0325	 -3.2642	 +0.4005
+16.1512	 -6.9862	-18.3037	 -1.4145	 -1.3848	 +0.9600
+10.2288	 +0.4081	 -4.2626	 -1.2330	 +0.8403	 -2.8130
 +2.3184	+20.9827	 +9.1449	 +0.9925	 -1.8390	 +3.3539
 -1.4411	+12.8974	 +5.1138	 +0.8560	 -1.1093	 +1.1023
 -0.8707	 +4.8101	 -2.5455	 -1.8099	 +2.4847	 +3.3499
-13.3596	 -0.2110	 +9.5355	 +2.3199	 -0.2243	 +0.7331
 +3.4923	 +0.5133	 -3.4469	 +2.6421	 +0.1540	 +3.7399
 +3.0835	 +9.2811	 -2.7270	 +0.2059	 +4.1445	 -0.2873
+16.6764	 +7.0129	-18.8628	 +0.8104	 -3.6233	 -0.8837
 -0.6180	 +0.8610	 -5.4898	 +0.4591	 +0.1990	 -0.4273
 -2.9995	 +1.4796	 -8.0315	 -2.8970	 -5.0003	 +0.6069
 +5.6027	+17.9690	 +0.9600	 +0.2564	 +0.4763	 -2.2824
 -6.9842	 +3.4089	 -4.9065	 +2.0154	 +1.3949	 -5.2049
 -2.3335	 -3.2062	 +1.6564	 -0.9218	 -1.5347	 -1.7386
 -6.5091	 -5.5115	 +3.2992	 +1.1157	 +0.7530	 -1.0301
-10.8227	 -5.0950	 -2.3522	 +2.9313	 -0.0308	 -0.3698
 -5.7422	+13.2587	 -7.3353	 +2.7847	 +2.3029	 -3.0846
 +2.9638	 -8.3278	 -2.5402	 +0.0330	 +0.8895	 -1.6295
 +1.5425	 +0.6567	 -2.9862	 +0.1157	 -2.0410	 -2.6321
 +2.6658	 -4.8383	 +4.4502	 -2.1000	 -0.6476	 +0.8390
 -2.5418	 -7.7897	 -5.4614	 -0.5988	 +1.8038	 +0.5616
 +1.1131	 +5.0915	 -5.1683	 -1.3749	 +0.1702	 -1.0705
-14.7154	 +3.5360	 -1.5189	 -1.7745	 +0.4284	 +1.9654
 +9.4746	-14.0673	 -1.0412	 +2.9193	 -2.5255	 -0.1822
 +5.8872	 +6.4114	+13.6631	 +0.5039	 -1.0435	 +2.0590
-13.0000	 -0.3733	 +0.5439	 +1.0056	 +3.2813	 +0.3251
 +0.7996	 -0.8425	 -5.1501	 -1.6363	 +0.6507	 -1.6692
 +0.0773	 -0.9434	 +9.5466	 +0.3013	 +1.9985	 -1.6363
 -5.5595	 +0.5425	-20.3401	 +4.2782	 -0.4388	 -2.3671
-17.4468	 +1.2041	+29.1212	 -1.0755	 -1.0817	 +1.1810
 +0.5652	 -3.2713	 +0.2108	 +1.8470	 +0.2823	 +2.1240
 +0.8966	 +1.4258	 -2.0481	 +1.9996	 +1.4591	 -0.6132
 -2.8315	 -5.5895	 +0.3503	 -4.7099	 -2.2844	 -1.6077
 -7.2320	 +6.6627	-10.4747	 +1.2104	 +1.1731	 +2.9704
-18.8014	 -1.0741	-10.2609	 -3.8695	 +2.9102	 +0.6460
 -4.7101	 -6.9536	 -5.4525	 -0.5927	 -1.1778	 +0.3254
 -5.1333	-42.8534	+59.7800	 -0.3537	 -0.8021	 -0.0768
 +1.0355	 +4.3097	 +0.3837	 +0.5018	 +0.8936	 +2.6023
+20.2417	+22.4123	-23.0427	 -2.6364	 -2.0617	 +1.3311
 -6.2403	 -3.3404	 -1.5039	 +2.9577	 +3.1479	 -1.4475
 -0.8940	 +5.6564	 -0.6679	 +1.3450	 +0.7935	 +0.6254
+46.7233	 +0.1691	-30.2882	 -1.0354	 -0.1784	 +2.0208
 +7.7873	-44.8624	+35.4629	 +2.5658	 -1.0591	 +0.6412
+103.6656	+51.7164	 +2.0162	 -0.1749	 -0.9112	 -1.6284
+18.3627	 +9.3118	 +5.5875	 +0.7531	 -4.1701	 -0.5923
+32.2262	+61.7368	-32.9156	 +0.9398	 -0.8626	 +0.2533
 +5.4172	 +6.0193	-10.0122	 +0.0363	 -0.3960	 -2.4470
-13.8827	 -7.9476	 +5.7564	 +2.7444	 -3.3299	 +0.2978
-24.1943	 -3.2739	+29.6768	 -0.3462	 -0.4572	 +3.2947
+16.4384	+48.4224	-43.9097	 +0.4851	 +2.1076	 +0.8958
+16.8342	 -2.8581	+27.1994	 +0.7068	 +1.3041	 -2.8339
-11.9166	 +2.9497	 -0.4426	 -3.2592	 -3.7321	 -2.5060
 +0.4822	 +0.5722	 +2.5986	 -3.9163	 +3.6156	 +0.7105
-13.6354	+15.7746	 +8.2682	 +0.9538	 +1.2069	 +0.3228
 -5.5956	 +1.3077	 -5.6655	 -2.8202	 +0.7951	 +4.3952
 -4.9974	 +4.2967	 +2.7968	 +3.6657	 +0.6296	 -3.5163
+12.1762	 +3.4166	 +1.0127	 +1.7425	 -0.9923	 -0.4847
 +4.0809	 +8.8609	 +6.3016	 -1.6010	 -1.3118	 -1.2854
 -3.2347	-10.4455	 -4.5562	 +1.6409	 -3.4746	 -3.9261
 -2.8356	 +8.2581	 +5.6585	 -1.0713	 -3.1198	 +2.2011
 -6.4446	 +8.1771	-12.0369	 -1.4677	 -2.5103	 +4.0871
 -5.6879	+10.1448	 -2.5608	 +1.3050	 -3.8627	 +0.2144
 -2.3532	 -0.9552	 -7.3212	 -4.5431	 +4.6819	 +3.9086
 +2.0773	 -3.3861	 -4.2732	 -2.2495	 +2.0002	 +1.9150
 -4.3908	 -3.1304	 +3.4898	 +0.9713	 +1.9297	 +1.6223
 -8.5925	+10.4874	 -0.4885	 -2.7125	 +2.4726	 +0.5540
 -9.6229	 -1.3176	+20.4994	 -1.3428	 +0.8223	 +1.6632
-12.0055	 +7.1473	+19.2611	 +0.3321	 +1.4590	 -0.4595
 -2.3909	 -7.6263	 -2.7308	 -0.3077	 +2.1813	 +3.9372
 -5.7809	 +4.0403	 -8.6479	 +0.6857	 -0.2579	 +3.3370
-18.3692	+31.2782	+11.9884	 +1.1665	 +0.0035	 +0.0630
-10.2562	 +0.5538	 -9.6095	 +2.6790	 +3.2297	 +0.1549
 -8.2085	-13.3623	 -6.5316	 +3.7680	 +0.0160	 -0.1830
+28.0287	 +0.3682	 +7.1747	 +0.1389	 -1.5234	 -0.6060
 -1.6524	 -4.4492	 +4.1624	 +4.5314	 +0.2529	 -2.6792
 +9.7628	+18.6044	+18.1820	 +0.2701	 +4.0669	 +2.9502
 -8.3752	+65.8670	+30.6259	 +0.8187	 -0.3325	 +1.0010
+12.1129	 +4.8007	 -7.2011	 -4.3569	 +1.4155	 -1.3001
 +3.7716	 -8.9653	 -1.1841	 -2.3066	 +3.5814	 -2.0613
-17.7876	-24.7465	+31.7791	 -0.3175	 +1.5894	 +0.1317
-27.5044	+30.1463	+18.2026	 +2.0181	 -1.0204	 -1.2083
 -0.4889	 +3.9031	 -1.8658	 +1.1892	 -0.1895	 +1.8997
+11.7263	 +3.9812	 +4.9133	 -1.1105	 +4.3851	 +0.1337
-21.2823	 +4.4730	 +4.2459	 -0.9984	 -2.2833	 -2.0013
+12.9777	-24.7882	+15.0237	 +1.2957	 -0.8464	 +1.0682
 +7.5532	 -1.1930	 -6.6877	 -4.0275	 +0.6612	 -0.8434
+17.6715	 -2.3496	 +4.4762	 -1.3469	 -2.2128	 -1.6137
 +1.7178	-44.6431	+114.1921	 -0.3086	 -1.3790	 +0.3201
 +4.4641	-10.9692	 -0.4710	 +5.6818	 +0.3395	 -0.2058
+15.6974	 +1.7583	-14.3550	 -0.5511	 +2.2655	 +2.0115
 +1.8144	 +5.2832	 -3.1347	 -0.8297	 +1.4868	 +2.5725
-22.5576	 +1.8997	+15.1983	 -1.9677	 +1.6484	 +2.2965
 +5.8821	 +6.7894	+13.5221	 +3.1230	 +0.8180	 +1.2699
 +4.7772	 +6.1906	-14.7235	 -1.6047	 +2.0134	 +1.1847
+11.6442	-13.4859	+31.8840	 -2.0173	 +1.7710	 -1.5919
+12.6462	 +3.8501	-17.4125	 +1.8148	 +3.1803	 +1.5337
 -1.1915	 +5.9752	 -4.0049	 -0.6957	 +3.9735	 +3.1211
 -4.3901	 +9.0864	 -7.4587	 -1.6972	 -3.1438	 +1.8544
-14.1659	+11.4551	 -6.3755	 +2.6755	 -1.3051	 -2.9797
 -9.6087	+16.3629	 +2.6453	 -2.9605	 -0.6838	 -1.0225
 -7.9244	-11.3494	-12.6475	 -4.4113	 +1.3343	 -0.3840
-23.7075	 +2.4888	-14.2762	 -2.0367	 +0.3968	 -1.0399
 -2.9790	+17.1754	 +8.4652	 -0.2016	 +0.6433	 -3.8023
 -3.8895	-27.1815	+10.9630	 -1.0438	 +0.1098	 +2.7749
 -1.7536	 -1.8323	 -8.8175	 -2.7768	 +2.5876	 +2.0895
 +2.0404	 +0.7799	 -8.3577	 +0.2862	 +0.4503	 +1.1346
 +8.9469	 -1.4792	 +4.4953	 +2.6271	 -1.9461	 +1.7973
+16.3661	 -6.6600	 -9.8815	 +0.2925	 -1.3744	 -1.2818
 -5.4149	 -9.9710	 -0.7518	 -0.0136	 +1.2039	 -1.7882
+23.4814	 +1.9030	 -1.9460	 +3.0163	 -0.4032	 -3.5381
 -2.4558	 +6.3954	-10.8511	 -1.8777	 -1.4421	 -3.0704
 -1.3657	 -1.5536	 -0.6009	 -2.6774	 -1.9098	 -0.1079
+13.1469	 +8.5352	 -7.6702	 +1.5311	 -0.8421	 -0.9599
 -5.4931	 -6.4042	 -7.3295	 -0.5533	 +2.3237	 +1.5783
+12.9505	+22.5921	 -6.0474	 -2.7320	 -1.2945	 +0.1390
 -0.5097	 +8.0133	 -7.5983	 -1.1665	 -1.6068	 -0.1556
 +1.0748	+12.1679	 -5.3139	 -4.9466	 -1.8665	 -1.2037
 -0.3964	 +3.4188	 +1.0683	 +4.3322	 -1.0659	 +3.1207
 -0.0736	 -2.4022	 +2.6167	 -2.3448	 +1.7197	 -0.9663
 +9.7087	-15.0125	+15.1469	 -0.6780	 +0.1867	 +2.7411
 -0.2556	 +5.1927	 +1.3000	 +1.2901	 +1.6160	 +4.2078
 -4.1756	-37.3244	 -8.9792	 +0.4641	 -0.3584	 -1.6679
+10.1072	-14.4257	 -7.5879	 +0.8019	 -2.8180	 +1.5913
 +4.6781	 +4.6836	 +0.5475	 -0.9711	 -3.1518	 -2.0052
-32.4804	 -9.7789	+15.5840	 -0.9123	 +0.4356	 -0.8516
-19.0082	 +5.8738	 -7.6479	 +2.4195	 +0.1155	 -0.8063
-10.0068	-12.8844	 +5.7418	 +3.1666	 +1.4789	 +0.8331
 -0.5071	-14.8164	 +5.0318	 -2.8283	 -4.2392	 -0.1276
 +0.6382	+11.2839	 +5.1754	 +2.5553	 -3.5805	 -0.6072
-11.5234	+10.6578	-15.2205	 +1.0016	 +0.3722	 -1.4687
 -5.4209	 +4.6271	 +2.7798	 -2.9475	 +3.7978	 -3.5036
-14.3651	 -6.2417	 -2.8529	 -0.1767	 -2.6294	 +0.9373
 +4.5339	+43.5605	 +4.9679	 -0.4348	 -0.1444	 +2.3727
 -4.0263	 -4.2970	-12.5938	 +0.7484	 -1.7668	 -0.8491
 +1.2574	-12.4045	 -1.7784	 +2.6833	 +0.9786	 -0.1530
 +1.6065	 +1.5093	 +1.0539	 +0.4928	 +3.4906	 -1.2743
+87.0083	-36.4975	+40.0967	 -0.1295	 -0.8255	 -1.5100
 -5.3902	-12.2892	 +3.6830	 +2.2940	 -0.7250	 +4.2072
 +1.3696	 +1.0908	 +4.9436	 -3.2859	 +3.5022	 -0.0009
 -4.2466	 -4.7285	 -5.2146	 +2.0901	 -0.8583	 +2.7203
 -4.2565	 -3.3125	 +5.8743	 +0.5912	 -4.5806	 +1.5188
+14.1775	 +3.0619	-11.5395	 -0.3112	 -1.0103	 +0.7129
 -4.7922	 -7.3090	 -6.4748	 -0.1910	 -2.2047	 +1.8345
 -5.8897	 +1.8443	 +4.0357	 +2.4867	 +3.7709	 +1.4772
+11.1442	 -7.0049	+19.0750	 +1.5616	 -0.5662	 -2.0871
-15.9026	+12.9730	 -8.3495	 +0.2104	 +0.0339	 -2.9894
 +7.7660	+17.8566	+47.1569	 +0.2936	 +0.0555	 +2.0047
 +6.4082	 +6.4363	+15.7522	 -1.6094	 -0.6486	 -2.0560
 -8.5197	 -4.9355	 -0.3006	 +3.1691	 -0.0917	 -0.2598
 +0.6366	 +3.7743	-10.9630	 -2.3913	 +0.0175	 -5.0823
 +0.3484	 -4.8941	-16.9212	 +3.2443	 +2.0452	 -2.3608
+15.8087	 +1.4307	 +7.3800	 +3.6466	 -0.6370	 -1.9125
-13.7551	 -5.2397	-11.0900	 +1.1967	 +0.9366	 +0.3102
-62.1429	+30.8215	 -8.7562	 -1.9747	 +0.8810	 -0.9620
 -0.3463	-22.6095	 +1.5225	 +0.2340	 +0.8119	 +0.4155
+25.0860	 +3.7056	 +5.1562	 +3.3228	 -2.4038	 -0.5008
-17.9559	 -2.3718	 -6.4439	 -3.2563	 -0.1160	 +0.4656
 +0.3186	 -1.3326	 -8.2615	 -4.1041	 +0.5645	 -2.7722
 -4.7401	 +1.6804	 +0.6388	 -0.9328	 +5.7017	 -2.6956
 +5.3321	 +9.4529	 +2.3324	 +2.3775	 -1.1004	 +1.1892
 -4.1687	 -7.1870	-10.6660	 -2.3964	 -0.6651	 -0.7346
-82.9761	-169.5913	+25.2290	 +1.1383	 +0.0912	 -0.1104
-10.2779	 -7.7486	-11.3377	 +0.7555	 -0.5220	 +1.0415
 -1.4500	 +9.1671	 -3.9635	 +3.6696	 -1.4337	 -1.6177
 -5.2657	 -1.8969	 -2.7763	 -0.2604	 -4.6554	 -1.2774
+11.3500	-14.0417	+16.1893	 +1.8035	 -0.1436	 -1.2098
 -1.1801	 +0.7918	+24.7280	 +2.2473	 +0.4154	 +0.7917
 -0.5381	 +4.3421	 -3.3479	 +0.8801	 -2.1276	 -2.3601
 +1.0215	 +2.8752	 +9.1225	 +2.1849	 -1.4629	 +0.6401
 +3.6733	-25.9122	 +1.9974	 +2.2676	 -0.0558	 -3.4394
-11.2771	 +0.7499	 -4.0810	 +2.5028	 -2.0234	 -0.9116
 -1.0656	 +3.2117	 +1.6344	 +1.3635	 +1.4561	 -1.3012
 -9.6956	+14.6422	 -6.9346	 +0.6844	 -0.7559	 -1.7786
 -7.6485	+13.5614	 +6.8381	 +0.2528	 -1.3262	 -1.7175
 +2.9665	 +2.3141	 -1.8677	 -5.1969	 +0.4737	 -0.2581
 -1.5072	 -4.8626	 -9.6855	 +3.3783	 -0.9263	 -1.9867
 -7.3410	+24.9069	+14.1388	 -0.1660	 -1.2738	 +1.7683
-16.8414	 +0.6244	 +1.0114	 -1.5870	 +1.6595	 -1.1603
 +0.2974	 -3.3681	+10.2500	 -1.4885	 -1.1611	 +3.2273
 +0.6368	 +7.7653	 -2.2071	 -0.5252	 -5.6478	 +4.7736
 +2.5847	-10.8516	+17.7241	 +0.2813	 +1.8010	 -4.1815
 -4.7617	+11.8929	 -5.3697	 -4.5489	 +2.3749	 +3.2681
 -4.4117	 -5.4920	-19.8231	 +1.3578	 +0.0919	 -2.5451
 -7.5040	 -4.3440	-11.6686	 +1.3699	 +0.7490	 +2.2793
 -9.5698	 -2.8116	 +3.6047	 +4.0133	 -3.1622	 -1.2045
 -7.3409	 +4.4586	 +0.8726	 +0.4072	 +0.2059	 -7.0968
-37.4356	+35.9312	-74.2191	 +1.2295	 +1.7486	 +0.3723
-15.8489	 -4.1657	 -5.3664	 +0.8646	 -1.8217	 -0.1576
-13.2937	+11.2594	 -2.9936	 -2.7321	 +1.9867	 -0.3506
 -1.1117	 +4.0030	 -3.9200	 +1.3375	 -4.9922	 +4.4134
 -8.6142	 +5.2740	 -2.1253	 +5.7893	 -0.1051	 +1.3050
 +1.1366	 -7.6677	 -9.3131	 +2.2733	 -1.3149	 -2.3009
 -1.7460	 -1.7186	 +0.3783	 +0.5620	 +1.6652	 +3.2252
 +2.1187	 +9.7776	 -9.9399	 +0.1964	 +4.2504	 +4.3541
 +2.0578	 -4.4707	 -2.7802	 -3.9380	 -3.9284	 -3.0239
 -2.3296	 +3.4365	 -6.5697	 -1.7326	 +0.6651	 +0.5350
 +2.8702	 -0.5666	 -8.7936	 +2.6316	 -0.4183	 +1.3747
 +5.8832	 +4.2710	-20.9517	 -2.3971	 -1.8943	 +3.1646
+20.0781	+34.9881	+76.3235	 -1.1840	 -0.7749	 +0.6880
-10.5968	-12.9208	 -5.2733	 +1.0533	 +0.1050	 +4.3408
+16.7356	 +1.6090	+17.5558	 +0.6088	 +1.4570	 -1.4446
 +3.2036	 +2.0075	 -0.6518	 +0.8736	 +1.5204	 +2.4642
 -5.1467	 -7.8879	-12.1053	 -3.0362	 -0.6371	 -2.3226
+61.1551	+29.3191	+39.2556	 -1.0821	 +0.0072	 +0.4212
 -3.4757	 +1.8090	 +2.2605	 +1.1937	 -4.2915	 +1.9149
 -0.8201	 -6.4489	-11.8050	 +0.5342	 +2.9696	 -1.1916
 +8.0666	 +8.3565	 -6.4474	 +3.0858	 +0.2870	 +2.9851
 -6.2571	 +4.2514	 -3.6184	 +3.7532	 -1.6824	 -1.0457
-25.2751	 -0.0399	+21.8331	 +2.9102	 -1.3360	 +0.6964
 -1.9287	 +8.5368	 -2.6589	 +0.4705	 -4.0438	 +2.1130
 +0.6423	+11.3491	-14.0835	 -1.0281	 -1.7030	 +1.6059
 +6.8611	+22.1457	 -3.0284	 -0.5408	 +0.5855	 -0.2915
 +7.0850	 -1.9225	 +4.4467	 +1.1373	 -0.0409	 -6.3712
 +1.7386	 -7.5419	-15.4693	 +1.5343	 +3.0712	 -0.7579
+18.4443	-12.3790	 -4.6782	 +1.7098	 +0.7662	 -0.4040
 -7.7292	 +7.9158	-11.6718	 -0.3548	 +1.9343	 -1.0801
-20.9522	 -7.9867	-18.1415	 -1.4800	 +1.9959	 -2.2420
 +0.2295	+11.4327	-13.9509	 +0.5444	 +0.6055	 -1.1789
-11.1745	+33.0495	-20.2094	 -1.6742	 +2.1233	 +1.6296
 +1.5841	 -3.8256	 +7.0405	 +0.5323	 +2.2650	 -2.3966
-17.0653	 -4.0993	 +3.5272	 +1.2112	 -0.7526	 -2.2287
 -0.5238	 +1.3078	 -8.1904	 -3.1968	 -2.8950	 +2.3294
 +1.7016	 +5.1016	 +8.8077	 -0.0263	 +4.9166	 -1.1497
 +7.6302	 +5.6429	+10.1135	 -1.6196	 +3.4724	 +2.0588
 +1.6826	 -0.0462	 -2.7025	 -2.4130	 +1.6856	 +2.2992
 +5.6518	+12.2206	 -9.3740	 +0.9463	 +0.5330	 +1.4119
 +0.8620	 -4.4738	-16.9843	 -3.1294	 -2.5377	 +2.2728
 +2.3501	+12.8590	 +3.1348	 -1.3068	 -0.7160	 -0.5316
 -5.8401	 -4.5004	 -7.8289	 +2.8409	 -3.0578	 +1.8235
 +0.8989	 -5.3807	 -1.2178	 -0.1282	 +1.2439	 +2.6990
-24.5001	 -7.6112	 -7.7057	 -0.7886	 -2.1887	 +3.6563
 +4.1414	 +2.7373	 -5.7567	 -2.5735	 -1.9388	 +1.5861
+32.7657	+11.2844	 +5.6229	 +0.2309	 -0.1541	 -0.0822
 -6.9015	 -9.4498	 -5.7400	 -0.3358	 +1.6135	 -2.4855
 -9.9507	 -2.8643	-11.5665	 +0.9451	 +3.1218	 -0.6307
 -6.1358	+10.0772	 +2.5595	 +2.3797	 -3.7358	 -2.4990
 -1.8998	 -1.3638	 -4.8868	 -0.0441	 -1.6228	 -1.9425
 -0.6201	 +2.6283	-18.9324	 +3.5671	 -1.4726	 +0.0114
 -0.5059	 -0.2893	 +0.6929	 -1.9480	 +4.4292	 -1.6034
 +6.2039	 -3.3188	 +4.4925	 +0.8721	 -1.3053	 -1.0091
 -4.6365	 -3.0912	 +7.5247	 +0.1012	 -0.3105	 +1.2024
 -0.1895	-13.7597	 -2.3301	 -5.5569	 -0.4099	 -0.1958
-81.6711	+43.0154	+29.3665	 +0.4610	 -0.0805	 +0.4909
+15.8867	+13.6032	 -5.0570	 +0.7320	 -0.8278	 -2.7256
 +9.2366	 +1.4302	 +7.2861	 -0.5932	 -2.0371	 -0.0960
 -2.8782	 -6.6711	 +2.6954	 +3.8037	 -1.7868	 -2.7518
 -0.1152	 +4.0744	 -6.9813	 -2.1252	 -0.8428	 +1.3501
+12.1580	 -6.8314	 -4.1983	 +4.4546	 -0.6233	 +1.3195
 -0.2202	+23.8651	-38.7846	 +0.9599	 +0.7392	 -0.0639
 -5.3342	-16.6126	+17.4420	 +2.1645	 +1.9341	 +1.3299
 -1.6518	 -4.9005	 -2.9642	 -3.5552	 +0.2927	 -2.6245
 +0.9273	 -1.8375	 -9.4474	 -1.2965	 -2.8171	 +4.4315
 -5.3984	 -2.7718	 -1.4413	 +0.0774	 +0.4523	 -3.3916
 -1.0899	 +0.2303	 +2.6925	 +4.1699	 -0.6040	 -0.4659
-13.0106	 +8.3693	 -4.3393	 +2.4473	 +0.2149	 +3.5843
+13.7982	 +3.4718	 -5.5234	 -0.6905	 -2.0198	 +1.5637
 -2.6719	 -1.9436	 -7.1480	 +0.6402	 -0.9281	 +2.7600
 +8.1278	 -0.3662	+15.8866	 -4.1526	 -2.9472	 -0.5423
+17.7392	-17.2323	 -6.3797	 -0.7913	 -0.9987	 +2.1179
 +4.7811	 +1.7950	-10.0241	 +0.7581	 +2.5465	 +2.9524
 +6.0963	 -7.4679	 -7.0540	 -1.7560	 +2.5965	 +1.3898
 +9.5897	 -2.4438	 -1.9452	 -4.9124	 -0.1915	 -0.4563
 +0.3168	 -4.4862	-20.3473	 -2.3176	 +0.3466	 -1.0476
 -5.4884	 +6.7731	 -3.1312	 +1.6273	 +4.6552	 +1.5675
-12.4613	 -9.5897	 -5.9998	 -0.4890	 +3.8930	 -0.9862
 -2.8098	 -6.6089	 +1.2580	 +0.3464	 +0.4702	 +3.7460
-12.0501	 +6.1779	 -2.3603	 -3.3267	 -1.5564	 +2.5171
 +1.9455	-18.6946	 +0.8407	 -4.0959	 -0.2301	 +1.4152
-28.8669	-12.7067	-11.5964	 +1.9104	 +1.2553	 -3.1866
 +6.3328	 -1.7001	 -3.9830	 -1.7872	 +1.2393	 -4.4463
 -5.7886	-16.1650	-20.0421	 -1.6776	 -3.0114	 -1.8204
+12.3493	+13.5904	 +0.8723	 +0.5520	 -0.7965	 +2.2963
 +5.8701	+13.2927	 +1.7118	 -3.5976	 +1.7296	 -1.5727
 -0.0917	 -0.5695	 +3.9633	 +4.4638	 +3.2725	 -1.0208
-38.9718	+29.0266	+37.3879	 +0.5043	 +0.1470	 -0.2956
+24.1610	 -2.0333	 -8.4513	 -0.6078	 -0.2988	 -1.7222
 -6.1041	 +3.4364	 -1.8870	 +3.5121	 +0.5193	 -3.1234
 -8.7919	 +1.3329	+12.2052	 -0.1811	 -3.4141	 -0.6404
 -2.6963	 -6.8448	 -2.2248	 +2.8401	 +2.1697	 -3.8284
 +6.9834	+17.3592	+15.0189	 +1.2414	 -0.2584	 +0.0532
+30.5252	 -0.9251	-11.9083	 -2.6803	 -0.8537	 +0.9050
 -4.0254	 -7.6857	 -1.2086	 +0.5354	 -1.6980	 +1.2663
 -8.5048	 +3.4500	 -1.6013	 -0.6874	 -3.6738	 -4.7162
-12.0462	-12.7113	 -8.6174	 -0.8609	 -0.0581	 -2.8389
 +4.7842	-15.4723	-15.2244	 +0.6382	 +1.2677	 +3.7673
 +1.9001	 -9.4965	 +4.2492	 -0.6634	 -2.7534	 +0.0271
-12.5964	 +2.2096	 -9.1896	 +0.2610	 +0.7164	 +1.9864
-90.0407	-30.9099	+74.1274	 +1.5580	 +0.2214	 -1.3737
 +7.3423	-14.3502	 +2.2091	 -1.7777	 -0.0737	 +2.9931
 +1.3194	-13.0638	+33.9479	 -1.4784	 +3.4026	 +2.0451
 +7.5173	-16.3738	-17.2779	 -0.1844	 +2.8266	 -0.5977
 +4.5909	 +1.3524	 +1.1661	 +1.1557	 +0.9379	 +0.6514
 +2.0790	 +1.4283	 -2.1032	 -3.3810	 +3.6014	 +3.4567
 +0.9865	-10.8148	 +3.0835	 -3.2754	 +1.4520	 +2.0137
-13.1213	 +7.3025	 -5.1924	 -2.0251	 -0.5458	 -0.7462
 -1.0639	 +4.5321	 +4.0211	 +2.3171	 -2.8818	 +2.6488
 -0.3640	 +5.7337	 -4.0678	 +5.8290	 +0.4487	 -2.2493
 -3.0776	 +4.9892	 -3.8588	 -3.4794	 +4.9372	 +4.0322
 -4.9289	 -1.0518	 +1.1673	 -1.5310	 -1.5014	 +3.3769
 -7.7936	 -1.6955	 -1.5017	 +5.7556	 +1.4177	 -1.3184
 -1.9004	 -7.2836	 -1.3913	 +0.3211	 +4.4720	 -2.8204
-14.2105	-16.1066	-27.6682	 -0.5971	 -0.8524	 -2.1996
 -0.8153	 +1.2488	 -4.1140	 +3.0128	 -1.7879	 -0.5607
-11.6558	-14.7540	-25.2014	 +0.8311	 +1.1180	 -0.8857
-52.6890	+15.5658	+42.2134	 +1.6732	 -0.9831	 -1.2166
-44.6168	-22.0434	+12.9514	 +2.1201	 +1.4797	 -0.8292
 +3.3489	 +7.4888	 -6.7097	 +0.0896	 -1.5979	 -5.0073
 -0.7882	 +1.7339	 -2.5537	 -1.5084	 +1.4738	 -3.2723
-71.9694	-124.5274	+118.3793	 +0.7034	 +0.1259	 -0.1516
 -3.3597	-19.8343	 -4.1140	 +2.1535	 +0.0320	 -0.4204
 -6.9924	-10.3390	-10.5262	 +2.5723	 -1.8032	 +3.0664
 +1.8853	 +5.0774	 -5.3658	 +0.4713	 +1.2169	 -1.7216
-26.8237	-27.8217	-21.9880	 +2.9466	 +0.2399	 -0.6273
 +8.0243	 -3.3230	 +3.2243	 +4.3236	 -0.3402	 +0.6985
 -4.8882	 -1.6670	+12.1350	 -0.2591	 +1.2947	 +2.8468
+18.0028	-10.6173	+44.6909	 +0.9723	 +2.7680	 +0.4412
 +6.9401	 -3.7664	 -0.9040	 +2.0116	 -0.5121	 +3.9306
 +4.1227	 +6.3696	 -9.8006	 +2.9059	 -0.1614	 -0.7679
 -4.6341	 -9.9383	+15.1108	 -1.2592	 -1.0922	 +3.8828
+10.8487	-16.9453	 +5.3977	 +0.9762	 -0.5840	 -3.4593
-26.3037	 +6.1043	+27.1201	 -0.3124	 -1.0930	 -0.3833
-10.3998	-13.4546	 -0.1040	 -3.3253	 +0.1837	 -2.9386
 -2.5282	 +1.7416	 +4.0299	 -1.7582	 +0.9975	 -0.0620
+16.1213	 -6.6336	 -2.8332	 -0.4511	 -1.9438	 -0.9135
 +1.0580	 +2.9346	+13.3279	 -1.3074	 +1.2505	 +0.7763
 -5.3921	 -5.3326	 -5.5932	 +2.6321	 +3.7980	 +4.6842
 -1.4008	+10.5003	 +8.7374	 -1.3053	 -0.4801	 +2.1644
-14.0969	 -2.2160	 +6.0314	 +1.8341	 +2.0813	 -3.5520
 +3.2941	 -6.9472	 +4.0179	 +2.1607	 +3.3959	 +2.9226
+10.9916	 -2.3494	 +6.7599	 -1.8528	 -0.8795	 -0.2125
-26.7267	+15.5057	 -2.8304	 +2.4125	 -0.5120	 -1.9160
 +0.8227	 +6.6231	 +1.6351	 +1.3481	 -0.9961	 -2.7685
 +3.1476	 +4.3190	 +5.4904	 +0.5294	 +1.4932	 -5.0793
 -6.8120	 -4.8275	 +2.8280	 -2.5811	 -2.2483	 -4.0564
-12.2650	-11.2776	-17.2667	 +0.9513	 -0.8327	 -0.7774
-26.1652	+25.7992	-68.2941	 +0.6011	 -1.6043	 +1.1273
 -6.5098	+23.4941	 +4.7424	 -2.2172	 -1.9482	 +1.3142
-30.0702	+70.1106	-49.7915	 -2.0215	 -0.9790	 +0.3978
 +7.2028	 +3.0871	 -0.3247	 +1.6826	 +4.2652	 -0.2394
 +5.5917	 +1.8203	 +5.6095	 +2.0911	 +4.8244	 -1.7051
 -4.7495	+22.3405	 +9.2220	 -0.7422	 -1.0875	 +0.9340
 +7.3844	 -2.1055	-22.5039	 -0.5404	 -1.4206	 -2.6528
 +4.1391	 -3.7426	 +8.8312	 +3.7138	 +1.6600	 -3.3301
 -7.3882	 -8.9123	-18.4278	 -1.5689	 +0.9147	 +0.2126
 -7.0409	 +3.8214	 +6.2099	 -2.5790	 -0.7886	 +0.2709
 -4.9091	 +1.7797	 -7.4777	 +1.5170	 -1.0412	 +0.5551
 -7.2203	-15.8276	-13.9798	 -0.0804	 -1.7187	 +1.3629
+10.4980	 +1.2773	 -4.7278	 +1.5858	 -3.0049	 +1.8841
-10.9100	 -4.9776	+12.9095	 +1.3514	 -1.7871	 +0.3930
-20.7812	 -9.9935	 +0.9230	 -1.4740	 -1.8766	 -2.0548
-15.7621	 -6.7777	 +5.7281	 -1.6401	 +4.8032	 +0.3639
 +4.8658	 -4.4493	 +9.6755	 +1.2068	 +0.6353	 -2.6637
 +4.0329	 +2.2323	 -2.8793	 -0.5594	 -2.1378	 -4.9525
 -7.4680	 +3.0443	 -4.1534	 -1.0118	 -5.9126	 -0.2644
 +7.4474	 +0.7438	 -7.4322	 -1.6932	 -4.0776	 -1.5757
-140.4244	-171.4846	+114.6949	 +0.4037	 +0.9220	 +0.0641
-12.2877	+15.1708	 -5.5843	 -1.1218	 -0.6084	 +1.4346
-19.0499	+26.6916	+41.5732	 -0.0740	 -2.7367	 -0.9440
-11.1817	 -1.5218	+18.1092	 -0.6281	 +0.8860	 +1.1413
 +7.7183	+73.9155	-79.5045	 +0.0531	 -0.1992	 +0.5514
 -6.0215	-21.3838	 +5.0399	 -0.4192	 +0.7221	 +2.2987
 +6.3807	 -0.8573	 -8.9081	 +1.8932	 -1.2229	 +1.4017
 +1.2601	+18.7791	-19.9918	 +1.9532	 -1.9971	 +1.6816
+16.1268	+11.8499	 -5.0125	 +3.8250	 +0.8653	 -1.5082
-19.3934	 +7.5393	 -7.3771	 +0.7798	 +3.2418	 -0.1289
 -1.7694	 -8.3905	 +0.5227	 +3.9327	 -0.7033	 -1.4194
 +0.0038	 -0.3878	 +4.2216	 +0.2027	 +3.9112	 -3.6994
 +5.7250	 -0.5459	 -3.2138	 -1.0440	 -0.3193	 -2.0684
 -0.9665	 -0.1177	 -4.8678	 -1.7155	 +3.2356	 +3.8442
-22.2922	 +2.1627	 -5.1136	 +1.2535	 -1.9640	 -0.3990
-17.7078	+15.1936	 -2.4142	 +0.1592	 -0.9759	 -1.0406
 -6.7444	 +1.5119	 -0.5833	 +4.9830	 -5.4682	 -1.0977
 +2.9567	 +3.8155	-32.3459	 +0.2983	 +0.6025	 +0.3751
 +5.4844	+12.0812	 -8.2176	 -3.3514	 -1.3077	 -2.4818
 +3.5227	+16.2088	 -8.8417	 +0.6824	 -0.5491	 +3.6402
-10.5354	 -3.8572	+14.8975	 -0.7156	 +0.6776	 +1.5102
-28.4874	 -2.8203	+18.8197	 -0.9159	 +1.1044	 +1.8364
 -3.3601	 +3.8519	 -5.9421	 -3.8176	 -2.0756	 +0.8275
 +7.4290	 -9.1218	 +6.5020	 -2.5515	 -0.6274	 -2.6176
 -1.2635	 -6.1788	 -1.3968	 +0.8126	 +3.9437	 -0.5055
 -4.3532	 +7.5574	 -3.7998	 -0.6452	 -1.4125	 -4.2723
 +1.5023	 -8.3891	 +3.3452	 +0.9105	 +4.8304	 -3.0927
-16.5070	 -4.0342	 -7.2683	 -1.0675	 -3.0959	 -1.2264
 -3.2378	 -4.6997	 -7.6504	 -4.1308	 +3.0596	 +0.2378
+15.6680	 -3.2832	 -7.0921	 +1.9442	 +0.2963	 -1.9947
-17.1831	 +7.9009	 -4.4018	 +1.2065	 -1.3850	 +0.1501
 -6.6103	 +1.2060	 -0.1300	 +0.6248	 -4.9120	 -3.6477
 +8.2279	 -6.7709	 +3.2034	 +4.1359	 +2.1519	 -1.3074
 -3.9161	 -7.9880	-10.2236	 +0.4209	 -3.0010	 -2.1432
 -3.7679	 -6.3574	 -3.9355	 +0.7589	 -2.9255	 -4.0951
+10.2707	+23.3236	+18.1768	 +0.0320	 -1.1003	 -2.8301
 +9.9998	 +6.2462	 -6.8144	 +0.6733	 +1.7910	 -0.9173
 -0.9185	-10.9484	 +1.6786	 +3.2086	 -2.4152	 +1.2708
+36.4086	 -5.9201	 -8.4491	 +0.6720	 +1.2301	 -2.2887
 +7.2756	 -4.2345	 +2.5793	 -1.2428	 -1.5543	 -2.9530
 -0.6763	 -1.0706	 -2.3070	 +3.3424	 +2.0408	 +2.9896
 +5.7521	 +7.1426	-13.0218	 -1.8884	 -1.3059	 +1.6528
 +2.5639	 -1.1032	 +0.7912	 +5.1602	 +0.3635	 -0.3975
 -5.0525	 -3.7615	 +1.7012	 +5.5382	 -1.9664	 +4.2729
 -2.4130	 -9.2332	 -2.7100	 -1.5072	 +3.4706	 +3.7638
 -4.7158	 -2.2722	 +5.6200	 -6.3774	 +2.2046	 +1.3506
 -2.2961	 +1.3053	 +3.3613	 +1.2661	 +0.5342	 +1.7676
 -1.6748	 -0.1744	 -5.1504	 +1.2830	 -0.5077	 -2.2344
 -4.7143	 -4.8887	 +1.2600	 -4.4349	 -2.5839	 +4.6405
 -0.8778	+43.9282	 -9.9831	 +1.9937	 -0.0502	 +0.3346
 -2.2741	 -2.3943	 +1.9384	 -2.7546	 +1.1953	 +2.0136
 +5.3202	 -6.9499	-21.3661	 +1.8986	 +0.7409	 +1.8698
 -8.3881	-21.2767	 -8.5897	 +2.1266	 -0.5390	 -2.9280
 -7.1942	 +1.7413	 -0.5347	 -3.9248	 +4.7378	 +0.9710
-10.3394	-16.5436	 +1.4032	 -1.1787	 +3.1667	 +0.3329
 -4.8396	 +3.1312	-11.0019	 +0.7408	 -0.9399	 +2.2043
 -8.5070	 -1.1460	+14.1817	 -1.0046	 -1.4641	 -2.9838
 +1.1520	 +9.4190	 +0.3276	 +0.6113	 -2.2824	 +4.8010
 -2.1925	-14.1553	 -0.1662	 +4.6197	 -1.9182	 -1.7102
 -6.5400	 +0.5071	+10.2288	 -3.1734	 -0.6407	 +3.4450
 +4.2251	 +4.5851	 -5.2446	 -2.1202	 -0.4215	 -0.5498
 +8.4732	 +1.3166	+38.5481	 -1.1112	 -0.6989	 -1.0662
 +4.1618	 +1.5872	 +0.7200	 -3.0886	 -0.6271	 +1.2531
 -8.8732	 +0.2969	-10.4838	 +0.2137	 -3.2976	 -0.8772
 +8.5287	-11.9686	 -0.5750	 -0.4758	 -4.3128	 -2.3354
 +2.7918	 -1.2170	 -4.0352	 +3.2814	 -3.8011	 -0.4486
 +0.0434	 -9.6181	 -5.2341	 +2.5480	 +0.9455	 +4.6668
-12.2136	 -5.3801	 -8.2251	 +3.5923	 -1.3143	 -1.7824
 -3.3340	 -6.0750	 -1.2888	 +1.1523	 +1.2512	 -3.1570
-62.6487	-15.8163	-24.9970	 +0.1718	 +0.3720	 +0.2346
 -0.0065	 +0.7734	 -7.3640	 -0.3557	 +3.3293	 -2.2022
 -8.0995	 +2.1810	-12.8157	 +1.9642	 +0.0369	 -1.8548
-10.1880	 +4.5748	 -2.4782	 +0.9422	 +1.7349	 -1.9182
