# Num Particles: 1000
# Num Cores: 1
# Total Energy: -2.269859e+04
# Iterations: 791 of 1000
# Current Time: 2018-05-06 05:36:11.555623
# Elapsed Time: 12:22:15.795093
# Avg. Step Time: 0:00:56.303154
# 
# x	y	z	vx	vy	vz
# 
 +4.6457	 +1.4466	 -0.6904	 -2.4712	 -1.6737	 -0.5593
 -2.4225	+13.5479	 +3.4687	 -2.6626	 +4.2542	 +0.7443
 -6.1233	 -4.2618	 -4.4817	 +2.0290	 +3.0667	 -3.6657
-33.5160	+13.8760	 +7.3783	 -0.4007	 -2.2214	 +0.9324
 +5.9725	 -7.3810	 -0.7749	 +0.0423	 +5.0941	 +0.8933
 +1.6520	 +0.5689	 +6.1440	 -3.4585	 -1.0716	 +3.6505
 -3.9516	 -6.2173	 -7.2088	 -2.6304	 +4.1307	 +1.8970
-11.4869	 -9.2149	 +3.4987	 -0.9723	 -2.2886	 +1.5142
 -8.5028	-16.2433	 -9.6758	 +3.2676	 +4.1008	 +0.8406
-28.6536	+11.0045	 +3.8213	 -0.8252	 -2.4148	 -0.0298
 -0.5703	+11.1491	 +5.4763	 +4.0513	 -1.7652	 -3.6714
 +3.6708	 -2.8122	 -0.9574	 -1.2040	 -2.6809	 +2.6614
-14.0259	 +7.2921	 -5.9134	 -0.1624	 -1.1694	 +2.4017
+11.9306	+16.7511	-30.3047	 -2.4128	 +0.2031	 +0.3585
 -5.6822	 +3.1100	 -0.1720	 -2.1803	 -0.8132	 +0.9302
 -0.5221	 -7.4886	 -7.4856	 -4.6234	 +0.6494	 +1.7915
 +4.3356	-10.0111	+11.8468	 +2.4217	 +1.8529	 +0.4409
 -8.5912	 +3.6540	 -8.5188	 +1.8470	 -0.4323	 +4.4479
 -6.4400	 +4.3884	 -9.1151	 -2.3273	 +3.8890	 -0.7508
+94.5822	-34.6042	+79.6133	 -1.5053	 -0.7947	 +0.0921
 +7.7652	+11.0355	 +3.2471	 -0.9127	 +0.3988	 +2.3167
 +1.0589	 -3.9833	 +6.5894	 -0.3774	 +3.4799	 -0.0978
 -9.7516	 -4.2485	 +6.7349	 +0.0557	 -2.3407	 -0.9724
 -5.8029	 +4.3105	 +6.1658	 +1.6981	 +0.1123	 -3.1039
 -8.5028	 -4.9617	 +2.1622	 -3.1900	 -1.7502	 +1.1602
-46.2707	+34.4056	 -9.1112	 -1.0712	 +1.5857	 -1.2072
 -1.4231	 -3.6945	 -0.4458	 +1.3444	 +4.7001	 +1.7894
-18.8277	 +6.6251	 -6.1125	 -0.6975	 +2.2822	 -3.0483
 +9.2111	-11.4841	-10.1630	 -3.2443	 -2.7074	 -1.2924
+12.0201	+12.7216	 +4.3777	 +1.8945	 +4.0013	 +2.0104
+22.9866	 -5.2022	-12.6689	 +1.9334	 +0.9873	 +0.4549
-59.0790	+22.1963	+12.7360	 +0.0743	 +1.7604	 +1.6928
-10.6460	 +3.6559	+15.8928	 +1.5627	 +1.5159	 +2.2031
 -1.2583	+14.2433	-10.5394	 +1.3375	 +1.9187	 -0.6999
 -3.5060	 -5.1718	+15.0577	 +1.3910	 +0.3578	 -3.2740
 -8.2681	 -1.7379	 -6.4372	 +2.1270	 -0.1385	 +0.0190
 -5.3842	 +0.8072	 +0.6433	 +1.2450	 +4.5980	 -2.1221
 +7.5438	 -7.4616	-11.3651	 -2.4982	 +1.3013	 -1.8169
 -5.7069	 +5.4133	 -2.9886	 +0.6954	 -6.7443	 +2.1146
 -3.8537	 +5.5114	 -4.2385	 -1.1065	 -4.2242	 -2.2097
+21.7103	-30.2506	 +8.5944	 +0.4308	 -1.6383	 -0.6026
 +2.6981	 -9.3162	 +7.5522	 +0.7968	 -0.5915	 +1.1351
 +1.4186	 +6.0408	 +4.8909	 +2.1388	 -3.2844	 +1.1728
 +4.3322	 -0.2231	 -3.3401	 +1.7205	 +3.0507	 +1.4417
+10.0633	+11.1767	 -6.7902	 +1.0362	 -3.2929	 +3.3641
 -6.0620	 -1.8249	 -0.2766	 +2.9375	 +0.9507	 -2.7087
 +8.1225	+11.8997	 +3.1720	 +0.1284	 -2.5874	 +2.4327
+26.7435	-12.6827	 -9.6128	 -2.2934	 -0.5196	 -1.3456
 -8.0802	 -4.0512	 -3.4393	 -1.5782	 -0.2606	 +1.0214
 +8.8969	 +3.3852	 +4.7116	 -1.1294	 -2.6285	 -0.0278
-24.5728	-53.2378	-25.1235	 +1.3905	 +0.8010	 +1.8807
 -1.0230	 +4.1585	 -2.5709	 +1.3059	 +0.2997	 +4.3824
 +3.8342	+12.4832	+24.7296	 -2.5014	 +2.6367	 +0.7255
 +2.0029	-18.9200	 -1.6885	 -2.0609	 -1.6677	 -2.6059
 +8.3723	+12.2502	+63.9587	 +0.3672	 +2.1606	 +1.0296
-28.9503	 -1.1834	 -4.2138	 +1.5081	 +0.9832	 +0.1931
 +7.3459	 +1.5257	 -4.5657	 -6.4940	 +0.3156	 -0.8167
 +5.9760	 -6.5798	 -6.1926	 +0.4620	 +1.2623	 +2.5702
 +2.2047	+15.8489	 +2.1750	 -1.1652	 +0.1896	 -1.8112
-19.7001	 +3.0812	 +0.7760	 -0.4231	 +4.5589	 -2.0636
-28.8041	 +5.9501	 -8.5803	 +0.2139	 +0.2702	 -2.3105
 -6.1557	+27.1433	-20.6895	 +0.7016	 +2.0620	 +1.0670
 -3.4592	+12.0025	 +0.5389	 -1.0208	 -1.2921	 +0.7720
 +3.0895	 +4.5691	+10.0533	 +0.2749	 +2.8975	 -1.5831
 +0.4563	 +1.1182	 -6.6081	 +1.0342	 +0.0632	 -3.1480
 -8.0457	 -7.8634	 -4.4067	 +2.7117	 +2.2181	 +2.5916
 +2.0099	 +4.1569	 +1.8261	 -1.9495	 -0.3916	 -6.2460
-29.1130	-24.4186	+24.8428	 -1.4443	 -1.1288	 -0.9526
 +0.6791	 +6.1051	 +6.7768	 +0.1193	 +4.5776	 +2.4959
 +3.8259	-13.8551	 +1.8517	 +0.1905	 -0.8910	 -2.4545
 +2.7246	 +4.2431	 +2.0971	 +1.4716	 -1.1758	 +0.1136
 +8.9286	+13.1539	 +1.8970	 +1.1845	 +2.7553	 -0.5930
 +8.0554	 -3.6826	 +2.1168	 -0.7008	 -0.5032	 +2.3486
 -1.0286	+15.1544	-103.6785	 +1.9406	 -0.0395	 -1.1092
+18.8243	-10.4322	 -7.1070	 -2.3430	 +3.2262	 +1.3436
 -6.3974	-18.4867	 +6.0545	 +3.0650	 -1.7960	 +2.1698
 +0.9566	 -6.6355	 +1.6649	 -2.1288	 -1.3688	 -0.4582
-11.7488	 -6.9683	-10.4181	 +1.3726	 +2.9534	 -3.1693
 +4.3060	-11.0492	 +5.7552	 -1.4220	 -1.7577	 -1.7849
+29.6985	 +1.2172	 -4.4499	 -0.3857	 +2.3453	 +0.3191
 -0.4982	 -0.9608	 -6.5802	 +0.1293	 +1.1065	 -1.5737
 -1.6262	+10.2590	 -6.2098	 -2.6875	 -3.2625	 +1.8447
 -0.2090	 +0.3676	 +4.4020	 -0.9895	 -0.0185	 -3.9543
-16.0090	+18.0615	+36.6662	 -0.3690	 -1.3568	 +2.1202
+21.3972	+16.9876	+18.0698	 -0.1257	 +0.8144	 +1.4280
 -7.3678	-11.0131	-10.8810	 +1.6222	 -1.5445	 -3.7465
 +0.1308	 +3.8139	-10.3277	 +4.8048	 +0.5309	 +1.6716
 -5.7849	+24.4724	 +7.3035	 -0.3502	 -0.6638	 -1.1687
 +9.4406	-24.9925	 -3.7688	 +1.4891	 +2.0105	 -1.8663
 -6.8180	+12.3826	 -4.7272	 +0.3102	 +1.8591	 +0.2645
 +4.5691	 +5.7917	 +6.0604	 +2.0221	 -2.0264	 -1.8544
 -1.9637	 +0.4330	 -4.4280	 -0.5986	 +0.1363	 +1.1824
-18.5724	-31.1554	-48.6200	 -0.5035	 -0.4028	 +0.3052
-20.2048	 -8.4993	+15.3584	 -1.2939	 -1.0364	 +0.9576
 -7.9080	-10.9648	 -0.0204	 -0.9110	 -0.7278	 +0.5347
 -2.1667	 +8.4611	-15.1347	 -2.9200	 +1.3202	 +0.7228
 -9.1271	+24.1136	 +0.4056	 +0.2655	 -2.6517	 +2.8121
 -9.9448	 -2.8303	 +8.5816	 -0.0371	 +0.6249	 -4.1732
 +6.3432	-10.2082	 -5.7354	 +3.7150	 -1.2490	 +0.4467
+11.5886	 +5.4051	 -9.7121	 +2.1094	 +2.0523	 +4.4639
-18.5191	-12.7454	 +0.7346	 -1.6944	 +1.6730	 +0.6604
 +9.6841	 +1.4927	 +6.1542	 +1.9330	 +0.1500	 +2.7245
 +2.6270	 -1.7422	 +2.6027	 -1.4413	 -1.4063	 +3.3204
 +2.6477	+11.4026	 +3.7191	 -0.2564	 -1.1163	 +3.6796
 -0.8745	 +0.8447	 -3.0250	 +0.8059	 +0.9286	 -1.8265
+13.1970	 +8.6841	 -5.2621	 -0.1789	 -0.6442	 -2.8555
 +8.7606	-11.4625	 +5.7602	 +2.7415	 +2.7648	 -3.7871
 +8.4938	+10.7362	 -3.6366	 +2.8349	 +0.8100	 -0.1988
+28.4926	+21.2839	+11.9788	 -0.4664	 +0.9468	 -1.2501
 +2.2084	 -1.6477	 -5.4409	 -2.9471	 -0.4241	 +4.8782
 +8.8973	 +4.7481	 -2.6367	 -0.5059	 -3.3644	 +1.1306
+472.5904	+392.7982	-225.0472	 -0.2838	 +0.6696	 +0.3171
-139.6699	+107.5042	+203.0537	 -0.0877	 +1.1194	 +0.4072
+28.2258	 -9.3992	 +5.0498	 +0.9965	 -0.4160	 -1.3666
 -8.2449	 -6.0771	 +5.5957	 -1.1092	 +0.1080	 -5.1865
 -3.9713	 -0.3441	-11.4836	 -0.4122	 -4.7335	 +0.5976
 -1.1353	-11.5474	 -8.3314	 -3.1894	 +0.7074	 +0.9601
-61.4627	-14.1028	-15.5724	 +1.9742	 +0.3320	 -0.6464
 +4.5132	 -0.3832	 -1.4254	 -0.7042	 -0.1009	 +0.8591
+47.9676	-26.6045	-40.6707	 +0.0695	 -0.4727	 +0.6396
 +4.5293	 -5.6950	 -2.3013	 +2.8099	 -0.6933	 +5.2590
 +1.1740	 -5.7945	 -4.2906	 +2.3246	 -2.4926	 -0.5716
 -0.7043	 +6.8345	 -5.7706	 -1.5907	 -1.7495	 +1.8026
-11.8280	 +7.3423	 -1.8327	 +2.8627	 +2.1002	 -0.6433
 -3.0244	 +0.4142	 -6.2543	 -1.2660	 -0.8588	 -0.5917
 -3.3657	 -0.2802	 -9.9719	 +1.9132	 -2.7928	 +0.9555
 +9.1231	 -0.8471	 -2.5760	 +2.0777	 -0.3864	 +4.4903
 +7.4742	 +0.5188	 -4.5159	 +1.8661	 -0.2253	 -0.8006
 +1.7283	 +0.0541	 +4.5672	 +2.6203	 -2.6385	 -1.6222
 -8.3271	 +7.1315	 -1.2580	 -0.4602	 +3.5427	 +3.7995
+14.4027	+23.6960	-172.1789	 +0.0590	 -1.1771	 -1.2028
 +0.4880	 +6.6294	 -8.7415	 -4.3582	 -1.6720	 -1.0721
-10.3411	 +2.9075	 +5.0138	 +0.2148	 -2.6968	 +1.4104
 -3.3819	 +4.7877	 -5.0739	 +4.6182	 +0.5901	 -0.3925
 +0.5615	 +5.2388	 -0.4988	 -0.4032	 +2.5165	 -0.4927
-18.7984	+13.2914	-25.9511	 +0.3430	 -2.0197	 +2.0648
+14.8318	+11.4991	 -0.8409	 -0.8392	 +2.7331	 +1.8953
 +7.9206	-30.0492	+19.2958	 -2.0044	 -1.1265	 -0.1377
 -0.2201	 -0.7102	 -8.8731	 -1.9200	 +3.6410	 +0.7659
-10.4452	 +9.2271	 +6.9775	 -1.7584	 +3.5309	 +1.2624
 -0.6527	 +3.9508	 -7.7794	 -2.4047	 -0.7659	 -3.6737
-17.2997	 -0.8864	 +4.6137	 -2.1993	 +2.6006	 -2.6905
 -3.2936	 -2.2591	 -5.8976	 +1.0945	 -0.6226	 -0.0125
-14.1324	+20.0103	-33.5696	 +2.7965	 +1.7339	 +1.1828
+59.9121	 -8.3964	+18.4370	 -0.1092	 -1.8950	 -0.4394
 -0.2504	 -1.1669	 +5.9027	 +2.1081	 +0.6218	 +4.4069
-37.4398	-62.7449	+52.2937	 -1.1495	 +1.2602	 +0.7612
 -6.0811	 -0.6319	 +2.2995	 -0.2284	 -5.2259	 +0.5356
 +8.5866	 -3.4754	-20.9417	 -3.2368	 -1.4698	 -0.7071
+13.5092	+10.1088	 -2.9484	 -0.9609	 -0.1917	 +0.8448
 -3.1853	 +4.6248	-17.5521	 -1.3964	 -1.4582	 -2.0143
+10.1786	+11.1433	 -8.5609	 -2.0046	 +1.1684	 +0.1501
-16.4888	+10.1055	 -0.1960	 +0.8741	 +0.0826	 +0.0660
 +5.6922	 -9.5370	 +3.4930	 +0.2501	 -0.8722	 +1.9171
 -4.2229	 -6.8158	 -0.6812	 -3.3200	 +3.9322	 +1.2084
 +2.1827	 +0.8009	 +7.9319	 +4.0253	 -1.8449	 +2.0094
+15.8970	 -1.6185	-16.3749	 +0.4478	 -1.6752	 +1.9987
-13.1752	 +9.4857	+25.4290	 -2.6433	 +0.5245	 -1.7883
 +6.9320	 -7.9972	+11.3385	 +0.5282	 +0.0763	 -0.9105
 -3.2087	 -0.4670	 -1.4092	 -3.4046	 +2.1512	 -0.3964
 -6.6484	 -3.7083	 +2.9539	 +2.6399	 -2.3451	 -2.1889
+17.1906	 +0.9959	-14.0225	 +2.8976	 +1.8401	 -2.7438
 -7.4712	 -3.7282	 -0.9855	 +3.1889	 +0.0347	 -0.6278
 -7.4269	 -1.6547	 -2.6043	 -2.2244	 -5.1620	 -1.1890
+10.5413	 +7.0629	 +5.3388	 -0.2654	 +1.5821	 -2.0130
-15.9765	 +1.1023	 -2.3211	 +1.4026	 +0.9620	 -2.4432
 +0.4469	 +1.8495	 -1.9598	 -2.1280	 -2.6821	 +2.8741
 +2.2457	 -8.4073	+10.2573	 +4.0457	 +2.3018	 +2.1909
 +4.1519	 -2.3064	 -0.4403	 +1.9174	 -0.7461	 -1.8157
 +1.1590	 -1.7295	 +4.8680	 -4.2009	 +2.6450	 +1.8380
 -3.7693	 -5.1516	-14.5438	 +2.7075	 -0.4912	 +3.1703
 -0.2056	 -1.2100	 -6.3746	 +0.9015	 -0.6173	 +1.4251
 -2.7657	 -1.7212	-18.6181	 +0.6794	 -0.2471	 +2.0115
+20.5480	-14.2348	+17.6196	 -1.9627	 +0.2988	 -1.6954
+12.6154	 -3.7898	-25.2177	 +1.8970	 -1.8229	 -2.7366
+37.5661	+32.4499	-26.2786	 -2.5534	 +0.5729	 +0.1686
-18.0191	 +6.3965	-13.0338	 +2.1323	 +2.7019	 -1.0296
 +3.8458	 +6.6107	 +2.1371	 -0.4791	 +6.2804	 +0.1564
 -4.2440	 +5.8708	 -4.4780	 -0.9182	 -0.4553	 -2.4988
 -2.0998	 +3.9769	 -3.4035	 -0.7170	 +2.6120	 +2.9523
 -6.0132	 -4.1342	 -1.7793	 +4.1750	 -1.1144	 +1.1252
 -6.1682	 -4.8438	 +3.7691	 +1.4132	 -3.4181	 -0.4529
 -7.9776	 -1.4785	 -7.4319	 -0.0387	 -0.1941	 +0.9766
 +6.5284	+23.0209	-26.7338	 -1.5178	 -0.2820	 +0.1346
 +1.0393	+12.3188	-21.2968	 -2.4687	 +0.2371	 -1.2030
 -3.5188	 +3.4502	 -1.2608	 +2.2791	 +0.7770	 +2.8093
 -4.2606	 -8.9266	 +2.3779	 +0.0939	 -1.4179	 -2.5952
 -1.0187	 -4.0799	 -0.4589	 +0.7151	 -1.4013	 -1.7297
-15.9572	 -2.8681	-10.9032	 +1.9089	 +1.8944	 -0.0135
 +1.8905	 -3.3993	 +2.2775	 +0.0056	 -0.1717	 -0.8260
 -9.6835	-26.6443	+11.2875	 -0.1743	 -0.4543	 -0.0444
 -7.1704	 +0.5481	 +2.1785	 -0.6531	 -1.9532	 -2.5053
-11.5340	+16.5881	-40.0723	 -1.3397	 -1.5726	 -0.5336
 -3.1831	 +8.5122	 -0.0121	 -0.4799	 -1.3180	 -3.7655
 -2.7181	-16.2933	 -6.9601	 -1.4816	 -0.8183	 -1.5878
 -2.0467	 -5.1588	 -4.4019	 +2.5009	 -0.5605	 +0.8089
-14.1777	 +6.8078	 -4.5720	 -1.0053	 -2.6387	 -1.9229
+21.5282	-98.9356	-29.0064	 -1.3973	 +0.4417	 +1.0440
 +3.1322	 +4.0435	 +7.1995	 +1.8456	 -4.0111	 -1.6225
+12.4483	+10.3281	+10.6935	 +0.9800	 -0.4372	 +2.8675
-15.4204	-19.3637	 +3.1147	 -0.0060	 +2.1109	 +3.4867
 +3.0099	 +8.7973	 -6.6498	 -5.6523	 -1.3655	 -1.0626
 +0.8155	 -9.5724	 -2.6161	 +1.0357	 +1.3447	 -2.6783
 -8.2826	 +3.9421	 -1.8345	 +3.7207	 -2.8141	 -1.1919
 +8.7261	 +1.3751	 -2.7312	 +2.0993	 +3.0209	 -3.1782
 -2.2711	 +3.6681	 -2.8411	 -2.1277	 +3.4399	 +1.1915
 +4.2583	 +0.4050	 -1.6488	 -2.0791	 -0.6985	 +2.8159
-25.6099	 +5.6055	+14.7903	 -0.0789	 -2.7934	 +2.3993
 -9.8936	+53.3985	-26.1252	 -2.0224	 +0.1456	 +1.5261
 -0.0698	 -2.2451	 +1.1524	 -3.5810	 -0.5351	 -3.5117
 -4.4674	 -7.7858	 -0.1652	 -3.7547	 +0.9442	 +3.1734
 -1.4705	+11.7036	 -6.5284	 +2.8177	 +2.2209	 +0.9509
 -9.6391	 -5.1390	 +3.7744	 +1.4183	 -3.6639	 +2.6825
-25.3365	 -1.8375	 -4.2177	 -1.3353	 -0.3252	 +1.0557
+10.4769	 -8.6517	-20.7350	 -2.3024	 +1.1054	 +1.0522
+121.1659	 +6.1102	-38.3272	 +0.1356	 +0.1416	 +0.7455
+11.4909	 -2.1082	-28.0033	 -2.0329	 -2.4607	 -1.4828
 -9.2810	 +3.3410	 -4.7877	 -1.7168	 -0.9833	 +1.2487
-17.5630	 -0.7478	 -8.2334	 +0.1644	 +1.2156	 -1.5702
 -5.6970	 +6.6742	 -1.0460	 +2.1824	 -1.6442	 -0.0039
+23.6552	-28.5211	 -9.6362	 -1.8642	 +1.1946	 -0.3332
 +1.6407	 +4.2674	 -0.2770	 -2.4477	 -3.8554	 -1.2538
 -0.4470	 +4.4779	 -7.0615	 +4.7954	 +1.3228	 +2.7046
 -9.7352	 +1.0515	 -1.1162	 -0.0913	 -1.6667	 +3.4762
 -1.4827	 +1.3464	 +2.1166	 -2.1479	 +0.4663	 +4.9895
 -4.8461	 -0.2211	 -0.4538	 -0.6153	 -1.4441	 +3.0174
 -0.6546	 +2.9287	 +9.2479	 -2.2061	 -1.1238	 -1.1800
 -5.6038	 -5.0010	 -7.5765	 +0.9532	 +2.2584	 +2.7578
-11.1204	 -3.1364	 -4.9683	 -0.0255	 +0.9168	 +0.9460
 +9.3582	 -5.4478	 -5.9095	 +1.9130	 +0.1134	 +0.4096
 +2.3782	 -1.0364	 +2.3051	 -2.3783	 +1.7133	 -1.1061
 -2.3811	 -6.5465	 +0.8624	 -0.2814	 +0.1636	 +0.9436
 -6.8501	 -1.9867	 +5.8832	 -3.8943	 -2.1663	 -0.8767
 +9.3738	+13.4294	 -1.2273	 +0.7204	 -0.8169	 -0.6869
 -0.0061	 +8.0398	 +9.8575	 +1.3954	 +2.5004	 -1.6589
 +7.6757	 +2.2022	-19.0364	 +0.9959	 -1.7930	 -1.3960
 -1.5658	 -5.4646	 -9.0100	 -1.7833	 +4.6293	 +1.2392
+10.9456	-23.4541	+11.8291	 +1.3692	 -0.9552	 -1.9739
 -7.0309	 -4.1826	 +0.3605	 -1.5191	 -2.7532	 -2.6089
 -1.5814	 -2.6802	 -1.2910	 -0.0538	 -1.7753	 +0.6940
-59.6917	 -3.2872	 +2.8124	 -1.0127	 -1.5284	 +0.3982
 -4.3843	 -0.5256	-10.4484	 +0.2655	 +1.7099	 +0.4538
 -0.2843	+18.3991	-11.4999	 -0.8528	 -0.8235	 -1.2489
+12.6744	-11.3212	 -0.3421	 -2.3433	 +1.1326	 +0.1933
 +1.2331	 +6.3824	 -5.2738	 +0.0665	 +1.5266	 -2.9219
 +2.4439	 -0.9972	 -2.0866	 +3.3155	 -4.5332	 -2.9027
-27.9707	 -0.9028	+35.2811	 +0.9139	 +1.2220	 -1.4411
-18.7491	 -1.1439	 +4.6953	 +0.7361	 -0.2615	 -1.4720
 +1.3179	+12.2586	-10.5431	 +1.8780	 +0.9698	 +0.3319
-25.2591	-26.2038	-11.5604	 +2.4900	 +1.2807	 +1.9785
 -1.7914	+27.1281	 +7.2857	 +2.8689	 -0.6996	 -0.0329
+11.6401	-10.5997	+10.2113	 +2.9982	 +1.3175	 +2.2261
 -6.2991	 +3.1051	 -4.6854	 -2.6240	 +3.9615	 +0.5456
+10.5839	 -5.7934	 +7.3856	 -1.1544	 +1.6842	 +0.2054
+1872.6534	-32.2871	+790.6836	 +0.2206	 -0.2337	 +0.0659
 +4.2308	 -6.3925	 -4.9360	 -0.2773	 -0.2760	 +2.9855
 +5.4689	+13.6766	 +2.0907	 -2.3958	 +0.9037	 +0.7170
 -7.3808	 -1.4130	 +6.7078	 +0.6186	 -0.7790	 -3.7843
 +8.5288	 -9.8825	 -0.5294	 -4.5209	 +2.3647	 +2.1757
 +9.1824	+12.5326	 -6.8666	 +0.5070	 -0.8190	 -1.3467
-60.9881	-56.4471	-70.6617	 -0.7496	 -1.1917	 -0.1158
 -1.0511	+12.1571	 +5.2125	 -1.5252	 +0.7081	 +6.2070
 -2.0550	+13.6847	 +1.8039	 -4.1076	 -0.8544	 -4.5302
+22.6492	-18.6623	+10.3750	 -0.4280	 +1.9841	 -0.3369
 +6.2146	 +2.6384	 +0.7190	 -1.1928	 -0.0653	 -0.6316
+15.1163	 +0.5640	 -3.3439	 -2.0160	 -4.6460	 +1.4557
 -5.1456	 +4.7577	 -2.1490	 +1.8249	 -5.8021	 -1.7284
 -5.8715	 +6.6722	 -1.6086	 -1.3125	 +1.8152	 +1.3118
 -0.1448	 -7.8757	 -7.9377	 -2.5355	 -4.0219	 -2.7172
 +2.7178	-20.2332	-12.8133	 +0.0100	 -0.9881	 +1.3102
 -1.7580	 +4.0301	 -9.9791	 -0.7630	 +3.7155	 -2.8540
 -7.0391	 -0.0503	 +3.7399	 -0.3553	 -2.1471	 -0.4066
 -7.7167	 +8.5143	 +7.7528	 -2.3674	 -0.2765	 -1.4088
 +7.1596	 -5.5708	-11.6849	 -2.1497	 +1.7734	 -2.1084
 -0.3631	 -0.4089	 -2.8012	 -3.6012	 -2.9015	 -2.0724
 -3.7066	 +9.3014	 -9.2303	 -3.8297	 -2.5138	 +4.2114
 +0.7371	 -4.3291	 -0.6410	 -3.5857	 -1.5764	 -3.4191
 +3.0876	 +1.3237	 -2.9051	 +1.2885	 +2.8855	 -1.7014
 +1.4824	+11.4041	-18.8794	 +0.4116	 -2.9870	 -3.1993
-11.2049	 +6.9958	 +9.3266	 +0.1480	 -0.6097	 -0.0530
 +8.8728	 +5.1266	 -8.5287	 -1.0912	 +0.5469	 -0.8063
 +6.2330	 -9.6885	 -3.7418	 -0.7347	 +0.3184	 -1.7493
 +1.5613	 -8.2738	 +0.2119	 +4.2087	 +1.7918	 -0.6458
 -7.0147	 +5.7229	 -3.4512	 -3.8048	 +2.9471	 -0.1276
 -0.4615	 -9.4562	 -8.2651	 -0.2446	 +0.7245	 +1.9283
 +5.2781	 +1.5745	 -4.7731	 -2.0633	 -2.7527	 +1.3765
-21.8409	 +5.8991	 +2.7350	 +1.2573	 -1.3742	 +2.9426
-26.9599	 -8.5262	-13.3021	 +1.0743	 -0.0492	 -2.4709
 +2.0463	 -6.4269	-10.6757	 +0.2921	 -3.4458	 -1.8772
-129.6599	-48.4152	+76.1154	 +0.7525	 -0.9207	 +0.6447
 +1.2627	 +0.6775	 -1.0363	 -0.5970	 -2.3345	 +2.6454
 -9.0349	+10.7992	 -5.4278	 +2.3139	 +1.2792	 +0.8724
+14.9531	 -3.2639	 -9.5188	 +0.6060	 +1.7324	 -2.5897
+12.1744	 -1.9555	-15.3659	 +0.9068	 -1.7552	 +1.0117
-14.7651	 +8.1871	 -4.5191	 +1.8242	 -1.9273	 +2.5447
-13.9766	+12.0968	 -3.3412	 -1.7605	 -1.6280	 -1.6373
 +1.8472	 -2.8429	 +1.5466	 +0.8927	 +4.4072	 +3.9200
-111.0873	-105.9618	+100.7527	 +0.4297	 -0.2267	 -0.1494
 -3.9908	+38.3037	+13.2486	 +2.3151	 +0.2613	 -2.0910
-26.5194	-19.9571	+20.5339	 -0.3833	 +1.6299	 +1.5943
-15.1882	 +6.2845	-36.6050	 +2.5862	 -0.6690	 -1.2068
-21.2785	-14.9622	 -9.1897	 -0.1550	 +2.4745	 +0.1513
 -5.1011	 +1.6976	 +2.2753	 -0.1711	 -0.6096	 +2.7297
 +0.1341	 +1.6988	 -7.1284	 -1.3331	 +1.0708	 +1.0709
+13.9933	 -5.4203	 -0.7000	 -0.5186	 -0.9344	 +1.0408
 -9.0459	+10.9555	-11.1464	 -0.9215	 +1.4557	 +0.3187
 -6.0904	 +1.4767	 -5.9285	 +6.2226	 +1.1806	 -0.0987
 +0.7229	-17.6806	 -2.5852	 +3.2235	 +1.3671	 -2.0888
+15.3762	-88.1996	+12.7965	 -1.0241	 +1.5114	 -1.2342
-18.7051	 +3.7856	 +6.8113	 +1.1175	 -0.8805	 -0.2768
 -1.5190	 +3.6437	 +4.0781	 -0.6094	 -1.9475	 -1.6658
 -3.4836	 -0.9391	 -1.1563	 -0.3337	 -1.5727	 -0.8860
 -1.0886	 +2.2776	+13.7944	 -0.2778	 +1.4510	 +0.4915
 -3.5045	 -0.0056	 +2.6004	 +3.0936	 -3.3689	 -0.1005
 -2.0502	 -8.7516	 +2.0937	 +2.0461	 -1.6677	 -5.6442
 -3.9493	 -0.6693	 -7.5254	 -1.4670	 +2.0310	 -6.0394
+10.1986	 -6.5704	-23.7977	 +0.7900	 -2.9775	 -1.6923
 +2.0146	 +1.6143	 -1.1735	 -0.1837	 +2.2952	 -2.9864
 +5.1930	-10.8212	 +6.1136	 -2.9129	 +1.2610	 -0.8762
 +2.9345	 +4.9740	 -4.2709	 -0.7528	 +2.0773	 +3.1265
 -2.1317	 -3.1076	 -2.4351	 +3.2556	 +0.3365	 -1.7255
 +1.1582	+15.9810	 +3.6181	 +4.4339	 +3.1469	 -0.0766
 -2.9166	+12.2418	-23.2145	 +0.2439	 +1.5958	 -0.2261
 +0.5683	 -1.3119	 +9.9088	 +0.3136	 +0.2753	 -0.0073
 -6.6471	 -0.8608	 -0.7317	 +0.7948	 -3.0403	 +1.0378
 -0.2294	 -8.1211	 -6.3634	 -3.4227	 -2.3450	 -2.1643
-152.4876	-57.3883	+203.8035	 +0.5484	 -0.6728	 +0.1997
 -2.4364	 +1.0931	 -4.5869	 +2.2533	 -2.0366	 +2.1659
 -2.7426	 +1.5227	 +1.5760	 -3.2089	 +2.7898	 -1.8874
-13.6150	 -5.4778	 -3.3378	 -1.4293	 -1.8068	 -1.9220
 -1.8303	+10.8112	 +3.6013	 -0.9803	 -2.9608	 +2.0732
 +1.1693	 -1.7682	 -9.8895	 -0.3975	 +0.1798	 +3.0383
+24.0546	+48.7439	-14.8997	 -1.3746	 +0.9550	 -1.8256
 +5.1746	 -7.9856	-16.0162	 -0.1701	 -1.3338	 -0.0310
 -0.2337	 +7.3630	-12.3978	 -3.6743	 +0.9287	 -0.6104
 +8.2731	 -0.1286	 +5.6805	 -0.4377	 -1.7944	 +5.6192
 -3.2036	 -5.2975	 +7.6363	 -0.6765	 +0.8478	 +2.1625
 +4.9579	 +1.9115	 -4.9188	 -0.5468	 +0.6748	 +2.7122
 +0.2089	-11.7033	-10.0634	 +2.4175	 -0.4642	 -0.5074
 -1.7720	 +0.0280	 +2.6397	 +1.0097	 +0.8258	 -1.8557
 +9.6202	 +7.6232	 +5.1491	 +1.0584	 +1.7403	 +1.2458
 -0.4144	 +4.8378	-12.8730	 +0.2564	 +0.2429	 -1.8034
-16.3578	 +1.2883	 -6.3458	 -1.2954	 +0.2433	 -3.6366
 +2.0065	 -5.6260	 -4.7214	 -0.6888	 -0.8869	 +0.4451
 -0.2771	 +8.8078	 +2.2217	 -1.5716	 +0.6143	 -2.1341
 -6.1245	 -4.6837	 +5.4736	 +0.6403	 -1.6830	 -0.1837
 -1.6097	 +2.2379	 -0.1862	 +0.5300	 +0.6938	 -2.6249
 -1.2756	 -0.0065	+33.5236	 +2.2740	 +2.2778	 +1.1572
 +0.5543	 -2.7797	 -1.2798	 +0.5694	 -0.5667	 +1.4468
 -8.7002	 +1.1228	 +1.4790	 -1.7385	 +4.3307	 -0.8796
 +5.5220	 +7.3821	 +0.6185	 +2.6239	 +0.4938	 -2.4250
+13.1556	 -5.0303	-14.9728	 +1.7547	 -1.8901	 -1.8342
 -5.3530	 +5.4233	 -4.3185	 -2.7128	 -1.3514	 -0.7876
 +7.9276	-11.3365	+10.2753	 -2.3079	 +1.1915	 +1.2905
 +2.8998	-12.6612	 +4.3202	 -0.7493	 -2.7395	 +2.5044
 -9.7624	+27.8895	-49.0243	 +0.7833	 -0.2275	 -0.3431
 +7.0875	 -3.8563	-43.4365	 -0.3370	 +1.2232	 +1.7006
 -8.1462	 +1.8289	 -0.3177	 -1.3386	 -1.5825	 -1.6085
-13.1285	-13.8830	-11.9117	 +2.3657	 -0.6960	 +1.0056
 +2.5349	 -3.1307	 -0.2522	 +0.8368	 +0.4974	 +2.4926
+11.8488	+14.7885	 +2.6850	 +2.9354	 +1.1611	 +0.8366
 -9.4379	-63.7418	 -8.1141	 +1.3740	 +1.4011	 -0.6511
 -4.5855	 -5.2340	-10.1245	 +1.4757	 +2.8696	 -2.5693
 -4.5753	-12.8885	 +5.9050	 -2.2204	 +0.9402	 -0.6734
 -5.8604	 +6.4193	-22.0016	 -4.0739	 +1.5035	 +0.1771
 +7.6322	-13.6267	+14.9717	 -0.3367	 -3.5368	 +1.7215
 +0.1952	 -0.2685	 +9.8403	 -1.7146	 +0.5802	 +3.9102
 +7.3419	 -0.0705	 +7.2326	 -1.1369	 -1.3753	 +1.8594
 -9.1003	 +3.1426	 -1.8618	 +2.6395	 -3.1822	 -0.2038
 +0.9437	 +8.5030	 +5.9093	 -1.9624	 -2.5247	 -0.4419
 +2.5710	 -2.7593	 -0.3549	 +3.4916	 +1.1676	 -2.9523
 -6.1130	 -7.7229	 +6.7987	 +1.5804	 +4.8571	 +1.9144
 -2.1727	 -1.3279	 -6.4512	 -4.2872	 -0.6982	 +0.4516
 -9.6716	-12.3618	-12.2819	 -1.9505	 -1.1639	 -1.5738
-53.4073	 +4.7545	-17.4969	 +1.1700	 +1.2585	 -0.8337
 -4.3459	 -3.7392	 -7.7137	 -1.8151	 -1.3861	 +2.4660
 -2.5055	 -1.6796	 +3.0748	 -3.4854	 -2.7200	 +0.7259
-11.6497	 +8.2960	 -0.4763	 -1.9657	 -1.8307	 -0.2137
 -4.1219	 +4.1685	 +1.6252	 -0.8779	 +3.3057	 -1.3653
+14.4641	+11.9291	-12.3485	 +0.9257	 +1.4570	 +2.4415
 -1.0849	 +6.1153	 +9.8658	 -1.7139	 +0.6806	 +5.4660
 +2.1704	 -5.3410	+19.4176	 +1.8294	 -2.0035	 -0.3523
+16.5133	 -3.1579	 -1.5444	 +0.0797	 -0.5841	 +3.4624
 +2.8331	 -7.2481	 -0.9959	 -4.0202	 +1.9557	 +1.6989
 -2.3087	-18.9060	-23.0675	 -0.6865	 +2.4997	 +0.5206
-12.1675	+10.5496	+12.0289	 +1.0405	 -2.9750	 +0.4889
 -1.8094	 -1.8623	 -5.3929	 -4.1019	 -0.9960	 -0.3740
 -5.6787	 -5.8586	-12.6711	 +1.1407	 +2.4472	 -0.4216
 -1.8873	-11.3256	 +7.1633	 +1.2957	 +2.1547	 -2.3098
 +3.3827	-14.6472	 +0.9468	 +0.0102	 +0.8723	 +2.2815
-10.1067	 +2.3934	-16.1786	 +0.6308	 -0.9721	 -0.4046
-15.6170	 -1.0957	+10.0615	 +0.8372	 +0.4022	 +2.8556
 +0.2396	 +3.2309	 -3.5952	 -0.7928	 -5.4284	 -1.8518
+34.1127	 +4.8889	 +8.4795	 -1.0299	 -0.3779	 +0.3410
 -4.4292	 +3.0778	 +8.1638	 +4.3066	 -3.6986	 -1.0747
 +0.5724	 +5.0224	 -1.4868	 -0.9850	 -1.1239	 -2.6465
 -3.2946	-32.4515	-27.5222	 -1.2330	 -0.7884	 -0.4196
-10.9550	+16.4183	 +2.4431	 -1.5183	 +1.3257	 +2.7456
 -8.0052	 -3.5602	 -3.3453	 -3.1282	 +0.9511	 +3.6263
 -4.6991	 +3.6783	+17.5256	 +5.3554	 -1.2177	 +0.9813
 -3.3064	 -8.1136	 -4.7959	 +1.1038	 -1.4765	 +0.5902
 -9.2094	 -5.4153	-11.8517	 -1.8178	 +1.3026	 -2.0323
 +4.0529	 -7.3370	 -2.6136	 -3.3310	 -0.3401	 -2.2525
 -5.7507	-11.3563	 +8.3184	 +2.1900	 +1.8854	 -1.9139
 +7.9238	 -3.7213	 -7.9397	 +0.9208	 +3.5390	 +0.1207
+11.8646	-10.0363	 -7.8223	 -0.4670	 +2.4674	 +1.4783
+15.8904	 +6.7656	 +4.8587	 -0.4618	 -1.6726	 -0.9445
+25.5067	 -2.5655	 -9.3363	 -0.3942	 -2.2925	 +1.5092
-15.2760	+14.7375	+23.7110	 +1.2982	 +2.3574	 -0.0624
+29.6343	-21.1376	+70.5064	 -0.2718	 -1.7473	 +0.1833
 -5.2509	 -4.3956	 -5.9949	 -5.7498	 -0.8377	 +0.2315
 +2.8661	+12.1097	 -2.3030	 -2.0628	 +2.2654	 +2.2778
 -1.5222	 -2.6105	 -1.5839	 +2.6473	 -1.6590	 +1.7583
 +7.0274	 -4.4796	 +4.8566	 +3.2975	 -0.0910	 +3.9987
 +7.2884	+11.4512	 +4.1963	 -0.9951	 +0.0514	 -1.3409
+29.7080	 -1.0432	-16.4787	 -0.5635	 -0.5798	 -1.2453
 -3.0335	 +9.9429	 +1.6739	 +4.3118	 +2.4922	 -1.1315
-22.3136	+24.0093	-24.7688	 -0.4999	 +0.6588	 -0.9056
-21.3341	-21.1670	+16.6723	 -1.3805	 +1.0700	 +0.3361
 +2.0612	 -2.3785	 -5.3724	 -2.7195	 +1.1634	 +0.1767
+17.1368	 -7.6524	 -2.4339	 -1.8850	 -1.4365	 +1.6543
 +6.6565	 -4.8358	 +5.6695	 -0.4671	 +3.8602	 -3.4030
 -5.0923	 +4.0786	 -2.8764	 -1.4716	 -1.3067	 -3.0069
 -9.3674	+10.0323	-10.3730	 +1.5291	 +0.9044	 +0.9343
 +4.2932	 -0.2029	 -1.5736	 -2.8690	 -1.7125	 +1.4563
 -7.9663	 -6.3259	 -8.1396	 +1.6000	 +2.2686	 +1.0581
 -5.0508	 +3.6575	 +7.3288	 +0.9478	 +3.7861	 +1.8857
 +4.9675	-10.4314	+27.4304	 -1.0817	 -1.5283	 -1.2927
 +5.5929	 +6.3752	 +0.2772	 +2.8896	 +0.8626	 -0.4860
 +5.1913	 +0.5256	+15.1649	 +0.2694	 -2.7849	 -0.9990
 -5.9875	 -0.8835	 +4.4519	 +0.1272	 +0.3003	 +2.1823
 +7.8179	 -4.7848	-20.7933	 +1.2473	 -0.8475	 -3.9282
 -3.8518	 +2.3925	 -1.5580	 +3.3507	 +0.9415	 -3.9813
 -2.4430	 +3.5681	 +1.4799	 +1.4556	 +0.1625	 +0.7502
+23.1930	 -1.0456	-16.1931	 -2.5776	 -1.3837	 +1.1248
-24.8698	 +6.1048	-28.3238	 -2.0261	 -1.0888	 +0.7491
 -0.4519	 -0.9363	 -4.0913	 +4.5839	 +1.0252	 +0.7702
 -1.7766	 +3.8696	 +4.8859	 -3.9332	 +0.3370	 -0.4442
 -2.6652	+13.3190	 +3.6324	 +1.0402	 -2.1108	 -0.5849
 +5.5930	 -6.6309	 -0.3643	 -0.5411	 -1.9953	 +3.9860
 -6.8832	-14.9986	 -3.7156	 +0.4862	 +0.0836	 -1.3986
-17.4759	-13.0662	 -0.0846	 -2.4283	 -2.2886	 +1.4143
 -6.1324	 +3.2307	 -0.0647	 -5.7861	 -1.6382	 -3.9843
 -1.1114	 +1.7313	 +8.1013	 +0.7828	 +0.6346	 +0.8350
 -2.9725	 -1.9234	 -7.1452	 +5.2660	 +0.0088	 +2.4057
 -5.2159	 +0.1264	 -1.7872	 +1.1474	 +0.6490	 -1.0601
 -0.2554	-18.9174	 -1.6870	 -1.1854	 -1.1654	 -1.5945
+14.1987	-54.8398	-27.5201	 -0.5933	 +1.4628	 +0.9639
 -3.8222	-13.2285	 -3.2638	 -0.2044	 -0.1540	 -4.3754
 -7.0440	 +1.9474	 +1.0620	 +0.5098	 +0.4834	 -0.8060
 +1.0709	 +0.4384	 +4.4541	 -1.9417	 +1.1719	 -0.6008
 +1.5958	+14.3421	+15.7390	 -1.5895	 -1.5001	 -3.1763
 +3.2326	-10.0401	 -4.0205	 -1.4171	 +3.1500	 +0.3577
 -1.7592	 +4.5963	-14.0369	 +1.0147	 -1.7453	 +0.6650
 +3.2399	 -2.8759	 -1.3235	 -4.4723	 +4.5823	 -4.6076
 -5.3014	 +5.9271	 -5.9321	 +2.7786	 +0.5045	 -1.1714
-67.3118	-48.0058	+31.3882	 +0.8168	 +1.4558	 +0.4021
 +7.3268	 +6.1306	 +7.3087	 +0.1851	 +1.4429	 +1.4598
+50.4182	+32.9581	+38.4915	 -1.5551	 -1.4970	 -0.5946
 +4.1308	-16.6173	 +6.0077	 +1.8790	 -1.3200	 -0.7960
 -5.9160	 +7.0928	 -5.5950	 -0.3551	 +3.8100	 -0.4418
-112.6647	+56.9224	-19.6200	 -0.3506	 +0.6860	 +0.2993
 -5.8911	 +4.6088	+13.7385	 +1.4052	 +1.3794	 +1.9571
 -5.7753	 -6.3960	 -4.9318	 -3.5417	 -2.1684	 -0.9898
 -7.4001	 -0.9000	 -0.9738	 -0.1601	 -0.6739	 +5.2024
 -2.9499	 -6.5578	 +1.7992	 -2.0444	 -2.3699	 +0.5929
 +0.4282	 -0.3856	 -0.5336	 +1.4347	 -3.5619	 +2.2066
+10.2024	+12.5059	 -8.0005	 +2.0150	 -2.6691	 +0.9166
 -3.0414	 -0.8034	 -2.8509	 -4.5946	 -2.0496	 -0.8722
+13.5935	 -5.8535	 -5.6892	 -0.3797	 +1.3604	 -1.1428
 -5.2035	+31.5642	 -5.8260	 +0.5198	 +1.2835	 +1.4442
 -7.0705	-12.0617	 +5.0514	 -1.2071	 -2.1877	 +0.9539
 +2.2546	 -0.2639	 -2.6535	 +1.2730	 +2.3296	 +1.1257
 -8.2058	 +1.2719	 +2.1932	 +0.7813	 -3.2209	 +1.6274
 -7.1855	 -3.3573	 -0.3646	 -2.0237	 +1.8263	 -3.2144
-37.7105	+16.5617	+13.6616	 +0.1431	 +0.4808	 -0.1850
+16.7231	+15.6473	 -8.0687	 +1.7041	 -0.1186	 -3.0508
 -9.9591	-34.1241	+15.4665	 -0.8451	 -1.7856	 +0.2403
 +6.3555	 -0.4241	+12.3448	 +2.3295	 +1.7130	 -2.0794
 +3.0515	 -5.1556	 +3.7685	 +0.4917	 -1.6690	 +0.2030
 -1.6735	+17.7676	-32.8010	 -1.7714	 -0.3116	 -0.4918
 -1.6936	 -8.9646	 +3.2761	 -3.3973	 +0.6042	 +0.9607
 +3.7995	 -1.9880	 +4.6901	 +0.2287	 -2.9033	 +5.0198
 -6.2095	-15.1919	 -3.3392	 -1.6169	 -0.2198	 -1.8865
 -6.3023	 -3.9942	-10.3634	 -1.1560	 +3.1597	 +1.0235
 +5.5388	 -5.2010	 -8.3515	 +1.2018	 -0.1840	 -1.4206
 -0.7363	 +2.6576	 -5.4885	 +5.6277	 -1.2890	 -2.8077
-57.2777	+20.1583	 +9.7402	 -1.3977	 +1.2163	 +0.6752
 +1.1284	 -0.3398	 -2.9849	 +0.7349	 +1.2665	 +0.3428
-28.1267	+39.3929	 +7.9807	 +0.3647	 +3.3907	 -0.3560
 +8.9358	+10.7771	-10.2364	 +1.7425	 +1.9107	 -1.2980
 -3.2930	 -6.7785	 -3.4836	 +3.3449	 +2.8276	 +1.2861
 -1.8962	 -2.1054	 -4.4905	 -2.1292	 -0.3349	 +0.1878
 -1.0974	-48.6882	+36.9891	 +1.9871	 +0.6869	 +0.4121
 +2.4690	-12.5733	 -2.7806	 +1.5331	 +0.6525	 +0.8076
 -1.3528	 +0.3029	 +5.0793	 -5.0999	 +2.6530	 -2.0948
-10.9743	 +8.8366	+17.6592	 -1.2624	 -2.0770	 -1.2622
 +4.4588	+19.2971	+12.6570	 -0.5592	 -0.8210	 -1.7161
 +1.4543	 -6.6674	 +3.0439	 +1.4972	 -1.1370	 +2.5106
 +0.8085	 -7.4152	 -0.1222	 -1.9473	 +0.3566	 +1.0456
 +4.1691	 +6.3204	 +5.9879	 +2.0533	 +0.4605	 -2.7892
 -6.8394	 -0.3534	 +0.5031	 -1.7502	 +1.5952	 +0.8187
 +5.7514	-15.9601	 -6.1061	 -2.0575	 +2.0319	 -0.9350
 +0.8649	 -6.8631	 +1.5982	 +0.4192	 -2.7896	 +2.2164
 +7.4101	 +2.6802	+11.9122	 +0.2552	 -4.4483	 -0.6315
 +3.7066	 +5.1623	 -3.1475	 +0.9560	 +2.0207	 -1.0734
 -3.0487	 -1.1070	 -3.9958	 -2.3127	 +0.0281	 +1.6565
 +5.2029	 -7.2971	 -0.4811	 -5.5286	 -2.2170	 -0.1546
 +5.7342	 +3.4272	 +9.3894	 -1.0353	 +0.4953	 +2.8889
 -0.8861	 +4.4672	-20.8497	 +1.1719	 +1.7116	 -1.7104
 -0.7849	 -1.5639	 -7.6075	 +2.4297	 +1.2514	 +0.3428
-14.0743	 +7.7788	 -3.1958	 -2.1978	 -3.5361	 -1.4409
+12.7258	-16.3519	 -3.9238	 -1.2294	 -0.6817	 -1.2033
-15.7135	-31.5899	-28.6381	 -5.0109	 -6.5396	 -6.5449
 -3.3778	 +8.3050	 +0.9754	 -1.6368	 -4.6566	 +2.7530
 -7.3096	 -7.8630	 +1.1622	 -3.4113	 +3.0643	 +0.1579
+11.6748	 -4.8814	 -3.4075	 +0.0923	 -2.4465	 -0.3420
 -5.6724	 -1.9937	 +6.1165	 +0.2417	 +2.1840	 -1.5828
-15.5785	 -1.9774	 +8.7852	 +1.7740	 -0.6611	 -2.2183
 -0.4779	 -2.4422	+45.3459	 -1.1973	 +1.0041	 +0.5016
 -1.7667	 +7.4602	 -3.0626	 +0.7266	 +0.9009	 +3.9311
 +0.2918	+16.3441	 -0.1213	 +3.1974	 -1.7179	 -0.1691
 -3.7302	 -2.7277	 -4.4217	 +2.2911	 +0.0626	 -1.0251
 -5.5374	 +2.6896	 -5.8469	 -5.8467	 +1.1900	 -2.1725
 -6.6505	 +4.5032	 -1.2780	 -3.8537	 +0.8746	 +0.4762
 +0.2684	+25.7274	 +1.2791	 -0.2776	 +1.2179	 +2.5901
 -3.9517	 +2.5614	 +8.9618	 +2.5520	 +2.6489	 +0.2887
-13.0142	 -2.8666	-43.8840	 +1.6099	 -1.0858	 +0.2367
 +4.0135	 +7.5180	+28.7902	 -1.7865	 -1.6032	 -1.1866
 -2.6906	 -1.8684	 -5.4008	 +3.7036	 -1.6527	 -0.1712
 -2.9634	 -9.8290	 -3.7064	 +1.9019	 +1.0595	 +1.0373
 -6.0222	 +1.7699	-10.0949	 +2.8089	 -3.5009	 -4.4491
 +5.7021	 +3.1972	 +7.7350	 -0.0100	 +2.1969	 +1.0246
 -2.0380	 -4.7273	 -5.6283	 +3.7930	 +1.9968	 +0.4395
-13.4357	+12.3358	 +2.8571	 +0.8381	 -2.0692	 -2.4344
 -6.1275	 +3.0679	 +5.0397	 -1.5281	 -1.6815	 +3.5111
 +6.4322	 -9.0499	 -8.5204	 -0.0363	 +3.0030	 -1.9551
 +4.4862	 +3.6162	 -1.0273	 +2.8831	 +0.4439	 -2.1171
 +1.3683	 -4.1976	 +9.5626	 -2.5977	 +0.6697	 +0.9395
+11.6098	 +2.6443	 +7.4501	 +2.7844	 -2.5647	 +4.0920
+10.1136	 +6.4842	 -2.9237	 +1.0828	 +0.6203	 -3.2467
 -4.8574	 +2.6958	 +2.8977	 +2.1760	 -1.1580	 +1.5279
 +3.7611	 +3.7639	 +1.5125	 -0.8478	 -2.7272	 +2.8417
 -2.3007	 -2.1795	 -7.0003	 -0.7555	 +2.7848	 +3.0788
 -4.0816	 -0.8097	 +1.8472	 -1.9574	 +2.2844	 +1.1135
+23.3241	-10.5010	 +9.8467	 -1.1013	 +1.2485	 +0.2222
-12.4884	 +5.5681	 -8.4928	 +2.2207	 -3.5859	 +1.2738
 +7.1069	 -1.7455	 -2.7699	 +1.6878	 +2.0004	 +2.1311
 -5.3104	 -9.6301	 +1.3404	 +1.1354	 +1.6650	 +3.3359
 -0.6360	 +5.9498	 -4.8213	 +5.7938	 +1.1712	 -2.9216
+13.5008	 -2.0618	 +4.3034	 -2.2519	 -2.2746	 +3.6420
+16.3830	+14.0908	 -5.6698	 -0.4919	 +1.3148	 -0.0694
+11.9026	 -8.4842	 -1.9529	 -3.1695	 +1.5102	 +4.3137
-22.0353	-12.9056	 +6.4571	 -1.1154	 +0.6211	 +0.9361
 +4.9884	 +0.0599	 -1.2588	 -0.1502	 +0.7907	 -3.8530
 -3.0792	 +3.6416	 +0.9454	 +0.4073	 -1.4341	 +1.2565
 +7.9823	+12.2866	 -1.4806	 -4.5696	 -0.7739	 -0.2664
-18.6268	 +5.0812	-16.9484	 -1.9052	 +2.9942	 +1.0549
 -7.6805	+10.1319	-21.4229	 +1.0608	 +1.5452	 -0.2588
+12.7200	 +2.2347	 -1.9363	 -4.0492	 +1.2254	 +0.9922
 -4.3199	 -8.5002	 -2.1484	 +5.0435	 +1.8399	 +0.8697
 -1.0326	 -7.1636	 -8.4275	 -3.0576	 -0.6041	 +1.1328
+22.5717	+13.5547	+12.9507	 +3.4154	 +1.4080	 +3.9952
+10.5015	 +4.6018	 -5.3229	 +1.0721	 +1.0297	 -2.1197
 -9.7886	 +8.1279	-17.8806	 +2.7961	 +0.9145	 +0.8470
-38.9800	+11.8140	 +1.6583	 -0.6593	 +2.4830	 +0.9520
 -7.0168	 +4.6923	-17.4706	 +0.7283	 -1.3569	 -0.1908
 +0.8957	 +3.6982	 -3.4505	 +1.5292	 +2.2352	 -2.4138
 -6.3915	+13.6507	-15.2496	 +0.3281	 -2.7255	 -0.8006
 -7.4534	-11.0475	 -7.3130	 -1.7248	 +0.5413	 -1.3549
-10.9073	+13.3650	-46.1999	 +0.3631	 -0.2666	 +0.9658
 +4.6976	+12.3001	 -3.0047	 -2.6039	 -2.2224	 +0.2805
+17.2608	 -5.6687	-19.0052	 -1.0514	 -1.5387	 +0.6031
+10.7917	 -0.3164	 -1.6747	 +0.0019	 +0.7996	 -2.9128
 +1.3900	+22.4152	 +6.0264	 +1.0720	 -1.3348	 +3.5679
 -2.1595	+13.4510	 +3.8953	 +0.9029	 -0.0930	 +1.7398
 +0.6558	 +2.4401	 -5.7303	 -1.4080	 +3.0051	 +3.2329
-15.1766	 -0.0476	 +8.6285	 +1.7182	 -0.1068	 +1.2603
 +0.4888	 +0.1989	 -6.1998	 +3.9351	 +0.4232	 +2.4651
 +2.5726	 +5.0103	 -2.4851	 +0.9426	 +5.4289	 -0.1721
+15.8014	+10.1978	-17.9190	 +1.1366	 -3.4456	 -1.2147
 -1.0817	 +0.5561	 -4.3426	 +0.6336	 +0.5188	 -1.9650
 -0.2121	 +5.7063	 -7.9181	 -3.1886	 -4.2707	 -0.7815
 +5.2432	+17.2051	 +2.9799	 +0.5464	 +1.2386	 -2.1741
 -8.2200	 +2.0783	 +0.1142	 +0.7152	 +1.8331	 -5.7291
 -1.2627	 -1.3146	 +2.6597	 -1.2434	 -2.4745	 -0.5161
 -7.0394	 -5.7345	 +3.8009	 +0.0361	 -0.2462	 -0.1621
-12.9154	 -4.8135	 -2.0018	 +1.7724	 -0.5819	 -0.3814
 -8.1149	+10.7458	 -4.3523	 +2.4791	 +3.2844	 -3.4853
 +2.5947	 -8.5644	 -1.0094	 +0.7507	 -0.4092	 -1.7729
 +1.1642	 +1.6072	 -0.1680	 +0.7945	 -0.5251	 -2.8090
 +4.2329	 -4.0111	 +3.2597	 -1.2676	 -1.2637	 +1.7802
 -2.0551	 -9.0388	 -5.5756	 -0.1597	 +1.5791	 -0.0172
 +2.3120	 +3.5124	 -4.0130	 -0.8758	 +2.9944	 -1.4167
-12.6163	 +3.0599	 -3.3314	 -2.8930	 +0.7572	 +2.0009
 +6.5849	-11.4496	 -0.8581	 +3.5406	 -3.3253	 -0.2269
 +4.7569	 +7.4186	+11.4221	 +1.5784	 -0.8564	 +2.8497
-13.3770	 -3.2713	 +0.1466	 -0.1879	 +3.1174	 +0.5647
 +1.5643	 -1.3463	 -3.1500	 -0.2640	 +0.2700	 -2.6108
 +0.0223	 -2.6116	+10.3305	 -0.0527	 +1.6585	 -0.1612
 -9.3047	 +0.9450	-17.8721	 +4.0158	 -0.4548	 -3.1272
-16.4235	 +2.1729	+27.9405	 -1.2021	 -1.0701	 +1.4495
 -1.1843	 -2.4168	 -1.7751	 +2.2146	 -0.8422	 +2.5370
 -1.0565	 -0.0317	 -1.5241	 +2.2053	 +1.6647	 -0.5573
 +1.4163	 -3.0815	 +1.5025	 -4.8450	 -3.2440	 -1.2768
 -8.0791	 +5.4862	-12.7365	 +0.6497	 +1.4834	 +2.0208
-14.9698	 -3.6057	-10.6532	 -4.6500	 +2.6132	 +0.2477
 -3.8261	 -5.2976	 -5.6925	 -1.2447	 -2.4299	 +0.1252
 -4.8134	-42.1140	+59.8236	 -0.3572	 -0.8416	 -0.0192
 +0.2138	 +3.0217	 -2.2401	 +1.2456	 +1.9402	 +3.1695
+22.5529	+24.2043	-24.1811	 -2.5006	 -1.9223	 +1.2010
 -8.1681	 -5.9058	 -0.0853	 +1.2158	 +2.5404	 -1.7115
 -2.0674	 +4.2274	 -1.4618	 +1.1337	 +2.3670	 +1.2169
+47.6097	 +0.3293	-32.0791	 -0.9345	 -0.1778	 +1.9585
 +5.4686	-43.8723	+34.8556	 +2.5864	 -1.1426	 +0.7098
+103.8117	+52.5308	 +3.4814	 -0.1493	 -0.8985	 -1.6274
+17.4652	+12.9521	 +6.0349	 +1.2371	 -3.9047	 -0.3997
+31.3672	+62.4894	-33.1317	 +0.9690	 -0.8093	 +0.2268
 +5.0521	 +6.1315	 -7.4263	 +0.7805	 +0.1830	 -3.2777
-16.0848	 -4.8025	 +5.3112	 +2.1056	 -3.6572	 +0.6752
-23.8194	 -2.8476	+26.6232	 -0.4931	 -0.4900	 +3.4971
+15.9911	+46.4977	-44.6909	 +0.5091	 +2.1703	 +0.8390
+16.1296	 -4.0218	+29.6390	 +0.8560	 +1.2807	 -2.5879
 -8.3723	 +6.0819	 +1.5816	 -4.5931	 -3.0897	 -1.9330
 +3.5318	 -2.6881	 +1.4475	 -2.7029	 +3.5116	 +1.6549
-14.3337	+14.5049	 +7.8497	 +0.5892	 +1.6200	 +0.6095
 -2.6237	 +0.4904	 -9.1028	 -3.5792	 +1.1322	 +3.1566
 -7.2990	 +3.9135	 +5.4637	 +2.0239	 +0.7919	 -2.6034
+10.1657	 +4.1847	 +1.3504	 +2.7399	 -0.6901	 -0.2493
 +5.3216	 +9.7444	 +7.1629	 -1.1633	 -0.6415	 -0.6195
 -4.4129	 -6.6494	 -0.8997	 +0.8608	 -4.8988	 -4.3337
 -1.7842	+10.7438	 +2.8735	 -0.9324	 -3.1757	 +4.1765
 -4.9984	+10.1755	-15.3777	 -1.7353	 -1.9523	 +3.3645
 -6.6776	+13.1274	 -2.7642	 +0.9080	 -2.7679	 +0.2488
 +1.4770	 -4.9680	-10.2816	 -3.8585	 +4.0635	 +2.7149
 +3.6047	 -4.7838	 -5.5967	 -1.1833	 +1.1635	 +1.0227
 -5.3429	 -4.4716	 +1.7179	 +0.9089	 +1.0475	 +2.2982
 -5.8720	 +7.7537	 -1.0731	 -3.3582	 +3.7360	 +0.7670
 -8.3432	 -2.0345	+18.7443	 -1.5049	 +0.7612	 +2.2584
-12.1984	 +5.7702	+19.4604	 +0.0922	 +1.5928	 +0.0183
 -2.0618	 -8.9825	 -6.1784	 -0.6991	 +0.0824	 +3.4753
 -6.1123	 +4.0469	-11.1869	 +0.0981	 +0.2127	 +2.3104
-19.3702	+31.1870	+11.8943	 +1.0564	 +0.2000	 +0.1469
-12.2711	 -2.3359	 -9.4375	 +1.8184	 +3.1747	 -0.5177
-11.4294	-12.9872	 -6.2755	 +3.3819	 -0.9930	 -0.3977
+27.7478	 +1.7399	 +7.6684	 +0.4886	 -1.5208	 -0.4891
 -5.7095	 -4.3124	 +5.9812	 +4.4391	 -0.5223	 -1.3038
 +9.4374	+14.8301	+15.3897	 +0.4676	 +4.3312	 +3.2707
 -9.1092	+66.1376	+29.7112	 +0.8122	 -0.2681	 +1.0320
+15.6253	 +3.5748	 -5.7459	 -3.4239	 +1.2754	 -1.8541
 +5.5079	-11.7288	 +0.6439	 -1.5850	 +2.5733	 -1.9700
-17.4736	-26.1313	+31.6000	 -0.3806	 +1.4864	 +0.2669
-29.2738	+31.0111	+19.2544	 +1.9140	 -0.9020	 -1.1289
 -1.5411	 +3.6993	 -3.7152	 +1.1924	 +0.6844	 +1.7672
+12.3326	 -0.0501	 +4.6441	 -0.2106	 +4.5323	 +0.4513
-19.6710	 +6.2712	 +5.7531	 -2.2240	 -1.8055	 -1.4013
+11.7467	-23.9108	+13.9794	 +1.4461	 -1.1128	 +1.2653
+10.7169	 -1.6666	 -5.7218	 -2.9903	 +0.4436	 -1.3163
+18.5896	 -0.3329	 +5.8304	 -0.6972	 -2.2612	 -1.3890
 +1.9952	-43.3978	+113.8932	 -0.3079	 -1.3882	 +0.3444
 -0.8459	-10.7433	 -0.3559	 +6.0354	 -0.9055	 -0.0582
+15.9928	 -0.3093	-15.9913	 -0.1099	 +2.3424	 +1.6215
 +1.8412	 +3.5658	 -5.4188	 +0.8451	 +2.1395	 +2.0964
-20.6333	 +0.4068	+13.0102	 -2.3316	 +1.6674	 +2.5833
 +3.4888	 +5.6562	+12.1107	 +2.6345	 +1.4091	 +2.0205
 +6.0637	 +4.2696	-15.4304	 -1.2404	 +2.2453	 +0.3991
+13.4219	-15.0407	+33.2251	 -1.9329	 +1.6839	 -1.3906
+10.8465	 +0.9402	-18.5757	 +2.1925	 +3.2778	 +1.0406
 -0.6136	 +1.8576	 -6.4555	 -0.6482	 +4.7423	 +2.4049
 -2.7493	+11.4552	 -8.7995	 -1.9468	 -2.1078	 +1.1345
-16.3070	+12.3426	 -3.5785	 +2.0416	 -0.6798	 -3.1726
 -6.8149	+16.6824	 +3.4908	 -3.2421	 -0.0006	 -0.8449
 -3.8863	-12.2426	-12.1833	 -4.4941	 +0.6122	 -0.7321
-21.6746	 +2.1153	-13.2184	 -2.4981	 +0.4336	 -1.3212
 -2.7619	+16.3504	+11.7099	 -0.2784	 +1.1774	 -3.3926
 -2.9385	-27.1221	 +8.3963	 -1.0701	 -0.2525	 +2.9284
 +0.6024	 -4.0122	 -9.7646	 -2.5379	 +2.2787	 +0.1598
 +1.3062	 +0.2733	 -8.7211	 +1.3511	 +0.6765	 -0.3274
 +6.0635	 +0.2438	 +2.6471	 +3.7954	 -1.8568	 +2.3535
+15.8378	 -5.3178	 -8.5941	 +0.9075	 -1.6104	 -1.5805
 -5.0917	-10.4521	 +0.8242	 -0.6442	 -0.1611	 -1.7068
+20.5303	 +2.2437	 +1.2289	 +3.5667	 -0.3505	 -3.5052
 -0.7342	 +7.2695	 -7.6556	 -1.9729	 -0.4022	 -4.0677
 +1.0745	 +0.2866	 -0.5637	 -2.6305	 -2.2304	 +0.1154
+11.4195	 +8.8544	 -6.5306	 +2.2328	 -0.0710	 -1.5179
 -4.6468	 -8.0072	 -8.2379	 -1.2559	 +1.1894	 +0.5510
+15.3067	+23.5888	 -6.1381	 -2.5027	 -0.9255	 +0.0643
 +0.4700	 +8.8111	 -7.0395	 -0.9915	 -0.1994	 -1.0310
 +5.3758	+13.4170	 -4.1142	 -4.6048	 -0.8838	 -1.4738
 -4.5121	 +4.0288	 -1.6500	 +4.4343	 +0.0096	 +2.8760
 +1.8488	 -3.5967	 +2.8382	 -1.9654	 +0.8448	 +0.5873
+10.2132	-15.0257	+12.5525	 -0.4215	 -0.1692	 +3.0388
 -1.3230	 +3.0107	 -2.8013	 +0.9329	 +2.8299	 +4.7076
 -4.5847	-36.8936	 -7.4578	 +0.4442	 -0.6033	 -1.7124
 +9.1744	-11.6333	 -8.8898	 +1.2990	 -3.4131	 +1.3065
 +5.1590	 +7.1361	 +2.1381	 -0.1178	 -2.3252	 -1.5019
-31.5595	-10.1374	+16.2985	 -1.1366	 +0.3590	 -0.7331
-20.6673	 +5.8699	 -6.8474	 +1.1819	 +0.0540	 -0.9389
-12.6392	-13.9348	 +4.8232	 +2.6868	 +0.8649	 +1.1860
 +2.0344	-10.5680	 +4.9290	 -2.7374	 -5.2184	 +0.3717
 -1.7114	+14.1074	 +5.4659	 +2.6597	 -2.6439	 +0.0011
-12.2456	+10.1488	-13.6789	 +0.5870	 +0.7664	 -1.9621
 -2.7509	 +0.1474	 +5.5872	 -3.2204	 +5.2669	 -2.3879
-13.7611	 -3.7222	 -3.7079	 -1.1952	 -2.9273	 +0.9207
 +4.9125	+43.6081	 +2.8217	 -0.4060	 +0.0409	 +2.3957
 -4.7032	 -2.5135	-11.2275	 +0.5946	 -2.1026	 -2.2428
 -1.2061	-12.7654	 -1.6406	 +2.7541	 -0.2306	 -0.1615
 +0.7934	 -2.1247	 +2.0329	 +1.0233	 +4.3946	 -0.9214
+87.1112	-35.7490	+41.4494	 -0.0990	 -0.8381	 -1.4958
 -7.2647	-11.1621	 -0.2610	 +1.8567	 -1.8177	 +4.5009
 +4.0509	 -2.1772	 +4.2802	 -2.5007	 +3.6871	 +1.2457
 -5.0909	 -3.5205	 -7.0909	 -0.8365	 -1.3841	 +1.7729
 -4.5461	 +1.0203	 +3.8367	 +0.0692	 -4.8302	 +2.9989
+14.1958	 +3.9136	-11.9954	 +0.2745	 -0.8771	 +0.2932
 -4.3558	 -4.8098	 -7.6993	 -0.8949	 -3.3012	 +0.9580
 -7.5686	 -1.7114	 +2.2015	 +1.2108	 +3.9317	 +2.4656
 +9.6334	 -6.4401	+20.7619	 +1.7902	 -0.6865	 -1.6583
-15.8542	+12.7062	 -5.5270	 -0.3300	 +0.5778	 -3.2880
 +7.4907	+17.7844	+45.2963	 +0.3186	 +0.1062	 +2.1325
 +7.7347	 +6.9192	+17.3078	 -1.3454	 -0.4284	 -1.4290
-10.7689	 -4.5395	 -0.1346	 +1.8309	 -0.7704	 -0.0807
 +2.5319	 +3.5199	 -5.8009	 -1.5963	 +0.5582	 -6.3708
 -2.5756	 -6.5741	-14.4051	 +3.2842	 +1.6678	 -3.2908
+12.1723	 +1.9693	 +8.9309	 +4.5012	 -0.5724	 -1.4525
-14.5075	 -5.9418	-11.1357	 +0.4710	 +0.6115	 -0.2053
-60.3320	+30.0117	 -7.8859	 -2.0512	 +0.9195	 -0.9721
 -0.5602	-23.0719	 +1.1091	 +0.2428	 +0.2110	 +0.4992
+21.9041	 +5.8315	 +5.5524	 +3.7659	 -2.3105	 -0.3701
-14.3950	 -2.1964	 -6.5805	 -4.6559	 -0.4558	 -0.3983
 +3.4110	 -1.5736	 -5.0224	 -2.7431	 -0.0167	 -4.3289
 -3.6548	 -3.4574	 +2.7578	 -1.4550	 +5.4719	 -1.9512
 +2.9014	+10.0750	 +1.1540	 +2.9695	 -0.2086	 +1.4145
 -2.0138	 -6.3682	 -9.4326	 -2.3212	 -1.1003	 -1.9812
-83.9985	-169.6690	+25.3277	 +1.1336	 +0.0814	 -0.1090
-10.6818	 -7.0391	-11.9867	 +0.1385	 -1.0781	 +0.3627
 -4.5580	 +9.8320	 -2.2716	 +3.2413	 -0.0685	 -1.9844
 -4.1682	 +2.2701	 -1.4817	 -2.1599	 -4.4039	 -1.4859
 +9.6073	-13.8076	+17.1016	 +2.0622	 -0.3856	 -0.8084
 -3.1960	 +0.4149	+23.8086	 +2.2283	 +0.4223	 +1.2614
 -1.3814	 +4.9188	 -0.9245	 +1.0785	 +0.4589	 -2.6010
 -1.0216	 +3.9562	 +8.0387	 +2.3266	 -0.8545	 +1.7392
 +1.5947	-25.6515	 +5.0548	 +2.3461	 -0.5259	 -3.3437
-12.9544	 +2.6087	 -3.1223	 +1.2576	 -2.1971	 -1.1764
 -3.1389	 +1.8564	 +2.2203	 +2.4260	 +1.8219	 -0.0325
-10.1700	+14.9900	 -5.2330	 +0.3773	 -0.0121	 -1.9679
 -7.7427	+14.4871	 +8.1911	 -0.0419	 -0.7299	 -1.2804
 +7.0171	 +1.5654	 -1.7223	 -3.7099	 +1.1115	 -0.1567
 -4.5977	 -3.7359	 -7.3359	 +4.0340	 -1.4962	 -2.7177
 -7.1531	+25.9139	+12.4541	 -0.2536	 -0.9580	 +1.9761
-15.0187	 -0.8730	 +1.9794	 -2.4924	 +1.6598	 -0.9708
 +1.4949	 -2.1364	 +6.8177	 -1.1538	 -1.5363	 +4.4590
 +0.9728	+12.2574	 -6.4013	 -0.2271	 -4.3874	 +4.4998
 +2.3082	-12.3525	+21.2772	 +0.3302	 +1.5445	 -3.7267
 -0.6229	 +9.2346	 -8.1049	 -4.6226	 +3.5447	 +2.7086
 -5.5657	 -5.4819	-17.1916	 +1.1909	 -0.1200	 -3.3360
 -8.5153	 -4.8783	-13.2842	 +0.8991	 +0.4723	 +1.2782
-12.6277	 +0.0914	 +4.4564	 +2.8421	 -3.2460	 -0.6576
 -7.1571	 +3.8794	 +6.8641	 -0.8401	 +1.0052	 -6.0639
-38.5324	+34.3484	-74.5356	 +1.2074	 +1.7688	 +0.3307
-16.2222	 -2.3944	 -5.2220	 -0.0949	 -2.1171	 -0.1460
-10.5526	 +9.1145	 -2.6804	 -3.3901	 +2.8350	 -0.3554
 -2.1601	 +7.9397	 -7.2413	 +0.9813	 -3.6984	 +3.1532
-13.3410	 +5.0361	 -3.2449	 +4.7030	 +0.5062	 +1.2012
 -0.6438	 -5.9242	 -7.0214	 +0.5226	 -2.8147	 -2.3031
 -1.6886	 -3.2971	 -2.7720	 -0.4811	 +1.4891	 +3.7346
 +1.8082	 +5.6456	-13.4795	 +0.5234	 +4.8705	 +3.4554
 +5.1119	 -0.5362	 -0.1907	 -3.2264	 -4.3736	 -2.2164
 -0.5953	 +2.4574	 -6.3516	 -2.2746	 +1.7179	 -1.2097
 +0.1109	 -0.0562	 -9.3034	 +3.3829	 -0.6132	 -0.3582
 +7.9495	 +5.9117	-23.5581	 -2.1969	 -1.7501	 +2.6393
+21.1380	+35.6762	+75.6843	 -1.1711	 -0.7539	 +0.7327
-11.3256	-12.6746	 -9.0709	 +0.5862	 -0.6374	 +3.9968
+16.0451	 +0.2871	+18.7000	 +0.9257	 +1.4756	 -1.0934
 +1.9163	 +0.0646	 -3.2901	 +1.8927	 +2.9150	 +2.8354
 -2.2393	 -6.9279	 -9.4637	 -3.4710	 -1.6678	 -3.6344
+62.1070	+29.3031	+38.8630	 -1.0327	 +0.0286	 +0.4514
 -4.1952	 +5.2457	 +0.2070	 +0.4936	 -3.2423	 +2.5772
 -1.4153	 -8.7843	-10.2363	 +0.7611	 +2.1732	 -2.3403
 +5.0120	 +7.7914	 -8.9177	 +3.7110	 +0.9947	 +2.4329
 -9.1761	 +5.3337	 -2.7382	 +2.6095	 -0.8045	 -1.0242
-27.7983	 +1.1599	+21.1125	 +2.6924	 -1.3275	 +0.9014
 -2.4586	+11.5224	 -4.6394	 +0.6182	 -2.6226	 +2.1573
 +1.3537	+12.6013	-15.1392	 -0.6963	 -1.0974	 +0.8360
 +7.2670	+21.3755	 -2.7439	 -0.3554	 +1.1366	 -0.3406
 +5.6940	 -1.8197	 +9.7952	 +1.8897	 -0.2364	 -5.4701
 +0.2826	-10.0918	-14.4398	 +1.6980	 +2.5698	 -1.5376
+16.6883	-12.9178	 -4.2867	 +2.1995	 +0.4164	 -0.4641
 -7.1610	 +5.8326	-10.3361	 -0.9040	 +2.7021	 -1.8883
-19.4701	 -9.7155	-15.9911	 -1.8269	 +1.8333	 -2.5426
 -0.1386	+10.6482	-12.7004	 +0.4192	 +1.1765	 -1.7083
 -9.6390	+31.0474	-21.6253	 -1.7387	 +2.3303	 +1.5121
 +0.9997	 -5.5729	 +8.7373	 +0.7520	 +1.5736	 -1.3869
-17.8120	 -3.3179	 +5.4158	 +0.4467	 -0.9823	 -1.9560
 +2.2124	 +3.6980	 -9.5330	 -2.7429	 -2.4870	 +0.7496
 +1.5811	 +0.4796	 +9.3482	 +0.2893	 +5.2691	 +0.0103
 +8.8011	 +2.3724	 +7.9283	 -0.9793	 +3.7732	 +2.8438
 +3.3836	 -0.9172	 -4.7608	 -1.2662	 +0.6865	 +1.9870
 +4.6483	+11.4312	-10.3845	 +1.2913	 +1.2246	 +0.8455
 +3.5615	 -2.1578	-18.6770	 -2.8961	 -2.6078	 +1.5099
 +3.4514	+13.1107	 +3.4219	 -1.1049	 +0.1647	 -0.1290
 -7.9720	 -1.5787	 -8.9115	 +1.8627	 -3.3516	 +0.6625
 +0.6101	 -5.9621	 -3.6069	 +0.6015	 +0.0334	 +2.5533
-23.5822	 -5.5754	-10.9344	 -1.2556	 -2.3302	 +3.5042
 +5.9270	 +4.2884	 -6.7539	 -1.4593	 -1.4849	 +0.6555
+32.4453	+11.3817	 +5.6748	 +0.4844	 -0.0607	 -0.0324
 -6.2920	-10.4130	 -3.3771	 -1.0153	 +0.5140	 -2.7490
-10.4825	 -5.6352	-10.7274	 +0.2177	 +3.0083	 -1.2107
 -8.0742	+13.0518	 +4.6001	 +1.9293	 -2.9153	 -2.0653
 -1.7359	 +0.3811	 -2.9077	 -0.0426	 -2.1945	 -2.3346
 -3.8630	 +3.9209	-18.5738	 +3.6083	 -1.4333	 -0.8653
 +1.1314	 -3.8962	 +1.5566	 -1.5227	 +3.3902	 -0.0649
 +5.1032	 -2.0142	 +4.9747	 +1.7142	 -1.5423	 -0.0554
 -4.5032	 -2.7219	 +5.9024	 -0.5191	 -0.5910	 +2.7201
 +4.7139	-12.8212	 -2.0889	 -5.2430	 -1.6561	 -0.3225
-82.0700	+43.0792	+28.9185	 +0.4251	 -0.0611	 +0.5047
+14.9936	+14.1618	 -2.6089	 +1.2638	 -0.3873	 -2.7222
 +9.4588	 +3.1402	 +7.1199	 +0.1319	 -1.7157	 +0.4642
 -6.2650	 -4.6679	 +4.6623	 +3.6431	 -2.6079	 -1.6163
 +1.5994	 +4.4299	 -7.5744	 -1.5910	 +0.0304	 -0.0037
 +7.7588	 -6.0110	 -5.1908	 +5.3099	 -1.2168	 +0.9594
 -1.0883	+23.1525	-38.6543	 +0.9685	 +0.8457	 -0.2284
 -7.2404	-18.2153	+16.0909	 +2.0660	 +1.6226	 +1.6704
 +1.2107	 -4.4147	 -0.4828	 -2.4648	 -1.3268	 -2.6848
 +1.8761	 +0.8033	-12.7314	 -0.8512	 -2.9560	 +2.9344
 -5.1202	 -2.9545	 +1.5211	 -0.6787	 -0.1093	 -3.0577
 -4.7344	 +0.9565	 +2.5606	 +3.7583	 -0.9082	 +0.7708
-14.8499	 +7.8431	 -7.3970	 +1.6507	 +0.8884	 +3.1319
+13.9957	 +5.1519	 -6.9785	 +0.1851	 -1.6384	 +1.6072
 -3.3883	 -1.0821	 -9.2973	 +0.6443	 -1.0505	 +1.8081
+11.7034	 +2.2768	+16.0945	 -3.7862	 -2.9153	 +0.0566
+18.2945	-16.1862	 -8.2369	 -0.4378	 -1.3272	 +2.0008
 +3.7753	 -0.5350	-12.1603	 +1.4564	 +2.5919	 +1.7924
 +7.3615	 -9.4940	 -8.0669	 -1.0390	 +1.8873	 +0.8952
+13.5216	 -2.1687	 -1.5292	 -3.8577	 -0.3936	 -0.4440
 +2.3735	 -4.7209	-19.0667	 -2.2442	 +0.1602	 -1.7966
 -6.6251	 +2.1560	 -4.4554	 +0.7755	 +5.2846	 +1.2924
-11.6830	-12.8408	 -5.0558	 -1.2595	 +3.3261	 -1.0225
 -3.0225	 -6.3997	 -2.2602	 +0.2205	 -0.8018	 +3.9747
 -8.6726	 +7.2601	 -4.5421	 -4.2162	 -0.7925	 +2.2468
 +5.5452	-18.1430	 -0.4744	 -3.8691	 -1.0014	 +1.4961
-30.4531	-13.7723	 -8.6889	 +1.6136	 +1.1122	 -3.2687
 +7.2660	 -2.6025	 +0.1466	 -0.2868	 +0.7490	 -4.5541
 -4.2420	-13.2950	-18.2125	 -1.7536	 -3.3838	 -2.2769
+11.6435	+14.0600	 -1.2282	 +1.0530	 -0.2165	 +2.3580
 +8.8564	+11.3542	 +3.0935	 -2.8768	 +2.5404	 -1.5918
 -4.0139	 -3.2994	 +4.3883	 +4.2952	 +2.7657	 +0.1808
-39.3982	+28.8725	+37.6252	 +0.4427	 +0.1956	 -0.2311
+24.5201	 -1.7800	 -6.8699	 -0.1848	 -0.2723	 -1.7786
 -8.7736	 +2.5884	 +0.8808	 +2.2717	 +1.3414	 -2.8179
 -8.4366	 +4.3340	+12.4446	 -0.6051	 -3.2375	 +0.1054
 -5.0242	 -8.1252	 +1.2665	 +2.2649	 +0.6093	 -3.8019
 +5.8022	+17.4432	+14.8224	 +1.3847	 +0.0790	 +0.3941
+32.7999	 -0.1588	-12.6817	 -2.3768	 -0.8480	 +0.8150
 -4.0416	 -5.5660	 -2.2527	 -0.4249	 -2.8693	 +0.9952
 -7.4319	 +6.3613	 +2.4224	 -1.6551	 -2.6672	 -4.1120
-10.9181	-12.4410	 -5.9218	 -1.6297	 -0.4033	 -3.1114
 +4.1494	-16.4269	-18.4390	 +0.7672	 +0.8654	 +3.3735
 +2.2837	 -6.5128	 +3.7987	 -0.1108	 -3.9155	 +1.0752
-12.4548	 +1.4924	-10.6868	 -0.5675	 +0.8662	 +1.3322
-91.4342	-31.1062	+75.3562	 +1.5384	 +0.2148	 -1.3568
 +8.7145	-13.9348	 -0.5624	 -1.2426	 -0.8605	 +3.1389
 +2.6447	-16.0827	+32.0034	 -1.4651	 +3.3006	 +2.2780
 +7.5887	-18.7497	-16.5913	 +0.0224	 +2.4496	 -0.9189
 +2.9929	 +0.4793	 +0.0233	 +2.3120	 +1.1567	 +1.8268
 +4.3933	 -1.9159	 -5.0854	 -1.6816	 +3.5574	 +2.9237
 +3.8194	-11.6004	 +1.1086	 -2.9771	 +0.3360	 +2.3588
-10.9982	 +7.5563	 -4.3185	 -2.7367	 +0.0451	 -1.1710
 -3.1786	 +6.6175	 +1.1775	 +2.3486	 -1.7313	 +3.6151
 -5.5405	 +4.5094	 -2.0102	 +5.2114	 +2.2490	 -2.2456
 +0.3827	 +0.2568	 -7.1698	 -3.9987	 +5.2930	 +3.1232
 -3.4012	 +0.2158	 -2.1354	 -1.5921	 -0.8630	 +4.0174
-12.2940	 -2.9220	 -0.3601	 +4.3178	 +1.2904	 -1.2031
 -2.1354	-10.5336	 +1.0412	 +0.1919	 +2.7538	 -2.5791
-13.6014	-15.2653	-25.5583	 -0.7722	 -1.0180	 -2.5088
 -3.2703	 +2.5832	 -3.4351	 +2.4046	 -1.1810	 -1.1074
-12.3551	-15.6782	-24.2792	 +0.7314	 +0.9269	 -1.1531
-54.1685	+16.4429	+43.2856	 +1.6144	 -0.9659	 -1.1660
-46.4712	-23.3470	+13.6805	 +2.0012	 +1.4174	 -0.7910
 +2.9644	 +8.3669	 -2.0066	 +0.7604	 -0.3537	 -5.3355
 +0.5775	 +0.1022	 +0.2180	 -1.4552	 +2.1891	 -2.5014
-72.6007	-124.6372	+118.5124	 +0.6993	 +0.1181	 -0.1441
 -5.2344	-19.5338	 -3.6939	 +2.0134	 -0.7099	 -0.5095
 -9.1075	 -8.4527	-12.9889	 +2.1267	 -2.3774	 +2.3765
 +0.7541	 +3.5246	 -3.0985	 +1.4208	 +1.3702	 -3.2003
-29.4228	-27.9819	-21.3829	 +2.8275	 +0.1165	 -0.7168
 +3.6538	 -2.9814	 +2.4997	 +5.4449	 -0.5724	 +1.0459
 -4.5049	 -2.7601	 +9.0844	 -0.6067	 +1.1090	 +3.9910
+17.1028	-13.0938	+44.2356	 +1.0280	 +2.7338	 +0.5725
 +4.5079	 -2.9915	 -4.3488	 +3.3983	 -1.2406	 +3.6008
 +1.2807	 +6.1854	 -8.6545	 +3.4877	 +0.6176	 -1.8205
 -3.4373	 -8.7736	+11.3238	 -1.4056	 -1.5286	 +4.5772
 +9.8116	-16.2021	 +8.4095	 +1.3258	 -1.0718	 -3.2213
-25.9529	 +7.0651	+27.3848	 -0.4680	 -1.0411	 -0.2025
 -7.1570	-13.2426	 +2.4705	 -3.8776	 -0.7104	 -2.7308
 -1.1551	 +0.5712	 +3.2672	 -1.2849	 +1.4526	 +1.5995
+16.1785	 -4.7861	 -1.9914	 +0.3391	 -2.1708	 -0.9570
 +2.1562	 +1.7299	+12.1808	 -1.1233	 +1.4185	 +1.8139
 -7.2792	 -8.3292	 -9.4740	 +1.6603	 +2.8734	 +3.9334
 -0.1858	+10.6192	 +6.4596	 -1.3409	 +0.2202	 +2.9549
-15.2233	 -3.8743	 +9.2559	 +0.8700	 +1.5776	 -3.3930
 +1.0563	 -9.5263	 +1.1624	 +2.7317	 +2.2380	 +3.4294
+12.2789	 -1.5573	 +6.7250	 -1.0191	 -0.9281	 +0.3115
-28.7578	+15.8770	 -1.1021	 +2.1037	 -0.3155	 -1.9229
 -0.5564	 +7.0382	 +3.7959	 +1.6535	 +0.0220	 -2.0345
 +2.4564	 +2.6902	 +9.6068	 +0.9689	 +2.0359	 -4.0551
 -4.0551	 -2.5820	 +5.9699	 -3.1450	 -2.7073	 -3.0295
-12.9667	-10.3954	-16.3544	 +0.5971	 -1.1334	 -1.2594
-26.6966	+27.2334	-69.2825	 +0.5799	 -1.5827	 +1.0688
 -4.4691	+25.0325	 +3.5542	 -2.3095	 -1.4675	 +1.3407
-28.2439	+70.9746	-50.1379	 -2.0368	 -0.9406	 +0.3717
 +4.9624	 -0.8723	 -0.3087	 +3.9055	 +4.0887	 +0.1035
 +3.2973	 -2.5887	 +6.7106	 +2.9414	 +4.8791	 -0.6427
 -4.0557	+23.1324	 +8.2680	 -0.7922	 -0.6745	 +1.1864
 +7.7701	 -0.8320	-19.8698	 -0.3089	 -1.4073	 -3.2128
 +0.6635	 -5.0986	+11.3140	 +3.9604	 +1.2735	 -2.1724
 -5.8887	 -9.5968	-18.3332	 -1.7562	 +0.5970	 -0.4354
 -4.4331	 +4.2392	 +5.3901	 -2.9949	 -0.1243	 +1.6164
 -5.8731	 +2.5207	 -7.4051	 +0.6481	 -0.6202	 -0.6889
 -7.0705	-14.0279	-14.9995	 -0.2583	 -2.2798	 +0.8847
 +8.5277	 +3.9473	 -6.2130	 +2.8730	 -3.0944	 +1.2717
-11.9184	 -3.2637	+12.3068	 +0.8725	 -1.9976	 +0.9681
-19.1849	 -8.2125	 +2.7314	 -2.0802	 -2.1062	 -1.9490
-13.9463	-10.9026	 +5.2434	 -2.3473	 +4.3468	 +0.7147
 +3.5478	 -4.8500	+11.6154	 +1.6903	 +0.2773	 -1.6579
 +3.9171	 +3.3254	 +1.5683	 +0.7407	 -0.7990	 -4.7474
 -5.9595	 +7.8915	 -3.9754	 -2.0718	 -4.6947	 -0.3513
 +8.5788	 +4.3116	 -5.6817	 -1.0451	 -3.7164	 -2.1616
-140.7860	-172.3124	+114.6359	 +0.4000	 +0.9174	 +0.0671
-11.0723	+15.4092	 -6.7969	 -1.5885	 +0.0917	 +1.2185
-18.9653	+29.1244	+42.3771	 -0.1137	 -2.6691	 -0.8424
-10.4783	 -2.2901	+16.8401	 -0.9451	 +0.8121	 +1.6944
 +7.6691	+74.0844	-79.9898	 +0.0562	 -0.1759	 +0.5267
 -5.5816	-21.7807	 +2.9037	 -0.5554	 +0.1468	 +2.4444
 +4.2833	 +0.3005	 -9.7277	 +2.7841	 -1.3112	 +0.3979
 -0.5143	+20.4296	-21.3723	 +1.9835	 -1.6735	 +1.3887
+12.4020	+10.9143	 -3.6091	 +4.4590	 +1.2877	 -1.6298
-19.9820	 +4.4118	 -7.1598	 +0.5904	 +3.5419	 -0.4146
 -5.1799	 -7.0770	 +1.5284	 +3.4649	 -2.0412	 -0.7022
 -0.3493	 -3.8149	 +6.8300	 +0.3602	 +3.5540	 -2.2539
 +5.9142	 -0.2131	 -1.2431	 +0.7796	 -0.4549	 -2.2565
 +0.5432	 -2.8941	 -7.5468	 -1.4119	 +2.6278	 +2.1444
-23.1337	 +3.9054	 -4.7213	 +0.6107	 -1.9024	 -0.4669
-17.6507	+15.8682	 -1.4852	 -0.2876	 -0.5167	 -1.0199
-10.6816	 +5.9609	 +0.3617	 +3.6779	 -4.6127	 -0.8972
 +2.6697	 +3.2564	-32.5301	 +0.3390	 +0.6388	 +0.0302
 +8.3507	+12.9076	 -5.8715	 -3.0397	 -0.5129	 -2.7200
 +2.8242	+16.3843	-11.9728	 +0.8690	 +0.1423	 +3.3009
 -9.7526	 -4.3817	+13.2315	 -1.0246	 +0.4689	 +2.2028
-27.5502	 -3.7962	+17.0910	 -1.1718	 +1.0625	 +2.0089
 +0.3085	 +5.2452	 -6.1570	 -4.1539	 -0.9672	 -0.2655
 +9.4449	 -8.3076	 +8.6134	 -1.9328	 -1.1434	 -2.0788
 -1.9743	 -9.0472	 -1.0860	 +0.8486	 +2.4348	 -0.2509
 -3.2799	 +8.0393	 +0.1180	 -2.0128	 -0.0609	 -4.3054
 +0.6536	-12.2528	 +5.8028	 +0.8893	 +3.8244	 -2.3633
-15.4069	 -1.2070	 -6.1688	 -1.3854	 -2.9448	 -1.0157
 -0.1318	 -7.3268	 -7.1909	 -1.3213	 +3.1703	 -1.6198
+13.5587	 -3.5134	 -5.1858	 +2.7695	 +0.2107	 -2.2476
-17.9163	 +8.9743	 -4.5049	 +0.4236	 -0.9922	 +0.0793
 -6.8002	 +5.4869	 +2.4318	 -0.2211	 -4.3397	 -2.2755
 +4.1130	 -8.4051	 +4.1349	 +4.9552	 +1.4662	 -0.7316
 -4.1294	 -4.8521	 -7.9041	 +0.1844	 -3.9745	 -3.4032
 -4.2072	 -3.2416	 -0.0591	 +0.2609	 -3.9470	 -4.3676
+10.1930	+24.2092	+20.6351	 +0.1382	 -0.8730	 -2.6330
 +9.1348	 +4.4149	 -5.7792	 +1.4285	 +2.3651	 -1.3769
 -3.7808	 -8.1170	 +0.3085	 +3.1405	 -3.9055	 +1.7430
+35.6918	 -7.0060	 -6.3734	 +0.9247	 +1.1808	 -2.3222
 +7.5278	 -2.7618	 +5.1204	 +0.5089	 -1.6536	 -2.5139
 -3.5939	 -2.8939	 -5.4642	 +3.0498	 +2.3931	 +3.0262
 +7.2511	 +8.1307	-14.1931	 -1.4507	 -0.8999	 +0.9624
 -2.4963	 -1.3009	 +0.6546	 +5.6980	 +0.1713	 +0.6311
 -9.4310	 -1.7834	 -2.4397	 +4.0453	 -2.3133	 +4.7334
 -1.0303	-11.5805	 -5.9964	 -1.4993	 +1.8488	 +3.4897
 +1.0106	 -4.0853	 +3.8709	 -6.3469	 +1.6272	 +2.5825
 -3.3677	 +0.6876	 +1.4922	 +1.0648	 +0.8437	 +2.3321
 -2.3201	 +0.1013	 -2.7728	 -0.1123	 -0.2213	 -2.7666
 -0.4761	 -2.1593	 -3.0584	 -4.6261	 -3.5939	 +4.6532
 -2.6722	+43.8928	-10.2686	 +1.9925	 +0.1308	 +0.2992
 +0.2245	 -3.2242	 -0.2608	 -2.6694	 +0.4302	 +2.9079
 +3.5637	 -7.5089	-22.8020	 +1.9999	 +0.5097	 +1.3159
-10.2096	-20.5437	 -5.8861	 +1.9073	 -1.0992	 -3.0723
 -2.8393	 -2.2674	 -1.4414	 -5.4885	 +4.0972	 +1.1855
 -9.1253	-19.0939	 +1.0519	 -1.5073	 +2.5059	 +0.4435
 -5.3246	 +3.8171	-12.4400	 +0.3739	 -0.5962	 +0.9844
 -7.4820	 +0.1838	+16.5481	 -1.2559	 -1.4805	 -2.2837
 +0.4796	+10.9479	 -4.0518	 +0.8641	 -1.1065	 +4.8654
 -6.2634	-11.9015	 +1.2913	 +4.3860	 -3.1309	 -1.4907
 -3.4586	 +1.0399	 +6.5930	 -3.6713	 -0.5440	 +4.7190
 +5.5625	 +4.5917	 -4.4726	 -0.8947	 +0.4095	 -1.1054
 +9.4489	 +1.9409	+39.4171	 -1.0565	 -0.6879	 -0.8646
 +6.3639	 +2.0284	 -0.6332	 -1.7239	 -0.3262	 +1.7284
 -8.7223	 +3.2063	 -9.2986	 -0.5909	 -3.1417	 -1.7524
 +8.6368	 -7.7745	 +1.4790	 +0.3221	 -4.9852	 -2.1687
 -0.5391	 +2.2221	 -3.1103	 +4.0216	 -3.5908	 -1.3270
 -2.3725	 -9.7969	 -9.1475	 +2.6613	 -0.5157	 +3.9649
-15.0744	 -4.0256	 -6.4327	 +2.7568	 -1.7172	 -2.1812
 -4.0184	 -6.8090	 +1.4263	 +0.4794	 +0.4635	 -2.7960
-62.7690	-16.1415	-25.1931	 +0.0950	 +0.3504	 +0.2007
 -0.2612	 -2.7534	 -5.0113	 +1.1855	 +4.2609	 -2.6373
 -9.5818	 +2.0650	-10.7060	 +1.2798	 +0.2014	 -2.8411
-10.3892	 +2.8447	 -0.7431	 -0.5449	 +2.1084	 -1.8868
