# Num Particles: 1000
# Num Cores: 1
# Total Energy: -2.323118e+04
# Iterations: 121 of 1000
# Current Time: 2018-05-05 19:08:25.342171
# Elapsed Time: 1:54:29.581639
# Avg. Step Time: 0:00:56.773402
# 
# x	y	z	vx	vy	vz
# 
 -5.4240	 -3.5828	 -2.9094	 +2.1532	 +1.3384	 -0.1578
 +3.6321	-18.0889	-10.4645	 +1.0500	 +2.3577	 +1.9253
 -2.7254	 -6.1270	 +9.0011	 -1.6630	 -2.3154	 +1.5316
-25.1068	+25.0245	 -0.1826	 -2.0911	 -0.9803	 +1.2092
 -3.7663	-19.1643	 -6.0583	 +1.8767	 -0.9921	 +0.4193
 -1.8439	 +1.1326	-16.7078	 +2.7072	 +0.6454	 +0.0349
+13.1450	-15.7154	 -9.1420	 -1.5266	 -0.6962	 -0.8356
+10.3680	 +7.7730	 -6.2370	 -1.9648	 -0.0764	 +0.0593
-25.5426	-34.1978	-11.2911	 +2.0050	 +1.8034	 -0.0741
-15.4019	+21.9384	 +2.2739	 -3.0350	 -0.5537	 +0.5037
-22.5117	+11.5044	+17.1830	 +2.3485	 +0.8821	 -0.4867
 -5.3696	 -2.2257	 -0.8910	 -0.8252	 +2.9329	 -1.6355
 +1.8545	 +0.6548	 -8.0501	 -3.4408	 +3.0563	 -3.5107
+24.9061	+12.7055	-27.7807	 -1.3834	 +0.9329	 -1.0329
 +0.5438	 -4.9779	 -2.5921	 +2.9457	 -0.5088	 -1.1506
+13.9343	 +1.9654	 -2.2898	 +1.3027	 -1.8370	 -1.8401
 -9.0263	 -4.9090	 -5.7964	 -0.3245	 -3.9173	 +3.2521
 -6.0159	 +0.1627	-19.4364	 -1.4231	 +0.7283	 -1.0954
 +9.6554	 -8.0855	 +6.8549	 -0.3826	 -1.0047	 -1.1191
+104.2393	-29.1383	+78.6459	 -1.3776	 -0.8351	 +0.1947
 -4.4464	 -3.2085	 -5.7611	 +3.7727	 +2.7507	 -2.2350
 -3.1679	 -2.8629	 -7.4187	 +1.1582	 -4.3426	 +1.4298
 +4.3469	 +2.6699	 -8.1809	 -1.9817	 +2.5640	 +2.8498
 -5.3295	 -4.4739	 +4.6858	 -2.2862	 +1.2684	 +3.6577
 +7.9290	 +7.8246	 -8.6490	 +0.7600	 +0.3458	 +0.1718
-36.3630	+21.7113	 -0.6388	 -1.9968	 +2.2588	 -1.3065
 -4.3283	 -4.0394	 -5.2325	 -1.3383	 -4.3662	 -1.9478
 +6.8099	 -7.4716	 +4.9628	 -4.6586	 +0.2484	 +1.8531
+11.7873	+11.3480	 +5.1919	 +2.3260	 -2.7982	 -2.3493
-15.8896	-17.3916	 -4.4107	 +3.6729	 +2.3981	 +0.6156
 -1.4423	 -5.7877	 -6.4978	 +5.3940	 -2.0942	 -3.4037
-56.8149	 +9.5358	 +0.8053	 -0.7745	 +1.9916	 +1.8272
 -4.2916	 -5.8443	-11.4089	 -4.2645	 +0.2267	 +2.9393
 -1.0402	-13.4470	 +4.1800	 -0.9223	 +2.6526	 -1.5699
 -9.7944	 -3.5687	+22.5481	 +0.4027	 -0.5908	 +0.6766
 +3.4778	 +2.1038	 -0.1155	 -1.6724	 +0.0911	 +0.1109
 +2.6924	 -6.9421	 -1.4101	 -1.0120	 -3.8803	 +2.0072
 -0.1002	 -2.6414	 +5.5653	 +4.4866	 -3.1052	 -0.3009
 -3.1838	+30.1913	-11.0578	 -0.7420	 -1.8494	 +0.7119
 +3.6535	 +2.1821	 +4.0364	 -0.7705	 +4.2853	 +1.8668
+14.6466	-13.9694	+10.3848	 +1.8959	 -3.3450	 +0.2975
 -5.0673	 +9.7203	-10.9163	 -0.1117	 -1.7772	 +1.5235
 -6.7108	 +1.0446	 -9.9211	 -1.2399	 +4.0485	 +0.7289
 -7.6300	 +2.4997	 -1.6734	 -2.1266	 -1.9631	 -0.0750
 -4.0910	+22.4080	-20.3696	 +2.4022	 -0.2584	 +0.9443
 +0.3908	 -1.5067	 +0.3880	 -3.0731	 -1.4246	 +4.5532
 -0.4515	 +5.1763	-11.6816	 +2.2918	 +4.1652	 +0.2110
+34.8589	 -6.4173	 +0.6046	 -0.1705	 -1.2272	 -1.5811
 -0.9142	 +5.8754	 -0.6525	 +2.7443	 +0.0800	 -1.7950
 -3.5564	 +4.2623	 -3.8257	 +3.2882	 +4.3685	 +1.3510
-33.0576	-56.8344	-36.8337	 +1.1503	 +0.3068	 +1.6184
 -3.2334	 -7.1007	 -3.3954	 -1.4362	 -1.2366	 -3.8403
+16.0754	 -7.2152	+10.1528	 -0.6210	 +2.8031	 +3.6945
 +4.9915	 +8.2452	 +6.5805	 +1.9521	 -4.6586	 +1.5306
 +5.5919	 -2.5016	+54.7351	 +0.4639	 +2.2197	 +1.7699
-29.2009	 -6.5363	 -4.4919	 -1.4407	 +0.4442	 -0.1506
+30.7687	 -4.2111	 +3.5932	 -1.5616	 +1.0121	 -1.1014
 -6.1548	 +4.9578	 +1.9554	 -0.4686	 -1.9966	 -3.7916
 +1.7376	 -3.8341	 +1.3577	 +2.9188	 +3.5668	 +3.8914
 -1.5541	-20.4803	 +8.4748	 -3.7221	 +1.6632	 -0.0921
-18.6568	 +2.0509	 +7.3966	 -3.5737	 +0.8976	 -1.9772
 -8.5569	 +7.5635	-22.0538	 -0.1433	 +3.7912	 -1.0458
 +0.0463	 -6.3834	 -3.7745	 +2.2831	 +4.0168	 -0.8043
 -5.0898	 -7.9357	 -4.5232	 +1.1799	 -1.9502	 +4.3247
 -4.2693	 -4.3518	 -0.9781	 -1.2165	 +0.8089	 +4.9651
 -9.3617	 -6.6843	-11.7261	 -1.8303	 -2.1619	 -0.9241
 +5.6919	 -0.7801	+21.9517	 +0.4450	 +1.0507	 -0.7078
-16.5877	-14.3448	+27.8043	 -2.3120	 -1.8940	 +0.2180
 -2.7759	 -8.4582	-19.0005	 +0.5432	 -0.5218	 +1.6430
 -4.1193	 +8.1211	 -0.2338	 +0.7905	 -2.3965	 +4.6510
 -3.5999	 -6.1591	 -3.6468	 -1.4580	 -0.3819	 -1.1272
-10.8899	-11.3947	 -4.8344	 +2.4813	 +0.9865	 +1.2884
-10.5341	 +6.4126	 -4.4582	 +1.8461	 -0.5139	 -1.6692
-13.9991	+15.2857	-95.2910	 +1.9242	 +0.0018	 -1.4018
+26.3082	-26.5545	-13.5370	 -0.3030	 +1.7210	 +0.6461
-13.1622	 +6.2310	 -9.9044	 -1.9416	 -4.2313	 +1.4263
 -3.7231	 +4.9249	 -8.8982	 +1.3876	 +1.5522	 +0.2311
 -4.9105	-10.9338	+11.6556	 -2.7630	 -1.7735	 -1.8182
 -0.8871	 +9.5809	 -0.2519	 +3.1280	 -1.1269	 +3.5767
+23.3000	-13.3780	 -5.7164	 +2.2912	 +1.7347	 +0.0051
 -1.9744	 +1.7933	 +0.9612	 -0.6667	 +0.0807	 +2.7869
 +9.5801	+12.1691	 -9.2866	 -0.2640	 +1.9941	 -0.7731
 -0.3068	 -1.0018	 +0.3747	 +1.7785	 -0.4211	 +5.2974
-11.8720	+24.3773	+18.2429	 -0.9084	 -0.3416	 +3.4314
+15.7952	 +6.9292	 +3.7874	 +2.2786	 +2.3744	 +2.8314
 +0.5527	+11.0247	 +9.3950	 -2.9566	 -2.3538	 +0.0031
-17.6555	 -4.0540	 -1.1753	 -0.5073	 +0.8525	 -3.0359
 -1.7841	+19.1041	+10.0353	 -0.7599	 +2.4328	 +0.5565
 -3.1592	-28.6550	 +8.2127	 +2.0464	 -0.8464	 -1.5128
 +4.0412	 -9.6980	 +1.4246	 -1.6642	 +0.0459	 -1.0244
-11.9870	 +2.0701	 +0.4025	 +0.1097	 +2.3959	 +3.3803
 -1.0612	 +1.1465	 +1.1042	 +2.5349	 +1.5464	 -0.2679
-14.4592	-27.0402	-48.4248	 -0.7206	 -0.8279	 -0.3813
 +1.2126	 +2.0192	 -3.3126	 -5.1679	 -1.0105	 +5.1877
 +5.6602	+11.5062	 -1.1646	 +0.1295	 -2.1151	 -1.1475
 +8.5392	 -6.7563	 -0.7818	 +1.1901	 +1.8776	 -4.1625
 -8.0320	+32.8461	-17.3490	 -0.4475	 -0.2228	 +2.3378
 -0.1016	 -2.9744	+18.7542	 -1.9700	 -0.3827	 +1.0311
-10.4144	+13.0686	 +0.2889	 -0.2872	 -2.0510	 -1.4627
 -9.9108	 -9.9974	-22.9017	 +3.2590	 +1.8190	 -0.3293
 +3.7314	 -7.0968	 -3.5943	 -3.5037	 -4.8814	 -0.1827
-12.4798	 -1.9340	-11.3413	 +1.3940	 -0.1938	 -0.0921
 -4.4131	 -1.0996	 +1.2366	 -0.8104	 -0.4638	 -3.6515
 -2.0777	 -3.4717	-11.7576	 +1.3005	 +3.8264	 -1.6518
 -0.9398	 +0.4818	 -5.3148	 -0.6441	 -2.7075	 +0.6250
 -4.1471	 +2.4938	 +6.3877	 +4.4459	 +2.9005	 +1.7864
-13.4099	-18.1518	+20.9450	 +3.2173	 -0.2236	 -1.0076
 -7.6437	-12.4142	 -0.9019	 -0.1467	 +2.1741	 -0.3425
+26.9451	+11.9563	+17.7919	 +0.9619	 +1.7833	 -0.3946
 +4.0121	 +1.2061	-11.6417	 +2.0481	 -0.3085	 -2.8277
 -2.5026	 +6.5621	 -4.3694	 +3.0451	 +4.1274	 -1.0456
+474.4748	+388.2980	-227.1637	 -0.2787	 +0.6738	 +0.3147
-139.0103	+99.9482	+200.2193	 -0.1094	 +1.1361	 +0.4392
+12.5524	 -3.9902	+10.4807	 +3.9151	 -1.2566	 +0.2049
 +4.8561	 +0.7356	+20.5804	 -1.8680	 -1.2281	 +0.1061
 +0.5118	+12.1405	 +5.4021	 -0.4419	 +1.9313	 -2.9692
 +6.9937	 +2.2345	 -1.5003	 +2.5410	 -3.3256	 -2.7358
-72.6343	-15.8309	-10.8783	 +1.3835	 +0.1909	 -0.7435
 -5.9650	 +1.5265	 -1.4616	 -1.7783	 +1.3014	 -2.0461
+46.0447	-22.6560	-43.7393	 +0.5045	 -0.7021	 +0.2691
-14.8198	 +7.4179	 -8.8942	 +0.8136	 -1.2539	 -2.0087
 -2.1226	 +2.8976	 -2.0400	 -2.1563	 +3.4772	 -0.9232
 +6.4335	 +0.4756	 -0.9269	 +3.0036	 +2.4734	 -2.0352
 -3.9703	 -9.3776	 -0.8138	 -4.9934	 +0.2158	 +0.5916
 -1.6042	 -1.6119	 +0.9161	 +3.1616	 -2.1446	 +1.5200
 -0.5643	 -1.4402	 +3.0999	 -1.9563	 +4.2636	 -0.2351
-15.5195	 +1.1651	 -5.8295	 +1.8167	 +0.0300	 -2.9108
 -9.4511	 -3.9704	 +3.1546	 -0.8113	 +0.4837	 -0.0217
 -9.5919	 +1.9306	 -7.0102	 -1.6401	 +1.7531	 +1.8242
+10.7378	-12.9131	 -2.0813	 -2.2237	 +0.2885	 -2.4412
+13.9747	+31.5311	-163.7833	 +0.0689	 -1.1606	 -1.3047
 +9.6265	 -0.5240	 +5.8962	 +2.1841	 +2.2869	 -1.1821
 +4.7821	 -1.4101	 -9.7218	 -2.2167	 +3.7451	 -0.2767
 -8.4785	 -7.2776	 +2.4573	 -3.5046	 +0.9675	 -0.3454
 -3.0860	 -0.9048	 -3.0522	 -0.2116	 -3.5253	 -0.8671
-17.9747	+23.9261	-35.1886	 -0.4801	 -1.1855	 +0.7883
 +0.4052	 -9.8224	 -8.6325	 +4.9041	 +1.8875	 -0.7696
+18.8111	-17.4885	+16.3725	 -1.0576	 -2.5960	 +1.0588
 +4.1847	 -5.4669	 +4.2425	 +1.3327	 -3.0186	 -1.7132
+11.6081	 -9.2757	-11.0635	 -2.0620	 +0.2675	 +1.8430
 +1.9320	 -3.5462	+11.6653	 +1.3299	 +1.0664	 +0.5059
 +7.5991	 -9.2985	 +7.8592	 -3.5854	 -0.7126	 +2.1550
 +1.0857	 -0.6966	 -0.8705	 +0.2517	 +1.7984	 +1.7430
-30.4940	 +6.4208	-37.2780	 +2.0477	 +2.2027	 -0.0114
+58.5013	 +4.4487	+20.6551	 +0.5333	 -1.9175	 -0.2167
 +1.2076	 +5.8261	 -4.8079	 -0.7055	 -0.4392	 -3.7468
-29.2922	-70.3092	+46.5056	 -1.2779	 +0.9910	 +0.9639
 +2.9890	+11.2356	 -7.4074	 -1.4077	 +2.3242	 +0.9865
+20.0632	 +6.6534	 -6.1474	 +0.0807	 -1.2082	 -3.1974
 -0.1900	 -0.4993	 -3.4636	 +5.6623	 +3.6717	 -1.2746
 +2.5487	 -2.2662	 +9.6022	 +0.7838	 +3.2537	 -2.1323
 +4.0235	 -4.4366	 -1.0353	 +5.1730	 +2.0964	 -1.8222
 -1.5383	 -0.6619	 -1.8391	 -6.3005	 +3.1678	 -0.3287
 -7.0554	+11.7280	 -7.2499	 +0.8944	 -1.4001	 -0.4533
 +7.0867	 -5.0444	 -9.1135	 +0.2745	 -3.3263	 -0.9109
-10.2397	 -1.0966	-16.2112	 -0.8155	 +1.7315	 +1.8663
 +4.2557	 +7.7568	-16.4971	 +3.0172	 -0.7803	 -2.0979
 +5.8787	 +3.7165	+29.3746	 -2.8119	 +1.1281	 +0.6336
 -5.0847	 +1.2450	 -3.6853	 +2.2153	 -2.2934	 +4.7554
 -5.0198	 +3.1296	 -2.0295	 +2.2788	 -0.7022	 -1.3847
 -1.4452	 +3.9040	 -2.6327	 -3.7597	 +2.6988	 +2.7782
-15.8749	 -0.2906	 +8.4716	 +4.1945	 -2.1661	 -1.8000
 +2.6397	 +2.6126	 -2.1353	 -4.8930	 +0.5643	 +0.4371
+14.0106	 +9.5839	 +4.7154	 -1.2748	 +1.2509	 -0.2826
 -5.8855	 -5.0905	 -1.9720	 +3.3580	 -0.1728	 +4.4121
 -1.8277	 -3.3631	 +6.6192	 -4.8557	 -0.3684	 +1.3913
 -2.3661	 -1.0133	 -0.9990	 +2.0940	 +2.2830	 -3.6479
-15.9643	 -4.4786	-14.1531	 +0.5733	 -2.7069	 +2.8575
 -4.6968	 -0.8433	 -4.3528	 -3.0675	 +0.4460	 +1.0330
 +5.2372	 -5.2127	-13.8312	 +2.3697	 -1.2603	 +0.9118
-15.7090	 +1.1173	-16.9673	 +0.3840	 -1.1752	 -1.8727
 +2.3843	 +0.4645	 -1.5990	 -0.3915	 -0.8237	 +2.0530
 -4.6935	 +0.9830	-12.8594	 -0.6117	 -0.5699	 -4.2487
+29.0731	-13.6944	+24.8914	 -0.6750	 -0.3717	 -0.5656
 -5.4369	 +1.2695	 +1.9780	 +0.9167	 +2.5245	 -2.5949
+52.6438	+27.2080	-26.2916	 -1.9566	 +0.9541	 -0.1429
-17.1140	-11.8997	 +0.5580	 -2.5840	 +1.9144	 -2.4005
 -5.7701	-23.2545	 -8.9668	 +1.6300	 +1.5716	 +1.5286
 +0.2151	 -8.0601	 -1.1650	 +0.6706	 -0.4668	 +2.3614
 -1.8425	 -7.3011	 +0.1980	 +0.5369	 -2.6850	 -2.4230
 -5.4848	 +4.8788	 -4.4440	 -4.2716	 +0.4922	 -1.1482
 +2.0333	 +6.3779	 -7.8604	 -2.2407	 +2.9640	 +1.7379
 +6.9148	 +3.8123	 +4.5538	 -0.1529	 -0.6773	 -1.4015
+14.4139	+20.2162	-22.8047	 -0.7318	 +1.1358	 -1.3016
+10.3026	 +2.0185	 -0.6518	 +1.2520	 +2.7446	 -4.4994
 +2.8571	 -3.8041	 -1.0837	 -0.5839	 -1.3151	 -3.0357
 +1.4612	 +5.3919	 -9.1594	 -0.0711	 +0.6023	 +2.5641
 +1.8287	 +0.0959	 -6.3572	 +0.0125	 +2.1075	 -0.0819
-11.9558	 -9.3324	 -2.2457	 -3.1877	 -0.7124	 -2.2008
 -3.4369	 +5.3430	-12.3312	 +2.0151	 +0.5025	 -0.2690
 -5.4425	-14.3248	 +6.9797	 -1.3591	 -3.6923	 +1.7445
 +2.3609	 -1.5277	 -8.2809	 +1.6459	 +0.1526	 +1.1771
 -1.5512	+24.6365	-32.0320	 -1.5779	 -0.7252	 -1.8910
 +2.1781	 -2.4425	 +8.5902	 -0.4325	 +2.6761	 +2.4524
 +1.2639	 +8.5755	 +0.7016	 +1.5244	 -2.4471	 +1.4194
 +4.9117	 +4.1552	 -0.2564	 -2.1718	 +1.2484	 -0.9570
 +6.0915	 +7.4823	 +5.7033	 -3.1843	 +2.9788	 -0.0627
+30.6827	-101.1068	-35.7611	 -1.3336	 +0.2121	 +0.9719
 -7.4388	+11.4912	 +0.2500	 +0.4545	 +2.0459	 +2.4410
 -7.2900	 -3.1106	-10.9589	 +2.9828	 +3.7684	 +1.1245
 -9.4653	-23.5179	-19.1930	 -1.4839	 -0.6606	 +2.7660
+25.6934	 +5.6302	 +4.7837	 -1.3270	 +1.2545	 -1.7515
 -3.7357	 +4.8587	 +0.2216	 -1.0935	 -2.6647	 +3.4099
 -8.0239	 +5.4795	 -0.3246	 -3.3235	 +2.4096	 -0.6711
-17.4653	 -5.8534	 +2.5071	 +1.9291	 -0.7869	 +1.3985
 +1.3097	 -3.9097	 +0.5822	 +2.3647	 -2.6559	 -0.6310
 -6.6669	 -2.0855	 +2.4353	 +0.8598	 +0.7089	 -1.4275
-16.4841	+19.9756	 -4.9762	 -2.6801	 -1.0846	 +3.0913
 +3.8391	+50.0650	-35.1374	 -2.0460	 +0.8378	 +1.1472
 -0.8923	 +2.3058	 -2.3612	 +5.5242	 +1.0701	 +2.7464
+12.6205	 +3.9116	 -5.8802	 +0.8728	 -2.3653	 -0.3367
 -2.7564	-11.2305	 +1.7113	 -2.4589	 +0.2062	 -1.8637
 +2.4019	 +5.2916	 -7.1617	 -2.7161	 +2.6304	 -0.8239
 +2.2204	 +0.6308	 -5.5577	 -6.9191	 -0.3725	 -2.0575
+19.9886	-11.4914	-19.3732	 -0.6307	 -0.0732	 -1.2022
+119.6867	 +5.1361	-43.1406	 +0.3059	 +0.1489	 +0.6901
+18.4704	+12.6500	 -9.2340	 +0.2551	 -1.5742	 -3.7874
 +5.0978	 -7.3599	 +1.6584	 +1.1795	 +1.1045	 -1.2491
 +3.2164	 -0.6614	 +3.9287	 -4.5911	 -1.9187	 +0.7731
 +3.1929	 -7.1830	 -1.7049	 -2.8181	 +2.0950	 -1.3549
+32.7404	-32.7364	 -6.4857	 -0.8869	 +0.1389	 -0.5635
 +3.8379	 +6.4644	 -0.8025	 +2.1289	 +3.2152	 +1.5790
-15.2086	 -8.7164	 -4.2197	 -0.7617	 +0.9650	 -2.3004
 +4.1277	 -0.4715	 -3.7489	 +0.4932	 +2.6419	 -3.9446
 +2.5318	 -5.0639	-13.1899	 +0.8077	 +0.0231	 -1.8112
 -0.2156	 -0.8660	 +0.9863	 +3.1326	 -0.3384	 -2.0097
 +0.1410	 +1.5163	 -4.5890	 +4.1023	 +1.9412	 +2.5889
 +0.4670	 -3.2255	 -1.2116	 -1.8200	 -3.7930	 -4.5726
 +6.9121	 +5.1392	 +0.3592	 -0.8284	 -2.3262	 -1.6911
-11.8386	 +5.6119	 +2.6316	 +0.3520	 -1.2932	 -1.6920
 -6.0453	 +2.8818	 -5.7300	 +0.9054	 -2.1567	 +0.1520
 +3.3185	 +9.3052	 -3.4962	 +0.4127	 -0.3390	 -0.9681
+11.5675	 +5.9371	 -9.1314	 +0.4707	 +0.4503	 +2.5598
 -2.9000	 -3.1433	 -1.4587	 +1.3781	 +4.3472	 +2.7199
 -5.0705	 -9.4138	 -4.3398	 -0.4803	 -0.5659	 +4.6976
 -4.9917	 -0.1104	 +5.8966	 +1.1838	 +3.2221	 -2.9530
 +2.9462	-12.5185	 -1.2810	 +0.2484	 -2.5495	 -2.0031
 +0.1310	-10.3292	+18.1766	 +1.9722	 -3.1104	 +0.4718
 +6.3133	 +5.4807	 -3.4672	 -0.1364	 +2.1561	 +2.1748
 +0.4928	 -1.6969	 -1.1024	 +2.2900	 +1.1075	 -1.7102
-49.8749	 +7.0105	 -0.0278	 -1.9700	 -1.5221	 +0.4368
 +3.1863	 +2.1299	 +5.6435	 -1.0985	 -2.4725	 +1.0593
 +2.0264	 +4.4438	 +1.3132	 +1.2168	 +6.0367	 -2.0208
+12.9178	 -8.7281	 -3.5228	 +2.4122	 -1.8796	 +0.4167
 -6.9125	 -7.9460	 -0.6722	 +0.0903	 -1.4475	 +1.9626
-16.0675	 +8.2607	 +2.5350	 +0.7547	 +1.1225	 +0.8398
-31.8187	 -8.7890	+41.6981	 +0.2699	 +1.1144	 -0.5259
 -2.7372	 +0.2719	 +4.4146	 -5.3495	 -0.0284	 +3.0428
 -2.5070	 -8.7922	 +4.7591	 -2.3289	 +1.8192	 -2.6065
-38.7390	-31.3663	-23.2487	 +1.6283	 +0.3893	 +1.5198
-18.5499	+21.8613	 +5.1957	 +1.8826	 +2.1150	 +0.7146
-12.4061	 -0.1786	 -9.8560	 +1.7842	 -4.4094	 +1.7567
 +9.7209	 -6.3485	 +1.7634	 +0.7105	 -1.0683	 -0.7468
 +0.8509	 -5.7725	 -4.1917	 +4.1506	 -3.1943	 +1.9725
+1871.1735	-30.7212	+790.2413	 +0.2212	 -0.2337	 +0.0662
 -5.6970	 +3.8790	 +4.7068	 +1.0637	 -0.1982	 -2.7260
 +0.8216	 -5.0339	 -3.1900	 +5.3134	 +2.3971	 -0.4782
 -1.8520	 +2.4547	 +7.3120	 -1.4281	 -0.0064	 +3.9806
+25.2803	-16.3183	-13.6149	 -1.1779	 +0.0683	 +1.5448
 -3.7939	 -2.4094	 +2.6562	 +2.7334	 +4.5029	 +1.6478
-55.4772	-48.0040	-69.2974	 -0.8991	 -1.3305	 -0.2984
 +4.5592	 -9.8468	-22.9722	 -0.1824	 +3.7528	 +1.3347
+19.4274	 +5.4277	+21.7875	 -2.2436	 +2.0841	 -1.6647
+20.3010	-27.3742	+10.0836	 +1.0221	 +0.5902	 +0.3774
 -8.4914	 -1.7452	 -6.4716	 +1.6118	 +0.2248	 +0.6530
+14.0184	+25.4583	 -9.5496	 +1.4451	 -2.5715	 +0.4803
 -9.3945	+21.1458	 +3.2783	 -0.0279	 -0.0186	 -0.2737
 +5.2660	 -7.4951	 -0.4241	 +0.8655	 -1.5217	 -0.9162
 +0.3866	+10.6171	 +6.1990	 +1.0035	 +0.3393	 -0.8872
 +0.0131	 -0.7266	-10.0660	 +1.0633	 -4.8236	 -3.4608
 -3.6763	 -3.8959	+13.6593	 +0.8373	 -0.9774	 -0.3835
 +3.1720	 -1.9581	 -7.6156	 +2.1527	 +2.5135	 +0.0697
 +6.9268	 +0.1851	 -4.9355	 +0.8253	 +1.4914	 +4.0346
 +3.4313	 -6.4984	 +5.8687	 +3.1131	 -2.7320	 -1.1329
 -0.9554	 +0.3965	 -0.8468	 +4.6116	 +2.2166	 +1.6322
+19.5652	+14.9949	-24.1408	 -2.7398	 +0.0493	 +1.0396
 +0.2694	 +6.2413	 +0.3009	 +2.2386	 +1.1922	 +3.6722
 -4.5078	 -0.4904	 -0.4619	 -2.5034	 -1.1254	 +2.7884
 -0.6941	+15.6611	+10.3616	 +0.2080	 +2.0802	 -4.0834
 +0.7533	 -1.7868	 -5.0891	 -2.9594	 +3.8358	 +2.2906
 -9.5053	 -1.7966	 +0.1631	 +2.8618	 +0.4631	 +1.1624
 -7.6945	 +6.0496	 -2.5352	 +2.5181	 -1.6389	 +2.5076
-14.3299	 -0.0590	 -2.9407	 -0.8504	 -3.1011	 +0.9082
+11.2228	-11.7548	 +0.1455	 -0.2923	 +0.1068	 -0.6383
 -0.6304	 +6.6062	 +3.5555	 +0.6169	 -1.9436	 -2.5614
 -3.4093	 +0.7484	 +0.2383	 +3.8123	 +2.9023	 -1.3388
-16.4264	 +8.5372	-15.5504	 -2.7528	 +0.3179	 +1.9183
-24.4608	 -5.1002	 +5.2460	 -2.0740	 -0.9665	 -2.6508
 -8.3180	 +5.2909	+11.2204	 +0.5230	 +0.8176	 -1.0451
-134.3645	-42.1292	+71.6054	 +0.6510	 -0.9550	 +0.7010
 -2.9407	 -1.0940	 -0.3897	 -0.8733	 -0.7732	 -1.7568
 -1.5582	 -7.2793	 -1.5318	 -4.5584	 +0.9942	 -1.6663
 -6.3749	 -4.6267	 +5.8395	 +4.8256	 -2.4173	 +0.2812
 -5.7187	 +4.5866	 -2.5747	 +2.3355	 +1.7693	 -5.7113
-12.8042	+11.1374	-14.9739	 -1.8205	 +0.8753	 +0.3526
 +6.5131	 +1.9408	 +3.3272	 -1.7875	 +4.7958	 +0.6047
 -5.3848	 -4.5629	-14.0371	 +0.6360	 -2.2766	 -0.8859
-113.7868	-104.2749	+101.5914	 +0.3760	 -0.2767	 -0.1009
-18.6863	+32.1119	+24.9631	 +2.0054	 +1.5011	 -1.3722
-19.9262	-27.0167	 +7.0161	 -1.6071	 +0.3166	 +2.3786
-29.2846	 +9.8046	-23.3580	 +1.4743	 -0.3326	 -2.6528
-12.8641	-24.0951	 -7.3190	 -2.1418	 +0.1098	 -0.6724
 +2.2212	 -1.9516	 -4.6719	 +1.2882	 -1.1269	 -2.6683
 -3.7603	 -0.8643	 +2.1981	 +0.5800	 -0.7056	 +2.3680
 -5.9155	 +4.5787	 -3.9648	 +4.7339	 +1.1166	 -1.4736
 +4.9924	 -7.1504	 +5.4011	 -1.3938	 +1.2413	 -2.8744
-23.9763	 -5.7088	 +2.0608	 +0.0374	 +0.7132	 -1.3236
-16.5916	-10.5687	 +9.0143	 +1.2610	 -2.9956	 -0.8671
+22.0169	-97.2846	+20.8756	 -0.9584	 +1.2132	 -1.1768
-10.6841	 +3.9531	 +0.4642	 -1.8446	 +1.9422	 +4.0634
 +0.3113	 -1.6398	 -6.6378	 +1.1807	 +1.2986	 +1.5891
 -1.0487	 -2.0611	 -3.1111	 +2.5112	 +2.0951	 -1.0776
 -2.0864	 -0.1700	-10.5915	 +0.9032	 -2.8464	 +3.0915
 -5.4498	 +6.8376	 -9.8553	 -2.4159	 +1.9178	 +0.7293
 -9.5299	+10.8917	+18.4168	 +0.1969	 -2.6840	 -0.0207
 +7.6022	 -2.6119	+20.3208	 -0.7969	 -0.5024	 -1.5874
 -1.5295	 +9.8434	 +5.0995	 +2.8752	 +0.8016	 -5.6181
 -4.2146	 +1.2867	 -2.5763	 -1.7886	 -2.8655	 +0.6055
+11.3906	 -6.4479	 +2.5626	 +1.4947	 -2.3019	 +1.8742
 -5.0185	 -5.9707	 +0.3759	 +0.2485	 -2.7915	 -4.0465
 +1.1457	 +1.0070	 -3.5576	 -2.3181	 +1.3058	 +1.9947
-14.0732	-18.1384	 -5.2050	 -0.5288	 +4.4378	 +1.3477
 -2.2983	 -3.1855	 -4.9050	 -0.8226	 +2.0780	 -6.7158
 -4.4861	 +1.4123	-12.9195	 +0.3182	 -0.6959	 +2.3653
 +2.2501	 -1.6257	 -4.8660	 +0.8716	 +3.9432	 -0.8498
 -2.7383	+10.7060	 +2.9397	 +1.5724	 +0.7571	 -0.0170
-156.0759	-52.8497	+202.3488	 +0.5226	 -0.6819	 +0.2345
 +1.5732	 -3.5163	 +1.1939	 -1.8864	 +0.6839	 -0.4452
 +7.1043	 -8.3870	 -6.5087	 +1.6214	 -0.6885	 +1.3533
+11.0684	 +3.5415	 -2.3543	 -1.6982	 +0.4783	 +2.4817
 +2.4043	 +8.1547	-10.9446	 +0.1452	 +4.0080	 +0.7574
 -2.0444	 +1.2859	 +4.2589	 +0.6432	 -0.3913	 -4.3326
+31.6585	+39.7363	 -2.2020	 -0.8503	 +1.7446	 -1.9324
 -4.3885	 +4.9956	 +5.2451	 +2.4482	 +0.2478	 -3.9896
 +5.6780	 -6.7723	 +6.6560	 +2.9478	 +1.5554	 -2.2162
 -9.6193	 +3.7986	-20.3220	 +3.1628	 +0.5899	 +0.8257
 +1.8356	 +8.2900	-10.1267	 +0.2597	 -2.0772	 -0.4621
 -6.3742	 +1.3658	 +2.1450	 -0.7383	 -2.1885	 -2.3306
 -1.0267	 +8.7825	 +3.7911	 -3.0777	 -1.3139	 -0.6507
 +0.3501	 +1.6199	 -6.1597	 +0.2299	 -0.0381	 -0.2982
 -7.4478	 -6.6488	 -9.6187	 +1.9186	 -0.4876	 +0.3245
 -3.5626	 -6.6944	 +9.2357	 +0.1478	 +0.2546	 -1.1649
 +9.1084	 -2.5007	 +3.0188	 -2.8908	 -0.2112	 +2.6614
 -6.1889	 +2.8527	 -1.6749	 -1.0296	 +1.4689	 +0.1383
 -1.7000	 -4.4279	 -3.1506	 +2.3598	 -0.2888	 +3.2568
 +5.3234	 +1.3613	-10.3660	 -1.6052	 +1.5672	 +0.8470
 -0.3049	 +1.3754	 -6.3074	 -0.8147	 -0.5883	 +0.6406
-15.0526	-13.8120	+17.9069	 +1.5449	 +1.5596	 +3.5529
 +0.5778	 +1.0022	 +0.5509	 -0.8806	 +0.9019	 -2.6065
+11.7471	 -9.2421	 -3.6816	 -1.4896	 -1.6389	 +1.4429
 -8.5242	 -9.2055	 -4.6238	 -1.4139	 +1.4670	 +2.5085
-13.1605	 +2.0441	 +6.7113	 +3.3094	 +0.9743	 -2.1192
 +2.5087	 -7.8377	 +0.1560	 +3.0882	 +0.6887	 +2.0328
 +9.0903	 -6.9738	 -6.6484	 +2.5112	 -2.6700	 +2.6160
 -4.9548	 +7.3670	 -3.4971	 +1.5392	 +1.5299	 -1.6691
-14.4187	+27.7435	-44.0352	 +0.5865	 +0.2842	 -1.1562
 +8.5110	-11.4029	-50.6575	 -0.1017	 +1.0170	 +0.5277
 +3.9722	 -2.7237	 -4.1589	 +2.0977	 +1.2042	 +1.9573
-17.6255	 -0.9058	 -9.7036	 -1.4010	 -2.6512	 -1.6121
 -2.7526	 +2.8011	 +1.8014	 -2.1812	 +2.5847	 -1.1584
-11.5364	-11.8160	 -5.8695	 +1.5626	 +3.8802	 +0.3534
-18.3148	-71.0858	 -3.5882	 +1.2699	 +0.8157	 -0.6919
 -1.3883	 -1.3929	 +8.8262	 -1.7046	 -3.2043	 +0.2168
 +4.2614	 +2.5816	 -3.6764	 +2.0336	 -4.2737	 +2.8663
+17.5619	 -5.4344	 -6.8273	 -1.8170	 +1.5625	 -4.1725
 -4.2379	 +9.8878	-10.9122	 +3.6044	 -0.5728	 +4.0628
 -4.0929	 +2.7869	-18.9131	 +1.9122	 -1.2275	 +0.8049
 -9.9049	 +0.4191	 -9.6330	 +2.6805	 +1.5687	 -0.1342
 -8.1870	 +5.1366	 -0.5443	 -3.8466	 +2.7111	 +0.8708
 +4.3735	 +2.3880	 -2.6187	 +2.5454	 +4.5921	 +1.6257
 -6.8093	 +0.4772	 -0.6256	 -3.2636	 -0.9136	 +2.7119
 -7.6633	-22.5353	-12.6071	 -0.5790	 +0.1128	 +2.5809
 -1.0002	 +3.8503	 +2.2500	 +4.0670	 +0.4547	 +1.0526
 +4.5313	+13.4112	 +6.4598	 -0.1209	 -3.3578	 -1.5240
-58.3882	 -3.7805	-11.0954	 +0.3260	 +1.2652	 -1.0555
 -2.4099	 +2.0213	 +2.1658	 +2.7096	 +1.1337	 +1.2904
 +1.2989	 +1.6374	 -8.8871	 +2.8759	 +2.7910	 -0.3937
 +6.6917	 -4.3150	 -3.5853	 +0.4585	 +4.1224	 +0.1915
 +2.5847	 -2.5276	 -6.7048	 +0.6347	 -3.2043	 +0.3398
 -1.0481	 -3.4338	-15.9134	 +3.3369	 +2.4667	 -2.3879
 +1.1377	-10.2629	-23.5908	 +0.5428	 +2.1468	 +2.2910
 -8.8374	 +7.0562	 +4.8750	 +0.2856	 -0.5079	 +4.9986
 -3.5271	 +1.6331	-13.9325	 +4.8961	 -0.6153	 -1.2800
+11.7594	 -1.1977	 -3.9934	 +1.8744	 -2.4517	 -0.8654
 +2.4293	-29.4910	-20.9234	 -0.7051	 +0.6775	 -0.9529
-11.5185	+20.2551	 +1.0083	 -1.1066	 +0.2569	 +2.2931
 -3.4973	 +1.5957	 -0.4120	 +1.8766	 +2.3020	 +2.6924
 +0.1638	 -1.1086	 +5.2027	 -1.8955	 -4.5267	 -1.5003
 -7.1886	-10.5548	 +8.2972	 +0.3025	 -2.2593	 +1.6837
 -1.8412	 +3.7690	 -7.3037	 +1.1412	 -4.9518	 -2.2868
 +1.9053	 -0.1178	 +3.8688	 -3.3306	 +2.3138	 -3.3093
 -0.8190	 +0.3336	-10.9986	 -5.4956	 -1.1519	 +0.8520
 +0.3581	 +9.5557	 +5.4900	 +1.1323	 +2.3684	 +1.4595
+34.8933	 +6.5784	 +4.6102	 +0.8061	 -0.1044	 +0.7767
-23.0213	+12.7885	 +1.8021	 +1.1017	 +0.0385	 +1.7895
 -3.7777	 -4.6613	 -6.8342	 +0.9258	 -0.0145	 +2.5753
 +4.5685	-22.3995	-20.6242	 -0.9866	 -2.3156	 -1.7962
 +5.2491	-10.2516	 -5.5577	 -1.5494	 +3.8657	 -2.1387
+10.8011	 +8.1205	 -5.4645	 +0.1994	 -1.9073	 -2.0571
-32.3687	 +7.7784	 +0.0158	 +2.6834	 -0.1578	 +3.3280
 +4.5947	 +5.9301	 -1.1164	 -1.1488	 +2.1225	 -1.1953
 +8.3201	 +4.7866	 +5.5771	 -0.4837	 -3.3839	 -0.2090
 -0.5397	 +6.6744	 +1.6587	 +4.5303	 -0.7940	 +2.5879
-12.8304	-11.9734	 +9.2397	 -0.1509	 -1.5160	 +1.3844
 -9.3489	 -4.3845	 +0.4861	 +1.3477	 -4.0212	 -1.4904
 +3.0827	-14.1013	 -8.9754	 +2.6851	 -1.3838	 -1.3028
 +3.2421	+16.1158	 -1.1853	 +3.5754	 +0.6787	 +1.7743
+18.6876	+11.6290	-15.5910	 +2.3980	 -1.6987	 +0.2087
-19.2872	 -3.6574	+17.1634	 -0.3420	 +2.8723	 +2.1545
+30.8407	 -9.1064	+67.9183	 -0.0819	 -1.8344	 +0.5981
+10.8356	 +6.3790	 +4.6212	 +1.1142	 -1.0115	 -0.7234
 +1.1768	-12.7450	 -5.3834	 +2.6117	 +1.9774	 -1.7912
 +1.8455	 -1.0274	 +1.0048	 -1.4471	 -0.8469	 -2.5412
-17.4299	 +9.6614	-15.3150	 +1.8327	 -1.5269	 +0.9202
 -2.9174	 -1.9966	 -3.1440	 +4.3659	 +2.7256	 +3.0421
+25.7388	 +2.7592	 -5.2344	 +1.9317	 -0.4963	 -2.0318
-12.0514	-16.0245	 -2.9458	 -1.3748	 +2.4338	 +1.7085
-15.0685	+15.2633	-14.8491	 -1.8550	 +2.1739	 -2.2328
 -8.1392	-22.6113	+10.3050	 -2.5505	 -0.9210	 +1.6296
 -3.9498	 +4.4661	 +0.6451	 -1.5940	 -0.3601	 +2.3652
+13.4443	 +5.2155	 -9.9559	 +2.9308	 -1.7871	 +0.1528
 +0.4815	-19.6122	+14.5215	 +1.5074	 +0.7215	 +0.1200
 +1.6462	 -7.8653	 -3.3650	 +1.2155	 +0.2541	 +3.1396
 -2.9791	 -5.1525	 -1.3777	 -4.5287	 +1.8077	 -3.8132
 -9.1762	 -3.1286	 -0.3232	 +1.5684	 +1.1226	 -2.0579
 -2.6779	 -4.0415	 -0.8172	 -3.2192	 -4.0331	 -2.9885
 +2.7022	 -8.3295	-14.5576	 -1.8206	 -1.1574	 +1.2709
+10.1279	 +1.3766	+28.5556	 -0.3693	 -1.8559	 +0.9374
 -5.5316	 -8.7546	 -2.1397	 -2.3302	 +0.0967	 +0.4127
 -1.1091	+12.6986	 +3.7007	 +0.7810	 +0.1099	 +4.0568
 +5.7452	 +1.7716	 -7.0838	 +0.0914	 -1.0552	 -2.3357
 -9.7104	 +2.1652	+12.6641	 +2.4603	 -0.0593	 -2.7024
 -6.6177	 -3.8728	 +6.7639	 -2.9084	 +0.5573	 +2.1340
 +3.3947	 -1.2616	 -2.2045	 -1.0146	 -0.5783	 -2.8609
+33.5251	 +7.6685	-19.3454	 -0.6838	 -1.1757	 -0.0258
 -7.4437	+11.7524	-27.5704	 -3.0827	 -0.4398	 -1.2107
 -2.3121	 +1.4706	 +0.2051	 -5.2197	 -0.0795	 -1.3880
 +2.8576	 -4.5009	 -9.6211	 +3.4373	 +0.1930	 +1.4468
 -1.3028	 +3.3593	 -0.9343	 -1.0388	 +6.0104	 +1.7864
 -6.4474	 +6.1648	 -4.5286	 +0.5720	 +1.4423	 -3.3550
 +1.0800	 +6.8698	 +0.4684	 -0.8637	 -4.7200	 +2.8316
+12.1749	 +9.9699	 -2.8632	 -3.4283	 -2.4183	 -1.3049
+23.6132	 +0.3533	 +6.5913	 -2.3101	 +0.9339	 +0.5110
 -1.3992	 +0.4128	-11.7911	 -0.9569	 -1.1192	 -0.2029
-14.4549	 +0.4014	 -3.8320	 -2.0018	 -0.3953	 -2.0378
 +1.3223	 +1.0941	 -3.7703	 +1.3305	 -0.2729	 +1.5779
 -0.7249	 +9.8276	 -0.7792	 +1.8756	 -4.1075	 +2.1211
+17.6233	-62.7670	-33.0635	 -0.4359	 +0.9302	 +0.7015
 +1.4879	 +7.5793	 +9.7280	 -0.6359	 -3.5937	 +1.8820
 +2.8167	 -2.2579	 -6.0559	 +1.4883	 +1.3645	 -0.9334
 -5.9957	 +2.7982	-11.5862	 +2.1798	 -0.8294	 +0.1334
+10.4392	+18.6682	+28.9115	 -1.0275	 -0.0129	 -1.0788
 +2.6105	 -5.1120	 -1.1748	 +2.2849	 -5.0701	 -0.8375
 -1.7518	 +0.1739	 +2.6316	 -2.4365	 +3.9084	 -3.8406
+15.7756	-18.3662	+20.8552	 -0.7744	 +1.3221	 -2.1580
 -0.5472	 -7.7987	 +1.9721	 -2.8653	 -0.2724	 +0.9290
-71.8999	-57.0849	+28.2833	 +0.5598	 +1.2562	 +0.5185
-11.7849	 -4.5362	-12.0807	 +2.7739	 -0.2003	 +0.9459
+59.7533	+42.2104	+41.6235	 -1.2447	 -1.2722	 -0.3546
 -6.4247	 +8.3928	 -5.3339	 -1.1228	 -3.2036	 +3.5212
 +9.2007	 -7.5039	 +0.7961	 -1.4138	 -1.5806	 +0.4072
-109.7538	+52.0436	-21.5257	 -0.5208	 +0.7708	 +0.2685
 +1.1498	 -4.1943	-13.9136	 -3.5747	 +0.2182	 +2.4700
 +7.6212	+10.9656	 +3.7641	 +1.2579	 -0.5468	 -0.8328
 +6.1003	 +1.4644	 -5.9664	 +0.5211	 +0.5273	 -3.5880
 -1.1567	 +3.9913	 -6.6309	 +1.5724	 +2.5376	 -1.3500
 -1.4972	 -2.4107	 -0.3845	 -2.1122	 +2.2354	 -2.6004
 -7.0937	+10.8236	 -4.9730	 +2.0555	 +3.4236	 -1.7126
 +2.0297	 +2.9534	 +0.3750	 +3.9697	 +2.6297	 +0.2215
 -4.3514	 -0.3661	 -0.3958	 +4.5809	 -4.5913	 +0.8610
 -6.5244	+13.3769	-12.3631	 -0.4072	 +4.4546	 +0.0817
 +5.8699	+10.5549	-10.4511	 -0.4630	 -1.1101	 +1.6897
 -0.4899	 +1.8306	 -0.4331	 -1.8802	 +2.3439	 -1.2915
 +3.9457	 -1.5848	 -4.9005	 -0.0406	 +2.9654	 -2.2592
 +5.0797	 +1.4187	 -0.4210	 +1.4657	 -2.1471	 +3.6791
-34.2043	+11.4863	+12.8398	 -1.2321	 +1.0176	 +0.4819
 -5.2760	 -0.7012	 +6.3383	 +3.5175	 +4.9485	 +1.9777
 -2.7717	-15.1495	 +9.7725	 -1.2992	 -4.2646	 +1.8891
-14.0793	 -4.6179	 +5.7398	 +1.7457	 -0.7299	 +3.7067
 -2.4209	 +2.1849	 -7.3765	 -1.4852	 +1.4075	 -1.5796
 +9.2359	+16.1368	-23.2219	 -1.2641	 +0.9395	 -2.4367
 +2.5020	 +7.0130	 -8.0809	 +3.4657	 -2.1542	 +0.0172
 -9.0199	 +2.4697	-15.2048	 +1.3105	 +0.7271	 -0.7488
 +3.1092	 +9.9188	 -0.3244	 +0.0911	 -3.4074	 +1.5250
 +4.2611	 -4.3564	 +2.4164	 -0.1900	 -3.9014	 -2.6385
 -8.2760	 +3.7036	 +7.0388	 +0.0716	 -0.3918	 +0.0902
-15.1563	 -1.9403	+15.0882	 -0.3549	 +1.3769	 -1.3092
-45.3544	+11.2069	 +4.8283	 -2.2787	 +1.4814	 +0.8171
 -0.9840	 +3.5661	 -1.1685	 -2.1110	 -0.1174	 +0.5471
-27.2159	+12.9728	 +9.1249	 -0.8895	 +4.5303	 +0.1447
 -8.6912	-10.4588	 +6.4203	 +1.1348	 +1.2988	 -1.1359
 -7.0012	 -3.1555	 -4.3328	 -3.1170	 -3.2331	 -1.5338
 -4.2306	 -1.1604	 +3.5034	 +1.2675	 -0.6014	 +0.1368
-14.2104	-51.2636	+32.7813	 +1.9075	 +0.0832	 +0.8319
 -4.1577	 +8.1855	 -0.4104	 -2.0194	 -3.3014	 -2.1659
 +2.1647	 +0.2992	 -5.9572	 +4.6524	 -1.0884	 +2.3241
 +0.4931	+16.3846	+15.9263	 -1.8789	 -0.0291	 +1.7186
 +5.3942	+15.9352	+17.0737	 +0.3021	 +1.6476	 +0.4817
 -0.9941	 +7.0760	 -7.0636	 -0.6413	 +0.6969	 -2.8635
 -3.8611	 +7.4245	 -1.8775	 +1.8496	 +0.2644	 -0.8944
 -3.3459	 -2.6287	 -3.0295	 -1.5188	 -0.0264	 +4.7642
 -2.8071	 +3.4645	 -3.2302	 +0.2708	 -0.1189	 -1.0540
+11.2516	-13.8816	 +2.0376	 +0.6641	 -2.4110	 -0.9526
 -1.7767	 +2.2897	 -4.0066	 +0.5173	 +2.9271	 -3.0786
 -1.3347	+21.7986	 +1.9144	 +1.8123	 -0.6787	 +2.6491
 -6.6796	 -6.9286	 +2.1723	 +0.0641	 -2.4764	 +1.0087
 -4.7338	 +2.1346	 +0.1368	 +1.8408	 -1.4115	 +0.8214
+19.5637	+12.6122	 -2.7146	 +0.2122	 -2.3585	 +0.3408
 -9.9054	 -1.8668	-11.8862	 +2.8891	 +0.3478	 -0.1741
 -2.9433	 -2.4885	 +9.8102	 -1.1849	 -1.1839	 -3.9382
 +2.6712	 +1.8140	 +1.1543	 -0.4990	 -0.1160	 +1.8942
 +8.0508	+11.4181	 +4.7562	 -2.6687	 +2.8083	 -0.4281
 +6.1900	 +0.5111	 +2.0088	 +4.3012	 -3.9050	 +0.0688
 -2.8377	 +8.6564	 -5.8326	 +2.7353	 -2.9472	 -0.3838
 +4.4276	+16.1155	-16.3538	 -0.4245	 +1.0892	 +1.6072
+11.6164	 -2.8339	 -5.1466	 +0.0821	 -3.4737	 +0.7289
 -9.8564	 +2.8737	 -2.2890	 +2.1326	 +2.1242	 -0.1784
 -0.4383	 +3.5696	 -7.0738	 -0.8378	 -3.7829	 +1.7875
-14.3570	 +3.5086	+10.9141	 -2.0360	 -0.4083	 +1.4699
 +7.2952	 -8.7328	+37.5414	 -1.0798	 +0.8444	 +1.8651
 -3.1625	 -8.9426	 -4.4064	 -0.1712	 -0.6440	 -2.8482
-15.8551	 +8.8396	 +0.7576	 +0.8162	 +3.3448	 -0.0091
 +4.0277	 +1.0807	 -1.6158	 +0.0532	 +0.3362	 +0.3083
+17.2055	 -8.8813	 +8.0260	 -0.6203	 +0.8951	 -0.9596
 +0.9483	 -7.0873	 -1.1641	 +2.7128	 -0.5284	 -0.7614
 +0.5175	 +1.4995	-11.9901	 +0.4059	 +6.1948	 -0.4027
 -5.5822	 -4.5149	-10.2960	 -2.8137	 -1.6958	 +2.4977
-22.2981	 +4.6212	-41.2079	 +1.1219	 -1.1140	 -1.0124
+14.1395	+16.1422	+30.1887	 -1.1626	 -0.9589	 +0.6185
 +4.2094	 -1.5257	 -0.6899	 -1.8365	 +1.3090	 +0.6454
 +0.2915	 +5.7904	 -0.0125	 -2.9932	 -2.6016	 -2.7169
 -6.6259	 +8.7089	+21.6728	 -1.1264	 +0.6087	 -3.0761
 -6.7870	 -5.2368	-10.1521	 +2.8387	 -1.3520	 +0.8714
 -3.9411	 +1.4011	 +1.1697	 -4.5956	 -1.6612	 -0.1592
 -9.8846	+15.8173	+12.8792	 -1.4819	 +0.7958	 -0.3688
 +4.0051	 -7.3651	-12.4036	 +0.0052	 +1.8112	 -1.1058
 -3.1492	 -7.4439	 +5.9278	 +2.1342	 -4.0721	 -0.5289
 -3.9190	 -4.7552	 -4.5028	 -2.7520	 -1.0307	 +1.0365
 -1.4694	 +3.0462	-11.3307	 +3.6216	 -1.7449	 +1.1742
-16.7562	 +1.7849	-15.8649	 +3.0989	 +2.2968	 +1.4241
-11.5700	 -6.2011	 +0.6914	 +1.8891	 +0.9789	 +3.1485
 +4.5085	 -1.7493	 -5.2719	 -0.9430	 -0.4582	 -1.4367
 -4.7214	 -1.4665	 -4.8304	 +1.3549	 +2.5712	 -3.4057
 -1.9514	 +1.2143	 +1.1940	 +1.1627	 -4.6496	 -2.4509
 -0.3802	 +3.6089	 -1.8975	 +1.7696	 -0.0495	 -2.6420
+23.2030	-14.9840	 +5.0553	 +1.1184	 -0.0198	 +1.1002
-15.5962	+18.7725	 -8.2519	 -0.8408	 -0.4722	 -0.8253
-11.9589	 +2.9372	 -0.0116	 -0.4494	 -1.9909	 -2.2560
 -0.3233	 +2.6639	-10.1928	 -1.3548	 -3.4258	 -2.4040
-14.4356	-10.0117	+10.0977	 -0.9372	 +1.6572	 -0.4945
 +9.8074	+10.0110	-18.9967	 +2.4998	 -1.0257	 +2.3107
 +1.0612	 -3.1212	 -1.5795	 +6.6457	 +3.1742	 -0.9796
+20.3816	-12.1876	-23.6822	 +0.0233	 -0.0737	 +2.1175
 -2.3720	 -5.8950	 -3.3149	 -4.9485	 -4.5778	 +1.2934
 -6.7177	 -1.1962	 -1.1836	 +0.5863	 -2.0890	 +3.5797
 -0.5385	 -1.8684	 -3.2904	 +0.3749	 -1.4947	 -2.5569
+23.2726	 +7.4025	 -0.1562	 -0.2457	 +1.7647	 -0.1854
 +3.2263	-11.9177	 -9.4553	 -3.8829	 +0.7880	 -3.6917
 -6.2007	 -5.1548	 -3.4454	 -3.0904	 +1.9937	 -5.5002
+21.8916	 -6.1547	 -6.2769	 +0.7450	 +0.9489	 +0.2688
-19.9744	 -4.8164	 -4.9710	 -0.3529	 -1.8856	 -0.1963
 -4.0243	 +7.5704	 +4.1814	 +3.1267	 +0.4051	 -1.9981
 -7.2577	 -1.7272	-10.8560	 +2.5167	 +2.1267	 -0.2229
-14.3150	 -3.3033	 -0.3598	 +1.7260	 -0.0356	 +0.9236
-18.4204	 -2.0532	-11.3749	 -0.6335	 +1.7061	 -2.5872
-27.5586	 -5.8174	 -4.7654	 -2.9853	 +2.6784	 +0.8904
 -1.8066	 +1.2225	 +1.7780	 -3.6583	 +2.6605	 -4.8716
 -1.6580	 -3.6191	 -0.5529	 -0.9640	 -3.2910	 +2.4100
 -4.1045	+18.9499	 -2.1314	 -0.8877	 +1.3633	 -2.5977
 +4.0472	 +8.9721	 +3.3466	 +0.9602	 -4.2593	 +0.1440
-12.5532	+14.2191	-48.9351	 +0.1311	 +0.0092	 -0.1223
+11.7475	 +9.0312	 -2.1823	 +1.1640	 +2.6444	 -0.3482
+15.0168	 +5.9186	-14.6701	 +1.7911	 -1.6125	 -1.9520
-11.4961	 -2.9333	 +1.9559	 +3.0381	 +0.4331	 +2.9046
 -6.2914	+18.4439	-17.7946	 +0.9994	 +2.3659	 +2.8943
 -1.3806	-10.2526	 -5.4517	 -1.2036	 +3.8211	 -1.2490
 -4.6359	 -5.4805	 -0.3234	 +0.6202	 -2.4544	 -1.9903
 -5.4243	 -1.8957	 -6.2729	 -5.6746	 +0.0765	 +1.7040
 -1.4069	 +0.5169	 +2.7888	 -4.5816	 -0.2470	 -0.0796
 -9.4140	-13.9516	 -1.2845	 +0.4357	 -1.0756	 -0.1881
 +1.4622	+24.7660	 -3.5172	 +2.8011	 -0.5285	 -2.7042
 -0.5956	 +1.8906	 -3.4431	 -0.6515	 -1.0964	 +1.4752
+10.7521	+12.3284	 +5.6084	 +0.2533	 +1.6388	 -1.8854
 -3.6199	 -7.2462	 -0.2626	 +1.7843	 +3.4347	 +4.6924
 +1.2253	 -9.3945	+17.9908	 -1.6820	 +1.0559	 -0.1864
 -1.6009	 -0.1680	-10.4014	 +2.0068	 +1.0809	 -0.7447
 +4.7852	 +2.8949	 -7.8391	 +0.4896	 +0.5509	 +1.3547
 +2.4093	 +4.3461	 -0.0439	 -4.1624	 +0.0672	 +0.4276
 -4.6266	-16.2823	 +6.8447	 -2.3754	 +2.1785	 +0.1736
 -4.6120	 +5.0446	 -4.4627	 -1.0579	 -1.1862	 +0.7126
 +0.2194	 -1.0349	 -4.5867	 -1.8376	 -1.2976	 -0.0811
 -5.8152	 +2.1874	 -5.2318	 +0.4982	 +0.7325	 -2.6764
 -1.1992	 +5.9257	 +1.0042	 -0.3983	 -2.1096	 +0.0665
 -5.6776	 -0.2477	 +0.6411	 -1.6180	 -2.8890	 +1.4154
+10.6699	 -2.3410	 +3.5146	 +0.2415	 +0.2949	 -1.8738
-12.3275	+19.0616	 -6.7939	 +1.0205	 -2.6345	 +1.0262
 -5.3207	 -7.5417	-14.8979	 -0.2604	 +3.1518	 +1.6182
 +5.4417	 -3.1734	 -4.2046	 -1.9220	 -3.9220	 -0.3303
 -5.1775	 -1.6296	 -1.3138	 -1.4457	 -0.2544	 -0.8970
 -2.7552	 +3.1107	 -9.1014	 +0.2681	 -3.3523	 +1.4993
-19.7950	 +2.2269	+12.5469	 -0.8800	 +0.1174	 -4.2595
 -4.1055	 +6.9905	 +8.4663	 -2.6289	 +0.3386	 +5.1683
 +0.1316	 -2.9522	 +0.2290	 +0.4927	 +0.3353	 -1.9581
 +1.9786	 +2.7442	 -2.8017	 -0.1533	 +0.2426	 -0.4928
 +3.6792	 +9.8614	 -1.5589	 +3.1975	 +1.0795	 +1.0880
 -1.8867	 -5.0327	 -1.8918	 -2.0687	 -0.0800	 -5.7557
+18.9117	 -7.4834	 +3.0792	 -3.0615	 -1.4513	 -3.0999
 +0.6780	 +3.2400	 +2.0506	 +0.8257	 +2.5357	 -0.5317
 -2.3544	-35.4871	+58.4268	 -0.3742	 -1.1394	 +0.4509
 -0.1997	 -7.5523	 -0.2119	 -1.0062	 -2.2937	 -1.2077
+36.7404	+34.5835	-30.0189	 -1.8023	 -1.2510	 +0.6185
 +1.3225	 +1.5221	 -1.0066	 -1.2510	 -4.0539	 +3.3608
 -1.9778	 -1.7191	 -1.0037	 -0.7893	 -3.2958	 -3.3208
+51.7688	 +1.5014	-43.7583	 -0.3454	 -0.1714	 +1.5384
-11.9643	-33.7326	+28.0341	 +2.5789	 -1.9548	 +1.3938
+104.1967	+58.2310	+14.3371	 +0.0320	 -0.8027	 -1.6103
 +2.3856	+30.1908	 +4.9496	 +2.7886	 -1.2336	 +0.5727
+24.2345	+66.5810	-34.0006	 +1.1517	 -0.4100	 +0.0330
 -8.5604	 -9.1762	 +3.5524	 +0.7835	 +1.3060	 +1.7534
-12.8790	+16.7752	 -2.4167	 -2.6332	 -1.6534	 +1.2395
-11.7452	 +1.1782	 -3.7510	 -4.4071	 -0.7459	 +5.4261
+11.9456	+30.3911	-48.5865	 +0.7034	 +2.6346	 +0.2777
 +8.0135	-11.7327	+41.8650	 +1.4635	 +0.9798	 -1.1333
+21.3898	 +7.6983	 +3.0831	 -2.6952	 +1.4086	 +0.8067
 -1.7750	 -5.7401	 -8.2093	 +2.5579	 -3.1037	 -0.2110
 -0.9716	 -5.6767	 -4.1722	 -5.6116	 +3.0794	 +2.0774
 +9.0017	 -5.1804	 -3.1558	 +1.4261	 -0.4380	 -3.2849
 -2.9340	 -4.1322	 -0.9006	 -3.3740	 -0.4359	 +5.4054
-11.8587	 -8.3556	 -5.8576	 +0.1875	 +2.0289	 +1.0706
 -1.1742	 -1.1015	 -2.4519	 +4.6541	 +3.2966	 +1.1629
 -0.0261	+22.5353	 +7.9307	 -1.2533	 -2.3372	 +0.6591
 +3.7037	 +7.3853	-15.4345	 -0.1565	 +3.1981	 +0.5716
 +7.4013	+15.3590	-25.8883	 -1.6658	 +0.0354	 +0.1664
 -5.4931	+11.1283	 -2.0434	 -1.3685	 +3.5533	 -0.4899
+17.4028	-20.7905	-11.9555	 -1.2865	 +1.0155	 -0.8667
 -4.9379	 +2.8261	 +2.7380	 -0.2290	 +0.8469	 -1.1752
 -1.6864	 +4.8903	 -3.4609	 +0.9598	 +0.3450	 -2.8746
+11.9347	-18.1803	 -0.0597	 -1.0929	 +1.1738	 -0.4575
 +2.2328	 +1.6767	-12.6729	 +0.0589	 -2.6138	 +3.5766
 -5.1728	 -6.0312	 +3.9266	 -2.7264	 +0.7393	 +5.4799
 +0.0408	 +5.0793	 -1.4907	 +0.7580	 -1.6373	 -5.5584
 +1.9472	 -1.6730	 +3.2420	 -0.2736	 +0.8101	 -4.6962
-23.3842	+24.9850	 +8.8198	 +0.0476	 +1.6923	 +0.7961
 -6.7700	-12.5005	 +1.2289	 -2.8006	 -1.2136	 -1.6138
-15.2657	 +3.6018	 -0.4322	 -2.7043	 -3.0118	 -0.9707
+15.0459	+10.2903	 +6.9573	 +3.5973	 -0.6690	 +1.0328
-13.6799	 +4.1906	 -3.4840	 -2.2600	 -0.8211	 +1.8916
 +4.1864	 -0.4338	+10.1526	 +0.9988	 -1.4890	 -2.5703
-14.3327	+66.2863	+22.0876	 +0.7396	 +0.2312	 +1.2367
+20.9468	 -5.7486	 +5.1311	 +1.2955	 +1.0870	 -1.0136
 +5.1734	-11.0755	 +7.0012	 +1.3943	 -2.4647	 +0.4063
-13.4811	-33.3099	+26.7267	 -0.8278	 +0.6325	 +1.1431
-39.8782	+34.6965	+25.1503	 +1.2831	 -0.2504	 -0.6628
 +0.8303	 -0.1952	 +0.9029	 -0.0016	 -4.0388	 -0.7850
 -2.2043	-17.9593	 -4.7920	 +3.2862	 -0.1212	 +1.7299
 +6.4050	+10.3291	 +3.8184	 -4.2396	 +1.6740	 +2.1449
 -4.2731	 -4.2290	 -1.1327	 +3.1389	 -6.0294	 +3.4545
 +7.2865	 -2.3797	 +3.8788	 +4.2770	 -0.2739	 +0.1849
+10.2289	+12.1977	 +7.7200	 +2.9418	 -0.8392	 +1.0910
 +4.0334	-33.8754	+110.9514	 -0.2998	 -1.4532	 +0.5378
-23.4978	 +8.9888	 -3.1018	 +0.6318	 -3.1062	 +0.3485
 +6.9439	-12.8932	-19.1598	 +2.3348	 +1.0746	 -1.0326
 -5.4469	 -2.4374	 +3.1084	 -1.6924	 -2.7070	 -0.8403
 +9.2485	 -0.2439	-10.6343	 -4.0817	 -2.3235	 +2.0017
 -6.0422	 -6.4130	-17.7462	 -0.4048	 +0.3378	 +2.8557
 +2.3945	 -7.6092	 +1.0553	 +3.0914	 -0.0126	 -4.4019
+24.4376	-24.4934	+38.9456	 -1.3765	 +1.1677	 -0.4204
 -8.5384	-15.6276	-10.4999	 +2.7603	 +0.8278	 -3.2375
 -0.9066	-10.2126	 +0.1349	 +0.7853	 -2.8126	 -1.8634
 +6.0987	 +5.9472	 -4.5490	 +0.6180	 +3.7822	 -2.3374
-16.9179	 +7.6550	+13.9668	 -1.5004	 +1.6763	 -1.5931
+10.0809	 -3.3473	 -0.4713	 +0.5451	 +4.6540	 +2.1088
+14.4582	 +2.2997	 +4.2486	 +0.3503	 -3.5337	 -2.7041
+10.7250	 +0.9609	 +2.6948	 -4.4032	 -0.4524	 -1.7828
 -0.3903	 +0.8516	+22.8945	 -0.3427	 +2.9676	 +0.1653
 +3.3255	-12.3024	-11.6919	 -0.5259	 -4.6202	 +2.1486
 +0.8394	 -0.6528	 +4.8226	 +3.2143	 -3.0863	 -0.8369
 -5.5020	 -1.1079	 +5.2097	 -1.5853	 -1.2467	 +0.4851
-15.0526	 -3.3363	-10.5892	 +0.1786	 +1.0732	 -0.0300
-11.4677	 +3.7941	 +0.7475	 +3.0954	 -0.3755	 +0.3788
 +1.7399	 +8.1206	 -6.4683	 -0.2438	 -0.6287	 +2.6623
-15.4259	 +2.2027	+10.4041	 +5.0035	 +0.2214	 +1.4851
 -1.9277	 -9.9938	 +3.6709	 +1.3610	 +1.3694	 +2.3996
 -5.4061	 -2.1924	 -3.2789	 +2.4569	 -0.0793	 +0.8973
-11.0529	 -9.3411	 +0.8709	 +1.3566	 +3.2401	 +0.5370
 +0.0121	 +6.1708	 +3.8708	 +2.6803	 -3.1520	 -2.3745
+26.8225	+23.4289	 -5.4259	 -0.9697	 +0.7786	 -0.2290
 -4.5446	 -9.2108	 +0.2192	 +2.2829	 +0.7905	 +0.3955
+24.6621	 +4.2000	 +5.7163	 -1.1665	 +2.2763	 -0.9159
 -5.8186	 -3.6262	 -8.1667	 -2.8340	 +1.0608	 -2.0271
 -5.0274	 +4.2256	 -9.2558	 +0.7575	 +1.0399	 -0.2912
 -0.7041	 +0.8673	-11.4358	 +4.1970	 -4.3897	 +1.6274
 +1.6355	 -6.1944	 +0.0078	 -0.6046	 -2.7287	 -2.8630
 -6.6353	-25.5152	 +4.4233	 +0.0818	 -3.0249	 -1.6864
-10.7219	 +9.7531	 +3.4259	 +2.0490	 -0.1433	 -3.4121
 -2.2842	 +0.2268	 -1.5048	 +1.0370	 +5.2993	 +2.8038
-18.1276	-10.1444	+17.1197	 -2.9668	 -0.4514	 +0.6972
-11.3065	 +0.9803	 +1.9000	 -4.7396	 +1.0631	 -0.8378
-18.0374	 -8.3278	 -5.7134	 -1.3393	 -2.3940	 +1.3924
 +1.0715	+22.7091	-10.7889	 +1.6652	 -2.5926	 +2.3133
-13.4666	+13.6734	 -2.7240	 +0.5475	 +2.3554	 +1.5219
 +1.5949	 -5.8903	 +5.2664	 -4.4291	 +2.2849	 -0.7501
+12.7854	-22.9355	 +3.0525	 -1.2418	 +1.6326	 +1.5550
+10.1475	 +4.5980	 +0.2148	 -2.2032	 +2.6008	 -1.3104
 +6.7941	+38.5723	-13.1451	 -0.1362	 +1.4880	 +2.2764
 +3.2634	 -2.6612	 +6.6601	 -0.6718	 +1.1464	 +1.5412
 -3.7250	 +8.1610	 -0.9085	 -3.5126	 -1.1791	 +0.4012
 -4.0798	 -3.4579	 -4.5931	 -0.1009	 -4.0175	 +0.5566
+87.0372	-29.8483	+51.0972	 +0.1186	 -0.9202	 -1.3815
 -1.4676	+10.1446	-14.7321	 -2.4868	 -2.4709	 -0.9840
 +0.3605	 -3.5432	 -9.4072	 +2.3371	 -3.0927	 -0.3493
 -0.4073	 +0.6636	 +7.0077	 +2.0557	 +0.9169	 -1.4967
 +1.9233	 +6.7296	-14.6641	 -1.0616	 +1.9452	 -0.0694
 -4.1824	 +1.9197	 +0.0393	 +4.3937	 +3.1912	 -4.5478
 +1.9172	 +1.2512	 +4.4937	 +0.7429	 +1.9853	 +1.2232
 +3.3788	 -7.9580	-10.8288	 -2.0186	 -2.4166	 -0.2186
 -5.5615	 +0.1202	+20.9379	 +2.3798	 -1.1067	 +1.7873
 +0.6056	 -4.1575	 +9.3285	 -3.6778	 +3.3743	 +1.1243
 +4.6153	+15.2723	+26.9173	 +0.5534	 +0.7481	 +3.5257
+10.8483	 +5.8926	+15.9266	 +0.4903	 +0.6878	 +1.7878
 +5.0591	 +1.7677	 -2.2658	 -3.5638	 +1.1864	 +0.2617
 -2.9484	 -7.7906	+20.8962	 +1.4224	 +1.2945	 -1.3162
 -9.9571	 -2.0739	+14.5300	 -1.3902	 -2.1327	 -2.6898
-19.1706	 +1.9789	 -4.0320	 +2.1054	 +0.9309	 +3.9172
 +1.6897	 +1.0718	 +1.6512	 -4.3878	 -3.1906	 -2.4458
-44.2234	+22.6241	 -1.1323	 -2.8408	 +1.3338	 -1.0370
 -2.8102	 -7.4184	 -2.8026	 +0.2553	 -6.2256	 +0.3768
-11.2815	 +3.7386	 +0.7564	 +2.6323	 +3.6275	 +1.9651
+17.5079	 +5.9032	 +6.6791	 -1.7839	 -1.1117	 -1.9946
 -3.0077	 +5.5382	+12.6868	 +2.1487	 -0.5987	 +0.8163
 +4.2444	-20.2137	 +4.8670	 -0.6990	 -0.0051	 +0.7058
 -7.2059	-10.4656	 -2.7986	 -1.8230	 +3.2844	 -1.4887
 +0.1089	+12.0028	 +5.7624	 +1.0869	 -1.0875	 +0.6800
-91.4751	-169.9736	+26.0236	 +1.0980	 +0.0101	 -0.0987
 +5.0974	 +3.5827	 +1.9956	 -2.1377	 -0.8114	 -0.8194
 -4.5746	 -6.4454	 -0.3371	 -3.2757	 +1.5702	 +2.9744
 +3.7658	 -0.2262	 -0.7080	 +2.8514	 +3.3120	 +1.5135
 -6.9290	 -3.8624	+10.2410	 +2.2693	 -2.7551	 +3.5227
-12.2142	 -1.5860	 +1.7000	 -0.9934	 +0.2220	 +5.4639
 +0.7141	 -0.3837	 -6.2954	 +0.1763	 -2.3508	 +1.4327
 +0.5380	 -5.1801	-12.3526	 -2.0733	 +0.7861	 -0.0390
-13.3253	-12.8650	+21.7361	 +1.7981	 -2.9440	 -1.3829
 +0.7651	 +4.6123	 +2.0327	 -3.9948	 +3.2765	 +0.8386
 +1.5752	 +1.4386	 -5.4484	 -2.0631	 -2.3393	 -1.4451
 +0.0166	 -4.7148	 +4.7530	 -2.9652	 +4.4822	 +1.8204
 -1.4712	 +4.7959	 +3.8087	 -1.9238	 +4.1087	 +3.6781
 +1.8182	 -4.6384	 -1.8396	 +5.2504	 -0.8879	 +0.0249
 -5.7421	 +5.5233	 +7.8583	 -2.4744	 +0.4322	 +0.1180
 -3.6760	+22.6687	 -4.5565	 -0.7369	 +2.2258	 +2.7132
 +9.7917	 +0.7976	 -4.6536	 -0.3299	 -1.9728	 +1.9716
 -3.0059	 -0.6422	-13.7056	 +1.0762	 +1.1969	 -0.9129
 +0.5002	+27.7174	-28.9795	 +0.1810	 -1.2010	 +2.5345
 -0.4175	-19.0972	+39.2663	 +0.4423	 +0.6205	 -1.9091
+17.2504	-18.5583	 -9.0623	 -0.8091	 +3.3278	 -1.2173
 -0.1986	 +2.3776	+14.4581	 -1.7188	 -1.3488	 -2.4443
 -1.0487	 -0.8077	 +0.2525	 -3.1387	 -2.1583	 -5.5445
-14.2901	+14.3472	 +1.1776	 -1.9647	 -0.5714	 +1.0570
 +3.2630	 -5.3358	+28.5378	 -1.5790	 +1.3223	 -1.3299
-46.0223	+22.0837	-75.7186	 +1.0254	 +1.8817	 +0.0234
 +6.2333	 +0.8284	 -1.5279	 -2.6810	 +3.3400	 -0.1270
+12.6203	-15.8180	 -4.1192	 -1.0120	 +1.8670	 +0.8588
 -3.4381	+16.4315	-14.1378	 -0.2224	 +0.6939	 -0.5885
-27.6778	 -1.5555	 -7.3510	 +0.2003	 +1.1268	 +0.0999
 -0.5850	 +5.9450	 +2.8208	 -1.3317	 +1.7268	 +1.9917
 -1.6628	 +5.6025	 +1.6279	 +2.1911	 -1.4383	 -3.8044
 -3.5022	-23.8996	-17.2683	 +0.7697	 +3.2099	 -1.1657
 -0.2477	+12.7751	 +1.8139	 +2.6150	 +1.6260	 +0.4725
 -4.5423	 +0.8069	 +0.4023	 +1.8592	 -3.1487	 +2.1872
 -3.5105	 -1.8207	 +9.2596	 -2.4362	 +0.8772	 -0.1916
+18.9580	+14.9954	-33.2124	 -1.1852	 -1.0417	 +0.5628
+28.6217	+40.1810	+69.6916	 -1.0573	 -0.5869	 +1.0536
 -6.2252	 +0.5810	-23.3792	 -1.6388	 -2.5953	 -0.0019
 +3.3419	 -8.1206	+16.4491	 +2.7906	 +0.7123	 +2.0390
 -0.2559	 +0.9775	 +1.6053	 -2.0197	 -1.3803	 -1.7682
 +4.0115	+16.0588	 +6.7993	 +1.5405	 -1.7162	 -0.3958
+67.8232	+28.6212	+35.1559	 -0.6762	 +0.1721	 +0.6487
 -0.1139	 -0.9419	 -5.3075	 -2.3737	 +3.7420	 -3.7641
 -1.8713	 +5.2302	 +4.7998	 -0.6912	 -3.8016	 +1.8641
-15.3242	 -6.9090	 -0.6525	 +0.2807	 +1.6323	 -3.4581
 +0.4675	 -0.8551	 +2.1756	 -3.0088	 +2.8696	 +3.3154
-40.5710	 +9.5148	+11.6465	 +1.1537	 -1.1535	 +1.7869
 -2.4783	 +7.2801	 -9.8031	 -0.6765	 +3.6504	 -1.4844
 +2.0045	 +8.4804	 -7.6830	 +0.6547	 +2.8157	 -3.2254
 +0.5984	 -4.8219	 -1.1290	 +3.6155	 +5.3665	 +0.7253
 -7.8489	 -0.2731	+28.7669	 +1.9138	 -0.2009	 -0.9542
 -7.8239	 -5.9669	 +6.4962	 -0.2969	 -4.2506	 -2.3728
 -8.9420	 +3.5256	 -1.4858	 +2.7203	 -5.7554	 -1.0017
 +8.6990	 -4.1796	 +5.2749	 -0.1566	 -0.5572	 +0.4050
 +3.3599	 -8.3331	 +6.4285	 -3.9132	 -3.7417	 -2.9262
 -0.6270	-10.9730	 +7.3861	 -0.3470	 +2.0176	 -1.0292
 +2.7117	 +9.5499	-26.1376	 -1.8067	 +3.9747	 -0.5131
 -4.3350	 +0.8562	 -7.2308	 -1.0149	 -3.4875	 +3.5306
 -3.6608	 +3.9661	 +4.5185	 -4.4748	 +0.0531	 +3.2614
 +0.3494	 +1.1500	 +3.0024	 +4.1145	 +3.9118	 -1.8180
 -4.3366	-20.7586	 -8.0770	 +0.6485	 +0.4636	 +3.2315
 -5.8174	-11.7580	-14.8491	 +3.3781	 -0.4921	 +1.6017
 -4.2488	 +3.5227	 +0.2769	 -0.2710	 -1.3239	 -0.1707
 -4.3330	 -8.1291	 +5.7950	 -0.1931	 +1.7910	 -3.8093
+16.6176	+12.4659	-14.2980	 -0.7768	 -1.4473	 -2.1622
 -3.6977	 -5.5594	 -4.0275	 +3.6258	 +1.4495	 +1.2220
 +0.0689	 +6.2440	 +2.4597	 -3.3480	 +3.4920	 -1.7918
 -2.6261	 +5.1410	 +0.7104	 -0.6218	 +1.9718	 -3.0776
 -5.6841	+10.3298	-25.6429	 -3.5492	 -2.0382	 +0.6133
 -5.3393	 -1.6812	 +0.4568	 +1.2314	 +2.8319	 -2.0022
+22.0493	 +9.0365	 +4.2998	 +2.8903	 +0.9396	 +0.5643
 +3.1560	 +7.1827	 +1.1843	 +0.0293	 -2.3294	 +3.5712
 +2.6704	 -3.6007	 +3.7829	 -2.1598	 -4.6431	 -0.9605
-14.5553	+19.7053	+11.4653	 +0.2020	 +0.4835	 -0.1119
 -1.3871	 -2.4927	 -3.3384	 +0.5573	 -0.2564	 +1.3895
-16.6590	 +7.4341	 +2.9402	 -0.5930	 +0.7768	 -4.1711
 -4.1576	 +3.6038	 -3.1744	 +1.7468	 -3.4111	 -1.0113
 -5.5266	 -0.9414	-10.2681	 -1.7032	 +1.1060	 +0.6859
 +5.2648	 +4.9339	 -9.9900	 +0.2046	 +0.0161	 -1.3435
+22.3721	 +9.0357	 -0.8084	 -0.4715	 -3.4216	 -0.2263
-84.0250	+43.0096	+25.2161	 +0.1581	 +0.0816	 +0.5980
 -6.5087	 +2.1043	 +7.2500	 +4.1311	 +3.8446	 +1.2020
 -6.5836	 +0.4906	 -3.0436	 +1.7451	 +2.6526	 -1.7977
 -6.2048	 +7.8782	 -2.9579	 -3.2043	 +0.9012	 +2.5726
 -7.0749	 -4.6922	 +1.5869	 +2.7097	 -0.2740	 +1.3670
-19.5529	+10.0720	 +3.4380	 +0.7747	 -1.8302	 -2.2121
 -7.5732	+15.0093	-32.4769	 +0.8933	 +1.5870	 -1.7369
-16.5599	-20.4299	 -0.7037	 +0.4805	 -1.1078	 +2.9649
 -0.9158	 +5.9061	 -0.7463	 +1.2888	 +3.0079	 +3.5552
 +2.1895	+13.0330	-11.5731	 +0.5735	 +0.0615	 -2.6509
 +0.1325	 +1.0770	 -8.2752	 +1.1094	 +0.4206	 +1.6532
 +2.0690	 -1.8228	 -3.9888	 -4.3927	 +0.5883	 -0.6453
-10.1262	 -2.1755	-16.0958	 -2.7252	 +1.3483	 -0.8459
 -3.2712	 +4.9649	 -5.4962	 +3.9808	 +3.3318	 -3.3317
 +3.0748	 +1.6428	 +4.6174	 -1.2083	 -0.1526	 -1.0851
+29.1823	+19.0078	 +8.3611	 -1.6306	 -1.9834	 +1.7518
+11.5052	 +0.3116	-17.5245	 +2.5539	 -3.1217	 +0.2157
 -6.7032	 -5.8270	 +2.5045	 -0.0462	 -2.3511	 -3.9886
 -0.8529	 -2.5543	 -2.2367	 +3.7394	 -4.6711	 -2.8433
+23.2189	 +1.2653	 +0.7067	 +0.4494	 -0.5298	 -0.4074
 +2.1307	 +1.0912	 +7.9325	 +3.6546	 -1.5139	 -3.2084
 +4.3485	-15.2615	 -4.1301	 -1.9377	 -0.8966	 -0.8243
 +4.2779	-16.0966	 +3.1699	 -2.4616	 -2.3002	 -0.8662
 -0.0328	 +6.6746	 -1.8955	 -0.4000	 +1.2180	 -4.3054
+13.4609	 -5.6582	 -2.0978	 -0.0647	 +2.5771	 -1.8265
+19.4017	 +1.6118	 -8.9054	 +0.0834	 -3.8104	 +0.6852
-35.0469	-18.0857	+13.2686	 -0.1074	 +0.2269	 -3.1157
 +1.0269	 -8.7351	+13.3271	 +1.7892	 -0.0313	 +0.6229
 +2.8558	+10.8352	+12.0116	 +1.0757	 -1.3188	 -3.4209
 -7.3586	 -5.4809	 -5.4655	 +2.6526	 +5.2339	 -2.3380
 +8.8649	-10.0580	 +3.0902	 +2.7702	 +2.4398	 +1.6088
-12.7781	 -6.6962	 -8.1140	 -1.5883	 -1.4531	 +1.3096
-40.8310	+26.4280	+37.5664	 -0.0186	 +0.5278	 +0.2520
+11.4920	 +1.7388	 +4.3091	 +4.5520	 -0.6272	 -0.9284
 +0.1698	 -2.2578	 -1.9699	 -2.8587	 -2.5232	 +3.4416
 +1.8575	+11.8694	 -3.7540	 -1.9092	 +2.2844	 +3.4923
 -5.8722	 +2.8072	 +6.1216	 -1.8573	 -2.2071	 +3.1486
 -4.5560	 +5.0480	 +0.5736	 +0.4321	 +5.0628	 +4.6809
+42.9800	 +5.2067	-16.3618	 -0.8162	 -0.7467	 +0.3221
 +1.0381	 +0.8177	 -0.2174	 +0.7957	 +4.3423	 -1.2410
 +8.4234	 +5.2785	 +7.5334	 -1.1634	 +2.0557	 +2.2546
 +6.0508	 +9.9284	 +4.8277	 -0.8749	 -3.9638	 +1.7826
 -2.3683	-16.2072	-32.9985	 +1.0330	 -0.6655	 +1.1363
 -5.2254	 +2.5690	 -9.3867	 -0.3818	 +2.5361	 -0.7335
 +3.7792	 +0.1526	 +4.3164	 -0.6946	 -1.3363	 -4.1933
-101.2940	-32.3966	+84.0587	 +1.4091	 +0.1723	 -1.2443
 +0.9524	 +5.8159	-10.5160	 +3.4612	 -3.2754	 -2.0435
+11.3180	-34.1390	+11.9196	 -1.0514	 +1.9633	 +3.5233
 +3.9724	-25.5184	 -5.2674	 +0.9309	 -0.5547	 -2.2369
 -2.0520	 +0.4749	 -1.5922	 -2.8368	 -0.6564	 -4.1829
 -3.6833	 -8.6565	 -5.3942	 +1.7664	 -2.8987	 -2.6078
 +7.4426	 +3.8387	 -9.9398	 +2.6610	 -3.0622	 -0.4441
 +7.9173	-10.8653	 +0.2537	 +0.3802	 +2.0033	 +0.7087
 -3.8669	 -4.6101	-10.9943	 -1.7508	 +2.3788	 -2.1022
-12.0210	 -9.1224	 +6.7946	 -1.9736	 +0.6088	 +0.1276
+11.8306	-23.1480	 -7.2786	 -0.4593	 +1.6014	 -1.0922
 -3.0505	 -0.6200	 +2.1274	 +2.9588	 -0.3593	 -1.9532
-21.2435	 -6.6756	 +4.1145	 -0.9945	 -0.2260	 -0.0709
 -1.6342	 -3.5869	 +5.2252	 -0.1713	 -4.2997	 +2.4811
 -0.7502	 -0.0728	 +2.5389	 -3.8270	 -4.7657	 -5.2083
 +2.6534	 -3.2407	 -1.9250	 -3.4414	 +0.0843	 +0.6268
-12.7665	-14.5483	 -9.5642	 -0.9287	 -1.4727	 -3.3057
-63.7133	+22.5146	+50.0123	 +1.2539	 -0.8489	 -0.8594
-57.5138	-31.5584	+18.1821	 +1.3467	 +1.0576	 -0.5675
 -8.0874	 -6.2999	+11.6758	 +1.2429	 +2.5072	 +1.7713
 -2.6146	 +1.3023	 -1.6957	 +0.1311	 -2.7175	 +2.4048
-77.1833	-125.2389	+119.2955	 +0.6685	 +0.0617	 -0.0899
 -8.5923	 +3.0205	 +0.1677	 -2.9214	 -5.1164	 -0.3467
-11.3401	 +9.9829	-12.0875	 -1.3197	 -1.9870	 -2.2673
 +0.9329	 +0.6717	 -4.0775	 +0.1343	 -3.7634	 +1.3760
-45.3596	-26.3783	-14.9186	 +1.9423	 -0.5294	 -1.1406
-11.9019	 +4.7652	-10.6755	 -1.1785	 -0.4983	 +0.4832
 +5.0356	 +4.5409	-18.4086	 -1.0664	 -1.6918	 +0.8531
 +9.0697	-29.9953	+37.1390	 +1.3425	 +2.2413	 +1.5183
-13.4027	 +3.4565	 -0.9353	 -0.6357	 +0.2578	 -2.4953
 -2.3764	 -7.1554	 +8.5201	 -1.9505	 +1.6256	 +0.6692
 +3.4520	+12.8953	-20.0132	 -0.1071	 -2.6535	 +2.0788
 -4.6458	 -0.2640	+18.3680	 +2.5641	 -2.9424	 +0.6241
-19.0585	+12.4592	+23.9365	 -1.5967	 -0.4919	 +1.3086
+12.5941	 +7.5443	 +3.9088	 -0.3749	 -3.5316	 +2.1928
+11.6121	 -3.2664	-11.5878	 -0.6394	 -0.4697	 +0.9487
 -7.9957	 +5.1097	 -0.7754	 +4.8348	 +2.0565	 +0.8859
 -4.2881	 +2.5161	-15.8366	 +2.4991	 -2.1936	 +1.3645
-11.4258	-16.0043	-23.1462	 -0.0506	 +0.0160	 +0.6756
 -3.3173	-11.4980	 -7.5854	 +2.1635	 +2.5832	 -1.4637
-12.1406	 -9.5346	+20.9406	 -1.3960	 +0.2960	 -0.2819
 -9.9258	 +2.8471	-11.2979	 -0.8486	 -3.3534	 -0.9998
 -4.8267	 +3.2635	 -5.3838	 +5.6589	 +0.8443	 +1.2465
-36.4728	+14.7469	+11.3254	 +0.3135	 +0.5586	 -1.6889
 -2.2917	 -8.0391	 -5.4574	 -1.3054	 +1.1137	 +2.5792
 -5.9564	 -9.9574	+15.0505	 +1.0550	 +0.9533	 +1.7765
 +9.2360	+10.5253	 -2.0470	 +0.6415	 -0.0090	 +3.4277
 -0.0461	 +2.6974	 +3.7339	 -5.2182	 -1.2140	 -2.1356
-30.1227	+37.2838	-75.1557	 +0.4467	 -1.4162	 +0.7007
+10.1882	+23.3688	 -6.1593	 -1.7323	 +1.8546	 +1.3989
-14.3002	+76.3165	-51.9903	 -2.1158	 -0.6537	 +0.1823
-18.2623	 -6.0972	 -2.5092	 +0.5828	 -1.3061	 +0.4143
-14.4169	-17.9947	 -5.9962	 +1.4955	 -0.4145	 +2.2503
 +1.1122	+15.1509	 -3.1128	 -0.6333	 +3.7386	 +1.8372
 -6.5852	 +0.4024	+10.3055	 +3.4795	 +1.7046	 -2.2180
-19.2287	 -5.0741	 +7.2654	 +1.1823	 -0.8956	 +2.5078
 +3.3138	 -0.6539	 +3.2622	 +1.2791	 -3.8137	 -4.6334
 +0.7829	 -5.0199	-10.4459	 +2.4632	 +0.3583	 -0.7193
 +4.8411	 -4.2773	 +3.1064	 -0.2751	 +0.2694	 +1.0189
 +0.8013	 +8.5731	 +0.4487	 -1.9477	 -1.4275	 -5.5984
-15.0807	 +3.3063	 -1.7841	 +1.1258	 +3.2557	 -2.0924
 -0.4615	 +4.6852	 -7.9857	 -4.5891	 +1.7353	 +2.7324
 +8.0947	 +7.7347	 +0.3589	 -3.9281	 -0.2794	 +3.4812
 +7.6402	-24.9275	 -5.4875	 -3.0207	 -0.0480	 +1.9534
 -7.2541	 -0.2450	 -1.8600	 -0.9854	 -1.0545	 +5.5842
 -8.4875	 -0.4918	 +9.2346	 +1.1525	 +1.8105	 +2.5705
+10.0758	+13.2511	 +0.8707	 -1.3938	 +2.2719	 -0.7084
 -2.4610	+10.8933	 +6.9394	 +2.8152	 +2.7702	 -0.0218
-143.3767	-178.3470	+114.1137	 +0.3735	 +0.8841	 +0.0886
 +4.1842	 -5.4846	 -2.6551	 -0.4408	 +5.1171	 -3.1718
-17.4668	+45.4463	+45.9713	 -0.3117	 -2.2146	 -0.2766
 +3.8891	 -0.5437	-10.3073	 -2.3213	 -2.4459	 +3.3108
 +7.2181	+74.6971	-82.9130	 +0.0780	 -0.0085	 +0.3465
 +0.2379	 -4.8634	-10.3796	 -1.1695	 -5.7575	 +0.0648
 -6.1698	 -3.5918	 +7.7621	 -2.0395	 +1.8501	 -1.1613
-12.9222	+25.7807	-25.3985	 +1.5906	 -0.0308	 -0.0704
-15.4205	-13.7217	 +1.4493	 +1.3540	 +3.4960	 +0.5091
 -6.3126	-14.1731	 +0.3461	 -4.4390	 +0.4597	 -1.4584
 -4.6551	+10.5747	 -1.6697	 -2.7488	 +0.1416	 +1.0611
 -2.0590	 -9.2613	 +0.3311	 +0.1134	 -3.1390	 +3.1348
-11.4902	 -2.3235	 -4.8883	 -0.5853	 +0.2875	 +1.9797
 -1.7794	 -0.5472	 +2.2925	 +2.9263	 -3.3792	 -1.6738
-12.7824	+12.2683	 -0.4778	 -3.6767	 +0.0259	 -0.8603
 -4.9863	 +5.6862	 +3.1741	 -3.9539	 +4.2885	 +0.5986
-21.8324	+25.2095	 +2.0874	 +0.5173	 -1.5352	 -0.0999
 -0.4399	 -1.3604	-23.2386	 +0.6129	 +0.6476	 -3.1421
+14.5746	 +6.1900	+10.0889	 +1.0228	 +2.0576	 -1.3227
 -4.4033	 +4.1660	-22.1827	 +1.1156	 +2.8881	 -0.4706
 +3.8833	 +5.0985	-12.2395	 -0.6350	 -2.5506	 +1.5002
 -9.2473	 -7.4332	 -1.7514	 -5.3398	 -0.8143	 +3.5171
 +3.2664	 -2.5329	 +2.3662	 +4.4917	 +1.2693	 -0.4454
 +9.3925	 +3.5154	 +9.5093	 +1.9470	 -1.8626	 +1.9588
 -1.0966	 +4.5899	 -1.2819	 -1.9497	 -4.5651	 -0.5518
 +5.8839	 -5.1015	 +9.2186	 +0.3131	 +2.4065	 +2.0030
 -5.7677	-22.5678	+12.3844	 +0.9639	 -0.2026	 +0.0096
+10.7744	 +2.0520	 +0.7166	 -2.7004	 +2.8082	 +0.3181
 -1.8225	 +1.3808	 +2.5472	 +1.6692	 -4.9127	 +1.9570
-17.8670	 +3.2843	 -0.8863	 +2.6725	 -0.7238	 +1.7439
 -3.1832	 +3.1632	 -0.9485	 -5.4394	 +4.1236	 -1.3868
 +2.1142	+15.1586	 +5.9125	 -1.3926	 +1.5596	 +1.0420
-17.0475	 +0.4742	 -4.6688	 -0.3380	 -2.6349	 +1.9313
 +6.0870	 +8.4761	 +7.9472	 -1.9764	 +0.8531	 +0.4375
 +1.7593	+13.8379	 +4.4507	 -1.0747	 +0.6260	 +1.7810
 +7.5367	+26.0379	+34.1304	 +0.5811	 +0.2236	 -1.4475
-12.9165	 -2.2770	 +1.9000	 +0.5289	 -1.3765	 +0.7045
 +1.7887	+19.7492	-11.3109	 -2.7841	 -1.9714	 +0.9046
+22.4207	-12.8546	 +8.7109	 +3.1438	 +0.4463	 -1.9600
 -6.7797	 +3.6124	 -4.2666	 +0.3080	 +1.6477	 +3.9105
 -5.8778	 -3.3205	 -5.2799	 -1.9613	 -2.2274	 -3.7325
 +5.5638	 +5.1497	 -5.9963	 +2.6508	 +2.0692	 -3.6264
-13.1931	 +1.5080	 -5.1866	 -2.2573	 -0.0321	 +0.0872
-18.7185	+10.2087	-24.7125	 +0.0023	 -1.1411	 +2.0940
 +5.1279	 -3.8763	-15.0279	 +0.1672	 -2.8457	 -1.3819
+21.9411	 -2.8149	-16.0332	 -0.8927	 -0.7739	 +2.2145
 +2.7253	 -2.9896	 -6.8714	 -0.6059	 -1.7015	 -3.1012
 +0.6571	 -4.0454	 -4.1057	 -0.2857	 -1.2116	 +1.0893
+11.8880	+14.8824	-14.1593	 -0.0736	 -1.0224	 -0.0605
-15.3917	+38.4606	-11.3154	 +1.7237	 +1.5096	 +0.0022
 -4.8393	 +3.1160	 +0.2863	 +0.7930	 +0.9162	 -3.6468
 -9.5750	 -6.2354	-18.4958	 +1.4285	 -0.9740	 -2.6701
-12.9315	 -0.0089	+11.3459	 -1.4931	 -4.3682	 -1.0212
+18.0732	-10.4071	 -8.8997	 -0.6310	 -0.2680	 +0.6250
 +4.7835	-20.5847	 -2.5075	 -2.1682	 -1.9903	 +0.4436
 +0.7073	 -2.8220	 +4.1548	 -1.5812	 -0.1926	 -3.0767
 +2.6700	 +7.2459	+16.8856	 -1.3923	 -0.4017	 +2.0592
 -5.7312	 +4.0763	-24.7082	 +0.5702	 +1.9956	 +0.8794
-14.5046	+16.8629	 +1.8112	 -1.1172	 -3.1997	 +1.1740
 +6.7356	 -5.5239	-19.2455	 +0.6160	 +0.8480	 +1.0240
 -8.7086	 -3.6178	 -1.2391	 +1.7876	 -1.5439	 +0.6854
+15.1005	 +6.1160	+40.7544	 -0.6136	 -0.5435	 +0.4296
 -9.4323	 -2.7524	 -0.4663	 +1.1346	 +0.0905	 -2.1004
 +5.8129	 +4.5722	 +7.5424	 -1.9892	 +2.4242	 -0.3303
-10.1439	+18.5444	 -0.5369	 +2.8967	 -1.1554	 +1.6568
-13.5711	 +3.7097	 +3.2132	 -1.3007	 +1.2962	 +0.0465
-12.9110	 +4.0950	-15.5427	 +0.1927	 -2.2726	 -1.5765
-11.4858	 +8.6568	 +7.5752	 -3.4499	 -1.0463	 -0.9538
 +0.2204	 +3.7769	 -2.9759	 +0.0624	 -0.3639	 +4.3462
-61.5541	-17.9451	-25.7176	 -0.4577	 +0.1860	 -0.0428
 -4.8989	 -2.9641	 +6.6162	 -0.4822	 -3.3894	 +1.3008
 +4.5107	 -2.1871	 +6.1835	 -1.8666	 +0.3871	 +0.2271
+10.6749	 -5.6437	 -3.0158	 -1.2798	 -0.5038	 +1.5411
