# Num Particles: 1000
# Num Cores: 1
# Total Energy: -2.310127e+04
# Iterations: 991 of 1000
# Current Time: 2018-05-06 09:15:45.911387
# Elapsed Time: 16:01:50.150870
# Avg. Step Time: 0:00:58.234259
# 
# x	y	z	vx	vy	vz
# 
 -2.3059	 -2.7209	 -2.4570	 -3.6102	 -1.6929	 -0.6697
 -7.2475	+19.7056	 +4.6511	 -2.2581	 +2.3522	 +0.4004
 -0.0623	 +2.2649	 -9.1949	 +3.3268	 +3.1957	 -0.4555
-33.7772	 +9.2223	 +9.0721	 +0.1427	 -2.4181	 +0.7577
 +2.7886	 +3.8711	 +0.7143	 -3.0621	 +5.6205	 +0.4774
 -5.3317	 -1.9490	+10.5701	 -3.2093	 -1.2848	 +0.7464
 -6.3994	 +3.5040	 -1.2984	 +0.3532	 +4.5118	 +3.4381
-11.9680	-12.4346	 +5.7504	 +0.4297	 -0.9185	 +0.7421
 -1.5174	 -6.0517	 -6.8756	 +3.4491	 +6.2440	 +2.3866
-29.5275	 +5.9141	 +3.6021	 -0.0396	 -2.6536	 -0.1891
 +6.7175	 +5.6360	 -2.8123	 +2.9131	 -3.8373	 -4.3104
 -0.9353	 -5.0520	 +3.1953	 -2.5726	 +0.6944	 +1.0084
-12.4805	 +3.9056	 -0.1978	 +1.7648	 -2.1521	 +3.1187
 +6.8770	+16.8559	-29.0656	 -2.6324	 -0.1071	 +0.8915
 -7.2175	 -0.2349	 +0.8082	 +0.7102	 -2.0297	 -0.1420
 -8.7482	 -3.9902	 -2.7119	 -2.8907	 +2.9738	 +2.6090
 +8.4948	 -5.2450	+11.0037	 +1.5549	 +2.8777	 -1.3446
 -2.8380	 +1.4691	 +1.6285	 +3.9293	 -1.9517	 +4.6352
 -9.6300	+10.7590	 -9.1245	 -0.9372	 +2.4780	 +0.6124
+91.5329	-36.1793	+79.7643	 -1.5439	 -0.7803	 +0.0589
 +4.9744	+10.7715	 +6.6294	 -1.9314	 -0.9586	 +1.0870
 -0.6576	 +3.6743	 +3.3700	 -1.2611	 +3.5064	 -3.3057
 -7.6206	 -7.6328	 +2.8713	 +2.0963	 -0.8012	 -2.7870
 -1.3516	 +1.8472	 -2.0005	 +2.4567	 -2.5713	 -5.0110
-12.1967	 -7.0403	 +3.4540	 -0.6944	 -0.3329	 +0.1508
-48.2237	+37.4235	-11.4870	 -0.8870	 +1.4356	 -1.1685
 +0.7320	 +5.0873	 +1.6869	 +0.6687	 +3.4946	 -0.0577
-18.9166	+10.3229	-11.5548	 +0.5541	 +1.4851	 -2.3689
 +1.9260	-15.6004	-11.7001	 -3.9078	 -1.3621	 -0.3214
+14.8607	+19.7668	 +7.7571	 +1.0550	 +3.0963	 +1.4441
+25.9777	 -3.0156	-11.3482	 +1.0716	 +1.1899	 +0.8588
-58.7315	+25.6174	+16.0349	 +0.2646	 +1.6629	 +1.6093
 -6.9822	 +6.3876	+19.0368	 +2.0490	 +1.1975	 +0.9547
 +1.3940	+16.4763	-11.0537	 +1.2469	 +0.3602	 +0.1444
 -0.4996	 -3.5938	 +6.2945	 +1.4554	 +1.3581	 -5.8048
 -1.9522	 -1.4553	 -4.5001	 +3.5133	 +0.7386	 +2.6162
 -1.1641	 +8.2624	 -3.8027	 +2.5188	 +2.3853	 -1.8564
 +1.4202	 -3.8389	-13.2956	 -3.5382	 +2.2680	 -0.0208
 -3.5811	 -6.8904	 +0.1919	 +1.8665	 -4.8269	 +1.1533
 -4.5596	 -4.0075	 -6.5580	 +0.2745	 -4.6834	 +0.3357
+22.2748	-33.1245	 +7.2736	 +0.1419	 -1.2428	 -0.7122
 +3.7432	 -8.9320	 +7.9784	 +0.2273	 +1.0138	 -0.7194
 +4.4750	 -1.7435	 +5.1882	 +0.7022	 -4.2518	 -1.0608
 +3.9997	 +4.4639	 +0.3149	 -1.9363	 +0.8836	 +1.8940
+10.5186	 +3.5453	 +0.1004	 -0.8271	 -4.2388	 +3.3886
 +1.1492	 +0.9143	 -5.6046	 +3.3049	 +1.4834	 -2.0952
 +6.3468	 +5.3684	 +6.8976	 -1.7040	 -3.8081	 +1.2220
+21.4487	-13.3358	-12.0589	 -3.0067	 -0.1128	 -1.0741
 -7.6677	 -2.7558	 -0.9010	 +1.9633	 +1.2404	 +1.0376
 +4.4488	 -2.4416	 +3.4321	 -3.4257	 -3.0576	 -1.4218
-21.7091	-51.4414	-21.2814	 +1.4736	 +0.9993	 +1.9607
 -0.6398	 +1.8347	 +4.0522	 -0.3081	 -2.3716	 +1.8518
 -1.2521	+17.3729	+25.4709	 -2.5630	 +2.2497	 +0.0410
 -2.5263	-20.4602	 -6.6048	 -2.3802	 +0.1033	 -2.1663
 +9.0793	+16.5341	+65.8374	 +0.3401	 +2.1224	 +0.8526
-24.8027	 +0.7510	 -3.7270	 +2.6640	 +0.9286	 +0.2968
 -7.6530	 +0.7384	 -3.9289	 -7.0514	 -1.0184	 +1.1403
 +4.4816	 -2.4610	 -0.0542	 -2.1072	 +2.9626	 +3.3479
 -0.2839	+14.0168	 -1.6715	 -1.2635	 -2.0753	 -1.9278
-18.9655	+11.7189	 -3.5368	 +1.1069	 +3.9844	 -2.2103
-27.5062	 +6.2899	-12.9289	 +1.0730	 +0.0673	 -2.0250
 -4.6788	+30.7207	-18.2151	 +0.7698	 +1.5174	 +1.3916
 -4.7661	 +6.7847	 +1.3426	 -0.1925	 -4.0780	 -0.2868
 +2.8571	 +9.0362	 +4.8748	 -0.6163	 +1.3935	 -3.5312
 +0.8601	 +0.6998	 -9.3202	 -0.4551	 -0.3277	 +0.4623
 -0.5212	 -1.0689	 +0.9311	 +4.3242	 +4.2915	 +2.2952
 -3.6656	 +1.1276	-10.4247	 -3.1617	 -2.2451	 -4.7765
-31.7515	-26.4468	+22.7153	 -1.1973	 -0.9020	 -1.1648
 +0.9229	+14.1132	 +9.8441	 +0.0995	 +3.3402	 +0.7476
 +3.0838	-13.6171	 -3.1687	 -0.7815	 +1.2101	 -2.4564
 +3.7504	 -0.0306	 +0.1573	 -0.7684	 -2.5573	 -2.0326
+10.2944	+17.1127	 +0.4347	 +0.2608	 +1.2917	 -0.8268
 +4.5217	 -2.9978	 +5.1511	 -2.8135	 +0.8718	 +0.3862
 +2.8507	+15.0645	-105.8162	 +1.9383	 -0.0503	 -1.0295
+12.7150	 -3.3864	 -4.0206	 -3.9564	 +3.7676	 +1.7764
 -0.0515	-20.8381	 +9.7301	 +3.2057	 -0.5985	 +1.5174
 -3.5561	 -7.6825	 -0.6241	 -2.2944	 +1.0734	 -1.6958
 -7.7292	 -0.1404	-15.6286	 +2.4349	 +3.7817	 -1.7508
 +0.7461	-12.2446	 +1.2486	 -2.1171	 +0.6991	 -2.3725
+28.1060	 +5.8040	 -3.7591	 -1.2092	 +2.2153	 +0.3719
 -0.2676	 +0.9492	 -5.5452	 -1.5750	 +1.8941	 +2.1125
 -5.0743	 +0.1015	 -1.7687	 -0.1809	 -6.6163	 +2.3492
 -2.0249	 +0.6704	 -5.3902	 -0.5115	 +0.2487	 -4.7779
-16.6237	+15.2000	+40.5640	 -0.2487	 -1.4952	 +1.7824
+20.7468	+18.2880	+20.5303	 -0.5124	 +0.4933	 +1.0404
 -3.4724	-12.7962	-16.5269	 +2.0910	 -0.3080	 -2.0496
 +8.0863	 +3.6631	 -4.2665	 +2.7413	 -0.7888	 +3.8049
 -6.2956	+22.0536	 +4.5405	 -0.2275	 -1.8188	 -1.5626
+11.9534	-20.0088	 -7.3459	 +0.9887	 +2.9865	 -1.6731
 -5.5453	+13.4783	 -3.8087	 +0.9344	 -0.7700	 +0.6079
 +6.5318	 +0.8515	 +0.7761	 -0.3968	 -2.9150	 -3.4450
 -0.8451	 +0.3360	 -0.8359	 +0.5850	 -1.0730	 +1.6458
-19.5084	-31.8329	-47.8139	 -0.4324	 -0.2753	 +0.4996
-22.1595	-10.2512	+16.6904	 -0.6824	 -0.7253	 +0.3989
 -7.9118	-10.3608	 +0.7546	 +0.7550	 +1.4174	 +0.1665
 -7.7605	 +9.8277	-11.9705	 -2.7462	 -0.3714	 +2.1899
 -8.1395	+17.7033	 +5.8978	 +0.7697	 -3.7612	 +2.5899
 -7.6447	 -1.3725	 -1.8120	 +2.6496	 +0.8675	 -5.9878
+12.3350	-11.0834	 -4.1720	 +2.3101	 +0.2435	 +1.0358
+13.9574	 +8.8755	 -0.1286	 +0.2350	 +1.3644	 +4.8284
-20.7402	 -8.6975	 +1.7748	 -0.5585	 +2.3426	 +0.3652
+11.5966	 +1.6317	+10.3753	 +0.1195	 -0.0806	 +1.4680
 -1.5210	 -3.5107	 +6.1390	 -2.2658	 -0.3780	 +0.1925
 +1.4131	 +7.4477	 +9.6243	 -0.9047	 -2.7454	 +1.9819
 -0.3737	 +1.3447	 -5.4477	 +0.0946	 -0.9436	 +0.4317
+11.0799	 +7.0531	-10.3729	 -1.8712	 -1.1327	 -1.9050
+12.5718	 -4.6441	 -2.4275	 +0.9472	 +3.9495	 -4.1954
+12.8597	+10.9293	 -3.8401	 +1.4717	 -0.5856	 +0.0138
+27.1479	+22.8578	 +9.3081	 -0.8768	 +0.6235	 -1.4148
 -4.6834	 -1.0096	 +4.6403	 -3.1538	 +0.6818	 +4.2787
 +5.0236	 -2.6524	 -0.3477	 -3.7157	 -3.6331	 +1.2002
+472.0214	+394.1361	-224.4123	 -0.2853	 +0.6683	 +0.3178
-139.8390	+109.7380	+203.8586	 -0.0815	 +1.1144	 +0.3979
+29.5038	 -9.9927	 +2.1803	 +0.2888	 -0.1771	 -1.4907
 -8.2529	 -3.9545	 -5.8342	 +1.4358	 +1.9491	 -5.3669
 -4.0127	 -9.1927	 -7.3869	 +0.3582	 -3.6494	 +3.2687
 -6.9411	 -7.2083	 -5.1060	 -2.2570	 +3.6256	 +2.2545
-57.3086	-13.3879	-16.8202	 +2.1818	 +0.3837	 -0.5993
 -1.5787	 +0.0964	 -1.0547	 -3.9738	 -0.0107	 -1.2109
+47.9734	-27.4757	-39.2863	 -0.0635	 -0.3984	 +0.7439
 +8.1252	 -5.3957	 +7.6908	 +0.7975	 +0.8670	 +4.3754
 +3.9503	 -7.9507	 -3.8981	 +0.3120	 +0.1926	 +0.8484
 -3.0464	 +0.1387	 -1.9544	 -0.7162	 -4.1774	 +1.6596
 -4.3347	 +9.4297	 -3.1872	 +4.4883	 -0.2774	 -0.5479
 -3.6442	 -1.8036	 -4.4669	 +0.1927	 -0.2446	 +3.7270
 +0.2385	 -4.8244	 -4.2256	 +1.0353	 -0.7903	 +4.7135
+10.6074	 -1.4526	 +5.9902	 -0.4832	 -0.3651	 +3.9298
 +8.5575	 +0.2525	 -5.0825	 -0.7591	 -0.0259	 +0.0828
 +4.4997	 -4.7806	 -0.8539	 -0.0462	 -1.6758	 -3.3147
 -7.5418	+12.1314	 +5.4217	 +1.2320	 +1.6538	 +2.8093
+14.5180	+21.3381	-174.5553	 +0.0563	 -1.1808	 -1.1738
 -7.8054	 +1.5802	 -8.0629	 -3.3928	 -3.0815	 +1.8025
 -7.5839	 -2.8717	 +5.9066	 +2.5511	 -2.7825	 -0.6351
 +5.3392	 +3.8019	 -4.4414	 +3.5682	 -1.1925	 +0.5405
 -1.1637	 +6.7108	 -2.3431	 -1.0574	 -1.1636	 -1.0211
-17.6648	 +8.9503	-21.2319	 +0.8283	 -2.3261	 +2.6916
+11.7347	+15.9615	 +2.7269	 -2.1446	 +1.6577	 +1.6603
 +3.8052	-31.8394	+18.7113	 -2.1011	 -0.6651	 -0.4408
 -4.2579	 +5.1729	 -3.7623	 -2.0972	 +1.3164	 +3.7750
-12.9186	+15.2293	 +8.5560	 -0.8025	 +2.5920	 +0.3836
 -5.0521	 +1.5126	-11.6488	 -1.9302	 -1.5584	 -0.3445
-20.0228	 +4.0359	 -1.1843	 -0.4700	 +2.3107	 -3.0374
 +0.1893	 -1.1343	 -2.1725	 +1.4312	 +1.2396	 +3.6441
 -8.3823	+23.1874	-30.8009	 +2.9436	 +1.4286	 +1.5870
+59.5026	-12.1558	+17.4973	 -0.2992	 -1.8626	 -0.4995
 +3.2065	 +0.1200	+11.9712	 +1.3132	 +0.6010	 +1.7893
-39.6951	-60.1502	+53.7520	 -1.1056	 +1.3335	 +0.6972
 -4.5264	 -9.2328	 +1.8196	 +1.5095	 -2.8956	 -0.9572
 +1.7170	 -6.3014	-21.1643	 -3.5704	 -1.2511	 +0.5595
 +9.9141	 +8.8178	 -1.4629	 -2.6680	 -1.2355	 +0.6227
 -5.6910	 +1.2320	-19.9299	 -1.0806	 -1.8205	 -0.3108
 +5.3299	+12.2065	 -7.1736	 -2.7817	 -0.2148	 +0.8093
-13.1266	 +9.1499	 -0.4986	 +2.5385	 -1.1104	 -0.3901
 +4.7286	 -9.3440	 +6.1273	 -1.1338	 +1.1206	 +0.6055
 -8.2795	 +2.6756	 +0.6594	 -0.5448	 +5.0859	 +0.2343
 +9.0165	 -3.1203	 +9.5569	 +2.7350	 -2.0455	 -0.2333
+15.7182	 -4.7020	-11.5162	 -0.6523	 -1.3953	 +2.8187
-18.1181	+10.2727	+21.1831	 -2.2714	 +0.2539	 -2.4384
 +6.8539	 -6.8965	 +8.1072	 -0.7355	 +1.2806	 -2.1140
 -5.6171	 +1.6369	 -1.7868	 +0.6767	 +0.1438	 -0.2896
 +0.3153	 -6.3848	 -2.8101	 +3.5385	 +0.2445	 -3.2516
+21.9614	 +4.4847	-18.8556	 +1.9598	 +1.6631	 -2.1141
 +0.3700	 -1.7310	 -1.9187	 +3.2898	 +1.6600	 -0.3607
 -9.7844	-10.5722	 -3.7738	 -0.1219	 -3.4322	 -0.3313
 +8.0920	 +9.3449	 +0.7372	 -2.0950	 +0.4642	 -2.6033
-10.8252	 +2.9091	 -6.9128	 +3.5851	 +0.7143	 -2.0394
 -1.5431	 -4.0968	 +3.3530	 +0.0993	 -2.8749	 +1.3747
 +9.6952	 -2.9284	+12.7583	 +3.2388	 +2.9840	 +0.3393
 +4.2150	 -1.8841	 -4.3440	 -1.6340	 +1.0566	 -1.6481
 -7.0678	 +3.4351	 +5.7060	 -3.5186	 +2.1410	 -0.8887
 +1.4006	 -4.7658	 -5.6254	 +2.1705	 +1.2729	 +5.8068
 +0.6785	 -1.0127	 -0.3886	 -0.8110	 +0.3595	 +3.4718
 -1.3477	 -2.0939	-12.4263	 +0.7265	 -0.1100	 +4.3464
+16.0500	-13.2588	+13.7300	 -2.5699	 +0.7143	 -2.2118
+15.9078	 -7.2946	-29.9349	 +1.4295	 -1.6808	 -2.0272
+32.2718	+33.4339	-25.8199	 -2.7403	 +0.4066	 +0.2924
-12.7154	+11.2182	-14.1896	 +3.1365	 +2.0598	 -0.1003
 +2.0958	+17.2178	 +1.6379	 -1.1823	 +4.2788	 -0.5120
 -4.7055	 +2.3842	 -7.4453	 +0.3848	 -2.6734	 -0.1346
 -3.5300	 +5.9694	 +2.2742	 -0.2931	 -0.4158	 +1.9603
 +3.4579	 -4.1666	 +0.5833	 +3.9384	 +1.3538	 +1.4914
 -2.0133	 -9.0511	 +1.4529	 +2.4365	 -0.5223	 -1.9030
 -4.7075	 -1.9301	 -3.1748	 +3.4321	 -0.2747	 +2.9582
 +3.3531	+22.0068	-26.0001	 -1.6484	 -0.7388	 +0.6044
 -4.0118	+12.1880	-22.6658	 -2.5384	 -0.3063	 -0.1807
 +1.8836	 +2.8050	 +2.1267	 +2.1626	 -1.7127	 +0.5197
 -3.2636	 -8.3057	 -3.6932	 +0.8297	 +2.1982	 -3.0140
 -0.1685	 -3.8321	 -4.3919	 -0.2770	 +1.3066	 -1.4760
-10.5303	 +0.8159	 -9.4845	 +3.6178	 +1.8636	 +1.4822
 -1.2948	 -3.2491	 -1.2070	 -2.7760	 +0.1118	 -2.5778
 -9.7860	-26.8676	+10.8677	 +0.0733	 +0.2286	 -0.3667
 -5.1653	 -2.8400	 -4.1591	 +3.0219	 -1.1803	 -3.5562
-14.0863	+13.2840	-40.7572	 -1.2029	 -1.7263	 -0.1557
 -5.7796	 +3.4187	 -7.0075	 -1.2360	 -3.2905	 -2.6074
 -5.5203	-16.0770	 -9.4089	 -1.2815	 +1.0068	 -0.8634
 +1.8835	 -3.7737	 -1.4632	 +0.7924	 +1.8413	 +1.9236
-14.0668	 +1.3318	 -7.4973	 +1.1119	 -2.9186	 -0.9639
+18.7163	-97.9766	-26.8973	 -1.4143	 +0.5176	 +1.0650
 +5.3137	 -4.4235	 +2.0026	 +0.0507	 -4.0100	 -3.4307
+13.5284	 +8.8397	+15.5452	 +0.1395	 -1.0049	 +2.0033
-14.6947	-14.2049	 +9.6980	 +0.7430	 +3.0227	 +3.0227
 -8.4794	 +3.6701	 -7.0630	 -5.0107	 -3.6296	 +0.8129
 +1.7922	 -3.8743	 -6.5029	 -0.4295	 +4.0284	 -0.8066
 +1.2972	 -2.5404	 -3.2222	 +4.7850	 -2.7727	 -0.2932
+10.5241	 +6.9252	 -8.9297	 -0.3696	 +2.3854	 -3.4141
 -4.6810	 +7.8096	 -0.8336	 -0.9120	 +0.5846	 +0.5422
 -1.8964	 -2.0620	 +1.8930	 -3.8482	 -1.2673	 +0.3060
-25.1009	 -0.1111	+19.1242	 +0.5709	 -2.8818	 +1.9328
-13.8975	+53.4695	-22.9780	 -1.9788	 -0.0744	 +1.6187
 -6.2752	 -1.3780	 -6.9767	 -2.3060	 +0.8957	 -3.1427
 -9.3722	 -3.5815	 +5.2714	 -1.1936	 +2.9179	 +1.8642
 +3.9812	+13.5633	 -3.8464	 +2.4848	 -0.2169	 +1.6159
 -4.8415	-10.7805	 +7.3379	 +2.9308	 -1.9723	 +0.8738
-26.9151	 -2.2842	 -2.0827	 -0.2359	 -0.1217	 +1.0554
 +5.2284	 -5.8783	-17.6561	 -2.9500	 +1.6702	 +2.0629
+121.3856	 +6.3910	-36.8207	 +0.0843	 +0.1392	 +0.7608
 +7.1324	 -6.9512	-30.0986	 -2.2966	 -2.3497	 -0.6243
 -9.7244	 +0.6978	 -1.4022	 +1.4180	 -1.5914	 +1.7971
-15.5468	 +1.8760	-10.5406	 +1.7630	 +1.3761	 -0.7210
 -0.5170	 +0.8653	 -2.1328	 +2.4790	 -4.0446	 -1.2229
+19.5634	-25.6929	-10.1677	 -2.2371	 +1.6508	 -0.1885
 -4.1264	 -4.3647	 -3.9673	 -2.7886	 -3.6796	 -1.6109
 +7.0076	 +4.7745	 +0.0670	 +2.4373	 -0.7549	 +3.7788
 -6.3757	 -2.2510	 +4.7793	 +3.2673	 -1.6847	 +1.9856
 -5.0866	 +0.9096	 +8.6968	 -1.1559	 -0.6778	 +1.5935
 -4.4210	 -2.5709	 +3.6063	 +0.9249	 -0.6806	 +0.7008
 -4.5270	 -0.4089	 +3.5818	 -1.2336	 -2.5273	 -4.5121
 -2.3870	 +0.1481	 -1.0638	 +2.5557	 +2.9920	 +3.1696
 -8.1662	 -0.7074	 -2.3350	 +3.3267	 +1.4604	 +1.4337
+11.1920	 -4.5852	 -4.1731	 -0.1286	 +0.7456	 +1.1988
 -3.6137	 +1.2347	 -1.0210	 -2.3547	 +0.6701	 -1.6828
 -3.2999	 -4.0301	 +0.5590	 -1.2153	 +2.6114	 -0.9670
-12.1971	 -5.2306	 +2.1677	 -1.4674	 -1.1072	 -2.5430
 +9.6809	+10.2191	 -2.6062	 -0.4488	 -2.4405	 -0.6721
 +2.2777	+11.0513	 +4.8028	 +0.8774	 +0.4178	 -3.2002
 +9.0280	 -1.5358	-20.5901	 +0.3402	 -1.8937	 -0.1846
 -4.1029	 +3.7883	 -1.9388	 -0.4646	 +3.6473	 +5.4582
+13.3278	-24.6681	 +7.6019	 +1.0012	 -0.2600	 -2.2474
 -8.2132	 -6.8619	 -5.4607	 +0.6318	 -0.1027	 -2.6731
 -0.1352	 -3.5836	 -1.2884	 +0.2689	 +0.8983	 -0.1050
-61.4775	 -6.3237	 +3.5895	 -0.7771	 -1.5067	 +0.3789
 -3.2633	 +2.3757	 -6.0527	 +1.0068	 +1.0110	 +4.0230
 -1.9527	+15.3337	-13.1967	 -0.7980	 -2.2254	 -0.3935
 +6.3190	 -7.6822	 -0.1068	 -4.0662	 +2.6265	 +0.0212
 +0.2740	 +6.5673	 -9.0936	 -0.7991	 -1.0925	 -0.7801
 +6.4360	 -8.3610	 -6.6210	 +0.8684	 -2.8253	 -1.6581
-25.8867	 +1.5401	+32.0344	 +1.1790	 +1.2109	 -1.8149
-15.3434	 -1.4115	 +1.1252	 +2.6991	 -0.0277	 -2.0741
 +4.6456	+12.4278	 -8.6856	 +1.4365	 -0.8307	 +1.5336
-19.8645	-23.1575	 -7.4509	 +2.9243	 +1.7994	 +2.1298
 +3.8580	+24.7872	 +6.8945	 +2.7466	 -1.6332	 -0.3589
+16.6326	 -7.3614	+13.8351	 +2.0350	 +1.8515	 +1.4322
 -8.5848	 +8.8212	 -2.1807	 -0.1183	 +1.6298	 +1.6599
 +6.2874	 -1.7009	 +6.7018	 -3.1041	 +2.2126	 -1.1375
+1873.0944	-32.7546	+790.8153	 +0.2204	 -0.2337	 +0.0658
 +1.1837	 -4.6507	 +1.5721	 -2.8633	 +2.5228	 +2.9627
 +0.0143	+13.2999	 +2.9136	 -2.8890	 -1.3480	 -0.0183
 -4.0360	 -2.0523	 -3.2437	 +2.8757	 +0.2742	 -5.6664
 -2.6018	 -3.3691	 +3.0838	 -6.2379	 +4.0523	 +0.4474
 +8.9973	 +9.3087	 -9.0455	 -0.7177	 -2.3499	 -0.6670
-62.4457	-58.7906	-70.8451	 -0.7084	 -1.1521	 -0.0683
 -3.8180	+12.0077	+16.1138	 -1.2464	 -0.6376	 +4.8014
 -9.5773	 +9.5133	 -7.3213	 -3.1714	 -3.1493	 -4.4275
+21.1924	-14.2478	 +9.4252	 -1.0561	 +2.4366	 -0.6221
 +0.3750	 +0.9091	 -1.7690	 -4.6109	 -1.2590	 -1.4471
 +8.9896	 -8.4864	 -0.3001	 -4.0250	 -4.1242	 +1.5549
 -0.8743	 -6.9596	 -4.3121	 +2.1541	 -5.0037	 -0.1747
 -6.6158	 +7.4960	 +0.5679	 +0.5114	 -0.9008	 +0.5248
 -5.6942	-13.6316	-11.0069	 -2.7160	 -1.8687	 -0.6603
 +2.5170	-21.0668	 -9.6241	 -0.2171	 +0.1711	 +1.8574
 -3.0977	+10.1283	-13.1616	 -0.6509	 +2.3327	 -0.6348
 -4.4657	 -2.9274	 +1.1948	 +3.0870	 -0.7845	 -1.9025
-11.2175	 +6.6614	 +3.5602	 -0.9981	 -1.5638	 -2.7446
 +1.7334	 -1.6280	-14.0005	 -3.1955	 +2.0899	 -0.1193
 -6.3414	 -4.9716	 -6.1062	 -1.3819	 -1.4837	 -0.4483
 -9.8350	 +2.2721	 +0.6713	 -1.8777	 -4.1113	 +5.2237
 -5.5693	 -4.0371	 -6.1528	 -2.9179	 +1.8919	 -1.0819
 +2.8226	 +5.0429	 -5.2069	 -1.5528	 +0.6396	 -0.5921
 +1.9694	 +4.8453	-24.0542	 +0.0449	 -3.4729	 -1.9465
 -9.6543	 +4.9804	 +7.8629	 +1.4294	 -1.4475	 -1.4523
 +4.9885	 +5.3985	 -8.4649	 -2.7473	 -0.3300	 +0.8840
 +3.0876	 -6.9974	 -6.3304	 -2.4060	 +2.4479	 -0.5958
 +7.9414	 -2.5936	 -1.5957	 +1.8201	 +3.6833	 -0.9419
-12.6522	 +9.4373	 -3.0115	 -1.9482	 +0.9063	 +0.5068
 -1.9311	 -5.0687	 -2.6807	 -0.7918	 +4.0136	 +3.4586
 -2.3894	 -2.6881	 -0.8692	 -4.9655	 -1.4826	 +1.3964
-18.8260	 +3.1540	 +8.6520	 +1.9189	 -1.4477	 +2.7187
-24.0550	 -8.3678	-17.8257	 +1.8130	 +0.2079	 -2.0376
 +1.7941	-11.9052	-12.5193	 -0.3943	 -2.0295	 -0.1229
-128.1253	-50.2455	+77.3871	 +0.7819	 -0.9096	 +0.6271
 -2.0570	 -4.0138	 +2.9043	 -2.1171	 -1.4656	 +1.4636
 -3.1286	+11.3439	 -3.1114	 +3.2370	 -0.9400	 +1.3498
+14.8425	 +0.3238	-13.9000	 -0.6583	 +1.8202	 -1.7585
+13.0372	 -5.2212	-12.3016	 -0.0584	 -1.4438	 +2.0386
 -9.2577	 +3.0525	 +0.4408	 +3.5128	 -3.4257	 +2.4965
-16.1269	 +7.5929	 -6.4964	 -0.2833	 -2.8272	 -1.3847
 +1.8674	 +5.5027	 +7.0324	 -0.7079	 +3.7000	 +1.4432
-110.2118	-106.3998	+100.4392	 +0.4457	 -0.2114	 -0.1640
 +0.6536	+38.3605	 +8.8982	 +2.3222	 -0.2065	 -2.2520
-26.9490	-16.4526	+23.4124	 -0.0490	 +1.8672	 +1.2786
 -9.8382	 +4.8841	-38.5179	 +2.7502	 -0.7282	 -0.7042
-20.6841	 -9.3883	 -8.5611	 +0.8006	 +3.0919	 +0.4973
 -3.4522	 -0.1947	 +4.9877	 +1.2547	 -1.1396	 -0.1259
 -2.9612	 +1.4844	 -0.4462	 -0.3598	 -1.7104	 +4.7929
+11.0321	 -6.5804	 +0.9996	 -2.5156	 -0.1736	 +0.5997
 -9.8896	+12.2642	 -9.2637	 +0.0903	 -0.1305	 +1.4883
 +7.6603	 +3.2123	 -4.6887	 +6.3921	 +0.2859	 +1.2215
 +6.6660	-13.1403	 -6.3598	 +2.5995	 +3.1491	 -1.6336
+13.3082	-85.0717	+10.3121	 -1.0438	 +1.6176	 -1.2500
-15.0732	 +1.7088	 +5.4181	 +2.5897	 -1.1900	 -1.1599
 -2.7604	 -1.5352	 -1.5102	 +0.2139	 -2.7067	 -3.6863
 -3.1304	 -2.8268	 -3.2549	 +0.8700	 -0.2123	 -0.8730
 -1.4732	 +4.7126	+12.6858	 -0.0446	 +0.8983	 -1.5121
 +2.7173	 -5.3866	 -0.3121	 +2.6136	 -1.2033	 -2.2661
 +1.2436	 -8.8601	 -9.2434	 +1.2939	 +1.3571	 -5.0854
 -5.0182	 +3.0194	-17.0446	 -0.1836	 +1.5582	 -3.6056
+11.3397	-12.1264	-26.2993	 +0.3755	 -2.5786	 -0.8744
 -0.5414	 +4.0481	 -6.5165	 -2.0456	 +0.2613	 -1.6099
 -1.6885	 -6.4622	 +2.2024	 -3.6970	 +3.5690	 -3.0677
 -0.3885	 +6.0805	 +1.8241	 -2.2668	 -1.2092	 +2.5183
 +3.8093	 -0.5221	 -3.9048	 +1.0062	 +2.6456	 -0.0943
 +9.6571	+20.5815	 +2.8610	 +4.0064	 +1.6158	 -0.5792
 -2.3160	+14.7656	-22.6478	 +0.3241	 +0.8857	 +0.7651
 +0.0959	 -0.3540	 +7.2212	 -0.6803	 +0.8935	 -2.7972
 -2.5854	 -5.8447	 +0.6230	 +2.7769	 -1.1891	 +0.0628
 -7.0416	-10.4866	 -9.2533	 -3.0725	 -0.2825	 -0.5927
-151.3831	-58.7311	+204.1924	 +0.5560	 -0.6700	 +0.1893
 +0.3749	 -4.2701	 +1.0363	 +0.7491	 -1.6649	 +3.2988
 -7.6126	 +5.4246	 -3.1372	 -1.3521	 +0.9368	 -2.6377
-14.4183	 -7.7884	 -6.7070	 +0.5692	 -0.5607	 -1.4121
 -2.5953	 +1.2211	 +8.0584	 +0.2410	 -5.6083	 +1.1764
 -1.0951	 +0.0505	 -0.6010	 -1.9683	 +1.6061	 +5.4386
+21.1928	+50.4294	-18.4880	 -1.4833	 +0.7327	 -1.7612
 +4.1660	 -9.7626	-14.6563	 -0.8400	 -0.4055	 +1.3778
 -7.3700	 +7.7892	-11.5753	 -3.3025	 -0.3982	 +1.3303
 +5.5530	 -2.7135	+14.7267	 -1.9609	 -0.8951	 +3.3432
 -4.0369	 -2.2835	 +9.1524	 +0.0163	 +2.1184	 -0.7883
 +0.8873	 +1.6939	 +1.4703	 -3.4295	 -0.8495	 +2.8368
 +4.3884	-10.7587	 -9.6813	 +1.6846	 +1.3115	 +0.8078
 -0.2437	 +0.3322	 -2.8945	 +0.0934	 -0.2844	 -3.1155
+10.3843	 +9.8827	 +6.4761	 -0.3262	 +0.5745	 +0.1460
 -0.3673	 +4.3804	-14.0428	 -0.2043	 -0.7191	 +0.5919
-17.1788	 +1.3118	-12.7708	 +0.4037	 -0.1576	 -2.6492
 -0.8722	 -5.4717	 -2.0323	 -2.0722	 +1.7227	 +1.9448
 -3.4658	 +7.1326	 -2.8646	 -1.5062	 -2.5177	 -2.6818
 -3.3321	 -6.0940	 +2.0504	 +2.0291	 +0.5454	 -3.1280
 -0.4067	 +1.7681	 -5.9207	 +0.6150	 -1.9369	 -2.2250
 +3.2577	 +4.5228	+35.2317	 +2.2484	 +2.2363	 +0.5660
 +0.0086	 -3.3784	 +1.7039	 -0.3325	 -0.0670	 +0.6112
 -9.1161	 +8.5792	 -1.8385	 +0.9344	 +2.8036	 -2.1670
 +8.9155	 +6.1412	 -4.0847	 +0.7225	 -1.4199	 -2.1618
+15.6448	 -8.4578	-17.9897	 +0.4714	 -1.6886	 -1.3381
 -8.4452	 +0.4811	 -3.6634	 +0.0471	 -3.3768	 +1.0362
 +2.6139	 -7.6903	+11.5262	 -2.8873	 +2.4663	 -0.1368
 +0.9666	-16.1213	 +8.2249	 -1.1079	 -0.9040	 +1.4393
 -8.1567	+27.2919	-49.4693	 +0.8208	 -0.3689	 -0.1026
 +6.3197	 -1.3687	-39.5673	 -0.4341	 +1.2598	 +2.1833
 -7.2323	 -0.8646	 -3.4953	 +2.2026	 -1.4051	 -1.6683
 -7.4300	-13.9653	 -9.1097	 +3.3030	 +0.7219	 +1.8189
 +1.7509	 -0.6323	 +2.7778	 -1.6641	 +1.5520	 +0.3203
+16.6599	+15.9984	 +4.0177	 +1.9114	 +0.1599	 +0.5059
 -6.6669	-60.7321	 -9.3940	 +1.3959	 +1.6110	 -0.6278
 -1.4011	 +1.1776	-12.3957	 +1.5698	 +3.2405	 +0.3216
 -8.2782	 -9.0571	 +3.3078	 -1.2679	 +2.9291	 -1.8990
-13.5605	 +9.0601	-20.4077	 -3.5842	 +1.1245	 +1.3402
 +6.7011	-19.9448	+17.5908	 -0.5805	 -2.8031	 +0.9619
 -3.0585	 +0.7400	+15.0000	 -1.5588	 +0.4657	 +1.4632
 +3.7879	 -2.8008	 +9.0874	 -2.2676	 -1.2982	 -0.1010
 -1.0337	 -3.2317	 -1.4670	 +4.6157	 -3.1156	 +0.3536
 -3.1109	 +1.5070	 +2.9231	 -1.8161	 -4.4863	 -2.8937
 +6.8827	 +0.2507	 -5.1928	 +0.5481	 +1.7803	 -1.9646
 -2.1028	 +3.1218	 +7.6404	 +1.9559	 +5.4793	 -1.1468
 -8.0166	 -3.0606	 -3.0962	 -1.4124	 -0.5351	 +2.3356
-12.6928	-13.5833	-14.3513	 -1.0830	 -0.1019	 -0.5494
-50.7984	 +7.2417	-19.0734	 +1.4396	 +1.2262	 -0.7410
 -6.5538	 -3.7826	 -1.4819	 +0.0848	 +1.2500	 +2.8971
 -7.6640	 -6.2746	 +1.8677	 -1.1522	 -1.6245	 -1.4390
-14.0429	 +3.9645	 -2.0829	 -0.5875	 -2.0629	 -1.2123
 -4.2376	 +7.7177	 -2.7765	 +0.7777	 +0.1485	 -2.4798
+15.3406	+14.0482	 -6.7749	 -0.0197	 +0.6021	 +3.0806
 -4.4001	 +6.4936	+18.8489	 -1.6204	 -0.1745	 +3.6223
 +5.6008	 -8.9718	+17.4175	 +1.5686	 -1.5827	 -1.6381
+14.9227	 -4.0821	 +5.0814	 -1.5803	 -0.2853	 +3.0619
 -5.6753	 -1.1026	 +1.4311	 -3.4110	 +3.8383	 +0.4052
 -3.6627	-13.2662	-21.2172	 -0.6593	 +3.1459	 +1.3807
 -9.2357	 +3.8530	+11.8414	 +1.9114	 -3.6892	 -0.7601
 -8.3776	 -4.6897	 -3.5481	 -2.0466	 -0.4306	 +2.0848
 -2.2265	 -0.1756	-10.6814	 +2.1132	 +3.1298	 +2.4715
 +0.8023	 -4.8119	 +0.6520	 +1.1718	 +4.7864	 -4.0966
 +2.8921	-10.2971	 +4.7631	 -0.7363	 +3.3786	 +1.4180
 -7.8094	 +0.2656	-15.2707	 +1.6728	 -1.2352	 +1.3709
-12.7162	 -0.2570	+14.4495	 +2.0113	 +0.4307	 +1.5866
 -2.0849	 -7.1247	 -5.5128	 -1.6177	 -4.0075	 +0.3251
+31.4564	 +4.0573	 +8.9730	 -1.6338	 -0.4573	 +0.1435
 +4.2729	 -4.4944	 +3.2681	 +3.7665	 -3.4627	 -3.6882
 -2.2954	 +0.3883	 -5.8497	 -1.3543	 -3.0543	 -0.8035
 -5.7371	-33.6708	-28.0787	 -1.2053	 -0.4359	 -0.1419
-13.1957	+17.8453	 +7.5433	 -0.7381	 +0.1439	 +2.3695
-10.8088	 -1.1502	 +3.5973	 +0.0798	 +1.3570	 +2.9360
 +6.0136	 +1.0182	+17.8917	 +5.2358	 -1.4045	 -0.5909
 -0.0907	 -7.7645	 -2.6000	 +1.5549	 +2.1015	 +1.5500
-11.1371	 -2.3862	-13.4614	 -0.1099	 +1.7269	 +0.2537
 -3.7605	 -5.6270	 -5.6404	 -4.1149	 +2.1597	 -0.1967
 -0.8346	 -5.6313	 +2.4980	 +2.5946	 +4.1984	 -4.0936
 +7.4918	 +3.6218	 -5.9441	 -1.4691	 +3.5266	 +1.8993
 +9.3951	 -3.9686	 -4.0083	 -2.0429	 +3.6034	 +2.3580
+13.3527	 +2.9190	 +2.4453	 -2.1602	 -2.1599	 -1.4962
+23.7256	 -6.9061	 -6.0963	 -1.3793	 -2.0305	 +1.6934
-12.4019	+19.0723	+23.0491	 +1.5629	 +1.9729	 -0.5924
+29.0401	-24.5963	+70.7570	 -0.3218	 -1.7108	 +0.0686
-13.9383	 -4.7316	 -4.5010	 -3.1067	 +0.2875	 +1.1006
 -1.4552	+14.3586	 +2.1797	 -2.0755	 +0.0271	 +2.0986
 +1.8313	 -2.8292	 +1.5113	 +0.1410	 +1.7514	 +0.4183
+11.8823	 -3.8231	+10.9111	 +1.6494	 +0.5687	 +2.1265
 +4.9142	 +9.5936	 +0.7242	 -1.7485	 -1.8959	 -2.0236
+27.9601	 -2.1808	-18.6051	 -1.1798	 -0.5524	 -0.8759
 +5.5238	+12.4906	 -1.0485	 +4.0529	 +0.1535	 -1.4626
-23.0400	+25.0196	-26.2927	 -0.2327	 +0.3580	 -0.6223
-23.7252	-18.6335	+17.0167	 -1.0052	 +1.4548	 +0.0104
 -4.3700	 +1.7451	 -3.1419	 -2.7688	 +2.0956	 +2.0103
+11.7768	 -9.6102	 +0.7685	 -3.5007	 -0.4251	 +1.4879
 +3.3770	 +3.2589	 -2.5354	 -3.3620	 +3.6591	 -4.3414
 -6.2279	 +0.6742	 -6.8440	 +0.4805	 -1.9977	 -0.7757
 -5.3639	+10.3276	 -7.4182	 +2.3958	 -0.8135	 +2.0828
 -2.2024	 -2.1818	 +0.9758	 -3.6591	 -0.4591	 +0.5080
 -2.3136	 -0.2470	 -3.9711	 +3.9159	 +3.6635	 +2.9922
 -2.2878	 +9.7631	 +8.7843	 +1.7425	 +2.3896	 -0.1848
 +2.6825	-13.1950	+24.1140	 -1.1945	 -1.2106	 -2.0318
 +9.1396	 +6.9287	 -1.3411	 +0.6050	 -0.4582	 -1.0023
 +5.1462	 -4.8709	+11.2158	 -0.3007	 -2.5142	 -2.9709
 -3.4565	 -0.6073	 +5.3696	 +2.0639	 +0.2756	 -1.5417
 +9.8300	 -6.0727	-27.5188	 +0.7889	 -0.5259	 -2.8981
 +2.9782	 +2.3969	 -7.9761	 +2.7867	 -0.8885	 -1.7599
 +1.0939	 +1.2832	 +0.5705	 +1.8134	 -1.9964	 -1.7056
+17.1139	 -3.7436	-13.3536	 -3.5631	 -1.2850	 +1.7636
-28.5124	 +3.8497	-26.3954	 -1.6135	 -1.1610	 +1.1699
 +6.0186	 +1.1951	 -1.0052	 +1.3392	 +1.0627	 +2.1989
 -8.6158	 +2.5378	 +0.6226	 -2.1008	 -1.6868	 -3.5911
 +0.1080	 +7.3428	 +1.7521	 +1.4234	 -4.3633	 -1.4844
 +2.6151	 -8.7260	 +6.3925	 -2.1144	 +0.0385	 +2.6886
 -6.1385	-14.1265	 -5.5718	 +0.5071	 +1.4428	 -0.8372
-21.4207	-16.6809	 +2.6841	 -1.5452	 -1.4122	 +1.3091
-14.6590	 -0.8131	 -8.1786	 -2.9687	 -2.0092	 -3.6769
 +0.2054	 +2.4419	 +7.1249	 +0.5210	 -0.1111	 -1.9460
 +5.8725	 +0.7030	 +0.5394	 +2.4979	 +1.8992	 +2.8568
 -1.2150	 +1.1756	 -3.0847	 +2.6532	 +0.0882	 -0.3209
 -2.2080	-19.4158	 -5.4085	 -0.3045	 +0.7720	 -2.5228
+12.9553	-51.7181	-25.4993	 -0.6510	 +1.6624	 +1.0580
 -3.9273	-11.0798	-11.3087	 +0.0225	 +2.1708	 -3.5007
 -4.3517	 +1.9491	 -1.9881	 +2.4581	 -0.8862	 -2.1376
 -3.5797	 +1.4527	 +0.3544	 -2.0390	 +0.0319	 -3.3817
 -1.6675	+10.3084	 +8.1461	 -1.6473	 -2.7233	 -4.4971
 -1.6658	 -0.7980	 -2.7124	 -3.3388	 +5.8537	 +1.2451
 +0.2117	 +0.7198	 -9.9920	 +0.7771	 -2.1009	 +3.5744
 -6.3601	 +6.6565	 -8.9160	 -4.5563	 +4.0842	 -2.3540
 +1.0272	 +4.2082	 -5.7691	 +3.0042	 -2.4994	 +1.3812
-65.5920	-45.0318	+32.1496	 +0.9034	 +1.5182	 +0.3588
 +6.3368	 +7.8469	 +8.7655	 -1.1434	 +0.2822	 -0.0095
+47.1961	+29.8883	+37.2117	 -1.6689	 -1.5732	 -0.6869
 +7.3496	-17.7266	 +3.7665	 +1.3163	 +0.1659	 -1.3797
 -5.4303	+12.2669	 -5.2367	 +0.6556	 +1.4430	 +0.6824
-113.3169	+58.2692	-19.0133	 -0.3020	 +0.6609	 +0.3073
 -2.5783	 +6.8144	+16.0545	 +1.8598	 +0.8418	 +0.4701
-10.6958	 -8.6079	 -5.9972	 -1.4224	 -0.1766	 -0.1014
 -5.2512	 -3.2981	 +8.3721	 +1.9733	 -1.3993	 +3.5550
 -6.0418	 -8.6444	 +1.1693	 -0.7185	 +0.5133	 -0.8311
 +1.4895	 -4.9350	 +2.4074	 -0.7100	 -0.7845	 +0.1582
+12.6041	 +5.7792	 -5.5229	 +0.2910	 -3.8915	 +1.4368
 -8.7473	 -3.7966	 -3.7879	 -0.7790	 -0.9935	 -0.0573
+11.0420	 -2.5294	 -7.2068	 -2.2186	 +1.8927	 -0.2907
 -4.0815	+33.4256	 -2.8515	 +0.5967	 +0.5906	 +1.5173
 -8.5778	-14.6532	 +5.9061	 -0.3715	 -0.4409	 -0.0221
 +2.2268	 +4.2033	 -0.4397	 -1.2970	 +1.1696	 +1.4939
 -2.8082	 -4.6385	 +1.8291	 +3.9638	 -2.0696	 -2.0993
 -8.2654	 +0.6870	 -6.0823	 +0.5381	 +1.8413	 -1.8222
-37.0459	+17.3394	+13.1237	 +0.5189	 +0.2954	 -0.3503
+19.2584	+14.6827	-13.7286	 +0.8741	 -0.7893	 -2.6051
-11.5318	-37.2505	+15.7355	 -0.7289	 -1.3537	 +0.0381
 +9.8127	 +2.9364	 +7.0139	 +0.9963	 +1.4387	 -3.3464
 +2.3934	 -6.6877	 +2.4778	 -1.2168	 +0.3366	 -1.4101
 -5.1966	+16.8587	-33.2572	 -1.7421	 -0.5929	 +0.0341
 -7.5878	 -4.1307	 +2.2780	 -1.9934	 +3.9021	 -1.8465
 +3.2694	 -6.7138	+12.3159	 -0.5217	 -1.8762	 +2.7953
 -7.6152	-12.1368	 -7.5999	 +0.0649	 +2.6535	 -1.9176
 -6.5536	 +2.5721	 -5.6146	 +1.2178	 +3.0658	 +3.7203
 +6.2338	 -4.6619	 -9.6343	 -0.5430	 +0.8087	 +0.1128
 +8.4434	 -0.7982	 -8.7964	 +3.4823	 -1.8595	 -0.4799
-59.8751	+22.5389	+11.0835	 -1.2000	 +1.1625	 +0.6650
 +1.1750	 +2.6131	 -2.3840	 -0.7187	 +1.1404	 +0.5857
-27.2234	+45.8964	 +7.2120	 +0.5292	 +3.1203	 -0.4096
+11.4636	+13.5004	-11.6334	 +0.8136	 +0.8275	 -0.2197
 +2.7364	 +0.0003	 +0.7153	 +1.8689	 +3.7394	 +2.2254
 -4.6290	 -0.0377	 -4.1304	 -0.1785	 +1.0668	 +0.8800
 +2.8821	-47.1344	+37.6735	 +1.9906	 +0.8649	 +0.2720
 +4.4751	 -8.9224	 -0.7396	 +0.2694	 +3.0240	 +1.0791
 -9.9829	 +4.7102	 -1.8741	 -3.2030	 +1.4567	 -4.1799
-12.8717	 +4.1792	+14.1383	 -0.5594	 -2.5429	 -2.2888
 +3.0610	+16.6570	 +8.5199	 -0.8576	 -1.8665	 -2.4328
 +3.7882	 -7.3411	 +5.8654	 +0.6709	 +0.4433	 +0.3080
 -3.1810	 -4.2505	 +1.1031	 -0.7887	 +2.3048	 -0.4739
 +6.8034	 +5.3684	 -0.8271	 +0.3041	 -1.4167	 -3.9070
 -6.9863	 +2.1580	 +0.8578	 +1.4538	 +0.7635	 -0.8188
 +0.8876	-10.0500	 -7.2165	 -2.8062	 +4.0061	 -0.0864
 +1.0664	 -8.7774	 +4.3684	 -0.1935	 +0.3657	 +0.7305
 +6.6557	 -7.1107	 +8.4535	 -0.8609	 -5.0255	 -2.7217
 +3.0561	 +6.4942	 -4.8091	 -1.3721	 -0.7967	 -0.5396
 -5.3704	 -0.7676	 +0.0554	 +0.2901	 +0.2295	 +1.6397
 -6.9156	 -8.4712	 -1.0643	 -5.8672	 +1.2933	 -0.4469
 +2.7448	 +3.8435	+13.0991	 -1.8180	 -0.0409	 +0.8883
 +1.3976	 +7.5570	-22.8362	 +1.1559	 +1.3313	 -0.3740
 +1.5784	 +1.5699	 -3.1709	 -0.9275	 +1.7429	 +3.1692
-16.0834	 +0.2816	 -6.2035	 +0.1549	 -3.8521	 -1.3554
 +9.4206	-16.5036	 -6.1574	 -1.9029	 +0.5647	 -1.0567
-25.6222	-44.4347	-41.5246	 -4.9077	 -6.3320	 -6.3643
 -5.4291	 -3.3368	 +4.5394	 -0.2328	 -6.1693	 +0.3253
-11.2682	 -0.0083	 +0.8242	 -0.4601	 +4.4113	 -0.4323
+10.0325	 -8.7952	 -4.0590	 -1.6420	 -1.3515	 -0.1928
 -3.9070	 +2.6617	 +0.2747	 +2.0413	 +1.8632	 -4.0569
-10.7080	 -3.3171	 +2.6811	 +3.3757	 -0.4356	 -3.8769
 -2.8661	 -0.4175	+45.9712	 -1.1883	 +1.0178	 +0.1267
 -0.3674	 +6.0526	 +4.0323	 +0.7868	 -2.1754	 +2.7179
 +6.1414	+10.7824	 -0.3167	 +2.3682	 -3.7952	 -0.0984
 +1.3763	 +0.3170	 -4.9255	 +1.7776	 +2.4773	 +1.2194
-14.9948	 +4.5092	 -8.3969	 -3.7595	 +0.5072	 -0.5728
-11.4178	 +4.5447	 -1.1447	 -0.5498	 -0.3002	 -0.6109
 -0.3465	+27.1414	 +6.3711	 -0.3181	 +0.2259	 +2.4702
 +1.5477	 +6.6484	 +6.7355	 +2.7592	 +1.3315	 -2.3612
 -9.6895	 -4.9894	-42.9946	 +1.7109	 -1.0332	 +0.6565
 +0.3308	 +4.1302	+25.6351	 -1.8827	 -1.7926	 -2.0044
 +3.7610	 -0.4959	 -3.5641	 +2.6912	 +1.0932	 +1.9341
 +0.4339	 -4.2297	 -1.4329	 +1.0411	 +4.5914	 +1.1312
 +0.3014	 -5.3029	-16.1579	 +3.2172	 -3.3115	 -1.8146
 +4.3858	 +6.7486	 +8.0422	 -1.2245	 +1.3173	 -0.7575
 +3.6374	 +1.5615	 -2.7182	 +1.2051	 +3.4997	 +2.2098
-10.2527	 +6.8260	 -2.6630	 +2.6606	 -3.3652	 -3.0224
 -7.4595	 -0.8159	 +9.5212	 +0.0840	 -2.1314	 +1.0785
 +5.1290	 -1.8226	-10.5386	 -1.3332	 +4.0513	 +0.1047
 +7.3360	 +2.7640	 -5.0611	 -0.0933	 -0.6957	 -1.7186
 -3.7615	 -1.9041	 +8.7937	 -2.6302	 +1.3419	 -1.7083
+15.8449	 -2.6700	+14.4964	 +1.5418	 -2.6558	 +3.0198
+10.1197	 +6.5303	 -9.1030	 -0.8846	 -0.6806	 -2.2470
 +0.6384	 -0.4100	 +2.7704	 +2.7796	 -1.4145	 -1.8843
 +0.1237	 -2.6998	 +4.7257	 -2.5541	 -3.2669	 +0.1309
 -3.0045	 +2.3264	 +0.4131	 +0.4285	 +1.1023	 +3.4312
 -5.8766	 +3.4592	 +2.2311	 +0.2612	 +1.4881	 -0.8467
+20.3164	 -7.6930	 +9.9058	 -1.9392	 +1.5611	 -0.1793
 -5.7921	 -2.1194	 -4.3138	 +4.7268	 -3.9361	 +3.1185
 +7.1332	 +2.4929	 +1.3793	 -1.6759	 +1.8954	 +1.7393
 -1.9645	 -4.3862	 +6.0905	 +1.9317	 +3.4827	 +1.0007
 +9.4786	 +6.0804	 -9.3916	 +4.3255	 -0.6859	 -1.4568
 +6.9708	 -5.8802	+10.7784	 -4.1011	 -1.4728	 +2.6652
+14.3500	+15.6566	 -5.4930	 -1.4787	 +0.2147	 +0.1904
 +3.6126	 -4.0909	 +6.4091	 -4.9983	 +3.0719	 +3.6853
-23.3999	-11.1581	 +7.9598	 -0.2625	 +1.1005	 +0.5660
 +0.8696	 +1.3601	 -7.3949	 -3.1034	 +0.1051	 -1.6857
 -1.2854	 -1.1420	 +1.9812	 +1.0862	 -3.0405	 -0.7327
 -2.1828	 +8.5345	 -1.9856	 -5.4562	 -3.3484	 -0.1942
-21.5457	+10.7382	-14.0633	 -1.0215	 +2.6275	 +1.7749
 -5.2101	+12.5893	-20.8488	 +1.4011	 +0.9071	 +0.7949
 +1.7218	 +4.1227	 -0.2361	 -7.0643	 +0.7031	 +0.1747
 +4.7175	 -1.9274	 +0.2630	 +3.2358	 +4.2549	 +1.0789
 -6.6364	 -6.3292	 -3.3964	 -1.9709	 +1.4751	 +3.4907
+28.8823	+16.0987	+20.6072	 +2.9367	 +1.1605	 +3.6795
+10.1980	 +6.0149	 -8.4298	 -1.3526	 +0.8792	 -0.7466
 -3.8062	 +9.2978	-14.5284	 +2.8864	 +0.1494	 +2.7082
-39.8263	+16.6174	 +3.5302	 -0.2043	 +2.3154	 +0.9176
 -4.9281	 +1.6016	-16.0581	 +1.3588	 -1.5880	 +1.7454
 +2.5490	 +5.9539	 -7.4397	 -0.0043	 +0.3130	 -0.5099
 -5.0698	 +6.9498	-15.7203	 +1.2063	 -3.8851	 +0.3668
 -9.5719	 -8.2307	 -8.9793	 -0.2743	 +2.2527	 -0.3011
-10.1125	+12.7404	-43.8839	 +0.4285	 -0.3613	 +1.3561
 -1.4795	 +5.3599	 -2.0823	 -3.6397	 -4.8892	 +0.8330
+14.4915	 -8.2567	-16.7798	 -1.4011	 -0.8897	 +1.7517
 +8.0629	 +1.3488	 -7.0600	 -2.7306	 +0.8083	 -2.1510
 +3.3601	+18.6236	+12.6419	 +0.8969	 -2.4280	 +2.9849
 -0.4180	+11.0601	 +5.9818	 +0.9944	 -2.2211	 +0.4663
 -2.7549	 +6.6211	 +0.9117	 -1.5796	 +0.7595	 +2.7990
-10.3566	 -0.4725	 +9.9203	 +3.1608	 -0.2567	 -0.0509
 +5.4799	 +0.0133	 +0.9041	 +1.3539	 -0.4590	 +4.7507
 +2.9155	+13.1345	 -2.8967	 -0.3546	 +2.9269	 -0.0877
+17.3450	 +2.9415	-19.5948	 +0.4121	 -3.7554	 -0.4488
 -0.2681	 +1.1877	 -4.8888	 +0.1905	 +0.4917	 +0.7373
 -5.6619	 -4.0220	 -6.0034	 -1.4936	 -5.1183	 +3.1005
 +5.7198	+18.0040	 -1.5652	 -0.0387	 -0.4007	 -2.3040
 -3.9427	 +4.3593	 -9.7833	 +3.2448	 +0.3930	 -3.5727
 -3.3458	 -4.5323	 -0.8204	 -0.7469	 -0.6895	 -2.4268
 -4.7497	 -4.1129	 +1.3916	 +2.2080	 +1.7272	 -2.2595
 -6.3954	 -4.5354	 -2.8619	 +5.0171	 +1.2007	 -0.7050
 -2.5747	+15.1929	-10.4437	 +2.9445	 +1.2729	 -2.5959
 +2.4518	 -6.4956	 -4.1072	 -0.9620	 +2.4174	 -1.1616
 +0.8916	 -1.4237	 -5.1717	 -1.2655	 -1.3766	 -1.3563
 +0.0011	 -5.0970	 +4.5500	 -2.7706	 +0.2465	 -0.6330
 -3.1606	 -4.9005	 -4.3013	 -0.3614	 +3.4468	 +1.4822
 -0.5045	 +4.0778	 -5.6782	 -1.5512	 -1.8840	 -0.2335
-15.9199	 +3.8817	 +0.5126	 -0.4393	 +0.1710	 +1.7103
+12.3361	-16.4101	 -1.2539	 +2.3190	 -1.7933	 -0.2071
 +6.1800	 +5.4268	+15.4623	 -0.0205	 -0.9629	 +1.2115
-11.0691	 +3.2011	 +0.6426	 +2.5265	 +3.1506	 -0.1993
 -1.6140	 -0.2031	 -6.1441	 -2.3231	 +0.7338	 -0.1418
 +0.5978	 +0.9299	 +6.8213	 +0.3730	 +1.4762	 -3.3108
 -0.7832	 +0.0690	-22.4406	 +4.3664	 -0.4354	 -1.4783
-18.5511	 +0.0106	+30.2500	 -0.9357	 -1.0864	 +0.8780
 +1.5947	 -2.7415	 +1.5234	 +0.7484	 -0.2162	 +0.4100
 +2.4093	 +2.3243	 -2.7574	 +0.4198	 +0.1745	 -0.4755
 -7.3722	 -7.0036	 -1.3615	 -3.4814	 -0.4947	 -1.6691
 -5.5528	 +7.4767	 -6.7369	 +1.8321	 +0.1187	 +3.8293
-22.5961	 +2.1560	 -9.3356	 -3.0720	 +2.9279	 +1.0006
 -4.9359	 -7.2237	 -5.0518	 +0.1276	 +0.5877	 +0.6771
 -5.5198	-43.7090	+59.6570	 -0.3491	 -0.7538	 -0.1458
 +0.9659	 +4.3562	 +2.6581	 -0.5529	 -0.8115	 +1.2865
+17.2391	+20.0351	-21.4738	 -2.8260	 -2.2662	 +1.5282
 -1.7668	 +0.5794	 -3.2662	 +4.9674	 +3.6219	 -1.2141
 +0.5868	 +5.5986	 -0.3085	 +1.2707	 -0.6182	 -0.0306
+45.5111	 -0.0275	-28.0220	 -1.1695	 -0.1788	 +2.0996
+10.5933	-45.9729	+36.1240	 +2.5353	 -0.9616	 +0.5625
+103.4556	+50.7054	 +0.2245	 -0.2066	 -0.9268	 -1.6292
+18.8263	 +4.5830	 +4.8066	 +0.0812	 -4.4110	 -0.8248
+33.2394	+60.7518	-32.6189	 +0.9025	 -0.9278	 +0.2859
 +4.9522	 +5.3905	-11.9532	 -0.8428	 -0.7449	 -1.1008
-10.4176	-11.2959	 +5.7715	 +3.5086	 -2.7480	 -0.2751
-24.4903	 -3.7509	+33.1745	 -0.1973	 -0.4098	 +3.0683
+16.9561	+50.6984	-42.8877	 +0.4567	 +2.0314	 +0.9609
+17.4919	 -1.4114	+23.9025	 +0.4823	 +1.3240	 -3.1633
-14.6763	 -1.2007	 -3.2931	 -1.8037	 -3.7423	 -2.5921
 -3.9937	 +3.9838	 +2.5384	 -3.8047	 +2.4614	 -0.7382
-12.3561	+16.8175	 +8.4096	 +1.3431	 +0.6899	 -0.0801
 -7.7754	 +1.9006	 -0.5539	 -1.0424	 +0.2332	 +4.6342
 -0.5934	 +3.8184	 -1.8088	 +4.0810	 -2.3677	 -5.2020
+13.4379	 +2.2031	 +0.3770	 +0.5613	 -1.1861	 -0.6507
 +1.9834	 +6.9560	 +4.4647	 -2.1868	 -2.1926	 -2.1571
 -1.4042	-13.4129	 -8.6225	 +1.6143	 -2.0490	 -3.4467
 -3.7716	 +4.2079	 +7.4876	 -0.6078	 -4.1585	 +1.0333
 -7.7201	 +4.9933	 -6.9040	 -0.6476	 -3.3771	 +5.2406
 -3.7019	 +4.9826	 -2.1624	 +2.2627	 -5.4508	 +0.6009
 -6.8670	 +4.5719	 -3.5050	 -3.3992	 +4.7022	 +3.5680
 -1.1782	 -0.4180	 -1.6458	 -3.5533	 +2.9686	 +2.6140
 -3.0956	 -0.7108	 +4.1718	 +1.2774	 +2.3924	 -0.4045
-11.1745	+12.5812	 -0.0229	 -2.0070	 +1.4016	 +0.3019
-10.9902	 -0.3924	+21.9673	 -1.1429	 +0.8540	 +1.0237
-11.4839	 +8.6249	+18.4503	 +0.6139	 +1.2235	 -0.9987
 -2.5849	 -4.0369	 +1.6332	 -0.5670	 +4.1721	 +3.7756
 -4.3470	 +3.2810	 -4.2645	 +1.9039	 -1.2057	 +4.4468
-17.0129	+31.1434	+11.9996	 +1.2975	 -0.2485	 -0.0423
 -6.6726	 +3.9470	 -8.7885	 +3.8325	 +2.8419	 +1.4600
 -3.8566	-12.7897	 -6.4665	 +4.0628	 +1.1382	 +0.2345
+27.9401	 -1.2911	 +6.4282	 -0.2958	 -1.4848	 -0.7527
 +3.1345	 -3.6892	 +0.1914	 +3.8409	 +1.0205	 -4.3731
 +9.9718	+22.9296	+21.2471	 +0.1227	 +3.8038	 +2.6399
 -7.4705	+65.4578	+31.7056	 +0.8259	 -0.4107	 +0.9622
 +6.8528	 +6.6114	 -8.2221	 -5.0825	 +1.5096	 -0.6208
 +0.5877	 -4.1839	 -3.4479	 -3.5822	 +5.1320	 -1.8427
-18.0921	-22.9291	+31.8293	 -0.2358	 +1.7139	 -0.0404
-25.2087	+28.9356	+16.8160	 +2.1569	 -1.1832	 -1.3135
 +0.4788	 +2.8254	 +0.1559	 +0.0397	 -1.7647	 +1.6590
 +9.9590	 +8.5841	 +4.7875	 -2.0798	 +3.9486	 -0.3589
-21.9343	 +1.8848	 +1.9378	 -0.1955	 -2.4030	 -2.2079
+14.3096	-25.5564	+16.0878	 +1.1288	 -0.5585	 +0.8726
 +2.6484	 -0.3270	 -7.0564	 -4.7026	 +0.8537	 +0.2058
+15.6398	 -4.7276	 +2.5595	 -2.3793	 -2.0789	 -1.8249
 +1.3778	-46.1536	+114.5279	 -0.3095	 -1.3676	 +0.2908
+10.2421	 -9.9814	 -0.7472	 +4.8364	 +1.4040	 -0.2736
+14.7264	 +4.1823	-11.8573	 -1.2381	 +2.1228	 +2.5298
 +0.3458	 +5.9107	 -0.1751	 -1.7326	 -0.8850	 +2.9287
-24.5341	 +3.6785	+17.5793	 -1.6340	 +1.5741	 +2.0427
 +8.9393	 +7.1569	+14.6244	 +2.5041	 +0.1131	 +0.6612
 +2.8059	 +8.1351	-12.8132	 -1.9688	 +1.4612	 +2.2740
 +9.3662	-11.4760	+29.9779	 -2.1240	 +1.8834	 -1.8798
+14.3870	 +7.2432	-15.4122	 +1.3425	 +2.9713	 +2.0893
 -1.9723	 +9.2035	 -0.3127	 -0.7413	 +1.9310	 +3.3250
 -5.9055	 +4.7596	 -4.9465	 -0.9327	 -4.7853	 +2.6417
-10.8344	 +9.6241	 -9.4216	 +3.4216	 -1.9971	 -2.5258
-12.6211	+15.1903	 +1.4237	 -2.4953	 -1.4384	 -1.2002
-12.4876	 -9.5385	-12.6572	 -3.8546	 +1.9119	 +0.3357
-25.6717	 +2.9016	-15.2514	 -1.5507	 +0.3558	 -0.7430
 -3.1538	+17.4633	 +4.0618	 -0.1186	 -0.1386	 -4.1716
 -5.0173	-26.8380	+13.9022	 -1.0048	 +0.5027	 +2.5675
 -4.6367	 +1.3235	 -5.2624	 -2.1537	 +2.9471	 +4.2048
 +1.6246	 +1.2937	 -5.9956	 -1.2681	 +0.5951	 +3.1766
+11.1023	 -3.5839	 +6.1440	 +1.3206	 -1.8060	 +1.1995
+16.3254	 -7.9923	-11.1016	 -0.3472	 -1.0406	 -0.9475
 -4.8452	 -7.6597	 -2.7139	 +0.9960	 +3.0097	 -1.7534
+26.4877	 +1.4346	 -5.8268	 +2.4714	 -0.4440	 -3.5078
 -4.4500	 +4.4510	-13.5443	 -1.7123	 -2.0606	 -1.8297
 -3.7853	 -3.2974	 -0.9197	 -1.6317	 -1.2162	 -0.6083
+14.1567	 +7.2976	 -8.5127	 +0.3984	 -1.3394	 -0.5723
 -5.5644	 -3.0631	 -4.8186	 +0.3042	 +3.6864	 +2.8825
 +9.7843	+20.8782	 -5.8314	 -3.0249	 -1.8356	 +0.2601
 -1.8038	 +5.4079	 -7.1265	 -1.1632	 -3.1379	 +1.0515
 -4.3840	 +9.3868	 -6.3573	 -4.9378	 -3.2186	 -0.6441
 +3.5507	 +1.8601	 +3.6841	 +3.0616	 -1.8193	 +1.4391
 -2.7476	 -0.3307	 +0.4547	 -2.2411	 +1.9912	 -2.6679
 +8.8506	-14.6007	+17.9342	 -0.8814	 +0.5453	 +2.3199
 +1.0060	 +6.1082	 +5.1897	 +1.1409	 +0.2872	 +2.8671
 -3.6533	-37.5578	-10.7799	 +0.4845	 -0.0704	 -1.6052
+10.6740	-17.2016	 -5.6171	 +0.1363	 -2.2327	 +1.9839
 +2.7604	 +0.5672	 -1.8584	 -2.5545	 -4.0718	 -2.2074
-33.3315	 -9.2516	+14.5724	 -0.6371	 +0.5209	 -0.9847
-15.8633	 +5.8811	 -8.3273	 +3.3215	 -0.1491	 -0.3981
 -6.1905	-10.7922	 +6.3105	 +3.7477	 +2.3712	 +0.1760
 -3.5788	-18.9380	 +4.6548	 -2.7422	 -3.3122	 -0.5192
 +3.2938	 +6.6887	 +4.1810	 +2.0435	 -4.8280	 -1.1298
-10.1854	+10.8073	-16.4902	 +1.4073	 -0.0935	 -0.8353
 -7.9763	 +8.0262	 -1.5657	 -1.7961	 +2.5328	 -4.2351
-13.9397	 -8.8058	 -1.8511	 +0.9183	 -2.0122	 +0.8835
 +4.0364	+43.2761	 +7.5579	 -0.4697	 -0.3714	 +2.3350
 -3.0718	 -5.8972	-12.7489	 +0.9768	 -1.1832	 +0.4881
 +3.9852	-10.5194	 -1.8936	 +2.2149	 +2.4413	 -0.0390
 +1.5213	 +4.7265	 -0.8060	 -0.5311	 +2.1187	 -1.8956
+86.8450	-37.3968	+38.4263	 -0.1672	 -0.8096	 -1.5269
 -2.7305	-12.4380	 +7.9603	 +2.5047	 +0.3898	 +3.5320
 -2.3687	 +4.5023	 +3.9872	 -3.3447	 +2.5723	 -1.7017
 -1.2978	 -4.5842	 -2.0041	 +3.3316	 +1.2292	 +2.9140
 -3.3637	 -7.8618	 +6.6605	 +1.0431	 -3.6330	 -0.0393
+13.4202	 +1.8888	-10.4875	 -1.0757	 -1.0983	 +1.1968
 -4.5341	 -8.4183	 -3.9608	 +0.5428	 +0.1325	 +2.5534
 -2.5473	 +5.4176	 +4.7386	 +3.4386	 +2.6311	 -0.1158
+12.6750	 -7.5306	+16.4804	 +1.2128	 -0.3824	 -2.6279
-15.3489	+12.6842	-11.4418	 +0.7744	 -0.5416	 -2.6309
 +8.0727	+17.8860	+49.2798	 +0.2647	 -0.0005	 +1.8581
 +4.6602	 +5.5196	+12.8405	 -1.6009	 -1.0264	 -3.1168
 -4.2331	 -4.4682	 -0.7278	 +4.7109	 +1.0331	 -0.5320
 -2.1323	 +3.5566	-15.7962	 -2.5450	 -0.3371	 -3.7457
 +3.8797	 -2.4213	-18.6521	 +3.0796	 +2.3128	 -1.0702
+19.3766	 +0.6922	 +5.0853	 +2.8649	 -0.6954	 -2.2283
-11.9228	 -4.0189	-10.3516	 +2.1411	 +1.2730	 +1.0529
-64.2660	+31.7661	 -9.8075	 -1.8872	 +0.8373	 -0.9496
 -0.1013	-21.2872	 +1.9131	 +0.2014	 +1.5950	 +0.2958
+28.4803	 +1.0212	 +4.5462	 +2.8614	 -2.4712	 -0.5948
-21.0099	 -2.4165	 -5.8236	 -2.3402	 +0.0472	 +0.6555
 -4.3492	 -0.4751	-10.1429	 -4.1514	 +0.9563	 -0.7758
 -5.2248	 +7.3722	 -2.7662	 +0.2119	 +4.5522	 -3.3079
 +7.4993	 +7.7596	 +3.3679	 +1.5372	 -2.0021	 +0.6666
 -6.5575	 -7.5473	-10.7782	 -1.9580	 +0.0257	 +0.4997
-81.7208	-169.4842	+25.1065	 +1.1440	 +0.1034	 -0.1122
 -9.0114	 -7.9880	 -9.7058	 +1.5447	 +0.1027	 +1.9967
 +2.4612	 +6.6007	 -5.4061	 +3.3808	 -3.2125	 -0.9807
 -4.7766	 -6.3495	 -3.9442	 +0.9963	 -3.2734	 -0.9253
+13.1381	-14.0284	+14.6362	 +1.4661	 +0.1782	 -1.5981
 +1.2882	 +1.2480	+25.2952	 +2.2300	 +0.4198	 +0.2495
 -0.2711	 +0.7750	 -5.6797	 +0.0407	 -4.5227	 -0.8180
 +3.1791	 +1.0447	 +9.0394	 +1.7071	 -1.8214	 -0.7657
 +6.0950	-25.6567	 -1.8119	 +2.1317	 +0.5107	 -3.4727
 -7.4377	 -1.3030	 -4.8032	 +4.5966	 -1.7715	 -0.3354
 +0.7736	 +3.7669	 -0.0809	 +1.7804	 -0.4629	 -1.9409
 -8.6945	+13.2766	 -8.6975	 +1.1109	 -1.7498	 -1.4244
 -7.1891	+11.6401	 +4.6375	 +0.4010	 -2.2022	 -2.2484
 -3.2880	 +1.7550	 -1.5414	 -5.8443	 -1.4236	 +1.0582
 +2.0357	 -5.7655	-11.0857	 +3.0211	 -0.5351	 -0.6183
 -7.4674	+23.2994	+15.9352	 -0.0655	 -1.6431	 +1.4970
-18.0035	 +2.4367	 -0.3646	 -0.5279	 +1.6302	 -1.3361
 -1.4308	 -4.3981	+13.0111	 -1.5817	 -0.7449	 +1.8710
 -0.3733	 +0.6130	 +2.7695	 -1.1305	 -7.1000	 +3.8276
 +2.8471	 -8.6299	+12.7306	 +0.1864	 +2.2890	 -4.9649
 -9.5721	+13.7322	 -1.6149	 -4.1141	 +1.0737	 +3.4395
 -2.8291	 -5.2536	-22.1510	 +1.5198	 +0.3489	 -1.7003
 -5.5822	 -3.2562	 -8.4323	 +2.1222	 +1.2547	 +3.7243
 -4.3125	 -5.9863	 +1.7408	 +5.5304	 -2.3979	 -2.2531
 -6.0041	 +4.0565	 -7.0040	 +2.0160	 -1.0074	 -6.9157
-36.0688	+37.8403	-73.7815	 +1.2552	 +1.7226	 +0.4229
-14.2753	 -6.0007	 -5.4351	 +2.0319	 -1.4772	 +0.0527
-15.8952	+13.0033	 -3.3740	 -2.0339	 +1.2522	 -0.3365
 +0.2704	 -2.1825	 +0.6462	 +0.8703	 -5.5994	 +3.7729
 -1.7187	 +4.2845	 -0.6536	 +6.6206	 -1.7761	 +1.2831
 +3.3610	 -8.6239	-11.2914	 +1.7765	 -0.4746	 -1.3240
 -2.3297	 +0.0187	 +1.9779	 -0.4141	 +1.2405	 +0.5255
 +2.2219	+13.8777	 -4.7915	 +0.0293	 +3.1871	 +4.9258
 -3.1344	 -8.0772	 -5.0829	 -5.0596	 -2.1869	 -1.4908
 -3.5293	 +3.4793	 -5.3401	 -0.6447	 -0.6102	 +1.8161
 +5.0802	 -0.6754	 -6.2040	 +1.1507	 +0.3619	 +3.3500
 +3.0758	 +2.0905	-17.0367	 -2.7283	 -2.0913	 +3.9811
+18.7672	+34.1217	+77.0497	 -1.1991	 -0.8001	 +0.6327
 -9.0312	-12.2578	 -0.4511	 +1.7742	 +1.1413	 +4.3819
+17.1747	 +3.1782	+15.7306	 +0.1857	 +1.3873	 -1.8674
 +3.4113	 +3.0322	 +1.4191	 -0.6047	 +0.3638	 +1.2411
 -8.2389	 -8.2257	-14.0146	 -2.5917	 -0.0268	 -1.2217
+59.9312	+29.3121	+39.6977	 -1.1427	 -0.0199	 +0.3829
 -1.6899	 -2.9812	 +3.4750	 +1.7631	 -4.3428	 +0.0918
 -0.3603	 -2.8130	-12.3161	 +0.3173	 +3.5687	 +0.2034
+11.0218	 +8.2129	 -3.0094	 +2.2169	 -0.4988	 +3.2331
 -1.6113	 +1.7710	 -4.3043	 +4.4871	 -2.7531	 -0.2577
-21.9353	 -1.5008	+22.4397	 +3.1570	 -1.3147	 +0.4025
 -1.3215	 +3.2923	 -0.0751	 +0.6975	 -4.5881	 +3.0318
 -0.8476	 +9.4272	-12.0284	 -1.4147	 -2.0825	 +2.2400
 +6.1552	+22.4215	 -3.3138	 -0.7343	 -0.0804	 -0.2276
 +7.4926	 -1.9102	 -2.8289	 -0.5097	 +0.1117	 -6.6512
 +3.2613	 -3.8983	-15.7628	 +1.2072	 +3.5068	 +0.2335
+20.0000	-11.3358	 -5.0742	 +1.1273	 +1.1173	 -0.3166
 -7.6772	 +9.6795	-12.3228	 +0.5389	 +1.5631	 +0.0267
-22.3740	 -5.7169	-20.4101	 -1.1169	 +2.1165	 -1.8874
 +1.0434	+11.3491	-14.6355	 +0.6661	 -0.4756	 -0.1797
-12.9722	+35.2519	-18.3494	 -1.5949	 +1.8859	 +1.7467
 +1.8655	 -1.0035	 +3.3722	 -0.1384	 +2.7636	 -4.3680
-15.1581	 -4.7417	 +0.9256	 +2.2819	 -0.3967	 -2.4933
 -3.9747	 -2.1527	 -4.4136	 -2.4994	 -4.0638	 +3.4419
 +1.5601	+10.1398	 +6.9200	 -0.2126	 +4.1647	 -2.2085
 +5.5194	 +9.2024	+11.9008	 -2.1546	 +2.9684	 +1.2131
 -1.5945	 +1.6190	 -0.3339	 -3.4515	 +0.9333	 +1.7732
 +6.3720	+12.2511	 -7.3520	 +0.2682	 -0.4822	 +2.3242
 -2.6985	 -7.1559	-14.1976	 -3.2287	 -2.1673	 +3.0649
 +0.8490	+11.5184	 +2.2319	 -1.4606	 -1.7470	 -1.0304
 -2.3572	 -7.2793	 -4.8570	 +3.4112	 -1.7563	 +3.4020
 +0.1854	 -3.2665	 +1.2958	 -1.0635	 +2.5922	 +1.8585
-25.0487	 -9.9023	 -3.6257	 -0.2149	 -1.9720	 +3.7458
 +0.6826	 -0.0135	 -3.2964	 -3.3185	 -3.2122	 +2.9339
+32.8490	+11.0526	 +5.4992	 -0.0766	 -0.2660	 -0.1428
 -6.7371	 -7.0001	 -8.0864	 +0.5962	 +2.7703	 -1.6598
 -8.4130	 +0.6237	-11.6539	 +1.8353	 +3.1720	 +0.5176
 -3.1220	 +5.2643	 -0.6420	 +3.1241	 -5.0982	 -3.2929
 -1.9587	 -2.7770	 -6.0383	 -0.2340	 -0.8473	 +0.0844
 +3.2293	 +0.9502	-18.3856	 +3.4132	 -1.5525	 +0.9885
 -2.6360	 +4.3074	 -2.6119	 -1.8089	 +3.2276	 -3.2922
 +6.8877	 -4.5234	 +3.3106	 +0.0283	 -0.7485	 -1.2714
 -4.1217	 -3.0632	 +8.1395	 +0.7212	 +0.3376	 -0.0897
 -6.2493	-13.4411	 -2.4946	 -5.3876	 +0.9585	 -0.1458
-81.1395	+42.9135	+29.8969	 +0.5050	 -0.1045	 +0.4735
+16.3542	+12.4445	 -7.9844	 +0.1033	 -1.2312	 -2.5702
 +8.0286	 -0.9404	 +6.7552	 -1.6213	 -2.2917	 -0.9174
 +1.1585	 -7.5801	 -0.9846	 +3.5160	 +0.1622	 -3.6271
 -2.4949	 +2.0629	 -4.5599	 -1.7976	 -3.1144	 +2.6508
+16.4989	 -7.3023	 -2.6660	 +3.5010	 -0.3151	 +1.3985
 +0.8276	+24.6062	-38.7464	 +0.9445	 +0.6095	 +0.1306
 -2.9038	-14.2762	+18.6507	 +2.2446	 +2.3101	 +0.8624
 -5.5673	 -4.0511	 -5.5457	 -3.3618	 +1.4023	 -2.1424
 -0.9800	 -4.5770	 -3.5284	 -1.9722	 -2.1361	 +6.1820
 -4.6925	 -1.8030	 -4.7843	 +1.2359	 +1.1788	 -2.4837
 +3.1311	 -0.2724	 +1.4128	 +3.2138	 -0.4138	 -1.8931
 -9.7544	 +8.0217	 -0.3409	 +3.4594	 -0.9758	 +3.5609
+12.3717	 +1.1853	 -3.6937	 -1.9158	 -2.1364	 +1.7589
 -1.7106	 -2.3502	 -3.1535	 +1.1302	 +0.0329	 +4.2151
 +3.3650	 -3.5900	+14.7589	 -4.4424	 -2.8790	 -1.5414
+16.6284	-18.0990	 -3.9961	 -1.2277	 -0.5761	 +2.2054
 +5.0581	 +4.4055	 -6.0030	 -0.2691	 +2.1594	 +4.2680
 +3.5898	 -4.1310	 -5.0023	 -2.8685	 +3.4967	 +2.3681
 +3.2484	 -2.3980	 -2.3444	 -6.6421	 +0.3493	 -0.1990
 -2.2526	 -4.0090	-21.0026	 -2.3461	 +0.5029	 -0.1817
 -3.4902	+10.8828	 -1.3358	 +1.9171	 +2.7958	 +1.6237
-12.4374	 -4.9115	 -6.8604	 +0.5528	 +4.5453	 -0.5224
 -2.1813	 -5.1308	 +4.6123	 +0.7901	 +2.0498	 +2.2404
-14.1768	 +2.9903	 +0.8034	 -0.7563	 -3.4742	 +2.6569
 -2.6069	-18.4366	 +2.3149	 -4.1393	 +0.6804	 +1.2666
-26.5572	-11.2261	-15.0206	 +2.2875	 +1.4359	 -3.0314
 +3.3410	 -0.1301	 -8.4868	 -3.6841	 +1.4104	 -3.5874
 -7.5681	-19.2534	-21.8079	 -1.5624	 -2.6179	 -1.4102
+12.6603	+12.4572	 +3.2830	 -0.0322	 -1.2783	 +2.0731
 +1.5881	+14.5636	 -0.1269	 -4.0887	 +0.5782	 -1.7416
 +3.8764	 +3.4311	 +2.1056	 +2.7811	 +3.3910	 -2.4762
-38.3750	+29.1545	+37.0187	 +0.5801	 +0.0858	 -0.3751
+23.2034	 -2.3636	-10.2719	 -1.1200	 -0.2916	 -1.5829
 -1.7774	 +3.1648	 -5.3379	 +4.1623	 -1.3033	 -2.9947
 -8.6198	 -2.4683	+10.9617	 +0.3784	 -3.4908	 -1.6596
 +0.4248	 -3.6431	 -5.8660	 +2.6833	 +3.4700	 -2.5779
 +8.2382	+16.8585	+14.8566	 +1.0349	 -0.6461	 -0.3451
+27.3405	 -1.8664	-10.8429	 -3.1322	 -0.8629	 +1.0325
 -2.9318	 -8.5052	 -0.0027	 +1.2570	 +0.3971	 +0.9065
 -8.0341	 -0.8576	 -6.7055	 +2.0090	 -3.8842	 -4.3928
-12.6104	-12.3974	-11.5298	 -0.1944	 +0.6108	 -2.4495
 +5.3239	-13.7275	-10.7784	 +0.2969	 +1.9311	 +4.3143
 +0.9817	-11.6497	 +3.8612	 -0.9257	 -1.2621	 -0.7288
-11.6798	 +2.8885	 -6.5210	 +1.5552	 +0.4792	 +2.8814
-88.3132	-30.6616	+72.6047	 +1.5828	 +0.2300	 -1.3949
 +5.0872	-13.9171	 +5.3296	 -2.2944	 +0.8609	 +2.6487
 -0.3112	 -9.2673	+36.0394	 -1.4849	 +3.4938	 +1.7610
 +7.1671	-13.0130	-17.6764	 -0.4543	 +3.2792	 -0.1175
 +4.6439	 +2.1550	 +1.2357	 -0.9650	 +0.4437	 -0.4796
 -1.8846	 +4.7438	 +1.2285	 -3.5249	 +2.2902	 +2.5614
 -2.5839	 -8.3289	 +4.8441	 -3.1700	 +3.0431	 +1.0908
-14.8094	 +6.3880	 -5.7562	 -1.0836	 -1.0870	 -0.3232
 +1.2519	 +0.7635	 +5.9368	 +1.7784	 -3.7712	 +0.8279
 +5.6564	 +5.1146	 -6.2361	 +4.9396	 -1.3642	 -1.6091
 -6.3853	 +9.5291	 +0.7206	 -2.4822	 +3.2501	 +4.0716
 -5.7721	 -2.8389	 +4.4480	 +0.2478	 -1.4941	 +2.4630
 -0.5775	 -0.3821	 -2.8217	 +6.8151	 +0.7811	 -0.9924
 -1.7170	 -1.4727	 -4.4166	 -0.2422	 +6.0509	 -2.2127
-14.7797	-16.9412	-29.9161	 -0.4450	 -0.6718	 -1.8985
 +2.0229	 -0.7834	 -4.5299	 +1.8360	 -1.8190	 +0.0211
-10.6568	-13.4045	-25.9633	 +0.9846	 +1.3321	 -0.4963
-50.8065	+14.4725	+40.8390	 +1.7499	 -1.0047	 -1.2825
-42.1969	-20.3701	+12.0119	 +2.2816	 +1.5633	 -0.8793
 +3.1573	 +5.1303	-11.6479	 -0.2389	 -2.4871	 -3.8705
 -2.3640	 +3.1741	 -6.0292	 -1.6264	 +1.1641	 -2.1918
-71.1929	-124.3836	+118.2075	 +0.7084	 +0.1354	 -0.1607
 -1.1366	-19.4822	 -4.0408	 +1.5403	 +0.5322	 +0.5071
 -3.8698	-11.7058	 -6.7148	 +3.0088	 -0.6454	 +3.7873
 +1.9803	 +5.4669	 -6.8644	 -0.1124	 -0.3096	 -0.9253
-23.5024	-27.4668	-22.6114	 +3.0907	 +0.4072	 -0.5045
+11.9867	 -3.5096	 +3.7659	 +2.9631	 -0.0228	 +0.3034
 -5.0034	 -0.1840	+14.5996	 +0.0379	 +1.3782	 +1.6800
+19.0333	 -7.5537	+45.0879	 +0.9015	 +2.8002	 +0.2824
 +8.2912	 -4.0147	 +3.3296	 +0.4661	 +0.0353	 +3.6963
 +7.0294	 +5.7290	-10.1236	 +2.2788	 -0.9225	 +0.2142
 -5.9325	-10.9309	+19.0145	 -1.1043	 -0.7394	 +3.2470
+11.6665	-17.2482	 +1.4752	 +0.5146	 +0.0312	 -3.6567
-26.5378	 +4.8680	+26.5765	 -0.1131	 -1.1538	 -0.6029
-13.6499	-12.7671	 -3.3668	 -2.5805	 +1.0374	 -2.9611
 -3.9682	 +2.1585	 +2.8784	 -0.7356	 -0.0585	 -1.8734
+15.0687	 -8.5249	 -3.7979	 -1.4268	 -1.4233	 -0.7863
 -0.4832	 +4.1775	+13.5514	 -1.4902	 +1.0161	 -0.3670
 -1.7859	 -0.3629	 -0.2091	 +3.8351	 +5.0549	 +4.6885
 -2.7180	 +9.5481	+10.6214	 -1.0830	 -1.2186	 +1.2189
-11.3606	 -0.0105	 +1.8313	 +3.1998	 +1.9584	 -4.1649
 +5.1695	 -2.7853	 +6.5281	 +1.4126	 +4.0193	 +1.6010
 +8.2879	 -3.2389	 +6.1203	 -3.0449	 -0.6768	 -0.9924
-23.8379	+14.7888	 -4.9232	 +2.8490	 -0.7997	 -1.8835
 +1.7265	 +4.6252	 -1.8224	 +0.2167	 -2.7211	 -3.1064
 +3.1879	 +5.3187	 -0.6835	 -0.5882	 +0.1020	 -6.0055
 -8.6865	 -6.7351	 -1.8695	 -0.8735	 -1.1468	 -4.4296
-11.0040	-11.9878	-17.7971	 +1.3254	 -0.4555	 -0.1898
-25.4888	+24.0197	-67.0127	 +0.6288	 -1.6309	 +1.2027
 -8.7721	+21.0300	 +6.1528	 -1.9005	 -2.5499	 +1.1849
-32.2828	+69.0077	-49.3363	 -2.0014	 -1.0259	 +0.4296
 +8.2720	 +7.3339	 -0.8437	 +0.4060	 +3.4900	 -0.6362
 +7.2798	 +6.8324	 +3.1806	 +0.9997	 +4.2742	 -2.6076
 -5.5161	+20.8465	+10.0690	 -0.6507	 -1.6265	 +0.6033
 +6.6616	 -3.6539	-25.0681	 -0.7593	 -1.3831	 -2.0285
 +7.8205	 -1.8473	 +4.6727	 +2.8438	 +1.7470	 -4.1586
 -8.9534	 -7.7165	-17.7616	 -1.2652	 +1.2476	 +0.9954
 -9.3122	 +2.6005	 +5.8647	 -1.5459	 -1.3733	 -0.8404
 -2.6912	 +0.3205	 -5.8526	 +2.4661	 -1.4745	 +2.5156
 -7.1885	-17.3290	-12.2014	 +0.1449	 -1.0125	 +1.8559
+11.3221	 -2.0969	 -2.5642	 +0.0398	 -3.0319	 +2.0222
 -9.1522	 -6.7339	+12.9319	 +1.8278	 -1.3959	 -0.3650
-21.9924	-11.8892	 -1.3212	 -0.7871	 -1.5469	 -2.0396
-17.0662	 -1.3247	 +5.8550	 -0.7348	 +5.0579	 -0.1297
 +5.8118	 -3.4203	 +6.0392	 +0.3976	 +1.2365	 -3.9497
 +2.3546	 -0.3404	 -7.8085	 -2.2022	 -2.3868	 -3.7389
 -7.5568	 -3.4803	 -4.1229	 +0.8072	 -5.8543	 +0.4049
 +5.0163	 -3.7459	 -8.5514	 -2.6982	 -3.8737	 -0.4490
-139.9778	-170.4673	+114.7633	 +0.4082	 +0.9276	 +0.0604
-13.2283	+14.0405	 -3.9259	 -0.5911	 -1.4370	 +1.5746
-19.1012	+23.6340	+40.4607	 -0.0184	 -2.8225	 -1.0797
-11.6798	 -0.5234	+19.0189	 -0.2873	 +0.9213	 +0.5241
 +7.7746	+73.6803	-78.8810	 +0.0493	 -0.2281	 +0.5819
 -6.3796	-20.2207	 +7.4390	 -0.2314	 +1.3820	 +2.0492
 +7.6641	 -1.8986	 -6.6567	 +0.4135	 -0.6958	 +2.5368
 +3.3586	+16.3393	-17.9168	 +1.8491	 -2.4451	 +2.1014
+19.9149	+12.6457	 -6.6304	 +3.1044	 +0.5690	 -1.4289
-18.0876	+10.8830	 -7.4187	 +1.5627	 +2.8230	 +0.0711
 +2.3586	 -7.9571	 -1.1884	 +3.5857	 +1.4581	 -1.5488
 +0.5136	 +3.6177	 -0.8269	 +1.1385	 +3.7973	 -4.5285
 +3.5969	 -0.9301	 -5.0404	 -2.8343	 -0.2598	 -1.0850
 -2.8391	 +3.0009	 -0.5297	 -1.5529	 +2.0312	 +3.8369
-20.4528	 -0.0238	 -5.4890	 +2.0976	 -2.0070	 -0.2787
-17.2039	+13.7975	 -3.5577	 +0.7782	 -1.5785	 -1.0305
 -0.8018	 -4.6003	 -2.1667	 +5.6578	 -4.9699	 -1.7431
 +3.2525	 +4.4477	-31.6971	 +0.2379	 +0.5448	 +0.8031
 +1.6317	+10.2017	-10.6631	 -3.6433	 -2.1371	 -1.8673
 +4.1284	+15.0459	 -4.6587	 +0.3976	 -1.6035	 +3.9543
-11.0894	 -3.0017	+16.1303	 -0.3010	 +0.8742	 +0.7525
-29.3279	 -1.5830	+20.7256	 -0.6174	 +1.1416	 +1.6310
 -6.8012	 +1.0281	 -4.4568	 -2.2929	 -2.9873	 +1.8669
 +4.0780	 -9.3226	 +3.2890	 -3.5237	 +0.3385	 -3.1420
 -0.3722	 -0.7995	 -1.9107	 +0.9908	 +5.9662	 -0.6338
 -4.7948	 +4.9569	 -8.0363	 -0.2435	 -3.1410	 -3.3247
 +1.8401	 -2.2151	 -0.3980	 -0.4516	 +6.2135	 -3.5995
-17.1436	 -7.2562	 -8.3831	 -0.1200	 -2.7579	 -0.8159
 -7.3356	 -0.8998	 -6.3310	 -3.0008	 +3.7091	 +2.1516
+17.3303	 -2.8980	 -9.1295	 +1.1119	 +0.4023	 -1.7214
-15.2780	 +6.1398	 -4.1905	 +2.2773	 -1.8112	 +0.2094
 -4.7457	 -4.0148	 -4.4887	 +2.3710	 -4.3516	 -3.9289
+12.0354	 -4.0411	 +1.4856	 +2.8486	 +2.7156	 -1.7067
 -3.4365	-10.7298	-11.9564	 +0.4382	 -2.0990	 -1.0102
 -2.7386	 -8.6267	 -8.0027	 +0.9794	 -1.2429	 -3.1848
+10.2177	+21.9282	+14.9318	 -0.1336	 -1.4387	 -3.0692
+10.6907	 +7.6524	 -7.6069	 +0.3512	 +0.6866	 -0.7092
 +2.6404	-12.7756	 +2.7876	 +3.1881	 -0.9918	 +0.6625
+36.9816	 -4.5405	-10.9358	 +0.3751	 +1.2750	 -2.2300
 +5.1803	 -5.4858	 -0.8247	 -2.6667	 -0.5615	 -3.1957
 +2.3824	 +1.2805	 +0.9660	 +1.9672	 +2.1761	 +2.8259
 +3.3814	 +5.3582	-10.5703	 -2.4840	 -1.9934	 +2.7903
 +7.2669	 -0.4481	 -0.0936	 +3.3078	 +0.7663	 -1.1073
 +1.2291	 -5.4354	 +5.5336	 +5.6825	 -0.9771	 +2.4772
 -3.6523	 -4.1551	 +1.4761	 -0.1525	 +5.8026	 +3.6190
-11.1663	 +0.1846	 +6.2379	 -5.3112	 +2.1518	 -0.0364
 -0.9197	 +1.2800	 +4.3651	 +1.3512	 -0.2330	 -0.1397
 -0.0908	 -0.5516	 -6.1653	 +1.2327	 +0.1025	 +0.6180
 -9.0020	 -7.0480	 +5.9191	 -3.3598	 -1.4566	 +3.6621
 +1.3111	+43.7501	 -9.5918	 +1.9844	 -0.2716	 +0.3763
 -4.8594	 -0.9235	 +3.3107	 -1.6696	 +1.3679	 +0.7125
 +7.2609	 -5.9648	-18.8999	 +1.5788	 +1.0259	 +2.6342
 -5.9401	-21.5017	-11.6826	 +2.3066	 +0.1205	 -2.6852
-10.4743	 +6.4627	 +0.2867	 -2.2758	 +3.8127	 +0.4096
-11.3412	-12.5750	 +1.6647	 -0.6004	 +4.0498	 +0.1318
 -3.6653	 +1.8406	 -7.5778	 +1.3330	 -1.3846	 +4.1252
 -9.3076	 -2.6062	+10.3532	 -0.3028	 -1.0640	 -3.9328
 +1.5942	 +6.1190	 +5.2548	 +0.1311	 -3.6294	 +4.0535
 +2.8804	-15.5363	 -2.1099	 +4.5400	 -0.6430	 -1.7827
 -9.7973	 -0.3117	+13.3987	 -2.7454	 -0.8488	 +2.3551
 +1.1553	 +3.5464	 -5.1105	 -3.3205	 -1.4466	 +0.6744
 +7.2122	 +0.5434	+37.2305	 -1.1816	 -0.7048	 -1.3307
 +0.1579	 +0.8277	 +1.4675	 -4.0884	 -0.7047	 -0.0617
 -8.1702	 -3.2741	-10.8147	 +1.0531	 -3.1174	 +0.2753
 +7.6641	-16.2262	 -3.1362	 -1.0364	 -3.4450	 -2.3122
 +5.4008	 -4.8290	 -3.9494	 +1.5916	 -2.7507	 +0.4645
 +2.3401	 -7.5998	 +0.1647	 +1.4471	 +2.6886	 +4.8775
 -7.7025	 -6.5525	 -9.7670	 +4.5551	 -0.8218	 -0.9367
 -1.7537	 -3.7983	 -4.6467	 +1.4756	 +2.8796	 -2.6136
-62.4067	-15.3926	-24.7161	 +0.2678	 +0.3982	 +0.2757
 -0.7425	 +4.0200	 -8.6135	 -0.8469	 +2.5050	 -0.1460
 -5.5851	 +2.0906	-14.2048	 +2.5610	 -0.1915	 -0.6863
 -8.3406	 +6.0150	 -4.3759	 +2.3738	 +0.8192	 -1.4815
