# Num Particles: 1000
# Num Cores: 1
# Total Energy: -2.312376e+04
# Iterations: 201 of 1000
# Current Time: 2018-05-05 20:23:04.583032
# Elapsed Time: 3:09:08.822500
# Avg. Step Time: 0:00:56.461803
# 
# x	y	z	vx	vy	vz
# 
 -3.1725	 -2.1131	 -2.7927	 +3.5314	 +2.4039	 +0.6663
 +4.4053	-15.9647	 -8.8166	 +0.8679	 +2.9859	 +2.1748
 -4.1262	 -7.7680	 +9.6007	 -1.7160	 -1.6674	 +0.1249
-26.6980	+24.1628	 +0.7864	 -1.8901	 -1.1691	 +1.2105
 -2.2557	-19.7345	 -5.6807	 +1.8628	 -0.4505	 +0.5243
 +0.2751	 +1.6168	-16.2791	 +2.5767	 +0.5472	 +1.0359
+11.8027	-16.1289	 -9.7291	 -1.8237	 -0.3364	 -0.6324
 +8.6114	 +7.5165	 -6.0199	 -2.5006	 -0.5950	 +0.4166
-23.8982	-32.6968	-11.3332	 +2.1059	 +1.9498	 -0.0308
-17.7412	+21.3556	 +2.6561	 -2.8134	 -0.8874	 +0.4551
-20.5426	+12.1577	+16.7089	 +2.5723	 +0.7489	 -0.6998
 -5.3162	 +0.0906	 -2.5519	 +0.9321	 +2.7040	 -1.9284
 -1.0854	 +3.0121	-10.3508	 -3.7493	 +2.7276	 -2.2978
+23.7404	+13.4270	-28.5488	 -1.5281	 +0.8703	 -0.8887
 +2.6778	 -4.7950	 -3.4267	 +2.1143	 +0.9737	 -0.8186
+14.6275	 +0.4716	 -3.7312	 +0.4531	 -1.8896	 -1.7608
 -8.8711	 -7.8025	 -3.0069	 +0.6688	 -3.3653	 +3.7030
 -7.0778	 +0.7562	-20.0414	 -1.2322	 +0.7484	 -0.4352
 +9.1019	 -8.7082	 +5.7582	 -0.9739	 -0.5398	 -1.6273
+103.1311	-29.8047	+78.7969	 -1.3927	 -0.8308	 +0.1831
 -1.1905	 -0.8725	 -7.0824	 +4.2625	 +3.1463	 -1.0910
 -2.1938	 -6.0655	 -5.7220	 +1.2145	 -3.5921	 +2.7176
 +2.5680	 +4.4870	 -5.5454	 -2.6113	 +1.8989	 +3.6370
 -6.9066	 -3.3024	 +7.3119	 -1.6460	 +1.6452	 +2.8713
 +8.2804	 +7.8805	 -8.3080	 +0.1083	 -0.2160	 +0.6856
-37.8982	+23.4777	 -1.6826	 -1.8455	 +2.1594	 -1.3024
 -5.0743	 -7.1299	 -6.3134	 -0.5630	 -3.4053	 -0.8498
 +2.7603	 -7.0001	 +6.1190	 -5.3453	 +0.8952	 +0.9529
+13.4732	 +8.9491	 +3.2690	 +1.8869	 -3.1438	 -2.4043
-12.7588	-15.2913	 -4.0285	 +4.0471	 +2.9228	 +0.3601
 +2.7499	 -7.0787	 -8.8854	 +5.0559	 -1.1768	 -2.6232
-57.3890	+11.1209	 +2.2651	 -0.6630	 +1.9709	 +1.8218
 -7.5737	 -5.3692	 -8.5432	 -3.8541	 +0.8529	 +4.3179
 -1.8102	-10.9181	 +2.7528	 -1.1230	 +3.6401	 -2.1851
 -9.4140	 -4.0205	+22.9276	 +0.5453	 -0.5388	 +0.2786
 +1.5556	 +1.9552	 -0.1698	 -3.0677	 -0.4345	 -0.1285
 +1.6519	 -9.3973	 +0.0763	 -1.4961	 -2.3235	 +1.7423
 +3.3122	 -4.8643	 +4.7846	 +4.0086	 -2.4428	 -1.5435
 -3.7704	+28.5912	-10.4532	 -0.7233	 -2.1517	 +0.7997
 +2.6654	 +5.3366	 +5.1086	 -1.5632	 +3.6641	 +0.7348
+16.0526	-16.5387	+10.5352	 +1.6298	 -3.0874	 +0.0907
 -4.9690	 +8.0027	 -9.4165	 +0.3190	 -2.5315	 +2.2365
 -7.3846	 +4.1710	 -9.0039	 -0.4401	 +3.7049	 +1.5451
 -8.8636	 +0.7176	 -2.5751	 -0.8113	 -2.4586	 -1.5478
 -2.1609	+22.0898	-19.5239	 +2.4192	 -0.5361	 +1.1692
 -2.2749	 -2.0351	 +3.4918	 -3.3215	 -0.1658	 +3.1326
 +1.3636	 +8.2399	-11.0980	 +2.2157	 +3.4747	 +1.1954
+34.6248	 -7.3785	 -0.6624	 -0.4114	 -1.1758	 -1.5859
 +0.7360	 +6.6200	 -1.9278	 +1.8120	 +0.2243	 -1.4245
 -0.8032	 +7.1781	 -2.4847	 +3.5023	 +2.9232	 +1.8572
-32.1268	-56.5693	-35.5269	 +1.1765	 +0.3558	 +1.6484
 -4.1918	 -7.5116	 -6.1515	 -0.9932	 +0.1172	 -3.0517
+15.4139	 -4.9104	+12.9692	 -1.0233	 +2.9522	 +3.3335
 +6.3540	 +4.3458	 +7.4827	 +1.3752	 -5.0345	 +0.7271
 +5.9582	 -0.7251	+56.1086	 +0.4521	 +2.2211	 +1.6661
-30.1816	 -6.1171	 -4.5957	 -1.0366	 +0.5999	 -0.1041
+29.4009	 -3.3845	 +2.6922	 -1.8596	 +1.0535	 -1.1502
 -5.9986	 +3.0119	 -1.3432	 +0.8721	 -2.7200	 -4.3926
 +3.5886	 -0.6082	 +3.9958	 +1.7993	 +4.2409	 +2.8140
 -4.5309	-18.9504	 +8.3151	 -3.7098	 +2.1659	 -0.3025
-21.2849	 +2.7382	 +5.7156	 -3.0125	 +0.8227	 -2.2064
 -8.6025	+10.5156	-22.7256	 +0.0228	 +3.5858	 -0.6580
 +1.6966	 -2.5971	 -3.9609	 +1.7015	 +5.2441	 +0.3071
 -3.9314	 -8.9904	 -0.8908	 +1.5365	 -0.6207	 +4.6305
 -4.6188	 -3.5046	 +2.4843	 -0.0795	 +1.1866	 +4.1520
-10.6211	 -8.2127	-12.2191	 -1.3364	 -1.6748	 -0.3302
 +5.9722	 +0.0681	+21.1915	 +0.2504	 +1.0565	 -1.1807
-18.3926	-15.8203	+27.8966	 -2.2018	 -1.7962	 +0.0196
 -2.3309	 -8.7404	-17.4400	 +0.5725	 -0.1805	 +2.2583
 -3.3261	 +5.6907	 +3.0024	 +1.3073	 -3.6313	 +3.6975
 -4.3982	 -5.8829	 -4.2555	 -0.4070	 +1.0008	 -0.2016
 -8.7059	-10.2864	 -3.7351	 +3.0051	 +1.8344	 +1.5032
 -8.6796	 +5.7281	 -5.6184	 +2.8014	 -1.2172	 -1.1938
-12.4579	+15.2850	-96.3973	 +1.9285	 -0.0036	 -1.3647
+26.0082	-25.1214	-12.9940	 -0.4473	 +1.8611	 +0.7111
-14.4390	 +2.7294	 -8.6100	 -1.2337	 -4.4961	 +1.8079
 -2.4726	 +5.8329	 -8.3128	 +1.7312	 +0.7381	 +1.2437
 -7.0616	-12.1505	 +9.9542	 -2.5972	 -1.2651	 -2.5190
 +1.5818	 +8.0463	 +2.3671	 +2.9521	 -2.6642	 +3.0444
+25.0022	-11.9231	 -5.6920	 +1.9691	 +1.8961	 +0.0547
 -2.4816	 +1.2732	 +2.7248	 -0.3120	 -0.8435	 +1.4933
 +9.2055	+13.5620	 -9.7900	 -0.6583	 +1.4959	 -0.4933
 +1.1244	 -1.0653	 +4.1414	 +1.4530	 +0.0455	 +4.0067
-12.5667	+24.0241	+20.9184	 -0.8302	 -0.5337	 +3.2598
+17.3913	 +8.7407	 +5.9948	 +1.7456	 +2.1579	 +2.6817
 -1.8146	 +8.9170	 +9.0870	 -2.9349	 -2.9100	 -0.7785
-17.7457	 -3.3180	 -3.6008	 +0.2818	 +0.9979	 -3.0023
 -2.3729	+20.8680	+10.3616	 -0.7081	 +1.9908	 +0.2591
 -1.5208	-29.2014	 +6.9627	 +2.0469	 -0.5243	 -1.6091
 +2.4892	 -9.1660	 +0.4482	 -2.2345	 +1.2917	 -1.4471
-11.4654	 +3.9835	 +2.9260	 +1.1110	 +2.3203	 +2.9123
 +0.7173	 +2.0044	 +0.5696	 +1.9021	 +0.7425	 -1.1409
-15.0256	-27.6814	-48.6938	 -0.6958	 -0.7760	 -0.2928
 -3.0960	 +0.9862	 +0.9284	 -5.4421	 -1.7218	 +4.9616
 +5.4864	 +9.4195	 -2.0133	 -0.5718	 -3.0850	 -0.9025
 +9.1723	 -5.0356	 -4.0888	 +0.4117	 +2.3809	 -4.0605
 -8.3720	+32.5819	-15.4399	 -0.4020	 -0.4372	 +2.4330
 -1.6987	 -3.2487	+19.3518	 -2.0335	 -0.2941	 +0.4647
-10.4663	+11.1536	 -0.9095	 +0.1823	 -2.7412	 -1.5107
 -7.2446	 -8.4640	-22.9975	 +3.3979	 +2.0141	 +0.0973
 +0.6433	-10.4789	 -3.5159	 -4.0660	 -3.5947	 +0.3099
-11.0836	 -2.0409	-11.1663	 +2.0917	 -0.0741	 +0.5313
 -4.7657	 -1.0547	 -2.0486	 -0.0386	 +0.5935	 -4.3153
 -1.0120	 -0.2492	-12.6050	 +1.3012	 +4.2010	 -0.4200
 -1.1443	 -1.6996	 -4.2617	 +0.5210	 -2.5990	 +2.5945
 -0.5306	 +4.6264	 +7.2794	 +4.5035	 +2.4050	 +0.4945
-10.7920	-18.2417	+20.0460	 +3.3221	 +0.0026	 -1.2400
 -7.5668	-10.2951	 -1.1701	 +0.3669	 +3.1764	 -0.3336
+27.6400	+13.3495	+17.4233	 +0.7788	 +1.7005	 -0.5242
 +5.3904	 +0.9363	-13.4683	 +1.4253	 -0.3543	 -1.7941
 -0.0559	 +9.2727	 -5.0090	 +3.0466	 +2.6393	 -0.6056
+474.2516	+388.8368	-226.9118	 -0.2793	 +0.6733	 +0.3150
-139.0967	+100.8563	+200.5691	 -0.1068	 +1.1341	 +0.4353
+15.5045	 -4.9511	+10.4833	 +3.4823	 -1.1496	 -0.1604
 +3.3266	 -0.2721	+20.4917	 -1.9496	 -1.2757	 -0.3326
 +0.0629	+13.2611	 +2.9770	 -0.5758	 +0.9205	 -3.1270
 +8.4051	 -0.5217	 -3.5899	 +1.0995	 -3.4713	 -2.4515
-71.5019	-15.6723	-11.4698	 +1.4470	 +0.2056	 -0.7353
 -6.8200	 +2.4607	 -2.9644	 -0.3552	 +0.9953	 -1.6144
+46.4272	-23.2072	-43.5052	 +0.4525	 -0.6760	 +0.3157
-13.9159	 +6.2534	-10.3737	 +1.4279	 -1.6461	 -1.6770
 -3.6115	 +5.2929	 -2.5287	 -1.5675	 +2.3615	 -0.2799
 +8.2337	 +2.4551	 -2.6639	 +1.5893	 +2.3135	 -2.1736
 -7.7677	 -8.6390	 -0.3663	 -4.3928	 +1.5560	 +0.4803
 +0.8931	 -2.6490	 +1.7482	 +2.7021	 -0.6052	 +0.3757
 -2.3101	 +2.0982	 +2.2590	 -2.4215	 +4.2294	 -1.7450
-13.7235	 +1.1502	 -7.9720	 +2.6390	 -0.0536	 -2.4542
 -9.7160	 -3.3973	 +2.8765	 +0.1649	 +0.9394	 -0.6165
-10.5149	 +3.2229	 -5.3208	 -0.6709	 +1.4696	 +2.3694
 +8.7767	-12.4405	 -3.9939	 -2.6685	 +0.9024	 -2.3302
+14.0294	+30.6017	-164.8220	 +0.0677	 -1.1629	 -1.2922
+11.0443	 +1.3064	 +4.7066	 +1.3676	 +2.2750	 -1.7545
 +2.6002	 +1.6373	 -9.5051	 -3.1108	 +3.8058	 +0.8308
-10.9246	 -6.2102	 +1.9858	 -2.5855	 +1.6697	 -0.8193
 -2.9445	 -3.5900	 -3.2719	 +0.5151	 -2.9828	 +0.2373
-18.3309	+22.9416	-34.5068	 -0.4103	 -1.2750	 +0.9155
 +4.2139	 -7.9712	 -9.0061	 +4.5408	 +2.7233	 -0.1638
+17.8910	-19.4991	+17.1561	 -1.2382	 -2.4301	 +0.9037
 +4.9458	 -7.5822	 +2.6789	 +0.5510	 -2.2167	 -2.1794
 +9.7577	 -8.9127	 -9.4317	 -2.5768	 +0.6555	 +2.2414
 +2.8881	 -2.6026	+11.6784	 +1.0582	 +1.2811	 -0.4396
 +4.5585	 -9.6583	 +9.3373	 -3.9810	 -0.2019	 +1.5461
 +0.7837	 +0.7942	 +0.5195	 -0.8768	 +1.8298	 +1.4651
-28.8158	 +8.1747	-37.2396	 +2.1463	 +2.1811	 +0.1069
+58.8966	 +2.9128	+20.4703	 +0.4558	 -1.9218	 -0.2450
 +0.4301	 +5.0977	 -7.5816	 -1.2557	 -1.1832	 -3.1044
-30.3090	-69.5025	+47.2673	 -1.2641	 +1.0251	 +0.9407
 +1.7524	+12.7176	 -6.4733	 -1.6601	 +1.3909	 +1.3273
+19.9392	 +5.6330	 -8.6505	 -0.3846	 -1.3384	 -3.0563
 +4.1424	 +2.2568	 -4.3063	 +4.8479	 +3.1859	 -0.7393
 +2.9007	 +0.3079	 +7.3946	 +0.1687	 +3.1627	 -3.3450
 +7.5738	 -2.5036	 -2.5424	 +3.7755	 +2.6899	 -1.8981
 -6.3042	 +1.8181	 -1.8446	 -5.4073	 +2.8951	 +0.2704
 -6.1763	+10.2829	 -7.4317	 +1.3119	 -2.2131	 -0.0085
 +7.0178	 -7.5185	 -9.5975	 -0.4167	 -2.8495	 -0.3183
-10.7277	 +0.2382	-14.4636	 -0.4001	 +1.6485	 +2.4959
 +6.5386	 +7.0156	-17.9016	 +2.7065	 -1.0466	 -1.4601
 +3.6072	 +4.5989	+29.7635	 -2.8639	 +1.0777	 +0.3424
 -3.1598	 -0.8912	 +0.6206	 +2.7019	 -2.7002	 +5.4195
 -2.7550	 +2.2889	 -2.9149	 +3.3041	 -1.3227	 -0.7375
 -4.2923	 +5.4207	 -0.2451	 -3.2639	 +1.1801	 +2.9694
-12.2571	 -2.0063	 +6.8510	 +4.8676	 -2.1179	 -2.2970
 -1.7287	 +2.6781	 -1.6782	 -5.7789	 -0.3382	 +0.8408
+12.7148	+10.4298	 +4.3757	 -1.9450	 +0.8197	 -0.6132
 -2.7556	 -4.8526	 +1.5343	 +4.2433	 +0.7905	 +4.2077
 -5.6323	 -3.4924	 +7.2767	 -4.5998	 -0.0005	 +0.3080
 -0.6372	 +0.8706	 -3.7773	 +2.0499	 +2.4271	 -3.1835
-15.3002	 -6.5518	-11.6904	 +1.0863	 -2.4650	 +3.2895
 -6.6518	 -0.4853	 -3.1889	 -1.7469	 +0.4897	 +1.8802
 +6.9065	 -6.0828	-12.8285	 +1.8070	 -0.9207	 +1.5806
-15.2402	 +0.1871	-18.2644	 +0.7878	 -1.1542	 -1.3872
 +1.4634	 -0.2262	 +0.0450	 -1.8150	 -0.9514	 +1.8566
 -4.9450	 +0.6075	-15.7864	 -0.1209	 -0.4831	 -3.1610
+28.4802	-13.9684	+24.3935	 -0.8060	 -0.3136	 -0.6782
 -4.0353	 +3.0395	 -0.5385	 +2.6829	 +1.7349	 -3.5318
+51.0512	+27.9576	-26.3936	 -2.0243	 +0.9198	 -0.1122
-18.9569	-10.2170	 -1.3828	 -2.0264	 +2.2838	 -2.4479
 -4.4330	-21.8008	 -7.6827	 +1.7119	 +2.0660	 +1.6870
 +0.5831	 -7.8074	 +0.6448	 +0.3111	 +0.9421	 +2.0461
 -1.3482	 -8.9097	 -1.8483	 +0.7823	 -1.3481	 -2.4452
 -8.3995	 +4.8970	 -4.9423	 -3.1097	 -0.2999	 -0.2889
 +0.1307	 +8.2770	 -6.2107	 -2.5521	 +1.6999	 +2.3644
 +6.3934	 +3.1283	 +3.1566	 -1.1773	 -0.9993	 -2.0793
+13.7753	+21.0522	-23.7760	 -0.8607	 +0.9570	 -1.1295
+10.8791	 +4.1870	 -4.1961	 +0.2173	 +2.6158	 -4.3332
 +1.8826	 -4.5854	 -3.6039	 -1.6225	 -0.7307	 -3.1598
 +1.2103	 +5.6256	 -6.6749	 -0.7236	 -0.0783	 +3.5921
 +1.4076	 +1.6862	 -5.7787	 -1.0446	 +1.7320	 +1.2728
-14.2164	 -9.6666	 -3.9789	 -2.4887	 -0.1426	 -2.1176
 -1.7399	 +5.5187	-12.1388	 +2.2063	 -0.0473	 +0.7437
 -6.4096	-17.0509	 +8.1839	 -1.0899	 -3.1099	 +1.2995
 +3.4700	 -1.2774	 -6.7474	 +1.0474	 +0.5072	 +2.7575
 -2.8119	+24.0060	-33.4751	 -1.5737	 -0.8492	 -1.7202
 +1.8263	 -0.1920	+10.1207	 -0.5180	 +2.8658	 +1.3376
 +2.1704	 +6.0342	 +1.6607	 +0.7610	 -3.8296	 +1.0192
 +2.7006	 +4.7926	 -1.0486	 -3.2982	 +0.2672	 -0.9490
 +3.3726	 +9.6538	 +5.4160	 -3.5764	 +2.4194	 -0.6728
+29.6125	-100.9268	-34.9800	 -1.3417	 +0.2377	 +0.9806
 -6.9042	+12.7667	 +2.1168	 +0.8530	 +1.1663	 +2.2155
 -4.6756	 +0.1220	 -9.7284	 +3.5547	 +4.1379	 +1.8058
-10.6119	-23.9424	-16.9022	 -1.3817	 -0.4004	 +2.9558
+24.4519	 +6.5851	 +3.3665	 -1.7760	 +1.1400	 -1.7800
 -4.7148	 +2.3976	 +2.8210	 -0.9871	 -3.1951	 +2.5659
-10.6748	 +6.7414	 -0.3997	 -2.7450	 +1.6294	 +0.4217
-15.6446	 -6.3784	 +3.5386	 +2.6248	 -0.5222	 +1.1726
 +2.8984	 -5.5421	 -0.1371	 +1.6141	 -1.5771	 -1.1478
 -5.4939	 -1.3214	 +0.8213	 +1.9576	 +1.2982	 -2.3694
-18.5101	+18.9659	 -2.4788	 -2.3859	 -1.4300	 +3.1493
 +2.1993	+50.7036	-34.1991	 -2.0529	 +0.7593	 +1.1976
 +3.1533	 +2.8218	 -0.0801	 +4.3130	 +0.1674	 +2.8889
+12.9927	 +1.9585	 -6.0375	 +0.0658	 -2.5019	 -0.0570
 -4.6424	-10.5422	 +0.0884	 -2.2443	 +1.5181	 -2.1728
 -0.0111	 +7.0759	 -7.5586	 -3.4610	 +1.7806	 -0.2729
 -3.4155	 +0.3998	 -6.7942	 -6.9802	 -0.0724	 -1.1191
+19.3962	-11.5035	-20.2629	 -0.8414	 +0.0378	 -1.0313
+119.9232	 +5.2549	-42.5856	 +0.2856	 +0.1481	 +0.6971
+18.5292	+11.2969	-12.2064	 -0.1007	 -1.8004	 -3.6422
 +5.6428	 -6.1430	 +0.5025	 +0.1379	 +1.8752	 -1.6091
 -0.7821	 -2.1212	 +4.0068	 -5.2650	 -1.6942	 -0.6792
 +0.5604	 -5.0307	 -2.6144	 -3.5691	 +3.3571	 -1.0881
+31.9876	-32.5829	 -6.9303	 -0.9938	 +0.2443	 -0.5480
 +5.1924	 +8.5808	 +0.4019	 +1.2565	 +2.1429	 +1.4320
-15.5468	 -7.7811	 -5.9792	 -0.0798	 +1.3591	 -2.0823
 +3.8716	 +1.4626	 -6.6940	 -1.0586	 +2.0778	 -3.3198
 +3.0392	 -4.9043	-14.2664	 +0.4958	 +0.3449	 -0.8844
 +1.8808	 -1.3351	 -0.8438	 +1.9712	 -0.3504	 -2.3755
 +3.0880	 +2.7026	 -2.0386	 +2.9774	 +1.1116	 +3.7127
 -1.0626	 -5.6906	 -4.8423	 -1.9499	 -2.4028	 -4.2825
 +5.7602	 +3.0358	 -1.0716	 -2.0964	 -2.8982	 -1.8418
-11.2229	 +4.2833	 +1.0649	 +1.1522	 -1.9764	 -2.1300
 -4.4258	 +0.8433	 -5.6239	 +2.6817	 -2.6553	 +0.3698
 +3.4291	 +8.6060	 -4.1352	 -0.1459	 -1.4148	 -0.6323
+11.6631	 +6.1869	 -6.9191	 -0.2922	 +0.1886	 +2.9646
 -1.4684	 +0.7546	 +0.4279	 +2.2904	 +5.3684	 +1.2682
 -5.2390	 -9.2457	 -0.4697	 +0.0323	 +0.9636	 +4.8521
 -3.7308	 +2.3160	 +3.0517	 +1.9569	 +2.8495	 -4.2852
 +3.0217	-14.1743	 -2.8798	 -0.0472	 -1.6306	 -1.9884
 +1.6982	-12.6734	+18.3674	 +1.9246	 -2.7779	 +0.0278
 +5.7909	 +6.9050	 -1.6395	 -1.1489	 +1.3646	 +2.4014
 +1.9106	 -0.6172	 -2.3894	 +1.2038	 +1.5732	 -1.4189
-51.3971	 +5.7887	 +0.3223	 -1.8384	 -1.5312	 +0.4378
 +2.0187	 +0.0222	 +5.9085	 -1.7541	 -2.6972	 -0.3216
 +2.5979	 +8.8433	 -0.4257	 +0.3955	 +4.8938	 -2.1478
+14.5504	-10.0835	 -3.1478	 +1.7154	 -1.5140	 +0.5098
 -6.4959	 -8.6786	 +0.7786	 +0.8736	 -0.3934	 +1.5623
-15.2575	 +8.9718	 +3.0874	 +1.2893	 +0.6950	 +0.5472
-31.5757	 -7.8900	+41.2388	 +0.3371	 +1.1325	 -0.6213
 -6.8267	 +0.2765	 +6.2584	 -4.8097	 -0.0100	 +1.7251
 -4.3286	 -6.9002	 +2.4245	 -2.2041	 +3.0798	 -3.2240
-37.4040	-31.0263	-22.0126	 +1.7088	 +0.4609	 +1.5704
-16.9595	+23.4378	 +5.7195	 +2.0822	 +1.8236	 +0.5946
-10.6579	 -3.6791	 -8.2604	 +2.5954	 -4.2899	 +2.2421
 +9.9387	 -7.0511	 +1.0671	 -0.1590	 -0.6801	 -0.9750
 +3.8551	 -7.7916	 -2.2376	 +3.4135	 -1.9512	 +2.8221
+1871.3504	-30.9082	+790.2942	 +0.2211	 -0.2337	 +0.0661
 -4.4268	 +3.4393	 +2.0306	 +2.2008	 -0.9104	 -4.6746
 +4.5986	 -2.7449	 -3.2488	 +4.1283	 +3.2587	 +0.1556
 -2.9958	 +2.3236	 +9.9558	 -1.4194	 -0.2916	 +2.6910
+24.2443	-16.2076	-12.3358	 -1.4120	 +0.2097	 +1.6515
 -1.5198	 +1.5239	 +3.3446	 +2.8769	 +5.0965	 +0.0595
-56.1887	-49.0614	-69.5263	 -0.8801	 -1.3134	 -0.2744
 +4.3522	 -6.7716	-21.7232	 -0.3373	 +3.9287	 +1.7999
+17.5510	 +7.0720	+20.3626	 -2.4472	 +2.0229	 -1.8992
+21.0622	-26.8305	+10.3559	 +0.8821	 +0.7663	 +0.3041
 -6.7298	 -1.5424	 -5.6022	 +2.7517	 +0.2828	 +1.5354
+15.1050	+23.2930	 -9.1319	 +1.2690	 -2.8391	 +0.5630
 -9.3674	+20.9361	 +3.0023	 +0.0950	 -0.5015	 -0.4085
 +5.5547	 -8.3121	 -1.1645	 -0.1372	 -0.5191	 -0.9476
 +1.1122	+10.4481	 +5.4462	 +0.8243	 -0.4498	 -0.6683
 +0.7362	 -4.4171	-12.3732	 +0.7573	 -4.4271	 -2.3375
 -2.9773	 -4.6018	+13.0107	 +0.8877	 -0.7852	 -1.2292
 +4.3426	 +0.1166	 -7.0763	 +0.7906	 +2.6070	 +1.2602
 +7.0788	 +1.3657	 -1.5283	 -0.3979	 +1.4240	 +4.3945
 +5.8114	 -8.3342	 +4.6465	 +2.7461	 -1.8461	 -1.8325
 +2.3694	 +2.2242	 +0.4553	 +3.5705	 +2.2566	 +1.2176
+17.3055	+14.9869	-23.2357	 -2.9092	 -0.0713	 +1.2248
 +1.9436	 +6.5074	 +3.0781	 +1.8933	 -0.3770	 +3.1086
 -5.8040	 -1.5023	 +1.4957	 -1.2967	 -1.6448	 +1.6790
 -0.5188	+17.1010	 +6.9292	 +0.2426	 +1.4970	 -4.4810
 -1.8455	 +1.2895	 -2.7539	 -3.1343	 +3.6309	 +3.5066
 -6.6101	 -1.3449	 +0.9122	 +4.4699	 +0.7641	 +0.7641
 -5.1987	 +4.3059	 -0.4989	 +3.6906	 -2.7087	 +2.3476
-14.6346	 -2.4603	 -2.2125	 +0.0653	 -2.9153	 +0.9388
+10.7565	-11.4546	 -0.4024	 -0.8655	 +0.6511	 -0.7374
 -0.4962	 +4.4320	 +0.8540	 -0.0643	 -3.3556	 -3.9854
 -0.3193	 +3.3476	 -1.0585	 +3.6964	 +3.2235	 -1.8138
-18.4325	 +8.8337	-13.8949	 -2.2319	 +0.3328	 +2.1966
-25.9288	 -5.8387	 +3.0643	 -1.6038	 -0.8761	 -2.7914
 -7.7405	 +5.8008	+10.0792	 +0.9235	 +0.4537	 -1.8181
-133.8386	-42.8917	+72.1636	 +0.6634	 -0.9511	 +0.6945
 -3.2651	 -1.5192	 -1.8300	 +0.0035	 -0.2929	 -1.8291
 -5.2654	 -5.9302	 -2.8584	 -4.7299	 +2.1260	 -1.6873
 -2.3590	 -6.2535	 +5.6730	 +5.1278	 -1.6596	 -0.6456
 -3.3724	 +5.3435	 -7.0290	 +3.4103	 +0.3386	 -5.1273
-14.1392	+11.7015	-14.5456	 -1.5197	 +0.5384	 +0.7028
 +4.6804	 +5.6503	 +3.5439	 -2.8963	 +4.4216	 -0.2006
 -4.8234	 -6.2819	-14.3588	 +0.6908	 -1.9775	 +0.0976
-113.4834	-104.4939	+101.5083	 +0.3824	 -0.2708	 -0.1067
-17.0586	+33.2646	+23.8265	 +2.0624	 +1.3807	 -1.4679
-21.1509	-26.6768	 +8.8906	 -1.4566	 +0.5275	 +2.3072
-28.0330	 +9.5152	-25.4235	 +1.6505	 -0.3897	 -2.5113
-14.5076	-23.8635	 -7.8200	 -1.9661	 +0.4589	 -0.5813
 +2.9408	 -2.3544	 -6.5136	 +0.6363	 +0.0613	 -1.8430
 -3.0169	 -1.5538	 +3.5022	 +1.1189	 -1.2160	 +0.2443
 -1.5439	 +4.2281	 -4.8496	 +5.8305	 -1.3302	 -0.6822
 +3.6553	 -5.8645	 +2.8137	 -1.9289	 +1.9356	 -3.6421
-23.7453	 -5.0942	 +0.9902	 +0.5314	 +0.8175	 -1.3507
-15.3975	-12.8278	 +8.2160	 +1.7065	 -2.6454	 -1.1235
+21.2471	-96.3012	+19.9314	 -0.9661	 +1.2449	 -1.1838
-13.3292	 +5.0861	 +2.3411	 -3.0775	 +1.1606	 +1.9058
 +1.1688	 -0.3816	 -4.4121	 +0.7419	 +1.5672	 +3.7090
 +0.9769	 -0.3576	 -3.8742	 +2.3280	 +2.1798	 -0.7548
 -1.1382	 -2.2295	 -7.7191	 +1.2213	 -2.2973	 +4.1755
 -7.1520	 +8.0933	 -8.9845	 -1.8241	 +1.2321	 +1.4180
 -9.3027	 +8.6593	+18.2461	 +0.3828	 -2.8891	 -0.4040
 +6.8734	 -2.9801	+18.8823	 -1.0226	 -0.4200	 -2.0110
 +0.7795	+10.0395	 +0.3943	 +2.8372	 -0.3746	 -6.0274
 -4.8870	 -0.7769	 -2.0582	 -0.1350	 -2.5539	 +0.9651
+12.2494	 -8.1424	 +3.9417	 +0.6778	 -1.9424	 +1.5850
 -3.7956	 -7.5007	 -2.6020	 +1.8820	 -0.9075	 -3.5662
 -0.7715	 +1.8602	 -1.8944	 -2.6501	 +0.7298	 +2.4465
-14.3933	-14.4721	 -4.0332	 -0.1316	 +4.7194	 +1.6821
 -2.9067	 -1.3105	 -9.7498	 -0.6283	 +2.5919	 -5.4343
 -4.1291	 +0.7012	-10.6589	 +0.6115	 -0.9802	 +3.3962
 +2.5406	 +1.4498	 -5.1966	 -0.1148	 +3.7583	 -0.0626
 -1.3541	+10.8452	 +2.7866	 +1.8516	 -0.3905	 -0.3655
-155.6565	-53.3948	+202.5348	 +0.5257	 -0.6808	 +0.2304
 -0.1286	 -2.4966	 +0.5331	 -2.1730	 +2.1981	 -1.2075
 +8.1450	 -8.6673	 -5.2667	 +0.9911	 -0.0243	 +1.7303
 +9.2905	 +3.7523	 -0.3405	 -2.7701	 +0.0790	 +2.5084
 +2.3653	+11.0001	 -9.9807	 -0.1929	 +3.0084	 +1.6183
 -1.4848	 +0.7949	 +0.0417	 +0.6182	 -0.9468	 -5.7823
+30.9468	+41.0927	 -3.7473	 -0.9273	 +1.6477	 -1.9305
 -2.2315	 +4.7909	 +1.5721	 +2.9033	 -0.7638	 -5.1748
 +7.7373	 -5.3478	 +4.5551	 +2.2174	 +2.0279	 -2.9528
 -6.9880	 +4.2143	-19.4356	 +3.4027	 +0.4399	 +1.3939
 +1.9463	 +6.3316	-10.2001	 -0.0544	 -2.7895	 +0.3163
 -6.2632	 -0.4275	 -0.0540	 +0.9152	 -2.1768	 -2.8835
 -3.4129	 +7.1861	 +2.9124	 -2.7698	 -2.7375	 -1.6094
 +0.2875	 +1.1871	 -5.9222	 -0.2962	 -0.9093	 +0.8026
 -5.6608	 -6.6628	 -9.0837	 +2.4992	 +0.4738	 +1.0544
 -2.9641	 -5.9784	 +8.2078	 +0.9218	 +1.6008	 -1.3196
 +6.5036	 -2.4605	 +5.1668	 -3.6003	 +0.2283	 +2.4695
 -6.4381	 +3.7543	 -1.5228	 +0.4571	 +0.8684	 +0.2933
 +0.1462	 -4.1421	 -0.4658	 +2.1799	 +1.1192	 +3.3015
 +3.6897	 +2.5323	 -9.2922	 -2.4746	 +1.3357	 +1.8450
 -0.8717	 +0.7524	 -5.3810	 -1.1487	 -1.0580	 +1.5912
-13.7338	-12.4876	+20.6480	 +1.7495	 +1.7384	 +3.2961
 -0.2609	 +1.3067	 -1.8091	 -1.2792	 +0.0873	 -3.0771
+10.3183	-10.3411	 -2.4752	 -2.0962	 -1.1102	 +1.5493
 -9.3167	 -7.7171	 -2.4963	 -0.4485	 +2.2741	 +2.6647
-10.2106	 +2.7570	 +4.7809	 +4.0858	 +0.7889	 -2.7226
 +4.3550	 -6.3979	 +1.4487	 +1.8699	 +2.4409	 +1.1696
+10.7953	 -8.9105	 -4.4082	 +1.7686	 -2.1711	 +2.9466
 -3.5294	 +8.0377	 -4.6371	 +2.0246	 +0.1607	 -1.1914
-13.9373	+27.9441	-44.9188	 +0.6164	 +0.2183	 -1.0546
 +8.4197	-10.5778	-50.1869	 -0.1263	 +1.0451	 +0.6479
 +5.0643	 -1.5359	 -2.4616	 +0.6743	 +1.7553	 +2.2627
-18.4941	 -3.0104	-10.8905	 -0.7858	 -2.5875	 -1.3485
 -4.3307	 +4.3877	 +0.4628	 -1.7257	 +1.3518	 -2.0202
-10.0324	 -8.4397	 -5.4055	 +2.2100	 +4.5704	 +0.8079
-17.2932	-70.4081	 -4.1407	 +1.2840	 +0.8782	 -0.6894
 -2.7903	 -3.9079	 +8.5102	 -1.7882	 -3.0254	 -0.9763
 +5.3097	 -0.9600	 -1.1315	 +0.5733	 -4.4526	 +3.1953
+15.8885	 -4.1271	-10.0796	 -2.3598	 +1.7032	 -3.9406
 -1.3247	 +9.0412	 -7.4293	 +3.7171	 -1.6017	 +4.6442
 -2.5323	 +1.7496	-17.9513	 +1.9857	 -1.3564	 +1.6103
 -7.4335	 +1.6253	 -9.4682	 +3.5104	 +1.4122	 +0.5713
-10.2574	 +7.1957	 -0.5515	 -2.1673	 +1.7548	 -0.6078
 +5.9003	 +5.6861	 -1.2072	 +1.3213	 +3.7473	 +1.8700
 -8.7397	 -0.3865	 +1.3709	 -1.5863	 -1.2307	 +2.2685
 -8.0793	-22.2920	-10.4629	 -0.4592	 +0.4977	 +2.7724
 +2.1512	 +4.0076	 +2.4823	 +3.6741	 +0.0214	 -0.6136
 +4.2692	+10.4211	 +5.0307	 -0.6389	 -4.1436	 -2.0712
-58.0876	 -2.7656	-11.9321	 +0.4241	 +1.2718	 -1.0362
 -0.2417	 +2.4794	 +2.5766	 +2.6106	 +0.2346	 -0.2663
 +3.3384	 +3.6459	 -8.7271	 +2.2554	 +2.2287	 +0.6822
 +6.5120	 -0.8372	 -3.3064	 -0.9297	 +4.5081	 +0.5377
 +2.8218	 -4.7567	 -6.1377	 -0.0663	 -2.3071	 +1.1163
 +1.5811	 -1.3823	-17.4453	 +3.2128	 +2.6379	 -1.4726
 +1.5584	 -8.4581	-21.5746	 +0.5055	 +2.3682	 +2.7583
 -8.3535	 +6.3969	 +8.6166	 +0.9131	 -1.1275	 +4.3507
 +0.3702	 +1.0517	-14.5091	 +4.7868	 -0.8125	 -0.1968
+12.8781	 -3.1388	 -4.6032	 +0.9572	 -2.4038	 -0.6308
 +1.8547	-28.8623	-21.6287	 -0.7294	 +0.8927	 -0.8112
-12.3114	+20.2725	 +2.8140	 -0.8765	 -0.1973	 +2.2166
 -1.7160	 +2.7791	 +1.4506	 +2.4091	 +0.8251	 +1.7101
 -1.3938	 -4.5471	 +3.4269	 -2.0854	 -3.9243	 -2.7797
 -6.8270	-12.1279	 +9.4393	 +0.5790	 -1.7008	 +1.2935
 -0.8716	 -0.3839	 -8.6133	 +1.1945	 -5.2717	 -0.9457
 -1.0845	 +1.6537	 +0.6521	 -4.0727	 +2.0813	 -4.6977
 -5.0622	 -0.6069	 -9.8185	 -5.1903	 -0.9780	 +1.9960
 +1.0342	+11.5007	 +6.0549	 +0.2495	 +2.0581	 -0.4364
+35.4442	 +6.4780	 +5.2152	 +0.5756	 -0.1456	 +0.7357
-21.9804	+12.7266	 +3.2074	 +1.4983	 -0.1921	 +1.7172
 -2.9058	 -4.3690	 -4.2779	 +1.2361	 +0.6136	 +3.7188
 +3.7533	-24.1586	-21.9776	 -1.0482	 -2.0897	 -1.5928
 +3.7803	 -6.8145	 -7.0919	 -2.1476	 +4.7178	 -1.6699
+10.5741	 +6.4093	 -7.0587	 -0.6727	 -2.3463	 -1.8622
-30.1007	 +7.6239	 +2.6711	 +2.9881	 -0.2297	 +3.3049
 +3.2827	 +7.2651	 -1.9562	 -2.0417	 +1.1570	 -0.9125
 +7.5892	 +1.9769	 +5.1431	 -1.3482	 -3.6030	 -0.8988
 +2.8033	 +5.4587	 +3.4367	 +3.9147	 -2.1251	 +1.7037
-12.8192	-13.0128	+10.2045	 +0.1691	 -1.0983	 +1.0308
 -7.8200	 -7.3141	 -0.7862	 +2.4570	 -3.3293	 -1.6528
 +5.1214	-14.9445	 -9.8971	 +2.3833	 -0.7848	 -0.9919
 +5.9994	+16.3535	 +0.2343	 +3.3137	 -0.0605	 +1.7698
+20.4718	+10.2119	-15.3358	 +2.0689	 -1.8398	 +0.4221
-19.4430	 -1.3439	+18.7616	 -0.0572	 +2.9041	 +1.8465
+30.7651	-10.5710	+68.3756	 -0.1066	 -1.8272	 +0.5458
+11.4813	 +5.4542	 +3.9161	 +0.5020	 -1.3092	 -1.0020
 +3.1689	-10.7848	 -6.6863	 +2.3409	 +2.9057	 -1.4492
 +0.0290	 -1.3128	 -1.0402	 -2.6932	 +0.0970	 -2.4040
-15.8432	 +8.2275	-14.4492	 +2.1063	 -1.9635	 +1.2588
 +0.5952	 +0.3547	 -0.4069	 +4.2364	 +3.0407	 +3.5775
+27.1318	 +2.3513	 -6.8296	 +1.5611	 -0.5230	 -1.9567
-13.0009	-13.8511	 -1.5770	 -0.9778	 +2.9926	 +1.6986
-16.4519	+16.8849	-16.5395	 -1.6135	 +1.8937	 -2.0014
-10.1239	-23.2080	+11.5401	 -2.4144	 -0.5809	 +1.4591
 -4.4446	 +3.4528	 +1.9679	 -0.0858	 -2.3606	 +1.6434
+15.5407	 +3.7267	 -9.6917	 +2.3311	 -1.9259	 +0.4896
 +1.6637	-18.8989	+14.5027	 +1.4449	 +1.0575	 -0.1641
 +2.4662	 -6.9100	 -0.6731	 +0.9544	 +2.1520	 +3.2863
 -6.2321	 -3.2791	 -4.2699	 -3.4899	 +2.6790	 -3.3539
 -7.7427	 -2.5502	 -2.0338	 +3.0673	 +0.5888	 -1.8049
 -5.2656	 -6.8729	 -3.1596	 -2.6243	 -2.9673	 -2.7506
 +1.1745	 -9.0355	-13.2392	 -1.9894	 -0.6114	 +2.0255
 +9.7847	 -0.1105	+29.1964	 -0.4849	 -1.8600	 +0.6690
 -7.0748	 -8.2286	 -1.7528	 -1.5047	 +1.1656	 +0.5852
 -0.3704	+12.3978	 +6.8451	 +1.2332	 -0.5232	 +3.9715
 +5.4246	 +0.9129	 -8.5358	 -0.8378	 -1.0034	 -1.3103
 -7.5766	 +2.0505	+10.1904	 +2.8940	 -0.2646	 -3.5054
 -8.5435	 -3.2430	 +8.1100	 -1.9705	 +0.9600	 +1.2056
 +2.0424	 -1.5905	 -4.3676	 -2.2628	 -0.2135	 -2.4776
+32.9063	 +6.7136	-19.3280	 -0.8623	 -1.2108	 +0.0691
 -9.8706	+11.3406	-28.4060	 -2.9844	 -0.5827	 -0.8872
 -6.0689	 +1.2280	 -0.9015	 -3.9842	 -0.4417	 -1.4485
 +5.2981	 -4.0909	 -8.0978	 +2.6255	 +0.8024	 +2.3249
 -1.9366	 +7.5623	 +0.2060	 -0.6986	 +4.4667	 +1.3301
 -5.6392	 +6.8919	 -6.8934	 +1.3869	 +0.4247	 -2.6004
 -0.0083	 +2.7072	 +2.5108	 -1.5547	 -5.6604	 +2.0661
 +9.1707	 +7.8083	 -3.7908	 -4.1108	 -2.9710	 -1.0780
+21.6048	 +1.1098	 +6.9333	 -2.7124	 +0.9527	 +0.3406
 -2.0689	 -0.4612	-11.3004	 -0.6728	 -0.9900	 +1.2331
-15.6778	 +0.0944	 -5.3450	 -1.0771	 -0.3570	 -1.7496
 +1.6082	 +0.6853	 -2.1719	 -0.2288	 -0.5975	 +2.3181
 +0.7416	 +5.9006	 +1.0842	 +1.7244	 -5.6922	 +2.3801
+17.2678	-62.0003	-32.4909	 -0.4527	 +0.9860	 +0.7297
 +0.9095	 +4.5489	+10.8809	 -0.8147	 -3.9596	 +0.9961
 +3.5773	 -1.0127	 -6.3842	 +0.3718	 +1.5548	 +0.0168
 -4.0292	 +1.9647	-11.0637	 +2.6975	 -1.2875	 +1.2012
 +9.5903	+18.6070	+27.9777	 -1.0956	 -0.1398	 -1.2540
 +3.9834	 -8.7234	 -1.8677	 +1.3278	 -3.8624	 -0.8181
 -3.3178	 +3.3636	 -0.7487	 -1.5418	 +3.7709	 -4.5647
+15.1029	-17.2473	+19.0487	 -0.9073	 +1.4736	 -2.3593
 -2.8956	 -7.5593	 +2.4158	 -2.9749	 +0.8572	 +0.1789
-71.4406	-56.0706	+28.6933	 +0.5882	 +1.2793	 +0.5065
 -9.3217	 -4.5589	-11.0724	 +3.3838	 +0.1500	 +1.6000
+58.7442	+41.1828	+41.3300	 -1.2779	 -1.2967	 -0.3790
 -6.9823	 +5.3646	 -2.3050	 -0.1895	 -4.3381	 +4.0970
 +7.7654	 -8.5170	 +1.0538	 -2.1474	 -1.0479	 +0.1710
-110.1619	+52.6561	-21.3092	 -0.4997	 +0.7606	 +0.2725
 -1.7325	 -3.9487	-11.4597	 -3.4652	 +0.3265	 +3.5925
 +8.3738	+10.2875	 +3.0381	 +0.6375	 -1.1463	 -1.0302
 +5.9502	 +1.7699	 -8.6772	 -0.8926	 +0.1614	 -3.1098
 +0.0614	 +5.6761	 -7.3664	 +1.5772	 +1.7298	 -0.4014
 -3.1512	 -0.2366	 -2.6771	 -1.9088	 +2.8830	 -2.7765
 -5.2918	+13.1915	 -6.2340	 +2.4034	 +2.5215	 -1.4429
 +4.7240	 +4.7205	 +0.3702	 +2.7443	 +1.7956	 -0.1971
 -0.5959	 -3.7381	 +0.0490	 +4.8136	 -3.5910	 +0.3242
 -6.7695	+16.7323	-12.1526	 -0.2125	 +3.9545	 +0.4184
 +5.3149	 +9.4027	 -8.9009	 -0.9362	 -1.7820	 +2.1871
 -2.1972	 +3.3461	 -1.4833	 -2.2978	 +1.4323	 -1.2656
 +3.3867	 +0.7920	 -6.3873	 -1.2499	 +2.9905	 -1.4136
 +5.6593	 -0.3521	 +2.2805	 +0.0788	 -2.2284	 +3.0552
-35.1181	+12.2791	+13.1848	 -1.0557	 +0.9643	 +0.3817
 -2.2892	 +3.2505	 +7.3271	 +3.8436	 +4.8346	 +0.6003
 -3.8063	-18.3601	+11.1256	 -1.2854	 -3.7909	 +1.5123
-12.4140	 -5.1020	 +8.5143	 +2.3910	 -0.4770	 +3.2192
 -3.3698	 +3.1415	 -8.2386	 -0.9254	 +0.9256	 -0.5527
 +8.1666	+16.8067	-25.0751	 -1.4072	 +0.7374	 -2.1995
 +4.9326	 +4.9411	 -7.7660	 +2.6453	 -2.9613	 +0.7344
 -7.8134	 +2.9711	-15.5137	 +1.6917	 +0.5232	 -0.0317
 +2.9179	 +6.6881	 +0.8320	 -0.6634	 -4.6709	 +1.3436
 +3.7452	 -7.1905	 +0.1517	 -1.0382	 -3.2009	 -2.9528
 -7.9024	 +3.2450	 +6.7797	 +0.8614	 -0.7299	 -0.7239
-15.2923	 -0.8239	+13.8578	 +0.0187	 +1.4069	 -1.7655
-47.1176	+12.3768	 +5.4735	 -2.1333	 +1.4438	 +0.7959
 -2.7722	 +3.0858	 -0.9205	 -1.9725	 -1.2388	 +0.1278
-27.8274	+16.5428	 +9.1975	 -0.6484	 +4.3947	 +0.0406
 -7.5930	 -9.1185	 +5.2892	 +1.6059	 +2.1168	 -1.7733
 -8.9456	 -5.5656	 -5.3941	 -1.8642	 -2.7566	 -1.1204
 -2.6775	 -1.1437	 +3.0408	 +2.5240	 +0.7923	 -0.6508
-12.6777	-51.1682	+33.4282	 +1.9237	 +0.1544	 +0.7857
 -5.2745	 +5.2403	 -2.0016	 -1.0382	 -4.2736	 -1.8410
 +5.2695	 -0.6245	 -3.8012	 +3.1944	 -1.1875	 +2.9465
 -1.0157	+16.2357	+17.1567	 -1.8895	 -0.3334	 +1.3648
 +5.5867	+17.1438	+17.3315	 +0.1831	 +1.3790	 +0.1725
 -1.4870	 +7.1813	 -9.0015	 -0.5549	 -0.3854	 -1.9213
 -2.2564	 +7.0323	 -2.4570	 +2.1840	 -1.3134	 -0.5881
 -4.1701	 -2.2553	 +0.8677	 -0.5988	 +0.9514	 +4.7337
 -2.4400	 +3.0442	 -3.6835	 +0.6780	 -0.9358	 -0.0623
+11.6142	-15.6068	 +1.2109	 +0.2558	 -1.9234	 -1.1093
 -1.3143	 +4.3642	 -5.9829	 +0.6363	 +2.2926	 -1.7898
 +0.1093	+21.0367	 +3.9973	 +1.7926	 -1.2246	 +2.5544
 -6.3713	 -8.4659	 +2.7321	 +0.6751	 -1.4262	 +0.4031
 -2.6148	 +0.8664	 +0.5262	 +3.3436	 -1.3813	 +0.3413
+19.5740	+10.6169	 -2.4249	 -0.1870	 -2.6235	 +0.3855
 -7.3398	 -1.5319	-11.6986	 +3.5191	 +0.4911	 +0.6757
 -3.8564	 -3.3079	 +6.1590	 -1.0988	 -0.9039	 -5.1382
 +1.7471	 +1.5825	 +2.2882	 -1.7134	 -0.3674	 +0.8827
 +5.7112	+13.3521	 +4.2582	 -3.1566	 +2.0487	 -0.7656
 +9.1623	 -2.5731	 +1.8799	 +3.2149	 -3.7546	 -0.3390
 -0.5731	 +5.7612	 -5.8775	 +2.9027	 -4.2525	 +0.2671
 +4.0328	+16.8265	-14.9371	 -0.5617	 +0.6860	 +1.9302
+11.3217	 -5.5106	 -4.4308	 -0.8185	 -3.2002	 +1.0333
 -7.5857	 +4.3727	 -2.2823	 +3.5612	 +1.5942	 +0.1622
 -1.0447	 +0.2066	 -5.1979	 -0.1295	 -4.4312	 +2.8727
-15.7930	 +3.0789	+11.8865	 -1.5584	 -0.6200	 +0.9903
 +6.4170	 -8.0447	+38.9641	 -1.1125	 +0.8734	 +1.6946
 -3.2088	 -8.9002	 -6.5346	 +0.0755	 +0.6660	 -2.4045
-14.9676	+11.3327	 +0.7412	 +1.3782	 +2.9086	 -0.0598
 +3.5209	 +1.3060	 -1.3639	 -1.3916	 +0.2312	 +0.3213
+16.5348	 -8.0780	 +7.1684	 -1.0582	 +1.1107	 -1.1872
 +2.8751	 -7.0953	 -1.7279	 +1.9343	 +0.2255	 -0.5730
 +0.7297	 +6.2943	-11.8003	 +0.1806	 +5.7642	 +0.7968
 -7.5794	 -5.7649	 -8.0287	 -2.0611	 -1.2621	 +3.0362
-21.3718	 +3.7263	-41.9599	 +1.1923	 -1.1223	 -0.8692
+13.1699	+15.3422	+30.6117	 -1.2592	 -1.0398	 +0.4400
 +2.0752	 -0.3248	 -0.3173	 -3.5389	 +1.5830	 +0.2080
 -2.3392	 +3.2323	 -2.0948	 -3.3275	 -3.9969	 -2.2799
 -7.4942	 +9.1302	+19.0430	 -1.0502	 +0.4382	 -3.5046
 -4.3599	 -5.9864	 -9.1596	 +3.0855	 -0.5928	 +1.6357
 -7.1330	 -0.1095	 +0.5735	 -3.3339	 -2.2845	 -1.2883
-10.9990	+16.3219	+12.4597	 -1.3053	 +0.4720	 -0.6731
 +3.8296	 -5.7027	-12.9949	 -0.4336	 +2.3258	 -0.3732
 -1.4148	-10.3500	 +5.1529	 +2.2344	 -3.1351	 -1.3485
 -5.6531	 -5.1596	 -3.4160	 -1.5434	 -0.1040	 +1.6401
 +1.4089	 +1.3961	 -9.8566	 +3.4612	 -2.2735	 +2.4859
-14.0726	 +3.5793	-14.5733	 +3.6040	 +2.1799	 +1.8203
 -9.6459	 -5.2293	 +3.0822	 +2.8897	 +1.4125	 +2.7539
 +3.0188	 -1.8176	 -6.1104	 -2.5989	 +0.2739	 -0.8450
 -3.3937	 +0.6623	 -7.0696	 +2.0917	 +2.6212	 -2.1395
 -0.9673	 -2.2889	 -0.8608	 +1.2634	 -3.9416	 -2.6430
 +0.9647	 +3.1679	 -3.6785	 +1.4182	 -1.0921	 -1.8083
+23.9829	-14.9218	 +5.9116	 +0.8397	 +0.1752	 +1.0410
-16.1565	+18.2560	 -8.8460	 -0.5647	 -0.8138	 -0.6655
-11.8811	 +1.2683	 -1.7708	 +0.5992	 -2.1665	 -2.1750
 -1.4386	 -0.2032	-11.6431	 -1.4268	 -3.7386	 -1.1647
-15.0175	 -8.5807	 +9.5383	 -0.5076	 +1.9231	 -0.8983
+11.6964	 +9.1085	-16.9916	 +2.2179	 -1.2275	 +2.6966
 +5.8431	 -0.4481	 -2.3589	 +5.2745	 +3.4555	 -0.9603
+20.3246	-12.2025	-21.8993	 -0.1721	 +0.0409	 +2.3467
 -6.2103	 -9.0227	 -2.1600	 -4.5366	 -3.2851	 +1.6521
 -5.6403	 -2.5467	 +1.6402	 +1.7619	 -1.0491	 +3.4281
 -0.4635	 -2.5800	 -4.7487	 -0.0038	 -0.1816	 -1.2525
+22.8581	 +8.7698	 -0.3288	 -0.7655	 +1.6139	 -0.2346
 +0.0486	-11.0136	-12.2064	 -4.0229	 +1.4860	 -3.1538
 -8.2404	 -3.2336	 -7.6516	 -2.0487	 +2.6321	 -4.9670
+22.3093	 -5.3516	 -6.0260	 +0.3053	 +1.0563	 +0.3558
-19.9928	 -6.2609	 -5.0632	 +0.2973	 -1.7212	 -0.0361
 -1.3402	 +7.4708	 +2.2793	 +3.4287	 -0.7086	 -2.6862
 -4.9527	 -0.0696	-10.5306	 +3.2818	 +2.0187	 +1.2219
-12.5364	 -3.2286	 +0.3508	 +2.7229	 +0.2205	 +0.8439
-18.6891	 -0.6676	-13.2856	 -0.0649	 +1.7400	 -2.2013
-29.8190	 -3.6690	 -4.0338	 -2.6572	 +2.6841	 +0.9298
 -4.4499	 +3.3387	 -2.3580	 -2.7954	 +2.4740	 -5.1275
 -2.4714	 -5.7251	 +1.1030	 -1.0610	 -1.9787	 +1.8221
 -4.7792	+19.7987	 -4.1883	 -0.7976	 +0.7733	 -2.5351
 +4.5498	 +5.2318	 +3.2431	 +0.3044	 -5.0600	 -0.3340
-12.4373	+14.2133	-48.9827	 +0.1581	 -0.0232	 +0.0016
+12.3849	+10.9769	 -2.5087	 +0.4671	 +2.1903	 -0.3970
+16.2907	 +4.5858	-16.0959	 +1.4053	 -1.7102	 -1.6203
 -8.6598	 -2.5104	 +4.0529	 +4.0471	 +0.5655	 +2.2688
 -5.4525	+20.1983	-15.3697	 +1.0961	 +2.0143	 +3.1597
 -2.4404	 -6.7070	 -6.1891	 -1.4131	 +4.9999	 -0.5413
 -3.9496	 -7.1466	 -1.9930	 +1.0186	 -1.7928	 -2.3954
 -9.5322	 -1.7803	 -4.6159	 -4.5514	 +0.2305	 +2.3061
 -4.7850	 +0.3724	 +1.8820	 -3.6876	 -0.1683	 -1.8464
 -8.8905	-14.4739	 -1.4092	 +0.8396	 -0.1907	 -0.0795
 +3.6735	+24.1656	 -5.6634	 +2.7242	 -0.9661	 -2.6568
 -1.0466	 +0.8279	 -1.8998	 -0.4841	 -1.4116	 +2.2490
+10.7756	+13.4058	 +4.0026	 -0.1938	 +1.0743	 -2.1178
 -2.1375	 -3.9878	 +3.1508	 +1.9203	 +4.6047	 +3.7934
 -0.1588	 -8.4789	+17.6442	 -1.7624	 +1.2531	 -0.6766
 -0.1492	 +0.7764	-10.7114	 +1.6685	 +1.2092	 +0.1108
 +4.6544	 +3.1060	 -6.4973	 -0.7144	 -0.0137	 +2.0058
 -1.3056	 +3.9523	 +0.2237	 -5.0629	 -1.1665	 +0.2719
 -6.5203	-14.2622	 +6.9234	 -2.3207	 +2.8204	 +0.0042
 -5.5841	 +4.7946	 -3.5310	 -0.8730	 -0.2251	 +1.5243
 -1.0227	 -1.6607	 -4.1953	 -2.0091	 +0.0806	 +0.8421
 -5.4776	 +2.8164	 -6.5316	 +0.7480	 +0.5269	 -0.8876
 -1.4235	 +3.2256	 +0.5562	 -0.1727	 -3.9887	 -1.2995
 -6.2386	 -2.4567	 +1.4363	 +0.3716	 -2.5102	 +0.6053
+10.4365	 -2.0300	 +1.8802	 -0.8302	 +0.4802	 -2.1818
-11.4188	+16.7694	 -5.9116	 +1.2616	 -3.1013	 +1.1812
 -5.3952	 -4.7830	-13.3386	 +0.1358	 +3.6926	 +2.2401
 +3.3686	 -5.9675	 -4.2186	 -3.1661	 -3.0134	 +0.2925
 -5.8546	 -1.3564	 -1.4176	 -0.1393	 +0.9568	 +0.1310
 -2.3461	 +0.3141	 -7.3523	 +0.7416	 -3.5833	 +2.8937
-20.3200	 +2.2980	 +9.0151	 -0.4287	 +0.0607	 -4.5621
 -6.1212	 +7.0421	+12.2565	 -2.4155	 -0.1636	 +4.3512
 +0.3238	 -2.2205	 -1.5265	 -0.1186	 +1.3687	 -2.2370
 +1.3909	 +2.4526	 -2.8879	 -1.1773	 -0.8818	 +0.2478
 +6.0280	+10.3146	 -0.6834	 +2.6764	 +0.0604	 +1.0161
 -3.7212	 -4.7022	 -6.1963	 -2.3094	 +0.8890	 -4.7746
+16.2552	 -8.5588	 +0.5641	 -3.5931	 -1.2270	 -3.1865
 +0.9370	 +4.9774	 +1.3317	 -0.1127	 +1.7084	 -1.1370
 -2.6533	-36.3838	+58.7627	 -0.3730	 -1.1029	 +0.3899
 -1.0473	 -8.8353	 -1.3276	 -1.2792	 -0.9435	 -1.5618
+35.2725	+33.5587	-29.5044	 -1.8671	 -1.3109	 +0.6676
 -0.1560	 -1.7800	 +1.5800	 -2.2500	 -4.1285	 +2.6556
 -2.5179	 -3.8726	 -3.4904	 -0.7145	 -1.9845	 -2.8956
+51.4687	 +1.3639	-42.5087	 -0.4045	 -0.1724	 +1.5852
 -9.9029	-35.2448	+29.1005	 +2.5812	 -1.8302	 +1.2816
+104.2139	+57.5841	+13.0477	 +0.0112	 -0.8142	 -1.6132
 +4.5957	+29.0785	 +5.3794	 +2.7331	 -1.5443	 +0.5010
+25.1481	+66.2334	-33.9649	 +1.1325	 -0.4582	 +0.0560
 -7.6670	 -7.8248	 +4.7990	 +1.4658	 +1.8967	 +1.4285
-14.8351	+15.2309	 -1.4022	 -2.2248	 -2.2008	 +1.2930
-14.8811	 +0.5797	 +0.6437	 -3.4494	 -0.7102	 +5.4833
+12.4983	+32.4771	-48.3307	 +0.6787	 +2.5811	 +0.3600
 +9.1682	-10.9293	+40.8938	 +1.4209	 +1.0290	 -1.2931
+19.0705	 +8.7647	 +3.6973	 -3.1163	 +1.2401	 +0.7261
 +0.2851	 -7.8539	 -7.9835	 +2.5479	 -2.2003	 +0.6754
 -5.3879	 -3.0467	 -2.1575	 -5.1468	 +3.5917	 +2.7062
 +9.8005	 -5.3720	 -5.6454	 +0.5928	 -0.0496	 -2.8986
 -5.3528	 -4.0615	 +2.8758	 -2.7766	 +0.5490	 +4.0279
-11.4073	 -6.5349	 -4.8649	 +0.9690	 +2.5036	 +1.4070
 +2.3226	 +1.5426	 -1.3590	 +3.9004	 +3.2591	 +1.4610
 -1.0417	+20.4736	 +8.3830	 -1.2851	 -2.8196	 +0.4699
 +3.4715	 +9.7736	-14.7280	 -0.4243	 +2.7674	 +1.1943
 +6.0397	+15.3241	-25.6327	 -1.7323	 -0.1185	 +0.4676
 -6.4216	+13.5132	 -2.3788	 -1.0003	 +2.5019	 -0.3698
+16.2882	-19.8742	-12.5886	 -1.4991	 +1.2737	 -0.7166
 -4.5764	 +3.2802	 +1.3219	 +1.3015	 +0.4104	 -2.0924
 -0.9741	 +4.6193	 -5.4117	 +0.7895	 -0.9896	 -2.0677
+10.9353	-17.0512	 -0.4408	 -1.4037	 +1.6592	 -0.4895
 +2.0762	 -0.4396	 -9.3052	 -0.4443	 -2.6160	 +4.8381
 -7.1153	 -5.0969	 +8.0066	 -2.1010	 +1.5240	 +4.6852
 +0.3527	 +3.1700	 -5.6302	 +0.0770	 -2.9367	 -4.7044
 +1.2655	 -0.8269	 -0.9936	 -1.3757	 +1.2020	 -5.8718
-23.2807	+26.2612	 +9.4199	 +0.2065	 +1.5009	 +0.7062
 -8.8703	-13.1449	 -0.2011	 -2.4865	 -0.4380	 -1.9667
-17.0700	 +1.1572	 -1.2507	 -1.8306	 -3.0281	 -1.0257
+17.7320	 +9.6317	 +7.6655	 +3.1352	 -0.9672	 +0.7427
-15.1375	 +3.4227	 -1.8078	 -1.3458	 -1.0647	 +2.2097
 +4.7276	 -1.6261	 +7.6784	 +0.3273	 -1.4420	 -3.6054
-13.7365	+66.4461	+23.0680	 +0.7506	 +0.1693	 +1.2145
+21.8038	 -4.8371	 +4.2677	 +0.8550	 +1.1910	 -1.1393
 +6.1541	-12.7746	 +7.1404	 +1.0631	 -1.8153	 -0.0356
-14.1111	-32.7623	+27.6111	 -0.7559	 +0.7368	 +1.0616
-38.8251	+34.4710	+24.6014	 +1.3493	 -0.3131	 -0.7092
 +0.2886	 -3.0933	 -0.1074	 -1.1993	 -2.9783	 -1.4060
 +0.4127	-17.7884	 -3.3766	 +3.2520	 +0.5510	 +1.8022
 +2.8637	+11.3530	 +5.4416	 -4.5531	 +0.8778	 +1.8918
 -1.7556	 -8.5624	 +1.8003	 +3.1281	 -4.8034	 +3.4459
+10.2580	 -2.6312	 +3.5672	 +3.1650	 -0.2714	 -0.7920
+12.4203	+11.3548	 +8.4219	 +2.5434	 -1.2465	 +0.6890
 +3.7931	-35.0350	+111.3717	 -0.3010	 -1.4458	 +0.5135
-22.8016	 +6.4354	 -2.8019	 +1.1151	 -3.2716	 +0.4012
 +8.7341	-11.9244	-19.8381	 +2.1403	 +1.3374	 -0.6674
 -6.4183	 -4.3443	 +2.0154	 -0.6768	 -2.0645	 -1.8352
 +5.6406	 -2.0567	 -8.7511	 -4.9704	 -2.1683	 +2.7472
 -6.2746	 -6.0157	-15.1620	 -0.1422	 +0.6682	 +3.6274
 +4.8238	 -7.5163	 -2.5739	 +2.4791	 +0.5204	 -4.5179
+23.3128	-23.5374	+38.5738	 -1.4350	 +1.2218	 -0.5089
 -6.2505	-14.7604	-12.9522	 +2.9524	 +1.3340	 -2.8868
 -0.3569	-11.8985	 -1.3941	 +0.6061	 -1.4642	 -1.9352
 +6.2657	 +8.6540	 -6.2637	 -0.1374	 +3.0030	 -1.9694
-17.9869	 +8.9218	+12.5606	 -1.1743	 +1.4923	 -1.9112
+10.0871	 +0.4450	 +1.1774	 -0.5350	 +4.7699	 +1.9919
+14.4079	 -0.5278	 +2.0033	 -0.4703	 -3.5029	 -2.8785
 +6.7809	 +0.5748	 +1.1213	 -5.5086	 -0.5243	 -2.1663
 -0.6712	 +3.2023	+22.8415	 -0.3585	 +2.9011	 -0.2890
 +2.8327	-15.7504	 -9.7612	 -0.6564	 -4.0142	 +2.6371
 +3.1401	 -2.9488	 +3.5084	 +2.4999	 -2.5861	 -2.2769
 -6.4215	 -2.0232	 +5.1762	 -0.7743	 -1.0701	 -0.5234
-14.6441	 -2.4089	-10.4494	 +0.8364	 +1.2278	 +0.3843
 -7.9621	 +3.8896	 +1.2269	 +4.9292	 +0.0102	 +0.4553
 +1.3585	 +7.1385	 -4.1916	 -0.7725	 -1.8237	 +3.0377
-11.2272	 +2.3649	+11.4045	 +5.4784	 +0.1505	 +0.9775
 -0.8948	 -8.4789	 +5.3583	 +1.1902	 +2.3140	 +1.8255
 -2.9835	 -2.1871	 -2.3307	 +3.3593	 +0.0822	 +1.1380
 -9.6382	 -6.4376	 +1.2119	 +2.1882	 +4.0155	 +0.3367
 +1.7705	 +3.2868	 +1.3695	 +1.7212	 -4.0702	 -3.6125
+25.9753	+23.9893	 -5.5993	 -1.1459	 +0.6232	 -0.2047
 -2.5923	 -8.0483	 +0.3465	 +2.5402	 +2.0976	 -0.0021
+23.5876	 +6.0210	 +4.9090	 -1.5177	 +2.2697	 -1.1071
 -7.7901	 -2.6396	 -9.4323	 -2.0948	 +1.3682	 -1.1539
 -4.1870	 +4.7670	 -9.1072	 +1.2710	 +0.3077	 +0.6571
 +2.4400	 -2.6350	 -9.5943	 +3.7082	 -4.2459	 +2.9141
 +1.1215	 -7.9445	 -2.5279	 -0.6079	 -1.5795	 -3.2219
 -6.5392	-27.7825	 +3.0486	 +0.1555	 -2.6535	 -1.7460
 -8.8426	 +9.3511	 +0.5650	 +2.6608	 -0.8949	 -3.7225
 -1.4138	 +4.1607	 +0.6073	 +1.3212	 +4.1517	 +2.4636
-20.3945	-10.4496	+17.5736	 -2.7067	 -0.3159	 +0.4468
-14.6816	 +1.8429	 +1.0467	 -3.7550	 +1.0531	 -1.2581
-18.8649	-10.1072	 -4.5265	 -0.7442	 -2.0541	 +1.5619
 +2.3773	+20.4462	 -8.8745	 +1.5897	 -3.0668	 +2.4725
-12.8749	+15.3707	 -1.4589	 +0.8798	 +1.8883	 +1.6226
 -2.0534	 -3.6754	 +4.2326	 -4.6102	 +3.2154	 -1.9661
+11.7096	-21.4897	 +4.2624	 -1.4473	 +1.9819	 +1.4656
 +7.9942	 +6.4713	 -0.8767	 -3.1857	 +2.0528	 -1.4020
 +6.6691	+39.6894	-11.3048	 -0.1753	 +1.3075	 +2.3221
 +2.5316	 -1.5870	 +7.4036	 -1.1193	 +1.5288	 +0.3040
 -6.4391	 +6.2688	 -0.5001	 -2.9751	 -3.2660	 +0.3776
 -4.0247	 -6.5208	 -3.8376	 -0.0181	 -3.5070	 +1.1782
+87.1219	-30.5809	+49.9861	 +0.0935	 -0.9114	 -1.3959
 -3.4285	 +7.9661	-15.2475	 -2.3941	 -2.9562	 -0.2989
 +2.1355	 -5.7872	 -9.3262	 +2.0849	 -2.4735	 +0.5272
 +1.1639	 +1.3198	 +5.2141	 +1.8544	 +0.7231	 -2.9622
 +1.0249	 +8.1172	-14.3973	 -1.1811	 +1.5167	 +0.7277
 -0.3544	 +4.0477	 -3.3694	 +4.8881	 +2.0761	 -3.9050
 +2.3645	 +2.6482	 +4.8747	 +0.2790	 +1.5162	 -0.2294
 +1.6247	 -9.6088	-10.7377	 -2.3434	 -1.7083	 +0.4518
 -3.6183	 -0.7754	+22.1613	 +2.4697	 -1.1292	 +1.2847
 -2.4082	 -1.3300	 +9.7629	 -3.8321	 +3.6151	 -0.0384
 +5.0430	+15.8215	+29.6444	 +0.5185	 +0.6306	 +3.2992
+11.1295	 +6.3894	+17.1878	 +0.2220	 +0.5569	 +1.3772
 +1.6472	 +2.4806	 -1.9635	 -4.8708	 +0.5434	 +0.4548
 -1.7964	 -6.6890	+19.6462	 +1.4528	 +1.4614	 -1.8130
-10.9281	 -3.7421	+12.1201	 -1.0235	 -2.0258	 -3.3323
-17.1370	 +2.6684	 -0.8556	 +3.0137	 +0.7575	 +4.0092
 -2.1854	 -1.5360	 -0.6960	 -4.9834	 -3.0941	 -3.1673
-46.4447	+23.6635	 -1.9603	 -2.7160	 +1.2666	 -1.0327
 -2.5982	-11.7494	 -2.4434	 +0.2842	 -4.7177	 +0.5511
 -7.8554	 +6.0317	 +3.0880	 +4.9744	 +2.4522	 +2.8975
+15.8596	 +4.9762	 +4.9788	 -2.3412	 -1.2050	 -2.2449
 -1.2673	 +4.9372	+13.0100	 +2.1862	 -0.8969	 -0.0049
 +3.6297	-20.0110	 +5.3615	 -0.8352	 +0.5050	 +0.5274
 -8.4235	 -7.4176	 -3.8773	 -1.2666	 +4.2884	 -1.1012
 +1.1249	+10.6902	 +6.0425	 +1.7380	 -2.0478	 +0.2621
-90.5950	-169.9622	+25.9441	 +1.1023	 +0.0184	 -0.0999
 +2.8789	 +2.7135	 +1.0611	 -3.4870	 -1.2710	 -1.5541
 -7.4382	 -4.6775	 +1.3763	 -3.1694	 +2.6324	 +1.8195
 +5.4509	 +2.4308	 +0.3394	 +1.3835	 +3.2455	 +1.0965
 -4.9872	 -5.9600	+12.7102	 +2.5327	 -2.4701	 +2.6822
-12.6304	 -1.4349	 +5.8650	 -0.0759	 +0.1951	 +4.9659
 +0.6257	 -2.0132	 -4.9007	 -0.3918	 -1.5253	 +2.1083
 -1.1580	 -4.2389	-11.9977	 -2.2345	 +1.6676	 +0.9633
-11.8387	-15.1478	+20.5056	 +1.9115	 -2.7582	 -1.6857
 -2.4474	 +6.8731	 +2.4130	 -3.8515	 +2.3201	 +0.1434
 -0.4092	 -0.7189	 -6.2386	 -2.7407	 -2.6653	 -0.3851
 -2.3664	 -0.8408	 +5.7004	 -2.9553	 +5.0210	 +0.4590
 -2.9515	 +7.7232	 +6.2578	 -1.7463	 +3.2406	 +2.4996
 +5.5292	 -4.9017	 -1.7837	 +4.0217	 +0.0856	 +0.0672
 -7.5364	 +5.6362	 +7.5917	 -2.0276	 -0.1290	 -0.7283
 -4.2454	+24.2496	 -2.3634	 -0.6869	 +1.7370	 +2.7579
 +9.0601	 -0.7758	 -2.9461	 -1.5753	 -1.9126	 +2.2545
 -2.0928	 +0.3972	-13.9737	 +1.1800	 +1.4238	 +0.1569
 +0.6374	+26.6899	-26.8930	 +0.1628	 -1.3679	 +2.6829
 -0.0640	-18.5715	+37.6791	 +0.4409	 +0.6937	 -2.0587
+16.4876	-15.7905	 -9.9901	 -1.1026	 +3.5910	 -1.0942
 -1.5979	 +1.2512	+12.1641	 -1.7726	 -1.4566	 -3.3168
 -3.6153	 -2.4550	 -3.9816	 -3.1478	 -1.8979	 -4.6874
-15.6809	+13.7387	 +1.9810	 -1.4919	 -0.9076	 +0.9958
 +1.9807	 -4.2533	+27.3436	 -1.6255	 +1.3824	 -1.6573
-45.1929	+23.5849	-75.6852	 +1.0478	 +1.8713	 +0.0597
 +3.4865	 +3.3418	 -1.5740	 -4.2100	 +2.8154	 +0.0113
+11.6484	-14.1369	 -3.3946	 -1.4279	 +2.3448	 +0.9509
 -3.5952	+16.8048	-14.4744	 -0.1712	 +0.2524	 -0.2553
-27.3587	 -0.6539	 -7.2277	 +0.5925	 +1.1256	 +0.2076
 -1.2897	 +6.9901	 +3.9018	 -0.8038	 +0.7899	 +0.6895
 +0.1096	 +4.4592	 -1.4524	 +2.0081	 -2.0269	 -3.7641
 -2.8791	-21.2113	-18.1132	 +0.7888	 +3.5091	 -0.9418
 +1.7996	+13.6555	 +2.1642	 +2.4716	 +0.6069	 +0.4081
 -2.6194	 -1.6135	 +1.7930	 +2.7691	 -2.8021	 +1.2236
 -5.3109	 -1.1364	 +8.6285	 -2.0863	 +0.8639	 -1.3696
+17.9703	+14.1343	-32.6945	 -1.2831	 -1.1103	 +0.7317
+27.7696	+39.7028	+70.5194	 -1.0726	 -0.6081	 +1.0161
 -7.4824	 -1.4774	-23.1530	 -1.5015	 -2.5473	 +0.5565
 +5.4896	 -7.4660	+17.8783	 +2.5843	 +0.9167	 +1.5501
 -2.1500	 -0.2358	 -0.1369	 -2.7720	 -1.6969	 -1.8730
 +5.1275	+14.4057	 +6.3394	 +1.2428	 -2.4090	 -0.7606
+67.2654	+28.7522	+35.6661	 -0.7180	 +0.1557	 +0.6271
 -1.7978	 +2.0817	 -7.6366	 -1.9261	 +3.6105	 -2.1274
 -2.3820	 +1.9427	 +5.6880	 -0.5851	 -4.3455	 +0.4331
-14.7954	 -5.4588	 -3.4213	 +1.0413	 +1.9726	 -3.4338
 -2.2919	 +1.4487	 +4.0598	 -3.6460	 +2.7642	 +1.2441
-39.5765	 +8.5813	+13.0498	 +1.3305	 -1.1789	 +1.7206
 -2.9629	 +9.8765	-10.6574	 -0.5263	 +2.8495	 -0.6738
 +2.3989	+10.3316	-10.0573	 +0.3509	 +2.0115	 -2.7896
 +3.1055	 -0.0635	 -0.7027	 +2.3198	 +6.3731	 +0.4988
 -6.2904	 -0.4361	+27.8713	 +1.9810	 -0.2067	 -1.2851
 -7.8019	 -9.0952	 +4.2604	 +0.2983	 -3.4466	 -3.2121
 -6.0582	 -1.0889	 -1.2933	 +4.4448	 -5.7429	 +0.8596
 +8.2335	 -4.4874	 +5.3351	 -1.0031	 -0.2353	 -0.2620
 +0.1093	-10.9631	 +3.8193	 -4.2251	 -2.8154	 -3.5480
 -0.9573	 -9.0297	 +6.2712	 -0.4976	 +2.8497	 -1.8321
 +1.2435	+12.6732	-26.3989	 -1.8569	 +3.8306	 -0.1524
 -4.7588	 -1.9628	 -3.9509	 +0.0101	 -3.4411	 +4.6281
 -7.0217	 +3.7891	 +6.6603	 -3.9281	 -0.4841	 +2.2074
 +3.2782	 +4.0222	 +1.0391	 +3.1272	 +3.2096	 -2.9167
 -3.7777	-20.1649	 -5.4198	 +0.7781	 +1.0310	 +3.3892
 -3.0596	-11.9452	-13.3612	 +3.5067	 +0.0314	 +2.1217
 -4.1307	 +2.0688	 -0.0859	 +0.5631	 -1.9877	 -0.6220
 -4.2941	 -6.3579	 +2.4228	 +0.3332	 +2.4936	 -4.6597
+15.8827	+11.2202	-15.9355	 -1.0612	 -1.6596	 -1.9240
 -0.5809	 -3.5811	 -2.9022	 +3.9644	 +3.3678	 +1.5437
 -2.5823	 +8.3608	 +0.7153	 -3.1821	 +1.8206	 -2.3695
 -2.9132	 +6.0707	 -1.8565	 -0.1480	 +0.3391	 -3.2415
 -8.4979	 +8.6372	-24.9992	 -3.4717	 -2.1854	 +1.0031
 -3.7238	 +0.8046	 -1.1494	 +2.6806	 +3.0724	 -2.0139
+24.1972	 +9.7004	 +4.6943	 +2.4960	 +0.7301	 +0.4341
 +2.7875	 +4.9477	 +3.7601	 -0.9742	 -3.0729	 +2.7197
 +0.7108	 -6.9446	 +2.6343	 -2.6705	 -3.6969	 -1.8490
-14.3200	+19.9771	+11.2950	 +0.3836	 +0.1981	 -0.3114
 -0.8278	 -2.2465	 -1.9041	 +0.7130	 +0.7444	 +2.0759
-16.8263	 +7.9805	 -0.4509	 +0.1306	 +0.5436	 -4.2591
 -2.4302	 +0.6956	 -3.6038	 +2.5217	 -3.7725	 -0.0039
 -6.6548	 -0.0918	 -9.4137	 -0.9938	 +1.0043	 +1.4075
 +5.1283	 +4.7443	-10.7374	 -0.5418	 -0.4844	 -0.5151
+21.8696	 +6.2277	 -0.9457	 -0.8020	 -3.5517	 -0.1302
-83.8856	+43.0680	+25.6903	 +0.1901	 +0.0647	 +0.5876
 -3.0147	 +5.0155	 +7.6946	 +4.5301	 +3.3711	 -0.0116
 -4.6309	 +2.5366	 -4.1464	 +3.0354	 +2.3653	 -0.9302
 -8.4247	 +8.1192	 -0.8503	 -2.3741	 -0.2365	 +2.6721
 -4.5336	 -4.5873	 +2.3860	 +3.5474	 +0.7729	 +0.5859
-18.7076	 +8.4951	 +1.6075	 +1.3521	 -2.1064	 -2.3575
 -6.8419	+16.2356	-33.7725	 +0.9326	 +1.4817	 -1.5087
-16.0682	-21.1655	 +1.6506	 +0.7408	 -0.7390	 +2.9188
 +0.5297	 +6.2784	 +2.0291	 +1.7412	 -0.3035	 +3.1423
 +2.5881	+12.8334	-13.5109	 +0.4247	 -0.5397	 -2.1924
 +0.9156	 +1.3134	 -6.3588	 +0.7148	 +0.1370	 +3.2364
 -1.8097	 -1.1801	 -4.3882	 -4.9027	 +0.5061	 -0.5460
-12.1275	 -0.9829	-16.4908	 -2.2836	 +1.5728	 -0.1671
 +0.0291	 +7.1658	 -7.7921	 +4.4074	 +2.0828	 -2.2151
 +1.6811	 +1.4317	 +3.3335	 -2.1867	 -0.3212	 -2.1842
+27.8002	+17.3694	 +9.7346	 -1.8248	 -2.1122	 +1.6801
+13.3959	 -2.1766	-17.1708	 +2.1781	 -3.0905	 +0.6533
 -6.4008	 -7.3724	 -0.8978	 +0.7530	 -1.5187	 -4.4286
 +1.8533	 -5.9051	 -4.3804	 +2.9580	 -3.6185	 -2.4299
+23.3999	 +0.8461	 +0.3728	 +0.0075	 -0.5186	 -0.4279
 +4.7837	 -0.1722	 +4.8526	 +2.8742	 -1.6059	 -4.4056
 +2.6971	-15.6742	 -4.7339	 -2.1745	 -0.1395	 -0.6789
 +2.2313	-17.6719	 +2.4061	 -2.6374	 -1.6490	 -1.0352
 -0.4996	 +7.0369	 -5.1219	 -0.7117	 -0.2315	 -3.7840
+13.0558	 -3.4975	 -3.5463	 -0.9554	 +2.8218	 -1.8117
+19.2662	 -1.4383	 -8.2811	 -0.4206	 -3.8067	 +0.8703
-35.0677	-17.8687	+10.7495	 +0.0554	 +0.3152	 -3.1801
 +2.4001	 -8.6111	+13.5843	 +1.6368	 +0.3291	 +0.0344
 +3.6347	 +9.5965	 +9.0026	 +0.8644	 -1.7980	 -4.1357
 -4.7710	 -1.0781	 -7.1352	 +3.6789	 +5.6520	 -1.7273
+10.8289	 -7.8634	 +4.2417	 +2.1518	 +3.0026	 +1.2648
-13.7705	 -7.7002	 -6.8938	 -0.9103	 -1.0577	 +1.7357
-40.8230	+26.8349	+37.7441	 +0.0378	 +0.4899	 +0.1932
+14.8168	 +1.2009	 +3.4130	 +3.7902	 -0.7192	 -1.2832
 -2.2265	 -3.8276	 +0.7142	 -2.9363	 -1.2338	 +3.1253
 +0.2595	+13.2749	 -0.8874	 -2.0572	 +1.2482	 +3.6381
 -7.0604	 +0.9480	 +8.2694	 -1.1631	 -2.4048	 +2.2082
 -3.8226	 +8.5208	 +4.0045	 +1.3022	 +3.7236	 +3.8775
+42.2682	 +4.6036	-16.0848	 -0.9625	 -0.7609	 +0.3701
 +1.2490	 +3.8960	 -1.4565	 -0.1354	 +3.2999	 -1.6668
 +7.2418	 +6.7978	 +9.0503	 -1.7696	 +1.7383	 +1.5418
 +5.0707	 +6.5000	 +6.0392	 -1.6076	 -4.5828	 +1.2147
 -1.5403	-16.6922	-31.9987	 +1.0362	 -0.5472	 +1.3612
 -5.2563	 +4.4611	 -9.5851	 +0.3235	 +2.1581	 +0.2588
 +2.6788	 -0.9333	 +0.5325	 -2.0527	 -1.2576	 -5.2413
-100.1610	-32.2570	+83.0583	 +1.4232	 +0.1768	 -1.2567
 +3.6048	 +2.9568	-11.7054	 +3.1760	 -3.8441	 -0.8106
+10.4499	-32.4921	+14.7064	 -1.1180	 +2.1516	 +3.4417
 +4.6967	-25.7951	 -7.0227	 +0.8746	 -0.1436	 -2.1409
 -4.1840	 -0.2291	 -4.2737	 -2.2958	 -0.9315	 -2.7650
 -2.1492	-10.4447	 -7.0891	 +1.9803	 -1.6006	 -1.7757
 +9.2299	 +1.3018	-10.0203	 +1.8216	 -3.2398	 +0.2220
 +7.9861	 -8.9341	 +0.7793	 -0.2452	 +2.9129	 +0.6276
 -5.1782	 -2.5424	-12.2624	 -1.4862	 +2.7714	 -1.0742
-13.3803	 -8.4651	 +6.7364	 -1.4299	 +1.0260	 -0.2630
+11.3849	-21.7268	 -8.1135	 -0.6547	 +1.9522	 -0.9934
 -0.4650	 -0.7003	 +0.0612	 +3.2431	 +0.1280	 -3.2268
-21.8379	 -6.7805	 +3.9942	 -0.5005	 -0.0423	 -0.2288
 -1.7512	 -6.7126	 +6.7765	 -0.2142	 -3.5380	 +1.4204
 -3.7475	 -3.6916	 -1.9600	 -3.4343	 -4.0437	 -5.9178
 -0.5150	 -2.7874	 -1.2815	 -4.2614	 +1.2714	 +0.9702
-13.3775	-15.5597	-12.0914	 -0.6126	 -1.0714	 -3.0202
-62.6951	+21.8301	+49.3121	 +1.2912	 -0.8621	 -0.8908
-56.4108	-30.6977	+17.7192	 +1.4103	 +1.0938	 -0.5898
 -6.9348	 -4.1726	+12.7883	 +1.6269	 +2.7728	 +1.0049
 -2.1320	 -1.0191	 +0.3735	 +1.0620	 -2.7445	 +2.5034
-76.6470	-125.1868	+119.2210	 +0.6722	 +0.0684	 -0.0963
-10.3989	 -1.1488	 -0.2490	 -1.5890	 -5.2407	 -0.6172
-12.2460	 +8.2364	-13.7371	 -0.9531	 -2.3587	 -1.8539
 +0.5795	 -2.0550	 -2.5713	 -0.9296	 -3.0957	 +2.1565
-43.7661	-26.7779	-15.8191	 +2.0404	 -0.4697	 -1.1105
-12.6174	 +4.2505	-10.0691	 -0.6152	 -0.7861	 +1.0170
 +4.0727	 +3.1401	-17.4501	 -1.3394	 -1.8123	 +1.5491
+10.1318	-28.1695	+38.3126	 +1.3127	 +2.3212	 +1.4164
-13.5726	 +3.5377	 -2.9269	 +0.1498	 -0.0350	 -2.4419
 -4.2401	 -5.8453	 +8.6255	 -2.4012	 +1.4555	 -0.6431
 +3.3215	+10.6512	-18.1703	 -0.2242	 -2.9614	 +2.5443
 -2.5594	 -2.6176	+18.6445	 +2.6596	 -2.9444	 +0.0821
-20.2794	+12.0260	+24.8968	 -1.4578	 -0.5874	 +1.0971
+11.9853	 +4.6027	 +5.5383	 -1.1431	 -3.7862	 +1.8225
+10.8466	 -3.5766	-10.6341	 -1.2745	 -0.3061	 +1.4349
 -3.8807	 +6.3685	 -0.0865	 +5.5487	 +0.8813	 +0.6267
 -2.1992	 +0.6597	-14.3167	 +2.7342	 -2.4942	 +2.5196
-11.4128	-15.9084	-22.4954	 +0.0828	 +0.2220	 +0.9492
 -1.5418	 -9.0321	 -8.4901	 +2.2549	 +3.5649	 -0.7730
-13.1933	 -9.2522	+20.5761	 -1.2334	 +0.4056	 -0.6242
-10.3387	 +0.0774	-11.8143	 -0.1897	 -3.5358	 -0.3054
 -0.1037	 +3.6778	 -3.9379	 +5.9702	 +0.1471	 +2.2849
-36.1484	+15.1561	 +9.9512	 +0.4960	 +0.4659	 -1.7435
 -3.4222	 -6.6503	 -3.0971	 -1.5328	 +2.3952	 +3.1990
 -5.0590	 -9.0710	+16.2524	 +1.1808	 +1.2549	 +1.2377
 +9.5048	+10.2580	 +0.7019	 +0.0165	 -0.6415	 +3.4198
 -4.1669	 +1.3687	 +1.2487	 -4.7463	 -2.0256	 -3.9136
-29.7594	+36.1428	-74.5794	 +0.4616	 -1.4361	 +0.7397
 +8.7354	+24.7084	 -5.0183	 -1.8962	 +1.4967	 +1.4508
-15.9903	+75.7797	-51.8355	 -2.1095	 -0.6878	 +0.2045
-17.5080	 -7.0262	 -2.1651	 +1.2947	 -1.0196	 +0.4326
-13.0977	-18.0639	 -4.0416	 +1.7859	 +0.2144	 +2.5233
 +0.5713	+17.8133	 -1.6027	 -0.7129	 +2.9514	 +1.9194
 -3.6603	 +1.7174	 +8.0880	 +3.8152	 +1.5777	 -3.3351
-18.0726	 -5.7327	 +9.1522	 +1.7020	 -0.7505	 +2.2073
 +3.8018	 -3.5644	 -0.6831	 -0.0118	 -3.3402	 -5.1779
 +2.5168	 -4.4848	-10.5884	 +1.9335	 +0.9335	 +0.3659
 +4.1924	 -3.8585	 +3.6027	 -1.2847	 +0.7865	 +0.2403
 -0.8753	 +6.8180	 -3.9165	 -2.2388	 -2.9714	 -5.2908
-13.7569	 +5.6808	 -3.4193	 +2.1052	 +2.6408	 -1.9601
 -4.0576	 +5.6717	 -5.3495	 -4.2951	 +0.7208	 +3.7107
 +4.5990	 +7.2207	 +3.0498	 -4.8225	 -1.0582	 +3.1827
 +5.1619	-24.8078	 -3.9080	 -3.1689	 +0.3491	 +1.9851
 -7.3984	 -1.0283	 +2.5854	 +0.5453	 -0.9543	 +5.1933
 -7.3423	 +0.9616	+10.9436	 +1.6542	 +1.8365	 +1.6864
 +8.7743	+14.8118	 +0.2892	 -1.8452	 +1.6371	 -0.7425
 -0.1106	+12.7804	 +6.5795	 +2.8682	 +1.6653	 -1.0868
-143.0767	-177.6382	+114.1835	 +0.3766	 +0.8880	 +0.0861
 +3.3173	 -1.0533	 -4.9955	 -1.7205	 +5.8393	 -2.6815
-17.7091	+43.6541	+45.7283	 -0.2942	 -2.2652	 -0.3307
 +1.8163	 -2.3903	 -7.1292	 -2.8181	 -2.0872	 +4.6445
 +7.2795	+74.6824	-82.6272	 +0.0756	 -0.0280	 +0.3678
 -0.6521	 -9.1373	 -9.9669	 -1.1198	 -4.9495	 +0.9443
 -7.5773	 -2.0989	 +6.3666	 -1.3986	 +1.8602	 -2.2199
-11.6189	+25.6893	-25.3947	 +1.6656	 -0.1968	 +0.0788
-14.1413	-10.7278	 +1.7979	 +1.8686	 +3.9901	 +0.3557
 -9.7487	-13.4037	 -0.8500	 -4.0647	 +1.3975	 -1.5171
 -6.7162	+10.2396	 -0.8321	 -2.3656	 -0.9559	 +1.0378
 -1.9599	-11.2565	 +2.6919	 +0.2607	 -1.8333	 +2.9562
-11.5439	 -2.0017	 -3.1680	 +0.4514	 +0.5001	 +2.2942
 +0.6631	 -2.9547	 +0.3792	 +2.6499	 -2.9411	 -2.9969
-15.5192	+12.1028	 -1.1628	 -3.1694	 -0.4270	 -0.8229
 -7.8331	 +8.7057	 +3.3462	 -3.2175	 +3.3211	 -0.0976
-21.3440	+23.8827	 +1.9959	 +0.7072	 -1.7812	 -0.1272
 +0.0291	 -0.8245	-25.5325	 +0.5629	 +0.6867	 -2.6122
+15.2130	 +7.7709	 +8.8724	 +0.5839	 +1.8924	 -1.7095
 -3.5037	 +6.4150	-22.3455	 +1.1257	 +2.7289	 +0.0467
 +3.1224	 +2.9146	-10.6488	 -1.2992	 -2.8671	 +2.4110
-13.1475	 -7.8174	 +1.0711	 -4.4309	 -0.1897	 +3.4938
 +6.2978	 -1.3126	 +1.7330	 +3.1462	 +1.7389	 -1.0977
+10.7348	 +1.9864	+10.8244	 +1.4274	 -1.9491	 +1.3562
 -2.5635	 +0.4701	 -1.2542	 -1.6013	 -5.3263	 +0.4237
 +5.9227	 -3.0594	+10.4921	 -0.2022	 +2.6769	 +1.1986
 -4.9790	-22.5893	+12.3000	 +1.0073	 +0.1484	 -0.2153
 +8.1884	 +4.2084	 +0.8647	 -3.7600	 +2.5377	 +0.0303
 -0.4353	 -2.6294	 +3.2429	 +1.7238	 -4.7677	 +0.0234
-15.3329	 +2.6109	 +0.4358	 +3.6401	 -0.9831	 +1.5330
 -7.1836	 +5.9264	 -1.9472	 -4.4786	 +2.7620	 -1.1572
 +0.9538	+16.0788	 +6.5980	 -1.5151	 +0.7651	 +0.6801
-16.9496	 -1.6127	 -3.0540	 +0.5630	 -2.5836	 +2.0877
 +4.3245	 +8.9367	 +7.9672	 -2.4216	 +0.3110	 -0.3606
 +0.8143	+13.9709	 +5.7625	 -1.2669	 -0.2841	 +1.4748
 +7.9890	+26.1757	+32.9202	 +0.5493	 +0.1210	 -1.5768
-12.0295	 -3.2533	 +2.3398	 +1.6292	 -1.1070	 +0.3788
 -0.4622	+17.9852	-10.4933	 -2.8308	 -2.4505	 +1.1417
+24.8169	-12.4409	 +7.0872	 +2.8501	 +0.5773	 -2.0937
 -5.9680	 +4.6724	 -0.8954	 +1.7026	 +0.8945	 +4.4398
 -7.1834	 -4.8566	 -7.7254	 -1.3495	 -1.6222	 -2.5556
 +7.3395	 +6.5726	 -8.6715	 +1.8390	 +1.5353	 -3.0669
-14.6769	 +1.4061	 -4.9601	 -1.4663	 -0.2232	 +0.4396
-18.6363	 +9.2531	-22.9354	 +0.2057	 -1.2471	 +2.3482
 +5.1019	 -6.0775	-15.8051	 -0.2148	 -2.6266	 -0.5923
+21.0939	 -3.4161	-14.1758	 -1.2293	 -0.7265	 +2.4290
 +1.9796	 -3.8697	 -8.7438	 -1.1711	 -0.7286	 -1.7856
 +0.4351	 -4.6052	 -2.7480	 -0.1521	 -0.2066	 +2.0990
+11.7200	+13.9342	-14.1034	 -0.3473	 -1.3458	 +0.2007
-13.9884	+39.5992	-11.2975	 +1.7824	 +1.3392	 +0.0416
 -3.5573	 +3.4577	 -2.5584	 +2.1192	 -0.1404	 -3.2754
 -8.3257	 -6.9242	-20.4099	 +1.6766	 -0.7582	 -2.1350
-13.9282	 -3.4788	+10.3085	 -0.9868	 -4.2955	 -1.5603
+17.4002	-10.5301	 -8.3294	 -1.0512	 -0.0393	 +0.7980
 +2.9966	-21.9659	 -2.1488	 -2.2899	 -1.4709	 +0.4488
 -0.6886	 -2.5643	 +1.1753	 -1.7955	 +0.8851	 -4.4504
 +1.5143	 +6.8420	+18.3157	 -1.4902	 -0.6025	 +1.5290
 -5.2361	 +5.6386	-23.7876	 +0.6690	 +1.9103	 +1.4142
-15.2559	+14.0929	 +2.6738	 -0.7835	 -3.7581	 +0.9249
 +7.1117	 -4.7810	-18.1980	 +0.3174	 +1.0040	 +1.5961
 -6.8388	 -4.5260	 -0.6270	 +2.8955	 -0.7624	 +0.7691
+14.5859	 +5.6722	+41.0388	 -0.6718	 -0.5654	 +0.2831
 -7.5617	 -2.0781	 -2.0391	 +2.4873	 +1.3778	 -2.1296
 +4.0421	 +6.3956	 +6.9145	 -2.4011	 +2.1095	 -1.2570
 -7.7510	+17.3987	 +0.7778	 +3.0880	 -1.7188	 +1.6178
-14.2398	 +4.6348	 +3.0643	 -0.3797	 +1.0169	 -0.4118
-12.5921	 +2.2097	-16.5906	 +0.5921	 -2.4264	 -1.0380
-14.0393	 +7.6476	 +6.6252	 -2.9315	 -1.4549	 -1.4036
 -0.2174	 +2.9074	 +0.5939	 -0.9672	 -1.6267	 +4.3246
-61.8933	-17.7881	-25.7401	 -0.3912	 +0.2063	 -0.0140
 -5.1437	 -5.5060	 +7.2134	 -0.1195	 -2.8929	 +0.2541
 +2.6423	 -1.7770	 +5.9785	 -2.7151	 +0.6776	 -0.7350
 +9.2361	 -5.8755	 -1.7680	 -2.2991	 -0.0653	 +1.5316
