# Num Particles: 1000
# Num Cores: 1
# Total Energy: -2.270035e+04
# Iterations: 611 of 1000
# Current Time: 2018-05-06 02:34:18.629520
# Elapsed Time: 9:20:22.868989
# Avg. Step Time: 0:00:55.029245
# 
# x	y	z	vx	vy	vz
# 
 +6.9978	 +3.1861	 +0.0119	 -0.0176	 -0.3534	 -0.3026
 +2.1822	 +4.3804	 +1.6290	 -2.2945	 +6.2686	 +1.5470
 -8.0573	 -8.1238	 +2.3285	 +0.2886	 +1.3248	 -3.6266
-32.3681	+17.6623	 +5.5751	 -0.8776	 -1.9718	 +1.0736
 +4.5358	-14.7546	 -2.3633	 +1.2620	 +3.1457	 +0.9350
 +6.0582	 +1.6047	 -2.3042	 -1.1806	 -0.2210	 +5.2099
 +1.5461	-12.0309	 -9.6636	 -3.0662	 +2.6671	 +0.9797
 -8.0798	 -3.9505	 +0.1155	 -2.8978	 -3.6019	 +2.1777
-13.9479	-22.6387	-10.7443	 +2.8042	 +3.1029	 +0.3990
-26.5883	+15.0792	 +3.7434	 -1.4626	 -2.0908	 +0.1150
 -7.6035	+13.0825	+10.8251	 +3.7331	 -0.5066	 -2.3768
 +3.6771	 +2.4541	 -4.7848	 +1.1011	 -2.5282	 +1.2553
-12.5606	 +8.6153	 -9.6342	 -1.5749	 -0.0911	 +1.8020
+16.0717	+16.1687	-30.5638	 -2.1822	 +0.4400	 -0.0656
 -0.6400	 +3.3658	 -2.2959	 -2.9665	 +0.9919	 +1.2041
 +7.7007	 -6.4739	 -8.6832	 -3.7179	 -1.1486	 -0.2140
 -0.3048	-12.3990	 +9.8244	 +2.6814	 +0.7506	 +1.8183
 -9.7269	 +3.3131	-15.1324	 +0.0793	 +0.4097	 +2.9299
 -1.0361	 -3.2495	 -5.8828	 -3.6303	 +3.9775	 -2.8708
+97.2608	-33.1629	+79.4215	 -1.4708	 -0.8067	 +0.1209
 +8.4134	 +9.6947	 -1.0858	 +0.2853	 +1.2537	 +2.5435
 +1.1633	 -8.7368	 +5.2033	 +0.3058	 +1.8108	 +1.6645
 -8.2378	 +0.3419	 +6.7882	 -1.6539	 -2.6365	 +1.0365
 -7.9890	 +3.1419	+10.1745	 +0.7876	 +1.1109	 -1.3213
 -0.8753	 +0.0733	 -1.0090	 -4.4575	 -4.0835	 +2.5020
-44.1757	+31.4189	 -6.9079	 -1.2623	 +1.7366	 -1.2407
 -3.1179	 -9.9847	 -3.7379	 +0.7404	 +2.4187	 +1.8501
-16.1278	 +2.1250	 -0.5302	 -2.4493	 +2.6733	 -3.0738
+13.8131	 -5.7842	 -6.9456	 -1.8167	 -3.5311	 -2.1863
 +7.1364	 +4.5207	 +0.3558	 +3.7731	 +5.2232	 +2.3635
+18.7636	 -6.7641	-13.1097	 +2.7849	 +0.7340	 +0.0033
-59.0231	+18.9508	 +9.6251	 -0.1424	 +1.8423	 +1.7580
-12.7433	 +0.7190	+10.8442	 +0.6910	 +1.7485	 +3.4857
 -3.2985	 +9.1356	 -8.3076	 +0.8716	 +3.7476	 -1.7241
 -5.8146	 -5.4236	+19.7065	 +1.1732	 -0.0553	 -1.9487
 -9.9668	 -1.3406	 -5.1665	 -0.2913	 -0.3156	 -1.4835
 -5.4205	 -6.7504	 +3.1709	 -1.0514	 +3.3474	 -0.6687
+10.7570	 -8.8647	 -7.0060	 -0.9290	 +0.1648	 -2.9325
 -5.9750	+15.3985	 -6.1059	 -0.1842	 -4.5797	 +1.4186
 -2.3022	+10.1982	 -0.0773	 -1.0101	 -1.2238	 -2.3341
+20.6729	-26.9567	 +9.5657	 +0.7301	 -2.0322	 -0.4693
 +0.6683	 -6.7499	 +4.1888	 +1.5199	 -2.2973	 +2.4684
 -2.6571	+10.2964	 +1.5340	 +2.2050	 -1.2862	 +2.3758
 -0.9357	 -4.8748	 -4.9065	 +3.6789	 +1.2719	 +0.2774
 +7.2562	+16.3854	-12.1050	 +1.9627	 -2.4012	 +2.5152
 -8.9905	 -2.8008	 +3.9966	 +0.5010	 +0.1904	 -1.6841
 +7.3312	+14.6349	 -1.6930	 +0.6902	 -0.4046	 +2.8136
+30.3287	-11.4974	 -7.0569	 -1.6947	 -0.7863	 -1.4838
 -2.5601	 -1.7633	 -5.0330	 -4.0646	 -2.3516	 +0.4076
 +9.3038	 +7.2326	 +3.9990	 +0.7194	 -1.6031	 +0.8885
-27.0127	-54.5383	-28.4436	 +1.3208	 +0.6465	 +1.8080
 -3.6112	 +0.5589	 -8.9732	 +1.3027	 +3.0910	 +2.1892
 +8.1805	 +7.4676	+22.7921	 -2.2998	 +2.9207	 +1.4536
 +5.2651	-14.4375	 +2.8457	 -1.5367	 -3.3188	 -2.3565
 +7.6888	 +8.3347	+61.9523	 +0.3925	 +2.1890	 +1.2032
-30.9016	 -2.8888	 -4.5022	 +0.6807	 +0.9063	 +0.1255
+17.0193	 +0.6378	 -2.5076	 -4.4758	 +0.5945	 -1.3271
 +3.7062	 -6.9528	 -9.5510	 +1.8388	 -1.0695	 +0.9781
 +3.9925	+13.9212	 +5.1180	 -0.8346	 +1.9623	 -1.4766
-17.5349	 -5.1193	 +4.2692	 -2.0111	 +4.3902	 -1.7736
-28.4499	 +5.3066	 -4.2567	 -0.6286	 +0.4409	 -2.4758
 -7.3240	+23.0025	-22.2937	 +0.5725	 +2.5376	 +0.7022
 -1.1435	+12.3209	 -0.8778	 -1.4321	 +0.8999	 +0.8508
 +1.9345	 -1.1602	+11.0671	 +0.9795	 +3.2624	 +0.5281
 -2.2041	 +0.3722	 +0.2582	 +1.3668	 +1.0355	 -4.0576
-11.4242	-10.4666	 -8.5619	 +1.0623	 +0.6783	 +1.9856
 +4.8125	 +3.8124	+11.0519	 -0.9737	 +0.6487	 -4.0905
-26.3107	-22.2055	+26.3491	 -1.6703	 -1.3293	 -0.7134
 +0.0355	 -2.7118	 -0.1559	 +0.4039	 +4.3391	 +5.5037
 +2.9068	-10.5499	 +5.5907	 +0.8714	 -2.7174	 -1.6376
 -0.6400	 +4.4844	 +0.6764	 +1.9075	 +1.1788	 +1.4957
 +5.6449	 +6.8603	 +2.5315	 +2.4458	 +4.2824	 +0.0967
 +6.9297	 -2.0632	 -2.4676	 +1.9662	 -1.2201	 +2.5424
 -4.5217	+15.2164	-101.6156	 +1.9402	 -0.0292	 -1.1838
+22.2426	-15.8000	 -9.3040	 -1.5047	 +2.7390	 +1.1130
-11.4434	-14.1173	 +1.7025	 +2.4316	 -3.0580	 +2.6092
 +3.5897	 -2.1843	 +0.2295	 -1.3183	 -3.0329	 +1.4514
-12.8108	-11.3004	 -4.1418	 -0.1735	 +1.7908	 -3.7276
 +6.2162	 -6.6900	 +7.8786	 -0.5787	 -2.9869	 -0.5221
+29.7388	 -3.0175	 -4.9873	 +0.3452	 +2.3399	 +0.2729
 -0.4501	 -1.9171	 -2.8491	 +0.5703	 +0.2633	 -2.9222
 +2.9091	+14.1954	 -8.7831	 -2.2976	 -1.2496	 +1.0712
 +1.2732	 -0.0685	 +9.2377	 -0.6101	 +0.2460	 -1.4474
-15.2387	+20.3547	+32.5636	 -0.4901	 -1.1818	 +2.4431
+21.2571	+15.2486	+15.1734	 +0.2980	 +1.1239	 +1.7937
 -9.2698	 -6.6403	 -3.3345	 +0.2055	 -3.3742	 -4.4741
 -8.2175	 +2.0818	-11.5373	 +4.1559	 +1.2524	 -0.2857
 -4.9173	+24.9366	 +9.1011	 -0.5538	 +0.1041	 -0.8023
 +6.4841	-27.8733	 -0.3663	 +1.7753	 +1.1952	 -1.8962
 -6.4713	 +7.1520	 -4.5504	 -0.7921	 +3.9909	 -0.4114
 -0.9410	 +7.9733	 +8.5120	 +3.3279	 -0.5531	 -0.5294
 -0.7649	 +0.3745	 -4.9166	 -1.0789	 +0.5818	 -1.1969
-17.6112	-30.3282	-49.0123	 -0.5645	 -0.5167	 +0.1293
-17.2603	 -6.3198	+13.0608	 -2.0501	 -1.4130	 +1.6235
 -4.6005	 -7.8178	 -1.4149	 -2.5416	 -2.7662	 +0.8519
 +2.9685	 +5.2773	-14.9732	 -2.7346	 +2.1881	 -0.8361
 -9.3393	+28.1225	 -4.6427	 -0.0162	 -1.8300	 +2.7797
 -8.8331	 -3.6242	+14.7112	 -1.2465	 +0.1925	 -2.6481
 -1.2832	 -6.0886	 -5.7437	 +4.5294	 -3.4955	 -0.5312
 +6.7269	 +1.2918	-16.6902	 +3.1877	 +2.5504	 +3.1864
-14.4575	-14.9768	 -0.6235	 -2.7797	 +0.7713	 +0.7987
 +4.3989	 +0.8290	 +0.2899	 +3.9937	 +0.7111	 +3.8555
 +3.0345	 +0.8616	 -3.6281	 +0.2513	 -0.9052	 +4.1935
 +2.5203	+11.7335	 -3.2407	 +0.3803	 +0.8537	 +3.8735
 -2.1760	 -0.7834	 -0.0292	 -0.3420	 +0.2811	 -2.6367
+12.2177	 +9.3309	 +0.0563	 +1.2914	 -0.0203	 -2.9122
 +3.1378	-15.3261	+11.8239	 +3.3461	 +1.5722	 -2.9108
 +2.4611	 +7.8988	 -3.0758	 +3.7957	 +2.6057	 -0.4499
+29.0025	+19.3447	+14.0729	 -0.0980	 +1.2040	 -1.0707
 +5.7592	 -0.8143	-11.9418	 -1.1420	 -0.4660	 +2.5027
 +8.6243	 +9.4756	 -4.5412	 +0.8024	 -1.8712	 +0.7851
+473.1000	+391.5919	-225.6174	 -0.2824	 +0.6707	 +0.3164
-139.5069	+105.4852	+202.3132	 -0.0934	 +1.1239	 +0.4156
+25.8351	 -8.4692	 +7.3573	 +1.6707	 -0.6132	 -1.1815
 -5.2500	 -5.2161	+13.2968	 -1.9821	 -0.8763	 -3.4450
 -2.9557	 +7.4847	 -9.6453	 -0.6953	 -3.7340	 -2.2706
 +3.9784	-10.9582	 -9.0823	 -2.3955	 -1.1895	 -0.0591
-64.8595	-14.6620	-14.3782	 +1.8010	 +0.2897	 -0.6795
 +3.0743	 +0.7777	 -3.6740	 +3.6104	 -0.7962	 +0.2835
+47.7372	-25.6958	-41.7367	 +0.1871	 -0.5369	 +0.5438
 -2.0513	 -2.8956	-10.2457	 +4.0704	 -2.2377	 +2.7833
 -3.2994	 +0.4044	 -3.0046	 +1.8875	 -4.2022	 -0.4918
 +4.1089	 +8.4064	 -7.5327	 -2.6585	 +0.1206	 +0.1308
-15.0887	 +2.7827	 -0.9620	 +0.7574	 +2.8620	 -0.3398
 +0.7095	 +0.0118	 -3.3650	 -2.1697	 +1.7532	 -2.1956
 -5.9877	 +4.0345	 -9.3225	 +0.9593	 -1.8950	 -1.5703
 +3.0704	 +0.0937	 -9.5240	 +4.4714	 -0.5459	 +2.7342
 +2.3216	 +0.2576	 -1.4142	 +3.8873	 +0.6267	 -2.0536
 -3.9475	 +3.7579	 +4.7288	 +3.3197	 -1.5480	 +1.1825
 -5.3110	 -0.4889	 -7.1724	 -2.9876	 +4.5579	 +2.2168
+14.2942	+25.8115	-169.9900	 +0.0616	 -1.1733	 -1.2295
 +7.1485	 +7.8223	 -5.2687	 -2.9274	 +0.3111	 -2.5211
 -8.9235	 +6.8619	 +1.2939	 -1.7354	 -1.5337	 +2.7077
-10.4565	 +2.5597	 -3.2614	 +2.9277	 +1.8113	 -1.2126
 +0.7743	 -1.0165	 -0.7113	 -0.4107	 +3.8537	 +0.3829
-19.1376	+16.7077	-29.2857	 +0.0471	 -1.7790	 +1.6554
+14.9697	 +6.0146	 -4.3660	 +0.7036	 +3.2977	 +1.9289
+11.4055	-27.6500	+19.2801	 -1.8548	 -1.5409	 +0.1595
 +2.9174	 -6.5847	 -7.4621	 -1.5431	 +2.6427	 -1.8452
 -6.0520	 +1.8148	 +3.5110	 -3.2416	 +4.6982	 +2.8246
 +2.9794	 +3.5360	 +0.4520	 -1.5033	 +1.2266	 -4.9326
-12.2619	 -5.3278	 +8.7846	 -3.4027	 +2.1684	 -1.8000
 -3.8587	 -0.0046	 -3.6405	 -0.5485	 -1.9866	 -2.3004
-19.0150	+16.6995	-35.3843	 +2.6230	 +1.9352	 +0.8304
+59.9553	 -4.9671	+19.1778	 +0.0623	 -1.9138	 -0.3830
 -3.5340	 -1.4587	 -3.9998	 +0.5938	 -2.1657	 +6.2361
-35.3369	-64.9523	+50.8730	 -1.1869	 +1.1917	 +0.8174
 -4.6864	 +8.0270	 +0.6170	 -1.3293	 -3.6795	 +1.5785
+13.7891	 -0.7121	-18.7468	 -2.5129	 -1.5968	 -1.6984
+13.8811	 +9.6488	 -4.2756	 +0.5297	 +0.6870	 +0.5752
 -0.6796	 +6.7215	-12.2925	 -1.3202	 -0.7616	 -3.8972
+12.6465	 +8.3016	 -8.0174	 -0.7397	 +2.0406	 -0.6674
-16.8351	 +9.2539	 -0.5743	 -0.5168	 +0.8447	 +0.2998
 +3.7624	 -6.3427	 -0.7280	 +2.2435	 -2.9674	 +2.8097
 +0.4838	-11.3994	 -4.9163	 -2.4071	 +1.3388	 +2.3632
 -5.0627	 +3.3230	 +1.9682	 +3.5587	 -0.9714	 +4.4432
+14.5636	 +1.3929	-18.7812	 +1.1450	 -1.5714	 +0.8813
 -8.2375	 +8.3534	+28.0812	 -2.8242	 +0.7297	 -1.1523
 +5.3345	 -7.5615	+11.7195	 +1.1962	 -0.5562	 +0.5218
 +2.7403	 -2.9707	 -1.6314	 -2.5425	 +0.2438	 +0.3822
 -9.2253	 +0.7291	 +5.4885	 +0.4619	 -2.4494	 -0.5878
+10.9004	 -2.3544	 -8.4471	 +4.2159	 +1.8273	 -3.5406
-10.8437	 -2.7369	 +0.1282	 +0.7416	 -1.1906	 -0.4547
 -1.4264	 +6.7924	 +0.0994	 -4.2024	 -3.3676	 -1.3522
 +9.4568	 +3.5518	 +7.8627	 +1.4164	 +2.2255	 -0.6932
-16.8112	 -0.6803	 +1.9120	 -0.4554	 +0.9886	 -2.2278
 +2.6968	 +5.2055	 -6.2753	 -0.6466	 -0.8589	 +1.6312
 -5.0374	-11.2641	 +4.8086	 +3.7957	 +0.7465	 +3.8273
 -1.0951	 -0.4586	 +2.3167	 +3.7097	 -1.0236	 -0.8746
 +7.1014	 -5.4928	 -0.6149	 -2.1569	 +1.3785	 +3.6840
 -8.4177	 -3.9682	-18.5605	 +2.3699	 -0.8077	 +1.3972
 -2.8147	 -0.1612	 -4.8327	 +0.8747	 -0.3192	 -2.2802
 -3.8526	 -1.1553	-20.8282	 +0.5139	 -0.3709	 +0.4730
+23.7008	-14.5456	+20.3319	 -1.5518	 +0.0582	 -1.3291
 +8.6758	 -0.4978	-19.4175	 +2.6202	 -1.6597	 -3.7180
+42.0134	+31.3029	-26.4932	 -2.3876	 +0.6989	 +0.0712
-20.8820	 +1.2171	-10.5433	 +0.9946	 +2.9965	 -1.7148
 +3.0272	 -5.6639	 +0.5074	 +1.4697	 +6.4178	 +1.7670
 -2.1776	 +3.9684	 +0.5483	 -1.1476	 +2.5648	 -2.7070
 -0.4141	 -1.3158	 -6.6936	 -0.5192	 +4.0399	 +0.5911
-11.4322	 -1.1590	 -3.5130	 +1.7431	 -2.0378	 +0.7456
 -7.2657	 +2.0223	 +3.1400	 -0.3299	 -3.8428	 +1.2065
 -6.0397	 -0.9098	 -7.4987	 -2.3001	 -0.6254	 -1.0492
 +9.1280	+23.1867	-26.6215	 -1.3646	 +0.0968	 -0.2587
 +5.2702	+11.3465	-18.1905	 -2.1861	 +0.8531	 -2.2616
 -5.5830	 +1.4018	 -5.9337	 -0.1167	 +2.1902	 +2.5874
 -3.8637	 -4.5553	 +5.0284	 -0.5805	 -3.0315	 -0.1119
 -2.5930	 -0.1493	 +1.4493	 +0.6680	 -2.5356	 +0.0447
-18.0880	 -6.0421	-10.1217	 +0.5039	 +1.5848	 -0.7951
 +2.5586	 -0.8922	 +0.8246	 -0.6337	 -2.7970	 +3.0739
 -9.1772	-25.2602	+11.0876	 -0.3911	 -1.0991	 +0.2721
 -4.3436	 +2.6169	 +4.0390	 -2.2854	 -0.4814	 +0.5104
 -9.0459	+19.2785	-38.7972	 -1.4231	 -1.4115	 -0.8851
 -1.9710	 +8.8848	 +6.2699	 -0.9231	 +0.8579	 -2.7726
 -0.0175	-13.0755	 -3.6157	 -1.4666	 -2.9398	 -2.0735
 -5.6413	 -2.3203	 -5.1211	 +0.8911	 -2.5763	 -0.1537
-10.9008	+10.7098	 -0.8401	 -2.5850	 -1.5236	 -2.1539
+24.0291	-99.6718	-30.8685	 -1.3812	 +0.3764	 +1.0248
 -0.3388	+10.0716	 +8.1905	 +1.9141	 -2.4564	 +0.4796
 +9.7947	+10.4068	 +4.7450	 +2.0752	 +0.4532	 +3.7489
-14.8646	-22.3897	 -3.2695	 -0.5977	 +1.2442	 +3.5591
+12.1192	 +9.7711	 -3.9786	 -4.3780	 +0.1329	 -1.8404
 -1.6571	 -9.8136	 +2.2124	 +1.6266	 -1.0379	 -2.4103
-12.9080	 +7.4606	 -0.9413	 +1.2809	 -1.1818	 +0.1683
 +2.0792	 -3.6033	 +2.7353	 +5.1329	 +2.2293	 -2.4985
 +1.8687	 -2.9540	 -4.4904	 -2.2482	 +3.0258	 +0.0503
 +5.5405	 +1.0528	 -5.1733	 +0.8966	 -0.4355	 +1.1008
-24.8993	+10.4501	+10.1164	 -0.7277	 -2.5650	 +2.7900
 -6.2292	+52.9626	-28.7909	 -2.0470	 +0.3389	 +1.4340
 +5.7299	 -1.1090	 +5.2350	 -2.1774	 -1.0426	 -0.6649
 +3.8468	 -7.5898	 -3.3037	 -4.4085	 -1.2998	 +1.3681
 -6.0057	 +5.7830	 -7.2514	 +2.1288	 +4.2639	 -0.3243
 -9.8711	 +1.9847	 -1.8532	 -1.2136	 -3.9343	 +3.3276
-21.9143	 -1.1291	 -5.9951	 -2.5481	 -0.4610	 +0.8886
+14.1626	-10.2317	-21.9344	 -1.8003	 +0.6735	 +0.2996
+120.8806	 +5.8533	-39.6565	 +0.1816	 +0.1437	 +0.7313
+14.7972	 +2.3076	-24.6275	 -1.6130	 -2.4309	 -2.2616
 -4.2896	 +4.0038	 -5.6620	 -3.5455	 +0.7622	 -0.3581
-16.3336	 -2.7658	 -4.7913	 -1.5447	 +0.9449	 -2.2026
 -7.6597	 +7.5185	 -1.8728	 +0.2507	 +0.6930	 +0.5423
+26.7462	-30.3646	 -8.9516	 -1.5739	 +0.8609	 -0.4233
 +4.9247	 +9.1075	 +1.4488	 -1.2584	 -1.6173	 -0.7146
 -8.2458	 +0.6814	 -9.9412	 +3.6482	 +2.4987	 +0.5158
 -7.2062	 +3.7922	 -6.9522	 -2.5578	 -1.0932	 +2.7083
 +1.7444	 -0.2428	 -7.5929	 -1.1358	 +1.4831	 +4.6854
 -2.1554	 +1.8729	 -5.4495	 -2.2027	 -0.2270	 +1.9868
 +3.0369	 +4.5094	 +9.3103	 -1.7162	 -0.5952	 +1.1054
 -5.9125	 -7.9602	-10.9947	 -0.2221	 +1.1168	 +0.8562
 -9.1811	 -3.9472	 -5.9604	 -2.1843	 -0.0457	 +0.0941
 +3.8435	 -4.7988	 -5.9275	 +4.3821	 -0.8475	 -0.3257
 +4.6891	 -4.1772	 +1.8374	 +0.0582	 +0.9722	 +1.2576
 -1.5248	 -4.6960	 -1.3359	 -0.8704	 -2.3871	 +1.3627
 +0.9656	 +2.0035	 +5.2266	 -4.2645	 -2.2906	 +1.6881
 +7.2080	+13.4670	 -0.0416	 +1.7221	 +0.6644	 -0.5993
 -2.4269	 +2.5792	+11.0844	 +1.2358	 +3.4093	 +0.3542
 +5.3549	 +5.0675	-15.3103	 +1.6113	 -1.3327	 -2.8029
 +0.4917	-12.4608	 -9.0734	 -0.8916	 +2.5615	 -0.6791
 +8.5396	-21.3312	+15.0480	 +1.3777	 -1.4416	 -1.4964
 -3.4838	 +1.6920	 +3.7159	 -2.4277	 -3.3946	 -0.8918
 -1.9696	 +1.5283	 -3.8788	 +0.1607	 -1.4866	 +1.2282
-57.6668	 -0.5246	 +2.0808	 -1.2412	 -1.5399	 +0.4146
 -3.8485	 -3.2350	 -8.2945	 -1.0422	 +1.0528	 -2.8289
 +1.2043	+18.7218	 -8.7751	 -0.7808	 +0.4919	 -1.7493
+15.7554	-12.5410	 -0.9120	 -1.0866	 +0.2741	 +0.4537
 +0.1349	 +1.1689	 +0.4344	 +1.0639	 +4.0632	 -3.1509
 -4.4286	 +6.1344	 +1.9094	 +3.8669	 -2.6075	 -1.3992
-29.4358	 -3.0878	+37.6178	 +0.7174	 +1.2038	 -1.1605
-18.5371	 -0.7237	 +6.9059	 -1.0007	 -0.2252	 -0.9336
 -2.3444	 +9.1301	 -9.9906	 +2.0636	 +2.4745	 -1.0388
-29.4624	-28.2036	-15.0036	 +2.1908	 +0.9562	 +1.8485
 -6.9347	+27.6073	 +7.1374	 +2.8040	 +0.1726	 +0.1442
 +5.3523	-12.2822	 +5.4884	 +3.8685	 +0.3766	 +3.0858
 +0.2079	 -4.1471	 -4.2813	 -4.1814	 +3.1182	 -1.0603
+11.3812	 -8.2573	 +6.2074	 +0.2636	 +1.0252	 +1.0974
+1872.2563	-31.8664	+790.5649	 +0.2207	 -0.2337	 +0.0660
 +3.2319	 -4.0671	 -8.7630	 +1.4072	 -1.4769	 +0.8604
 +9.2473	+10.6902	 +0.4690	 -1.5876	 +2.3386	 +1.1411
 -7.3191	 +0.0049	+11.5137	 -0.4765	 -0.8058	 -1.6554
+15.3705	-13.1958	 -4.5014	 -3.1292	 +1.4508	 +2.1706
 +7.6032	+12.7633	 -3.8667	 +1.2286	 +0.5585	 -1.9665
-59.6047	-54.2697	-70.4131	 -0.7878	 -1.2280	 -0.1611
 +1.0546	 +9.1137	 -6.3232	 -0.9658	 +2.7882	 +6.2156
 +4.9973	+13.5951	 +9.3629	 -3.7338	 +0.7831	 -3.6555
+23.0074	-21.8973	+10.7815	 +0.0195	 +1.6143	 -0.1175
 +6.7221	 +1.5467	 +1.1939	 +0.8302	 +0.9613	 -0.0081
+17.3682	 +8.6597	 -5.7538	 -0.5295	 -4.2878	 +1.1803
 -7.4206	+13.2079	 +0.2209	 +0.9102	 -3.6069	 -1.1203
 -2.1422	 +0.8566	 -2.7376	 -2.6254	 +4.4049	 +0.2944
 +2.5996	 -0.0191	 -2.0690	 -0.6667	 -4.7223	 -3.2004
 +2.5331	-17.5674	-14.6421	 +0.1975	 -1.9815	 +0.6812
 -0.3833	 -3.2824	 -2.0988	 -0.3791	 +2.8187	 -6.0650
 -4.2268	 +4.1538	 +2.4009	 -2.6538	 -1.9035	 +1.5580
 -2.8671	 +7.8984	 +8.9018	 -2.9600	 +0.9270	 +0.2459
 +9.8629	 -8.3457	 -6.6868	 -0.8516	 +1.2665	 -3.2630
 +5.1159	 +3.9284	 +0.6714	 -2.1708	 -1.4851	 -1.4523
 +3.4339	+12.5991	-15.4341	 -3.8810	 -1.3234	 +2.8136
 +4.1725	 -0.3328	 +4.2906	 -0.7120	 -2.8785	 -2.1135
 -1.2979	 -3.7068	 +0.8123	 +2.9410	 +1.8353	 -1.7450
 +0.7389	+15.9481	-12.1037	 +0.3883	 -1.9669	 -4.2438
-10.4193	 +7.4415	 +8.3296	 -1.0608	 -0.0113	 +1.2263
 +9.2562	 +3.5880	 -5.9309	 +0.7941	 +1.1372	 -1.9935
 +6.0991	 -8.6626	 -0.3309	 +0.8579	 -1.5735	 -1.8305
 -6.0997	 -9.6191	 +0.6890	 +3.8822	 +0.0086	 +0.0708
 +1.2765	 -1.1187	 -2.5643	 -4.8505	 +4.3300	 +0.2738
 -0.4237	 -8.7925	 -9.7556	 +0.0919	 -1.3283	 -0.3375
 +6.6246	 +5.8436	 -6.3102	 +0.2009	 -2.1113	 +0.2702
-23.0556	 +8.0346	 -2.7383	 +0.1022	 -0.9599	 +3.1245
-28.2525	 -8.2238	 -8.6001	 +0.3526	 -0.2882	 -2.7345
 -0.3744	 +0.3352	 -4.9586	 +2.3928	 -3.8748	 -4.7296
-130.9904	-46.7492	+74.9411	 +0.7256	 -0.9304	 +0.6602
 +1.2000	 +3.0394	 -4.8857	 +0.5969	 -0.0736	 +1.3950
-12.0413	 +7.1038	 -6.2547	 +0.9654	 +2.7165	 +0.0854
+12.9088	 -6.0228	 -4.1037	 +1.8302	 +1.2203	 -3.3144
 +9.7108	 +1.2204	-16.2971	 +1.8903	 -1.7363	 -0.0365
-16.7289	+10.7326	 -8.6787	 +0.4445	 -0.9659	 +2.0761
 -9.8557	+13.7493	 -0.4287	 -2.8842	 -0.1145	 -1.4538
 -0.2358	 -8.2778	 -5.6709	 +1.3562	 +1.6980	 +3.8409
-111.8478	-105.5416	+101.0100	 +0.4153	 -0.2403	 -0.1364
 -8.1242	+37.4817	+16.8605	 +2.2714	 +0.6475	 -1.9177
-25.5511	-22.6643	+17.4405	 -0.6975	 +1.3666	 +1.8395
-19.6668	 +7.4297	-34.0408	 +2.3808	 -0.6016	 -1.6446
-20.3805	-18.9033	 -9.2389	 -0.8251	 +1.8973	 -0.0939
 -3.4306	 +1.9780	 -3.2534	 -1.7537	 +0.3915	 +3.1571
 +1.5035	 -1.4632	 -5.8466	 +0.1426	 +2.0355	 -2.3897
+13.4722	 -3.1075	 -2.7722	 +1.1458	 -1.6538	 +1.2046
 -6.8322	 +7.1147	-10.5791	 -1.6200	 +2.7880	 -0.9950
-15.1979	 -0.7949	 -4.5992	 +3.9655	 +1.2353	 -1.1587
 -4.9659	-18.8099	 +1.3682	 +3.0810	 -0.1256	 -2.1389
+17.2036	-90.8402	+15.0047	 -1.0063	 +1.4233	 -1.2192
-19.6366	 +5.0934	 +6.7629	 -0.0952	 -0.5476	 +0.3225
 -0.2395	 +5.6925	 +5.5202	 -0.7637	 -0.4428	 +0.2745
 -1.0695	 +1.7118	 -0.5892	 -2.0533	 -0.6883	 +0.1700
 -0.4657	 -0.5069	+11.0917	 -0.4196	 +1.5847	 +2.5466
 -7.9247	 +5.5760	 +0.1723	 +1.5834	 -2.3470	 +2.3995
 -5.3642	 -4.1836	+10.5395	 +1.5688	 -3.1083	 -3.6818
 -0.1548	 -3.3364	 +4.2056	 -2.4550	 +0.5754	 -5.8302
 +8.4493	 -0.8667	-19.8142	 +1.0686	 -3.4932	 -2.8954
 +1.0383	 -3.1538	 +1.7903	 +0.5659	 +1.9714	 -0.1837
 +9.3869	-11.9331	 +6.9681	 -1.8135	 +0.0778	 -0.1861
 +2.6591	 -0.2316	 -8.3430	 +0.8904	 +3.4468	 +1.0704
 -6.1188	 -1.7407	 +0.5105	 +1.0961	 -1.7547	 -1.3691
 -6.7673	 +8.4688	 +2.9942	 +4.1156	 +5.1274	 +0.8435
 -3.2765	 +8.9282	-21.9269	 +0.1466	 +2.0710	 -1.2425
 -0.0248	 -1.5014	 +7.5389	 +0.3540	 -0.1098	 +2.5659
 -5.4388	 +4.4976	 -2.4966	 -1.9768	 -2.5482	 +0.6852
 +4.5287	 -1.4880	 -2.3368	 -1.1722	 -4.8226	 -2.1810
-153.4685	-56.1749	+203.4356	 +0.5415	 -0.6753	 +0.2091
 -5.0920	 +3.5852	 -6.2221	 +0.8859	 -0.5153	 -0.3561
 +3.7493	 -3.7339	 +2.7307	 -3.3737	 +2.5928	 +0.9686
 -9.2980	 -1.4206	 +0.6111	 -3.4868	 -2.4661	 -2.2496
 +0.0421	+14.5478	 -0.6270	 -0.9590	 -1.0265	 +2.5441
 +1.1886	 -1.7709	-12.7395	 +0.1930	 -0.1170	 +0.2013
+26.4282	+46.8413	-11.5697	 -1.2592	 +1.1610	 -1.8727
 +4.9558	 -4.8695	-14.7141	 +0.3427	 -2.2291	 -1.4932
 +5.8835	 +4.6972	 -9.4445	 -3.0511	 +2.0838	 -2.6887
 +6.8262	 +2.9545	 -5.0267	 +2.3332	 -1.3333	 +5.8313
 -1.6786	 -5.5494	 +1.8834	 -1.0477	 -0.7544	 +4.0873
 +4.3651	 +0.1944	 -7.8512	 +1.4855	 +1.2501	 +0.6117
 -4.0852	 -8.8951	 -7.6903	 +2.1605	 -2.6821	 -2.0538
 -2.8509	 -1.3764	 +3.4488	 +0.2614	 +0.5393	 +1.0611
 +6.4366	 +3.3809	 +2.0358	 +2.7038	 +2.8928	 +2.3965
 -1.0895	 +3.5018	 -7.6435	 +0.5250	 +1.4587	 -4.0605
-12.2281	 +0.6165	 +0.3682	 -3.4267	 +0.4662	 -3.6806
 +1.5609	 -2.2434	 -4.5113	 +1.5748	 -2.8055	 -1.4052
 +2.0062	 +6.1165	 +5.0365	 -0.8875	 +2.2084	 -0.8293
 -6.3168	 -0.4796	 +3.7305	 -0.6125	 -2.7085	 +2.1591
 -2.3990	 -0.0746	 +2.9104	 +0.1074	 +1.6661	 -0.4419
 -5.3435	 -4.0852	+30.9207	 +2.2335	 +2.2408	 +1.7482
 -0.7549	 -0.6638	 -3.9368	 +0.7734	 -1.2494	 +1.4519
 -3.0012	 -6.1412	 +2.1265	 -4.0618	 +3.4427	 +0.1323
 -0.4349	 +4.7201	 +4.0716	 +3.7372	 +2.3828	 -1.1045
 +9.0396	 -1.3154	-10.7997	 +2.9415	 -2.1901	 -2.8983
 +0.3893	 +5.5422	 -1.2443	 -3.2126	 +1.3709	 -2.3100
+11.3102	-12.6001	 +7.0291	 -1.3265	 +0.2676	 +2.2459
 +3.6027	 -5.8490	 -0.9274	 -0.1040	 -4.7712	 +3.1734
-11.1365	+28.1824	-48.2145	 +0.7421	 -0.0965	 -0.5579
 +7.6275	 -6.0167	-46.1642	 -0.2643	 +1.1754	 +1.3368
 -3.5228	 +4.0774	 +2.1846	 -3.2780	 -0.6568	 -0.8088
-16.6317	-11.8198	-13.0903	 +1.5407	 -1.5654	 +0.2466
 -0.8241	 -1.9212	 -4.6320	 +2.7445	 -2.0417	 +1.8987
 +5.5556	+11.3418	 +0.6573	 +3.9774	 +2.7883	 +1.4429
-11.8898	-66.1069	 -6.9272	 +1.3497	 +1.2281	 -0.6670
 -6.4264	 -8.8515	 -3.9785	 +0.4692	 +1.1563	 -3.8722
 -0.3597	-12.9815	 +6.1514	 -2.4023	 -0.8914	 +0.4074
 +1.5881	 +3.4445	-21.1499	 -4.1334	 +1.7870	 -1.1460
 +7.7432	 -6.6736	+10.9349	 +0.3474	 -4.1744	 +2.8635
 +3.0168	 -1.3244	 +0.3672	 -0.7759	 +0.5080	 +6.6554
 +7.8068	 +2.3968	 +2.3631	 +0.9541	 -1.4674	 +3.7304
-12.3909	 +7.8465	 -1.5947	 +1.2814	 -1.6039	 -0.3721
 +3.9636	+11.5791	 +5.3782	 -1.4066	 -0.8837	 +0.9520
 -3.7507	 -4.3511	 +3.6446	 +3.3440	 +0.1707	 -1.2634
 -8.0575	-15.0470	 +2.1063	 +0.6360	 +3.2769	 +3.0550
 +4.6411	 +0.5696	 -5.4018	 -2.6505	 -0.9515	 -1.7303
 -5.4719	 -8.8775	 -8.4787	 -2.7261	 -2.8887	 -2.6927
-55.3030	 +2.4731	-15.9300	 +0.9363	 +1.2746	 -0.9060
 -0.7893	 -0.7831	 -8.3559	 -1.9119	 -1.8708	 -1.8178
 +3.0867	 +4.0989	 +0.1020	 -2.1306	 -2.4946	 +2.6572
 -6.7533	 +9.9580	 -0.5511	 -3.3710	 +0.0799	 +0.2101
 -1.9716	 -2.7445	 +1.9190	 -1.6140	 +3.6267	 +1.2123
+12.0512	 +8.7745	-16.1091	 +1.7567	 +2.0333	 +1.6930
 +1.7155	 +3.4537	 -1.7762	 -1.1533	 +2.4844	 +7.0953
 -1.2311	 -1.5336	+18.9514	 +1.9244	 -2.1965	 +0.9100
+14.7754	 -2.0422	 -7.4974	 +1.8399	 -0.6770	 +3.0348
 +8.8223	 -9.1724	 -3.8289	 -2.5309	 +0.3476	 +1.3867
 -1.0590	-22.9303	-23.4918	 -0.6977	 +1.9769	 -0.0277
-13.4393	+15.2520	+10.4069	 +0.3849	 -2.2354	 +1.2856
 +3.8814	 +0.4067	 -3.1384	 -1.5798	 -1.4625	 -2.1357
 -6.9340	 -9.2504	-10.0967	 +0.1610	 +1.1261	 -2.4067
 -4.0264	-13.9251	+10.1011	 +1.0362	 +0.7907	 -1.0039
 +2.9324	-14.4692	 -3.2402	 +0.4644	 -1.0812	 +2.3157
-10.3500	 +3.8404	-14.1489	 -0.5548	 -0.5665	 -1.8757
-16.1919	 -1.9216	 +4.0630	 -0.3057	 +0.3340	 +3.6647
 +1.1613	+10.3288	 +0.2820	 -0.2293	 -2.6420	 -2.1606
+35.5150	 +5.5131	 +7.7357	 -0.5305	 -0.3152	 +0.4821
-11.5054	 +8.6627	 +8.2980	 +3.5357	 -2.4189	 +0.5581
 +1.4540	 +4.3424	 +2.8597	 +0.1022	 +1.6447	 -1.7177
 -1.0692	-30.7284	-26.5240	 -1.2373	 -1.1344	 -0.6966
 -7.5702	+12.7303	 -2.7112	 -2.2084	 +2.8771	 +2.8722
 -0.7593	 -4.1695	 -8.1575	 -4.8194	 -1.0655	 +1.4638
-13.9944	 +5.5526	+14.6248	 +4.8738	 -0.8544	 +2.1740
 -4.4545	 -3.0466	 -5.0464	 -0.0170	 -4.2252	 -0.2596
 -4.8010	 -7.0631	 -6.8579	 -3.0356	 +0.3234	 -3.4638
 +8.2116	 -5.1321	 +1.5303	 -1.1826	 -2.0310	 -2.0684
 -9.1343	-13.6944	+10.6891	 +1.5727	 +0.7805	 -0.8052
 +4.5501	 -9.2026	 -7.0026	 +2.7254	 +2.1833	 -0.9758
+11.6363	-13.5571	 -9.9371	 +0.6385	 +1.4329	 +0.8388
+15.5948	 +9.8938	 +5.6906	 +1.1180	 -2.6333	 +0.6201
+25.4943	 +1.5788	-11.8093	 +0.3942	 -2.2872	 +1.2367
-17.3426	+10.2276	+23.3681	 +0.9854	 +2.6403	 +0.4550
+30.0814	-17.9659	+70.0814	 -0.2243	 -1.7764	 +0.2900
 +5.0382	 -1.8698	 -4.3039	 -4.6667	 -1.7053	 -2.1934
 +5.9698	 +6.3366	 -6.0789	 -1.3159	 +4.1135	 +1.8387
 -4.4272	 +0.2179	 -4.5550	 -0.0593	 -1.7684	 +0.8868
 -0.9923	 -2.7215	 -3.1783	 +5.1161	 -2.2587	 +5.1133
 +8.2843	+10.1776	 +5.5616	 -0.0373	 +1.3677	 -0.2524
+30.2114	 +0.0095	-13.9828	 +0.0162	 -0.5894	 -1.5150
 -9.6805	 +3.4868	 +2.6989	 +2.8586	 +4.4274	 +0.1201
-21.1768	+22.5572	-22.8990	 -0.7705	 +0.9624	 -1.1772
-18.5661	-22.7514	+15.7972	 -1.6962	 +0.6797	 +0.6419
 +5.2146	 -3.2882	 -4.5716	 -0.2847	 +0.0863	 -0.9686
+19.2861	 -4.6035	 -5.3386	 -0.5103	 -1.9018	 +1.5340
 +6.3396	-10.9146	+10.4511	 +0.6513	 +2.9049	 -1.9997
 -1.6147	 +4.0330	 +2.1436	 -2.3513	 +1.2075	 -1.9753
-11.1817	 +7.5234	-11.1558	 +0.5470	 +1.8831	 -0.1593
 +6.5472	 +1.9526	 -3.6877	 -0.2210	 -0.7731	 +0.9016
 -9.6130	 -9.3443	 -9.0706	 +0.3303	 +1.1362	 -0.1536
 -5.7411	 -3.4617	 +1.8141	 -0.3411	 +3.7641	 +4.0979
 +6.7922	 -7.5144	+29.1945	 -0.9399	 -1.7013	 -0.6700
 -1.1979	 +3.1696	 +0.8378	 +4.2687	 +2.8105	 -0.0374
 +4.2462	 +5.3581	+15.5604	 +0.7602	 -2.5245	 +0.5157
 -4.5081	 -1.2367	 -1.2201	 -1.8464	 +0.0007	 +3.8598
 +5.0520	 -2.9329	-12.6137	 +1.9610	 -1.1663	 -5.3094
 -8.8697	 +1.2389	 +4.5149	 +1.7046	 +1.0322	 -2.6025
 -4.9189	 +2.1447	 -1.5742	 +0.6033	 +1.3063	 +2.4056
+27.2485	 +1.4276	-17.8381	 -1.9533	 -1.3564	 +0.7146
-20.9076	 +7.9856	-29.3048	 -2.3747	 -0.9951	 +0.3351
 -7.7325	 -1.8032	 -4.9530	 +2.7739	 -0.1163	 +0.0367
 +4.6900	 +1.9121	 +3.7488	 -3.0342	 +1.7424	 +1.6961
 -3.0930	+15.1970	 +3.7190	 +0.0175	 -0.2050	 +0.2831
 +4.3076	 -2.0947	 -7.1312	 +2.2448	 -3.0768	 +3.0563
 -6.8328	-13.5275	 -0.9679	 -0.4520	 -1.7771	 -1.5452
-12.0674	 -8.1527	 -2.6152	 -3.7940	 -3.2530	 +1.4134
 +4.9113	 +4.3005	 +5.0959	 -5.7903	 +0.1842	 -1.7735
 -2.0691	 +0.0476	 +4.0321	 +0.1910	 +1.2256	 +3.8734
-10.7934	 -1.7566	 -9.1720	 +3.3865	 -0.2959	 +0.1236
 -4.9747	 -0.9239	 +0.3384	 -1.5014	 +0.7399	 -0.8368
 +1.7089	-15.2020	 +0.9341	 -0.9601	 -2.9680	 -1.3360
+15.2240	-57.3270	-29.1849	 -0.5465	 +1.3025	 +0.8865
 -3.0210	-10.7474	 +4.3574	 -0.6804	 -2.5655	 -3.8899
 -5.0273	 +1.9223	 +0.1975	 -2.4311	 -0.2788	 +1.5977
 +3.8409	 -1.6715	 +3.7505	 -0.8680	 +0.7921	 +2.1714
 +4.3509	+16.5130	+20.7137	 -1.4584	 -0.9437	 -2.3886
 +5.0359	-13.8345	 -4.1702	 -0.6576	 +1.0878	 -0.1311
 -3.3528	 +7.0230	-13.5850	 +0.7013	 -0.8713	 -1.1421
 +9.0694	 -9.0691	 +6.6443	 -2.3294	 +2.6932	 -3.9519
 -8.1507	 +3.5319	 -2.2045	 +0.4971	 +2.2472	 -2.5209
-68.7156	-50.5769	+30.6325	 +0.7433	 +1.4009	 +0.4373
 +5.8125	 +2.5551	 +3.3233	 +1.5883	 +2.6269	 +3.1584
+53.1338	+35.5942	+39.4948	 -1.4631	 -1.4321	 -0.5211
 +0.4000	-12.8914	 +6.7470	 +2.3143	 -2.8809	 +0.0677
 -4.2651	 -1.6485	 -3.2024	 -2.4149	 +4.9901	 -1.8288
-111.9940	+55.6674	-20.1518	 -0.3951	 +0.7086	 +0.2916
 -7.8610	 +1.7186	 +8.6125	 +0.7224	 +1.7803	 +3.8089
 +2.0247	 -0.4358	 -3.0451	 -4.3478	 -4.0498	 -1.0723
 -4.2576	 +0.5094	 -9.3601	 -3.0095	 -0.6061	 +3.4803
 +0.9044	 -0.5591	 -0.7908	 -1.0430	 -4.2742	 +2.5304
 -2.3644	 +4.7897	 -4.3393	 +1.6688	 -1.5600	 +1.4226
 +5.9554	+15.7958	 -8.9597	 +2.6435	 -1.1111	 +0.2481
 +4.3150	 +3.4560	 -0.9118	 -2.6004	 -2.5960	 -0.3904
+12.8928	 -7.6277	 -3.3046	 +1.1825	 +0.5650	 -1.4216
 -6.0546	+28.6490	 -8.3093	 +0.4205	 +1.9730	 +1.2980
 -3.9936	 -6.4969	 +2.2753	 -2.3116	 -4.0316	 +2.1606
 -2.0831	 -2.6503	 -3.5591	 +2.4958	 -0.6750	 -0.2113
 -7.0583	 +5.5621	 -2.0037	 -1.9054	 -1.5157	 +2.5400
 -2.2775	 -4.9925	 +4.8906	 -3.0386	 +0.0394	 -2.0174
-37.6598	+15.5576	+13.8558	 -0.2032	 +0.6336	 -0.0291
+12.8542	+15.0310	 -2.2822	 +2.6481	 +0.9039	 -3.3547
 -8.3400	-30.5101	+14.8320	 -0.9556	 -2.2481	 +0.4774
 +0.8568	 -3.1451	+14.5233	 +3.5503	 +1.2463	 -0.4168
 +0.8762	 -0.8116	 +0.3101	 +1.9013	 -3.0129	 +3.0494
 +1.5010	+18.0908	-31.4906	 -1.7467	 -0.0431	 -0.9696
 +4.0577	 -7.8723	 +0.3311	 -2.8153	 -1.9552	 +2.1623
 +1.5195	 +2.2133	 -5.6699	 +2.2353	 -1.5453	 +5.4729
 -3.0770	-12.9139	 +0.0113	 -1.9059	 -2.4154	 -1.7954
 -3.5385	 -8.9656	-10.2324	 -1.6788	 +2.1569	 -1.0992
 +1.8191	 -3.8591	 -4.0268	 +2.9269	 -1.9575	 -3.1759
 -9.0861	 +3.6455	 +1.5512	 +3.5392	 +0.1887	 -4.1763
-54.6094	+17.9248	 +8.5146	 -1.5702	 +1.2693	 +0.6922
 -0.9075	 -2.3672	 -3.1929	 +1.7140	 +0.0950	 -0.5423
-28.6115	+33.0471	 +8.5656	 +0.1622	 +3.6671	 -0.2899
 +4.8655	 +6.3352	 -6.7830	 +2.8351	 +3.1524	 -2.6715
 -8.1533	 -9.8798	 -5.3341	 +1.9652	 +0.7128	 +0.7564
 +0.8102	 -0.4044	 -4.8424	 -0.1735	 -0.6815	 +0.4234
 -4.6658	-49.7785	+36.1386	 +1.9766	 +0.5235	 +0.5325
 -0.7049	-11.6765	 -3.9688	 +1.9297	 -1.7248	 +0.5795
 +6.7349	 -3.4253	 +6.1203	 -2.0329	 +0.1126	 +0.9489
 -8.3772	+12.1425	+19.1525	 -1.5970	 -1.5966	 -0.4040
 +5.2660	+20.0210	+15.2479	 -0.3279	 -0.0107	 -1.1528
 -0.9304	 -2.2397	 -3.1908	 +0.4100	 -2.9974	 +4.8962
 +3.5075	 -6.1571	 -1.7220	 -0.8755	 -1.8156	 +0.6248
 +0.6808	 +4.7269	 +9.0001	 +2.1077	 +1.3782	 -0.5428
 -1.7246	 -2.5528	 -0.9208	 -3.7149	 +0.2502	 +0.9321
 +8.8976	-18.3506	 -4.0680	 -1.4461	 +0.6496	 -1.2732
 +0.4725	 +0.4110	 -2.4006	 +0.6052	 -4.4768	 +2.5986
 +6.1793	+10.2081	+11.6890	 +1.0320	 -3.8314	 +0.8290
 +0.2271	 -0.8185	 -0.5721	 +2.2249	 +4.6171	 -1.9108
 +1.8114	 -1.1950	 -4.7745	 -2.1366	 -0.0321	 -1.1460
+13.1786	 -2.0815	 -0.6299	 -3.3575	 -3.2959	 +0.2659
 +6.3333	 +1.9653	 +2.4107	 +0.5417	 +1.0252	 +4.7732
 -3.0100	 +1.1987	-16.3843	 +1.1323	 +1.9087	 -3.3339
 -4.8407	 -2.7357	 -5.7071	 +1.4939	 -0.1587	 -2.2796
 -8.8475	+12.8782	 -0.6767	 -3.4662	 -2.1333	 -1.3618
+14.1332	-14.1497	 -1.7006	 -0.2858	 -1.7975	 -1.2060
 -6.5579	-19.4700	-16.5725	 -5.1764	 -7.0160	 -6.9235
 -0.1629	+13.8772	 -4.2488	 -1.7817	 -2.2534	 +2.6832
 -0.1179	-11.5369	 +0.3426	 -4.0792	 +0.8605	 +0.7148
 +9.8767	 -0.2340	 -2.8053	 +2.0612	 -2.6220	 -0.4941
 -5.2152	 -5.2640	 +6.5478	 -0.7517	 +1.3657	 +0.9522
-17.6656	 -0.3480	+11.7327	 +0.6354	 -0.9362	 -1.0610
 +1.6727	 -4.2288	+44.1358	 -1.1894	 +0.9788	 +0.8463
 -2.9888	 +3.4038	 -8.9631	 +0.5099	 +3.3408	 +2.2529
 -5.4070	+17.8472	 +0.1939	 +3.0612	 +0.0032	 -0.1397
 -5.6765	 -1.6730	 -2.3739	 -0.3080	 -1.3222	 -1.1961
 +5.4308	 -1.0143	 -0.8823	 -5.2145	 +2.4151	 -2.8063
 +0.6379	 +1.3876	 -2.2297	 -3.4090	 +2.9170	 +0.0678
 +0.6847	+22.6190	 -3.3524	 -0.1773	 +2.2689	 +2.5206
 -7.9134	 -2.2970	 +6.2205	 +1.7888	 +2.5274	 +2.6289
-15.8177	 -0.8842	-43.9917	 +1.5017	 -1.1142	 -0.1159
 +7.1215	+10.2588	+30.3808	 -1.6616	 -1.4375	 -0.5961
 -6.8837	 +0.8173	 -4.1909	 +0.7628	 -1.3375	 -1.1662
 -5.8393	 -9.5822	 -5.0652	 +1.2116	 -1.1445	 +0.4040
 -9.3034	 +7.0879	 -0.4590	 +0.7006	 -2.0933	 -5.8519
 +4.5819	 -0.9867	 +4.1765	 +1.1473	 +2.1929	 +3.5399
 -7.9116	 -6.1557	 -5.1127	 +2.3549	 -0.1419	 -0.7578
-14.1063	+15.1331	 +6.8220	 -0.0446	 -1.0495	 -1.9694
 -2.3269	 +4.3120	 -3.4959	 -2.2538	 +0.6485	 +5.4749
 +5.7388	-13.0513	 -4.2163	 +0.9253	 +1.4101	 -2.7181
 -2.0788	 +1.0332	 +1.8127	 +3.8375	 +2.4610	 -0.6066
 +5.1799	 -4.6359	 +5.9330	 -1.5871	 -0.2962	 +3.0377
 +4.8491	 +6.8347	 -0.5756	 +4.6011	 -1.6663	 +4.6773
 +6.3025	 +4.3396	 +2.8206	 +3.1968	 +1.8563	 -3.1019
 -6.7978	 +2.2271	 -0.6514	 -0.1082	 +1.2302	 +2.1403
 +3.5884	 +6.9756	 -3.7478	 +0.8719	 -0.7879	 +2.8009
 -0.8962	 -5.8156	 -9.8255	 -0.8683	 +1.2373	 +0.1238
 +0.1286	 -3.3483	 -1.3710	 -2.4857	 +0.0467	 +2.2294
+24.7394	-12.4945	 +9.1738	 -0.4799	 +0.9585	 +0.5205
-15.3567	+11.2932	 -9.8435	 +1.0232	 -2.7029	 +0.3026
 +1.5438	 -4.3860	 -5.8880	 +4.3171	 +0.6934	 +0.9655
 -6.0392	-10.5946	 -4.7709	 -0.2652	 -0.7097	 +3.3217
 -9.7376	 +1.8879	 +1.1245	 +3.5744	 +2.9317	 -3.1781
+15.9754	 +2.0731	 -2.6641	 -0.5503	 -2.1468	 +4.0456
+16.2722	+11.1063	 -5.3058	 +0.6587	 +2.0286	 -0.3634
+16.3540	-10.4140	 -9.4945	 -1.8466	 +0.7000	 +3.9800
-19.2944	-13.5418	 +4.4908	 -1.9552	 +0.0608	 +1.2532
 +3.1116	 -1.5609	 +4.3092	 +1.4269	 +1.1606	 -2.4018
 -3.3724	 +4.1248	 -1.8594	 -0.4055	 +0.6911	 +1.5099
+15.1143	+12.7835	 -1.0813	 -3.2315	 +0.1953	 -0.1426
-14.4690	 -0.4450	-18.0588	 -2.7232	 +3.1020	 +0.1237
 -9.2400	 +6.9043	-20.0076	 +0.6550	 +2.0276	 -1.3537
+18.4447	 -0.1798	 -3.6820	 -2.3537	 +1.3938	 +0.8638
-12.1150	-10.1431	 -3.5112	 +3.5780	 +0.1215	 +0.7050
 +3.6884	 -4.2101	 -8.3509	 -2.0021	 -2.9034	 -1.0249
+15.7949	+10.6497	 +5.3959	 +4.2495	 +1.9594	 +4.4298
 +6.2574	 +2.0148	 -1.1365	 +3.8635	 +2.0194	 -2.3661
-14.1975	 +6.0344	-18.4383	 +2.0833	 +1.3782	 -0.2098
-37.3684	 +7.2390	 -0.0754	 -1.1466	 +2.5944	 +0.9729
 -7.8105	 +6.4156	-15.9315	 +0.2858	 -0.4297	 -1.5217
 -2.7393	 -1.8028	 +1.2105	 +1.5803	 +3.5507	 -2.2663
 -6.6371	+17.6413	-13.0621	 -0.0510	 -1.7095	 -1.5889
 -3.5473	-10.1528	 -4.1259	 -2.6175	 -1.6459	 -2.1671
-11.5028	+13.7762	-47.6538	 +0.2985	 -0.1903	 +0.6528
 +8.9436	+14.7785	 -3.3203	 -2.0520	 -0.5112	 +0.0490
+18.4960	 -2.6940	-19.4864	 -0.3035	 -1.7361	 -0.0684
 +8.6060	 -1.6240	 +3.2077	 +2.4674	 +0.6100	 -2.3400
 -0.6647	+23.8882	 -0.6283	 +1.1868	 -0.2987	 +3.7778
 -3.7656	+11.7375	 -0.0385	 +0.6147	 +1.9823	 +2.3924
 +0.9612	 -3.3887	 -9.0191	 +0.6781	 +3.1435	 +0.1311
-17.1733	 -0.3089	 +5.6519	 +0.4676	 +0.3521	 +2.0339
 -6.0302	 -0.3526	 -7.9363	 +2.9024	 +0.0377	 -0.8858
 -1.1935	 -5.4922	 -2.1668	 +2.7929	 +4.8712	 -0.2454
+13.1869	+15.9586	-15.1600	 +1.7608	 -2.9085	 -1.8326
 -2.3243	 -1.0414	 +0.0636	 +0.5555	 +1.5470	 -1.2956
 +4.9777	+11.5455	 -5.2869	 -2.5002	 -2.2049	 -1.9539
 +3.7130	+13.5477	 +6.2942	 +1.1502	 +2.8364	 -1.3272
 -7.2610	 -1.3540	 +8.9555	 -1.2921	 +2.0049	 -3.8308
 +0.6849	 +2.4122	 -0.0736	 -0.8583	 -1.4996	 +2.8572
 -5.6517	 -3.3806	 +2.8499	 -1.5881	 -2.1498	 +1.4233
-14.0260	 -3.0692	 -1.4012	 -0.5260	 -1.3233	 -0.3689
-11.2753	 +3.1188	 +1.7893	 +0.8151	 +4.8997	 -3.0481
 +0.3889	 -5.3877	 +1.6617	 +1.5735	 -3.0577	 -0.9700
 -0.9698	 +0.7953	 +2.7044	 +1.3987	 +1.2417	 -0.0622
 +3.9108	 -0.8095	 -0.6894	 +1.6497	 -2.1529	 +2.4124
 -1.6802	 -9.6575	 -5.1173	 -0.1650	 -0.7008	 -0.6091
 +1.6204	 -2.3829	 -0.5831	 +1.5998	 +2.9744	 -1.9350
 -5.2626	 +1.3464	 -5.9606	 -5.3936	 +0.8471	 +0.1588
 -0.8107	 -3.4113	 -0.7850	 +4.5077	 -5.9535	 +0.3394
 +1.1815	 +7.7872	 +4.7392	 +2.4731	 +0.6705	 +4.5686
-11.0541	 -7.7028	 -1.2839	 -2.3469	 +1.8159	 +0.8453
 +0.6621	 -0.6456	 +0.6545	 +1.0831	 -0.2704	 -1.0981
 +0.1740	 -5.0215	 +8.4012	 -0.0426	 +1.0403	 +2.2325
-15.6461	 +1.7902	-10.9866	 +2.9286	 -0.4220	 -4.4723
-14.0033	 +4.0598	+24.7944	 -1.4980	 -1.0158	 +2.0721
 -4.1319	 +0.3150	 -4.7684	 +0.6498	 -0.7132	 +1.6344
 -4.2057	 -2.3588	 -1.4723	 +0.7629	 +0.3725	 +0.1457
 +8.1743	 +2.8158	 +2.4029	 -2.1055	 -3.1103	 -0.0554
 -8.4081	 +2.2661	-14.8287	 -0.1596	 +1.9281	 +0.2696
 -5.3140	 -7.8854	-10.0362	 -6.0515	 +2.0307	 -0.9846
 -0.5805	 +0.8687	 -4.8134	 -1.5187	 -3.8329	 -0.7179
 -4.1648	-40.5286	+59.7529	 -0.3633	 -0.9204	 +0.0992
 -2.7231	 -1.8493	 -6.4046	 +1.5535	 +3.0945	 +0.7584
+26.8391	+27.4504	-26.1485	 -2.2684	 -1.6924	 +0.9935
 -8.5568	 -8.8849	 +2.5719	 -0.6552	 +0.6991	 -1.0484
 -3.5054	 -1.4068	 -3.9928	 +0.8442	 +4.9392	 +1.1567
+49.1247	 +0.6482	-35.4963	 -0.7516	 -0.1764	 +1.8388
 +0.7868	-41.6566	+33.4462	 +2.6121	 -1.3238	 +0.8600
+104.0353	+54.1252	 +6.4083	 -0.0991	 -0.8729	 -1.6245
+14.5372	+19.3745	 +6.4279	 +1.9653	 -3.2032	 -0.0430
+29.5736	+63.8507	-33.4927	 +1.0235	 -0.7027	 +0.1742
 +2.2314	 +4.1427	 -0.6680	 +2.3149	 +2.3024	 -4.1190
-18.6199	 +2.1371	 +3.7839	 +0.6417	 -3.8336	 +1.0127
-22.5987	 -1.9125	+19.9165	 -0.8970	 -0.5471	 +3.9761
+15.0307	+42.4784	-46.0914	 +0.5587	 +2.2965	 +0.7139
+14.3701	 -6.2777	+33.8936	 +1.0879	 +1.2231	 -2.1465
 +1.0267	 +9.9990	 +4.3044	 -5.4457	 -1.1919	 -1.0151
 +6.2290	 -7.6751	 -1.7935	 -0.4845	 +1.9181	 +1.7733
-14.6344	+10.8521	 +6.1905	 -0.3011	 +2.4451	 +1.2449
 +3.6114	 -1.8771	-12.0379	 -3.1179	 +1.4079	 +0.3223
 -9.3932	 +1.8112	 +8.6212	 +0.3980	 +1.4665	 -0.9157
 +3.5167	 +4.3617	 +1.2424	 +4.5285	 +0.7622	 +0.5606
 +6.6545	 +9.7549	 +7.1068	 -0.3062	 +0.6038	 +0.7024
 -5.1060	 +3.1788	 +5.7107	 -0.1650	 -5.6196	 -2.3781
 -0.2503	+14.4931	 -4.3834	 -0.7228	 -0.7308	 +3.8839
 -1.6478	+12.9278	-20.3890	 -1.9364	 -1.1583	 +2.2510
 -7.7709	+16.4362	 -3.0914	 +0.3282	 -0.9633	 +0.0738
 +7.4733	-11.4131	-13.1098	 -2.9018	 +3.0098	 +0.7798
 +4.1214	 -5.2576	 -6.2976	 +0.6442	 -0.9698	 -0.2553
 -5.6737	 -4.5003	 -2.9032	 -0.6756	 -1.0323	 +2.6533
 +0.8058	 -2.1247	 -2.3872	 -3.7279	 +6.5128	 -0.4390
 -5.3273	 -3.2141	+13.4437	 -1.8355	 +0.5571	 +3.7243
-11.9209	 +2.7176	+18.5768	 -0.4069	 +1.7826	 +0.9867
 -0.9380	 -7.6073	-10.9968	 -0.5780	 -1.3844	 +1.6789
 -5.0554	 +3.5578	-13.5106	 -1.0071	 +0.2612	 +0.0019
-21.0697	+30.4844	+11.4822	 +0.8287	 +0.5816	 +0.3116
-14.1087	 -7.6945	 -7.7107	 +0.2200	 +2.6727	 -1.2993
-16.2678	-10.1449	 -5.1106	 +1.9920	 -2.0916	 -0.8040
+26.2423	 +4.4304	 +8.3236	 +1.1916	 -1.4557	 -0.2305
-12.2170	 -2.4062	 +5.9297	 +2.7433	 -1.4991	 +0.8754
 +8.0454	 +6.4238	 +8.6791	 +1.2085	 +5.0418	 +4.3223
-10.5579	+66.5039	+27.8000	 +0.7969	 -0.1377	 +1.0914
+20.3256	 +1.0512	 -2.1263	 -1.8313	 +1.5161	 -2.0778
 +7.3203	-14.7990	 +3.7113	 -0.5278	 +0.9386	 -1.4568
-16.6810	-28.6175	+30.8864	 -0.4993	 +1.2729	 +0.5250
-32.5459	+32.4433	+21.1538	 +1.7239	 -0.6937	 -0.9835
 -3.2675	 -1.6696	 -5.1236	 +0.0133	 +3.5993	 -0.2908
+11.1377	 -7.8664	 +3.1791	 +1.5303	 +4.0019	 +1.1771
-14.6741	 +9.0099	 +7.7463	 -3.3317	 -1.2160	 -0.7486
 +8.5396	-21.2071	+11.3529	 +2.0495	 -1.8873	 +1.5884
+14.4125	 -2.3812	 -2.7378	 -1.0932	 +0.3719	 -1.8822
+18.7894	 +3.7279	 +7.8457	 +0.4579	 -2.2171	 -0.8415
 +2.5478	-40.8827	+113.2289	 -0.3061	 -1.4064	 +0.3942
-11.0628	 -7.1860	 -0.6937	 +4.9779	 -2.7522	 +0.4602
+15.1541	 -4.4775	-18.7070	 +0.9008	 +2.1824	 +1.1981
 -1.0162	 -1.7703	 -6.8883	 +2.1757	 +3.3100	 -0.9412
-15.4502	 -2.5538	 +7.6260	 -3.4736	 +1.5215	 +3.4879
 -1.4123	 +2.1516	 +6.5079	 +2.6491	 +2.4066	 +4.3135
 +7.7154	 -0.0665	-14.8898	 -0.6773	 +2.4471	 -1.0806
+16.7563	-17.9262	+35.4187	 -1.7726	 +1.5247	 -1.0591
 +6.2904	 -4.9334	-19.4497	 +2.7907	 +3.1279	 -0.1231
 +0.3602	 -6.5640	 -7.8154	 -0.3953	 +3.9128	 -0.5535
 +0.8243	+13.5919	-10.0044	 -1.9300	 -0.3195	 +0.2218
-18.8920	+12.7043	 +2.0457	 +0.8557	 +0.2267	 -3.0427
 -0.6416	+15.1641	 +4.6101	 -3.4488	 +1.7408	 -0.3109
 +4.1000	-11.8263	 -9.5933	 -4.1521	 -1.1565	 -2.1978
-16.1903	 +1.2988	-10.2256	 -3.7025	 +0.4604	 -2.0261
 -2.1743	+13.4821	+17.0219	 -0.3603	 +1.9605	 -2.4960
 -0.9583	-25.9044	 +2.9038	 -1.1084	 -1.1384	 +3.1534
 +4.7431	 -6.6481	 -7.9530	 -1.7916	 +0.7026	 -1.9776
 -2.1579	 -1.1544	 -4.9081	 +2.2716	 +0.7227	 -3.8043
 -2.5138	 +2.4490	 -2.8150	 +5.2489	 -0.1278	 +3.3339
+12.5667	 -2.1537	 -5.2824	 +2.6904	 -1.8304	 -2.1704
 -3.4888	 -7.8465	 +2.8816	 -1.1705	 -2.5521	 -0.5346
+12.9198	 +2.7354	 +7.2193	 +4.9428	 -0.1834	 -3.0006
 +0.5362	 +5.6142	 +0.1275	 -0.1687	 +2.2701	 -4.4315
 +3.7665	 +3.0326	 -1.0121	 -0.5071	 +0.0310	 -0.4993
 +6.1659	 +8.0509	 -3.1704	 +3.5718	 +1.1331	 -2.1565
 -1.5117	 -8.4016	 -7.8901	 -1.9891	 -0.6895	 -0.8972
+19.4136	+24.6991	 -6.1465	 -2.0631	 -0.3334	 -0.0485
 +1.7470	 +6.9300	 -4.5168	 -0.5298	 +2.1627	 -1.8205
+12.9984	+13.4308	 -1.2486	 -3.8520	 +0.9235	 -1.6623
 -9.9747	 +3.2077	 -6.6966	 +1.5779	 +1.0700	 +2.3935
 +3.2532	 -2.6833	 +0.1546	 +0.8981	 -2.2966	 +1.7591
+10.2640	-13.9278	 +6.4436	 +0.3960	 -1.1714	 +3.7147
 -2.2096	 -2.9449	 -8.6046	 -0.2050	 +3.4653	 +1.2295
 -5.3401	-35.3453	 -4.3092	 +0.3917	 -1.1299	 -1.7817
 +5.8421	 -4.4015	-10.1984	 +2.5915	 -4.4722	 -0.1106
 +4.1943	 +9.7745	 +3.8691	 +1.0467	 -0.6347	 -0.4357
-29.1105	-10.6325	+17.3798	 -1.5877	 +0.1867	 -0.4576
-21.6239	 +5.3860	 -4.8158	 -0.0865	 +0.4476	 -1.3062
-16.6185	-14.5432	 +2.3005	 +1.7302	 -0.1235	 +1.5908
 +5.7697	 +0.4311	 +2.5654	 -0.7887	 -6.5997	 +2.3553
 -6.1953	+17.3077	 +4.4324	 +2.2708	 -1.0119	 +0.9783
-12.4142	 +7.9962	 -9.1843	 -0.3447	 +1.4795	 -3.0824
 +3.0567	 -8.7221	 +7.7607	 -2.9177	 +4.4181	 -0.2662
 -9.6862	 +2.0252	 -5.0020	 -3.1868	 -3.8470	 -0.1198
 +5.5887	+43.1995	 -1.5150	 -0.3438	 +0.4165	 +2.4170
 -4.1181	 +1.3730	 -4.9195	 -1.1442	 -1.3988	 -4.6539
 -6.0137	-10.0907	 -1.2325	 +2.3365	 -2.7082	 -0.2645
 -0.6889	 -8.3761	 +1.7412	 +0.8674	 +2.3231	 +0.9154
+87.2354	-34.2187	+44.1159	 -0.0389	 -0.8621	 -1.4666
 -9.1751	 -6.4511	 -7.7977	 +0.1881	 -3.0740	 +3.8050
 +6.4085	 -7.6080	 +0.1939	 -0.2642	 +2.1593	 +3.0035
 -1.2476	 -0.9337	 -7.3966	 -2.8454	 -1.9675	 -1.2739
 -3.7390	 +7.6771	 -3.4283	 -0.8969	 -2.2329	 +4.2770
+12.6344	 +5.1908	-11.7538	 +1.4755	 -0.5248	 -0.5813
 -1.1115	 +2.0260	 -5.3683	 -1.5661	 -3.1129	 -3.2472
 -7.3595	 -7.7703	 -2.7663	 -1.1369	 +2.6288	 +2.8248
 +6.0906	 -5.0299	+22.9899	 +2.1242	 -0.8720	 -0.8119
-14.2336	+10.6514	 +0.6607	 -1.5086	 +1.6977	 -3.4647
 +6.8690	+17.4911	+41.2111	 +0.3737	 +0.2244	 +2.4152
 +9.7376	 +7.3752	+18.9855	 -0.8776	 -0.0952	 -0.4728
-12.0488	 -2.3880	 -0.3994	 -0.5778	 -1.5716	 +0.3536
 +3.1208	 +0.9653	 +5.7994	 +0.5440	 +2.0742	 -5.6185
 -8.1849	 -8.4358	 -6.8430	 +2.6567	 +0.2388	 -4.8805
 +2.8509	 +2.8300	+10.1114	 +5.7470	 -0.3835	 +0.3197
-14.0427	 -6.4448	 -9.8953	 -0.9795	 -0.0125	 -1.1805
-56.4926	+28.2817	 -6.1178	 -2.2195	 +1.0055	 -0.9925
 -1.0486	-22.3675	 +0.1132	 +0.3140	 -1.0041	 +0.5961
+14.1971	 +9.1202	 +6.2791	 +4.4683	 -0.4937	 -0.9595
 -4.1236	 -0.7350	 -5.1549	 -7.0112	 -1.4065	 -1.4519
 +5.4684	 -0.5146	 +3.3596	 +0.2582	 -1.0090	 -4.6946
 -0.9893	-11.8715	 +4.9641	 -1.3381	 +3.8506	 -0.8117
 -2.8997	 +8.5829	 -1.5586	 +3.3064	 +1.9347	 +1.5101
 +2.8229	 -3.2484	 -3.1683	 -2.3061	 -3.1757	 -4.1877
-86.0305	-169.7980	+25.5215	 +1.1241	 +0.0618	 -0.1062
 -9.7012	 -4.4987	-11.2640	 -1.2482	 -1.6749	 -1.1625
 -9.3416	 +7.6996	 +0.9528	 +1.9319	 +2.2573	 -1.4336
 +0.4649	 +7.2055	 +0.8755	 -2.4328	 -1.2929	 -0.9513
 +5.5538	-12.6346	+17.8081	 +2.4172	 -0.9169	 +0.0399
 -7.1037	 -0.3481	+20.6178	 +2.0724	 +0.4151	 +2.3219
 -3.5869	 +1.9633	 +2.2944	 +1.0026	 +2.4085	 -0.8339
 -4.6936	 +4.3043	 +2.7943	 +1.5011	 +0.7849	 +4.2002
 -2.7069	-23.9356	+10.7818	 +2.4006	 -1.3711	 -2.9848
-13.1842	 +6.2552	 -0.9535	 -0.9214	 -1.7458	 -1.2810
 -6.6960	 -1.9033	 +0.6570	 +0.8294	 +2.0422	 +1.6842
-10.1246	+13.6257	 -1.4405	 -0.5114	 +1.5963	 -2.3539
 -7.2198	+14.7984	 +9.6967	 -0.5172	 +0.4024	 -0.4058
+11.2081	 -0.9083	 -1.4302	 -1.0790	 +1.4576	 -0.1292
 -9.3809	 +0.2279	 -1.9224	 +1.2392	 -2.4622	 -3.2833
 -6.5127	+27.0215	 +8.5245	 -0.4704	 -0.2509	 +2.4119
 -8.6564	 -3.5964	 +3.0352	 -4.6692	 +1.1064	 -0.0682
 +2.5089	 +0.5626	 -3.3496	 +0.1256	 -1.2297	 +6.3238
 +1.0812	+18.5887	-13.8632	 +0.0368	 -2.8189	 +3.7920
 +1.6580	-14.7929	+27.3527	 +0.3859	 +1.1915	 -3.0592
 +7.1999	 +1.5907	-11.3290	 -3.8191	 +4.5893	 +0.8988
 -7.1003	 -4.8194	 -9.4797	 +0.4075	 -0.5619	 -5.3211
 -9.2953	 -5.4356	-13.9648	 -0.0178	 +0.1006	 -0.4756
-16.2360	 +5.6233	 +4.8466	 +1.2460	 -2.8228	 +0.1610
 -4.8084	 +1.6765	+15.9086	 -1.5102	 +1.3662	 -4.1443
-40.6642	+31.1306	-75.0562	 +1.1605	 +1.8059	 +0.2473
-14.2417	 +1.5568	 -4.6585	 -2.1248	 -2.1400	 -0.5621
 -2.9999	 +2.2901	 -1.9319	 -4.9397	 +4.8953	 -0.5431
 -3.3471	+13.1481	-11.6137	 +0.3579	 -2.1604	 +1.7576
-20.2242	 +3.6804	 -5.1250	 +3.0720	 +0.9385	 +0.8599
 -2.0280	 +0.4412	 -1.6208	 +0.6268	 -3.8799	 -3.2238
 -0.2521	 -3.7308	 -8.2063	 -0.9289	 -0.8331	 +1.5658
 +0.5175	 -3.4359	-17.8971	 +0.8166	 +5.0388	 +1.5037
 +7.6945	 +6.9533	 +2.2013	 -0.0194	 -3.6254	 -0.6354
 +2.3052	 -2.1056	 -2.3893	 -0.6623	 +2.6649	 -2.9162
 -5.9086	 +0.2717	 -5.4649	 +2.7809	 -0.0403	 -3.7473
+11.5898	 +8.8279	-27.5685	 -1.8587	 -1.4994	 +1.8604
+23.2217	+36.9951	+74.2864	 -1.1437	 -0.7111	 +0.8208
-11.5240	-10.5340	-15.5361	 -0.3249	 -1.6634	 +3.1082
+13.8661	 -2.3451	+20.0314	 +1.4827	 +1.4374	 -0.3799
 -2.8161	 -3.9837	 -6.6950	 +2.4599	 +0.9149	 +0.8455
 +3.9584	 -1.5919	 -2.4380	 -2.9455	 -3.9007	 -4.0178
+63.8782	+29.2148	+37.9987	 -0.9349	 +0.0693	 +0.5087
 -5.0610	 +8.9485	 -4.7436	 +0.4485	 -0.7821	 +2.5280
 -2.5483	-10.6532	 -4.6558	 +0.4997	 -0.2556	 -3.6547
 -2.4126	 +4.7846	-11.6115	 +4.2838	 +2.2509	 +0.4893
-11.1443	 +6.3660	 +0.4251	 -0.1799	 -0.5001	 -2.0848
-32.2481	 +3.5180	+19.1847	 +2.2528	 -1.2901	 +1.2273
 -3.2701	+14.3065	 -8.1205	 +0.3046	 -0.6124	 +1.6209
 +2.2331	+13.7735	-15.7479	 -0.2857	 -0.2305	 -0.1942
 +7.5225	+18.2451	 -2.0630	 +0.0947	 +2.4025	 -0.4049
 +2.2215	 -1.3635	+18.0679	 +1.9624	 -0.2075	 -3.7163
 -2.8860	-13.5399	-10.2918	 +1.7039	 +1.1269	 -2.9895
+11.7710	-12.8423	 -3.2803	 +3.2409	 -0.6031	 -0.6742
 -4.2923	 -0.2717	 -5.0789	 -2.5853	 +4.0317	 -4.1780
-15.3867	-12.5806	-10.8900	 -2.7676	 +1.2858	 -3.0566
 -1.0259	 +7.4782	 -8.2413	 +0.5534	 +2.4347	 -3.2439
 -6.3999	+26.4462	-24.0829	 -1.8552	 +2.7983	 +1.1954
 -0.5956	 -7.2908	 +9.2235	 +0.9813	 +0.4586	 +0.8988
-17.1792	 -1.1416	 +8.2190	 -1.1122	 -1.3769	 -1.1056
 +5.9027	 +7.3403	 -9.0611	 -1.3962	 -1.4256	 -1.1449
 +0.2600	 -8.6072	 +7.2577	 +0.9740	 +4.6329	 +2.2017
 +8.8039	 -4.2492	 +1.4437	 +1.1476	 +3.4151	 +4.2220
 +3.4027	 -2.4291	 -6.4016	 +1.1849	 +0.7416	 -0.2672
 +1.6771	 +7.9898	-10.7577	 +1.9633	 +2.5905	 -0.5309
 +8.4669	 +2.5240	-20.1324	 -2.5169	 -2.5169	 +0.1291
 +4.8315	+11.2422	 +2.9765	 -0.4143	 +1.9523	 +0.5923
 -9.6993	 +4.2998	 -8.3330	 +0.0667	 -2.9671	 -1.2128
 -0.6149	 -3.2082	 -7.5868	 +0.8543	 -2.8674	 +1.6624
-20.4982	 -1.2163	-16.7847	 -2.1612	 -2.4846	 +2.9409
 +7.0448	 +6.2998	 -6.4739	 +0.4675	 -0.5191	 -0.9561
+31.1121	+11.3189	 +5.6385	 +1.0039	 +0.1339	 +0.0757
 -3.7729	 -9.1319	 +1.8134	 -1.6636	 -2.1104	 -2.6980
 -9.4290	-10.1614	 -7.6443	 -1.4145	 +1.7732	 -2.1422
-10.9021	+17.1889	 +7.7418	 +1.2664	 -1.7300	 -1.4550
 -0.8697	 +2.4715	 +0.6270	 -0.7690	 -0.0640	 -1.3739
 -9.9690	 +6.4316	-15.4532	 +2.9809	 -1.3091	 -2.5686
 +2.8356	 -7.4967	 +1.3527	 -0.3581	 +0.7655	 +0.5777
 +0.2345	 +0.4954	 +2.8833	 +3.2846	 -1.0694	 +2.5496
 -2.9363	 -0.9638	 -1.0881	 -1.6829	 -1.4434	 +4.8911
+12.9804	 -8.3464	 -1.4377	 -3.8468	 -3.1044	 -0.2876
-82.7708	+43.1545	+27.9859	 +0.3533	 -0.0224	 +0.5314
+11.6860	+13.9074	 +2.1499	 +2.3985	 +0.7201	 -2.4542
 +7.8469	 +5.6490	 +4.9271	 +1.6926	 -1.0349	 +2.0032
-10.6940	 +0.5823	 +5.9977	 +1.3205	 -3.0239	 +0.1552
 +3.2446	 +3.0984	 -5.5798	 -0.2435	 +1.5592	 -2.1666
 -3.6324	 -2.6893	 -6.2141	 +6.7259	 -2.6822	 -0.1399
 -2.8378	+21.4390	-37.9362	 +0.9735	 +1.0590	 -0.5753
-10.7285	-20.5570	+12.5448	 +1.7886	 +0.9702	 +2.2497
 +4.9515	 -0.3044	 +4.8558	 -0.5792	 -1.9884	 -2.1956
 +2.8281	 +5.8511	-16.2285	 -0.2661	 -2.5960	 +0.9765
 -3.0128	 -1.6209	 +5.0104	 -1.5976	 -1.2522	 -0.4959
 -9.5037	 +1.2266	 +0.2073	 +1.4195	 +0.3321	 +1.3369
-16.5262	 +5.6624	-12.2095	 +0.2805	 +1.4749	 +2.2393
+12.3363	 +7.6635	 -9.2555	 +1.6177	 -1.1517	 +0.8494
 -4.0918	 +0.7876	 -9.9486	 +0.0646	 -0.8715	 -1.3520
+17.8801	 +7.3689	+15.2340	 -3.0877	 -2.7256	 +0.8389
+18.4477	-13.2362	-11.5362	 +0.2780	 -1.9352	 +1.6321
 +0.3792	 -4.8964	-13.2949	 +2.1367	 +2.1363	 -0.5684
 +8.0974	-11.5762	 -8.8966	 +0.1332	 +0.4284	 +0.0076
+18.8865	 -1.4538	 -0.9000	 -2.1262	 -0.4548	 -0.2356
 +6.1134	 -4.6514	-14.4388	 -1.7030	 -0.2054	 -3.4514
 -5.9218	 -6.9752	 -5.6644	 -1.3383	 +4.5029	 +0.0706
 -8.4525	-17.4548	 -3.1152	 -2.2885	 +1.7986	 -1.3556
 -3.1155	 -2.7864	 -8.7069	 -0.3019	 -2.8258	 +2.5845
 -0.0464	 +6.8673	 -7.3712	 -4.9770	 +1.2122	 +0.8946
+11.8660	-15.0759	 -3.2056	 -3.1165	 -2.3783	 +1.5194
-32.8608	-15.5314	 -2.7282	 +1.0696	 +0.8444	 -3.3362
 +6.1330	 -3.8955	 +7.3557	 -0.0847	 +1.8999	 -3.3968
 -1.0614	 -6.3837	-12.8996	 -1.7675	 -4.3135	 -3.8367
 +8.6874	+13.0804	 -5.2568	 +2.2377	 +1.3206	 +1.9472
+12.6438	 +6.0672	 +5.1828	 -1.3299	 +3.3071	 -0.7462
-10.5342	 -7.0924	 +2.1732	 +2.6913	 +1.4339	 +2.0236
-40.0852	+28.4360	+37.9260	 +0.3201	 +0.2892	 -0.1025
+24.0228	 -1.2470	 -3.5822	 +0.7730	 -0.3210	 -1.8715
 -9.9989	 -0.5400	 +4.7804	 -0.6048	 +1.8620	 -1.5571
 -6.7096	 +9.5213	+10.9489	 -1.2565	 -2.4682	 +1.5507
 -7.8329	 -7.5085	 +6.8428	 +0.8984	 -1.1253	 -2.3402
 +3.0698	+16.7033	+13.4643	 +1.6285	 +0.7723	 +1.1201
+36.5931	 +1.3478	-14.0057	 -1.8531	 -0.8247	 +0.6580
 -1.9238	 +1.2999	 -3.9534	 -1.7654	 -4.4952	 +0.5485
 -3.3117	 +9.3668	 +7.8114	 -2.6987	 -0.8758	 -2.1289
 -6.9934	-10.3923	 -0.1449	 -2.8818	 -2.0883	 -3.1705
 +2.5970	-17.4153	-23.8569	 +0.9400	 +0.2695	 +2.6620
 +1.4900	 +1.9063	 +0.0400	 +1.3681	 -4.5187	 +2.9952
-10.0730	 -0.1656	-11.8131	 -2.0502	 +0.9284	 -0.1397
-94.1694	-31.4813	+77.7692	 +1.5010	 +0.2022	 -1.3244
 +9.9073	-11.0575	 -6.0995	 -0.0684	 -2.3076	 +2.9109
 +5.2339	-21.7903	+27.5014	 -1.4021	 +3.0249	 +2.7189
 +7.2439	-22.4912	-14.4668	 +0.3468	 +1.7004	 -1.4194
 -2.3758	 -1.6055	 -4.1827	 +2.9555	 +1.1170	 +2.4774
 +4.8609	 -7.6889	 -8.7267	 +0.9367	 +2.6036	 +1.3216
 +8.2199	-10.4117	 -3.4832	 -1.7863	 -1.6208	 +2.6479
 -4.4286	 +5.9017	 -1.4668	 -4.3964	 +2.0594	 -1.8449
 -6.3515	 +7.1449	 -5.9907	 +1.1080	 +0.8692	 +3.6477
-12.1892	 -0.2342	 +2.0824	 +2.3266	 +2.8789	 -1.9748
 +5.9016	 -8.7932	-10.2964	 -2.2556	 +4.5344	 +0.4629
 +0.6851	 +1.4512	 -7.5438	 -2.0550	 -0.0380	 +1.2585
-18.2618	 -5.0901	 +1.5264	 +2.4124	 +0.9338	 -0.9222
 -2.4161	-13.3300	 +4.8814	 +0.0795	 +0.4261	 -1.7296
-11.8499	-13.2459	-20.3890	 -1.1570	 -1.2889	 -3.2357
 -6.5715	 +3.5719	 -1.0196	 +1.1010	 +0.1569	 -1.1673
-13.4741	-16.8071	-21.7561	 +0.4595	 +0.3451	 -1.6956
-56.9753	+18.1517	+45.2992	 +1.5054	 -0.9329	 -1.0725
-49.8808	-25.7956	+15.0409	 +1.7918	 +1.3052	 -0.7216
 +0.7137	 +6.9668	 +7.1009	 +1.7488	 +1.8466	 -4.2739
 +2.2123	 -3.6312	 +3.7990	 -0.0912	 +1.2929	 -1.6107
-73.8521	-124.8361	+118.7586	 +0.6911	 +0.1028	 -0.1294
 -8.5404	-16.9096	 -2.6345	 +1.6849	 -2.1785	 -0.5188
-12.0423	 -3.5151	-15.8382	 +1.1121	 -2.9527	 +0.8397
 -1.8569	 -1.5830	 +0.8983	 +0.5984	 +2.9712	 -0.7902
-34.2980	-27.9914	-19.9478	 +2.5874	 -0.1008	 -0.8742
 -6.1681	 -1.2719	 -1.2987	 +4.3357	 -1.4123	 +2.7906
 -2.8989	 -3.8385	 -0.3868	 -1.3441	 -0.2209	 +6.2167
+15.1579	-17.9384	+42.9667	 +1.1314	 +2.6436	 +0.8399
 -3.3289	 -0.1158	 -8.5489	 +4.6846	 -1.5778	 +0.5804
 -5.2667	 +3.7979	 -3.4883	 +3.4037	 +2.4070	 -3.6146
 -0.7119	 -4.7964	 +1.3594	 -1.3697	 -3.0788	 +6.5599
 +6.9579	-13.3801	+13.5989	 +1.8409	 -2.0102	 -2.4537
-24.8394	 +8.8438	+27.4210	 -0.7701	 -0.9333	 +0.1663
 +0.3086	-10.1641	 +6.5253	 -4.1819	 -2.6481	 -1.5996
 +0.0793	 -2.0485	 +0.1164	 -0.7754	 +1.2046	 +2.1690
+14.0629	 -0.4057	 -0.4555	 +2.0541	 -2.5538	 -0.6889
 +3.4476	 -0.7102	 +6.9206	 -0.2592	 +1.2656	 +4.0836
 -9.4956	-12.3955	-15.3373	 +0.8969	 +1.6953	 +2.6527
 +1.8156	 +8.4953	 -0.0620	 -0.8175	 +2.3326	 +4.0702
-15.9211	 -6.2504	+14.4802	 +0.0029	 +1.1163	 -2.4253
 -4.0276	-10.9543	 -5.2509	 +2.7363	 -0.6786	 +3.4051
+12.6358	 +0.2693	 +5.2210	 +0.6400	 -1.0685	 +1.3242
-32.0442	+16.1391	 +2.3596	 +1.5548	 +0.0087	 -1.9230
 -3.2302	 +5.3968	 +5.8192	 +1.2062	 +1.7801	 -0.0870
 +0.4745	 -1.2800	+15.0001	 +1.1981	 +2.2757	 -2.0050
 +1.7963	 +2.4270	 +8.8775	 -3.2837	 -2.6921	 -0.3182
-13.2714	 -7.8037	-13.1521	 -0.3253	 -1.7425	 -2.3166
-27.7051	+30.0432	-71.1071	 +0.5412	 -1.5389	 +0.9595
 -0.2292	+26.8170	 +1.0572	 -2.3666	 -0.4996	 +1.4389
-24.5528	+72.5987	-50.7607	 -2.0638	 -0.8635	 +0.3200
 -4.0444	 -6.4552	 -0.3524	 +5.2220	 +1.6693	 +0.1714
 -2.6044	-10.5331	 +5.6781	 +3.2776	 +3.7609	 +1.5925
 -2.6225	+23.6254	 +5.7868	 -0.7980	 +0.1634	 +1.5415
 +7.6530	 +1.7122	-13.0313	 +0.6656	 -1.3848	 -4.3604
 -6.3266	 -6.6955	+13.4725	 +3.7358	 +0.4676	 -0.3253
 -2.4928	-10.0466	-16.2692	 -1.9623	 -0.1581	 -1.8908
 +1.4139	 +2.9864	 +0.4708	 -3.1925	 +1.5653	 +3.8923
 -5.5470	 +2.7377	 -4.4216	 -1.1621	 +0.6789	 -2.4506
 -6.2281	 -8.9814	-15.5341	 -0.6841	 -3.3133	 -0.4031
 +2.0255	 +8.3719	 -7.2325	 +4.0596	 -1.7954	 -0.0729
-12.5494	 +0.4782	 +9.3943	 -0.2236	 -2.1145	 +2.2531
-14.2335	 -3.8321	 +5.8503	 -3.4694	 -2.7964	 -1.4109
 -8.8647	-17.8077	 +3.3586	 -3.2258	 +3.2179	 +1.3706
 +0.0611	 -4.7713	+12.8781	 +2.0832	 -0.3606	 +0.2192
 +1.1920	 +4.0158	 +8.4495	 +1.9856	 +0.0537	 -2.8634
 -1.6644	+14.0848	 -2.8137	 -2.6367	 -2.3487	 -0.8424
 +8.6314	+10.1824	 -1.5216	 +1.0774	 -2.8788	 -2.3924
-141.4996	-173.9556	+114.5098	 +0.3928	 +0.9084	 +0.0730
 -7.5710	+14.0218	 -8.4286	 -2.2979	 +1.4594	 +0.5658
-18.6983	+33.8119	+43.7271	 -0.1810	 -2.5396	 -0.6611
 -8.2523	 -3.5691	+12.5949	 -1.4182	 +0.6377	 +3.0750
 +7.5624	+74.3596	-80.8940	 +0.0623	 -0.1299	 +0.4777
 -4.4088	-20.9245	 -1.6535	 -0.7229	 -1.1296	 +2.5416
 -1.9201	 +2.1086	 -8.0440	 +3.7978	 -0.4455	 -2.4516
 -4.0840	+22.9469	-23.4059	 +1.9814	 -1.1461	 +0.8816
 +3.2337	 +7.4944	 -0.6278	 +5.7128	 +2.7611	 -1.6414
-19.8016	 -2.0046	 -6.0142	 -0.8118	 +3.5392	 -0.8451
 -9.6339	 -1.8721	 +1.9196	 +1.4210	 -3.5055	 +0.2061
 -0.7746	 -9.0778	 +8.9611	 +0.1173	 +2.2053	 -0.2023
 +1.2825	 +0.2371	 +2.5453	 +3.7897	 +0.1675	 -1.3913
 +2.4589	 -6.3594	 -9.0763	 -0.9634	 +1.1174	 -0.6270
-23.0994	 +7.1107	 -3.8002	 -0.6475	 -1.6272	 -0.5850
-16.3673	+15.9281	 +0.2913	 -1.1381	 +0.4729	 -0.9591
-15.8250	+13.2460	 +1.3354	 +2.2216	 -3.4962	 -0.2887
 +1.9966	 +2.0587	-31.9607	 +0.4069	 +0.6877	 -0.6711
+12.7892	+12.7738	 -0.7532	 -1.7800	 +0.3739	 -2.8689
 +1.0099	+15.0435	-17.1668	 +1.0934	 +1.3318	 +2.3986
 -7.1951	 -4.6344	 +7.8790	 -1.9125	 -0.2460	 +3.8117
-24.9236	 -5.6108	+13.1356	 -1.7790	 +0.9383	 +2.3974
 +6.6648	 +5.3010	 -4.5434	 -2.7771	 +0.7222	 -1.3373
+11.9145	 -5.7430	+11.3818	 -0.8261	 -1.6421	 -1.0041
 -3.4520	-11.2238	 -0.6480	 +0.7362	 -0.0046	 -0.1842
 +0.3550	 +7.0441	 +6.6857	 -2.2261	 +1.4158	 -2.8785
 -1.0231	-17.6975	 +9.1486	 +0.9508	 +2.3125	 -1.4190
-11.1997	 +3.8387	 -3.7431	 -3.4509	 -2.4797	 -1.6596
 +1.5516	-10.7950	 -3.9281	 -0.5324	 +0.7661	 -2.1014
 +6.7750	 -3.1780	 -0.5509	 +4.9476	 -0.6916	 -2.7011
-17.4082	+10.0611	 -4.4497	 -0.9417	 -0.2063	 -0.1594
 -5.3658	+11.9659	 +5.5694	 -1.2959	 -2.7485	 -1.2032
 -5.0332	 -9.2788	 +4.2528	 +4.8077	 -0.5802	 +0.7910
 -4.2088	 +2.9528	 -1.4154	 -1.2437	 -3.9939	 -3.8880
 -3.7253	 +4.3551	 +6.0183	 -0.7711	 -3.9141	 -1.9390
 +9.7880	+25.4416	+25.0490	 +0.3045	 -0.5089	 -2.2766
 +4.1722	 -0.1054	 -2.2964	 +4.2324	 +2.6846	 -2.4137
 -7.9866	 +0.6321	 -3.1041	 +1.1549	 -5.3891	 +1.8327
+33.5543	 -9.0232	 -2.1621	 +1.4614	 +1.0532	 -2.3454
 +4.9920	 +0.5740	 +7.9857	 +2.2307	 -1.9259	 -0.4895
 -7.3485	 -5.8804	 -9.6982	 +1.2854	 +1.0962	 +1.5172
 +9.1687	 +9.1091	-14.8750	 -0.6893	 -0.1859	 -0.1649
-11.0894	 -0.7595	 -1.3299	 +3.5254	 -0.5827	 +1.2809
-14.6371	 +2.4262	-10.2721	 +1.9669	 -2.2480	 +3.8646
 +1.5333	-12.7728	-11.6199	 -1.3436	 -0.3961	 +2.5644
+10.7553	 -5.2729	 -1.8967	 -4.2453	 -0.0068	 +3.4037
 -3.9111	 -0.8415	 -3.5383	 -0.9524	 +0.8268	 +3.3577
 -2.1653	 +0.4890	 +0.6617	 +0.8610	 +0.0292	 -0.4348
 +6.2067	 +4.3806	 -9.5473	 -2.7228	 -3.3817	 +2.5833
 -6.2399	+43.3335	-10.7418	 +1.9662	 +0.4927	 +0.2254
 +3.6332	 -2.2543	 -4.8719	 -0.5320	 -1.2668	 +2.1322
 -0.1486	 -8.0852	-24.2147	 +2.1035	 +0.1385	 +0.2594
-13.1041	-17.5486	 -0.2292	 +1.2602	 -2.2362	 -3.1589
 +6.8305	 -7.2525	 -3.7735	 -4.5649	 +1.6764	 +1.1479
 -5.9635	-22.5038	 +0.1016	 -1.9749	 +1.2694	 +0.6060
 -5.9097	 +3.6539	-12.2528	 +0.0888	 +0.8419	 -0.9296
 -4.9506	 +2.7609	+19.4934	 -1.5195	 -1.3434	 -1.0078
 -1.4008	+11.3731	-12.4350	 +1.1307	 +0.5144	 +4.1816
-12.7242	 -4.5927	 +3.2135	 +2.6561	 -4.7621	 -0.6247
 +3.2467	 +1.0245	 -3.9069	 -3.1981	 +1.4986	 +6.0404
 +5.2895	 +2.4344	 -1.9712	 +1.2390	 +2.0704	 -1.6715
+11.2529	 +3.1537	+40.6336	 -0.9467	 -0.6581	 -0.4904
 +6.7763	 +1.7053	 -3.6631	 +1.8622	 +0.2486	 +1.4944
 -6.9734	 +8.1969	 -4.7659	 -1.8169	 -1.8636	 -3.2457
 +5.9475	 +2.0553	 +4.4700	 +2.7552	 -5.6450	 -0.8208
 -7.9291	 +6.4366	 -0.8252	 +3.6050	 -1.0003	 -1.2118
 -6.7358	 -7.3785	-14.6249	 +2.2074	 -1.9037	 +2.1165
-18.3817	 -0.3682	 -2.1931	 +0.9265	 -2.1948	 -2.4247
 -4.0698	 -5.9496	 +5.5467	 -0.5136	 -1.5990	 -1.6805
-62.8053	-16.7336	-25.4943	 -0.0549	 +0.3071	 +0.1339
 -2.6226	 -8.1874	 +0.2210	 +1.1918	 +1.7210	 -2.9022
-10.0896	 +1.2405	 -4.2894	 -1.1113	 +1.2593	 -3.6900
 -6.7292	 -1.1429	 +2.1497	 -3.3552	 +2.1659	 -1.0920
