# Iterations: 81 of 100
# Total Energy: -6.712e+05
#    Kinetic Energy: 6.735e+05
#    Potential Energy: -1.345e+06
# Current Time: 2018-05-09 11:42:02.246888
# Elapsed Time: 0:04:43.779416
# 
# Med. Times for Sections
#    Force Computation:		1.546895
#        [1.5672671.5475131.5656681.5433841.5678801.5462781.5442671.5503911.5421141.540631]
#    Gather Particles:		0.000136
#        [0.0001410.0001320.0001330.0001400.0001430.0001330.0001310.0001430.0001390.000131]
#    Overall:		3.444162
#        [3.4432373.4450873.4416533.4710863.4600843.4479583.4764903.4147753.4418543.390151]
#    Scatter Particles:		0.002326
#        [0.0006350.0005290.0023230.0021760.0031480.0025700.0023290.0025900.0021210.002446]
#    Time Integration:		0.000092
#        [0.0000920.0000880.0000930.0000970.0000930.0000980.0000870.0000930.0000910.000084]
#    Tree Broadcast:		0.909824
#        [0.9116280.9080210.9077740.9251640.9180810.8959050.9329630.9025740.9136660.892251]
#    Tree Construction:		0.977155
#        [0.9634090.9887440.9655971.0000540.9706661.0028950.9966320.9588940.9836440.954543]
# 
# x	y	z	vx	vy	vz
# 
 -6.2125	 -3.9805	 -2.8273	 +1.4207	 +1.0331	 -0.2467
 +3.2007	-18.9771	-11.2072	 +1.1151	 +2.1292	 +1.8001
 -2.1183	 -5.1899	 +8.3016	 -1.7859	 -2.5533	 +2.0357
-24.2504	+25.3930	 -0.6788	 -2.1938	 -0.8903	 +1.1672
 -4.5062	-18.7019	 -6.2188	 +1.8122	 -1.2945	 +0.3172
 -2.9411	 +0.8606	-16.6376	 +2.7006	 +0.6347	 -0.4786
+13.7163	-15.3965	 -8.7935	 -1.3973	 -0.8468	 -0.9447
+11.0951	 +7.7637	 -6.2156	 -1.6331	 +0.0852	 -0.1695
-26.3355	-34.9058	-11.2576	 +1.9569	 +1.7354	 -0.0934
-14.1614	+22.1118	 +2.0533	 -3.1216	 -0.3963	 +0.4982
-23.4279	+11.1399	+17.3578	 +2.2429	 +0.9406	 -0.3883
 -4.8916	 -3.2680	 -0.2920	 -1.4050	 +2.5840	 -1.5139
 +3.1214	 -0.6344	 -6.5257	 -2.8193	 +3.0483	 -4.2340
+25.4456	+12.3223	-27.3524	 -1.3074	 +0.9518	 -1.1016
 -0.6002	 -4.6463	 -2.1046	 +3.3527	 -1.2564	 -1.2730
+13.3304	 +2.6886	 -1.5539	 +1.7758	 -1.7987	 -1.8830
 -8.8157	 -3.3463	 -7.0389	 -0.8383	 -4.2657	 +2.9510
 -5.4365	 -0.1328	-18.9346	 -1.5292	 +0.6769	 -1.4732
 +9.7423	 -7.6523	 +7.2495	 -0.0388	 -1.1974	 -0.8786
+104.7889	-28.8039	+78.5669	 -1.3700	 -0.8372	 +0.2004
 -5.8916	 -4.2168	 -4.7197	 +3.0831	 +2.4230	 -2.8751
 -3.5627	 -1.1264	 -7.8727	 +1.0735	 -4.5361	 +0.7424
 +5.0943	 +1.6349	 -9.1894	 -1.5524	 +2.5211	 +2.2239
 -4.3577	 -4.8373	 +3.1338	 -2.4217	 +1.0193	 +4.2146
 +7.5671	 +7.6415	 -8.6469	 +1.0880	 +0.6429	 -0.0090
-35.5492	+20.7963	 -0.1167	 -2.0802	 +2.3082	 -1.3080
 -3.7943	 -2.2295	 -4.3111	 -1.5593	 -5.2851	 -2.5765
 +8.5993	 -7.5388	 +4.1878	 -4.3016	 -0.1144	 +2.1078
+10.7756	+12.4366	 +6.1337	 +2.8225	 -2.4260	 -2.3324
-17.3143	-18.3110	 -4.6542	 +3.4774	 +2.2329	 +0.5942
 -3.5954	 -4.8039	 -5.0306	 +5.3651	 -2.6381	 -4.0847
-56.4940	 +8.7374	 +0.0743	 -0.8322	 +2.0009	 +1.8290
 -2.6024	 -5.8670	-12.4633	 -4.3993	 -0.1671	 +2.4744
 -0.6799	-14.4289	 +4.7759	 -0.8835	 +2.2147	 -1.4099
 -9.9393	 -3.3323	+22.2381	 +0.3324	 -0.6268	 +0.8795
 +4.0227	 +1.9717	 -0.2672	 -0.9827	 +0.2777	 +0.1554
 +2.9977	 -5.2932	 -2.1853	 -0.6880	 -4.4566	 +1.9357
 -1.9430	 -1.3987	 +5.5576	 +4.3688	 -3.4064	 +0.5226
 -2.8863	+30.8967	-11.3308	 -0.7501	 -1.7247	 +0.6801
 +3.9290	 +0.3588	 +3.1905	 +0.0530	 +4.3811	 +2.1640
+13.8582	-12.6100	+10.2424	 +2.0379	 -3.5022	 +0.4320
 -4.9176	+10.3678	-11.5220	 -0.2980	 -1.4123	 +1.6390
 -6.1575	 -0.5762	-10.1006	 -1.6551	 +4.0809	 +0.3335
 -6.5917	 +3.2565	 -1.6595	 -3.1118	 -1.6532	 -0.3120
 -5.0501	+22.4857	-20.7229	 +2.3822	 -0.1237	 +0.8450
 +1.5423	 -0.9866	 -1.4753	 -2.2441	 -1.5591	 +4.9900
 -1.3976	 +3.4570	-11.6102	 +2.3167	 +4.5184	 -0.2942
+34.9094	 -5.9238	 +1.2280	 -0.0353	 -1.2576	 -1.5965
 -1.9463	 +5.6824	 -0.1706	 +2.4220	 +0.9996	 -1.2444
 -4.7876	 +2.3784	 -4.2771	 +3.1822	 +4.4590	 +0.8166
-33.5151	-56.9526	-37.4782	 +1.1376	 +0.2828	 +1.6035
 -2.5835	 -6.3275	 -1.8002	 -1.8279	 -2.1888	 -3.9570
+16.2711	 -8.3166	 +8.6228	 -0.4946	 +2.7674	 +3.8048
 +4.1908	+10.0771	 +5.9062	 +2.1663	 -4.2919	 +1.8592
 +5.4050	 -3.3889	+54.0165	 +0.4696	 +2.2183	 +1.8235
-28.5838	 -6.7028	 -4.4289	 -1.6804	 +0.3879	 -0.1560
+31.3635	 -4.6155	 +4.0285	 -1.4345	 +0.9827	 -1.0732
 -5.8618	 +5.6416	 +3.3839	 -0.9442	 -1.5313	 -3.4869
 +0.5274	 -5.0853	 -0.3521	 +3.3779	 +2.7085	 +4.1663
 -0.0718	-21.0983	 +8.4879	 -3.7133	 +1.4382	 +0.0026
-17.1586	 +1.6690	 +8.1689	 -3.8927	 +0.9268	 -1.8384
 -8.4918	 +6.0294	-21.5969	 -0.2537	 +3.8983	 -1.2976
 -0.8669	 -7.8334	 -3.4419	 +2.4977	 +3.1473	 -1.2305
 -5.4813	 -7.0434	 -6.1874	 +0.8138	 -2.4478	 +3.8891
 -3.6889	 -4.4976	 -3.0090	 -1.8052	 +0.0344	 +4.9754
 -8.5716	 -5.7377	-11.2645	 -2.1207	 -2.3933	 -1.2761
 +5.5061	 -1.1962	+22.1898	 +0.5204	 +1.0321	 -0.4709
-15.6491	-13.5784	+27.6974	 -2.3603	 -1.9451	 +0.3317
 -2.9942	 -8.2251	-19.5961	 +0.5317	 -0.6895	 +1.3577
 -4.1943	 +9.3783	 -2.1324	 -0.1001	 -2.8767	 +4.3701
 -2.9597	 -5.7756	 -3.1395	 -1.9014	 -0.9932	 -1.6644
-11.8549	-11.6983	 -5.3321	 +2.2400	 +0.8287	 +1.2681
-11.1681	 +6.5538	 -3.7658	 +1.4451	 -0.1698	 -1.8618
-14.7681	+15.2844	-94.7265	 +1.9222	 +0.0042	 -1.4203
+26.4161	-27.2296	-13.7894	 -0.2350	 +1.6535	 +0.6139
-12.3350	 +7.8767	-10.4299	 -2.2340	 -4.0440	 +1.2338
 -4.1964	 +4.2509	 -8.9280	 +1.2704	 +2.0255	 -0.2369
 -3.7881	-10.1730	+12.3255	 -2.8076	 -2.0039	 -1.5218
 -2.1304	 +9.8945	 -1.7099	 +3.0484	 -0.6750	 +3.6186
+22.3506	-14.0527	 -5.7141	 +2.4513	 +1.6455	 -0.0228
 -1.6362	 +1.5418	 -0.1173	 -0.9855	 +0.7113	 +3.1461
 +9.6366	+11.3162	 -8.9603	 -0.0485	 +2.2425	 -0.9491
 -1.0725	 -0.8042	 -1.7328	 +1.9698	 -0.4211	 +5.3586
-11.5004	+24.4937	+16.8523	 -0.9488	 -0.2316	 +3.5141
+14.8337	 +5.9623	 +2.6273	 +2.6420	 +2.4754	 +2.8621
 +1.7293	+11.9279	 +9.3407	 -2.8969	 -2.0099	 +0.3782
-17.3811	 -4.3938	 +0.0340	 -0.9103	 +0.7498	 -3.0215
 -1.4849	+18.0891	 +9.7890	 -0.8051	 +2.6918	 +0.7081
 -3.9752	-28.2858	 +8.8071	 +2.0431	 -1.0120	 -1.4611
 +4.6411	 -9.6162	 +1.7976	 -1.4137	 -0.5201	 -0.8830
-11.9194	 +1.1222	 -0.9726	 -0.4472	 +2.2478	 +3.3965
 -2.0782	 +0.4735	 +1.0872	 +2.5978	 +1.4247	 +0.0202
-14.1683	-26.7037	-48.2634	 -0.7322	 -0.8536	 -0.4264
 +3.1907	 +2.3065	 -5.3549	 -4.3974	 -0.4845	 +4.8143
 +5.5586	+12.2748	 -0.7097	 +0.3923	 -1.6447	 -1.1826
 +7.9738	 -7.4594	 +0.8806	 +1.4867	 +1.5218	 -4.1809
 -7.8500	+32.9129	-18.2726	 -0.4707	 -0.1261	 +2.2934
 +0.6783	 -2.8153	+18.2732	 -1.9499	 -0.4176	 +1.2880
-10.2354	+13.8110	 +0.8647	 -0.3939	 -1.7388	 -1.3858
-11.1974	-10.7030	-22.7254	 +3.1810	 +1.7357	 -0.4989
 +5.0460	 -5.0319	 -3.4692	 -2.9959	 -5.3739	 -0.4712
-13.0554	 -1.7994	-11.1958	 +0.8803	 -0.1673	 -0.2460
 -3.9261	 -0.9036	 +2.6818	 -1.4283	 -1.3032	 -3.2150
 -2.5893	 -4.9439	-10.9805	 +1.3059	 +3.6681	 -2.2373
 -0.7232	 +1.6493	 -5.2621	 -1.0170	 -2.2467	 +0.0558
 -5.9036	 +1.2897	 +5.5405	 +4.1299	 +2.9614	 +2.4724
-14.6852	-18.0445	+21.3260	 +3.1580	 -0.3279	 -0.8993
 -7.5390	-13.1772	 -0.7728	 -0.3008	 +1.7784	 -0.3346
+26.5403	+11.2334	+17.9343	 +1.0522	 +1.8201	 -0.3328
 +3.1115	 +1.3030	-10.4819	 +2.2830	 -0.2562	 -3.4910
 -3.6952	 +4.7284	 -3.9267	 +3.3084	 +5.1820	 -1.2622
+474.5863	+388.0284	-227.2895	 -0.2784	 +0.6740	 +0.3145
-138.9663	+99.4936	+200.0432	 -0.1107	 +1.1371	 +0.4412
+10.9219	 -3.4622	+10.3476	 +4.1378	 -1.3017	 +0.4514
 +5.5942	 +1.2180	+20.4979	 -1.7902	 -1.1864	 +0.3220
 +0.6094	+11.2808	 +6.5888	 -0.0515	 +2.4054	 -2.6120
 +5.8550	 +3.5942	 -0.4363	 +3.4198	 -2.9273	 -2.8989
-73.1816	-15.9059	-10.5803	 +1.3524	 +0.1836	 -0.7474
 -5.1471	 +0.9119	 -0.6511	 -2.2982	 +1.4650	 -2.3401
+45.8377	-22.3726	-43.8426	 +0.5303	 -0.7149	 +0.2452
-15.0550	 +7.8776	 -8.0581	 +0.5688	 -1.0754	 -2.1205
 -1.2386	 +1.4409	 -1.6209	 -2.3330	 +4.0856	 -1.2020
 +5.0735	 -0.5268	 -0.2756	 +3.7649	 +2.2988	 -2.0367
 -1.9444	 -9.3056	 -1.0743	 -5.0852	 -0.6308	 +0.5689
 -2.8311	 -0.6593	 +0.1623	 +2.4583	 -2.4154	 +2.6945
 +0.1333	 -3.0285	 +3.1064	 -2.0164	 +3.8434	 +0.5136
-16.1941	 +1.1330	 -4.6489	 +1.4406	 +0.0401	 -3.1010
 -9.0393	 -4.1178	 +3.0953	 -1.3722	 +0.2521	 +0.3379
 -8.8442	 +1.1505	 -7.6759	 -2.1240	 +1.7398	 +1.4842
+11.6084	-12.9903	 -1.1218	 -1.9240	 -0.0313	 -2.5615
+13.9470	+31.9951	-163.2602	 +0.0696	 -1.1594	 -1.3111
 +8.6863	 -1.4630	 +6.3215	 +2.6207	 +2.2066	 -0.8087
 +5.5688	 -2.8807	 -9.4921	 -1.8054	 +3.5655	 -0.6628
 -6.9810	 -7.6101	 +2.5516	 -3.8938	 +0.4048	 -0.0831
 -2.9573	 +0.4583	 -2.5328	 -0.6937	 -3.5082	 -1.2508
-17.7769	+24.3916	-35.4934	 -0.5146	 -1.1420	 +0.7231
 -1.5469	-10.4693	 -8.2414	 +4.9964	 +1.4947	 -1.0434
+19.2156	-16.4341	+15.9366	 -0.9634	 -2.6755	 +1.1506
 +3.6263	 -4.2313	 +4.8143	 +1.8221	 -3.5110	 -1.3617
+12.3750	 -9.3446	-11.7547	 -1.8781	 +0.1322	 +1.6971
 +1.3685	 -3.9446	+11.3730	 +1.3917	 +0.9481	 +1.0843
 +8.9778	 -8.9591	 +6.9366	 -3.3498	 -1.0121	 +2.4158
 +0.7996	 -1.3860	 -1.5088	 +0.5578	 +1.8440	 +1.5649
-31.3044	 +5.5376	-37.2619	 +1.9958	 +2.2100	 -0.0672
+58.2805	 +5.2152	+20.7391	 +0.5724	 -1.9145	 -0.2022
 +1.4181	 +5.8911	 -3.2807	 -0.4832	 +0.1860	 -4.0777
-28.7798	-70.7023	+46.1178	 -1.2846	 +0.9736	 +0.9754
 +3.5430	+10.2219	 -7.7540	 -1.1487	 +2.8034	 +0.7887
+19.9805	 +7.1215	 -4.8692	 +0.3031	 -1.1410	 -3.2799
 -2.4769	 -1.9822	 -2.8071	 +5.8007	 +3.9700	 -1.9756
 +2.1896	 -3.5517	+10.3584	 +0.9728	 +3.2060	 -1.5354
 +1.7840	 -5.1480	 -0.3482	 +5.8540	 +1.5528	 -1.7760
 +0.9190	 -1.9423	 -1.6691	 -6.0463	 +2.7611	 -0.5099
 -7.3934	+12.2182	 -7.0297	 +0.6787	 -0.9807	 -0.6326
 +6.9036	 -3.7223	 -8.6544	 +0.6891	 -3.6381	 -1.1574
 -9.8627	 -1.8118	-16.8863	 -1.0349	 +1.7542	 +1.4772
 +2.9919	 +8.0256	-15.5648	 +3.1031	 -0.4809	 -2.4754
 +6.9999	 +3.2622	+29.0930	 -2.7797	 +1.1561	 +0.7822
 -5.9309	 +2.2712	 -5.4695	 +1.9539	 -2.2328	 +4.2319
 -5.8582	 +3.3271	 -1.4042	 +1.8791	 -0.0863	 -1.4306
 +0.0150	 +2.6062	 -3.6408	 -3.6248	 +3.2502	 +2.5303
-17.4970	 +0.5835	 +9.1652	 +3.9063	 -2.2336	 -1.5899
 +4.5570	 +2.2761	 -2.3171	 -4.1066	 +1.0247	 +0.1546
+14.4794	 +9.0553	 +4.8131	 -0.9318	 +1.4259	 -0.1831
 -7.0960	 -4.9085	 -3.7272	 +2.5574	 -0.5518	 +4.3520
 +0.1532	 -3.1538	 +5.9544	 -4.8561	 -0.7188	 +2.1436
 -3.0751	 -1.8263	 +0.4576	 +1.6229	 +1.6029	 -3.6492
-16.1514	 -3.3847	-15.2631	 +0.3159	 -2.8016	 +2.6105
 -3.3930	 -1.0863	 -4.6180	 -3.3818	 +0.6592	 +0.5325
 +4.2411	 -4.6753	-14.1240	 +2.6444	 -1.4520	 +0.5296
-15.8420	 +1.5837	-16.1741	 +0.1897	 -1.1654	 -2.1273
 +2.4296	 +0.7299	 -2.4409	 +0.0885	 -0.8364	 +1.9613
 -4.3788	 +1.2152	-11.0964	 -0.8662	 -0.6884	 -4.6738
+29.3288	-13.5392	+25.1061	 -0.6144	 -0.3970	 -0.5119
 -5.6808	 +0.2539	 +2.8871	 +0.2635	 +2.4570	 -1.9893
+53.4201	+26.8233	-26.2316	 -1.9228	 +0.9705	 -0.1579
-16.0307	-12.6266	 +1.5154	 -2.8545	 +1.7437	 -2.3476
 -6.4151	-23.8322	 -9.5606	 +1.5874	 +1.3635	 +1.4741
 -0.0810	 -7.6333	 -2.1176	 +0.9542	 -1.3167	 +2.0723
 -2.1441	 -6.1413	 +1.0710	 +0.2378	 -3.3772	 -1.9965
 -3.6613	 +4.6004	 -3.9171	 -4.8436	 +0.6076	 -1.5847
 +2.9026	 +5.1611	 -8.5062	 -1.9056	 +3.4003	 +1.3253
 +6.9441	 +4.0528	 +5.0918	 +0.3311	 -0.5063	 -1.0082
+14.6917	+19.7435	-22.2646	 -0.6644	 +1.2263	 -1.3837
 +9.7199	 +0.8884	 +1.1259	 +1.7126	 +2.7253	 -4.5368
 +2.9971	 -3.2615	 +0.0466	 +0.1709	 -1.7556	 -2.9214
 +1.4277	 +5.1319	-10.0809	 +0.0905	 +1.0096	 +2.0637
 +1.7440	 -0.6532	 -6.1993	 +0.3381	 +1.9018	 -0.7991
-10.6080	 -8.9953	 -1.3764	 -3.5428	 -1.0348	 -2.2644
 -4.2277	 +5.1113	-12.1074	 +1.8228	 +0.8790	 -0.7235
 -4.8866	-12.7669	 +6.2354	 -1.4866	 -4.0093	 +1.9267
 +1.6235	 -1.5813	 -8.6252	 +1.8734	 -0.0260	 +0.3994
 -0.9194	+24.9133	-31.2574	 -1.5812	 -0.6744	 -1.9772
 +2.3161	 -3.5420	 +7.5416	 -0.2370	 +2.4212	 +3.1074
 +0.5057	 +9.3809	 +0.1516	 +1.8603	 -1.6691	 +1.2910
 +5.7472	 +3.5731	 +0.0898	 -1.3568	 +1.6315	 -0.7528
 +7.3197	 +6.2304	 +5.6853	 -2.9339	 +3.1937	 +0.2488
+31.2153	-101.1892	-36.1489	 -1.3296	 +0.1995	 +0.9675
 -7.5648	+10.5706	 -0.7522	 +0.1831	 +2.4773	 +2.4900
 -8.4198	 -4.5830	-11.3214	 +2.6427	 +3.6320	 +0.6502
 -8.8626	-23.2235	-20.2790	 -1.5285	 -0.7676	 +2.6668
+26.1897	 +5.1254	 +5.4813	 -1.1061	 +1.3339	 -1.7041
 -3.2670	 +5.7551	 -1.1292	 -1.3914	 -1.7465	 +3.3222
 -6.6587	 +4.3076	 -0.2270	 -3.7624	 +3.3884	 -0.1141
-18.1792	 -5.5158	 +1.9183	 +1.5652	 -0.9152	 +1.4783
 +0.2890	 -2.7434	 +0.7442	 +2.7941	 -3.1197	 -0.3610
 -6.9009	 -2.3350	 +2.9127	 +0.1752	 +0.5167	 -1.0414
-15.3817	+20.3706	 -6.2090	 -2.8189	 -0.8992	 +3.0604
 +4.6569	+49.7226	-35.5913	 -2.0408	 +0.8772	 +1.1215
 -3.0774	 +1.7346	 -3.3400	 +5.5030	 +1.2755	 +2.2709
+12.1801	 +4.8263	 -5.7234	 +1.2562	 -2.2810	 -0.4868
 -1.7789	-11.1786	 +2.4149	 -2.4744	 -0.4235	 -1.7485
 +3.4514	 +4.1535	 -6.7548	 -2.2506	 +2.9765	 -1.1300
 +4.8647	 +0.7600	 -4.7049	 -6.1053	 -0.2490	 -2.5201
+20.2157	-11.4485	-18.8728	 -0.5261	 -0.1270	 -1.2941
+119.5624	 +5.0764	-43.4160	 +0.3160	 +0.1492	 +0.6866
+18.3264	+13.2523	 -7.7120	 +0.4219	 -1.4570	 -3.8628
 +4.5608	 -7.7496	 +2.1115	 +1.6142	 +0.5921	 -1.0419
 +4.9399	 +0.1172	 +3.5001	 -3.5706	 -2.1982	 +1.3065
 +4.2140	 -7.8686	 -1.1832	 -2.3785	 +1.2812	 -1.3995
+33.0853	-32.7824	 -6.2582	 -0.8326	 +0.0862	 -0.5687
 +2.7591	 +5.1073	 -1.5234	 +2.2731	 +3.8827	 +1.3801
-14.8131	 -9.0300	 -3.2962	 -1.0379	 +0.8136	 -2.3882
 +3.8091	 -1.5862	 -2.2078	 +1.3684	 +2.4492	 -4.2789
 +2.1761	 -5.0067	-12.3632	 +1.1627	 -0.0116	 -2.2023
 -1.4670	 -0.6419	 +1.6348	 +3.2235	 -0.9624	 -1.2223
 -1.4883	 +0.6932	 -5.5698	 +3.8306	 +1.9042	 +2.5685
 +1.1250	 -1.6419	 +0.6792	 -1.3495	 -4.2738	 -4.2183
 +7.1774	 +6.0247	 +1.0027	 -0.2190	 -1.9235	 -1.5915
-11.8865	 +6.0845	 +3.2692	 -0.0016	 -0.9866	 -1.4531
 -6.2394	 +3.6930	 -5.6180	 +0.3879	 -1.1835	 -0.5779
 +3.1139	 +9.3178	 -3.1094	 +0.7513	 +0.1175	 -1.2859
+11.3220	 +5.7107	-10.1236	 +0.6799	 +0.5318	 +2.3295
 -3.3570	 -4.8368	 -2.5203	 +1.0453	 +3.9121	 +2.8050
 -4.7970	 -9.0508	 -6.1443	 -0.6622	 -1.2273	 +4.4499
 -5.4117	 -1.4295	 +6.9158	 +0.9148	 +3.3439	 -2.2625
 +2.7881	-11.4227	 -0.5135	 +0.3645	 -3.1132	 -2.0532
 -0.6653	 -9.0458	+17.9302	 +1.8954	 -3.2272	 +0.7046
 +6.2458	 +4.6345	 -4.3369	 +0.9621	 +2.5343	 +2.0185
 -0.5237	 -2.1204	 -0.4707	 +2.4837	 +0.7066	 -1.7112
-49.0745	 +7.6174	 -0.2036	 -2.0410	 -1.5170	 +0.4323
 +3.6296	 +3.1344	 +5.1337	 -0.5114	 -1.8559	 +1.9140
 +1.3766	 +1.9186	 +2.0753	 +1.8541	 +6.3413	 -1.5456
+11.8343	 -7.9750	 -3.7022	 +2.7735	 -1.9670	 +0.4284
 -6.8825	 -7.2918	 -1.5017	 -0.3763	 -2.0246	 +2.0016
-16.3252	 +7.7801	 +2.1794	 +0.4190	 +1.3834	 +0.9363
-31.9204	 -9.2328	+41.8993	 +0.2366	 +1.1051	 -0.4789
 -0.5432	 +0.2292	 +2.8386	 -6.0926	 -0.2396	 +3.4565
 -1.5815	 -9.4234	 +5.7260	 -2.3491	 +1.3797	 -2.2941
-39.3827	-31.5152	-23.8523	 +1.5899	 +0.3560	 +1.4940
-19.2820	+20.9898	 +4.9020	 +1.7664	 +2.2507	 +0.7716
-13.0382	 +1.5752	-10.4739	 +1.4206	 -4.3557	 +1.5846
 +9.3178	 -5.9034	 +2.0546	 +0.9690	 -1.3020	 -0.5132
 -0.8923	 -4.3791	 -4.8471	 +4.4193	 -3.7625	 +1.3120
+1871.0850	-30.6277	+790.2148	 +0.2213	 -0.2337	 +0.0662
 -6.0289	 +3.8724	 +5.7112	 +0.5504	 +0.1529	 -2.2301
 -1.2876	 -5.9027	 -2.9325	 +5.7532	 +1.4233	 -0.9375
 -1.3209	 +2.4163	 +5.6082	 -1.5656	 +0.3273	 +4.8739
+25.7260	-16.3281	-14.2207	 -1.0744	 +0.0139	 +1.4939
 -4.8080	 -4.1755	 +1.8818	 +2.5666	 +3.9699	 +2.0172
-55.1155	-47.4700	-69.1755	 -0.9083	 -1.3389	 -0.3105
 +4.6251	-11.3275	-23.4564	 -0.0991	 +3.6606	 +1.1642
+20.3037	 +4.5883	+22.4310	 -2.1513	 +2.1027	 -1.5580
+19.8769	-27.5900	 +9.9260	 +1.0863	 +0.5071	 +0.4156
 -8.9226	 -1.7223	 -6.6605	 +1.2664	 +0.2757	 +0.3286
+13.4231	+26.4574	 -9.7326	 +1.5172	 -2.4461	 +0.4434
 -9.3750	+21.1043	 +3.3697	 -0.0999	 +0.2092	 -0.2104
 +4.8717	 -6.7413	 -0.1124	 +1.4699	 -1.8773	 -0.9004
 -0.0455	+10.4341	 +6.4823	 +1.0018	 +0.6756	 -0.4605
 -0.4439	 +1.2999	 -8.5457	 +0.0792	 -4.4803	 -4.3594
 -4.0014	 -3.4851	+13.7310	 +0.7720	 -1.0537	 +0.0352
 +2.1648	 -2.9466	 -7.5346	 +2.5609	 +2.0497	 -0.8276
 +6.4645	 -0.4291	 -6.4893	 +1.5022	 +1.3695	 +3.7243
 +2.0802	 -5.3707	 +6.2552	 +3.1812	 -3.1228	 -0.5279
 -2.7955	 -0.4378	 -1.4772	 +4.5463	 +2.3331	 +1.5121
+20.6437	+14.9634	-24.5390	 -2.6627	 +0.0996	 +0.9574
 -0.6346	 +5.6101	 -1.2265	 +2.4115	 +1.8967	 +3.7825
 -3.4059	 +0.0521	 -1.4948	 -2.9523	 -1.6913	 +2.5331
 -0.7803	+14.7761	+11.9556	 +0.1875	 +2.3132	 -3.8597
 +1.9407	 -3.2581	 -5.8737	 -2.8869	 +3.0163	 +1.5650
-10.5145	 -2.0059	 -0.3248	 +2.2181	 +0.5606	 +1.2167
 -8.5746	 +6.5780	 -3.5181	 +2.0402	 -1.2027	 +2.3296
-13.8468	 +1.1358	 -3.4281	 -1.6891	 -2.6529	 +1.1418
+11.2864	-11.7527	 +0.3667	 +0.0096	 -0.1290	 -0.6640
 -0.9060	 +7.2327	 +4.6593	 +1.2794	 -1.3943	 -3.2460
 -4.8496	 -0.3893	 +0.6393	 +3.3524	 +2.6894	 -1.2171
-15.2972	 +8.4002	-16.2905	 -2.9299	 +0.4145	 +1.7158
-23.5869	 -4.7037	 +6.2891	 -2.3216	 -0.9961	 -2.5604
 -8.4914	 +4.9207	+11.5588	 +0.3552	 +0.9479	 -0.7202
-134.6237	-41.7469	+71.3243	 +0.6448	 -0.9568	 +0.7043
 -2.4659	 -0.8034	 +0.2476	 -0.9093	 -0.9518	 -1.9166
 +0.2876	 -7.5334	 -0.9322	 -4.5127	 +0.0165	 -1.7426
 -8.2233	 -3.6415	 +5.6260	 +4.3615	 -2.7370	 +0.5745
 -6.6224	 +3.7828	 -0.2833	 +1.6952	 +2.2838	 -5.5877
-12.0408	+10.7591	-15.0764	 -1.9553	 +1.0493	 +0.1542
 +7.1225	 -0.0246	 +2.9960	 -1.1327	 +4.7721	 +0.8582
 -5.6212	 -3.6172	-13.5660	 +0.4716	 -2.4328	 -1.3092
-113.9366	-104.1637	+101.6312	 +0.3728	 -0.2795	 -0.0980
-19.4814	+31.4998	+25.5027	 +1.9785	 +1.5571	 -1.3234
-19.2672	-27.1184	 +6.0597	 -1.6793	 +0.2119	 +2.4143
-29.8542	 +9.9316	-22.2815	 +1.3878	 -0.3033	 -2.7147
-11.9885	-24.0949	 -7.0425	 -2.2134	 -0.0630	 -0.7180
 +1.6334	 -1.4533	 -3.6522	 +1.5922	 -1.2007	 -2.6284
 -3.9190	 -0.5969	 +1.1407	 +0.2069	 -0.9926	 +2.6395
 -7.6971	 +4.0554	 -3.3384	 +4.0248	 +1.5226	 -1.7321
 +5.4911	 -7.5814	 +6.5125	 -1.0131	 +0.8323	 -2.6741
-23.9487	 -5.9815	 +2.5819	 -0.2366	 +0.6538	 -1.3109
-17.0500	 -9.3321	 +9.3335	 +1.0204	 -3.1012	 -0.7282
+22.3995	-97.7667	+21.3456	 -0.9545	 +1.1977	 -1.1734
 -9.9082	 +3.0975	 -1.1713	 -2.3574	 +2.1154	 +4.1167
 -0.1766	 -2.1199	 -7.0993	 +1.1011	 +0.9821	 +0.9673
 -2.0569	 -2.7509	 -2.6759	 +2.4965	 +1.7813	 -1.2492
 -2.3975	 +0.9619	-11.7092	 +0.5229	 -2.9056	 +2.4011
 -4.4338	 +5.9891	-10.0757	 -2.6709	 +2.3290	 +0.3288
 -9.5934	+11.9390	+18.3849	 +0.1246	 -2.5861	 +0.1528
 +7.9019	 -2.4027	+20.9161	 -0.6764	 -0.5374	 -1.3929
 -2.6550	 +9.4393	 +7.2758	 +2.8333	 +1.1670	 -5.2465
 -3.4505	 +2.3875	 -2.7460	 -2.4641	 -2.6628	 +0.2182
+10.6818	 -5.4400	 +1.7501	 +2.0227	 -2.3355	 +1.9521
 -4.9400	 -4.7364	 +1.9309	 +0.0252	 -3.3709	 -3.4569
 +1.9808	 +0.5478	 -4.5075	 -1.2275	 +0.6140	 +2.3543
-13.8432	-19.8504	 -5.7493	 -0.6085	 +4.1910	 +1.3475
 -1.9328	 -3.9175	 -2.1093	 -1.1627	 +1.8397	 -7.2015
 -4.6266	 +1.6961	-13.8012	 +0.3732	 -0.9200	 +1.9302
 +1.7678	 -3.1218	 -4.3072	 +1.2814	 +3.5043	 -1.6666
 -3.3657	+10.2631	 +2.9140	 +1.3240	 +1.2320	 +0.2196
-156.2846	-52.5769	+202.2546	 +0.5211	 -0.6823	 +0.2366
 +2.2506	 -3.7502	 +1.1393	 -1.1819	 +0.4968	 -0.2110
 +6.3856	 -8.0448	 -6.9962	 +1.8923	 -1.0351	 +1.1628
+11.6699	 +3.3313	 -3.3362	 -1.2134	 +0.6184	 +2.3988
 +2.2987	 +6.5241	-11.1715	 +0.3378	 +4.4469	 +0.2622
 -2.3097	 +1.3953	 +5.8538	 +0.3424	 -0.1981	 -3.3676
+31.9900	+39.0291	 -1.4288	 -0.8122	 +1.7934	 -1.9315
 -5.3257	 +4.8119	 +6.7229	 +2.2013	 +0.6145	 -3.4383
 +4.4009	 -7.3361	 +7.4534	 +3.5582	 +0.7921	 -1.7500
-10.8579	 +3.5552	-20.6011	 +3.0191	 +0.6399	 +0.5597
 +1.6895	 +9.0330	 -9.8966	 +0.3123	 -1.5809	 -0.8382
 -5.9569	 +2.2401	 +3.0116	 -1.6893	 -1.8520	 -1.6613
 +0.1617	 +9.2265	 +3.9849	 -3.1335	 -0.6866	 -0.4318
 +0.0604	 +1.3708	 -6.0065	 +0.5853	 +0.0526	 -0.4990
 -8.1603	 -6.3622	 -9.6806	 +1.6292	 -0.8282	 +0.0463
 -3.5870	 -6.7441	 +9.6150	 +0.0047	 -0.0477	 -0.6396
+10.1698	 -2.3786	 +1.9088	 -2.4348	 -0.2703	 +2.7192
 -5.6581	 +2.1756	 -1.7272	 -1.7721	 +1.5104	 -0.1875
 -2.6360	 -4.2406	 -4.3689	 +2.3886	 -0.9338	 +2.8110
 +5.9241	 +0.6950	-10.6435	 -1.0253	 +1.5382	 +0.3341
 +0.1826	 +1.5239	 -6.4748	 -0.8189	 -0.3181	 -1.1420
-15.6511	-14.4159	+16.4576	 +1.4442	 +1.4422	 +3.6683
 +0.9206	 +0.5302	 +1.1831	 -0.9673	 +0.8886	 -0.9805
+12.3084	 -8.5250	 -4.2320	 -1.2172	 -2.0703	 +1.2032
 -7.8890	 -9.7038	 -5.5718	 -1.7104	 +1.0464	 +2.3358
-14.4259	 +1.6346	 +7.5173	 +2.9866	 +0.9993	 -1.8776
 +1.2202	 -7.9347	 -0.7035	 +3.4923	 -0.0055	 +2.0752
 +7.9992	 -5.8791	 -7.6187	 +2.8728	 -2.9394	 +2.4607
 -5.5700	 +6.6248	 -2.7573	 +1.1826	 +2.0956	 -1.7480
-14.6505	+27.6232	-43.5634	 +0.5704	 +0.3174	 -1.2099
 +8.5491	-11.8066	-50.8563	 -0.0899	 +1.0034	 +0.4708
 +3.0629	 -3.1425	 -4.8998	 +3.0289	 +0.3753	 +1.6899
-16.9879	 +0.1463	 -9.0209	 -1.7127	 -2.6565	 -1.7504
 -1.7398	 +1.6426	 +2.1087	 -2.5808	 +2.7215	 -0.4111
-12.1076	-13.3257	 -5.9727	 +1.3040	 +3.4686	 +0.2148
-18.8214	-71.4060	 -3.3112	 +1.2627	 +0.7852	 -0.6928
 -0.7515	 -0.1158	 +8.6547	 -1.7465	 -3.2190	 +1.0152
 +3.3574	 +4.2712	 -4.7284	 +2.5780	 -3.7136	 +2.6020
+18.2276	 -6.0398	 -5.1495	 -1.5801	 +1.5049	 -4.2553
 -5.7138	+10.0509	-12.4107	 +3.6438	 -0.3103	 +3.4092
 -4.8498	 +3.2621	-19.1698	 +1.8608	 -1.1456	 +0.4347
-10.8780	 -0.2182	 -9.4891	 +2.3602	 +1.5806	 -0.3579
 -6.6657	 +3.9539	 -0.9318	 -4.6279	 +3.0064	 +0.9143
 +3.2187	 +0.4638	 -3.1459	 +3.2292	 +4.6958	 +1.4863
 -5.3235	 +0.8333	 -1.7263	 -4.1801	 -1.0575	 +2.4879
 -7.4229	-22.5378	-13.6187	 -0.6339	 -0.0455	 +2.4793
 -2.6133	 +3.5786	 +1.7161	 +4.0001	 +1.2304	 +1.4598
 +4.5510	+14.7032	 +7.0310	 +0.0552	 -3.0184	 -1.3093
-58.5088	 -4.2860	-10.6717	 +0.2776	 +1.2608	 -1.0650
 -3.3388	 +1.5282	 +1.4389	 +1.9890	 +1.2628	 +1.9240
 +0.0162	 +0.4586	 -8.5852	 +3.3337	 +2.7532	 -1.0397
 +6.3875	 -5.8886	 -3.6246	 +0.9972	 +3.8023	 +0.0267
 +2.2772	 -1.3070	 -6.8655	 +0.9613	 -3.3314	 -0.8055
 -2.3779	 -4.3728	-14.8378	 +3.3472	 +2.3677	 -2.8100
 +0.9160	-11.1000	-24.4583	 +0.5526	 +2.0514	 +2.1060
 -8.8892	 +7.1903	 +2.8141	 -0.0691	 -0.1492	 +5.2470
 -5.4673	 +1.7677	-13.2468	 +4.4263	 -0.2331	 -2.0797
+10.9441	 -0.1905	 -3.6321	 +2.4078	 -2.4742	 -0.9317
 +2.7106	-29.7395	-20.5279	 -0.6850	 +0.5754	 -1.0193
-11.0535	+20.1089	 +0.0879	 -1.1979	 +0.5354	 +2.3403
 -4.1434	 +0.6064	 -1.4230	 +1.5879	 +2.4484	 +2.6040
 +0.8424	 +0.7983	 +5.6533	 -1.8187	 -4.5578	 -0.2140
 -7.2670	 -9.5756	 +7.5502	 +0.1588	 -2.5264	 +1.9445
 -2.2723	 +5.6448	 -6.2883	 +0.9338	 -4.4355	 -2.7783
 +3.1689	 -1.0336	 +5.0918	 -2.9371	 +2.1728	 -2.5220
 +1.3735	 +0.7615	-11.2578	 -5.2031	 -1.2431	 +0.2858
 -0.1465	 +8.6167	 +4.8510	 +1.2055	 +2.9048	 +1.9437
+34.5502	 +6.6178	 +4.2950	 +0.9305	 -0.0770	 +0.7945
-23.4239	+12.7511	 +1.0792	 +0.9121	 +0.1490	 +1.8058
 -4.1120	 -4.5433	 -7.7326	 +0.7370	 -0.4100	 +2.0072
 +4.9574	-21.4441	-19.8778	 -0.9462	 -2.4269	 -1.8889
 +5.8167	-11.7071	 -4.6780	 -1.3115	 +3.5002	 -2.2847
+10.6511	 +8.8128	 -4.6321	 +0.5467	 -1.6529	 -2.0877
-33.4130	 +7.8357	 -1.3168	 +2.5457	 -0.1244	 +3.3255
 +5.0046	 +5.0337	 -0.6469	 -0.3898	 +2.7486	 -1.2241
 +8.4467	 +6.1127	 +5.6253	 -0.0735	 -3.1666	 +0.0553
 -2.3021	 +6.7285	 +0.5113	 +4.3126	 +0.1408	 +2.8623
-12.7348	-11.3076	 +8.6437	 -0.3182	 -1.7171	 +1.5241
 -9.7561	 -2.7106	 +0.9844	 +0.7984	 -4.3664	 -0.9446
 +1.9861	-13.4317	 -8.4037	 +2.7558	 -1.6467	 -1.4647
 +1.7917	+15.7812	 -1.9120	 +3.6683	 +1.1220	 +1.7213
+17.6920	+12.2873	-15.6579	 +2.5540	 -1.6410	 +0.0542
-19.1186	 -4.7983	+16.2688	 -0.4937	 +2.8420	 +2.3015
+30.8706	 -8.3721	+67.6735	 -0.0704	 -1.8380	 +0.6234
+10.3301	 +6.7511	 +4.8849	 +1.5117	 -0.8368	 -0.5320
 +0.0795	-13.4238	 -4.6421	 +2.6336	 +1.5190	 -1.9100
 +2.3912	 -0.7610	 +2.0559	 -0.4251	 -1.2931	 -1.9205
-18.1215	+10.2463	-15.6540	 +1.6297	 -1.4045	 +0.7916
 -4.5223	 -3.0447	 -4.3308	 +3.9452	 +2.7747	 +2.7829
+24.9257	 +2.9527	 -4.4195	 +2.1265	 -0.4883	 -2.0792
-11.4690	-16.9470	 -3.6332	 -1.5186	 +2.1432	 +1.6767
-14.2993	+14.3724	-13.9202	 -1.9878	 +2.3563	 -2.3358
 -7.1050	-22.2031	 +9.6326	 -2.6128	 -1.0906	 +1.6968
 -3.2719	 +4.5099	 -0.3364	 -1.7932	 +0.3226	 +2.6547
+12.1967	 +5.9136	 -9.9714	 +3.3274	 -1.6918	 -0.0349
 -0.1268	-19.8663	+14.4397	 +1.5270	 +0.5571	 +0.2471
 +1.0792	 -7.8214	 -4.5552	 +1.4811	 -0.4555	 +2.8663
 -1.0787	 -5.7677	 +0.1492	 -4.8110	 +0.8514	 -3.3742
 -9.5086	 -3.3134	 +0.5328	 +1.3960	 +0.7565	 -2.0124
 -1.3719	 -2.2956	 +0.1499	 -3.5408	 -4.4662	 -2.6147
 +3.4280	 -7.8368	-15.0173	 -1.6699	 -1.4494	 +0.8576
+10.2634	 +2.1177	+28.1540	 -0.3029	 -1.8505	 +1.0727
 -4.5318	 -8.6353	 -2.3514	 -2.6242	 -0.0993	 -0.1178
 -1.4389	+12.5541	 +2.0269	 +0.6245	 +0.7203	 +4.2672
 +5.6115	 +2.1523	 -6.0635	 +0.7358	 -0.9252	 -2.7184
-10.6577	 +2.1694	+13.6776	 +2.3143	 -0.0108	 -2.3635
 -5.4000	 -4.0206	 +5.8196	 -3.1582	 +0.3547	 +2.6492
 +3.6671	 -1.0685	 -1.1423	 -0.2168	 -0.8502	 -3.1022
+33.7791	 +8.1339	-19.3243	 -0.6031	 -1.1604	 -0.0670
 -6.2041	+11.9131	-27.0508	 -3.1404	 -0.3559	 -1.3792
 -0.1803	 +1.4745	 +0.6538	 -4.9553	 +0.1321	 -1.7405
 +1.4428	 -4.5010	-10.1201	 +3.8031	 -0.1421	 +0.9573
 -0.9058	 +0.9176	 -1.6728	 -0.6862	 +6.1205	 +1.7776
 -6.5997	 +5.4653	 -3.1050	 -0.0234	 +1.9865	 -3.6180
 +1.3270	 +8.6560	 -0.6733	 -0.6489	 -4.0184	 +2.8679
+13.4822	+10.8868	 -2.3337	 -3.0957	 -2.1564	 -1.3577
+24.5004	 -0.0283	 +6.3712	 -2.1239	 +0.8848	 +0.5810
 -1.0141	 +0.8409	-11.5352	 -0.9587	 -1.2953	 -0.9183
-13.6064	 +0.5895	 -2.8970	 -2.1360	 -0.9156	 -2.5523
 +0.6357	 +0.9154	 -4.2453	 +1.4472	 -0.0730	 +1.3472
 -1.5095	+11.3166	 -1.5953	 +1.9866	 -3.2239	 +1.9468
+17.7960	-63.1338	-33.3414	 -0.4278	 +0.9028	 +0.6877
 +1.7491	 +9.0016	 +8.9124	 -0.4939	 -3.3334	 +2.3420
 +2.0633	 -2.7715	 -5.6271	 +1.5327	 +1.0464	 -1.1261
 -6.8437	 +3.1097	-11.5338	 +1.7653	 -0.6126	 -0.2865
+10.8372	+18.6644	+29.3232	 -1.0131	 +0.0545	 -1.0012
 +1.5667	 -3.0142	 -0.8013	 +2.7054	 -5.6983	 -0.7622
 -0.7782	 -1.3262	 +3.9962	 -2.6136	 +3.4162	 -2.9908
+16.0710	-18.8791	+21.6986	 -0.7151	 +1.2517	 -2.0698
 +0.5734	 -7.6041	 +1.4466	 -2.7892	 -1.0193	 +1.1713
-72.1210	-57.5852	+28.0748	 +0.5459	 +1.2446	 +0.5242
-12.8412	 -4.4507	-12.4163	 +2.4810	 -0.4275	 +0.6314
+60.2479	+42.7174	+41.7632	 -1.2288	 -1.2592	 -0.3424
 -5.9223	 +9.5606	 -6.7081	 -1.3792	 -2.7976	 +3.1745
 +9.6906	 -6.8534	 +0.5802	 -0.9417	 -2.0231	 +0.3478
-109.5433	+51.7343	-21.6328	 -0.5313	 +0.7760	 +0.2664
 +2.5814	 -4.2781	-14.8395	 -3.4578	 +0.0589	 +1.8082
 +7.0323	+11.1141	 +4.0721	 +1.5500	 -0.1109	 -0.7678
 +5.7588	 +1.1853	 -4.5065	 +1.2297	 +0.5725	 -3.8778
 -1.8070	 +2.8604	 -5.9641	 +1.3424	 +2.9393	 -1.5966
 -0.7004	 -3.2448	 +0.5547	 -2.3000	 +1.4831	 -2.2601
 -7.8651	 +9.3511	 -4.2730	 +1.7476	 +3.8507	 -1.8829
 +0.3128	 +1.8187	 +0.2071	 +4.4184	 +3.2184	 +0.1482
 -6.1275	 +1.3841	 -0.8373	 +3.2176	 -4.5579	 +1.1091
 -6.3157	+11.5461	-12.3198	 -0.4899	 +4.8230	 -0.0435
 +6.0202	+10.9344	-11.0753	 -0.2514	 -0.8225	 +1.4627
 +0.1332	 +0.8915	 +0.0506	 -1.5236	 +2.6586	 -1.3550
 +3.7893	 -2.7295	 -3.9277	 +0.6724	 +2.6771	 -2.4347
 +4.4114	 +2.2592	 -1.9054	 +2.3293	 -1.9145	 +3.9351
-33.6951	+11.0745	+12.6377	 -1.3284	 +1.0445	 +0.5323
 -6.5981	 -2.6526	 +5.4295	 +2.9953	 +4.7794	 +2.6083
 -2.2578	-13.3796	 +8.9736	 -1.3176	 -4.5530	 +2.1301
-14.6982	 -4.3111	 +4.2250	 +1.4078	 -0.8716	 +3.9520
 -1.8433	 +1.4975	 -6.6204	 -1.8490	 +1.3656	 -2.2006
 +9.7208	+15.7394	-22.2191	 -1.2031	 +1.0380	 -2.5523
 +1.0536	 +7.7755	 -7.9944	 +3.5825	 -1.6978	 -0.4077
 -9.5037	 +2.1614	-14.8351	 +1.0816	 +0.8002	 -1.0978
 +3.0370	+11.1958	 -0.9578	 +0.3538	 -2.7383	 +1.5655
 +4.3096	 -2.8023	 +3.4716	 +0.4372	 -4.2955	 -2.3481
 -8.2351	 +3.8216	 +6.9163	 -0.3263	 -0.1839	 +0.5181
-14.9780	 -2.4936	+15.5624	 -0.5161	 +1.3296	 -1.1103
-44.4275	+10.6105	 +4.4991	 -2.3555	 +1.4999	 +0.8268
 -0.3468	 +3.5436	 -1.5397	 -1.0325	 +0.3157	 +1.0449
-26.8325	+11.1501	 +9.0552	 -1.0215	 +4.5971	 +0.2015
 -9.0901	-10.9069	 +6.8358	 +0.9325	 +0.9949	 -0.9142
 -5.5901	 -1.9129	 -3.5698	 -3.8894	 -3.4681	 -2.1574
 -4.6347	 -0.9357	 +3.2916	 +0.9340	 -0.8053	 +0.9395
-14.9717	-51.2899	+32.4440	 +1.8989	 +0.0477	 +0.8543
 -3.4903	 +8.9186	 +0.3044	 -1.8647	 -1.5495	 -1.7655
 +0.1955	 +0.5340	 -6.7924	 +4.6136	 -0.2939	 +1.7101
 +1.2425	+16.3702	+15.2011	 -1.8653	 +0.1579	 +1.9040
 +5.2768	+15.2430	+16.8497	 +0.4053	 +1.7734	 +0.6559
 -0.7594	 +6.7041	 -5.8393	 -0.6417	 +1.3292	 -3.1407
 -4.5168	 +7.2205	 -1.4566	 +1.6600	 +0.9173	 -0.8702
 -2.6974	 -2.4963	 -4.8372	 -1.4500	 -0.5216	 +4.1539
 -2.9211	 +3.4367	 -2.6725	 -0.0235	 +0.4943	 -1.2989
+10.9338	-12.8557	 +2.4171	 +0.8856	 -2.6763	 -0.7875
 -2.0062	 +1.0963	 -2.6637	 +0.3118	 +3.0096	 -3.7453
 -2.0630	+22.0199	 +0.8422	 +1.8041	 -0.4085	 +2.6741
 -6.6635	 -5.7950	 +1.6396	 -0.4528	 -2.9345	 +1.0583
 -5.3155	 +2.6131	 -0.1953	 +1.1073	 -0.6981	 +1.1088
+19.4507	+13.5366	 -2.8366	 +0.4145	 -2.2069	 +0.3442
-10.8843	 -2.0406	-11.7576	 +2.8266	 +0.2274	 -0.5251
 -2.4729	 -1.9937	+11.2580	 -1.2308	 -1.2823	 -3.2955
 +2.8055	 +1.6901	 +0.3345	 +0.2554	 -0.0645	 +1.9890
 +9.0572	+10.2372	 +4.9011	 -2.3331	 +3.1065	 -0.1747
 +4.3442	 +2.1348	 +1.8579	 +5.0772	 -3.6356	 +0.1252
 -3.9241	 +9.7044	 -5.6336	 +2.6643	 -2.4416	 -0.6738
 +4.5833	+15.6436	-16.9662	 -0.3599	 +1.2782	 +1.4437
+11.5014	 -1.4526	 -5.4146	 +0.5529	 -3.6381	 +0.5267
-10.5789	 +1.9818	 -2.1776	 +1.5411	 +2.1571	 -0.3425
 -0.1696	 +5.0252	 -7.7071	 -0.7874	 -3.3064	 +1.3435
-13.4869	 +3.6442	+10.2800	 -2.2342	 -0.2972	 +1.7204
 +7.7239	 -9.0689	+36.7782	 -1.0556	 +0.8202	 +1.9534
 -3.0906	 -8.5195	 -3.2767	 -0.2490	 -1.4003	 -3.1136
-16.1429	 +7.4778	 +0.7634	 +0.4390	 +3.6078	 -0.0454
 +3.8748	 +0.8695	 -1.7403	 +0.6918	 +0.2228	 +0.3161
+17.4267	 -9.2157	 +8.4126	 -0.3196	 +0.7492	 -0.8101
 -0.2081	 -6.7148	 -0.8257	 +3.1102	 -1.0977	 -0.6156
 +0.3081	 -0.9689	-11.6669	 +0.6369	 +6.1269	 -1.1301
 -4.4179	 -3.8047	-11.1740	 -3.0344	 -1.9263	 +2.0817
-22.7396	 +5.0647	-40.7891	 +1.0861	 -1.1101	 -1.0835
+14.6023	+16.5140	+29.9195	 -1.0935	 -0.9271	 +0.6936
 +4.7408	 -1.9779	 -0.9513	 -1.0373	 +1.0577	 +0.8284
 +1.3438	 +6.7815	 +1.0200	 -2.4153	 -2.0396	 -2.5156
 -6.1668	 +8.4503	+22.8645	 -1.1629	 +0.6798	 -2.8829
 -7.8613	 -4.6156	-10.4075	 +2.6037	 -1.5490	 +0.5850
 -2.0123	 +2.0552	 +1.0272	 -5.1202	 -1.3825	 -0.2070
 -9.2734	+15.4589	+12.9895	 -1.5610	 +0.9433	 -0.2308
 +3.9435	 -8.0385	-11.8579	 +0.1934	 +1.4858	 -1.4072
 -3.9407	 -5.7413	 +6.0510	 +2.1300	 -4.4410	 -0.1095
 -2.7442	 -4.2841	 -4.7802	 -2.9514	 -1.6357	 +0.4141
 -2.9117	 +3.7105	-11.6602	 +3.4829	 -1.4386	 +0.6449
-17.9456	 +0.8585	-16.4029	 +2.8140	 +2.3128	 +1.2419
-12.2058	 -6.5103	 -0.5918	 +1.5058	 +0.7681	 +3.1746
 +4.6588	 -1.5656	 -4.5449	 -0.0973	 -0.5649	 -1.8653
 -5.1301	 -2.4948	 -3.3834	 +0.8497	 +2.5321	 -3.4746
 -2.4769	 +3.1135	 +2.1543	 +1.1866	 -4.9269	 -2.0556
 -1.0876	 +3.4922	 -0.7365	 +1.1455	 +0.7475	 -3.4436
+22.7299	-14.9584	 +4.6067	 +1.2724	 -0.1155	 +1.1252
-15.2295	+18.9231	 -7.9056	 -0.9768	 -0.3236	 -0.9223
-11.5693	 +3.6517	 +0.9335	 -1.1892	 -1.4795	 -2.3248
 +0.1876	 +4.0228	 -9.1300	 -1.3286	 -3.1054	 -3.0359
-14.0252	-10.6445	+10.2710	 -1.1479	 +1.5231	 -0.2412
 +8.7836	+10.3996	-19.8841	 +2.6205	 -0.9306	 +2.1159
 -1.6878	 -4.2665	 -1.1645	 +6.7669	 +2.6169	 -0.9361
+20.3512	-12.1455	-24.5066	 +0.0978	 -0.1153	 +2.0241
 -0.4051	 -4.0185	 -3.7347	 -4.8866	 -5.3713	 +0.9292
 -6.9302	 -0.4020	 -2.6025	 -0.1719	 -2.5252	 +3.6966
 -0.7261	 -1.2281	 -2.1542	 +0.9076	 -1.6670	 -2.8866
+23.3233	 +6.6893	 -0.0979	 -0.0282	 +1.8033	 -0.2239
 +4.7385	-12.1539	 -7.9405	 -3.7283	 +0.5016	 -3.9056
 -4.9253	 -5.8632	 -1.1315	 -3.6740	 +1.3256	 -5.5096
+21.5447	 -6.5186	 -6.3747	 +0.9627	 +0.9030	 +0.2174
-19.7641	 -4.0533	 -4.8795	 -0.6726	 -1.9636	 -0.2779
 -5.2532	 +7.3199	 +4.9160	 +2.7845	 +0.9486	 -1.5687
 -8.1981	 -2.5437	-10.6613	 +2.1889	 +2.1613	 -0.5782
-14.9501	 -3.2912	 -0.7602	 +1.1853	 -0.2198	 +0.8534
-18.0989	 -2.7313	-10.2940	 -0.9385	 +1.6354	 -2.7288
-26.3292	 -6.8793	 -5.1169	 -3.1361	 +2.6312	 +0.8443
 -0.3493	 +0.1376	 +3.7002	 -3.7120	 +2.6304	 -4.1398
 -1.2952	 -2.2793	 -1.5605	 -0.9834	 -4.1309	 +2.4795
 -3.7605	+18.3281	 -1.1040	 -0.9721	 +1.6349	 -2.6390
 +3.6294	+10.6153	 +3.2447	 +1.2249	 -3.7861	 +0.3167
-12.6028	+14.2117	-48.8742	 +0.1179	 +0.0242	 -0.1843
+11.2077	 +7.9172	 -2.0460	 +1.5535	 +2.7800	 -0.4003
+14.2634	 +6.5489	-13.8598	 +2.0104	 -1.5427	 -2.1328
-12.5926	 -3.0695	 +0.7463	 +2.5668	 +0.1624	 +3.0676
 -6.6832	+17.4646	-18.9211	 +0.9464	 +2.5170	 +2.7589
 -0.8957	-11.6144	 -4.9249	 -1.1383	 +3.3435	 -1.4795
 -4.7854	 -4.4047	 +0.3748	 +0.2754	 -2.9076	 -1.9272
 -3.0904	 -1.9354	 -6.8640	 -6.0191	 -0.0313	 +1.0073
 +0.5524	 +0.5702	 +2.7778	 -3.8710	 -0.1881	 +0.9012
 -9.5263	-13.4075	 -1.2308	 +0.2260	 -1.3825	 -0.2383
 +0.3357	+24.9359	 -2.4363	 +2.8284	 -0.3033	 -2.7247
 -0.4030	 +2.2738	 -3.9046	 -0.7317	 -0.7812	 +1.1572
+10.6459	+11.6264	 +6.3386	 +0.3534	 +1.8179	 -1.5757
 -4.2837	 -8.4711	 -2.1178	 +1.4856	 +2.2536	 +5.1493
 +1.8884	 -9.7984	+18.0155	 -1.5692	 +0.9170	 +0.0732
 -2.4115	 -0.6027	-10.0079	 +1.9481	 +0.7984	 -1.1257
 +4.5180	 +2.5849	 -8.3787	 +1.0409	 +0.8853	 +1.0027
 +4.0260	 +4.2413	 -0.2776	 -3.5440	 +0.6541	 +0.4268
 -3.6692	-17.0916	 +6.7488	 -2.4265	 +1.8472	 +0.3117
 -4.1621	 +5.3409	 -4.6193	 -1.2945	 -0.3106	 +0.1295
 +0.8412	 -0.6413	 -4.4755	 -1.7998	 -1.4722	 -0.3988
 -5.8566	 +1.8478	 -4.1029	 -0.2132	 +0.7305	 -2.9983
 -1.0799	 +6.7025	 +0.8772	 -0.3906	 -1.3596	 +0.1485
 -4.8518	 +0.9436	 +0.0025	 -2.3548	 -3.0357	 +1.8425
+10.4890	 -2.4649	 +4.2335	 +0.7756	 +0.1753	 -1.6128
-12.7159	+20.0704	 -7.1926	 +0.9352	 -2.4330	 +0.9465
 -5.1974	 -8.7576	-15.4642	 -0.3372	 +2.9097	 +1.3362
 +6.0843	 -1.5711	 -4.0531	 -1.0699	 -4.2230	 -0.5577
 -4.4612	 -1.5115	 -0.9947	 -2.0148	 -0.5302	 -0.9767
 -2.8534	 +4.4184	 -9.5911	 +0.1417	 -3.0603	 +0.9770
-19.4062	 +2.1721	+14.2190	 -1.0868	 +0.1363	 -4.0920
 -3.0993	 +6.8304	 +6.2958	 -2.8820	 +0.7450	 +5.6939
 -0.0849	 -2.9379	 +0.8479	 +0.4409	 -0.1229	 -1.4725
 +1.8630	 +2.3578	 -2.6197	 +0.2435	 +0.3547	 -0.8533
 +2.2897	 +9.3213	 -2.0123	 +3.3356	 +1.5735	 +0.8978
 -1.1049	 -4.8787	 +0.4036	 -2.0405	 -0.6256	 -5.4639
+20.0965	 -6.8805	 +4.3099	 -2.8297	 -1.5395	 -3.0871
 +0.1741	 +2.0857	 +2.1378	 +0.8031	 +2.9938	 +0.0707
 -2.2043	-35.0276	+58.2404	 -0.3740	 -1.1574	 +0.4820
 +0.1520	 -6.4760	 +0.1576	 -0.8893	 -2.9492	 -0.8520
+37.4551	+35.0783	-30.2617	 -1.7713	 -1.2223	 +0.5951
 +1.7534	 +3.0846	 -2.3480	 -0.8595	 -3.5196	 +3.4083
 -1.7136	 -0.2980	 +0.2943	 -0.6825	 -3.4816	 -3.2354
+51.9014	 +1.5697	-44.3694	 -0.3167	 -0.1713	 +1.5147
-12.9990	-32.9400	+27.4566	 +2.5966	 -2.0023	 +1.5070
+104.1820	+58.5510	+14.9809	 +0.0425	 -0.7969	 -1.6088
 +1.2667	+30.6527	 +4.7135	 +2.8077	 -1.0855	 +0.6038
+23.7719	+66.7403	-34.0115	 +1.1608	 -0.3855	 +0.0218
 -8.8072	 -9.6229	 +2.8069	 +0.4800	 +0.8902	 +1.9539
-11.7841	+17.3689	 -2.9203	 -2.7541	 -1.4686	 +1.1461
 -9.9043	 +1.4170	 -5.9245	 -4.9522	 -0.7940	 +5.1521
+11.6618	+29.3317	-48.6895	 +0.7158	 +2.6601	 +0.2341
 +7.4248	-12.1204	+42.3026	 +1.4797	 +0.9567	 -1.0573
+22.4326	 +7.1305	 +2.7515	 -2.4762	 +1.4607	 +0.8305
 -2.7773	 -4.4227	 -8.0118	 +2.5933	 -3.5095	 -0.7585
 +1.2413	 -6.7787	 -4.8717	 -5.4225	 +2.4095	 +1.5974
 +8.3080	 -4.9855	 -1.8470	 +1.8358	 -0.7130	 -3.4192
 -1.5854	 -3.8057	 -3.0722	 -3.2963	 -1.2338	 +5.2958
-11.8592	 -9.1026	 -6.2458	 -0.1271	 +1.8066	 +0.9198
 -2.9273	 -2.4139	 -2.8950	 +4.1905	 +3.0373	 +0.7765
 +0.4712	+23.4314	 +7.6464	 -1.2393	 -2.1077	 +0.7345
 +3.7880	 +6.0819	-15.6641	 +0.1170	 +3.3207	 +0.1009
 +8.0567	+15.3273	-25.9214	 -1.6283	 +0.1109	 +0.0303
 -4.8827	 +9.5809	 -1.8502	 -1.7899	 +4.1792	 -0.5888
+17.8947	-21.1702	-11.5939	 -1.1897	 +0.8969	 -0.9401
 -4.7969	 +2.3620	 +3.1100	 -0.8122	 +1.0541	 -0.4128
 -2.0225	 +4.5891	 -2.2377	 +0.8963	 +1.0646	 -3.2592
+12.3421	-18.6146	 +0.1134	 -0.9480	 +0.9434	 -0.4494
 +2.1539	 +2.7058	-14.0399	 +0.2416	 -2.5174	 +2.8935
 -4.0901	 -6.2355	 +1.6511	 -2.9637	 +0.1618	 +5.8505
 -0.3964	 +5.6782	 +0.7231	 +1.1355	 -1.1401	 -5.3724
 +1.9986	 -1.9212	 +5.1676	 +0.0831	 +0.6722	 -3.7573
-23.3854	+24.2881	 +8.4935	 -0.0344	 +1.7861	 +0.8477
 -5.6250	-11.9250	 +1.8439	 -2.9937	 -1.6488	 -1.4763
-14.0735	 +4.7760	 -0.0752	 -3.2231	 -2.7472	 -0.9257
+13.5713	+10.5395	 +6.5180	 +3.9003	 -0.4608	 +1.2221
-12.6710	 +4.4754	 -4.2171	 -2.6620	 -0.5807	 +1.7129
 +3.7367	 +0.1509	+11.0914	 +1.2069	 -1.4675	 -2.0613
-14.6272	+66.1878	+21.5908	 +0.7343	 +0.2626	 +1.2475
+20.3817	 -6.1666	 +5.5138	 +1.5346	 +1.0669	 -0.9366
 +4.5826	-10.0382	 +6.7853	 +1.5597	 -2.9019	 +0.6719
-13.1377	-33.5512	+26.2699	 -0.8824	 +0.5612	 +1.1267
-40.3853	+34.7904	+25.4110	 +1.2502	 -0.2213	 -0.6408
 +0.5203	 +1.5338	 +1.3826	 +1.0597	 -3.5918	 -2.1936
 -3.5144	-17.8381	 -5.4810	 +3.3464	 -0.3752	 +1.6946
 +8.0475	 +9.5973	 +2.9415	 -3.9605	 +1.8791	 +2.1334
 -5.4087	 -1.7840	 -2.4585	 +2.4224	 -6.1309	 +3.5452
 +5.4419	 -2.2762	 +3.8263	 +4.8142	 -0.4899	 +0.5789
 +9.0180	+12.5070	 +7.2434	 +3.1074	 -0.5235	 +1.3688
 +4.1532	-33.2935	+110.7338	 -0.2993	 -1.4568	 +0.5501
-23.7054	+10.2136	 -3.2381	 +0.4230	 -3.0155	 +0.3170
 +5.9912	-13.2922	-18.7059	 +2.4229	 +0.9343	 -1.2008
 -4.7342	 -1.3320	 +3.3102	 -2.3132	 -3.2707	 -0.4156
+10.8115	 +0.6838	-11.3658	 -3.7256	 -2.3402	 +1.7429
 -5.8656	 -6.5260	-18.8191	 -0.4858	 +0.1943	 +2.5357
 +1.0757	 -7.4782	 +2.7576	 +3.3056	 -0.6155	 -3.9511
+24.9822	-24.9554	+39.1055	 -1.3490	 +1.1406	 -0.3777
 -9.6116	-15.9140	 -9.1840	 +2.6851	 +0.5583	 -3.4140
 -1.2055	 -8.9611	 +0.8446	 +0.8891	 -3.6103	 -1.6872
 +5.8125	 +4.3809	 -3.5989	 +0.7385	 +4.3881	 -2.5952
-16.2901	 +6.9729	+14.5697	 -1.6653	 +1.7810	 -1.4165
 +9.7466	 -5.1871	 -1.3428	 +1.0276	 +4.5199	 +2.0635
+14.2601	 +3.7048	 +5.3155	 +0.7440	 -3.4993	 -2.5279
+12.4156	 +1.1322	 +3.3828	 -3.8775	 -0.4718	 -1.6242
 -0.2582	 -0.3373	+22.7859	 -0.3432	 +2.9813	 +0.4057
 +3.5203	-10.4135	-12.4867	 -0.4042	 -4.9628	 +1.9087
 -0.5259	 +0.5762	 +5.0840	 +3.1890	 -3.0302	 +0.0117
 -4.8439	 -0.6591	 +4.9170	 -2.0653	 -1.4114	 +1.0083
-15.0687	 -3.7739	-10.4949	 -0.1833	 +0.9077	 -0.1164
-12.4652	 +3.7494	 +0.4970	 +2.0985	 +0.6938	 +0.7797
 +1.8221	 +8.2141	 -7.5518	 -0.1879	 +0.3344	 +2.6331
-17.3796	 +2.1016	 +9.7630	 +4.7251	 +0.2776	 +1.7160
 -2.4570	-10.4300	 +2.6332	 +1.3393	 +0.9018	 +2.6558
 -6.2037	 -2.1583	 -3.6609	 +1.4886	 -0.2522	 +0.9519
-11.5234	-10.5462	 +0.6331	 +1.0396	 +2.9635	 +0.6232
 -1.1312	 +7.3815	 +4.5176	 +2.1197	 -2.5118	 -0.5221
+27.1885	+23.1011	 -5.3335	 -0.8918	 +0.8510	 -0.2438
 -5.3804	 -9.3976	 +0.0003	 +2.0697	 +0.1842	 +0.5275
+25.0949	 +3.2790	 +6.0696	 -0.9915	 +2.2548	 -0.8310
 -4.5827	 -3.9836	 -7.2701	 -3.1757	 +0.8763	 -2.6324
 -5.2091	 +3.7884	 -9.0797	 +0.4313	 +1.3933	 -0.8230
 -2.4056	 +2.5740	-11.9446	 +4.1207	 -4.0800	 +0.9797
 +1.7586	 -5.0669	 +1.0880	 -0.3580	 -3.5349	 -2.5041
 -6.6584	-24.2646	 +5.0814	 +0.0447	 -3.2153	 -1.6651
-11.4789	 +9.7457	 +4.7566	 +1.7990	 +0.1597	 -3.2354
 -2.5667	 -1.8620	 -2.5871	 +0.6012	 +5.2780	 +2.7217
-16.9108	 -9.9439	+16.8115	 -3.0929	 -0.5096	 +0.8320
 -9.3482	 +0.5273	 +2.1630	 -5.3839	 +1.0353	 -0.5788
-17.4156	 -7.3361	 -6.2374	 -1.5893	 -2.5357	 +1.3091
 +0.3969	+23.6998	-11.6939	 +1.6684	 -2.3951	 +2.2465
-13.6261	+12.6793	 -3.3213	 +0.3511	 +2.5722	 +1.4460
 +3.3529	 -6.7236	 +5.4885	 -4.2423	 +1.7733	 -0.4105
+13.2629	-23.5566	 +2.4211	 -1.1440	 +1.4649	 +1.5836
+10.9306	 +3.5133	 +0.7248	 -1.7505	 +2.7875	 -1.2603
 +6.8454	+37.9581	-14.0497	 -0.1138	 +1.5759	 +2.2519
 +3.5264	 -3.1076	 +5.9661	 -0.2109	 +0.8684	 +2.2124
 -2.3843	 +8.4815	 -1.0587	 -3.5367	 -0.5886	 +0.2471
 -3.9511	 -1.9399	 -4.7176	 -0.4934	 -3.7980	 -0.1560
+86.9873	-29.4794	+51.6484	 +0.1313	 -0.9246	 -1.3742
 -0.4872	+11.0877	-14.2599	 -2.5195	 -2.1918	 -1.2429
 -0.6255	 -2.2826	 -9.1996	 +2.3013	 -3.3564	 -0.9455
 -1.2697	 +0.2661	 +7.4843	 +1.9884	 +0.9834	 -0.6721
 +2.3547	 +5.9385	-14.5591	 -0.9870	 +2.1839	 -0.4839
 -5.8893	 +0.5715	 +1.7349	 +3.5365	 +3.3571	 -4.1107
 +1.5480	 +0.3320	 +3.9228	 +1.0554	 +1.9043	 +2.1027
 +4.1348	 -6.9441	-10.6543	 -1.8248	 -2.7632	 -0.3727
 -6.5032	 +0.5552	+20.2069	 +2.3117	 -1.1104	 +2.1367
 +2.0678	 -5.4732	 +8.7904	 -3.5672	 +3.0548	 +1.6766
 +4.3904	+14.9594	+25.4870	 +0.5777	 +0.8173	 +3.6597
+10.6298	 +5.6010	+15.1774	 +0.6526	 +0.7508	 +2.0309
 +6.3528	 +1.2446	 -2.3518	 -2.6622	 +1.2802	 +0.0755
 -3.5177	 -8.2922	+21.3783	 +1.3862	 +1.2188	 -1.0847
 -9.3599	 -1.2408	+15.5179	 -1.5062	 -2.2141	 -2.4360
-19.9357	 +1.5941	 -5.5853	 +1.7212	 +0.9715	 +3.8459
 +3.4184	 +2.3259	 +2.5697	 -3.5155	 -2.8746	 -1.7980
-43.0742	+22.0829	 -0.7168	 -2.9079	 +1.3690	 -1.0377
 -2.9912	 -4.8648	 -2.9833	 +0.3848	 -6.7552	 +0.4358
-12.4942	 +2.4781	 -0.1032	 +2.8415	 +2.7573	 +2.2026
+18.1818	 +6.3384	 +7.4588	 -1.5118	 -1.0439	 -1.8515
 -3.8549	 +5.7351	+12.2823	 +2.0994	 -0.4618	 +1.2172
 +4.5083	-20.1667	 +4.5691	 -0.6325	 -0.2686	 +0.7816
 -6.4198	-11.6499	 -2.1959	 -2.0218	 +2.8324	 -1.5780
 -0.2747	+12.3532	 +5.4233	 +0.7916	 -0.4645	 +0.9043
-91.9139	-169.9769	+26.0630	 +1.0959	 +0.0060	 -0.0981
 +5.9086	 +3.8513	 +2.2561	 -1.4350	 -0.4663	 -0.5197
 -3.1623	 -6.9046	 -1.5913	 -3.5648	 +1.0541	 +3.0945
 +2.4742	 -1.4898	 -1.3517	 +3.4508	 +3.3842	 +1.7445
 -7.7651	 -2.7324	 +8.7268	 +2.0559	 -2.8797	 +3.9905
-11.7131	 -1.6812	 -0.4976	 -1.5624	 +0.2247	 +5.4945
 +0.5816	 +0.6705	 -6.9218	 +0.5227	 -3.1564	 +0.2337
 +1.3840	 -5.5093	-12.2764	 -2.1039	 +0.1725	 -0.6324
-14.0291	-11.6716	+22.2616	 +1.7248	 -3.0239	 -1.2299
 +2.3705	 +3.1367	 +1.5713	 -3.3428	 +3.9609	 +1.1115
 +2.3610	 +2.3154	 -4.7425	 -1.5039	 -1.8806	 -1.9921
 +1.1840	 -6.4396	 +3.9418	 -2.8887	 +3.9472	 +2.3342
 -0.7363	 +3.0464	 +2.1734	 -1.8963	 +4.6002	 +4.2789
 -0.3371	 -4.1272	 -1.8153	 +5.8690	 -1.2185	 +0.0036
 -4.7173	 +5.2992	 +7.7169	 -2.6969	 +0.7341	 +0.7111
 -3.3801	+21.7186	 -5.6336	 -0.7687	 +2.4485	 +2.6647
 +9.8103	 +1.6056	 -5.4175	 +0.1682	 -1.8838	 +1.7660
 -3.4482	 -1.1060	-13.2077	 +0.9479	 +1.0458	 -1.4511
 +0.4272	+28.1896	-29.9823	 +0.1946	 -1.1059	 +2.4632
 -0.5940	-19.3386	+40.0151	 +0.4434	 +0.5859	 -1.8399
+17.5456	-19.8622	 -8.5658	 -0.6897	 +3.2072	 -1.2588
 +0.4696	 +2.9053	+15.3558	 -1.7113	 -1.2845	 -2.0901
 +0.1951	 -0.0270	 +2.5387	 -2.9313	 -2.4550	 -5.0253
-13.4611	+14.5209	 +0.7272	 -2.1859	 -0.3667	 +1.0881
 +3.8892	 -5.8620	+29.0353	 -1.5560	 +1.2826	 -1.1907
-46.4303	+21.3298	-75.7242	 +1.0138	 +1.8861	 +0.0059
 +7.1514	 -0.5236	 -1.4535	 -1.8288	 +3.2779	 -0.2462
+12.9864	-16.5246	 -4.4615	 -0.8466	 +1.6550	 +0.7944
 -3.3511	+16.1035	-13.8496	 -0.2678	 +0.9176	 -0.7075
-27.7141	 -1.9995	 -7.3873	 +0.0170	 +1.1384	 +0.0313
 -0.1007	 +5.1625	 +1.8686	 -1.2995	 +2.3545	 +2.2971
 -2.5237	 +6.0433	 +3.0377	 +1.8475	 -0.8034	 -3.3710
 -3.8033	-25.1525	-16.7817	 +0.7761	 +3.0709	 -1.2584
 -1.3472	+12.0407	 +1.5978	 +2.5753	 +2.1660	 +0.4150
 -5.1303	 +2.1117	 -0.5228	 +1.3990	 -2.8657	 +2.3221
 -2.5254	 -2.1789	 +9.2506	 -2.6024	 +0.8042	 +0.3738
+19.4215	+15.4048	-33.4230	 -1.1400	 -1.0091	 +0.4796
+29.0430	+40.4137	+69.2667	 -1.0497	 -0.5761	 +1.0725
 -5.5499	 +1.6255	-23.3399	 -1.6856	 -2.6318	 -0.3481
 +2.2039	 -8.3715	+15.5729	 +2.8889	 +0.6262	 +2.2684
 +0.4816	 +1.5674	 +2.3564	 -1.4652	 -0.9845	 -0.6887
 +3.3744	+16.6861	 +6.9235	 +1.6419	 -1.3282	 -0.2327
+68.0896	+28.5507	+34.8943	 -0.6552	 +0.1803	 +0.6594
 +0.8137	 -2.3878	 -3.6888	 -2.5063	 +3.2259	 -4.4243
 -1.5991	 +6.6772	 +3.9058	 -0.9238	 -3.3206	 +2.4432
-15.3472	 -7.5175	 +0.7208	 -0.0374	 +1.4257	 -3.4219
 +1.5806	 -1.9256	 +0.7248	 -2.4531	 +2.5166	 +3.8844
-41.0151	 +9.9729	+10.9258	 +1.0674	 -1.1399	 +1.8170
 -2.2225	 +5.7293	 -9.1457	 -0.8118	 +4.1307	 -1.9493
 +1.6324	 +7.3314	 -6.2731	 +0.8616	 +3.0824	 -3.4852
 -0.8586	 -6.8550	 -1.4506	 +3.7694	 +4.6791	 +0.7518
 -8.6072	 -0.1924	+29.1144	 +1.8786	 -0.1964	 -0.8059
 -7.6327	 -4.1978	 +7.3470	 -0.7002	 -4.5406	 -1.9653
 -9.8805	 +5.7563	 -1.0681	 +2.0465	 -5.3406	 -1.1583
 +8.6842	 -3.9607	 +5.0481	 +0.2694	 -0.7903	 +0.7071
 +4.9324	 -6.7992	 +7.5241	 -4.0610	 -3.7255	 -2.4195
 -0.4979	-11.7105	 +7.7491	 -0.2937	 +1.6323	 -0.7140
 +3.4274	 +7.9474	-25.8923	 -1.7641	 +4.0356	 -0.7020
 -3.8886	 +2.2496	 -8.5692	 -1.3114	 -3.3722	 +2.9834
 -1.8521	 +3.9145	 +3.0120	 -4.7016	 +0.6526	 +3.9415
 -0.5632	 +0.3058	 +4.1268	 +0.8041	 +0.5625	 -2.5111
 -4.5923	-20.8868	 -9.3481	 +0.6245	 +0.2426	 +3.1393
 -7.1465	-11.5127	-15.4315	 +3.3012	 -0.7247	 +1.3907
 -4.0635	 +3.9640	 +0.2834	 -0.6630	 -0.7867	 +0.1185
 -4.2231	 -8.7561	 +7.2428	 -0.3672	 +1.3699	 -3.4584
+16.8963	+13.0170	-13.4025	 -0.6486	 -1.3380	 -2.2129
 -5.0694	 -6.0683	 -4.4414	 +3.1545	 +0.7428	 +0.7653
 +1.4044	 +4.7990	 +3.2300	 -2.7163	 +4.3149	 -1.0112
 -2.3858	 +4.2396	 +1.9334	 -0.9079	 +2.8076	 -2.7063
 -4.2641	+11.1304	-25.8532	 -3.5627	 -1.9622	 +0.4456
 -5.6654	 -2.7044	 +1.2049	 +0.6329	 +2.5941	 -1.6853
+20.8666	 +8.6411	 +4.0512	 +3.1111	 +1.0740	 +0.6388
 +3.0652	 +7.9701	 -0.2806	 +0.4906	 -1.9043	 +3.7020
 +3.5500	 -1.6953	 +4.1179	 -1.4759	 -5.0382	 -0.3444
-14.6171	+19.4790	+11.4867	 +0.1128	 +0.6115	 -0.0224
 -1.5777	 -2.2936	 -3.6614	 +0.5988	 -0.7250	 +0.4546
-16.3540	 +7.1103	 +4.5794	 -0.9395	 +0.9089	 -3.9595
 -4.6994	 +4.9479	 -2.7576	 +1.5423	 -2.7774	 -1.1389
 -4.8076	 -1.3732	-10.4268	 -1.9570	 +0.9625	 +0.2165
 +5.1368	 +4.8990	 -9.3699	 +0.5861	 +0.3349	 -1.7214
+22.5264	+10.3808	 -0.7164	 -0.2655	 -3.3146	 -0.2460
-84.0852	+42.9754	+24.9758	 +0.1421	 +0.0902	 +0.6029
 -8.0773	 +0.5394	 +6.6439	 +3.7553	 +3.9096	 +1.6793
 -7.1377	 -0.5930	 -2.2896	 +1.1245	 +2.8561	 -1.8666
 -4.8171	 +7.3934	 -3.9526	 -3.5467	 +1.7159	 +2.3063
 -8.0590	 -4.5008	 +0.9723	 +2.1820	 -0.5878	 +1.5089
-19.8147	+10.7765	 +4.3074	 +0.5349	 -1.6927	 -2.1334
 -7.9295	+14.3645	-31.7583	 +0.8586	 +1.6460	 -1.8620
-16.7238	-19.9480	 -1.8963	 +0.3405	 -1.2966	 +2.9785
 -1.4162	 +4.5168	 -2.0088	 +1.1419	 +3.5810	 +2.6310
 +1.9334	+12.9644	-10.4784	 +0.6154	 +0.4448	 -2.8812
 -0.3689	 +0.8674	 -8.8784	 +1.6371	 +0.3040	 +1.1032
 +3.6780	 -2.0590	 -3.7713	 -3.7795	 +0.3368	 -0.5633
 -9.0034	 -2.6997	-15.6882	 -2.8855	 +1.1636	 -1.1372
 -4.9025	 +3.5222	 -4.0411	 +3.6510	 +3.8027	 -3.9448
 +3.5489	 +1.6390	 +5.0295	 -0.6114	 +0.0822	 -0.1974
+29.8130	+19.7893	 +7.6552	 -1.5480	 -1.9208	 +1.7838
+10.4582	 +1.5615	-17.5688	 +2.7625	 -3.1198	 -0.0334
 -6.6635	 -4.8414	 +4.0504	 -0.5624	 -2.7355	 -3.5192
 -2.3360	 -0.6060	 -1.0992	 +3.7156	 -5.0446	 -2.7909
+22.9962	 +1.4763	 +0.8666	 +0.6702	 -0.5340	 -0.4002
 +0.6141	 +1.6790	 +9.0899	 +3.7771	 -1.3473	 -2.5511
 +5.0920	-14.8246	 -3.7931	 -1.8049	 -1.2585	 -0.8914
 +5.2406	-15.1076	 +3.5178	 -2.3404	 -2.6354	 -0.7235
 +0.0209	 +6.0720	 -0.1152	 +0.0219	 +2.3646	 -4.5523
+13.4161	 -6.6771	 -1.3765	 +0.3803	 +2.4135	 -1.8586
+19.3115	 +3.1287	 -9.1555	 +0.3055	 -3.8043	 +0.5981
-34.9882	-18.1682	+14.5079	 -0.1837	 +0.1843	 -3.0813
 +0.2992	 -8.6882	+13.0209	 +1.8261	 -0.2380	 +0.9493
 +2.4111	+11.3178	+13.3251	 +1.1486	 -1.1300	 -3.1114
 -8.3096	 -7.4704	 -4.4748	 +2.1947	 +4.8778	 -2.5940
 +7.6973	-10.9679	 +2.4110	 +3.0442	 +2.0958	 +1.7400
-12.0664	 -6.0666	 -8.5776	 -1.9205	 -1.6406	 +1.1393
-40.8181	+26.2129	+37.4600	 -0.0473	 +0.5455	 +0.2821
 +9.6542	 +1.9704	 +4.6578	 +5.0893	 -0.5793	 -0.6165
 +1.2928	 -1.3111	 -3.2651	 -2.3065	 -3.0963	 +3.2166
 +2.6164	+10.8494	 -5.1098	 -1.7436	 +2.7915	 +3.3643
 -5.0723	 +3.6824	 +4.7345	 -2.1605	 -1.9886	 +3.6823
 -4.5404	 +2.8336	 -1.3046	 +0.0463	 +5.6076	 +4.6720
+43.2930	 +5.5032	-16.4858	 -0.7440	 -0.7409	 +0.2990
 +0.6117	 -0.8923	 +0.2546	 +1.3481	 +4.4711	 -1.2322
 +8.8274	 +4.4146	 +6.5759	 -0.7849	 +2.1505	 +2.6543
 +6.3682	+11.4642	 +4.0614	 -0.8278	 -3.5558	 +2.0381
 -2.7807	-15.9294	-33.4313	 +1.0304	 -0.7202	 +1.0256
 -4.9616	 +1.4805	 -8.9965	 -0.6725	 +2.5171	 -1.2566
 +3.9484	 +0.6604	 +5.8973	 -0.0216	 -1.3192	 -3.3035
-101.8562	-32.4651	+84.5553	 +1.4022	 +0.1701	 -1.2382
 -0.4800	 +7.0318	 -9.5938	 +3.4090	 -2.8691	 -2.5198
+11.7309	-34.9054	+10.5040	 -1.0210	 +1.8707	 +3.5581
 +3.5937	-25.2476	 -4.3702	 +0.9597	 -0.7406	 -2.2689
 -0.9266	 +0.6956	 +0.2032	 -2.8485	 -0.3281	 -4.1204
 -4.3076	 -7.3646	 -4.2510	 +1.6733	 -3.5452	 -2.9349
 +6.3021	 +5.0360	 -9.6975	 +3.1430	 -2.8565	 -0.8011
 +7.7120	-11.5867	 -0.0514	 +0.6252	 +1.6420	 +0.6780
 -3.1511	 -5.5150	-10.0446	 -1.8660	 +2.0073	 -2.4231
-11.1676	 -9.3140	 +6.7046	 -2.2219	 +0.4125	 +0.3308
+11.9939	-23.7497	 -6.8337	 -0.3679	 +1.4530	 -1.1391
 -4.1977	 -0.5026	 +2.7262	 +2.7473	 -0.3227	 -1.0554
-20.7981	 -6.5774	 +4.1268	 -1.2688	 -0.3602	 +0.0001
 -1.5828	 -1.8582	 +4.0801	 -0.4226	 -4.8797	 +3.0092
 -0.2427	 +1.0084	 +3.9807	 +0.0356	 -1.2753	 -1.9287
 +3.8935	 -3.2533	 -2.2033	 -2.7720	 -0.4110	 +0.4084
-12.3028	-13.9042	 -8.2291	 -1.0031	 -1.6784	 -3.5393
-64.2113	+22.8527	+50.3531	 +1.2357	 -0.8428	 -0.8441
-58.0464	-31.9779	+18.4070	 +1.3158	 +1.0400	 -0.5567
 -8.5462	 -7.2715	+10.8921	 +1.0510	 +2.3290	 +2.0988
 -2.6627	 +2.3260	 -2.6648	 -0.2765	 -2.4669	 +2.1039
-77.4503	-125.2629	+119.3309	 +0.6666	 +0.0585	 -0.0867
 -7.2948	 +5.0186	 +0.2250	 -3.5990	 -4.7928	 +0.0391
-10.7690	+10.7408	-11.1313	 -1.4925	 -1.7401	 -2.4350
 +0.9088	 +2.1800	 -4.3783	 +0.0658	 -3.0946	 +0.6782
-46.1271	-26.1607	-14.4596	 +1.8938	 -0.5576	 -1.1545
-11.3789	 +4.9363	-10.7965	 -1.5121	 -0.3312	 +0.2674
 +5.4417	 +5.2117	-18.6979	 -0.9184	 -1.6120	 +0.5043
 +8.5297	-30.8833	+36.5217	 +1.3557	 +2.2004	 +1.5675
-13.0325	 +3.3468	 +0.0606	 -1.2672	 +0.4982	 -2.5310
 -1.6278	 -7.7328	 +8.1641	 -1.9641	 +1.2330	 +1.0689
 +3.4840	+13.9287	-20.8051	 -0.0680	 -2.5206	 +1.8843
 -5.6483	 +0.9245	+18.0499	 +2.5508	 -2.9031	 +0.8549
-18.4060	+12.6447	+23.3895	 -1.6672	 -0.4396	 +1.4152
+12.7033	 +8.9359	 +3.0050	 -0.0130	 -3.3392	 +2.2371
+11.8023	 -3.0654	-11.9131	 -0.3580	 -0.5516	 +0.7312
 -9.7903	 +4.2142	 -1.0226	 +4.1101	 +2.4187	 +0.5843
 -5.2713	 +3.3778	-16.3007	 +2.3624	 -2.0388	 +0.8955
-11.3904	-15.9887	-23.3819	 -0.1095	 -0.0817	 +0.5600
 -4.1615	-12.4106	 -6.9346	 +2.0856	 +2.1773	 -1.6731
-11.5650	 -9.6411	+21.0179	 -1.4554	 +0.2358	 -0.1179
 -9.5074	 +4.1655	-10.7909	 -1.0954	 -3.1979	 -1.2347
 -7.1003	 +2.9527	 -5.7703	 +4.8859	 +0.6509	 +0.0677
-36.5813	+14.5146	+11.9946	 +0.2225	 +0.6041	 -1.6556
 -1.7934	 -8.3476	 -6.3798	 -1.2991	 +0.5581	 +2.2018
 -6.3621	-10.3102	+14.2830	 +0.9693	 +0.7792	 +2.0493
 +8.8923	+10.4492	 -3.3981	 +0.8405	 +0.3119	 +3.3781
 +2.0544	 +3.1544	 +4.5090	 -4.8047	 -0.6308	 -1.1811
-30.2999	+37.8485	-75.4321	 +0.4395	 -1.4059	 +0.6819
+10.8559	+22.5866	 -6.7138	 -1.6647	 +2.0140	 +1.3654
-13.4533	+76.5746	-52.0610	 -2.1187	 -0.6367	 +0.1716
-18.4209	 -5.5494	 -2.6740	 +0.2534	 -1.4394	 +0.3688
-14.9718	-17.7936	 -6.8627	 +1.3285	 -0.5753	 +2.1091
 +1.3410	+13.5732	 -3.8455	 -0.6052	 +4.2090	 +1.7121
 -7.9405	 -0.2907	+11.0985	 +3.2874	 +1.7355	 -1.7451
-19.6511	 -4.6961	 +6.2386	 +0.9219	 -0.9425	 +2.6590
 +2.7351	 +0.8694	 +5.1759	 +1.6966	 -3.7493	 -3.9772
 -0.2623	 -5.0365	-10.0542	 +2.5859	 -0.1291	 -1.1522
 +4.8398	 -4.3092	 +2.6024	 +0.4595	 -0.1719	 +1.2686
 +1.6711	 +9.0355	 +2.6113	 -1.8776	 -0.8513	 -5.1168
-15.4794	 +1.9633	 -0.9278	 +0.4675	 +3.2652	 -2.1047
 +1.3687	 +3.9164	 -8.9936	 -4.3563	 +2.1197	 +2.1779
 +9.5909	 +7.7729	 -1.0544	 -3.5481	 -0.0206	 +3.4759
 +8.8244	-24.8645	 -6.2727	 -2.9732	 -0.2186	 +1.9038
 -6.5632	 +0.1067	 -3.9983	 -1.9573	 -1.4514	 +4.9817
 -8.8574	 -1.2384	 +8.1263	 +0.8510	 +1.7395	 +2.9945
+10.5909	+12.2960	 +1.1409	 -1.1248	 +2.6224	 -0.7172
 -3.5659	 +9.7065	 +6.8738	 +2.5563	 +3.2239	 +0.3588
-143.5258	-178.7003	+114.0780	 +0.3719	 +0.8821	 +0.0898
 +4.2278	 -7.4513	 -1.3800	 +0.1095	 +4.7158	 -3.4173
-17.3403	+46.3272	+46.0770	 -0.3194	 -2.1898	 -0.2503
 +4.7826	 +0.4547	-11.5390	 -1.9124	 -2.5421	 +2.7408
 +7.1866	+74.6987	-83.0495	 +0.0793	 +0.0012	 +0.3359
 +0.6862	 -2.5597	-10.3308	 -1.1622	 -5.9582	 -0.5629
 -5.2987	 -4.2616	 +8.0538	 -2.2074	 +1.7135	 -0.6708
-13.5517	+25.7747	-25.3527	 +1.5483	 +0.0439	 -0.1349
-15.9276	-15.0806	 +1.2302	 +1.1349	 +3.2246	 +0.5538
 -4.5253	-14.2496	 +0.9060	 -4.5266	 -0.0048	 -1.4338
 -3.5857	+10.3685	 -2.0949	 -2.8845	 +0.7773	 +0.9780
 -2.1130	 -7.8726	 -1.0377	 +0.0203	 -3.8924	 +3.1672
-11.2417	 -2.5128	 -5.6562	 -1.2491	 +0.0220	 +1.7873
 -2.8964	 +0.8908	 +2.8638	 +2.5330	 -3.5766	 -0.9329
-11.2604	+12.2060	 -0.1424	 -3.9283	 +0.2780	 -0.8528
 -3.4043	 +3.8974	 +2.7547	 -4.4930	 +4.9214	 +1.0287
-22.0175	+25.8026	 +2.1302	 +0.4502	 -1.4112	 -0.0667
 -0.6948	 -1.6187	-21.9316	 +0.6382	 +0.6058	 -3.4545
+14.1262	 +5.3447	+10.5857	 +1.2634	 +2.1148	 -1.1032
 -4.8393	 +2.9873	-21.9467	 +1.1105	 +2.9364	 -0.7749
 +4.1037	 +6.0970	-12.7550	 -0.3487	 -2.3020	 +1.0677
 -6.9743	 -7.0240	 -3.1715	 -5.7526	 -1.2818	 +3.4026
 +1.4239	 -2.8981	 +2.4542	 +5.0384	 +1.0600	 -0.0244
 +8.5727	 +4.2601	 +8.6811	 +2.2664	 -1.7780	 +2.3907
 -0.3758	 +6.3265	 -0.9988	 -1.8468	 -3.7222	 -1.0658
 +5.6938	 -6.0251	 +8.3345	 +0.6104	 +2.2517	 +2.4068
 -6.1473	-22.4498	+12.3575	 +0.9409	 -0.3638	 +0.1305
+11.7525	 +0.9175	 +0.5560	 -2.1189	 +2.8203	 +0.3624
 -2.5331	 +3.1369	 +1.5006	 +1.6070	 -3.3533	 +2.7852
-18.8621	 +3.5567	 -1.5884	 +2.2360	 -0.6442	 +1.7571
 -0.9387	 +1.3822	 -0.5222	 -5.6299	 +4.7049	 -1.8218
 +2.6670	+14.4838	 +5.4603	 -1.3143	 +2.0248	 +1.2112
-16.8026	 +1.5347	 -5.4219	 -0.8443	 -2.5969	 +1.7795
 +6.8378	 +8.1003	 +7.7175	 -1.7350	 +1.1314	 +0.8492
 +2.1705	+13.5254	 +3.7119	 -0.9715	 +1.1148	 +1.8564
 +7.3002	+25.9397	+34.6962	 +0.5925	 +0.2745	 -1.3854
-13.0085	 -1.7453	 +1.5564	 -0.1021	 -1.5058	 +0.9273
 +2.8932	+20.4909	-11.6478	 -2.7368	 -1.7721	 +0.8132
+21.1380	-13.0234	 +9.4872	 +3.3054	 +0.3471	 -1.8717
 -6.7842	 +2.7765	 -5.8216	 -0.1866	 +1.8300	 +4.1980
 -4.9631	 -2.3529	 -3.7094	 -2.6019	 -2.6456	 -4.5699
 +4.5073	 +4.3089	 -4.4126	 +3.3063	 +2.5562	 -3.8718
-12.2027	 +1.4726	 -5.1751	 -2.7434	 -0.0164	 -0.1514
-18.7003	+10.6548	-25.5205	 -0.0855	 -1.0895	 +1.9870
 +5.0290	 -2.7551	-14.3838	 +0.4466	 -2.9429	 -1.7858
+22.2667	 -2.5016	-16.8982	 -0.7448	 -0.7916	 +2.1141
 +2.7784	 -2.2045	 -5.4482	 +0.2670	 -2.3745	 -3.7537
 +0.6466	 -3.4507	 -4.4587	 -0.1596	 -1.7521	 +0.5719
+11.8877	+15.2569	-14.1059	 +0.0430	 -0.8693	 -0.1738
-16.0748	+37.8389	-11.3121	 +1.6913	 +1.5927	 -0.0177
 -5.0691	 +2.6139	 +1.6678	 -0.0095	 +1.3587	 -3.1365
-10.0983	 -5.8326	-17.3758	 +1.3076	 -1.1250	 -2.9647
-12.2739	 +1.7308	+11.6979	 -1.6816	 -4.3890	 -0.7407
+18.2792	-10.2736	 -9.1329	 -0.4515	 -0.3640	 +0.5322
 +5.6378	-19.7474	 -2.6903	 -2.0856	 -2.2727	 +0.4141
 +1.3095	 -2.7068	 +5.3421	 -1.4717	 -0.6610	 -2.2799
 +3.2094	 +7.3881	+16.0131	 -1.3424	 -0.2881	 +2.3513
 -5.9506	 +3.2679	-25.0159	 +0.5216	 +2.0377	 +0.5806
-14.0275	+18.1034	 +1.3274	 -1.2874	 -2.9660	 +1.2254
 +6.4642	 -5.8525	-19.6038	 +0.7497	 +0.7491	 +0.7516
 -9.2783	 -2.9409	 -1.4730	 +1.3110	 -1.8403	 +0.4938
+15.3400	 +6.3310	+40.5685	 -0.5841	 -0.5324	 +0.5033
 -9.6812	 -2.9811	 +0.4165	 +0.5645	 -0.0547	 -2.2093
 +6.5760	 +3.5655	 +7.6043	 -1.6950	 +2.5301	 +0.1546
-11.2919	+18.9657	 -1.1967	 +2.8025	 -0.8909	 +1.6482
-12.9369	 +3.1360	 +3.2062	 -1.7234	 +1.3457	 +0.4689
-12.9403	 +4.9995	-14.8622	 -0.0207	 -2.1459	 -1.8308
-10.0634	 +9.0299	 +7.9032	 -3.6814	 -0.8087	 -0.7075
 +0.0920	 +3.8601	 -4.6942	 +0.2870	 +0.5063	 +3.8413
-61.3645	-18.0175	-25.6976	 -0.4911	 +0.1758	 -0.0575
 -4.7421	 -1.6018	 +5.9463	 -0.7492	 -3.6968	 +1.8514
 +5.1747	 -2.3489	 +5.9673	 -1.3062	 +0.2360	 +0.7302
+11.0852	 -5.3851	 -3.6208	 -0.8567	 -0.6391	 +1.3911
