# Iterations: 100 of 100
# Total Energy: -6.701e+05
#    Kinetic Energy: 6.754e+05
#    Potential Energy: -1.346e+06
# Current Time: 2018-05-09 11:47:44.755772
# Elapsed Time: 0:10:25.966617
# 
# Med. Times for Sections
#    Force Computation:		3.710896
#        [5.1260095.2703394.6176943.6763863.6676893.7108963.7005553.7909323.707138]
#    Gather Particles:		0.006889
#        [0.0107770.0069350.0067770.0066370.0103530.0063210.0068890.0067480.007250]
#    Overall:		5.650047
#        [7.0993347.1658056.5228175.6118005.5908535.6187915.5887955.6878225.650047]
#    Scatter Particles:		0.000570
#        [0.0024150.0005700.0004840.0005090.0004510.0004740.0029340.0022970.002308]
#    Time Integration:		0.002363
#        [0.0047480.0023630.0052780.0029170.0007680.0002730.0034170.0011210.000187]
#    Tree Broadcast:		0.906381
#        [0.9330510.8971540.9059660.9131210.9180890.8895870.8711490.9063810.922126]
#    Tree Construction:		1.003784
#        [1.0222660.9883830.9865561.0121660.9934371.0111781.0037840.9802821.010968]
# 
# x	y	z	vx	vy	vz
# 
 -5.8377	 -3.8506	 -2.8607	 +1.8132	 +1.1256	 -0.2177
 +3.4067	-18.5635	-10.8593	 +1.0830	 +2.2395	 +1.8612
 -2.4026	 -5.6246	 +8.6520	 -1.6909	 -2.3898	 +1.7815
-24.6616	+25.2263	 -0.4371	 -2.1430	 -0.9258	 +1.2037
 -4.1586	-18.9328	 -6.1426	 +1.8479	 -1.1370	 +0.3806
 -2.4181	 +0.9821	-16.6905	 +2.7165	 +0.6320	 -0.2186
+13.4543	-15.5564	 -8.9597	 -1.4539	 -0.7762	 -0.8837
+10.7643	 +7.7768	 -6.2386	 -1.8018	 +0.0060	 -0.0805
-25.9614	-34.5726	-11.2746	 +1.9791	 +1.7679	 -0.0846
-14.7574	+22.0468	 +2.1676	 -3.0891	 -0.4461	 +0.5250
-22.9997	+11.3155	+17.2800	 +2.2898	 +0.9125	 -0.4338
 -5.1503	 -2.7940	 -0.5622	 -1.1725	 +2.7219	 -1.5340
 +2.5518	 +0.0050	 -7.2701	 -3.1790	 +3.1184	 -3.9012
+25.1909	+12.5070	-27.5592	 -1.3479	 +0.9462	 -1.0690
 -0.0623	 -4.8230	 -2.3563	 +3.0889	 -0.7720	 -1.1765
+13.6426	 +2.3470	 -1.8953	 +1.5477	 -1.8205	 -1.8553
 -8.9361	 -4.0930	 -6.4494	 -0.6124	 -4.0675	 +3.1179
 -5.7142	 +0.0052	-19.1829	 -1.4735	 +0.7019	 -1.2774
 +9.7240	 -7.8660	 +7.0758	 -0.1955	 -1.1154	 -0.9919
+104.5283	-28.9629	+78.6047	 -1.3736	 -0.8362	 +0.1977
 -5.2272	 -3.7916	 -5.2507	 +3.4596	 +2.5337	 -2.6487
 -3.3990	 -1.9438	 -7.6780	 +1.1025	 -4.4356	 +1.1060
 +4.7537	 +2.1218	 -8.7494	 -1.8233	 +2.5259	 +2.4640
 -4.8393	 -4.7079	 +3.8819	 -2.4035	 +1.1139	 +3.9142
 +7.7710	 +7.7425	 -8.6733	 +0.9547	 +0.4978	 +0.0466
-35.9402	+21.2349	 -0.3649	 -2.0403	 +2.2867	 -1.3079
 -4.0248	 -3.1034	 -4.7582	 -1.4755	 -4.8017	 -2.2815
 +7.7764	 -7.5288	 +4.5760	 -4.4584	 +0.0531	 +1.9977
+11.2813	+11.9385	 +5.6863	 +2.5549	 -2.6868	 -2.3144
-16.6510	-17.8871	 -4.5409	 +3.5572	 +2.3002	 +0.6052
 -2.5901	 -5.3094	 -5.7457	 +5.3864	 -2.3697	 -3.7054
-56.6495	 +9.1169	 +0.4212	 -0.8051	 +1.9962	 +1.8275
 -3.3913	 -5.8710	-11.9984	 -4.3127	 +0.0173	 +2.6645
 -0.8459	-13.9776	 +4.5017	 -0.8992	 +2.4305	 -1.4842
 -9.8739	 -3.4475	+22.3945	 +0.3661	 -0.6113	 +0.7808
 +3.7768	 +2.0657	 -0.1605	 -1.3629	 +0.2437	 +0.1988
 +2.8807	 -6.1053	 -1.8202	 -0.8485	 -4.1975	 +1.9719
 -1.0772	 -1.9984	 +5.5877	 +4.4658	 -3.2539	 +0.0833
 -3.0286	+30.5715	-11.2036	 -0.7472	 -1.7760	 +0.6929
 +3.8087	 +1.2576	 +3.6226	 -0.3827	 +4.4302	 +2.0398
+14.2396	-13.2617	+10.3156	 +1.9728	 -3.4213	 +0.3625
 -5.0125	+10.0764	-11.2294	 -0.3806	 -1.5977	 +1.5890
 -6.4310	 +0.1931	-10.0392	 -1.4345	 +4.0655	 +0.5169
 -7.1491	 +2.9338	 -1.6491	 -2.5598	 -1.7932	 -0.1124
 -4.5963	+22.4572	-20.5613	 +2.3914	 -0.1819	 +0.8885
 +1.0069	 -1.1914	 -0.5804	 -2.7306	 -1.5577	 +4.7630
 -0.9374	 +4.2756	-11.6923	 +2.3151	 +4.3228	 -0.0917
+34.8889	 -6.1585	 +0.9364	 -0.1051	 -1.2403	 -1.5796
 -1.4814	 +5.8062	 -0.3682	 +2.5200	 +0.6340	 -1.1990
 -4.2284	 +3.3100	 -4.0875	 +3.1976	 +4.5257	 +1.0704
-33.2984	-56.8976	-37.1729	 +1.1437	 +0.2942	 +1.6106
 -2.9045	 -6.7679	 -2.5592	 -1.7474	 -1.8906	 -4.0037
+16.1947	 -7.8025	 +9.3667	 -0.5183	 +2.7633	 +3.7785
 +4.5756	 +9.2230	 +6.2458	 +2.0437	 -4.4750	 +1.7195
 +5.4942	 -2.9678	+54.3606	 +0.4671	 +2.2184	 +1.7981
-28.8873	 -6.6263	 -4.4604	 -1.5612	 +0.4133	 -0.1586
+31.0905	 -4.4226	 +3.8231	 -1.4854	 +1.0004	 -1.0882
 -6.0393	 +5.3458	 +2.7256	 -0.7705	 -1.7388	 -3.6173
 +1.1210	 -4.5063	 +0.4899	 +3.1698	 +3.0279	 +4.1368
 -0.7739	-20.8197	 +8.4882	 -3.7159	 +1.5354	 -0.0382
-17.8887	 +1.8566	 +7.8064	 -3.7380	 +0.9167	 -1.9035
 -8.5242	 +6.7643	-21.8300	 -0.1945	 +3.8489	 -1.1802
 -0.4217	 -7.1967	 -3.6115	 +2.4174	 +3.5184	 -1.0058
 -5.3147	 -7.5028	 -5.4343	 +0.9700	 -2.2264	 +4.0996
 -3.9904	 -4.4687	 -2.0522	 -1.4283	 +0.2861	 +5.0529
 -8.9621	 -6.2127	-11.5083	 -1.9771	 -2.2930	 -1.0990
 +5.5981	 -0.9981	+22.0861	 +0.4876	 +1.0439	 -0.5878
-16.0994	-13.9456	+27.7535	 -2.3410	 -1.9222	 +0.2757
 -2.8922	 -8.3492	-19.3247	 +0.5347	 -0.6221	 +1.4985
 -4.1762	 +8.7942	 -1.2064	 +0.0373	 -3.1545	 +4.5364
 -3.2777	 -6.0388	 -3.4131	 -1.6412	 -0.7131	 -1.3338
-11.3921	-11.5735	 -5.0982	 +2.3748	 +0.8596	 +1.2726
-10.8867	 +6.5058	 -4.1009	 +1.6356	 -0.3311	 -1.7661
-14.4030	+15.2852	-94.9956	 +1.9230	 +0.0031	 -1.4115
+26.3673	-26.9120	-13.6712	 -0.2681	 +1.6854	 +0.6287
-12.7469	 +7.1008	-10.1879	 -2.1056	 -4.1372	 +1.3295
 -3.9984	 +4.5936	 -8.9369	 +1.3089	 +1.7941	 -0.0250
 -4.3301	-10.5473	+12.0167	 -2.8018	 -1.8970	 -1.6745
 -1.5415	 +9.7852	 -1.0137	 +3.0514	 -0.8839	 +3.6579
+22.8104	-13.7363	 -5.7171	 +2.3770	 +1.6874	 -0.0106
 -1.8266	 +1.7208	 +0.3764	 -0.8283	 +0.5460	 +2.9214
 +9.6301	+11.7340	 -9.1289	 -0.1420	 +2.1245	 -0.8709
 -0.6917	 -0.9115	 -0.7278	 +1.9240	 -0.5092	 +5.3574
-11.6800	+24.4448	+17.5164	 -0.9316	 -0.2829	 +3.4741
+15.3053	 +6.4226	 +3.1895	 +2.4582	 +2.4203	 +2.8639
 +1.1758	+11.5209	 +9.3897	 -2.9275	 -2.1686	 +0.2175
-17.5232	 -4.2387	 -0.5403	 -0.7038	 +0.8001	 -3.0325
 -1.6258	+18.5853	 +9.9117	 -0.7761	 +2.5689	 +0.6336
 -3.5884	-28.4714	 +8.5271	 +2.0429	 -0.9363	 -1.4869
 +4.3765	 -9.6947	 +1.6286	 -1.5288	 -0.2636	 -0.9497
-11.9730	 +1.5622	 -0.3161	 -0.1832	 +2.2991	 +3.4060
 -1.6014	 +0.8062	 +1.1149	 +2.6331	 +1.5463	 -0.1513
-14.3071	-26.8648	-48.3424	 -0.7268	 -0.8414	 -0.4051
 +2.2973	 +2.2064	 -4.3949	 -4.8386	 -0.6759	 +5.0348
 +5.6258	+11.9297	 -0.9245	 +0.2812	 -1.8684	 -1.1655
 +8.2639	 -7.1426	 +0.0978	 +1.3800	 +1.7072	 -4.1693
 -7.9390	+32.8866	-17.8372	 -0.4624	 -0.1705	 +2.3125
 +0.3087	 -2.8929	+18.5219	 -1.9585	 -0.4026	 +1.1803
-10.3441	+13.4783	 +0.5900	 -0.3771	 -1.8855	 -1.4333
-10.5889	-10.3763	-22.8207	 +3.2205	 +1.7664	 -0.4260
 +4.4351	 -6.0390	 -3.5358	 -3.2596	 -5.1603	 -0.3556
-12.7467	 -1.8936	-11.2963	 +1.2225	 -0.2323	 -0.2174
 -4.2193	 -0.9939	 +1.9905	 -1.2838	 -0.7695	 -3.4490
 -2.3550	 -4.2792	-11.3868	 +1.2803	 +3.6975	 -1.9496
 -0.7823	 +1.0473	 -5.3938	 -0.8462	 -2.7524	 +0.1971
 -5.0710	 +1.8704	 +5.9691	 +4.3299	 +2.9457	 +2.1440
-14.0831	-18.1013	+21.1516	 +3.1853	 -0.2801	 -0.9481
 -7.6020	-12.8429	 -0.8288	 -0.2508	 +1.9479	 -0.3371
+26.7385	+11.5794	+17.8724	 +1.0114	 +1.8047	 -0.3570
 +3.5666	 +1.2669	-11.0454	 +2.2053	 -0.2645	 -3.1619
 -3.1168	 +5.6732	 -4.1203	 +3.0556	 +4.5289	 -1.1687
+474.5334	+388.1565	-227.2297	 -0.2786	 +0.6739	 +0.3146
-138.9873	+99.7096	+200.1269	 -0.1101	 +1.1366	 +0.4403
+11.7207	 -3.7268	+10.4353	 +4.0508	 -1.2961	 +0.3472
 +5.2458	 +0.9924	+20.5454	 -1.8331	 -1.2028	 +0.2142
 +0.5639	+11.7134	 +6.0245	 -0.1953	 +2.1468	 -2.8525
 +6.4110	 +2.9314	 -0.9429	 +2.9207	 -3.1699	 -2.7664
-72.9232	-15.8706	-10.7220	 +1.3670	 +0.1870	 -0.7455
 -5.5631	 +1.2351	 -1.0615	 -2.1544	 +1.4306	 -2.1743
+45.9372	-22.5078	-43.7949	 +0.5180	 -0.7088	 +0.2563
-14.9695	 +7.6679	 -8.4681	 +0.6597	 -1.1559	 -2.0815
 -1.6628	 +2.1487	 -1.8246	 -2.2533	 +3.7124	 -1.0092
 +5.7634	 -0.0153	 -0.5399	 +3.3986	 +2.4423	 -1.9278
 -2.9071	 -9.3913	 -0.9416	 -5.0454	 -0.2249	 +0.5944
 -2.2829	 -1.1330	 +0.5742	 +2.9802	 -2.3626	 +1.9239
 -0.1644	 -2.3098	 +3.1239	 -1.9415	 +4.0331	 +0.1420
-15.8904	 +1.1510	 -5.2150	 +1.6092	 +0.0486	 -3.0291
 -9.2713	 -4.0667	 +3.1452	 -1.1071	 +0.3638	 +0.1672
 -9.2283	 +1.5340	 -7.3747	 -1.8938	 +1.7761	 +1.6460
+11.1913	-12.9607	 -1.5727	 -2.0985	 +0.1373	 -2.4840
+13.9602	+31.7748	-163.5090	 +0.0693	 -1.1600	 -1.3081
 +9.1621	 -0.9989	 +6.1269	 +2.4194	 +2.2812	 -1.0094
 +5.2255	 -2.1852	 -9.6289	 -1.9704	 +3.6622	 -0.5078
 -7.7383	 -7.4805	 +2.5249	 -3.7672	 +0.6783	 -0.2066
 -3.0404	 -0.1759	 -2.8387	 -0.4457	 -3.4739	 -1.1259
-17.8733	+24.1724	-35.3516	 -0.4997	 -1.1631	 +0.7545
 -0.6200	-10.1910	 -8.4496	 +4.9500	 +1.6655	 -0.9238
+19.0302	-16.9419	+16.1507	 -1.0049	 -2.6438	 +1.1118
 +3.8764	 -4.8151	 +4.5945	 +1.5171	 -3.2106	 -1.4784
+12.0221	 -9.3211	-11.4400	 -1.9583	 +0.1880	 +1.7520
 +1.6452	 -3.7607	+11.5425	 +1.3844	 +1.0025	 +0.7986
 +8.3386	 -9.1456	 +7.3924	 -3.4560	 -0.8806	 +2.3049
 +0.9806	 -1.0746	 -1.2263	 +0.5949	 +1.7999	 +1.6453
-30.9214	 +5.9573	-37.2722	 +2.0217	 +2.2063	 -0.0409
+58.3873	 +4.8513	+20.7000	 +0.5537	 -1.9159	 -0.2090
 +1.3380	 +5.8900	 -4.0009	 -0.5682	 -0.1136	 -3.8830
-29.0236	-70.5165	+46.3026	 -1.2815	 +0.9818	 +0.9700
 +3.2784	+10.7384	 -7.6035	 -1.3127	 +2.5867	 +0.8799
+20.0307	 +6.8972	 -5.4757	 +0.1951	 -1.1855	 -3.2334
 -1.4001	 -1.2968	 -3.1797	 +5.6335	 +3.7328	 -1.6292
 +2.3740	 -2.9486	+10.0285	 +0.8921	 +3.2138	 -1.8032
 +2.8952	 -4.8438	 -0.6638	 +5.6052	 +1.8165	 -1.7628
 -0.2336	 -1.3229	 -1.7479	 -6.1754	 +3.2136	 -0.3795
 -7.2371	+11.9954	 -7.1473	 +0.7899	 -1.1877	 -0.5616
 +7.0137	 -4.3482	 -8.9051	 +0.4883	 -3.4557	 -1.0831
-10.0572	 -1.4700	-16.5763	 -0.9424	 +1.7597	 +1.6787
 +3.6087	 +7.9114	-16.0367	 +3.0912	 -0.6326	 -2.3175
 +6.4685	 +3.4775	+29.2347	 -2.7949	 +1.1388	 +0.7123
 -5.5239	 +1.7347	 -4.6600	 +2.0341	 -2.3140	 +4.5388
 -5.4853	 +3.2667	 -1.6870	 +2.0715	 -0.4261	 -1.3943
 -0.6564	 +3.3056	 -3.1942	 -3.7057	 +3.0310	 +2.5692
-16.7402	 +0.1642	 +8.8393	 +4.0417	 -2.1915	 -1.6996
 +3.6501	 +2.4707	 -2.2125	 -4.5576	 +0.8305	 +0.4280
+14.2722	 +9.3118	 +4.7680	 -1.1020	 +1.3405	 -0.2379
 -6.5490	 -5.0277	 -2.8998	 +2.9393	 -0.3902	 +4.4310
 -0.8043	 -3.2806	 +6.3171	 -4.8941	 -0.5649	 +1.7899
 -2.7735	 -1.4834	 -0.2087	 +1.8375	 +1.9919	 -3.7392
-16.0794	 -3.9081	-14.7488	 +0.4264	 -2.7590	 +2.7262
 -4.0269	 -0.9535	 -4.5155	 -3.2470	 +0.5577	 +0.8001
 +4.7173	 -4.9418	-14.0013	 +2.4930	 -1.3626	 +0.7233
-15.7910	 +1.3688	-16.5643	 +0.2828	 -1.1678	 -2.0147
 +2.4329	 +0.6297	 -2.0338	 -0.1238	 -0.7849	 +2.0302
 -4.5416	 +1.1143	-11.9463	 -0.7572	 -0.6686	 -4.4029
+29.2105	-13.6149	+25.0062	 -0.6429	 -0.3865	 -0.5382
 -5.5984	 +0.7395	 +2.5069	 +0.5951	 +2.5101	 -2.2703
+53.0530	+27.0070	-26.2608	 -1.9389	 +0.9630	 -0.1508
-16.5537	-12.2912	 +1.0596	 -2.7224	 +1.8175	 -2.3807
 -6.1105	-23.5702	 -9.2847	 +1.6070	 +1.4547	 +1.4941
 +0.0820	 -7.9138	 -1.6840	 +0.8215	 -0.9814	 +2.2432
 -1.9622	 -6.7092	 +0.7009	 +0.4718	 -3.0256	 -2.1818
 -4.5415	 +4.7659	 -4.1689	 -4.5784	 +0.7511	 -1.3103
 +2.5055	 +5.7449	 -8.2270	 -2.0842	 +3.1436	 +1.5218
 +6.9342	 +3.9550	 +4.8329	 +0.0687	 -0.5800	 -1.2350
+14.5636	+19.9749	-22.5280	 -0.6960	 +1.1887	 -1.3503
+10.0268	 +1.4309	 +0.2864	 +1.5054	 +2.7487	 -4.5220
 +2.9654	 -3.5019	 -0.4571	 -0.1772	 -1.4382	 -2.9175
 +1.4567	 +5.2700	 -9.6879	 +0.0300	 +0.7862	 +2.2826
 +1.8056	 -0.3125	 -6.2905	 +0.2560	 +1.9280	 -0.5026
-11.2712	 -9.1698	 -1.7867	 -3.3784	 -0.8738	 -2.2269
 -3.8604	 +5.2447	-12.2618	 +1.9269	 +0.6983	 -0.5547
 -5.1557	-13.5376	 +6.6048	 -1.4161	 -3.8741	 +1.8434
 +1.9902	 -1.5509	 -8.5001	 +1.7647	 +0.0836	 +0.7505
 -1.2202	+24.7859	-31.6303	 -1.5799	 -0.6930	 -1.9370
 +2.2549	 -3.0063	 +8.0592	 -0.3470	 +2.6007	 +2.7375
 +0.8805	 +9.0231	 +0.3999	 +1.8599	 -2.0225	 +1.2644
 +5.3447	 +3.8653	 -0.0693	 -1.8305	 +1.4447	 -0.9071
 +6.7496	 +6.8495	 +5.7064	 -3.0226	 +3.1158	 +0.0957
+30.9625	-101.1507	-35.9649	 -1.3315	 +0.2054	 +0.9696
 -7.5133	+11.0295	 -0.2628	 +0.3312	 +2.2697	 +2.4898
 -7.9011	 -3.8948	-11.1701	 +2.8096	 +3.6714	 +0.8924
 -9.1514	-23.3711	-19.7676	 -1.5086	 -0.7226	 +2.7151
+25.9650	 +5.3638	 +5.1509	 -1.2075	 +1.2890	 -1.7310
 -3.5009	 +5.3671	 -0.4774	 -1.2194	 -2.1490	 +3.3515
 -7.3152	 +4.9090	 -0.2216	 -3.4650	 +2.9504	 -0.2669
-17.8515	 -5.6871	 +2.2063	 +1.7541	 -0.8615	 +1.4459
 +0.7833	 -3.3122	 +0.6985	 +2.4295	 -2.8940	 -0.4928
 -6.8359	 -2.2295	 +2.7241	 +0.4831	 +0.6037	 -1.1949
-15.9107	+20.1932	 -5.6254	 -2.7505	 -0.9865	 +3.0709
 +4.2688	+49.8874	-35.3770	 -2.0431	 +0.8588	 +1.1338
 -2.0427	 +2.0545	 -2.9166	 +5.5789	 +1.2211	 +2.5524
+12.4187	 +4.4102	 -5.8088	 +1.0877	 -2.3044	 -0.4161
 -2.2374	-11.2410	 +2.0911	 -2.4817	 -0.1106	 -1.7875
 +2.9860	 +4.7203	 -6.9598	 -2.4789	 +2.7972	 -0.9609
 +3.6437	 +0.6997	 -5.0955	 -6.4802	 -0.2657	 -2.2234
+20.1146	-11.4721	-19.1166	 -0.5733	 -0.1021	 -1.2539
+119.6219	 +5.1048	-43.2853	 +0.3112	 +0.1491	 +0.6883
+18.4075	+12.9749	 -8.4346	 +0.3516	 -1.5082	 -3.8220
 +4.8463	 -7.5973	 +1.9080	 +1.4211	 +0.8246	 -1.1338
 +4.1327	 -0.2549	 +3.7130	 -4.0903	 -2.0955	 +1.0966
 +3.7503	 -7.5761	 -1.4335	 -2.5431	 +1.6909	 -1.4324
+32.9246	-32.7631	 -6.3657	 -0.8576	 +0.1112	 -0.5649
 +3.3770	 +5.7529	 -1.1375	 +2.3285	 +3.5127	 +1.5459
-15.0212	 -8.8963	 -3.7377	 -0.9180	 +0.8736	 -2.3445
 +4.0001	 -1.0281	 -2.9221	 +0.9419	 +2.6410	 -4.0426
 +2.3567	 -5.0621	-12.7820	 +0.9368	 -0.0972	 -2.0400
 -0.8577	 -0.7714	 +1.3568	 +3.2354	 -0.6992	 -1.5368
 -0.7191	 +1.0910	 -5.0928	 +4.1545	 +2.1174	 +2.5035
 +0.8190	 -2.4076	 -0.2679	 -1.6022	 -4.0530	 -4.4529
 +7.0596	 +5.6081	 +0.7126	 -0.5472	 -2.1478	 -1.6246
-11.8924	 +5.8714	 +2.9747	 +0.1401	 -1.1384	 -1.5695
 -6.1845	 +3.3485	 -5.7173	 +0.4443	 -1.8153	 -0.3143
 +3.2219	 +9.3473	 -3.2775	 +0.5622	 -0.0758	 -1.0609
+11.4590	 +5.8326	 -9.6631	 +0.6235	 +0.5240	 +2.4506
 -3.1662	 -4.0555	 -2.0185	 +1.1196	 +4.1676	 +2.6602
 -4.9435	 -9.2679	 -5.3087	 -0.6132	 -0.9505	 +4.5681
 -5.2417	 -0.8009	 +6.4948	 +1.0576	 +3.3263	 -2.5608
 +2.8778	-11.9589	 -0.8832	 +0.3206	 -2.8139	 -2.0315
 -0.2820	 -9.6648	+18.0624	 +1.9473	 -3.1892	 +0.6002
 +6.3350	 +5.0122	 -3.9299	 +0.3677	 +2.2576	 +2.2194
 -0.0219	 -1.8986	 -0.7450	 +2.4584	 +0.9802	 -1.6936
-49.4575	 +7.3297	 -0.1199	 -2.0057	 -1.5189	 +0.4353
 +3.4023	 +2.6491	 +5.3866	 -0.8764	 -2.2387	 +1.4852
 +1.7167	 +3.1473	 +1.7164	 +1.5138	 +6.2243	 -1.8571
+12.3810	 -8.3265	 -3.6158	 +2.6610	 -1.9312	 +0.3956
 -6.9075	 -7.6078	 -1.0939	 -0.1451	 -1.7079	 +1.9829
-16.2097	 +8.0158	 +2.3562	 +0.6100	 +1.2586	 +0.8841
-31.8737	 -9.0225	+41.8061	 +0.2526	 +1.1094	 -0.5012
 -1.6125	 +0.2756	 +3.6895	 -5.5449	 -0.0774	 +3.5111
 -2.0190	 -9.1473	 +5.2878	 -2.3364	 +1.5803	 -2.4268
-39.0788	-31.4460	-23.5665	 +1.6080	 +0.3720	 +1.5071
-18.9392	+21.4111	 +5.0428	 +1.8233	 +2.1893	 +0.7431
-12.7608	 +0.7395	-10.2078	 +1.5795	 -4.4049	 +1.6315
 +9.5484	 -6.1206	 +1.9055	 +0.9195	 -1.1728	 -0.6657
 -0.0329	 -5.0647	 -4.5856	 +4.3693	 -3.4762	 +1.6217
+1871.1270	-30.6721	+790.2274	 +0.2212	 -0.2337	 +0.0662
 -5.9006	 +3.8905	 +5.2482	 +0.7932	 -0.0171	 -2.5225
 -0.3084	 -5.4994	 -3.0743	 +5.5016	 +1.9869	 -0.7360
 -1.5499	 +2.4376	 +6.4444	 -1.4409	 +0.1267	 +4.4015
+25.5217	-16.3289	-13.9376	 -1.1186	 +0.0347	 +1.5139
 -4.3549	 -3.3373	 +2.2854	 +2.6032	 +4.2468	 +1.9093
-55.2878	-47.7241	-69.2341	 -0.9041	 -1.3351	 -0.3050
 +4.5933	-10.6322	-23.2398	 -0.1477	 +3.6967	 +1.2326
+19.8936	 +4.9868	+22.1312	 -2.1923	 +2.0924	 -1.6081
+20.0829	-27.4945	+10.0025	 +1.0584	 +0.5414	 +0.3970
 -8.8040	 -1.7888	 -6.5763	 +1.3281	 +0.1823	 +0.4962
+13.7102	+25.9906	 -9.6478	 +1.4856	 -2.5025	 +0.4600
 -9.3866	+21.1369	 +3.3261	 -0.0599	 +0.1047	 -0.2456
 +5.0702	 -7.1489	 -0.2515	 +1.1488	 -1.7753	 -0.9149
 +0.1589	+10.5279	 +6.3697	 +1.0213	 +0.5137	 -0.6519
 -0.2474	 +0.3250	 -9.3271	 +1.0415	 -4.8517	 -3.8331
 -3.8522	 -3.6791	+13.7172	 +0.8015	 -1.0089	 -0.1646
 +2.6796	 -2.4925	 -7.6017	 +2.4376	 +2.3234	 -0.4050
 +6.7270	 -0.1369	 -5.7744	 +1.2091	 +1.4427	 +3.8809
 +2.7471	 -5.9019	 +6.0806	 +3.2257	 -2.8938	 -0.8575
 -1.9421	 -0.0481	 -1.1849	 +4.6951	 +2.2128	 +1.6081
+20.1350	+14.9810	-24.3543	 -2.6993	 +0.0771	 +0.9948
 -0.1890	 +5.9399	 -0.4818	 +2.2541	 +1.7718	 +3.7560
 -3.9298	 -0.2100	 -1.0168	 -2.6706	 -1.5850	 +2.5599
 -0.7412	+15.2110	+11.2129	 +0.1955	 +2.2108	 -3.9606
 +1.3682	 -2.5875	 -5.5340	 -2.9156	 +3.5313	 +1.9778
-10.0596	 -1.9042	 -0.0959	 +2.5330	 +0.5302	 +1.2205
 -8.1879	 +6.3673	 -3.0516	 +2.2356	 -1.3582	 +2.4393
-14.1347	 +0.6049	 -3.1565	 -1.2172	 -3.0850	 +1.2584
+11.2642	-11.7685	 +0.2742	 -0.1466	 -0.0280	 -0.6249
 -0.7460	 +6.9632	 +4.0786	 +0.4743	 -1.4149	 -2.4677
 -4.2053	 +0.1355	 +0.5022	 +3.6223	 +2.8050	 -1.1760
-15.8423	 +8.4726	-15.9452	 -2.8427	 +0.3670	 +1.8215
-24.0122	 -4.8949	 +5.7972	 -2.2004	 -0.9857	 -2.6068
 -8.4143	 +5.1080	+11.4168	 +0.4370	 +0.8991	 -0.8645
-134.5009	-41.9286	+71.4580	 +0.6478	 -0.9560	 +0.7028
 -2.7337	 -0.9227	 -0.0756	 -1.2392	 -0.7659	 -1.5579
 -0.5942	 -7.4551	 -1.1997	 -4.5761	 +0.5667	 -1.6869
 -7.3680	 -4.1075	 +5.7676	 +4.5924	 -2.5753	 +0.4556
 -6.1757	 +4.1684	 -1.3783	 +2.0675	 +2.0577	 -5.7292
-12.4141	+10.9515	-15.0351	 -1.8987	 +0.9740	 +0.2557
 +6.8494	 +0.9231	 +3.1586	 -1.4779	 +4.8300	 +0.7497
 -5.5170	 -4.0683	-13.8263	 +0.5536	 -2.3533	 -1.1362
-113.8656	-104.2167	+101.6125	 +0.3743	 -0.2782	 -0.0994
-19.1059	+31.7937	+25.2486	 +1.9898	 +1.5316	 -1.3472
-19.5846	-27.0775	 +6.5139	 -1.6465	 +0.2579	 +2.3944
-29.5883	 +9.8726	-22.7971	 +1.4289	 -0.3173	 -2.6879
-12.4086	-24.1072	 -7.1777	 -2.1816	 +0.0137	 -0.7001
 +1.9276	 -1.6941	 -4.1437	 +1.3495	 -1.2440	 -2.5071
 -3.8637	 -0.7201	 +1.6657	 +0.3680	 -0.8052	 +2.5598
 -6.8951	 +4.3231	 -3.6493	 +4.3501	 +1.3594	 -1.6136
 +5.2767	 -7.4028	 +6.0019	 -1.2138	 +1.0272	 -2.7530
-23.9762	 -5.8548	 +2.3345	 -0.1086	 +0.6842	 -1.3200
-16.8396	 -9.9298	 +9.1893	 +1.1442	 -3.0644	 -0.7939
+22.2179	-97.5385	+21.1225	 -0.9563	 +1.2050	 -1.1749
-10.2966	 +3.5220	 -0.3985	 -2.0668	 +2.0899	 +4.0893
 +0.0597	 -1.8906	 -6.9437	 +1.1401	 +1.1343	 +1.1882
 -1.5599	 -2.4863	 -2.8781	 +2.5120	 +1.8582	 -1.1644
 -2.2502	 +0.4195	-11.2063	 +0.6854	 -2.8676	 +2.7295
 -4.9309	 +6.4283	 -9.9903	 -2.5485	 +2.1419	 +0.5229
 -9.5674	+11.4475	+18.4122	 +0.1566	 -2.6305	 +0.0782
 +7.7653	 -2.5031	+20.6436	 -0.7340	 -0.5207	 -1.4843
 -2.1283	 +9.6568	 +6.2598	 +2.8098	 +1.0163	 -5.4340
 -3.8065	 +1.8891	 -2.6544	 -2.0581	 -2.7703	 +0.4328
+11.0461	 -5.9518	 +2.1585	 +1.7479	 -2.3952	 +1.9558
 -5.0349	 -5.3477	 +1.2223	 +0.0496	 -3.0449	 -3.8002
 +1.5826	 +0.7973	 -4.0531	 -1.7667	 +0.8012	 +2.5018
-13.9580	-19.0547	 -5.4938	 -0.5653	 +4.2849	 +1.3599
 -2.1359	 -3.5840	 -3.4491	 -0.9025	 +1.8899	 -7.0394
 -4.5444	 +1.5372	-13.3856	 +0.1808	 -0.6829	 +2.1835
 +1.9990	 -2.4445	 -4.5776	 +1.1184	 +3.7478	 -1.4573
 -3.0723	+10.5151	 +2.9260	 +1.4603	 +1.0361	 +0.0817
-156.1855	-52.7065	+202.2995	 +0.5218	 -0.6821	 +0.2356
 +1.9483	 -3.6950	 +1.2434	 -1.5467	 +0.6040	 -0.1520
 +6.7394	 -8.2227	 -6.7593	 +1.7749	 -0.8636	 +1.2684
+11.4204	 +3.4395	 -2.8757	 -1.4210	 +0.5554	 +2.4344
 +2.3579	 +7.3089	-11.1059	 +0.2527	 +4.2100	 +0.4651
 -2.1909	 +1.3515	 +5.1316	 +0.5330	 -0.2705	 -3.8230
+31.8341	+39.3673	 -1.7961	 -0.8312	 +1.7698	 -1.9322
 -4.8910	 +4.9169	 +6.0504	 +2.3211	 +0.4596	 -3.6853
 +5.0388	 -7.0988	 +7.1041	 +3.1314	 +1.4140	 -1.9692
-10.2805	 +3.6717	-20.4887	 +3.0826	 +0.6185	 +0.6744
 +1.7658	 +8.7080	-10.0128	 +0.2858	 -1.8029	 -0.6318
 -6.1848	 +1.8199	 +2.6007	 -1.2080	 -2.0651	 -2.0450
 -0.3818	 +9.0288	 +3.9078	 -3.0796	 -1.0162	 -0.5086
 +0.2940	 +1.5992	 -6.0901	 +0.5139	 +0.2165	 -0.6075
 -7.8482	 -6.5219	 -9.6664	 +1.7461	 -0.6835	 +0.1672
 -3.5862	 -6.7335	 +9.4574	 +0.0472	 +0.0893	 -0.8867
 +9.6903	 -2.4498	 +2.4512	 -2.6495	 -0.2643	 +2.7258
 -5.9436	 +2.5094	 -1.7054	 -1.4146	 +1.5536	 +0.0759
 -2.1858	 -4.3467	 -3.8240	 +2.3513	 -0.5963	 +3.0005
 +5.6391	 +1.0191	-10.5238	 -1.3571	 +1.5820	 +0.5971
 -0.1061	 +1.4821	 -6.3831	 -0.9691	 -0.4998	 +0.2134
-15.3747	-14.1363	+17.1580	 +1.4879	 +1.4982	 +3.6263
 +0.7427	 +0.7752	 +1.0364	 -0.7376	 +1.6885	 -2.9114
+12.0476	 -8.8850	 -3.9876	 -1.3967	 -1.8331	 +1.3423
 -8.2112	 -9.4844	 -5.1423	 -1.5915	 +1.2603	 +2.4048
-13.8421	 +1.8314	 +7.1417	 +3.1344	 +0.9971	 -1.9898
 +1.8608	 -7.9605	 -0.2914	 +3.3035	 +0.2624	 +2.0728
 +8.5449	 -6.4068	 -7.1817	 +2.7181	 -2.8013	 +2.5075
 -5.2725	 +7.0386	 -3.1363	 +1.4379	 +1.8454	 -1.7620
-14.5416	+27.6821	-43.7903	 +0.5774	 +0.3017	 -1.1844
 +8.5317	-11.6155	-50.7648	 -0.0952	 +1.0099	 +0.4975
 +3.5051	 -2.9642	 -4.5509	 +2.4655	 +0.8210	 +1.8469
-17.3093	 -0.3580	 -9.3591	 -1.5646	 -2.6623	 -1.6931
 -2.2712	 +2.2280	 +2.0081	 -2.6667	 +3.0015	 -0.9354
-11.8442	-12.6082	 -5.9330	 +1.4251	 +3.7039	 +0.2516
-18.5811	-71.2554	 -3.4429	 +1.2662	 +0.7996	 -0.6925
 -1.0379	 -0.7246	 +8.7493	 -1.6959	 -3.2185	 +0.5662
 +3.8079	 +3.4839	 -4.2629	 +2.3609	 -4.0151	 +2.6952
+17.9245	 -5.7561	 -5.9480	 -1.6881	 +1.5291	 -4.2163
 -5.0081	 +9.9950	-11.7387	 +3.7574	 -0.3833	 +3.6840
 -4.4925	 +3.0458	-19.0670	 +1.8865	 -1.1737	 +0.6005
-10.4415	 +0.0832	 -9.5836	 +2.4917	 +1.5709	 -0.2835
 -7.3578	 +4.5601	 -0.7470	 -4.0233	 +2.7707	 +1.0987
 +3.7872	 +1.4119	 -2.9165	 +2.8691	 +4.7502	 +1.5374
 -6.0677	 +0.6658	 -1.2196	 -3.7369	 -0.9426	 +2.7096
 -7.5392	-22.5457	-13.1444	 -0.6068	 +0.0257	 +2.5255
 -1.8567	 +3.7423	 +1.9867	 +4.0790	 +0.7800	 +1.2897
 +4.5507	+14.1074	 +6.7685	 -0.0284	 -3.1745	 -1.4103
-58.4538	 -4.0459	-10.8734	 +0.3008	 +1.2632	 -1.0605
 -2.9494	 +1.7723	 +1.8469	 +2.3037	 +1.2413	 +1.7245
 +0.6632	 +1.0146	 -8.7689	 +3.0582	 +2.8604	 -0.7690
 +6.5510	 -5.1605	 -3.6103	 +0.7337	 +3.9605	 +0.1148
 +2.4502	 -1.8557	 -6.7356	 +0.7618	 -3.1477	 -0.0939
 -1.7473	 -3.9499	-15.3869	 +3.3390	 +2.3963	 -2.6422
 +1.0222	-10.7106	-24.0582	 +0.5481	 +2.0888	 +2.1871
 -8.8805	 +7.1454	 +3.8112	 +0.1117	 -0.3286	 +5.1455
 -4.5580	 +1.7448	-13.6215	 +4.9144	 -0.4565	 -1.7789
+11.3476	 -0.6837	 -3.8007	 +2.1414	 -2.4720	 -0.8990
 +2.5771	-29.6267	-20.7188	 -0.6965	 +0.6240	 -0.9874
-11.2814	+20.1852	 +0.5242	 -1.1648	 +0.3868	 +2.3107
 -3.8587	 +1.1257	 -0.9582	 +1.7288	 +2.4919	 +2.6141
 +0.5605	 -0.1347	 +5.4796	 -1.8379	 -4.6703	 -0.8264
 -7.2439	-10.0626	 +7.9242	 +0.2202	 -2.4155	 +1.8335
 -2.0647	 +4.7762	 -6.7703	 +1.0210	 -4.6985	 -2.5378
 +2.6076	 -0.6009	 +4.5276	 -3.1462	 +2.2649	 -2.9214
 +0.3340	 +0.5682	-11.1681	 -5.3658	 -1.2071	 +0.5856
 +0.1095	 +9.0493	 +5.1672	 +1.1961	 +2.5671	 +1.6681
+34.7200	 +6.6007	 +4.4456	 +0.8718	 -0.0894	 +0.7856
-23.2448	+12.7732	 +1.4235	 +0.9952	 +0.0945	 +1.7990
 -3.9626	 -4.6410	 -7.3489	 +0.8237	 -0.2533	 +2.2531
 +4.7732	-21.9072	-20.2386	 -0.9696	 -2.3794	 -1.8474
 +5.5534	-11.0357	 -5.1002	 -1.4320	 +3.6608	 -2.2130
+10.7401	 +8.5091	 -5.0293	 +0.3923	 -1.7475	 -2.0631
-32.9243	 +7.8099	 -0.6838	 +2.6093	 -0.1403	 +3.3283
 +4.7912	 +5.4623	 -0.8801	 -0.8566	 +2.3709	 -1.2455
 +8.3980	 +5.4839	 +5.6155	 -0.2883	 -3.2916	 -0.0649
 -1.4914	 +6.7817	 +1.0905	 +4.5012	 -0.2159	 +2.7736
-12.7847	-11.6393	 +8.9388	 -0.2314	 -1.6282	 +1.4734
 -9.6051	 -3.5345	 +0.7706	 +1.0380	 -4.2734	 -1.3439
 +2.5122	-13.7864	 -8.6871	 +2.7299	 -1.5719	 -1.3902
 +2.4874	+15.9680	 -1.5675	 +3.6328	 +0.9168	 +1.7573
+18.1755	+11.9830	-15.6281	 +2.4871	 -1.6572	 +0.1457
-19.2056	 -4.2561	+16.7021	 -0.4196	 +2.8598	 +2.2333
+30.8572	 -8.7209	+67.7914	 -0.0755	 -1.8362	 +0.6121
+10.5898	 +6.5829	 +4.7736	 +1.3194	 -0.9176	 -0.6104
 +0.6251	-13.1269	 -5.0025	 +2.6584	 +1.7423	 -1.8633
 +2.1270	 -0.8425	 +1.5288	 -1.0066	 -0.9497	 -2.3376
-17.8095	 +9.9764	-15.5028	 +1.7085	 -1.4524	 +0.8458
 -3.7996	 -2.5789	 -3.7758	 +4.0753	 +2.8945	 +2.8847
+25.3183	 +2.8602	 -4.8085	 +2.0264	 -0.4935	 -2.0545
-11.7493	-16.5168	 -3.3052	 -1.4469	 +2.2938	 +1.6987
-14.6759	+14.8039	-14.3681	 -1.9292	 +2.2664	 -2.2905
 -7.5997	-22.4091	 +9.9576	 -2.5858	 -1.0184	 +1.6697
 -3.5828	 +4.5174	 +0.1463	 -1.6664	 -0.0465	 +2.6041
+12.8111	 +5.5889	 -9.9749	 +3.1184	 -1.7403	 +0.0480
 +0.1629	-19.7566	+14.4882	 +1.5188	 +0.6298	 +0.1930
 +1.3698	 -7.8709	 -4.0059	 +1.3697	 -0.0980	 +2.9867
 -2.0148	 -5.4947	 -0.5821	 -4.6887	 +1.3501	 -3.6425
 -9.4899	 -3.3231	 +0.0846	 +1.3989	 +0.7426	 -1.9962
 -1.9990	 -3.1507	 -0.2344	 -3.3249	 -4.2736	 -2.6408
 +3.0837	 -8.0812	-14.8059	 -1.7555	 -1.3113	 +1.0697
+10.2031	 +1.7650	+28.3522	 -0.3344	 -1.8553	 +1.0098
 -5.0306	 -8.7305	 -2.2580	 -2.5364	 -0.1783	 +0.2919
 -1.2836	+12.6545	 +2.8349	 +0.7180	 +0.4050	 +4.1427
 +5.7160	 +1.9990	 -6.5619	 +0.4438	 -0.9646	 -2.5343
-10.2140	 +2.1735	+13.2153	 +2.3775	 -0.0259	 -2.5231
 -5.9858	 -3.9705	 +6.2863	 -3.0479	 +0.4695	 +2.3953
 +3.5760	 -1.1059	 -1.5994	 -0.6256	 -0.6308	 -2.9177
+33.6626	 +7.9142	-19.3374	 -0.6403	 -1.1665	 -0.0499
 -6.7957	+11.8426	-27.3085	 -3.1123	 -0.3932	 -1.3032
 -1.2426	 +1.4742	 +0.5070	 -5.1600	 -0.0675	 -1.5566
 +2.1218	 -4.5279	 -9.9059	 +3.6094	 +0.0122	 +1.2019
 -1.0926	 +2.0836	 -1.3108	 -0.9985	 +6.1316	 +1.8901
 -6.5441	 +5.8402	 -3.7925	 +0.2956	 +1.7680	 -3.5188
 +1.2317	 +7.8179	 -0.1351	 -0.6820	 -4.3715	 +2.8512
+12.8784	+10.4636	 -2.5901	 -3.2448	 -2.2708	 -1.3449
+24.0907	 +0.1577	 +6.4796	 -2.2057	 +0.9215	 +0.5492
 -1.2054	 +0.6451	-11.7144	 -1.0269	 -1.2149	 -0.6557
-14.0121	 +0.4662	 -3.3814	 -2.1602	 -0.4640	 -2.4766
 +1.0182	 +1.0476	 -4.0423	 +1.5832	 +0.2012	 +1.3099
 -1.1341	+10.6525	 -1.2136	 +1.9404	 -3.5986	 +1.9909
+17.7144	-62.9610	-33.2101	 -0.4316	 +0.9156	 +0.6941
 +1.6085	 +8.3303	 +9.3175	 -0.6061	 -3.4684	 +2.1137
 +2.4613	 -2.5402	 -5.8281	 +1.6746	 +1.1719	 -0.9577
 -6.4440	 +2.9615	-11.6001	 +2.0052	 -0.7325	 -0.1368
+10.6543	+18.6678	+29.1340	 -1.0097	 +0.0194	 -1.0322
 +2.1155	 -4.0405	 -0.9662	 +2.5534	 -5.4334	 -0.7652
 -1.2448	 -0.6355	 +3.3892	 -2.5271	 +3.6650	 -3.3505
+15.9352	-18.6408	+21.3045	 -0.7402	 +1.2815	 -2.1072
 +0.0620	 -7.7206	 +1.7397	 -2.8041	 -0.6179	 +1.1438
-72.0168	-57.3480	+28.1742	 +0.5523	 +1.2502	 +0.5216
-12.3464	 -4.4871	-12.2598	 +2.6298	 -0.2930	 +0.8006
+60.0138	+42.4770	+41.6974	 -1.2362	 -1.2659	 -0.3482
 -6.1763	 +9.0384	 -6.0702	 -1.2743	 -2.9526	 +3.3437
 +9.4775	 -7.1532	 +0.6977	 -1.1815	 -1.7601	 +0.4330
-109.6438	+51.8814	-21.5820	 -0.5263	 +0.7734	 +0.2674
 +1.8946	 -4.2340	-14.4054	 -3.5290	 +0.1532	 +2.1879
 +7.3423	+11.0620	 +3.9370	 +1.4237	 -0.3034	 -0.8015
 +5.9710	 +1.3445	 -5.1957	 +0.8935	 +0.5984	 -3.6992
 -1.4669	 +3.4382	 -6.3254	 +1.5955	 +2.7528	 -1.5221
 -1.0693	 -2.8694	 +0.1195	 -2.1489	 +1.9195	 -2.3829
 -7.5169	+10.0829	 -4.6029	 +1.9041	 +3.6754	 -1.7833
 +1.1543	 +2.3846	 +0.2804	 +4.1833	 +2.8969	 +0.2073
 -5.3079	 +0.5538	 -0.5933	 +4.1314	 -4.3501	 +1.0032
 -6.4330	+12.4327	-12.3673	 -0.4744	 +4.6253	 -0.0321
 +5.9632	+10.7708	-10.7947	 -0.3448	 -0.9508	 +1.5612
 -0.1197	 +1.3487	 -0.1995	 -1.7145	 +2.5730	 -1.3650
 +3.9205	 -2.2007	 -4.4231	 +0.3311	 +2.8763	 -2.4014
 +4.7274	 +1.8720	 -1.1875	 +1.8463	 -2.0106	 +3.8059
-33.9407	+11.2710	+12.7362	 -1.2795	 +1.0307	 +0.5081
 -5.9960	 -1.7306	 +5.8920	 +3.2371	 +4.8542	 +2.3496
 -2.4993	-14.2379	 +9.3681	 -1.3013	 -4.4136	 +2.0133
-14.4271	 -4.4677	 +4.9495	 +1.5571	 -0.8147	 +3.8218
 -2.0813	 +1.8654	 -7.0035	 -1.5530	 +1.4530	 -1.8698
 +9.4961	+15.9354	-22.7049	 -1.2292	 +0.9967	 -2.5045
 +1.7595	 +7.4510	 -8.0615	 +3.6003	 -1.8711	 -0.2075
 -9.2944	 +2.3096	-15.0251	 +1.1759	 +0.7658	 -0.9302
 +3.0885	+10.6210	 -0.6553	 +0.2376	 -3.0536	 +1.5590
 +4.3061	 -3.5257	 +2.9685	 +0.0592	 -4.0232	 -2.5366
 -8.2712	 +3.7688	 +6.9952	 -0.1351	 -0.2927	 +0.3144
-15.0727	 -2.2338	+15.3496	 -0.4439	 +1.3534	 -1.1982
-44.8719	+10.8947	 +4.6557	 -2.3192	 +1.4911	 +0.8217
 -0.5465	 +3.5573	 -1.3161	 -1.4043	 +0.0119	 +1.2782
-27.0233	+12.0181	 +9.0906	 -0.9618	 +4.5637	 +0.1735
 -8.9158	-10.7122	 +6.6450	 +1.0164	 +1.1342	 -1.0252
 -6.3106	 -2.4833	 -3.9765	 -3.6035	 -3.3363	 -1.6564
 -4.4708	 -1.0359	 +3.4444	 +1.0566	 -0.7044	 +0.5602
-14.6104	-51.2790	+32.6054	 +1.9033	 +0.0649	 +0.8438
 -3.8116	 +8.6192	 -0.0015	 -1.7185	 -1.8263	 -1.8166
 +1.1648	 +0.4958	 -6.4327	 +4.9376	 -0.8543	 +1.9815
 +0.8861	+16.3822	+15.5590	 -1.8730	 +0.0580	 +1.8205
 +5.3274	+15.5835	+16.9647	 +0.3360	 +1.7222	 +0.5701
 -0.8854	 +6.9233	 -6.4131	 -0.6755	 +1.0474	 -2.9939
 -4.2374	 +7.3371	 -1.6864	 +1.7169	 +0.5674	 -0.9743
 -3.0172	 -2.5883	 -4.0135	 -1.5652	 -0.4112	 +4.5022
 -2.8669	 +3.4787	 -2.9394	 +0.1342	 +0.1431	 -1.1751
+11.0968	-13.3668	 +2.2299	 +0.7768	 -2.5617	 -0.9082
 -1.8758	 +1.6530	 -3.3592	 +0.4002	 +3.0008	 -3.4907
 -1.7171	+21.9297	 +1.3528	 +1.8115	 -0.5347	 +2.6637
 -6.6818	 -6.3710	 +1.9463	 -0.1394	 -2.7556	 +1.1095
 -5.0646	 +2.4129	 -0.0153	 +1.4177	 -1.1176	 +0.8825
+19.5101	+13.1013	 -2.7820	 +0.3150	 -2.2846	 +0.3392
-10.4907	 -1.9351	-11.8182	 +2.7375	 +0.3166	 -0.3403
 -2.6996	 -2.2293	+10.6037	 -1.2018	 -1.2458	 -3.5734
 +2.7476	 +1.8096	 +0.7599	 -0.1404	 -0.0040	 +2.0865
 +8.5936	+10.8169	 +4.8399	 -2.4860	 +2.9927	 -0.2904
 +5.2648	 +1.3301	 +1.9613	 +4.6715	 -3.8812	 +0.1704
 -3.4094	 +9.2351	 -5.7418	 +2.6877	 -2.6482	 -0.5453
 +4.5155	+15.8811	-16.6836	 -0.3856	 +1.1967	 +1.5217
+11.5809	 -2.1088	 -5.2936	 +0.3297	 -3.5474	 +0.6301
-10.2709	 +2.4038	 -2.2417	 +1.7903	 +2.1498	 -0.2753
 -0.2751	 +4.3585	 -7.4293	 -0.7438	 -3.5637	 +1.5296
-13.9129	 +3.5869	+10.5927	 -2.1429	 -0.3483	 +1.6049
 +7.5206	 -8.9097	+37.1459	 -1.0688	 +0.8337	 +1.9124
 -3.1380	 -8.7840	 -3.8071	 -0.2086	 -1.0979	 -2.9483
-16.0139	 +8.1309	 +0.7659	 +0.6482	 +3.4712	 -0.0203
 +3.9670	 +0.9969	 -1.6744	 +0.3575	 +0.3455	 +0.3155
+17.3261	 -9.0640	 +8.2236	 -0.5033	 +0.8339	 -0.9064
 +0.3661	 -6.9322	 -1.0008	 +2.9093	 -0.8713	 -0.7432
 +0.4204	 +0.1884	-11.8757	 +0.5628	 +6.1945	 -0.8320
 -4.9694	 -4.1467	-10.7985	 -2.9056	 -1.8137	 +2.2443
-22.5320	 +4.8541	-40.9913	 +1.1025	 -1.1122	 -1.0493
+14.3816	+16.3414	+30.0551	 -1.1350	 -0.9373	 +0.6655
 +4.5528	 -1.7924	 -0.8140	 -1.3826	 +1.1610	 +0.7547
 +0.8779	 +6.3381	 +0.5507	 -2.5942	 -2.3826	 -2.5972
 -6.3858	 +8.5761	+22.3077	 -1.1440	 +0.6457	 -2.9735
 -7.3731	 -4.9332	-10.3063	 +2.6783	 -1.4915	 +0.6791
 -2.9626	 +1.7059	 +1.1530	 -4.9302	 -1.6006	 +0.0207
 -9.5708	+15.6387	+12.9493	 -1.5305	 +0.8797	 -0.2840
 +3.9942	 -7.7390	-12.1365	 +0.1377	 +1.6441	 -1.2814
 -3.5914	 -6.5601	 +6.0239	 +2.1108	 -4.2382	 -0.3143
 -3.3131	 -4.5158	 -4.6646	 -2.8531	 -1.3382	 +0.8180
 -2.2252	 +3.4101	-11.5470	 +3.5805	 -1.5946	 +0.8643
-17.3968	 +1.2993	-16.1563	 +2.9418	 +2.3124	 +1.3328
-11.9303	 -6.3847	 +0.0250	 +1.6680	 +0.8420	 +3.1860
 +4.6610	 -1.6498	 -4.9316	 -0.3963	 -0.5098	 -1.7148
 -4.9774	 -1.9942	 -4.0832	 +1.0390	 +2.5682	 -3.6668
 -2.2006	 +2.1895	 +1.6716	 +1.1949	 -4.5944	 -2.4351
 -0.7814	 +3.5711	 -1.3082	 +1.4439	 +0.4247	 -3.4318
+22.9662	-14.9775	 +4.8186	 +1.2056	 -0.0745	 +1.1097
-15.4080	+18.8583	 -8.0747	 -0.9055	 -0.3944	 -0.8799
-11.8125	 +3.3458	 +0.4851	 -1.2117	 -1.5816	 -2.4877
 -0.0483	 +3.3889	 -9.6741	 -1.3037	 -3.2707	 -2.7340
-14.2242	-10.3487	+10.1893	 -1.0333	 +1.5913	 -0.3877
 +9.2794	+10.2237	-19.4745	 +2.5719	 -0.9676	 +2.2039
 -0.3755	 -3.7698	 -1.3775	 +6.8253	 +2.8464	 -1.0704
+20.3712	-12.1691	-24.1202	 +0.0663	 -0.0986	 +2.0665
 -1.3348	 -4.9241	 -3.5795	 -4.9436	 -5.0125	 +1.0815
 -6.8131	 -0.7501	 -1.9357	 +0.1305	 -2.2073	 +3.5950
 -0.6294	 -1.5786	 -2.7362	 +0.6651	 -1.6458	 -2.8258
+23.3113	 +7.0274	 -0.1223	 -0.1297	 +1.7791	 -0.1971
 +4.0280	-12.0591	 -8.6663	 -3.8027	 +0.6327	 -3.7976
 -5.5351	 -5.5418	 -2.2586	 -3.3531	 +1.6475	 -5.6159
+21.7220	 -6.3505	 -6.3319	 +0.8644	 +0.9186	 +0.2398
-19.8768	 -4.4226	 -4.9289	 -0.5118	 -1.9341	 -0.2424
 -4.6716	 +7.4631	 +4.5922	 +2.9728	 +0.6961	 -1.7624
 -7.7756	 -2.1705	-10.7767	 +2.3309	 +2.1182	 -0.4289
-14.6455	 -3.2811	 -0.5645	 +1.4859	 -0.0863	 +0.9109
-18.2584	 -2.4128	-10.8199	 -0.7772	 +1.6686	 -2.6746
-26.9246	 -6.3774	 -4.9514	 -3.0685	 +2.6579	 +0.8679
 -1.0418	 +0.6492	 +2.7806	 -3.7629	 +2.7023	 -4.5326
 -1.4625	 -2.9223	 -1.0591	 -0.9464	 -3.6564	 +2.5319
 -3.9215	+18.6505	 -1.5863	 -0.9198	 +1.5310	 -2.6064
 +3.8410	 +9.8684	 +3.3013	 +1.1034	 -3.9926	 +0.2533
-12.5802	+14.2160	-48.9066	 +0.1236	 +0.0171	 -0.1555
+11.4907	 +8.4690	 -2.1076	 +1.3509	 +2.7405	 -0.3490
+14.6310	 +6.2539	-14.2537	 +1.9025	 -1.5780	 -2.0457
-12.1013	 -3.0087	 +1.3258	 +2.7977	 +0.3102	 +3.0037
 -6.5004	+17.9412	-18.3950	 +0.9699	 +2.4546	 +2.8198
 -1.1312	-11.0157	 -5.1798	 -1.1773	 +3.5231	 -1.3679
 -4.7231	 -4.9383	 +0.0688	 +0.4318	 -2.6687	 -1.9156
 -4.1975	 -1.9009	 -6.6289	 -5.8548	 +0.0759	 +1.3033
 -0.4553	 +0.5572	 +2.7496	 -4.5359	 -0.2204	 +0.2550
 -9.4904	-13.6997	 -1.2496	 +0.3231	 -1.2746	 -0.1933
 +0.8712	+24.8644	 -2.9533	 +2.8146	 -0.4158	 -2.7202
 -0.4527	 +2.0924	 -3.7202	 -0.5395	 -0.9305	 +1.2923
+10.6960	+11.9745	 +6.0040	 +0.3162	 +1.8236	 -1.7686
 -3.9801	 -7.9517	 -1.2483	 +1.6859	 +2.9221	 +4.7979
 +1.5711	 -9.6107	+18.0160	 -1.6348	 +0.9984	 -0.0557
 -2.0343	 -0.3780	-10.2241	 +2.0066	 +0.9453	 -0.8896
 +4.6669	 +2.7502	 -8.1323	 +0.7968	 +0.7717	 +1.2410
 +3.2491	 +4.3145	 -0.1511	 -3.8962	 +0.3629	 +0.4446
 -4.1273	-16.7193	 +6.8032	 -2.4025	 +2.0089	 +0.2488
 -4.3697	 +5.2695	 -4.5667	 -1.1063	 -0.6940	 +0.4490
 +0.5810	 -0.7721	 -4.5608	 -1.7023	 -1.2366	 -0.2340
 -5.8813	 +2.0408	 -4.6472	 +0.1703	 +0.7861	 -2.9616
 -1.1209	 +6.3501	 +0.9567	 -0.4107	 -1.7990	 +0.0800
 -5.2818	 +0.3684	 +0.3436	 -2.0623	 -2.9708	 +1.6626
+10.5980	 -2.4036	 +3.9010	 +0.5197	 +0.2465	 -1.7368
-12.5350	+19.6003	 -7.0082	 +0.9736	 -2.5298	 +0.9813
 -5.2625	 -8.1938	-15.2138	 -0.3085	 +3.0170	 +1.4499
 +5.8217	 -2.3407	 -4.1157	 -1.4829	 -4.0824	 -0.4220
 -4.8242	 -1.5825	 -1.1607	 -1.7223	 -0.3571	 -0.9811
 -2.8000	 +3.8085	 -9.3879	 +0.2079	 -3.2193	 +1.2105
-19.6025	 +2.1986	+13.4354	 -0.9951	 +0.1267	 -4.1682
 -3.5562	 +6.9051	 +7.3475	 -2.6964	 +0.5134	 +5.4227
 +0.0320	 -2.9670	 +0.6060	 +0.5917	 +0.0880	 -1.6984
 +2.0090	 +2.6721	 -2.6642	 +0.1279	 +0.5443	 -0.5500
 +2.9740	 +9.6016	 -1.7870	 +3.3249	 +1.3455	 +1.0323
 -1.4693	 -4.9745	 -0.6735	 -2.0027	 -0.4199	 -5.6688
+19.5428	 -7.1719	 +3.7246	 -2.9426	 -1.4987	 -3.0873
 +0.4622	 +2.6990	 +2.1247	 +0.9743	 +2.7679	 -0.2721
 -2.2757	-35.2468	+58.3304	 -0.3744	 -1.1489	 +0.4671
 +0.0003	 -7.0210	 +0.0063	 -0.9413	 -2.6401	 -1.0268
+37.1170	+34.8448	-30.1473	 -1.7863	 -1.2357	 +0.6066
 +1.5716	 +2.3629	 -1.6921	 -0.9907	 -3.8500	 +3.3746
 -1.8388	 -1.0001	 -0.3303	 -0.7823	 -3.4822	 -3.3076
+51.8398	 +1.5373	-44.0804	 -0.3304	 -0.1713	 +1.5258
-12.5060	-33.3183	+27.7363	 +2.5916	 -1.9856	 +1.4430
+104.1895	+58.3993	+14.6752	 +0.0375	 -0.7997	 -1.6095
 +1.7977	+30.4428	 +4.8264	 +2.7966	 -1.1513	 +0.5875
+23.9921	+66.6658	-34.0068	 +1.1566	 -0.3972	 +0.0272
 -8.7056	 -9.4328	 +3.1664	 +0.6229	 +1.0817	 +1.8526
-12.3172	+17.0982	 -2.6833	 -2.7162	 -1.5504	 +1.2007
-10.8021	 +1.3182	 -4.8864	 -4.6670	 -0.7485	 +5.3172
+11.7975	+29.8363	-48.6427	 +0.7104	 +2.6483	 +0.2552
 +7.7053	-11.9382	+42.0984	 +1.4723	 +0.9659	 -1.0936
+21.9454	 +7.3984	 +2.9092	 -2.5901	 +1.4256	 +0.8127
 -2.3154	 -5.0545	 -8.1370	 +2.5616	 -3.3176	 -0.4977
 +0.1987	 -6.2825	 -4.5656	 -5.5622	 +2.7227	 +1.7894
 +8.6675	 -5.0709	 -2.4640	 +1.6577	 -0.5457	 -3.3341
 -2.1984	 -4.0063	 -2.0201	 -3.4747	 -0.8682	 +5.3965
-11.8727	 -8.7524	 -6.0638	 +0.0211	 +1.9282	 +1.0023
 -2.1335	 -1.8046	 -2.6880	 +4.4625	 +3.2654	 +0.9387
 +0.2343	+23.0212	 +7.7842	 -1.2473	 -2.2077	 +0.6977
 +3.7211	 +6.7082	-15.5431	 -0.0898	 +3.2588	 +0.4125
 +7.7492	+15.3484	-25.9176	 -1.6430	 +0.0803	 +0.0847
 -5.1772	+10.3461	 -1.9375	 -1.5433	 +3.8701	 -0.5328
+17.6668	-20.9976	-11.7701	 -1.2343	 +0.9488	 -0.9072
 -4.8921	 +2.6219	 +2.9697	 -0.5284	 +1.0171	 -0.8057
 -1.8909	 +4.7755	 -2.8191	 +0.9139	 +0.7587	 -3.0708
+12.1601	-18.4253	 +0.0296	 -1.0091	 +1.0401	 -0.4576
 +2.2045	 +2.2175	-13.3964	 +0.1671	 -2.5707	 +3.2620
 -4.5993	 -6.1792	 +2.7359	 -2.8217	 +0.4520	 +5.6605
 -0.1480	 +5.4037	 -0.3187	 +1.0583	 -1.4127	 -5.5875
 +1.9826	 -1.8446	 +4.2526	 -0.1076	 +0.6345	 -4.3239
-23.3897	+24.6261	 +8.6509	 +0.0038	 +1.7459	 +0.8219
 -6.1750	-12.2222	 +1.5556	 -2.8916	 -1.4448	 -1.5416
-14.6704	 +4.2287	 -0.2386	 -2.9885	 -2.8940	 -0.9232
+14.2805	+10.4280	 +6.7349	 +3.7422	 -0.5731	 +1.1263
-13.1797	 +4.3561	 -3.8764	 -2.4952	 -0.6956	 +1.8093
 +3.9621	 -0.1230	+10.6774	 +1.1225	 -1.4760	 -2.2843
-14.4875	+66.2361	+21.8274	 +0.7371	 +0.2476	 +1.2425
+20.6616	 -5.9738	 +5.3380	 +1.4141	 +1.0648	 -0.9763
 +4.8770	-10.5472	 +6.9115	 +1.4878	 -2.6745	 +0.5573
-13.3034	-33.4392	+26.4859	 -0.8581	 +0.6046	 +1.1439
-40.1464	+34.7474	+25.2884	 +1.2653	 -0.2346	 -0.6509
 +0.7848	 +0.6517	 +1.0368	 +0.4503	 -4.7088	 -0.1850
 -2.8963	-17.9096	 -5.1536	 +3.2895	 -0.2701	 +1.7083
 +7.2836	 +9.9648	 +3.3749	 -4.1046	 +1.8010	 +2.1592
 -4.8848	 -2.9826	 -1.8482	 +2.7657	 -6.0438	 +3.3901
 +6.3507	 -2.3169	 +3.8407	 +4.5346	 -0.3362	 +0.3638
 +9.6019	+12.3736	 +7.4828	 +3.0419	 -0.6870	 +1.2339
 +4.0964	-33.5701	+110.8378	 -0.2995	 -1.4551	 +0.5443
-23.6198	 +9.6363	 -3.1752	 +0.5147	 -3.0592	 +0.3316
 +6.4472	-13.1140	-18.9284	 +2.3800	 +0.9939	 -1.1184
 -5.0846	 -1.8703	 +3.2594	 -1.9870	 -2.9213	 -0.5650
+10.0840	 +0.2404	-11.0389	 -3.8898	 -2.3391	 +1.8477
 -5.9535	 -6.4837	-18.3233	 -0.4499	 +0.2551	 +2.6858
 +1.7211	 -7.5814	 +1.9821	 +3.2315	 -0.3404	 -4.1559
+24.7246	-24.7373	+39.0316	 -1.3626	 +1.1534	 -0.3980
 -9.1071	-15.7832	 -9.8088	 +2.7165	 +0.7026	 -3.3128
 -1.0886	 -9.5818	 +0.5275	 +0.8335	 -3.2085	 -1.7748
 +5.9390	 +5.1215	 -4.0359	 +0.7005	 +4.0797	 -2.5464
-16.5926	 +7.2985	+14.2934	 -1.5816	 +1.7276	 -1.4978
 +9.9334	 -4.3147	 -0.9220	 +0.8023	 +4.5977	 +2.1193
+14.3710	 +3.0393	 +4.8154	 +0.5589	 -3.5164	 -2.6197
+11.6359	 +1.0524	 +3.0620	 -4.1250	 -0.4628	 -1.7071
 -0.3208	 +0.2310	+22.8483	 -0.3411	 +2.9822	 +0.2890
 +3.4361	-11.3264	-12.1222	 -0.4572	 -4.7933	 +2.0172
 +0.1345	 -0.0130	 +4.9882	 +3.2862	 -3.0247	 -0.5475
 -5.1695	 -0.8566	 +5.0955	 -1.8227	 -1.3035	 +0.7258
-15.0665	 -3.5589	-10.5621	 +0.0128	 +1.0124	 -0.1097
-12.0374	 +3.7902	 +0.6362	 +2.4181	 +0.2908	 +0.6828
 +1.7844	 +8.2361	 -7.0400	 -0.2782	 -0.0678	 +2.7869
-16.4626	 +2.1523	+10.0808	 +4.8561	 +0.2425	 +1.6017
 -2.2136	-10.2525	 +3.1443	 +1.3590	 +1.1021	 +2.5334
 -5.8663	 -2.1551	 -3.4753	 +2.1578	 -0.1443	 +0.7648
-11.3150	 -9.9996	 +0.7452	 +1.1845	 +3.0669	 +0.5701
 -0.5903	 +6.8116	 +4.3453	 +2.9316	 -3.0769	 -1.7568
+27.0212	+23.2611	 -5.3775	 -0.9236	 +0.8184	 -0.2356
 -5.0059	 -9.3499	 +0.1117	 +2.1413	 +0.4416	 +0.4854
+24.9019	 +3.7216	 +5.9045	 -1.0678	 +2.2735	 -0.8736
 -5.1913	 -3.8439	 -7.7197	 -3.0046	 +0.9152	 -2.3130
 -5.1646	 +4.0030	 -9.1819	 +0.5702	 +1.2046	 -0.5573
 -1.5879	 +1.7770	-11.7401	 +4.2117	 -4.1790	 +1.2826
 +1.7405	 -5.5973	 +0.5937	 -0.4288	 -3.0760	 -2.6846
 -6.6494	-24.8705	 +4.7747	 +0.0614	 -3.1299	 -1.6694
-11.1331	 +9.7656	 +4.1305	 +1.9164	 +0.0214	 -3.3296
 -2.4502	 -0.8715	 -2.0747	 +0.8331	 +5.3026	 +2.6595
-17.4951	-10.0446	+16.9659	 -3.0327	 -0.4863	 +0.7709
-10.2994	 +0.7509	 +2.0608	 -5.0539	 +1.0509	 -0.6825
-17.7222	 -7.8134	 -5.9957	 -1.4664	 -2.4702	 +1.3454
 +0.7206	+23.2398	-11.2667	 +1.6733	 -2.4850	 +2.2809
-13.5596	+13.1588	 -3.0411	 +0.4402	 +2.4671	 +1.4875
 +2.5281	 -6.3469	 +5.4025	 -4.3647	 +2.0453	 -0.5535
+13.0418	-23.2717	 +2.7220	 -1.1888	 +1.5402	 +1.5697
+10.5887	 +4.0387	 +0.4874	 -1.9405	 +2.7081	 -1.2849
 +6.8226	+38.2546	-13.6215	 -0.1235	 +1.5342	 +2.2639
 +3.4115	 -2.9110	 +6.3200	 -0.4924	 +1.0110	 +1.8699
 -3.0126	 +8.3564	 -0.9911	 -3.4644	 -0.8415	 +0.2916
 -4.0382	 -2.6184	 -4.6857	 -0.2316	 -3.9608	 +0.3692
+87.0116	-29.6549	+51.3869	 +0.1252	 -0.9225	 -1.3777
 -0.9535	+10.6500	-14.5067	 -2.5034	 -2.3305	 -1.1415
 -0.1455	 -2.8983	 -9.3056	 +2.3485	 -3.2333	 -0.6219
 -0.8563	 +0.4550	 +7.2872	 +2.0546	 +0.9325	 -1.0843
 +2.1371	 +6.3094	-14.6377	 -1.0463	 +2.0376	 -0.2917
 -5.1038	 +1.2265	 +0.9600	 +4.0686	 +3.3292	 -4.2601
 +1.7552	 +0.8184	 +4.2146	 +0.9037	 +2.0744	 +1.6297
 +3.7929	 -7.4392	-10.7584	 -1.9105	 -2.6010	 -0.3339
 -6.0585	 +0.3518	+20.5492	 +2.3469	 -1.1002	 +1.9341
 +1.3736	 -4.8615	 +9.0722	 -3.6352	 +3.2255	 +1.4171
 +4.4989	+15.1113	+26.1770	 +0.5668	 +0.7837	 +3.6014
+10.7357	 +5.7436	+15.5408	 +0.5620	 +0.7223	 +1.9043
 +5.7715	 +1.5050	 -2.2989	 -3.1190	 +1.2727	 +0.1880
 -3.2492	 -8.0577	+21.1616	 +1.4064	 +1.2551	 -1.1937
 -9.6564	 -1.6233	+15.0768	 -1.4669	 -2.1494	 -2.5310
-19.5918	 +1.7803	 -4.8523	 +1.9001	 +0.9575	 +3.8778
 +2.5994	 +1.7402	 +2.1329	 -3.9998	 -3.0922	 -2.1794
-43.6237	+22.3419	 -0.9152	 -2.8761	 +1.3522	 -1.0394
 -2.8914	 -6.0891	 -2.9021	 +0.4359	 -6.4489	 +0.4544
-11.8962	 +3.0308	 +0.3258	 +3.1227	 +2.8647	 +2.2038
+17.8716	 +6.1321	 +7.0937	 -1.6459	 -1.0829	 -1.9234
 -3.4584	 +5.6553	+12.4941	 +2.1172	 -0.5190	 +1.0262
 +4.3857	-20.2017	 +4.7153	 -0.6646	 -0.1421	 +0.7477
 -6.8108	-11.1294	 -2.4838	 -1.9610	 +3.0073	 -1.5392
 -0.1068	+12.2106	 +5.6081	 +0.8425	 -0.7685	 +0.8594
-91.7056	-169.9755	+26.0443	 +1.0969	 +0.0079	 -0.0984
 +5.5237	 +3.7379	 +2.1503	 -1.8223	 -0.6299	 -0.6583
 -3.8610	 -6.7526	 -0.9927	 -3.4646	 +1.2240	 +3.0457
 +3.1128	 -0.8998	 -1.0283	 +3.1654	 +3.3113	 +1.6513
 -7.3921	 -3.2741	 +9.4736	 +2.1361	 -2.8117	 +3.7750
-11.9695	 -1.6398	 +0.5581	 -1.2372	 +0.2353	 +5.5087
 +0.6865	 +0.1321	 -6.5689	 +0.1381	 -2.3798	 +1.1130
 +0.9746	 -5.3331	-12.3144	 -2.0372	 +0.6239	 -0.3019
-13.6991	-12.2424	+22.0196	 +1.7593	 -2.9870	 -1.3030
 +1.6090	 +3.8862	 +1.8292	 -3.7713	 +3.6199	 +1.0819
 +1.9921	 +1.9160	 -5.1064	 -1.7867	 -2.0849	 -1.7363
 +0.6408	 -5.6537	 +4.3513	 -2.9209	 +4.2046	 +2.0899
 -1.0836	 +3.9068	 +2.9942	 -1.9252	 +4.3390	 +4.0248
 +0.7146	 -4.4063	 -1.8357	 +5.5689	 -1.1688	 -0.0444
 -5.2106	 +5.4209	 +7.8042	 -2.5956	 +0.5855	 +0.3995
 -3.5190	+22.1804	 -5.1258	 -0.7481	 +2.3433	 +2.6865
 +9.8404	 +1.2090	 -5.0617	 -0.0436	 -1.9542	 +1.8725
 -3.2318	 -0.8811	-13.4943	 +1.0362	 +1.1400	 -1.2330
 +0.4619	+27.9689	-29.5102	 +0.1862	 -1.1549	 +2.4963
 -0.5101	-19.2258	+39.6619	 +0.4429	 +0.6020	 -1.8747
+17.4122	-19.2505	 -8.8054	 -0.7440	 +3.2600	 -1.2435
 +0.1592	 +2.6579	+14.9513	 -1.7039	 -1.3120	 -2.2469
 -0.3869	 -0.3728	 +1.4295	 -3.1177	 -2.0828	 -5.4547
-13.8651	+14.4535	 +0.9490	 -2.0785	 -0.4582	 +1.0832
 +3.5929	 -5.6125	+28.8096	 -1.5669	 +1.3044	 -1.2481
-46.2370	+21.6883	-75.7226	 +1.0195	 +1.8843	 +0.0139
 +6.7457	 +0.1252	 -1.4820	 -2.2431	 +3.3378	 -0.2113
+12.8226	-16.1949	 -4.3012	 -0.9198	 +1.7632	 +0.8265
 -3.3906	+16.2719	-14.0016	 -0.2352	 +0.8152	 -0.6674
-27.7109	 -1.7932	 -7.3700	 +0.0950	 +1.1234	 +0.0711
 -0.2993	 +5.5630	 +2.3535	 -1.2951	 +2.0122	 +2.1962
 -2.1313	 +5.8634	 +2.4004	 +2.0144	 -1.1042	 -3.5332
 -3.6624	-24.5662	-17.0197	 +0.7684	 +3.1325	 -1.2195
 -0.8131	+12.4497	 +1.7060	 +2.6169	 +1.9854	 +0.4891
 -4.8790	 +1.5027	 -0.0642	 +1.5080	 -3.0872	 +2.2771
 -2.9983	 -1.9937	 +9.2762	 -2.5271	 +0.8864	 +0.0815
+19.2043	+15.2107	-33.3246	 -1.1599	 -1.0268	 +0.5241
+28.8432	+40.3036	+69.4693	 -1.0534	 -0.5814	 +1.0632
 -5.8781	 +1.1276	-23.3714	 -1.6725	 -2.6079	 -0.1664
 +2.7474	 -8.2639	+16.0059	 +2.8418	 +0.6529	 +2.1754
 +0.1414	 +1.2602	 +1.9586	 -1.7905	 -1.1911	 -1.4861
 +3.6823	+16.4089	 +6.8724	 +1.6011	 -1.5085	 -0.3054
+67.9641	+28.5846	+35.0191	 -0.6652	 +0.1764	 +0.6544
 +0.3927	 -1.7051	 -4.4867	 -2.4470	 +3.5316	 -4.1781
 -1.7166	 +6.0030	 +4.3716	 -0.7538	 -3.5514	 +2.2513
-15.3554	 -7.2449	 +0.0649	 +0.1055	 +1.5154	 -3.4570
 +1.0668	 -1.4295	 +1.4510	 -2.7776	 +2.6987	 +3.6305
-40.8092	 +9.7561	+11.2695	 +1.1065	 -1.1464	 +1.8026
 -2.3519	 +6.4863	 -9.4820	 -0.7467	 +3.8881	 -1.7236
 +1.8488	 +7.8884	 -6.9570	 +0.8506	 +2.9434	 -3.5311
 -0.1555	 -5.9360	 -1.2869	 +3.7539	 +4.9498	 +0.8274
 -8.2490	 -0.2307	+28.9598	 +1.8950	 -0.1991	 -0.8700
 -7.7411	 -5.0501	 +6.9691	 -0.5070	 -4.4065	 -2.1580
 -9.4734	 +4.7233	 -1.2732	 +2.3275	 -5.5983	 -1.0919
 +8.7194	 -4.0676	 +5.1576	 +0.0654	 -0.6608	 +0.5425
 +4.1869	 -7.5319	 +7.0275	 -3.8080	 -3.9956	 -2.6989
 -0.5535	-11.3804	 +7.5885	 -0.3135	 +1.8128	 -0.8680
 +3.0898	 +8.7129	-26.0249	 -1.7860	 +4.0098	 -0.6240
 -4.1026	 +1.5989	 -7.9540	 -1.1684	 -3.4528	 +3.2347
 -2.7174	 +3.9362	 +3.7836	 -4.6113	 +0.2594	 +3.6005
 -0.3252	 +0.4860	 +3.4922	 +0.9457	 +0.8696	 -3.3551
 -4.4711	-20.8359	 -8.7509	 +0.6381	 +0.3470	 +3.1795
 -6.5198	-11.6434	-15.1665	 +3.3373	 -0.6223	 +1.4861
 -4.1947	 +3.7700	 +0.3041	 -0.4916	 -1.1051	 -0.0446
 -4.2828	 -8.4840	 +6.5755	 -0.2950	 +1.5500	 -3.6153
+16.7735	+12.7637	-13.8396	 -0.7040	 -1.3862	 -2.2101
 -4.4311	 -5.8361	 -4.2576	 +3.3778	 +1.1490	 +0.9827
 +0.7570	 +5.4914	 +2.8309	 -3.0202	 +3.8465	 -1.5049
 -2.5020	 +4.6937	 +1.3358	 -0.7543	 +2.3116	 -2.9331
 -4.9392	+10.7559	-25.7644	 -3.5586	 -1.9937	 +0.5182
 -5.5627	 -2.2733	 +0.8629	 +0.8737	 +2.6203	 -1.8216
+21.4347	 +8.8323	 +4.1727	 +2.9991	 +1.0054	 +0.6067
 +3.1323	 +7.6394	 +0.4323	 +0.2712	 -2.0714	 +3.6841
 +3.1357	 -2.5987	 +3.9560	 -1.8805	 -4.8246	 -0.6761
-14.5920	+19.5960	+11.4826	 +0.1552	 +0.5574	 -0.0616
 -1.4828	 -2.3946	 -3.5537	 +0.4725	 -0.5631	 +0.8667
-16.5120	 +7.2692	 +3.8063	 -0.7741	 +0.8285	 -4.0653
 -4.4984	 +4.3038	 -2.9462	 +1.5467	 -3.1473	 -1.0543
 -5.1545	 -1.1727	-10.3795	 -1.8230	 +1.0550	 +0.4414
 +5.2289	 +4.9277	 -9.6969	 +0.4210	 +0.1692	 -1.5656
+22.4641	 +9.7475	 -0.7597	 -0.3654	 -3.3637	 -0.2346
-84.0574	+42.9920	+25.0902	 +0.1497	 +0.0859	 +0.6006
 -7.3558	 +1.2859	 +6.9732	 +3.9278	 +3.8738	 +1.4888
 -6.9279	 -0.0703	 -2.6433	 +1.6997	 +2.8191	 -1.8441
 -5.4946	 +7.6563	 -3.4793	 -3.4378	 +1.3003	 +2.5024
 -7.6306	 -4.6209	 +1.2754	 +2.4194	 -0.4518	 +1.4560
-19.7058	+10.4490	 +3.8989	 +0.6374	 -1.7573	 -2.1694
 -7.7597	+14.6732	-32.1063	 +0.8796	 +1.6161	 -1.8014
-16.6548	-20.1898	 -1.3298	 +0.4046	 -1.2124	 +2.9717
 -1.1623	 +5.2220	 -1.3898	 +1.1562	 +3.3969	 +2.8887
 +2.0568	+13.0156	-11.0078	 +0.5963	 +0.2586	 -2.7700
 -0.1050	 +0.9834	 -8.6206	 +1.0987	 +0.4556	 +1.3273
 +2.9696	 -1.9322	 -3.8754	 -3.9720	 +0.4653	 -0.5431
 -9.5493	 -2.4508	-15.9048	 -2.8278	 +1.2521	 -1.0103
 -4.1012	 +4.2482	 -4.7626	 +3.9333	 +3.5806	 -3.6906
 +3.3367	 +1.6696	 +4.8210	 -0.9513	 -0.0302	 -0.7102
+29.5199	+19.4212	 +7.9917	 -1.5821	 -1.9501	 +1.7682
+10.9672	 +0.9649	-17.5551	 +2.6655	 -3.1265	 +0.0944
 -6.6875	 -5.3138	 +3.3536	 -0.2823	 -2.5222	 -3.7286
 -1.6415	 -1.5378	 -1.6453	 +3.7311	 -4.8818	 -2.8235
+23.1113	 +1.3745	 +0.7853	 +0.5609	 -0.5365	 -0.4135
 +1.3521	 +1.4044	 +8.5811	 +3.7545	 -1.4385	 -2.8471
 +4.7421	-15.0486	 -3.9524	 -1.8738	 -1.0814	 -0.8506
 +4.7829	-15.5955	 +3.3463	 -2.4111	 -2.4762	 -0.8158
 +0.0343	 +6.3813	 -0.9878	 -0.2343	 +1.7336	 -4.5266
+13.4602	 -6.2047	 -1.7266	 +0.1720	 +2.4886	 -1.8533
+19.3682	 +2.4074	 -9.0413	 +0.2060	 -3.8093	 +0.6379
-35.0192	-18.1308	+13.9209	 -0.1463	 +0.2051	 -3.0978
 +0.6421	 -8.7219	+13.1778	 +1.8052	 -0.1421	 +0.7876
 +2.6232	+11.1003	+12.7189	 +1.1152	 -1.2162	 -3.2485
 -7.8905	 -6.5436	 -4.9567	 +2.3922	 +5.0415	 -2.4829
 +8.2598	-10.5602	 +2.7421	 +2.9092	 +2.2535	 +1.6817
-12.4278	 -6.3809	 -8.3665	 -1.7737	 -1.5534	 +1.2243
-40.8257	+26.3160	+37.5120	 -0.0338	 +0.5374	 +0.2677
+10.5203	 +1.8736	 +4.4943	 +4.7818	 -0.5898	 -0.7808
 +0.7415	 -1.7095	 -2.6940	 -2.5737	 -2.6640	 +3.2530
 +2.2519	+11.3700	 -4.4775	 -1.8513	 +2.5664	 +3.4187
 -5.4624	 +3.2646	 +5.4184	 -2.0615	 -2.1290	 +3.4483
 -4.5806	 +3.9452	 -0.4049	 +0.0669	 +5.4702	 +4.7334
+43.1480	 +5.3625	-16.4278	 -0.7779	 -0.7439	 +0.3102
 +0.8334	 -0.0758	 +0.0369	 +1.1033	 +4.4388	 -1.2824
 +8.6595	 +4.8374	 +7.0438	 -0.9671	 +2.1266	 +2.4659
 +6.2279	+10.7516	 +4.4388	 -0.8015	 -3.7698	 +1.9410
 -2.5856	-16.0644	-33.2310	 +1.0304	 -0.6951	 +1.0786
 -5.1397	 +2.0404	 -9.1875	 -0.5646	 +2.6013	 -0.9723
 +3.8947	 +0.4263	 +5.1613	 -0.3314	 -1.3136	 -3.7832
-101.5895	-32.4326	+84.3198	 +1.4055	 +0.1712	 -1.2411
 +0.2224	 +6.4935	-10.0583	 +3.4816	 -3.0467	 -2.3183
+11.5362	-34.5462	+11.1780	 -1.0355	 +1.9145	 +3.5419
 +3.7746	-25.3905	 -4.7994	 +0.9447	 -0.6606	 -2.2573
 -1.4739	 +0.6006	 -0.6902	 -2.8776	 -0.3067	 -4.2336
 -4.0381	 -8.0070	 -4.8201	 +1.6844	 -3.2065	 -2.8310
 +6.8613	 +4.4774	 -9.8349	 +2.8896	 -2.9723	 -0.6409
 +7.8177	-11.2680	 +0.0948	 +0.5019	 +1.8080	 +0.7040
 -3.4843	 -5.1020	-10.5314	 -1.7762	 +2.2250	 -2.3338
-11.5886	 -9.2361	 +6.7560	 -2.1071	 +0.5006	 +0.2330
+11.9218	-23.4745	 -7.0492	 -0.4107	 +1.5163	 -1.1201
 -3.6703	 -0.5215	 +2.4948	 +2.9001	 -0.3881	 -1.5014
-21.0219	 -6.6223	 +4.1275	 -1.1374	 -0.2781	 -0.0228
 -1.6153	 -2.6687	 +4.6875	 -0.2736	 -4.5315	 +2.7828
 -0.1877	 +0.7514	 +3.4435	 -0.1456	 -1.7180	 -2.5679
 +3.3388	 -3.2614	 -2.0362	 -3.0709	 -0.1457	 +0.5468
-12.5569	-14.2206	 -8.8589	 -1.0136	 -1.5793	 -3.3792
-63.9756	+22.6925	+50.1919	 +1.2444	 -0.8456	 -0.8514
-57.7951	-31.7795	+18.3007	 +1.3302	 +1.0483	 -0.5617
 -8.3409	 -6.8186	+11.2847	 +1.1364	 +2.4172	 +1.9543
 -2.6051	 +1.8635	 -2.1820	 -0.0529	 -2.6050	 +2.2523
-77.3236	-125.2517	+119.3142	 +0.6675	 +0.0600	 -0.0882
 -7.9370	 +4.0771	 +0.2294	 -3.2231	 -5.0350	 -0.1579
-11.0468	+10.3863	-11.5872	 -1.4107	 -1.8752	 -2.3456
 +0.9390	 +1.4630	 -4.2846	 -0.0417	 -3.6038	 +0.7854
-45.7646	-26.2654	-14.6783	 +1.9174	 -0.5442	 -1.1480
-11.6488	 +4.8633	-10.7573	 -1.3526	 -0.4150	 +0.3568
 +5.2618	 +4.8979	-18.5786	 -0.9785	 -1.6508	 +0.6636
 +8.7867	-30.4631	+36.8167	 +1.3491	 +2.2209	 +1.5428
-13.2514	 +3.3910	 -0.4126	 -0.9540	 +0.3444	 -2.5157
 -1.9725	 -7.4777	 +8.3605	 -1.9298	 +1.4063	 +0.8873
 +3.4712	+13.4486	-20.4401	 -0.0836	 -2.5743	 +1.9718
 -5.1814	 +0.3531	+18.2204	 +2.5424	 -2.9364	 +0.7620
-18.7219	+12.5590	+23.6570	 -1.6382	 -0.4656	 +1.3680
+12.6637	 +8.2815	 +3.4409	 -0.1933	 -3.4384	 +2.2328
+11.7251	 -3.1701	-11.7720	 -0.4907	 -0.5264	 +0.8327
 -8.9753	 +4.6554	 -0.8959	 +4.3358	 +2.2843	 +0.5512
 -4.8061	 +2.9734	-16.1111	 +2.4401	 -2.1168	 +1.0942
-11.4107	-16.0021	-23.2778	 -0.0825	 -0.0372	 +0.6104
 -3.7638	-12.0167	 -7.2656	 +2.1294	 +2.3310	 -1.6006
-11.8424	 -9.5923	+20.9895	 -1.4311	 +0.2670	 -0.1956
 -9.7337	 +3.5465	-11.0674	 -1.0155	 -3.2770	 -1.1700
 -6.0136	 +3.0687	 -5.6294	 +5.6598	 +0.8725	 +0.9745
-36.5339	+14.6274	+11.6785	 +0.2663	 +0.5831	 -1.6717
 -2.0149	 -8.2407	 -5.9658	 -1.2723	 +0.7910	 +2.3625
 -6.1726	-10.1491	+14.6576	 +1.0163	 +0.8688	 +1.9127
 +9.0923	+10.5128	 -2.7661	 +0.7964	 +0.1745	 +3.3943
 +1.0599	 +2.9513	 +4.1466	 -5.0364	 -0.9564	 -1.6778
-30.2161	+37.5806	-75.3018	 +0.4428	 -1.4110	 +0.6906
+10.5462	+22.9678	 -6.4512	 -1.6896	 +1.9414	 +1.3835
-13.8557	+76.4528	-52.0280	 -2.1173	 -0.6447	 +0.1765
-18.3600	 -5.8199	 -2.6000	 +0.4155	 -1.3847	 +0.3842
-14.7189	-17.9060	 -6.4624	 +1.3954	 -0.5131	 +2.1486
 +1.2344	+14.3506	 -3.5010	 -0.6241	 +3.9882	 +1.7789
 -7.3045	 +0.0433	+10.7404	 +3.3860	 +1.7339	 -1.9681
-19.4625	 -4.8832	 +6.7333	 +1.0458	 -0.9304	 +2.5885
 +3.0189	 +0.1422	 +4.2637	 +1.4626	 -3.7799	 -4.4918
 +0.2428	 -5.0743	-10.2722	 +2.5714	 +0.0133	 -0.9661
 +4.8893	 -4.3202	 +2.8755	 +0.1688	 +0.0406	 +1.2188
 +1.2385	 +8.8495	 +1.5968	 -2.0961	 -1.1188	 -5.2861
-15.2951	 +2.6098	 -1.3410	 +0.8423	 +3.2819	 -2.1214
 +0.5058	 +4.2992	 -8.5520	 -4.5111	 +1.9653	 +2.4109
 +8.9050	 +7.7803	 -0.3792	 -3.7073	 -0.1104	 +3.4920
 +8.2712	-24.9045	 -5.8980	 -2.9843	 -0.1414	 +1.9321
 -6.9795	 -0.0184	 -3.0159	 -1.7375	 -1.2396	 +5.2823
 -8.7158	 -0.8735	 +8.6694	 +0.9697	 +1.8016	 +2.7821
+10.3609	+12.7705	 +1.0135	 -1.2495	 +2.4614	 -0.7124
 -3.0453	+10.2850	 +6.9228	 +2.7215	 +2.9786	 +0.1817
-143.4551	-178.5326	+114.0950	 +0.3727	 +0.8830	 +0.0893
 +4.2396	 -6.5399	 -1.9943	 -0.1133	 +4.8705	 -3.2617
-17.4006	+45.9100	+46.0281	 -0.3155	 -2.2015	 -0.2626
 +4.3610	 -0.0333	-10.9779	 -2.1422	 -2.5058	 +3.0230
 +7.2016	+74.6984	-82.9852	 +0.0787	 -0.0035	 +0.3409
 +0.4748	 -3.6714	-10.4091	 -1.2157	 -5.8369	 -0.2785
 -5.7316	 -3.9738	 +7.9764	 -2.1613	 +1.7433	 -0.8325
-13.2547	+25.7821	-25.3781	 +1.5684	 +0.0101	 -0.1054
-15.7009	-14.4498	 +1.3357	 +1.2333	 +3.3575	 +0.5359
 -5.3723	-14.2430	 +0.6478	 -4.4794	 +0.2042	 -1.4288
 -4.0814	+10.5044	 -1.8877	 -2.7792	 +0.4658	 +1.0423
 -2.0801	 -8.5600	 -0.3603	 +0.0957	 -3.5168	 +3.2151
-11.3426	 -2.3779	 -5.2815	 -0.8587	 +0.2192	 +1.8987
 -2.3970	 +0.1786	 +2.6092	 +2.6898	 -3.5885	 -1.3862
-11.9952	+12.2411	 -0.2997	 -3.8025	 +0.1358	 -0.8558
 -4.1565	 +4.7639	 +3.0042	 -4.1948	 +4.5748	 +0.7970
-21.9359	+25.5278	 +2.1070	 +0.4739	 -1.4682	 -0.0916
 -0.5734	 -1.5015	-22.5683	 +0.6252	 +0.6189	 -3.3074
+14.3468	 +5.7506	+10.3606	 +1.1419	 +2.0908	 -1.2104
 -4.6387	 +3.5550	-22.0761	 +1.1014	 +2.9236	 -0.6354
 +4.0038	 +5.6313	-12.5376	 -0.5058	 -2.4373	 +1.2559
 -8.0890	 -7.2459	 -2.4807	 -5.5892	 -1.0276	 +3.4934
 +2.3069	 -2.7368	 +2.4227	 +4.7836	 +1.1698	 -0.2648
 +8.9718	 +3.9129	 +9.0898	 +2.1047	 -1.8181	 +2.1687
 -0.7067	 +5.5212	 -1.1757	 -1.7918	 -4.3464	 -0.7315
 +5.8126	 -5.5992	 +8.7820	 +0.4726	 +2.3159	 +2.2438
 -5.9683	-22.5171	+12.3757	 +0.9518	 -0.2943	 +0.0726
+11.3140	 +1.4636	 +0.6398	 -2.3941	 +2.8343	 +0.3685
 -2.1898	 +2.4129	 +2.0808	 +1.9044	 -4.4179	 +2.8035
-18.4075	 +3.4346	 -1.2531	 +2.4410	 -0.6720	 +1.7537
 -1.9895	 +2.2755	 -0.6962	 -5.5611	 +4.4266	 -1.4496
 +2.4060	+14.8240	 +5.6800	 -1.3579	 +1.8010	 +1.1299
-16.9485	 +1.0223	 -5.0771	 -0.5972	 -2.6532	 +1.8689
 +6.4945	 +8.2821	 +7.8424	 -1.8385	 +0.9754	 +0.6557
 +1.9862	+13.7018	 +4.0730	 -1.0115	 +0.8954	 +1.8313
 +7.4134	+25.9878	+34.4306	 +0.5879	 +0.2485	 -1.4149
-13.0010	 -1.9902	 +1.7321	 +0.1723	 -1.4398	 +0.8334
 +2.3693	+20.1496	-11.4884	 -2.7638	 -1.8607	 +0.8625
+21.7582	-12.9498	 +9.1217	 +3.2365	 +0.3913	 -1.9156
 -6.8079	 +3.2558	 -5.0709	 -0.1216	 +1.8621	 +3.7226
 -5.4515	 -2.8400	 -4.4825	 -2.3474	 -2.3786	 -3.9930
 +4.9937	 +4.6919	 -5.1982	 +2.9057	 +2.2436	 -3.7583
-12.6884	 +1.4977	 -5.1992	 -2.4910	 -0.0096	 -0.0488
-18.7143	+10.4455	-25.1457	 -0.0468	 -1.1141	 +2.0305
 +5.0757	 -3.2837	-14.7132	 +0.2777	 -2.8811	 -1.6002
+22.1201	 -2.6518	-16.4919	 -0.8133	 -0.7846	 +2.1624
 +2.8136	 -2.5944	 -6.1605	 -0.2165	 -2.2483	 -3.4843
 +0.6756	 -3.7624	 -4.2715	 -0.1637	 -1.4650	 +0.8939
+11.8963	+15.0892	-14.1395	 -0.0055	 -0.9378	 -0.1237
-15.7513	+38.1373	-11.3142	 +1.7077	 +1.5510	 -0.0071
 -4.9908	 +2.8907	 +1.0329	 +0.3553	 +1.1849	 -3.3830
 -9.8649	 -6.0258	-17.9149	 +1.3508	 -1.0419	 -2.8117
-12.6014	 +0.9084	+11.5456	 -1.6082	 -4.3695	 -0.8727
+18.1937	-10.3450	 -9.0260	 -0.5303	 -0.3267	 +0.5788
 +5.2346	-20.1584	 -2.6026	 -2.1297	 -2.1340	 +0.4328
 +1.0385	 -2.7875	 +4.8144	 -1.4950	 -0.4480	 -2.6900
 +2.9582	 +7.3245	+16.4379	 -1.3630	 -0.3459	 +2.2029
 -5.8502	 +3.6546	-24.8884	 +0.5401	 +2.0192	 +0.7169
-14.2607	+17.5272	 +1.5616	 -1.2063	 -3.0757	 +1.2046
 +6.6041	 -5.7049	-19.4486	 +0.6954	 +0.7914	 +0.8783
 -9.0607	 -3.2789	 -1.3772	 +1.4897	 -1.7154	 +0.5682
+15.2279	 +6.2296	+40.6602	 -0.5976	 -0.5372	 +0.4680
 -9.6220	 -2.7871	 -0.0267	 +0.6949	 +0.2713	 -2.1986
 +6.2312	 +4.0542	 +7.6016	 -1.8352	 +2.4985	 -0.0727
-10.7480	+18.7725	 -0.8849	 +2.8515	 -1.0292	 +1.6514
-13.2859	 +3.4292	 +3.1886	 -1.5610	 +1.3516	 +0.1774
-12.9459	 +4.5701	-15.1958	 +0.0710	 -2.2161	 -1.7051
-10.7455	 +8.8626	 +7.7566	 -3.5653	 -0.9271	 -0.8323
 +0.1823	 +3.8593	 -3.8744	 +0.2589	 +0.0543	 +4.1158
-61.4563	-17.9836	-25.7078	 -0.4753	 +0.1807	 -0.0504
 -4.8142	 -2.2542	 +6.3023	 -0.5952	 -3.5207	 +1.6016
 +4.8881	 -2.2643	 +6.1047	 -1.5892	 +0.3282	 +0.4912
+10.9192	 -5.5193	 -3.3420	 -1.0330	 -0.5916	 +1.4765
