# Iterations: 100 of 100
# Total Energy: -6.700e+05
#    Kinetic Energy: 6.759e+05
#    Potential Energy: -1.346e+06
# Current Time: 2018-05-08 14:06:50.934992
# Elapsed Time: 0:10:10.813558
# 
# Med. Times for Sections
#    Force Computation:		3.994824
#        [3.994824, 3.983191, 3.968268, 3.973178, 3.973944, 4.010851, 4.104619, 4.131018, 4.127554, ]
#    Gather Particles:		0.000285
#        [0.000307, 0.000334, 0.000274, 0.000310, 0.000274, 0.000282, 0.000246, 0.000285, 0.000296, ]
#    Overall:		5.790492
#        [5.699944, 5.661887, 5.708293, 5.705267, 5.838335, 5.878192, 5.840008, 5.790492, 5.837742, ]
#    Scatter Particles:		0.002000
#        [0.002194, 0.001856, 0.001812, 0.002151, 0.002026, 0.002141, 0.001816, 0.002000, 0.001885, ]
#    Time Integration:		0.002615
#        [0.002636, 0.002635, 0.002601, 0.002594, 0.002615, 0.002747, 0.002601, 0.002638, 0.002540, ]
#    Tree Broadcast:		0.742687
#        [0.742687, 0.719110, 0.757262, 0.781934, 0.806990, 0.810238, 0.720104, 0.733707, 0.735587, ]
#    Tree Construction:		0.969828
#        [0.957248, 0.954701, 0.978016, 0.945045, 1.052425, 1.051871, 1.010575, 0.920800, 0.969828, ]
# 
# x	y	z	vx	vy	vz
# 
 -5.8423	 -3.8443	 -2.8680	 +1.8079	 +1.1391	 -0.2354
 +3.4080	-18.5707	-10.8619	 +1.0850	 +2.2263	 +1.8565
 -2.3772	 -5.6332	 +8.6539	 -1.6582	 -2.4018	 +1.7879
-24.6623	+25.2252	 -0.4362	 -2.1442	 -0.9284	 +1.2057
 -4.1578	-18.9401	 -6.1425	 +1.8486	 -1.1525	 +0.3795
 -2.4138	 +0.9960	-16.6900	 +2.7200	 +0.6558	 -0.2159
+13.4576	-15.5603	 -8.9614	 -1.4459	 -0.7852	 -0.8869
+10.7650	 +7.7805	 -6.2352	 -1.8012	 +0.0112	 -0.0745
-25.9611	-34.5729	-11.2745	 +1.9798	 +1.7672	 -0.0844
-14.7588	+22.0448	 +2.1663	 -3.0926	 -0.4541	 +0.5217
-22.9991	+11.3160	+17.2799	 +2.2907	 +0.9133	 -0.4341
 -5.1594	 -2.8155	 -0.5575	 -1.1864	 +2.6878	 -1.5276
 +2.5536	 +0.0084	 -7.2748	 -3.1869	 +3.1022	 -3.8940
+25.1927	+12.5081	-27.5600	 -1.3445	 +0.9483	 -1.0703
 -0.0834	 -4.8429	 -2.3523	 +3.0494	 -0.7885	 -1.1641
+13.6371	 +2.3491	 -1.9017	 +1.5412	 -1.8158	 -1.8564
 -8.9308	 -4.0730	 -6.4641	 -0.5933	 -4.0506	 +3.0987
 -5.7123	 +0.0112	-19.1879	 -1.4702	 +0.7138	 -1.2810
 +9.7183	 -7.8641	 +7.0774	 -0.2066	 -1.1067	 -0.9932
+104.5282	-28.9629	+78.6047	 -1.3737	 -0.8362	 +0.1977
 -5.2115	 -3.7722	 -5.2483	 +3.4829	 +2.5614	 -2.6489
 -3.4039	 -1.9421	 -7.6848	 +1.0835	 -4.4260	 +1.0872
 +4.7507	 +2.1337	 -8.7404	 -1.8199	 +2.5419	 +2.4779
 -4.8368	 -4.7222	 +3.8933	 -2.4115	 +1.0809	 +3.9082
 +7.7532	 +7.7378	 -8.6726	 +0.9230	 +0.4877	 +0.0473
-35.9394	+21.2343	 -0.3644	 -2.0391	 +2.2861	 -1.3067
 -4.0313	 -3.0869	 -4.7887	 -1.4923	 -4.7632	 -2.3257
 +7.7683	 -7.5075	 +4.5617	 -4.4629	 +0.0893	 +1.9705
+11.2795	+11.9265	 +5.6814	 +2.5474	 -2.7062	 -2.3255
-16.6494	-17.8857	 -4.5394	 +3.5612	 +2.3036	 +0.6080
 -2.5764	 -5.3202	 -5.7534	 +5.3989	 -2.3775	 -3.7109
-56.6492	 +9.1170	 +0.4215	 -0.8045	 +1.9965	 +1.8280
 -3.3905	 -5.8701	-11.9994	 -4.3165	 +0.0135	 +2.6686
 -0.8484	-13.9809	 +4.5008	 -0.9034	 +2.4234	 -1.4822
 -9.8751	 -3.4433	+22.3954	 +0.3640	 -0.6041	 +0.7832
 +3.7935	 +2.0690	 -0.1488	 -1.3206	 +0.2464	 +0.2128
 +2.8891	 -6.0992	 -1.8304	 -0.8320	 -4.1705	 +1.9762
 -1.0457	 -1.9764	 +5.5898	 +4.5120	 -3.2204	 +0.0890
 -3.0276	+30.5722	-11.2051	 -0.7455	 -1.7743	 +0.6901
 +3.7814	 +1.2643	 +3.6268	 -0.4314	 +4.4518	 +2.0430
+14.2407	-13.2596	+10.3159	 +1.9732	 -3.4195	 +0.3627
 -5.0146	+10.0775	-11.2331	 -0.3846	 -1.6000	 +1.5855
 -6.4305	 +0.1918	-10.0514	 -1.4391	 +4.0717	 +0.4996
 -7.1421	 +2.9024	 -1.6531	 -2.5507	 -1.8640	 -0.1210
 -4.5947	+22.4553	-20.5622	 +2.3939	 -0.1883	 +0.8877
 +1.0030	 -1.1898	 -0.5861	 -2.7378	 -1.5686	 +4.7436
 -0.9348	 +4.2850	-11.6956	 +2.3167	 +4.3325	 -0.0954
+34.8883	 -6.1583	 +0.9365	 -0.1065	 -1.2401	 -1.5796
 -1.4677	 +5.8003	 -0.3749	 +2.5454	 +0.6131	 -1.2040
 -4.2368	 +3.3227	 -4.0834	 +3.1729	 +4.5478	 +1.0995
-33.2985	-56.8976	-37.1728	 +1.1435	 +0.2943	 +1.6106
 -2.8982	 -6.7810	 -2.5624	 -1.7314	 -1.9028	 -4.0227
+16.1955	 -7.8000	 +9.3683	 -0.5189	 +2.7663	 +3.7809
 +4.5733	 +9.2080	 +6.2414	 +2.0388	 -4.5023	 +1.7045
 +5.4942	 -2.9677	+54.3606	 +0.4671	 +2.2188	 +1.7980
-28.8864	 -6.6263	 -4.4597	 -1.5593	 +0.4128	 -0.1564
+31.0893	 -4.4225	 +3.8231	 -1.4885	 +1.0010	 -1.0881
 -6.0275	 +5.3510	 +2.7321	 -0.7494	 -1.7331	 -3.5963
 +1.0995	 -4.5157	 +0.5083	 +3.1325	 +2.9946	 +4.1635
 -0.7730	-20.8173	 +8.4886	 -3.7152	 +1.5409	 -0.0371
-17.8903	 +1.8601	 +7.8046	 -3.7369	 +0.9223	 -1.9067
 -8.5222	 +6.7621	-21.8221	 -0.1897	 +3.8438	 -1.1671
 -0.4429	 -7.1792	 -3.5902	 +2.3731	 +3.5462	 -0.9583
 -5.3163	 -7.4997	 -5.4137	 +0.9671	 -2.2134	 +4.1386
 -3.9986	 -4.4568	 -2.0407	 -1.4234	 +0.2972	 +5.0821
 -8.9627	 -6.2166	-11.5143	 -1.9792	 -2.3010	 -1.1059
 +5.5948	 -0.9997	+22.0878	 +0.4809	 +1.0403	 -0.5832
-16.0993	-13.9444	+27.7529	 -2.3408	 -1.9201	 +0.2749
 -2.8895	 -8.3403	-19.3300	 +0.5389	 -0.6039	 +1.4870
 -4.1732	 +8.7955	 -1.2081	 +0.0460	 -3.1407	 +4.5352
 -3.2779	 -6.0432	 -3.3964	 -1.6346	 -0.7200	 -1.3099
-11.3992	-11.5867	 -5.1027	 +2.3629	 +0.8394	 +1.2638
-10.8982	 +6.5028	 -4.0982	 +1.6098	 -0.3357	 -1.7616
-14.4030	+15.2852	-94.9956	 +1.9230	 +0.0032	 -1.4116
+26.3682	-26.9124	-13.6710	 -0.2669	 +1.6852	 +0.6293
-12.7389	 +7.1094	-10.1931	 -2.0950	 -4.1280	 +1.3184
 -4.0046	 +4.5767	 -8.9233	 +1.2859	 +1.7739	 +0.0011
 -4.3270	-10.5487	+12.0222	 -2.7953	 -1.8997	 -1.6654
 -1.5369	 +9.7925	 -1.0158	 +3.0679	 -0.8707	 +3.6637
+22.8103	-13.7376	 -5.7160	 +2.3765	 +1.6877	 -0.0088
 -1.8255	 +1.7252	 +0.3648	 -0.8208	 +0.5520	 +2.8941
 +9.6243	+11.7371	 -9.1164	 -0.1503	 +2.1273	 -0.8516
 -0.6958	 -0.9016	 -0.7390	 +1.9171	 -0.5009	 +5.3386
-11.6791	+24.4435	+17.5178	 -0.9298	 -0.2857	 +3.4766
+15.3000	 +6.4256	 +3.1894	 +2.4477	 +2.4248	 +2.8657
 +1.1715	+11.5039	 +9.3759	 -2.9336	 -2.2020	 +0.1855
-17.5286	 -4.2294	 -0.5388	 -0.7115	 +0.8153	 -3.0240
 -1.6236	+18.5805	 +9.9109	 -0.7698	 +2.5607	 +0.6324
 -3.5887	-28.4687	 +8.5277	 +2.0433	 -0.9318	 -1.4856
 +4.3765	 -9.6784	 +1.6314	 -1.5229	 -0.2433	 -0.9421
-11.9799	 +1.5754	 -0.3121	 -0.1885	 +2.3223	 +3.4159
 -1.6091	 +0.8196	 +1.1470	 +2.6357	 +1.5397	 -0.0956
-14.3072	-26.8650	-48.3424	 -0.7270	 -0.8417	 -0.4050
 +2.2705	 +2.1989	 -4.3868	 -4.8758	 -0.6958	 +5.0353
 +5.6188	+11.9267	 -0.9227	 +0.2695	 -1.8799	 -1.1569
 +8.2688	 -7.1352	 +0.0939	 +1.3864	 +1.7197	 -4.1772
 -7.9370	+32.8875	-17.8374	 -0.4584	 -0.1686	 +2.3120
 +0.3107	 -2.8922	+18.5227	 -1.9558	 -0.4015	 +1.1812
-10.3446	+13.4818	 +0.5928	 -0.3801	 -1.8754	 -1.4286
-10.5910	-10.3745	-22.8225	 +3.2169	 +1.7701	 -0.4296
 +4.4422	 -6.0423	 -3.5385	 -3.2501	 -5.1636	 -0.3566
-12.7542	 -1.8903	-11.3074	 +1.2099	 -0.2219	 -0.2366
 -4.2027	 -0.9799	 +1.9841	 -1.2724	 -0.7324	 -3.4333
 -2.3494	 -4.2643	-11.3815	 +1.2905	 +3.7152	 -1.9448
 -0.7875	 +1.0515	 -5.4113	 -0.8546	 -2.7503	 +0.1708
 -5.0709	 +1.8775	 +5.9764	 +4.3358	 +2.9646	 +2.1469
-14.0824	-18.0995	+21.1508	 +3.1864	 -0.2769	 -0.9495
 -7.6021	-12.8475	 -0.8304	 -0.2523	 +1.9409	 -0.3359
+26.7382	+11.5796	+17.8713	 +1.0111	 +1.8047	 -0.3592
 +3.5662	 +1.2668	-11.0181	 +2.2016	 -0.2620	 -3.1251
 -3.1397	 +5.6570	 -4.1318	 +3.0248	 +4.5142	 -1.2277
+474.5338	+388.1567	-227.2298	 -0.2786	 +0.6739	 +0.3146
-138.9872	+99.7096	+200.1270	 -0.1101	 +1.1366	 +0.4403
+11.7173	 -3.7230	+10.4253	 +4.0454	 -1.2899	 +0.3307
 +5.2451	 +0.9913	+20.5470	 -1.8341	 -1.2056	 +0.2174
 +0.5735	+11.7121	 +6.0202	 -0.1788	 +2.1414	 -2.8634
 +6.4207	 +2.9194	 -0.9257	 +2.9345	 -3.1909	 -2.7317
-72.9233	-15.8706	-10.7220	 +1.3671	 +0.1871	 -0.7455
 -5.5547	 +1.2444	 -1.0249	 -2.1455	 +1.4173	 -2.1256
+45.9374	-22.5079	-43.7946	 +0.5182	 -0.7089	 +0.2568
-14.9738	 +7.6713	 -8.4652	 +0.6464	 -1.1556	 -2.0802
 -1.6577	 +2.1441	 -1.8346	 -2.2502	 +3.7127	 -1.0402
 +5.7626	 -0.0349	 -0.5157	 +3.3959	 +2.4008	 -1.8920
 -2.9151	 -9.3825	 -0.9379	 -5.0607	 -0.1973	 +0.5935
 -2.2565	 -1.1348	 +0.5645	 +3.0583	 -2.3934	 +1.8687
 -0.1572	 -2.3105	 +3.1124	 -1.9156	 +4.0139	 +0.1185
-15.8801	 +1.1556	 -5.2074	 +1.6185	 +0.0618	 -3.0154
 -9.2538	 -4.0608	 +3.1407	 -1.0832	 +0.3689	 +0.1628
 -9.2229	 +1.5563	 -7.3766	 -1.8853	 +1.8133	 +1.6551
+11.1924	-12.9588	 -1.5662	 -2.0988	 +0.1401	 -2.4653
+13.9602	+31.7748	-163.5090	 +0.0693	 -1.1600	 -1.3080
 +9.1465	 -1.0033	 +6.1270	 +2.3977	 +2.2759	 -1.0065
 +5.2230	 -2.1876	 -9.6393	 -1.9762	 +3.6571	 -0.5188
 -7.7187	 -7.4582	 +2.5173	 -3.7390	 +0.7344	 -0.2175
 -3.0188	 -0.1684	 -2.8440	 -0.4425	 -3.4806	 -1.1356
-17.8721	+24.1727	-35.3509	 -0.4975	 -1.1624	 +0.7558
 -0.6284	-10.1959	 -8.4540	 +4.9384	 +1.6574	 -0.9396
+19.0282	-16.9391	+16.1458	 -1.0081	 -2.6380	 +1.1021
 +3.8852	 -4.8133	 +4.5814	 +1.5323	 -3.2142	 -1.5019
+12.0291	 -9.3233	-11.4409	 -1.9427	 +0.1831	 +1.7479
 +1.6467	 -3.7636	+11.5317	 +1.3879	 +1.0004	 +0.7814
 +8.3392	 -9.1342	 +7.3916	 -3.4567	 -0.8612	 +2.3029
 +0.9974	 -1.0745	 -1.2304	 +0.6091	 +1.8076	 +1.6465
-30.9214	 +5.9577	-37.2726	 +2.0218	 +2.2072	 -0.0414
+58.3873	 +4.8512	+20.6999	 +0.5537	 -1.9161	 -0.2092
 +1.3411	 +5.8872	 -4.0060	 -0.5575	 -0.1235	 -3.8961
-29.0235	-70.5164	+46.3026	 -1.2814	 +0.9820	 +0.9699
 +3.2756	+10.7233	 -7.6039	 -1.3155	 +2.5664	 +0.8777
+20.0340	 +6.9035	 -5.4728	 +0.2035	 -1.1714	 -3.2287
 -1.3844	 -1.2807	 -3.1688	 +5.6919	 +3.7912	 -1.5866
 +2.3728	 -2.9460	+10.0176	 +0.8931	 +3.2179	 -1.8195
 +2.8934	 -4.8506	 -0.6588	 +5.5956	 +1.8111	 -1.7599
 -0.2249	 -1.3314	 -1.7635	 -6.1721	 +3.2018	 -0.4022
 -7.2336	+12.0008	 -7.1444	 +0.7980	 -1.1884	 -0.5545
 +7.0086	 -4.3346	 -8.9053	 +0.4806	 -3.4376	 -1.0820
-10.0563	 -1.4649	-16.5834	 -0.9383	 +1.7715	 +1.6666
 +3.6132	 +7.9075	-16.0344	 +3.0988	 -0.6400	 -2.3154
 +6.4676	 +3.4784	+29.2339	 -2.7968	 +1.1406	 +0.7103
 -5.5258	 +1.7254	 -4.6621	 +2.0256	 -2.3296	 +4.5516
 -5.4761	 +3.2546	 -1.7303	 +2.0679	 -0.4646	 -1.4727
 -0.6581	 +3.3039	 -3.1923	 -3.7207	 +3.0259	 +2.5498
-16.7405	 +0.1661	 +8.8395	 +4.0437	 -2.1857	 -1.7001
 +3.6342	 +2.4695	 -2.2248	 -4.5696	 +0.8178	 +0.4076
+14.2629	 +9.3119	 +4.7699	 -1.1193	 +1.3427	 -0.2342
 -6.5514	 -5.0308	 -2.9024	 +2.9446	 -0.3996	 +4.4218
 -0.8056	 -3.2695	 +6.2898	 -4.8708	 -0.5428	 +1.7646
 -2.7833	 -1.4754	 -0.2234	 +1.8448	 +1.9971	 -3.7376
-16.0717	 -3.9053	-14.7414	 +0.4440	 -2.7538	 +2.7402
 -4.0322	 -0.9499	 -4.5442	 -3.2670	 +0.5641	 +0.7557
 +4.7260	 -4.9383	-14.0037	 +2.5038	 -1.3588	 +0.7198
-15.7811	 +1.3643	-16.5604	 +0.2999	 -1.1739	 -2.0062
 +2.4359	 +0.6343	 -2.0266	 -0.0963	 -0.7864	 +2.0169
 -4.5466	 +1.1169	-11.9535	 -0.7701	 -0.6556	 -4.4115
+29.2114	-13.6149	+25.0073	 -0.6410	 -0.3866	 -0.5364
 -5.5990	 +0.7379	 +2.4922	 +0.6000	 +2.5286	 -2.2857
+53.0529	+27.0068	-26.2608	 -1.9390	 +0.9626	 -0.1507
-16.5571	-12.2921	 +1.0603	 -2.7254	 +1.8179	 -2.3808
 -6.1103	-23.5725	 -9.2843	 +1.6087	 +1.4521	 +1.4937
 +0.0651	 -7.9121	 -1.6558	 +0.7787	 -0.9756	 +2.2969
 -1.9513	 -6.7042	 +0.6875	 +0.4908	 -3.0172	 -2.2200
 -4.5563	 +4.7512	 -4.1833	 -4.5976	 +0.7164	 -1.2996
 +2.4914	 +5.7399	 -8.2069	 -2.0989	 +3.1343	 +1.5461
 +6.9255	 +3.9453	 +4.8318	 +0.0595	 -0.5868	 -1.2389
+14.5640	+19.9729	-22.5268	 -0.6954	 +1.1835	 -1.3476
+10.0149	 +1.4400	 +0.2952	 +1.4923	 +2.7648	 -4.5120
 +2.9432	 -3.5141	 -0.4573	 -0.2074	 -1.4487	 -2.9236
 +1.4647	 +5.2503	 -9.6722	 +0.0461	 +0.7561	 +2.3013
 +1.8045	 -0.3222	 -6.2902	 +0.2684	 +1.9020	 -0.5017
-11.2671	 -9.1664	 -1.7822	 -3.3804	 -0.8784	 -2.2145
 -3.8530	 +5.2218	-12.2480	 +1.9427	 +0.6603	 -0.5366
 -5.1518	-13.5326	 +6.6036	 -1.4122	 -3.8648	 +1.8436
 +2.0012	 -1.5524	 -8.4877	 +1.7904	 +0.0772	 +0.7741
 -1.2198	+24.7856	-31.6303	 -1.5788	 -0.6933	 -1.9369
 +2.2596	 -2.9978	 +8.0486	 -0.3352	 +2.6088	 +2.7290
 +0.8904	 +9.0419	 +0.4183	 +1.8821	 -1.9923	 +1.2826
 +5.3354	 +3.8734	 -0.0613	 -1.8469	 +1.4436	 -0.8937
 +6.7445	 +6.8447	 +5.7021	 -3.0315	 +3.1038	 +0.0828
+30.9625	-101.1507	-35.9649	 -1.3315	 +0.2054	 +0.9696
 -7.5209	+11.0373	 -0.2669	 +0.3190	 +2.2892	 +2.4816
 -7.8993	 -3.8922	-11.1717	 +2.8122	 +3.6746	 +0.8907
 -9.1512	-23.3727	-19.7687	 -1.5079	 -0.7255	 +2.7134
+25.9610	 +5.3633	 +5.1498	 -1.2165	 +1.2881	 -1.7330
 -3.4967	 +5.3666	 -0.4869	 -1.2068	 -2.1642	 +3.3552
 -7.3142	 +4.9124	 -0.2255	 -3.4765	 +2.9602	 -0.2984
-17.8528	 -5.6818	 +2.2082	 +1.7527	 -0.8500	 +1.4497
 +0.8060	 -3.3250	 +0.7077	 +2.4723	 -2.9130	 -0.5033
 -6.8125	 -2.2245	 +2.7137	 +0.5146	 +0.6102	 -1.2136
-15.9138	+20.1937	 -5.6238	 -2.7556	 -0.9871	 +3.0760
 +4.2685	+49.8870	-35.3770	 -2.0437	 +0.8582	 +1.1338
 -2.0576	 +2.0677	 -2.9196	 +5.5452	 +1.2387	 +2.5566
+12.4160	 +4.4034	 -5.8022	 +1.0853	 -2.3147	 -0.4095
 -2.2372	-11.2414	 +2.0940	 -2.4845	 -0.1197	 -1.7799
 +2.9532	 +4.7222	 -6.9732	 -2.5240	 +2.8068	 -0.9835
 +3.6303	 +0.6972	 -5.1091	 -6.5124	 -0.2771	 -2.2498
+20.1151	-11.4730	-19.1158	 -0.5717	 -0.1043	 -1.2516
+119.6219	 +5.1048	-43.2853	 +0.3112	 +0.1491	 +0.6883
+18.4073	+12.9742	 -8.4352	 +0.3506	 -1.5093	 -3.8225
 +4.8286	 -7.5684	 +1.9093	 +1.3912	 +0.8704	 -1.1347
 +4.1309	 -0.2421	 +3.7232	 -4.1005	 -2.0605	 +1.1091
 +3.7530	 -7.5807	 -1.4152	 -2.5366	 +1.6892	 -1.3915
+32.9238	-32.7629	 -6.3669	 -0.8591	 +0.1118	 -0.5672
 +3.3719	 +5.7582	 -1.1331	 +2.3255	 +3.5222	 +1.5607
-15.0312	 -8.9078	 -3.7328	 -0.9363	 +0.8516	 -2.3369
 +3.9831	 -1.0264	 -2.9105	 +0.9057	 +2.6310	 -4.0440
 +2.3506	 -5.0573	-12.7864	 +0.9251	 -0.0925	 -2.0427
 -0.8869	 -0.7664	 +1.3597	 +3.1891	 -0.7019	 -1.5396
 -0.7214	 +1.0901	 -5.1098	 +4.1399	 +2.1344	 +2.4825
 +0.8306	 -2.4041	 -0.2673	 -1.5809	 -4.0440	 -4.4418
 +7.0579	 +5.6104	 +0.7083	 -0.5502	 -2.1508	 -1.6294
-11.8912	 +5.8681	 +2.9746	 +0.1411	 -1.1417	 -1.5699
 -6.1959	 +3.3190	 -5.7236	 +0.4248	 -1.9163	 -0.2841
 +3.2178	 +9.3501	 -3.2831	 +0.5553	 -0.0772	 -1.0687
+11.4537	 +5.8350	 -9.6586	 +0.6145	 +0.5257	 +2.4562
 -3.1659	 -4.0425	 -2.0216	 +1.1332	 +4.1825	 +2.6598
 -4.9543	 -9.2584	 -5.3133	 -0.6301	 -0.9288	 +4.5587
 -5.2308	 -0.7998	 +6.4813	 +1.0786	 +3.3271	 -2.5796
 +2.8852	-11.9563	 -0.8606	 +0.3379	 -2.8202	 -1.9992
 -0.2807	 -9.6672	+18.0645	 +1.9488	 -3.1931	 +0.6024
 +6.3080	 +5.0144	 -3.9279	 +0.2958	 +2.2598	 +2.2503
 -0.0088	 -1.9156	 -0.7433	 +2.4735	 +0.9457	 -1.7012
-49.4576	 +7.3298	 -0.1194	 -2.0058	 -1.5188	 +0.4362
 +3.3966	 +2.6302	 +5.3806	 -0.8940	 -2.2708	 +1.4530
 +1.7382	 +3.1520	 +1.7196	 +1.5514	 +6.2533	 -1.8454
+12.3865	 -8.3267	 -3.6085	 +2.6665	 -1.9292	 +0.4106
 -6.9083	 -7.6144	 -1.0879	 -0.1420	 -1.7247	 +1.9984
-16.2118	 +8.0117	 +2.3547	 +0.6052	 +1.2479	 +0.8821
-31.8737	 -9.0225	+41.8060	 +0.2525	 +1.1094	 -0.5012
 -1.5990	 +0.2817	 +3.7252	 -5.4999	 -0.0528	 +3.5656
 -2.0172	 -9.1494	 +5.2881	 -2.3346	 +1.5726	 -2.4232
-39.0789	-31.4463	-23.5666	 +1.6078	 +0.3714	 +1.5068
-18.9394	+21.4100	 +5.0429	 +1.8239	 +2.1858	 +0.7420
-12.7601	 +0.7455	-10.2119	 +1.5782	 -4.3875	 +1.6244
 +9.5504	 -6.1146	 +1.9119	 +0.9195	 -1.1650	 -0.6611
 -0.0427	 -5.0707	 -4.5736	 +4.3526	 -3.4851	 +1.6483
+1871.1255	-30.6720	+790.2283	 +0.2212	 -0.2337	 +0.0662
 -5.8958	 +3.9023	 +5.2553	 +0.8090	 +0.0050	 -2.4939
 -0.3138	 -5.4996	 -3.0624	 +5.4856	 +2.0070	 -0.7242
 -1.5510	 +2.4438	 +6.4374	 -1.4388	 +0.1238	 +4.3732
+25.5218	-16.3292	-13.9365	 -1.1190	 +0.0339	 +1.5167
 -4.3540	 -3.3272	 +2.2826	 +2.5901	 +4.2309	 +1.9132
-55.2878	-47.7241	-69.2341	 -0.9041	 -1.3350	 -0.3048
 +4.5938	-10.6299	-23.2418	 -0.1463	 +3.7028	 +1.2284
+19.8934	 +4.9888	+22.1314	 -2.1926	 +2.0959	 -1.6074
+20.0827	-27.4934	+10.0024	 +1.0582	 +0.5433	 +0.3969
 -8.8024	 -1.7882	 -6.5906	 +1.3390	 +0.1827	 +0.4726
+13.7107	+25.9913	 -9.6483	 +1.4866	 -2.5015	 +0.4590
 -9.3853	+21.1372	 +3.3319	 -0.0607	 +0.1058	 -0.2346
 +5.0579	 -7.1502	 -0.2343	 +1.1297	 -1.7736	 -0.8842
 +0.1715	+10.5282	 +6.3625	 +1.0427	 +0.5112	 -0.6628
 -0.2175	 +0.2955	 -9.3095	 +1.1181	 -4.9116	 -3.7744
 -3.8492	 -3.6861	+13.7179	 +0.8068	 -1.0227	 -0.1646
 +2.6879	 -2.4730	 -7.5891	 +2.4574	 +2.3557	 -0.3512
 +6.7174	 -0.1254	 -5.7692	 +1.1859	 +1.4601	 +3.8894
 +2.7652	 -5.9066	 +6.0812	 +3.2470	 -2.9049	 -0.8565
 -1.9389	 -0.0668	 -1.1895	 +4.7024	 +2.1641	 +1.5935
+20.1363	+14.9817	-24.3546	 -2.6971	 +0.0778	 +0.9949
 -0.1958	 +5.9297	 -0.4798	 +2.2551	 +1.7591	 +3.7633
 -3.9564	 -0.1857	 -1.0122	 -2.7424	 -1.5487	 +2.5617
 -0.7374	+15.2113	+11.2078	 +0.2039	 +2.2093	 -3.9704
 +1.3668	 -2.5665	 -5.5377	 -2.8942	 +3.5814	 +1.9611
-10.0714	 -1.9010	 -0.0898	 +2.5099	 +0.5393	 +1.2333
 -8.1940	 +6.3660	 -3.0545	 +2.2264	 -1.3624	 +2.4340
-14.1250	 +0.5995	 -3.1501	 -1.1788	 -3.1142	 +1.2570
+11.2690	-11.7643	 +0.2773	 -0.1403	 -0.0209	 -0.6158
 -0.7470	 +6.9693	 +4.0719	 +0.4392	 -1.4562	 -2.4507
 -4.1931	 +0.1455	 +0.5033	 +3.6308	 +2.8383	 -1.1659
-15.8401	 +8.4668	-15.9439	 -2.8368	 +0.3579	 +1.8242
-24.0127	 -4.8952	 +5.7982	 -2.1994	 -0.9869	 -2.6056
 -8.4183	 +5.1106	+11.4210	 +0.4288	 +0.9030	 -0.8573
-134.5009	-41.9286	+71.4580	 +0.6478	 -0.9560	 +0.7028
 -2.7211	 -0.9259	 -0.0498	 -1.2348	 -0.7553	 -1.4667
 -0.5993	 -7.4474	 -1.1812	 -4.5925	 +0.5842	 -1.6686
 -7.3664	 -4.1021	 +5.7633	 +4.5946	 -2.5710	 +0.4552
 -6.1805	 +4.1840	 -1.3723	 +2.0458	 +2.0847	 -5.7397
-12.4141	+10.9448	-15.0377	 -1.8986	 +0.9626	 +0.2502
 +6.8571	 +0.9281	 +3.1821	 -1.4698	 +4.8436	 +0.7822
 -5.5108	 -4.0759	-13.8264	 +0.5589	 -2.3653	 -1.1335
-113.8656	-104.2167	+101.6125	 +0.3743	 -0.2782	 -0.0994
-19.1059	+31.7936	+25.2488	 +1.9898	 +1.5313	 -1.3468
-19.5847	-27.0774	 +6.5148	 -1.6467	 +0.2581	 +2.3958
-29.5894	 +9.8729	-22.7973	 +1.4264	 -0.3170	 -2.6884
-12.4100	-24.1084	 -7.1754	 -2.1846	 +0.0119	 -0.6955
 +1.9429	 -1.6888	 -4.1425	 +1.3841	 -1.2410	 -2.4873
 -3.8540	 -0.7027	 +1.6722	 +0.3814	 -0.7949	 +2.5879
 -6.8747	 +4.3224	 -3.6437	 +4.3907	 +1.3328	 -1.5967
 +5.2691	 -7.3910	 +5.9925	 -1.2258	 +1.0421	 -2.7628
-23.9709	 -5.8554	 +2.3377	 -0.0957	 +0.6813	 -1.3124
-16.8439	 -9.9320	 +9.1894	 +1.1366	 -3.0694	 -0.7960
+22.2179	-97.5385	+21.1226	 -0.9563	 +1.2050	 -1.1749
-10.2825	 +3.5279	 -0.3911	 -2.0287	 +2.0938	 +4.0927
 +0.0644	 -1.8950	 -6.9315	 +1.1692	 +1.1306	 +1.2009
 -1.5768	 -2.4847	 -2.8772	 +2.5252	 +1.8807	 -1.1305
 -2.2490	 +0.4275	-11.2022	 +0.6863	 -2.8460	 +2.7302
 -4.9288	 +6.4148	 -9.9880	 -2.5505	 +2.1217	 +0.5223
 -9.5672	+11.4497	+18.4114	 +0.1569	 -2.6274	 +0.0768
 +7.7636	 -2.5042	+20.6437	 -0.7374	 -0.5239	 -1.4825
 -2.1270	 +9.6531	 +6.2607	 +2.8193	 +1.0140	 -5.4323
 -3.8140	 +1.8800	 -2.6822	 -2.0433	 -2.7727	 +0.3900
+11.0515	 -5.9548	 +2.1610	 +1.7519	 -2.3973	 +1.9544
 -5.0472	 -5.3549	 +1.2013	 +0.0280	 -3.0839	 -3.8193
 +1.5860	 +0.7979	 -4.0552	 -1.7505	 +0.7970	 +2.4698
-13.9590	-19.0550	 -5.4911	 -0.5662	 +4.2874	 +1.3645
 -2.1230	 -3.6020	 -3.4592	 -0.8502	 +1.8823	 -7.0450
 -4.5429	 +1.5428	-13.3856	 +0.1814	 -0.6740	 +2.1880
 +2.0325	 -2.4506	 -4.5998	 +1.1750	 +3.7660	 -1.5199
 -3.0596	+10.5181	 +2.9331	 +1.4826	 +1.0449	 +0.0881
-156.1855	-52.7065	+202.2995	 +0.5218	 -0.6821	 +0.2356
 +1.9379	 -3.6685	 +1.2557	 -1.5606	 +0.6436	 -0.1360
 +6.7472	 -8.2245	 -6.7813	 +1.7870	 -0.8674	 +1.2368
+11.4001	 +3.4339	 -2.8714	 -1.4516	 +0.5482	 +2.4416
 +2.3618	 +7.2953	-11.0777	 +0.2597	 +4.1840	 +0.5060
 -2.1730	 +1.3534	 +5.1190	 +0.5690	 -0.2580	 -3.8463
+31.8350	+39.3674	 -1.7962	 -0.8294	 +1.7701	 -1.9323
 -4.8901	 +4.9212	 +6.0517	 +2.3284	 +0.4659	 -3.6827
 +5.0411	 -7.0860	 +7.0967	 +3.1302	 +1.4290	 -1.9642
-10.2764	 +3.6719	-20.4814	 +3.0911	 +0.6174	 +0.6868
 +1.7773	 +8.7002	-10.0134	 +0.3053	 -1.8184	 -0.6339
 -6.1729	 +1.8143	 +2.6061	 -1.1853	 -2.0692	 -2.0474
 -0.3805	 +9.0295	 +3.9122	 -3.0735	 -1.0242	 -0.5031
 +0.2769	 +1.6016	 -6.0686	 +0.5034	 +0.2328	 -0.5508
 -7.8352	 -6.5261	 -9.6706	 +1.7658	 -0.6887	 +0.1645
 -3.5831	 -6.7313	 +9.4530	 +0.0537	 +0.0935	 -0.8953
 +9.6914	 -2.4508	 +2.4528	 -2.6487	 -0.2648	 +2.7280
 -5.9337	 +2.5296	 -1.6992	 -1.4201	 +1.5895	 +0.0790
 -2.1944	 -4.3398	 -3.8144	 +2.3330	 -0.5846	 +3.0359
 +5.6362	 +1.0292	-10.5196	 -1.3595	 +1.5946	 +0.6042
 -0.1147	 +1.4913	 -6.3971	 -1.0134	 -0.5058	 +0.1581
-15.3718	-14.1339	+17.1542	 +1.4922	 +1.5022	 +3.6187
 +0.7403	 +0.7816	 +1.0836	 -0.8258	 +1.6462	 -2.3826
+12.0494	 -8.8810	 -3.9779	 -1.3898	 -1.8257	 +1.3611
 -8.2100	 -9.4918	 -5.1402	 -1.5852	 +1.2461	 +2.4045
-13.8379	 +1.8363	 +7.1434	 +3.1360	 +1.0046	 -1.9922
 +1.8420	 -7.9431	 -0.2769	 +3.2712	 +0.2958	 +2.0952
 +8.5426	 -6.4007	 -7.1863	 +2.7158	 -2.7935	 +2.4984
 -5.2681	 +7.0149	 -3.1351	 +1.4409	 +1.8129	 -1.7663
-14.5410	+27.6821	-43.7896	 +0.5784	 +0.3018	 -1.1834
 +8.5317	-11.6157	-50.7653	 -0.0953	 +1.0095	 +0.4967
 +3.4966	 -2.9460	 -4.5590	 +2.4439	 +0.8699	 +1.8304
-17.3142	 -0.3496	 -9.3576	 -1.5733	 -2.6446	 -1.6891
 -2.2706	 +2.2055	 +2.0176	 -2.6540	 +2.9958	 -0.9259
-11.8494	-12.6125	 -5.9330	 +1.4155	 +3.6959	 +0.2517
-18.5811	-71.2555	 -3.4428	 +1.2661	 +0.7995	 -0.6925
 -1.0319	 -0.7192	 +8.7466	 -1.6900	 -3.2120	 +0.5632
 +3.8025	 +3.4570	 -4.2590	 +2.3442	 -4.0487	 +2.6859
+17.9294	 -5.7587	 -5.9469	 -1.6772	 +1.5247	 -4.2132
 -5.0115	 +9.9874	-11.7370	 +3.7539	 -0.3917	 +3.6876
 -4.4922	 +3.0405	-19.0629	 +1.8897	 -1.1857	 +0.6139
-10.4480	 +0.0882	 -9.5883	 +2.4830	 +1.5824	 -0.2981
 -7.3621	 +4.5649	 -0.7695	 -4.0388	 +2.7742	 +1.0413
 +3.8040	 +1.4079	 -2.9474	 +2.9043	 +4.7267	 +1.4816
 -6.0762	 +0.6688	 -1.2004	 -3.7652	 -0.9314	 +2.7360
 -7.5389	-22.5495	-13.1437	 -0.6071	 +0.0187	 +2.5267
 -1.8565	 +3.7279	 +2.0023	 +4.0814	 +0.7407	 +1.3113
 +4.5479	+14.0995	 +6.7688	 -0.0334	 -3.1914	 -1.4141
-58.4541	 -4.0460	-10.8733	 +0.3004	 +1.2631	 -1.0603
 -2.9442	 +1.7686	 +1.8504	 +2.3118	 +1.2236	 +1.7410
 +0.6773	 +1.0403	 -8.7687	 +3.0717	 +2.8965	 -0.7524
 +6.5652	 -5.1641	 -3.6170	 +0.7551	 +3.9546	 +0.1032
 +2.4430	 -1.8571	 -6.7354	 +0.7516	 -3.1884	 -0.0665
 -1.7496	 -3.9449	-15.3867	 +3.3423	 +2.3954	 -2.6402
 +1.0230	-10.7084	-24.0609	 +0.5498	 +2.0939	 +2.1812
 -8.8796	 +7.1450	 +3.8099	 +0.1059	 -0.3257	 +5.1501
 -4.5563	 +1.7526	-13.6243	 +4.9103	 -0.4407	 -1.7788
+11.3400	 -0.6815	 -3.8074	 +2.1335	 -2.4651	 -0.9083
 +2.5766	-29.6277	-20.7196	 -0.6975	 +0.6217	 -0.9890
-11.2803	+20.1879	 +0.5248	 -1.1636	 +0.3913	 +2.3135
 -3.8734	 +1.0977	 -0.9677	 +1.6966	 +2.4418	 +2.6032
 +0.5610	 -0.1435	 +5.4592	 -1.8272	 -4.6652	 -0.8761
 -7.2440	-10.0646	 +7.9280	 +0.2213	 -2.4167	 +1.8414
 -2.0674	 +4.7837	 -6.7931	 +1.0252	 -4.6856	 -2.5735
 +2.5890	 -0.6009	 +4.5280	 -3.1780	 +2.2589	 -2.9404
 +0.3224	 +0.5819	-11.1524	 -5.3810	 -1.1871	 +0.6019
 +0.1132	 +9.0406	 +5.1648	 +1.2044	 +2.5566	 +1.6565
+34.7179	 +6.5992	 +4.4461	 +0.8682	 -0.0928	 +0.7868
-23.2425	+12.7746	 +1.4250	 +1.0005	 +0.0972	 +1.8021
 -3.9613	 -4.6348	 -7.3429	 +0.8167	 -0.2457	 +2.2614
 +4.7738	-21.9068	-20.2414	 -0.9678	 -2.3796	 -1.8527
 +5.5612	-11.0417	 -5.1003	 -1.4166	 +3.6500	 -2.2191
+10.7394	 +8.5055	 -5.0323	 +0.3895	 -1.7535	 -2.0663
-32.9246	 +7.8098	 -0.6832	 +2.6086	 -0.1407	 +3.3289
 +4.8034	 +5.4611	 -0.8631	 -0.8285	 +2.3647	 -1.2095
 +8.4013	 +5.4882	 +5.6080	 -0.2823	 -3.2899	 -0.0842
 -1.4923	 +6.7870	 +1.0954	 +4.4989	 -0.2155	 +2.7988
-12.7898	-11.6431	 +8.9400	 -0.2413	 -1.6358	 +1.4737
 -9.6012	 -3.5177	 +0.7850	 +1.0372	 -4.2524	 -1.3109
 +2.5139	-13.7910	 -8.6927	 +2.7321	 -1.5811	 -1.3960
 +2.4854	+15.9522	 -1.5577	 +3.6319	 +0.8915	 +1.7711
+18.1752	+11.9819	-15.6285	 +2.4858	 -1.6599	 +0.1440
-19.2074	 -4.2590	+16.7028	 -0.4229	 +2.8557	 +2.2360
+30.8573	 -8.7210	+67.7914	 -0.0754	 -1.8362	 +0.6120
+10.5832	 +6.5831	 +4.7638	 +1.3008	 -0.9258	 -0.6299
 +0.6236	-13.1352	 -5.0003	 +2.6591	 +1.7260	 -1.8598
 +2.1090	 -0.8393	 +1.5194	 -1.0459	 -0.9365	 -2.3469
-17.8032	 +9.9747	-15.5011	 +1.7202	 -1.4569	 +0.8490
 -3.8084	 -2.5894	 -3.7654	 +4.0490	 +2.8759	 +2.9164
+25.3228	 +2.8627	 -4.8058	 +2.0348	 -0.4892	 -2.0513
-11.7543	-16.5209	 -3.3037	 -1.4575	 +2.2870	 +1.6998
-14.6719	+14.7984	-14.3736	 -1.9256	 +2.2580	 -2.2990
 -7.6000	-22.4085	 +9.9585	 -2.5863	 -1.0157	 +1.6714
 -3.6031	 +4.5141	 +0.1218	 -1.7042	 -0.0455	 +2.5898
+12.8108	 +5.5865	 -9.9775	 +3.1160	 -1.7436	 +0.0470
 +0.1637	-19.7548	+14.4889	 +1.5198	 +0.6332	 +0.1942
 +1.3748	 -7.8801	 -4.0091	 +1.3821	 -0.1260	 +2.9855
 -2.0141	 -5.4868	 -0.5886	 -4.6820	 +1.3596	 -3.6733
 -9.4892	 -3.3252	 +0.0964	 +1.3919	 +0.7379	 -1.9689
 -2.0001	 -3.1712	 -0.2301	 -3.3235	 -4.3143	 -2.6440
 +3.0789	 -8.0730	-14.8052	 -1.7639	 -1.2902	 +1.0773
+10.2022	 +1.7661	+28.3516	 -0.3361	 -1.8532	 +1.0086
 -5.0249	 -8.7411	 -2.2227	 -2.5050	 -0.2480	 +0.3740
 -1.2694	+12.6477	 +2.8399	 +0.7430	 +0.3902	 +4.1513
 +5.6955	 +1.9865	 -6.5718	 +0.3975	 -0.9819	 -2.5477
-10.2178	 +2.1742	+13.2137	 +2.3682	 -0.0245	 -2.5250
 -5.9895	 -3.9810	 +6.2889	 -3.0627	 +0.4538	 +2.4004
 +3.5709	 -1.1296	 -1.5987	 -0.6353	 -0.6891	 -2.9220
+33.6642	 +7.9144	-19.3376	 -0.6381	 -1.1661	 -0.0498
 -6.7938	+11.8406	-27.3072	 -3.1085	 -0.3975	 -1.3003
 -1.2178	 +1.4845	 +0.5148	 -5.0986	 -0.0579	 -1.5186
 +2.1188	 -4.5243	 -9.9013	 +3.6062	 +0.0215	 +1.2108
 -1.0810	 +2.0856	 -1.3217	 -0.9944	 +6.1527	 +1.8661
 -6.5401	 +5.8313	 -3.8059	 +0.2995	 +1.7461	 -3.5292
 +1.2395	 +7.8241	 -0.1304	 -0.6636	 -4.3596	 +2.8570
+12.8765	+10.4626	 -2.5857	 -3.2497	 -2.2733	 -1.3349
+24.0883	 +0.1581	 +6.4800	 -2.2104	 +0.9244	 +0.5503
 -1.1901	 +0.6561	-11.7026	 -1.0014	 -1.1962	 -0.6376
-14.0102	 +0.4811	 -3.3788	 -2.1810	 -0.4191	 -2.4546
 +1.0068	 +1.0706	 -4.0422	 +1.5538	 +0.2494	 +1.2993
 -1.1270	+10.6410	 -1.2088	 +1.9511	 -3.6281	 +1.9985
+17.7144	-62.9609	-33.2101	 -0.4315	 +0.9158	 +0.6942
 +1.6168	 +8.3227	 +9.3108	 -0.5883	 -3.4800	 +2.1006
 +2.4765	 -2.5296	 -5.8517	 +1.7084	 +1.2069	 -0.9936
 -6.4370	 +2.9622	-11.5894	 +2.0142	 -0.7282	 -0.1123
+10.6534	+18.6677	+29.1335	 -1.0114	 +0.0191	 -1.0333
 +2.1034	 -4.0146	 -1.0019	 +2.5420	 -5.3787	 -0.8269
 -1.2291	 -0.6271	 +3.3842	 -2.5112	 +3.6838	 -3.3350
+15.9349	-18.6400	+21.3035	 -0.7408	 +1.2833	 -2.1094
 +0.0503	 -7.7093	 +1.7554	 -2.8231	 -0.5991	 +1.1468
-72.0167	-57.3481	+28.1742	 +0.5524	 +1.2501	 +0.5216
-12.3519	 -4.4855	-12.2642	 +2.6189	 -0.2870	 +0.7942
+60.0139	+42.4770	+41.6973	 -1.2362	 -1.2659	 -0.3483
 -6.1738	 +9.0395	 -6.0578	 -1.2684	 -2.9474	 +3.3670
 +9.4755	 -7.1540	 +0.7069	 -1.1846	 -1.7590	 +0.4434
-109.6438	+51.8814	-21.5820	 -0.5264	 +0.7735	 +0.2675
 +1.8955	 -4.2338	-14.4040	 -3.5228	 +0.1554	 +2.1883
 +7.3408	+11.0587	 +3.9371	 +1.4167	 -0.3155	 -0.8035
 +5.9573	 +1.3476	 -5.2002	 +0.8594	 +0.5903	 -3.7152
 -1.4862	 +3.4366	 -6.3319	 +1.5609	 +2.7446	 -1.5322
 -1.0537	 -2.8522	 +0.1373	 -2.1110	 +1.9561	 -2.3384
 -7.5110	+10.0794	 -4.6057	 +1.9068	 +3.6764	 -1.7878
 +1.1703	 +2.3777	 +0.3199	 +4.2250	 +2.8692	 +0.2976
 -5.2750	 +0.5475	 -0.6058	 +4.1858	 -4.3505	 +1.0083
 -6.4331	+12.4265	-12.3690	 -0.4667	 +4.6064	 -0.0334
 +5.9564	+10.7722	-10.7934	 -0.3565	 -0.9522	 +1.5648
 -0.1131	 +1.3181	 -0.1630	 -1.6868	 +2.5383	 -1.2873
 +3.9230	 -2.2015	 -4.4137	 +0.3047	 +2.8919	 -2.3881
 +4.7322	 +1.8594	 -1.2043	 +1.8691	 -2.0353	 +3.7711
-33.9408	+11.2712	+12.7360	 -1.2801	 +1.0313	 +0.5080
 -5.9889	 -1.7297	 +5.8832	 +3.2488	 +4.8492	 +2.3415
 -2.4986	-14.2391	 +9.3643	 -1.3019	 -4.4143	 +2.0061
-14.4275	 -4.4582	 +4.9501	 +1.5599	 -0.7942	 +3.8188
 -2.0977	 +1.8821	 -7.0151	 -1.5974	 +1.4846	 -1.8810
 +9.4975	+15.9342	-22.7038	 -1.2257	 +0.9928	 -2.5014
 +1.7584	 +7.4372	 -8.0627	 +3.6010	 -1.8961	 -0.2083
 -9.2839	 +2.3125	-15.0288	 +1.1978	 +0.7713	 -0.9358
 +3.0775	+10.6032	 -0.6496	 +0.2174	 -3.0938	 +1.5695
 +4.2816	 -3.5229	 +2.9630	 +0.0135	 -4.0229	 -2.5400
 -8.2706	 +3.7754	 +6.9976	 -0.1312	 -0.2857	 +0.3142
-15.0728	 -2.2281	+15.3517	 -0.4445	 +1.3628	 -1.1949
-44.8718	+10.8948	 +4.6561	 -2.3191	 +1.4914	 +0.8225
 -0.5617	 +3.5596	 -1.3254	 -1.4366	 +0.0468	 +1.2753
-27.0221	+12.0180	 +9.0915	 -0.9594	 +4.5639	 +0.1749
 -8.9174	-10.7147	 +6.6473	 +1.0144	 +1.1299	 -1.0214
 -6.3033	 -2.4650	 -3.9945	 -3.5822	 -3.3514	 -1.7141
 -4.4755	 -1.0260	 +3.4349	 +1.0580	 -0.6757	 +0.5362
-14.6105	-51.2792	+32.6054	 +1.9030	 +0.0645	 +0.8438
 -3.8002	 +8.6318	 +0.0116	 -1.6929	 -1.8036	 -1.7981
 +1.1600	 +0.5016	 -6.4239	 +4.9068	 -0.8354	 +2.0785
 +0.8870	+16.3821	+15.5558	 -1.8721	 +0.0581	 +1.8150
 +5.3274	+15.5820	+16.9638	 +0.3364	 +1.7201	 +0.5695
 -0.8593	 +6.8993	 -6.4442	 -0.6406	 +1.0022	 -3.0403
 -4.2372	 +7.3380	 -1.6808	 +1.7202	 +0.5723	 -0.9670
 -3.0145	 -2.5782	 -4.0081	 -1.5573	 -0.3988	 +4.5102
 -2.8532	 +3.4652	 -2.9891	 +0.1627	 +0.1362	 -1.2465
+11.1003	-13.3610	 +2.2328	 +0.7829	 -2.5541	 -0.9026
 -1.8732	 +1.6626	 -3.3254	 +0.4110	 +3.0164	 -3.4562
 -1.7154	+21.9271	 +1.3560	 +1.8132	 -0.5391	 +2.6693
 -6.6748	 -6.3791	 +1.9487	 -0.1253	 -2.7615	 +1.1253
 -5.0718	 +2.4038	 -0.0382	 +1.4085	 -1.1414	 +0.8503
+19.5092	+13.1003	 -2.7852	 +0.3115	 -2.2864	 +0.3316
-10.4961	 -1.9366	-11.8307	 +2.7288	 +0.3164	 -0.3626
 -2.6940	 -2.2318	+10.6013	 -1.1940	 -1.2535	 -3.5830
 +2.7383	 +1.8250	 +0.7396	 -0.1301	 +0.0149	 +2.0473
 +8.5936	+10.8104	 +4.8330	 -2.4928	 +2.9784	 -0.3030
 +5.2527	 +1.3298	 +1.9810	 +4.6436	 -3.8804	 +0.2031
 -3.4076	 +9.2437	 -5.7370	 +2.6906	 -2.6354	 -0.5320
 +4.5132	+15.8768	-16.6829	 -0.3893	 +1.1887	 +1.5226
+11.5754	 -2.0986	 -5.2902	 +0.3213	 -3.5301	 +0.6344
-10.2713	 +2.4219	 -2.2424	 +1.8114	 +2.1793	 -0.2654
 -0.2738	 +4.3451	 -7.4233	 -0.7462	 -3.5794	 +1.5431
-13.9183	 +3.5881	+10.5922	 -2.1499	 -0.3476	 +1.6016
 +7.5209	 -8.9091	+37.1452	 -1.0686	 +0.8346	 +1.9113
 -3.1249	 -8.7667	 -3.8001	 -0.1901	 -1.0516	 -2.9356
-16.0101	 +8.1254	 +0.7606	 +0.6503	 +3.4610	 -0.0212
 +3.9815	 +1.0070	 -1.6794	 +0.4055	 +0.3607	 +0.3035
+17.3245	 -9.0633	 +8.2222	 -0.5069	 +0.8341	 -0.9081
 +0.3618	 -6.9409	 -1.0048	 +2.8979	 -0.8853	 -0.7528
 +0.4173	 +0.1949	-11.8671	 +0.5599	 +6.2050	 -0.8113
 -4.9802	 -4.1469	-10.7964	 -2.9278	 -1.8133	 +2.2533
-22.5318	 +4.8548	-40.9916	 +1.1029	 -1.1110	 -1.0498
+14.3810	+16.3414	+30.0542	 -1.1360	 -0.9373	 +0.6640
 +4.5514	 -1.7861	 -0.8343	 -1.3959	 +1.1638	 +0.7336
 +0.8751	 +6.3276	 +0.5497	 -2.6044	 -2.4117	 -2.5958
 -6.3872	 +8.5771	+22.3084	 -1.1472	 +0.6478	 -2.9729
 -7.3673	 -4.9380	-10.3149	 +2.6882	 -1.4990	 +0.6744
 -2.9484	 +1.7375	 +1.1738	 -4.8914	 -1.5437	 +0.0521
 -9.5689	+15.6414	+12.9483	 -1.5275	 +0.8839	 -0.2854
 +3.9917	 -7.7308	-12.1516	 +0.1264	 +1.6611	 -1.3071
 -3.5947	 -6.5703	 +6.0176	 +2.0982	 -4.2592	 -0.3153
 -3.3284	 -4.5104	 -4.6940	 -2.8781	 -1.3217	 +0.7596
 -2.2259	 +3.3993	-11.5455	 +3.5771	 -1.6139	 +0.8603
-17.3923	 +1.3005	-16.1554	 +2.9504	 +2.3140	 +1.3365
-11.9421	 -6.3918	 +0.0258	 +1.6461	 +0.8306	 +3.1895
 +4.6535	 -1.6469	 -4.9400	 -0.4351	 -0.5062	 -1.7234
 -4.9770	 -2.0007	 -4.0855	 +1.0605	 +2.5505	 -3.6774
 -2.1851	 +2.1844	 +1.6884	 +1.1485	 -4.5809	 -2.4106
 -0.7716	 +3.5825	 -1.2905	 +1.4517	 +0.4457	 -3.4520
+22.9605	-14.9748	 +4.8226	 +1.1955	 -0.0699	 +1.1165
-15.4122	+18.8627	 -8.0739	 -0.9154	 -0.3841	 -0.8727
-11.8044	 +3.3448	 +0.4836	 -1.1955	 -1.5796	 -2.4965
 -0.0444	 +3.3700	 -9.6579	 -1.2995	 -3.2944	 -2.7090
-14.2285	-10.3525	+10.1908	 -1.0404	 +1.5843	 -0.3874
 +9.2759	+10.2211	-19.4718	 +2.5652	 -0.9732	 +2.2093
 -0.3594	 -3.7569	 -1.3608	 +6.8449	 +2.8687	 -1.0621
+20.3721	-12.1695	-24.1215	 +0.0688	 -0.0998	 +2.0644
 -1.3339	 -4.8964	 -3.5696	 -4.9252	 -4.9608	 +1.1127
 -6.7985	 -0.7454	 -1.9358	 +0.1657	 -2.2136	 +3.5906
 -0.6455	 -1.5458	 -2.7250	 +0.6370	 -1.5932	 -2.8148
+23.3123	 +7.0302	 -0.1171	 -0.1280	 +1.7835	 -0.1880
 +4.0335	-12.0663	 -8.6690	 -3.7964	 +0.6181	 -3.8015
 -5.5245	 -5.5404	 -2.2742	 -3.3399	 +1.6491	 -5.6236
+21.7234	 -6.3510	 -6.3308	 +0.8628	 +0.9194	 +0.2434
-19.8830	 -4.4167	 -4.9256	 -0.5262	 -1.9225	 -0.2372
 -4.6672	 +7.4574	 +4.5798	 +2.9876	 +0.6801	 -1.7895
 -7.7689	 -2.1725	-10.7868	 +2.3439	 +2.1101	 -0.4433
-14.6523	 -3.2895	 -0.5547	 +1.4754	 -0.0993	 +0.9321
-18.2710	 -2.4086	-10.8222	 -0.7981	 +1.6773	 -2.6798
-26.9236	 -6.3779	 -4.9505	 -3.0668	 +2.6568	 +0.8705
 -1.0353	 +0.6575	 +2.7666	 -3.7539	 +2.7583	 -4.5481
 -1.4604	 -2.8949	 -1.0702	 -0.9350	 -3.6059	 +2.4842
 -3.9159	+18.6473	 -1.5852	 -0.9094	 +1.5276	 -2.6037
 +3.8330	 +9.8449	 +3.3053	 +1.0842	 -4.0416	 +0.2513
-12.5800	+14.2163	-48.9061	 +0.1240	 +0.0177	 -0.1548
+11.4857	 +8.4667	 -2.1094	 +1.3418	 +2.7420	 -0.3503
+14.6298	 +6.2539	-14.2511	 +1.9001	 -1.5781	 -2.0434
-12.1091	 -3.0119	 +1.3341	 +2.7827	 +0.3048	 +3.0190
 -6.4987	+17.9387	-18.3950	 +0.9739	 +2.4489	 +2.8200
 -1.1309	-11.0230	 -5.1772	 -1.1756	 +3.5056	 -1.3660
 -4.7443	 -4.9415	 +0.0835	 +0.4040	 -2.6981	 -1.8803
 -4.2098	 -1.9106	 -6.5963	 -5.8913	 +0.0602	 +1.3605
 -0.4490	 +0.5566	 +2.7603	 -4.5176	 -0.1913	 +0.2751
 -9.4937	-13.7049	 -1.2453	 +0.3155	 -1.2829	 -0.1855
 +0.8723	+24.8654	 -2.9485	 +2.8169	 -0.4123	 -2.7117
 -0.4659	 +2.1037	 -3.7312	 -0.5748	 -0.9186	 +1.2604
+10.6910	+11.9668	 +5.9956	 +0.3069	 +1.8122	 -1.7812
 -3.9848	 -7.9273	 -1.2560	 +1.6724	 +3.0316	 +4.7593
 +1.5733	 -9.6109	+18.0169	 -1.6305	 +0.9975	 -0.0541
 -2.0273	 -0.3809	-10.2318	 +2.0133	 +0.9491	 -0.9137
 +4.6498	 +2.7551	 -8.1160	 +0.7795	 +0.7808	 +1.2595
 +3.2547	 +4.3043	 -0.1378	 -3.8827	 +0.3382	 +0.4772
 -4.1252	-16.7222	 +6.8010	 -2.4011	 +2.0044	 +0.2460
 -4.3851	 +5.2519	 -4.5864	 -1.1185	 -0.7272	 +0.4265
 +0.5898	 -0.7652	 -4.5574	 -1.6909	 -1.2477	 -0.2393
 -5.8900	 +2.0335	 -4.6459	 +0.1547	 +0.7802	 -2.9215
 -1.1125	 +6.3379	 +0.9839	 -0.3942	 -1.8399	 +0.1349
 -5.2900	 +0.3656	 +0.3222	 -2.1014	 -2.9755	 +1.6402
+10.5916	 -2.3985	 +3.8968	 +0.5145	 +0.2508	 -1.7565
-12.5368	+19.6035	 -7.0056	 +0.9712	 -2.5214	 +0.9882
 -5.2613	 -8.1909	-15.2199	 -0.3066	 +3.0260	 +1.4423
 +5.8052	 -2.3341	 -4.1242	 -1.5142	 -4.0735	 -0.4377
 -4.8420	 -1.5680	 -1.1181	 -1.7705	 -0.3479	 -0.9449
 -2.8037	 +3.8022	 -9.3872	 +0.1978	 -3.2240	 +1.2148
-19.5993	 +2.2008	+13.4329	 -0.9880	 +0.1314	 -4.1742
 -3.5479	 +6.9020	 +7.3553	 -2.6846	 +0.5152	 +5.4284
 +0.0208	 -2.9928	 +0.6139	 +0.5524	 +0.0475	 -1.6846
 +1.9860	 +2.6626	 -2.6877	 +0.0932	 +0.5422	 -0.5953
 +2.9919	 +9.6076	 -1.7817	 +3.3501	 +1.3496	 +1.0356
 -1.4600	 -4.9781	 -0.6857	 -1.9911	 -0.4355	 -5.6985
+19.5425	 -7.1736	 +3.7282	 -2.9413	 -1.5008	 -3.0809
 +0.4864	 +2.6860	 +2.1350	 +0.9984	 +2.7623	 -0.2560
 -2.2758	-35.2469	+58.3305	 -0.3745	 -1.1490	 +0.4671
 +0.0066	 -7.0336	 +0.0240	 -0.9501	 -2.6662	 -1.0164
+37.1172	+34.8447	-30.1475	 -1.7858	 -1.2359	 +0.6061
 +1.5601	 +2.3548	 -1.7105	 -1.0095	 -3.8642	 +3.3495
 -1.8153	 -1.0024	 -0.3101	 -0.7482	 -3.4985	 -3.2716
+51.8398	 +1.5374	-44.0802	 -0.3303	 -0.1712	 +1.5262
-12.5069	-33.3187	+27.7368	 +2.5899	 -1.9868	 +1.4438
+104.1895	+58.3993	+14.6752	 +0.0375	 -0.7997	 -1.6095
 +1.7989	+30.4418	 +4.8276	 +2.7990	 -1.1531	 +0.5901
+23.9921	+66.6658	-34.0069	 +1.1566	 -0.3972	 +0.0270
 -8.7085	 -9.4286	 +3.1724	 +0.6192	 +1.0884	 +1.8686
-12.3177	+17.1094	 -2.6750	 -2.7158	 -1.5245	 +1.2184
-10.7947	 +1.3326	 -4.8812	 -4.6578	 -0.7211	 +5.3264
+11.7972	+29.8364	-48.6426	 +0.7099	 +2.6485	 +0.2553
 +7.7053	-11.9373	+42.0989	 +1.4724	 +0.9678	 -1.0924
+21.9453	 +7.4004	 +2.9126	 -2.5883	 +1.4296	 +0.8182
 -2.3116	 -5.0648	 -8.1359	 +2.5526	 -3.3379	 -0.5011
 +0.2043	 -6.2884	 -4.5782	 -5.5551	 +2.7080	 +1.7720
 +8.6781	 -5.0768	 -2.4608	 +1.6705	 -0.5564	 -3.3354
 -2.2038	 -3.9961	 -2.0291	 -3.5002	 -0.8378	 +5.3749
-11.8801	 -8.7682	 -6.0737	 +0.0089	 +1.8942	 +0.9837
 -2.1383	 -1.7934	 -2.6744	 +4.4766	 +3.2816	 +0.9590
 +0.2363	+23.0144	 +7.7877	 -1.2448	 -2.2211	 +0.7045
 +3.7294	 +6.7075	-15.5401	 -0.0776	 +3.2533	 +0.4177
 +7.7489	+15.3473	-25.9154	 -1.6428	 +0.0777	 +0.0883
 -5.1873	+10.3484	 -1.9359	 -1.5581	 +3.8865	 -0.5327
+17.6675	-20.9972	-11.7696	 -1.2320	 +0.9498	 -0.9055
 -4.8628	 +2.6299	 +2.9518	 -0.4954	 +1.0293	 -0.8429
 -1.8868	 +4.7771	 -2.8359	 +0.9443	 +0.7455	 -3.0776
+12.1564	-18.4153	 +0.0352	 -1.0145	 +1.0598	 -0.4463
 +2.2087	 +2.2207	-13.3926	 +0.1720	 -2.5642	 +3.2681
 -4.5904	 -6.1603	 +2.7550	 -2.8233	 +0.4685	 +5.6893
 -0.1481	 +5.3954	 -0.3168	 +1.0505	 -1.4264	 -5.5717
 +1.9851	 -1.8280	 +4.1989	 -0.0872	 +0.6654	 -4.3993
-23.3898	+24.6245	 +8.6502	 +0.0033	 +1.7431	 +0.8206
 -6.1725	-12.2225	 +1.5599	 -2.8938	 -1.4473	 -1.5350
-14.6703	 +4.2243	 -0.2343	 -2.9821	 -2.9049	 -0.9183
+14.2771	+10.4220	 +6.7317	 +3.7326	 -0.5792	 +1.1208
-13.1814	 +4.3511	 -3.8733	 -2.5003	 -0.7022	 +1.8130
 +3.9639	 -0.1227	+10.6660	 +1.1229	 -1.4731	 -2.3085
-14.4877	+66.2361	+21.8273	 +0.7365	 +0.2475	 +1.2424
+20.6627	 -5.9744	 +5.3400	 +1.4171	 +1.0630	 -0.9724
 +4.8716	-10.5386	 +6.9024	 +1.4845	 -2.6598	 +0.5431
-13.3042	-33.4400	+26.4861	 -0.8596	 +0.6030	 +1.1443
-40.1460	+34.7475	+25.2883	 +1.2660	 -0.2344	 -0.6510
 +0.7945	 +0.6668	 +1.0442	 +0.5407	 -4.6155	 -0.6342
 -2.8950	-17.9172	 -5.1531	 +3.2924	 -0.2865	 +1.7082
 +7.2832	 +9.9641	 +3.3674	 -4.1096	 +1.7931	 +2.1497
 -4.8882	 -2.9762	 -1.8460	 +2.7532	 -6.0406	 +3.3980
 +6.3615	 -2.3162	 +3.8238	 +4.5540	 -0.3357	 +0.3474
 +9.6013	+12.3611	 +7.4779	 +3.0371	 -0.7075	 +1.2225
 +4.0964	-33.5701	+110.8378	 -0.2995	 -1.4551	 +0.5443
-23.6189	 +9.6365	 -3.1736	 +0.5164	 -3.0594	 +0.3348
 +6.4488	-13.1113	-18.9334	 +2.3827	 +0.9991	 -1.1283
 -5.0647	 -1.8519	 +3.2556	 -1.9666	 -2.8830	 -0.5452
+10.0862	 +0.2448	-11.0390	 -3.8895	 -2.3290	 +1.8469
 -5.9527	 -6.4766	-18.3282	 -0.4488	 +0.2658	 +2.6794
 +1.7305	 -7.5745	 +1.9587	 +3.2398	 -0.3341	 -4.2013
+24.7251	-24.7372	+39.0316	 -1.3615	 +1.1536	 -0.3979
 -9.1126	-15.7881	 -9.8118	 +2.7047	 +0.6930	 -3.3198
 -1.0776	 -9.5819	 +0.5194	 +0.8423	 -3.2137	 -1.7854
 +5.9490	 +5.1264	 -4.0389	 +0.7372	 +4.0797	 -2.5645
-16.5944	 +7.2982	+14.2923	 -1.5843	 +1.7239	 -1.5018
 +9.9397	 -4.3185	 -0.9157	 +0.8118	 +4.5912	 +2.1230
+14.3652	 +3.0402	 +4.8092	 +0.5432	 -3.5164	 -2.6303
+11.6247	 +1.0562	 +3.0617	 -4.1518	 -0.4549	 -1.7080
 -0.3187	 +0.2275	+22.8476	 -0.3386	 +2.9753	 +0.2874
 +3.4299	-11.3165	-12.1287	 -0.4648	 -4.7773	 +2.0053
 +0.1488	 -0.0130	 +4.9695	 +3.3172	 -2.9996	 -0.5732
 -5.1469	 -0.8408	 +5.0860	 -1.7933	 -1.2800	 +0.7160
-15.0728	 -3.5562	-10.5728	 +0.0045	 +1.0185	 -0.1312
-12.0290	 +3.7943	 +0.6367	 +2.4382	 +0.2997	 +0.6784
 +1.7886	 +8.2173	 -7.0349	 -0.2720	 -0.1026	 +2.7890
-16.4620	 +2.1540	+10.0808	 +4.8603	 +0.2459	 +1.6008
 -2.2134	-10.2530	 +3.1524	 +1.3548	 +1.0899	 +2.5496
 -5.8862	 -2.1697	 -3.4566	 +2.0969	 -0.1281	 +0.8181
-11.3193	-10.0033	 +0.7528	 +1.1744	 +3.0595	 +0.5895
 -0.5767	 +6.8159	 +4.3229	 +2.9841	 -3.0365	 -1.8467
+27.0215	+23.2614	 -5.3772	 -0.9231	 +0.8186	 -0.2352
 -5.0091	 -9.3425	 +0.1245	 +2.1354	 +0.4494	 +0.5049
+24.8980	 +3.7221	 +5.9044	 -1.0761	 +2.2746	 -0.8737
 -5.2041	 -3.8358	 -7.7144	 -3.0319	 +0.9258	 -2.3002
 -5.1666	 +3.9914	 -9.1702	 +0.5544	 +1.1943	 -0.5349
 -1.5886	 +1.7674	-11.7417	 +4.2095	 -4.1929	 +1.2769
 +1.7447	 -5.5887	 +0.5917	 -0.4151	 -3.0664	 -2.6893
 -6.6503	-24.8697	 +4.7755	 +0.0602	 -3.1280	 -1.6670
-11.1376	 +9.7664	 +4.1333	 +1.9034	 +0.0227	 -3.3199
 -2.4744	 -0.8786	 -2.0754	 +0.7939	 +5.2654	 +2.6353
-17.4976	-10.0458	+16.9661	 -3.0373	 -0.4896	 +0.7695
-10.2846	 +0.7567	 +2.0607	 -5.0094	 +1.0701	 -0.6837
-17.7402	 -7.8167	 -6.0003	 -1.4996	 -2.4770	 +1.3369
 +0.7209	+23.2422	-11.2705	 +1.6739	 -2.4799	 +2.2720
-13.5693	+13.1661	 -3.0402	 +0.4233	 +2.4821	 +1.4883
 +2.5196	 -6.3468	 +5.4021	 -4.3827	 +2.0411	 -0.5576
+13.0410	-23.2695	 +2.7240	 -1.1901	 +1.5449	 +1.5737
+10.5853	 +4.0411	 +0.4868	 -1.9542	 +2.7052	 -1.2782
 +6.8216	+38.2550	-13.6218	 -0.1255	 +1.5357	 +2.2627
 +3.3894	 -2.8917	 +6.3057	 -0.5163	 +1.0426	 +1.8499
 -2.9977	 +8.3721	 -0.9801	 -3.4323	 -0.8237	 +0.3129
 -4.0454	 -2.6126	 -4.6934	 -0.2401	 -3.9742	 +0.3538
+87.0116	-29.6548	+51.3869	 +0.1252	 -0.9224	 -1.3777
 -0.9451	+10.6498	-14.5090	 -2.4885	 -2.3332	 -1.1473
 -0.1342	 -2.8819	 -9.3072	 +2.3706	 -3.2113	 -0.6203
 -0.8415	 +0.4661	 +7.2820	 +2.0768	 +0.9649	 -1.0962
 +2.1434	 +6.3112	-14.6288	 -1.0336	 +2.0428	 -0.2773
 -5.0810	 +1.2328	 +0.9699	 +4.1062	 +3.3551	 -4.2414
 +1.7473	 +0.8216	 +4.1998	 +0.8891	 +2.1095	 +1.5888
 +3.7926	 -7.4326	-10.7689	 -1.9138	 -2.5917	 -0.3543
 -6.0582	 +0.3518	+20.5485	 +2.3487	 -1.0986	 +1.9288
 +1.3735	 -4.8531	 +9.0647	 -3.6313	 +3.2406	 +1.3997
 +4.4979	+15.1116	+26.1705	 +0.5649	 +0.7838	 +3.5903
+10.7377	 +5.7446	+15.5397	 +0.5669	 +0.7235	 +1.9032
 +5.7634	 +1.5091	 -2.3116	 -3.1263	 +1.2789	 +0.1667
 -3.2460	 -8.0583	+21.1604	 +1.4111	 +1.2528	 -1.1944
 -9.6572	 -1.6243	+15.0786	 -1.4689	 -2.1502	 -2.5267
-19.5920	 +1.7806	 -4.8513	 +1.9005	 +0.9584	 +3.8825
 +2.5790	 +1.7317	 +2.1372	 -4.0666	 -3.0852	 -2.1745
-43.6234	+22.3422	 -0.9144	 -2.8755	 +1.3527	 -1.0379
 -2.8856	 -6.0812	 -2.8976	 +0.4514	 -6.4519	 +0.4817
-11.8900	 +3.0321	 +0.3239	 +3.1479	 +2.8739	 +2.2052
+17.8691	 +6.1334	 +7.0911	 -1.6509	 -1.0792	 -1.9268
 -3.4565	 +5.6558	+12.4942	 +2.1229	 -0.5165	 +1.0277
 +4.3875	-20.1992	 +4.7146	 -0.6621	 -0.1390	 +0.7474
 -6.8092	-11.1278	 -2.4817	 -1.9577	 +3.0106	 -1.5295
 -0.0928	+12.2025	 +5.5986	 +0.8691	 -0.7822	 +0.8387
-91.7056	-169.9755	+26.0443	 +1.0969	 +0.0079	 -0.0984
 +5.5173	 +3.7364	 +2.1513	 -1.8473	 -0.6435	 -0.6560
 -3.8674	 -6.7405	 -0.9692	 -3.4637	 +1.2428	 +3.0596
 +3.1304	 -0.9191	 -1.0368	 +3.2004	 +3.2913	 +1.6392
 -7.3928	 -3.2773	 +9.4762	 +2.1380	 -2.8193	 +3.7748
-11.9802	 -1.6357	 +0.5476	 -1.2585	 +0.2433	 +5.5065
 +0.6781	 +0.1152	 -6.5572	 +0.1434	 -2.4207	 +1.0408
 +0.9706	 -5.3294	-12.3178	 -2.0469	 +0.6277	 -0.3010
-13.6991	-12.2424	+22.0186	 +1.7595	 -2.9872	 -1.3040
 +1.5853	 +3.8934	 +1.8307	 -3.8069	 +3.6195	 +1.0947
 +1.9823	 +1.9037	 -5.1153	 -1.7961	 -2.0939	 -1.7619
 +0.6356	 -5.6306	 +4.3448	 -2.9273	 +4.2273	 +2.0749
 -1.0675	 +3.9117	 +2.9996	 -1.9019	 +4.3364	 +4.0549
 +0.6896	 -4.4226	 -1.8376	 +5.5191	 -1.1794	 -0.0400
 -5.2104	 +5.4178	 +7.8065	 -2.5943	 +0.5795	 +0.3958
 -3.5200	+22.1882	 -5.1240	 -0.7496	 +2.3564	 +2.6903
 +9.8335	 +1.2098	 -5.0583	 -0.0559	 -1.9506	 +1.8772
 -3.2282	 -0.8876	-13.4833	 +1.0379	 +1.1373	 -1.2193
 +0.4616	+27.9653	-29.5082	 +0.1863	 -1.1586	 +2.4985
 -0.5104	-19.2257	+39.6635	 +0.4424	 +0.6021	 -1.8714
+17.4134	-19.2504	 -8.8043	 -0.7405	 +3.2611	 -1.2411
 +0.1605	 +2.6574	+14.9514	 -1.7001	 -1.3133	 -2.2459
 -0.3826	 -0.3619	 +1.4093	 -3.0937	 -2.0446	 -5.4668
-13.8659	+14.4555	 +0.9523	 -2.0805	 -0.4532	 +1.0896
 +3.5933	 -5.6118	+28.8090	 -1.5661	 +1.3059	 -1.2494
-46.2370	+21.6882	-75.7226	 +1.0195	 +1.8843	 +0.0139
 +6.7520	 +0.1251	 -1.4894	 -2.2330	 +3.3434	 -0.2163
+12.8232	-16.1988	 -4.2972	 -0.9171	 +1.7557	 +0.8352
 -3.3900	+16.2735	-14.0055	 -0.2365	 +0.8171	 -0.6757
-27.7096	 -1.7920	 -7.3692	 +0.0970	 +1.1250	 +0.0723
 -0.3036	 +5.5581	 +2.3761	 -1.3225	 +1.9893	 +2.2444
 -2.1091	 +5.8722	 +2.3997	 +2.0602	 -1.1025	 -3.5368
 -3.6634	-24.5659	-17.0183	 +0.7658	 +3.1326	 -1.2173
 -0.7987	+12.4050	 +1.7130	 +2.6337	 +1.9126	 +0.4852
 -4.8905	 +1.4720	 -0.0656	 +1.4788	 -3.1446	 +2.2438
 -2.9898	 -2.0051	 +9.2733	 -2.5179	 +0.8686	 +0.0759
+19.2043	+15.2123	-33.3263	 -1.1599	 -1.0237	 +0.5204
+28.8433	+40.3037	+69.4694	 -1.0532	 -0.5813	 +1.0634
 -5.8779	 +1.1271	-23.3639	 -1.6704	 -2.6071	 -0.1508
 +2.7503	 -8.2643	+16.0073	 +2.8454	 +0.6526	 +2.1754
 +0.1442	 +1.2499	 +1.9489	 -1.7909	 -1.1944	 -1.4908
 +3.6816	+16.4004	 +6.8735	 +1.6011	 -1.5279	 -0.3069
+67.9641	+28.5846	+35.0191	 -0.6652	 +0.1764	 +0.6543
 +0.3951	 -1.7101	 -4.4729	 -2.4422	 +3.5418	 -4.1591
 -1.7207	 +6.0045	 +4.3701	 -0.7521	 -3.5673	 +2.2348
-15.3639	 -7.2412	 +0.0719	 +0.0886	 +1.5256	 -3.4383
 +1.0761	 -1.4405	 +1.4454	 -2.7805	 +2.6950	 +3.6339
-40.8086	 +9.7563	+11.2697	 +1.1078	 -1.1460	 +1.8029
 -2.3320	 +6.4895	 -9.4693	 -0.7193	 +3.8939	 -1.7063
 +1.8522	 +7.8630	 -6.9767	 +0.8608	 +2.9023	 -3.5524
 -0.1696	 -5.9118	 -1.2914	 +3.7083	 +5.0005	 +0.8116
 -8.2490	 -0.2310	+28.9590	 +1.8954	 -0.1994	 -0.8715
 -7.7413	 -5.0576	 +6.9728	 -0.5015	 -4.4162	 -2.1499
 -9.4769	 +4.7205	 -1.2688	 +2.3296	 -5.6068	 -1.0892
 +8.7097	 -4.0539	 +5.1737	 +0.0648	 -0.6434	 +0.5651
 +4.1744	 -7.5242	 +7.0221	 -3.8501	 -3.9732	 -2.7122
 -0.5568	-11.3768	 +7.5863	 -0.3202	 +1.8197	 -0.8719
 +3.0892	 +8.7119	-26.0197	 -1.7872	 +4.0074	 -0.6151
 -4.1049	 +1.5860	 -7.9443	 -1.1794	 -3.4573	 +3.2574
 -2.7099	 +3.9358	 +3.7988	 -4.5873	 +0.2549	 +3.6231
 -0.3233	 +0.4968	 +3.4818	 +0.9643	 +0.9293	 -3.3775
 -4.4715	-20.8429	 -8.7506	 +0.6362	 +0.3340	 +3.1812
 -6.5225	-11.6420	-15.1726	 +3.3336	 -0.6184	 +1.4736
 -4.1735	 +3.7758	 +0.3021	 -0.4572	 -1.0932	 -0.0337
 -4.2817	 -8.4809	 +6.5753	 -0.2923	 +1.5524	 -3.6142
+16.7735	+12.7638	-13.8389	 -0.7042	 -1.3862	 -2.2109
 -4.4346	 -5.8346	 -4.2587	 +3.3761	 +1.1448	 +0.9773
 +0.7422	 +5.4787	 +2.8134	 -3.0638	 +3.7985	 -1.5465
 -2.4859	 +4.6926	 +1.3398	 -0.7237	 +2.3120	 -2.9057
 -4.9380	+10.7539	-25.7625	 -3.5560	 -1.9987	 +0.5225
 -5.5615	 -2.2562	 +0.8584	 +0.8728	 +2.6439	 -1.8179
+21.4317	 +8.8324	 +4.1765	 +2.9952	 +1.0065	 +0.6125
 +3.1265	 +7.6442	 +0.4237	 +0.2621	 -2.0513	 +3.6682
 +3.1025	 -2.6060	 +3.9559	 -1.9307	 -4.8315	 -0.6758
-14.5929	+19.5963	+11.4836	 +0.1537	 +0.5574	 -0.0595
 -1.4901	 -2.4010	 -3.5758	 +0.4771	 -0.5747	 +0.8321
-16.5150	 +7.2671	 +3.8057	 -0.7811	 +0.8239	 -4.0668
 -4.5024	 +4.2967	 -2.9541	 +1.5361	 -3.1565	 -1.0784
 -5.1560	 -1.1697	-10.3867	 -1.8326	 +1.0623	 +0.4284
 +5.2035	 +4.9167	 -9.6872	 +0.3852	 +0.1562	 -1.5496
+22.4609	 +9.7482	 -0.7598	 -0.3687	 -3.3619	 -0.2354
-84.0574	+42.9920	+25.0902	 +0.1497	 +0.0860	 +0.6006
 -7.3566	 +1.2924	 +6.9685	 +3.9323	 +3.8892	 +1.4857
 -6.9283	 -0.0786	 -2.6459	 +1.6912	 +2.8372	 -1.8302
 -5.5070	 +7.6514	 -3.4916	 -3.4545	 +1.3031	 +2.4819
 -7.6169	 -4.6178	 +1.2878	 +2.4373	 -0.4476	 +1.4839
-19.7025	+10.4490	 +3.8984	 +0.6451	 -1.7573	 -2.1704
 -7.7595	+14.6731	-32.1058	 +0.8805	 +1.6160	 -1.8008
-16.6536	-20.1873	 -1.3274	 +0.4073	 -1.2079	 +2.9750
 -1.1834	 +5.2353	 -1.3896	 +1.1038	 +3.4217	 +2.8870
 +2.0652	+13.0029	-11.0049	 +0.6122	 +0.2354	 -2.7650
 -0.0990	 +0.9846	 -8.5907	 +1.0773	 +0.4691	 +1.3500
 +2.9559	 -1.9337	 -3.8698	 -4.0189	 +0.4670	 -0.5379
 -9.5448	 -2.4488	-15.9020	 -2.8134	 +1.2556	 -1.0057
 -4.1016	 +4.2393	 -4.7646	 +3.9320	 +3.5672	 -3.6705
 +3.3079	 +1.6636	 +4.8107	 -1.0001	 -0.0286	 -0.7398
+29.5199	+19.4210	 +7.9916	 -1.5821	 -1.9507	 +1.7679
+10.9590	 +0.9671	-17.5573	 +2.6529	 -3.1210	 +0.0907
 -6.6722	 -5.3154	 +3.3210	 -0.2631	 -2.5343	 -3.7746
 -1.6394	 -1.5450	 -1.6419	 +3.7331	 -4.9184	 -2.8232
+23.1130	 +1.3769	 +0.7918	 +0.5650	 -0.5326	 -0.4022
 +1.3527	 +1.4024	 +8.5722	 +3.7557	 -1.4450	 -2.8675
 +4.7481	-15.0538	 -3.9536	 -1.8637	 -1.0906	 -0.8576
 +4.7887	-15.5960	 +3.3467	 -2.4000	 -2.4754	 -0.8149
 +0.0368	 +6.3712	 -0.9733	 -0.2372	 +1.7165	 -4.4962
+13.4523	 -6.1927	 -1.7137	 +0.1559	 +2.5089	 -1.8306
+19.3713	 +2.4113	 -9.0442	 +0.2112	 -3.8031	 +0.6337
-35.0203	-18.1311	+13.9212	 -0.1485	 +0.2045	 -3.0976
 +0.6481	 -8.7183	+13.1800	 +1.8183	 -0.1342	 +0.7861
 +2.6256	+11.1015	+12.7140	 +1.1179	 -1.2141	 -3.2621
 -7.8905	 -6.5584	 -4.9587	 +2.4010	 +5.0211	 -2.4900
 +8.2677	-10.5529	 +2.7444	 +2.9229	 +2.2639	 +1.6871
-12.4263	 -6.3806	 -8.3779	 -1.7715	 -1.5587	 +1.1989
-40.8256	+26.3162	+37.5119	 -0.0336	 +0.5377	 +0.2675
+10.5136	 +1.8671	 +4.4908	 +4.7745	 -0.5923	 -0.7936
 +0.7426	 -1.7126	 -2.6780	 -2.5745	 -2.6749	 +3.2930
 +2.2521	+11.3623	 -4.4800	 -1.8440	 +2.5584	 +3.4163
 -5.4620	 +3.2616	 +5.4293	 -2.0465	 -2.1309	 +3.4693
 -4.6024	 +3.9416	 -0.4169	 +0.0187	 +5.4740	 +4.7149
+43.1476	 +5.3631	-16.4282	 -0.7787	 -0.7429	 +0.3098
 +0.8385	 -0.1003	 +0.0465	 +1.1160	 +4.3922	 -1.2631
 +8.6502	 +4.8390	 +7.0406	 -0.9843	 +2.1297	 +2.4476
 +6.2268	+10.7437	 +4.4371	 -0.8050	 -3.7876	 +1.9360
 -2.5851	-16.0644	-33.2313	 +1.0313	 -0.6951	 +1.0779
 -5.1278	 +2.0297	 -9.2077	 -0.5584	 +2.6019	 -0.9855
 +3.8894	 +0.4289	 +5.1589	 -0.3471	 -1.3016	 -3.8012
-101.5895	-32.4327	+84.3197	 +1.4054	 +0.1711	 -1.2411
 +0.2222	 +6.4833	-10.0589	 +3.4865	 -3.0627	 -2.3167
+11.5371	-34.5464	+11.1778	 -1.0339	 +1.9138	 +3.5416
 +3.7754	-25.3911	 -4.7962	 +0.9461	 -0.6630	 -2.2513
 -1.4552	 +0.5812	 -0.7043	 -2.8529	 -0.3573	 -4.2460
 -4.0448	 -8.0158	 -4.8228	 +1.6764	 -3.2187	 -2.8304
 +6.8612	 +4.4736	 -9.8281	 +2.8889	 -2.9777	 -0.6292
 +7.8236	-11.2663	 +0.1034	 +0.5176	 +1.8065	 +0.7212
 -3.4952	 -5.0961	-10.5294	 -1.7963	 +2.2293	 -2.3319
-11.5923	 -9.2391	 +6.7572	 -2.1165	 +0.4962	 +0.2343
+11.9221	-23.4755	 -7.0469	 -0.4093	 +1.5139	 -1.1158
 -3.6667	 -0.5389	 +2.4949	 +2.8938	 -0.4063	 -1.4923
-21.0212	 -6.6228	 +4.1253	 -1.1293	 -0.2792	 -0.0304
 -1.5918	 -2.6630	 +4.6758	 -0.2405	 -4.5141	 +2.7704
 -0.1928	 +0.7556	 +3.4384	 -0.1288	 -1.7043	 -2.6021
 +3.3401	 -3.2426	 -2.0464	 -3.0786	 -0.0905	 +0.5332
-12.5621	-14.2274	 -8.8622	 -1.0235	 -1.5902	 -3.3849
-63.9756	+22.6925	+50.1919	 +1.2443	 -0.8455	 -0.8513
-57.7949	-31.7795	+18.3007	 +1.3304	 +1.0483	 -0.5617
 -8.3385	 -6.8177	+11.2856	 +1.1437	 +2.4190	 +1.9530
 -2.6239	 +1.8600	 -2.1833	 -0.0661	 -2.6012	 +2.2467
-77.3236	-125.2517	+119.3143	 +0.6675	 +0.0600	 -0.0882
 -7.9470	 +4.0865	 +0.2249	 -3.2460	 -5.0265	 -0.1745
-11.0530	+10.3887	-11.6011	 -1.4207	 -1.8703	 -2.3697
 +0.9254	 +1.4627	 -4.3049	 -0.0647	 -3.5979	 +0.7534
-45.7649	-26.2656	-14.6783	 +1.9168	 -0.5446	 -1.1480
-11.6385	 +4.8619	-10.7630	 -1.3398	 -0.4175	 +0.3447
 +5.2524	 +4.8930	-18.5707	 -0.9950	 -1.6593	 +0.6825
 +8.7871	-30.4638	+36.8175	 +1.3499	 +2.2195	 +1.5445
-13.2408	 +3.3932	 -0.4095	 -0.9294	 +0.3472	 -2.5143
 -1.9698	 -7.4747	 +8.3583	 -1.9242	 +1.4119	 +0.8853
 +3.4720	+13.4452	-20.4392	 -0.0828	 -2.5810	 +1.9741
 -5.1820	 +0.3533	+18.2227	 +2.5409	 -2.9358	 +0.7662
-18.7195	+12.5597	+23.6559	 -1.6338	 -0.4642	 +1.3663
+12.6560	 +8.2774	 +3.4438	 -0.2084	 -3.4453	 +2.2355
+11.7304	 -3.1635	-11.7747	 -0.4805	 -0.5117	 +0.8252
 -8.9569	 +4.6595	 -0.8966	 +4.3738	 +2.2759	 +0.5471
 -4.8071	 +2.9701	-16.0986	 +2.4410	 -2.1272	 +1.1227
-11.4118	-16.0023	-23.2809	 -0.0845	 -0.0377	 +0.6044
 -3.7674	-12.0156	 -7.2640	 +2.1207	 +2.3356	 -1.6004
-11.8437	 -9.5936	+20.9908	 -1.4331	 +0.2647	 -0.1923
 -9.7313	 +3.5440	-11.0701	 -1.0101	 -3.2791	 -1.1775
 -6.0085	 +3.0717	 -5.6180	 +5.6871	 +0.9066	 +1.0110
-36.5340	+14.6272	+11.6784	 +0.2663	 +0.5827	 -1.6720
 -2.0204	 -8.2410	 -5.9754	 -1.2815	 +0.7925	 +2.3444
 -6.1739	-10.1491	+14.6630	 +1.0131	 +0.8677	 +1.9215
 +9.0865	+10.5097	 -2.7642	 +0.7891	 +0.1667	 +3.3995
 +1.0364	 +2.9315	 +4.1410	 -5.0789	 -1.0006	 -1.7284
-30.2162	+37.5806	-75.3018	 +0.4428	 -1.4110	 +0.6906
+10.5475	+22.9702	 -6.4515	 -1.6870	 +1.9465	 +1.3831
-13.8557	+76.4528	-52.0280	 -2.1174	 -0.6447	 +0.1765
-18.3662	 -5.8157	 -2.5945	 +0.3988	 -1.3769	 +0.3968
-14.7203	-17.8993	 -6.4578	 +1.3938	 -0.4982	 +2.1565
 +1.2425	+14.3428	 -3.4945	 -0.6054	 +3.9704	 +1.7934
 -7.3061	 +0.0421	+10.7455	 +3.3807	 +1.7269	 -1.9636
-19.4634	 -4.8826	 +6.7313	 +1.0459	 -0.9303	 +2.5823
 +3.0271	 +0.1434	 +4.2355	 +1.4684	 -3.7702	 -4.5475
 +0.2475	 -5.0602	-10.2696	 +2.5865	 +0.0382	 -0.9667
 +4.8596	 -4.3137	 +2.8706	 +0.1115	 +0.0458	 +1.2118
 +1.2414	 +8.8441	 +1.5938	 -2.0923	 -1.1306	 -5.2936
-15.2899	 +2.6184	 -1.3407	 +0.8520	 +3.2948	 -2.1233
 +0.4960	 +4.2968	 -8.5300	 -4.5171	 +1.9603	 +2.4438
 +8.8985	 +7.7767	 -0.3742	 -3.7191	 -0.1156	 +3.4993
 +8.2709	-24.9074	 -5.8960	 -2.9850	 -0.1473	 +1.9364
 -6.9866	 -0.0121	 -3.0219	 -1.7514	 -1.2204	 +5.2937
 -8.7122	 -0.8713	 +8.6731	 +0.9770	 +1.8028	 +2.7880
+10.3556	+12.7577	 +1.0184	 -1.2640	 +2.4345	 -0.6980
 -3.0441	+10.2905	 +6.9238	 +2.7285	 +2.9862	 +0.1835
-143.4551	-178.5325	+114.0950	 +0.3727	 +0.8830	 +0.0892
 +4.2437	 -6.5357	 -1.9811	 -0.1140	 +4.8788	 -3.2428
-17.4009	+45.9100	+46.0280	 -0.3160	 -2.2015	 -0.2629
 +4.3587	 -0.0261	-10.9738	 -2.1404	 -2.4923	 +3.0270
 +7.2016	+74.6984	-82.9852	 +0.0787	 -0.0034	 +0.3409
 +0.4911	 -3.6516	-10.3663	 -1.1875	 -5.8085	 -0.2191
 -5.7292	 -3.9710	 +7.9729	 -2.1575	 +1.7507	 -0.8379
-13.2541	+25.7829	-25.3798	 +1.5699	 +0.0118	 -0.1087
-15.6939	-14.4430	 +1.3391	 +1.2456	 +3.3677	 +0.5409
 -5.3754	-14.2438	 +0.6495	 -4.4873	 +0.2024	 -1.4294
 -4.0760	+10.5126	 -1.8917	 -2.7656	 +0.4794	 +1.0442
 -2.0799	 -8.5648	 -0.3365	 +0.0863	 -3.5140	 +3.2272
-11.3404	 -2.3771	 -5.2941	 -0.8553	 +0.2188	 +1.8791
 -2.3749	 +0.1873	 +2.6164	 +2.7319	 -3.5653	 -1.3707
-11.9969	+12.2497	 -0.2981	 -3.8109	 +0.1595	 -0.8508
 -4.1366	 +4.7565	 +3.0241	 -4.1477	 +4.5790	 +0.8479
-21.9365	+25.5256	 +2.1075	 +0.4730	 -1.4726	 -0.0906
 -0.5702	 -1.4949	-22.5635	 +0.6289	 +0.6321	 -3.2952
+14.3479	 +5.7540	+10.3562	 +1.1420	 +2.0961	 -1.2176
 -4.6367	 +3.5558	-22.0691	 +1.1065	 +2.9242	 -0.6194
 +4.0035	 +5.6237	-12.5312	 -0.5036	 -2.4461	 +1.2703
 -8.1005	 -7.2414	 -2.4871	 -5.5982	 -1.0281	 +3.4839
 +2.2927	 -2.7843	 +2.4413	 +4.7814	 +1.1085	 -0.2498
 +8.9686	 +3.9033	 +9.0796	 +2.0986	 -1.8294	 +2.1455
 -0.6939	 +5.5262	 -1.1544	 -1.7708	 -4.3530	 -0.6779
 +5.8036	 -5.5984	 +8.7755	 +0.4605	 +2.3206	 +2.2298
 -5.9689	-22.5163	+12.3761	 +0.9514	 -0.2922	 +0.0729
+11.3119	 +1.4596	 +0.6431	 -2.3990	 +2.8312	 +0.3791
 -2.1804	 +2.3870	 +2.0690	 +1.9970	 -4.4927	 +2.8067
-18.4056	 +3.4318	 -1.2538	 +2.4500	 -0.6789	 +1.7548
 -2.0249	 +2.2672	 -0.6576	 -5.5948	 +4.4234	 -1.3709
 +2.4036	+14.8099	 +5.6845	 -1.3616	 +1.7704	 +1.1326
-16.9516	 +1.0281	 -5.0698	 -0.5955	 -2.6385	 +1.8857
 +6.4894	 +8.2843	 +7.8349	 -1.8528	 +0.9790	 +0.6374
 +1.9795	+13.6837	 +4.0717	 -1.0203	 +0.8525	 +1.8309
 +7.4139	+25.9884	+34.4310	 +0.5887	 +0.2494	 -1.4139
-12.9928	 -1.9819	 +1.7391	 +0.1890	 -1.4233	 +0.8360
 +2.3711	+20.1518	-11.4953	 -2.7602	 -1.8585	 +0.8490
+21.7528	-12.9441	 +9.1187	 +3.2219	 +0.4031	 -1.9212
 -6.8046	 +3.2530	 -5.0695	 -0.1031	 +1.7905	 +3.7405
 -5.4293	 -2.8383	 -4.4705	 -2.3329	 -2.3798	 -3.9960
 +4.9837	 +4.6972	 -5.2181	 +2.8854	 +2.2552	 -3.7960
-12.6951	 +1.5102	 -5.1924	 -2.5005	 +0.0117	 -0.0380
-18.7141	+10.4456	-25.1458	 -0.0463	 -1.1139	 +2.0299
 +5.0809	 -3.2760	-14.7154	 +0.2884	 -2.8718	 -1.6043
+22.1205	 -2.6514	-16.4928	 -0.8118	 -0.7835	 +2.1606
 +2.8181	 -2.5761	 -6.1823	 -0.2106	 -2.2086	 -3.5146
 +0.7004	 -3.7665	 -4.3069	 -0.1161	 -1.4639	 +0.8239
+11.8966	+15.0888	-14.1400	 -0.0055	 -0.9387	 -0.1258
-15.7520	+38.1391	-11.3148	 +1.7069	 +1.5547	 -0.0086
 -4.9628	 +2.8968	 +1.0290	 +0.3942	 +1.1846	 -3.3940
 -9.8671	 -6.0244	-17.9201	 +1.3486	 -1.0384	 -2.8201
-12.6059	 +0.9088	+11.5456	 -1.6136	 -4.3694	 -0.8730
+18.1950	-10.3451	 -9.0263	 -0.5251	 -0.3247	 +0.5782
 +5.2349	-20.1528	 -2.6000	 -2.1282	 -2.1291	 +0.4375
 +1.0293	 -2.7595	 +4.7682	 -1.4841	 -0.4105	 -2.7424
 +2.9593	 +7.3247	+16.4386	 -1.3601	 -0.3457	 +2.2052
 -5.8486	 +3.6549	-24.8787	 +0.5462	 +2.0192	 +0.7369
-14.2609	+17.5231	 +1.5613	 -1.2077	 -3.0833	 +1.2061
 +6.5993	 -5.6976	-19.4463	 +0.6857	 +0.8044	 +0.8814
 -9.0554	 -3.2762	 -1.3721	 +1.4974	 -1.7083	 +0.5781
+15.2278	 +6.2295	+40.6604	 -0.5980	 -0.5374	 +0.4681
 -9.6227	 -2.7898	 -0.0166	 +0.6941	 +0.2662	 -2.1721
 +6.2173	 +4.0553	 +7.5888	 -1.8559	 +2.5006	 -0.1004
-10.7478	+18.7738	 -0.8845	 +2.8524	 -1.0246	 +1.6525
-13.2738	 +3.4311	 +3.1903	 -1.5421	 +1.3591	 +0.1797
-12.9401	 +4.5673	-15.1982	 +0.0787	 -2.2225	 -1.7105
-10.7488	 +8.8644	 +7.7624	 -3.5739	 -0.9239	 -0.8210
 +0.1874	 +3.8194	 -3.8658	 +0.2519	 -0.0204	 +4.1188
-61.4562	-17.9836	-25.7078	 -0.4752	 +0.1806	 -0.0505
 -4.7889	 -2.2418	 +6.3122	 -0.5652	 -3.5026	 +1.6178
 +4.8766	 -2.2632	 +6.1086	 -1.6055	 +0.3355	 +0.5014
+10.9191	 -5.5277	 -3.3343	 -1.0382	 -0.6032	 +1.4866
