# Iterations: 71 of 100
# Total Energy: -6.701e+05
#    Kinetic Energy: 6.747e+05
#    Potential Energy: -1.345e+06
# Current Time: 2018-05-08 04:13:52.677837
# Elapsed Time: 0:09:06.485590
# 
# Med. Times for Sections
#    Force Computation:		3.143049
#        [3.2122283.2324503.1932743.1763463.1574023.1286973.1165123.1094693.1159313.121934]
#    Gather Particles:		2.647330
#        [1.8322481.6869163.1101093.0031862.6373762.4075672.7577693.6975762.6572841.750327]
#    Overall:		7.522232
#        [6.7500986.6265638.0803577.8911027.5084307.2572887.6440038.4893807.5360336.580738]
#    Scatter Particles:		0.001898
#        [0.0018900.0019090.0019680.0018670.0020110.0019010.0018950.0018530.0019020.001829]
#    Time Integration:		0.001773
#        [0.0018210.0018130.0017720.0017730.0017740.0018210.0017640.0017670.0017800.001773]
#    Tree Broadcast:		0.765127
#        [0.7525770.7681580.8233450.7518780.7507750.7699070.8182430.7340940.8133540.762096]
#    Tree Construction:		0.947570
#        [0.9492960.9352780.9498520.9560140.9590510.9473590.9477810.9445840.9457400.942736]
# 
# x	y	z	vx	vy	vz
# 
 -6.2962	 -4.1294	 -2.7935	 +1.3059	 +0.8138	 -0.2662
 +3.0872	-19.1924	-11.3874	 +1.1281	 +2.0572	 +1.7654
 -1.8947	 -4.9130	 +8.0844	 -1.6716	 -2.5776	 +2.1557
-24.0304	+25.4842	 -0.7848	 -2.2164	 -0.8553	 +1.1982
 -4.6863	-18.5726	 -6.2429	 +1.7885	 -1.3965	 +0.3060
 -3.2034	 +0.8045	-16.5796	 +2.7226	 +0.6643	 -0.5552
+13.8610	-15.3157	 -8.6944	 -1.3321	 -0.9051	 -0.9566
+11.2525	 +7.7580	 -6.1944	 -1.5520	 +0.1514	 -0.2050
-26.5304	-35.0786	-11.2481	 +1.9457	 +1.7187	 -0.0981
-13.8508	+22.1564	 +2.0112	 -3.1718	 -0.3085	 +0.5504
-23.6523	+11.0454	+17.3958	 +2.2113	 +0.9544	 -0.3632
 -4.7560	 -3.5524	 -0.1330	 -1.5958	 +2.3996	 -1.4228
 +3.4118	 -0.8997	 -6.0793	 -2.6946	 +3.1469	 -4.3477
+25.5750	+12.2302	-27.2424	 -1.2900	 +0.9685	 -1.1217
 -0.9901	 -4.5340	 -1.9891	 +3.2057	 -1.4492	 -1.3712
+13.1430	 +2.8703	 -1.3612	 +1.8780	 -1.7735	 -1.8701
 -8.7107	 -2.8725	 -7.3307	 -0.9280	 -4.2360	 +2.8600
 -5.2774	 -0.1925	-18.7793	 -1.5297	 +0.6891	 -1.5479
 +9.7430	 -7.5268	 +7.3395	 +0.0440	 -1.2183	 -0.8021
+104.9258	-28.7202	+78.5468	 -1.3682	 -0.8376	 +0.2018
 -6.1601	 -4.4672	 -4.4239	 +3.0444	 +2.2364	 -3.0238
 -3.6958	 -0.6511	 -7.9305	 +0.9037	 -4.4708	 +0.6111
 +5.2300	 +1.3943	 -9.4065	 -1.4749	 +2.5636	 +2.1223
 -4.1169	 -4.9900	 +2.7039	 -2.5401	 +0.7310	 +4.3249
 +7.4533	 +7.5683	 -8.6625	 +1.1545	 +0.6898	 -0.1224
-35.3397	+20.5659	 +0.0145	 -2.0996	 +2.3247	 -1.3061
 -3.5886	 -1.6156	 -4.0570	 -1.5759	 -5.2362	 -2.6219
 +9.0263	 -7.5045	 +3.9690	 -4.2024	 -0.1161	 +2.1215
+10.4868	+12.6629	 +6.3606	 +2.8626	 -2.3581	 -2.3193
-17.6628	-18.5361	 -4.7128	 +3.4251	 +2.1789	 +0.5858
 -4.1228	 -4.5615	 -4.6046	 +5.1943	 -2.8705	 -4.2151
-56.4101	 +8.5372	 -0.1088	 -0.8464	 +2.0028	 +1.8288
 -2.1326	 -5.8370	-12.7200	 -4.3496	 -0.2429	 +2.2917
 -0.5903	-14.6417	 +4.9149	 -0.8756	 +2.1265	 -1.3713
 -9.9731	 -3.2655	+22.1474	 +0.3096	 -0.6229	 +0.9324
 +4.1081	 +1.9714	 -0.2297	 -0.8262	 +0.4232	 +0.3392
 +3.0813	 -4.8316	 -2.3879	 -0.4727	 -4.5934	 +1.8698
 -2.3449	 -1.0228	 +5.4799	 +4.4277	 -3.3628	 +0.6895
 -2.8108	+31.0724	-11.4012	 -0.7497	 -1.6726	 +0.6610
 +3.8465	 -0.0435	 +2.9984	 -0.0091	 +4.5384	 +2.2993
+13.6529	-12.2530	+10.1970	 +2.0861	 -3.5272	 +0.4627
 -4.9036	+10.5025	-11.6932	 -0.3813	 -1.3383	 +1.5284
 -5.9739	 -0.9890	-10.1502	 -1.7209	 +4.0624	 +0.1669
 -6.3054	 +3.4211	 -1.5967	 -3.3246	 -1.6801	 -0.3841
 -5.2870	+22.4965	-20.8089	 +2.3801	 -0.0933	 +0.8110
 +1.7120	 -0.7485	 -1.9959	 -2.1855	 -1.4350	 +4.8814
 -1.6185	 +2.9979	-11.6076	 +2.4147	 +4.5406	 -0.5206
+34.9067	 -5.7963	 +1.3943	 -0.0172	 -1.2572	 -1.5776
 -2.1841	 +5.5509	 -0.0358	 +2.4252	 +1.1171	 -1.1253
 -5.1242	 +1.9876	 -4.3559	 +2.9410	 +4.6682	 +0.7374
-33.6288	-56.9805	-37.6384	 +1.1342	 +0.2772	 +1.5998
 -2.3861	 -6.1450	 -1.3961	 -1.8095	 -2.4431	 -3.9933
+16.3288	 -8.5967	 +8.2557	 -0.4043	 +2.7288	 +3.8894
 +3.9629	+10.4821	 +5.7158	 +2.1765	 -4.2735	 +1.9239
 +5.3581	 -3.6109	+53.8336	 +0.4714	 +2.2172	 +1.8374
-28.4120	 -6.7409	 -4.4133	 -1.7165	 +0.3771	 -0.1645
+31.5072	 -4.7106	 +4.1360	 -1.3907	 +0.9851	 -1.0688
 -5.7647	 +5.8031	 +3.7371	 -1.0640	 -1.3786	 -3.3280
 +0.1623	 -5.3213	 -0.7247	 +3.3488	 +2.5640	 +4.2933
 +0.3023	-21.2410	 +8.4890	 -3.6995	 +1.3763	 +0.0370
-16.7747	 +1.5859	 +8.3476	 -3.9514	 +0.9684	 -1.8399
 -8.4580	 +5.6373	-21.4589	 -0.2561	 +3.9158	 -1.3463
 -1.1425	 -8.1253	 -3.2767	 +2.4522	 +2.9606	 -1.2191
 -5.5606	 -6.8065	 -6.5702	 +0.7181	 -2.5785	 +3.8229
 -3.5018	 -4.4914	 -3.4955	 -2.0299	 -0.0469	 +4.8685
 -8.3573	 -5.5152	-11.1532	 -2.1895	 -2.5910	 -1.3972
 +5.4494	 -1.2995	+22.2334	 +0.5217	 +1.0270	 -0.4162
-15.4149	-13.3825	+27.6618	 -2.3801	 -1.9564	 +0.3567
 -3.0453	 -8.1499	-19.7313	 +0.5357	 -0.7125	 +1.2742
 -4.1664	 +9.6466	 -2.5153	 -0.0758	 -2.7221	 +4.4358
 -2.7648	 -5.7359	 -2.9587	 -1.8578	 -1.4192	 -1.6650
-12.0598	-11.8043	 -5.4622	 +2.1841	 +0.6560	 +1.2109
-11.3194	 +6.5651	 -3.5716	 +1.2827	 -0.0847	 -1.8690
-14.9604	+15.2840	-94.5843	 +1.9212	 +0.0052	 -1.4252
+26.4388	-27.3942	-13.8503	 -0.2184	 +1.6364	 +0.6064
-12.1033	 +8.2855	-10.5547	 -2.2937	 -3.9773	 +1.1710
 -4.3565	 +4.0215	 -8.8829	 +1.1427	 +2.0645	 -0.2880
 -3.5112	 -9.9741	+12.4749	 -2.8310	 -2.0674	 -1.4471
 -2.4269	 +9.9837	 -2.0722	 +3.0922	 -0.4278	 +3.6101
+22.1046	-14.2175	 -5.7107	 +2.4946	 +1.6192	 -0.0289
 -1.5546	 +1.5201	 -0.4950	 -1.0531	 +0.8922	 +3.0089
 +9.6449	+11.0941	 -8.8538	 +0.0159	 +2.3141	 -0.9644
 -1.2697	 -0.7652	 -2.2844	 +1.9632	 -0.3905	 +5.2476
-11.4053	+24.5151	+16.5009	 -0.9600	 -0.2045	 +3.5390
+14.5557	 +5.7124	 +2.3520	 +2.6973	 +2.4970	 +2.9101
 +2.0157	+12.1126	 +9.2889	 -2.8838	 -1.9874	 +0.4198
-17.2827	 -4.4576	 +0.3354	 -0.9920	 +0.7558	 -3.0040
 -1.3985	+17.8124	 +9.7126	 -0.7828	 +2.7443	 +0.7397
 -4.1803	-28.1819	 +8.9531	 +2.0364	 -1.0502	 -1.4464
 +4.7909	 -9.5538	 +1.8895	 -1.3266	 -0.6272	 -0.8337
-11.8699	 +0.9080	 -1.3047	 -0.5831	 +2.2868	 +3.4309
 -2.3559	 +0.3748	 +1.1264	 +2.4704	 +1.5655	 +0.2639
-14.0951	-26.6182	-48.2203	 -0.7359	 -0.8608	 -0.4381
 +3.6032	 +2.3542	 -5.8118	 -4.3476	 -0.4196	 +4.7354
 +5.5150	+12.4275	 -0.5860	 +0.4511	 -1.5650	 -1.1635
 +7.8328	 -7.5985	 +1.3016	 +1.6351	 +1.4629	 -4.1384
 -7.8020	+32.9260	-18.5028	 -0.4731	 -0.0950	 +2.2760
 +0.8747	 -2.7722	+18.1507	 -1.9316	 -0.4268	 +1.3927
-10.2178	+13.9914	 +0.9992	 -0.4982	 -1.6311	 -1.3702
-11.5154	-10.8785	-22.6792	 +3.1558	 +1.7042	 -0.5614
 +5.3325	 -4.4986	 -3.4109	 -2.8625	 -5.4866	 -0.5191
-13.0683	 -1.8219	-11.2120	 +0.9442	 -0.2492	 -0.4269
 -3.7931	 -0.6941	 +2.9407	 -1.3645	 -1.2111	 -3.1661
 -2.7246	 -5.3181	-10.7611	 +1.2917	 +3.5340	 -2.3547
 -0.5553	 +1.7891	 -5.3518	 -0.8324	 -2.4037	 -0.3624
 -6.2922	 +1.0061	 +5.2876	 +4.0553	 +3.0532	 +2.6121
-15.0003	-18.0094	+21.4152	 +3.1418	 -0.3461	 -0.8718
 -7.5109	-13.3650	 -0.7363	 -0.3780	 +1.6159	 -0.3100
+26.4353	+11.0521	+17.9685	 +1.0802	 +1.8341	 -0.3093
 +2.8992	 +1.3338	-10.0558	 +2.4149	 -0.2044	 -3.5235
 -4.0054	 +4.2250	 -3.7551	 +2.7145	 +5.4453	 -1.3496
+474.6143	+387.9612	-227.3210	 -0.2783	 +0.6741	 +0.3145
-138.9551	+99.3799	+199.9991	 -0.1111	 +1.1373	 +0.4417
+10.5176	 -3.3424	+10.3025	 +4.2371	 -1.3369	 +0.5274
 +5.7695	 +1.3368	+20.4620	 -1.7796	 -1.1766	 +0.3747
 +0.6077	+11.0446	 +6.8159	 -0.0579	 +2.4813	 -2.6114
 +5.4890	 +3.8198	 -0.1205	 +3.4788	 -2.9535	 -2.9119
-73.3166	-15.9241	-10.5054	 +1.3446	 +0.1819	 -0.7482
 -4.8912	 +0.7977	 -0.3835	 -2.5402	 +1.4910	 -2.2509
+45.7844	-22.3010	-43.8667	 +0.5371	 -0.7183	 +0.2396
-15.1296	 +7.9877	 -7.8482	 +0.4208	 -1.0221	 -2.1773
 -0.9892	 +1.0080	 -1.4961	 -2.3164	 +4.1622	 -1.2630
 +4.6987	 -0.7262	 +0.0131	 +3.9710	 +2.3704	 -1.7414
 -1.4390	 -9.2360	 -1.1124	 -5.1014	 -0.8402	 +0.6152
 -3.0466	 -0.4259	 -0.1360	 +2.2487	 -2.4404	 +2.7264
 +0.3896	 -3.4249	 +3.0143	 -1.8683	 +3.6458	 +0.5942
-16.3192	 +1.1363	 -4.3249	 +1.3774	 +0.0638	 -3.0558
 -8.8849	 -4.1419	 +3.0580	 -1.4757	 +0.1760	 +0.4142
 -8.6297	 +1.0212	 -7.8193	 -2.2149	 +1.8730	 +1.3762
+11.7757	-12.9709	 -0.8465	 -1.9150	 -0.0644	 -2.4994
+13.9401	+32.1110	-163.1290	 +0.0697	 -1.1591	 -1.3126
 +8.4090	 -1.6603	 +6.3831	 +2.7011	 +2.2525	 -0.7459
 +5.7551	 -3.2315	 -9.4439	 -1.6962	 +3.5364	 -0.8409
 -6.5955	 -7.6205	 +2.5530	 -4.0070	 +0.3695	 -0.0191
 -2.8526	 +0.8316	 -2.4625	 -0.6992	 -3.4062	 -1.5127
-17.7246	+24.5053	-35.5638	 -0.5211	 -1.1306	 +0.7113
 -2.0637	-10.6307	 -8.1483	 +4.9548	 +1.3273	 -1.1755
+19.3108	-16.1660	+15.8175	 -0.9375	 -2.6961	 +1.1645
 +3.4015	 -3.8419	 +4.9750	 +1.8120	 -3.5111	 -1.2105
+12.5704	 -9.3611	-11.9300	 -1.7863	 +0.0752	 +1.6219
 +1.2370	 -4.0397	+11.2491	 +1.4268	 +0.8982	 +1.1877
 +9.3164	 -8.8534	 +6.6982	 -3.2721	 -1.0857	 +2.4768
 +0.7829	 -1.5952	 -1.6742	 +0.8136	 +1.8058	 +1.4949
-31.5027	 +5.3169	-37.2549	 +1.9858	 +2.2126	 -0.0822
+58.2228	 +5.4066	+20.7591	 +0.5820	 -1.9138	 -0.1988
 +1.4732	 +5.8589	 -2.8506	 -0.3447	 +0.3378	 -4.0686
-28.6512	-70.7994	+46.0201	 -1.2862	 +0.9694	 +0.9783
 +3.6360	 +9.9329	 -7.8361	 -1.1583	 +2.8933	 +0.7159
+19.9512	 +7.2359	 -4.5309	 +0.3740	 -1.1187	 -3.2676
 -3.0153	 -2.3700	 -2.6086	 +5.0432	 +3.4977	 -2.3555
 +2.0941	 -3.8715	+10.4934	 +1.0383	 +3.1592	 -1.4615
 +1.2091	 -5.3121	 -0.1557	 +6.0286	 +1.3590	 -1.7081
 +1.5334	 -2.2151	 -1.6185	 -5.9173	 +2.7991	 -0.5992
 -7.4465	+12.3051	 -6.9660	 +0.6653	 -0.9006	 -0.6774
 +6.8255	 -3.3165	 -8.5580	 +0.8049	 -3.5863	 -1.3174
 -9.7613	 -1.9793	-17.0277	 -1.0972	 +1.7681	 +1.3908
 +2.7038	 +8.0654	-15.3263	 +3.1730	 -0.4466	 -2.5756
 +7.2758	 +3.1452	+29.0129	 -2.7765	 +1.1574	 +0.8174
 -6.0943	 +2.4150	 -5.9055	 +1.8538	 -2.3797	 +4.0711
 -6.0345	 +3.3342	 -1.2842	 +1.8402	 -0.1386	 -1.5750
 +0.3998	 +2.3591	 -3.9103	 -3.5229	 +3.5036	 +2.4481
-17.8845	 +0.8082	 +9.3127	 +3.8321	 -2.2539	 -1.5579
 +4.8892	 +2.1838	 -2.3044	 -3.9627	 +1.1166	 +0.0911
+14.5560	 +8.9067	 +4.8274	 -0.8933	 +1.4527	 -0.1574
 -7.3344	 -4.8670	 -4.1647	 +2.4352	 -0.7283	 +4.2698
 +0.6054	 -3.0754	 +5.7079	 -4.8776	 -0.8090	 +2.2684
 -3.2601	 -1.9741	 +0.8317	 +1.4758	 +1.4763	 -3.4886
-16.1760	 -3.0990	-15.5134	 +0.2706	 -2.8068	 +2.5785
 -3.0543	 -1.1382	 -4.6995	 -3.4344	 +0.7539	 +0.2828
 +3.9744	 -4.5256	-14.1726	 +2.6888	 -1.4896	 +0.4362
-15.8499	 +1.7017	-15.9557	 +0.1639	 -1.1505	 -2.1673
 +2.4159	 +0.8481	 -2.6050	 +0.2422	 -0.6619	 +1.9716
 -4.2992	 +1.3030	-10.6234	 -0.9447	 -0.6231	 -4.7879
+29.3908	-13.4999	+25.1572	 -0.5943	 -0.4068	 -0.4964
 -5.7014	 +0.0024	 +3.0929	 +0.0803	 +2.5568	 -1.8369
+53.6118	+26.7260	-26.2156	 -1.9148	 +0.9743	 -0.1614
-15.7409	-12.8003	 +1.7453	 -2.9070	 +1.6801	 -2.3393
 -6.5727	-23.9713	 -9.7110	 +1.5797	 +1.2942	 +1.4478
 -0.1896	 -7.5306	 -2.2904	 +0.9915	 -1.6445	 +2.0750
 -2.0777	 -5.7608	 +1.2819	 +0.3695	 -3.5033	 -1.8596
 -3.2118	 +4.5412	 -3.7689	 -4.4535	 +0.6557	 -1.6545
 +3.0666	 +4.7915	 -8.6148	 -1.8590	 +3.4146	 +1.2548
 +6.8691	 +4.0987	 +5.1604	 +0.3342	 -0.4655	 -1.0202
+14.7583	+19.6204	-22.1270	 -0.6428	 +1.2499	 -1.4121
 +9.5341	 +0.6352	 +1.5960	 +1.8472	 +2.7859	 -4.4473
 +2.9250	 -3.0560	 +0.3703	 +0.3479	 -1.7365	 -2.7844
 +1.4304	 +4.9969	-10.2833	 +0.1842	 +0.9996	 +1.8975
 +1.6902	 -0.8698	 -6.0928	 +0.4814	 +1.8851	 -0.8626
-10.2498	 -8.8774	 -1.1383	 -3.6449	 -1.1272	 -2.2218
 -4.3997	 +4.9979	-12.0394	 +1.8153	 +0.8968	 -0.9183
 -4.7316	-12.3748	 +6.0482	 -1.4894	 -4.1341	 +1.9949
 +1.4512	 -1.5585	 -8.6388	 +2.0153	 -0.0403	 +0.2652
 -0.7617	+24.9806	-31.0597	 -1.5798	 -0.6508	 -2.0001
 +2.3372	 -3.7384	 +7.1954	 -0.1944	 +2.4852	 +3.1841
 +0.3339	 +9.5469	 +0.0369	 +1.9533	 -1.4848	 +1.3575
 +5.8101	 +3.4186	 +0.1643	 -1.3649	 +1.6285	 -0.5556
 +7.6007	 +5.9168	 +5.6495	 -2.8876	 +3.2935	 +0.2879
+31.3482	-101.2090	-36.2456	 -1.3285	 +0.1963	 +0.9664
 -7.5848	+10.3251	 -0.9923	 +0.1103	 +2.6372	 +2.5195
 -8.6804	 -4.9457	-11.3800	 +2.5502	 +3.6087	 +0.5157
 -8.7096	-23.1500	-20.5452	 -1.5384	 -0.8128	 +2.6391
+26.2931	 +4.9835	 +5.6480	 -1.0704	 +1.3330	 -1.7013
 -3.1171	 +5.9126	 -1.4569	 -1.4058	 -1.5864	 +3.3226
 -6.2556	 +3.9658	 -0.1860	 -3.8500	 +3.6258	 +0.0204
-18.3264	 -5.4233	 +1.7783	 +1.5033	 -0.9368	 +1.5172
 +0.0159	 -2.4316	 +0.8101	 +3.0014	 -3.1384	 -0.2357
 -6.8991	 -2.3823	 +3.0242	 +0.0730	 +0.4736	 -0.9180
-15.0999	+20.4600	 -6.5135	 -2.8618	 -0.8406	 +3.0604
 +4.8607	+49.6342	-35.7032	 -2.0403	 +0.8862	 +1.1151
 -3.6386	 +1.6701	 -3.5896	 +5.3456	 +1.4388	 +2.0390
+12.0601	 +5.0634	 -5.6691	 +1.3788	 -2.2308	 -0.5125
 -1.5197	-11.1394	 +2.5963	 -2.4431	 -0.5968	 -1.6677
 +3.6460	 +3.8698	 -6.6504	 -2.2353	 +3.0835	 -1.2657
 +5.4544	 +0.7712	 -4.4164	 -6.0853	 -0.2811	 -2.5508
+20.2694	-11.4367	-18.7432	 -0.4892	 -0.1476	 -1.3206
+119.5306	 +5.0615	-43.4846	 +0.3185	 +0.1493	 +0.6857
+18.2871	+13.3989	 -7.3201	 +0.4828	 -1.4157	 -3.8688
 +4.3877	 -7.7756	 +2.2154	 +1.6524	 +0.5467	 -0.9696
 +5.2446	 +0.3634	 +3.3626	 -3.5604	 -2.0858	 +1.3896
 +4.4453	 -7.9731	 -1.0221	 -1.8984	 +0.7415	 -1.2363
+33.1676	-32.7901	 -6.2018	 -0.8207	 +0.0748	 -0.5721
 +2.6556	 +4.6771	 -1.5791	 +2.6270	 +3.9506	 +1.5205
-14.7256	 -9.1321	 -3.0493	 -1.1800	 +0.6883	 -2.3762
 +3.6400	 -1.7758	 -1.7202	 +1.4735	 +2.5162	 -4.1566
 +2.0537	 -5.0113	-12.1466	 +1.1590	 -0.2023	 -2.3833
 -1.8053	 -0.5229	 +1.7483	 +3.1429	 -0.9702	 -1.0887
 -1.8646	 +0.5118	 -5.8456	 +3.8173	 +1.9375	 +2.3748
 +1.2383	 -1.2006	 +0.9986	 -1.2231	 -4.2140	 -4.2379
 +7.1675	 +6.1984	 +1.1687	 -0.1999	 -1.8941	 -1.5447
-11.8927	 +6.1717	 +3.4066	 -0.1385	 -0.9477	 -1.4033
 -6.2928	 +3.7542	 -5.5693	 +0.2298	 -1.2237	 -0.7131
 +3.0257	 +9.3216	 -2.9521	 +0.7865	 +0.2910	 -1.2180
+11.2579	 +5.6707	-10.3488	 +0.7195	 +0.5896	 +2.2788
 -3.4673	 -5.1985	 -2.8201	 +0.8691	 +3.7139	 +2.8692
 -4.7501	 -8.9265	 -6.6020	 -0.7738	 -1.3608	 +4.3181
 -5.5116	 -1.7686	 +7.1537	 +0.8526	 +3.3290	 -2.0501
 +2.7689	-11.0836	 -0.2827	 +0.4705	 -3.2178	 -1.9832
 -0.8437	 -8.7286	+17.8638	 +1.9363	 -3.2810	 +0.7901
 +6.0986	 +4.3232	 -4.5376	 +1.0156	 +2.5410	 +1.9551
 -0.7483	 -2.1527	 -0.2650	 +2.6130	 +0.6816	 -1.6268
-48.8688	 +7.7695	 -0.2458	 -2.0564	 -1.5132	 +0.4350
 +3.6137	 +3.2448	 +4.8951	 -0.5777	 -1.9592	 +1.8992
 +1.2241	 +1.2978	 +2.2112	 +2.1119	 +6.5549	 -1.5174
+11.5780	 -7.7671	 -3.7364	 +2.8900	 -1.9655	 +0.4508
 -6.8196	 -7.0598	 -1.6755	 -0.4900	 -2.1122	 +2.0533
-16.3537	 +7.6289	 +2.0863	 +0.3621	 +1.3989	 +0.9775
-31.9435	 -9.3432	+41.9466	 +0.2287	 +1.1024	 -0.4674
 +0.0771	 +0.3070	 +2.6174	 -6.0610	 -0.1248	 +3.9817
 -1.3401	 -9.5600	 +5.9571	 -2.3345	 +1.2509	 -2.1864
-39.5412	-31.5506	-24.0011	 +1.5798	 +0.3473	 +1.4892
-19.4567	+20.7627	 +4.8227	 +1.7409	 +2.2815	 +0.7771
-13.1797	 +2.0110	-10.6566	 +1.3097	 -4.3352	 +1.4372
 +9.2461	 -5.7566	 +2.0849	 +1.1879	 -1.3124	 -0.5250
 -1.3273	 -3.9976	 -4.9813	 +4.5058	 -3.9314	 +1.1363
+1871.0618	-30.6043	+790.2089	 +0.2213	 -0.2337	 +0.0662
 -6.0753	 +3.8629	 +5.9235	 +0.4509	 +0.2381	 -2.1029
 -1.9235	 -5.9973	 -2.8172	 +5.6214	 +1.4158	 -0.9787
 -1.1335	 +2.3722	 +5.0875	 -1.4432	 +0.3998	 +4.9575
+25.8351	-16.3325	-14.3710	 -1.0397	 -0.0119	 +1.4781
 -5.0760	 -4.5225	 +1.6863	 +2.3767	 +4.0545	 +2.1008
-55.0247	-47.3361	-69.1444	 -0.9111	 -1.3413	 -0.3138
 +4.6296	-11.6939	-23.5785	 -0.0997	 +3.6323	 +1.0908
+20.5196	 +4.3790	+22.5867	 -2.1235	 +2.1099	 -1.5307
+19.7689	-27.6419	 +9.8836	 +1.1078	 +0.4779	 +0.4239
 -9.1401	 -1.8342	 -6.6947	 +0.9763	 +0.1390	 +0.2453
+13.2719	+26.7032	 -9.7774	 +1.5406	 -2.4050	 +0.4306
 -9.3613	+21.0827	 +3.3924	 -0.1073	 +0.2756	 -0.1810
 +4.6781	 -6.5917	 +0.0093	 +1.4983	 -2.0777	 -0.7908
 -0.1310	+10.3511	 +6.5154	 +1.0264	 +0.7163	 -0.3928
 -0.3977	 +1.6864	 -8.0998	 +0.2380	 -4.5061	 -4.4380
 -4.0763	 -3.3811	+13.7235	 +0.7557	 -1.0821	 +0.1363
 +1.9322	 -3.1116	 -7.4141	 +2.7481	 +2.0434	 -0.8636
 +6.3071	 -0.5420	 -6.8601	 +1.6491	 +1.4105	 +3.6157
 +1.8086	 -5.0330	 +6.2733	 +3.3468	 -3.1555	 -0.4723
 -3.2704	 -0.7051	 -1.6297	 +4.4339	 +2.1401	 +1.4227
+20.9103	+14.9538	-24.6347	 -2.6394	 +0.1156	 +0.9355
 -0.8767	 +5.3893	 -1.5906	 +2.4219	 +2.0195	 +3.8058
 -3.1109	 +0.2716	 -1.7434	 -3.0811	 -1.5488	 +2.4714
 -0.7954	+14.5470	+12.3369	 +0.1947	 +2.3754	 -3.8104
 +2.2066	 -3.5360	 -6.0369	 -2.8325	 +3.0337	 +1.4338
-10.7345	 -2.0638	 -0.4465	 +2.0676	 +0.5512	 +1.2297
 -8.7877	 +6.7111	 -3.7437	 +1.8669	 -1.0168	 +2.3104
-13.6689	 +1.4044	 -3.5230	 -1.8298	 -2.6405	 +1.1891
+11.2805	-11.7349	 +0.4517	 +0.0666	 -0.1866	 -0.5869
 -1.0202	 +7.3640	 +4.9578	 +1.5142	 -1.4685	 -2.9951
 -5.1847	 -0.6590	 +0.8098	 +3.1370	 +2.6995	 -0.9502
-14.9997	 +8.3530	-16.4541	 -2.9647	 +0.4309	 +1.6881
-23.3504	 -4.6050	 +6.5445	 -2.3752	 -1.0153	 -2.5375
 -8.5251	 +4.8331	+11.6340	 +0.3037	 +1.0127	 -0.6033
-134.6881	-41.6512	+71.2538	 +0.6433	 -0.9573	 +0.7051
 -2.3824	 -0.6902	 +0.4442	 -0.9816	 -0.9986	 -1.7525
 +0.7272	 -7.5144	 -0.7078	 -4.5034	 -0.0636	 -1.5867
 -8.6504	 -3.3353	 +5.5923	 +4.2401	 -2.7202	 +0.7373
 -6.7290	 +3.5476	 +0.2698	 +1.6329	 +2.2235	 -5.4717
-11.8484	+10.6486	-15.0898	 -2.0068	 +1.0851	 +0.1020
 +7.2210	 -0.4792	 +2.9269	 -1.0228	 +4.8527	 +0.9763
 -5.6567	 -3.3733	-13.4485	 +0.4405	 -2.4835	 -1.4867
-113.9738	-104.1357	+101.6410	 +0.3720	 -0.2803	 -0.0973
-19.6799	+31.3438	+25.6344	 +1.9678	 +1.5721	 -1.3117
-19.0995	-27.1407	 +5.8168	 -1.7014	 +0.1753	 +2.4188
-29.9937	 +9.9618	-22.0109	 +1.3592	 -0.2951	 -2.7363
-11.7685	-24.0923	 -6.9694	 -2.2411	 -0.1285	 -0.7265
 +1.4825	 -1.3124	 -3.3871	 +1.8711	 -1.5084	 -2.7332
 -3.9268	 -0.4547	 +0.8938	 +0.0786	 -0.9221	 +2.8376
 -8.0807	 +3.8993	 -3.1538	 +3.9068	 +1.5888	 -1.7836
 +5.5849	 -7.6542	 +6.7761	 -0.9472	 +0.7603	 -2.6238
-23.9171	 -6.0465	 +2.7155	 -0.2818	 +0.6346	 -1.2915
-17.1502	 -9.0290	 +9.4058	 +0.9715	 -3.1603	 -0.6913
+22.4949	-97.8863	+21.4629	 -0.9535	 +1.1938	 -1.1724
 -9.6369	 +2.9071	 -1.5834	 -2.4358	 +2.1845	 +4.1146
 -0.2761	 -2.1932	 -7.2144	 +1.1924	 +0.9165	 +0.7420
 -2.3167	 -2.9753	 -2.5346	 +2.5960	 +1.4682	 -1.2099
 -2.4311	 +1.2558	-11.9331	 +0.5871	 -2.8639	 +2.2864
 -4.1646	 +5.7558	-10.0972	 -2.7235	 +2.4424	 +0.2165
 -9.6052	+12.2005	+18.3705	 +0.1037	 -2.5478	 +0.2090
 +7.9659	 -2.3483	+21.0536	 -0.6549	 -0.5517	 -1.3394
 -2.9457	 +9.3247	 +7.7955	 +2.8281	 +1.2598	 -5.1190
 -3.1628	 +2.6524	 -2.7603	 -2.4779	 -2.5285	 +0.1563
+10.4887	 -5.2436	 +1.5807	 +2.1482	 -2.5052	 +2.0444
 -5.0126	 -4.3988	 +2.2684	 -0.2977	 -3.5665	 -3.4113
 +2.0251	 +0.5679	 -4.7364	 -1.2928	 +0.8278	 +2.1916
-13.7839	-20.2732	 -5.8832	 -0.6455	 +4.1133	 +1.3365
 -1.8207	 -4.1136	 -1.3871	 -1.1928	 +1.6211	 -7.1528
 -4.6477	 +1.7926	-13.9825	 +0.3937	 -0.8744	 +1.8288
 +1.6496	 -3.4867	 -4.1305	 +1.4982	 +3.3463	 -1.7227
 -3.4715	+10.1598	 +2.8847	 +1.3519	 +1.4410	 +0.2550
-156.3367	-52.5086	+202.2310	 +0.5206	 -0.6825	 +0.2371
 +2.3331	 -3.8055	 +1.2517	 -1.1445	 +0.2993	 +0.1652
 +6.1970	 -7.9375	 -7.1165	 +2.0158	 -1.1221	 +1.0673
+11.7752	 +3.2630	 -3.5714	 -1.1241	 +0.6302	 +2.3823
 +2.2675	 +6.0470	-11.1785	 +0.3951	 +4.4346	 +0.1728
 -2.3168	 +1.4121	 +6.1515	 +0.4147	 -0.1379	 -3.2546
+32.0714	+38.8491	 -1.2358	 -0.8001	 +1.8054	 -1.9319
 -5.5414	 +4.7517	 +7.0648	 +2.1432	 +0.6955	 -3.2938
 +4.0457	 -7.3954	 +7.6218	 +3.5504	 +0.7349	 -1.6582
-11.1583	 +3.4882	-20.6544	 +2.9870	 +0.6492	 +0.5009
 +1.6766	 +9.1805	 -9.7922	 +0.3919	 -1.4868	 -0.9017
 -5.7533	 +2.3889	 +3.1446	 -1.7272	 -1.8806	 -1.6478
 +0.5027	 +9.2675	 +4.0384	 -2.9979	 -0.6006	 -0.3535
 +0.0720	 +1.4883	 -5.9179	 +0.8313	 +0.4808	 -0.4019
 -8.3191	 -6.2879	 -9.6904	 +1.5641	 -0.9655	 -0.0286
 -3.5872	 -6.7309	 +9.6641	 -0.0242	 -0.0990	 -0.5530
+10.4097	 -2.3649	 +1.6514	 -2.2874	 -0.3288	 +2.8001
 -5.4517	 +2.0565	 -1.6924	 -1.9314	 +1.6895	 -0.1577
 -2.8669	 -4.1120	 -4.6573	 +2.1926	 -0.9901	 +2.9241
 +5.9811	 +0.5646	-10.6493	 -1.0082	 +1.6001	 +0.2832
 +0.2061	 +1.6004	 -6.3019	 -1.0718	 -0.1628	 -0.8999
-15.7941	-14.5579	+16.0921	 +1.4166	 +1.4183	 +3.7082
 +1.0247	 +0.4600	 +1.3476	 -0.7153	 +0.9263	 -0.7261
+12.4184	 -8.3055	 -4.3438	 -1.1164	 -2.1196	 +1.1728
 -7.7195	 -9.8078	 -5.8164	 -1.7998	 +0.9202	 +2.2514
-14.7163	 +1.5405	 +7.6990	 +2.9200	 +1.0340	 -1.8380
 +0.8498	 -7.9472	 -0.8937	 +3.6262	 -0.3593	 +2.1326
 +7.7145	 -5.5660	 -7.8860	 +3.0065	 -2.9713	 +2.3170
 -5.6478	 +6.4318	 -2.6155	 +1.1518	 +2.2580	 -1.8366
-14.7072	+27.5911	-43.4412	 +0.5669	 +0.3264	 -1.2213
 +8.5581	-11.9070	-50.9033	 -0.0865	 +0.9990	 +0.4542
 +2.7216	 -3.1286	 -5.0498	 +2.9369	 +0.3896	 +1.5514
-16.8233	 +0.4156	 -8.8512	 -1.8231	 -2.6316	 -1.8090
 -1.5050	 +1.3826	 +2.1608	 -2.6672	 +2.8815	 -0.1870
-12.2356	-13.6504	 -5.9928	 +1.2470	 +3.4603	 +0.1702
-18.9475	-71.4843	 -3.2419	 +1.2609	 +0.7774	 -0.6932
 -0.5455	 +0.2136	 +8.5092	 -1.6546	 -3.2162	 +1.1016
 +3.0789	 +4.5833	 -5.0092	 +2.6305	 -3.6870	 +2.4717
+18.3892	 -6.1934	 -4.7188	 -1.4876	 +1.4708	 -4.2553
 -6.0795	+10.0806	-12.7486	 +3.6189	 -0.2534	 +3.3333
 -5.0353	 +3.3757	-19.2055	 +1.8537	 -1.1224	 +0.3630
-11.1292	 -0.3722	 -9.4713	 +2.2027	 +1.5918	 -0.5144
 -6.1102	 +3.7020	 -1.0440	 -4.6109	 +3.2978	 +0.9203
 +2.8916	 +0.0249	 -3.3458	 +3.4105	 +4.7969	 +1.2602
 -4.8899	 +0.9542	 -1.9482	 -4.3868	 -1.0062	 +2.4287
 -7.3577	-22.5373	-13.8658	 -0.6437	 -0.1065	 +2.4502
 -3.0182	 +3.4293	 +1.5750	 +3.7516	 +1.3645	 +1.6686
 +4.5412	+14.9938	 +7.1582	 +0.0817	 -2.9687	 -1.2679
-58.5362	 -4.4118	-10.5649	 +0.2650	 +1.2601	 -1.0666
 -3.5420	 +1.4021	 +1.2798	 +1.8594	 +1.3410	 +2.1443
 -0.2845	 +0.2112	 -8.4892	 +3.4990	 +2.7421	 -1.1831
 +6.2909	 -6.2740	 -3.6284	 +1.1417	 +3.6764	 -0.0306
 +2.1803	 -0.9182	 -6.6418	 +1.0893	 -3.3062	 -0.6260
 -2.7185	 -4.6234	-14.5717	 +3.3364	 +2.2759	 -2.9956
 +0.8623	-11.3058	-24.6731	 +0.5590	 +2.0244	 +2.0376
 -8.8733	 +7.2008	 +2.2905	 -0.1628	 -0.0449	 +5.3287
 -5.8906	 +1.8096	-13.0334	 +4.4266	 -0.1301	 -2.2109
+10.6701	 +0.0361	 -3.5361	 +2.5019	 -2.4839	 -0.9651
 +2.7773	-29.7973	-20.4259	 -0.6861	 +0.5450	 -1.0382
-10.9334	+20.0466	 -0.1512	 -1.2265	 +0.5924	 +2.3515
 -4.3236	 +0.3689	 -1.7081	 +1.3678	 +2.5384	 +2.4984
 +1.0567	 +1.2043	 +5.6126	 -1.6091	 -4.5949	 -0.1814
 -7.2912	 -9.3334	 +7.3635	 +0.0959	 -2.6334	 +2.0572
 -2.3537	 +6.0882	 -6.0026	 +0.9466	 -4.2925	 -2.8838
 +3.4674	 -1.2431	 +5.3106	 -2.8633	 +2.1947	 -2.4319
 +1.8580	 +0.9168	-11.2675	 -5.2104	 -1.1365	 +0.1590
 -0.2495	 +8.2550	 +4.6346	 +1.3062	 +2.8897	 +2.0068
+34.4539	 +6.6238	 +4.2161	 +0.9552	 -0.0761	 +0.8003
-23.5134	+12.7352	 +0.9003	 +0.8633	 +0.1766	 +1.8170
 -4.1782	 -4.5156	 -7.9396	 +0.6586	 -0.5969	 +1.8176
 +5.0505	-21.2040	-19.6929	 -0.9391	 -2.4713	 -1.9333
 +5.9473	-12.0610	 -4.4437	 -1.2429	 +3.3744	 -2.3084
+10.5936	 +8.9862	 -4.4252	 +0.6238	 -1.5565	 -2.1280
-33.6671	 +7.8475	 -1.6484	 +2.5089	 -0.1182	 +3.3272
 +4.9856	 +4.7192	 -0.5134	 -0.4087	 +2.7940	 -1.2092
 +8.4426	 +6.4209	 +5.6092	 +0.0241	 -3.1238	 +0.0852
 -2.7633	 +6.7561	 +0.2573	 +4.2835	 +0.4156	 +2.9776
-12.7013	-11.1455	 +8.4960	 -0.3756	 -1.8006	 +1.5921
 -9.8410	 -2.2668	 +1.0871	 +0.6054	 -4.2847	 -0.7806
 +1.7132	-13.2947	 -8.2679	 +2.7934	 -1.8517	 -1.5402
 +1.4231	+15.6510	 -2.0698	 +3.6931	 +1.1987	 +1.7582
+17.4381	+12.4553	-15.6569	 +2.6002	 -1.6025	 +0.0485
-19.0686	 -5.0834	+16.0388	 -0.5384	 +2.8277	 +2.3472
+30.8779	 -8.1881	+67.6112	 -0.0662	 -1.8385	 +0.6312
+10.1674	 +6.8333	 +4.9291	 +1.5816	 -0.7925	 -0.5069
 -0.1560	-13.5855	 -4.4494	 +2.7179	 +1.3624	 -1.9385
 +2.3411	 -0.5569	 +2.1577	 -0.5449	 -1.0244	 -2.0490
-18.2826	+10.3857	-15.7337	 +1.5834	 -1.3765	 +0.7519
 -4.9361	 -3.3722	 -4.5929	 +3.6924	 +2.5098	 +2.6692
+24.7123	 +3.0032	 -4.2071	 +2.1819	 -0.4798	 -2.0785
-11.3168	-17.1557	 -3.7947	 -1.5612	 +2.0842	 +1.6856
-14.0991	+14.1265	-13.6936	 -2.0301	 +2.3819	 -2.3945
 -6.8435	-22.0953	 +9.4659	 -2.6308	 -1.1495	 +1.7284
 -3.0870	 +4.4567	 -0.6422	 -1.8656	 +0.4436	 +2.6653
+11.8617	 +6.0804	 -9.9715	 +3.4600	 -1.6370	 -0.0764
 -0.2791	-19.9214	+14.4183	 +1.5335	 +0.5114	 +0.2960
 +0.9420	 -7.7701	 -4.8436	 +1.5861	 -0.6547	 +2.7621
 -0.6326	 -5.7935	 +0.4467	 -4.8031	 +0.7627	 -3.4480
 -9.8450	 -3.4480	 +0.6728	 +1.0146	 +0.0697	 -1.9570
 -1.0017	 -1.8652	 +0.4941	 -3.5436	 -4.6579	 -2.3304
 +3.5781	 -7.6747	-15.0804	 -1.6730	 -1.4598	 +0.8124
+10.2928	 +2.3028	+28.0453	 -0.2865	 -1.8480	 +1.1067
 -4.2123	 -8.5544	 -2.3667	 -3.2802	 -1.2124	 +1.3682
 -1.4756	+12.4668	 +1.6071	 +0.6888	 +0.9390	 +4.3539
 +5.5188	 +2.2527	 -5.7922	 +0.8438	 -0.8464	 -2.8412
-10.8878	 +2.1749	+13.9128	 +2.2497	 +0.0196	 -2.2892
 -5.0770	 -4.0807	 +5.5427	 -3.2334	 +0.2246	 +2.7649
 +3.6667	 -0.9220	 -0.7559	 -0.0422	 -0.7241	 -2.8472
+33.8404	 +8.2507	-19.3186	 -0.5755	 -1.1527	 -0.0823
 -5.8871	+11.9474	-26.9124	 -3.1465	 -0.3369	 -1.4271
 +0.2372	 +1.4621	 +0.9203	 -4.9471	 +0.2236	 -1.2679
 +1.0445	 -4.4962	-10.2069	 +3.7959	 -0.2206	 +0.8827
 -0.8491	 +0.2949	 -1.8476	 -0.6226	 +6.1491	 +1.7033
 -6.5737	 +5.2679	 -2.7567	 -0.0960	 +2.1526	 -3.7032
 +1.4061	 +9.0267	 -0.9552	 -0.4946	 -3.9260	 +2.8395
+13.7882	+11.0980	 -2.1952	 -3.0351	 -2.1065	 -1.3575
+24.7104	 -0.1077	 +6.3132	 -2.0758	 +0.9073	 +0.6006
 -0.9113	 +1.0029	-11.4494	 -0.9153	 -1.1896	 -1.1171
-13.3906	 +0.7031	 -2.6410	 -2.2667	 -0.8972	 -2.5229
 +0.5426	 +1.0053	 -4.4018	 +1.6723	 +0.2389	 +1.1357
 -1.6999	+11.6172	 -1.7819	 +1.9921	 -3.1031	 +1.9555
+17.8387	-63.2237	-33.4100	 -0.4256	 +0.8961	 +0.6842
 +1.7772	 +9.3087	 +8.6602	 -0.5138	 -3.3119	 +2.3948
 +1.9601	 -2.8354	 -5.5215	 +1.8914	 +0.9561	 -1.3343
 -6.9882	 +3.1550	-11.5116	 +1.7785	 -0.5984	 -0.4325
+10.9437	+18.6561	+29.4244	 -0.9903	 +0.0625	 -0.9708
 +1.3136	 -2.4040	 -0.7594	 +2.9150	 -5.7660	 -0.8097
 -0.4986	 -1.6497	 +4.2749	 -2.4893	 +3.3771	 -2.7902
+16.1434	-19.0048	+21.9061	 -0.6956	 +1.2311	 -2.0449
 +0.8580	 -7.4662	 +1.3854	 -2.7181	 -1.1020	 +1.4021
-72.1755	-57.7095	+28.0223	 +0.5422	 +1.2417	 +0.5257
-13.0816	 -4.3859	-12.4653	 +2.4069	 -0.4028	 +0.5858
+60.3707	+42.8429	+41.7972	 -1.2244	 -1.2573	 -0.3398
 -5.7822	 +9.8478	 -7.0059	 -1.4332	 -2.6198	 +3.1672
 +9.7709	 -6.6123	 +0.5759	 -0.8461	 -1.9828	 +0.4549
-109.4901	+51.6566	-21.6593	 -0.5341	 +0.7772	 +0.2660
 +2.9064	 -4.2666	-14.9873	 -3.4508	 +0.0685	 +1.8255
 +6.8915	+11.1128	 +4.1587	 +1.7029	 -0.0965	 -0.7020
 +5.6322	 +1.1626	 -4.0984	 +1.4432	 +0.7299	 -3.8623
 -1.9278	 +2.5945	 -5.8356	 +1.4606	 +3.0865	 -1.9091
 -0.4308	 -3.3534	 +0.7702	 -2.2415	 +1.4184	 -2.0705
 -8.0313	 +8.9652	 -4.0724	 +1.6690	 +4.0198	 -1.8970
 -0.1104	 +1.4854	 +0.2344	 +4.6182	 +3.3440	 +0.2330
 -6.3643	 +1.8413	 -0.9306	 +3.2916	 -4.4955	 +1.1918
 -6.2833	+11.0568	-12.3343	 -0.5801	 +4.8655	 -0.2134
 +6.0401	+11.0186	-11.2231	 -0.2168	 -0.7410	 +1.3932
 +0.3255	 +0.5659	 +0.2188	 -1.2839	 +2.5806	 -1.3510
 +3.7448	 -2.9947	 -3.6940	 +0.9049	 +2.5103	 -2.5842
 +4.1179	 +2.4227	 -2.3224	 +2.2676	 -1.8172	 +3.9664
-33.5601	+10.9694	+12.5837	 -1.3483	 +1.0508	 +0.5436
 -6.8824	 -3.1210	 +5.1528	 +2.9179	 +4.7383	 +2.7025
 -2.1198	-12.9274	 +8.7578	 -1.3141	 -4.6464	 +2.1877
-14.8427	 -4.2154	 +3.8220	 +1.2932	 -0.8830	 +3.9640
 -1.6089	 +1.4331	 -6.4038	 -1.7858	 +1.6263	 -2.3659
 +9.8453	+15.6358	-21.9654	 -1.1700	 +1.0679	 -2.5942
 +0.7071	 +7.9445	 -7.9555	 +3.6257	 -1.5805	 -0.5208
 -9.6083	 +2.0813	-14.7213	 +1.0319	 +0.8234	 -1.1940
 +2.9909	+11.4419	 -1.1074	 +0.3812	 -2.6826	 +1.5819
 +4.2246	 -2.3303	 +3.6681	 +0.3751	 -4.2286	 -2.3191
 -8.1938	 +3.8377	 +6.8623	 -0.4099	 -0.1398	 +0.6294
-14.9271	 -2.6203	+15.6765	 -0.5634	 +1.3406	 -1.0401
-44.1913	+10.4604	 +4.4166	 -2.3765	 +1.5050	 +0.8298
 -0.2395	 +3.4911	 -1.6463	 -0.9459	 +0.4426	 +1.0241
-26.7298	+10.6882	 +9.0348	 -1.0612	 +4.6084	 +0.2185
 -9.1895	-11.0094	 +6.9218	 +0.8603	 +0.8942	 -0.8668
 -5.1824	 -1.4946	 -3.3936	 -4.1153	 -3.2648	 -2.3466
 -4.7314	 -0.8530	 +3.1999	 +0.4420	 -0.3859	 +1.0095
-15.1615	-51.2943	+32.3584	 +1.8964	 +0.0388	 +0.8602
 -3.2844	 +9.0873	 +0.5079	 -1.8622	 -1.3231	 -1.6318
 -0.2490	 +0.6133	 -6.9651	 +4.6487	 -0.2091	 +1.5794
 +1.4280	+16.3475	+15.0105	 -1.8575	 +0.1868	 +1.9509
 +5.2229	+15.0690	+16.7811	 +0.3863	 +1.8218	 +0.6961
 -0.6766	 +6.5474	 -5.5314	 -0.6109	 +1.4429	 -3.2604
 -4.7063	 +7.1073	 -1.4005	 +1.5000	 +1.0483	 -0.9539
 -2.5667	 -2.4416	 -5.2465	 -1.5460	 -0.5584	 +3.9841
 -2.8841	 +3.3625	 -2.5946	 +0.0598	 +0.6270	 -1.4638
+10.8491	-12.5919	 +2.4834	 +0.9574	 -2.7579	 -0.8209
 -2.0038	 +0.7862	 -2.2632	 +0.4807	 +3.0899	 -3.8431
 -2.2410	+22.0565	 +0.5784	 +1.8109	 -0.3468	 +2.6934
 -6.5937	 -5.5272	 +1.5980	 -0.4600	 -3.1310	 +1.3018
 -5.4132	 +2.6705	 -0.3224	 +0.9319	 -0.6557	 +1.2115
+19.3999	+13.7492	 -2.8799	 +0.4463	 -2.1853	 +0.3209
-11.2571	 -2.0226	-11.6901	 +2.5143	 +0.2759	 -0.6149
 -2.3433	 -1.8624	+11.5799	 -1.2259	 -1.2897	 -3.1648
 +2.7144	 +1.7959	 +0.1272	 +0.2983	 +0.1975	 +2.1639
 +9.2857	 +9.9206	 +4.9022	 -2.2783	 +3.1612	 -0.1737
 +3.8339	 +2.4382	 +1.8944	 +5.1717	 -3.7431	 +0.3836
 -4.1788	 +9.9511	 -5.5559	 +2.6219	 -2.2327	 -0.7197
 +4.6193	+15.5132	-17.1081	 -0.3408	 +1.3222	 +1.4059
+11.4346	 -1.0657	 -5.4557	 +0.6637	 -3.5920	 +0.5017
-10.7387	 +1.7819	 -2.1506	 +1.4003	 +2.2333	 -0.3688
 -0.0645	 +5.3369	 -7.8295	 -0.6955	 -3.2457	 +1.2533
-13.2705	 +3.6773	+10.1025	 -2.3261	 -0.2641	 +1.7813
 +7.8284	 -9.1491	+36.5818	 -1.0517	 +0.8195	 +1.9766
 -3.0634	 -8.3819	 -2.9245	 -0.2328	 -1.6265	 -3.1192
-16.1646	 +7.1015	 +0.7700	 +0.4033	 +3.6001	 -0.0440
 +3.7934	 +0.8992	 -1.7711	 +0.9097	 +0.3945	 +0.3259
+17.4471	 -9.2914	 +8.4760	 -0.3245	 +0.7318	 -0.8347
 -0.5214	 -6.6247	 -0.7959	 +3.1436	 -1.3206	 -0.6813
 +0.2389	 -1.5879	-11.5580	 +0.6632	 +6.1015	 -1.3238
 -4.1099	 -3.5991	-11.3990	 -3.0705	 -1.9703	 +1.8845
-22.8479	 +5.1764	-40.6799	 +1.0762	 -1.1064	 -1.1014
+14.7052	+16.6090	+29.8530	 -1.0985	 -0.9072	 +0.7258
 +4.8689	 -2.0933	 -1.0616	 -0.7695	 +0.9454	 +0.8300
 +1.5883	 +6.9632	 +1.2770	 -2.3143	 -1.9631	 -2.4173
 -6.0508	 +8.3820	+23.1510	 -1.1734	 +0.6990	 -2.8340
 -8.1255	 -4.4783	-10.4820	 +2.5434	 -1.6529	 +0.4872
 -1.4984	 +2.1565	 +1.1559	 -5.0671	 -1.2983	 +0.1313
 -9.1171	+15.3677	+13.0147	 -1.5902	 +1.0082	 -0.1674
 +3.9339	 -8.1798	-11.7346	 +0.2740	 +1.4282	 -1.5672
 -4.1911	 -5.2956	 +6.0643	 +2.0107	 -4.5472	 +0.0132
 -2.4712	 -4.0753	 -4.8263	 -2.8923	 -1.6928	 -0.0513
 -3.2489	 +3.8384	-11.7372	 +3.4701	 -1.3901	 +0.4535
-18.2210	 +0.6288	-16.5239	 +2.7648	 +2.3175	 +1.1993
-12.3747	 -6.6049	 -0.9036	 +1.3291	 +0.6338	 +3.2148
 +4.6985	 -1.4908	 -4.3960	 +0.1389	 -0.5808	 -2.0338
 -5.2283	 -2.7418	 -3.0408	 +0.5684	 +2.3715	 -3.4649
 -2.5529	 +3.5989	 +2.3446	 +1.2983	 -4.9393	 -1.8426
 -1.1469	 +3.3918	 -0.3289	 +1.3088	 +0.8773	 -3.2598
+22.5987	-14.9447	 +4.4956	 +1.3039	 -0.1405	 +1.1394
-15.1319	+18.9582	 -7.8109	 -1.0225	 -0.2739	 -0.9448
-11.4533	 +3.7865	 +1.1685	 -1.3023	 -1.4466	 -2.2408
 +0.3292	 +4.3006	 -8.8109	 -1.2786	 -3.1030	 -3.1326
-13.9063	-10.7967	+10.2822	 -1.1869	 +1.4725	 -0.2371
 +8.5200	+10.4933	-20.0930	 +2.6490	 -0.9014	 +2.0695
 -2.3472	 -4.5293	 -1.0717	 +6.7807	 +2.4187	 -0.8620
+20.3436	-12.1357	-24.7101	 +0.1295	 -0.1343	 +1.9931
 +0.0721	 -3.3979	 -3.8449	 -4.7551	 -5.3811	 +0.7932
 -6.8191	 -0.0788	 -2.9848	 -0.0815	 -2.2937	 +3.5454
 -0.8618	 -1.0707	 -1.8652	 +0.9123	 -1.7309	 -3.0874
+23.3272	 +6.5084	 -0.0614	 +0.0307	 +1.8167	 -0.1971
 +5.1157	-12.2111	 -7.5462	 -3.6618	 +0.3700	 -3.9458
 -4.5015	 -5.9581	 -0.6498	 -3.7177	 +1.2138	 -5.5569
+21.4502	 -6.6118	 -6.3961	 +1.0277	 +0.8772	 +0.2044
-19.6964	 -3.8525	 -4.8492	 -0.7701	 -1.9696	 -0.2918
 -5.5049	 +7.2107	 +5.0602	 +2.7791	 +1.0297	 -1.5118
 -8.4155	 -2.7791	-10.6179	 +2.1074	 +2.0730	 -0.7303
-15.0324	 -3.2488	 -0.8255	 +1.1345	 -0.1836	 +0.9338
-18.0070	 -2.8891	-10.0285	 -1.0317	 +1.6340	 -2.7968
-26.0171	 -7.1424	 -5.1988	 -3.1925	 +2.6116	 +0.8407
 +0.0422	 -0.1318	 +4.0360	 -3.5753	 +2.5779	 -4.1282
 -1.1864	 -1.8005	 -1.7948	 -0.9411	 -3.9510	 +2.5064
 -3.6479	+18.1717	 -0.8298	 -0.9397	 +1.7628	 -2.6042
 +3.4960	+10.9741	 +3.2149	 +1.2432	 -3.7335	 +0.3695
-12.6146	+14.2095	-48.8550	 +0.1141	 +0.0294	 -0.1997
+11.0580	 +7.6497	 -2.0052	 +1.6286	 +2.8982	 -0.3743
+14.0568	 +6.7040	-13.6403	 +2.0586	 -1.5224	 -2.1746
-12.8612	 -3.0757	 +0.4430	 +2.3878	 +0.1365	 +3.1189
 -6.7762	+17.2130	-19.1980	 +0.9388	 +2.5590	 +2.7141
 -0.7938	-11.9838	 -4.7625	 -1.1492	 +3.1174	 -1.4943
 -4.8199	 -4.1051	 +0.6093	 +0.1042	 -3.0906	 -1.7388
 -2.4740	 -1.9146	 -6.9283	 -6.0557	 -0.0490	 +0.9007
 +0.8013	 +0.6022	 +2.6365	 -4.0412	 -0.0610	 +0.6416
 -9.5605	-13.2934	 -1.1922	 +0.1383	 -1.5630	 -0.1804
 +0.0528	+24.9623	 -2.1610	 +2.8349	 -0.2502	 -2.7190
 -0.2996	 +2.3428	 -4.0535	 -0.6474	 -0.7209	 +0.9601
+10.6015	+11.4380	 +6.4788	 +0.3774	 +1.8354	 -1.5739
 -4.4911	 -8.7724	 -2.5951	 +1.9787	 +2.9250	 +3.7165
 +2.0382	 -9.8859	+18.0063	 -1.5763	 +0.8950	 +0.1330
 -2.5996	 -0.6426	 -9.9110	 +1.9327	 +0.8629	 -1.3281
 +4.3823	 +2.5019	 -8.4442	 +1.0802	 +0.9498	 +0.9782
 +4.3339	 +4.1580	 -0.2915	 -3.5740	 +0.6752	 +0.5850
 -3.4244	-17.2715	 +6.7159	 -2.4319	 +1.7779	 +0.3441
 -4.0259	 +5.3754	 -4.6414	 -1.3598	 -0.1436	 -0.0397
 +1.0627	 -0.4013	 -4.4374	 -1.5647	 -1.2679	 -0.6073
 -5.8542	 +1.7877	 -3.7883	 -0.3836	 +0.8840	 -3.0582
 -1.0163	 +6.7990	 +0.9105	 -0.3091	 -1.2814	 +0.3701
 -4.6144	 +1.2382	 -0.2021	 -2.4753	 -2.9493	 +2.0392
+10.3928	 -2.4631	 +4.3825	 +0.8682	 +0.1939	 -1.5885
-12.8103	+20.3132	 -7.2848	 +0.9165	 -2.3681	 +0.9353
 -5.1646	 -9.0451	-15.6061	 -0.3600	 +2.8602	 +1.2167
 +6.1613	 -1.1313	 -3.9771	 -0.9207	 -4.2124	 -0.5851
 -4.2628	 -1.4395	 -0.8519	 -2.2432	 -0.5663	 -0.8788
 -2.8533	 +4.7074	 -9.6880	 +0.1405	 -3.0053	 +0.8460
-19.2931	 +2.1601	+14.6264	 -1.1265	 +0.1499	 -4.0526
 -2.7584	 +6.7163	 +5.7278	 -2.7678	 +0.7773	 +5.8141
 -0.1266	 -2.9466	 +1.0343	 +0.4919	 -0.4351	 -1.1331
 +1.9002	 +2.4682	 -2.4805	 +0.5039	 +0.7510	 -0.7996
 +1.9969	 +9.1610	 -2.0761	 +3.5105	 +1.7524	 +0.9827
 -0.8857	 -4.8090	 +0.9244	 -1.9918	 -0.7487	 -5.3668
+20.3736	 -6.7280	 +4.6209	 -2.7833	 -1.5798	 -3.0891
 +0.1725	 +1.8140	 +2.1497	 +1.0867	 +3.3478	 +0.2027
 -2.1671	-34.9118	+58.1918	 -0.3749	 -1.1624	 +0.4898
 +0.2594	 -6.1904	 +0.2714	 -0.7596	 -3.1754	 -0.6934
+37.6319	+35.2002	-30.3209	 -1.7634	 -1.2154	 +0.5895
 +1.8209	 +3.4147	 -2.6951	 -0.7799	 -3.3689	 +3.4030
 -1.6182	 +0.0247	 +0.6150	 -0.6270	 -3.5833	 -3.0931
+51.9327	 +1.5870	-44.5204	 -0.3096	 -0.1708	 +1.5095
-13.2590	-32.7394	+27.3046	 +2.5890	 -2.0037	 +1.5394
+104.1776	+58.6306	+15.1418	 +0.0449	 -0.7956	 -1.6084
 +0.9855	+30.7607	 +4.6532	 +2.8106	 -1.0423	 +0.6134
+23.6558	+66.7785	-34.0136	 +1.1633	 -0.3796	 +0.0187
 -8.8564	 -9.7036	 +2.6108	 +0.3941	 +0.8004	 +2.0060
-11.5151	+17.5278	 -3.0230	 -2.8207	 -1.3572	 +1.1783
 -9.3924	 +1.5339	 -6.4005	 -5.0361	 -0.6595	 +5.1386
+11.5901	+29.0657	-48.7122	 +0.7190	 +2.6675	 +0.2238
 +7.2767	-12.2157	+42.4079	 +1.4835	 +0.9517	 -1.0370
+22.6739	 +6.9809	 +2.6719	 -2.4312	 +1.4665	 +0.8450
 -3.0523	 -4.0548	 -7.9332	 +2.5578	 -3.6257	 -0.9186
 +1.7836	 -7.0126	 -5.0440	 -5.3168	 +2.3030	 +1.4479
 +8.1468	 -4.8921	 -1.4850	 +2.0032	 -0.7199	 -3.3898
 -1.2309	 -3.6737	 -3.5835	 -3.2157	 -1.3621	 +5.2275
-11.8494	 -9.2915	 -6.3423	 -0.2263	 +1.7086	 +0.8648
 -3.3656	 -2.7021	 -2.9220	 +3.8821	 +2.8867	 +0.7201
 +0.5955	+23.6368	 +7.5750	 -1.2320	 -2.0673	 +0.7638
 +3.7321	 +5.7528	-15.6216	 +0.0640	 +3.3387	 +0.1258
 +8.2205	+15.3166	-25.9261	 -1.6078	 +0.1361	 -0.0178
 -4.6913	 +9.1546	 -1.7784	 -1.8922	 +4.3526	 -0.5237
+18.0143	-21.2602	-11.4995	 -1.1574	 +0.8617	 -0.9593
 -4.6739	 +2.2977	 +3.1289	 -0.8009	 +1.2616	 -0.3542
 -2.1495	 +4.4884	 -1.9073	 +0.8211	 +1.2768	 -3.3057
+12.4356	-18.7013	 +0.1625	 -0.9085	 +0.9083	 -0.4307
 +2.1408	 +2.9555	-14.2856	 +0.2936	 -2.5045	 +2.8844
 -3.7517	 -6.2317	 +1.0649	 -2.9803	 -0.0054	 +5.9665
 -0.4842	 +5.7700	 +1.2550	 +1.2312	 -1.0849	 -5.2827
 +1.9808	 -2.0006	 +5.4127	 +0.1359	 +0.5529	 -3.9507
-23.3820	+24.1092	 +8.4075	 -0.0596	 +1.8136	 +0.8548
 -5.3158	-11.7555	 +1.9898	 -3.0181	 -1.7891	 -1.4241
-13.7505	 +5.0406	 +0.0274	 -3.3712	 -2.7089	 -0.8885
+13.1678	+10.5713	 +6.3891	 +3.9266	 -0.4450	 +1.2449
-12.4084	 +4.5319	 -4.3830	 -2.8449	 -0.5390	 +1.6947
 +3.6174	 +0.3014	+11.2861	 +1.2669	 -1.4504	 -1.9572
-14.7007	+66.1611	+21.4659	 +0.7323	 +0.2702	 +1.2503
+20.2274	 -6.2798	 +5.6107	 +1.5883	 +1.0476	 -0.8774
 +4.4232	 -9.7266	 +6.7172	 +1.6133	 -2.9566	 +0.7428
-13.0497	-33.6060	+26.1578	 -0.8884	 +0.5339	 +1.1199
-40.5098	+34.8124	+25.4748	 +1.2426	 -0.2127	 -0.6348
 +0.4656	 +1.8284	 +1.6062	 +1.3495	 -3.7071	 -2.0178
 -3.8517	-17.8039	 -5.6448	 +3.3091	 -0.4977	 +1.6838
 +8.4440	 +9.4200	 +2.7397	 -3.8894	 +1.9758	 +2.1854
 -5.6216	 -1.1979	 -2.8388	 +2.2583	 -6.1700	 +3.4764
 +4.9766	 -2.2042	 +3.6898	 +5.0522	 -0.4442	 +0.5883
 +8.7050	+12.5379	 +7.0978	 +3.1445	 -0.5022	 +1.4018
 +4.1832	-33.1477	+110.6787	 -0.2990	 -1.4577	 +0.5532
-23.7472	+10.5144	 -3.2680	 +0.3642	 -2.9929	 +0.3152
 +5.7489	-13.3860	-18.5877	 +2.4451	 +0.8910	 -1.2601
 -4.4395	 -0.9315	 +3.3441	 -2.1620	 -3.6904	 +0.1119
+11.1794	 +0.9201	-11.5469	 -3.6457	 -2.3269	 +1.6530
 -5.8145	 -6.5406	-19.0723	 -0.5056	 +0.1732	 +2.4463
 +0.7637	 -7.4153	 +3.1374	 +3.4031	 -0.7866	 -3.9167
+25.1171	-25.0690	+39.1427	 -1.3409	 +1.1344	 -0.3674
 -9.8859	-15.9625	 -8.8336	 +2.6247	 +0.5027	 -3.4288
 -1.3262	 -8.5740	 +1.0129	 +0.8598	 -3.7535	 -1.5986
 +5.7374	 +3.9005	 -3.3062	 +0.9029	 +4.3611	 -2.5088
-16.1188	 +6.7892	+14.7096	 -1.6992	 +1.7888	 -1.3708
 +9.6517	 -5.6343	 -1.5319	 +1.1876	 +4.4646	 +2.1152
+14.1721	 +4.0555	 +5.5563	 +0.7951	 -3.4825	 -2.5159
+12.7811	 +1.1872	 +3.5409	 -3.8172	 -0.4473	 -1.5925
 -0.2213	 -0.6361	+22.7404	 -0.3337	 +2.9794	 +0.4576
 +3.5523	 -9.8996	-12.6823	 -0.3749	 -5.0066	 +1.8023
 -0.8118	 +0.8534	 +5.0389	 +3.2959	 -2.9456	 +0.1730
 -4.5905	 -0.4707	 +4.8119	 -2.0531	 -1.2700	 +1.2170
-15.0398	 -3.8403	-10.5153	 -0.2413	 +0.9366	 -0.2693
-12.6609	 +3.6422	 +0.4145	 +2.0222	 +0.7351	 +0.8629
 +1.8448	 +8.1591	 -7.8088	 -0.0839	 +0.4300	 +2.5677
-17.8450	 +2.0741	 +9.5917	 +4.6648	 +0.3193	 +1.7812
 -2.5967	-10.5216	 +2.3818	 +1.2686	 +0.7493	 +2.7562
 -6.3725	 -2.1194	 -3.7351	 +1.2170	 -0.2737	 +0.9168
-11.6270	-10.8564	 +0.5724	 +0.9426	 +2.8170	 +0.6544
 -1.3183	 +7.6183	 +4.5773	 +2.0278	 -2.2949	 -0.5339
+27.2802	+23.0163	 -5.3078	 -0.8583	 +0.8734	 -0.2439
 -5.6008	 -9.4102	 -0.0387	 +1.9369	 +0.0085	 +0.6182
+25.1926	 +3.0626	 +6.1501	 -0.9514	 +2.2739	 -0.8200
 -4.2797	 -4.0802	 -6.9936	 -3.3505	 +0.7537	 -2.6620
 -5.2828	 +3.6182	 -8.9684	 +0.2235	 +1.3819	 -0.8679
 -2.8062	 +2.9675	-12.0462	 +4.1769	 -4.0995	 +0.8037
 +1.8200	 -4.6299	 +1.3309	 -0.1001	 -3.5627	 -2.3980
 -6.6634	-23.9421	 +5.2549	 +0.0282	 -3.2753	 -1.6375
-11.6619	 +9.7297	 +5.0775	 +1.7073	 +0.2340	 -3.1863
 -2.6876	 -2.4458	 -2.8680	 +1.2372	 +5.7896	 +3.0240
-16.6032	 -9.8961	+16.7284	 -3.1334	 -0.5456	 +0.8745
 -8.7744	 +0.4419	 +2.2276	 -5.4324	 +1.1056	 -0.4572
-17.2740	 -7.0826	 -6.3769	 -1.7239	 -2.5897	 +1.2572
 +0.2342	+23.9409	-11.9214	 +1.6825	 -2.3355	 +2.2151
-13.6671	+12.4217	 -3.4658	 +0.2433	 +2.6586	 +1.4462
 +3.7687	 -6.8870	 +5.5333	 -4.2186	 +1.6958	 -0.3329
+13.3763	-23.7008	 +2.2644	 -1.1201	 +1.4260	 +1.5965
+11.1044	 +3.2396	 +0.8512	 -1.6157	 +2.8208	 -1.2326
 +6.8559	+37.8004	-14.2752	 -0.1104	 +1.6020	 +2.2426
 +3.5040	 -3.1724	 +5.7072	 -0.2527	 +0.8874	 +2.3023
 -1.9998	 +8.5458	 -1.0682	 -3.4484	 -0.3576	 +0.2968
 -3.9148	 -1.5194	 -4.6871	 -0.7166	 -3.6771	 -0.4389
+86.9740	-29.3869	+51.7857	 +0.1342	 -0.9255	 -1.3724
 -0.2244	+11.2993	-14.1463	 -2.4798	 -2.1393	 -1.3593
 -0.8231	 -1.9263	 -9.0691	 +2.3777	 -3.3865	 -1.0496
 -1.4417	 +0.1779	 +7.5252	 +2.0476	 +1.0170	 -0.5692
 +2.4378	 +5.7013	-14.5079	 -0.9935	 +2.1660	 -0.5675
 -6.1933	 +0.2474	 +2.1494	 +3.5334	 +3.4286	 -3.9296
 +1.4484	 +0.1987	 +3.6727	 +1.2259	 +2.1566	 +2.0872
 +4.3229	 -6.6519	-10.6396	 -1.7303	 -2.7955	 -0.5532
 -6.7327	 +0.6690	+19.9608	 +2.3001	 -1.0891	 +2.1331
 +2.4155	 -5.7645	 +8.6065	 -3.5479	 +3.0361	 +1.7745
 +4.3317	+14.8771	+25.1163	 +0.5826	 +0.8363	 +3.6842
+10.5579	 +5.5277	+14.9648	 +0.6778	 +0.7740	 +2.0691
 +6.5874	 +1.1258	 -2.3482	 -2.5410	 +1.3602	 +0.1008
 -3.6529	 -8.4135	+21.4838	 +1.3941	 +1.1947	 -1.0309
 -9.2171	 -0.9979	+15.7803	 -1.5684	 -2.1695	 -2.3062
-20.1055	 +1.4982	 -5.9694	 +1.6351	 +0.9886	 +3.8255
 +3.6966	 +2.5966	 +2.7222	 -3.6427	 -2.8520	 -1.8274
-42.7826	+21.9461	 -0.6133	 -2.9250	 +1.3799	 -1.0387
 -3.0197	 -4.1561	 -3.0291	 +0.4858	 -6.8301	 +0.3794
-12.7466	 +2.2237	 -0.3112	 +2.7626	 +2.7501	 +2.1991
+18.3233	 +6.4398	 +7.6370	 -1.4776	 -1.0312	 -1.8343
 -4.0661	 +5.7893	+12.1553	 +2.0781	 -0.3995	 +1.3195
 +4.5722	-20.1330	 +4.4902	 -0.6097	 -0.3240	 +0.8019
 -6.2199	-11.9491	 -2.0315	 -2.1039	 +2.6429	 -1.5743
 -0.3382	+12.3751	 +5.3369	 +0.8315	 -0.4062	 +0.9774
-92.0235	-169.9774	+26.0728	 +1.0953	 +0.0050	 -0.0980
 +5.9970	 +3.8904	 +2.3107	 -1.4457	 -0.4127	 -0.4380
 -2.8269	 -7.0295	 -1.8756	 -3.7384	 +0.6929	 +3.1562
 +2.1484	 -1.8575	 -1.5289	 +3.6531	 +3.1553	 +1.7188
 -7.9844	 -2.4481	 +8.3308	 +1.9308	 -2.8994	 +4.1439
-11.5521	 -1.7038	 -1.0514	 -1.7277	 +0.2208	 +5.4998
 +0.5740	 +0.9566	 -6.7777	 +0.7618	 -3.1478	 +0.5013
 +1.5648	 -5.4773	-12.1838	 -2.0754	 +0.3561	 -0.6343
-14.2012	-11.3682	+22.3817	 +1.7009	 -3.0421	 -1.1965
 +2.6360	 +2.7727	 +1.4795	 -3.4292	 +4.0884	 +1.3172
 +2.4730	 +2.4771	 -4.5454	 -1.5392	 -1.8381	 -2.1181
 +1.4736	 -6.8069	 +3.6964	 -2.8273	 +3.8780	 +2.4132
 -0.5368	 +2.5954	 +1.7574	 -1.7609	 +4.7896	 +4.4921
 -0.9701	 -4.0373	 -1.8265	 +5.9232	 -1.4118	 -0.0040
 -4.4399	 +5.2198	 +7.6298	 -2.7036	 +0.7972	 +0.8428
 -3.3003	+21.4795	 -5.8991	 -0.7657	 +2.5386	 +2.6520
 +9.7981	 +1.7696	 -5.5828	 +0.3103	 -1.9061	 +1.7309
 -3.5210	 -1.2067	-13.0706	 +0.9792	 +1.0636	 -1.6416
 +0.4065	+28.2931	-30.2258	 +0.1939	 -1.0993	 +2.4494
 -0.6386	-19.3968	+40.1990	 +0.4422	 +0.5772	 -1.8202
+17.6154	-20.1834	 -8.4403	 -0.6512	 +3.1703	 -1.2687
 +0.6497	 +3.0312	+15.5660	 -1.6724	 -1.2631	 -1.9865
 +0.4816	 +0.2683	 +2.9508	 -2.8440	 -2.4063	 -5.1061
-13.2399	+14.5630	 +0.6307	 -2.2428	 -0.2811	 +1.1284
 +4.0449	 -5.9873	+29.1562	 -1.5478	 +1.2829	 -1.1416
-46.5315	+21.1413	-75.7248	 +1.0113	 +1.8879	 +0.0008
 +7.3198	 -0.8380	 -1.4259	 -1.6764	 +3.2928	 -0.2162
+13.0717	-16.6873	 -4.5349	 -0.7937	 +1.6093	 +0.8035
 -3.3186	+16.0121	-13.7925	 -0.2564	 +0.9926	 -0.7982
-27.7176	 -2.1177	 -7.3849	 -0.0463	 +1.1207	 +0.0349
 +0.0584	 +4.9216	 +1.6803	 -1.1442	 +2.4049	 +2.5701
 -2.6856	 +6.1260	 +3.3793	 +1.9041	 -0.6537	 -3.2145
 -3.8848	-25.4594	-16.6557	 +0.7608	 +3.0258	 -1.2844
 -1.5670	+11.8058	 +1.5788	 +2.6510	 +2.1706	 +0.4463
 -5.2769	 +2.3608	 -0.7386	 +1.1885	 -3.0292	 +2.3575
 -2.2506	 -2.2481	 +9.1946	 -2.5766	 +0.8005	 +0.4886
+19.5358	+15.5058	-33.4692	 -1.1253	 -0.9991	 +0.4631
+29.1479	+40.4712	+69.1591	 -1.0475	 -0.5735	 +1.0769
 -5.3878	 +1.8864	-23.2909	 -1.7096	 -2.6309	 -0.3631
 +1.9155	 -8.4410	+15.3491	 +2.9120	 +0.5599	 +2.3733
 +0.6266	 +1.5626	 +2.3155	 -1.4993	 -0.9875	 -0.9532
 +3.2087	+16.8071	 +6.9464	 +1.6583	 -1.2690	 -0.1944
+68.1549	+28.5326	+34.8282	 -0.6501	 +0.1823	 +0.6620
 +1.0898	 -2.7018	 -3.2208	 -2.3081	 +3.2719	 -4.4407
 -1.4856	 +7.0003	 +3.6700	 -0.8528	 -3.2817	 +2.5484
-15.3534	 -7.6621	 +1.0631	 -0.1672	 +1.3709	 -3.3924
 +1.8182	 -2.1911	 +0.3386	 -2.2709	 +2.4487	 +3.9810
-41.1211	+10.0871	+10.7438	 +1.0449	 -1.1348	 +1.8242
 -2.1157	 +5.3107	 -8.9308	 -0.7646	 +4.2490	 -2.0139
 +1.5788	 +6.9966	 -5.9459	 +1.0277	 +3.1619	 -3.6154
 -1.2475	 -7.2982	 -1.5174	 +3.7206	 +4.5080	 +0.7363
 -8.7950	 -0.1735	+29.1960	 +1.8692	 -0.1973	 -0.7596
 -7.5584	 -3.7482	 +7.5488	 -0.7604	 -4.6156	 -1.8100
-10.0826	 +6.2873	 -0.9434	 +1.8875	 -5.2172	 -1.1164
 +8.6480	 -3.8505	 +4.9802	 +0.3726	 -0.7653	 +0.7750
 +5.3398	 -6.4122	 +7.7617	 -4.0282	 -3.7557	 -2.4161
 -0.4696	-11.8677	 +7.8104	 -0.2783	 +1.5585	 -0.6695
 +3.6032	 +7.5440	-25.8211	 -1.7561	 +4.0479	 -0.7604
 -3.7404	 +2.5758	 -8.8413	 -1.3244	 -3.3541	 +2.9175
 -1.3706	 +3.8101	 +2.6636	 -4.5825	 +0.6518	 +4.2310
 -0.5957	 +0.2797	 +4.3158	 +0.8587	 +0.7014	 -2.4034
 -4.6540	-20.9157	 -9.6632	 +0.6222	 +0.1639	 +3.1097
 -7.4795	-11.4389	-15.5756	 +3.2621	 -0.7856	 +1.3003
 -3.9963	 +4.0346	 +0.2763	 -0.7785	 -0.6637	 +0.2008
 -4.1829	 -8.8909	 +7.5876	 -0.3893	 +1.2739	 -3.3605
+16.9629	+13.1538	-13.1895	 -0.5964	 -1.3005	 -2.2693
 -5.3675	 -6.1061	 -4.5038	 +3.0474	 +0.7205	 +0.7072
 +1.5908	 +4.3219	 +3.2078	 -2.7910	 +4.1975	 -1.1673
 -2.2600	 +3.9301	 +2.1490	 -0.7676	 +3.0535	 -2.6548
 -3.9067	+11.3260	-25.8970	 -3.5541	 -1.9448	 +0.4010
 -5.7497	 -2.9927	 +1.3537	 +0.4136	 +2.4384	 -1.5927
+20.5436	 +8.5289	 +3.9907	 +3.1359	 +1.0875	 +0.6679
 +3.0076	 +8.1857	 -0.6503	 +0.5643	 -1.6742	 +3.7322
 +3.6106	 -1.1805	 +4.1066	 -1.5661	 -4.9771	 -0.3635
-14.6280	+19.4204	+11.4907	 +0.0863	 +0.6593	 +0.0128
 -1.6488	 -2.2098	 -3.7317	 +0.6236	 -0.7179	 +0.2771
-16.2562	 +7.0139	 +4.9668	 -1.0086	 +0.9282	 -3.9397
 -4.9072	 +5.1517	 -2.6313	 +1.2471	 -2.7130	 -1.1627
 -4.6011	 -1.4650	-10.4581	 -1.9940	 +0.9669	 +0.0452
 +5.0600	 +4.8440	 -9.1991	 +0.6092	 +0.3449	 -1.8203
+22.5477	+10.7123	 -0.6908	 -0.2252	 -3.2852	 -0.2394
-84.0992	+42.9662	+24.9155	 +0.1381	 +0.0921	 +0.6043
 -8.4554	 +0.1568	 +6.4884	 +3.6300	 +3.9437	 +1.8291
 -7.2804	 -0.9044	 -2.1049	 +0.7456	 +2.7913	 -1.8587
 -4.4761	 +7.1968	 -4.1751	 -3.6480	 +1.8247	 +2.2317
 -8.2697	 -4.4498	 +0.8383	 +2.0520	 -0.7254	 +1.6119
-19.8660	+10.9447	 +4.5197	 +0.4793	 -1.6587	 -2.1128
 -8.0121	+14.1988	-31.5709	 +0.8605	 +1.6568	 -1.8920
-16.7572	-19.8174	 -2.1921	 +0.3038	 -1.3482	 +2.9895
 -1.5076	 +4.1804	 -2.2017	 +1.2185	 +3.8647	 +2.7118
 +1.8802	+12.8991	-10.1813	 +0.6660	 +0.4924	 -2.9205
 -0.5117	 +0.8505	 -8.9531	 +1.7077	 +0.3830	 +0.9358
 +4.0617	 -2.0610	 -3.7024	 -3.5691	 +0.4184	 -0.6355
 -8.7125	 -2.8009	-15.5784	 -2.9323	 +1.1753	 -1.2396
 -5.2084	 +3.1696	 -3.6396	 +3.6493	 +3.8542	 -4.0506
 +3.5501	 +1.6416	 +4.9635	 -0.6368	 +0.1797	 -0.3144
+29.9695	+19.9805	 +7.4759	 -1.5165	 -1.9061	 +1.7887
+10.1705	 +1.8714	-17.5586	 +2.7899	 -3.1134	 -0.0901
 -6.5531	 -4.5408	 +4.3725	 -0.5650	 -2.8227	 -3.4666
 -2.7175	 -0.0927	 -0.8232	 +3.7144	 -5.0623	 -2.8021
+22.9268	 +1.5319	 +0.9073	 +0.7250	 -0.5366	 -0.3941
 +0.2487	 +1.8061	 +9.3384	 +3.8522	 -1.3306	 -2.4014
 +5.2736	-14.6999	 -3.6986	 -1.7568	 -1.3602	 -0.9022
 +5.4717	-14.8437	 +3.5723	 -2.3052	 -2.7231	 -0.7368
 +0.0420	 +5.7678	 +0.3348	 +0.1651	 +2.3620	 -4.4900
+13.3652	 -6.9056	 -1.1831	 +0.4536	 +2.4013	 -1.8281
+19.2856	 +3.5120	 -9.2179	 +0.3861	 -3.7862	 +0.5614
-34.9694	-18.1861	+14.8159	 -0.2041	 +0.1740	 -3.0718
 +0.1161	 -8.6590	+12.9197	 +1.8501	 -0.2805	 +1.0182
 +2.2945	+11.4347	+13.6309	 +1.1648	 -1.0814	 -3.0575
 -8.5385	 -7.9739	 -4.2121	 +2.0607	 +4.7265	 -2.6496
 +7.3925	-11.1736	 +2.2409	 +3.1166	 +2.0037	 +1.7876
-11.8765	 -5.9071	 -8.7041	 -2.0310	 -1.7145	 +1.0452
-40.8130	+26.1583	+37.4313	 -0.0543	 +0.5514	 +0.2890
 +9.0848	 +2.0327	 +4.6953	 +5.0970	 -0.5493	 -0.6096
 +1.4543	 -0.9303	 -3.6106	 -2.4080	 -2.5640	 +3.1203
 +2.7713	+10.5682	 -5.4537	 -1.7259	 +2.9280	 +3.2928
 -4.8456	 +3.8607	 +4.3691	 -2.2349	 -1.9481	 +3.8632
 -4.5735	 +2.2954	 -1.7773	 -0.1820	 +5.8730	 +4.6416
+43.3663	 +5.5778	-16.5156	 -0.7275	 -0.7375	 +0.2928
 +0.4692	 -1.3754	 +0.3934	 +1.3928	 +4.3892	 -1.1299
 +8.8969	 +4.2111	 +6.2966	 -0.6992	 +2.2006	 +2.6849
 +6.4583	+11.8007	 +3.8555	 -0.7957	 -3.4571	 +2.0505
 -2.8838	-15.8572	-33.5327	 +1.0287	 -0.7351	 +0.9977
 -4.9274	 +1.2666	 -8.8707	 -0.8338	 +2.6521	 -1.3451
 +3.9314	 +0.8016	 +6.1833	 +0.0539	 -1.2643	 -3.2510
-101.9964	-32.4821	+84.6791	 +1.4004	 +0.1695	 -1.2367
 -0.7900	 +7.3252	 -9.3401	 +3.4894	 -2.7268	 -2.6472
+11.8335	-35.0918	+10.1475	 -1.0099	 +1.8456	 +3.5647
 +3.4978	-25.1778	 -4.1409	 +0.9693	 -0.8134	 -2.2680
 -0.6379	 +0.6843	 +0.5218	 -2.8006	 -0.3878	 -4.1440
 -4.5086	 -7.0150	 -3.9681	 +1.5048	 -3.7125	 -3.0703
 +5.9758	 +5.3164	 -9.6082	 +3.2359	 -2.8143	 -0.9033
 +7.6478	-11.7522	 -0.1062	 +0.6998	 +1.5346	 +0.7218
 -2.9604	 -5.7007	 -9.8111	 -1.8958	 +1.9150	 -2.6233
-10.9507	 -9.3608	 +6.6685	 -2.3154	 +0.3372	 +0.3825
+12.0310	-23.8980	 -6.7189	 -0.3387	 +1.3964	 -1.1467
 -4.4737	 -0.4566	 +2.8368	 +2.5827	 -0.0825	 -0.9771
-20.6670	 -6.5309	 +4.1263	 -1.3213	 -0.3588	 +0.0254
 -1.5045	 -1.3081	 +3.8078	 -0.3901	 -4.8314	 +3.2418
 -0.2174	 +1.1410	 +4.0998	 +0.1911	 -1.0514	 -1.9536
 +4.1617	 -3.1688	 -2.1932	 -2.5671	 -0.4392	 +0.4895
-12.2457	-13.7421	 -7.8640	 -1.1655	 -1.7657	 -3.5079
-64.3346	+22.9370	+50.4373	 +1.2312	 -0.8408	 -0.8403
-58.1776	-32.0818	+18.4625	 +1.3083	 +1.0356	 -0.5539
 -8.6507	 -7.5015	+10.6852	 +1.0041	 +2.2912	 +2.1944
 -2.5878	 +2.5743	 -2.8268	 -0.0579	 -2.3285	 +2.1359
-77.5170	-125.2687	+119.3395	 +0.6661	 +0.0576	 -0.0859
 -6.9269	 +5.4983	 +0.2306	 -3.7756	 -4.6382	 +0.1095
-10.6211	+10.9066	-10.8944	 -1.5627	 -1.6922	 -2.5078
 +0.9148	 +2.4399	 -4.4752	 +0.1971	 -3.1797	 +0.4158
-46.3159	-26.1048	-14.3440	 +1.8819	 -0.5652	 -1.1578
-11.2166	 +4.9655	-10.8362	 -1.5814	 -0.2902	 +0.1519
 +5.5272	 +5.3672	-18.7363	 -0.8972	 -1.6077	 +0.4538
 +8.3942	-31.1032	+36.3646	 +1.3597	 +2.1889	 +1.5804
-12.8983	 +3.2779	 +0.3241	 -1.5003	 +0.3924	 -2.5478
 -1.4143	 -7.8475	 +8.0590	 -1.9091	 +1.1542	 +1.1885
 +3.4918	+14.1801	-20.9922	 -0.0533	 -2.4843	 +1.8364
 -5.9142	 +1.2022	+17.9734	 +2.5077	 -2.9150	 +0.9592
-18.2384	+12.6887	+23.2484	 -1.6858	 -0.4238	 +1.4475
+12.6851	 +9.2579	 +2.7893	 +0.0157	 -3.3088	 +2.2775
+11.8396	 -3.0070	-11.9903	 -0.2658	 -0.5691	 +0.6567
-10.1790	 +3.9720	 -1.0669	 +4.0111	 +2.5001	 +0.6117
 -5.5035	 +3.5736	-16.3807	 +2.3584	 -2.0308	 +0.8176
-11.3809	-15.9810	-23.4424	 -0.1304	 -0.1123	 +0.5059
 -4.3734	-12.6461	 -6.7768	 +2.0551	 +2.0034	 -1.7601
-11.4214	 -9.6639	+21.0293	 -1.4803	 +0.2175	 -0.0694
 -9.4083	 +4.4787	-10.6950	 -1.2230	 -3.1572	 -1.4156
 -7.5520	 +2.8703	 -5.7521	 +4.7258	 +0.6995	 +0.0008
-36.6022	+14.4537	+12.1597	 +0.2021	 +0.6150	 -1.6466
 -1.6510	 -8.4112	 -6.6135	 -1.2639	 +0.3743	 +2.0524
 -6.4585	-10.3834	+14.0778	 +0.9464	 +0.7417	 +2.1202
 +8.8299	+10.4267	 -3.7432	 +0.9847	 +0.4153	 +3.3487
 +2.4793	 +3.1766	 +4.5726	 -4.8715	 -0.6775	 -1.2511
-30.3438	+37.9888	-75.5001	 +0.4375	 -1.4038	 +0.6768
+11.0276	+22.3880	 -6.8493	 -1.6213	 +2.0727	 +1.3591
-13.2414	+76.6381	-52.0781	 -2.1194	 -0.6324	 +0.1685
-18.4464	 -5.4035	 -2.7061	 +0.1460	 -1.4686	 +0.3727
-15.1076	-17.7369	 -7.0728	 +1.2742	 -0.6283	 +2.0856
 +1.4111	+13.1445	 -4.0041	 -0.5519	 +4.3104	 +1.7150
 -8.2667	 -0.4611	+11.2694	 +3.2379	 +1.7394	 -1.6448
-19.7404	 -4.6066	 +5.9683	 +0.8583	 -0.9728	 +2.6827
 +2.5623	 +1.2286	 +5.4904	 +1.7205	 -3.7068	 -4.0620
 -0.5084	 -5.0290	 -9.9416	 +2.6280	 -0.2586	 -1.3090
 +4.7681	 -4.2839	 +2.4958	 +0.5252	 -0.2529	 +1.3808
 +1.8241	 +9.1151	 +3.1033	 -1.9172	 -0.7420	 -5.1232
-15.4834	 +1.6567	 -0.7268	 +0.4685	 +3.3359	 -2.1032
 +1.7791	 +3.6979	 -9.1917	 -4.3147	 +2.1545	 +2.0972
 +9.9399	 +7.7818	 -1.3908	 -3.4665	 +0.0828	 +3.5142
 +9.1303	-24.8459	 -6.4540	 -2.9418	 -0.2809	 +1.9105
 -6.4068	 +0.3310	 -4.4965	 -2.2546	 -1.1709	 +4.9025
 -8.9583	 -1.3927	 +7.8215	 +0.7003	 +1.7953	 +3.0974
+10.6961	+12.0209	 +1.2188	 -1.0767	 +2.6545	 -0.6836
 -3.8082	 +9.3779	 +6.8328	 +2.5337	 +3.3123	 +0.4352
-143.5630	-178.7884	+114.0690	 +0.3715	 +0.8816	 +0.0901
 +4.2307	 -7.9292	 -1.0147	 -0.1416	 +4.9855	 -3.5069
-17.3084	+46.5459	+46.1016	 -0.3219	 -2.1834	 -0.2443
 +4.9458	 +0.7045	-11.7951	 -1.9088	 -2.5318	 +2.6212
 +7.1787	+74.6984	-83.0830	 +0.0796	 +0.0036	 +0.3332
 +0.8187	 -1.9450	-10.2398	 -1.0572	 -5.9651	 -0.6706
 -5.0847	 -4.4557	 +8.1585	 -2.2908	 +1.5844	 -0.4317
-13.7053	+25.7713	-25.3409	 +1.5405	 +0.0702	 -0.1613
-16.0347	-15.3950	 +1.1772	 +1.1000	 +3.1938	 +0.5756
 -4.0663	-14.2535	 +1.0576	 -4.5398	 -0.1465	 -1.3822
 -3.2659	+10.2965	 -2.1836	 -2.8397	 +1.0392	 +0.9647
 -2.0968	 -7.4693	 -1.2896	 +0.0097	 -4.0981	 +3.3545
-11.0388	 -2.4265	 -5.8193	 -1.2406	 +0.1167	 +1.7385
 -3.1339	 +1.2212	 +2.9339	 +2.4992	 -3.5307	 -0.7960
-10.8657	+12.1759	 -0.0533	 -3.9962	 +0.3600	 -0.8350
 -2.8887	 +3.3706	 +2.7147	 -4.5097	 +4.9763	 +1.3922
-22.0654	+25.9406	 +2.1317	 +0.4141	 -1.3871	 -0.0755
 -0.7558	 -1.6747	-21.5770	 +0.6527	 +0.6065	 -3.5186
+13.9935	 +5.1391	+10.6886	 +1.3088	 +2.1455	 -1.0693
 -4.9558	 +2.7009	-21.8603	 +1.0946	 +2.9728	 -0.8247
 +4.1240	 +6.3120	-12.8585	 -0.3208	 -2.2910	 +0.9819
 -6.4252	 -6.8944	 -3.4866	 -5.9661	 -1.3928	 +3.3971
 +0.8618	 -3.0655	 +2.4601	 +5.0945	 +0.8170	 +0.1343
 +8.3294	 +4.4252	 +8.4177	 +2.3194	 -1.7601	 +2.4356
 -0.1777	 +6.6761	 -0.8864	 -1.7243	 -3.5676	 -1.0574
 +5.6366	 -6.2561	 +8.0809	 +0.7437	 +2.2354	 +2.6148
 -6.2419	-22.4143	+12.3424	 +0.9292	 -0.4154	 +0.1631
+11.9520	 +0.6374	 +0.5284	 -2.0114	 +2.8348	 +0.4101
 -2.6949	 +3.4445	 +1.2319	 +1.7031	 -3.3829	 +2.6958
-19.0760	 +3.6198	 -1.7635	 +2.1670	 -0.6152	 +1.7587
 -0.4060	 +0.9284	 -0.2470	 -5.5060	 +4.7730	 -1.5108
 +2.7909	+14.2563	 +5.3393	 -1.3036	 +2.0578	 +1.2525
-16.7223	 +1.7871	 -5.5990	 -0.9737	 -2.5830	 +1.7488
 +7.0045	 +7.9760	 +7.6142	 -1.6952	 +1.1544	 +0.8911
 +2.2653	+13.3925	 +3.5315	 -0.9492	 +1.1694	 +1.8964
 +7.2417	+25.9111	+34.8346	 +0.5988	 +0.2845	 -1.3676
-12.9893	 -1.5671	 +1.4719	 -0.2195	 -1.4378	 +1.0085
 +3.1665	+20.6693	-11.7312	 -2.7236	 -1.7058	 +0.7767
+20.8031	-13.0521	 +9.6680	 +3.3317	 +0.3381	 -1.8645
 -6.7334	 +2.6941	 -6.2295	 -0.1993	 +2.0349	 +4.0908
 -4.6984	 -2.0964	 -3.2144	 -2.6117	 -2.6653	 -4.6445
 +4.0953	 +3.9986	 -4.0857	 +3.2672	 +2.5805	 -3.9986
-11.9205	 +1.4993	 -5.1579	 -2.8554	 +0.0646	 -0.2057
-18.6916	+10.7635	-25.7223	 -0.1108	 -1.0767	 +1.9432
 +4.9717	 -2.4386	-14.2075	 +0.4732	 -2.9052	 -1.9082
+22.3407	 -2.4225	-17.1091	 -0.7041	 -0.7955	 +2.0874
 +2.7739	 -1.9171	 -5.0905	 +0.4405	 -2.3075	 -3.9669
 +0.7062	 -3.2836	 -4.4969	 +0.0645	 -1.8766	 +0.4437
+11.8852	+15.3449	-14.0912	 +0.0873	 -0.8235	 -0.2139
-16.2436	+37.6795	-11.3102	 +1.6828	 +1.6172	 -0.0237
 -5.0157	 +2.5079	 +1.9638	 -0.0415	 +1.4940	 -3.0631
-10.2418	 -5.7100	-17.0726	 +1.2292	 -1.1353	 -3.0332
-12.1147	 +2.1742	+11.7699	 -1.7788	 -4.3534	 -0.6670
+18.3271	-10.2402	 -9.1848	 -0.3810	 -0.4004	 +0.5126
 +5.8436	-19.5082	 -2.7253	 -2.0664	 -2.3240	 +0.4255
 +1.4462	 -2.6007	 +5.4955	 -1.3946	 -0.6907	 -2.2606
 +3.3468	 +7.4138	+15.7704	 -1.3095	 -0.2657	 +2.4114
 -6.0022	 +3.0645	-25.0641	 +0.5108	 +2.0531	 +0.5326
-13.8936	+18.3958	 +1.2060	 -1.3290	 -2.9320	 +1.2454
 +6.3874	 -5.9223	-19.6747	 +0.7781	 +0.7430	 +0.6874
 -9.4311	 -2.7551	 -1.5234	 +1.0798	 -1.8876	 +0.4701
+15.3982	 +6.3842	+40.5172	 -0.5764	 -0.5289	 +0.5213
 -9.7665	 -2.8972	 +0.6309	 +0.3099	 +0.4387	 -2.3028
 +6.7290	 +3.3174	 +7.5732	 -1.6639	 +2.5861	 +0.2204
-11.5653	+19.0472	 -1.3614	 +2.7774	 -0.8559	 +1.6338
-12.7801	 +3.0259	 +3.1104	 -1.8741	 +1.4368	 +0.3814
-12.9405	 +5.2016	-14.6764	 -0.0832	 -2.1478	 -1.8947
 -9.6895	 +9.1076	 +7.9737	 -3.7352	 -0.7455	 -0.6286
 +0.0902	 +3.7540	 -5.0145	 +0.4030	 +0.4898	 +3.7928
-61.3150	-18.0350	-25.6917	 -0.4995	 +0.1731	 -0.0610
 -4.6110	 -1.2032	 +5.7782	 -0.6858	 -3.6498	 +2.0948
 +5.2906	 -2.3497	 +5.9081	 -1.2318	 +0.2544	 +0.8970
+11.1758	 -5.3363	 -3.7528	 -0.7226	 -0.7153	 +1.3939
