# Num Particles: 1000
# Num Cores: 2
# Total Energy: -1.445263e+04
# Iterations: 411 of 1000
# Current Time: 2018-05-05 20:17:54.609817
# Elapsed Time: 3:15:28.701799
# Avg. Step Time: 0:00:28.536987
# 
# x	y	z	vx	vy	vz
# 
 -5.1518	 +8.1222	 -4.7852	 +0.1207	 -0.8639	 -0.9681
+20.9513	 -7.6747	 +5.1973	 -1.3331	 +1.2954	 +0.1972
 +0.6489	 +5.2635	 +6.4007	 -2.6818	 -1.8698	 -0.6738
+21.5730	+30.4847	-23.9905	 -0.8649	 +2.3389	 -0.7131
-17.5278	 +2.7576	 -3.5479	 -1.0329	 -1.8478	 +0.1386
-16.2636	 -1.1699	 -7.2815	 +1.0829	 +1.9220	 -1.6815
 +5.0316	 -1.6164	 -2.0361	 -2.0015	 -1.4385	 -1.8571
 -8.2371	 +2.9914	 -1.8979	 -1.2123	 +1.9950	 +1.4605
 -0.5039	+23.2252	+21.8969	 -0.7732	 -1.9700	 -1.3304
+26.2220	+37.2337	 -8.1927	 -0.8757	 +1.6049	 +0.0803
 +8.4698	+14.0123	 +2.8650	 +3.1646	 +1.0294	 -1.4452
 -0.3876	 +4.4487	 -3.3256	 +1.9324	 -3.0552	 +0.3229
 -8.6719	 +2.9639	+16.9727	 +0.7575	 +0.0042	 +1.5455
+31.9572	-24.8847	+17.9913	 +1.5318	 +0.2063	 -1.1173
 +0.0870	 +4.2107	 +1.1357	 -0.5356	 -3.3978	 +2.3227
-22.7054	 -8.0939	 -3.9352	 -0.5079	 +2.1930	 +2.0982
+19.3556	 +4.0510	 +2.2788	 +1.1492	 +2.1705	 -1.6761
-13.9238	+14.0453	+13.2397	 +1.7606	 -1.6651	 +0.8991
 -9.3917	 +1.7634	+16.3571	 +0.6880	 -1.7551	 -0.3428
+33.6909	-54.8791	+71.1942	 -2.1428	 -0.3269	 -0.6927
-17.9890	 -0.5634	 +5.9513	 +0.4109	 -1.2469	 -2.4761
 +0.3772	 -6.4095	 +4.6186	 -0.1021	 +2.0427	 +2.6662
 -2.0557	 +8.8059	 +1.0689	 -1.5092	 -2.3058	 +0.2609
 +0.3231	 -4.1070	 -4.0237	 -1.7366	 +2.1923	 +3.3535
 +2.7429	 +8.0322	-12.4959	 -0.1116	 +1.6289	 -4.6580
-48.0057	+56.2003	-37.7428	 +0.6577	 -0.1160	 -0.4859
+30.7231	 -6.4046	 +2.9114	 -1.9621	 -0.4638	 +0.1508
-18.6890	 +1.1526	 +2.4958	 +1.2198	 +2.0728	 -2.5080
+19.3658	-11.4514	 -9.5407	 -1.3264	 -2.6608	 -1.5436
 +0.7225	-38.6404	 -5.7060	 +0.7755	 -0.2871	 -0.1614
 -7.7332	-19.5016	-20.0818	 +2.2955	 +0.8592	 +0.1842
-21.9173	+55.0031	+47.1058	 +1.7428	 +0.1753	 +0.3087
-32.8180	-20.1062	 -9.6508	 -0.5677	 +0.5484	 +1.5991
 -0.6189	+11.5301	 -6.5573	 +0.6820	 +5.2732	 -0.6856
 -4.6045	+22.5834	-36.2863	 -0.2083	 -0.3459	 +1.6957
 +4.3669	+20.8739	 -7.9944	 +6.3092	+26.3632	 +1.8514
 +2.4722	-12.4636	 -7.3474	 -1.8409	 +0.2629	 +1.3987
 +0.0630	 +4.3787	 +5.3594	 +2.5370	 -0.3229	 +1.2244
+44.3439	 -2.5867	+74.8105	 +2.3561	 +0.7054	 +5.7198
 +3.3635	 +0.8815	 -2.1091	 -2.6419	 +1.6147	 -2.9163
 -6.2013	+27.5927	 +9.3034	 +0.2726	 +1.1773	 +2.0803
+20.5257	-26.1193	+15.6308	 +0.5075	 +0.5304	 +0.0819
 -9.1725	 +1.4221	-17.2025	 +0.7756	 +1.5303	 +0.0678
 +8.3762	 -6.2059	 -3.6682	 +2.4903	 +2.0428	 +0.0034
 +6.5312	 +7.6941	 -3.3003	 +3.7579	 -0.9558	 +2.9211
-10.4892	 -6.2895	 +5.1302	 -2.2436	 +1.2674	 -1.7766
 +2.7679	-15.9252	 +4.9347	 -2.6566	 -0.1566	 -1.8124
 -1.0135	+20.7838	+40.7509	 +1.3063	 -0.4023	 -0.0167
 -8.6973	 +0.3285	 -5.0783	 +0.5691	 +0.8311	 -1.7866
 -5.9525	 +7.0959	 +3.5796	 +2.4368	 -1.6565	 -0.1445
 -2.4084	+48.4541	-12.5519	 -1.2054	 +1.8892	 -2.0108
+45.9521	 +3.6789	+69.9372	 +0.3386	 -0.3669	 +0.8359
-29.4381	 +6.2850	-24.7250	 +1.6104	 -2.2167	 -1.1166
 +9.2526	-18.2860	 +5.1780	 -1.9357	 -1.7399	 -2.1300
+14.3922	+69.0462	+64.3455	 +0.0313	 +1.1935	 -0.6920
 +8.2408	-12.2881	 -2.1971	 -4.1108	 +2.0106	 -0.2931
 -6.1353	 -3.9147	 +4.9207	 +4.9968	 +1.8014	 -2.5636
 +3.5531	 -2.6080	 -4.6143	 +3.4544	 -2.0037	 +1.5892
-11.3663	 +6.0926	-14.7280	 +0.5609	 -2.3704	 +0.4022
+32.8569	 +1.3500	 -7.6721	 -1.0222	 -2.1333	 +1.0829
-15.7903	 -3.1586	+32.4974	 -1.7891	 +0.3981	 -0.8090
-11.5119	-25.1234	-18.6112	 -0.8855	 +0.4218	 -2.3401
 +0.5594	 +7.2257	 -5.2607	 -3.0554	 +0.7749	 +0.6083
 -3.4284	 -9.3620	 -8.3940	 +1.4534	 -2.3889	 +2.5426
 -9.0227	-15.0215	 +0.5879	 +1.1334	 +0.8571	 +2.3971
-14.8444	-15.3638	 +3.4724	 -2.0120	 -2.0853	 +2.5067
+10.4848	+15.2755	 +9.5753	 -0.1480	 -0.3497	 -1.1993
 +6.8736	 +6.8022	 -9.5447	 +3.2925	 +2.8451	 +3.6464
-19.0290	+25.8823	-13.8729	 -1.2357	 +0.4229	 -1.1637
-299.6383	+243.7059	+408.8796	-10.5395	 +8.7178	+15.1409
 -9.2547	 -4.1758	 -0.7072	 -4.6115	 -0.1738	 -0.8610
 -2.2492	+16.3101	 -8.6842	 -1.2032	 +0.8706	 -1.5753
 -2.5074	 +3.1680	-11.8870	 +1.8766	 -0.7059	 -2.4203
+60.5020	+11.6648	-122.5507	 +1.7125	 -0.1574	 -0.1350
-53.2151	 +6.4228	 +0.9877	 +0.6270	 -0.5687	 -0.4770
-21.9940	 +1.1117	-11.1682	 -1.6178	 -3.1022	 +1.5074
 +2.1134	 -6.2012	-10.4694	 +1.7102	 -0.9286	 +1.0663
 +5.9081	 +5.7528	-12.0402	 +3.2464	 +0.8446	 +2.6308
-50.4348	+101.8360	-88.2557	 -1.3215	 +3.5073	 -2.1593
 -2.8471	-37.3631	 -8.1747	 +1.9135	 +0.3396	 -0.0162
 -7.7014	 -2.3164	 +1.9492	 -3.0774	 -3.9390	 +0.5476
 -2.2137	 -5.1635	 +3.5608	 +3.9344	 -2.8773	 +0.4501
 +9.4942	 -4.1956	-14.7204	 +0.0168	 -0.4200	 +1.1518
 -5.3470	-30.0578	+26.0381	 +0.7753	 -0.4262	 -2.6990
 +2.5074	-22.1753	-28.7748	 +0.9079	 +0.2692	 +0.2227
-29.4277	 +0.7991	+12.8613	 -0.2061	 -0.9106	 -1.2767
 -6.1944	 -5.8816	 +5.5887	 -3.7921	 -0.4113	 -1.1248
 +9.8327	-14.4502	 +7.4634	 -1.7260	 +3.4929	 -0.3843
-10.2227	-17.6198	+11.7115	 +2.7464	 -0.7199	 -1.6344
+45.6387	-28.3072	+23.4772	 -0.6888	 -1.4542	 -0.0051
 -4.1102	+10.4400	 +3.1965	 +2.6008	 +0.3878	 +1.7448
 -5.4800	 -2.5159	 -8.3273	 -1.2054	 -0.1839	 +1.9535
+15.2698	+19.8887	 +6.7979	 +2.4960	 +2.9858	 -0.5417
+20.6241	 +6.0032	-18.2337	 -1.5237	 -0.8019	 +0.9857
-20.4073	-17.2642	 +7.2935	 -0.0054	 +0.7268	 +0.0737
-10.9069	 +4.5080	 +6.3495	 +0.7982	 -2.5967	 +2.1130
 +8.1236	 +8.4096	-28.7623	 -1.3044	 +2.2667	 +1.5677
-22.8503	 +2.8374	 -8.6139	 +1.8339	 +0.2870	 -1.0096
 +6.2405	 -2.7655	 +2.9039	 +0.4793	 +4.0268	 +2.7195
-28.2556	-15.5463	 +5.1677	 +0.9213	 +0.0077	 -2.8678
-10.9643	+12.8227	 +3.9941	 +0.8180	 +4.0950	 +0.6500
 +5.7427	+16.5793	 +8.9392	 -0.8510	 +2.1917	 +0.4995
 +3.9186	 +0.2681	 +3.0564	 -1.1449	 +0.1444	 +2.6956
 -7.6466	 -9.8790	 +6.7810	 -1.1124	 -0.5207	 -3.4414
+259.3872	+64.4900	-134.2174	 +6.2466	 +1.5937	 -3.0867
 -0.7159	 +6.5942	 +5.3339	 +0.2490	 +0.6286	 +0.6369
-47.9303	+24.5085	-15.0974	 -0.7704	 -0.9495	 +1.1441
+19.7670	 -8.6732	 -1.9218	 -0.2223	 -1.4099	 -0.0540
 -1.0320	-28.7145	+18.8452	 +1.4227	 +0.8187	 +0.7417
 -8.4006	 +1.5258	 +3.9304	 -4.5854	 +2.5820	 +1.6250
 +3.9822	 +5.5493	 -4.8149	 +5.1187	 -1.1845	 +2.9242
+462.7342	+414.7321	-214.3020	 -0.3084	 +0.6484	 +0.3285
-141.0120	+143.3465	+214.1766	 +0.0043	 +1.0341	 +0.2677
-15.2163	 +5.0563	+19.8524	 +2.2731	 -0.5075	 -0.8481
-12.4921	 -0.0374	-19.9293	 +2.3791	 +1.4295	 -0.3842
 -1.6587	-13.9436	 +5.1875	 +0.1801	 +2.4561	 +2.4115
 +0.5767	 +5.3852	 -2.7175	 +3.8544	 -0.2210	 +3.0606
+19.7107	 +5.1075	+48.7210	 -0.1548	 +0.0181	 +2.7296
 +1.8635	 -8.9954	 -5.9832	 -1.2279	 -0.7122	 -0.3251
 -7.6357	 +0.5422	 +6.8613	 -4.7472	 +4.4664	 +0.0456
+13.6255	-13.4222	-19.9068	 +1.0195	 -0.4628	 +1.3127
 -1.1518	-11.6553	-12.0846	 -2.1975	 -0.1397	 -1.0077
 +8.1221	 -7.7557	+18.0394	 +1.3031	 +1.0121	 -1.9398
 -1.9956	 -7.1099	 -8.6253	 +0.5524	 +1.2572	 +0.0852
 +1.2395	 +6.1089	 -2.4467	 -3.1405	 -1.9198	 -1.4022
 +8.6302	-14.5477	-26.7360	 -0.3240	 +0.3001	 +1.7190
 -5.4654	 -1.6898	 +8.7516	 -4.2748	 +0.1622	 +1.4991
-15.0341	 +0.4813	 -0.3291	 -4.0417	 +0.8039	 +0.2657
 -6.2684	 +3.6298	 +5.9659	 -0.4336	 -1.2128	 -0.5236
 +6.8709	 -1.6607	 -4.7656	 -2.7318	 -0.6788	 -2.9347
+15.7108	-15.8921	-204.9732	 +0.0232	 -1.1875	 -0.7929
+12.4981	-19.8117	 -6.8252	 +2.0672	 -1.2977	 -3.1730
 +0.8027	 +9.2038	-11.6543	 +1.8578	 +2.3890	 -0.2760
 -7.4316	 -5.3888	 -0.8191	 -0.7763	 +3.6409	 -0.9113
 +1.2735	 +7.1640	 -2.0401	 +1.0329	 +2.1551	 +0.0235
+42.8731	 +7.8295	+14.7042	 -0.4944	 +0.3886	 -0.8140
+18.0342	 +3.1102	 -7.3436	 -0.9396	 +2.5951	 +1.7737
+18.7822	+24.2149	 -6.6200	 +2.0094	 -0.1579	 +1.3688
 -3.7640	-11.5631	 +1.7620	 +1.2679	 -0.5920	 -3.1822
-81.4807	+73.0928	+41.4717	 -1.2324	 +1.3093	 +0.5786
 +1.5891	 +6.4441	 -5.3724	 -1.9647	 +1.2097	 -1.5862
 +9.1365	-15.9970	+15.1436	 -3.4675	 -0.7351	 +1.6258
+265.6197	-90.7725	-75.4361	+13.6360	 -4.3623	 -3.3545
+23.3484	-18.5662	+42.4016	 -1.1734	 -2.2399	 +0.9887
 +5.3507	-42.0890	 -7.5703	 -2.9724	 +0.8007	 -0.7551
 -6.5350	 -4.5842	-17.2641	 +0.6806	 +0.1383	 -0.6744
-60.0571	 -5.2903	+57.6753	 -0.0924	 +2.0061	 -0.4989
+11.1132	 +4.1608	 -5.7691	 -1.5439	 +2.5353	 +0.0339
 -4.5157	 -5.0753	-14.6983	 -4.5638	 -2.0091	 +0.6118
-18.1839	-29.5138	 -5.9535	 +0.3298	 -0.7665	 -0.4541
 -0.6252	 -4.4798	 -0.5788	 +3.0205	 +3.7968	 +0.8594
 +6.0349	 +0.8742	 -2.5727	 -0.0795	 +2.6793	 -0.5320
 +2.3257	 -6.7042	 -4.1467	 +1.5341	 -2.8651	 +0.0266
 -5.4047	 +4.0742	 +5.0194	 -2.2442	 +0.4255	 -4.8075
 -2.1143	 -7.8494	 -5.2396	 -0.8063	 -2.0677	 +1.3693
 +2.0257	 -5.6403	 +2.9136	 +1.3609	 -2.6477	 -4.3310
 +8.5272	-11.0064	 +4.9916	 -1.0717	 -2.2715	 +3.0254
+27.7523	-11.4127	 +2.0965	 +0.1697	 +0.3306	 +3.0844
-17.4158	 +1.3380	 -3.7673	 -2.2693	 -0.1051	 +0.1907
 +5.0013	 -4.7083	 +3.7828	 +2.4401	 -1.1053	 +2.0694
 +3.4859	 -0.3897	 -9.4023	 -2.5865	 +3.8015	 +1.4786
+24.8288	+14.0565	-23.1257	 -2.0880	 -0.3312	 +1.4842
 -4.1245	+16.7022	 -6.6425	 -1.2373	 +0.1015	 -0.3709
 +6.2123	 -1.7205	 -4.2336	 -2.5233	 +3.2936	 +0.1968
 -9.3292	 +6.0734	-20.9668	 -1.7928	 -1.9426	 -0.1184
 +4.4177	 -8.1170	 +9.7062	 -1.9074	 -0.5729	 +1.3930
 +3.2409	 +5.5462	 -1.2445	 +3.3506	 -1.3977	 +2.3498
 -7.2041	-20.3168	+12.7143	 +1.5702	 -0.2966	 +2.6880
-14.2922	+12.1483	 -8.1281	 -1.8946	 -1.6096	 +2.1781
 -6.4997	 +2.5388	-12.0868	 +2.5412	 -1.7068	 +0.3131
+20.1825	-16.2424	-11.5462	 +1.1063	 -0.5867	 +0.8854
 +1.7778	 +4.1633	 -2.4601	 -0.2790	 +0.5433	 -0.8271
 +4.8280	-13.0860	-16.6840	 +0.2471	 -3.2655	 -0.4998
-20.8423	+39.6200	-27.3716	 +0.4210	 -0.1467	 +0.4302
 +1.0042	-14.6907	 -2.2951	 -0.6011	 +3.2518	 -1.0517
-25.4700	-38.4114	+20.4143	 +1.1738	 -2.8995	 +1.2459
-29.6812	-21.2026	 -3.6271	 -0.5755	 +1.7928	 -1.4132
 -8.0794	 +1.4128	 -5.1286	 +2.4197	 -6.0281	 +1.3608
-11.3744	 -1.7674	 -3.5757	 -1.2076	 -1.5119	 -0.0010
 -5.5379	 -1.1668	 +3.5818	 -0.9177	 -2.2934	 -2.9749
-291.8686	+46.9770	+120.4490	 -9.7748	 +1.5602	 +3.8386
 -4.6844	 +1.0834	 +0.4454	 -0.7306	 -3.0265	 +0.3651
 -5.8248	 -0.5323	 -8.6362	 +0.2458	 +4.1189	 -2.0212
+32.1804	-14.2378	+19.4031	 +0.5131	 +0.7235	 -0.9343
+15.8089	 +9.2293	 -6.4843	 -2.8932	 -0.0205	 -1.8427
 -7.8664	 +3.9469	 -7.9242	 -0.4410	 +2.8445	 +1.1739
 +7.8778	 +8.7548	 +4.9914	 +1.5736	 +0.1527	 +1.5156
 -2.7086	 +1.9820	 -0.1641	 +1.0772	 +3.3480	 +0.3057
 -4.2488	 +9.6901	 -9.7571	 +2.7162	 -1.7803	 +1.8886
 +1.5541	 -7.7921	 +0.3196	 -1.4260	 -0.5224	 +0.4310
+10.3078	+46.5501	 -7.1188	 +0.0099	 -0.0968	 +0.1359
-12.1806	 +0.4120	 +6.1279	 -1.1188	 -0.4374	 +0.1347
+17.7145	 +7.4916	+23.5365	 +1.8599	 +2.5116	 -0.0622
 -2.7557	 -3.6164	 +4.0940	 -0.6923	 +3.8793	 +0.8118
-13.0238	 +5.9878	 -9.3895	 +1.3746	 +0.5382	 +1.2086
 +1.3863	 -4.4518	 -0.1894	 +2.7655	 +0.8876	 +1.2450
 +6.9968	+16.5526	 -1.1579	 +0.7484	 +3.5058	 -0.3245
-25.9235	-55.8569	 +9.7786	 -1.2080	 +2.4758	 +1.1503
 -6.9970	 -7.4749	-14.5593	 -1.0426	 +2.6577	 +0.1970
 +1.5062	 -3.2491	 +8.7591	 -1.6449	 -3.7005	 +1.4293
+22.5439	+12.3321	-39.8080	 -0.5072	 -1.7844	 -1.3961
 -9.2882	-33.1332	+22.4772	 +1.9334	 +0.9381	 -0.3253
+36.2314	+28.7264	-54.3537	 -0.2886	 +1.0280	 +0.1626
 -2.7292	 -7.4345	 -2.3523	 +0.2649	 -0.8907	 +0.5579
 -9.8597	 +7.4630	-14.6905	 -2.3044	 +1.0288	 -2.0389
 -2.7148	 +6.4308	 -8.5339	 -1.3281	 -0.1342	 +1.1205
 -1.7265	 -4.5341	 -3.5156	 -1.4717	 -2.5779	 +0.4974
+25.6563	-20.3111	 -6.5674	 +0.2318	 +2.2306	 -2.2233
-41.4957	 +1.2137	+30.2355	 +0.7591	 -2.7111	 +1.0080
 -7.3403	 -3.1278	 -4.9291	 -1.2100	 +5.3588	 -1.6547
 +5.1078	+11.3007	 -0.6587	 +1.8849	 -0.5353	 -0.9381
 +7.8053	-10.7790	 +6.5168	 -0.8328	 -2.5683	 -0.2945
 +2.7659	 +0.1262	 -4.5795	 +0.2556	 +0.1088	 -1.8924
+17.4382	 -1.7257	-25.2268	 -1.9662	 +0.1850	 +0.8641
 -9.3028	 -2.1796	-25.5062	 -1.3400	 +0.5254	 -1.0877
+110.5627	 +9.9634	-10.1498	 -0.8125	 +0.0806	 +0.9182
 -1.2452	+10.4548	+21.6636	 +2.8125	 +2.1287	 -0.7815
 -6.7234	 +0.5303	 +3.9153	 +3.3091	 -1.3131	 -2.2922
 +0.2086	+11.1589	-13.8814	 +1.3644	 +0.4532	 +0.0130
 +0.2407	-18.0440	 -1.4725	 -0.4447	 -0.0772	 -1.0034
-25.8733	+48.7688	+37.1466	 -0.0313	 +0.6055	 +0.8703
 -9.0665	 +0.8974	-15.3796	 +1.9406	 +2.1909	 -1.7002
-70.8145	-58.2694	-66.3340	 -2.4823	 -1.5896	 -2.6383
 -8.1106	 +0.7147	 +3.4740	 +1.1669	 -2.6882	 +0.7647
 -3.2351	-11.5710	+13.2171	 +0.5406	 +0.2075	 -1.3223
 -6.2645	 +0.3507	 -0.7073	 +1.5208	 +0.2927	 -0.5717
 -2.9164	 -2.0297	+11.1073	 -1.7383	 -0.2264	 +0.5779
-26.3874	-103.0128	+86.4370	 -0.3140	 -1.5649	 +2.0570
 -0.7352	 -6.0468	 -9.1748	 -2.0412	 +2.0296	 +0.0844
-10.7258	 -8.9917	 -6.3687	 +0.8506	 -0.9616	 -1.3425
-14.7974	 -1.4633	-22.3277	 -0.5301	 -0.9939	 -0.9942
+135.1174	-175.2371	-111.6453	 +5.6173	 -7.4300	 -4.4893
 +8.8824	 -0.6062	 -9.8941	 +0.5190	 +0.9462	 +2.4835
+21.3065	+13.4156	 +4.0965	 +0.5203	 -0.4529	 +0.0442
 -6.8052	 -5.5114	 -6.5946	 -3.1756	 +0.0739	 +2.0862
+11.2115	-16.4753	 -3.2533	 +1.0897	 -2.4243	 +1.0349
 -6.9705	 +1.0269	-31.9174	 +0.1671	 +1.0536	 +1.1870
-27.0226	+12.3265	+26.9976	 +0.5643	 -1.4519	 +1.0164
 -2.7286	 -3.2245	 -9.6895	 +2.0351	 +1.3718	 -1.4866
 +1.2204	 +0.0047	-13.8956	 -0.2417	 -2.3182	 +1.2385
-40.0612	-38.2176	 +9.6639	 +2.0593	 -0.1845	 -0.0657
 +6.3730	 -5.4076	 +4.4222	 +1.5814	 -1.7966	 -1.8769
 -8.8213	-10.7400	-17.5197	 +0.3078	 -1.8270	 +0.9385
 -0.9918	 -6.1760	 -2.5666	 +2.1621	 -3.3573	 -1.2335
 -5.0944	 +7.8539	 +5.7503	 +0.1638	 +1.1269	 -1.2663
-10.4261	 -9.6373	-16.1509	 -0.6059	 +1.0804	 -0.1875
+29.6504	-42.0371	-30.1214	 +0.1735	 -1.4182	 +0.0489
-21.3532	 -7.4082	 -7.6320	 +2.0058	 +0.6113	 -0.0001
 +7.4612	 -7.5299	 +3.9137	 -3.0019	 -1.4168	 +0.3348
+30.4996	+79.0691	-20.6879	 +0.3145	 +1.8994	 -0.9235
-30.8653	 +3.4061	 -0.9350	 +1.3318	 +2.3010	 +0.8592
-10.0495	-55.9896	 +3.8516	 +0.7850	 -1.7877	 +0.5240
-11.7417	 +6.0552	 +9.6243	 +0.7214	 -1.7600	 -0.6556
 +3.8566	 -6.7706	 -5.4763	 +2.3802	 +1.8393	 +1.0765
+1879.9385	-40.0641	+792.8528	 +0.2173	 -0.2337	 +0.0645
 +3.1043	 -1.4994	 +0.1234	 +0.4293	 -0.9222	 -1.1141
-15.7629	-10.6491	 +0.7918	 +0.7194	 -1.9034	 -1.5319
 +8.5695	 +8.1296	 -4.8241	 +0.3909	 +3.0344	 +0.6342
 +5.6549	 -8.6252	 +2.1586	 +1.3554	 -3.2524	 +4.0816
 -5.0055	-15.6082	 -0.8124	 -1.3310	 +0.1626	 +2.5207
-76.0067	-85.9684	-64.0447	 -0.1858	 -0.5979	 +0.4496
 +0.7685	 -1.9191	-13.5697	 +1.0877	 +4.4647	 -3.0405
 -7.8851	-63.0605	-28.1320	 +0.8197	 -0.8368	 +0.6377
-34.8982	-13.6619	-16.1159	 +1.4109	 -0.7985	 +0.8326
 +1.7575	 +2.5684	 +3.0363	 +0.1518	 +0.8607	 +0.5275
-13.6012	+23.5081	 -5.6648	 +3.3126	 -0.3268	 -0.3816
 +5.3599	-11.7242	 +8.6876	 +0.7634	 -1.1916	 +1.5293
 +1.4148	 -3.1340	 -5.6803	 -1.8787	 +2.1863	 +0.9363
 -0.5586	-20.4224	 +7.5261	 -2.6136	 -0.1519	 -2.2927
+54.9649	+105.6709	+25.3564	 +1.2497	 +2.9379	 +0.3421
-10.2897	 -6.6458	-16.3076	 +2.2480	 +3.2264	 +2.5683
 -8.4410	 +3.0946	 -1.8590	 -0.4883	 -3.6750	 +1.5904
 +5.6780	 +3.6150	 +0.6627	 -3.1116	 +0.2394	 +0.9252
-13.8702	 +3.3644	 -2.8918	 -0.1593	 +0.0405	 +4.0937
 +4.1681	 +7.5064	 -5.9334	 -1.4366	 +0.1345	 -1.9641
+17.7863	-31.3220	+25.4469	 +0.5815	 +0.9458	 -1.3251
+280.1819	-110.7684	-322.8663	+10.4460	 -4.1212	-11.3296
 +1.5699	 +5.5297	 -4.0895	 +2.0735	 +2.1550	 -0.8274
 -3.4668	 +8.1185	+16.3101	 -0.1843	 +4.3823	 -1.2291
+13.7918	-10.7441	-18.8877	 +0.9063	 -1.1284	 -1.5445
 +3.5883	 -1.7080	 -2.7484	 +0.1029	 +0.6478	 -3.4342
 -4.5258	 +1.2815	 +4.4081	 +0.5241	 -2.4978	 -0.9837
 -6.8772	 +8.7479	 -3.8553	 +0.0777	 -3.0483	 +1.1037
+10.6863	-18.1969	-13.0982	 +3.3786	 -3.2150	 -3.5287
 -6.3036	 +6.9137	+11.3332	 -0.4607	 -0.8081	 -0.3597
 +0.4460	 +1.8701	 -8.9950	 -0.3744	 -1.6312	 -3.0357
-16.9892	 +7.2064	 -6.0944	 -0.7036	 -1.2823	 +4.1782
-19.0934	-10.9973	+22.6916	 -1.9451	 -0.6010	 -1.7891
 +6.4195	-13.0242	 -8.0801	 -0.7674	 -0.4291	 +0.1269
-96.9703	-75.3858	+92.3603	 +1.1928	 -0.6850	 +0.3182
 +2.4111	 +9.0537	 -6.0053	 +0.6077	 -0.7060	 +0.5668
 +4.8730	 -4.9750	 -0.4520	 -2.5515	 -2.6928	 -1.8208
 -9.6497	 +4.6165	-19.4283	 -3.2504	 +0.6037	 -3.0637
 +3.1789	 +1.3074	 -7.1528	 +3.4630	 -3.1500	 +3.7353
-15.1254	 +8.7245	+19.1907	 +1.7282	 -0.5091	 +0.2325
+204.9231	-13.0597	+71.8584	 +6.8016	 -0.0928	 +2.6717
-16.0530	+10.5929	 -4.4686	 -2.3433	 +0.3222	 -1.0796
-92.3634	-108.9389	+91.6455	 +0.6963	 +0.0596	 -0.4020
 +1.3870	-41.2380	-17.6356	 -2.0978	 -1.7076	 +1.4643
 +5.4185	-16.4920	-26.8294	 -1.5640	 -2.9670	 -0.5135
 +2.4837	 -4.0351	+29.8825	 -3.3167	 +0.6846	 +1.1151
+24.2189	-20.7600	 +4.2408	 -2.1333	 -0.3087	 -0.8647
 -0.7633	 +5.1547	 -6.2731	 -1.2659	 -0.7539	 +2.5560
 -1.1612	 -5.9517	-12.0368	 +0.6759	 -1.4363	 -1.9222
-11.1278	 -6.1059	 +6.7912	 -0.8322	 +2.4909	 -1.7796
-16.7175	 +8.0747	 -1.6041	 +1.3524	 -2.1334	 +0.7632
 +3.4814	 +3.2337	 -3.8959	 +1.5650	 -2.9794	 +3.9200
 -0.1252	-23.4988	 -1.7528	 +2.4541	 -0.1601	 -1.7939
 -6.3977	+20.8837	 -6.2629	 +1.9623	 +4.0655	 +2.9182
-17.5716	 +2.1872	 -4.2701	 -0.9604	 +0.7192	 +1.8990
 -9.7184	 +2.4868	 -4.4656	 -0.3470	 +2.1409	 -0.4280
 -4.2425	 -3.8213	 +1.2695	 +0.8318	 +1.0812	 +1.4529
-11.4448	 +6.4419	 +4.9214	 +1.7712	 -1.5199	 -1.9658
 +5.9331	-10.8595	-14.6052	 -1.0821	 +1.6542	 -0.3689
 +2.1399	+21.9987	-15.6302	 -1.0686	 -1.1441	 +2.9970
 -3.4978	-20.3095	+25.7842	 -0.7106	 -0.3349	 -0.5905
 -6.2922	-23.7882	 -1.8817	 -0.6908	 +3.1456	 +2.5058
 +9.1726	-10.5163	 +6.7987	 +0.1472	 +0.1271	 -1.2240
+10.8992	+21.5988	-47.7332	 +0.5870	 -0.8341	 +0.5241
 -1.4608	 -3.1514	 -9.8810	 -0.8731	 +3.6482	 +0.8208
 -0.7676	 +3.6636	 +0.1678	 -0.3966	 -1.8666	 -1.1890
+39.1039	 +0.8259	-11.4065	 -1.5684	 -1.6442	 -0.3158
 +6.7680	+11.3555	 +6.3580	 -0.1146	 -0.8989	 +2.3222
 -2.2822	 -4.6924	 -8.8934	 +1.0609	 +0.5423	 +2.0919
 +2.6669	 -4.3698	 -5.1965	 +0.1210	 +2.3583	 -1.3945
 -3.7971	 +3.9756	 +2.3846	 +4.6834	 +0.2048	 +0.5615
-132.2188	-78.8891	+207.5096	 +0.6668	 -0.6159	 +0.0224
 +1.6900	 -5.8821	-10.4053	 -0.4435	 +1.0947	 +1.8754
 +1.7996	 -1.7479	 +0.9086	 -1.4732	 -3.4578	 +2.4015
 -9.1377	 -3.8628	 -5.1024	 +2.1886	 -1.7815	 -3.9913
-11.0501	 -2.3094	+19.6156	 +0.0637	 -1.4138	 -1.6297
 +0.2035	 -3.5046	-12.1562	 -0.5034	 +0.2173	 +1.9960
-30.4856	+28.7507	-47.1194	 -1.3524	 -1.8047	 +0.1339
 -6.3811	 +9.4910	 +0.8548	 -0.9695	 +1.4189	 -0.4859
 -8.0682	+10.8600	-13.5668	 -2.8844	 -0.7013	 +2.2161
+16.3616	 +6.2771	-12.9852	 +3.0610	 +0.2036	 +0.9930
 -0.4872	 +1.2632	 -8.1989	 -0.8183	 +0.1879	 +2.5971
 -6.3573	 +5.0875	 -0.9488	 -3.1672	 +1.5348	 +0.9140
 -9.0146	 -0.9242	 -5.6803	 +1.3702	 -2.4163	 -0.8146
-11.3786	 +2.6046	 +0.7350	 +1.4768	 +1.4716	 -0.9902
 -0.9070	+12.6481	 -1.5256	 +1.2165	 +3.4777	 -0.8092
 -2.9886	-10.5870	 -4.2927	 +0.8664	 +1.1760	 +3.9218
+10.4104	 -1.3721	 +1.8039	 -1.3510	 -0.4177	 +3.1646
 -3.9469	 -1.3178	 -3.9196	 +4.7165	 +0.3365	 -1.4466
 -8.8324	+35.2219	 -8.2927	 -2.0602	+10.5115	 -2.5839
 -2.6345	-14.7692	 +7.6501	 +0.5683	 -0.6686	 +0.9479
 -8.0077	 -0.5486	 -6.1128	 -0.1024	 +0.9737	 +0.7364
+29.2208	+29.1350	-15.0490	 -0.9890	 -0.9425	 -2.2161
 +0.4665	 -1.9408	 +1.4171	 -3.2705	 +4.1369	 +1.6732
+10.1249	 +4.4720	 -6.5241	 +2.3488	 -1.2690	 +0.6440
 +1.0593	-26.7094	-15.0804	 +0.8937	 -8.4919	 -4.7054
-13.1828	+16.2459	+10.6583	 +0.8420	 -1.0796	 -3.1625
-22.7240	-16.7898	-20.9785	 +1.3191	 -1.5138	 -0.4414
-16.3449	+12.5543	 +5.3757	 -0.1801	 +1.3885	 -2.3919
 +5.8077	 +5.4237	 -7.1646	 +2.1518	 -0.7332	 -0.6320
-19.6824	-10.3883	+26.4510	 -2.1540	 +0.1794	 +2.1932
-19.6627	-42.2033	+45.2342	 -0.4961	 -1.1653	 +0.3604
-10.7698	 +2.9177	 -1.0081	 -0.3141	 -2.7338	 -0.7751
 +7.8339	-20.4612	 -9.2655	 +1.0536	 +0.7830	 -0.0148
 -8.6581	 +3.5916	 -3.6474	 +0.0365	 -1.0609	 -3.5664
-29.7546	 -5.6539	 -3.0822	 +1.2126	 +0.7104	 +0.2774
-20.1466	+37.9675	+16.4950	 -2.6506	 +1.0066	 +1.6677
 -3.4628	 +1.4650	 +8.6968	 -3.4562	 -2.8334	 -0.1012
 +7.3433	 +1.9614	 +2.0627	 +0.3820	 -2.2041	 +1.5631
+13.3377	-10.6386	+18.0957	 +2.0876	 -0.7418	 -2.8482
+11.6038	+29.5224	 -4.3313	 +0.8880	 -0.1100	 +0.7444
 -0.3264	 -1.2412	 -2.7978	 -2.4483	 -0.3493	 +1.2847
 +4.9020	 +5.6266	 -8.5570	 +2.9622	 +1.1512	 +0.3547
 -0.1656	 -9.2451	 +7.9462	 +1.0182	 +2.3682	 +2.6185
 -5.1081	-12.9419	-19.3408	 +0.3379	 +0.1703	 -0.6380
 -2.7199	+14.4456	 -8.5642	 -0.5362	 -2.0871	 +1.5164
 -4.9992	-10.8125	 +6.9470	 -0.1746	 +1.8683	 +4.5683
-25.6231	-12.8943	 -1.7373	 -1.5437	 +0.2388	 -0.0655
 -5.5033	 -1.6931	-25.2422	 -2.9839	 -1.7940	 +0.5673
+18.5892	-25.7620	+20.5298	 -0.9745	 -2.6828	 +2.0997
-10.0312	 +1.3788	 -3.1047	 -0.1262	 +0.8845	 +1.0179
+10.2833	 -4.1769	-11.3442	 +0.1037	 +1.0458	 +1.5612
 -9.6334	-13.1705	 -3.6203	 +2.8594	 +0.7391	 -0.8675
 -8.6864	 +1.0278	 +6.3234	 -2.7460	 +1.7811	 -0.7957
 +8.8298	+11.9332	 +5.1175	 -1.2145	 -0.7678	 +3.1659
+15.5515	 +7.4840	-18.9618	 +1.9857	 +1.9703	 -0.2978
 -8.9525	 -2.6152	+20.4087	 +1.9116	 -2.7489	 -0.5946
+10.4774	 -3.4451	 +5.8391	 -2.5496	 +0.0945	 +3.5285
 -9.1412	 +0.4633	 +4.0911	 +1.3690	 +4.7172	 -1.6986
+39.8460	+33.9382	+90.4238	 +1.3874	 +0.3899	 +2.5747
 -6.4112	 -8.4833	 +9.9589	 +0.8770	 -1.6609	 -1.6998
 -0.5299	 +3.9139	-10.4869	 -2.9911	 -0.8854	 +0.0754
 -7.5527	 -4.2732	+11.8859	 -1.6720	 -2.3927	 +0.4221
 -1.1213	 +1.6927	 -1.4266	 -1.1673	 +3.4665	 -3.9251
 -1.9823	 +0.2392	+19.0575	 -0.8676	 +1.7860	 -1.0958
 +6.3356	-13.0472	-18.1272	 +0.1722	 +0.8005	 +2.3700
+10.9482	 +2.3070	+10.0467	 +2.4863	 -0.1604	 -1.0929
-17.2242	 +3.8335	 -3.0142	 +0.2039	 +2.3323	 -1.8839
-182.7706	-29.6074	-35.2544	 -7.1716	 -1.0723	 -1.7771
 +6.8629	-11.2027	+18.9645	 +1.1835	 -1.5130	 -0.4254
 +4.2977	 +2.3968	-12.4203	 -1.0568	 -0.6487	 -1.7551
+27.2949	+15.2632	 +3.0726	 +2.7252	 -0.1828	 -0.9078
 -0.9212	 +5.8840	-19.9830	 -1.0565	 +0.8982	 +3.2803
 -7.1098	 -1.5809	 -9.2337	 -2.8384	 -2.5546	 +0.6830
+65.5538	-24.0227	-50.1071	 +0.3211	 -0.4135	 -1.8845
 -1.5951	 +7.4407	 -1.6826	 -3.2006	 +1.3124	 -2.4087
-38.4165	+26.0902	-27.5688	 +1.0258	 +0.3529	 +0.9786
 +0.5557	 +5.3675	 +9.3134	 +2.2352	 -0.3293	 +1.4150
 +2.8589	 -2.3589	 -5.4435	 -2.8377	 +4.3792	 -1.3688
-15.9185	 +6.6136	 -0.5257	 -2.2495	 -3.2625	 +0.6444
+17.9338	 +5.1916	 -1.4991	 +1.2028	 +2.3867	 +0.9769
 +0.6610	-15.3022	 +2.9093	 -2.4572	 -2.3651	 -0.9263
 +1.7325	+24.6675	-14.5315	 +2.0351	 -1.5376	 +0.4839
-20.4510	-28.0170	 -1.4928	 -2.0783	 +0.0663	 +1.9187
 +9.9143	-64.3313	+48.9654	 -0.8200	 -0.6789	 -1.3682
 +4.7250	 +0.6457	 -2.9983	 +3.6441	 -0.5811	 -2.7053
-14.6321	 -8.7054	 +6.7202	 +0.0562	 -1.4180	 -0.9705
 -3.5520	 -0.8370	 -6.4680	 +0.7032	 -2.4471	 +0.4845
 -8.9590	-10.6913	-12.1199	 +2.2943	 +1.0194	 +2.6178
 -7.1306	 -2.5972	 -5.1850	 -0.9469	 -3.5600	 +3.6182
 +2.5499	 -3.9360	 +6.5537	 +0.5015	 -0.7606	 -4.8870
 +1.2114	+13.6061	 -1.6819	 +3.1678	 -2.0183	 -1.0042
+16.5877	-25.4898	+23.4396	 +0.4469	 -0.8327	 +0.9056
+24.3381	-23.7615	-12.2235	 -0.7524	 -1.4360	 +0.9538
 -3.0466	 +3.9543	-10.7858	 -1.5406	 -0.0404	 -1.8606
 -8.0193	 -6.9010	+24.9508	 -2.7552	 +1.5924	 +4.6468
 -1.1684	 -4.2419	 -9.0500	 +0.9686	 -1.7574	 +4.3328
 +0.2122	 -9.8327	 -3.1103	 +1.0539	 -0.5182	 +3.6451
 +0.2232	 +3.9603	 -2.5367	 -2.7213	 -4.5520	 -0.4000
 -0.0234	 -1.7968	 +0.2938	 +2.7250	 -1.5342	 -0.0191
 +5.8175	+16.1103	 +5.2103	 -0.0435	 +0.9124	 -0.3692
 +7.0204	+11.1358	 -7.9781	 -0.3509	 -0.9370	 -0.6311
+14.4717	+50.7902	-10.2955	 +0.6286	 +0.6734	 +1.2609
 -1.5737	-19.0692	-18.5787	 -0.8556	 -1.4592	 -0.1371
 -7.3347	 -6.2635	-15.2661	 -1.6021	 +2.3775	 -1.0071
-17.4992	 -8.5574	+12.7079	 +2.5588	 +1.8569	 -0.2754
 -4.0916	 -9.4381	-23.0955	 -1.2064	 -0.3909	 -0.0483
-11.6138	 -4.2790	 +3.0895	 -1.9979	 -2.4490	 +1.6824
-10.6711	 +5.8661	 -8.2840	 +0.8005	 +0.6348	 +1.0943
 -6.1049	+14.3783	+17.3276	 +2.6003	 -1.4621	 -1.4106
+29.3317	+11.5515	 -6.3971	 +0.7123	 +1.5924	 -2.3171
 -2.1213	 -7.4983	 -4.2851	 +2.2738	 -0.5008	 -0.9369
 +3.3399	 +0.8889	 +2.0601	 -1.1551	 +2.4773	 +0.8897
-106.1215	+153.0019	+21.4326	 -2.1442	 +3.0223	 +0.5052
-10.8106	 +6.7270	 +4.7935	 +0.9057	 +0.3854	 -2.6540
 +3.8915	 +0.1582	 +8.5145	 +0.7352	 +0.5515	 +1.4394
 +0.9407	 +1.0619	 +1.6703	 +3.9014	 +3.6309	 -4.5533
 +2.8086	+18.7759	+18.1962	 -0.7663	 +2.4658	 +1.4671
 -1.9135	 -3.8271	 -1.3683	 +1.8380	 +2.2260	 +2.6310
-12.4458	 +2.8133	 -2.1895	 +0.1208	 -2.0199	 -1.5535
 +1.5833	 +2.6232	 -3.7945	 +1.2089	 +0.6343	 -0.9050
+20.9314	+39.2164	+51.1340	 +0.4741	 +0.1940	 +1.1562
 -5.3676	+54.9419	 +1.2245	 +0.0290	 +1.6000	 -0.3176
 -4.3362	 +7.1738	-14.3517	 +1.1923	 +3.3548	 +0.9027
 -8.3807	 -2.4694	 +5.7080	 +0.7125	 -0.0251	 +2.1305
 +2.9421	 -4.8026	 +0.3023	 -1.9795	 -1.6666	 +3.5758
-12.3878	+19.0476	 +2.7669	 -1.8091	 +3.1429	 -0.5339
 -3.7730	 +9.1993	 -1.0685	 -0.0465	 +5.6684	 +0.1116
-11.3738	 +5.2766	 +8.9034	 -2.1403	 +1.9198	 -0.1829
-89.9315	+74.4926	-52.8307	 -2.0651	 +1.5147	 -0.8626
 -4.1647	 +7.5230	 -9.6770	 +0.4697	 +1.5254	 -3.0059
 -0.2162	+14.4588	+10.4630	 +3.6593	 +0.7648	 -3.9476
 -4.6090	-24.9946	-21.4878	 +0.9640	 -0.9395	 -0.5005
-30.8719	 -1.2742	-53.3348	 -1.1414	 +0.7538	 -3.1302
 +9.0409	-12.1018	 -6.2920	 +2.5656	 -1.3509	 -1.7035
 -2.9378	 -9.7788	 -2.8090	 -0.2825	 -2.7849	 -1.8126
-111.7661	+72.7524	 -7.9524	 +0.3828	 +0.2595	 +0.3848
 +6.4458	 +5.3236	+10.1717	 +2.0653	 +1.7702	 +1.0219
 +4.7483	+10.3890	 -3.2255	 +0.5266	 +1.5721	 -1.3596
 -2.9305	 +4.2537	 -7.7615	 +1.9367	 -0.0169	 -3.5559
 -6.5081	 -3.9813	 -1.9055	 -2.4157	 -0.8005	 -2.3512
 +6.2389	+11.5188	 +6.2954	 +0.6908	 +4.3679	 +1.6455
+18.4316	 -9.6918	 +0.1463	 -0.3424	 -3.1035	 +1.0004
 +0.3569	 +0.8290	-13.2984	 +2.3476	 +1.4845	 +1.8852
 +3.9489	-11.8296	 +7.5223	 +1.0951	 +2.3908	 -3.5400
-16.4475	-18.6950	-30.1110	 -0.6691	 +1.1308	 -0.6616
-10.9913	 -8.8154	 -2.4517	 -4.2080	 -0.5515	 -1.2182
-18.2408	+13.2681	 +9.7331	 +1.9922	 -0.3664	 -1.8726
 -5.8804	+10.2951	 +0.9233	 -1.9182	 -0.6607	 +1.4371
 -7.8487	-11.0591	 +2.2938	 -0.8440	 +0.2024	 +0.2424
+33.8392	-30.4212	 -4.9084	 +0.2708	 -0.7123	 +0.4142
 -0.8432	+21.8862	+17.0884	 +0.9939	 +0.8700	 -1.6488
 +7.8240	+21.7256	 -1.0406	 +1.8689	 +3.6050	 +1.4227
 +9.3434	 +5.0510	-19.6678	 -2.0827	 -0.5385	 -1.6453
 +4.6641	 +1.1904	 -2.9195	 +1.5599	 -1.8468	 +3.3023
+38.5515	 +2.1824	 +7.8789	 +1.2662	 +0.5935	 -1.3470
 +5.2934	 -3.6992	 -5.1211	 -1.9231	 -2.6686	 +0.3760
+14.5879	 +7.1169	-15.0146	 -0.3581	 -0.6999	 +1.2727
 +5.1850	 +0.0833	 +7.7278	 -0.0406	 +0.6624	 +1.6864
 -1.9609	 -9.8117	 +5.1892	 -0.8542	 -0.6155	 -2.7121
 +1.5827	 +0.0880	-11.5075	 -1.4112	 +0.5459	 +3.4581
 +3.4827	 -0.4357	 -5.4697	 +3.4032	 -4.6342	 -0.2739
-63.4112	+43.7649	+24.2884	 +0.7665	 +0.1802	 +0.1531
 +7.7464	 +2.4598	 -8.9538	 -0.5177	 +0.7027	 -2.5902
 +0.9226	+105.4402	-10.1736	 +1.0037	 +1.0816	 -0.5438
 -1.7250	 -0.1538	 -5.8731	 +5.4242	 +3.5062	 +0.4207
 -4.3060	 +2.3513	 -7.5270	 -0.5733	 -4.1958	 +1.3546
 -6.0034	 -0.4361	 +1.8061	 -1.2058	 +1.3391	 +1.2035
+35.2149	+13.1538	 +5.2968	 -1.0120	 +2.1580	 -2.3582
+18.4843	-36.1067	 -2.4186	 -0.1408	 +2.3544	 -0.0375
 +4.7509	 +3.2953	 +1.6654	 -2.8569	 -0.8883	 +2.6898
+11.3192	+19.0714	 +9.3864	 -2.5676	 -1.3498	 +1.3189
 -2.6792	-25.6445	 -0.1392	 +0.0938	 +3.2114	 +0.6023
 +8.9222	 +6.9749	 +3.7012	 -2.7721	 -0.1920	 -1.6523
-13.5567	+12.6778	 +1.2243	 -3.8690	 +3.8092	 -0.8167
 -5.5847	 +1.8745	 +7.6119	 +0.3607	 +2.4239	 -0.0463
-14.5980	 -5.8809	 +4.0061	 -0.9369	 +0.7692	 +0.5411
 +0.6319	 -9.3757	 -3.7248	 -1.1626	 -2.3234	 -4.9165
 +8.0129	-15.7654	+14.0061	 -2.6227	 +0.5126	 +0.0654
+11.6754	 -0.8751	+21.4387	 +0.7079	 -3.0819	 +0.5769
 -1.4936	 -0.9839	 +1.8832	 +0.6036	 +0.6353	 -3.0743
-271.0890	+61.7968	+94.5532	-13.5539	 +3.3706	 +5.2608
 -3.0756	-48.6068	+18.5712	 -1.2890	 -4.0796	 +1.5992
 -4.3194	 -1.0236	 -6.1609	 +1.8488	 +2.6814	 -4.2802
-16.3192	-27.2460	+10.8416	 -0.3167	 -0.7557	 -0.9252
 -1.6710	 -1.5586	 -5.9353	 +3.7819	 +1.1360	 -0.2207
 -8.3296	 -7.5124	 -5.4958	 +3.4764	 -3.0625	 -0.2939
 -4.5946	-21.1350	 -6.3780	 -0.6661	 +0.1543	 +0.1116
 -7.8899	 +0.1777	 +4.3411	 +2.0122	 +1.8476	 -4.2295
-25.1616	 -1.1236	+15.4845	 +0.6677	 -1.9345	 -0.3907
+18.9935	 +4.4049	 -5.0169	 +3.1327	 -1.1923	 +0.1441
 -9.5348	 -3.3085	 +4.1176	 +0.4993	 +4.2944	 -0.6893
 -2.1741	 -4.3661	 -9.8414	 -0.6313	 -1.1468	 +3.0659
-13.1870	 -5.7174	 -8.0150	 +4.1078	 -0.9702	 +0.7548
+11.6849	-11.7231	-22.8908	 +2.3782	 -2.8214	 +0.3161
 +1.2750	+10.8053	 -3.1802	 +2.1527	 +0.6568	 +3.8834
 +9.6368	 +7.9083	 -2.2333	 +4.3071	 -1.9827	 +0.4783
 +6.8989	+12.8338	+13.9298	 -0.1206	 +1.5383	 +1.2365
+24.5974	 -7.9048	 -7.5328	 +1.6202	 -0.5436	 -1.1114
-15.8000	-18.5999	 -6.2717	 -2.8367	 -2.0590	 -0.4957
 +5.4745	 +6.3876	-29.7862	 -0.0605	 +2.1485	 +0.5807
 +5.9463	 +1.8010	-15.8718	 -2.2759	 -2.9764	 -0.9257
-28.4629	+21.8609	+30.9153	 -2.0849	 +1.1123	 -0.2361
+27.5364	+26.1765	-42.4748	 +0.7117	 +0.7705	 +0.5254
 -6.3991	 +2.6731	 -2.9261	 +4.4834	 -2.2245	 +1.9803
-16.6339	 +3.6663	 +2.5483	 -1.6265	 -1.1814	 +0.7775
-24.0849	+11.2917	-11.2730	 -1.5342	 +0.1159	 -2.3975
+11.2427	-11.2982	 -3.2938	 +2.5950	 -0.3938	 +0.5195
 +1.4387	 +6.6466	 -2.5960	 -2.9494	 -2.7269	 -2.3039
 +0.6232	 -2.1217	 +3.4202	 +0.7123	 +0.8031	 +3.3725
 +4.7967	 -8.9212	 +4.8368	 +0.8994	 +0.8521	 -2.0017
 -5.2609	+12.6527	-13.5967	 -1.8732	 +1.4109	 +2.8208
 -3.6709	 +5.7735	+10.9207	 +1.4534	 +2.0195	 -0.6219
-19.6958	+15.8756	 +6.5234	 +0.4846	 -0.0297	 -1.2639
+22.1443	-43.5169	+24.6747	 -0.9243	 +0.1291	 -0.7581
 -7.2316	 -2.2347	-18.1052	 -3.3220	 -1.9612	 -1.6599
 -8.1586	 +8.7985	 +2.0318	 -0.6906	 +0.8911	 +3.1272
 +2.9098	 +1.4134	 +7.6152	 +0.0806	 -1.0817	 +1.5475
 -1.2486	 +2.6463	-14.2534	 -0.9066	 +1.2638	 -0.1451
 -5.3636	 +3.8011	 -0.4640	 +1.1596	 -0.1577	 -0.5621
 +6.4153	 -2.5832	 +0.2800	 +1.9223	 +0.6689	 +5.5651
-22.5381	 -7.3811	-14.8950	 -1.2783	 -1.3588	 -0.4441
+105.0006	+44.2614	-12.3251	 +4.9753	 +2.3148	 +0.1622
 -2.6970	 +2.1866	-15.1371	 -0.9678	 -2.9819	 -0.8799
-17.7402	+28.9422	 +1.6439	 +1.0654	 +0.9137	 -0.5693
+17.3001	 +0.7820	 +0.4834	 +0.7629	 -2.7201	 +3.2377
 +8.0906	-36.4385	 +5.6518	 +1.3138	 -0.8135	 -0.0338
 -2.4782	 -0.8107	-15.2937	 +3.6172	 -2.4494	 +2.8568
 -8.0455	+15.3888	+10.3474	 +0.1162	 +4.1302	 +1.6833
-16.3770	 +5.6489	 -5.6204	 +0.7674	 -0.5640	 +2.1378
 -8.0020	 -3.5844	 +4.3287	 +0.3416	 +0.5628	 +0.4173
 -0.5687	+54.1573	-28.6219	 -0.8327	 +4.5320	 -2.3519
 +0.1482	-19.9136	-18.5697	 -2.3967	 +0.4623	 -2.6635
 -7.7706	-18.9117	 -1.1743	 -0.1443	 +2.9323	 -1.6755
 -2.5397	 +9.1331	 +4.1793	 -2.2368	 -3.4197	 -1.7058
 -3.1195	 +7.5407	 -2.8789	 +0.0114	 -2.9852	 +1.7123
 -7.2754	 -5.2878	-10.0503	 -1.7067	 -1.7667	 +0.0229
 -3.7629	-20.9873	+13.4655	 -1.4714	 -0.6382	 -0.3609
 -4.3923	 -7.7609	-16.4820	 -0.5545	 -1.0804	 +2.1818
 +5.8421	+12.4582	-11.1801	 +3.6313	 +2.0230	 +0.9451
 +7.4320	+26.4250	+11.5297	 +1.9705	 -2.5320	 -0.8665
 -8.3183	 +3.6559	 +2.3366	 +2.5138	 -0.3309	 -4.9856
 -3.6389	 +2.1080	+14.4191	 +0.3460	 +1.5877	 +0.8697
 -1.5850	-15.4906	-18.0401	 +0.4773	 -1.3175	 +0.9144
 +8.0959	 -2.8720	 +2.7296	 +1.3804	 -1.4604	 +1.4886
 -6.6878	 -7.8724	+22.4093	 -0.2338	 +1.0753	 -2.3386
 -3.9283	 -5.0106	 -0.4478	 +3.3571	 -2.6019	 +3.3423
 +0.6167	-21.4308	 +2.2987	 -1.8287	 -0.3099	 +1.2028
-13.8754	 +9.5589	-12.5975	 -0.5153	 -1.6692	 +2.0548
-11.0369	 -5.6659	-28.1693	 -0.2762	 +3.2849	 -0.1417
 +5.9978	 -3.9215	+11.4689	 -1.8899	 -1.0208	 -1.6192
+45.4874	+50.9446	+38.5067	 +0.9791	 +1.4472	 +1.6840
+13.8895	 +1.6682	+15.5589	 +0.9937	 -0.5600	 -1.1387
 +8.6512	 +1.8418	 +2.5058	 +0.8910	 +0.7004	 -4.3278
 -6.9762	+15.9429	 +0.6617	 -2.0357	 +3.4736	 +0.7472
-19.3939	+14.1636	+17.2382	 +1.1628	 +2.9103	 -1.3919
 +2.4874	 -8.1749	 +3.5287	 +1.7038	 +1.1907	 -1.2820
 +7.5324	 +1.9374	 +5.9329	 -0.5844	 +0.9879	 -2.1943
 -2.6236	 +4.8565	 -6.7283	 -0.5707	 -1.6161	 -2.0388
-26.0674	 +8.1379	 +4.3522	 +0.0305	 +1.0003	 -1.1418
 -0.6765	 -4.3733	 +3.6589	 -2.1823	 -0.9531	 -0.2582
 -2.5798	 +0.4539	 -2.1707	 +0.9572	 +1.8057	 -0.5235
 -3.3969	+11.1330	 -0.7565	 -2.5960	 -1.2915	 -0.2438
 -3.2034	+21.4440	 +3.6138	 -1.2604	 -0.2637	 -2.6353
 -5.8714	 -0.0697	-10.0274	 -1.9918	 +1.4083	 -0.0437
-374.4368	-113.9567	+311.4778	 -9.3426	 -2.8082	 +7.9149
 -5.4255	-17.6936	 +6.1921	 -0.7794	 +2.0790	 -1.3515
 -3.9540	 +8.1335	+14.0353	 +0.1174	 -0.0312	 -0.1603
 -8.2744	 -3.9954	 -1.4586	 +0.7872	 -4.2327	 +2.8286
 -2.3780	 +4.7423	+18.4492	 +1.1540	 +0.0799	 +0.1941
-29.0090	+10.2480	 +4.4937	 -1.8052	 -0.0456	 +0.6690
 +1.6992	 +0.6466	 +6.2553	 +0.3132	 -4.6245	 +1.8174
 +7.3683	+18.8024	 -4.0189	 +0.5514	 -2.4092	 -0.5040
 +4.0102	 -1.1381	 -7.3101	 +1.6866	 +0.4528	 -0.8609
 -6.3783	+10.5751	+12.3654	 -0.6730	 -0.7747	 -2.8855
+27.6355	 -4.7323	+21.7429	 -2.3415	 +0.0380	 +1.2162
+18.0312	+23.8096	-21.0002	 +0.5035	 +1.7151	 -0.2361
 -6.6192	 +6.8979	 -2.0048	 -1.4299	 -1.8339	 -0.1668
 -1.0860	 +0.7225	 -4.4522	 +0.1877	 -1.0617	 -0.6498
 -0.5506	 +1.4308	 -8.0124	 +3.3822	 +1.0413	 +2.2720
 +0.6630	+18.0598	 +5.7107	 +0.3101	 -1.4893	 +0.8740
 -4.2975	+30.7927	+24.1856	 +1.9575	 -1.3416	 -0.1341
 -6.3787	 -4.7286	 -7.6833	 -1.1005	 -3.5204	 +0.6557
-12.4411	-41.4852	+26.0471	 +0.0247	 +1.2642	 -2.0924
 -4.6479	 -0.1048	 -5.7273	 -0.3278	 -1.1925	 +0.9173
 -1.6380	 +5.7232	-25.1039	 -0.6487	 +0.3696	 -2.5768
 +1.2815	-11.7125	 -7.6720	 -1.9359	 +1.7064	 +1.7822
 +0.5219	 +0.8283	 -1.1207	 -0.3758	 -0.5856	 +2.6869
-53.1404	 +5.1697	-25.8137	 -1.2114	 +0.2110	 -1.8234
+71.5225	-47.9297	+32.5258	 +1.3561	 +0.5117	 -0.5428
+80.8945	+15.2930	-48.0855	 -1.2902	 -1.3051	 -1.3391
-42.9797	 +8.3325	 -9.9832	 +0.5810	 +2.1240	 +0.3191
+29.4616	 -0.3751	 -6.5256	 -2.1079	 -3.2844	 +1.4167
-11.3477	 +1.5308	 +5.2630	 -2.4291	 +1.7783	 +2.3747
-10.6221	-12.6671	 +1.7258	 +2.9668	 -2.6511	 +1.0482
 -3.0675	 -8.2151	+66.4841	 +0.9358	 +0.0394	 -0.3988
+21.2917	+83.1371	 +1.9129	 -0.1260	 +0.1400	 +1.6039
-55.7369	-14.5318	 -6.2378	 -0.6550	 -0.5636	 +1.3557
-19.1597	+14.0876	 +8.2660	 -2.3646	 -1.2778	 -1.2018
+10.9938	 -6.5238	 -0.5095	 +3.6697	 -1.6906	 +1.8770
 +8.2116	 +5.0147	 +2.3357	 -1.2210	 -2.9010	 -0.6575
+12.3382	 -9.3019	 +9.0527	 +1.4862	 -0.8510	 -1.2716
 -6.7267	+18.7042	+10.0062	 -0.0606	 +0.6824	 -0.3342
 -0.1400	-13.3280	-11.7656	 -3.0511	 -0.3953	 +0.0719
 +0.0925	-14.7288	 -4.1600	 +1.5740	 -1.9783	 +0.1734
-20.4804	-18.1596	+28.2966	 -0.0748	 -1.4098	 -0.1845
 -1.9283	-12.3432	 -1.1803	 +1.7595	 -0.7505	 -3.3881
-18.4948	 +5.4065	 -6.9639	 -4.3008	 -0.1832	 +1.3188
 +2.0053	-11.8615	 +6.3484	 -0.2389	 -0.0739	 +0.2950
 -0.6900	 -6.2425	-11.5111	 +0.3843	 -1.7172	 -5.6765
 -5.0435	 +3.3732	 +1.0357	 +1.7295	 -3.0414	 -3.0442
 -8.2038	 +8.0264	 +1.8751	 -0.8785	 +1.8143	 -0.1396
+27.4790	 -6.4416	 -0.2376	 -1.1095	 +1.2946	 -0.2091
+17.9160	 -8.1323	-58.0270	 +1.0603	 -0.7570	 -2.4957
 -7.4435	+16.7717	 -1.1474	 -1.0477	 +2.1489	 -1.8113
 -1.4792	 -9.8956	-11.6662	 -0.5591	 -2.4032	 +0.1451
 +2.0775	 -7.6297	 +1.5010	 +2.1012	 -3.0666	 -1.2974
-12.6724	-15.9151	 -9.1827	 +0.0665	 +2.8104	 +1.5869
+60.9881	-25.7382	-29.0248	 +0.4785	 -0.5943	 -1.1874
+12.6181	 -2.6835	 +0.0371	 -0.9134	 +3.2332	 +1.2744
-12.6989	+23.5262	 +6.2408	 +2.0850	 -1.2858	 +0.2728
 -6.2221	 +5.8477	-10.2799	 -2.4286	 -2.7093	 +4.3880
 +3.2718	-13.9685	 +1.9793	 -0.8053	 -0.4783	 -1.4153
+15.7670	+18.2253	+36.0193	 +0.3533	 -2.6493	 -1.1728
 +4.2681	+10.1633	-18.8505	 -2.2633	 +2.1646	 -3.7812
 +4.8913	-17.8270	-15.6847	 -0.8067	 +1.5487	 -0.0840
+20.0151	-18.5379	-49.2565	 +0.5383	 -2.0625	 -1.5860
+10.9265	-64.1137	-27.0533	 -0.3572	 -1.5205	 -0.3936
 +3.5934	 +1.4708	 +1.6694	 +2.7134	 -1.5772	 -0.5519
+18.5240	+11.1880	+12.4015	 -0.9775	 +2.2194	 +0.2687
-16.0720	 -1.9905	 +2.8539	 +0.5785	 -2.8346	 -3.1740
-19.3266	 -2.1538	 -9.2760	 +2.5952	 -0.8025	 +2.0649
 +0.0866	 -3.0307	-10.7773	 -0.8088	 -0.1442	 -2.8570
 +9.4839	 -7.1478	 +0.2097	 -0.3708	 -4.6872	 -1.8511
 -8.3627	-83.4189	+112.4164	 -0.3054	 -1.0053	 -0.3799
-14.9026	 -9.2794	 +6.0815	 +1.5364	 -4.9542	 +3.5132
 +7.5116	 +0.9116	 -7.6102	 +1.3561	 +4.8808	 +1.8610
-11.4511	 -3.3193	 -3.0158	 +0.0515	 -1.2413	 -4.1191
 -3.1170	 +8.0617	 +7.3816	 +2.5560	 -2.9748	 -3.6690
-33.3731	-17.0357	 -8.1801	 -0.0229	 +0.0268	 +0.8858
 +2.2009	-10.2829	-28.5441	 -0.0169	 +2.5891	 +1.0295
 +9.6960	 -2.5064	-83.1406	 +0.8902	 -0.3911	 -1.9040
 -8.8828	-19.5049	-15.7247	 +2.0984	 +0.3540	 -2.7378
 +1.7755	 -3.4583	 -4.6530	 +4.6134	 -0.3680	 -0.3956
+10.4271	 -6.7467	 +6.5443	 +1.5179	 -0.0189	 +0.3771
-13.6449	 +6.9463	 -5.3101	 +0.6048	 +0.0215	 -4.5567
-12.9807	 +2.9889	 -3.5160	 -2.4346	 -3.8087	 -1.4797
 -4.6763	-16.1174	-15.9009	 -2.9689	 +0.7682	 -0.1573
+44.9249	-12.6157	 +2.6107	 +0.9234	 -0.5039	 -0.0934
 -2.8361	+10.0956	 +7.7299	 -1.1088	 +3.2434	 -2.9349
 +5.2706	 +2.9335	-27.4325	 +1.1410	 -3.0238	 -1.5633
-30.0014	+47.9319	+29.0620	 -2.0219	 +1.9117	 +2.8091
-165.8159	 +2.9224	+191.8391	 -5.9090	 +0.1983	 +7.0773
 +2.3545	 -0.9182	 +4.2619	 +0.1416	 -4.4897	 +2.6055
 +5.1870	 -9.8492	 -9.3394	 +0.4982	 -2.4185	 -1.6065
-14.9580	 +3.2411	 +5.2100	 -0.3131	 +1.5909	 +1.0270
 -0.1072	-12.1372	-51.0252	 -1.6904	 +0.0968	 +0.7295
 -5.3613	 +6.4190	 +1.7294	 -1.7731	 +2.5465	 -1.8978
 +1.0693	 -4.9268	 -5.2734	 -3.6767	 -1.6479	 -0.9766
 -5.4562	+14.4961	 +7.7144	 +2.5549	 -1.5919	 -0.7314
-23.3989	 -6.7232	 -2.0472	 -0.9395	 +0.1277	 +1.1651
 +6.6062	 +0.6561	 -1.2169	 -3.0195	 +4.6097	 -1.5811
 -5.2787	-13.3668	 +8.8978	 +0.1499	 -0.9321	 +2.0993
 +7.4251	 +8.9563	 -6.4689	 -3.8259	 +2.2887	 -1.8885
 -2.1918	-15.0212	 -6.0939	 -1.7475	 +2.6841	 -0.5773
 -1.5909	 -4.4170	 +3.8584	 -0.6676	 -5.3134	 -0.8230
+10.0214	-13.6493	-20.2325	 +1.0302	 -0.7908	 +2.0110
 -1.9484	 +6.0911	 -2.1308	 +1.4932	 +1.0452	 +2.0953
 -5.7108	 +3.1590	 -1.7060	 +2.1427	 +0.4661	 -3.5502
 +1.5859	-11.3450	+19.3997	 -1.0143	 +0.5106	 +0.9837
-11.3246	-15.3982	 +8.2613	 +0.1874	 +0.7352	 +1.0117
+35.4641	-12.2966	+12.1806	 -0.0735	 -0.6726	 +1.1581
-17.8655	+10.1052	-16.9270	 +0.5331	 +0.1469	 -0.4423
+15.3683	 -7.6983	+13.0479	 +0.9685	 +1.5411	 -1.3635
-13.7525	 +0.1602	 -9.0999	 +3.4105	 +3.8642	 +1.0454
+403.7456	-156.4064	-282.2188	+13.2814	 -5.2033	 -9.4898
 -0.1696	 -3.7115	 -0.2755	 -3.2761	 -1.4337	 +2.1602
 +0.8267	 -5.6310	+12.7275	 -1.4104	 +1.6422	 +4.4833
 +2.0102	 +5.6045	+11.1739	 -0.4068	 +2.3153	 +0.3219
 -6.8689	-27.5521	 -1.5769	 +0.6330	 -0.6976	 -3.9924
 -2.7709	 -3.4883	 -2.9901	 +2.3735	 -5.2594	 -3.5728
 -6.0724	 +9.7314	+11.6755	 -0.4729	 -3.6017	 -1.8647
+18.9050	+111.5854	+24.9490	 +0.5912	 +4.2543	 +0.4640
+62.8138	-52.5256	-14.0943	 -1.4279	 -0.0420	 -1.7097
-14.0228	-25.3534	 -4.3053	 +1.1936	 -1.3810	 +1.7756
 +1.3571	 -9.2606	-12.2097	 +1.7709	 -0.9912	 +1.8083
 +0.5003	 +6.3743	 -4.3802	 -2.3190	 -2.9922	 -1.4220
 +7.7114	 -6.5095	-16.2493	 -0.0652	 +1.7061	 -0.4396
 +3.5496	 +4.3515	 -1.8414	 +1.4084	 +0.7474	 +1.1143
 -0.3635	 +5.2990	 -0.6741	 +3.7780	 +3.0859	 -2.6123
 -6.7494	 -7.7427	 -8.0729	 -2.2043	 +0.9319	 +1.0048
 -6.0044	 +0.5086	+14.4944	 +3.3154	 -1.3415	 -1.3668
-14.1614	 +7.7602	 +7.5130	 +0.2232	 +0.2267	 -4.1408
 +7.7370	 +5.5688	+60.8157	 -0.2446	 -0.6331	 -0.9990
-47.8250	-71.4362	-101.2365	 -1.2924	 -2.0225	 -2.7367
+20.1882	 +6.0234	-29.7073	 +1.8391	 +0.4712	 -3.4986
+16.2632	 +6.3979	 +4.1865	 -1.6470	 -0.3017	 -2.1261
 -7.5158	-12.7250	-18.5230	 +2.0337	 +1.9164	 -0.6146
 -3.9490	+12.5944	+28.4281	 +1.7608	 +0.0993	 +0.6587
-18.2107	+10.6110	-24.9789	 +0.7871	 +0.2405	 -0.0980
-98.2140	+46.0723	-34.1301	 -0.5002	 +0.1857	 -0.6161
 +9.1626	-15.0650	+10.4854	 -0.7908	 +1.4537	 -0.1352
 -5.7785	+22.7506	 +8.2695	 +1.8230	 -1.0008	 -0.6660
+20.0262	 +9.8497	-10.4398	 -1.8078	 -1.1648	 +0.1377
 +2.8553	 -3.1023	 -2.4227	 +2.8830	 +0.3977	 -1.8549
-14.6684	 -1.1277	 +0.8399	 -1.7520	 +1.6193	 -0.3562
 +5.9325	-13.1527	 +0.5579	 -3.0628	 -1.0561	 -0.4270
-19.5192	 -1.2891	-14.9567	 -0.0203	 +0.7746	 +0.7024
-43.5658	-160.2547	+20.7910	 +1.2886	 +0.5062	 -0.1652
 -6.3027	 +5.0508	 +0.9949	 +0.5678	 -0.3673	 -0.1539
 -5.2166	-11.4044	 -6.9429	 -3.2286	 -1.5189	 +2.4647
 -2.8852	-14.9535	 -2.8477	 +1.0506	 +2.6127	 +0.3988
-17.7030	 +0.1667	 +9.8753	 +3.7240	 -0.7561	 +0.3034
-22.3666	 -8.8862	 +3.8155	 +2.0618	 +0.7305	 +2.0284
 +6.2901	 -5.7013	 -2.3864	 -0.2966	 +0.3158	 +0.3005
 -9.9549	 +7.4522	 -3.4511	 -1.6291	 +3.0970	 +1.7666
-11.3888	+39.2650	 -1.7071	 -1.5171	 -0.2692	 +2.1815
 -7.9451	 +6.5196	 -4.7217	 -1.6733	 -1.6736	 -2.0882
 -2.5643	 +7.2045	 +7.1748	 +1.9818	 +1.9799	 +1.9235
 -0.3314	 -7.1391	 -6.6383	 +2.7808	 +0.5118	 +3.8207
-13.8753	+10.7271	 +5.6380	 +1.4779	 -2.8820	 -1.0451
 -2.0568	 +1.0818	 -1.9033	 +3.4787	 +0.9438	 +0.7144
 -4.3309	 +3.1229	 +6.6724	 -3.1318	 -1.7940	 -0.4271
 +4.5574	+15.4061	-27.2169	 -0.3230	 +1.0247	 +1.7944
 -6.5694	 -9.1592	 +1.1752	 -3.5332	 -0.0381	 +0.1347
 +4.9292	 +2.0340	 -4.4144	 -3.0290	 -1.9933	 +4.0037
 -8.0965	-16.1358	 -9.2854	 +0.8447	 +4.3332	 -0.3318
-46.3631	+44.9060	-55.8871	 -1.0198	 +0.7002	 -0.5274
-28.8826	-17.9924	+30.9082	 +1.5274	 -0.9544	 -0.7645
 -1.0179	 -0.0401	 -7.1821	 +4.9800	 +1.3768	 -1.5066
 +5.6210	 -2.5667	+14.8853	 +0.0135	 -0.4099	 +0.7517
 -4.8773	-20.5962	 -6.6019	 +2.3994	 +1.3239	 -0.6774
+15.2271	-14.5683	 -1.9344	 -2.4919	 +1.6263	 +2.6034
 +9.6419	+74.8858	-40.3191	 +1.5134	 +0.4999	 +1.6088
-26.4792	+28.1947	+19.9258	 -4.5292	 +3.3346	 +3.2933
 +1.2514	 +0.8523	 +3.3119	 -3.6304	 +1.6437	 -3.7158
 -3.0210	-18.5860	 -0.6507	 +0.0881	 -1.2135	 -0.1598
 -9.6351	+13.8709	 +5.2709	 +1.0355	 +2.4616	 +0.8894
 -5.2920	 +4.7850	 +4.7456	 -1.2512	 +0.7277	 +5.1530
 -7.1708	 +1.8769	 -1.2644	 -2.2824	 -0.6021	 +1.6700
 -8.5632	-13.6339	+36.8403	 -0.3011	 -1.3649	 -1.8502
-16.5359	 +1.2327	 -5.3105	 -1.0088	 +3.4874	 +0.6686
 -2.4874	 -5.0409	-10.3849	 -1.0710	 +3.4191	 -0.6396
-11.9191	 -1.9720	 +0.3671	 -3.1891	 +0.3298	 -2.8247
 +1.3065	+10.1151	+27.8167	 +0.1065	 -0.0778	 -2.5737
-20.8365	 +0.8550	+68.5721	 -1.1588	 -1.2293	 -1.2871
-13.0169	-13.8113	 -0.2520	 -0.2569	 -1.5658	 +4.5675
 +7.3216	 +2.7207	 +3.7863	 +2.1105	 +3.8334	 -1.6726
 +2.8725	 -1.0136	 -0.5590	 -0.7173	 -2.1187	 +2.7440
 +9.4218	 -5.4402	 -5.1748	 -4.5674	 -0.0105	 -0.5014
 -6.0809	 +7.9878	+18.3069	 -3.0955	 -2.1303	 -3.3164
 -1.2026	 -0.1221	 -4.4526	 +0.4915	 +4.0194	 +1.3467
 +0.3644	 +6.4537	-14.0316	 -0.5055	 +0.1421	 +3.8549
 +2.6569	+13.1381	-23.3572	 +1.8633	 +0.0717	 +1.6358
 -6.2948	 -5.1156	 -4.8292	 +1.8189	 -0.4029	 -0.9497
 -8.3798	+12.5246	-48.4312	 -2.0332	 +0.6037	 -0.2899
+16.6695	 +0.6548	+27.7410	 -0.2367	 -1.7983	 +0.1435
 -5.1962	 -3.9522	+10.2779	 +0.0170	 +1.1046	 -0.7397
 -8.1593	+13.0419	 -0.5731	 -1.7017	 +2.2490	 +0.4156
-25.0038	 +6.6711	 -3.1548	 +2.2157	 -1.2375	 +2.7083
 +5.4287	 +7.6416	 -9.8868	 -0.9403	 +3.0020	 +2.4337
-10.0005	 +3.2216	 -2.9300	 -0.4214	 -2.9984	 +3.6301
 -5.1186	-14.7008	 -6.8823	 -1.0123	 -0.8710	 -1.3373
 -5.3389	-30.4578	 +8.0947	 -1.7634	 -1.4726	 -1.0065
-10.5449	 -3.5173	 +5.6196	 -3.2356	 -0.2784	 +1.4742
-27.9332	+24.0642	+37.1188	 +0.6485	 -1.9094	 +0.9209
 -2.4751	 -3.5400	 +4.9449	 +1.1554	 +2.7766	 -0.3655
 +3.2595	 +6.1268	 +5.2789	 -0.7048	 +2.2522	 +2.5018
 +6.6754	-177.0180	+129.5451	 +0.1311	 -3.9241	 +2.6798
 -0.7814	 +0.4635	+19.2210	 -0.1700	 +1.6069	 -2.4255
+20.1740	 -6.9625	 +9.2435	 -1.1490	 +2.1367	 +0.9164
 -4.8645	 +7.0902	 -1.1734	 -2.0497	 -0.0896	 +1.9986
 -3.0676	 -1.8059	 -0.3047	 -5.3712	 -1.5291	 -1.1919
 -5.9407	-14.3537	-12.9943	 -1.5417	 -3.3254	 +1.4876
 +4.5800	 -2.8118	 -7.9166	 -1.4306	 +1.5539	 +1.1285
 +2.8868	 +0.4287	 +5.7020	 +0.1730	 +4.6518	 +0.1590
 +1.6716	 -2.6098	 -1.7263	 -1.6538	 -0.2152	 +2.8327
+34.5227	 +3.9588	+24.9638	 +1.0082	 +1.2127	 -1.7336
 +0.7096	 -6.9302	 -1.9092	 -0.7374	 -0.0917	 +1.5644
 +6.0591	 +3.0264	 +1.3483	 +4.3976	 +1.1154	 +0.4867
+11.1046	-14.7003	-18.7457	 +0.6120	 +1.4996	 +0.6859
 +1.6874	+12.6218	-11.6324	 +1.3204	 -0.6962	 +2.6584
-12.5237	+20.5949	 +7.2238	 -0.4622	 +0.3032	 +0.3493
+77.5469	 +5.0995	-130.5845	 +2.9852	 +0.3183	 -4.3073
 -6.7546	 +0.1597	-19.1067	 +3.0307	 -2.2022	 -0.3602
-12.6581	 -2.4232	 +5.7012	 +2.5192	 -1.2456	 +0.9475
 +2.1726	 -3.4441	 -6.0040	 +0.8905	 +1.3638	 -1.7630
 -4.2995	 -3.8902	 +2.1811	 +1.3848	 +0.5900	 +1.3933
+13.0501	+13.5555	 -0.8101	 +1.2193	 -3.8998	 +0.1833
-43.0989	+27.3505	+33.0797	 +2.0835	 -1.0034	 -0.4772
+10.4964	 +7.9523	 -6.6295	 -0.4641	 -2.7232	 -2.5709
 -0.5822	 -5.9271	 +1.1981	 -2.2717	 +1.1455	 -1.1673
 -5.7316	 +0.5230	 +6.7236	 +1.4624	 -2.3177	 +0.6204
 -6.4230	 +2.6585	 -9.2102	 -0.7484	 +0.0275	 -1.0799
-18.0991	 -1.2982	 -8.6622	 -3.3145	 -2.6095	 -3.8517
-21.9120	-29.4907	+13.7537	 -1.5399	 -1.0582	 -0.0596
-22.4608	-17.7347	-18.9023	 -0.2580	 -1.3462	 +2.2773
 +0.1895	 -1.0754	 +2.0678	 +0.0470	 -3.6374	 +1.7661
 +6.1661	-19.4006	-19.7183	 -0.5820	 +0.5075	 +1.5935
-13.9794	+15.2603	 +4.9803	 -0.7232	 +1.9446	 -0.2858
 +3.0992	 -1.6708	 -3.8183	 +2.6318	 +0.0024	 -0.8901
 -5.0990	+13.4551	+12.1056	 +2.0583	 -0.9408	 +1.2518
-61.3356	+20.6132	-63.0254	 -5.7786	 +2.5271	 -4.5870
-11.2669	+11.5867	 +7.3993	 -0.8694	 -0.1687	 -1.0465
-16.5677	+23.2992	-68.3288	 +0.7641	 +1.2279	 -0.9715
 +6.2543	 -2.0990	-10.5256	 -0.1040	 -2.9930	 +3.9265
+72.8812	+157.7837	-21.3138	 +1.6735	 +3.6691	 +0.0239
-18.8825	 +7.7517	 +4.1834	 -2.8059	 +1.1949	 +0.0155
+15.6075	-15.8693	 -8.8293	 -1.3883	 +0.4413	 -0.1639
-13.6757	 +0.6536	-11.4995	 -3.6613	 +0.3416	 +1.4018
+11.0104	 +4.5000	 +4.0098	 -0.9880	 -1.6826	 -0.2786
-15.4836	+12.6440	-10.4164	 -0.0181	 +2.7565	 +1.2669
 -5.5302	-30.5246	-11.4702	 -3.4739	-24.5521	 -1.7142
 -5.8958	 -6.1882	 +6.1953	 +2.3929	 -2.7279	 +1.0461
 +7.6385	-15.5490	 -3.5561	 -2.4067	 -3.1082	 +1.9443
+48.9407	+18.9346	+21.7723	 +0.2622	 -0.1139	 +2.2519
 -8.7004	 -2.2148	 -6.6814	 -4.2139	 -0.6903	 -2.7388
+12.8780	+22.5173	 +2.6772	 +2.0223	 +2.7484	 -0.2459
-11.6327	 +8.5348	-31.0662	 +1.2718	 +0.8316	 +0.6604
-19.1790	 +8.9399	 -6.7556	 -1.9169	 -2.4636	 -0.5712
 -4.3357	 -4.9426	 -2.9868	 +0.7114	 +0.0375	 +2.7392
+12.4013	-24.7715	-24.5549	 +0.3283	 -2.0474	 -1.6051
 +0.4553	 +2.3144	+21.6959	 +0.8221	 -1.1156	 -2.6943
 -1.9661	 +3.8192	 -3.0380	 +0.3437	 +0.2171	 -0.7616
 -8.8965	 -5.0417	 +8.9677	 -0.2765	 -5.0078	 +0.4709
 -7.4431	 -2.6576	 +8.2399	 +0.3342	 -2.0923	 -0.4748
-31.7608	 -2.9379	-10.2417	 +1.3263	 +0.9811	 +1.5103
-54.4559	+39.4415	+17.8005	 -0.3245	 +1.0005	 +0.2897
 +8.2347	 +9.8457	 -1.3388	 -0.0797	 -0.9925	 -1.8448
 -4.4318	 -5.0677	-11.2065	 +4.6463	 -0.4437	 +0.7544
+26.6848	-39.5872	+26.1400	 +0.1086	 -1.9520	 +0.2655
-47.9608	+61.3163	+14.1683	 -1.0928	 +0.8195	 -0.5081
-10.4154	 -1.0791	 +4.4657	 +4.8313	 -2.1636	 -0.0021
 -3.9217	 +4.7554	 +6.1180	 +2.1847	 -3.8133	 +0.3302
-17.4538	-13.2963	+10.7103	 +3.9374	 +1.5871	 -3.3902
-10.8413	 -4.3538	+14.9553	 -2.1061	 +2.3974	 +0.8073
-36.0254	+77.0507	+24.2399	 -0.7416	 +1.8106	 -1.2522
 -3.6214	-14.0009	+14.3411	 +1.3821	 +0.1269	 -3.3969
+30.1104	 +8.4369	+36.2158	 -1.2161	 -0.1407	 -0.6366
 +1.2350	 -5.8174	 -5.4477	 +3.5093	 -2.2627	 +0.7098
 -2.4639	 +8.5887	 -5.6475	 +3.7955	 +2.0461	 -1.3579
 +3.2374	 +5.3032	 +6.3022	 -0.3704	 +2.6869	 +0.7736
 -3.2197	 -7.1659	-13.9811	 -1.1240	 +3.2553	 -1.1934
 +3.6708	 -9.0511	 -3.3458	 -2.5937	 -3.5146	 +1.4156
 +5.4342	 -4.1919	-23.4862	 -0.0602	 +0.6809	 -4.1333
 -5.2781	 -3.5976	 -2.4176	 -0.1371	 -0.3637	 +3.5433
-12.7796	 -1.5413	 +1.1020	 +4.2861	 +0.9523	 -0.9214
 -0.4393	-10.6071	 -0.4738	 -0.6980	 +4.2150	 -0.1623
-28.9551	+152.1555	-473.4447	 -0.7155	 +3.6893	-11.6469
 +0.0234	 -3.1385	 -9.9072	 -0.6140	 -2.3047	 +1.1632
-11.6260	 -5.9533	+34.8986	 -0.6316	 -0.6395	 -1.3255
+45.4872	+17.6449	-54.1589	 +2.2023	 +1.3693	 -2.7231
+79.7920	+10.3093	-23.1799	 +2.4911	 +0.0991	 -0.6667
 -5.1758	-12.4849	 -8.2900	 -1.9416	 -2.1510	 +1.4498
 -2.8444	 +4.5640	 -8.9667	 -0.0049	 +3.1657	 -0.0096
-46.8669	-115.5614	+108.7971	 +0.8459	 +0.4408	 -0.4526
+18.1774	 -6.2838	 +2.6167	 +0.6205	 +1.4246	 +0.1325
 +6.3128	-14.3994	+11.4933	 +0.9102	 +2.2668	 +1.2021
 +3.9697	 -0.8387	 -8.5066	 +3.6091	 -0.0628	 -0.1817
 +2.6685	+37.2378	+40.3399	 -1.8172	 +0.8119	 +1.8956
+19.6138	 -3.7179	 +4.8699	 +0.6835	 -0.5605	 -0.2527
 -2.7337	 +9.9835	+11.6197	 -0.0537	 +1.5935	 +0.5200
+16.1414	+57.8836	 +2.1558	 -0.8795	 +0.7627	 -2.2396
-13.0795	 +3.4285	+11.0539	 -2.3105	 +0.6730	 +0.1362
 -3.0034	 -1.7901	 +3.6738	 -4.6043	 +0.6802	 -1.1710
 -8.5037	 +3.0804	+12.0469	 +1.9043	 +1.2025	 -4.6217
 -2.6427	 -9.2968	+23.4610	 +1.5672	 -2.0460	 -1.2900
+32.4185	+20.3929	-22.6941	 -0.0339	 +0.9363	 +0.2834
 -8.7396	 +4.3685	-12.6548	 +0.9076	 +3.6133	 -1.2447
 -5.5665	+11.9478	 -0.9884	 +2.0729	 -2.8153	 -0.7278
 -5.3565	-18.2010	-15.3967	 -1.3962	 -0.0186	 -0.5659
-15.3626	 +4.3444	+12.6382	 -0.5466	 +0.7588	 -0.3067
 -4.9965	 -1.1833	 -5.8891	 -4.7121	 -4.2741	 -2.7296
-18.0364	 -2.5292	 +5.6642	 -2.2046	 -0.4009	 -1.3714
-24.8537	+12.8533	 -3.6552	 +0.0922	 +1.0012	 -0.8227
 -1.1551	+14.5292	 -6.3044	 -1.3183	 +1.3309	 -2.6873
 -3.8988	+11.9252	-11.1175	 +1.2181	 +0.0811	 -0.5755
+27.1725	-38.8856	+49.6806	 -0.2933	 -0.4081	 +1.4941
 -7.5678	 +4.6496	 +4.3461	 +2.5706	 +1.8630	 +1.9688
+10.4849	+11.5760	 -4.7886	 -2.3876	 -1.2499	 -1.7226
 -7.3208	-13.3371	 -9.5079	 +1.7525	 +1.8508	 -2.9374
 -3.5643	-14.2415	-22.5953	 -0.2588	 -1.3287	 -1.8867
 +9.5324	 +8.0448	+35.5891	 +0.4911	 +2.4870	 +2.8094
 -1.8018	+15.6229	 -5.5973	 -3.4577	 -0.3577	 +2.8511
-77.8824	+19.3094	-22.1612	 -0.7034	 -1.9971	 +1.2346
+105.6218	+82.8740	 +3.0250	 +2.0322	 +1.9504	 -0.0815
 +9.3676	 +1.2228	+10.1367	 -0.7612	 +2.4251	 -2.1867
+31.8351	-35.1805	-51.3363	 +0.7535	 -0.0306	 -0.9097
+10.8357	+16.0071	 +9.0998	 -0.6246	 -1.9085	 -2.0662
+16.9894	 -2.4954	 -0.6615	 +1.1068	 +0.6590	 -2.9668
-21.5708	 -0.7304	 -1.9105	 +0.8262	 +0.2896	 +1.2757
 +5.0303	 +5.3657	-12.6524	 +0.7690	 +2.4608	 -0.9041
 +1.8967	 -7.3942	 +9.1547	 -0.9429	 +0.6338	 -2.2689
 -1.3523	-12.0856	 -2.8542	 +1.1697	 -2.9729	 +3.0203
 +6.5386	 -5.5362	 -3.9485	 -1.4575	 -4.3226	 +3.0851
 +1.2002	-11.6783	 +8.4054	 +3.7375	 -3.3927	 +2.5217
-16.6577	 +0.5477	+11.4706	 -1.1370	 -1.7541	 -2.4271
+30.5008	 -0.4303	-15.5803	 -0.5906	 -2.5904	 +0.5542
+43.1205	 -7.7611	 +6.7324	 +1.7478	 -0.1253	 -0.5867
 -3.6790	 +4.7230	 +1.2881	 +1.3446	 +2.0434	 +0.3665
 +8.2495	-10.2481	 +4.6138	 +2.6082	 +0.5887	 +1.8164
 -5.1242	 +7.8324	 +6.4587	 +1.3575	 +2.2996	 -1.5834
-125.0143	-138.8067	+114.7839	 +0.5548	 +1.1010	 -0.0666
-22.6993	 -6.7425	 +5.7647	 +0.2403	 -1.9709	 +0.9250
+29.0626	 +6.5015	-50.6952	 +1.4126	 +2.0548	 -1.4424
-16.4444	 +7.9488	 +3.5587	 -0.8877	 +1.1591	 +0.0958
 +6.8281	+50.5884	-44.8293	 -0.1477	 -1.4230	 +1.7277
 -0.0992	-14.6184	-17.3222	 -0.9904	 -0.5555	 +3.5360
-12.4719	 +1.4368	 -7.1634	 +0.7358	 +0.4365	 -3.2231
-31.5054	-11.3792	+15.9567	 +0.6389	 +1.4859	 -1.3164
+11.9194	 -8.9041	-15.2132	 -3.8112	 -0.4223	 +1.9170
-21.0816	 +1.8263	 -9.6545	 +0.5950	 +3.3904	 +0.1481
 -7.3577	 +8.9261	 -3.3429	 -5.1541	 -0.6022	 -0.4682
 -0.6682	 -2.9397	 +1.4792	 -1.3131	 +0.5897	 +3.6479
 -7.7487	 +0.9758	 +9.0148	 +0.0029	 +1.0142	 +1.2472
 -8.4541	 +4.6049	+15.7084	 -0.7149	 -0.3273	 +1.3519
-14.6319	-19.0299	 -3.7192	 +0.0860	 -1.7532	 -0.2446
+22.1707	-19.1707	+27.8666	 -1.2009	 +0.6631	 -0.2186
+45.3178	-27.0154	-23.2080	 -0.3051	 +0.6695	 +0.0520
-11.1572	-23.5321	+26.7152	 +0.5904	 +0.2792	 -1.2279
 -8.8975	 +9.8506	-19.5687	 -1.6264	 -2.0671	 -0.4098
-17.4173	-28.2214	-18.4792	 +0.3027	 +2.1478	 -0.9965
 +2.3795	-14.9692	-27.0833	 -0.9126	 +0.1428	 +1.3827
 +6.4859	-21.8902	-28.5504	 -0.6019	 -2.9905	 -2.5656
 +3.6017	 -3.3783	 -0.3290	 -1.6752	 +0.2232	 -2.8572
 -4.0682	-13.2881	 +2.6121	 -0.2885	 +3.2212	 -1.4956
 -0.8611	 -1.0261	 +6.6429	 +0.0679	 +1.7508	 +1.0705
 -2.5553	 -7.7742	-15.4584	 +1.5057	 -4.1904	 +0.6257
+10.7749	-23.4640	+11.5007	 +1.2896	 -0.8103	 +0.3286
+11.5250	 -9.2187	 -2.9371	 +1.1707	 +2.8640	 +0.1681
 -8.4925	 +6.9177	+13.8550	 -0.8896	 -1.0286	 +1.2545
 -2.8063	 -7.4587	+21.2287	 +1.3234	 +0.2226	 -1.6668
-34.1817	 +4.6926	 -6.8399	 -1.2686	 +0.2274	 +0.2158
+12.9720	 -0.6332	 -0.5813	 +2.0547	 +1.7060	 +1.3298
 +0.4077	-29.5733	+12.9808	 +2.0635	 +0.4164	 -0.1201
 -1.0090	-18.3911	 -4.4620	 +0.2020	 -1.5702	 +0.1397
-138.0505	+153.8113	+250.7883	 -5.9977	 +6.5108	+10.9408
-68.5784	-97.9860	 +2.6160	 -2.3610	 -3.1115	 +0.7782
 -4.6574	 -0.6066	 +0.2101	 +1.2453	 -0.4723	 +4.7226
-30.2884	 +2.0831	 -6.1724	 -1.3432	 -1.4493	 +0.9891
-19.2342	 +1.8324	 +3.3202	 +0.4051	 -2.7130	 +4.0915
 -8.6665	 +1.4662	 -4.6038	 -1.8419	 +3.2122	 +2.3954
 -4.6829	 -4.8296	-13.0743	 +1.2587	 +0.0415	 -1.3938
-20.0146	-16.8048	+14.7933	 -1.4201	 -1.1280	 +2.8265
 -3.9579	 -4.4744	 +0.9067	 +3.4961	 -1.9874	 +2.1618
-21.5046	 -2.8218	+16.7147	 +0.6090	 -0.2989	 +1.3166
 -1.1365	 +5.8073	 -0.7730	 +0.7534	 +3.7299	 -3.2337
 +5.2563	-22.0993	+16.8435	 -1.3747	 -0.6398	 +1.0411
-13.3853	 -8.6967	-10.1373	 -1.6957	 -0.2450	 +0.2273
 -5.8609	 +0.2016	 -8.6159	 +0.8429	 +0.7658	 -1.7258
 -9.2829	+11.8206	 +2.8595	 +0.8748	 +0.6714	 -0.8383
-28.9556	-15.9166	 -0.9608	 -2.7730	 +1.3007	 -0.7807
 -9.0611	 +0.9657	 +3.2865	 -0.9715	 +1.7764	 +2.4267
 +2.5046	 +2.3241	 +2.8576	 -3.8752	 +0.3942	 +1.4649
-28.3613	-11.9052	+10.9659	 -0.3530	 -1.7572	 -1.3029
 +0.6450	 +6.1607	 -1.9050	 +0.4095	 -4.0657	 -2.2743
-23.0702	 -3.7038	 -1.5672	 -3.4169	 +1.9648	 -0.0956
 +1.1263	 -7.3570	 +1.0192	 -1.5539	 +2.6252	 -1.6924
-24.2243	 -7.6949	 -3.5192	 -0.3546	 +0.4450	 -1.5284
 +3.8025	 +3.8782	 +8.6889	 -1.6143	 -4.1246	 +0.2638
-11.8449	 -8.5225	 +3.5525	 +0.7744	 -4.5968	 +0.3881
+22.1719	 +9.6054	-23.2590	 -0.3697	 +0.3786	 +0.0419
 +3.7749	+11.1474	-14.3920	 -0.2215	 -0.4867	 -1.1963
+15.6708	+22.1256	-52.0387	 +0.9111	 +0.7540	 -0.4478
 -2.6325	 -0.6409	 -8.2127	 -3.7296	 -1.0621	 +3.6308
+54.3072	+37.5884	+109.4179	 +1.4843	 +1.7123	 +3.0863
 +8.1282	 +8.3224	+15.9162	 +2.0819	 -1.1626	 +1.3535
-11.8425	-13.3169	 +3.8636	 -1.4152	 +0.7531	 -1.4283
 -5.6616	 +8.6353	 +3.4646	 -3.0056	 +2.2707	 -1.8414
+12.3920	 +0.3193	 -3.7303	 -0.1714	 +2.2905	 +2.4948
 -1.3241	 -2.4615	 -0.3350	 -3.8838	 -0.1287	 +2.5414
+18.0851	 -2.2512	 +1.5522	 +4.0789	 -1.2525	 -0.8219
 -3.9795	+26.2206	-14.1544	 -0.8602	 -1.0200	 +0.4435
 +0.0001	 -4.6086	-21.8395	 +1.2266	 -0.6139	 -1.2196
+52.9012	+10.0673	-42.5109	 +5.9701	 +0.8575	 -3.5577
