# Num Particles: 1000
# Num Cores: 2
# Total Energy: -1.933688e+04
# Iterations: 161 of 1000
# Current Time: 2018-05-05 18:23:30.726611
# Elapsed Time: 1:21:04.818583
# Avg. Step Time: 0:00:30.216264
# 
# x	y	z	vx	vy	vz
# 
 -4.3689	 -5.0525	 -1.9535	 +2.5618	 +2.3527	 +0.8175
-17.7094	+21.7663	 +1.8020	 -0.6682	 -0.7314	 -0.5742
 +6.5701	 +8.8282	 -2.3178	 -1.2199	 -1.2611	 +2.5375
-27.0087	 -6.6482	+11.6512	 +2.1029	 -2.5030	 -0.0225
-10.4912	+12.6758	 -3.2357	 -1.4956	 -1.6469	 -0.2907
-11.5475	 -6.0781	 +7.4602	 -0.1978	 +0.5339	 -2.9480
 +0.8615	+10.9188	 +9.6455	 +1.1761	 -1.1094	 -0.3351
-10.0607	-16.0981	 +8.4124	 +1.4181	 +1.2810	 -0.7102
 +8.3577	+21.0490	+12.4304	 +0.3972	 +2.5811	 +2.1584
-20.7179	-10.6826	 +0.6780	 +2.9691	 -2.2801	 -0.7558
 +9.4635	-15.5863	-19.1040	 -1.0690	 -2.5073	 -1.1422
 -8.2968	 +4.6600	 +0.7159	 +1.3656	 +1.3424	 -1.4295
+13.3984	 -3.6372	 -1.2627	 +3.4549	 -0.1882	 -2.7951
-10.0922	+11.9447	-16.4112	 -2.3565	 -1.5145	 +3.3100
 +4.0787	 +2.1516	 -5.9494	 -0.3522	 +1.7549	 -1.4445
-11.0258	+11.9761	 +9.6859	 +2.0942	 +1.5191	 +1.0190
 +3.4969	+10.2951	 -8.0487	 -2.9810	 +1.6478	 -3.4860
+13.0494	-10.7431	 +7.8832	 +1.2557	 -1.4849	 -1.0879
 -3.4816	 +4.5571	 +2.4139	 +2.8702	 -4.3536	 +0.7358
+81.4525	-40.9191	+79.7859	 -1.6656	 -0.7275	 -0.0532
 -7.8148	 -5.7229	 -3.4061	 -0.6444	 -2.8167	 -4.0636
 -0.8153	 +0.1643	-13.3094	 +0.1871	 -2.7873	 +0.0840
 +6.0125	 +7.5860	 -8.5178	 +0.3129	 +1.4955	 +0.5295
 +3.0364	 -5.2850	 -8.1712	 -0.8813	 +0.9414	 +3.1242
-17.0463	-21.1173	+25.0375	 -0.4688	 -0.6955	 +1.3290
-52.2741	+45.1901	-18.4107	 -0.4314	 +1.0509	 -1.0369
 -4.8332	 +6.0470	 -2.3776	 -0.6848	 -2.6961	 -1.3281
 -9.0109	+14.0228	-17.8634	 +2.6656	 -0.5398	 -0.2685
-18.6410	-10.5929	 -8.1292	 -2.2301	 +2.2387	 +1.6028
+12.5018	+25.9573	 +2.5737	 -1.0340	 +0.2871	 -0.1040
+23.0641	 +5.4116	 -2.5279	 -1.9679	 +1.0378	 +1.7008
-55.5296	+35.1939	+25.4755	 +0.7364	 +1.3880	 +1.3983
 +2.9788	+12.2888	+17.9780	 +1.7960	 -0.0403	 -1.8141
 -0.0100	 +9.6096	 -4.5866	 -0.1937	 -4.1260	 +2.2372
 +3.0993	 +5.6679	-27.5883	 -0.1460	 +1.6060	 -3.2785
 +1.1485	 +2.7657	 -0.0302	 -2.8789	 -0.9224	 +0.0710
 +5.5143	 -0.1837	 -8.1773	 -0.2550	 -3.4915	 +1.4173
 -7.2058	 +2.2166	 +1.4087	 +0.6899	 +2.1545	 +4.0570
+10.1537	-25.7287	 +5.5740	 +1.4156	 -0.9668	 +0.3418
 +1.5338	 -7.9717	 +0.7277	 +1.4599	 +2.6604	 +1.1074
+20.7547	-37.2975	 +2.0814	 -0.5873	 -0.1085	 -0.9157
 -2.0442	+25.2658	 -9.8004	 -1.2768	 -0.2629	 -0.4291
 -1.1153	-11.8475	 -8.8957	 -1.5440	 +1.2545	 -2.2822
 -8.9156	 -1.5639	 -2.6003	 +0.0975	 -3.0934	 -0.8069
 -8.8311	-17.9327	 +7.1445	 -3.4108	 -1.4813	 -0.6469
 +6.1688	 -0.3765	 +0.6756	 -1.9186	 -1.1243	 +2.4132
-10.3891	-11.0389	 -6.5692	 -2.1935	 +0.7385	 -2.7119
 -4.6665	 -6.6727	-11.3268	 -4.8064	 +2.7190	 +2.2721
 +0.0791	 -2.3188	 -5.7949	 +0.2766	 -0.7822	 -0.2741
-11.2549	 -0.0667	 -5.2771	 +0.0220	 +1.9203	 -0.3152
-11.5400	-42.6459	 -8.1698	 +1.7717	 +1.8915	 +2.1965
+23.3164	+10.2385	+29.5873	 +1.8306	 -0.0281	 +2.8432
-16.6447	+27.4824	+20.9621	 -2.2151	 +1.0145	 -1.3551
-13.4566	 -8.4266	-15.2048	 -0.9936	 +3.5938	 -0.0001
+10.9675	+29.4002	+69.6854	 +0.2647	 +1.9708	 +0.3996
 +7.4546	 +2.2001	 -0.4525	 +5.8833	 -1.5381	 +0.6172
-32.4359	 -2.9367	 +1.8930	 -2.2553	 -0.6765	 +1.0116
 -9.2938	 +4.3120	 -0.3012	 -0.3616	 -0.7618	 -1.9970
 -3.2451	-12.4800	 -6.8192	 +0.6692	 -3.8683	 +1.1182
 -4.5115	+28.7568	-13.0365	 +2.7921	 +1.4806	 -0.9917
-13.5801	 +4.5674	-20.5413	 +3.3881	 -0.6389	 -0.1589
 +0.5291	+34.8177	 -7.3977	 +0.8248	 -0.2236	 +1.9771
 +4.6240	-12.0454	 -4.8189	 +1.7171	 +0.0961	 -0.3247
 -4.1848	 -3.7352	-14.0267	 -0.7668	 -3.6347	 -0.1396
 -5.2697	 -5.6586	 -3.9553	 -0.4570	 +0.2589	 +3.9079
+18.0936	+17.3775	 +7.8599	 +1.7151	 +1.7671	 -0.2616
-12.2074	 -9.8521	-24.7657	 -0.7124	 -1.2824	 -0.4830
-36.8688	-29.9826	+13.8524	 -0.4325	 -0.2368	 -1.6101
 -2.9818	 +8.0806	 -5.8227	 -0.8977	 -3.8986	 -1.9212
-35.2605	+25.0621	+29.2602	-10.7693	 +8.8911	+15.3943
 -9.6195	-10.7995	 -5.2536	 -2.3314	 -1.3687	 -0.1695
 +8.8631	+16.4257	 -3.7362	 -1.6713	 -1.7254	 -0.6089
 -8.9985	 +4.0063	 -4.5776	 -0.8454	 +1.9484	 -4.0725
+14.9584	+14.6738	-111.5371	 +1.9153	 -0.0766	 -0.8022
-21.2780	+10.7502	 +6.3074	 -4.1442	 +0.6810	 +0.5951
+17.1330	-16.6630	+14.3829	 +2.1260	 +1.6682	 -0.0733
 -3.8003	 +3.2237	 -6.9590	 -1.2321	 -0.2504	 -4.2933
 +8.9498	 +9.4675	 +0.3102	 +0.8725	 -0.9545	 +3.8863
-11.2609	 +4.1952	-22.7013	 -2.4245	 +4.7843	 -4.2919
+11.7603	+15.8378	 -1.0470	 -4.0742	 +0.5402	 +0.5052
 -6.7684	 +1.7304	 +5.4545	 -2.0893	 -1.6776	 +2.0152
 -1.1232	-18.0239	 +6.8131	 +1.6066	 -0.6820	 +0.1500
 -1.6737	 -1.3472	 -7.8611	 +0.8918	 +0.4282	 +3.5968
-17.1935	 +4.9775	+48.6820	 +0.0658	 -1.7177	 +0.8168
+14.3951	+18.2874	+23.3218	 -1.4242	 -0.5584	 -0.2538
 +4.6143	-15.5122	-22.2510	 +1.8666	 +1.1245	 +0.1937
 +2.6982	 -4.3258	 +9.4070	 -3.1859	 -1.3630	 +0.3387
 -2.9334	 -4.6643	 -5.7583	 +1.9104	 -6.4561	 -0.2650
 +8.6094	 +5.9642	-11.6999	 -2.5507	 +4.3987	 +0.8147
+24.8882	+15.8471	 +6.6173	 +3.2089	 -1.3305	 +1.5685
 -9.3673	 -5.3526	 -9.4158	 -2.1331	 +1.4036	 +1.6419
 +0.0628	 +4.7074	 +3.2847	 +2.0584	 -0.8896	 -1.1987
-21.4319	-32.2241	-42.8611	 -0.1694	 +0.1592	 +1.0888
-19.2038	 -8.0072	+11.3977	 +1.5593	 +0.3918	 -1.5691
 +0.3555	 +4.2098	 -1.9898	 +3.5845	 +4.1299	 -1.9012
-11.5329	 +3.1535	 +5.1376	 +2.2155	 -2.8927	 +2.6092
 +0.7982	-13.1352	 +6.8994	 +1.8941	 -4.2012	 -2.6061
+10.6633	 +2.6195	-19.1254	 +2.2835	 +0.1688	 -0.1773
+13.9377	 -0.6488	 +5.0416	 -2.0937	 +2.2567	 +0.2875
 +4.0969	 +7.1171	+25.3184	 -2.2049	 -0.8575	 +2.5416
 -5.4927	 +7.4160	 +0.6063	 +5.1083	 +1.5108	 -1.2478
 -5.1229	 -1.7150	 -2.9288	 -3.5333	 -0.6561	 -3.6372
 -3.6010	 -2.1704	 -5.1486	 +2.4802	 +0.9913	 -2.8944
 -4.4713	 -9.2015	 +5.1631	 -1.2410	 -2.5641	 -2.8020
+100.8844	+24.0635	-55.8421	 +6.5151	 +1.6602	 -3.2279
 -7.4866	 -3.9818	 +0.4863	 -0.5680	 +1.0578	 +5.3313
 +2.5239	+17.4964	-21.3266	 -2.8317	 +2.5070	 -1.7098
 +5.0591	 -0.2701	 -1.3326	 -4.4592	 -3.3279	 +0.2615
+17.3238	+22.8115	 -0.8150	 -2.3270	 -0.7809	 -1.7146
-10.9250	 +1.3361	+10.0245	 +1.0704	 +0.5838	 -1.4689
-21.6367	-12.7759	 -2.6714	 -3.2907	 -0.3254	 -0.9043
+470.2150	+398.3210	-222.4096	 -0.2899	 +0.6644	 +0.3200
-140.2905	+116.6869	+206.2674	 -0.0626	 +1.0987	 +0.3697
+23.7879	 -8.4482	 -7.2869	 -2.1774	 +0.7322	 -1.3923
 +9.1447	 +6.6809	-15.0781	 +2.4927	 +0.7792	 +1.2918
 +2.1405	 -9.9641	+13.8578	 +0.4325	 +2.2032	 +2.2022
 +2.5793	+12.3010	 +4.1341	 +2.2093	 +0.8069	 -0.2188
-41.1594	-10.3351	-19.7803	 +3.0280	 +0.6090	 -0.2953
 -5.8132	 +4.2535	 -3.4895	 +1.0828	 +1.6366	 -0.7723
+46.2151	-29.1600	-33.5991	 -0.5028	 -0.1311	 +1.0641
 +8.2969	 +0.7840	+23.4582	 -1.0417	 +1.2187	 +1.0272
 -3.2054	 +2.4075	 -1.5668	 +3.6332	 -1.9609	 -1.0300
 +2.2767	 -0.9972	 -2.3344	 +0.0003	 +2.7505	 -4.0240
 +9.7201	 -8.1422	 -6.6691	 -0.1059	 -3.1976	 -0.1057
 +5.4163	 +1.6681	 -1.2679	 +2.7360	 +2.0806	 -0.9314
 -1.4784	 -1.2293	+12.2217	 -1.0906	 +1.9263	 +1.3252
 +2.1795	 -3.1554	+14.4335	 -2.6005	 +0.0737	 -0.5920
-11.6475	 -1.2387	 +2.4375	 -3.1640	 +0.4015	 +0.6179
 -1.9357	 -1.7758	 -4.4420	 -1.7703	 +3.5232	 +2.0314
 +4.3810	 +0.3443	 +2.2716	 +3.1207	 -1.8096	 -3.4208
+14.8444	+13.8957	-181.6475	 +0.0479	 -1.1885	 -1.0869
-10.3009	 -9.0810	 +3.4658	 +2.3525	 -0.4406	 +1.2209
 -8.1712	 -3.3152	-13.5581	 -0.4879	 +1.8646	 -2.0041
 +4.6990	 -6.2548	 +1.1180	 -3.4840	 +0.5928	 -0.4811
 -2.0465	 -5.4844	 +0.0783	 +1.7253	 +1.0902	 +0.7567
 +0.9845	 -5.8926	 +4.4699	 +5.3908	 -0.6270	 +4.0667
 -5.4917	+16.3709	+10.3365	 -2.9478	 -1.6812	 +0.1284
 -9.6511	-31.3737	+13.3944	 -2.0465	 +0.8491	 -1.2546
 -3.7472	 -0.0363	 +7.9590	 +0.7732	 -2.2825	 -1.1233
-40.4571	+31.0957	+21.5919	 -2.3072	 +2.2675	 +1.1386
 -3.6872	 -4.6936	 +1.6419	 +3.7114	 +1.2540	 +2.0720
-11.0503	+14.3034	-19.0932	 +2.8483	 +0.7390	 -1.9645
 -0.5158	 +5.9378	 +3.4006	 -0.7113	 +0.2091	 -1.1625
+10.2097	+27.9138	-16.9501	 +2.8039	 +0.0011	 +2.7618
+55.7698	-23.3585	+13.8007	 -0.8837	 -1.6861	 -0.6715
 -3.8331	 +0.7550	 -7.2487	 -1.9647	 -0.1491	 -3.3565
-46.1634	-51.0945	+57.4719	 -0.9521	 +1.5418	 +0.4870
 +9.1686	 -1.7782	 -5.5168	 -0.0474	 +3.8073	 -0.3162
-14.7844	 -6.1262	 -0.4495	 -0.3278	 +0.9792	 +4.5591
 -8.1998	 -9.4622	 -5.2973	 +1.4812	 +0.2010	 -1.3716
 -5.7125	 -6.0683	 -3.9169	 +2.0566	 +0.7691	 +4.7172
 -6.8094	 -8.4944	 +3.8194	 +1.4952	 -2.2418	 +0.6445
 +5.6424	 -3.2083	 -3.6701	 +4.6891	 -1.7406	 -1.3981
 -7.1837	 +6.2645	 -5.8561	 -1.9521	 +1.2017	 -2.8923
 +0.0615	+10.0948	 -2.8070	 +1.7891	 -2.2084	 -1.6027
+12.7552	 -9.8418	 -1.8387	 -1.4242	 +0.6271	 -2.3488
 -3.5440	 -4.5437	 +6.5567	 -4.8368	 +2.3552	 +1.1306
-26.5455	 +8.9479	 +1.3161	 -0.1798	 -0.6183	 -3.6723
-12.6707	 +7.2446	 -7.7641	 -1.8357	 +0.8633	 +0.0297
 -0.7736	 -1.0441	 -1.6055	 +4.1218	 -1.4756	 +0.5491
 +6.9672	 +7.2517	-10.9512	 -1.1610	 +2.6496	 -0.1473
+35.8384	 +5.5525	-27.8779	 +1.1886	 +0.7986	 -1.0172
 +7.6964	 +9.5831	 -4.1217	 -0.8778	 +2.3435	 -0.8982
 +3.0871	 -4.9987	 -2.7867	 +2.4422	 +3.7560	 +0.9757
 -9.3711	 -4.9122	 -9.9720	 -1.9290	 -3.9691	 +0.1028
+11.6633	 -1.7121	 +0.6903	 +0.1098	 -1.3649	 +2.4977
 -6.0388	 -2.9418	 -1.0014	 +1.4729	 +3.6590	 -1.8703
+20.0303	+13.6402	 +6.2240	 +0.2876	 +2.0880	 -1.8909
 -9.1121	 +2.2187	 -0.5539	 -1.7690	 -2.9299	 +2.9236
-11.0602	 +4.6771	 -4.2584	 +2.5077	 -1.0874	 -2.0364
 +0.3630	 +7.1385	+20.0039	 -1.1780	 +1.5135	 +1.7029
 -7.5703	 -3.3587	 +0.2749	 -1.4522	 -0.3046	 -0.4829
 -2.9257	 +4.0296	+17.0630	 -1.2535	 +1.0304	 +3.0696
 -7.2548	 +2.2370	 -7.9623	 -3.6601	 +4.3718	 -3.5764
 -3.1503	+11.2685	 -8.2981	 -0.6781	 +3.3277	 -1.0976
+13.2295	+33.7435	-22.4232	 -3.3036	 -0.3816	 +0.8312
 +9.1051	+11.1833	 -4.5163	 +2.8045	 -2.4971	 +2.9000
 -3.9285	+35.5961	 +2.2814	 -0.9140	 +1.7438	 -0.3609
 +3.6633	 -3.9224	 +2.7873	 +0.5912	 +0.8852	 +0.1337
 +1.3997	+10.2743	 +3.4094	 -0.6160	 -2.4277	 +0.9006
-44.0239	 +7.4297	+22.9319	-10.3867	 +1.6527	 +4.1313
 +4.5012	 +2.4674	 -8.7841	 -0.8801	 +3.7726	 -0.0416
 +2.1295	 -4.0296	 +5.1651	 -0.8700	 -1.1978	 -1.0791
 -7.3032	+11.4564	-16.4582	 -1.6577	 -2.7834	 +2.6290
-14.8293	 +1.9224	-10.9278	 -0.3035	 -2.3341	 +3.4108
 +1.8041	 -6.0959	 -4.1529	 -1.4027	 +0.9655	 -3.3312
 -0.0359	+10.8548	 -4.4704	 +0.3108	 +1.3623	 +1.0463
 -1.9571	 +3.8433	 -0.0384	 -0.1290	 -1.0400	 -0.1017
+13.4889	 +1.6820	 +7.5354	 +1.8221	 -1.0102	 +1.8204
 -2.9884	 +3.1860	 -6.5207	 +0.8547	 +2.1665	 -2.7576
 -6.6091	-17.2066	 +5.0359	 +1.0010	 +3.1137	 -1.5204
 +5.8118	 -0.7099	 -6.1001	 -0.2050	 +2.1741	 +1.9855
-19.8185	 +1.5032	-37.8297	 -0.6133	 -1.9561	 +1.1130
 +0.4132	 -9.5660	 -4.4502	 +1.0264	 +1.0687	 +2.8185
 -4.5880	 +2.1933	 -6.1738	 +2.1948	 +2.9111	 +3.8027
 +0.2423	 +7.3730	 +1.8769	 -2.3118	 +0.3294	 -1.2853
-22.0102	-14.1742	-13.6965	 -1.6704	 -1.9345	 -0.5184
 +9.6910	-93.9186	-20.0062	 -1.4572	 +0.7801	 +1.1278
 -1.8935	 -7.8022	-10.2382	 -2.9288	 +2.2845	 -0.4921
 +3.2353	 -5.0011	+12.4912	 -2.6629	 -1.6259	 -2.2705
 -1.9976	 +8.6781	+17.8521	 +2.6811	 +3.5604	 -0.6930
-29.3649	-12.1052	 +3.2281	 -1.3251	 -2.5601	 +1.6369
+25.8227	 -5.1370	-34.6860	 +1.4604	 +1.4953	 -2.1624
 +4.7629	 +9.2357	 -4.5136	 -1.9877	 +0.2735	 -0.4187
 -0.7331	 +4.2860	 -9.5165	 -3.1107	 -2.4775	 +2.3825
 -1.4091	 -4.5364	 -1.6622	 +2.7058	 -2.1295	 -0.3552
 -4.7877	 +1.3530	 +0.9980	 +0.8855	 +2.6092	 -2.2728
-17.2712	-16.8571	+26.9586	 +1.7896	 -2.3420	 +0.5611
-25.6394	+50.7818	-12.0754	 -1.7346	 -0.7784	 +1.8363
 +0.5472	 +5.0733	 -3.3585	 +1.2009	 -0.1471	 +2.9358
 -7.9538	+12.4877	 +1.0791	 +3.1955	 -0.1824	 -1.2003
 +9.3550	 +2.5940	 +4.5998	 -0.8365	 -3.6945	 +0.0173
 +2.2728	 +2.1957	 -6.2958	 -2.9302	 +1.2562	 -0.2353
-16.3778	 -1.5939	 +4.8668	 +3.6506	 +0.1718	 +0.1523
 -8.5073	 +5.9510	+10.9032	 +0.2335	 +0.9208	 +4.1217
+121.3987	 +7.2404	-31.9012	 -0.0794	 +0.1312	 +0.8044
 -8.1629	-18.6706	-27.4950	 -2.3572	 -1.3132	 +1.4207
 +1.7556	 -2.8601	 -0.4304	 +4.3455	 -3.6426	 -0.6711
 +3.0940	 +2.7855	 -3.3370	 +4.1302	 -1.6971	 +3.8526
 +2.6235	-14.6202	 +1.5962	 +0.1652	 -0.9612	 -0.0328
 -0.0886	 -7.1534	 -7.9042	 -4.4483	 +4.9535	 +1.4808
 -6.9390	 -3.0758	 -6.1103	 +2.9842	 +2.5796	 +0.2673
 +7.6902	 -2.6651	 +8.6877	 -2.2372	 -1.5227	 -0.6421
 +5.5076	 -0.9207	 -5.1211	 -1.2430	 +2.0200	 -3.4769
 -5.4115	 -3.6389	 +5.9316	 +1.5435	 -0.4519	 -3.5555
 +0.2765	 +1.1908	 -2.7942	 -0.0018	 +0.8040	 +0.1955
 -0.1466	 +2.3273	 -9.5253	 +2.3062	 +0.5047	 +2.4178
-16.4123	-55.3267	+28.7027	 -0.5528	 -2.5021	 +2.6858
 +9.3473	 -4.5993	 -3.8802	 -0.2466	 -1.2842	 -1.2956
-11.8035	 +2.2804	 +2.2045	 -2.7048	 -1.4702	 -1.6944
 -8.1813	 +4.5935	 -9.4529	 +0.5331	 -1.2064	 +0.2114
 -1.0886	 +6.0031	 -4.8979	 +1.1695	 -1.1889	 -0.4912
 -1.0171	 -3.1036	 -9.8586	 +3.1033	 +2.6879	 +1.1499
 -4.3338	 -9.5246	 -5.2004	 -3.0693	 -3.6847	 -1.1552
 +4.6110	 +6.6929	 -6.0319	 -1.1967	 -3.8163	 -1.6805
 -2.2121	 -4.3639	 +1.4777	 -4.3376	 +2.5687	 +2.3644
 -2.3742	+14.6072	+13.0121	 +0.3630	 -0.8724	 +1.2132
+12.0223	-16.1009	 -7.6045	 -1.0518	 +2.7345	 -2.3632
 +3.5942	 +4.2869	 -3.7615	 +0.3298	 +1.1243	 +1.5824
 +2.3191	 +1.2696	 +0.3890	 +0.0728	 +3.2155	 -2.8232
-64.2769	-15.4554	 +5.7939	 -0.1339	 -1.3899	 +0.3190
 -1.2075	 +1.2207	 +7.7986	 +1.6177	 -1.6593	 +1.8906
 -3.2381	 -5.9769	 -3.2251	 +1.0811	 -3.3712	 +5.1774
 -8.3600	 +6.3919	 -3.0189	 +1.5979	 -0.1762	 -0.1278
 -5.3554	 -6.7253	 -0.9222	 -0.1204	 -2.1593	 +2.5477
 +2.2306	-10.9765	 -8.9295	 -1.9773	 +1.8963	 +0.4816
-15.1514	 +8.0933	+15.8261	 +2.4133	 +0.7375	 -3.5097
+14.7915	 +2.7923	 -6.0970	 +2.4095	 +0.8452	 +0.1258
 +4.5271	 -3.3410	 +1.8336	 -2.5142	 -4.4778	 +1.6158
 +4.6389	 +0.1015	 +4.4596	 +4.1709	 +6.1035	 +0.2529
+15.7398	 +4.9427	 +1.0029	 +0.3160	 -4.5203	 -1.4432
+15.8381	 +5.3199	+14.1497	 -1.4061	 +2.0413	 -1.1904
 -5.3764	 +5.0856	 +0.7644	 +1.4914	 -3.7819	 +0.0344
 -9.9017	 -1.8017	-10.1392	 +0.3812	 -1.3910	 -0.9392
+1874.4762	-34.2222	+791.2276	 +0.2197	 -0.2337	 +0.0655
-11.0167	 +1.5479	 +2.6949	 -0.1662	 +0.6397	 -1.9491
 -7.0800	-10.2701	 -0.9867	 +1.7411	 -3.5668	 -2.0645
+10.0981	 +1.5665	-16.3849	 +1.0004	 +1.0530	 +0.4997
-22.6875	+16.8152	 -4.9331	 -1.4106	 +1.9066	 -1.6050
 -3.6965	 -9.1519	 -1.9701	 -3.1835	 -0.8399	 +3.0648
-66.5136	-65.6501	-70.8473	 -0.5894	 -1.0342	 +0.0636
-12.9064	 +2.3181	+30.3929	 -0.6305	 -1.9123	 +1.5606
-19.6842	-12.9672	-25.0829	 -0.5010	 -3.4717	 -1.6113
 +2.3876	 +4.8477	 -0.1314	 -5.5181	 +3.1342	 -2.6935
 -9.7780	 -4.5463	 -8.8177	 -0.1644	 -0.4000	 -0.8401
-19.9527	-14.4022	 +4.7225	 -3.5869	 +1.0682	 +0.2819
 +8.1665	-13.1798	 +3.5178	 -0.1305	 +1.3715	 +0.2560
 +0.7611	 -7.9174	 -3.7019	 +2.1739	 -2.2350	 -0.5903
-13.3500	-11.7194	-11.2151	 -0.2425	 +1.7004	 +1.6639
+14.5753	+17.2015	+11.6444	 +2.6451	 +5.0064	 +1.2575
-17.1233	-35.4294	-15.4666	 -0.8953	 -0.8783	 -1.3041
 +6.7688	 +1.9834	 -7.9733	 +0.1308	 +2.1893	 +0.6898
 +5.9856	 -5.2339	-10.5834	 +1.6544	 +0.8680	 +0.6704
-12.3094	 +8.3504	 +6.2643	 +0.4092	 -0.6731	 +3.6184
 +2.7976	 -0.9870	 -3.4438	 +3.3067	 +2.3957	 +1.0910
 -8.8126	-18.2050	+21.8124	 +1.1728	 -2.3761	 +2.1614
+17.5481	 -7.1487	-37.7232	+10.7697	 -4.2514	-11.8188
 -6.9248	 -2.9933	 +1.5590	 -2.6103	 -1.6324	 +1.1626
 +2.0191	-15.0317	-29.4120	 -0.1353	 -2.8911	 +0.5764
 +7.5861	 -4.0765	-12.8169	 +1.5793	 +0.0056	 -1.0925
 -8.4191	 -4.1302	 +6.7908	 +1.2060	 -0.1837	 +0.6524
-10.1264	 +9.5010	 +2.1569	 -0.4758	 +1.4140	 +1.5988
 +1.5552	+11.7344	 -1.9652	 -2.4976	 -0.3530	 -0.3945
 -3.2573	 +0.2901	 +0.0558	 +3.2187	 -3.8200	 +0.6823
 -1.3116	+11.0427	 +7.8444	 +0.3294	 +1.1415	 -0.1192
 -2.8570	 +0.7152	 +8.8818	 +1.7720	 +2.1038	 -1.1232
 +7.6133	 -6.8472	 +9.7382	 +4.0551	 -0.5757	 -2.2229
 -8.2585	 -3.8495	-23.8989	 +3.2119	 +1.1686	 +0.3272
+12.0784	-16.6800	-11.6978	 -0.4185	 +0.5675	 +1.1035
-122.9242	-55.8370	+81.1495	 +0.8724	 -0.8707	 +0.5719
 -1.3551	 +5.6819	 -7.0163	 +1.1215	 +3.3723	 -1.9493
 +6.5375	 +0.3369	 +1.9909	 +0.8679	 -4.8538	 +0.6444
 -5.6309	 +7.1423	 -7.1805	 -3.2010	 -0.9526	 +3.6967
 +4.6511	 -7.6848	 +3.9745	 -4.1601	 +1.4541	 +2.5158
+14.9968	-11.0025	 +1.1232	 +1.8441	 -0.6768	 -1.2359
+27.2826	 -9.7962	 +2.6504	 +8.2192	 -0.4152	 +3.0650
 -3.2688	+14.5411	 +4.6879	 -1.3801	 -0.5498	 -1.9910
-107.2551	-107.5720	+99.2642	 +0.4954	 -0.1621	 -0.2098
+14.2806	+32.1490	 -5.9950	 +1.9093	 -1.8097	 -2.4083
-23.8056	 -3.0280	+27.9371	 +1.0672	 +2.3172	 +0.1145
 +7.8222	 -0.0073	-37.5852	 +2.7389	 -0.8287	 +1.0330
 +0.4408	 +9.4428	 +0.7174	 +5.5889	 +0.7661	 +2.2063
 +1.4248	 -3.0221	-13.4850	 +0.8023	 +0.9686	 -2.4522
 -2.6405	 +2.4594	 +3.7823	 -0.0270	 +0.5068	 -2.0102
 -7.6816	 -5.5149	 +2.4217	 -3.9567	 +3.0701	 -1.0559
 -1.3001	 -1.4044	 +0.0868	 +3.0391	 -4.8763	 +2.8273
+19.1933	 -1.6628	 +4.6501	 -0.2342	 -1.0192	 +1.1612
+10.3448	+11.4303	-11.1195	 -1.4254	 +3.5776	 +0.9207
 +6.5626	-73.6909	 +2.3343	 -1.1025	 +2.0248	 -1.2880
 +2.1359	 -4.0457	-13.6352	 -2.0832	 +0.0805	 -1.3935
 -0.4415	 +0.2299	 +1.1812	 +2.0975	 -0.8733	 +0.9146
 +2.5544	 +2.2415	 -4.9147	 +0.8470	 -0.3718	 -1.7232
 -4.6745	 +4.3884	 +1.6293	 +0.1536	 -1.3289	 -5.2035
 +0.0799	 -2.5115	 -5.7642	 -3.1751	 +4.3508	 -0.4189
 +9.4905	 +0.6091	-31.8256	 +0.6411	 +1.9000	 -2.1040
 -5.7600	 +5.5658	-29.2496	 +0.4191	 +0.4746	 -0.2467
+10.5765	-26.0752	-34.4175	 -0.2868	 -1.8307	 -0.2333
 -5.2073	 -3.2384	 +1.1258	 +0.7618	 -1.2035	 +2.7900
 -7.5713	+16.2290	-20.7585	 +0.5852	 +2.0292	 -3.5021
 -5.2350	 -3.7524	 +8.5057	 -1.2814	 -1.9994	 -0.7478
 -2.0193	 -3.1597	 +0.1017	 -2.1110	 -1.6808	 -1.6561
+26.9529	+27.6017	 +2.3123	 +2.4480	 +0.0919	 -0.5513
 +1.6277	 +5.1966	 +0.9351	 -1.1168	 -4.1566	 +3.8206
 -6.1918	 +1.6427	-13.8581	 -0.7538	 +0.4154	 -1.6204
 -1.4976	 +2.7604	 -2.9992	 -1.9984	 +0.9515	 +0.4316
 -7.6451	 +1.5245	 -1.3869	 +3.1771	 +3.2904	 +2.2337
-147.8171	-62.9093	+205.2773	 +0.5794	 -0.6607	 +0.1565
 -2.3955	 +4.4408	 +2.6477	 -1.9123	 +0.4366	 -2.7920
 +1.3597	 +2.2582	 -5.0766	 +3.6861	 -2.9192	 +2.0009
 -5.4655	 -5.7179	-11.4100	 +4.1827	 +1.8036	 +0.6063
 -2.7528	-19.5441	 -3.4485	 +0.5632	 -0.8048	 -2.6045
 -2.9948	 +0.9042	 +1.4470	 +0.9464	 -0.5357	 -3.6896
+11.1222	+52.9087	-28.7645	 -1.6921	 +0.0764	 -1.4935
 -7.5266	 +6.5433	 +7.7587	 -1.0305	 +2.3044	 +1.9192
-17.4455	 +2.0892	 -0.8083	 +0.8086	 -1.9496	 +3.0008
 -4.4660	-11.0533	+27.0568	 -1.9842	 -0.7585	 +0.5871
 +0.7080	 +1.0129	-10.3301	 +0.7152	 -0.5064	 -2.9735
 -9.4911	 -5.6985	 +0.0424	 -0.9048	 -1.4229	 -1.6500
 -0.2361	 +5.2764	 +3.5164	 -3.9493	 +1.5746	 +0.7173
 +1.4895	 -2.2129	 -1.5952	 -1.6434	 -0.1501	 +0.7993
 -4.5039	 -9.6646	 -5.3755	 +1.0016	 -1.2872	 +0.3059
 -1.9565	 -5.0338	 +2.8863	 -0.3424	 -4.1518	 +3.5795
 +8.4419	 -0.6731	 -1.1019	 +1.0110	 -0.7042	 +4.2524
 -9.2201	 +8.2834	 +0.0037	 -0.1760	 -0.3939	 +0.2750
 -3.3381	 -2.4917	 +3.7976	 +1.9798	 +2.7439	 +0.5948
 +5.5419	 +4.7842	 -7.2700	 +2.2206	 +1.8924	 -1.2245
 -3.2997	 -1.7520	 -2.0361	 +0.5756	 +0.2516	 +2.2067
+16.2704	+17.2432	+34.0366	 +1.8479	 +1.7949	 -0.8295
 -4.8302	 +7.9160	+13.1736	 -0.2193	 +0.7857	 -0.6687
 -1.3879	+14.7323	 -9.7106	 +2.1854	 -1.3448	 -0.2134
 -5.5003	 -6.0374	 -2.1253	 -1.6797	 +0.7986	 +2.4468
+15.7440	-10.2520	-18.0142	 -1.3418	 -0.1323	 +0.9944
 -0.9327	 -5.1953	 -2.9051	 +4.2929	 +0.7124	 +1.7953
 -7.9829	 +7.2427	 -7.1354	 +0.8430	 +1.0944	 -4.6804
 -3.6544	 +9.2371	 -3.8142	 +1.1407	 +2.1982	 -2.1033
 -2.7174	+23.5929	-47.6874	 +0.8897	 -0.8008	 +0.6848
 +2.1473	 +6.0168	-18.5607	 -0.8826	 +0.7797	 +5.0499
 +4.8852	 -2.2914	 -0.8765	 +0.0483	 +3.3734	 +1.3974
 +7.8798	 +6.5716	 +4.9895	 -0.2236	 +4.1361	 +1.1735
 -0.6152	 +2.3875	 +4.6918	 -3.3557	 +1.8770	 -2.1145
+23.4897	+14.0732	 +7.2884	 -0.1376	 -0.9440	 -0.1918
 +2.1884	-48.1393	-12.9155	 +1.4036	 +2.4491	 -0.4729
 +3.8997	 +7.2184	 +4.8281	 -0.8310	 -1.6918	 +2.4515
 +4.1074	+10.1450	 -8.0365	 +3.2021	 +0.7082	 +0.3675
-28.2792	+13.3573	 -4.6628	 -1.2485	 -0.0064	 +2.9786
 +1.2052	-26.9314	+15.8580	 -1.0586	 -0.4647	 -0.8272
 -4.7986	 +0.6477	 +0.0174	 +1.3108	 +0.2241	 -4.6739
 -7.3496	 +2.5666	 -8.5572	 +0.5625	 +2.7205	 -2.7223
 +0.7880	-16.2551	 -2.7810	 -1.7715	 -0.4353	 +0.4714
 -7.1374	-10.6492	-10.2537	 +0.4320	 +1.0930	 -0.2789
 +0.1892	 +5.5113	 -7.2958	 -2.9600	 -1.2322	 +2.4627
 +6.5275	+22.3228	 -9.1482	 +0.7712	 +0.9015	 -2.9195
+11.8292	+14.9407	 -0.5687	 +2.8464	 +1.3495	 +0.2643
 -6.5349	 -3.5066	 -5.5892	 +2.5984	 +4.0787	 +2.7435
-38.9134	+14.3265	-22.5291	 +2.3694	 +0.9869	 -0.3223
 +6.0478	 -0.4363	 -2.0858	 +0.8571	 -0.3647	 -1.6202
 -1.8973	 -6.2490	 -8.5206	 +3.3841	 +1.8952	 +0.3673
 +5.9927	 -7.2769	 -5.1949	 +3.9458	 +0.1177	 -0.2871
 +6.8113	 -4.6504	 -3.8729	 +0.3568	 -0.9962	 +2.5005
 +5.1973	 +7.6258	+10.5510	 -2.8177	 -2.7250	 +1.7077
-11.3309	 +2.4403	+30.4099	 -1.0967	 -0.6313	 +0.6861
 +8.9655	-10.0242	 -3.5065	 -0.8857	 +1.5687	 -4.3174
 -6.8199	 +0.4504	 +9.5807	 -3.7782	 +0.9169	 -2.4502
-10.8665	+15.0137	 -1.4547	 +1.3673	 +0.8138	 -0.8425
 -2.9503	+11.2605	 +3.8462	 +2.1464	 +3.5522	 +5.8542
 +6.7838	-12.5780	 -7.3607	 +1.6492	 +0.2032	 -3.8940
 +2.7298	 +1.2884	 +3.6882	 +3.3712	 +0.8492	 -0.7301
 +4.0382	 +6.6692	+11.4026	 -0.4253	 -1.3528	 +1.7794
 -2.5362	+15.1163	-13.7464	 -0.8167	 +0.9808	 -0.5407
 -5.1395	+13.5213	 -4.3181	 -1.3663	 +1.3373	 -2.7696
 +3.5028	 -1.0203	 +7.9436	 -0.0527	 +0.4446	 +3.3587
 +5.0564	 +0.9250	 +4.2019	 +2.3019	 -0.2618	 -4.8281
 -7.9275	 -7.2692	 -2.2007	 +0.7359	 +3.2201	 +0.3727
+13.4260	 +0.2513	 +6.7837	 -4.5231	 -0.6923	 -1.1489
+12.2588	-11.7009	-16.8064	 -0.5165	 +0.1875	 -2.9086
 -3.1029	 -0.1182	 +0.5292	 +1.9330	 +0.5904	 +1.8562
-12.5959	-33.2028	-26.4428	 -0.9593	 +0.6048	 +0.6589
-10.1355	+10.9904	+13.8541	 +1.1385	 -2.3661	 +0.0486
 +3.4251	 +4.7219	 +0.0510	 +2.1684	 -0.2263	 -3.9313
+33.2005	 -6.6446	 +6.9199	 +3.1699	 -1.1217	 -2.4438
 +7.6721	 +4.8905	 -0.9028	 -0.0337	 +3.9191	 -0.7193
-33.9241	 +2.4872	-28.7727	 -1.6454	 +1.3285	 -1.1226
 -8.5493	+11.2641	 +0.8496	 +2.1336	 +0.9995	 +2.0520
 +2.1595	+12.9574	-15.0321	 -0.5087	 +1.1041	 -0.7077
-10.3431	 +6.1244	 +2.1557	 -2.1319	 -3.1352	 -0.0534
-16.2054	+10.7852	 +5.6959	 -3.5719	 +0.0044	 +0.1359
 -7.6460	-10.4963	 -3.7178	 -3.8566	 +2.0522	 -2.4191
 +3.6986	-12.5895	 +4.0994	 -4.8695	 +0.8220	 +1.0254
 -0.9686	+26.5542	+14.7121	 +1.9505	 +0.2982	 -1.9965
+26.5611	-34.9313	+70.1093	 -0.4617	 -1.5753	 -0.2660
-12.5814	 +0.1392	 +1.5986	 +3.1757	 +0.8869	 +0.2568
 -8.3002	 +0.1978	 +7.2467	 +0.7158	 -3.6201	 -2.0537
 +0.3467	 -1.6893	 -5.0641	 -0.8577	 +2.1075	 -1.1376
+17.8671	 -3.4088	+14.3878	 -0.7615	 +1.0070	 -0.0075
 -9.2430	-11.5991	 -5.6211	 -0.8929	 -2.4610	 +1.3188
+14.1401	 -4.6029	-19.4015	 -3.2302	 -0.1905	 +0.8404
+19.0411	 +6.1015	 -6.5256	 +0.5128	 -2.3268	 -0.6746
-22.0954	+24.5354	-27.5052	 +0.4977	 -0.5021	 +0.2519
-25.2045	 -6.4152	+13.6449	 +0.6401	 +2.3564	 -1.1527
 -6.3922	 -5.8995	 +0.2635	 +1.4078	 +0.0644	 -0.5239
-13.9009	 +5.5504	 -1.4769	 -1.7255	 +3.6904	 -2.2560
 +1.6986	+15.6648	-26.2994	 -0.0632	 +0.6085	 -2.6383
 +1.0359	-13.3970	 -7.0024	 +1.4937	 -0.9602	 +2.2488
 +2.6306	-11.5131	 +2.7362	 -0.6584	 -3.6574	 +0.3626
-12.3736	 -1.0579	 -0.5445	 -0.6108	 +1.2389	 -0.6698
 +9.0700	+11.1400	 +5.9711	 -0.8278	 -0.2100	 -0.1765
 +4.0427	+11.8710	 -0.1845	 +0.5864	 -2.2645	 -2.8367
 -4.9050	-14.0733	 +2.6640	 -0.9622	 +1.4940	 -4.9025
 -0.6878	 -6.8157	 -5.5157	 -3.7642	 -1.0792	 +2.8214
 -3.4241	 -1.4865	-13.1682	 -1.8113	 +3.8831	 -1.6685
 -0.4291	 -2.3106	 -9.3322	 -0.9999	 -0.7313	 -1.4808
 -0.3726	 -1.5560	 -8.1415	 -2.6253	 +0.6510	 +4.9850
 -4.0486	 +0.7071	 -0.1853	 -3.7354	 +0.1135	 +3.9191
 -4.3092	 -3.3609	 -9.9662	 -2.6082	 +1.0856	 -1.6769
-13.9374	 -1.5483	 +5.7500	 -3.5368	 +1.8106	 +3.4660
-33.8356	 -3.5939	-15.7244	 -0.0604	 -1.1619	 +2.1444
 +3.9497	 +5.0212	 +5.7775	 -3.1716	 -0.2304	 -0.2364
 -1.3487	 -5.2099	-11.4465	 +3.7464	 -0.4193	 +0.1111
-49.1206	+72.3048	 +8.0797	 -2.5058	 +3.5750	 +0.5809
 -5.5247	 +2.7086	 +3.0835	 -1.7128	 +2.0095	 -4.5700
 +3.4265	 +9.2946	 -3.3503	 +1.4261	 +2.2175	 +3.0727
-29.0344	-27.8875	+12.1814	 -0.5856	 -0.7050	 +1.0596
-25.1054	 -9.4687	-21.0006	 -0.3292	 -1.1633	 -1.3923
 -3.5626	 -3.8268	-10.5539	 -2.1916	 -1.3871	 -1.1366
 +8.7921	 +7.0515	 +7.2411	 -2.1150	 +0.8767	 -0.3096
 +1.6645	 -2.7991	 +1.1960	 -2.4819	 +0.2955	 -0.6331
 -4.2839	 -4.6472	 -8.0514	 +0.9746	 +5.3281	 +1.2205
 +8.1736	-38.7724	-17.7047	 -0.8938	 +2.5454	 +1.4510
 -3.4556	 +5.5944	-15.2913	 +1.0076	 +3.1696	 +2.2527
 +6.6413	 +0.5860	 -5.9699	 -1.0496	 +0.3478	 -0.5525
 -4.2415	 +5.0127	-12.4482	 +1.5000	 -0.0466	 -0.9676
 +0.8209	-13.8847	-16.0258	 +1.5861	 -3.0507	 -1.1540
 -8.8971	+11.9284	 +1.5375	 +0.2662	 -0.5277	 +0.1993
 -1.1029	 -3.2760	+13.6067	 -0.6150	 +0.6403	 +1.5029
-28.9549	+27.9065	-24.7203	 -3.1340	 +2.5415	 -1.6613
 +1.2438	 -9.0255	 +3.1801	 -1.7287	 +0.3480	 +0.7949
-58.9667	-34.8511	+33.9038	 +1.2148	 +1.7233	 +0.1887
+17.5740	+17.9058	+22.0562	 -0.4425	 +0.6811	 +0.4236
+35.3147	+19.1627	+31.7210	 -2.1565	 -1.8558	 -1.1016
 +9.2252	-10.8951	 -2.0385	 -0.7625	 +3.6616	 -1.3907
 -0.8114	 -1.6544	 -0.4836	 +0.5826	 -5.5708	 +0.8419
-114.7474	+62.1736	-17.0103	 -0.1559	 +0.5832	 +0.3298
 +3.5495	 +5.2661	+12.4135	 +0.9151	 -1.0817	 -3.0255
 +3.7989	 +4.7299	 +4.8708	 +2.0056	 +1.4359	 +0.9924
 +3.4527	 -1.7116	 +1.0914	 +0.0415	 +1.6254	 -4.2184
 +0.3103	 +7.8734	 -4.5100	 +1.0589	 +0.7506	 -0.1982
 -6.1124	 -0.8978	 -0.4334	 +0.1612	 +3.3014	 -3.0608
 -5.7597	-12.3966	 +3.1055	 -4.4904	 -0.5246	 +0.1669
-10.4240	 -5.8106	 -7.5745	 +2.4836	 +2.2337	 -0.3494
 -5.8014	 +3.7663	 -3.3475	 -5.0481	 +0.1159	 +2.8634
 -0.0689	+30.5059	 +6.2429	 +0.5883	 -1.5391	 +1.2416
-13.0875	-14.6686	 +2.7339	 +0.7965	 +1.4129	 -1.6492
+13.3264	 -0.2068	-22.0938	 -0.5772	 -1.2890	 +1.6269
 +6.6314	 +1.7731	 -7.2970	 -0.4897	 +2.9147	 -1.1251
 +5.0543	 -0.5748	 -2.7952	 +1.1593	 -2.3541	 +2.4098
-29.8773	+17.1607	 +9.4102	 +1.8334	 -0.4182	 -0.8527
+13.6601	 +2.2329	-22.3564	 -1.6411	 -2.4227	 -0.4671
-15.0712	-42.1613	+14.1622	 -0.4070	 -0.2863	 -0.4518
 -5.2782	 +1.7885	-14.2417	 -4.1650	 -1.1484	 -0.4518
 -5.4049	 +3.4471	 -5.0192	 +1.8147	 +1.2697	 -1.4792
-14.7785	+10.4304	-27.7291	 -1.1630	 -1.4407	 +1.7762
 +0.3170	 +8.5413	 -6.3495	 +3.2742	 +0.2610	 -1.9090
 +0.4521	-15.2357	+24.2440	 -0.9290	 -0.3810	 +0.5229
 +0.5180	 +8.3036	 -2.9825	 +3.1603	 +2.6980	 +2.2397
 +2.9475	 +3.2412	 +9.2050	 +0.3438	 -2.2099	 +0.3988
 -1.4956	 -0.5833	 -3.2392	 -2.5161	 +1.3083	 +5.0695
 +7.4808	 -5.2648	 -4.8855	 -4.0206	 -0.3800	 +1.8203
-65.6764	+29.2247	+14.9864	 -0.6737	 +0.9666	 +0.5710
 -7.2166	 -2.3526	 -1.1500	 -0.4329	 -1.8835	 +1.4822
-22.9148	+63.4563	 +3.9471	 +0.7994	 +2.4852	 -0.5456
+10.3064	 +9.0475	 -5.0103	 -2.0145	 -2.3095	 +1.6661
 +5.6568	+10.0902	 -1.3385	 -0.9463	 -1.0271	 -1.3572
 +2.5531	 -0.3330	 -0.2612	 +0.7913	 -0.1385	 -2.1450
+15.0828	-39.8092	+38.2039	 +1.8710	 +1.4109	 -0.1531
 +3.7796	-48.0718	 -2.6569	 +1.0211	 -1.3253	 +0.0099
 -1.3934	 +1.0652	 -9.9146	 +3.0018	 -0.5611	 +0.9297
 -2.0922	 -8.9352	 -9.4069	 +4.0462	 +0.1282	 -4.1849
 -2.6998	-11.9777	 -9.2349	 -0.4662	 -5.3699	 -1.3385
 -7.8130	 +4.2842	 -4.9461	 -4.4021	 +1.1579	 -1.7763
 +1.5233	 -2.1108	 -2.1564	 +1.3791	 -2.9280	 -0.8754
 -6.5762	 -2.4595	 -8.1114	 -0.8189	 -0.5245	 +2.7841
 +1.4686	 +1.5134	 -1.2510	 -0.6784	 -2.5405	 +0.9867
-11.1189	+18.8857	 +2.0747	 -0.2676	 +2.7534	 +2.3295
-17.3407	 +1.1538	 +3.5312	 -0.8761	 +2.0646	 -2.2668
 -5.4195	-13.2721	-14.1656	 -2.0545	 +1.7622	 -2.8377
 -6.8988	 -3.8653	 +5.1839	 +0.0921	 -0.8903	 +3.0213
 +2.3273	 +0.9786	 -0.6321	 +0.9233	 +0.6526	 -2.8153
-24.7992	 +5.2211	 -4.4132	 -0.6893	 +2.4169	 -0.4044
 -7.3413	 -3.0614	 -7.4923	 -0.7073	 -0.5719	 -4.0463
 +7.9640	+14.9248	-29.4934	 +0.6716	 +0.6312	 +0.6936
 -6.2021	 +3.1165	 +4.3715	 -3.0027	 -1.0044	 -1.9043
 -2.6351	-15.2569	 -7.4498	 +3.7366	 -0.2591	 +0.8721
 -6.5306	 +2.7336	 -3.1948	 -1.4392	 +4.9664	 +2.7211
 -2.4315	+10.4547	-12.5621	 +1.2703	 +0.7271	 -2.1348
 +0.4604	-19.9063	 -0.4177	 +1.6201	 -0.1427	 -1.6427
 +1.2960	+12.0106	 -3.5667	 +3.1309	 -1.7307	 -0.3927
-10.5919	 +6.3275	 +2.7598	 -0.7204	 +3.2546	 +0.3192
 +5.1007	 +4.3691	-13.2037	 -0.1859	 -0.7019	 -0.4650
 +6.2809	 -6.3096	 -5.2592	 +1.2321	 +2.2055	 +0.8751
-10.0431	 +5.8284	+43.0184	 -1.0754	 +0.9728	 -1.0719
 +2.1136	+13.7904	 +1.0996	 +0.6985	 -2.6484	 +3.1753
 +3.3822	-18.2407	 -2.3864	 -2.7458	 -3.1933	 -0.2372
 +7.8332	 +4.2062	 +2.0659	 -1.5299	 -0.1353	 +0.5153
-32.2527	 +9.7600	 -9.6987	 -1.3526	 +0.2137	 +0.2104
 -0.5792	 -2.7587	 -2.4332	 -0.9750	 +1.1585	 -1.0976
 -2.1312	+20.7383	+17.9689	 -0.2790	 -2.0469	 +1.1493
 +4.9249	 -0.4306	-11.6279	 -1.9778	 -2.8386	 -1.6631
 +1.6599	-10.4213	-34.0783	 +1.8359	 -0.6493	 +2.2937
 -8.3392	 -6.0845	 -0.4464	 +0.2901	 -0.3185	 -6.6432
+15.1087	 -7.8148	 +5.2517	 +0.0339	 -0.1432	 -0.4206
 -4.6293	+10.9740	 +0.6635	 -2.0014	 -0.2876	 -0.6814
+17.6404	-16.8987	-16.2145	 +1.8184	 -1.0799	 +0.7870
 -4.0239	 -4.9890	-10.5328	 +1.7592	 -3.1541	 -1.0544
 +8.0910	 +7.6386	 +4.3640	 -1.9055	 -0.6927	 +0.4752
+11.4780	-10.7927	 -3.9726	 +1.6727	 -1.0144	 +1.9555
 -3.4994	 -6.3168	 +7.0192	 +1.7367	 -0.2023	 -3.4665
 -7.1796	+13.5649	 +4.9032	 -1.3253	 -0.8193	 +2.9498
 -6.3568	 -6.2868	 -5.0129	 -2.4727	 -0.6214	 +1.1279
 -1.2240	 +1.7591	-15.3319	 +1.9891	 -0.9895	 -2.9909
+25.5993	-18.3509	+23.7911	 +0.9779	 -2.1179	 +1.1181
 -3.5833	 -2.0283	-10.1266	 -3.6973	 -1.5299	 +3.3662
 +0.6458	 -5.7488	 -8.5990	 -2.2806	 +0.4436	 -1.0438
 -4.4808	 -1.4550	 -5.7923	 +1.8216	 +3.1892	 -1.4877
 +0.4343	 -2.1514	 +0.1835	 +0.3210	 -1.1999	 -3.5515
 +0.9761	 -3.0542	 -6.3987	 +0.8248	 -1.0132	 +0.5706
 -4.7603	 +3.3127	 -0.1956	 -5.5187	 +0.9739	 -3.8482
+16.3661	-10.3117	+12.8978	 +2.1112	 +0.3085	 +1.6068
 -7.8074	 -0.2470	 +2.7142	 -3.7801	 -2.6183	 -1.3586
 +2.5340	 +7.8250	 -1.9690	 +0.3648	 +0.9206	 -4.3440
+21.8571	 -3.9218	-12.9480	 +0.4962	 -1.7791	 +0.2078
-18.8846	 -7.3800	 +9.1095	 -3.0707	 +0.9992	 -1.9278
+13.5005	+30.7247	 -8.2440	 -1.2372	 +0.1878	 +0.1675
-21.3887	+12.9700	 +6.9475	 -2.5376	 +1.7624	 -1.5439
 -7.6652	 +3.2776	 +4.2918	 +4.4990	 +1.6453	 -2.5061
 -5.7181	 +1.6721	 -7.2359	 -1.1161	 -0.2431	 +4.6848
 -0.3787	 -1.3952	 -4.8567	 +0.8452	 +2.5868	 -0.1569
-17.5067	-16.8741	 -1.6521	 -0.0172	 -2.5663	 +0.2438
-20.6749	+22.4452	 -1.0198	 +1.1207	 +0.9175	 +2.3587
 -6.9907	+17.9453	-19.4440	 +1.2996	 -0.3233	 +1.8284
-19.3656	 -8.1223	 -4.3550	 -0.4125	 -1.7505	 -0.8343
+10.1081	+13.3832	 -1.9485	 -1.5056	 +0.6786	 -0.6565
 +1.1220	 +5.0507	 +3.3437	 +2.5306	 +1.4709	 -1.4192
-10.3966	 -0.9637	 -6.3736	 -2.8126	 +2.6942	 -3.3509
 -5.5119	 +1.4616	 -6.1065	 -2.8666	 -3.1673	 +2.9962
 +5.0310	 -5.6299	 +9.8575	 -1.2717	 -3.5351	 +2.9651
-37.6812	+29.2300	 +8.8382	 +0.8253	 +1.6812	 +0.7517
 +0.1121	 -1.9325	 -5.2078	 +1.1402	 -1.7306	 +6.5404
 -1.2018	 -4.2755	 -3.2292	 -0.6843	 -3.8280	 +2.0296
 +2.2644	-10.3184	 +7.1958	 +1.0046	 -0.1053	 +4.2233
 +0.6268	 +4.8642	 +0.1745	 +4.0795	 +0.6888	 +2.2317
 -6.5684	 +9.1359	-30.7660	 +0.7179	 -0.8690	 +2.9828
 -7.4635	-17.2709	 +3.6811	 +0.8021	 -1.0606	 +0.9570
 -5.6058	 -3.9497	 +1.6408	 -4.2544	 +3.1637	 +3.4904
 -7.4881	 -0.8102	 -0.7381	 -1.8327	 -3.3988	 +4.2523
 +6.8596	 -2.0881	+22.4501	 +0.1763	 -3.7233	 +0.0538
 -1.7027	 -5.2860	 -2.3232	 -3.2557	 -3.5316	 -3.3670
 -4.0892	 -4.4673	 -2.8521	 +0.1896	 -0.5131	 -2.7642
 +9.1745	 -1.5619	 -7.5914	 +0.5047	 +0.0465	 -4.6069
 -0.4026	 +1.4768	 +1.3519	 -3.7413	 -0.9478	 -1.8399
 +2.9264	+20.8672	 -1.7921	 -1.1325	 -0.8562	 +0.2630
+13.5228	-19.1147	-15.1729	 -1.4073	 -2.8207	 +2.0014
-10.6755	 +0.4248	 -0.4385	 -1.3790	 -1.9388	 -0.0159
 -3.8951	 -8.3935	 +6.0751	 +1.6295	 +2.4939	 +0.7034
 -5.2460	 -9.8802	 +0.4948	 -0.6576	 +0.5261	 +1.3425
+11.6375	 +9.5717	-23.2480	 +1.9178	 -0.4906	 -0.3850
 +1.3401	 +2.6657	 -9.8184	 +0.4994	 +1.3113	 +2.0606
 -1.1372	 +5.9063	 -3.4568	 -0.8093	 -0.8828	 -0.2707
+11.2514	 +8.6045	 -2.4591	 -0.8278	 +0.6321	 -0.3439
 -9.9341	 +1.9331	-20.4915	 +0.5332	 -3.0123	 -0.0950
 -6.4469	 -1.1516	 -1.0613	 +1.7937	 -1.6228	 +0.6454
-140.0941	-43.5167	+112.9658	 -9.4351	 -2.8357	 +7.9905
 -5.2350	 +4.9823	 -5.6955	 -0.9855	 +4.0081	 -1.8673
 -3.9861	 +9.5606	 +4.5310	 +0.4146	 -1.8141	 +0.4007
-12.1703	 -8.4115	 +4.9806	 +0.3930	 -2.3509	 +1.5192
 +2.6243	 +0.3583	 +2.1815	 +4.9383	 -0.8750	 -1.9861
+24.7754	-24.6532	 -2.8722	 +0.9421	 -0.3031	 -0.3415
 +9.9452	 -1.8808	+15.9555	 -0.7017	 -1.7276	 -1.5283
 +8.5463	 -4.4706	 -5.9403	 +0.7575	 -3.3231	 -1.2578
 -9.3493	 +2.0104	 +3.2347	 -0.5333	 -0.4792	 +0.3221
 -6.0614	 -0.6350	-19.2833	 -0.1358	 -1.0685	 -2.3487
+22.9824	 -0.5701	-23.7553	 +3.0640	 -0.3268	 +1.0490
-21.7996	 -6.7820	+30.6932	 -0.1289	 -0.9468	 -0.6463
 +2.8289	 -2.4787	 -1.2427	 +2.3790	 +1.4065	 -0.9218
 -1.8232	 -3.2555	 -0.2350	 -0.9217	 -0.7229	 +0.8053
-13.4171	 -3.0692	 -8.9357	 +1.6190	 +1.5028	 -0.1261
 +2.5159	 -8.7259	 +5.4225	 +1.1015	 -4.0943	 +0.7255
-32.4253	+19.4360	 +0.3822	 -0.5751	 +2.1992	 +1.6044
 +1.6829	 +5.0068	 +2.5845	 +0.7722	 -0.2664	 -0.7676
 -7.6084	-47.5736	+57.5177	 -0.3153	 -0.4778	 -0.5215
 +4.2084	 -3.8150	 -0.5321	 +2.7101	 +1.5468	 -2.0550
 -5.2184	 -1.8226	 -2.9192	 -3.6724	 -5.0570	 +5.5545
 +6.2704	 -1.2818	 -6.4094	 -2.4882	 -2.0335	 +1.2503
 -2.0929	 -3.9808	 -1.6869	 -0.8580	 -0.9416	 -3.4766
+34.8385	 -1.0294	-13.2603	 -2.3672	 -0.1396	 +2.5855
+25.7101	-50.3193	+38.4342	 +2.3022	 -0.4800	 +0.2001
+101.5690	+44.6069	-10.0002	 -0.3951	 -1.0142	 -1.6240
 +6.4250	-20.6692	 -2.7428	 -3.6756	 -2.6381	 -1.1265
+38.1427	+53.7486	-30.2299	 +0.6490	 -1.2976	 +0.4778
 -1.7945	 -3.9544	 +1.5082	 -2.5794	 -0.3505	 +4.4428
+13.3549	-11.8969	 -1.6092	 +2.7974	 +2.3718	 -1.7573
-22.5887	 -5.7885	+48.6779	 +0.4212	 -0.2681	 +2.0114
+19.3504	+62.0895	-35.8590	 +0.3116	 +1.6048	 +1.2574
+12.6306	 +5.6788	 -2.7876	 -2.7247	 +0.6750	 -5.0095
-12.6835	-17.7472	-14.5496	 +1.9460	 -1.4262	 -0.9360
-29.6618	+14.1221	 +5.1347	 -2.0082	 +0.7926	 -0.4616
 +4.8686	 +1.8899	 -2.2648	 +1.1410	 -4.8667	 -2.5743
 -1.6770	 -1.4048	+11.0963	 +2.2586	 -0.9311	 -1.4917
 +7.3179	 -6.5909	-13.5730	 +1.4266	 -2.9754	 -2.5986
 -3.3361	 -4.9509	 -3.9119	 -5.8011	 +0.2161	 +0.1819
 -6.2898	-14.2434	 -8.2867	 +0.7688	 -1.2859	 -0.1136
 +7.6527	-11.7861	-21.1457	 +0.6785	 +1.6804	 -0.8877
 -2.2812	-16.5176	 +1.8279	 +0.7019	 -1.4868	 -3.1907
 +5.5433	-14.0799	+14.6838	 +2.7236	 -1.5140	 +1.2622
 +6.5505	-15.1342	 +0.9935	 +0.4019	 -0.0896	 +0.4639
-15.0630	+16.7017	+19.6492	 -0.5584	 +1.1213	 +2.0152
 -5.3879	 +2.6410	 +4.4136	 +1.8609	 +0.0632	 -2.4438
 +0.3533	 -0.5631	 -7.1436	 +2.0732	 -1.8600	 +0.9686
-16.8550	+17.7926	 -4.4511	 +0.0333	 -1.0022	 -0.0078
-15.1437	 -0.1130	+27.6042	 -0.2593	 +0.6374	 -0.4912
 -0.1267	 +5.2663	 -2.9998	 +2.0219	 -3.0720	 -5.0699
 -1.4024	 +4.5527	 -2.8752	 +1.4056	 -2.2902	 -3.0351
 +6.1417	-10.7636	 +8.6367	 +1.3685	 -1.6335	 +0.6868
 -6.8197	+24.3241	 +9.4217	 +1.9405	 -2.1147	 -0.8304
+11.6867	 +0.7919	 +6.0565	 +0.9099	 -2.5008	 +1.3589
 +9.5244	 +7.4496	 +3.7858	 -1.1254	 +3.6518	 +1.8336
+17.3709	 -9.3570	 -0.5709	 -3.2632	 -0.7547	 -1.5067
+21.5787	 +4.1896	-21.8086	 +0.9926	 +1.3087	 -1.9920
 +6.3388	 -5.0166	 +6.6264	 +1.5040	 -1.8166	 -0.6247
 -2.2105	+61.5152	+36.9977	 +0.8442	 -0.8413	 +0.7184
-20.6173	 -2.2633	 +2.9776	 -1.6337	 -1.9471	 +2.7036
-11.3783	+20.0119	 -3.1044	 -0.7010	 +1.6244	 +1.0129
-17.7083	 -9.9610	+27.8523	 +0.3982	 +2.3849	 -1.3217
 -8.4330	+16.8591	 +5.9399	 +3.3314	 -3.0953	 -2.2894
 -4.1806	 -5.1911	 +0.9847	 -2.3878	 -0.4072	 -0.7971
-13.6207	+15.7254	 -3.1187	 -2.6619	 -1.3047	 -1.3981
-13.8705	-10.2124	 -9.6686	 +3.4333	 -0.9352	 -1.4619
+17.7851	-12.7821	 +9.8952	 -0.6957	 +1.9950	 -0.9592
-10.5050	 +0.9090	 +4.9650	 +2.1942	 -0.4069	 +0.4933
-11.9598	 -6.0492	 -9.6963	 -4.1912	 +2.4969	 -1.1258
 -0.5785	-54.5326	+115.8470	 -0.3129	 -1.3007	 +0.1335
+28.5053	 +3.6517	 -0.2473	 +1.2659	 +2.1725	 -0.3433
 -9.0807	 +5.3396	 +6.4744	 -4.3659	 -2.3244	 +1.8707
 -5.1427	 -1.6385	 +1.9614	 -3.0507	 -2.6684	 -1.7531
-30.9959	+11.6327	+27.3435	 -0.4288	 +1.0744	 +1.0316
+16.2607	+13.4370	+16.4671	 +0.5198	 -0.1169	 -1.0266
 -4.8535	 -4.9825	 +8.2298	 +1.2446	 -3.4103	 +0.7840
 -5.5165	 +1.9497	 +8.4926	 -2.2997	 +2.0584	 -6.0000
+13.8478	+19.9733	 +2.5166	 -1.2739	 +0.8108	 +3.0085
 -5.4079	 -0.9120	 +1.7651	 +1.6735	 -2.9502	 -2.6644
 +3.9515	-13.4793	 +5.1093	 +2.0332	 +0.0861	 +0.3290
+12.2131	 -8.7447	 -8.4211	 +2.3486	 -2.7934	 +2.7664
-15.0686	 -0.8581	 -7.8850	 +1.8711	 -3.5002	 -0.7187
-23.8467	 -0.0350	 -5.4545	 -0.1862	 +2.3669	 +2.0114
-31.2684	 +0.8497	-10.1259	 +0.5854	 +0.0521	 +0.4337
 -1.7024	 -0.0424	-17.6845	 +0.3395	 -4.5171	 -1.3372
-10.3037	-18.8849	+26.0398	 -0.6540	 +1.9878	 +1.1977
 -3.4534	 +3.7375	 +6.3169	 +1.6842	 -2.9499	 -0.2816
-12.7383	 -1.9542	 +9.0023	 -7.3905	 +0.1221	 +8.5911
+13.6144	 -7.1421	+13.5610	 -1.1517	 -0.8115	 -0.5010
 -2.4565	 -1.8982	 -3.6082	 -4.8338	 +3.0351	 +3.3826
-14.5989	 -7.2800	 +4.1748	 +1.6446	 +2.6619	 -1.3882
+29.8494	 -4.4968	-26.9349	 -0.0080	 -0.7151	 -2.7051
 -0.4267	 -6.7665	 -0.3375	 +0.8651	 -0.1790	 +4.3609
 +1.3092	 +1.5651	 -1.3407	 +0.4886	 +3.1481	 +0.4537
+25.8582	 -3.0091	 -6.3813	 -0.6472	 -1.6567	 -0.1103
 -6.1130	 -0.8788	 -0.9681	 +3.1963	 +2.3832	 +4.8625
 -9.5777	 -6.1688	 -0.6838	 -0.5662	 -5.9425	 +1.3101
 -5.6867	-11.1342	 -0.7108	 -0.8270	 -2.7232	 +1.0725
-13.5363	-17.0449	 +4.5902	 +1.1952	 -3.1585	 +1.8923
 -0.9223	 -6.0097	 -4.9964	 -2.7521	 +2.2205	 -2.8140
 +1.1364	-12.2321	 +4.3585	 -2.0742	 +0.3552	 -3.6436
 +4.2116	 -5.8213	+26.5623	 -1.3948	 +1.6487	 +0.0536
 -0.6497	 -2.6336	 +0.2771	 +0.4641	 -3.4687	 -2.9122
 -0.4876	-33.0335	-19.0167	 +0.5154	 +1.4688	 -1.0091
 +1.5980	 -3.9792	 +2.4177	 -3.7142	 +4.0717	 +0.7448
-10.6261	-10.5199	 -5.4907	 -1.4446	 -0.1545	 +0.9642
-32.3215	 -4.4415	 +6.2801	 +1.1269	 +0.9082	 -1.5963
+14.4134	 -3.9260	 +4.7754	 +2.5281	 -1.2692	 +2.3169
 +8.2397	+11.1095	 -7.3110	 -0.6533	 +1.7767	 -2.9986
-13.5183	-33.9759	 +3.3692	 -1.7868	 -1.1963	 -0.6477
+70.5845	-25.8923	-44.2280	+13.4784	 -5.2778	 -9.6161
 +1.2430	 +1.0571	 -6.8868	 +2.6931	 -3.1843	 +4.1163
-11.9951	+18.2697	-22.7350	 +0.0586	 +0.0892	 -2.5196
 +4.8414	 -2.5818	 +0.7536	 +2.5379	 +4.3322	 -0.9099
 +0.6489	+37.0756	+20.8597	 -0.5890	 -1.5756	 +1.8486
 +0.5978	 +0.5950	 +6.3805	 -0.0540	 +1.8542	 +2.2869
 +0.1024	-11.7132	 -7.9861	 +1.0310	 +4.1738	 +0.4722
 -3.0053	 -4.1345	 -4.3381	 +1.0024	 -2.2227	 +3.0729
+85.0991	-42.1711	+28.5532	 -0.3891	 -0.7084	 -1.6140
 +9.0574	 -3.5788	+19.0033	 +1.5288	 +2.5195	 +0.1504
 -8.1839	 +3.0892	 -9.9248	 +1.4092	 -2.4105	 -2.0313
 +2.4162	 +7.1533	 +7.6568	 +1.2706	 +0.7505	 -1.5622
 +2.5712	-15.4880	 -0.1031	 +0.6572	 +1.7007	 -2.0605
-11.9836	 -2.6984	 +2.1565	 -0.8261	 +0.6586	 -1.8377
 -1.0638	 +1.7524	 +5.7786	 +1.9477	 +4.0800	 +0.8359
 +7.8121	 +5.7969	 -6.2019	 +0.4718	 -2.3475	 -2.2706
 +9.3544	 -4.2521	 -7.6312	 -3.2104	 +1.6080	 -4.0413
 -0.8232	 +1.0829	-16.4642	 +3.1176	 -2.9745	 +1.6191
 +9.2868	+17.0832	+58.7098	 +0.1325	 -0.2284	 +1.1735
 -9.3930	-11.5958	-18.8549	 -2.2781	 -3.4912	 -4.9913
 +8.0309	 +9.8252	 -4.2516	 -0.4404	 +0.8337	 -0.3812
 -8.9481	 +1.4756	-25.3524	 -1.1559	 -0.8571	 +0.2359
+16.3071	 +9.7608	-13.0285	 +0.5412	 +1.4672	 +2.0343
+24.1271	 -4.4221	-10.3490	 -0.8690	 -0.5254	 -2.2930
 +7.2081	 +1.9107	 +5.0416	 +2.8420	 -0.5213	 +3.1449
-74.7696	+36.3759	-15.5445	 -1.4816	 +0.6419	 -0.8784
 -5.4539	+16.7653	 -4.7388	 -0.9138	 +2.5906	 -1.0356
+20.6129	 -7.3035	 -6.1275	 -1.6691	 -1.5263	 -0.5243
-24.5718	 -6.9796	 -5.1137	 +0.8896	 +0.3357	 +0.8162
-13.1273	 +2.1882	-10.5219	 +0.1479	 +0.7887	 +2.3743
 +4.3754	 +0.2119	 -5.8427	 +0.7149	 -2.3337	 +2.2812
 -4.1215	-12.1237	 -2.4208	 -3.7672	 -1.1673	 -1.6649
 -7.4843	 -2.9166	 -9.1799	 +0.9838	 +2.1622	 +3.5887
-74.4353	-168.6109	+24.3710	 +1.1758	 +0.1747	 -0.1221
 +0.6469	 -0.9428	 -0.9227	 -2.2662	 -1.3198	 -0.3115
 +2.8464	-12.2484	 -9.5523	 -1.9967	 -2.0101	 +1.0639
 -2.8965	 -7.2057	 -2.7788	 +1.7002	 +3.3914	 +1.0005
+12.5682	 -4.9721	 -2.6572	 -2.2258	 +2.4985	 -3.4120
+13.0768	 +4.0105	+17.1004	 +1.1125	 +0.0838	 -2.6843
 +9.1373	 -5.2662	 -9.9639	 +2.3135	 -0.7274	 -0.9023
 -1.2395	 -6.0413	 -9.2956	 -2.8535	 +0.9820	 -2.9699
+15.8154	-13.7666	-20.7487	 +0.8176	 +3.0757	 -2.2023
+10.3535	 +1.8571	 +2.1657	 -0.7728	 +1.8726	 +0.3205
 +0.8953	 -6.1880	 -9.5209	 -2.0065	 -2.0922	 +1.0397
 +5.2730	 -9.2256	 -1.6843	 +2.4494	 -1.8282	 +2.9369
 +2.9430	-12.6243	-10.7091	 +1.3373	 -1.8334	 -0.1527
-15.2543	 -5.6242	 -3.3343	 +0.9229	 -0.7182	 -0.0534
 +5.7035	 +3.6773	 -1.2677	 -3.1881	 +0.1465	 +2.6283
 -6.2218	 +7.5105	+19.3025	 +0.5543	 -3.3238	 -0.7506
 +4.0519	 -2.6180	 -1.0138	 +0.4511	 -4.4555	 +2.2132
 -4.6808	 -6.6679	+20.2000	 -0.6846	 +0.1181	 -0.9553
 -5.1538	-27.7758	 +8.9479	 -0.6488	 -2.8427	 -0.2072
 -6.4571	+11.7828	-21.0865	 -2.6603	 +2.5158	 -3.4556
-28.5873	+13.0952	+14.5560	 -2.0346	 -0.9400	 +2.1175
 +6.5957	 -0.5097	-24.8876	 +1.1347	 +0.9377	 +1.2089
 +2.5517	 +3.7432	+12.9347	 +0.4678	 +0.0313	 +1.6166
+16.2101	 -0.2427	 -8.2954	 +1.4359	 +2.1467	 -0.2243
 +8.1891	 -4.2405	-29.5640	 +2.1184	 -1.6301	 -1.5407
-27.7666	+48.1459	-70.2377	 +1.3792	 +1.5544	 +0.7022
 +7.3115	 +0.9404	 +0.1997	 +1.4735	 +2.9996	 +0.2454
-17.0177	+16.4961	-10.0952	 +0.5919	 -1.1320	 -0.3808
 -2.1740	-18.2684	 +8.7367	 -0.3112	 -0.2466	 -0.1416
+23.9517	 -9.7620	 -0.4766	 +1.8558	 -1.8605	 -0.1077
 -2.4698	 +3.8624	 +0.5015	 -1.1539	 +3.0908	 +3.2543
 +4.0048	 -4.5114	 -1.3473	 +1.2239	 +0.4607	 -1.7433
 +2.2099	+20.8725	+21.0833	 -0.3154	 -0.3101	 +3.3517
-16.8520	 -5.5100	 -8.7155	 -0.6503	 +2.4570	 +0.2583
 -3.1397	 -0.4562	 +3.9124	 +2.7509	 -2.2904	 +0.8261
 +0.1639	 -1.3148	 +4.5478	 -4.0142	 -0.1409	 +1.2643
 -7.0268	 -3.3813	+18.3193	 +0.0825	 +0.5227	 +4.1786
+11.0001	+28.6608	+79.9965	 -1.2695	 -0.9346	 +0.2995
 +6.3208	 +7.8788	+12.6340	 +1.7690	 +3.7752	 -0.6898
 +7.5415	 +7.3762	 -2.7696	 -3.7738	 -0.4762	 -3.6596
 -5.3584	 +0.9490	 -5.4108	 +0.3423	 +1.5443	 -3.5624
-16.2260	 -4.2514	 -9.2708	 +0.9405	 +1.4188	 +1.9435
+51.6721	+28.6542	+41.3450	 -1.4878	 -0.1936	 +0.1339
 +1.5023	 -7.3493	 -6.2547	 +0.0613	 +3.6627	 -0.3828
 -0.5110	+10.0582	 +4.9054	 -0.4873	 -0.3052	 +3.1807
+16.5576	 +2.9467	 +9.0712	 -1.3080	 -1.7579	 +1.8132
 +6.8814	 -1.9673	 +1.3781	 -2.2116	 +1.2199	 +0.7562
 +1.8008	 -7.8826	+17.2247	 +4.1190	 -0.4494	 -2.3622
 +0.1244	-16.8231	 -0.4156	 +0.2408	 -0.1423	 -0.5853
 -5.9199	 -8.3861	+10.4425	 -0.1514	 -0.9998	 +1.9459
 -2.5356	+16.7324	 +0.9824	 -1.0642	 -3.3506	 -0.3049
 -6.3993	 +6.3598	-27.5929	 -2.6829	 +0.9945	 -1.8594
 +2.4146	+12.0070	 +1.8006	 -1.9249	 +0.0933	 +3.9248
-14.8683	 +0.8219	 +1.0762	 -1.7670	 -2.0942	 +1.9058
 -0.1059	 -0.6730	 +1.5334	 +2.0876	 -3.7232	 +2.6119
-21.9165	 +8.8266	-24.1928	 +0.8134	 +1.8743	 +0.1373
 -0.9666	 -5.0613	 +3.1745	 -1.1967	 -2.1156	 +3.2983
-21.5456	+43.2476	 -6.1480	 -1.1423	 +0.7541	 +2.0590
 -4.6036	 -0.9442	-12.2529	 -1.6512	 -1.7179	 +0.3632
+12.3519	 +0.6871	 -5.8860	 +2.2002	 +1.2769	 +1.3694
 +3.1445	-75.1788	+59.7579	 +0.1583	 -4.3299	 +2.9889
 +1.1333	+19.2104	 -9.6652	 -0.4574	 -0.7613	 -2.2854
 -8.6614	+15.9965	 +8.0690	 -1.9898	 -0.4696	 -2.0493
 -2.0775	 -3.0572	 +0.4094	 +2.6647	 -1.1354	 -1.3128
 -0.5150	 -3.4151	 +2.9185	 -3.3017	 -4.1216	 +1.0618
-12.1291	 -4.6765	+13.0922	 +0.4325	 +2.1846	 +3.2022
 -4.0614	-10.5764	 -8.5852	 +0.9726	 -1.2515	 -1.5627
 +6.6825	 +2.8581	 +8.2747	 +0.0070	 +2.5339	 +0.8419
 -3.1822	 +3.3903	 -1.2095	 +0.7556	 -0.8513	 -3.2027
-18.1199	-17.4904	+17.9270	 +2.0411	 -0.4923	 +2.9210
 -6.8851	 +2.0399	 -2.6469	 +0.5614	 +1.9777	 -2.3735
+26.4452	 +7.5027	 +3.3230	 -2.0849	 -0.8741	 -0.5410
 +2.1073	 +3.0918	 -9.7821	 +2.8116	 +2.4359	 +1.3317
 +5.6512	 +7.9626	 +2.4434	 +2.3774	 -1.6277	 +2.9941
 +7.9885	-20.3097	-13.4149	 +0.9681	 -2.1255	 -0.5977
 -5.1510	 -2.2367	 -3.4655	 +3.6183	 -0.2129	 -9.0256
+15.5050	 -9.9414	 -2.4954	 +0.3644	 -0.6295	 +3.9722
 -7.0636	 +1.0226	 -1.1200	 +0.4329	 -2.9003	 +3.5646
 -8.0519	 +0.8821	 -4.8396	 -2.2822	 +1.3322	 -0.1538
 +1.5495	 +2.8949	 -9.3770	 +0.2831	 +0.9975	 -3.4262
-26.6497	 +2.7971	 -3.7117	 -1.3688	 +3.3068	 -0.1377
-77.1675	+41.8179	+32.5367	 +0.7604	 -0.2444	 +0.3643
 +6.1904	 -3.1041	-18.6069	 -2.6765	 -2.5546	 +0.7758
 -1.7280	 +3.5746	 -3.2307	 +3.9658	 -0.1028	 +0.7747
 +2.4562	 +7.0394	 -6.4360	 -2.0665	 +1.2669	 +0.6525
 -2.7527	 -3.8680	 +5.4181	 +1.2450	 +0.9039	 -0.1932
+31.8455	 -3.1221	 +6.7545	 +1.1341	 +0.9255	 +1.4634
 +6.3811	+25.9748	-34.6650	 +0.7834	 -0.1600	 +1.1634
 +9.7100	 +4.3585	+13.2306	 +1.2697	 +3.0828	 -2.7629
 -8.4608	 +0.4754	-10.1766	 -0.1859	 +1.6579	 +0.3855
 -6.7169	 -0.8586	+18.1131	 -0.0871	 +1.5398	 +0.8607
 +2.2928	 -4.0777	 -2.7758	 +0.1718	 +0.5910	 +3.5355
 -3.2422	 -0.8061	 -4.9508	 -2.9494	 +0.2193	 +0.7885
+13.5323	 -6.7813	 +4.4256	 +1.9524	 -2.6023	 -1.8834
-15.9407	 -0.3306	 -0.7680	 -1.6870	 +1.3534	 -1.3223
 +0.3782	 +6.2022	 +8.5807	 -1.3263	 +0.6573	 -0.5574
-18.9318	-11.5980	 -9.5029	 -2.0064	 +0.8185	 -4.6229
 +2.1396	-12.7987	 +8.7000	 -3.2969	 +2.7096	 +0.9438
+27.7861	+59.2633	-20.7090	 +2.0500	 +4.4449	 -0.1381
-13.5676	+10.0295	 +2.2402	 +0.0624	 -0.4387	 -0.4104
-22.4088	 +5.7444	 -1.2109	 -1.5791	 +0.7878	 +0.6559
-11.6869	 +0.4501	 -3.6755	 +0.6705	 +0.4429	 +4.9258
 +6.5305	+11.2147	 +2.0612	 +1.2404	 -2.8408	 -0.1772
 +1.8350	+12.6691	 +7.1527	 +2.9216	 +0.0114	 +3.1299
 -2.8957	 +3.3179	 -3.9519	 -0.7600	 -0.2147	 -4.1592
-13.0864	 -8.4865	 +7.2121	 +2.6334	 -1.4468	 +0.1644
-21.5988	 -2.7912	 +6.2641	 -1.3839	 +3.5243	 -0.1014
 -5.0046	 -0.2825	-27.8259	 +4.1991	 +1.8542	 -0.6448
-15.9190	 +3.3226	-16.1755	 -0.5796	 -0.3415	 +0.5052
-15.4488	-27.9106	-24.4899	 -0.7710	 -1.0162	 +0.1221
+16.7313	+10.7684	+12.5677	 -1.0824	 -1.9749	 +0.7434
-14.6641	 -1.0698	 -5.8670	 -0.1309	 -4.2318	 -0.1104
 +8.4318	 +3.3434	 -9.7368	 -2.2794	 -1.5126	 -1.1525
-33.3473	+28.4880	+33.1648	 +1.0282	 -0.3138	 -0.8689
 +5.4478	 -3.2088	-13.2156	 -4.5221	 +0.1162	 +1.3332
 +1.0882	 -1.6742	 -1.2649	 -2.6497	 -0.1645	 +2.4684
 +2.1938	-11.6096	 -8.9744	 +2.2657	 +1.5940	 -4.0246
 +1.3943	+11.5453	 -3.6386	 -1.2509	 -0.0080	 +2.6196
 +9.3878	 +6.1646	 +6.2774	 -1.1943	 -3.2271	 -2.7519
 -4.7244	 -4.0121	 -1.9222	 -7.1857	 +1.5697	 +1.6380
 +0.3995	 +8.2265	 +6.3583	 +0.4729	 +1.1137	 +0.1066
 +5.9850	-13.2883	-14.1808	 +2.3512	 -0.2229	 +0.8243
-11.9431	 -5.9842	-20.7433	 +1.3733	 +2.2824	 -0.1717
 -4.4554	+12.8436	+14.6050	 -2.7365	 +4.2022	 +1.7015
+10.1505	 -8.5062	 -0.5502	 -1.1368	 +2.0131	 -1.8651
 +2.3273	 -2.5608	 +4.8108	 +3.3966	 -2.6214	 +2.0181
-77.9269	-28.9824	+63.3752	 +1.7348	 +0.2988	 -1.5405
 -9.8527	 +6.8360	 +6.0666	 -1.0023	 +3.6522	 -2.6317
 -9.6717	+12.9111	+42.5328	 -1.4294	 +3.4320	 +0.4205
 -2.3037	 +9.9443	 -3.1418	 -2.4227	 +2.0094	 +4.9868
+31.0460	 +4.4049	+22.4407	 +1.4632	 +0.4085	 +1.8310
 -6.1267	 +4.1541	 +0.5876	 +1.1477	 -2.5977	 -1.9614
 -6.6553	+13.5155	 -5.2234	 +1.9540	 +1.2702	 -1.9381
 -0.9389	 -4.1431	 -3.5314	 +4.8530	 -1.6133	 +2.9436
 +0.4589	 -9.7924	 -4.7957	 -1.2268	 +1.5118	 -3.8443
+14.2919	 -5.9939	 -5.6827	 -1.2833	 -1.8128	 +0.7894
-19.0007	+17.3017	+16.8571	 -0.9181	 +0.2842	 +1.7723
 +3.3371	 -2.2769	 -3.5397	 -0.2677	 +1.8991	 -2.6460
+20.0747	 +3.4157	 -4.1442	 +0.7656	 -0.0207	 +0.0326
 -2.5032	+19.2427	-10.9632	 -0.2646	 +1.0192	 +0.4079
-11.0099	+59.6094	-181.3124	 -0.7222	 +3.7264	-11.7592
 -2.2015	 +0.3554	 +1.7406	 -2.1146	 +1.9849	 -1.5425
 -1.6681	 -2.8092	-19.6908	 +1.6330	 +2.3170	 +2.8137
-38.1344	 +7.7228	+31.3364	 +2.3399	 -1.1462	 -1.7923
-23.5854	 -8.4889	 +5.2763	 +3.9321	 +2.3316	 -1.3696
 -1.5006	 -8.1486	-15.0408	 -1.1751	 -1.3103	 +2.3902
 -1.8340	 -2.6273	 +5.1990	 +0.8369	 -1.5290	 +1.0483
-66.6552	-123.3588	+117.0311	 +0.7364	 +0.1908	 -0.2137
 +2.5360	 +7.2863	 -1.8994	 -1.9640	 +4.9053	 +0.3745
 +6.7984	 +2.8420	+10.2399	 -0.1110	 +3.7855	 +0.4078
 +0.6654	 -4.7768	 -2.2412	 -0.9182	 -1.1189	 +2.8404
 -2.0086	-20.6674	-22.7105	 +3.6373	 +1.9019	 +0.6157
 +8.6820	 -1.2637	 +1.5142	 -3.0534	 +0.9055	 -1.8399
 -1.5336	 +3.3920	+10.3386	 +0.8003	 +0.6926	 -3.5010
+23.3388	+10.1305	+44.1081	 +0.4731	 +2.7868	 -0.5700
 +5.3900	 -0.7989	+14.1435	 -2.3761	 +0.8298	 -0.0090
 +2.8376	 -2.9502	 +0.2489	 -4.0440	 -0.7578	 +2.9470
-11.8081	-13.6067	+35.2030	 -0.7081	 +0.0398	 +1.6179
 +7.6112	 -6.9829	-18.3886	 -1.8320	 +2.9251	 -2.0011
-23.2954	 -2.9023	+18.7899	 +1.2559	 -1.2196	 -1.9228
-16.0724	 +1.4663	-15.9930	 +1.4905	 +2.6009	 -0.8166
 -1.7911	 +3.5974	 -5.0564	 +4.5562	 -2.4813	 -2.4574
 -4.3106	 -3.4176	 -3.5293	 -4.5793	 +3.5506	 +1.6314
 -6.0420	 +2.9983	 +3.7438	 +0.6196	 -1.8050	 -4.8879
+14.0634	+16.1988	+16.4591	 +1.6890	 +1.6267	 +1.1446
 -6.3954	 +0.0243	 +7.3939	 +0.6833	 -3.0670	 -3.4108
+15.6752	 +2.9304	-14.9246	 +2.7712	 -0.6594	 -0.4415
 +7.0793	+11.3589	 +7.3877	 -1.2790	 +1.6657	 -2.1170
-14.1148	 +2.5410	 -5.6226	 -0.4540	 +1.4533	 -1.1605
 +3.7706	 +0.9520	-10.5053	 +5.1047	 -4.1549	 +1.6419
 -4.5226	-10.8513	 -8.1770	 -2.1690	 -0.7205	 +1.2217
 -6.1319	 -4.5861	-20.6869	 -1.6584	 -1.7276	 -0.2582
 -6.3218	 -3.7139	-18.8566	 +1.8439	 +2.1302	 -0.9997
 +2.5016	 -1.3784	 -1.4351	 +1.5551	 +3.0573	 +5.8349
-20.9427	+13.3004	-57.8881	 +0.8235	 -1.7824	 +1.7342
-13.9236	 -3.2741	 +6.7820	 +1.1069	 -4.5808	 -1.3935
-44.4155	+61.7383	-46.0665	 -1.8554	 -1.2839	 +0.6109
+45.0659	+27.0827	 +4.3636	 +3.1631	 +2.7162	 +0.0193
 +3.4472	+19.3300	 -8.5795	 -1.6351	 +0.0401	 -1.9797
 -5.5118	 +0.3151	 +4.9573	 +1.1724	 -4.7428	 -3.1938
 -0.8066	 -9.1228	-21.2394	 -1.4648	 -0.2014	 +1.9812
 +3.4744	 +5.3790	-18.9893	 -2.8956	 +0.6265	 -2.2665
 -3.1870	 +2.7800	 +2.9532	 +3.6955	 +1.2787	 +4.5504
 +3.5701	 -4.5941	 -7.9500	 +2.9263	 +0.5542	 -2.8141
 +2.6059	 -3.2955	 +8.5669	 -0.6068	 +0.2299	 -0.3175
 -2.0368	-12.2998	 +0.8681	 +1.1455	 +3.6175	 +2.4880
 +2.9510	-15.3162	 +3.6961	 -2.6376	 +1.0700	 +0.0910
 +7.0246	 +0.3834	 -7.8464	 +1.4978	 +3.6805	 -4.0621
-21.0386	-16.4161	-12.0530	 +1.5995	 -0.2151	 -1.3496
 -8.9138	+24.0505	 -0.1528	 +2.4574	 +2.5357	 -1.3798
-10.0615	 +3.1951	-16.7375	 -2.7359	 +0.1022	 -0.8068
 -3.8796	 -3.5384	 -8.2837	 -1.1389	 +0.4466	 +2.9741
 +6.2743	-18.1273	 +0.7159	 +1.9865	 +0.5706	 +0.6408
-11.8817	 -8.1109	 +0.5481	 -0.5339	 +1.2526	 +3.0092
-137.3313	-164.5397	+115.0737	 +0.4346	 +0.9600	 +0.0385
 -9.0303	 -1.5372	 +1.3875	 +3.5082	 -4.1827	 +0.3284
-17.8021	 +4.3989	+30.5553	 +0.5124	 -3.2788	 -2.2048
 -6.1103	 +7.3717	 +7.2299	 +0.9420	 -1.1684	 -4.0401
 +8.0110	+71.7057	-74.6703	 +0.0260	 -0.4003	 +0.7595
 -5.0752	 -1.3949	+11.7998	 +1.1763	 +4.1920	 -1.5389
 -6.8480	 +1.5893	 +5.5471	 -3.5330	 +1.6835	 -0.9062
 +3.6838	 -9.3135	 +4.5272	 -2.6400	 -4.1460	 +3.7265
+34.1024	+11.4242	-17.4302	 +1.4295	 -0.5074	 -1.0861
 +2.8385	+17.4518	 -1.8229	 +3.6303	 -1.3526	 +1.1106
 +4.0224	 +6.0391	 -3.9990	 -2.6433	 +2.8302	 +0.3331
 -2.1108	 +2.2389	-13.4682	 +0.3406	 -1.9190	 +1.5673
 -9.0585	 -1.5029	 -0.5916	 -1.6909	 -0.1172	 +3.4177
 -6.5176	+10.5411	 +8.7294	 +0.1282	 -0.7142	 +0.0213
 +7.6837	 -3.8531	 -4.1670	 +5.2486	 +1.6128	 +0.4035
 +0.9434	 -2.6825	 -5.0683	 +5.1151	 -4.1142	 +2.0880
+22.2134	-22.3146	-11.3068	 +2.6178	 -1.5970	 -1.1541
 +3.1008	 +5.9213	-17.5923	 -0.3882	 -0.4954	 +3.7953
-13.7377	-12.6198	 -3.4736	 -0.3889	 -2.5963	 +2.5539
 +2.3972	 -9.1216	+13.4929	 -1.0401	 -4.7466	 +0.7053
-13.9271	 +0.3488	+21.5082	 +0.6405	 +0.7820	 -0.7609
-28.3578	 +5.7459	+27.8321	 +0.7241	 +1.1046	 +0.5560
 -5.9736	 -5.0563	+11.4359	 +1.3275	 -0.2342	 +0.8280
-12.3604	 +8.4174	-11.9027	 +0.0991	 +2.6154	 -0.7387
 -5.4557	 +7.7106	 -9.3580	 +0.1224	 -1.9024	 +0.0890
 -4.5044	 -9.4776	-11.6467	 +1.6424	 -1.2458	 +2.8751
 -5.2152	+20.0344	-16.9471	 -0.7360	 +1.4427	 -1.4449
 +4.6256	 -3.7977	 -1.9957	 +4.0717	 +3.5897	 +0.8517
 -4.0226	 +9.9473	 +4.7051	 +0.0086	 +0.1615	 +0.4892
+18.8817	 -1.6541	-16.4871	 -1.4501	 +0.6524	 -0.3295
+10.8152	 -6.8882	 +0.8175	 +3.8730	 -1.1700	 +1.0283
+11.8455	-12.4609	 -8.8787	 +1.2331	 +0.9353	 +0.4653
+16.7326	 +9.3487	 -4.7913	 -1.5147	 +2.0122	 -1.3386
 +0.8802	-12.4706	 -6.3441	 +0.1627	 +2.7006	 +1.8586
 +1.4647	 -4.6729	-12.3664	 +0.3632	 +2.3057	 +2.2615
 +3.3885	 +3.1743	 -8.3027	 -2.5273	 -5.2502	 -3.2146
 -7.6520	 -1.2570	 -2.1211	 -3.2488	 -2.2033	 +3.6262
+10.9765	-23.7125	+11.6510	 +1.9011	 +0.1384	 +0.0358
+34.6691	 +3.6601	-23.3888	 -1.0229	 +1.2733	 -1.6887
 -6.9996	 -0.1600	 -8.6328	 -3.9127	 +2.1723	 -0.6294
 +0.9413	 +1.8360	 +1.9412	 -2.3516	 -1.8053	 -2.9055
 -7.0062	 -7.4441	+16.3808	 -0.7946	 -0.5721	 +2.6316
 +5.1750	 +1.2761	 -5.9304	 -4.0811	 -0.7788	 -1.0178
+23.5884	 -5.3809	 +5.3568	 +1.8413	 +0.4031	 -1.0168
 -2.9813	+16.3316	 +4.7406	 +0.8996	 +0.9161	 -1.4321
-25.5527	+11.5527	 -1.5762	 -0.6979	 +1.2784	 -1.5036
 +0.7912	 -6.1932	 -9.1540	 -0.1630	 -0.8487	 -2.2273
 -0.0320	 +0.3510	 -1.6247	 -1.3873	 +0.9621	 +3.3950
-12.3774	 -2.3660	 +6.7347	 +1.3665	 +1.7925	 -1.2706
+13.1145	+38.0085	 -6.5630	 +1.7124	 -1.5850	 +0.5859
 +1.9282	 +2.7639	 -7.3012	 +2.0429	 -0.6970	 -1.5863
 +4.2423	 +3.1414	 +6.9148	 -3.2060	 +1.0309	 +3.6306
 +8.8458	-10.1715	-20.6257	 +2.0772	 +2.5920	 +0.1509
 -4.3089	 +7.4609	 -2.0559	 +3.0596	 -2.7347	 -0.5738
 +3.0124	+14.9891	 -4.1825	 +3.5409	 +2.3099	 -1.0074
 +1.4763	 -7.5102	 +7.7972	 -0.3170	 -0.0908	 -0.6982
 +4.8753	 -0.7729	-16.7152	 +3.1522	 +1.1467	 -1.9278
 -0.0429	-11.7685	+13.9655	 -0.7456	 -2.2699	 -1.1125
+24.0575	 -7.1103	-11.7597	 +1.8186	 +2.2128	 -0.9267
-19.4490	 -1.4538	+20.2228	 -0.5065	 -0.2730	 +0.0531
 -1.6372	 -3.9158	 +2.8243	 +2.0543	 +0.4197	 +0.2066
 -1.2373	 -3.7123	+22.8544	 -1.4528	 -0.5895	 -3.5107
-14.6034	 -5.8542	 +2.6010	 -2.2971	 -1.1732	 +1.3087
 +8.5929	 -7.8988	+15.5214	 +2.9186	 +1.5893	 +5.7726
 +1.5690	-28.2364	-14.4543	 -1.4427	 -0.5440	 -1.5587
 +5.2532	 -5.3356	 +0.2293	 -3.5507	 +1.6381	 +0.8938
 -0.1907	+11.8148	+10.4241	 -1.4987	 +1.8709	 -1.1444
+11.3448	 -0.3115	 -2.3484	 +0.6906	 +2.5994	 +3.1720
 +1.7401	 +3.0449	 -5.8217	 -0.4628	 -3.1275	 +2.6499
-58.9385	-12.4371	-22.2735	 +0.8471	 +0.5406	 +0.4990
 -1.3917	 +2.9698	 -1.5990	 -1.8784	 -3.5135	 +2.0526
 -8.0491	 +2.1194	-15.6329	 +3.4435	 -0.9122	 +1.0332
 +7.4074	 -6.2435	 -2.7523	 +1.0703	 -2.2769	 +2.4334
